"dormId","ratePlan","date","priceValue","priceCurrency","crawledAt","urlPart"
"581513","221281","2025-10-05","36.00","NZD","1759640432","23477/2025-10-05/1759640432.json"
"581514","221282","2025-10-05","36.00","NZD","1759640432","23477/2025-10-05/1759640432.json"
"512557","146154","2025-10-05","45.00","NZD","1759640432","23477/2025-10-05/1759640432.json"
"365170","146153","2025-10-05","48.00","NZD","1759640432","23477/2025-10-05/1759640432.json"
"510807","146155","2025-10-05","52.00","NZD","1759640432","23477/2025-10-05/1759640432.json"
"581513","221281","2025-10-06","36.00","NZD","1759640432","23477/2025-10-06/1759640432.json"
"581514","221282","2025-10-06","36.00","NZD","1759640432","23477/2025-10-06/1759640432.json"
"512557","146154","2025-10-06","45.00","NZD","1759640432","23477/2025-10-06/1759640432.json"
"365170","146153","2025-10-06","48.00","NZD","1759640432","23477/2025-10-06/1759640432.json"
"510807","146155","2025-10-06","52.00","NZD","1759640432","23477/2025-10-06/1759640432.json"
"581513","221281","2025-10-07","36.00","NZD","1759640432","23477/2025-10-07/1759640432.json"
"581514","221282","2025-10-07","36.00","NZD","1759640432","23477/2025-10-07/1759640432.json"
"512557","146154","2025-10-07","45.00","NZD","1759640432","23477/2025-10-07/1759640432.json"
"365170","146153","2025-10-07","48.00","NZD","1759640432","23477/2025-10-07/1759640432.json"
"510807","146155","2025-10-07","52.00","NZD","1759640432","23477/2025-10-07/1759640432.json"
"581513","221281","2025-10-08","36.00","NZD","1759640432","23477/2025-10-08/1759640432.json"
"581514","221282","2025-10-08","36.00","NZD","1759640432","23477/2025-10-08/1759640432.json"
"512557","146154","2025-10-08","45.00","NZD","1759640432","23477/2025-10-08/1759640432.json"
"365170","146153","2025-10-08","48.00","NZD","1759640432","23477/2025-10-08/1759640432.json"
"510807","146155","2025-10-08","52.00","NZD","1759640432","23477/2025-10-08/1759640432.json"
"581513","221281","2025-10-09","36.00","NZD","1759640432","23477/2025-10-09/1759640432.json"
"581514","221282","2025-10-09","36.00","NZD","1759640432","23477/2025-10-09/1759640432.json"
"512557","146154","2025-10-09","45.00","NZD","1759640432","23477/2025-10-09/1759640432.json"
"365170","146153","2025-10-09","48.00","NZD","1759640432","23477/2025-10-09/1759640432.json"
"510807","146155","2025-10-09","52.00","NZD","1759640432","23477/2025-10-09/1759640432.json"
"581513","221281","2025-10-10","36.00","NZD","1759640432","23477/2025-10-10/1759640432.json"
"581514","221282","2025-10-10","36.00","NZD","1759640432","23477/2025-10-10/1759640432.json"
"512557","146154","2025-10-10","45.00","NZD","1759640432","23477/2025-10-10/1759640432.json"
"365170","146153","2025-10-10","48.00","NZD","1759640432","23477/2025-10-10/1759640432.json"
"510807","146155","2025-10-10","52.00","NZD","1759640432","23477/2025-10-10/1759640432.json"
"581513","221281","2025-10-11","36.00","NZD","1759640432","23477/2025-10-11/1759640432.json"
"581514","221282","2025-10-11","36.00","NZD","1759640432","23477/2025-10-11/1759640432.json"
"512557","146154","2025-10-11","45.00","NZD","1759640432","23477/2025-10-11/1759640432.json"
"365170","146153","2025-10-11","48.00","NZD","1759640432","23477/2025-10-11/1759640432.json"
"510807","146155","2025-10-11","52.00","NZD","1759640432","23477/2025-10-11/1759640432.json"
"581513","221281","2025-10-12","36.00","NZD","1759640432","23477/2025-10-12/1759640432.json"
"581514","221282","2025-10-12","36.00","NZD","1759640432","23477/2025-10-12/1759640432.json"
"512557","146154","2025-10-12","45.00","NZD","1759640432","23477/2025-10-12/1759640432.json"
"365170","146153","2025-10-12","48.00","NZD","1759640432","23477/2025-10-12/1759640432.json"
"510807","146155","2025-10-12","52.00","NZD","1759640432","23477/2025-10-12/1759640432.json"
"581513","221281","2025-10-13","36.00","NZD","1759640432","23477/2025-10-13/1759640432.json"
"581514","221282","2025-10-13","36.00","NZD","1759640432","23477/2025-10-13/1759640432.json"
"512557","146154","2025-10-13","45.00","NZD","1759640432","23477/2025-10-13/1759640432.json"
"365170","146153","2025-10-13","48.00","NZD","1759640432","23477/2025-10-13/1759640432.json"
"510807","146155","2025-10-13","52.00","NZD","1759640432","23477/2025-10-13/1759640432.json"
"581513","221281","2025-10-14","36.00","NZD","1759640432","23477/2025-10-14/1759640432.json"
"581514","221282","2025-10-14","36.00","NZD","1759640432","23477/2025-10-14/1759640432.json"
"512557","146154","2025-10-14","45.00","NZD","1759640432","23477/2025-10-14/1759640432.json"
"365170","146153","2025-10-14","48.00","NZD","1759640432","23477/2025-10-14/1759640432.json"
"510807","146155","2025-10-14","52.00","NZD","1759640432","23477/2025-10-14/1759640432.json"
"581513","221281","2025-10-15","36.00","NZD","1759640432","23477/2025-10-15/1759640432.json"
"581514","221282","2025-10-15","36.00","NZD","1759640432","23477/2025-10-15/1759640432.json"
"512557","146154","2025-10-15","45.00","NZD","1759640432","23477/2025-10-15/1759640432.json"
"365170","146153","2025-10-15","48.00","NZD","1759640432","23477/2025-10-15/1759640432.json"
"510807","146155","2025-10-15","52.00","NZD","1759640432","23477/2025-10-15/1759640432.json"
"581513","221281","2025-10-16","36.00","NZD","1759640432","23477/2025-10-16/1759640432.json"
"581514","221282","2025-10-16","36.00","NZD","1759640432","23477/2025-10-16/1759640432.json"
"512557","146154","2025-10-16","45.00","NZD","1759640432","23477/2025-10-16/1759640432.json"
"365170","146153","2025-10-16","48.00","NZD","1759640432","23477/2025-10-16/1759640432.json"
"510807","146155","2025-10-16","52.00","NZD","1759640432","23477/2025-10-16/1759640432.json"
"581513","221281","2025-10-17","36.00","NZD","1759640432","23477/2025-10-17/1759640432.json"
"581514","221282","2025-10-17","36.00","NZD","1759640432","23477/2025-10-17/1759640432.json"
"512557","146154","2025-10-17","45.00","NZD","1759640432","23477/2025-10-17/1759640432.json"
"365170","146153","2025-10-17","48.00","NZD","1759640432","23477/2025-10-17/1759640432.json"
"510807","146155","2025-10-17","52.00","NZD","1759640432","23477/2025-10-17/1759640432.json"
"581513","221281","2025-10-18","36.00","NZD","1759640432","23477/2025-10-18/1759640432.json"
"581514","221282","2025-10-18","36.00","NZD","1759640432","23477/2025-10-18/1759640432.json"
"512557","146154","2025-10-18","45.00","NZD","1759640432","23477/2025-10-18/1759640432.json"
"365170","146153","2025-10-18","48.00","NZD","1759640432","23477/2025-10-18/1759640432.json"
"510807","146155","2025-10-18","52.00","NZD","1759640432","23477/2025-10-18/1759640432.json"
"581513","221281","2025-10-19","36.00","NZD","1759640432","23477/2025-10-19/1759640432.json"
"581514","221282","2025-10-19","36.00","NZD","1759640432","23477/2025-10-19/1759640432.json"
"512557","146154","2025-10-19","45.00","NZD","1759640432","23477/2025-10-19/1759640432.json"
"365170","146153","2025-10-19","48.00","NZD","1759640432","23477/2025-10-19/1759640432.json"
"510807","146155","2025-10-19","52.00","NZD","1759640432","23477/2025-10-19/1759640432.json"
"581513","221281","2025-10-20","36.00","NZD","1759640432","23477/2025-10-20/1759640432.json"
"581514","221282","2025-10-20","36.00","NZD","1759640432","23477/2025-10-20/1759640432.json"
"512557","146154","2025-10-20","45.00","NZD","1759640432","23477/2025-10-20/1759640432.json"
"365170","146153","2025-10-20","48.00","NZD","1759640432","23477/2025-10-20/1759640432.json"
"510807","146155","2025-10-20","52.00","NZD","1759640432","23477/2025-10-20/1759640432.json"
"581513","221281","2025-10-21","36.00","NZD","1759640432","23477/2025-10-21/1759640432.json"
"581514","221282","2025-10-21","36.00","NZD","1759640432","23477/2025-10-21/1759640432.json"
"512557","146154","2025-10-21","45.00","NZD","1759640432","23477/2025-10-21/1759640432.json"
"365170","146153","2025-10-21","48.00","NZD","1759640432","23477/2025-10-21/1759640432.json"
"510807","146155","2025-10-21","52.00","NZD","1759640432","23477/2025-10-21/1759640432.json"
"581513","221281","2025-10-22","36.00","NZD","1759640432","23477/2025-10-22/1759640432.json"
"581514","221282","2025-10-22","36.00","NZD","1759640432","23477/2025-10-22/1759640432.json"
"512557","146154","2025-10-22","45.00","NZD","1759640432","23477/2025-10-22/1759640432.json"
"365170","146153","2025-10-22","48.00","NZD","1759640432","23477/2025-10-22/1759640432.json"
"510807","146155","2025-10-22","52.00","NZD","1759640432","23477/2025-10-22/1759640432.json"
"581513","221281","2025-10-23","36.00","NZD","1759640432","23477/2025-10-23/1759640432.json"
"581514","221282","2025-10-23","36.00","NZD","1759640432","23477/2025-10-23/1759640432.json"
"512557","146154","2025-10-23","45.00","NZD","1759640432","23477/2025-10-23/1759640432.json"
"365170","146153","2025-10-23","48.00","NZD","1759640432","23477/2025-10-23/1759640432.json"
"510807","146155","2025-10-23","52.00","NZD","1759640432","23477/2025-10-23/1759640432.json"
"581513","221281","2025-10-24","36.00","NZD","1759640432","23477/2025-10-24/1759640432.json"
"581514","221282","2025-10-24","36.00","NZD","1759640432","23477/2025-10-24/1759640432.json"
"512557","146154","2025-10-24","45.00","NZD","1759640432","23477/2025-10-24/1759640432.json"
"365170","146153","2025-10-24","48.00","NZD","1759640432","23477/2025-10-24/1759640432.json"
"510807","146155","2025-10-24","52.00","NZD","1759640432","23477/2025-10-24/1759640432.json"
"581513","221281","2025-10-25","36.00","NZD","1759640432","23477/2025-10-25/1759640432.json"
"581514","221282","2025-10-25","36.00","NZD","1759640432","23477/2025-10-25/1759640432.json"
"512557","146154","2025-10-25","45.00","NZD","1759640432","23477/2025-10-25/1759640432.json"
"365170","146153","2025-10-25","48.00","NZD","1759640432","23477/2025-10-25/1759640432.json"
"510807","146155","2025-10-25","52.00","NZD","1759640432","23477/2025-10-25/1759640432.json"
"581513","221281","2025-10-26","36.00","NZD","1759640432","23477/2025-10-26/1759640432.json"
"581514","221282","2025-10-26","36.00","NZD","1759640432","23477/2025-10-26/1759640432.json"
"512557","146154","2025-10-26","45.00","NZD","1759640432","23477/2025-10-26/1759640432.json"
"365170","146153","2025-10-26","48.00","NZD","1759640432","23477/2025-10-26/1759640432.json"
"510807","146155","2025-10-26","52.00","NZD","1759640432","23477/2025-10-26/1759640432.json"
"581513","221281","2025-10-27","36.00","NZD","1759640432","23477/2025-10-27/1759640432.json"
"581514","221282","2025-10-27","36.00","NZD","1759640432","23477/2025-10-27/1759640432.json"
"512557","146154","2025-10-27","45.00","NZD","1759640432","23477/2025-10-27/1759640432.json"
"365170","146153","2025-10-27","48.00","NZD","1759640432","23477/2025-10-27/1759640432.json"
"510807","146155","2025-10-27","52.00","NZD","1759640432","23477/2025-10-27/1759640432.json"
"581513","221281","2025-10-28","36.00","NZD","1759640432","23477/2025-10-28/1759640432.json"
"581514","221282","2025-10-28","36.00","NZD","1759640432","23477/2025-10-28/1759640432.json"
"512557","146154","2025-10-28","45.00","NZD","1759640432","23477/2025-10-28/1759640432.json"
"365170","146153","2025-10-28","48.00","NZD","1759640432","23477/2025-10-28/1759640432.json"
"510807","146155","2025-10-28","52.00","NZD","1759640432","23477/2025-10-28/1759640432.json"
"581513","221281","2025-10-29","36.00","NZD","1759640432","23477/2025-10-29/1759640432.json"
"581514","221282","2025-10-29","36.00","NZD","1759640432","23477/2025-10-29/1759640432.json"
"512557","146154","2025-10-29","45.00","NZD","1759640432","23477/2025-10-29/1759640432.json"
"365170","146153","2025-10-29","48.00","NZD","1759640432","23477/2025-10-29/1759640432.json"
"510807","146155","2025-10-29","52.00","NZD","1759640432","23477/2025-10-29/1759640432.json"
"581513","221281","2025-10-30","36.00","NZD","1759640432","23477/2025-10-30/1759640432.json"
"581514","221282","2025-10-30","36.00","NZD","1759640432","23477/2025-10-30/1759640432.json"
"512557","146154","2025-10-30","45.00","NZD","1759640432","23477/2025-10-30/1759640432.json"
"365170","146153","2025-10-30","48.00","NZD","1759640432","23477/2025-10-30/1759640432.json"
"510807","146155","2025-10-30","52.00","NZD","1759640432","23477/2025-10-30/1759640432.json"
"581513","221281","2025-10-31","36.00","NZD","1759640432","23477/2025-10-31/1759640432.json"
"581514","221282","2025-10-31","36.00","NZD","1759640432","23477/2025-10-31/1759640432.json"
"512557","146154","2025-10-31","45.00","NZD","1759640432","23477/2025-10-31/1759640432.json"
"365170","146153","2025-10-31","48.00","NZD","1759640432","23477/2025-10-31/1759640432.json"
"510807","146155","2025-10-31","52.00","NZD","1759640432","23477/2025-10-31/1759640432.json"
"581513","221281","2025-11-01","36.00","NZD","1759640432","23477/2025-11-01/1759640432.json"
"581514","221282","2025-11-01","36.00","NZD","1759640432","23477/2025-11-01/1759640432.json"
"512557","146154","2025-11-01","45.00","NZD","1759640432","23477/2025-11-01/1759640432.json"
"365170","146153","2025-11-01","48.00","NZD","1759640432","23477/2025-11-01/1759640432.json"
"510807","146155","2025-11-01","52.00","NZD","1759640432","23477/2025-11-01/1759640432.json"
"581513","221281","2025-11-02","36.00","NZD","1759640432","23477/2025-11-02/1759640432.json"
"581514","221282","2025-11-02","36.00","NZD","1759640432","23477/2025-11-02/1759640432.json"
"512557","146154","2025-11-02","45.00","NZD","1759640432","23477/2025-11-02/1759640432.json"
"365170","146153","2025-11-02","48.00","NZD","1759640432","23477/2025-11-02/1759640432.json"
"510807","146155","2025-11-02","52.00","NZD","1759640432","23477/2025-11-02/1759640432.json"
"581513","221281","2025-11-03","36.00","NZD","1759640432","23477/2025-11-03/1759640432.json"
"581514","221282","2025-11-03","36.00","NZD","1759640432","23477/2025-11-03/1759640432.json"
"512557","146154","2025-11-03","45.00","NZD","1759640432","23477/2025-11-03/1759640432.json"
"365170","146153","2025-11-03","48.00","NZD","1759640432","23477/2025-11-03/1759640432.json"
"510807","146155","2025-11-03","52.00","NZD","1759640432","23477/2025-11-03/1759640432.json"
"581513","221281","2025-11-04","36.00","NZD","1759640432","23477/2025-11-04/1759640432.json"
"581514","221282","2025-11-04","36.00","NZD","1759640432","23477/2025-11-04/1759640432.json"
"512557","146154","2025-11-04","45.00","NZD","1759640432","23477/2025-11-04/1759640432.json"
"365170","146153","2025-11-04","48.00","NZD","1759640432","23477/2025-11-04/1759640432.json"
"510807","146155","2025-11-04","52.00","NZD","1759640432","23477/2025-11-04/1759640432.json"
"581513","221281","2025-10-05","36.00","NZD","1759654940","23477/2025-10-05/1759654940.json"
"581514","221282","2025-10-05","36.00","NZD","1759654940","23477/2025-10-05/1759654940.json"
"512557","146154","2025-10-05","45.00","NZD","1759654940","23477/2025-10-05/1759654940.json"
"365170","146153","2025-10-05","48.00","NZD","1759654940","23477/2025-10-05/1759654940.json"
"510807","146155","2025-10-05","52.00","NZD","1759654940","23477/2025-10-05/1759654940.json"
"581513","221281","2025-10-06","36.00","NZD","1759654940","23477/2025-10-06/1759654940.json"
"581514","221282","2025-10-06","36.00","NZD","1759654940","23477/2025-10-06/1759654940.json"
"512557","146154","2025-10-06","45.00","NZD","1759654940","23477/2025-10-06/1759654940.json"
"365170","146153","2025-10-06","48.00","NZD","1759654940","23477/2025-10-06/1759654940.json"
"510807","146155","2025-10-06","52.00","NZD","1759654940","23477/2025-10-06/1759654940.json"
"581513","221281","2025-10-07","36.00","NZD","1759654940","23477/2025-10-07/1759654940.json"
"581514","221282","2025-10-07","36.00","NZD","1759654940","23477/2025-10-07/1759654940.json"
"512557","146154","2025-10-07","45.00","NZD","1759654940","23477/2025-10-07/1759654940.json"
"365170","146153","2025-10-07","48.00","NZD","1759654940","23477/2025-10-07/1759654940.json"
"510807","146155","2025-10-07","52.00","NZD","1759654940","23477/2025-10-07/1759654940.json"
"581513","221281","2025-10-08","36.00","NZD","1759654940","23477/2025-10-08/1759654940.json"
"581514","221282","2025-10-08","36.00","NZD","1759654940","23477/2025-10-08/1759654940.json"
"512557","146154","2025-10-08","45.00","NZD","1759654940","23477/2025-10-08/1759654940.json"
"365170","146153","2025-10-08","48.00","NZD","1759654940","23477/2025-10-08/1759654940.json"
"510807","146155","2025-10-08","52.00","NZD","1759654940","23477/2025-10-08/1759654940.json"
"581513","221281","2025-10-09","36.00","NZD","1759654940","23477/2025-10-09/1759654940.json"
"581514","221282","2025-10-09","36.00","NZD","1759654940","23477/2025-10-09/1759654940.json"
"512557","146154","2025-10-09","45.00","NZD","1759654940","23477/2025-10-09/1759654940.json"
"365170","146153","2025-10-09","48.00","NZD","1759654940","23477/2025-10-09/1759654940.json"
"510807","146155","2025-10-09","52.00","NZD","1759654940","23477/2025-10-09/1759654940.json"
"581513","221281","2025-10-10","36.00","NZD","1759654940","23477/2025-10-10/1759654940.json"
"581514","221282","2025-10-10","36.00","NZD","1759654940","23477/2025-10-10/1759654940.json"
"512557","146154","2025-10-10","45.00","NZD","1759654940","23477/2025-10-10/1759654940.json"
"365170","146153","2025-10-10","48.00","NZD","1759654940","23477/2025-10-10/1759654940.json"
"510807","146155","2025-10-10","52.00","NZD","1759654940","23477/2025-10-10/1759654940.json"
"581513","221281","2025-10-11","36.00","NZD","1759654940","23477/2025-10-11/1759654940.json"
"581514","221282","2025-10-11","36.00","NZD","1759654940","23477/2025-10-11/1759654940.json"
"512557","146154","2025-10-11","45.00","NZD","1759654940","23477/2025-10-11/1759654940.json"
"365170","146153","2025-10-11","48.00","NZD","1759654940","23477/2025-10-11/1759654940.json"
"510807","146155","2025-10-11","52.00","NZD","1759654940","23477/2025-10-11/1759654940.json"
"581513","221281","2025-10-12","36.00","NZD","1759654940","23477/2025-10-12/1759654940.json"
"581514","221282","2025-10-12","36.00","NZD","1759654940","23477/2025-10-12/1759654940.json"
"512557","146154","2025-10-12","45.00","NZD","1759654940","23477/2025-10-12/1759654940.json"
"365170","146153","2025-10-12","48.00","NZD","1759654940","23477/2025-10-12/1759654940.json"
"510807","146155","2025-10-12","52.00","NZD","1759654940","23477/2025-10-12/1759654940.json"
"581513","221281","2025-10-13","36.00","NZD","1759654940","23477/2025-10-13/1759654940.json"
"581514","221282","2025-10-13","36.00","NZD","1759654940","23477/2025-10-13/1759654940.json"
"512557","146154","2025-10-13","45.00","NZD","1759654940","23477/2025-10-13/1759654940.json"
"365170","146153","2025-10-13","48.00","NZD","1759654940","23477/2025-10-13/1759654940.json"
"510807","146155","2025-10-13","52.00","NZD","1759654940","23477/2025-10-13/1759654940.json"
"581513","221281","2025-10-14","36.00","NZD","1759654940","23477/2025-10-14/1759654940.json"
"581514","221282","2025-10-14","36.00","NZD","1759654940","23477/2025-10-14/1759654940.json"
"512557","146154","2025-10-14","45.00","NZD","1759654940","23477/2025-10-14/1759654940.json"
"365170","146153","2025-10-14","48.00","NZD","1759654940","23477/2025-10-14/1759654940.json"
"510807","146155","2025-10-14","52.00","NZD","1759654940","23477/2025-10-14/1759654940.json"
"581513","221281","2025-10-15","36.00","NZD","1759654940","23477/2025-10-15/1759654940.json"
"581514","221282","2025-10-15","36.00","NZD","1759654940","23477/2025-10-15/1759654940.json"
"512557","146154","2025-10-15","45.00","NZD","1759654940","23477/2025-10-15/1759654940.json"
"365170","146153","2025-10-15","48.00","NZD","1759654940","23477/2025-10-15/1759654940.json"
"510807","146155","2025-10-15","52.00","NZD","1759654940","23477/2025-10-15/1759654940.json"
"581513","221281","2025-10-16","36.00","NZD","1759654940","23477/2025-10-16/1759654940.json"
"581514","221282","2025-10-16","36.00","NZD","1759654940","23477/2025-10-16/1759654940.json"
"512557","146154","2025-10-16","45.00","NZD","1759654940","23477/2025-10-16/1759654940.json"
"365170","146153","2025-10-16","48.00","NZD","1759654940","23477/2025-10-16/1759654940.json"
"510807","146155","2025-10-16","52.00","NZD","1759654940","23477/2025-10-16/1759654940.json"
"581513","221281","2025-10-17","36.00","NZD","1759654940","23477/2025-10-17/1759654940.json"
"581514","221282","2025-10-17","36.00","NZD","1759654940","23477/2025-10-17/1759654940.json"
"512557","146154","2025-10-17","45.00","NZD","1759654940","23477/2025-10-17/1759654940.json"
"365170","146153","2025-10-17","48.00","NZD","1759654940","23477/2025-10-17/1759654940.json"
"510807","146155","2025-10-17","52.00","NZD","1759654940","23477/2025-10-17/1759654940.json"
"581513","221281","2025-10-18","36.00","NZD","1759654940","23477/2025-10-18/1759654940.json"
"581514","221282","2025-10-18","36.00","NZD","1759654940","23477/2025-10-18/1759654940.json"
"512557","146154","2025-10-18","45.00","NZD","1759654940","23477/2025-10-18/1759654940.json"
"365170","146153","2025-10-18","48.00","NZD","1759654940","23477/2025-10-18/1759654940.json"
"510807","146155","2025-10-18","52.00","NZD","1759654940","23477/2025-10-18/1759654940.json"
"581513","221281","2025-10-19","36.00","NZD","1759654940","23477/2025-10-19/1759654940.json"
"581514","221282","2025-10-19","36.00","NZD","1759654940","23477/2025-10-19/1759654940.json"
"512557","146154","2025-10-19","45.00","NZD","1759654940","23477/2025-10-19/1759654940.json"
"365170","146153","2025-10-19","48.00","NZD","1759654940","23477/2025-10-19/1759654940.json"
"510807","146155","2025-10-19","52.00","NZD","1759654940","23477/2025-10-19/1759654940.json"
"581513","221281","2025-10-20","36.00","NZD","1759654940","23477/2025-10-20/1759654940.json"
"581514","221282","2025-10-20","36.00","NZD","1759654940","23477/2025-10-20/1759654940.json"
"512557","146154","2025-10-20","45.00","NZD","1759654940","23477/2025-10-20/1759654940.json"
"365170","146153","2025-10-20","48.00","NZD","1759654940","23477/2025-10-20/1759654940.json"
"510807","146155","2025-10-20","52.00","NZD","1759654940","23477/2025-10-20/1759654940.json"
"581513","221281","2025-10-21","36.00","NZD","1759654940","23477/2025-10-21/1759654940.json"
"581514","221282","2025-10-21","36.00","NZD","1759654940","23477/2025-10-21/1759654940.json"
"512557","146154","2025-10-21","45.00","NZD","1759654940","23477/2025-10-21/1759654940.json"
"365170","146153","2025-10-21","48.00","NZD","1759654940","23477/2025-10-21/1759654940.json"
"510807","146155","2025-10-21","52.00","NZD","1759654940","23477/2025-10-21/1759654940.json"
"581513","221281","2025-10-22","36.00","NZD","1759654940","23477/2025-10-22/1759654940.json"
"581514","221282","2025-10-22","36.00","NZD","1759654940","23477/2025-10-22/1759654940.json"
"512557","146154","2025-10-22","45.00","NZD","1759654940","23477/2025-10-22/1759654940.json"
"365170","146153","2025-10-22","48.00","NZD","1759654940","23477/2025-10-22/1759654940.json"
"510807","146155","2025-10-22","52.00","NZD","1759654940","23477/2025-10-22/1759654940.json"
"581513","221281","2025-10-23","36.00","NZD","1759654940","23477/2025-10-23/1759654940.json"
"581514","221282","2025-10-23","36.00","NZD","1759654940","23477/2025-10-23/1759654940.json"
"512557","146154","2025-10-23","45.00","NZD","1759654940","23477/2025-10-23/1759654940.json"
"365170","146153","2025-10-23","48.00","NZD","1759654940","23477/2025-10-23/1759654940.json"
"510807","146155","2025-10-23","52.00","NZD","1759654940","23477/2025-10-23/1759654940.json"
"581513","221281","2025-10-24","36.00","NZD","1759654940","23477/2025-10-24/1759654940.json"
"581514","221282","2025-10-24","36.00","NZD","1759654940","23477/2025-10-24/1759654940.json"
"512557","146154","2025-10-24","45.00","NZD","1759654940","23477/2025-10-24/1759654940.json"
"365170","146153","2025-10-24","48.00","NZD","1759654940","23477/2025-10-24/1759654940.json"
"510807","146155","2025-10-24","52.00","NZD","1759654940","23477/2025-10-24/1759654940.json"
"581513","221281","2025-10-25","36.00","NZD","1759654940","23477/2025-10-25/1759654940.json"
"581514","221282","2025-10-25","36.00","NZD","1759654940","23477/2025-10-25/1759654940.json"
"512557","146154","2025-10-25","45.00","NZD","1759654940","23477/2025-10-25/1759654940.json"
"365170","146153","2025-10-25","48.00","NZD","1759654940","23477/2025-10-25/1759654940.json"
"510807","146155","2025-10-25","52.00","NZD","1759654940","23477/2025-10-25/1759654940.json"
"581513","221281","2025-10-26","36.00","NZD","1759654940","23477/2025-10-26/1759654940.json"
"581514","221282","2025-10-26","36.00","NZD","1759654940","23477/2025-10-26/1759654940.json"
"512557","146154","2025-10-26","45.00","NZD","1759654940","23477/2025-10-26/1759654940.json"
"365170","146153","2025-10-26","48.00","NZD","1759654940","23477/2025-10-26/1759654940.json"
"510807","146155","2025-10-26","52.00","NZD","1759654940","23477/2025-10-26/1759654940.json"
"581513","221281","2025-10-27","36.00","NZD","1759654940","23477/2025-10-27/1759654940.json"
"581514","221282","2025-10-27","36.00","NZD","1759654940","23477/2025-10-27/1759654940.json"
"512557","146154","2025-10-27","45.00","NZD","1759654940","23477/2025-10-27/1759654940.json"
"365170","146153","2025-10-27","48.00","NZD","1759654940","23477/2025-10-27/1759654940.json"
"510807","146155","2025-10-27","52.00","NZD","1759654940","23477/2025-10-27/1759654940.json"
"581513","221281","2025-10-28","36.00","NZD","1759654940","23477/2025-10-28/1759654940.json"
"581514","221282","2025-10-28","36.00","NZD","1759654940","23477/2025-10-28/1759654940.json"
"512557","146154","2025-10-28","45.00","NZD","1759654940","23477/2025-10-28/1759654940.json"
"365170","146153","2025-10-28","48.00","NZD","1759654940","23477/2025-10-28/1759654940.json"
"510807","146155","2025-10-28","52.00","NZD","1759654940","23477/2025-10-28/1759654940.json"
"581513","221281","2025-10-29","36.00","NZD","1759654940","23477/2025-10-29/1759654940.json"
"581514","221282","2025-10-29","36.00","NZD","1759654940","23477/2025-10-29/1759654940.json"
"512557","146154","2025-10-29","45.00","NZD","1759654940","23477/2025-10-29/1759654940.json"
"365170","146153","2025-10-29","48.00","NZD","1759654940","23477/2025-10-29/1759654940.json"
"510807","146155","2025-10-29","52.00","NZD","1759654940","23477/2025-10-29/1759654940.json"
"581513","221281","2025-10-30","36.00","NZD","1759654940","23477/2025-10-30/1759654940.json"
"581514","221282","2025-10-30","36.00","NZD","1759654940","23477/2025-10-30/1759654940.json"
"512557","146154","2025-10-30","45.00","NZD","1759654940","23477/2025-10-30/1759654940.json"
"365170","146153","2025-10-30","48.00","NZD","1759654940","23477/2025-10-30/1759654940.json"
"510807","146155","2025-10-30","52.00","NZD","1759654940","23477/2025-10-30/1759654940.json"
"581513","221281","2025-10-31","36.00","NZD","1759654940","23477/2025-10-31/1759654940.json"
"581514","221282","2025-10-31","36.00","NZD","1759654940","23477/2025-10-31/1759654940.json"
"512557","146154","2025-10-31","45.00","NZD","1759654940","23477/2025-10-31/1759654940.json"
"365170","146153","2025-10-31","48.00","NZD","1759654940","23477/2025-10-31/1759654940.json"
"510807","146155","2025-10-31","52.00","NZD","1759654940","23477/2025-10-31/1759654940.json"
"581513","221281","2025-11-01","36.00","NZD","1759654940","23477/2025-11-01/1759654940.json"
"581514","221282","2025-11-01","36.00","NZD","1759654940","23477/2025-11-01/1759654940.json"
"512557","146154","2025-11-01","45.00","NZD","1759654940","23477/2025-11-01/1759654940.json"
"365170","146153","2025-11-01","48.00","NZD","1759654940","23477/2025-11-01/1759654940.json"
"510807","146155","2025-11-01","52.00","NZD","1759654940","23477/2025-11-01/1759654940.json"
"581513","221281","2025-11-02","36.00","NZD","1759654940","23477/2025-11-02/1759654940.json"
"581514","221282","2025-11-02","36.00","NZD","1759654940","23477/2025-11-02/1759654940.json"
"512557","146154","2025-11-02","45.00","NZD","1759654940","23477/2025-11-02/1759654940.json"
"365170","146153","2025-11-02","48.00","NZD","1759654940","23477/2025-11-02/1759654940.json"
"510807","146155","2025-11-02","52.00","NZD","1759654940","23477/2025-11-02/1759654940.json"
"581513","221281","2025-11-03","36.00","NZD","1759654940","23477/2025-11-03/1759654940.json"
"581514","221282","2025-11-03","36.00","NZD","1759654940","23477/2025-11-03/1759654940.json"
"512557","146154","2025-11-03","45.00","NZD","1759654940","23477/2025-11-03/1759654940.json"
"365170","146153","2025-11-03","48.00","NZD","1759654940","23477/2025-11-03/1759654940.json"
"510807","146155","2025-11-03","52.00","NZD","1759654940","23477/2025-11-03/1759654940.json"
"581513","221281","2025-11-04","36.00","NZD","1759654940","23477/2025-11-04/1759654940.json"
"581514","221282","2025-11-04","36.00","NZD","1759654940","23477/2025-11-04/1759654940.json"
"512557","146154","2025-11-04","45.00","NZD","1759654940","23477/2025-11-04/1759654940.json"
"365170","146153","2025-11-04","48.00","NZD","1759654940","23477/2025-11-04/1759654940.json"
"510807","146155","2025-11-04","52.00","NZD","1759654940","23477/2025-11-04/1759654940.json"
"581513","221281","2025-10-06","36.00","NZD","1759671094","23477/2025-10-06/1759671094.json"
"581514","221282","2025-10-06","36.00","NZD","1759671094","23477/2025-10-06/1759671094.json"
"512557","146154","2025-10-06","45.00","NZD","1759671094","23477/2025-10-06/1759671094.json"
"365170","146153","2025-10-06","48.00","NZD","1759671094","23477/2025-10-06/1759671094.json"
"510807","146155","2025-10-06","52.00","NZD","1759671094","23477/2025-10-06/1759671094.json"
"581513","221281","2025-10-07","36.00","NZD","1759671094","23477/2025-10-07/1759671094.json"
"581514","221282","2025-10-07","36.00","NZD","1759671094","23477/2025-10-07/1759671094.json"
"512557","146154","2025-10-07","45.00","NZD","1759671094","23477/2025-10-07/1759671094.json"
"365170","146153","2025-10-07","48.00","NZD","1759671094","23477/2025-10-07/1759671094.json"
"510807","146155","2025-10-07","52.00","NZD","1759671094","23477/2025-10-07/1759671094.json"
"581513","221281","2025-10-08","36.00","NZD","1759671094","23477/2025-10-08/1759671094.json"
"581514","221282","2025-10-08","36.00","NZD","1759671094","23477/2025-10-08/1759671094.json"
"512557","146154","2025-10-08","45.00","NZD","1759671094","23477/2025-10-08/1759671094.json"
"365170","146153","2025-10-08","48.00","NZD","1759671094","23477/2025-10-08/1759671094.json"
"510807","146155","2025-10-08","52.00","NZD","1759671094","23477/2025-10-08/1759671094.json"
"581513","221281","2025-10-09","36.00","NZD","1759671094","23477/2025-10-09/1759671094.json"
"581514","221282","2025-10-09","36.00","NZD","1759671094","23477/2025-10-09/1759671094.json"
"512557","146154","2025-10-09","45.00","NZD","1759671094","23477/2025-10-09/1759671094.json"
"365170","146153","2025-10-09","48.00","NZD","1759671094","23477/2025-10-09/1759671094.json"
"510807","146155","2025-10-09","52.00","NZD","1759671094","23477/2025-10-09/1759671094.json"
"581513","221281","2025-10-10","36.00","NZD","1759671094","23477/2025-10-10/1759671094.json"
"581514","221282","2025-10-10","36.00","NZD","1759671094","23477/2025-10-10/1759671094.json"
"512557","146154","2025-10-10","45.00","NZD","1759671094","23477/2025-10-10/1759671094.json"
"365170","146153","2025-10-10","48.00","NZD","1759671094","23477/2025-10-10/1759671094.json"
"510807","146155","2025-10-10","52.00","NZD","1759671094","23477/2025-10-10/1759671094.json"
"581513","221281","2025-10-11","36.00","NZD","1759671094","23477/2025-10-11/1759671094.json"
"581514","221282","2025-10-11","36.00","NZD","1759671094","23477/2025-10-11/1759671094.json"
"512557","146154","2025-10-11","45.00","NZD","1759671094","23477/2025-10-11/1759671094.json"
"365170","146153","2025-10-11","48.00","NZD","1759671094","23477/2025-10-11/1759671094.json"
"510807","146155","2025-10-11","52.00","NZD","1759671094","23477/2025-10-11/1759671094.json"
"581513","221281","2025-10-12","36.00","NZD","1759671094","23477/2025-10-12/1759671094.json"
"581514","221282","2025-10-12","36.00","NZD","1759671094","23477/2025-10-12/1759671094.json"
"512557","146154","2025-10-12","45.00","NZD","1759671094","23477/2025-10-12/1759671094.json"
"365170","146153","2025-10-12","48.00","NZD","1759671094","23477/2025-10-12/1759671094.json"
"510807","146155","2025-10-12","52.00","NZD","1759671094","23477/2025-10-12/1759671094.json"
"581513","221281","2025-10-13","36.00","NZD","1759671094","23477/2025-10-13/1759671094.json"
"581514","221282","2025-10-13","36.00","NZD","1759671094","23477/2025-10-13/1759671094.json"
"512557","146154","2025-10-13","45.00","NZD","1759671094","23477/2025-10-13/1759671094.json"
"365170","146153","2025-10-13","48.00","NZD","1759671094","23477/2025-10-13/1759671094.json"
"510807","146155","2025-10-13","52.00","NZD","1759671094","23477/2025-10-13/1759671094.json"
"581513","221281","2025-10-14","36.00","NZD","1759671094","23477/2025-10-14/1759671094.json"
"581514","221282","2025-10-14","36.00","NZD","1759671094","23477/2025-10-14/1759671094.json"
"512557","146154","2025-10-14","45.00","NZD","1759671094","23477/2025-10-14/1759671094.json"
"365170","146153","2025-10-14","48.00","NZD","1759671094","23477/2025-10-14/1759671094.json"
"510807","146155","2025-10-14","52.00","NZD","1759671094","23477/2025-10-14/1759671094.json"
"581513","221281","2025-10-15","36.00","NZD","1759671094","23477/2025-10-15/1759671094.json"
"581514","221282","2025-10-15","36.00","NZD","1759671094","23477/2025-10-15/1759671094.json"
"512557","146154","2025-10-15","45.00","NZD","1759671094","23477/2025-10-15/1759671094.json"
"365170","146153","2025-10-15","48.00","NZD","1759671094","23477/2025-10-15/1759671094.json"
"510807","146155","2025-10-15","52.00","NZD","1759671094","23477/2025-10-15/1759671094.json"
"581513","221281","2025-10-16","36.00","NZD","1759671094","23477/2025-10-16/1759671094.json"
"581514","221282","2025-10-16","36.00","NZD","1759671094","23477/2025-10-16/1759671094.json"
"512557","146154","2025-10-16","45.00","NZD","1759671094","23477/2025-10-16/1759671094.json"
"365170","146153","2025-10-16","48.00","NZD","1759671094","23477/2025-10-16/1759671094.json"
"510807","146155","2025-10-16","52.00","NZD","1759671094","23477/2025-10-16/1759671094.json"
"581513","221281","2025-10-17","36.00","NZD","1759671094","23477/2025-10-17/1759671094.json"
"581514","221282","2025-10-17","36.00","NZD","1759671094","23477/2025-10-17/1759671094.json"
"512557","146154","2025-10-17","45.00","NZD","1759671094","23477/2025-10-17/1759671094.json"
"365170","146153","2025-10-17","48.00","NZD","1759671094","23477/2025-10-17/1759671094.json"
"510807","146155","2025-10-17","52.00","NZD","1759671094","23477/2025-10-17/1759671094.json"
"581513","221281","2025-10-18","36.00","NZD","1759671094","23477/2025-10-18/1759671094.json"
"581514","221282","2025-10-18","36.00","NZD","1759671094","23477/2025-10-18/1759671094.json"
"512557","146154","2025-10-18","45.00","NZD","1759671094","23477/2025-10-18/1759671094.json"
"365170","146153","2025-10-18","48.00","NZD","1759671094","23477/2025-10-18/1759671094.json"
"510807","146155","2025-10-18","52.00","NZD","1759671094","23477/2025-10-18/1759671094.json"
"581513","221281","2025-10-19","36.00","NZD","1759671094","23477/2025-10-19/1759671094.json"
"581514","221282","2025-10-19","36.00","NZD","1759671094","23477/2025-10-19/1759671094.json"
"512557","146154","2025-10-19","45.00","NZD","1759671094","23477/2025-10-19/1759671094.json"
"365170","146153","2025-10-19","48.00","NZD","1759671094","23477/2025-10-19/1759671094.json"
"510807","146155","2025-10-19","52.00","NZD","1759671094","23477/2025-10-19/1759671094.json"
"581513","221281","2025-10-20","36.00","NZD","1759671094","23477/2025-10-20/1759671094.json"
"581514","221282","2025-10-20","36.00","NZD","1759671094","23477/2025-10-20/1759671094.json"
"512557","146154","2025-10-20","45.00","NZD","1759671094","23477/2025-10-20/1759671094.json"
"365170","146153","2025-10-20","48.00","NZD","1759671094","23477/2025-10-20/1759671094.json"
"510807","146155","2025-10-20","52.00","NZD","1759671094","23477/2025-10-20/1759671094.json"
"581513","221281","2025-10-21","36.00","NZD","1759671094","23477/2025-10-21/1759671094.json"
"581514","221282","2025-10-21","36.00","NZD","1759671094","23477/2025-10-21/1759671094.json"
"512557","146154","2025-10-21","45.00","NZD","1759671094","23477/2025-10-21/1759671094.json"
"365170","146153","2025-10-21","48.00","NZD","1759671094","23477/2025-10-21/1759671094.json"
"510807","146155","2025-10-21","52.00","NZD","1759671094","23477/2025-10-21/1759671094.json"
"581513","221281","2025-10-22","36.00","NZD","1759671094","23477/2025-10-22/1759671094.json"
"581514","221282","2025-10-22","36.00","NZD","1759671094","23477/2025-10-22/1759671094.json"
"512557","146154","2025-10-22","45.00","NZD","1759671094","23477/2025-10-22/1759671094.json"
"365170","146153","2025-10-22","48.00","NZD","1759671094","23477/2025-10-22/1759671094.json"
"510807","146155","2025-10-22","52.00","NZD","1759671094","23477/2025-10-22/1759671094.json"
"581513","221281","2025-10-23","36.00","NZD","1759671094","23477/2025-10-23/1759671094.json"
"581514","221282","2025-10-23","36.00","NZD","1759671094","23477/2025-10-23/1759671094.json"
"512557","146154","2025-10-23","45.00","NZD","1759671094","23477/2025-10-23/1759671094.json"
"365170","146153","2025-10-23","48.00","NZD","1759671094","23477/2025-10-23/1759671094.json"
"510807","146155","2025-10-23","52.00","NZD","1759671094","23477/2025-10-23/1759671094.json"
"581513","221281","2025-10-24","36.00","NZD","1759671094","23477/2025-10-24/1759671094.json"
"581514","221282","2025-10-24","36.00","NZD","1759671094","23477/2025-10-24/1759671094.json"
"512557","146154","2025-10-24","45.00","NZD","1759671094","23477/2025-10-24/1759671094.json"
"365170","146153","2025-10-24","48.00","NZD","1759671094","23477/2025-10-24/1759671094.json"
"510807","146155","2025-10-24","52.00","NZD","1759671094","23477/2025-10-24/1759671094.json"
"581513","221281","2025-10-25","36.00","NZD","1759671094","23477/2025-10-25/1759671094.json"
"581514","221282","2025-10-25","36.00","NZD","1759671094","23477/2025-10-25/1759671094.json"
"512557","146154","2025-10-25","45.00","NZD","1759671094","23477/2025-10-25/1759671094.json"
"365170","146153","2025-10-25","48.00","NZD","1759671094","23477/2025-10-25/1759671094.json"
"510807","146155","2025-10-25","52.00","NZD","1759671094","23477/2025-10-25/1759671094.json"
"581513","221281","2025-10-26","36.00","NZD","1759671094","23477/2025-10-26/1759671094.json"
"581514","221282","2025-10-26","36.00","NZD","1759671094","23477/2025-10-26/1759671094.json"
"512557","146154","2025-10-26","45.00","NZD","1759671094","23477/2025-10-26/1759671094.json"
"365170","146153","2025-10-26","48.00","NZD","1759671094","23477/2025-10-26/1759671094.json"
"510807","146155","2025-10-26","52.00","NZD","1759671094","23477/2025-10-26/1759671094.json"
"581513","221281","2025-10-27","36.00","NZD","1759671094","23477/2025-10-27/1759671094.json"
"581514","221282","2025-10-27","36.00","NZD","1759671094","23477/2025-10-27/1759671094.json"
"512557","146154","2025-10-27","45.00","NZD","1759671094","23477/2025-10-27/1759671094.json"
"365170","146153","2025-10-27","48.00","NZD","1759671094","23477/2025-10-27/1759671094.json"
"510807","146155","2025-10-27","52.00","NZD","1759671094","23477/2025-10-27/1759671094.json"
"581513","221281","2025-10-28","36.00","NZD","1759671094","23477/2025-10-28/1759671094.json"
"581514","221282","2025-10-28","36.00","NZD","1759671094","23477/2025-10-28/1759671094.json"
"512557","146154","2025-10-28","45.00","NZD","1759671094","23477/2025-10-28/1759671094.json"
"365170","146153","2025-10-28","48.00","NZD","1759671094","23477/2025-10-28/1759671094.json"
"510807","146155","2025-10-28","52.00","NZD","1759671094","23477/2025-10-28/1759671094.json"
"581513","221281","2025-10-29","36.00","NZD","1759671094","23477/2025-10-29/1759671094.json"
"581514","221282","2025-10-29","36.00","NZD","1759671094","23477/2025-10-29/1759671094.json"
"512557","146154","2025-10-29","45.00","NZD","1759671094","23477/2025-10-29/1759671094.json"
"365170","146153","2025-10-29","48.00","NZD","1759671094","23477/2025-10-29/1759671094.json"
"510807","146155","2025-10-29","52.00","NZD","1759671094","23477/2025-10-29/1759671094.json"
"581513","221281","2025-10-30","36.00","NZD","1759671094","23477/2025-10-30/1759671094.json"
"581514","221282","2025-10-30","36.00","NZD","1759671094","23477/2025-10-30/1759671094.json"
"512557","146154","2025-10-30","45.00","NZD","1759671094","23477/2025-10-30/1759671094.json"
"365170","146153","2025-10-30","48.00","NZD","1759671094","23477/2025-10-30/1759671094.json"
"510807","146155","2025-10-30","52.00","NZD","1759671094","23477/2025-10-30/1759671094.json"
"581513","221281","2025-10-31","36.00","NZD","1759671094","23477/2025-10-31/1759671094.json"
"581514","221282","2025-10-31","36.00","NZD","1759671094","23477/2025-10-31/1759671094.json"
"512557","146154","2025-10-31","45.00","NZD","1759671094","23477/2025-10-31/1759671094.json"
"365170","146153","2025-10-31","48.00","NZD","1759671094","23477/2025-10-31/1759671094.json"
"510807","146155","2025-10-31","52.00","NZD","1759671094","23477/2025-10-31/1759671094.json"
"581513","221281","2025-11-01","36.00","NZD","1759671094","23477/2025-11-01/1759671094.json"
"581514","221282","2025-11-01","36.00","NZD","1759671094","23477/2025-11-01/1759671094.json"
"512557","146154","2025-11-01","45.00","NZD","1759671094","23477/2025-11-01/1759671094.json"
"365170","146153","2025-11-01","48.00","NZD","1759671094","23477/2025-11-01/1759671094.json"
"510807","146155","2025-11-01","52.00","NZD","1759671094","23477/2025-11-01/1759671094.json"
"581513","221281","2025-11-02","36.00","NZD","1759671094","23477/2025-11-02/1759671094.json"
"581514","221282","2025-11-02","36.00","NZD","1759671094","23477/2025-11-02/1759671094.json"
"512557","146154","2025-11-02","45.00","NZD","1759671094","23477/2025-11-02/1759671094.json"
"365170","146153","2025-11-02","48.00","NZD","1759671094","23477/2025-11-02/1759671094.json"
"510807","146155","2025-11-02","52.00","NZD","1759671094","23477/2025-11-02/1759671094.json"
"581513","221281","2025-11-03","36.00","NZD","1759671094","23477/2025-11-03/1759671094.json"
"581514","221282","2025-11-03","36.00","NZD","1759671094","23477/2025-11-03/1759671094.json"
"512557","146154","2025-11-03","45.00","NZD","1759671094","23477/2025-11-03/1759671094.json"
"365170","146153","2025-11-03","48.00","NZD","1759671094","23477/2025-11-03/1759671094.json"
"510807","146155","2025-11-03","52.00","NZD","1759671094","23477/2025-11-03/1759671094.json"
"581513","221281","2025-11-04","36.00","NZD","1759671094","23477/2025-11-04/1759671094.json"
"581514","221282","2025-11-04","36.00","NZD","1759671094","23477/2025-11-04/1759671094.json"
"512557","146154","2025-11-04","45.00","NZD","1759671094","23477/2025-11-04/1759671094.json"
"365170","146153","2025-11-04","48.00","NZD","1759671094","23477/2025-11-04/1759671094.json"
"510807","146155","2025-11-04","52.00","NZD","1759671094","23477/2025-11-04/1759671094.json"
"581513","221281","2025-10-06","36.00","NZD","1759683988","23477/2025-10-06/1759683988.json"
"581514","221282","2025-10-06","36.00","NZD","1759683988","23477/2025-10-06/1759683988.json"
"512557","146154","2025-10-06","45.00","NZD","1759683988","23477/2025-10-06/1759683988.json"
"365170","146153","2025-10-06","48.00","NZD","1759683988","23477/2025-10-06/1759683988.json"
"510807","146155","2025-10-06","52.00","NZD","1759683988","23477/2025-10-06/1759683988.json"
"581513","221281","2025-10-07","36.00","NZD","1759683988","23477/2025-10-07/1759683988.json"
"581514","221282","2025-10-07","36.00","NZD","1759683988","23477/2025-10-07/1759683988.json"
"512557","146154","2025-10-07","45.00","NZD","1759683988","23477/2025-10-07/1759683988.json"
"365170","146153","2025-10-07","48.00","NZD","1759683988","23477/2025-10-07/1759683988.json"
"510807","146155","2025-10-07","52.00","NZD","1759683988","23477/2025-10-07/1759683988.json"
"581513","221281","2025-10-08","36.00","NZD","1759683988","23477/2025-10-08/1759683988.json"
"581514","221282","2025-10-08","36.00","NZD","1759683988","23477/2025-10-08/1759683988.json"
"512557","146154","2025-10-08","45.00","NZD","1759683988","23477/2025-10-08/1759683988.json"
"365170","146153","2025-10-08","48.00","NZD","1759683988","23477/2025-10-08/1759683988.json"
"510807","146155","2025-10-08","52.00","NZD","1759683988","23477/2025-10-08/1759683988.json"
"581513","221281","2025-10-09","36.00","NZD","1759683988","23477/2025-10-09/1759683988.json"
"581514","221282","2025-10-09","36.00","NZD","1759683988","23477/2025-10-09/1759683988.json"
"512557","146154","2025-10-09","45.00","NZD","1759683988","23477/2025-10-09/1759683988.json"
"365170","146153","2025-10-09","48.00","NZD","1759683988","23477/2025-10-09/1759683988.json"
"510807","146155","2025-10-09","52.00","NZD","1759683988","23477/2025-10-09/1759683988.json"
"581513","221281","2025-10-10","36.00","NZD","1759683988","23477/2025-10-10/1759683988.json"
"581514","221282","2025-10-10","36.00","NZD","1759683988","23477/2025-10-10/1759683988.json"
"512557","146154","2025-10-10","45.00","NZD","1759683988","23477/2025-10-10/1759683988.json"
"365170","146153","2025-10-10","48.00","NZD","1759683988","23477/2025-10-10/1759683988.json"
"510807","146155","2025-10-10","52.00","NZD","1759683988","23477/2025-10-10/1759683988.json"
"581513","221281","2025-10-11","36.00","NZD","1759683988","23477/2025-10-11/1759683988.json"
"581514","221282","2025-10-11","36.00","NZD","1759683988","23477/2025-10-11/1759683988.json"
"512557","146154","2025-10-11","45.00","NZD","1759683988","23477/2025-10-11/1759683988.json"
"365170","146153","2025-10-11","48.00","NZD","1759683988","23477/2025-10-11/1759683988.json"
"510807","146155","2025-10-11","52.00","NZD","1759683988","23477/2025-10-11/1759683988.json"
"581513","221281","2025-10-12","36.00","NZD","1759683988","23477/2025-10-12/1759683988.json"
"581514","221282","2025-10-12","36.00","NZD","1759683988","23477/2025-10-12/1759683988.json"
"512557","146154","2025-10-12","45.00","NZD","1759683988","23477/2025-10-12/1759683988.json"
"365170","146153","2025-10-12","48.00","NZD","1759683988","23477/2025-10-12/1759683988.json"
"510807","146155","2025-10-12","52.00","NZD","1759683988","23477/2025-10-12/1759683988.json"
"581513","221281","2025-10-13","36.00","NZD","1759683988","23477/2025-10-13/1759683988.json"
"581514","221282","2025-10-13","36.00","NZD","1759683988","23477/2025-10-13/1759683988.json"
"512557","146154","2025-10-13","45.00","NZD","1759683988","23477/2025-10-13/1759683988.json"
"365170","146153","2025-10-13","48.00","NZD","1759683988","23477/2025-10-13/1759683988.json"
"510807","146155","2025-10-13","52.00","NZD","1759683988","23477/2025-10-13/1759683988.json"
"581513","221281","2025-10-14","36.00","NZD","1759683988","23477/2025-10-14/1759683988.json"
"581514","221282","2025-10-14","36.00","NZD","1759683988","23477/2025-10-14/1759683988.json"
"512557","146154","2025-10-14","45.00","NZD","1759683988","23477/2025-10-14/1759683988.json"
"365170","146153","2025-10-14","48.00","NZD","1759683988","23477/2025-10-14/1759683988.json"
"510807","146155","2025-10-14","52.00","NZD","1759683988","23477/2025-10-14/1759683988.json"
"581513","221281","2025-10-15","36.00","NZD","1759683988","23477/2025-10-15/1759683988.json"
"581514","221282","2025-10-15","36.00","NZD","1759683988","23477/2025-10-15/1759683988.json"
"512557","146154","2025-10-15","45.00","NZD","1759683988","23477/2025-10-15/1759683988.json"
"365170","146153","2025-10-15","48.00","NZD","1759683988","23477/2025-10-15/1759683988.json"
"510807","146155","2025-10-15","52.00","NZD","1759683988","23477/2025-10-15/1759683988.json"
"581513","221281","2025-10-16","36.00","NZD","1759683988","23477/2025-10-16/1759683988.json"
"581514","221282","2025-10-16","36.00","NZD","1759683988","23477/2025-10-16/1759683988.json"
"512557","146154","2025-10-16","45.00","NZD","1759683988","23477/2025-10-16/1759683988.json"
"365170","146153","2025-10-16","48.00","NZD","1759683988","23477/2025-10-16/1759683988.json"
"510807","146155","2025-10-16","52.00","NZD","1759683988","23477/2025-10-16/1759683988.json"
"581513","221281","2025-10-17","36.00","NZD","1759683988","23477/2025-10-17/1759683988.json"
"581514","221282","2025-10-17","36.00","NZD","1759683988","23477/2025-10-17/1759683988.json"
"512557","146154","2025-10-17","45.00","NZD","1759683988","23477/2025-10-17/1759683988.json"
"365170","146153","2025-10-17","48.00","NZD","1759683988","23477/2025-10-17/1759683988.json"
"510807","146155","2025-10-17","52.00","NZD","1759683988","23477/2025-10-17/1759683988.json"
"581513","221281","2025-10-18","36.00","NZD","1759683988","23477/2025-10-18/1759683988.json"
"581514","221282","2025-10-18","36.00","NZD","1759683988","23477/2025-10-18/1759683988.json"
"512557","146154","2025-10-18","45.00","NZD","1759683988","23477/2025-10-18/1759683988.json"
"365170","146153","2025-10-18","48.00","NZD","1759683988","23477/2025-10-18/1759683988.json"
"510807","146155","2025-10-18","52.00","NZD","1759683988","23477/2025-10-18/1759683988.json"
"581513","221281","2025-10-19","36.00","NZD","1759683988","23477/2025-10-19/1759683988.json"
"581514","221282","2025-10-19","36.00","NZD","1759683988","23477/2025-10-19/1759683988.json"
"512557","146154","2025-10-19","45.00","NZD","1759683988","23477/2025-10-19/1759683988.json"
"365170","146153","2025-10-19","48.00","NZD","1759683988","23477/2025-10-19/1759683988.json"
"510807","146155","2025-10-19","52.00","NZD","1759683988","23477/2025-10-19/1759683988.json"
"581513","221281","2025-10-20","36.00","NZD","1759683988","23477/2025-10-20/1759683988.json"
"581514","221282","2025-10-20","36.00","NZD","1759683988","23477/2025-10-20/1759683988.json"
"512557","146154","2025-10-20","45.00","NZD","1759683988","23477/2025-10-20/1759683988.json"
"365170","146153","2025-10-20","48.00","NZD","1759683988","23477/2025-10-20/1759683988.json"
"510807","146155","2025-10-20","52.00","NZD","1759683988","23477/2025-10-20/1759683988.json"
"581513","221281","2025-10-21","36.00","NZD","1759683988","23477/2025-10-21/1759683988.json"
"581514","221282","2025-10-21","36.00","NZD","1759683988","23477/2025-10-21/1759683988.json"
"512557","146154","2025-10-21","45.00","NZD","1759683988","23477/2025-10-21/1759683988.json"
"365170","146153","2025-10-21","48.00","NZD","1759683988","23477/2025-10-21/1759683988.json"
"510807","146155","2025-10-21","52.00","NZD","1759683988","23477/2025-10-21/1759683988.json"
"581513","221281","2025-10-22","36.00","NZD","1759683988","23477/2025-10-22/1759683988.json"
"581514","221282","2025-10-22","36.00","NZD","1759683988","23477/2025-10-22/1759683988.json"
"512557","146154","2025-10-22","45.00","NZD","1759683988","23477/2025-10-22/1759683988.json"
"365170","146153","2025-10-22","48.00","NZD","1759683988","23477/2025-10-22/1759683988.json"
"510807","146155","2025-10-22","52.00","NZD","1759683988","23477/2025-10-22/1759683988.json"
"581513","221281","2025-10-23","36.00","NZD","1759683988","23477/2025-10-23/1759683988.json"
"581514","221282","2025-10-23","36.00","NZD","1759683988","23477/2025-10-23/1759683988.json"
"512557","146154","2025-10-23","45.00","NZD","1759683988","23477/2025-10-23/1759683988.json"
"365170","146153","2025-10-23","48.00","NZD","1759683988","23477/2025-10-23/1759683988.json"
"510807","146155","2025-10-23","52.00","NZD","1759683988","23477/2025-10-23/1759683988.json"
"581513","221281","2025-10-24","36.00","NZD","1759683988","23477/2025-10-24/1759683988.json"
"581514","221282","2025-10-24","36.00","NZD","1759683988","23477/2025-10-24/1759683988.json"
"512557","146154","2025-10-24","45.00","NZD","1759683988","23477/2025-10-24/1759683988.json"
"365170","146153","2025-10-24","48.00","NZD","1759683988","23477/2025-10-24/1759683988.json"
"510807","146155","2025-10-24","52.00","NZD","1759683988","23477/2025-10-24/1759683988.json"
"581513","221281","2025-10-25","36.00","NZD","1759683988","23477/2025-10-25/1759683988.json"
"581514","221282","2025-10-25","36.00","NZD","1759683988","23477/2025-10-25/1759683988.json"
"512557","146154","2025-10-25","45.00","NZD","1759683988","23477/2025-10-25/1759683988.json"
"365170","146153","2025-10-25","48.00","NZD","1759683988","23477/2025-10-25/1759683988.json"
"510807","146155","2025-10-25","52.00","NZD","1759683988","23477/2025-10-25/1759683988.json"
"581513","221281","2025-10-26","36.00","NZD","1759683988","23477/2025-10-26/1759683988.json"
"581514","221282","2025-10-26","36.00","NZD","1759683988","23477/2025-10-26/1759683988.json"
"512557","146154","2025-10-26","45.00","NZD","1759683988","23477/2025-10-26/1759683988.json"
"365170","146153","2025-10-26","48.00","NZD","1759683988","23477/2025-10-26/1759683988.json"
"510807","146155","2025-10-26","52.00","NZD","1759683988","23477/2025-10-26/1759683988.json"
"581513","221281","2025-10-27","36.00","NZD","1759683988","23477/2025-10-27/1759683988.json"
"581514","221282","2025-10-27","36.00","NZD","1759683988","23477/2025-10-27/1759683988.json"
"512557","146154","2025-10-27","45.00","NZD","1759683988","23477/2025-10-27/1759683988.json"
"365170","146153","2025-10-27","48.00","NZD","1759683988","23477/2025-10-27/1759683988.json"
"510807","146155","2025-10-27","52.00","NZD","1759683988","23477/2025-10-27/1759683988.json"
"581513","221281","2025-10-28","36.00","NZD","1759683988","23477/2025-10-28/1759683988.json"
"581514","221282","2025-10-28","36.00","NZD","1759683988","23477/2025-10-28/1759683988.json"
"512557","146154","2025-10-28","45.00","NZD","1759683988","23477/2025-10-28/1759683988.json"
"365170","146153","2025-10-28","48.00","NZD","1759683988","23477/2025-10-28/1759683988.json"
"510807","146155","2025-10-28","52.00","NZD","1759683988","23477/2025-10-28/1759683988.json"
"581513","221281","2025-10-29","36.00","NZD","1759683988","23477/2025-10-29/1759683988.json"
"581514","221282","2025-10-29","36.00","NZD","1759683988","23477/2025-10-29/1759683988.json"
"512557","146154","2025-10-29","45.00","NZD","1759683988","23477/2025-10-29/1759683988.json"
"365170","146153","2025-10-29","48.00","NZD","1759683988","23477/2025-10-29/1759683988.json"
"510807","146155","2025-10-29","52.00","NZD","1759683988","23477/2025-10-29/1759683988.json"
"581513","221281","2025-10-30","36.00","NZD","1759683988","23477/2025-10-30/1759683988.json"
"581514","221282","2025-10-30","36.00","NZD","1759683988","23477/2025-10-30/1759683988.json"
"512557","146154","2025-10-30","45.00","NZD","1759683988","23477/2025-10-30/1759683988.json"
"365170","146153","2025-10-30","48.00","NZD","1759683988","23477/2025-10-30/1759683988.json"
"510807","146155","2025-10-30","52.00","NZD","1759683988","23477/2025-10-30/1759683988.json"
"581513","221281","2025-10-31","36.00","NZD","1759683988","23477/2025-10-31/1759683988.json"
"581514","221282","2025-10-31","36.00","NZD","1759683988","23477/2025-10-31/1759683988.json"
"512557","146154","2025-10-31","45.00","NZD","1759683988","23477/2025-10-31/1759683988.json"
"365170","146153","2025-10-31","48.00","NZD","1759683988","23477/2025-10-31/1759683988.json"
"510807","146155","2025-10-31","52.00","NZD","1759683988","23477/2025-10-31/1759683988.json"
"581513","221281","2025-11-01","36.00","NZD","1759683988","23477/2025-11-01/1759683988.json"
"581514","221282","2025-11-01","36.00","NZD","1759683988","23477/2025-11-01/1759683988.json"
"512557","146154","2025-11-01","45.00","NZD","1759683988","23477/2025-11-01/1759683988.json"
"365170","146153","2025-11-01","48.00","NZD","1759683988","23477/2025-11-01/1759683988.json"
"510807","146155","2025-11-01","52.00","NZD","1759683988","23477/2025-11-01/1759683988.json"
"581513","221281","2025-11-02","36.00","NZD","1759683988","23477/2025-11-02/1759683988.json"
"581514","221282","2025-11-02","36.00","NZD","1759683988","23477/2025-11-02/1759683988.json"
"512557","146154","2025-11-02","45.00","NZD","1759683988","23477/2025-11-02/1759683988.json"
"365170","146153","2025-11-02","48.00","NZD","1759683988","23477/2025-11-02/1759683988.json"
"510807","146155","2025-11-02","52.00","NZD","1759683988","23477/2025-11-02/1759683988.json"
"581513","221281","2025-11-03","36.00","NZD","1759683988","23477/2025-11-03/1759683988.json"
"581514","221282","2025-11-03","36.00","NZD","1759683988","23477/2025-11-03/1759683988.json"
"512557","146154","2025-11-03","45.00","NZD","1759683988","23477/2025-11-03/1759683988.json"
"365170","146153","2025-11-03","48.00","NZD","1759683988","23477/2025-11-03/1759683988.json"
"510807","146155","2025-11-03","52.00","NZD","1759683988","23477/2025-11-03/1759683988.json"
"581513","221281","2025-11-04","36.00","NZD","1759683988","23477/2025-11-04/1759683988.json"
"581514","221282","2025-11-04","36.00","NZD","1759683988","23477/2025-11-04/1759683988.json"
"512557","146154","2025-11-04","45.00","NZD","1759683988","23477/2025-11-04/1759683988.json"
"365170","146153","2025-11-04","48.00","NZD","1759683988","23477/2025-11-04/1759683988.json"
"510807","146155","2025-11-04","52.00","NZD","1759683988","23477/2025-11-04/1759683988.json"
"581513","221281","2025-10-06","36.00","NZD","1759698092","23477/2025-10-06/1759698092.json"
"581514","221282","2025-10-06","36.00","NZD","1759698092","23477/2025-10-06/1759698092.json"
"512557","146154","2025-10-06","45.00","NZD","1759698092","23477/2025-10-06/1759698092.json"
"365170","146153","2025-10-06","48.00","NZD","1759698092","23477/2025-10-06/1759698092.json"
"510807","146155","2025-10-06","52.00","NZD","1759698092","23477/2025-10-06/1759698092.json"
"581513","221281","2025-10-07","36.00","NZD","1759698092","23477/2025-10-07/1759698092.json"
"581514","221282","2025-10-07","36.00","NZD","1759698092","23477/2025-10-07/1759698092.json"
"512557","146154","2025-10-07","45.00","NZD","1759698092","23477/2025-10-07/1759698092.json"
"365170","146153","2025-10-07","48.00","NZD","1759698092","23477/2025-10-07/1759698092.json"
"510807","146155","2025-10-07","52.00","NZD","1759698092","23477/2025-10-07/1759698092.json"
"581513","221281","2025-10-08","36.00","NZD","1759698092","23477/2025-10-08/1759698092.json"
"581514","221282","2025-10-08","36.00","NZD","1759698092","23477/2025-10-08/1759698092.json"
"512557","146154","2025-10-08","45.00","NZD","1759698092","23477/2025-10-08/1759698092.json"
"365170","146153","2025-10-08","48.00","NZD","1759698092","23477/2025-10-08/1759698092.json"
"510807","146155","2025-10-08","52.00","NZD","1759698092","23477/2025-10-08/1759698092.json"
"581513","221281","2025-10-09","36.00","NZD","1759698092","23477/2025-10-09/1759698092.json"
"581514","221282","2025-10-09","36.00","NZD","1759698092","23477/2025-10-09/1759698092.json"
"512557","146154","2025-10-09","45.00","NZD","1759698092","23477/2025-10-09/1759698092.json"
"365170","146153","2025-10-09","48.00","NZD","1759698092","23477/2025-10-09/1759698092.json"
"510807","146155","2025-10-09","52.00","NZD","1759698092","23477/2025-10-09/1759698092.json"
"581513","221281","2025-10-10","36.00","NZD","1759698092","23477/2025-10-10/1759698092.json"
"581514","221282","2025-10-10","36.00","NZD","1759698092","23477/2025-10-10/1759698092.json"
"512557","146154","2025-10-10","45.00","NZD","1759698092","23477/2025-10-10/1759698092.json"
"365170","146153","2025-10-10","48.00","NZD","1759698092","23477/2025-10-10/1759698092.json"
"510807","146155","2025-10-10","52.00","NZD","1759698092","23477/2025-10-10/1759698092.json"
"581513","221281","2025-10-11","36.00","NZD","1759698092","23477/2025-10-11/1759698092.json"
"581514","221282","2025-10-11","36.00","NZD","1759698092","23477/2025-10-11/1759698092.json"
"512557","146154","2025-10-11","45.00","NZD","1759698092","23477/2025-10-11/1759698092.json"
"365170","146153","2025-10-11","48.00","NZD","1759698092","23477/2025-10-11/1759698092.json"
"510807","146155","2025-10-11","52.00","NZD","1759698092","23477/2025-10-11/1759698092.json"
"581513","221281","2025-10-12","36.00","NZD","1759698092","23477/2025-10-12/1759698092.json"
"581514","221282","2025-10-12","36.00","NZD","1759698092","23477/2025-10-12/1759698092.json"
"512557","146154","2025-10-12","45.00","NZD","1759698092","23477/2025-10-12/1759698092.json"
"365170","146153","2025-10-12","48.00","NZD","1759698092","23477/2025-10-12/1759698092.json"
"510807","146155","2025-10-12","52.00","NZD","1759698092","23477/2025-10-12/1759698092.json"
"581513","221281","2025-10-13","36.00","NZD","1759698092","23477/2025-10-13/1759698092.json"
"581514","221282","2025-10-13","36.00","NZD","1759698092","23477/2025-10-13/1759698092.json"
"512557","146154","2025-10-13","45.00","NZD","1759698092","23477/2025-10-13/1759698092.json"
"365170","146153","2025-10-13","48.00","NZD","1759698092","23477/2025-10-13/1759698092.json"
"510807","146155","2025-10-13","52.00","NZD","1759698092","23477/2025-10-13/1759698092.json"
"581513","221281","2025-10-14","36.00","NZD","1759698092","23477/2025-10-14/1759698092.json"
"581514","221282","2025-10-14","36.00","NZD","1759698092","23477/2025-10-14/1759698092.json"
"512557","146154","2025-10-14","45.00","NZD","1759698092","23477/2025-10-14/1759698092.json"
"365170","146153","2025-10-14","48.00","NZD","1759698092","23477/2025-10-14/1759698092.json"
"510807","146155","2025-10-14","52.00","NZD","1759698092","23477/2025-10-14/1759698092.json"
"581513","221281","2025-10-15","36.00","NZD","1759698092","23477/2025-10-15/1759698092.json"
"581514","221282","2025-10-15","36.00","NZD","1759698092","23477/2025-10-15/1759698092.json"
"512557","146154","2025-10-15","45.00","NZD","1759698092","23477/2025-10-15/1759698092.json"
"365170","146153","2025-10-15","48.00","NZD","1759698092","23477/2025-10-15/1759698092.json"
"510807","146155","2025-10-15","52.00","NZD","1759698092","23477/2025-10-15/1759698092.json"
"581513","221281","2025-10-16","36.00","NZD","1759698092","23477/2025-10-16/1759698092.json"
"581514","221282","2025-10-16","36.00","NZD","1759698092","23477/2025-10-16/1759698092.json"
"512557","146154","2025-10-16","45.00","NZD","1759698092","23477/2025-10-16/1759698092.json"
"365170","146153","2025-10-16","48.00","NZD","1759698092","23477/2025-10-16/1759698092.json"
"510807","146155","2025-10-16","52.00","NZD","1759698092","23477/2025-10-16/1759698092.json"
"581513","221281","2025-10-17","36.00","NZD","1759698092","23477/2025-10-17/1759698092.json"
"581514","221282","2025-10-17","36.00","NZD","1759698092","23477/2025-10-17/1759698092.json"
"512557","146154","2025-10-17","45.00","NZD","1759698092","23477/2025-10-17/1759698092.json"
"365170","146153","2025-10-17","48.00","NZD","1759698092","23477/2025-10-17/1759698092.json"
"510807","146155","2025-10-17","52.00","NZD","1759698092","23477/2025-10-17/1759698092.json"
"581513","221281","2025-10-18","36.00","NZD","1759698092","23477/2025-10-18/1759698092.json"
"581514","221282","2025-10-18","36.00","NZD","1759698092","23477/2025-10-18/1759698092.json"
"512557","146154","2025-10-18","45.00","NZD","1759698092","23477/2025-10-18/1759698092.json"
"365170","146153","2025-10-18","48.00","NZD","1759698092","23477/2025-10-18/1759698092.json"
"510807","146155","2025-10-18","52.00","NZD","1759698092","23477/2025-10-18/1759698092.json"
"581513","221281","2025-10-19","36.00","NZD","1759698092","23477/2025-10-19/1759698092.json"
"581514","221282","2025-10-19","36.00","NZD","1759698092","23477/2025-10-19/1759698092.json"
"512557","146154","2025-10-19","45.00","NZD","1759698092","23477/2025-10-19/1759698092.json"
"365170","146153","2025-10-19","48.00","NZD","1759698092","23477/2025-10-19/1759698092.json"
"510807","146155","2025-10-19","52.00","NZD","1759698092","23477/2025-10-19/1759698092.json"
"581513","221281","2025-10-20","36.00","NZD","1759698092","23477/2025-10-20/1759698092.json"
"581514","221282","2025-10-20","36.00","NZD","1759698092","23477/2025-10-20/1759698092.json"
"512557","146154","2025-10-20","45.00","NZD","1759698092","23477/2025-10-20/1759698092.json"
"365170","146153","2025-10-20","48.00","NZD","1759698092","23477/2025-10-20/1759698092.json"
"510807","146155","2025-10-20","52.00","NZD","1759698092","23477/2025-10-20/1759698092.json"
"581513","221281","2025-10-21","36.00","NZD","1759698092","23477/2025-10-21/1759698092.json"
"581514","221282","2025-10-21","36.00","NZD","1759698092","23477/2025-10-21/1759698092.json"
"512557","146154","2025-10-21","45.00","NZD","1759698092","23477/2025-10-21/1759698092.json"
"365170","146153","2025-10-21","48.00","NZD","1759698092","23477/2025-10-21/1759698092.json"
"510807","146155","2025-10-21","52.00","NZD","1759698092","23477/2025-10-21/1759698092.json"
"581513","221281","2025-10-22","36.00","NZD","1759698092","23477/2025-10-22/1759698092.json"
"581514","221282","2025-10-22","36.00","NZD","1759698092","23477/2025-10-22/1759698092.json"
"512557","146154","2025-10-22","45.00","NZD","1759698092","23477/2025-10-22/1759698092.json"
"365170","146153","2025-10-22","48.00","NZD","1759698092","23477/2025-10-22/1759698092.json"
"510807","146155","2025-10-22","52.00","NZD","1759698092","23477/2025-10-22/1759698092.json"
"581513","221281","2025-10-23","36.00","NZD","1759698092","23477/2025-10-23/1759698092.json"
"581514","221282","2025-10-23","36.00","NZD","1759698092","23477/2025-10-23/1759698092.json"
"512557","146154","2025-10-23","45.00","NZD","1759698092","23477/2025-10-23/1759698092.json"
"365170","146153","2025-10-23","48.00","NZD","1759698092","23477/2025-10-23/1759698092.json"
"510807","146155","2025-10-23","52.00","NZD","1759698092","23477/2025-10-23/1759698092.json"
"581513","221281","2025-10-24","36.00","NZD","1759698092","23477/2025-10-24/1759698092.json"
"581514","221282","2025-10-24","36.00","NZD","1759698092","23477/2025-10-24/1759698092.json"
"512557","146154","2025-10-24","45.00","NZD","1759698092","23477/2025-10-24/1759698092.json"
"365170","146153","2025-10-24","48.00","NZD","1759698092","23477/2025-10-24/1759698092.json"
"510807","146155","2025-10-24","52.00","NZD","1759698092","23477/2025-10-24/1759698092.json"
"581513","221281","2025-10-25","36.00","NZD","1759698092","23477/2025-10-25/1759698092.json"
"581514","221282","2025-10-25","36.00","NZD","1759698092","23477/2025-10-25/1759698092.json"
"512557","146154","2025-10-25","45.00","NZD","1759698092","23477/2025-10-25/1759698092.json"
"365170","146153","2025-10-25","48.00","NZD","1759698092","23477/2025-10-25/1759698092.json"
"510807","146155","2025-10-25","52.00","NZD","1759698092","23477/2025-10-25/1759698092.json"
"581513","221281","2025-10-26","36.00","NZD","1759698092","23477/2025-10-26/1759698092.json"
"581514","221282","2025-10-26","36.00","NZD","1759698092","23477/2025-10-26/1759698092.json"
"512557","146154","2025-10-26","45.00","NZD","1759698092","23477/2025-10-26/1759698092.json"
"365170","146153","2025-10-26","48.00","NZD","1759698092","23477/2025-10-26/1759698092.json"
"510807","146155","2025-10-26","52.00","NZD","1759698092","23477/2025-10-26/1759698092.json"
"581513","221281","2025-10-27","36.00","NZD","1759698092","23477/2025-10-27/1759698092.json"
"581514","221282","2025-10-27","36.00","NZD","1759698092","23477/2025-10-27/1759698092.json"
"512557","146154","2025-10-27","45.00","NZD","1759698092","23477/2025-10-27/1759698092.json"
"365170","146153","2025-10-27","48.00","NZD","1759698092","23477/2025-10-27/1759698092.json"
"510807","146155","2025-10-27","52.00","NZD","1759698092","23477/2025-10-27/1759698092.json"
"581513","221281","2025-10-28","36.00","NZD","1759698092","23477/2025-10-28/1759698092.json"
"581514","221282","2025-10-28","36.00","NZD","1759698092","23477/2025-10-28/1759698092.json"
"512557","146154","2025-10-28","45.00","NZD","1759698092","23477/2025-10-28/1759698092.json"
"365170","146153","2025-10-28","48.00","NZD","1759698092","23477/2025-10-28/1759698092.json"
"510807","146155","2025-10-28","52.00","NZD","1759698092","23477/2025-10-28/1759698092.json"
"581513","221281","2025-10-29","36.00","NZD","1759698092","23477/2025-10-29/1759698092.json"
"581514","221282","2025-10-29","36.00","NZD","1759698092","23477/2025-10-29/1759698092.json"
"512557","146154","2025-10-29","45.00","NZD","1759698092","23477/2025-10-29/1759698092.json"
"365170","146153","2025-10-29","48.00","NZD","1759698092","23477/2025-10-29/1759698092.json"
"510807","146155","2025-10-29","52.00","NZD","1759698092","23477/2025-10-29/1759698092.json"
"581513","221281","2025-10-30","36.00","NZD","1759698092","23477/2025-10-30/1759698092.json"
"581514","221282","2025-10-30","36.00","NZD","1759698092","23477/2025-10-30/1759698092.json"
"512557","146154","2025-10-30","45.00","NZD","1759698092","23477/2025-10-30/1759698092.json"
"365170","146153","2025-10-30","48.00","NZD","1759698092","23477/2025-10-30/1759698092.json"
"510807","146155","2025-10-30","52.00","NZD","1759698092","23477/2025-10-30/1759698092.json"
"581513","221281","2025-10-31","36.00","NZD","1759698092","23477/2025-10-31/1759698092.json"
"581514","221282","2025-10-31","36.00","NZD","1759698092","23477/2025-10-31/1759698092.json"
"512557","146154","2025-10-31","45.00","NZD","1759698092","23477/2025-10-31/1759698092.json"
"365170","146153","2025-10-31","48.00","NZD","1759698092","23477/2025-10-31/1759698092.json"
"510807","146155","2025-10-31","52.00","NZD","1759698092","23477/2025-10-31/1759698092.json"
"581513","221281","2025-11-01","36.00","NZD","1759698092","23477/2025-11-01/1759698092.json"
"581514","221282","2025-11-01","36.00","NZD","1759698092","23477/2025-11-01/1759698092.json"
"512557","146154","2025-11-01","45.00","NZD","1759698092","23477/2025-11-01/1759698092.json"
"365170","146153","2025-11-01","48.00","NZD","1759698092","23477/2025-11-01/1759698092.json"
"510807","146155","2025-11-01","52.00","NZD","1759698092","23477/2025-11-01/1759698092.json"
"581513","221281","2025-11-02","36.00","NZD","1759698092","23477/2025-11-02/1759698092.json"
"581514","221282","2025-11-02","36.00","NZD","1759698092","23477/2025-11-02/1759698092.json"
"512557","146154","2025-11-02","45.00","NZD","1759698092","23477/2025-11-02/1759698092.json"
"365170","146153","2025-11-02","48.00","NZD","1759698092","23477/2025-11-02/1759698092.json"
"510807","146155","2025-11-02","52.00","NZD","1759698092","23477/2025-11-02/1759698092.json"
"581513","221281","2025-11-03","36.00","NZD","1759698092","23477/2025-11-03/1759698092.json"
"581514","221282","2025-11-03","36.00","NZD","1759698092","23477/2025-11-03/1759698092.json"
"512557","146154","2025-11-03","45.00","NZD","1759698092","23477/2025-11-03/1759698092.json"
"365170","146153","2025-11-03","48.00","NZD","1759698092","23477/2025-11-03/1759698092.json"
"510807","146155","2025-11-03","52.00","NZD","1759698092","23477/2025-11-03/1759698092.json"
"581513","221281","2025-11-04","36.00","NZD","1759698092","23477/2025-11-04/1759698092.json"
"581514","221282","2025-11-04","36.00","NZD","1759698092","23477/2025-11-04/1759698092.json"
"512557","146154","2025-11-04","45.00","NZD","1759698092","23477/2025-11-04/1759698092.json"
"365170","146153","2025-11-04","48.00","NZD","1759698092","23477/2025-11-04/1759698092.json"
"510807","146155","2025-11-04","52.00","NZD","1759698092","23477/2025-11-04/1759698092.json"
"581513","221281","2025-10-07","36.00","NZD","1759721255","23477/2025-10-07/1759721255.json"
"581514","221282","2025-10-07","36.00","NZD","1759721255","23477/2025-10-07/1759721255.json"
"512557","146154","2025-10-07","45.00","NZD","1759721255","23477/2025-10-07/1759721255.json"
"365170","146153","2025-10-07","48.00","NZD","1759721255","23477/2025-10-07/1759721255.json"
"510807","146155","2025-10-07","52.00","NZD","1759721255","23477/2025-10-07/1759721255.json"
"581513","221281","2025-10-09","36.00","NZD","1759721255","23477/2025-10-09/1759721255.json"
"581513","221281","2025-10-06","36.00","NZD","1759721255","23477/2025-10-06/1759721255.json"
"581514","221282","2025-10-09","36.00","NZD","1759721255","23477/2025-10-09/1759721255.json"
"581514","221282","2025-10-06","36.00","NZD","1759721255","23477/2025-10-06/1759721255.json"
"512557","146154","2025-10-06","45.00","NZD","1759721255","23477/2025-10-06/1759721255.json"
"512557","146154","2025-10-09","45.00","NZD","1759721255","23477/2025-10-09/1759721255.json"
"365170","146153","2025-10-06","48.00","NZD","1759721255","23477/2025-10-06/1759721255.json"
"510807","146155","2025-10-06","52.00","NZD","1759721255","23477/2025-10-06/1759721255.json"
"365170","146153","2025-10-09","48.00","NZD","1759721255","23477/2025-10-09/1759721255.json"
"510807","146155","2025-10-09","52.00","NZD","1759721255","23477/2025-10-09/1759721255.json"
"581513","221281","2025-10-08","36.00","NZD","1759721255","23477/2025-10-08/1759721255.json"
"581514","221282","2025-10-08","36.00","NZD","1759721255","23477/2025-10-08/1759721255.json"
"512557","146154","2025-10-08","45.00","NZD","1759721255","23477/2025-10-08/1759721255.json"
"365170","146153","2025-10-08","48.00","NZD","1759721255","23477/2025-10-08/1759721255.json"
"510807","146155","2025-10-08","52.00","NZD","1759721255","23477/2025-10-08/1759721255.json"
"581513","221281","2025-10-11","36.00","NZD","1759721255","23477/2025-10-11/1759721255.json"
"581514","221282","2025-10-11","36.00","NZD","1759721255","23477/2025-10-11/1759721255.json"
"512557","146154","2025-10-11","45.00","NZD","1759721255","23477/2025-10-11/1759721255.json"
"365170","146153","2025-10-11","48.00","NZD","1759721255","23477/2025-10-11/1759721255.json"
"510807","146155","2025-10-11","52.00","NZD","1759721255","23477/2025-10-11/1759721255.json"
"581513","221281","2025-10-10","36.00","NZD","1759721255","23477/2025-10-10/1759721255.json"
"581514","221282","2025-10-10","36.00","NZD","1759721255","23477/2025-10-10/1759721255.json"
"512557","146154","2025-10-10","45.00","NZD","1759721255","23477/2025-10-10/1759721255.json"
"365170","146153","2025-10-10","48.00","NZD","1759721255","23477/2025-10-10/1759721255.json"
"510807","146155","2025-10-10","52.00","NZD","1759721255","23477/2025-10-10/1759721255.json"
"581513","221281","2025-10-12","36.00","NZD","1759721255","23477/2025-10-12/1759721255.json"
"581514","221282","2025-10-12","36.00","NZD","1759721255","23477/2025-10-12/1759721255.json"
"512557","146154","2025-10-12","45.00","NZD","1759721255","23477/2025-10-12/1759721255.json"
"365170","146153","2025-10-12","48.00","NZD","1759721255","23477/2025-10-12/1759721255.json"
"510807","146155","2025-10-12","52.00","NZD","1759721255","23477/2025-10-12/1759721255.json"
"581513","221281","2025-10-13","36.00","NZD","1759721255","23477/2025-10-13/1759721255.json"
"581514","221282","2025-10-13","36.00","NZD","1759721255","23477/2025-10-13/1759721255.json"
"512557","146154","2025-10-13","45.00","NZD","1759721255","23477/2025-10-13/1759721255.json"
"365170","146153","2025-10-13","48.00","NZD","1759721255","23477/2025-10-13/1759721255.json"
"510807","146155","2025-10-13","52.00","NZD","1759721255","23477/2025-10-13/1759721255.json"
"581513","221281","2025-10-14","36.00","NZD","1759721255","23477/2025-10-14/1759721255.json"
"581514","221282","2025-10-14","36.00","NZD","1759721255","23477/2025-10-14/1759721255.json"
"512557","146154","2025-10-14","45.00","NZD","1759721255","23477/2025-10-14/1759721255.json"
"365170","146153","2025-10-14","48.00","NZD","1759721255","23477/2025-10-14/1759721255.json"
"510807","146155","2025-10-14","52.00","NZD","1759721255","23477/2025-10-14/1759721255.json"
"581513","221281","2025-10-15","36.00","NZD","1759721255","23477/2025-10-15/1759721255.json"
"581514","221282","2025-10-15","36.00","NZD","1759721255","23477/2025-10-15/1759721255.json"
"512557","146154","2025-10-15","45.00","NZD","1759721255","23477/2025-10-15/1759721255.json"
"365170","146153","2025-10-15","48.00","NZD","1759721255","23477/2025-10-15/1759721255.json"
"510807","146155","2025-10-15","52.00","NZD","1759721255","23477/2025-10-15/1759721255.json"
"581513","221281","2025-10-17","36.00","NZD","1759721255","23477/2025-10-17/1759721255.json"
"581514","221282","2025-10-17","36.00","NZD","1759721255","23477/2025-10-17/1759721255.json"
"512557","146154","2025-10-17","45.00","NZD","1759721255","23477/2025-10-17/1759721255.json"
"365170","146153","2025-10-17","48.00","NZD","1759721255","23477/2025-10-17/1759721255.json"
"510807","146155","2025-10-17","52.00","NZD","1759721255","23477/2025-10-17/1759721255.json"
"581513","221281","2025-10-16","36.00","NZD","1759721255","23477/2025-10-16/1759721255.json"
"581514","221282","2025-10-16","36.00","NZD","1759721255","23477/2025-10-16/1759721255.json"
"512557","146154","2025-10-16","45.00","NZD","1759721255","23477/2025-10-16/1759721255.json"
"365170","146153","2025-10-16","48.00","NZD","1759721255","23477/2025-10-16/1759721255.json"
"510807","146155","2025-10-16","52.00","NZD","1759721255","23477/2025-10-16/1759721255.json"
"581513","221281","2025-10-18","36.00","NZD","1759721255","23477/2025-10-18/1759721255.json"
"581514","221282","2025-10-18","36.00","NZD","1759721255","23477/2025-10-18/1759721255.json"
"512557","146154","2025-10-18","45.00","NZD","1759721255","23477/2025-10-18/1759721255.json"
"365170","146153","2025-10-18","48.00","NZD","1759721255","23477/2025-10-18/1759721255.json"
"510807","146155","2025-10-18","52.00","NZD","1759721255","23477/2025-10-18/1759721255.json"
"581513","221281","2025-10-21","36.00","NZD","1759721255","23477/2025-10-21/1759721255.json"
"581514","221282","2025-10-21","36.00","NZD","1759721255","23477/2025-10-21/1759721255.json"
"512557","146154","2025-10-21","45.00","NZD","1759721255","23477/2025-10-21/1759721255.json"
"365170","146153","2025-10-21","48.00","NZD","1759721255","23477/2025-10-21/1759721255.json"
"510807","146155","2025-10-21","52.00","NZD","1759721255","23477/2025-10-21/1759721255.json"
"581513","221281","2025-10-20","36.00","NZD","1759721255","23477/2025-10-20/1759721255.json"
"581514","221282","2025-10-20","36.00","NZD","1759721255","23477/2025-10-20/1759721255.json"
"512557","146154","2025-10-20","45.00","NZD","1759721255","23477/2025-10-20/1759721255.json"
"365170","146153","2025-10-20","48.00","NZD","1759721255","23477/2025-10-20/1759721255.json"
"510807","146155","2025-10-20","52.00","NZD","1759721255","23477/2025-10-20/1759721255.json"
"581513","221281","2025-10-19","36.00","NZD","1759721255","23477/2025-10-19/1759721255.json"
"581514","221282","2025-10-19","36.00","NZD","1759721255","23477/2025-10-19/1759721255.json"
"512557","146154","2025-10-19","45.00","NZD","1759721255","23477/2025-10-19/1759721255.json"
"365170","146153","2025-10-19","48.00","NZD","1759721255","23477/2025-10-19/1759721255.json"
"510807","146155","2025-10-19","52.00","NZD","1759721255","23477/2025-10-19/1759721255.json"
"581513","221281","2025-10-23","36.00","NZD","1759721255","23477/2025-10-23/1759721255.json"
"581514","221282","2025-10-23","36.00","NZD","1759721255","23477/2025-10-23/1759721255.json"
"512557","146154","2025-10-23","45.00","NZD","1759721255","23477/2025-10-23/1759721255.json"
"365170","146153","2025-10-23","48.00","NZD","1759721255","23477/2025-10-23/1759721255.json"
"510807","146155","2025-10-23","52.00","NZD","1759721255","23477/2025-10-23/1759721255.json"
"581513","221281","2025-10-24","36.00","NZD","1759721255","23477/2025-10-24/1759721255.json"
"581514","221282","2025-10-24","36.00","NZD","1759721255","23477/2025-10-24/1759721255.json"
"512557","146154","2025-10-24","45.00","NZD","1759721255","23477/2025-10-24/1759721255.json"
"365170","146153","2025-10-24","48.00","NZD","1759721255","23477/2025-10-24/1759721255.json"
"510807","146155","2025-10-24","52.00","NZD","1759721255","23477/2025-10-24/1759721255.json"
"581513","221281","2025-10-22","36.00","NZD","1759721255","23477/2025-10-22/1759721255.json"
"581514","221282","2025-10-22","36.00","NZD","1759721255","23477/2025-10-22/1759721255.json"
"512557","146154","2025-10-22","45.00","NZD","1759721255","23477/2025-10-22/1759721255.json"
"365170","146153","2025-10-22","48.00","NZD","1759721255","23477/2025-10-22/1759721255.json"
"510807","146155","2025-10-22","52.00","NZD","1759721255","23477/2025-10-22/1759721255.json"
"581513","221281","2025-10-25","36.00","NZD","1759721255","23477/2025-10-25/1759721255.json"
"581514","221282","2025-10-25","36.00","NZD","1759721255","23477/2025-10-25/1759721255.json"
"512557","146154","2025-10-25","45.00","NZD","1759721255","23477/2025-10-25/1759721255.json"
"365170","146153","2025-10-25","48.00","NZD","1759721255","23477/2025-10-25/1759721255.json"
"510807","146155","2025-10-25","52.00","NZD","1759721255","23477/2025-10-25/1759721255.json"
"581513","221281","2025-10-26","36.00","NZD","1759721255","23477/2025-10-26/1759721255.json"
"581514","221282","2025-10-26","36.00","NZD","1759721255","23477/2025-10-26/1759721255.json"
"512557","146154","2025-10-26","45.00","NZD","1759721255","23477/2025-10-26/1759721255.json"
"365170","146153","2025-10-26","48.00","NZD","1759721255","23477/2025-10-26/1759721255.json"
"510807","146155","2025-10-26","52.00","NZD","1759721255","23477/2025-10-26/1759721255.json"
"581513","221281","2025-10-27","36.00","NZD","1759721255","23477/2025-10-27/1759721255.json"
"581514","221282","2025-10-27","36.00","NZD","1759721255","23477/2025-10-27/1759721255.json"
"512557","146154","2025-10-27","45.00","NZD","1759721255","23477/2025-10-27/1759721255.json"
"365170","146153","2025-10-27","48.00","NZD","1759721255","23477/2025-10-27/1759721255.json"
"510807","146155","2025-10-27","52.00","NZD","1759721255","23477/2025-10-27/1759721255.json"
"581513","221281","2025-10-28","36.00","NZD","1759721255","23477/2025-10-28/1759721255.json"
"581514","221282","2025-10-28","36.00","NZD","1759721255","23477/2025-10-28/1759721255.json"
"512557","146154","2025-10-28","45.00","NZD","1759721255","23477/2025-10-28/1759721255.json"
"365170","146153","2025-10-28","48.00","NZD","1759721255","23477/2025-10-28/1759721255.json"
"510807","146155","2025-10-28","52.00","NZD","1759721255","23477/2025-10-28/1759721255.json"
"581513","221281","2025-10-29","36.00","NZD","1759721255","23477/2025-10-29/1759721255.json"
"581514","221282","2025-10-29","36.00","NZD","1759721255","23477/2025-10-29/1759721255.json"
"512557","146154","2025-10-29","45.00","NZD","1759721255","23477/2025-10-29/1759721255.json"
"365170","146153","2025-10-29","48.00","NZD","1759721255","23477/2025-10-29/1759721255.json"
"510807","146155","2025-10-29","52.00","NZD","1759721255","23477/2025-10-29/1759721255.json"
"581513","221281","2025-10-30","36.00","NZD","1759721255","23477/2025-10-30/1759721255.json"
"581514","221282","2025-10-30","36.00","NZD","1759721255","23477/2025-10-30/1759721255.json"
"512557","146154","2025-10-30","45.00","NZD","1759721255","23477/2025-10-30/1759721255.json"
"365170","146153","2025-10-30","48.00","NZD","1759721255","23477/2025-10-30/1759721255.json"
"510807","146155","2025-10-30","52.00","NZD","1759721255","23477/2025-10-30/1759721255.json"
"581513","221281","2025-10-31","36.00","NZD","1759721255","23477/2025-10-31/1759721255.json"
"581514","221282","2025-10-31","36.00","NZD","1759721255","23477/2025-10-31/1759721255.json"
"512557","146154","2025-10-31","45.00","NZD","1759721255","23477/2025-10-31/1759721255.json"
"365170","146153","2025-10-31","48.00","NZD","1759721255","23477/2025-10-31/1759721255.json"
"510807","146155","2025-10-31","52.00","NZD","1759721255","23477/2025-10-31/1759721255.json"
"581513","221281","2025-11-02","36.00","NZD","1759721255","23477/2025-11-02/1759721255.json"
"581514","221282","2025-11-02","36.00","NZD","1759721255","23477/2025-11-02/1759721255.json"
"512557","146154","2025-11-02","45.00","NZD","1759721255","23477/2025-11-02/1759721255.json"
"365170","146153","2025-11-02","48.00","NZD","1759721255","23477/2025-11-02/1759721255.json"
"510807","146155","2025-11-02","52.00","NZD","1759721255","23477/2025-11-02/1759721255.json"
"581513","221281","2025-11-01","36.00","NZD","1759721255","23477/2025-11-01/1759721255.json"
"581514","221282","2025-11-01","36.00","NZD","1759721255","23477/2025-11-01/1759721255.json"
"512557","146154","2025-11-01","45.00","NZD","1759721255","23477/2025-11-01/1759721255.json"
"365170","146153","2025-11-01","48.00","NZD","1759721255","23477/2025-11-01/1759721255.json"
"510807","146155","2025-11-01","52.00","NZD","1759721255","23477/2025-11-01/1759721255.json"
"581513","221281","2025-11-03","36.00","NZD","1759721255","23477/2025-11-03/1759721255.json"
"581514","221282","2025-11-03","36.00","NZD","1759721255","23477/2025-11-03/1759721255.json"
"512557","146154","2025-11-03","45.00","NZD","1759721255","23477/2025-11-03/1759721255.json"
"365170","146153","2025-11-03","48.00","NZD","1759721255","23477/2025-11-03/1759721255.json"
"510807","146155","2025-11-03","52.00","NZD","1759721255","23477/2025-11-03/1759721255.json"
"581513","221281","2025-11-04","36.00","NZD","1759721255","23477/2025-11-04/1759721255.json"
"581514","221282","2025-11-04","36.00","NZD","1759721255","23477/2025-11-04/1759721255.json"
"512557","146154","2025-11-04","45.00","NZD","1759721255","23477/2025-11-04/1759721255.json"
"365170","146153","2025-11-04","48.00","NZD","1759721255","23477/2025-11-04/1759721255.json"
"510807","146155","2025-11-04","52.00","NZD","1759721255","23477/2025-11-04/1759721255.json"
"581513","221281","2025-11-05","36.00","NZD","1759721255","23477/2025-11-05/1759721255.json"
"581513","221281","2025-11-06","36.00","NZD","1759721255","23477/2025-11-06/1759721255.json"
"581514","221282","2025-11-05","36.00","NZD","1759721255","23477/2025-11-05/1759721255.json"
"581514","221282","2025-11-06","36.00","NZD","1759721255","23477/2025-11-06/1759721255.json"
"512557","146154","2025-11-06","45.00","NZD","1759721255","23477/2025-11-06/1759721255.json"
"512557","146154","2025-11-05","45.00","NZD","1759721255","23477/2025-11-05/1759721255.json"
"365170","146153","2025-11-06","48.00","NZD","1759721255","23477/2025-11-06/1759721255.json"
"510807","146155","2025-11-06","52.00","NZD","1759721255","23477/2025-11-06/1759721255.json"
"365170","146153","2025-11-05","48.00","NZD","1759721255","23477/2025-11-05/1759721255.json"
"510807","146155","2025-11-05","52.00","NZD","1759721255","23477/2025-11-05/1759721255.json"
"581513","221281","2025-11-07","36.00","NZD","1759721255","23477/2025-11-07/1759721255.json"
"581514","221282","2025-11-07","36.00","NZD","1759721255","23477/2025-11-07/1759721255.json"
"512557","146154","2025-11-07","45.00","NZD","1759721255","23477/2025-11-07/1759721255.json"
"365170","146153","2025-11-07","48.00","NZD","1759721255","23477/2025-11-07/1759721255.json"
"510807","146155","2025-11-07","52.00","NZD","1759721255","23477/2025-11-07/1759721255.json"
"581513","221281","2025-11-08","36.00","NZD","1759721255","23477/2025-11-08/1759721255.json"
"581514","221282","2025-11-08","36.00","NZD","1759721255","23477/2025-11-08/1759721255.json"
"512557","146154","2025-11-08","45.00","NZD","1759721255","23477/2025-11-08/1759721255.json"
"365170","146153","2025-11-08","48.00","NZD","1759721255","23477/2025-11-08/1759721255.json"
"510807","146155","2025-11-08","52.00","NZD","1759721255","23477/2025-11-08/1759721255.json"
"581513","221281","2025-11-10","36.00","NZD","1759721255","23477/2025-11-10/1759721255.json"
"581514","221282","2025-11-10","36.00","NZD","1759721255","23477/2025-11-10/1759721255.json"
"512557","146154","2025-11-10","45.00","NZD","1759721255","23477/2025-11-10/1759721255.json"
"365170","146153","2025-11-10","48.00","NZD","1759721255","23477/2025-11-10/1759721255.json"
"510807","146155","2025-11-10","52.00","NZD","1759721255","23477/2025-11-10/1759721255.json"
"581513","221281","2025-11-09","36.00","NZD","1759721255","23477/2025-11-09/1759721255.json"
"581514","221282","2025-11-09","36.00","NZD","1759721255","23477/2025-11-09/1759721255.json"
"512557","146154","2025-11-09","45.00","NZD","1759721255","23477/2025-11-09/1759721255.json"
"365170","146153","2025-11-09","48.00","NZD","1759721255","23477/2025-11-09/1759721255.json"
"510807","146155","2025-11-09","52.00","NZD","1759721255","23477/2025-11-09/1759721255.json"
"581513","221281","2025-11-11","36.00","NZD","1759721255","23477/2025-11-11/1759721255.json"
"581514","221282","2025-11-11","36.00","NZD","1759721255","23477/2025-11-11/1759721255.json"
"512557","146154","2025-11-11","45.00","NZD","1759721255","23477/2025-11-11/1759721255.json"
"365170","146153","2025-11-11","48.00","NZD","1759721255","23477/2025-11-11/1759721255.json"
"510807","146155","2025-11-11","52.00","NZD","1759721255","23477/2025-11-11/1759721255.json"
"581513","221281","2025-11-12","36.00","NZD","1759721255","23477/2025-11-12/1759721255.json"
"581514","221282","2025-11-12","36.00","NZD","1759721255","23477/2025-11-12/1759721255.json"
"512557","146154","2025-11-12","45.00","NZD","1759721255","23477/2025-11-12/1759721255.json"
"365170","146153","2025-11-12","48.00","NZD","1759721255","23477/2025-11-12/1759721255.json"
"510807","146155","2025-11-12","52.00","NZD","1759721255","23477/2025-11-12/1759721255.json"
"581513","221281","2025-11-14","36.00","NZD","1759721255","23477/2025-11-14/1759721255.json"
"581514","221282","2025-11-14","36.00","NZD","1759721255","23477/2025-11-14/1759721255.json"
"512557","146154","2025-11-14","45.00","NZD","1759721255","23477/2025-11-14/1759721255.json"
"365170","146153","2025-11-14","48.00","NZD","1759721255","23477/2025-11-14/1759721255.json"
"510807","146155","2025-11-14","52.00","NZD","1759721255","23477/2025-11-14/1759721255.json"
"581513","221281","2025-11-13","36.00","NZD","1759721255","23477/2025-11-13/1759721255.json"
"581514","221282","2025-11-13","36.00","NZD","1759721255","23477/2025-11-13/1759721255.json"
"512557","146154","2025-11-13","45.00","NZD","1759721255","23477/2025-11-13/1759721255.json"
"365170","146153","2025-11-13","48.00","NZD","1759721255","23477/2025-11-13/1759721255.json"
"510807","146155","2025-11-13","52.00","NZD","1759721255","23477/2025-11-13/1759721255.json"
"581513","221281","2025-11-15","36.00","NZD","1759721255","23477/2025-11-15/1759721255.json"
"581514","221282","2025-11-15","36.00","NZD","1759721255","23477/2025-11-15/1759721255.json"
"512557","146154","2025-11-15","45.00","NZD","1759721255","23477/2025-11-15/1759721255.json"
"365170","146153","2025-11-15","48.00","NZD","1759721255","23477/2025-11-15/1759721255.json"
"510807","146155","2025-11-15","52.00","NZD","1759721255","23477/2025-11-15/1759721255.json"
"581513","221281","2025-11-16","36.00","NZD","1759721255","23477/2025-11-16/1759721255.json"
"581514","221282","2025-11-16","36.00","NZD","1759721255","23477/2025-11-16/1759721255.json"
"512557","146154","2025-11-16","45.00","NZD","1759721255","23477/2025-11-16/1759721255.json"
"365170","146153","2025-11-16","48.00","NZD","1759721255","23477/2025-11-16/1759721255.json"
"510807","146155","2025-11-16","52.00","NZD","1759721255","23477/2025-11-16/1759721255.json"
"581513","221281","2025-11-18","36.00","NZD","1759721255","23477/2025-11-18/1759721255.json"
"581514","221282","2025-11-18","36.00","NZD","1759721255","23477/2025-11-18/1759721255.json"
"512557","146154","2025-11-18","45.00","NZD","1759721255","23477/2025-11-18/1759721255.json"
"365170","146153","2025-11-18","48.00","NZD","1759721255","23477/2025-11-18/1759721255.json"
"510807","146155","2025-11-18","52.00","NZD","1759721255","23477/2025-11-18/1759721255.json"
"581513","221281","2025-11-17","36.00","NZD","1759721255","23477/2025-11-17/1759721255.json"
"581514","221282","2025-11-17","36.00","NZD","1759721255","23477/2025-11-17/1759721255.json"
"512557","146154","2025-11-17","45.00","NZD","1759721255","23477/2025-11-17/1759721255.json"
"365170","146153","2025-11-17","48.00","NZD","1759721255","23477/2025-11-17/1759721255.json"
"510807","146155","2025-11-17","52.00","NZD","1759721255","23477/2025-11-17/1759721255.json"
"581513","221281","2025-11-21","36.00","NZD","1759721255","23477/2025-11-21/1759721255.json"
"581513","221281","2025-11-20","36.00","NZD","1759721255","23477/2025-11-20/1759721255.json"
"581514","221282","2025-11-21","36.00","NZD","1759721255","23477/2025-11-21/1759721255.json"
"581514","221282","2025-11-20","36.00","NZD","1759721255","23477/2025-11-20/1759721255.json"
"512557","146154","2025-11-20","45.00","NZD","1759721255","23477/2025-11-20/1759721255.json"
"512557","146154","2025-11-21","45.00","NZD","1759721255","23477/2025-11-21/1759721255.json"
"365170","146153","2025-11-21","48.00","NZD","1759721255","23477/2025-11-21/1759721255.json"
"510807","146155","2025-11-21","52.00","NZD","1759721255","23477/2025-11-21/1759721255.json"
"581513","221281","2025-11-19","36.00","NZD","1759721255","23477/2025-11-19/1759721255.json"
"581514","221282","2025-11-19","36.00","NZD","1759721255","23477/2025-11-19/1759721255.json"
"512557","146154","2025-11-19","45.00","NZD","1759721255","23477/2025-11-19/1759721255.json"
"365170","146153","2025-11-19","48.00","NZD","1759721255","23477/2025-11-19/1759721255.json"
"510807","146155","2025-11-19","52.00","NZD","1759721255","23477/2025-11-19/1759721255.json"
"581513","221281","2025-11-22","36.00","NZD","1759721255","23477/2025-11-22/1759721255.json"
"581514","221282","2025-11-22","36.00","NZD","1759721255","23477/2025-11-22/1759721255.json"
"512557","146154","2025-11-22","45.00","NZD","1759721255","23477/2025-11-22/1759721255.json"
"365170","146153","2025-11-22","48.00","NZD","1759721255","23477/2025-11-22/1759721255.json"
"510807","146155","2025-11-22","52.00","NZD","1759721255","23477/2025-11-22/1759721255.json"
"581513","221281","2025-11-23","36.00","NZD","1759721255","23477/2025-11-23/1759721255.json"
"581514","221282","2025-11-23","36.00","NZD","1759721255","23477/2025-11-23/1759721255.json"
"512557","146154","2025-11-23","45.00","NZD","1759721255","23477/2025-11-23/1759721255.json"
"365170","146153","2025-11-23","48.00","NZD","1759721255","23477/2025-11-23/1759721255.json"
"510807","146155","2025-11-23","52.00","NZD","1759721255","23477/2025-11-23/1759721255.json"
"581513","221281","2025-11-24","36.00","NZD","1759721255","23477/2025-11-24/1759721255.json"
"581514","221282","2025-11-24","36.00","NZD","1759721255","23477/2025-11-24/1759721255.json"
"512557","146154","2025-11-24","45.00","NZD","1759721255","23477/2025-11-24/1759721255.json"
"365170","146153","2025-11-24","48.00","NZD","1759721255","23477/2025-11-24/1759721255.json"
"510807","146155","2025-11-24","52.00","NZD","1759721255","23477/2025-11-24/1759721255.json"
"581513","221281","2025-11-25","36.00","NZD","1759721255","23477/2025-11-25/1759721255.json"
"581514","221282","2025-11-25","36.00","NZD","1759721255","23477/2025-11-25/1759721255.json"
"512557","146154","2025-11-25","45.00","NZD","1759721255","23477/2025-11-25/1759721255.json"
"365170","146153","2025-11-25","48.00","NZD","1759721255","23477/2025-11-25/1759721255.json"
"510807","146155","2025-11-25","52.00","NZD","1759721255","23477/2025-11-25/1759721255.json"
"581513","221281","2025-11-26","36.00","NZD","1759721255","23477/2025-11-26/1759721255.json"
"581514","221282","2025-11-26","36.00","NZD","1759721255","23477/2025-11-26/1759721255.json"
"512557","146154","2025-11-26","45.00","NZD","1759721255","23477/2025-11-26/1759721255.json"
"365170","146153","2025-11-26","48.00","NZD","1759721255","23477/2025-11-26/1759721255.json"
"510807","146155","2025-11-26","52.00","NZD","1759721255","23477/2025-11-26/1759721255.json"
"581513","221281","2025-11-28","36.00","NZD","1759721255","23477/2025-11-28/1759721255.json"
"581514","221282","2025-11-28","36.00","NZD","1759721255","23477/2025-11-28/1759721255.json"
"512557","146154","2025-11-28","45.00","NZD","1759721255","23477/2025-11-28/1759721255.json"
"365170","146153","2025-11-28","48.00","NZD","1759721255","23477/2025-11-28/1759721255.json"
"510807","146155","2025-11-28","52.00","NZD","1759721255","23477/2025-11-28/1759721255.json"
"581513","221281","2025-11-27","36.00","NZD","1759721255","23477/2025-11-27/1759721255.json"
"581514","221282","2025-11-27","36.00","NZD","1759721255","23477/2025-11-27/1759721255.json"
"512557","146154","2025-11-27","45.00","NZD","1759721255","23477/2025-11-27/1759721255.json"
"365170","146153","2025-11-27","48.00","NZD","1759721255","23477/2025-11-27/1759721255.json"
"510807","146155","2025-11-27","52.00","NZD","1759721255","23477/2025-11-27/1759721255.json"
"581513","221281","2025-11-29","36.00","NZD","1759721255","23477/2025-11-29/1759721255.json"
"581514","221282","2025-11-29","36.00","NZD","1759721255","23477/2025-11-29/1759721255.json"
"512557","146154","2025-11-29","45.00","NZD","1759721255","23477/2025-11-29/1759721255.json"
"365170","146153","2025-11-29","48.00","NZD","1759721255","23477/2025-11-29/1759721255.json"
"510807","146155","2025-11-29","52.00","NZD","1759721255","23477/2025-11-29/1759721255.json"
"581513","221281","2025-11-30","36.00","NZD","1759721255","23477/2025-11-30/1759721255.json"
"581514","221282","2025-11-30","36.00","NZD","1759721255","23477/2025-11-30/1759721255.json"
"512557","146154","2025-11-30","45.00","NZD","1759721255","23477/2025-11-30/1759721255.json"
"365170","146153","2025-11-30","48.00","NZD","1759721255","23477/2025-11-30/1759721255.json"
"510807","146155","2025-11-30","52.00","NZD","1759721255","23477/2025-11-30/1759721255.json"
"581513","221281","2025-12-02","36.00","NZD","1759721255","23477/2025-12-02/1759721255.json"
"581514","221282","2025-12-02","36.00","NZD","1759721255","23477/2025-12-02/1759721255.json"
"512557","146154","2025-12-02","45.00","NZD","1759721255","23477/2025-12-02/1759721255.json"
"365170","146153","2025-12-02","48.00","NZD","1759721255","23477/2025-12-02/1759721255.json"
"510807","146155","2025-12-02","52.00","NZD","1759721255","23477/2025-12-02/1759721255.json"
"581513","221281","2025-12-03","36.00","NZD","1759721255","23477/2025-12-03/1759721255.json"
"581514","221282","2025-12-03","36.00","NZD","1759721255","23477/2025-12-03/1759721255.json"
"512557","146154","2025-12-03","45.00","NZD","1759721255","23477/2025-12-03/1759721255.json"
"365170","146153","2025-12-03","48.00","NZD","1759721255","23477/2025-12-03/1759721255.json"
"510807","146155","2025-12-03","52.00","NZD","1759721255","23477/2025-12-03/1759721255.json"
"581513","221281","2025-12-01","36.00","NZD","1759721255","23477/2025-12-01/1759721255.json"
"581514","221282","2025-12-01","36.00","NZD","1759721255","23477/2025-12-01/1759721255.json"
"512557","146154","2025-12-01","45.00","NZD","1759721255","23477/2025-12-01/1759721255.json"
"365170","146153","2025-12-01","48.00","NZD","1759721255","23477/2025-12-01/1759721255.json"
"510807","146155","2025-12-01","52.00","NZD","1759721255","23477/2025-12-01/1759721255.json"
"581513","221281","2025-12-04","36.00","NZD","1759721255","23477/2025-12-04/1759721255.json"
"581514","221282","2025-12-04","36.00","NZD","1759721255","23477/2025-12-04/1759721255.json"
"512557","146154","2025-12-04","45.00","NZD","1759721255","23477/2025-12-04/1759721255.json"
"365170","146153","2025-12-04","48.00","NZD","1759721255","23477/2025-12-04/1759721255.json"
"510807","146155","2025-12-04","52.00","NZD","1759721255","23477/2025-12-04/1759721255.json"
"581513","221281","2025-12-05","36.00","NZD","1759721255","23477/2025-12-05/1759721255.json"
"581514","221282","2025-12-05","36.00","NZD","1759721255","23477/2025-12-05/1759721255.json"
"512557","146154","2025-12-05","45.00","NZD","1759721255","23477/2025-12-05/1759721255.json"
"365170","146153","2025-12-05","48.00","NZD","1759721255","23477/2025-12-05/1759721255.json"
"510807","146155","2025-12-05","52.00","NZD","1759721255","23477/2025-12-05/1759721255.json"
"581513","221281","2025-10-08","36.00","NZD","1759726551","23477/2025-10-08/1759726551.json"
"581514","221282","2025-10-08","36.00","NZD","1759726551","23477/2025-10-08/1759726551.json"
"512557","146154","2025-10-08","45.00","NZD","1759726551","23477/2025-10-08/1759726551.json"
"365170","146153","2025-10-08","48.00","NZD","1759726551","23477/2025-10-08/1759726551.json"
"510807","146155","2025-10-08","52.00","NZD","1759726551","23477/2025-10-08/1759726551.json"
"581513","221281","2025-10-07","36.00","NZD","1759726551","23477/2025-10-07/1759726551.json"
"581514","221282","2025-10-07","36.00","NZD","1759726551","23477/2025-10-07/1759726551.json"
"512557","146154","2025-10-07","45.00","NZD","1759726551","23477/2025-10-07/1759726551.json"
"365170","146153","2025-10-07","48.00","NZD","1759726551","23477/2025-10-07/1759726551.json"
"510807","146155","2025-10-07","52.00","NZD","1759726551","23477/2025-10-07/1759726551.json"
"581513","221281","2025-10-09","36.00","NZD","1759726551","23477/2025-10-09/1759726551.json"
"581514","221282","2025-10-09","36.00","NZD","1759726551","23477/2025-10-09/1759726551.json"
"512557","146154","2025-10-09","45.00","NZD","1759726551","23477/2025-10-09/1759726551.json"
"365170","146153","2025-10-09","48.00","NZD","1759726551","23477/2025-10-09/1759726551.json"
"510807","146155","2025-10-09","52.00","NZD","1759726551","23477/2025-10-09/1759726551.json"
"581513","221281","2025-10-06","36.00","NZD","1759726551","23477/2025-10-06/1759726551.json"
"581514","221282","2025-10-06","36.00","NZD","1759726551","23477/2025-10-06/1759726551.json"
"512557","146154","2025-10-06","45.00","NZD","1759726551","23477/2025-10-06/1759726551.json"
"365170","146153","2025-10-06","48.00","NZD","1759726551","23477/2025-10-06/1759726551.json"
"510807","146155","2025-10-06","52.00","NZD","1759726551","23477/2025-10-06/1759726551.json"
"581513","221281","2025-10-10","36.00","NZD","1759726551","23477/2025-10-10/1759726551.json"
"581514","221282","2025-10-10","36.00","NZD","1759726551","23477/2025-10-10/1759726551.json"
"512557","146154","2025-10-10","45.00","NZD","1759726551","23477/2025-10-10/1759726551.json"
"365170","146153","2025-10-10","48.00","NZD","1759726551","23477/2025-10-10/1759726551.json"
"510807","146155","2025-10-10","52.00","NZD","1759726551","23477/2025-10-10/1759726551.json"
"581513","221281","2025-10-12","36.00","NZD","1759726551","23477/2025-10-12/1759726551.json"
"581514","221282","2025-10-12","36.00","NZD","1759726551","23477/2025-10-12/1759726551.json"
"512557","146154","2025-10-12","45.00","NZD","1759726551","23477/2025-10-12/1759726551.json"
"365170","146153","2025-10-12","48.00","NZD","1759726551","23477/2025-10-12/1759726551.json"
"510807","146155","2025-10-12","52.00","NZD","1759726551","23477/2025-10-12/1759726551.json"
"581513","221281","2025-10-11","36.00","NZD","1759726551","23477/2025-10-11/1759726551.json"
"581514","221282","2025-10-11","36.00","NZD","1759726551","23477/2025-10-11/1759726551.json"
"512557","146154","2025-10-11","45.00","NZD","1759726551","23477/2025-10-11/1759726551.json"
"365170","146153","2025-10-11","48.00","NZD","1759726551","23477/2025-10-11/1759726551.json"
"510807","146155","2025-10-11","52.00","NZD","1759726551","23477/2025-10-11/1759726551.json"
"581513","221281","2025-10-14","36.00","NZD","1759726551","23477/2025-10-14/1759726551.json"
"581514","221282","2025-10-14","36.00","NZD","1759726551","23477/2025-10-14/1759726551.json"
"512557","146154","2025-10-14","45.00","NZD","1759726551","23477/2025-10-14/1759726551.json"
"365170","146153","2025-10-14","48.00","NZD","1759726551","23477/2025-10-14/1759726551.json"
"510807","146155","2025-10-14","52.00","NZD","1759726551","23477/2025-10-14/1759726551.json"
"581513","221281","2025-10-13","36.00","NZD","1759726551","23477/2025-10-13/1759726551.json"
"581514","221282","2025-10-13","36.00","NZD","1759726551","23477/2025-10-13/1759726551.json"
"512557","146154","2025-10-13","45.00","NZD","1759726551","23477/2025-10-13/1759726551.json"
"365170","146153","2025-10-13","48.00","NZD","1759726551","23477/2025-10-13/1759726551.json"
"510807","146155","2025-10-13","52.00","NZD","1759726551","23477/2025-10-13/1759726551.json"
"581513","221281","2025-10-15","36.00","NZD","1759726551","23477/2025-10-15/1759726551.json"
"581514","221282","2025-10-15","36.00","NZD","1759726551","23477/2025-10-15/1759726551.json"
"512557","146154","2025-10-15","45.00","NZD","1759726551","23477/2025-10-15/1759726551.json"
"365170","146153","2025-10-15","48.00","NZD","1759726551","23477/2025-10-15/1759726551.json"
"510807","146155","2025-10-15","52.00","NZD","1759726551","23477/2025-10-15/1759726551.json"
"581513","221281","2025-10-16","36.00","NZD","1759726551","23477/2025-10-16/1759726551.json"
"581514","221282","2025-10-16","36.00","NZD","1759726551","23477/2025-10-16/1759726551.json"
"512557","146154","2025-10-16","45.00","NZD","1759726551","23477/2025-10-16/1759726551.json"
"365170","146153","2025-10-16","48.00","NZD","1759726551","23477/2025-10-16/1759726551.json"
"510807","146155","2025-10-16","52.00","NZD","1759726551","23477/2025-10-16/1759726551.json"
"581513","221281","2025-10-17","36.00","NZD","1759726551","23477/2025-10-17/1759726551.json"
"581514","221282","2025-10-17","36.00","NZD","1759726551","23477/2025-10-17/1759726551.json"
"512557","146154","2025-10-17","45.00","NZD","1759726551","23477/2025-10-17/1759726551.json"
"365170","146153","2025-10-17","48.00","NZD","1759726551","23477/2025-10-17/1759726551.json"
"510807","146155","2025-10-17","52.00","NZD","1759726551","23477/2025-10-17/1759726551.json"
"581513","221281","2025-10-18","36.00","NZD","1759726551","23477/2025-10-18/1759726551.json"
"581514","221282","2025-10-18","36.00","NZD","1759726551","23477/2025-10-18/1759726551.json"
"512557","146154","2025-10-18","45.00","NZD","1759726551","23477/2025-10-18/1759726551.json"
"365170","146153","2025-10-18","48.00","NZD","1759726551","23477/2025-10-18/1759726551.json"
"510807","146155","2025-10-18","52.00","NZD","1759726551","23477/2025-10-18/1759726551.json"
"581513","221281","2025-10-19","36.00","NZD","1759726551","23477/2025-10-19/1759726551.json"
"581514","221282","2025-10-19","36.00","NZD","1759726551","23477/2025-10-19/1759726551.json"
"512557","146154","2025-10-19","45.00","NZD","1759726551","23477/2025-10-19/1759726551.json"
"365170","146153","2025-10-19","48.00","NZD","1759726551","23477/2025-10-19/1759726551.json"
"510807","146155","2025-10-19","52.00","NZD","1759726551","23477/2025-10-19/1759726551.json"
"581513","221281","2025-10-20","36.00","NZD","1759726551","23477/2025-10-20/1759726551.json"
"581514","221282","2025-10-20","36.00","NZD","1759726551","23477/2025-10-20/1759726551.json"
"512557","146154","2025-10-20","45.00","NZD","1759726551","23477/2025-10-20/1759726551.json"
"365170","146153","2025-10-20","48.00","NZD","1759726551","23477/2025-10-20/1759726551.json"
"510807","146155","2025-10-20","52.00","NZD","1759726551","23477/2025-10-20/1759726551.json"
"581513","221281","2025-10-21","36.00","NZD","1759726551","23477/2025-10-21/1759726551.json"
"581514","221282","2025-10-21","36.00","NZD","1759726551","23477/2025-10-21/1759726551.json"
"512557","146154","2025-10-21","45.00","NZD","1759726551","23477/2025-10-21/1759726551.json"
"365170","146153","2025-10-21","48.00","NZD","1759726551","23477/2025-10-21/1759726551.json"
"510807","146155","2025-10-21","52.00","NZD","1759726551","23477/2025-10-21/1759726551.json"
"581513","221281","2025-10-22","36.00","NZD","1759726551","23477/2025-10-22/1759726551.json"
"581514","221282","2025-10-22","36.00","NZD","1759726551","23477/2025-10-22/1759726551.json"
"512557","146154","2025-10-22","45.00","NZD","1759726551","23477/2025-10-22/1759726551.json"
"365170","146153","2025-10-22","48.00","NZD","1759726551","23477/2025-10-22/1759726551.json"
"510807","146155","2025-10-22","52.00","NZD","1759726551","23477/2025-10-22/1759726551.json"
"581513","221281","2025-10-23","36.00","NZD","1759726551","23477/2025-10-23/1759726551.json"
"581514","221282","2025-10-23","36.00","NZD","1759726551","23477/2025-10-23/1759726551.json"
"512557","146154","2025-10-23","45.00","NZD","1759726551","23477/2025-10-23/1759726551.json"
"365170","146153","2025-10-23","48.00","NZD","1759726551","23477/2025-10-23/1759726551.json"
"510807","146155","2025-10-23","52.00","NZD","1759726551","23477/2025-10-23/1759726551.json"
"581513","221281","2025-10-25","36.00","NZD","1759726551","23477/2025-10-25/1759726551.json"
"581514","221282","2025-10-25","36.00","NZD","1759726551","23477/2025-10-25/1759726551.json"
"512557","146154","2025-10-25","45.00","NZD","1759726551","23477/2025-10-25/1759726551.json"
"365170","146153","2025-10-25","48.00","NZD","1759726551","23477/2025-10-25/1759726551.json"
"510807","146155","2025-10-25","52.00","NZD","1759726551","23477/2025-10-25/1759726551.json"
"581513","221281","2025-10-26","36.00","NZD","1759726551","23477/2025-10-26/1759726551.json"
"581514","221282","2025-10-26","36.00","NZD","1759726551","23477/2025-10-26/1759726551.json"
"512557","146154","2025-10-26","45.00","NZD","1759726551","23477/2025-10-26/1759726551.json"
"365170","146153","2025-10-26","48.00","NZD","1759726551","23477/2025-10-26/1759726551.json"
"510807","146155","2025-10-26","52.00","NZD","1759726551","23477/2025-10-26/1759726551.json"
"581513","221281","2025-10-24","36.00","NZD","1759726551","23477/2025-10-24/1759726551.json"
"581514","221282","2025-10-24","36.00","NZD","1759726551","23477/2025-10-24/1759726551.json"
"512557","146154","2025-10-24","45.00","NZD","1759726551","23477/2025-10-24/1759726551.json"
"365170","146153","2025-10-24","48.00","NZD","1759726551","23477/2025-10-24/1759726551.json"
"510807","146155","2025-10-24","52.00","NZD","1759726551","23477/2025-10-24/1759726551.json"
"581513","221281","2025-10-27","36.00","NZD","1759726551","23477/2025-10-27/1759726551.json"
"581514","221282","2025-10-27","36.00","NZD","1759726551","23477/2025-10-27/1759726551.json"
"512557","146154","2025-10-27","45.00","NZD","1759726551","23477/2025-10-27/1759726551.json"
"365170","146153","2025-10-27","48.00","NZD","1759726551","23477/2025-10-27/1759726551.json"
"510807","146155","2025-10-27","52.00","NZD","1759726551","23477/2025-10-27/1759726551.json"
"581513","221281","2025-10-28","36.00","NZD","1759726551","23477/2025-10-28/1759726551.json"
"581514","221282","2025-10-28","36.00","NZD","1759726551","23477/2025-10-28/1759726551.json"
"512557","146154","2025-10-28","45.00","NZD","1759726551","23477/2025-10-28/1759726551.json"
"365170","146153","2025-10-28","48.00","NZD","1759726551","23477/2025-10-28/1759726551.json"
"510807","146155","2025-10-28","52.00","NZD","1759726551","23477/2025-10-28/1759726551.json"
"581513","221281","2025-10-31","36.00","NZD","1759726551","23477/2025-10-31/1759726551.json"
"581514","221282","2025-10-31","36.00","NZD","1759726551","23477/2025-10-31/1759726551.json"
"512557","146154","2025-10-31","45.00","NZD","1759726551","23477/2025-10-31/1759726551.json"
"365170","146153","2025-10-31","48.00","NZD","1759726551","23477/2025-10-31/1759726551.json"
"510807","146155","2025-10-31","52.00","NZD","1759726551","23477/2025-10-31/1759726551.json"
"581513","221281","2025-10-29","36.00","NZD","1759726551","23477/2025-10-29/1759726551.json"
"581514","221282","2025-10-29","36.00","NZD","1759726551","23477/2025-10-29/1759726551.json"
"512557","146154","2025-10-29","45.00","NZD","1759726551","23477/2025-10-29/1759726551.json"
"365170","146153","2025-10-29","48.00","NZD","1759726551","23477/2025-10-29/1759726551.json"
"510807","146155","2025-10-29","52.00","NZD","1759726551","23477/2025-10-29/1759726551.json"
"581513","221281","2025-11-02","36.00","NZD","1759726551","23477/2025-11-02/1759726551.json"
"581514","221282","2025-11-02","36.00","NZD","1759726551","23477/2025-11-02/1759726551.json"
"512557","146154","2025-11-02","45.00","NZD","1759726551","23477/2025-11-02/1759726551.json"
"365170","146153","2025-11-02","48.00","NZD","1759726551","23477/2025-11-02/1759726551.json"
"510807","146155","2025-11-02","52.00","NZD","1759726551","23477/2025-11-02/1759726551.json"
"581513","221281","2025-11-01","36.00","NZD","1759726551","23477/2025-11-01/1759726551.json"
"581514","221282","2025-11-01","36.00","NZD","1759726551","23477/2025-11-01/1759726551.json"
"512557","146154","2025-11-01","45.00","NZD","1759726551","23477/2025-11-01/1759726551.json"
"365170","146153","2025-11-01","48.00","NZD","1759726551","23477/2025-11-01/1759726551.json"
"510807","146155","2025-11-01","52.00","NZD","1759726551","23477/2025-11-01/1759726551.json"
"581513","221281","2025-10-30","36.00","NZD","1759726551","23477/2025-10-30/1759726551.json"
"581514","221282","2025-10-30","36.00","NZD","1759726551","23477/2025-10-30/1759726551.json"
"512557","146154","2025-10-30","45.00","NZD","1759726551","23477/2025-10-30/1759726551.json"
"365170","146153","2025-10-30","48.00","NZD","1759726551","23477/2025-10-30/1759726551.json"
"510807","146155","2025-10-30","52.00","NZD","1759726551","23477/2025-10-30/1759726551.json"
"581513","221281","2025-11-03","36.00","NZD","1759726551","23477/2025-11-03/1759726551.json"
"581514","221282","2025-11-03","36.00","NZD","1759726551","23477/2025-11-03/1759726551.json"
"512557","146154","2025-11-03","45.00","NZD","1759726551","23477/2025-11-03/1759726551.json"
"365170","146153","2025-11-03","48.00","NZD","1759726551","23477/2025-11-03/1759726551.json"
"510807","146155","2025-11-03","52.00","NZD","1759726551","23477/2025-11-03/1759726551.json"
"581513","221281","2025-11-04","36.00","NZD","1759726551","23477/2025-11-04/1759726551.json"
"581514","221282","2025-11-04","36.00","NZD","1759726551","23477/2025-11-04/1759726551.json"
"512557","146154","2025-11-04","45.00","NZD","1759726551","23477/2025-11-04/1759726551.json"
"365170","146153","2025-11-04","48.00","NZD","1759726551","23477/2025-11-04/1759726551.json"
"510807","146155","2025-11-04","52.00","NZD","1759726551","23477/2025-11-04/1759726551.json"
"581513","221281","2025-11-05","36.00","NZD","1759726551","23477/2025-11-05/1759726551.json"
"581514","221282","2025-11-05","36.00","NZD","1759726551","23477/2025-11-05/1759726551.json"
"512557","146154","2025-11-05","45.00","NZD","1759726551","23477/2025-11-05/1759726551.json"
"365170","146153","2025-11-05","48.00","NZD","1759726551","23477/2025-11-05/1759726551.json"
"510807","146155","2025-11-05","52.00","NZD","1759726551","23477/2025-11-05/1759726551.json"
"581513","221281","2025-11-07","36.00","NZD","1759726551","23477/2025-11-07/1759726551.json"
"581514","221282","2025-11-07","36.00","NZD","1759726551","23477/2025-11-07/1759726551.json"
"512557","146154","2025-11-07","45.00","NZD","1759726551","23477/2025-11-07/1759726551.json"
"365170","146153","2025-11-07","48.00","NZD","1759726551","23477/2025-11-07/1759726551.json"
"510807","146155","2025-11-07","52.00","NZD","1759726551","23477/2025-11-07/1759726551.json"
"581513","221281","2025-11-08","36.00","NZD","1759726551","23477/2025-11-08/1759726551.json"
"581514","221282","2025-11-08","36.00","NZD","1759726551","23477/2025-11-08/1759726551.json"
"512557","146154","2025-11-08","45.00","NZD","1759726551","23477/2025-11-08/1759726551.json"
"365170","146153","2025-11-08","48.00","NZD","1759726551","23477/2025-11-08/1759726551.json"
"510807","146155","2025-11-08","52.00","NZD","1759726551","23477/2025-11-08/1759726551.json"
"581513","221281","2025-11-09","36.00","NZD","1759726551","23477/2025-11-09/1759726551.json"
"581514","221282","2025-11-09","36.00","NZD","1759726551","23477/2025-11-09/1759726551.json"
"512557","146154","2025-11-09","45.00","NZD","1759726551","23477/2025-11-09/1759726551.json"
"365170","146153","2025-11-09","48.00","NZD","1759726551","23477/2025-11-09/1759726551.json"
"510807","146155","2025-11-09","52.00","NZD","1759726551","23477/2025-11-09/1759726551.json"
"581513","221281","2025-11-10","36.00","NZD","1759726551","23477/2025-11-10/1759726551.json"
"581514","221282","2025-11-10","36.00","NZD","1759726551","23477/2025-11-10/1759726551.json"
"512557","146154","2025-11-10","45.00","NZD","1759726551","23477/2025-11-10/1759726551.json"
"365170","146153","2025-11-10","48.00","NZD","1759726551","23477/2025-11-10/1759726551.json"
"510807","146155","2025-11-10","52.00","NZD","1759726551","23477/2025-11-10/1759726551.json"
"581513","221281","2025-11-06","36.00","NZD","1759726551","23477/2025-11-06/1759726551.json"
"581514","221282","2025-11-06","36.00","NZD","1759726551","23477/2025-11-06/1759726551.json"
"512557","146154","2025-11-06","45.00","NZD","1759726551","23477/2025-11-06/1759726551.json"
"365170","146153","2025-11-06","48.00","NZD","1759726551","23477/2025-11-06/1759726551.json"
"510807","146155","2025-11-06","52.00","NZD","1759726551","23477/2025-11-06/1759726551.json"
"581513","221281","2025-11-11","36.00","NZD","1759726551","23477/2025-11-11/1759726551.json"
"581514","221282","2025-11-11","36.00","NZD","1759726551","23477/2025-11-11/1759726551.json"
"512557","146154","2025-11-11","45.00","NZD","1759726551","23477/2025-11-11/1759726551.json"
"365170","146153","2025-11-11","48.00","NZD","1759726551","23477/2025-11-11/1759726551.json"
"510807","146155","2025-11-11","52.00","NZD","1759726551","23477/2025-11-11/1759726551.json"
"581513","221281","2025-11-12","36.00","NZD","1759726551","23477/2025-11-12/1759726551.json"
"581514","221282","2025-11-12","36.00","NZD","1759726551","23477/2025-11-12/1759726551.json"
"512557","146154","2025-11-12","45.00","NZD","1759726551","23477/2025-11-12/1759726551.json"
"365170","146153","2025-11-12","48.00","NZD","1759726551","23477/2025-11-12/1759726551.json"
"510807","146155","2025-11-12","52.00","NZD","1759726551","23477/2025-11-12/1759726551.json"
"581513","221281","2025-11-13","36.00","NZD","1759726551","23477/2025-11-13/1759726551.json"
"581514","221282","2025-11-13","36.00","NZD","1759726551","23477/2025-11-13/1759726551.json"
"512557","146154","2025-11-13","45.00","NZD","1759726551","23477/2025-11-13/1759726551.json"
"365170","146153","2025-11-13","48.00","NZD","1759726551","23477/2025-11-13/1759726551.json"
"510807","146155","2025-11-13","52.00","NZD","1759726551","23477/2025-11-13/1759726551.json"
"581513","221281","2025-11-14","36.00","NZD","1759726551","23477/2025-11-14/1759726551.json"
"581514","221282","2025-11-14","36.00","NZD","1759726551","23477/2025-11-14/1759726551.json"
"512557","146154","2025-11-14","45.00","NZD","1759726551","23477/2025-11-14/1759726551.json"
"365170","146153","2025-11-14","48.00","NZD","1759726551","23477/2025-11-14/1759726551.json"
"510807","146155","2025-11-14","52.00","NZD","1759726551","23477/2025-11-14/1759726551.json"
"581513","221281","2025-11-15","36.00","NZD","1759726551","23477/2025-11-15/1759726551.json"
"581514","221282","2025-11-15","36.00","NZD","1759726551","23477/2025-11-15/1759726551.json"
"512557","146154","2025-11-15","45.00","NZD","1759726551","23477/2025-11-15/1759726551.json"
"365170","146153","2025-11-15","48.00","NZD","1759726551","23477/2025-11-15/1759726551.json"
"510807","146155","2025-11-15","52.00","NZD","1759726551","23477/2025-11-15/1759726551.json"
"581513","221281","2025-11-16","36.00","NZD","1759726551","23477/2025-11-16/1759726551.json"
"581514","221282","2025-11-16","36.00","NZD","1759726551","23477/2025-11-16/1759726551.json"
"512557","146154","2025-11-16","45.00","NZD","1759726551","23477/2025-11-16/1759726551.json"
"365170","146153","2025-11-16","48.00","NZD","1759726551","23477/2025-11-16/1759726551.json"
"510807","146155","2025-11-16","52.00","NZD","1759726551","23477/2025-11-16/1759726551.json"
"581513","221281","2025-11-17","36.00","NZD","1759726551","23477/2025-11-17/1759726551.json"
"581514","221282","2025-11-17","36.00","NZD","1759726551","23477/2025-11-17/1759726551.json"
"512557","146154","2025-11-17","45.00","NZD","1759726551","23477/2025-11-17/1759726551.json"
"365170","146153","2025-11-17","48.00","NZD","1759726551","23477/2025-11-17/1759726551.json"
"510807","146155","2025-11-17","52.00","NZD","1759726551","23477/2025-11-17/1759726551.json"
"581513","221281","2025-11-18","36.00","NZD","1759726551","23477/2025-11-18/1759726551.json"
"581514","221282","2025-11-18","36.00","NZD","1759726551","23477/2025-11-18/1759726551.json"
"512557","146154","2025-11-18","45.00","NZD","1759726551","23477/2025-11-18/1759726551.json"
"365170","146153","2025-11-18","48.00","NZD","1759726551","23477/2025-11-18/1759726551.json"
"510807","146155","2025-11-18","52.00","NZD","1759726551","23477/2025-11-18/1759726551.json"
"581513","221281","2025-11-19","36.00","NZD","1759726551","23477/2025-11-19/1759726551.json"
"581514","221282","2025-11-19","36.00","NZD","1759726551","23477/2025-11-19/1759726551.json"
"512557","146154","2025-11-19","45.00","NZD","1759726551","23477/2025-11-19/1759726551.json"
"365170","146153","2025-11-19","48.00","NZD","1759726551","23477/2025-11-19/1759726551.json"
"510807","146155","2025-11-19","52.00","NZD","1759726551","23477/2025-11-19/1759726551.json"
"581513","221281","2025-11-20","36.00","NZD","1759726551","23477/2025-11-20/1759726551.json"
"581514","221282","2025-11-20","36.00","NZD","1759726551","23477/2025-11-20/1759726551.json"
"512557","146154","2025-11-20","45.00","NZD","1759726551","23477/2025-11-20/1759726551.json"
"581513","221281","2025-11-21","36.00","NZD","1759726551","23477/2025-11-21/1759726551.json"
"581514","221282","2025-11-21","36.00","NZD","1759726551","23477/2025-11-21/1759726551.json"
"512557","146154","2025-11-21","45.00","NZD","1759726551","23477/2025-11-21/1759726551.json"
"365170","146153","2025-11-21","48.00","NZD","1759726551","23477/2025-11-21/1759726551.json"
"510807","146155","2025-11-21","52.00","NZD","1759726551","23477/2025-11-21/1759726551.json"
"581513","221281","2025-11-22","36.00","NZD","1759726551","23477/2025-11-22/1759726551.json"
"581514","221282","2025-11-22","36.00","NZD","1759726551","23477/2025-11-22/1759726551.json"
"512557","146154","2025-11-22","45.00","NZD","1759726551","23477/2025-11-22/1759726551.json"
"365170","146153","2025-11-22","48.00","NZD","1759726551","23477/2025-11-22/1759726551.json"
"510807","146155","2025-11-22","52.00","NZD","1759726551","23477/2025-11-22/1759726551.json"
"581513","221281","2025-11-23","36.00","NZD","1759726551","23477/2025-11-23/1759726551.json"
"581514","221282","2025-11-23","36.00","NZD","1759726551","23477/2025-11-23/1759726551.json"
"512557","146154","2025-11-23","45.00","NZD","1759726551","23477/2025-11-23/1759726551.json"
"365170","146153","2025-11-23","48.00","NZD","1759726551","23477/2025-11-23/1759726551.json"
"510807","146155","2025-11-23","52.00","NZD","1759726551","23477/2025-11-23/1759726551.json"
"581513","221281","2025-11-24","36.00","NZD","1759726551","23477/2025-11-24/1759726551.json"
"581514","221282","2025-11-24","36.00","NZD","1759726551","23477/2025-11-24/1759726551.json"
"512557","146154","2025-11-24","45.00","NZD","1759726551","23477/2025-11-24/1759726551.json"
"365170","146153","2025-11-24","48.00","NZD","1759726551","23477/2025-11-24/1759726551.json"
"510807","146155","2025-11-24","52.00","NZD","1759726551","23477/2025-11-24/1759726551.json"
"581513","221281","2025-11-25","36.00","NZD","1759726551","23477/2025-11-25/1759726551.json"
"581514","221282","2025-11-25","36.00","NZD","1759726551","23477/2025-11-25/1759726551.json"
"512557","146154","2025-11-25","45.00","NZD","1759726551","23477/2025-11-25/1759726551.json"
"365170","146153","2025-11-25","48.00","NZD","1759726551","23477/2025-11-25/1759726551.json"
"510807","146155","2025-11-25","52.00","NZD","1759726551","23477/2025-11-25/1759726551.json"
"581513","221281","2025-11-26","36.00","NZD","1759726551","23477/2025-11-26/1759726551.json"
"581514","221282","2025-11-26","36.00","NZD","1759726551","23477/2025-11-26/1759726551.json"
"512557","146154","2025-11-26","45.00","NZD","1759726551","23477/2025-11-26/1759726551.json"
"365170","146153","2025-11-26","48.00","NZD","1759726551","23477/2025-11-26/1759726551.json"
"510807","146155","2025-11-26","52.00","NZD","1759726551","23477/2025-11-26/1759726551.json"
"581513","221281","2025-11-27","36.00","NZD","1759726551","23477/2025-11-27/1759726551.json"
"581514","221282","2025-11-27","36.00","NZD","1759726551","23477/2025-11-27/1759726551.json"
"512557","146154","2025-11-27","45.00","NZD","1759726551","23477/2025-11-27/1759726551.json"
"365170","146153","2025-11-27","48.00","NZD","1759726551","23477/2025-11-27/1759726551.json"
"510807","146155","2025-11-27","52.00","NZD","1759726551","23477/2025-11-27/1759726551.json"
"581513","221281","2025-11-28","36.00","NZD","1759726551","23477/2025-11-28/1759726551.json"
"581514","221282","2025-11-28","36.00","NZD","1759726551","23477/2025-11-28/1759726551.json"
"512557","146154","2025-11-28","45.00","NZD","1759726551","23477/2025-11-28/1759726551.json"
"365170","146153","2025-11-28","48.00","NZD","1759726551","23477/2025-11-28/1759726551.json"
"510807","146155","2025-11-28","52.00","NZD","1759726551","23477/2025-11-28/1759726551.json"
"581513","221281","2025-11-29","36.00","NZD","1759726551","23477/2025-11-29/1759726551.json"
"581514","221282","2025-11-29","36.00","NZD","1759726551","23477/2025-11-29/1759726551.json"
"512557","146154","2025-11-29","45.00","NZD","1759726551","23477/2025-11-29/1759726551.json"
"365170","146153","2025-11-29","48.00","NZD","1759726551","23477/2025-11-29/1759726551.json"
"510807","146155","2025-11-29","52.00","NZD","1759726551","23477/2025-11-29/1759726551.json"
"581513","221281","2025-11-30","36.00","NZD","1759726551","23477/2025-11-30/1759726551.json"
"581514","221282","2025-11-30","36.00","NZD","1759726551","23477/2025-11-30/1759726551.json"
"512557","146154","2025-11-30","45.00","NZD","1759726551","23477/2025-11-30/1759726551.json"
"365170","146153","2025-11-30","48.00","NZD","1759726551","23477/2025-11-30/1759726551.json"
"510807","146155","2025-11-30","52.00","NZD","1759726551","23477/2025-11-30/1759726551.json"
"581513","221281","2025-12-01","36.00","NZD","1759726551","23477/2025-12-01/1759726551.json"
"581514","221282","2025-12-01","36.00","NZD","1759726551","23477/2025-12-01/1759726551.json"
"512557","146154","2025-12-01","45.00","NZD","1759726551","23477/2025-12-01/1759726551.json"
"365170","146153","2025-12-01","48.00","NZD","1759726551","23477/2025-12-01/1759726551.json"
"510807","146155","2025-12-01","52.00","NZD","1759726551","23477/2025-12-01/1759726551.json"
"581513","221281","2025-12-02","36.00","NZD","1759726551","23477/2025-12-02/1759726551.json"
"581514","221282","2025-12-02","36.00","NZD","1759726551","23477/2025-12-02/1759726551.json"
"512557","146154","2025-12-02","45.00","NZD","1759726551","23477/2025-12-02/1759726551.json"
"365170","146153","2025-12-02","48.00","NZD","1759726551","23477/2025-12-02/1759726551.json"
"510807","146155","2025-12-02","52.00","NZD","1759726551","23477/2025-12-02/1759726551.json"
"581513","221281","2025-12-03","36.00","NZD","1759726551","23477/2025-12-03/1759726551.json"
"581514","221282","2025-12-03","36.00","NZD","1759726551","23477/2025-12-03/1759726551.json"
"512557","146154","2025-12-03","45.00","NZD","1759726551","23477/2025-12-03/1759726551.json"
"365170","146153","2025-12-03","48.00","NZD","1759726551","23477/2025-12-03/1759726551.json"
"510807","146155","2025-12-03","52.00","NZD","1759726551","23477/2025-12-03/1759726551.json"
"581513","221281","2025-12-04","36.00","NZD","1759726551","23477/2025-12-04/1759726551.json"
"581514","221282","2025-12-04","36.00","NZD","1759726551","23477/2025-12-04/1759726551.json"
"512557","146154","2025-12-04","45.00","NZD","1759726551","23477/2025-12-04/1759726551.json"
"365170","146153","2025-12-04","48.00","NZD","1759726551","23477/2025-12-04/1759726551.json"
"510807","146155","2025-12-04","52.00","NZD","1759726551","23477/2025-12-04/1759726551.json"
"581513","221281","2025-12-05","36.00","NZD","1759726551","23477/2025-12-05/1759726551.json"
"581514","221282","2025-12-05","36.00","NZD","1759726551","23477/2025-12-05/1759726551.json"
"512557","146154","2025-12-05","45.00","NZD","1759726551","23477/2025-12-05/1759726551.json"
"365170","146153","2025-12-05","48.00","NZD","1759726551","23477/2025-12-05/1759726551.json"
"510807","146155","2025-12-05","52.00","NZD","1759726551","23477/2025-12-05/1759726551.json"
"581513","221281","2025-10-09","36.00","NZD","1759741356","23477/2025-10-09/1759741356.json"
"581514","221282","2025-10-09","36.00","NZD","1759741356","23477/2025-10-09/1759741356.json"
"512557","146154","2025-10-09","45.00","NZD","1759741356","23477/2025-10-09/1759741356.json"
"365170","146153","2025-10-09","48.00","NZD","1759741356","23477/2025-10-09/1759741356.json"
"510807","146155","2025-10-09","52.00","NZD","1759741356","23477/2025-10-09/1759741356.json"
"581513","221281","2025-10-06","36.00","NZD","1759741356","23477/2025-10-06/1759741356.json"
"581514","221282","2025-10-06","36.00","NZD","1759741356","23477/2025-10-06/1759741356.json"
"512557","146154","2025-10-06","45.00","NZD","1759741356","23477/2025-10-06/1759741356.json"
"365170","146153","2025-10-06","48.00","NZD","1759741356","23477/2025-10-06/1759741356.json"
"510807","146155","2025-10-06","52.00","NZD","1759741356","23477/2025-10-06/1759741356.json"
"581513","221281","2025-10-07","36.00","NZD","1759741356","23477/2025-10-07/1759741356.json"
"581514","221282","2025-10-07","36.00","NZD","1759741356","23477/2025-10-07/1759741356.json"
"512557","146154","2025-10-07","45.00","NZD","1759741356","23477/2025-10-07/1759741356.json"
"365170","146153","2025-10-07","48.00","NZD","1759741356","23477/2025-10-07/1759741356.json"
"510807","146155","2025-10-07","52.00","NZD","1759741356","23477/2025-10-07/1759741356.json"
"581513","221281","2025-10-08","36.00","NZD","1759741356","23477/2025-10-08/1759741356.json"
"581514","221282","2025-10-08","36.00","NZD","1759741356","23477/2025-10-08/1759741356.json"
"512557","146154","2025-10-08","45.00","NZD","1759741356","23477/2025-10-08/1759741356.json"
"365170","146153","2025-10-08","48.00","NZD","1759741356","23477/2025-10-08/1759741356.json"
"510807","146155","2025-10-08","52.00","NZD","1759741356","23477/2025-10-08/1759741356.json"
"581513","221281","2025-10-10","36.00","NZD","1759741356","23477/2025-10-10/1759741356.json"
"581514","221282","2025-10-10","36.00","NZD","1759741356","23477/2025-10-10/1759741356.json"
"512557","146154","2025-10-10","45.00","NZD","1759741356","23477/2025-10-10/1759741356.json"
"365170","146153","2025-10-10","48.00","NZD","1759741356","23477/2025-10-10/1759741356.json"
"510807","146155","2025-10-10","52.00","NZD","1759741356","23477/2025-10-10/1759741356.json"
"581513","221281","2025-10-11","36.00","NZD","1759741356","23477/2025-10-11/1759741356.json"
"581514","221282","2025-10-11","36.00","NZD","1759741356","23477/2025-10-11/1759741356.json"
"512557","146154","2025-10-11","45.00","NZD","1759741356","23477/2025-10-11/1759741356.json"
"365170","146153","2025-10-11","48.00","NZD","1759741356","23477/2025-10-11/1759741356.json"
"510807","146155","2025-10-11","52.00","NZD","1759741356","23477/2025-10-11/1759741356.json"
"581513","221281","2025-10-13","36.00","NZD","1759741356","23477/2025-10-13/1759741356.json"
"581514","221282","2025-10-13","36.00","NZD","1759741356","23477/2025-10-13/1759741356.json"
"512557","146154","2025-10-13","45.00","NZD","1759741356","23477/2025-10-13/1759741356.json"
"365170","146153","2025-10-13","48.00","NZD","1759741356","23477/2025-10-13/1759741356.json"
"510807","146155","2025-10-13","52.00","NZD","1759741356","23477/2025-10-13/1759741356.json"
"581513","221281","2025-10-12","36.00","NZD","1759741356","23477/2025-10-12/1759741356.json"
"581514","221282","2025-10-12","36.00","NZD","1759741356","23477/2025-10-12/1759741356.json"
"512557","146154","2025-10-12","45.00","NZD","1759741356","23477/2025-10-12/1759741356.json"
"365170","146153","2025-10-12","48.00","NZD","1759741356","23477/2025-10-12/1759741356.json"
"510807","146155","2025-10-12","52.00","NZD","1759741356","23477/2025-10-12/1759741356.json"
"581513","221281","2025-10-14","36.00","NZD","1759741356","23477/2025-10-14/1759741356.json"
"581514","221282","2025-10-14","36.00","NZD","1759741356","23477/2025-10-14/1759741356.json"
"512557","146154","2025-10-14","45.00","NZD","1759741356","23477/2025-10-14/1759741356.json"
"365170","146153","2025-10-14","48.00","NZD","1759741356","23477/2025-10-14/1759741356.json"
"510807","146155","2025-10-14","52.00","NZD","1759741356","23477/2025-10-14/1759741356.json"
"581513","221281","2025-10-15","36.00","NZD","1759741356","23477/2025-10-15/1759741356.json"
"581514","221282","2025-10-15","36.00","NZD","1759741356","23477/2025-10-15/1759741356.json"
"512557","146154","2025-10-15","45.00","NZD","1759741356","23477/2025-10-15/1759741356.json"
"365170","146153","2025-10-15","48.00","NZD","1759741356","23477/2025-10-15/1759741356.json"
"510807","146155","2025-10-15","52.00","NZD","1759741356","23477/2025-10-15/1759741356.json"
"581513","221281","2025-10-16","36.00","NZD","1759741356","23477/2025-10-16/1759741356.json"
"581514","221282","2025-10-16","36.00","NZD","1759741356","23477/2025-10-16/1759741356.json"
"512557","146154","2025-10-16","45.00","NZD","1759741356","23477/2025-10-16/1759741356.json"
"365170","146153","2025-10-16","48.00","NZD","1759741356","23477/2025-10-16/1759741356.json"
"510807","146155","2025-10-16","52.00","NZD","1759741356","23477/2025-10-16/1759741356.json"
"581513","221281","2025-10-17","36.00","NZD","1759741356","23477/2025-10-17/1759741356.json"
"581514","221282","2025-10-17","36.00","NZD","1759741356","23477/2025-10-17/1759741356.json"
"512557","146154","2025-10-17","45.00","NZD","1759741356","23477/2025-10-17/1759741356.json"
"365170","146153","2025-10-17","48.00","NZD","1759741356","23477/2025-10-17/1759741356.json"
"510807","146155","2025-10-17","52.00","NZD","1759741356","23477/2025-10-17/1759741356.json"
"581513","221281","2025-10-18","36.00","NZD","1759741356","23477/2025-10-18/1759741356.json"
"581514","221282","2025-10-18","36.00","NZD","1759741356","23477/2025-10-18/1759741356.json"
"512557","146154","2025-10-18","45.00","NZD","1759741356","23477/2025-10-18/1759741356.json"
"365170","146153","2025-10-18","48.00","NZD","1759741356","23477/2025-10-18/1759741356.json"
"510807","146155","2025-10-18","52.00","NZD","1759741356","23477/2025-10-18/1759741356.json"
"581513","221281","2025-10-19","36.00","NZD","1759741356","23477/2025-10-19/1759741356.json"
"581514","221282","2025-10-19","36.00","NZD","1759741356","23477/2025-10-19/1759741356.json"
"512557","146154","2025-10-19","45.00","NZD","1759741356","23477/2025-10-19/1759741356.json"
"365170","146153","2025-10-19","48.00","NZD","1759741356","23477/2025-10-19/1759741356.json"
"510807","146155","2025-10-19","52.00","NZD","1759741356","23477/2025-10-19/1759741356.json"
"581513","221281","2025-10-20","36.00","NZD","1759741356","23477/2025-10-20/1759741356.json"
"581514","221282","2025-10-20","36.00","NZD","1759741356","23477/2025-10-20/1759741356.json"
"512557","146154","2025-10-20","45.00","NZD","1759741356","23477/2025-10-20/1759741356.json"
"365170","146153","2025-10-20","48.00","NZD","1759741356","23477/2025-10-20/1759741356.json"
"510807","146155","2025-10-20","52.00","NZD","1759741356","23477/2025-10-20/1759741356.json"
"581513","221281","2025-10-21","36.00","NZD","1759741356","23477/2025-10-21/1759741356.json"
"581514","221282","2025-10-21","36.00","NZD","1759741356","23477/2025-10-21/1759741356.json"
"512557","146154","2025-10-21","45.00","NZD","1759741356","23477/2025-10-21/1759741356.json"
"365170","146153","2025-10-21","48.00","NZD","1759741356","23477/2025-10-21/1759741356.json"
"510807","146155","2025-10-21","52.00","NZD","1759741356","23477/2025-10-21/1759741356.json"
"581513","221281","2025-10-23","36.00","NZD","1759741356","23477/2025-10-23/1759741356.json"
"581514","221282","2025-10-23","36.00","NZD","1759741356","23477/2025-10-23/1759741356.json"
"512557","146154","2025-10-23","45.00","NZD","1759741356","23477/2025-10-23/1759741356.json"
"365170","146153","2025-10-23","48.00","NZD","1759741356","23477/2025-10-23/1759741356.json"
"510807","146155","2025-10-23","52.00","NZD","1759741356","23477/2025-10-23/1759741356.json"
"581513","221281","2025-10-24","36.00","NZD","1759741356","23477/2025-10-24/1759741356.json"
"581514","221282","2025-10-24","36.00","NZD","1759741356","23477/2025-10-24/1759741356.json"
"512557","146154","2025-10-24","45.00","NZD","1759741356","23477/2025-10-24/1759741356.json"
"365170","146153","2025-10-24","48.00","NZD","1759741356","23477/2025-10-24/1759741356.json"
"510807","146155","2025-10-24","52.00","NZD","1759741356","23477/2025-10-24/1759741356.json"
"581513","221281","2025-10-22","36.00","NZD","1759741356","23477/2025-10-22/1759741356.json"
"581514","221282","2025-10-22","36.00","NZD","1759741356","23477/2025-10-22/1759741356.json"
"512557","146154","2025-10-22","45.00","NZD","1759741356","23477/2025-10-22/1759741356.json"
"365170","146153","2025-10-22","48.00","NZD","1759741356","23477/2025-10-22/1759741356.json"
"510807","146155","2025-10-22","52.00","NZD","1759741356","23477/2025-10-22/1759741356.json"
"581513","221281","2025-10-25","36.00","NZD","1759741356","23477/2025-10-25/1759741356.json"
"581514","221282","2025-10-25","36.00","NZD","1759741356","23477/2025-10-25/1759741356.json"
"512557","146154","2025-10-25","45.00","NZD","1759741356","23477/2025-10-25/1759741356.json"
"365170","146153","2025-10-25","48.00","NZD","1759741356","23477/2025-10-25/1759741356.json"
"510807","146155","2025-10-25","52.00","NZD","1759741356","23477/2025-10-25/1759741356.json"
"581513","221281","2025-10-26","36.00","NZD","1759741356","23477/2025-10-26/1759741356.json"
"581514","221282","2025-10-26","36.00","NZD","1759741356","23477/2025-10-26/1759741356.json"
"512557","146154","2025-10-26","45.00","NZD","1759741356","23477/2025-10-26/1759741356.json"
"365170","146153","2025-10-26","48.00","NZD","1759741356","23477/2025-10-26/1759741356.json"
"510807","146155","2025-10-26","52.00","NZD","1759741356","23477/2025-10-26/1759741356.json"
"581513","221281","2025-10-27","36.00","NZD","1759741356","23477/2025-10-27/1759741356.json"
"581514","221282","2025-10-27","36.00","NZD","1759741356","23477/2025-10-27/1759741356.json"
"512557","146154","2025-10-27","45.00","NZD","1759741356","23477/2025-10-27/1759741356.json"
"365170","146153","2025-10-27","48.00","NZD","1759741356","23477/2025-10-27/1759741356.json"
"510807","146155","2025-10-27","52.00","NZD","1759741356","23477/2025-10-27/1759741356.json"
"581513","221281","2025-10-28","36.00","NZD","1759741356","23477/2025-10-28/1759741356.json"
"581514","221282","2025-10-28","36.00","NZD","1759741356","23477/2025-10-28/1759741356.json"
"512557","146154","2025-10-28","45.00","NZD","1759741356","23477/2025-10-28/1759741356.json"
"365170","146153","2025-10-28","48.00","NZD","1759741356","23477/2025-10-28/1759741356.json"
"510807","146155","2025-10-28","52.00","NZD","1759741356","23477/2025-10-28/1759741356.json"
"581513","221281","2025-10-29","36.00","NZD","1759741356","23477/2025-10-29/1759741356.json"
"581514","221282","2025-10-29","36.00","NZD","1759741356","23477/2025-10-29/1759741356.json"
"512557","146154","2025-10-29","45.00","NZD","1759741356","23477/2025-10-29/1759741356.json"
"365170","146153","2025-10-29","48.00","NZD","1759741356","23477/2025-10-29/1759741356.json"
"510807","146155","2025-10-29","52.00","NZD","1759741356","23477/2025-10-29/1759741356.json"
"581513","221281","2025-10-31","36.00","NZD","1759741356","23477/2025-10-31/1759741356.json"
"581514","221282","2025-10-31","36.00","NZD","1759741356","23477/2025-10-31/1759741356.json"
"512557","146154","2025-10-31","45.00","NZD","1759741356","23477/2025-10-31/1759741356.json"
"365170","146153","2025-10-31","48.00","NZD","1759741356","23477/2025-10-31/1759741356.json"
"510807","146155","2025-10-31","52.00","NZD","1759741356","23477/2025-10-31/1759741356.json"
"581513","221281","2025-11-02","36.00","NZD","1759741356","23477/2025-11-02/1759741356.json"
"581514","221282","2025-11-02","36.00","NZD","1759741356","23477/2025-11-02/1759741356.json"
"512557","146154","2025-11-02","45.00","NZD","1759741356","23477/2025-11-02/1759741356.json"
"365170","146153","2025-11-02","48.00","NZD","1759741356","23477/2025-11-02/1759741356.json"
"510807","146155","2025-11-02","52.00","NZD","1759741356","23477/2025-11-02/1759741356.json"
"581513","221281","2025-11-01","36.00","NZD","1759741356","23477/2025-11-01/1759741356.json"
"581514","221282","2025-11-01","36.00","NZD","1759741356","23477/2025-11-01/1759741356.json"
"512557","146154","2025-11-01","45.00","NZD","1759741356","23477/2025-11-01/1759741356.json"
"365170","146153","2025-11-01","48.00","NZD","1759741356","23477/2025-11-01/1759741356.json"
"510807","146155","2025-11-01","52.00","NZD","1759741356","23477/2025-11-01/1759741356.json"
"581513","221281","2025-10-30","36.00","NZD","1759741356","23477/2025-10-30/1759741356.json"
"581514","221282","2025-10-30","36.00","NZD","1759741356","23477/2025-10-30/1759741356.json"
"512557","146154","2025-10-30","45.00","NZD","1759741356","23477/2025-10-30/1759741356.json"
"365170","146153","2025-10-30","48.00","NZD","1759741356","23477/2025-10-30/1759741356.json"
"510807","146155","2025-10-30","52.00","NZD","1759741356","23477/2025-10-30/1759741356.json"
"581513","221281","2025-11-05","36.00","NZD","1759741356","23477/2025-11-05/1759741356.json"
"581514","221282","2025-11-05","36.00","NZD","1759741356","23477/2025-11-05/1759741356.json"
"512557","146154","2025-11-05","45.00","NZD","1759741356","23477/2025-11-05/1759741356.json"
"365170","146153","2025-11-05","48.00","NZD","1759741356","23477/2025-11-05/1759741356.json"
"510807","146155","2025-11-05","52.00","NZD","1759741356","23477/2025-11-05/1759741356.json"
"581513","221281","2025-11-04","36.00","NZD","1759741356","23477/2025-11-04/1759741356.json"
"581514","221282","2025-11-04","36.00","NZD","1759741356","23477/2025-11-04/1759741356.json"
"512557","146154","2025-11-04","45.00","NZD","1759741356","23477/2025-11-04/1759741356.json"
"365170","146153","2025-11-04","48.00","NZD","1759741356","23477/2025-11-04/1759741356.json"
"510807","146155","2025-11-04","52.00","NZD","1759741356","23477/2025-11-04/1759741356.json"
"581513","221281","2025-11-03","36.00","NZD","1759741356","23477/2025-11-03/1759741356.json"
"581514","221282","2025-11-03","36.00","NZD","1759741356","23477/2025-11-03/1759741356.json"
"512557","146154","2025-11-03","45.00","NZD","1759741356","23477/2025-11-03/1759741356.json"
"365170","146153","2025-11-03","48.00","NZD","1759741356","23477/2025-11-03/1759741356.json"
"510807","146155","2025-11-03","52.00","NZD","1759741356","23477/2025-11-03/1759741356.json"
"581513","221281","2025-11-06","36.00","NZD","1759741356","23477/2025-11-06/1759741356.json"
"581514","221282","2025-11-06","36.00","NZD","1759741356","23477/2025-11-06/1759741356.json"
"512557","146154","2025-11-06","45.00","NZD","1759741356","23477/2025-11-06/1759741356.json"
"365170","146153","2025-11-06","48.00","NZD","1759741356","23477/2025-11-06/1759741356.json"
"510807","146155","2025-11-06","52.00","NZD","1759741356","23477/2025-11-06/1759741356.json"
"581513","221281","2025-11-07","36.00","NZD","1759741356","23477/2025-11-07/1759741356.json"
"581514","221282","2025-11-07","36.00","NZD","1759741356","23477/2025-11-07/1759741356.json"
"512557","146154","2025-11-07","45.00","NZD","1759741356","23477/2025-11-07/1759741356.json"
"365170","146153","2025-11-07","48.00","NZD","1759741356","23477/2025-11-07/1759741356.json"
"510807","146155","2025-11-07","52.00","NZD","1759741356","23477/2025-11-07/1759741356.json"
"581513","221281","2025-11-09","36.00","NZD","1759741356","23477/2025-11-09/1759741356.json"
"581514","221282","2025-11-09","36.00","NZD","1759741356","23477/2025-11-09/1759741356.json"
"512557","146154","2025-11-09","45.00","NZD","1759741356","23477/2025-11-09/1759741356.json"
"365170","146153","2025-11-09","48.00","NZD","1759741356","23477/2025-11-09/1759741356.json"
"510807","146155","2025-11-09","52.00","NZD","1759741356","23477/2025-11-09/1759741356.json"
"581513","221281","2025-11-08","36.00","NZD","1759741356","23477/2025-11-08/1759741356.json"
"581514","221282","2025-11-08","36.00","NZD","1759741356","23477/2025-11-08/1759741356.json"
"512557","146154","2025-11-08","45.00","NZD","1759741356","23477/2025-11-08/1759741356.json"
"365170","146153","2025-11-08","48.00","NZD","1759741356","23477/2025-11-08/1759741356.json"
"510807","146155","2025-11-08","52.00","NZD","1759741356","23477/2025-11-08/1759741356.json"
"581513","221281","2025-11-10","36.00","NZD","1759741356","23477/2025-11-10/1759741356.json"
"581514","221282","2025-11-10","36.00","NZD","1759741356","23477/2025-11-10/1759741356.json"
"512557","146154","2025-11-10","45.00","NZD","1759741356","23477/2025-11-10/1759741356.json"
"365170","146153","2025-11-10","48.00","NZD","1759741356","23477/2025-11-10/1759741356.json"
"510807","146155","2025-11-10","52.00","NZD","1759741356","23477/2025-11-10/1759741356.json"
"581513","221281","2025-11-12","36.00","NZD","1759741356","23477/2025-11-12/1759741356.json"
"581514","221282","2025-11-12","36.00","NZD","1759741356","23477/2025-11-12/1759741356.json"
"512557","146154","2025-11-12","45.00","NZD","1759741356","23477/2025-11-12/1759741356.json"
"365170","146153","2025-11-12","48.00","NZD","1759741356","23477/2025-11-12/1759741356.json"
"510807","146155","2025-11-12","52.00","NZD","1759741356","23477/2025-11-12/1759741356.json"
"581513","221281","2025-11-11","36.00","NZD","1759741356","23477/2025-11-11/1759741356.json"
"581514","221282","2025-11-11","36.00","NZD","1759741356","23477/2025-11-11/1759741356.json"
"512557","146154","2025-11-11","45.00","NZD","1759741356","23477/2025-11-11/1759741356.json"
"365170","146153","2025-11-11","48.00","NZD","1759741356","23477/2025-11-11/1759741356.json"
"510807","146155","2025-11-11","52.00","NZD","1759741356","23477/2025-11-11/1759741356.json"
"581513","221281","2025-11-13","36.00","NZD","1759741356","23477/2025-11-13/1759741356.json"
"581514","221282","2025-11-13","36.00","NZD","1759741356","23477/2025-11-13/1759741356.json"
"512557","146154","2025-11-13","45.00","NZD","1759741356","23477/2025-11-13/1759741356.json"
"365170","146153","2025-11-13","48.00","NZD","1759741356","23477/2025-11-13/1759741356.json"
"510807","146155","2025-11-13","52.00","NZD","1759741356","23477/2025-11-13/1759741356.json"
"581513","221281","2025-11-15","36.00","NZD","1759741356","23477/2025-11-15/1759741356.json"
"581514","221282","2025-11-15","36.00","NZD","1759741356","23477/2025-11-15/1759741356.json"
"512557","146154","2025-11-15","45.00","NZD","1759741356","23477/2025-11-15/1759741356.json"
"365170","146153","2025-11-15","48.00","NZD","1759741356","23477/2025-11-15/1759741356.json"
"510807","146155","2025-11-15","52.00","NZD","1759741356","23477/2025-11-15/1759741356.json"
"581513","221281","2025-11-16","36.00","NZD","1759741356","23477/2025-11-16/1759741356.json"
"581514","221282","2025-11-16","36.00","NZD","1759741356","23477/2025-11-16/1759741356.json"
"512557","146154","2025-11-16","45.00","NZD","1759741356","23477/2025-11-16/1759741356.json"
"365170","146153","2025-11-16","48.00","NZD","1759741356","23477/2025-11-16/1759741356.json"
"510807","146155","2025-11-16","52.00","NZD","1759741356","23477/2025-11-16/1759741356.json"
"581513","221281","2025-11-18","36.00","NZD","1759741356","23477/2025-11-18/1759741356.json"
"581514","221282","2025-11-18","36.00","NZD","1759741356","23477/2025-11-18/1759741356.json"
"512557","146154","2025-11-18","45.00","NZD","1759741356","23477/2025-11-18/1759741356.json"
"365170","146153","2025-11-18","48.00","NZD","1759741356","23477/2025-11-18/1759741356.json"
"510807","146155","2025-11-18","52.00","NZD","1759741356","23477/2025-11-18/1759741356.json"
"581513","221281","2025-11-17","36.00","NZD","1759741356","23477/2025-11-17/1759741356.json"
"581514","221282","2025-11-17","36.00","NZD","1759741356","23477/2025-11-17/1759741356.json"
"512557","146154","2025-11-17","45.00","NZD","1759741356","23477/2025-11-17/1759741356.json"
"365170","146153","2025-11-17","48.00","NZD","1759741356","23477/2025-11-17/1759741356.json"
"510807","146155","2025-11-17","52.00","NZD","1759741356","23477/2025-11-17/1759741356.json"
"581513","221281","2025-11-20","36.00","NZD","1759741356","23477/2025-11-20/1759741356.json"
"581514","221282","2025-11-20","36.00","NZD","1759741356","23477/2025-11-20/1759741356.json"
"512557","146154","2025-11-20","45.00","NZD","1759741356","23477/2025-11-20/1759741356.json"
"581513","221281","2025-11-21","36.00","NZD","1759741356","23477/2025-11-21/1759741356.json"
"581514","221282","2025-11-21","36.00","NZD","1759741356","23477/2025-11-21/1759741356.json"
"512557","146154","2025-11-21","45.00","NZD","1759741356","23477/2025-11-21/1759741356.json"
"365170","146153","2025-11-21","48.00","NZD","1759741356","23477/2025-11-21/1759741356.json"
"510807","146155","2025-11-21","52.00","NZD","1759741356","23477/2025-11-21/1759741356.json"
"581513","221281","2025-11-19","36.00","NZD","1759741356","23477/2025-11-19/1759741356.json"
"581514","221282","2025-11-19","36.00","NZD","1759741356","23477/2025-11-19/1759741356.json"
"512557","146154","2025-11-19","45.00","NZD","1759741356","23477/2025-11-19/1759741356.json"
"365170","146153","2025-11-19","48.00","NZD","1759741356","23477/2025-11-19/1759741356.json"
"510807","146155","2025-11-19","52.00","NZD","1759741356","23477/2025-11-19/1759741356.json"
"581513","221281","2025-11-23","36.00","NZD","1759741356","23477/2025-11-23/1759741356.json"
"581514","221282","2025-11-23","36.00","NZD","1759741356","23477/2025-11-23/1759741356.json"
"512557","146154","2025-11-23","45.00","NZD","1759741356","23477/2025-11-23/1759741356.json"
"365170","146153","2025-11-23","48.00","NZD","1759741356","23477/2025-11-23/1759741356.json"
"510807","146155","2025-11-23","52.00","NZD","1759741356","23477/2025-11-23/1759741356.json"
"581513","221281","2025-11-22","36.00","NZD","1759741356","23477/2025-11-22/1759741356.json"
"581514","221282","2025-11-22","36.00","NZD","1759741356","23477/2025-11-22/1759741356.json"
"512557","146154","2025-11-22","45.00","NZD","1759741356","23477/2025-11-22/1759741356.json"
"365170","146153","2025-11-22","48.00","NZD","1759741356","23477/2025-11-22/1759741356.json"
"510807","146155","2025-11-22","52.00","NZD","1759741356","23477/2025-11-22/1759741356.json"
"581513","221281","2025-11-24","36.00","NZD","1759741356","23477/2025-11-24/1759741356.json"
"581514","221282","2025-11-24","36.00","NZD","1759741356","23477/2025-11-24/1759741356.json"
"512557","146154","2025-11-24","45.00","NZD","1759741356","23477/2025-11-24/1759741356.json"
"365170","146153","2025-11-24","48.00","NZD","1759741356","23477/2025-11-24/1759741356.json"
"510807","146155","2025-11-24","52.00","NZD","1759741356","23477/2025-11-24/1759741356.json"
"581513","221281","2025-11-26","36.00","NZD","1759741356","23477/2025-11-26/1759741356.json"
"581514","221282","2025-11-26","36.00","NZD","1759741356","23477/2025-11-26/1759741356.json"
"512557","146154","2025-11-26","45.00","NZD","1759741356","23477/2025-11-26/1759741356.json"
"365170","146153","2025-11-26","48.00","NZD","1759741356","23477/2025-11-26/1759741356.json"
"510807","146155","2025-11-26","52.00","NZD","1759741356","23477/2025-11-26/1759741356.json"
"581513","221281","2025-11-25","36.00","NZD","1759741356","23477/2025-11-25/1759741356.json"
"581514","221282","2025-11-25","36.00","NZD","1759741356","23477/2025-11-25/1759741356.json"
"512557","146154","2025-11-25","45.00","NZD","1759741356","23477/2025-11-25/1759741356.json"
"365170","146153","2025-11-25","48.00","NZD","1759741356","23477/2025-11-25/1759741356.json"
"510807","146155","2025-11-25","52.00","NZD","1759741356","23477/2025-11-25/1759741356.json"
"581513","221281","2025-11-27","36.00","NZD","1759741356","23477/2025-11-27/1759741356.json"
"581514","221282","2025-11-27","36.00","NZD","1759741356","23477/2025-11-27/1759741356.json"
"512557","146154","2025-11-27","45.00","NZD","1759741356","23477/2025-11-27/1759741356.json"
"365170","146153","2025-11-27","48.00","NZD","1759741356","23477/2025-11-27/1759741356.json"
"510807","146155","2025-11-27","52.00","NZD","1759741356","23477/2025-11-27/1759741356.json"
"581513","221281","2025-11-14","36.00","NZD","1759741356","23477/2025-11-14/1759741356.json"
"581514","221282","2025-11-14","36.00","NZD","1759741356","23477/2025-11-14/1759741356.json"
"512557","146154","2025-11-14","45.00","NZD","1759741356","23477/2025-11-14/1759741356.json"
"365170","146153","2025-11-14","48.00","NZD","1759741356","23477/2025-11-14/1759741356.json"
"510807","146155","2025-11-14","52.00","NZD","1759741356","23477/2025-11-14/1759741356.json"
"581513","221281","2025-11-28","36.00","NZD","1759741356","23477/2025-11-28/1759741356.json"
"581514","221282","2025-11-28","36.00","NZD","1759741356","23477/2025-11-28/1759741356.json"
"512557","146154","2025-11-28","45.00","NZD","1759741356","23477/2025-11-28/1759741356.json"
"365170","146153","2025-11-28","48.00","NZD","1759741356","23477/2025-11-28/1759741356.json"
"510807","146155","2025-11-28","52.00","NZD","1759741356","23477/2025-11-28/1759741356.json"
"581513","221281","2025-11-30","36.00","NZD","1759741356","23477/2025-11-30/1759741356.json"
"581514","221282","2025-11-30","36.00","NZD","1759741356","23477/2025-11-30/1759741356.json"
"512557","146154","2025-11-30","45.00","NZD","1759741356","23477/2025-11-30/1759741356.json"
"365170","146153","2025-11-30","48.00","NZD","1759741356","23477/2025-11-30/1759741356.json"
"510807","146155","2025-11-30","52.00","NZD","1759741356","23477/2025-11-30/1759741356.json"
"581513","221281","2025-11-29","36.00","NZD","1759741356","23477/2025-11-29/1759741356.json"
"581514","221282","2025-11-29","36.00","NZD","1759741356","23477/2025-11-29/1759741356.json"
"512557","146154","2025-11-29","45.00","NZD","1759741356","23477/2025-11-29/1759741356.json"
"365170","146153","2025-11-29","48.00","NZD","1759741356","23477/2025-11-29/1759741356.json"
"510807","146155","2025-11-29","52.00","NZD","1759741356","23477/2025-11-29/1759741356.json"
"581513","221281","2025-12-01","36.00","NZD","1759741356","23477/2025-12-01/1759741356.json"
"581514","221282","2025-12-01","36.00","NZD","1759741356","23477/2025-12-01/1759741356.json"
"512557","146154","2025-12-01","45.00","NZD","1759741356","23477/2025-12-01/1759741356.json"
"365170","146153","2025-12-01","48.00","NZD","1759741356","23477/2025-12-01/1759741356.json"
"510807","146155","2025-12-01","52.00","NZD","1759741356","23477/2025-12-01/1759741356.json"
"581513","221281","2025-12-02","36.00","NZD","1759741356","23477/2025-12-02/1759741356.json"
"581514","221282","2025-12-02","36.00","NZD","1759741356","23477/2025-12-02/1759741356.json"
"512557","146154","2025-12-02","45.00","NZD","1759741356","23477/2025-12-02/1759741356.json"
"365170","146153","2025-12-02","48.00","NZD","1759741356","23477/2025-12-02/1759741356.json"
"510807","146155","2025-12-02","52.00","NZD","1759741356","23477/2025-12-02/1759741356.json"
"581513","221281","2025-12-04","36.00","NZD","1759741356","23477/2025-12-04/1759741356.json"
"581514","221282","2025-12-04","36.00","NZD","1759741356","23477/2025-12-04/1759741356.json"
"512557","146154","2025-12-04","45.00","NZD","1759741356","23477/2025-12-04/1759741356.json"
"365170","146153","2025-12-04","48.00","NZD","1759741356","23477/2025-12-04/1759741356.json"
"510807","146155","2025-12-04","52.00","NZD","1759741356","23477/2025-12-04/1759741356.json"
"581513","221281","2025-12-05","36.00","NZD","1759741356","23477/2025-12-05/1759741356.json"
"581514","221282","2025-12-05","36.00","NZD","1759741356","23477/2025-12-05/1759741356.json"
"512557","146154","2025-12-05","45.00","NZD","1759741356","23477/2025-12-05/1759741356.json"
"365170","146153","2025-12-05","48.00","NZD","1759741356","23477/2025-12-05/1759741356.json"
"510807","146155","2025-12-05","52.00","NZD","1759741356","23477/2025-12-05/1759741356.json"
"581513","221281","2025-12-03","36.00","NZD","1759741356","23477/2025-12-03/1759741356.json"
"581514","221282","2025-12-03","36.00","NZD","1759741356","23477/2025-12-03/1759741356.json"
"512557","146154","2025-12-03","45.00","NZD","1759741356","23477/2025-12-03/1759741356.json"
"365170","146153","2025-12-03","48.00","NZD","1759741356","23477/2025-12-03/1759741356.json"
"510807","146155","2025-12-03","52.00","NZD","1759741356","23477/2025-12-03/1759741356.json"
"581513","221281","2025-10-08","36.00","NZD","1759758791","23477/2025-10-08/1759758791.json"
"581514","221282","2025-10-08","36.00","NZD","1759758791","23477/2025-10-08/1759758791.json"
"512557","146154","2025-10-08","45.00","NZD","1759758791","23477/2025-10-08/1759758791.json"
"365170","146153","2025-10-08","48.00","NZD","1759758791","23477/2025-10-08/1759758791.json"
"510807","146155","2025-10-08","52.00","NZD","1759758791","23477/2025-10-08/1759758791.json"
"581513","221281","2025-10-09","36.00","NZD","1759758791","23477/2025-10-09/1759758791.json"
"581514","221282","2025-10-09","36.00","NZD","1759758791","23477/2025-10-09/1759758791.json"
"512557","146154","2025-10-09","45.00","NZD","1759758791","23477/2025-10-09/1759758791.json"
"365170","146153","2025-10-09","48.00","NZD","1759758791","23477/2025-10-09/1759758791.json"
"510807","146155","2025-10-09","52.00","NZD","1759758791","23477/2025-10-09/1759758791.json"
"581513","221281","2025-10-07","36.00","NZD","1759758791","23477/2025-10-07/1759758791.json"
"581514","221282","2025-10-07","36.00","NZD","1759758791","23477/2025-10-07/1759758791.json"
"512557","146154","2025-10-07","45.00","NZD","1759758791","23477/2025-10-07/1759758791.json"
"365170","146153","2025-10-07","48.00","NZD","1759758791","23477/2025-10-07/1759758791.json"
"510807","146155","2025-10-07","52.00","NZD","1759758791","23477/2025-10-07/1759758791.json"
"581513","221281","2025-10-10","36.00","NZD","1759758791","23477/2025-10-10/1759758791.json"
"581514","221282","2025-10-10","36.00","NZD","1759758791","23477/2025-10-10/1759758791.json"
"512557","146154","2025-10-10","45.00","NZD","1759758791","23477/2025-10-10/1759758791.json"
"365170","146153","2025-10-10","48.00","NZD","1759758791","23477/2025-10-10/1759758791.json"
"510807","146155","2025-10-10","52.00","NZD","1759758791","23477/2025-10-10/1759758791.json"
"581513","221281","2025-10-13","36.00","NZD","1759758791","23477/2025-10-13/1759758791.json"
"581514","221282","2025-10-13","36.00","NZD","1759758791","23477/2025-10-13/1759758791.json"
"512557","146154","2025-10-13","45.00","NZD","1759758791","23477/2025-10-13/1759758791.json"
"365170","146153","2025-10-13","48.00","NZD","1759758791","23477/2025-10-13/1759758791.json"
"510807","146155","2025-10-13","52.00","NZD","1759758791","23477/2025-10-13/1759758791.json"
"581513","221281","2025-10-12","36.00","NZD","1759758791","23477/2025-10-12/1759758791.json"
"581514","221282","2025-10-12","36.00","NZD","1759758791","23477/2025-10-12/1759758791.json"
"512557","146154","2025-10-12","45.00","NZD","1759758791","23477/2025-10-12/1759758791.json"
"365170","146153","2025-10-12","48.00","NZD","1759758791","23477/2025-10-12/1759758791.json"
"510807","146155","2025-10-12","52.00","NZD","1759758791","23477/2025-10-12/1759758791.json"
"581513","221281","2025-10-14","36.00","NZD","1759758791","23477/2025-10-14/1759758791.json"
"581514","221282","2025-10-14","36.00","NZD","1759758791","23477/2025-10-14/1759758791.json"
"512557","146154","2025-10-14","45.00","NZD","1759758791","23477/2025-10-14/1759758791.json"
"365170","146153","2025-10-14","48.00","NZD","1759758791","23477/2025-10-14/1759758791.json"
"510807","146155","2025-10-14","52.00","NZD","1759758791","23477/2025-10-14/1759758791.json"
"581513","221281","2025-10-11","36.00","NZD","1759758791","23477/2025-10-11/1759758791.json"
"581514","221282","2025-10-11","36.00","NZD","1759758791","23477/2025-10-11/1759758791.json"
"512557","146154","2025-10-11","45.00","NZD","1759758791","23477/2025-10-11/1759758791.json"
"365170","146153","2025-10-11","48.00","NZD","1759758791","23477/2025-10-11/1759758791.json"
"510807","146155","2025-10-11","52.00","NZD","1759758791","23477/2025-10-11/1759758791.json"
"581513","221281","2025-10-17","36.00","NZD","1759758791","23477/2025-10-17/1759758791.json"
"581514","221282","2025-10-17","36.00","NZD","1759758791","23477/2025-10-17/1759758791.json"
"512557","146154","2025-10-17","45.00","NZD","1759758791","23477/2025-10-17/1759758791.json"
"365170","146153","2025-10-17","48.00","NZD","1759758791","23477/2025-10-17/1759758791.json"
"510807","146155","2025-10-17","52.00","NZD","1759758791","23477/2025-10-17/1759758791.json"
"581513","221281","2025-10-16","36.00","NZD","1759758791","23477/2025-10-16/1759758791.json"
"581514","221282","2025-10-16","36.00","NZD","1759758791","23477/2025-10-16/1759758791.json"
"512557","146154","2025-10-16","45.00","NZD","1759758791","23477/2025-10-16/1759758791.json"
"365170","146153","2025-10-16","48.00","NZD","1759758791","23477/2025-10-16/1759758791.json"
"510807","146155","2025-10-16","52.00","NZD","1759758791","23477/2025-10-16/1759758791.json"
"581513","221281","2025-10-15","36.00","NZD","1759758791","23477/2025-10-15/1759758791.json"
"581514","221282","2025-10-15","36.00","NZD","1759758791","23477/2025-10-15/1759758791.json"
"512557","146154","2025-10-15","45.00","NZD","1759758791","23477/2025-10-15/1759758791.json"
"365170","146153","2025-10-15","48.00","NZD","1759758791","23477/2025-10-15/1759758791.json"
"510807","146155","2025-10-15","52.00","NZD","1759758791","23477/2025-10-15/1759758791.json"
"581513","221281","2025-10-20","36.00","NZD","1759758791","23477/2025-10-20/1759758791.json"
"581514","221282","2025-10-20","36.00","NZD","1759758791","23477/2025-10-20/1759758791.json"
"512557","146154","2025-10-20","45.00","NZD","1759758791","23477/2025-10-20/1759758791.json"
"365170","146153","2025-10-20","48.00","NZD","1759758791","23477/2025-10-20/1759758791.json"
"510807","146155","2025-10-20","52.00","NZD","1759758791","23477/2025-10-20/1759758791.json"
"581513","221281","2025-10-19","36.00","NZD","1759758791","23477/2025-10-19/1759758791.json"
"581514","221282","2025-10-19","36.00","NZD","1759758791","23477/2025-10-19/1759758791.json"
"512557","146154","2025-10-19","45.00","NZD","1759758791","23477/2025-10-19/1759758791.json"
"365170","146153","2025-10-19","48.00","NZD","1759758791","23477/2025-10-19/1759758791.json"
"510807","146155","2025-10-19","52.00","NZD","1759758791","23477/2025-10-19/1759758791.json"
"581513","221281","2025-10-18","36.00","NZD","1759758791","23477/2025-10-18/1759758791.json"
"581514","221282","2025-10-18","36.00","NZD","1759758791","23477/2025-10-18/1759758791.json"
"512557","146154","2025-10-18","45.00","NZD","1759758791","23477/2025-10-18/1759758791.json"
"365170","146153","2025-10-18","48.00","NZD","1759758791","23477/2025-10-18/1759758791.json"
"510807","146155","2025-10-18","52.00","NZD","1759758791","23477/2025-10-18/1759758791.json"
"581513","221281","2025-10-21","36.00","NZD","1759758791","23477/2025-10-21/1759758791.json"
"581514","221282","2025-10-21","36.00","NZD","1759758791","23477/2025-10-21/1759758791.json"
"512557","146154","2025-10-21","45.00","NZD","1759758791","23477/2025-10-21/1759758791.json"
"365170","146153","2025-10-21","48.00","NZD","1759758791","23477/2025-10-21/1759758791.json"
"510807","146155","2025-10-21","52.00","NZD","1759758791","23477/2025-10-21/1759758791.json"
"581513","221281","2025-10-22","36.00","NZD","1759758791","23477/2025-10-22/1759758791.json"
"581514","221282","2025-10-22","36.00","NZD","1759758791","23477/2025-10-22/1759758791.json"
"512557","146154","2025-10-22","45.00","NZD","1759758791","23477/2025-10-22/1759758791.json"
"365170","146153","2025-10-22","48.00","NZD","1759758791","23477/2025-10-22/1759758791.json"
"510807","146155","2025-10-22","52.00","NZD","1759758791","23477/2025-10-22/1759758791.json"
"581513","221281","2025-10-23","36.00","NZD","1759758791","23477/2025-10-23/1759758791.json"
"581514","221282","2025-10-23","36.00","NZD","1759758791","23477/2025-10-23/1759758791.json"
"512557","146154","2025-10-23","45.00","NZD","1759758791","23477/2025-10-23/1759758791.json"
"365170","146153","2025-10-23","48.00","NZD","1759758791","23477/2025-10-23/1759758791.json"
"510807","146155","2025-10-23","52.00","NZD","1759758791","23477/2025-10-23/1759758791.json"
"581513","221281","2025-10-25","36.00","NZD","1759758791","23477/2025-10-25/1759758791.json"
"581514","221282","2025-10-25","36.00","NZD","1759758791","23477/2025-10-25/1759758791.json"
"512557","146154","2025-10-25","45.00","NZD","1759758791","23477/2025-10-25/1759758791.json"
"365170","146153","2025-10-25","48.00","NZD","1759758791","23477/2025-10-25/1759758791.json"
"510807","146155","2025-10-25","52.00","NZD","1759758791","23477/2025-10-25/1759758791.json"
"581513","221281","2025-10-24","36.00","NZD","1759758791","23477/2025-10-24/1759758791.json"
"581514","221282","2025-10-24","36.00","NZD","1759758791","23477/2025-10-24/1759758791.json"
"512557","146154","2025-10-24","45.00","NZD","1759758791","23477/2025-10-24/1759758791.json"
"365170","146153","2025-10-24","48.00","NZD","1759758791","23477/2025-10-24/1759758791.json"
"510807","146155","2025-10-24","52.00","NZD","1759758791","23477/2025-10-24/1759758791.json"
"581513","221281","2025-10-27","36.00","NZD","1759758791","23477/2025-10-27/1759758791.json"
"581514","221282","2025-10-27","36.00","NZD","1759758791","23477/2025-10-27/1759758791.json"
"512557","146154","2025-10-27","45.00","NZD","1759758791","23477/2025-10-27/1759758791.json"
"365170","146153","2025-10-27","48.00","NZD","1759758791","23477/2025-10-27/1759758791.json"
"510807","146155","2025-10-27","52.00","NZD","1759758791","23477/2025-10-27/1759758791.json"
"581513","221281","2025-10-26","36.00","NZD","1759758791","23477/2025-10-26/1759758791.json"
"581514","221282","2025-10-26","36.00","NZD","1759758791","23477/2025-10-26/1759758791.json"
"512557","146154","2025-10-26","45.00","NZD","1759758791","23477/2025-10-26/1759758791.json"
"365170","146153","2025-10-26","48.00","NZD","1759758791","23477/2025-10-26/1759758791.json"
"510807","146155","2025-10-26","52.00","NZD","1759758791","23477/2025-10-26/1759758791.json"
"581513","221281","2025-10-28","36.00","NZD","1759758791","23477/2025-10-28/1759758791.json"
"581514","221282","2025-10-28","36.00","NZD","1759758791","23477/2025-10-28/1759758791.json"
"512557","146154","2025-10-28","45.00","NZD","1759758791","23477/2025-10-28/1759758791.json"
"365170","146153","2025-10-28","48.00","NZD","1759758791","23477/2025-10-28/1759758791.json"
"510807","146155","2025-10-28","52.00","NZD","1759758791","23477/2025-10-28/1759758791.json"
"581513","221281","2025-10-29","36.00","NZD","1759758791","23477/2025-10-29/1759758791.json"
"581514","221282","2025-10-29","36.00","NZD","1759758791","23477/2025-10-29/1759758791.json"
"512557","146154","2025-10-29","45.00","NZD","1759758791","23477/2025-10-29/1759758791.json"
"365170","146153","2025-10-29","48.00","NZD","1759758791","23477/2025-10-29/1759758791.json"
"510807","146155","2025-10-29","52.00","NZD","1759758791","23477/2025-10-29/1759758791.json"
"581513","221281","2025-10-31","36.00","NZD","1759758791","23477/2025-10-31/1759758791.json"
"581514","221282","2025-10-31","36.00","NZD","1759758791","23477/2025-10-31/1759758791.json"
"512557","146154","2025-10-31","45.00","NZD","1759758791","23477/2025-10-31/1759758791.json"
"365170","146153","2025-10-31","48.00","NZD","1759758791","23477/2025-10-31/1759758791.json"
"510807","146155","2025-10-31","52.00","NZD","1759758791","23477/2025-10-31/1759758791.json"
"581513","221281","2025-10-30","36.00","NZD","1759758791","23477/2025-10-30/1759758791.json"
"581514","221282","2025-10-30","36.00","NZD","1759758791","23477/2025-10-30/1759758791.json"
"512557","146154","2025-10-30","45.00","NZD","1759758791","23477/2025-10-30/1759758791.json"
"365170","146153","2025-10-30","48.00","NZD","1759758791","23477/2025-10-30/1759758791.json"
"510807","146155","2025-10-30","52.00","NZD","1759758791","23477/2025-10-30/1759758791.json"
"581513","221281","2025-11-01","36.00","NZD","1759758791","23477/2025-11-01/1759758791.json"
"581514","221282","2025-11-01","36.00","NZD","1759758791","23477/2025-11-01/1759758791.json"
"512557","146154","2025-11-01","45.00","NZD","1759758791","23477/2025-11-01/1759758791.json"
"365170","146153","2025-11-01","48.00","NZD","1759758791","23477/2025-11-01/1759758791.json"
"510807","146155","2025-11-01","52.00","NZD","1759758791","23477/2025-11-01/1759758791.json"
"581513","221281","2025-11-02","36.00","NZD","1759758791","23477/2025-11-02/1759758791.json"
"581514","221282","2025-11-02","36.00","NZD","1759758791","23477/2025-11-02/1759758791.json"
"512557","146154","2025-11-02","45.00","NZD","1759758791","23477/2025-11-02/1759758791.json"
"365170","146153","2025-11-02","48.00","NZD","1759758791","23477/2025-11-02/1759758791.json"
"510807","146155","2025-11-02","52.00","NZD","1759758791","23477/2025-11-02/1759758791.json"
"581513","221281","2025-11-04","36.00","NZD","1759758791","23477/2025-11-04/1759758791.json"
"581514","221282","2025-11-04","36.00","NZD","1759758791","23477/2025-11-04/1759758791.json"
"512557","146154","2025-11-04","45.00","NZD","1759758791","23477/2025-11-04/1759758791.json"
"365170","146153","2025-11-04","48.00","NZD","1759758791","23477/2025-11-04/1759758791.json"
"510807","146155","2025-11-04","52.00","NZD","1759758791","23477/2025-11-04/1759758791.json"
"581513","221281","2025-11-05","36.00","NZD","1759758791","23477/2025-11-05/1759758791.json"
"581514","221282","2025-11-05","36.00","NZD","1759758791","23477/2025-11-05/1759758791.json"
"512557","146154","2025-11-05","45.00","NZD","1759758791","23477/2025-11-05/1759758791.json"
"365170","146153","2025-11-05","48.00","NZD","1759758791","23477/2025-11-05/1759758791.json"
"510807","146155","2025-11-05","52.00","NZD","1759758791","23477/2025-11-05/1759758791.json"
"581513","221281","2025-11-03","36.00","NZD","1759758791","23477/2025-11-03/1759758791.json"
"581513","221281","2025-11-06","36.00","NZD","1759758791","23477/2025-11-06/1759758791.json"
"581514","221282","2025-11-03","36.00","NZD","1759758791","23477/2025-11-03/1759758791.json"
"581514","221282","2025-11-06","36.00","NZD","1759758791","23477/2025-11-06/1759758791.json"
"512557","146154","2025-11-03","45.00","NZD","1759758791","23477/2025-11-03/1759758791.json"
"512557","146154","2025-11-06","45.00","NZD","1759758791","23477/2025-11-06/1759758791.json"
"365170","146153","2025-11-03","48.00","NZD","1759758791","23477/2025-11-03/1759758791.json"
"365170","146153","2025-11-06","48.00","NZD","1759758791","23477/2025-11-06/1759758791.json"
"510807","146155","2025-11-03","52.00","NZD","1759758791","23477/2025-11-03/1759758791.json"
"510807","146155","2025-11-06","52.00","NZD","1759758791","23477/2025-11-06/1759758791.json"
"581513","221281","2025-11-07","36.00","NZD","1759758791","23477/2025-11-07/1759758791.json"
"581514","221282","2025-11-07","36.00","NZD","1759758791","23477/2025-11-07/1759758791.json"
"512557","146154","2025-11-07","45.00","NZD","1759758791","23477/2025-11-07/1759758791.json"
"365170","146153","2025-11-07","48.00","NZD","1759758791","23477/2025-11-07/1759758791.json"
"510807","146155","2025-11-07","52.00","NZD","1759758791","23477/2025-11-07/1759758791.json"
"581513","221281","2025-11-09","36.00","NZD","1759758791","23477/2025-11-09/1759758791.json"
"581514","221282","2025-11-09","36.00","NZD","1759758791","23477/2025-11-09/1759758791.json"
"512557","146154","2025-11-09","45.00","NZD","1759758791","23477/2025-11-09/1759758791.json"
"365170","146153","2025-11-09","48.00","NZD","1759758791","23477/2025-11-09/1759758791.json"
"510807","146155","2025-11-09","52.00","NZD","1759758791","23477/2025-11-09/1759758791.json"
"581513","221281","2025-11-10","36.00","NZD","1759758791","23477/2025-11-10/1759758791.json"
"581514","221282","2025-11-10","36.00","NZD","1759758791","23477/2025-11-10/1759758791.json"
"512557","146154","2025-11-10","45.00","NZD","1759758791","23477/2025-11-10/1759758791.json"
"365170","146153","2025-11-10","48.00","NZD","1759758791","23477/2025-11-10/1759758791.json"
"510807","146155","2025-11-10","52.00","NZD","1759758791","23477/2025-11-10/1759758791.json"
"581513","221281","2025-11-11","36.00","NZD","1759758791","23477/2025-11-11/1759758791.json"
"581514","221282","2025-11-11","36.00","NZD","1759758791","23477/2025-11-11/1759758791.json"
"512557","146154","2025-11-11","45.00","NZD","1759758791","23477/2025-11-11/1759758791.json"
"365170","146153","2025-11-11","48.00","NZD","1759758791","23477/2025-11-11/1759758791.json"
"510807","146155","2025-11-11","52.00","NZD","1759758791","23477/2025-11-11/1759758791.json"
"581513","221281","2025-11-08","36.00","NZD","1759758791","23477/2025-11-08/1759758791.json"
"581514","221282","2025-11-08","36.00","NZD","1759758791","23477/2025-11-08/1759758791.json"
"512557","146154","2025-11-08","45.00","NZD","1759758791","23477/2025-11-08/1759758791.json"
"365170","146153","2025-11-08","48.00","NZD","1759758791","23477/2025-11-08/1759758791.json"
"510807","146155","2025-11-08","52.00","NZD","1759758791","23477/2025-11-08/1759758791.json"
"581513","221281","2025-11-13","36.00","NZD","1759758791","23477/2025-11-13/1759758791.json"
"581514","221282","2025-11-13","36.00","NZD","1759758791","23477/2025-11-13/1759758791.json"
"512557","146154","2025-11-13","45.00","NZD","1759758791","23477/2025-11-13/1759758791.json"
"365170","146153","2025-11-13","48.00","NZD","1759758791","23477/2025-11-13/1759758791.json"
"510807","146155","2025-11-13","52.00","NZD","1759758791","23477/2025-11-13/1759758791.json"
"581513","221281","2025-11-14","36.00","NZD","1759758791","23477/2025-11-14/1759758791.json"
"581514","221282","2025-11-14","36.00","NZD","1759758791","23477/2025-11-14/1759758791.json"
"512557","146154","2025-11-14","45.00","NZD","1759758791","23477/2025-11-14/1759758791.json"
"365170","146153","2025-11-14","48.00","NZD","1759758791","23477/2025-11-14/1759758791.json"
"510807","146155","2025-11-14","52.00","NZD","1759758791","23477/2025-11-14/1759758791.json"
"581513","221281","2025-11-12","36.00","NZD","1759758791","23477/2025-11-12/1759758791.json"
"581514","221282","2025-11-12","36.00","NZD","1759758791","23477/2025-11-12/1759758791.json"
"512557","146154","2025-11-12","45.00","NZD","1759758791","23477/2025-11-12/1759758791.json"
"365170","146153","2025-11-12","48.00","NZD","1759758791","23477/2025-11-12/1759758791.json"
"510807","146155","2025-11-12","52.00","NZD","1759758791","23477/2025-11-12/1759758791.json"
"581513","221281","2025-11-15","36.00","NZD","1759758791","23477/2025-11-15/1759758791.json"
"581514","221282","2025-11-15","36.00","NZD","1759758791","23477/2025-11-15/1759758791.json"
"512557","146154","2025-11-15","45.00","NZD","1759758791","23477/2025-11-15/1759758791.json"
"365170","146153","2025-11-15","48.00","NZD","1759758791","23477/2025-11-15/1759758791.json"
"510807","146155","2025-11-15","52.00","NZD","1759758791","23477/2025-11-15/1759758791.json"
"581513","221281","2025-11-16","36.00","NZD","1759758791","23477/2025-11-16/1759758791.json"
"581514","221282","2025-11-16","36.00","NZD","1759758791","23477/2025-11-16/1759758791.json"
"512557","146154","2025-11-16","45.00","NZD","1759758791","23477/2025-11-16/1759758791.json"
"365170","146153","2025-11-16","48.00","NZD","1759758791","23477/2025-11-16/1759758791.json"
"510807","146155","2025-11-16","52.00","NZD","1759758791","23477/2025-11-16/1759758791.json"
"581513","221281","2025-11-18","36.00","NZD","1759758791","23477/2025-11-18/1759758791.json"
"581514","221282","2025-11-18","36.00","NZD","1759758791","23477/2025-11-18/1759758791.json"
"512557","146154","2025-11-18","45.00","NZD","1759758791","23477/2025-11-18/1759758791.json"
"365170","146153","2025-11-18","48.00","NZD","1759758791","23477/2025-11-18/1759758791.json"
"510807","146155","2025-11-18","52.00","NZD","1759758791","23477/2025-11-18/1759758791.json"
"581513","221281","2025-11-17","36.00","NZD","1759758791","23477/2025-11-17/1759758791.json"
"581514","221282","2025-11-17","36.00","NZD","1759758791","23477/2025-11-17/1759758791.json"
"512557","146154","2025-11-17","45.00","NZD","1759758791","23477/2025-11-17/1759758791.json"
"365170","146153","2025-11-17","48.00","NZD","1759758791","23477/2025-11-17/1759758791.json"
"510807","146155","2025-11-17","52.00","NZD","1759758791","23477/2025-11-17/1759758791.json"
"581513","221281","2025-11-19","36.00","NZD","1759758791","23477/2025-11-19/1759758791.json"
"581514","221282","2025-11-19","36.00","NZD","1759758791","23477/2025-11-19/1759758791.json"
"512557","146154","2025-11-19","45.00","NZD","1759758791","23477/2025-11-19/1759758791.json"
"365170","146153","2025-11-19","48.00","NZD","1759758791","23477/2025-11-19/1759758791.json"
"510807","146155","2025-11-19","52.00","NZD","1759758791","23477/2025-11-19/1759758791.json"
"581513","221281","2025-11-20","36.00","NZD","1759758791","23477/2025-11-20/1759758791.json"
"581514","221282","2025-11-20","36.00","NZD","1759758791","23477/2025-11-20/1759758791.json"
"512557","146154","2025-11-20","45.00","NZD","1759758791","23477/2025-11-20/1759758791.json"
"581513","221281","2025-11-21","36.00","NZD","1759758791","23477/2025-11-21/1759758791.json"
"581514","221282","2025-11-21","36.00","NZD","1759758791","23477/2025-11-21/1759758791.json"
"512557","146154","2025-11-21","45.00","NZD","1759758791","23477/2025-11-21/1759758791.json"
"365170","146153","2025-11-21","48.00","NZD","1759758791","23477/2025-11-21/1759758791.json"
"510807","146155","2025-11-21","52.00","NZD","1759758791","23477/2025-11-21/1759758791.json"
"581513","221281","2025-11-22","36.00","NZD","1759758791","23477/2025-11-22/1759758791.json"
"581514","221282","2025-11-22","36.00","NZD","1759758791","23477/2025-11-22/1759758791.json"
"512557","146154","2025-11-22","45.00","NZD","1759758791","23477/2025-11-22/1759758791.json"
"365170","146153","2025-11-22","48.00","NZD","1759758791","23477/2025-11-22/1759758791.json"
"510807","146155","2025-11-22","52.00","NZD","1759758791","23477/2025-11-22/1759758791.json"
"581513","221281","2025-11-23","36.00","NZD","1759758791","23477/2025-11-23/1759758791.json"
"581514","221282","2025-11-23","36.00","NZD","1759758791","23477/2025-11-23/1759758791.json"
"512557","146154","2025-11-23","45.00","NZD","1759758791","23477/2025-11-23/1759758791.json"
"365170","146153","2025-11-23","48.00","NZD","1759758791","23477/2025-11-23/1759758791.json"
"510807","146155","2025-11-23","52.00","NZD","1759758791","23477/2025-11-23/1759758791.json"
"581513","221281","2025-11-24","36.00","NZD","1759758791","23477/2025-11-24/1759758791.json"
"581514","221282","2025-11-24","36.00","NZD","1759758791","23477/2025-11-24/1759758791.json"
"512557","146154","2025-11-24","45.00","NZD","1759758791","23477/2025-11-24/1759758791.json"
"365170","146153","2025-11-24","48.00","NZD","1759758791","23477/2025-11-24/1759758791.json"
"510807","146155","2025-11-24","52.00","NZD","1759758791","23477/2025-11-24/1759758791.json"
"581513","221281","2025-11-25","36.00","NZD","1759758791","23477/2025-11-25/1759758791.json"
"581514","221282","2025-11-25","36.00","NZD","1759758791","23477/2025-11-25/1759758791.json"
"512557","146154","2025-11-25","45.00","NZD","1759758791","23477/2025-11-25/1759758791.json"
"365170","146153","2025-11-25","48.00","NZD","1759758791","23477/2025-11-25/1759758791.json"
"510807","146155","2025-11-25","52.00","NZD","1759758791","23477/2025-11-25/1759758791.json"
"581513","221281","2025-11-26","36.00","NZD","1759758791","23477/2025-11-26/1759758791.json"
"581514","221282","2025-11-26","36.00","NZD","1759758791","23477/2025-11-26/1759758791.json"
"512557","146154","2025-11-26","45.00","NZD","1759758791","23477/2025-11-26/1759758791.json"
"365170","146153","2025-11-26","48.00","NZD","1759758791","23477/2025-11-26/1759758791.json"
"510807","146155","2025-11-26","52.00","NZD","1759758791","23477/2025-11-26/1759758791.json"
"581513","221281","2025-11-27","36.00","NZD","1759758791","23477/2025-11-27/1759758791.json"
"581514","221282","2025-11-27","36.00","NZD","1759758791","23477/2025-11-27/1759758791.json"
"512557","146154","2025-11-27","45.00","NZD","1759758791","23477/2025-11-27/1759758791.json"
"365170","146153","2025-11-27","48.00","NZD","1759758791","23477/2025-11-27/1759758791.json"
"510807","146155","2025-11-27","52.00","NZD","1759758791","23477/2025-11-27/1759758791.json"
"581513","221281","2025-11-28","36.00","NZD","1759758791","23477/2025-11-28/1759758791.json"
"581514","221282","2025-11-28","36.00","NZD","1759758791","23477/2025-11-28/1759758791.json"
"512557","146154","2025-11-28","45.00","NZD","1759758791","23477/2025-11-28/1759758791.json"
"365170","146153","2025-11-28","48.00","NZD","1759758791","23477/2025-11-28/1759758791.json"
"510807","146155","2025-11-28","52.00","NZD","1759758791","23477/2025-11-28/1759758791.json"
"581513","221281","2025-11-29","36.00","NZD","1759758791","23477/2025-11-29/1759758791.json"
"581514","221282","2025-11-29","36.00","NZD","1759758791","23477/2025-11-29/1759758791.json"
"512557","146154","2025-11-29","45.00","NZD","1759758791","23477/2025-11-29/1759758791.json"
"365170","146153","2025-11-29","48.00","NZD","1759758791","23477/2025-11-29/1759758791.json"
"510807","146155","2025-11-29","52.00","NZD","1759758791","23477/2025-11-29/1759758791.json"
"581513","221281","2025-11-30","36.00","NZD","1759758791","23477/2025-11-30/1759758791.json"
"581514","221282","2025-11-30","36.00","NZD","1759758791","23477/2025-11-30/1759758791.json"
"512557","146154","2025-11-30","45.00","NZD","1759758791","23477/2025-11-30/1759758791.json"
"365170","146153","2025-11-30","48.00","NZD","1759758791","23477/2025-11-30/1759758791.json"
"510807","146155","2025-11-30","52.00","NZD","1759758791","23477/2025-11-30/1759758791.json"
"581513","221281","2025-12-01","36.00","NZD","1759758791","23477/2025-12-01/1759758791.json"
"581514","221282","2025-12-01","36.00","NZD","1759758791","23477/2025-12-01/1759758791.json"
"512557","146154","2025-12-01","45.00","NZD","1759758791","23477/2025-12-01/1759758791.json"
"365170","146153","2025-12-01","48.00","NZD","1759758791","23477/2025-12-01/1759758791.json"
"510807","146155","2025-12-01","52.00","NZD","1759758791","23477/2025-12-01/1759758791.json"
"581513","221281","2025-12-02","36.00","NZD","1759758791","23477/2025-12-02/1759758791.json"
"581514","221282","2025-12-02","36.00","NZD","1759758791","23477/2025-12-02/1759758791.json"
"512557","146154","2025-12-02","45.00","NZD","1759758791","23477/2025-12-02/1759758791.json"
"365170","146153","2025-12-02","48.00","NZD","1759758791","23477/2025-12-02/1759758791.json"
"510807","146155","2025-12-02","52.00","NZD","1759758791","23477/2025-12-02/1759758791.json"
"581513","221281","2025-12-03","36.00","NZD","1759758791","23477/2025-12-03/1759758791.json"
"581514","221282","2025-12-03","36.00","NZD","1759758791","23477/2025-12-03/1759758791.json"
"512557","146154","2025-12-03","45.00","NZD","1759758791","23477/2025-12-03/1759758791.json"
"365170","146153","2025-12-03","48.00","NZD","1759758791","23477/2025-12-03/1759758791.json"
"510807","146155","2025-12-03","52.00","NZD","1759758791","23477/2025-12-03/1759758791.json"
"581513","221281","2025-12-04","36.00","NZD","1759758791","23477/2025-12-04/1759758791.json"
"581514","221282","2025-12-04","36.00","NZD","1759758791","23477/2025-12-04/1759758791.json"
"512557","146154","2025-12-04","45.00","NZD","1759758791","23477/2025-12-04/1759758791.json"
"365170","146153","2025-12-04","48.00","NZD","1759758791","23477/2025-12-04/1759758791.json"
"510807","146155","2025-12-04","52.00","NZD","1759758791","23477/2025-12-04/1759758791.json"
"581513","221281","2025-12-05","36.00","NZD","1759758791","23477/2025-12-05/1759758791.json"
"581514","221282","2025-12-05","36.00","NZD","1759758791","23477/2025-12-05/1759758791.json"
"512557","146154","2025-12-05","45.00","NZD","1759758791","23477/2025-12-05/1759758791.json"
"365170","146153","2025-12-05","48.00","NZD","1759758791","23477/2025-12-05/1759758791.json"
"510807","146155","2025-12-05","52.00","NZD","1759758791","23477/2025-12-05/1759758791.json"
"581513","221281","2025-10-07","36.00","NZD","1759770137","23477/2025-10-07/1759770137.json"
"581514","221282","2025-10-07","36.00","NZD","1759770137","23477/2025-10-07/1759770137.json"
"512557","146154","2025-10-07","45.00","NZD","1759770137","23477/2025-10-07/1759770137.json"
"365170","146153","2025-10-07","48.00","NZD","1759770137","23477/2025-10-07/1759770137.json"
"510807","146155","2025-10-07","52.00","NZD","1759770137","23477/2025-10-07/1759770137.json"
"581513","221281","2025-10-08","36.00","NZD","1759770137","23477/2025-10-08/1759770137.json"
"581514","221282","2025-10-08","36.00","NZD","1759770137","23477/2025-10-08/1759770137.json"
"512557","146154","2025-10-08","45.00","NZD","1759770137","23477/2025-10-08/1759770137.json"
"365170","146153","2025-10-08","48.00","NZD","1759770137","23477/2025-10-08/1759770137.json"
"510807","146155","2025-10-08","52.00","NZD","1759770137","23477/2025-10-08/1759770137.json"
"581513","221281","2025-10-09","36.00","NZD","1759770137","23477/2025-10-09/1759770137.json"
"581514","221282","2025-10-09","36.00","NZD","1759770137","23477/2025-10-09/1759770137.json"
"512557","146154","2025-10-09","45.00","NZD","1759770137","23477/2025-10-09/1759770137.json"
"365170","146153","2025-10-09","48.00","NZD","1759770137","23477/2025-10-09/1759770137.json"
"510807","146155","2025-10-09","52.00","NZD","1759770137","23477/2025-10-09/1759770137.json"
"581513","221281","2025-10-10","36.00","NZD","1759770137","23477/2025-10-10/1759770137.json"
"581514","221282","2025-10-10","36.00","NZD","1759770137","23477/2025-10-10/1759770137.json"
"512557","146154","2025-10-10","45.00","NZD","1759770137","23477/2025-10-10/1759770137.json"
"365170","146153","2025-10-10","48.00","NZD","1759770137","23477/2025-10-10/1759770137.json"
"510807","146155","2025-10-10","52.00","NZD","1759770137","23477/2025-10-10/1759770137.json"
"581513","221281","2025-10-13","36.00","NZD","1759770137","23477/2025-10-13/1759770137.json"
"581514","221282","2025-10-13","36.00","NZD","1759770137","23477/2025-10-13/1759770137.json"
"512557","146154","2025-10-13","45.00","NZD","1759770137","23477/2025-10-13/1759770137.json"
"365170","146153","2025-10-13","48.00","NZD","1759770137","23477/2025-10-13/1759770137.json"
"510807","146155","2025-10-13","52.00","NZD","1759770137","23477/2025-10-13/1759770137.json"
"581513","221281","2025-10-12","36.00","NZD","1759770137","23477/2025-10-12/1759770137.json"
"581514","221282","2025-10-12","36.00","NZD","1759770137","23477/2025-10-12/1759770137.json"
"512557","146154","2025-10-12","45.00","NZD","1759770137","23477/2025-10-12/1759770137.json"
"365170","146153","2025-10-12","48.00","NZD","1759770137","23477/2025-10-12/1759770137.json"
"510807","146155","2025-10-12","52.00","NZD","1759770137","23477/2025-10-12/1759770137.json"
"581513","221281","2025-10-14","36.00","NZD","1759770137","23477/2025-10-14/1759770137.json"
"581514","221282","2025-10-14","36.00","NZD","1759770137","23477/2025-10-14/1759770137.json"
"512557","146154","2025-10-14","45.00","NZD","1759770137","23477/2025-10-14/1759770137.json"
"365170","146153","2025-10-14","48.00","NZD","1759770137","23477/2025-10-14/1759770137.json"
"510807","146155","2025-10-14","52.00","NZD","1759770137","23477/2025-10-14/1759770137.json"
"581513","221281","2025-10-11","36.00","NZD","1759770137","23477/2025-10-11/1759770137.json"
"581514","221282","2025-10-11","36.00","NZD","1759770137","23477/2025-10-11/1759770137.json"
"512557","146154","2025-10-11","45.00","NZD","1759770137","23477/2025-10-11/1759770137.json"
"365170","146153","2025-10-11","48.00","NZD","1759770137","23477/2025-10-11/1759770137.json"
"510807","146155","2025-10-11","52.00","NZD","1759770137","23477/2025-10-11/1759770137.json"
"581513","221281","2025-10-16","36.00","NZD","1759770137","23477/2025-10-16/1759770137.json"
"581514","221282","2025-10-16","36.00","NZD","1759770137","23477/2025-10-16/1759770137.json"
"512557","146154","2025-10-16","45.00","NZD","1759770137","23477/2025-10-16/1759770137.json"
"365170","146153","2025-10-16","48.00","NZD","1759770137","23477/2025-10-16/1759770137.json"
"510807","146155","2025-10-16","52.00","NZD","1759770137","23477/2025-10-16/1759770137.json"
"581513","221281","2025-10-18","36.00","NZD","1759770137","23477/2025-10-18/1759770137.json"
"581514","221282","2025-10-18","36.00","NZD","1759770137","23477/2025-10-18/1759770137.json"
"512557","146154","2025-10-18","45.00","NZD","1759770137","23477/2025-10-18/1759770137.json"
"365170","146153","2025-10-18","48.00","NZD","1759770137","23477/2025-10-18/1759770137.json"
"510807","146155","2025-10-18","52.00","NZD","1759770137","23477/2025-10-18/1759770137.json"
"581513","221281","2025-10-17","36.00","NZD","1759770137","23477/2025-10-17/1759770137.json"
"581514","221282","2025-10-17","36.00","NZD","1759770137","23477/2025-10-17/1759770137.json"
"512557","146154","2025-10-17","45.00","NZD","1759770137","23477/2025-10-17/1759770137.json"
"365170","146153","2025-10-17","48.00","NZD","1759770137","23477/2025-10-17/1759770137.json"
"510807","146155","2025-10-17","52.00","NZD","1759770137","23477/2025-10-17/1759770137.json"
"581513","221281","2025-10-15","36.00","NZD","1759770137","23477/2025-10-15/1759770137.json"
"581514","221282","2025-10-15","36.00","NZD","1759770137","23477/2025-10-15/1759770137.json"
"512557","146154","2025-10-15","45.00","NZD","1759770137","23477/2025-10-15/1759770137.json"
"365170","146153","2025-10-15","48.00","NZD","1759770137","23477/2025-10-15/1759770137.json"
"510807","146155","2025-10-15","52.00","NZD","1759770137","23477/2025-10-15/1759770137.json"
"581513","221281","2025-10-19","36.00","NZD","1759770137","23477/2025-10-19/1759770137.json"
"581514","221282","2025-10-19","36.00","NZD","1759770137","23477/2025-10-19/1759770137.json"
"512557","146154","2025-10-19","45.00","NZD","1759770137","23477/2025-10-19/1759770137.json"
"365170","146153","2025-10-19","48.00","NZD","1759770137","23477/2025-10-19/1759770137.json"
"510807","146155","2025-10-19","52.00","NZD","1759770137","23477/2025-10-19/1759770137.json"
"581513","221281","2025-10-21","36.00","NZD","1759770137","23477/2025-10-21/1759770137.json"
"581514","221282","2025-10-21","36.00","NZD","1759770137","23477/2025-10-21/1759770137.json"
"512557","146154","2025-10-21","45.00","NZD","1759770137","23477/2025-10-21/1759770137.json"
"365170","146153","2025-10-21","48.00","NZD","1759770137","23477/2025-10-21/1759770137.json"
"510807","146155","2025-10-21","52.00","NZD","1759770137","23477/2025-10-21/1759770137.json"
"581513","221281","2025-10-20","36.00","NZD","1759770137","23477/2025-10-20/1759770137.json"
"581514","221282","2025-10-20","36.00","NZD","1759770137","23477/2025-10-20/1759770137.json"
"512557","146154","2025-10-20","45.00","NZD","1759770137","23477/2025-10-20/1759770137.json"
"365170","146153","2025-10-20","48.00","NZD","1759770137","23477/2025-10-20/1759770137.json"
"510807","146155","2025-10-20","52.00","NZD","1759770137","23477/2025-10-20/1759770137.json"
"581513","221281","2025-10-22","36.00","NZD","1759770137","23477/2025-10-22/1759770137.json"
"581514","221282","2025-10-22","36.00","NZD","1759770137","23477/2025-10-22/1759770137.json"
"512557","146154","2025-10-22","45.00","NZD","1759770137","23477/2025-10-22/1759770137.json"
"365170","146153","2025-10-22","48.00","NZD","1759770137","23477/2025-10-22/1759770137.json"
"510807","146155","2025-10-22","52.00","NZD","1759770137","23477/2025-10-22/1759770137.json"
"581513","221281","2025-10-25","36.00","NZD","1759770137","23477/2025-10-25/1759770137.json"
"581514","221282","2025-10-25","36.00","NZD","1759770137","23477/2025-10-25/1759770137.json"
"512557","146154","2025-10-25","45.00","NZD","1759770137","23477/2025-10-25/1759770137.json"
"365170","146153","2025-10-25","48.00","NZD","1759770137","23477/2025-10-25/1759770137.json"
"510807","146155","2025-10-25","52.00","NZD","1759770137","23477/2025-10-25/1759770137.json"
"581513","221281","2025-10-24","36.00","NZD","1759770137","23477/2025-10-24/1759770137.json"
"581514","221282","2025-10-24","36.00","NZD","1759770137","23477/2025-10-24/1759770137.json"
"512557","146154","2025-10-24","45.00","NZD","1759770137","23477/2025-10-24/1759770137.json"
"365170","146153","2025-10-24","48.00","NZD","1759770137","23477/2025-10-24/1759770137.json"
"510807","146155","2025-10-24","52.00","NZD","1759770137","23477/2025-10-24/1759770137.json"
"581513","221281","2025-10-23","36.00","NZD","1759770137","23477/2025-10-23/1759770137.json"
"581514","221282","2025-10-23","36.00","NZD","1759770137","23477/2025-10-23/1759770137.json"
"512557","146154","2025-10-23","45.00","NZD","1759770137","23477/2025-10-23/1759770137.json"
"365170","146153","2025-10-23","48.00","NZD","1759770137","23477/2025-10-23/1759770137.json"
"510807","146155","2025-10-23","52.00","NZD","1759770137","23477/2025-10-23/1759770137.json"
"581513","221281","2025-10-26","36.00","NZD","1759770137","23477/2025-10-26/1759770137.json"
"581514","221282","2025-10-26","36.00","NZD","1759770137","23477/2025-10-26/1759770137.json"
"512557","146154","2025-10-26","45.00","NZD","1759770137","23477/2025-10-26/1759770137.json"
"365170","146153","2025-10-26","48.00","NZD","1759770137","23477/2025-10-26/1759770137.json"
"510807","146155","2025-10-26","52.00","NZD","1759770137","23477/2025-10-26/1759770137.json"
"581513","221281","2025-10-28","36.00","NZD","1759770137","23477/2025-10-28/1759770137.json"
"581514","221282","2025-10-28","36.00","NZD","1759770137","23477/2025-10-28/1759770137.json"
"512557","146154","2025-10-28","45.00","NZD","1759770137","23477/2025-10-28/1759770137.json"
"365170","146153","2025-10-28","48.00","NZD","1759770137","23477/2025-10-28/1759770137.json"
"510807","146155","2025-10-28","52.00","NZD","1759770137","23477/2025-10-28/1759770137.json"
"581513","221281","2025-10-27","36.00","NZD","1759770137","23477/2025-10-27/1759770137.json"
"581514","221282","2025-10-27","36.00","NZD","1759770137","23477/2025-10-27/1759770137.json"
"512557","146154","2025-10-27","45.00","NZD","1759770137","23477/2025-10-27/1759770137.json"
"365170","146153","2025-10-27","48.00","NZD","1759770137","23477/2025-10-27/1759770137.json"
"510807","146155","2025-10-27","52.00","NZD","1759770137","23477/2025-10-27/1759770137.json"
"581513","221281","2025-10-29","36.00","NZD","1759770137","23477/2025-10-29/1759770137.json"
"581514","221282","2025-10-29","36.00","NZD","1759770137","23477/2025-10-29/1759770137.json"
"512557","146154","2025-10-29","45.00","NZD","1759770137","23477/2025-10-29/1759770137.json"
"365170","146153","2025-10-29","48.00","NZD","1759770137","23477/2025-10-29/1759770137.json"
"510807","146155","2025-10-29","52.00","NZD","1759770137","23477/2025-10-29/1759770137.json"
"581513","221281","2025-10-30","36.00","NZD","1759770137","23477/2025-10-30/1759770137.json"
"581514","221282","2025-10-30","36.00","NZD","1759770137","23477/2025-10-30/1759770137.json"
"512557","146154","2025-10-30","45.00","NZD","1759770137","23477/2025-10-30/1759770137.json"
"365170","146153","2025-10-30","48.00","NZD","1759770137","23477/2025-10-30/1759770137.json"
"510807","146155","2025-10-30","52.00","NZD","1759770137","23477/2025-10-30/1759770137.json"
"581513","221281","2025-10-31","36.00","NZD","1759770137","23477/2025-10-31/1759770137.json"
"581514","221282","2025-10-31","36.00","NZD","1759770137","23477/2025-10-31/1759770137.json"
"512557","146154","2025-10-31","45.00","NZD","1759770137","23477/2025-10-31/1759770137.json"
"365170","146153","2025-10-31","48.00","NZD","1759770137","23477/2025-10-31/1759770137.json"
"510807","146155","2025-10-31","52.00","NZD","1759770137","23477/2025-10-31/1759770137.json"
"581513","221281","2025-11-01","36.00","NZD","1759770137","23477/2025-11-01/1759770137.json"
"581514","221282","2025-11-01","36.00","NZD","1759770137","23477/2025-11-01/1759770137.json"
"512557","146154","2025-11-01","45.00","NZD","1759770137","23477/2025-11-01/1759770137.json"
"365170","146153","2025-11-01","48.00","NZD","1759770137","23477/2025-11-01/1759770137.json"
"510807","146155","2025-11-01","52.00","NZD","1759770137","23477/2025-11-01/1759770137.json"
"581513","221281","2025-11-03","36.00","NZD","1759770137","23477/2025-11-03/1759770137.json"
"581514","221282","2025-11-03","36.00","NZD","1759770137","23477/2025-11-03/1759770137.json"
"512557","146154","2025-11-03","45.00","NZD","1759770137","23477/2025-11-03/1759770137.json"
"365170","146153","2025-11-03","48.00","NZD","1759770137","23477/2025-11-03/1759770137.json"
"510807","146155","2025-11-03","52.00","NZD","1759770137","23477/2025-11-03/1759770137.json"
"581513","221281","2025-11-02","36.00","NZD","1759770137","23477/2025-11-02/1759770137.json"
"581514","221282","2025-11-02","36.00","NZD","1759770137","23477/2025-11-02/1759770137.json"
"512557","146154","2025-11-02","45.00","NZD","1759770137","23477/2025-11-02/1759770137.json"
"365170","146153","2025-11-02","48.00","NZD","1759770137","23477/2025-11-02/1759770137.json"
"510807","146155","2025-11-02","52.00","NZD","1759770137","23477/2025-11-02/1759770137.json"
"581513","221281","2025-11-04","36.00","NZD","1759770137","23477/2025-11-04/1759770137.json"
"581514","221282","2025-11-04","36.00","NZD","1759770137","23477/2025-11-04/1759770137.json"
"512557","146154","2025-11-04","45.00","NZD","1759770137","23477/2025-11-04/1759770137.json"
"365170","146153","2025-11-04","48.00","NZD","1759770137","23477/2025-11-04/1759770137.json"
"510807","146155","2025-11-04","52.00","NZD","1759770137","23477/2025-11-04/1759770137.json"
"581513","221281","2025-11-05","36.00","NZD","1759770137","23477/2025-11-05/1759770137.json"
"581514","221282","2025-11-05","36.00","NZD","1759770137","23477/2025-11-05/1759770137.json"
"512557","146154","2025-11-05","45.00","NZD","1759770137","23477/2025-11-05/1759770137.json"
"365170","146153","2025-11-05","48.00","NZD","1759770137","23477/2025-11-05/1759770137.json"
"510807","146155","2025-11-05","52.00","NZD","1759770137","23477/2025-11-05/1759770137.json"
"581513","221281","2025-11-07","36.00","NZD","1759770137","23477/2025-11-07/1759770137.json"
"581514","221282","2025-11-07","36.00","NZD","1759770137","23477/2025-11-07/1759770137.json"
"512557","146154","2025-11-07","45.00","NZD","1759770137","23477/2025-11-07/1759770137.json"
"365170","146153","2025-11-07","48.00","NZD","1759770137","23477/2025-11-07/1759770137.json"
"510807","146155","2025-11-07","52.00","NZD","1759770137","23477/2025-11-07/1759770137.json"
"581513","221281","2025-11-08","36.00","NZD","1759770137","23477/2025-11-08/1759770137.json"
"581514","221282","2025-11-08","36.00","NZD","1759770137","23477/2025-11-08/1759770137.json"
"512557","146154","2025-11-08","45.00","NZD","1759770137","23477/2025-11-08/1759770137.json"
"365170","146153","2025-11-08","48.00","NZD","1759770137","23477/2025-11-08/1759770137.json"
"510807","146155","2025-11-08","52.00","NZD","1759770137","23477/2025-11-08/1759770137.json"
"581513","221281","2025-11-06","36.00","NZD","1759770137","23477/2025-11-06/1759770137.json"
"581514","221282","2025-11-06","36.00","NZD","1759770137","23477/2025-11-06/1759770137.json"
"512557","146154","2025-11-06","45.00","NZD","1759770137","23477/2025-11-06/1759770137.json"
"365170","146153","2025-11-06","48.00","NZD","1759770137","23477/2025-11-06/1759770137.json"
"510807","146155","2025-11-06","52.00","NZD","1759770137","23477/2025-11-06/1759770137.json"
"581513","221281","2025-11-09","36.00","NZD","1759770137","23477/2025-11-09/1759770137.json"
"581514","221282","2025-11-09","36.00","NZD","1759770137","23477/2025-11-09/1759770137.json"
"512557","146154","2025-11-09","45.00","NZD","1759770137","23477/2025-11-09/1759770137.json"
"365170","146153","2025-11-09","48.00","NZD","1759770137","23477/2025-11-09/1759770137.json"
"510807","146155","2025-11-09","52.00","NZD","1759770137","23477/2025-11-09/1759770137.json"
"581513","221281","2025-11-12","36.00","NZD","1759770137","23477/2025-11-12/1759770137.json"
"581514","221282","2025-11-12","36.00","NZD","1759770137","23477/2025-11-12/1759770137.json"
"512557","146154","2025-11-12","45.00","NZD","1759770137","23477/2025-11-12/1759770137.json"
"365170","146153","2025-11-12","48.00","NZD","1759770137","23477/2025-11-12/1759770137.json"
"510807","146155","2025-11-12","52.00","NZD","1759770137","23477/2025-11-12/1759770137.json"
"581513","221281","2025-11-13","36.00","NZD","1759770137","23477/2025-11-13/1759770137.json"
"581514","221282","2025-11-13","36.00","NZD","1759770137","23477/2025-11-13/1759770137.json"
"512557","146154","2025-11-13","45.00","NZD","1759770137","23477/2025-11-13/1759770137.json"
"365170","146153","2025-11-13","48.00","NZD","1759770137","23477/2025-11-13/1759770137.json"
"510807","146155","2025-11-13","52.00","NZD","1759770137","23477/2025-11-13/1759770137.json"
"581513","221281","2025-11-10","36.00","NZD","1759770137","23477/2025-11-10/1759770137.json"
"581514","221282","2025-11-10","36.00","NZD","1759770137","23477/2025-11-10/1759770137.json"
"512557","146154","2025-11-10","45.00","NZD","1759770137","23477/2025-11-10/1759770137.json"
"365170","146153","2025-11-10","48.00","NZD","1759770137","23477/2025-11-10/1759770137.json"
"510807","146155","2025-11-10","52.00","NZD","1759770137","23477/2025-11-10/1759770137.json"
"581513","221281","2025-11-11","36.00","NZD","1759770137","23477/2025-11-11/1759770137.json"
"581514","221282","2025-11-11","36.00","NZD","1759770137","23477/2025-11-11/1759770137.json"
"512557","146154","2025-11-11","45.00","NZD","1759770137","23477/2025-11-11/1759770137.json"
"365170","146153","2025-11-11","48.00","NZD","1759770137","23477/2025-11-11/1759770137.json"
"510807","146155","2025-11-11","52.00","NZD","1759770137","23477/2025-11-11/1759770137.json"
"581513","221281","2025-11-16","36.00","NZD","1759770137","23477/2025-11-16/1759770137.json"
"581514","221282","2025-11-16","36.00","NZD","1759770137","23477/2025-11-16/1759770137.json"
"512557","146154","2025-11-16","45.00","NZD","1759770137","23477/2025-11-16/1759770137.json"
"365170","146153","2025-11-16","48.00","NZD","1759770137","23477/2025-11-16/1759770137.json"
"510807","146155","2025-11-16","52.00","NZD","1759770137","23477/2025-11-16/1759770137.json"
"581513","221281","2025-11-15","36.00","NZD","1759770137","23477/2025-11-15/1759770137.json"
"581514","221282","2025-11-15","36.00","NZD","1759770137","23477/2025-11-15/1759770137.json"
"512557","146154","2025-11-15","45.00","NZD","1759770137","23477/2025-11-15/1759770137.json"
"365170","146153","2025-11-15","48.00","NZD","1759770137","23477/2025-11-15/1759770137.json"
"510807","146155","2025-11-15","52.00","NZD","1759770137","23477/2025-11-15/1759770137.json"
"581513","221281","2025-11-17","36.00","NZD","1759770137","23477/2025-11-17/1759770137.json"
"581514","221282","2025-11-17","36.00","NZD","1759770137","23477/2025-11-17/1759770137.json"
"512557","146154","2025-11-17","45.00","NZD","1759770137","23477/2025-11-17/1759770137.json"
"365170","146153","2025-11-17","48.00","NZD","1759770137","23477/2025-11-17/1759770137.json"
"510807","146155","2025-11-17","52.00","NZD","1759770137","23477/2025-11-17/1759770137.json"
"581513","221281","2025-11-14","36.00","NZD","1759770137","23477/2025-11-14/1759770137.json"
"581514","221282","2025-11-14","36.00","NZD","1759770137","23477/2025-11-14/1759770137.json"
"512557","146154","2025-11-14","45.00","NZD","1759770137","23477/2025-11-14/1759770137.json"
"365170","146153","2025-11-14","48.00","NZD","1759770137","23477/2025-11-14/1759770137.json"
"510807","146155","2025-11-14","52.00","NZD","1759770137","23477/2025-11-14/1759770137.json"
"581513","221281","2025-11-19","36.00","NZD","1759770137","23477/2025-11-19/1759770137.json"
"581514","221282","2025-11-19","36.00","NZD","1759770137","23477/2025-11-19/1759770137.json"
"512557","146154","2025-11-19","45.00","NZD","1759770137","23477/2025-11-19/1759770137.json"
"365170","146153","2025-11-19","48.00","NZD","1759770137","23477/2025-11-19/1759770137.json"
"510807","146155","2025-11-19","52.00","NZD","1759770137","23477/2025-11-19/1759770137.json"
"581513","221281","2025-11-20","36.00","NZD","1759770137","23477/2025-11-20/1759770137.json"
"581514","221282","2025-11-20","36.00","NZD","1759770137","23477/2025-11-20/1759770137.json"
"512557","146154","2025-11-20","45.00","NZD","1759770137","23477/2025-11-20/1759770137.json"
"581513","221281","2025-11-21","36.00","NZD","1759770137","23477/2025-11-21/1759770137.json"
"581514","221282","2025-11-21","36.00","NZD","1759770137","23477/2025-11-21/1759770137.json"
"512557","146154","2025-11-21","45.00","NZD","1759770137","23477/2025-11-21/1759770137.json"
"365170","146153","2025-11-21","48.00","NZD","1759770137","23477/2025-11-21/1759770137.json"
"510807","146155","2025-11-21","52.00","NZD","1759770137","23477/2025-11-21/1759770137.json"
"581513","221281","2025-11-18","36.00","NZD","1759770137","23477/2025-11-18/1759770137.json"
"581514","221282","2025-11-18","36.00","NZD","1759770137","23477/2025-11-18/1759770137.json"
"512557","146154","2025-11-18","45.00","NZD","1759770137","23477/2025-11-18/1759770137.json"
"365170","146153","2025-11-18","48.00","NZD","1759770137","23477/2025-11-18/1759770137.json"
"510807","146155","2025-11-18","52.00","NZD","1759770137","23477/2025-11-18/1759770137.json"
"581513","221281","2025-11-22","36.00","NZD","1759770137","23477/2025-11-22/1759770137.json"
"581514","221282","2025-11-22","36.00","NZD","1759770137","23477/2025-11-22/1759770137.json"
"512557","146154","2025-11-22","45.00","NZD","1759770137","23477/2025-11-22/1759770137.json"
"365170","146153","2025-11-22","48.00","NZD","1759770137","23477/2025-11-22/1759770137.json"
"510807","146155","2025-11-22","52.00","NZD","1759770137","23477/2025-11-22/1759770137.json"
"581513","221281","2025-11-24","36.00","NZD","1759770137","23477/2025-11-24/1759770137.json"
"581514","221282","2025-11-24","36.00","NZD","1759770137","23477/2025-11-24/1759770137.json"
"512557","146154","2025-11-24","45.00","NZD","1759770137","23477/2025-11-24/1759770137.json"
"365170","146153","2025-11-24","48.00","NZD","1759770137","23477/2025-11-24/1759770137.json"
"510807","146155","2025-11-24","52.00","NZD","1759770137","23477/2025-11-24/1759770137.json"
"581513","221281","2025-11-23","36.00","NZD","1759770137","23477/2025-11-23/1759770137.json"
"581514","221282","2025-11-23","36.00","NZD","1759770137","23477/2025-11-23/1759770137.json"
"512557","146154","2025-11-23","45.00","NZD","1759770137","23477/2025-11-23/1759770137.json"
"365170","146153","2025-11-23","48.00","NZD","1759770137","23477/2025-11-23/1759770137.json"
"510807","146155","2025-11-23","52.00","NZD","1759770137","23477/2025-11-23/1759770137.json"
"581513","221281","2025-11-25","36.00","NZD","1759770137","23477/2025-11-25/1759770137.json"
"581514","221282","2025-11-25","36.00","NZD","1759770137","23477/2025-11-25/1759770137.json"
"512557","146154","2025-11-25","45.00","NZD","1759770137","23477/2025-11-25/1759770137.json"
"365170","146153","2025-11-25","48.00","NZD","1759770137","23477/2025-11-25/1759770137.json"
"510807","146155","2025-11-25","52.00","NZD","1759770137","23477/2025-11-25/1759770137.json"
"581513","221281","2025-11-26","36.00","NZD","1759770137","23477/2025-11-26/1759770137.json"
"581514","221282","2025-11-26","36.00","NZD","1759770137","23477/2025-11-26/1759770137.json"
"512557","146154","2025-11-26","45.00","NZD","1759770137","23477/2025-11-26/1759770137.json"
"365170","146153","2025-11-26","48.00","NZD","1759770137","23477/2025-11-26/1759770137.json"
"510807","146155","2025-11-26","52.00","NZD","1759770137","23477/2025-11-26/1759770137.json"
"581513","221281","2025-11-29","36.00","NZD","1759770137","23477/2025-11-29/1759770137.json"
"581514","221282","2025-11-29","36.00","NZD","1759770137","23477/2025-11-29/1759770137.json"
"512557","146154","2025-11-29","45.00","NZD","1759770137","23477/2025-11-29/1759770137.json"
"365170","146153","2025-11-29","48.00","NZD","1759770137","23477/2025-11-29/1759770137.json"
"510807","146155","2025-11-29","52.00","NZD","1759770137","23477/2025-11-29/1759770137.json"
"581513","221281","2025-11-28","36.00","NZD","1759770137","23477/2025-11-28/1759770137.json"
"581514","221282","2025-11-28","36.00","NZD","1759770137","23477/2025-11-28/1759770137.json"
"512557","146154","2025-11-28","45.00","NZD","1759770137","23477/2025-11-28/1759770137.json"
"365170","146153","2025-11-28","48.00","NZD","1759770137","23477/2025-11-28/1759770137.json"
"510807","146155","2025-11-28","52.00","NZD","1759770137","23477/2025-11-28/1759770137.json"
"581513","221281","2025-11-30","36.00","NZD","1759770137","23477/2025-11-30/1759770137.json"
"581514","221282","2025-11-30","36.00","NZD","1759770137","23477/2025-11-30/1759770137.json"
"512557","146154","2025-11-30","45.00","NZD","1759770137","23477/2025-11-30/1759770137.json"
"365170","146153","2025-11-30","48.00","NZD","1759770137","23477/2025-11-30/1759770137.json"
"510807","146155","2025-11-30","52.00","NZD","1759770137","23477/2025-11-30/1759770137.json"
"581513","221281","2025-12-01","36.00","NZD","1759770137","23477/2025-12-01/1759770137.json"
"581514","221282","2025-12-01","36.00","NZD","1759770137","23477/2025-12-01/1759770137.json"
"512557","146154","2025-12-01","45.00","NZD","1759770137","23477/2025-12-01/1759770137.json"
"365170","146153","2025-12-01","48.00","NZD","1759770137","23477/2025-12-01/1759770137.json"
"510807","146155","2025-12-01","52.00","NZD","1759770137","23477/2025-12-01/1759770137.json"
"581513","221281","2025-11-27","36.00","NZD","1759770137","23477/2025-11-27/1759770137.json"
"581514","221282","2025-11-27","36.00","NZD","1759770137","23477/2025-11-27/1759770137.json"
"512557","146154","2025-11-27","45.00","NZD","1759770137","23477/2025-11-27/1759770137.json"
"365170","146153","2025-11-27","48.00","NZD","1759770137","23477/2025-11-27/1759770137.json"
"510807","146155","2025-11-27","52.00","NZD","1759770137","23477/2025-11-27/1759770137.json"
"581513","221281","2025-12-03","36.00","NZD","1759770137","23477/2025-12-03/1759770137.json"
"581514","221282","2025-12-03","36.00","NZD","1759770137","23477/2025-12-03/1759770137.json"
"512557","146154","2025-12-03","45.00","NZD","1759770137","23477/2025-12-03/1759770137.json"
"365170","146153","2025-12-03","48.00","NZD","1759770137","23477/2025-12-03/1759770137.json"
"510807","146155","2025-12-03","52.00","NZD","1759770137","23477/2025-12-03/1759770137.json"
"581513","221281","2025-12-05","36.00","NZD","1759770137","23477/2025-12-05/1759770137.json"
"581514","221282","2025-12-05","36.00","NZD","1759770137","23477/2025-12-05/1759770137.json"
"512557","146154","2025-12-05","45.00","NZD","1759770137","23477/2025-12-05/1759770137.json"
"365170","146153","2025-12-05","48.00","NZD","1759770137","23477/2025-12-05/1759770137.json"
"510807","146155","2025-12-05","52.00","NZD","1759770137","23477/2025-12-05/1759770137.json"
"581513","221281","2025-12-02","36.00","NZD","1759770137","23477/2025-12-02/1759770137.json"
"581514","221282","2025-12-02","36.00","NZD","1759770137","23477/2025-12-02/1759770137.json"
"512557","146154","2025-12-02","45.00","NZD","1759770137","23477/2025-12-02/1759770137.json"
"365170","146153","2025-12-02","48.00","NZD","1759770137","23477/2025-12-02/1759770137.json"
"510807","146155","2025-12-02","52.00","NZD","1759770137","23477/2025-12-02/1759770137.json"
"581513","221281","2025-12-04","36.00","NZD","1759770137","23477/2025-12-04/1759770137.json"
"581514","221282","2025-12-04","36.00","NZD","1759770137","23477/2025-12-04/1759770137.json"
"512557","146154","2025-12-04","45.00","NZD","1759770137","23477/2025-12-04/1759770137.json"
"365170","146153","2025-12-04","48.00","NZD","1759770137","23477/2025-12-04/1759770137.json"
"510807","146155","2025-12-04","52.00","NZD","1759770137","23477/2025-12-04/1759770137.json"
"581513","221281","2025-10-09","36.00","NZD","1759783832","23477/2025-10-09/1759783832.json"
"581514","221282","2025-10-09","36.00","NZD","1759783832","23477/2025-10-09/1759783832.json"
"512557","146154","2025-10-09","45.00","NZD","1759783832","23477/2025-10-09/1759783832.json"
"365170","146153","2025-10-09","48.00","NZD","1759783832","23477/2025-10-09/1759783832.json"
"510807","146155","2025-10-09","52.00","NZD","1759783832","23477/2025-10-09/1759783832.json"
"581513","221281","2025-10-07","36.00","NZD","1759783832","23477/2025-10-07/1759783832.json"
"581514","221282","2025-10-07","36.00","NZD","1759783832","23477/2025-10-07/1759783832.json"
"512557","146154","2025-10-07","45.00","NZD","1759783832","23477/2025-10-07/1759783832.json"
"365170","146153","2025-10-07","48.00","NZD","1759783832","23477/2025-10-07/1759783832.json"
"510807","146155","2025-10-07","52.00","NZD","1759783832","23477/2025-10-07/1759783832.json"
"581513","221281","2025-10-10","36.00","NZD","1759783832","23477/2025-10-10/1759783832.json"
"581514","221282","2025-10-10","36.00","NZD","1759783832","23477/2025-10-10/1759783832.json"
"512557","146154","2025-10-10","45.00","NZD","1759783832","23477/2025-10-10/1759783832.json"
"365170","146153","2025-10-10","48.00","NZD","1759783832","23477/2025-10-10/1759783832.json"
"510807","146155","2025-10-10","52.00","NZD","1759783832","23477/2025-10-10/1759783832.json"
"581513","221281","2025-10-08","36.00","NZD","1759783832","23477/2025-10-08/1759783832.json"
"581514","221282","2025-10-08","36.00","NZD","1759783832","23477/2025-10-08/1759783832.json"
"512557","146154","2025-10-08","45.00","NZD","1759783832","23477/2025-10-08/1759783832.json"
"365170","146153","2025-10-08","48.00","NZD","1759783832","23477/2025-10-08/1759783832.json"
"510807","146155","2025-10-08","52.00","NZD","1759783832","23477/2025-10-08/1759783832.json"
"581513","221281","2025-10-12","36.00","NZD","1759783832","23477/2025-10-12/1759783832.json"
"581514","221282","2025-10-12","36.00","NZD","1759783832","23477/2025-10-12/1759783832.json"
"512557","146154","2025-10-12","45.00","NZD","1759783832","23477/2025-10-12/1759783832.json"
"365170","146153","2025-10-12","48.00","NZD","1759783832","23477/2025-10-12/1759783832.json"
"510807","146155","2025-10-12","52.00","NZD","1759783832","23477/2025-10-12/1759783832.json"
"581513","221281","2025-10-11","36.00","NZD","1759783832","23477/2025-10-11/1759783832.json"
"581514","221282","2025-10-11","36.00","NZD","1759783832","23477/2025-10-11/1759783832.json"
"512557","146154","2025-10-11","45.00","NZD","1759783832","23477/2025-10-11/1759783832.json"
"365170","146153","2025-10-11","48.00","NZD","1759783832","23477/2025-10-11/1759783832.json"
"510807","146155","2025-10-11","52.00","NZD","1759783832","23477/2025-10-11/1759783832.json"
"581513","221281","2025-10-13","36.00","NZD","1759783832","23477/2025-10-13/1759783832.json"
"581514","221282","2025-10-13","36.00","NZD","1759783832","23477/2025-10-13/1759783832.json"
"512557","146154","2025-10-13","45.00","NZD","1759783832","23477/2025-10-13/1759783832.json"
"365170","146153","2025-10-13","48.00","NZD","1759783832","23477/2025-10-13/1759783832.json"
"510807","146155","2025-10-13","52.00","NZD","1759783832","23477/2025-10-13/1759783832.json"
"581513","221281","2025-10-14","36.00","NZD","1759783832","23477/2025-10-14/1759783832.json"
"581514","221282","2025-10-14","36.00","NZD","1759783832","23477/2025-10-14/1759783832.json"
"512557","146154","2025-10-14","45.00","NZD","1759783832","23477/2025-10-14/1759783832.json"
"365170","146153","2025-10-14","48.00","NZD","1759783832","23477/2025-10-14/1759783832.json"
"510807","146155","2025-10-14","52.00","NZD","1759783832","23477/2025-10-14/1759783832.json"
"581513","221281","2025-10-15","36.00","NZD","1759783832","23477/2025-10-15/1759783832.json"
"581514","221282","2025-10-15","36.00","NZD","1759783832","23477/2025-10-15/1759783832.json"
"512557","146154","2025-10-15","45.00","NZD","1759783832","23477/2025-10-15/1759783832.json"
"365170","146153","2025-10-15","48.00","NZD","1759783832","23477/2025-10-15/1759783832.json"
"510807","146155","2025-10-15","52.00","NZD","1759783832","23477/2025-10-15/1759783832.json"
"581513","221281","2025-10-16","36.00","NZD","1759783832","23477/2025-10-16/1759783832.json"
"581514","221282","2025-10-16","36.00","NZD","1759783832","23477/2025-10-16/1759783832.json"
"512557","146154","2025-10-16","45.00","NZD","1759783832","23477/2025-10-16/1759783832.json"
"365170","146153","2025-10-16","48.00","NZD","1759783832","23477/2025-10-16/1759783832.json"
"510807","146155","2025-10-16","52.00","NZD","1759783832","23477/2025-10-16/1759783832.json"
"581513","221281","2025-10-17","36.00","NZD","1759783832","23477/2025-10-17/1759783832.json"
"581514","221282","2025-10-17","36.00","NZD","1759783832","23477/2025-10-17/1759783832.json"
"512557","146154","2025-10-17","45.00","NZD","1759783832","23477/2025-10-17/1759783832.json"
"365170","146153","2025-10-17","48.00","NZD","1759783832","23477/2025-10-17/1759783832.json"
"510807","146155","2025-10-17","52.00","NZD","1759783832","23477/2025-10-17/1759783832.json"
"581513","221281","2025-10-18","36.00","NZD","1759783832","23477/2025-10-18/1759783832.json"
"581514","221282","2025-10-18","36.00","NZD","1759783832","23477/2025-10-18/1759783832.json"
"512557","146154","2025-10-18","45.00","NZD","1759783832","23477/2025-10-18/1759783832.json"
"365170","146153","2025-10-18","48.00","NZD","1759783832","23477/2025-10-18/1759783832.json"
"510807","146155","2025-10-18","52.00","NZD","1759783832","23477/2025-10-18/1759783832.json"
"581513","221281","2025-10-19","36.00","NZD","1759783832","23477/2025-10-19/1759783832.json"
"581514","221282","2025-10-19","36.00","NZD","1759783832","23477/2025-10-19/1759783832.json"
"512557","146154","2025-10-19","45.00","NZD","1759783832","23477/2025-10-19/1759783832.json"
"365170","146153","2025-10-19","48.00","NZD","1759783832","23477/2025-10-19/1759783832.json"
"510807","146155","2025-10-19","52.00","NZD","1759783832","23477/2025-10-19/1759783832.json"
"581513","221281","2025-10-22","36.00","NZD","1759783832","23477/2025-10-22/1759783832.json"
"581514","221282","2025-10-22","36.00","NZD","1759783832","23477/2025-10-22/1759783832.json"
"512557","146154","2025-10-22","45.00","NZD","1759783832","23477/2025-10-22/1759783832.json"
"365170","146153","2025-10-22","48.00","NZD","1759783832","23477/2025-10-22/1759783832.json"
"510807","146155","2025-10-22","52.00","NZD","1759783832","23477/2025-10-22/1759783832.json"
"581513","221281","2025-10-20","36.00","NZD","1759783832","23477/2025-10-20/1759783832.json"
"581514","221282","2025-10-20","36.00","NZD","1759783832","23477/2025-10-20/1759783832.json"
"512557","146154","2025-10-20","45.00","NZD","1759783832","23477/2025-10-20/1759783832.json"
"365170","146153","2025-10-20","48.00","NZD","1759783832","23477/2025-10-20/1759783832.json"
"510807","146155","2025-10-20","52.00","NZD","1759783832","23477/2025-10-20/1759783832.json"
"581513","221281","2025-10-21","36.00","NZD","1759783832","23477/2025-10-21/1759783832.json"
"581514","221282","2025-10-21","36.00","NZD","1759783832","23477/2025-10-21/1759783832.json"
"512557","146154","2025-10-21","45.00","NZD","1759783832","23477/2025-10-21/1759783832.json"
"365170","146153","2025-10-21","48.00","NZD","1759783832","23477/2025-10-21/1759783832.json"
"510807","146155","2025-10-21","52.00","NZD","1759783832","23477/2025-10-21/1759783832.json"
"581513","221281","2025-10-23","36.00","NZD","1759783832","23477/2025-10-23/1759783832.json"
"581514","221282","2025-10-23","36.00","NZD","1759783832","23477/2025-10-23/1759783832.json"
"512557","146154","2025-10-23","45.00","NZD","1759783832","23477/2025-10-23/1759783832.json"
"365170","146153","2025-10-23","48.00","NZD","1759783832","23477/2025-10-23/1759783832.json"
"510807","146155","2025-10-23","52.00","NZD","1759783832","23477/2025-10-23/1759783832.json"
"581513","221281","2025-10-24","36.00","NZD","1759783832","23477/2025-10-24/1759783832.json"
"581514","221282","2025-10-24","36.00","NZD","1759783832","23477/2025-10-24/1759783832.json"
"512557","146154","2025-10-24","45.00","NZD","1759783832","23477/2025-10-24/1759783832.json"
"365170","146153","2025-10-24","48.00","NZD","1759783832","23477/2025-10-24/1759783832.json"
"510807","146155","2025-10-24","52.00","NZD","1759783832","23477/2025-10-24/1759783832.json"
"581513","221281","2025-10-25","36.00","NZD","1759783832","23477/2025-10-25/1759783832.json"
"581514","221282","2025-10-25","36.00","NZD","1759783832","23477/2025-10-25/1759783832.json"
"512557","146154","2025-10-25","45.00","NZD","1759783832","23477/2025-10-25/1759783832.json"
"365170","146153","2025-10-25","48.00","NZD","1759783832","23477/2025-10-25/1759783832.json"
"510807","146155","2025-10-25","52.00","NZD","1759783832","23477/2025-10-25/1759783832.json"
"581513","221281","2025-10-27","36.00","NZD","1759783832","23477/2025-10-27/1759783832.json"
"581514","221282","2025-10-27","36.00","NZD","1759783832","23477/2025-10-27/1759783832.json"
"512557","146154","2025-10-27","45.00","NZD","1759783832","23477/2025-10-27/1759783832.json"
"365170","146153","2025-10-27","48.00","NZD","1759783832","23477/2025-10-27/1759783832.json"
"510807","146155","2025-10-27","52.00","NZD","1759783832","23477/2025-10-27/1759783832.json"
"581513","221281","2025-10-26","36.00","NZD","1759783832","23477/2025-10-26/1759783832.json"
"581514","221282","2025-10-26","36.00","NZD","1759783832","23477/2025-10-26/1759783832.json"
"512557","146154","2025-10-26","45.00","NZD","1759783832","23477/2025-10-26/1759783832.json"
"365170","146153","2025-10-26","48.00","NZD","1759783832","23477/2025-10-26/1759783832.json"
"510807","146155","2025-10-26","52.00","NZD","1759783832","23477/2025-10-26/1759783832.json"
"581513","221281","2025-10-28","36.00","NZD","1759783832","23477/2025-10-28/1759783832.json"
"581514","221282","2025-10-28","36.00","NZD","1759783832","23477/2025-10-28/1759783832.json"
"512557","146154","2025-10-28","45.00","NZD","1759783832","23477/2025-10-28/1759783832.json"
"365170","146153","2025-10-28","48.00","NZD","1759783832","23477/2025-10-28/1759783832.json"
"510807","146155","2025-10-28","52.00","NZD","1759783832","23477/2025-10-28/1759783832.json"
"581513","221281","2025-10-29","36.00","NZD","1759783832","23477/2025-10-29/1759783832.json"
"581514","221282","2025-10-29","36.00","NZD","1759783832","23477/2025-10-29/1759783832.json"
"512557","146154","2025-10-29","45.00","NZD","1759783832","23477/2025-10-29/1759783832.json"
"365170","146153","2025-10-29","48.00","NZD","1759783832","23477/2025-10-29/1759783832.json"
"510807","146155","2025-10-29","52.00","NZD","1759783832","23477/2025-10-29/1759783832.json"
"581513","221281","2025-10-30","36.00","NZD","1759783832","23477/2025-10-30/1759783832.json"
"581514","221282","2025-10-30","36.00","NZD","1759783832","23477/2025-10-30/1759783832.json"
"512557","146154","2025-10-30","45.00","NZD","1759783832","23477/2025-10-30/1759783832.json"
"365170","146153","2025-10-30","48.00","NZD","1759783832","23477/2025-10-30/1759783832.json"
"510807","146155","2025-10-30","52.00","NZD","1759783832","23477/2025-10-30/1759783832.json"
"581513","221281","2025-11-01","36.00","NZD","1759783832","23477/2025-11-01/1759783832.json"
"581514","221282","2025-11-01","36.00","NZD","1759783832","23477/2025-11-01/1759783832.json"
"512557","146154","2025-11-01","45.00","NZD","1759783832","23477/2025-11-01/1759783832.json"
"365170","146153","2025-11-01","48.00","NZD","1759783832","23477/2025-11-01/1759783832.json"
"510807","146155","2025-11-01","52.00","NZD","1759783832","23477/2025-11-01/1759783832.json"
"581513","221281","2025-10-31","36.00","NZD","1759783832","23477/2025-10-31/1759783832.json"
"581514","221282","2025-10-31","36.00","NZD","1759783832","23477/2025-10-31/1759783832.json"
"512557","146154","2025-10-31","45.00","NZD","1759783832","23477/2025-10-31/1759783832.json"
"365170","146153","2025-10-31","48.00","NZD","1759783832","23477/2025-10-31/1759783832.json"
"510807","146155","2025-10-31","52.00","NZD","1759783832","23477/2025-10-31/1759783832.json"
"581513","221281","2025-11-02","36.00","NZD","1759783832","23477/2025-11-02/1759783832.json"
"581514","221282","2025-11-02","36.00","NZD","1759783832","23477/2025-11-02/1759783832.json"
"512557","146154","2025-11-02","45.00","NZD","1759783832","23477/2025-11-02/1759783832.json"
"365170","146153","2025-11-02","48.00","NZD","1759783832","23477/2025-11-02/1759783832.json"
"510807","146155","2025-11-02","52.00","NZD","1759783832","23477/2025-11-02/1759783832.json"
"581513","221281","2025-11-03","36.00","NZD","1759783832","23477/2025-11-03/1759783832.json"
"581514","221282","2025-11-03","36.00","NZD","1759783832","23477/2025-11-03/1759783832.json"
"512557","146154","2025-11-03","45.00","NZD","1759783832","23477/2025-11-03/1759783832.json"
"365170","146153","2025-11-03","48.00","NZD","1759783832","23477/2025-11-03/1759783832.json"
"510807","146155","2025-11-03","52.00","NZD","1759783832","23477/2025-11-03/1759783832.json"
"581513","221281","2025-11-04","36.00","NZD","1759783832","23477/2025-11-04/1759783832.json"
"581514","221282","2025-11-04","36.00","NZD","1759783832","23477/2025-11-04/1759783832.json"
"512557","146154","2025-11-04","45.00","NZD","1759783832","23477/2025-11-04/1759783832.json"
"365170","146153","2025-11-04","48.00","NZD","1759783832","23477/2025-11-04/1759783832.json"
"510807","146155","2025-11-04","52.00","NZD","1759783832","23477/2025-11-04/1759783832.json"
"581513","221281","2025-11-05","36.00","NZD","1759783832","23477/2025-11-05/1759783832.json"
"581514","221282","2025-11-05","36.00","NZD","1759783832","23477/2025-11-05/1759783832.json"
"512557","146154","2025-11-05","45.00","NZD","1759783832","23477/2025-11-05/1759783832.json"
"365170","146153","2025-11-05","48.00","NZD","1759783832","23477/2025-11-05/1759783832.json"
"510807","146155","2025-11-05","52.00","NZD","1759783832","23477/2025-11-05/1759783832.json"
"581513","221281","2025-11-08","36.00","NZD","1759783832","23477/2025-11-08/1759783832.json"
"581514","221282","2025-11-08","36.00","NZD","1759783832","23477/2025-11-08/1759783832.json"
"512557","146154","2025-11-08","45.00","NZD","1759783832","23477/2025-11-08/1759783832.json"
"365170","146153","2025-11-08","48.00","NZD","1759783832","23477/2025-11-08/1759783832.json"
"510807","146155","2025-11-08","52.00","NZD","1759783832","23477/2025-11-08/1759783832.json"
"581513","221281","2025-11-07","36.00","NZD","1759783832","23477/2025-11-07/1759783832.json"
"581514","221282","2025-11-07","36.00","NZD","1759783832","23477/2025-11-07/1759783832.json"
"512557","146154","2025-11-07","45.00","NZD","1759783832","23477/2025-11-07/1759783832.json"
"365170","146153","2025-11-07","48.00","NZD","1759783832","23477/2025-11-07/1759783832.json"
"510807","146155","2025-11-07","52.00","NZD","1759783832","23477/2025-11-07/1759783832.json"
"581513","221281","2025-11-06","36.00","NZD","1759783832","23477/2025-11-06/1759783832.json"
"581514","221282","2025-11-06","36.00","NZD","1759783832","23477/2025-11-06/1759783832.json"
"512557","146154","2025-11-06","45.00","NZD","1759783832","23477/2025-11-06/1759783832.json"
"365170","146153","2025-11-06","48.00","NZD","1759783832","23477/2025-11-06/1759783832.json"
"510807","146155","2025-11-06","52.00","NZD","1759783832","23477/2025-11-06/1759783832.json"
"581513","221281","2025-11-09","36.00","NZD","1759783832","23477/2025-11-09/1759783832.json"
"581514","221282","2025-11-09","36.00","NZD","1759783832","23477/2025-11-09/1759783832.json"
"512557","146154","2025-11-09","45.00","NZD","1759783832","23477/2025-11-09/1759783832.json"
"365170","146153","2025-11-09","48.00","NZD","1759783832","23477/2025-11-09/1759783832.json"
"510807","146155","2025-11-09","52.00","NZD","1759783832","23477/2025-11-09/1759783832.json"
"581513","221281","2025-11-12","36.00","NZD","1759783832","23477/2025-11-12/1759783832.json"
"581514","221282","2025-11-12","36.00","NZD","1759783832","23477/2025-11-12/1759783832.json"
"512557","146154","2025-11-12","45.00","NZD","1759783832","23477/2025-11-12/1759783832.json"
"365170","146153","2025-11-12","48.00","NZD","1759783832","23477/2025-11-12/1759783832.json"
"510807","146155","2025-11-12","52.00","NZD","1759783832","23477/2025-11-12/1759783832.json"
"581513","221281","2025-11-11","36.00","NZD","1759783832","23477/2025-11-11/1759783832.json"
"581514","221282","2025-11-11","36.00","NZD","1759783832","23477/2025-11-11/1759783832.json"
"512557","146154","2025-11-11","45.00","NZD","1759783832","23477/2025-11-11/1759783832.json"
"365170","146153","2025-11-11","48.00","NZD","1759783832","23477/2025-11-11/1759783832.json"
"510807","146155","2025-11-11","52.00","NZD","1759783832","23477/2025-11-11/1759783832.json"
"581513","221281","2025-11-14","36.00","NZD","1759783832","23477/2025-11-14/1759783832.json"
"581514","221282","2025-11-14","36.00","NZD","1759783832","23477/2025-11-14/1759783832.json"
"512557","146154","2025-11-14","45.00","NZD","1759783832","23477/2025-11-14/1759783832.json"
"365170","146153","2025-11-14","48.00","NZD","1759783832","23477/2025-11-14/1759783832.json"
"510807","146155","2025-11-14","52.00","NZD","1759783832","23477/2025-11-14/1759783832.json"
"581513","221281","2025-11-13","36.00","NZD","1759783832","23477/2025-11-13/1759783832.json"
"581514","221282","2025-11-13","36.00","NZD","1759783832","23477/2025-11-13/1759783832.json"
"512557","146154","2025-11-13","45.00","NZD","1759783832","23477/2025-11-13/1759783832.json"
"365170","146153","2025-11-13","48.00","NZD","1759783832","23477/2025-11-13/1759783832.json"
"510807","146155","2025-11-13","52.00","NZD","1759783832","23477/2025-11-13/1759783832.json"
"581513","221281","2025-11-15","36.00","NZD","1759783832","23477/2025-11-15/1759783832.json"
"581514","221282","2025-11-15","36.00","NZD","1759783832","23477/2025-11-15/1759783832.json"
"512557","146154","2025-11-15","45.00","NZD","1759783832","23477/2025-11-15/1759783832.json"
"365170","146153","2025-11-15","48.00","NZD","1759783832","23477/2025-11-15/1759783832.json"
"510807","146155","2025-11-15","52.00","NZD","1759783832","23477/2025-11-15/1759783832.json"
"581513","221281","2025-11-16","36.00","NZD","1759783832","23477/2025-11-16/1759783832.json"
"581514","221282","2025-11-16","36.00","NZD","1759783832","23477/2025-11-16/1759783832.json"
"512557","146154","2025-11-16","45.00","NZD","1759783832","23477/2025-11-16/1759783832.json"
"365170","146153","2025-11-16","48.00","NZD","1759783832","23477/2025-11-16/1759783832.json"
"510807","146155","2025-11-16","52.00","NZD","1759783832","23477/2025-11-16/1759783832.json"
"581513","221281","2025-11-18","36.00","NZD","1759783832","23477/2025-11-18/1759783832.json"
"581514","221282","2025-11-18","36.00","NZD","1759783832","23477/2025-11-18/1759783832.json"
"512557","146154","2025-11-18","45.00","NZD","1759783832","23477/2025-11-18/1759783832.json"
"365170","146153","2025-11-18","48.00","NZD","1759783832","23477/2025-11-18/1759783832.json"
"510807","146155","2025-11-18","52.00","NZD","1759783832","23477/2025-11-18/1759783832.json"
"581513","221281","2025-11-17","36.00","NZD","1759783832","23477/2025-11-17/1759783832.json"
"581514","221282","2025-11-17","36.00","NZD","1759783832","23477/2025-11-17/1759783832.json"
"512557","146154","2025-11-17","45.00","NZD","1759783832","23477/2025-11-17/1759783832.json"
"365170","146153","2025-11-17","48.00","NZD","1759783832","23477/2025-11-17/1759783832.json"
"510807","146155","2025-11-17","52.00","NZD","1759783832","23477/2025-11-17/1759783832.json"
"581513","221281","2025-11-20","36.00","NZD","1759783832","23477/2025-11-20/1759783832.json"
"581514","221282","2025-11-20","36.00","NZD","1759783832","23477/2025-11-20/1759783832.json"
"512557","146154","2025-11-20","45.00","NZD","1759783832","23477/2025-11-20/1759783832.json"
"581513","221281","2025-11-19","36.00","NZD","1759783832","23477/2025-11-19/1759783832.json"
"581514","221282","2025-11-19","36.00","NZD","1759783832","23477/2025-11-19/1759783832.json"
"512557","146154","2025-11-19","45.00","NZD","1759783832","23477/2025-11-19/1759783832.json"
"365170","146153","2025-11-19","48.00","NZD","1759783832","23477/2025-11-19/1759783832.json"
"510807","146155","2025-11-19","52.00","NZD","1759783832","23477/2025-11-19/1759783832.json"
"581513","221281","2025-11-21","36.00","NZD","1759783832","23477/2025-11-21/1759783832.json"
"581514","221282","2025-11-21","36.00","NZD","1759783832","23477/2025-11-21/1759783832.json"
"512557","146154","2025-11-21","45.00","NZD","1759783832","23477/2025-11-21/1759783832.json"
"365170","146153","2025-11-21","48.00","NZD","1759783832","23477/2025-11-21/1759783832.json"
"510807","146155","2025-11-21","52.00","NZD","1759783832","23477/2025-11-21/1759783832.json"
"581513","221281","2025-11-10","36.00","NZD","1759783832","23477/2025-11-10/1759783832.json"
"581514","221282","2025-11-10","36.00","NZD","1759783832","23477/2025-11-10/1759783832.json"
"512557","146154","2025-11-10","45.00","NZD","1759783832","23477/2025-11-10/1759783832.json"
"365170","146153","2025-11-10","48.00","NZD","1759783832","23477/2025-11-10/1759783832.json"
"510807","146155","2025-11-10","52.00","NZD","1759783832","23477/2025-11-10/1759783832.json"
"581513","221281","2025-11-23","36.00","NZD","1759783832","23477/2025-11-23/1759783832.json"
"581514","221282","2025-11-23","36.00","NZD","1759783832","23477/2025-11-23/1759783832.json"
"512557","146154","2025-11-23","45.00","NZD","1759783832","23477/2025-11-23/1759783832.json"
"365170","146153","2025-11-23","48.00","NZD","1759783832","23477/2025-11-23/1759783832.json"
"510807","146155","2025-11-23","52.00","NZD","1759783832","23477/2025-11-23/1759783832.json"
"581513","221281","2025-11-22","36.00","NZD","1759783832","23477/2025-11-22/1759783832.json"
"581514","221282","2025-11-22","36.00","NZD","1759783832","23477/2025-11-22/1759783832.json"
"512557","146154","2025-11-22","45.00","NZD","1759783832","23477/2025-11-22/1759783832.json"
"365170","146153","2025-11-22","48.00","NZD","1759783832","23477/2025-11-22/1759783832.json"
"510807","146155","2025-11-22","52.00","NZD","1759783832","23477/2025-11-22/1759783832.json"
"581513","221281","2025-11-24","36.00","NZD","1759783832","23477/2025-11-24/1759783832.json"
"581514","221282","2025-11-24","36.00","NZD","1759783832","23477/2025-11-24/1759783832.json"
"512557","146154","2025-11-24","45.00","NZD","1759783832","23477/2025-11-24/1759783832.json"
"365170","146153","2025-11-24","48.00","NZD","1759783832","23477/2025-11-24/1759783832.json"
"510807","146155","2025-11-24","52.00","NZD","1759783832","23477/2025-11-24/1759783832.json"
"581513","221281","2025-11-25","36.00","NZD","1759783832","23477/2025-11-25/1759783832.json"
"581514","221282","2025-11-25","36.00","NZD","1759783832","23477/2025-11-25/1759783832.json"
"512557","146154","2025-11-25","45.00","NZD","1759783832","23477/2025-11-25/1759783832.json"
"365170","146153","2025-11-25","48.00","NZD","1759783832","23477/2025-11-25/1759783832.json"
"510807","146155","2025-11-25","52.00","NZD","1759783832","23477/2025-11-25/1759783832.json"
"581513","221281","2025-11-27","36.00","NZD","1759783832","23477/2025-11-27/1759783832.json"
"581514","221282","2025-11-27","36.00","NZD","1759783832","23477/2025-11-27/1759783832.json"
"512557","146154","2025-11-27","45.00","NZD","1759783832","23477/2025-11-27/1759783832.json"
"365170","146153","2025-11-27","48.00","NZD","1759783832","23477/2025-11-27/1759783832.json"
"510807","146155","2025-11-27","52.00","NZD","1759783832","23477/2025-11-27/1759783832.json"
"581513","221281","2025-11-26","36.00","NZD","1759783832","23477/2025-11-26/1759783832.json"
"581514","221282","2025-11-26","36.00","NZD","1759783832","23477/2025-11-26/1759783832.json"
"512557","146154","2025-11-26","45.00","NZD","1759783832","23477/2025-11-26/1759783832.json"
"365170","146153","2025-11-26","48.00","NZD","1759783832","23477/2025-11-26/1759783832.json"
"510807","146155","2025-11-26","52.00","NZD","1759783832","23477/2025-11-26/1759783832.json"
"581513","221281","2025-11-28","36.00","NZD","1759783832","23477/2025-11-28/1759783832.json"
"581514","221282","2025-11-28","36.00","NZD","1759783832","23477/2025-11-28/1759783832.json"
"512557","146154","2025-11-28","45.00","NZD","1759783832","23477/2025-11-28/1759783832.json"
"365170","146153","2025-11-28","48.00","NZD","1759783832","23477/2025-11-28/1759783832.json"
"510807","146155","2025-11-28","52.00","NZD","1759783832","23477/2025-11-28/1759783832.json"
"581513","221281","2025-11-29","36.00","NZD","1759783832","23477/2025-11-29/1759783832.json"
"581514","221282","2025-11-29","36.00","NZD","1759783832","23477/2025-11-29/1759783832.json"
"512557","146154","2025-11-29","45.00","NZD","1759783832","23477/2025-11-29/1759783832.json"
"365170","146153","2025-11-29","48.00","NZD","1759783832","23477/2025-11-29/1759783832.json"
"510807","146155","2025-11-29","52.00","NZD","1759783832","23477/2025-11-29/1759783832.json"
"581513","221281","2025-11-30","36.00","NZD","1759783832","23477/2025-11-30/1759783832.json"
"581514","221282","2025-11-30","36.00","NZD","1759783832","23477/2025-11-30/1759783832.json"
"512557","146154","2025-11-30","45.00","NZD","1759783832","23477/2025-11-30/1759783832.json"
"365170","146153","2025-11-30","48.00","NZD","1759783832","23477/2025-11-30/1759783832.json"
"510807","146155","2025-11-30","52.00","NZD","1759783832","23477/2025-11-30/1759783832.json"
"581513","221281","2025-12-01","36.00","NZD","1759783832","23477/2025-12-01/1759783832.json"
"581514","221282","2025-12-01","36.00","NZD","1759783832","23477/2025-12-01/1759783832.json"
"512557","146154","2025-12-01","45.00","NZD","1759783832","23477/2025-12-01/1759783832.json"
"365170","146153","2025-12-01","48.00","NZD","1759783832","23477/2025-12-01/1759783832.json"
"510807","146155","2025-12-01","52.00","NZD","1759783832","23477/2025-12-01/1759783832.json"
"581513","221281","2025-12-02","36.00","NZD","1759783832","23477/2025-12-02/1759783832.json"
"581514","221282","2025-12-02","36.00","NZD","1759783832","23477/2025-12-02/1759783832.json"
"512557","146154","2025-12-02","45.00","NZD","1759783832","23477/2025-12-02/1759783832.json"
"365170","146153","2025-12-02","48.00","NZD","1759783832","23477/2025-12-02/1759783832.json"
"510807","146155","2025-12-02","52.00","NZD","1759783832","23477/2025-12-02/1759783832.json"
"581513","221281","2025-12-03","36.00","NZD","1759783832","23477/2025-12-03/1759783832.json"
"581514","221282","2025-12-03","36.00","NZD","1759783832","23477/2025-12-03/1759783832.json"
"512557","146154","2025-12-03","45.00","NZD","1759783832","23477/2025-12-03/1759783832.json"
"365170","146153","2025-12-03","48.00","NZD","1759783832","23477/2025-12-03/1759783832.json"
"510807","146155","2025-12-03","52.00","NZD","1759783832","23477/2025-12-03/1759783832.json"
"581513","221281","2025-12-04","36.00","NZD","1759783832","23477/2025-12-04/1759783832.json"
"581514","221282","2025-12-04","36.00","NZD","1759783832","23477/2025-12-04/1759783832.json"
"512557","146154","2025-12-04","45.00","NZD","1759783832","23477/2025-12-04/1759783832.json"
"365170","146153","2025-12-04","48.00","NZD","1759783832","23477/2025-12-04/1759783832.json"
"510807","146155","2025-12-04","52.00","NZD","1759783832","23477/2025-12-04/1759783832.json"
"581513","221281","2025-12-05","36.00","NZD","1759783832","23477/2025-12-05/1759783832.json"
"581514","221282","2025-12-05","36.00","NZD","1759783832","23477/2025-12-05/1759783832.json"
"512557","146154","2025-12-05","45.00","NZD","1759783832","23477/2025-12-05/1759783832.json"
"365170","146153","2025-12-05","48.00","NZD","1759783832","23477/2025-12-05/1759783832.json"
"510807","146155","2025-12-05","52.00","NZD","1759783832","23477/2025-12-05/1759783832.json"
"581513","221281","2025-10-07","36.00","NZD","1759807800","23477/2025-10-07/1759807800.json"
"581514","221282","2025-10-07","36.00","NZD","1759807800","23477/2025-10-07/1759807800.json"
"512557","146154","2025-10-07","45.00","NZD","1759807800","23477/2025-10-07/1759807800.json"
"365170","146153","2025-10-07","48.00","NZD","1759807800","23477/2025-10-07/1759807800.json"
"510807","146155","2025-10-07","52.00","NZD","1759807800","23477/2025-10-07/1759807800.json"
"581513","221281","2025-10-09","36.00","NZD","1759807800","23477/2025-10-09/1759807800.json"
"581514","221282","2025-10-09","36.00","NZD","1759807800","23477/2025-10-09/1759807800.json"
"512557","146154","2025-10-09","45.00","NZD","1759807800","23477/2025-10-09/1759807800.json"
"365170","146153","2025-10-09","48.00","NZD","1759807800","23477/2025-10-09/1759807800.json"
"510807","146155","2025-10-09","52.00","NZD","1759807800","23477/2025-10-09/1759807800.json"
"581513","221281","2025-10-10","36.00","NZD","1759807800","23477/2025-10-10/1759807800.json"
"581514","221282","2025-10-10","36.00","NZD","1759807800","23477/2025-10-10/1759807800.json"
"512557","146154","2025-10-10","45.00","NZD","1759807800","23477/2025-10-10/1759807800.json"
"365170","146153","2025-10-10","48.00","NZD","1759807800","23477/2025-10-10/1759807800.json"
"510807","146155","2025-10-10","52.00","NZD","1759807800","23477/2025-10-10/1759807800.json"
"581513","221281","2025-10-08","36.00","NZD","1759807800","23477/2025-10-08/1759807800.json"
"581514","221282","2025-10-08","36.00","NZD","1759807800","23477/2025-10-08/1759807800.json"
"512557","146154","2025-10-08","45.00","NZD","1759807800","23477/2025-10-08/1759807800.json"
"365170","146153","2025-10-08","48.00","NZD","1759807800","23477/2025-10-08/1759807800.json"
"510807","146155","2025-10-08","52.00","NZD","1759807800","23477/2025-10-08/1759807800.json"
"581513","221281","2025-10-14","36.00","NZD","1759807800","23477/2025-10-14/1759807800.json"
"581513","221281","2025-10-13","36.00","NZD","1759807800","23477/2025-10-13/1759807800.json"
"581514","221282","2025-10-14","36.00","NZD","1759807800","23477/2025-10-14/1759807800.json"
"581514","221282","2025-10-13","36.00","NZD","1759807800","23477/2025-10-13/1759807800.json"
"512557","146154","2025-10-14","45.00","NZD","1759807800","23477/2025-10-14/1759807800.json"
"512557","146154","2025-10-13","45.00","NZD","1759807800","23477/2025-10-13/1759807800.json"
"365170","146153","2025-10-14","48.00","NZD","1759807800","23477/2025-10-14/1759807800.json"
"365170","146153","2025-10-13","48.00","NZD","1759807800","23477/2025-10-13/1759807800.json"
"510807","146155","2025-10-14","52.00","NZD","1759807800","23477/2025-10-14/1759807800.json"
"510807","146155","2025-10-13","52.00","NZD","1759807800","23477/2025-10-13/1759807800.json"
"581513","221281","2025-10-11","36.00","NZD","1759807800","23477/2025-10-11/1759807800.json"
"581514","221282","2025-10-11","36.00","NZD","1759807800","23477/2025-10-11/1759807800.json"
"512557","146154","2025-10-11","45.00","NZD","1759807800","23477/2025-10-11/1759807800.json"
"365170","146153","2025-10-11","48.00","NZD","1759807800","23477/2025-10-11/1759807800.json"
"510807","146155","2025-10-11","52.00","NZD","1759807800","23477/2025-10-11/1759807800.json"
"581513","221281","2025-10-12","36.00","NZD","1759807800","23477/2025-10-12/1759807800.json"
"581514","221282","2025-10-12","36.00","NZD","1759807800","23477/2025-10-12/1759807800.json"
"512557","146154","2025-10-12","45.00","NZD","1759807800","23477/2025-10-12/1759807800.json"
"365170","146153","2025-10-12","48.00","NZD","1759807800","23477/2025-10-12/1759807800.json"
"510807","146155","2025-10-12","52.00","NZD","1759807800","23477/2025-10-12/1759807800.json"
"581513","221281","2025-10-17","36.00","NZD","1759807800","23477/2025-10-17/1759807800.json"
"581514","221282","2025-10-17","36.00","NZD","1759807800","23477/2025-10-17/1759807800.json"
"512557","146154","2025-10-17","45.00","NZD","1759807800","23477/2025-10-17/1759807800.json"
"365170","146153","2025-10-17","48.00","NZD","1759807800","23477/2025-10-17/1759807800.json"
"510807","146155","2025-10-17","52.00","NZD","1759807800","23477/2025-10-17/1759807800.json"
"581513","221281","2025-10-15","36.00","NZD","1759807800","23477/2025-10-15/1759807800.json"
"581514","221282","2025-10-15","36.00","NZD","1759807800","23477/2025-10-15/1759807800.json"
"512557","146154","2025-10-15","45.00","NZD","1759807800","23477/2025-10-15/1759807800.json"
"365170","146153","2025-10-15","48.00","NZD","1759807800","23477/2025-10-15/1759807800.json"
"510807","146155","2025-10-15","52.00","NZD","1759807800","23477/2025-10-15/1759807800.json"
"581513","221281","2025-10-16","36.00","NZD","1759807800","23477/2025-10-16/1759807800.json"
"581514","221282","2025-10-16","36.00","NZD","1759807800","23477/2025-10-16/1759807800.json"
"512557","146154","2025-10-16","45.00","NZD","1759807800","23477/2025-10-16/1759807800.json"
"365170","146153","2025-10-16","48.00","NZD","1759807800","23477/2025-10-16/1759807800.json"
"510807","146155","2025-10-16","52.00","NZD","1759807800","23477/2025-10-16/1759807800.json"
"581513","221281","2025-10-18","36.00","NZD","1759807800","23477/2025-10-18/1759807800.json"
"581514","221282","2025-10-18","36.00","NZD","1759807800","23477/2025-10-18/1759807800.json"
"512557","146154","2025-10-18","45.00","NZD","1759807800","23477/2025-10-18/1759807800.json"
"365170","146153","2025-10-18","48.00","NZD","1759807800","23477/2025-10-18/1759807800.json"
"510807","146155","2025-10-18","52.00","NZD","1759807800","23477/2025-10-18/1759807800.json"
"581513","221281","2025-10-20","36.00","NZD","1759807800","23477/2025-10-20/1759807800.json"
"581514","221282","2025-10-20","36.00","NZD","1759807800","23477/2025-10-20/1759807800.json"
"512557","146154","2025-10-20","45.00","NZD","1759807800","23477/2025-10-20/1759807800.json"
"365170","146153","2025-10-20","48.00","NZD","1759807800","23477/2025-10-20/1759807800.json"
"510807","146155","2025-10-20","52.00","NZD","1759807800","23477/2025-10-20/1759807800.json"
"581513","221281","2025-10-22","36.00","NZD","1759807800","23477/2025-10-22/1759807800.json"
"581514","221282","2025-10-22","36.00","NZD","1759807800","23477/2025-10-22/1759807800.json"
"512557","146154","2025-10-22","45.00","NZD","1759807800","23477/2025-10-22/1759807800.json"
"365170","146153","2025-10-22","48.00","NZD","1759807800","23477/2025-10-22/1759807800.json"
"510807","146155","2025-10-22","52.00","NZD","1759807800","23477/2025-10-22/1759807800.json"
"581513","221281","2025-10-19","36.00","NZD","1759807800","23477/2025-10-19/1759807800.json"
"581514","221282","2025-10-19","36.00","NZD","1759807800","23477/2025-10-19/1759807800.json"
"512557","146154","2025-10-19","45.00","NZD","1759807800","23477/2025-10-19/1759807800.json"
"365170","146153","2025-10-19","48.00","NZD","1759807800","23477/2025-10-19/1759807800.json"
"510807","146155","2025-10-19","52.00","NZD","1759807800","23477/2025-10-19/1759807800.json"
"581513","221281","2025-10-21","36.00","NZD","1759807800","23477/2025-10-21/1759807800.json"
"581514","221282","2025-10-21","36.00","NZD","1759807800","23477/2025-10-21/1759807800.json"
"512557","146154","2025-10-21","45.00","NZD","1759807800","23477/2025-10-21/1759807800.json"
"365170","146153","2025-10-21","48.00","NZD","1759807800","23477/2025-10-21/1759807800.json"
"510807","146155","2025-10-21","52.00","NZD","1759807800","23477/2025-10-21/1759807800.json"
"581513","221281","2025-10-24","36.00","NZD","1759807800","23477/2025-10-24/1759807800.json"
"581514","221282","2025-10-24","36.00","NZD","1759807800","23477/2025-10-24/1759807800.json"
"512557","146154","2025-10-24","45.00","NZD","1759807800","23477/2025-10-24/1759807800.json"
"365170","146153","2025-10-24","48.00","NZD","1759807800","23477/2025-10-24/1759807800.json"
"510807","146155","2025-10-24","52.00","NZD","1759807800","23477/2025-10-24/1759807800.json"
"581513","221281","2025-10-25","36.00","NZD","1759807800","23477/2025-10-25/1759807800.json"
"581514","221282","2025-10-25","36.00","NZD","1759807800","23477/2025-10-25/1759807800.json"
"512557","146154","2025-10-25","45.00","NZD","1759807800","23477/2025-10-25/1759807800.json"
"581513","221281","2025-10-23","36.00","NZD","1759807800","23477/2025-10-23/1759807800.json"
"365170","146153","2025-10-25","48.00","NZD","1759807800","23477/2025-10-25/1759807800.json"
"581514","221282","2025-10-23","36.00","NZD","1759807800","23477/2025-10-23/1759807800.json"
"510807","146155","2025-10-25","52.00","NZD","1759807800","23477/2025-10-25/1759807800.json"
"512557","146154","2025-10-23","45.00","NZD","1759807800","23477/2025-10-23/1759807800.json"
"365170","146153","2025-10-23","48.00","NZD","1759807800","23477/2025-10-23/1759807800.json"
"510807","146155","2025-10-23","52.00","NZD","1759807800","23477/2025-10-23/1759807800.json"
"581513","221281","2025-10-26","36.00","NZD","1759807800","23477/2025-10-26/1759807800.json"
"581514","221282","2025-10-26","36.00","NZD","1759807800","23477/2025-10-26/1759807800.json"
"512557","146154","2025-10-26","45.00","NZD","1759807800","23477/2025-10-26/1759807800.json"
"365170","146153","2025-10-26","48.00","NZD","1759807800","23477/2025-10-26/1759807800.json"
"510807","146155","2025-10-26","52.00","NZD","1759807800","23477/2025-10-26/1759807800.json"
"581513","221281","2025-10-27","36.00","NZD","1759807800","23477/2025-10-27/1759807800.json"
"581514","221282","2025-10-27","36.00","NZD","1759807800","23477/2025-10-27/1759807800.json"
"512557","146154","2025-10-27","45.00","NZD","1759807800","23477/2025-10-27/1759807800.json"
"365170","146153","2025-10-27","48.00","NZD","1759807800","23477/2025-10-27/1759807800.json"
"510807","146155","2025-10-27","52.00","NZD","1759807800","23477/2025-10-27/1759807800.json"
"581513","221281","2025-10-28","36.00","NZD","1759807800","23477/2025-10-28/1759807800.json"
"581514","221282","2025-10-28","36.00","NZD","1759807800","23477/2025-10-28/1759807800.json"
"512557","146154","2025-10-28","45.00","NZD","1759807800","23477/2025-10-28/1759807800.json"
"365170","146153","2025-10-28","48.00","NZD","1759807800","23477/2025-10-28/1759807800.json"
"510807","146155","2025-10-28","52.00","NZD","1759807800","23477/2025-10-28/1759807800.json"
"581513","221281","2025-10-29","36.00","NZD","1759807800","23477/2025-10-29/1759807800.json"
"581514","221282","2025-10-29","36.00","NZD","1759807800","23477/2025-10-29/1759807800.json"
"512557","146154","2025-10-29","45.00","NZD","1759807800","23477/2025-10-29/1759807800.json"
"365170","146153","2025-10-29","48.00","NZD","1759807800","23477/2025-10-29/1759807800.json"
"510807","146155","2025-10-29","52.00","NZD","1759807800","23477/2025-10-29/1759807800.json"
"581513","221281","2025-10-30","36.00","NZD","1759807800","23477/2025-10-30/1759807800.json"
"581514","221282","2025-10-30","36.00","NZD","1759807800","23477/2025-10-30/1759807800.json"
"512557","146154","2025-10-30","45.00","NZD","1759807800","23477/2025-10-30/1759807800.json"
"365170","146153","2025-10-30","48.00","NZD","1759807800","23477/2025-10-30/1759807800.json"
"510807","146155","2025-10-30","52.00","NZD","1759807800","23477/2025-10-30/1759807800.json"
"581513","221281","2025-10-31","36.00","NZD","1759807800","23477/2025-10-31/1759807800.json"
"581514","221282","2025-10-31","36.00","NZD","1759807800","23477/2025-10-31/1759807800.json"
"512557","146154","2025-10-31","45.00","NZD","1759807800","23477/2025-10-31/1759807800.json"
"365170","146153","2025-10-31","48.00","NZD","1759807800","23477/2025-10-31/1759807800.json"
"510807","146155","2025-10-31","52.00","NZD","1759807800","23477/2025-10-31/1759807800.json"
"581513","221281","2025-11-01","36.00","NZD","1759807800","23477/2025-11-01/1759807800.json"
"581514","221282","2025-11-01","36.00","NZD","1759807800","23477/2025-11-01/1759807800.json"
"512557","146154","2025-11-01","45.00","NZD","1759807800","23477/2025-11-01/1759807800.json"
"365170","146153","2025-11-01","48.00","NZD","1759807800","23477/2025-11-01/1759807800.json"
"510807","146155","2025-11-01","52.00","NZD","1759807800","23477/2025-11-01/1759807800.json"
"581513","221281","2025-11-02","36.00","NZD","1759807800","23477/2025-11-02/1759807800.json"
"581514","221282","2025-11-02","36.00","NZD","1759807800","23477/2025-11-02/1759807800.json"
"512557","146154","2025-11-02","45.00","NZD","1759807800","23477/2025-11-02/1759807800.json"
"365170","146153","2025-11-02","48.00","NZD","1759807800","23477/2025-11-02/1759807800.json"
"510807","146155","2025-11-02","52.00","NZD","1759807800","23477/2025-11-02/1759807800.json"
"581513","221281","2025-11-03","36.00","NZD","1759807800","23477/2025-11-03/1759807800.json"
"581514","221282","2025-11-03","36.00","NZD","1759807800","23477/2025-11-03/1759807800.json"
"512557","146154","2025-11-03","45.00","NZD","1759807800","23477/2025-11-03/1759807800.json"
"365170","146153","2025-11-03","48.00","NZD","1759807800","23477/2025-11-03/1759807800.json"
"510807","146155","2025-11-03","52.00","NZD","1759807800","23477/2025-11-03/1759807800.json"
"581513","221281","2025-11-04","36.00","NZD","1759807800","23477/2025-11-04/1759807800.json"
"581514","221282","2025-11-04","36.00","NZD","1759807800","23477/2025-11-04/1759807800.json"
"512557","146154","2025-11-04","45.00","NZD","1759807800","23477/2025-11-04/1759807800.json"
"365170","146153","2025-11-04","48.00","NZD","1759807800","23477/2025-11-04/1759807800.json"
"510807","146155","2025-11-04","52.00","NZD","1759807800","23477/2025-11-04/1759807800.json"
"581513","221281","2025-11-05","36.00","NZD","1759807800","23477/2025-11-05/1759807800.json"
"581514","221282","2025-11-05","36.00","NZD","1759807800","23477/2025-11-05/1759807800.json"
"512557","146154","2025-11-05","45.00","NZD","1759807800","23477/2025-11-05/1759807800.json"
"365170","146153","2025-11-05","48.00","NZD","1759807800","23477/2025-11-05/1759807800.json"
"510807","146155","2025-11-05","52.00","NZD","1759807800","23477/2025-11-05/1759807800.json"
"581513","221281","2025-11-07","36.00","NZD","1759807800","23477/2025-11-07/1759807800.json"
"581514","221282","2025-11-07","36.00","NZD","1759807800","23477/2025-11-07/1759807800.json"
"512557","146154","2025-11-07","45.00","NZD","1759807800","23477/2025-11-07/1759807800.json"
"365170","146153","2025-11-07","48.00","NZD","1759807800","23477/2025-11-07/1759807800.json"
"510807","146155","2025-11-07","52.00","NZD","1759807800","23477/2025-11-07/1759807800.json"
"581513","221281","2025-11-06","36.00","NZD","1759807800","23477/2025-11-06/1759807800.json"
"581514","221282","2025-11-06","36.00","NZD","1759807800","23477/2025-11-06/1759807800.json"
"512557","146154","2025-11-06","45.00","NZD","1759807800","23477/2025-11-06/1759807800.json"
"365170","146153","2025-11-06","48.00","NZD","1759807800","23477/2025-11-06/1759807800.json"
"510807","146155","2025-11-06","52.00","NZD","1759807800","23477/2025-11-06/1759807800.json"
"581513","221281","2025-11-08","36.00","NZD","1759807800","23477/2025-11-08/1759807800.json"
"581514","221282","2025-11-08","36.00","NZD","1759807800","23477/2025-11-08/1759807800.json"
"512557","146154","2025-11-08","45.00","NZD","1759807800","23477/2025-11-08/1759807800.json"
"365170","146153","2025-11-08","48.00","NZD","1759807800","23477/2025-11-08/1759807800.json"
"510807","146155","2025-11-08","52.00","NZD","1759807800","23477/2025-11-08/1759807800.json"
"581513","221281","2025-11-10","36.00","NZD","1759807800","23477/2025-11-10/1759807800.json"
"581514","221282","2025-11-10","36.00","NZD","1759807800","23477/2025-11-10/1759807800.json"
"512557","146154","2025-11-10","45.00","NZD","1759807800","23477/2025-11-10/1759807800.json"
"365170","146153","2025-11-10","48.00","NZD","1759807800","23477/2025-11-10/1759807800.json"
"510807","146155","2025-11-10","52.00","NZD","1759807800","23477/2025-11-10/1759807800.json"
"581513","221281","2025-11-11","36.00","NZD","1759807800","23477/2025-11-11/1759807800.json"
"581514","221282","2025-11-11","36.00","NZD","1759807800","23477/2025-11-11/1759807800.json"
"512557","146154","2025-11-11","45.00","NZD","1759807800","23477/2025-11-11/1759807800.json"
"365170","146153","2025-11-11","48.00","NZD","1759807800","23477/2025-11-11/1759807800.json"
"510807","146155","2025-11-11","52.00","NZD","1759807800","23477/2025-11-11/1759807800.json"
"581513","221281","2025-11-09","36.00","NZD","1759807800","23477/2025-11-09/1759807800.json"
"581514","221282","2025-11-09","36.00","NZD","1759807800","23477/2025-11-09/1759807800.json"
"512557","146154","2025-11-09","45.00","NZD","1759807800","23477/2025-11-09/1759807800.json"
"365170","146153","2025-11-09","48.00","NZD","1759807800","23477/2025-11-09/1759807800.json"
"510807","146155","2025-11-09","52.00","NZD","1759807800","23477/2025-11-09/1759807800.json"
"581513","221281","2025-11-12","36.00","NZD","1759807800","23477/2025-11-12/1759807800.json"
"581514","221282","2025-11-12","36.00","NZD","1759807800","23477/2025-11-12/1759807800.json"
"512557","146154","2025-11-12","45.00","NZD","1759807800","23477/2025-11-12/1759807800.json"
"365170","146153","2025-11-12","48.00","NZD","1759807800","23477/2025-11-12/1759807800.json"
"510807","146155","2025-11-12","52.00","NZD","1759807800","23477/2025-11-12/1759807800.json"
"581513","221281","2025-11-13","36.00","NZD","1759807800","23477/2025-11-13/1759807800.json"
"581514","221282","2025-11-13","36.00","NZD","1759807800","23477/2025-11-13/1759807800.json"
"512557","146154","2025-11-13","45.00","NZD","1759807800","23477/2025-11-13/1759807800.json"
"365170","146153","2025-11-13","48.00","NZD","1759807800","23477/2025-11-13/1759807800.json"
"510807","146155","2025-11-13","52.00","NZD","1759807800","23477/2025-11-13/1759807800.json"
"581513","221281","2025-11-16","36.00","NZD","1759807800","23477/2025-11-16/1759807800.json"
"581514","221282","2025-11-16","36.00","NZD","1759807800","23477/2025-11-16/1759807800.json"
"512557","146154","2025-11-16","45.00","NZD","1759807800","23477/2025-11-16/1759807800.json"
"365170","146153","2025-11-16","48.00","NZD","1759807800","23477/2025-11-16/1759807800.json"
"510807","146155","2025-11-16","52.00","NZD","1759807800","23477/2025-11-16/1759807800.json"
"581513","221281","2025-11-15","36.00","NZD","1759807800","23477/2025-11-15/1759807800.json"
"581514","221282","2025-11-15","36.00","NZD","1759807800","23477/2025-11-15/1759807800.json"
"512557","146154","2025-11-15","45.00","NZD","1759807800","23477/2025-11-15/1759807800.json"
"365170","146153","2025-11-15","48.00","NZD","1759807800","23477/2025-11-15/1759807800.json"
"510807","146155","2025-11-15","52.00","NZD","1759807800","23477/2025-11-15/1759807800.json"
"581513","221281","2025-11-14","36.00","NZD","1759807800","23477/2025-11-14/1759807800.json"
"581514","221282","2025-11-14","36.00","NZD","1759807800","23477/2025-11-14/1759807800.json"
"512557","146154","2025-11-14","45.00","NZD","1759807800","23477/2025-11-14/1759807800.json"
"365170","146153","2025-11-14","48.00","NZD","1759807800","23477/2025-11-14/1759807800.json"
"510807","146155","2025-11-14","52.00","NZD","1759807800","23477/2025-11-14/1759807800.json"
"581513","221281","2025-11-17","36.00","NZD","1759807800","23477/2025-11-17/1759807800.json"
"581514","221282","2025-11-17","36.00","NZD","1759807800","23477/2025-11-17/1759807800.json"
"512557","146154","2025-11-17","45.00","NZD","1759807800","23477/2025-11-17/1759807800.json"
"365170","146153","2025-11-17","48.00","NZD","1759807800","23477/2025-11-17/1759807800.json"
"510807","146155","2025-11-17","52.00","NZD","1759807800","23477/2025-11-17/1759807800.json"
"581513","221281","2025-11-19","36.00","NZD","1759807800","23477/2025-11-19/1759807800.json"
"581514","221282","2025-11-19","36.00","NZD","1759807800","23477/2025-11-19/1759807800.json"
"512557","146154","2025-11-19","45.00","NZD","1759807800","23477/2025-11-19/1759807800.json"
"365170","146153","2025-11-19","48.00","NZD","1759807800","23477/2025-11-19/1759807800.json"
"510807","146155","2025-11-19","52.00","NZD","1759807800","23477/2025-11-19/1759807800.json"
"581513","221281","2025-11-18","36.00","NZD","1759807800","23477/2025-11-18/1759807800.json"
"581514","221282","2025-11-18","36.00","NZD","1759807800","23477/2025-11-18/1759807800.json"
"512557","146154","2025-11-18","45.00","NZD","1759807800","23477/2025-11-18/1759807800.json"
"365170","146153","2025-11-18","48.00","NZD","1759807800","23477/2025-11-18/1759807800.json"
"510807","146155","2025-11-18","52.00","NZD","1759807800","23477/2025-11-18/1759807800.json"
"581513","221281","2025-11-20","36.00","NZD","1759807800","23477/2025-11-20/1759807800.json"
"581514","221282","2025-11-20","36.00","NZD","1759807800","23477/2025-11-20/1759807800.json"
"512557","146154","2025-11-20","45.00","NZD","1759807800","23477/2025-11-20/1759807800.json"
"581513","221281","2025-11-21","36.00","NZD","1759807800","23477/2025-11-21/1759807800.json"
"581514","221282","2025-11-21","36.00","NZD","1759807800","23477/2025-11-21/1759807800.json"
"512557","146154","2025-11-21","45.00","NZD","1759807800","23477/2025-11-21/1759807800.json"
"365170","146153","2025-11-21","48.00","NZD","1759807800","23477/2025-11-21/1759807800.json"
"510807","146155","2025-11-21","52.00","NZD","1759807800","23477/2025-11-21/1759807800.json"
"581513","221281","2025-11-23","36.00","NZD","1759807800","23477/2025-11-23/1759807800.json"
"581514","221282","2025-11-23","36.00","NZD","1759807800","23477/2025-11-23/1759807800.json"
"512557","146154","2025-11-23","45.00","NZD","1759807800","23477/2025-11-23/1759807800.json"
"365170","146153","2025-11-23","48.00","NZD","1759807800","23477/2025-11-23/1759807800.json"
"510807","146155","2025-11-23","52.00","NZD","1759807800","23477/2025-11-23/1759807800.json"
"581513","221281","2025-11-22","36.00","NZD","1759807800","23477/2025-11-22/1759807800.json"
"581514","221282","2025-11-22","36.00","NZD","1759807800","23477/2025-11-22/1759807800.json"
"512557","146154","2025-11-22","45.00","NZD","1759807800","23477/2025-11-22/1759807800.json"
"365170","146153","2025-11-22","48.00","NZD","1759807800","23477/2025-11-22/1759807800.json"
"510807","146155","2025-11-22","52.00","NZD","1759807800","23477/2025-11-22/1759807800.json"
"581513","221281","2025-11-24","36.00","NZD","1759807800","23477/2025-11-24/1759807800.json"
"581514","221282","2025-11-24","36.00","NZD","1759807800","23477/2025-11-24/1759807800.json"
"512557","146154","2025-11-24","45.00","NZD","1759807800","23477/2025-11-24/1759807800.json"
"365170","146153","2025-11-24","48.00","NZD","1759807800","23477/2025-11-24/1759807800.json"
"510807","146155","2025-11-24","52.00","NZD","1759807800","23477/2025-11-24/1759807800.json"
"581513","221281","2025-11-25","36.00","NZD","1759807800","23477/2025-11-25/1759807800.json"
"581514","221282","2025-11-25","36.00","NZD","1759807800","23477/2025-11-25/1759807800.json"
"512557","146154","2025-11-25","45.00","NZD","1759807800","23477/2025-11-25/1759807800.json"
"365170","146153","2025-11-25","48.00","NZD","1759807800","23477/2025-11-25/1759807800.json"
"510807","146155","2025-11-25","52.00","NZD","1759807800","23477/2025-11-25/1759807800.json"
"581513","221281","2025-11-26","36.00","NZD","1759807800","23477/2025-11-26/1759807800.json"
"581514","221282","2025-11-26","36.00","NZD","1759807800","23477/2025-11-26/1759807800.json"
"512557","146154","2025-11-26","45.00","NZD","1759807800","23477/2025-11-26/1759807800.json"
"365170","146153","2025-11-26","48.00","NZD","1759807800","23477/2025-11-26/1759807800.json"
"510807","146155","2025-11-26","52.00","NZD","1759807800","23477/2025-11-26/1759807800.json"
"581513","221281","2025-11-27","36.00","NZD","1759807800","23477/2025-11-27/1759807800.json"
"581514","221282","2025-11-27","36.00","NZD","1759807800","23477/2025-11-27/1759807800.json"
"512557","146154","2025-11-27","45.00","NZD","1759807800","23477/2025-11-27/1759807800.json"
"365170","146153","2025-11-27","48.00","NZD","1759807800","23477/2025-11-27/1759807800.json"
"510807","146155","2025-11-27","52.00","NZD","1759807800","23477/2025-11-27/1759807800.json"
"581513","221281","2025-11-28","36.00","NZD","1759807800","23477/2025-11-28/1759807800.json"
"581514","221282","2025-11-28","36.00","NZD","1759807800","23477/2025-11-28/1759807800.json"
"512557","146154","2025-11-28","45.00","NZD","1759807800","23477/2025-11-28/1759807800.json"
"365170","146153","2025-11-28","48.00","NZD","1759807800","23477/2025-11-28/1759807800.json"
"510807","146155","2025-11-28","52.00","NZD","1759807800","23477/2025-11-28/1759807800.json"
"581513","221281","2025-11-29","36.00","NZD","1759807800","23477/2025-11-29/1759807800.json"
"581514","221282","2025-11-29","36.00","NZD","1759807800","23477/2025-11-29/1759807800.json"
"512557","146154","2025-11-29","45.00","NZD","1759807800","23477/2025-11-29/1759807800.json"
"365170","146153","2025-11-29","48.00","NZD","1759807800","23477/2025-11-29/1759807800.json"
"510807","146155","2025-11-29","52.00","NZD","1759807800","23477/2025-11-29/1759807800.json"
"581513","221281","2025-11-30","36.00","NZD","1759807800","23477/2025-11-30/1759807800.json"
"581514","221282","2025-11-30","36.00","NZD","1759807800","23477/2025-11-30/1759807800.json"
"512557","146154","2025-11-30","45.00","NZD","1759807800","23477/2025-11-30/1759807800.json"
"365170","146153","2025-11-30","48.00","NZD","1759807800","23477/2025-11-30/1759807800.json"
"510807","146155","2025-11-30","52.00","NZD","1759807800","23477/2025-11-30/1759807800.json"
"581513","221281","2025-12-01","36.00","NZD","1759807800","23477/2025-12-01/1759807800.json"
"581514","221282","2025-12-01","36.00","NZD","1759807800","23477/2025-12-01/1759807800.json"
"512557","146154","2025-12-01","45.00","NZD","1759807800","23477/2025-12-01/1759807800.json"
"365170","146153","2025-12-01","48.00","NZD","1759807800","23477/2025-12-01/1759807800.json"
"510807","146155","2025-12-01","52.00","NZD","1759807800","23477/2025-12-01/1759807800.json"
"581513","221281","2025-12-02","36.00","NZD","1759807800","23477/2025-12-02/1759807800.json"
"581514","221282","2025-12-02","36.00","NZD","1759807800","23477/2025-12-02/1759807800.json"
"512557","146154","2025-12-02","45.00","NZD","1759807800","23477/2025-12-02/1759807800.json"
"365170","146153","2025-12-02","48.00","NZD","1759807800","23477/2025-12-02/1759807800.json"
"510807","146155","2025-12-02","52.00","NZD","1759807800","23477/2025-12-02/1759807800.json"
"581513","221281","2025-12-04","36.00","NZD","1759807800","23477/2025-12-04/1759807800.json"
"581514","221282","2025-12-04","36.00","NZD","1759807800","23477/2025-12-04/1759807800.json"
"512557","146154","2025-12-04","45.00","NZD","1759807800","23477/2025-12-04/1759807800.json"
"365170","146153","2025-12-04","48.00","NZD","1759807800","23477/2025-12-04/1759807800.json"
"510807","146155","2025-12-04","52.00","NZD","1759807800","23477/2025-12-04/1759807800.json"
"581513","221281","2025-12-05","36.00","NZD","1759807800","23477/2025-12-05/1759807800.json"
"581514","221282","2025-12-05","36.00","NZD","1759807800","23477/2025-12-05/1759807800.json"
"512557","146154","2025-12-05","45.00","NZD","1759807800","23477/2025-12-05/1759807800.json"
"365170","146153","2025-12-05","48.00","NZD","1759807800","23477/2025-12-05/1759807800.json"
"510807","146155","2025-12-05","52.00","NZD","1759807800","23477/2025-12-05/1759807800.json"
"581513","221281","2025-12-03","36.00","NZD","1759807800","23477/2025-12-03/1759807800.json"
"581514","221282","2025-12-03","36.00","NZD","1759807800","23477/2025-12-03/1759807800.json"
"512557","146154","2025-12-03","45.00","NZD","1759807800","23477/2025-12-03/1759807800.json"
"365170","146153","2025-12-03","48.00","NZD","1759807800","23477/2025-12-03/1759807800.json"
"510807","146155","2025-12-03","52.00","NZD","1759807800","23477/2025-12-03/1759807800.json"
"581513","221281","2025-12-06","36.00","NZD","1759807800","23477/2025-12-06/1759807800.json"
"581514","221282","2025-12-06","36.00","NZD","1759807800","23477/2025-12-06/1759807800.json"
"512557","146154","2025-12-06","45.00","NZD","1759807800","23477/2025-12-06/1759807800.json"
"365170","146153","2025-12-06","48.00","NZD","1759807800","23477/2025-12-06/1759807800.json"
"510807","146155","2025-12-06","52.00","NZD","1759807800","23477/2025-12-06/1759807800.json"
"581513","221281","2025-10-10","36.00","NZD","1759812830","23477/2025-10-10/1759812830.json"
"581514","221282","2025-10-10","36.00","NZD","1759812830","23477/2025-10-10/1759812830.json"
"512557","146154","2025-10-10","45.00","NZD","1759812830","23477/2025-10-10/1759812830.json"
"365170","146153","2025-10-10","48.00","NZD","1759812830","23477/2025-10-10/1759812830.json"
"510807","146155","2025-10-10","52.00","NZD","1759812830","23477/2025-10-10/1759812830.json"
"581513","221281","2025-10-07","36.00","NZD","1759812830","23477/2025-10-07/1759812830.json"
"581514","221282","2025-10-07","36.00","NZD","1759812830","23477/2025-10-07/1759812830.json"
"512557","146154","2025-10-07","45.00","NZD","1759812830","23477/2025-10-07/1759812830.json"
"365170","146153","2025-10-07","48.00","NZD","1759812830","23477/2025-10-07/1759812830.json"
"510807","146155","2025-10-07","52.00","NZD","1759812830","23477/2025-10-07/1759812830.json"
"581513","221281","2025-10-08","36.00","NZD","1759812830","23477/2025-10-08/1759812830.json"
"581514","221282","2025-10-08","36.00","NZD","1759812830","23477/2025-10-08/1759812830.json"
"512557","146154","2025-10-08","45.00","NZD","1759812830","23477/2025-10-08/1759812830.json"
"365170","146153","2025-10-08","48.00","NZD","1759812830","23477/2025-10-08/1759812830.json"
"510807","146155","2025-10-08","52.00","NZD","1759812830","23477/2025-10-08/1759812830.json"
"581513","221281","2025-10-09","36.00","NZD","1759812830","23477/2025-10-09/1759812830.json"
"581514","221282","2025-10-09","36.00","NZD","1759812830","23477/2025-10-09/1759812830.json"
"512557","146154","2025-10-09","45.00","NZD","1759812830","23477/2025-10-09/1759812830.json"
"365170","146153","2025-10-09","48.00","NZD","1759812830","23477/2025-10-09/1759812830.json"
"510807","146155","2025-10-09","52.00","NZD","1759812830","23477/2025-10-09/1759812830.json"
"581513","221281","2025-10-14","36.00","NZD","1759812830","23477/2025-10-14/1759812830.json"
"581514","221282","2025-10-14","36.00","NZD","1759812830","23477/2025-10-14/1759812830.json"
"512557","146154","2025-10-14","45.00","NZD","1759812830","23477/2025-10-14/1759812830.json"
"365170","146153","2025-10-14","48.00","NZD","1759812830","23477/2025-10-14/1759812830.json"
"510807","146155","2025-10-14","52.00","NZD","1759812830","23477/2025-10-14/1759812830.json"
"581513","221281","2025-10-13","36.00","NZD","1759812830","23477/2025-10-13/1759812830.json"
"581514","221282","2025-10-13","36.00","NZD","1759812830","23477/2025-10-13/1759812830.json"
"512557","146154","2025-10-13","45.00","NZD","1759812830","23477/2025-10-13/1759812830.json"
"365170","146153","2025-10-13","48.00","NZD","1759812830","23477/2025-10-13/1759812830.json"
"510807","146155","2025-10-13","52.00","NZD","1759812830","23477/2025-10-13/1759812830.json"
"581513","221281","2025-10-11","36.00","NZD","1759812830","23477/2025-10-11/1759812830.json"
"581514","221282","2025-10-11","36.00","NZD","1759812830","23477/2025-10-11/1759812830.json"
"512557","146154","2025-10-11","45.00","NZD","1759812830","23477/2025-10-11/1759812830.json"
"365170","146153","2025-10-11","48.00","NZD","1759812830","23477/2025-10-11/1759812830.json"
"510807","146155","2025-10-11","52.00","NZD","1759812830","23477/2025-10-11/1759812830.json"
"581513","221281","2025-10-12","36.00","NZD","1759812830","23477/2025-10-12/1759812830.json"
"581514","221282","2025-10-12","36.00","NZD","1759812830","23477/2025-10-12/1759812830.json"
"512557","146154","2025-10-12","45.00","NZD","1759812830","23477/2025-10-12/1759812830.json"
"365170","146153","2025-10-12","48.00","NZD","1759812830","23477/2025-10-12/1759812830.json"
"510807","146155","2025-10-12","52.00","NZD","1759812830","23477/2025-10-12/1759812830.json"
"581513","221281","2025-10-16","36.00","NZD","1759812830","23477/2025-10-16/1759812830.json"
"581514","221282","2025-10-16","36.00","NZD","1759812830","23477/2025-10-16/1759812830.json"
"512557","146154","2025-10-16","45.00","NZD","1759812830","23477/2025-10-16/1759812830.json"
"365170","146153","2025-10-16","48.00","NZD","1759812830","23477/2025-10-16/1759812830.json"
"510807","146155","2025-10-16","52.00","NZD","1759812830","23477/2025-10-16/1759812830.json"
"581513","221281","2025-10-18","36.00","NZD","1759812830","23477/2025-10-18/1759812830.json"
"581514","221282","2025-10-18","36.00","NZD","1759812830","23477/2025-10-18/1759812830.json"
"512557","146154","2025-10-18","45.00","NZD","1759812830","23477/2025-10-18/1759812830.json"
"365170","146153","2025-10-18","48.00","NZD","1759812830","23477/2025-10-18/1759812830.json"
"510807","146155","2025-10-18","52.00","NZD","1759812830","23477/2025-10-18/1759812830.json"
"581513","221281","2025-10-15","36.00","NZD","1759812830","23477/2025-10-15/1759812830.json"
"581514","221282","2025-10-15","36.00","NZD","1759812830","23477/2025-10-15/1759812830.json"
"512557","146154","2025-10-15","45.00","NZD","1759812830","23477/2025-10-15/1759812830.json"
"365170","146153","2025-10-15","48.00","NZD","1759812830","23477/2025-10-15/1759812830.json"
"510807","146155","2025-10-15","52.00","NZD","1759812830","23477/2025-10-15/1759812830.json"
"581513","221281","2025-10-17","36.00","NZD","1759812830","23477/2025-10-17/1759812830.json"
"581514","221282","2025-10-17","36.00","NZD","1759812830","23477/2025-10-17/1759812830.json"
"512557","146154","2025-10-17","45.00","NZD","1759812830","23477/2025-10-17/1759812830.json"
"365170","146153","2025-10-17","48.00","NZD","1759812830","23477/2025-10-17/1759812830.json"
"510807","146155","2025-10-17","52.00","NZD","1759812830","23477/2025-10-17/1759812830.json"
"581513","221281","2025-10-20","36.00","NZD","1759812830","23477/2025-10-20/1759812830.json"
"581514","221282","2025-10-20","36.00","NZD","1759812830","23477/2025-10-20/1759812830.json"
"512557","146154","2025-10-20","45.00","NZD","1759812830","23477/2025-10-20/1759812830.json"
"365170","146153","2025-10-20","48.00","NZD","1759812830","23477/2025-10-20/1759812830.json"
"510807","146155","2025-10-20","52.00","NZD","1759812830","23477/2025-10-20/1759812830.json"
"581513","221281","2025-10-21","36.00","NZD","1759812830","23477/2025-10-21/1759812830.json"
"581514","221282","2025-10-21","36.00","NZD","1759812830","23477/2025-10-21/1759812830.json"
"512557","146154","2025-10-21","45.00","NZD","1759812830","23477/2025-10-21/1759812830.json"
"365170","146153","2025-10-21","48.00","NZD","1759812830","23477/2025-10-21/1759812830.json"
"510807","146155","2025-10-21","52.00","NZD","1759812830","23477/2025-10-21/1759812830.json"
"581513","221281","2025-10-19","36.00","NZD","1759812830","23477/2025-10-19/1759812830.json"
"581514","221282","2025-10-19","36.00","NZD","1759812830","23477/2025-10-19/1759812830.json"
"512557","146154","2025-10-19","45.00","NZD","1759812830","23477/2025-10-19/1759812830.json"
"365170","146153","2025-10-19","48.00","NZD","1759812830","23477/2025-10-19/1759812830.json"
"510807","146155","2025-10-19","52.00","NZD","1759812830","23477/2025-10-19/1759812830.json"
"581513","221281","2025-10-22","36.00","NZD","1759812830","23477/2025-10-22/1759812830.json"
"581514","221282","2025-10-22","36.00","NZD","1759812830","23477/2025-10-22/1759812830.json"
"512557","146154","2025-10-22","45.00","NZD","1759812830","23477/2025-10-22/1759812830.json"
"365170","146153","2025-10-22","48.00","NZD","1759812830","23477/2025-10-22/1759812830.json"
"510807","146155","2025-10-22","52.00","NZD","1759812830","23477/2025-10-22/1759812830.json"
"581513","221281","2025-10-24","36.00","NZD","1759812830","23477/2025-10-24/1759812830.json"
"581514","221282","2025-10-24","36.00","NZD","1759812830","23477/2025-10-24/1759812830.json"
"512557","146154","2025-10-24","45.00","NZD","1759812830","23477/2025-10-24/1759812830.json"
"365170","146153","2025-10-24","48.00","NZD","1759812830","23477/2025-10-24/1759812830.json"
"510807","146155","2025-10-24","52.00","NZD","1759812830","23477/2025-10-24/1759812830.json"
"581513","221281","2025-10-23","36.00","NZD","1759812830","23477/2025-10-23/1759812830.json"
"581514","221282","2025-10-23","36.00","NZD","1759812830","23477/2025-10-23/1759812830.json"
"512557","146154","2025-10-23","45.00","NZD","1759812830","23477/2025-10-23/1759812830.json"
"365170","146153","2025-10-23","48.00","NZD","1759812830","23477/2025-10-23/1759812830.json"
"510807","146155","2025-10-23","52.00","NZD","1759812830","23477/2025-10-23/1759812830.json"
"581513","221281","2025-10-25","36.00","NZD","1759812830","23477/2025-10-25/1759812830.json"
"581514","221282","2025-10-25","36.00","NZD","1759812830","23477/2025-10-25/1759812830.json"
"512557","146154","2025-10-25","45.00","NZD","1759812830","23477/2025-10-25/1759812830.json"
"365170","146153","2025-10-25","48.00","NZD","1759812830","23477/2025-10-25/1759812830.json"
"510807","146155","2025-10-25","52.00","NZD","1759812830","23477/2025-10-25/1759812830.json"
"581513","221281","2025-10-26","36.00","NZD","1759812830","23477/2025-10-26/1759812830.json"
"581514","221282","2025-10-26","36.00","NZD","1759812830","23477/2025-10-26/1759812830.json"
"512557","146154","2025-10-26","45.00","NZD","1759812830","23477/2025-10-26/1759812830.json"
"365170","146153","2025-10-26","48.00","NZD","1759812830","23477/2025-10-26/1759812830.json"
"510807","146155","2025-10-26","52.00","NZD","1759812830","23477/2025-10-26/1759812830.json"
"581513","221281","2025-10-29","36.00","NZD","1759812830","23477/2025-10-29/1759812830.json"
"581514","221282","2025-10-29","36.00","NZD","1759812830","23477/2025-10-29/1759812830.json"
"512557","146154","2025-10-29","45.00","NZD","1759812830","23477/2025-10-29/1759812830.json"
"365170","146153","2025-10-29","48.00","NZD","1759812830","23477/2025-10-29/1759812830.json"
"510807","146155","2025-10-29","52.00","NZD","1759812830","23477/2025-10-29/1759812830.json"
"581513","221281","2025-10-28","36.00","NZD","1759812830","23477/2025-10-28/1759812830.json"
"581514","221282","2025-10-28","36.00","NZD","1759812830","23477/2025-10-28/1759812830.json"
"512557","146154","2025-10-28","45.00","NZD","1759812830","23477/2025-10-28/1759812830.json"
"365170","146153","2025-10-28","48.00","NZD","1759812830","23477/2025-10-28/1759812830.json"
"510807","146155","2025-10-28","52.00","NZD","1759812830","23477/2025-10-28/1759812830.json"
"581513","221281","2025-10-27","36.00","NZD","1759812830","23477/2025-10-27/1759812830.json"
"581514","221282","2025-10-27","36.00","NZD","1759812830","23477/2025-10-27/1759812830.json"
"512557","146154","2025-10-27","45.00","NZD","1759812830","23477/2025-10-27/1759812830.json"
"365170","146153","2025-10-27","48.00","NZD","1759812830","23477/2025-10-27/1759812830.json"
"510807","146155","2025-10-27","52.00","NZD","1759812830","23477/2025-10-27/1759812830.json"
"581513","221281","2025-10-30","36.00","NZD","1759812830","23477/2025-10-30/1759812830.json"
"581514","221282","2025-10-30","36.00","NZD","1759812830","23477/2025-10-30/1759812830.json"
"512557","146154","2025-10-30","45.00","NZD","1759812830","23477/2025-10-30/1759812830.json"
"365170","146153","2025-10-30","48.00","NZD","1759812830","23477/2025-10-30/1759812830.json"
"510807","146155","2025-10-30","52.00","NZD","1759812830","23477/2025-10-30/1759812830.json"
"581513","221281","2025-11-01","36.00","NZD","1759812830","23477/2025-11-01/1759812830.json"
"581514","221282","2025-11-01","36.00","NZD","1759812830","23477/2025-11-01/1759812830.json"
"512557","146154","2025-11-01","45.00","NZD","1759812830","23477/2025-11-01/1759812830.json"
"365170","146153","2025-11-01","48.00","NZD","1759812830","23477/2025-11-01/1759812830.json"
"510807","146155","2025-11-01","52.00","NZD","1759812830","23477/2025-11-01/1759812830.json"
"581513","221281","2025-10-31","36.00","NZD","1759812830","23477/2025-10-31/1759812830.json"
"581514","221282","2025-10-31","36.00","NZD","1759812830","23477/2025-10-31/1759812830.json"
"512557","146154","2025-10-31","45.00","NZD","1759812830","23477/2025-10-31/1759812830.json"
"365170","146153","2025-10-31","48.00","NZD","1759812830","23477/2025-10-31/1759812830.json"
"510807","146155","2025-10-31","52.00","NZD","1759812830","23477/2025-10-31/1759812830.json"
"581513","221281","2025-11-02","36.00","NZD","1759812830","23477/2025-11-02/1759812830.json"
"581514","221282","2025-11-02","36.00","NZD","1759812830","23477/2025-11-02/1759812830.json"
"512557","146154","2025-11-02","45.00","NZD","1759812830","23477/2025-11-02/1759812830.json"
"365170","146153","2025-11-02","48.00","NZD","1759812830","23477/2025-11-02/1759812830.json"
"510807","146155","2025-11-02","52.00","NZD","1759812830","23477/2025-11-02/1759812830.json"
"581513","221281","2025-11-03","36.00","NZD","1759812830","23477/2025-11-03/1759812830.json"
"581514","221282","2025-11-03","36.00","NZD","1759812830","23477/2025-11-03/1759812830.json"
"512557","146154","2025-11-03","45.00","NZD","1759812830","23477/2025-11-03/1759812830.json"
"365170","146153","2025-11-03","48.00","NZD","1759812830","23477/2025-11-03/1759812830.json"
"510807","146155","2025-11-03","52.00","NZD","1759812830","23477/2025-11-03/1759812830.json"
"581513","221281","2025-11-04","36.00","NZD","1759812830","23477/2025-11-04/1759812830.json"
"581514","221282","2025-11-04","36.00","NZD","1759812830","23477/2025-11-04/1759812830.json"
"512557","146154","2025-11-04","45.00","NZD","1759812830","23477/2025-11-04/1759812830.json"
"365170","146153","2025-11-04","48.00","NZD","1759812830","23477/2025-11-04/1759812830.json"
"510807","146155","2025-11-04","52.00","NZD","1759812830","23477/2025-11-04/1759812830.json"
"581513","221281","2025-11-06","36.00","NZD","1759812830","23477/2025-11-06/1759812830.json"
"581514","221282","2025-11-06","36.00","NZD","1759812830","23477/2025-11-06/1759812830.json"
"512557","146154","2025-11-06","45.00","NZD","1759812830","23477/2025-11-06/1759812830.json"
"365170","146153","2025-11-06","48.00","NZD","1759812830","23477/2025-11-06/1759812830.json"
"510807","146155","2025-11-06","52.00","NZD","1759812830","23477/2025-11-06/1759812830.json"
"581513","221281","2025-11-07","36.00","NZD","1759812830","23477/2025-11-07/1759812830.json"
"581514","221282","2025-11-07","36.00","NZD","1759812830","23477/2025-11-07/1759812830.json"
"512557","146154","2025-11-07","45.00","NZD","1759812830","23477/2025-11-07/1759812830.json"
"365170","146153","2025-11-07","48.00","NZD","1759812830","23477/2025-11-07/1759812830.json"
"510807","146155","2025-11-07","52.00","NZD","1759812830","23477/2025-11-07/1759812830.json"
"581513","221281","2025-11-05","36.00","NZD","1759812830","23477/2025-11-05/1759812830.json"
"581514","221282","2025-11-05","36.00","NZD","1759812830","23477/2025-11-05/1759812830.json"
"512557","146154","2025-11-05","45.00","NZD","1759812830","23477/2025-11-05/1759812830.json"
"365170","146153","2025-11-05","48.00","NZD","1759812830","23477/2025-11-05/1759812830.json"
"510807","146155","2025-11-05","52.00","NZD","1759812830","23477/2025-11-05/1759812830.json"
"581513","221281","2025-11-08","36.00","NZD","1759812830","23477/2025-11-08/1759812830.json"
"581514","221282","2025-11-08","36.00","NZD","1759812830","23477/2025-11-08/1759812830.json"
"512557","146154","2025-11-08","45.00","NZD","1759812830","23477/2025-11-08/1759812830.json"
"365170","146153","2025-11-08","48.00","NZD","1759812830","23477/2025-11-08/1759812830.json"
"510807","146155","2025-11-08","52.00","NZD","1759812830","23477/2025-11-08/1759812830.json"
"581513","221281","2025-11-10","36.00","NZD","1759812830","23477/2025-11-10/1759812830.json"
"581514","221282","2025-11-10","36.00","NZD","1759812830","23477/2025-11-10/1759812830.json"
"512557","146154","2025-11-10","45.00","NZD","1759812830","23477/2025-11-10/1759812830.json"
"365170","146153","2025-11-10","48.00","NZD","1759812830","23477/2025-11-10/1759812830.json"
"510807","146155","2025-11-10","52.00","NZD","1759812830","23477/2025-11-10/1759812830.json"
"581513","221281","2025-11-09","36.00","NZD","1759812830","23477/2025-11-09/1759812830.json"
"581514","221282","2025-11-09","36.00","NZD","1759812830","23477/2025-11-09/1759812830.json"
"512557","146154","2025-11-09","45.00","NZD","1759812830","23477/2025-11-09/1759812830.json"
"365170","146153","2025-11-09","48.00","NZD","1759812830","23477/2025-11-09/1759812830.json"
"510807","146155","2025-11-09","52.00","NZD","1759812830","23477/2025-11-09/1759812830.json"
"581513","221281","2025-11-11","36.00","NZD","1759812830","23477/2025-11-11/1759812830.json"
"581514","221282","2025-11-11","36.00","NZD","1759812830","23477/2025-11-11/1759812830.json"
"512557","146154","2025-11-11","45.00","NZD","1759812830","23477/2025-11-11/1759812830.json"
"365170","146153","2025-11-11","48.00","NZD","1759812830","23477/2025-11-11/1759812830.json"
"510807","146155","2025-11-11","52.00","NZD","1759812830","23477/2025-11-11/1759812830.json"
"581513","221281","2025-11-12","36.00","NZD","1759812830","23477/2025-11-12/1759812830.json"
"581514","221282","2025-11-12","36.00","NZD","1759812830","23477/2025-11-12/1759812830.json"
"512557","146154","2025-11-12","45.00","NZD","1759812830","23477/2025-11-12/1759812830.json"
"365170","146153","2025-11-12","48.00","NZD","1759812830","23477/2025-11-12/1759812830.json"
"510807","146155","2025-11-12","52.00","NZD","1759812830","23477/2025-11-12/1759812830.json"
"581513","221281","2025-11-13","36.00","NZD","1759812830","23477/2025-11-13/1759812830.json"
"581514","221282","2025-11-13","36.00","NZD","1759812830","23477/2025-11-13/1759812830.json"
"512557","146154","2025-11-13","45.00","NZD","1759812830","23477/2025-11-13/1759812830.json"
"365170","146153","2025-11-13","48.00","NZD","1759812830","23477/2025-11-13/1759812830.json"
"510807","146155","2025-11-13","52.00","NZD","1759812830","23477/2025-11-13/1759812830.json"
"581513","221281","2025-11-15","36.00","NZD","1759812830","23477/2025-11-15/1759812830.json"
"581514","221282","2025-11-15","36.00","NZD","1759812830","23477/2025-11-15/1759812830.json"
"512557","146154","2025-11-15","45.00","NZD","1759812830","23477/2025-11-15/1759812830.json"
"365170","146153","2025-11-15","48.00","NZD","1759812830","23477/2025-11-15/1759812830.json"
"510807","146155","2025-11-15","52.00","NZD","1759812830","23477/2025-11-15/1759812830.json"
"581513","221281","2025-11-17","36.00","NZD","1759812830","23477/2025-11-17/1759812830.json"
"581514","221282","2025-11-17","36.00","NZD","1759812830","23477/2025-11-17/1759812830.json"
"512557","146154","2025-11-17","45.00","NZD","1759812830","23477/2025-11-17/1759812830.json"
"365170","146153","2025-11-17","48.00","NZD","1759812830","23477/2025-11-17/1759812830.json"
"510807","146155","2025-11-17","52.00","NZD","1759812830","23477/2025-11-17/1759812830.json"
"581513","221281","2025-11-16","36.00","NZD","1759812830","23477/2025-11-16/1759812830.json"
"581514","221282","2025-11-16","36.00","NZD","1759812830","23477/2025-11-16/1759812830.json"
"512557","146154","2025-11-16","45.00","NZD","1759812830","23477/2025-11-16/1759812830.json"
"365170","146153","2025-11-16","48.00","NZD","1759812830","23477/2025-11-16/1759812830.json"
"510807","146155","2025-11-16","52.00","NZD","1759812830","23477/2025-11-16/1759812830.json"
"581513","221281","2025-11-14","36.00","NZD","1759812830","23477/2025-11-14/1759812830.json"
"581514","221282","2025-11-14","36.00","NZD","1759812830","23477/2025-11-14/1759812830.json"
"512557","146154","2025-11-14","45.00","NZD","1759812830","23477/2025-11-14/1759812830.json"
"365170","146153","2025-11-14","48.00","NZD","1759812830","23477/2025-11-14/1759812830.json"
"510807","146155","2025-11-14","52.00","NZD","1759812830","23477/2025-11-14/1759812830.json"
"581513","221281","2025-11-19","36.00","NZD","1759812830","23477/2025-11-19/1759812830.json"
"581514","221282","2025-11-19","36.00","NZD","1759812830","23477/2025-11-19/1759812830.json"
"512557","146154","2025-11-19","45.00","NZD","1759812830","23477/2025-11-19/1759812830.json"
"365170","146153","2025-11-19","48.00","NZD","1759812830","23477/2025-11-19/1759812830.json"
"510807","146155","2025-11-19","52.00","NZD","1759812830","23477/2025-11-19/1759812830.json"
"581513","221281","2025-11-21","36.00","NZD","1759812830","23477/2025-11-21/1759812830.json"
"581514","221282","2025-11-21","36.00","NZD","1759812830","23477/2025-11-21/1759812830.json"
"512557","146154","2025-11-21","45.00","NZD","1759812830","23477/2025-11-21/1759812830.json"
"365170","146153","2025-11-21","48.00","NZD","1759812830","23477/2025-11-21/1759812830.json"
"510807","146155","2025-11-21","52.00","NZD","1759812830","23477/2025-11-21/1759812830.json"
"581513","221281","2025-11-20","36.00","NZD","1759812830","23477/2025-11-20/1759812830.json"
"581514","221282","2025-11-20","36.00","NZD","1759812830","23477/2025-11-20/1759812830.json"
"512557","146154","2025-11-20","45.00","NZD","1759812830","23477/2025-11-20/1759812830.json"
"581513","221281","2025-11-18","36.00","NZD","1759812830","23477/2025-11-18/1759812830.json"
"581514","221282","2025-11-18","36.00","NZD","1759812830","23477/2025-11-18/1759812830.json"
"512557","146154","2025-11-18","45.00","NZD","1759812830","23477/2025-11-18/1759812830.json"
"365170","146153","2025-11-18","48.00","NZD","1759812830","23477/2025-11-18/1759812830.json"
"510807","146155","2025-11-18","52.00","NZD","1759812830","23477/2025-11-18/1759812830.json"
"581513","221281","2025-11-22","36.00","NZD","1759812830","23477/2025-11-22/1759812830.json"
"581514","221282","2025-11-22","36.00","NZD","1759812830","23477/2025-11-22/1759812830.json"
"512557","146154","2025-11-22","45.00","NZD","1759812830","23477/2025-11-22/1759812830.json"
"365170","146153","2025-11-22","48.00","NZD","1759812830","23477/2025-11-22/1759812830.json"
"510807","146155","2025-11-22","52.00","NZD","1759812830","23477/2025-11-22/1759812830.json"
"581513","221281","2025-11-25","36.00","NZD","1759812830","23477/2025-11-25/1759812830.json"
"581514","221282","2025-11-25","36.00","NZD","1759812830","23477/2025-11-25/1759812830.json"
"512557","146154","2025-11-25","45.00","NZD","1759812830","23477/2025-11-25/1759812830.json"
"365170","146153","2025-11-25","48.00","NZD","1759812830","23477/2025-11-25/1759812830.json"
"510807","146155","2025-11-25","52.00","NZD","1759812830","23477/2025-11-25/1759812830.json"
"581513","221281","2025-11-24","36.00","NZD","1759812830","23477/2025-11-24/1759812830.json"
"581514","221282","2025-11-24","36.00","NZD","1759812830","23477/2025-11-24/1759812830.json"
"512557","146154","2025-11-24","45.00","NZD","1759812830","23477/2025-11-24/1759812830.json"
"365170","146153","2025-11-24","48.00","NZD","1759812830","23477/2025-11-24/1759812830.json"
"510807","146155","2025-11-24","52.00","NZD","1759812830","23477/2025-11-24/1759812830.json"
"581513","221281","2025-11-26","36.00","NZD","1759812830","23477/2025-11-26/1759812830.json"
"581514","221282","2025-11-26","36.00","NZD","1759812830","23477/2025-11-26/1759812830.json"
"512557","146154","2025-11-26","45.00","NZD","1759812830","23477/2025-11-26/1759812830.json"
"365170","146153","2025-11-26","48.00","NZD","1759812830","23477/2025-11-26/1759812830.json"
"510807","146155","2025-11-26","52.00","NZD","1759812830","23477/2025-11-26/1759812830.json"
"581513","221281","2025-11-27","36.00","NZD","1759812830","23477/2025-11-27/1759812830.json"
"581514","221282","2025-11-27","36.00","NZD","1759812830","23477/2025-11-27/1759812830.json"
"512557","146154","2025-11-27","45.00","NZD","1759812830","23477/2025-11-27/1759812830.json"
"365170","146153","2025-11-27","48.00","NZD","1759812830","23477/2025-11-27/1759812830.json"
"510807","146155","2025-11-27","52.00","NZD","1759812830","23477/2025-11-27/1759812830.json"
"581513","221281","2025-11-29","36.00","NZD","1759812830","23477/2025-11-29/1759812830.json"
"581514","221282","2025-11-29","36.00","NZD","1759812830","23477/2025-11-29/1759812830.json"
"512557","146154","2025-11-29","45.00","NZD","1759812830","23477/2025-11-29/1759812830.json"
"365170","146153","2025-11-29","48.00","NZD","1759812830","23477/2025-11-29/1759812830.json"
"510807","146155","2025-11-29","52.00","NZD","1759812830","23477/2025-11-29/1759812830.json"
"581513","221281","2025-11-28","36.00","NZD","1759812830","23477/2025-11-28/1759812830.json"
"581514","221282","2025-11-28","36.00","NZD","1759812830","23477/2025-11-28/1759812830.json"
"512557","146154","2025-11-28","45.00","NZD","1759812830","23477/2025-11-28/1759812830.json"
"365170","146153","2025-11-28","48.00","NZD","1759812830","23477/2025-11-28/1759812830.json"
"510807","146155","2025-11-28","52.00","NZD","1759812830","23477/2025-11-28/1759812830.json"
"581513","221281","2025-11-23","36.00","NZD","1759812830","23477/2025-11-23/1759812830.json"
"581514","221282","2025-11-23","36.00","NZD","1759812830","23477/2025-11-23/1759812830.json"
"512557","146154","2025-11-23","45.00","NZD","1759812830","23477/2025-11-23/1759812830.json"
"365170","146153","2025-11-23","48.00","NZD","1759812830","23477/2025-11-23/1759812830.json"
"510807","146155","2025-11-23","52.00","NZD","1759812830","23477/2025-11-23/1759812830.json"
"581513","221281","2025-11-30","36.00","NZD","1759812830","23477/2025-11-30/1759812830.json"
"581514","221282","2025-11-30","36.00","NZD","1759812830","23477/2025-11-30/1759812830.json"
"512557","146154","2025-11-30","45.00","NZD","1759812830","23477/2025-11-30/1759812830.json"
"365170","146153","2025-11-30","48.00","NZD","1759812830","23477/2025-11-30/1759812830.json"
"510807","146155","2025-11-30","52.00","NZD","1759812830","23477/2025-11-30/1759812830.json"
"581513","221281","2025-12-01","36.00","NZD","1759812830","23477/2025-12-01/1759812830.json"
"581514","221282","2025-12-01","36.00","NZD","1759812830","23477/2025-12-01/1759812830.json"
"512557","146154","2025-12-01","45.00","NZD","1759812830","23477/2025-12-01/1759812830.json"
"365170","146153","2025-12-01","48.00","NZD","1759812830","23477/2025-12-01/1759812830.json"
"510807","146155","2025-12-01","52.00","NZD","1759812830","23477/2025-12-01/1759812830.json"
"581513","221281","2025-12-02","36.00","NZD","1759812830","23477/2025-12-02/1759812830.json"
"581514","221282","2025-12-02","36.00","NZD","1759812830","23477/2025-12-02/1759812830.json"
"512557","146154","2025-12-02","45.00","NZD","1759812830","23477/2025-12-02/1759812830.json"
"365170","146153","2025-12-02","48.00","NZD","1759812830","23477/2025-12-02/1759812830.json"
"510807","146155","2025-12-02","52.00","NZD","1759812830","23477/2025-12-02/1759812830.json"
"581513","221281","2025-12-03","36.00","NZD","1759812830","23477/2025-12-03/1759812830.json"
"581514","221282","2025-12-03","36.00","NZD","1759812830","23477/2025-12-03/1759812830.json"
"512557","146154","2025-12-03","45.00","NZD","1759812830","23477/2025-12-03/1759812830.json"
"365170","146153","2025-12-03","48.00","NZD","1759812830","23477/2025-12-03/1759812830.json"
"510807","146155","2025-12-03","52.00","NZD","1759812830","23477/2025-12-03/1759812830.json"
"581513","221281","2025-12-04","36.00","NZD","1759812830","23477/2025-12-04/1759812830.json"
"581514","221282","2025-12-04","36.00","NZD","1759812830","23477/2025-12-04/1759812830.json"
"512557","146154","2025-12-04","45.00","NZD","1759812830","23477/2025-12-04/1759812830.json"
"365170","146153","2025-12-04","48.00","NZD","1759812830","23477/2025-12-04/1759812830.json"
"510807","146155","2025-12-04","52.00","NZD","1759812830","23477/2025-12-04/1759812830.json"
"581513","221281","2025-12-05","36.00","NZD","1759812830","23477/2025-12-05/1759812830.json"
"581514","221282","2025-12-05","36.00","NZD","1759812830","23477/2025-12-05/1759812830.json"
"512557","146154","2025-12-05","45.00","NZD","1759812830","23477/2025-12-05/1759812830.json"
"365170","146153","2025-12-05","48.00","NZD","1759812830","23477/2025-12-05/1759812830.json"
"510807","146155","2025-12-05","52.00","NZD","1759812830","23477/2025-12-05/1759812830.json"
"581513","221281","2025-12-06","36.00","NZD","1759812830","23477/2025-12-06/1759812830.json"
"581514","221282","2025-12-06","36.00","NZD","1759812830","23477/2025-12-06/1759812830.json"
"512557","146154","2025-12-06","45.00","NZD","1759812830","23477/2025-12-06/1759812830.json"
"365170","146153","2025-12-06","48.00","NZD","1759812830","23477/2025-12-06/1759812830.json"
"510807","146155","2025-12-06","52.00","NZD","1759812830","23477/2025-12-06/1759812830.json"
"581513","221281","2025-10-08","36.00","NZD","1759827830","23477/2025-10-08/1759827830.json"
"581514","221282","2025-10-08","36.00","NZD","1759827830","23477/2025-10-08/1759827830.json"
"512557","146154","2025-10-08","45.00","NZD","1759827830","23477/2025-10-08/1759827830.json"
"365170","146153","2025-10-08","48.00","NZD","1759827830","23477/2025-10-08/1759827830.json"
"510807","146155","2025-10-08","52.00","NZD","1759827830","23477/2025-10-08/1759827830.json"
"581513","221281","2025-10-10","36.00","NZD","1759827830","23477/2025-10-10/1759827830.json"
"581514","221282","2025-10-10","36.00","NZD","1759827830","23477/2025-10-10/1759827830.json"
"512557","146154","2025-10-10","45.00","NZD","1759827830","23477/2025-10-10/1759827830.json"
"365170","146153","2025-10-10","48.00","NZD","1759827830","23477/2025-10-10/1759827830.json"
"510807","146155","2025-10-10","52.00","NZD","1759827830","23477/2025-10-10/1759827830.json"
"581513","221281","2025-10-09","36.00","NZD","1759827830","23477/2025-10-09/1759827830.json"
"581514","221282","2025-10-09","36.00","NZD","1759827830","23477/2025-10-09/1759827830.json"
"512557","146154","2025-10-09","45.00","NZD","1759827830","23477/2025-10-09/1759827830.json"
"365170","146153","2025-10-09","48.00","NZD","1759827830","23477/2025-10-09/1759827830.json"
"510807","146155","2025-10-09","52.00","NZD","1759827830","23477/2025-10-09/1759827830.json"
"581513","221281","2025-10-07","36.00","NZD","1759827830","23477/2025-10-07/1759827830.json"
"581514","221282","2025-10-07","36.00","NZD","1759827830","23477/2025-10-07/1759827830.json"
"512557","146154","2025-10-07","45.00","NZD","1759827830","23477/2025-10-07/1759827830.json"
"365170","146153","2025-10-07","48.00","NZD","1759827830","23477/2025-10-07/1759827830.json"
"510807","146155","2025-10-07","52.00","NZD","1759827830","23477/2025-10-07/1759827830.json"
"581513","221281","2025-10-13","36.00","NZD","1759827830","23477/2025-10-13/1759827830.json"
"581514","221282","2025-10-13","36.00","NZD","1759827830","23477/2025-10-13/1759827830.json"
"512557","146154","2025-10-13","45.00","NZD","1759827830","23477/2025-10-13/1759827830.json"
"365170","146153","2025-10-13","48.00","NZD","1759827830","23477/2025-10-13/1759827830.json"
"510807","146155","2025-10-13","52.00","NZD","1759827830","23477/2025-10-13/1759827830.json"
"581513","221281","2025-10-12","36.00","NZD","1759827830","23477/2025-10-12/1759827830.json"
"581514","221282","2025-10-12","36.00","NZD","1759827830","23477/2025-10-12/1759827830.json"
"512557","146154","2025-10-12","45.00","NZD","1759827830","23477/2025-10-12/1759827830.json"
"365170","146153","2025-10-12","48.00","NZD","1759827830","23477/2025-10-12/1759827830.json"
"510807","146155","2025-10-12","52.00","NZD","1759827830","23477/2025-10-12/1759827830.json"
"581513","221281","2025-10-11","36.00","NZD","1759827830","23477/2025-10-11/1759827830.json"
"581514","221282","2025-10-11","36.00","NZD","1759827830","23477/2025-10-11/1759827830.json"
"512557","146154","2025-10-11","45.00","NZD","1759827830","23477/2025-10-11/1759827830.json"
"365170","146153","2025-10-11","48.00","NZD","1759827830","23477/2025-10-11/1759827830.json"
"510807","146155","2025-10-11","52.00","NZD","1759827830","23477/2025-10-11/1759827830.json"
"581513","221281","2025-10-14","36.00","NZD","1759827830","23477/2025-10-14/1759827830.json"
"581514","221282","2025-10-14","36.00","NZD","1759827830","23477/2025-10-14/1759827830.json"
"512557","146154","2025-10-14","45.00","NZD","1759827830","23477/2025-10-14/1759827830.json"
"365170","146153","2025-10-14","48.00","NZD","1759827830","23477/2025-10-14/1759827830.json"
"510807","146155","2025-10-14","52.00","NZD","1759827830","23477/2025-10-14/1759827830.json"
"581513","221281","2025-10-15","36.00","NZD","1759827830","23477/2025-10-15/1759827830.json"
"581514","221282","2025-10-15","36.00","NZD","1759827830","23477/2025-10-15/1759827830.json"
"512557","146154","2025-10-15","45.00","NZD","1759827830","23477/2025-10-15/1759827830.json"
"365170","146153","2025-10-15","48.00","NZD","1759827830","23477/2025-10-15/1759827830.json"
"510807","146155","2025-10-15","52.00","NZD","1759827830","23477/2025-10-15/1759827830.json"
"581513","221281","2025-10-16","36.00","NZD","1759827830","23477/2025-10-16/1759827830.json"
"581514","221282","2025-10-16","36.00","NZD","1759827830","23477/2025-10-16/1759827830.json"
"512557","146154","2025-10-16","45.00","NZD","1759827830","23477/2025-10-16/1759827830.json"
"365170","146153","2025-10-16","48.00","NZD","1759827830","23477/2025-10-16/1759827830.json"
"510807","146155","2025-10-16","52.00","NZD","1759827830","23477/2025-10-16/1759827830.json"
"581513","221281","2025-10-17","36.00","NZD","1759827830","23477/2025-10-17/1759827830.json"
"581514","221282","2025-10-17","36.00","NZD","1759827830","23477/2025-10-17/1759827830.json"
"512557","146154","2025-10-17","45.00","NZD","1759827830","23477/2025-10-17/1759827830.json"
"365170","146153","2025-10-17","48.00","NZD","1759827830","23477/2025-10-17/1759827830.json"
"510807","146155","2025-10-17","52.00","NZD","1759827830","23477/2025-10-17/1759827830.json"
"581513","221281","2025-10-18","36.00","NZD","1759827830","23477/2025-10-18/1759827830.json"
"581514","221282","2025-10-18","36.00","NZD","1759827830","23477/2025-10-18/1759827830.json"
"512557","146154","2025-10-18","45.00","NZD","1759827830","23477/2025-10-18/1759827830.json"
"365170","146153","2025-10-18","48.00","NZD","1759827830","23477/2025-10-18/1759827830.json"
"510807","146155","2025-10-18","52.00","NZD","1759827830","23477/2025-10-18/1759827830.json"
"581513","221281","2025-10-19","36.00","NZD","1759827830","23477/2025-10-19/1759827830.json"
"581514","221282","2025-10-19","36.00","NZD","1759827830","23477/2025-10-19/1759827830.json"
"512557","146154","2025-10-19","45.00","NZD","1759827830","23477/2025-10-19/1759827830.json"
"365170","146153","2025-10-19","48.00","NZD","1759827830","23477/2025-10-19/1759827830.json"
"510807","146155","2025-10-19","52.00","NZD","1759827830","23477/2025-10-19/1759827830.json"
"581513","221281","2025-10-20","36.00","NZD","1759827830","23477/2025-10-20/1759827830.json"
"581514","221282","2025-10-20","36.00","NZD","1759827830","23477/2025-10-20/1759827830.json"
"512557","146154","2025-10-20","45.00","NZD","1759827830","23477/2025-10-20/1759827830.json"
"365170","146153","2025-10-20","48.00","NZD","1759827830","23477/2025-10-20/1759827830.json"
"510807","146155","2025-10-20","52.00","NZD","1759827830","23477/2025-10-20/1759827830.json"
"581513","221281","2025-10-21","36.00","NZD","1759827830","23477/2025-10-21/1759827830.json"
"581514","221282","2025-10-21","36.00","NZD","1759827830","23477/2025-10-21/1759827830.json"
"512557","146154","2025-10-21","45.00","NZD","1759827830","23477/2025-10-21/1759827830.json"
"365170","146153","2025-10-21","48.00","NZD","1759827830","23477/2025-10-21/1759827830.json"
"510807","146155","2025-10-21","52.00","NZD","1759827830","23477/2025-10-21/1759827830.json"
"581513","221281","2025-10-22","36.00","NZD","1759827830","23477/2025-10-22/1759827830.json"
"581514","221282","2025-10-22","36.00","NZD","1759827830","23477/2025-10-22/1759827830.json"
"512557","146154","2025-10-22","45.00","NZD","1759827830","23477/2025-10-22/1759827830.json"
"365170","146153","2025-10-22","48.00","NZD","1759827830","23477/2025-10-22/1759827830.json"
"510807","146155","2025-10-22","52.00","NZD","1759827830","23477/2025-10-22/1759827830.json"
"581513","221281","2025-10-23","36.00","NZD","1759827830","23477/2025-10-23/1759827830.json"
"581514","221282","2025-10-23","36.00","NZD","1759827830","23477/2025-10-23/1759827830.json"
"512557","146154","2025-10-23","45.00","NZD","1759827830","23477/2025-10-23/1759827830.json"
"365170","146153","2025-10-23","48.00","NZD","1759827830","23477/2025-10-23/1759827830.json"
"510807","146155","2025-10-23","52.00","NZD","1759827830","23477/2025-10-23/1759827830.json"
"581513","221281","2025-10-24","36.00","NZD","1759827830","23477/2025-10-24/1759827830.json"
"581514","221282","2025-10-24","36.00","NZD","1759827830","23477/2025-10-24/1759827830.json"
"512557","146154","2025-10-24","45.00","NZD","1759827830","23477/2025-10-24/1759827830.json"
"365170","146153","2025-10-24","48.00","NZD","1759827830","23477/2025-10-24/1759827830.json"
"510807","146155","2025-10-24","52.00","NZD","1759827830","23477/2025-10-24/1759827830.json"
"581513","221281","2025-10-25","36.00","NZD","1759827830","23477/2025-10-25/1759827830.json"
"581514","221282","2025-10-25","36.00","NZD","1759827830","23477/2025-10-25/1759827830.json"
"512557","146154","2025-10-25","45.00","NZD","1759827830","23477/2025-10-25/1759827830.json"
"365170","146153","2025-10-25","48.00","NZD","1759827830","23477/2025-10-25/1759827830.json"
"510807","146155","2025-10-25","52.00","NZD","1759827830","23477/2025-10-25/1759827830.json"
"581513","221281","2025-10-26","36.00","NZD","1759827830","23477/2025-10-26/1759827830.json"
"581514","221282","2025-10-26","36.00","NZD","1759827830","23477/2025-10-26/1759827830.json"
"512557","146154","2025-10-26","45.00","NZD","1759827830","23477/2025-10-26/1759827830.json"
"365170","146153","2025-10-26","48.00","NZD","1759827830","23477/2025-10-26/1759827830.json"
"510807","146155","2025-10-26","52.00","NZD","1759827830","23477/2025-10-26/1759827830.json"
"581513","221281","2025-10-27","36.00","NZD","1759827830","23477/2025-10-27/1759827830.json"
"581514","221282","2025-10-27","36.00","NZD","1759827830","23477/2025-10-27/1759827830.json"
"512557","146154","2025-10-27","45.00","NZD","1759827830","23477/2025-10-27/1759827830.json"
"365170","146153","2025-10-27","48.00","NZD","1759827830","23477/2025-10-27/1759827830.json"
"510807","146155","2025-10-27","52.00","NZD","1759827830","23477/2025-10-27/1759827830.json"
"581513","221281","2025-10-28","36.00","NZD","1759827830","23477/2025-10-28/1759827830.json"
"581514","221282","2025-10-28","36.00","NZD","1759827830","23477/2025-10-28/1759827830.json"
"512557","146154","2025-10-28","45.00","NZD","1759827830","23477/2025-10-28/1759827830.json"
"365170","146153","2025-10-28","48.00","NZD","1759827830","23477/2025-10-28/1759827830.json"
"510807","146155","2025-10-28","52.00","NZD","1759827830","23477/2025-10-28/1759827830.json"
"581513","221281","2025-10-29","36.00","NZD","1759827830","23477/2025-10-29/1759827830.json"
"581514","221282","2025-10-29","36.00","NZD","1759827830","23477/2025-10-29/1759827830.json"
"512557","146154","2025-10-29","45.00","NZD","1759827830","23477/2025-10-29/1759827830.json"
"365170","146153","2025-10-29","48.00","NZD","1759827830","23477/2025-10-29/1759827830.json"
"510807","146155","2025-10-29","52.00","NZD","1759827830","23477/2025-10-29/1759827830.json"
"581513","221281","2025-10-30","36.00","NZD","1759827830","23477/2025-10-30/1759827830.json"
"581514","221282","2025-10-30","36.00","NZD","1759827830","23477/2025-10-30/1759827830.json"
"512557","146154","2025-10-30","45.00","NZD","1759827830","23477/2025-10-30/1759827830.json"
"365170","146153","2025-10-30","48.00","NZD","1759827830","23477/2025-10-30/1759827830.json"
"510807","146155","2025-10-30","52.00","NZD","1759827830","23477/2025-10-30/1759827830.json"
"581513","221281","2025-10-31","36.00","NZD","1759827830","23477/2025-10-31/1759827830.json"
"581514","221282","2025-10-31","36.00","NZD","1759827830","23477/2025-10-31/1759827830.json"
"512557","146154","2025-10-31","45.00","NZD","1759827830","23477/2025-10-31/1759827830.json"
"365170","146153","2025-10-31","48.00","NZD","1759827830","23477/2025-10-31/1759827830.json"
"510807","146155","2025-10-31","52.00","NZD","1759827830","23477/2025-10-31/1759827830.json"
"581513","221281","2025-11-01","36.00","NZD","1759827830","23477/2025-11-01/1759827830.json"
"581514","221282","2025-11-01","36.00","NZD","1759827830","23477/2025-11-01/1759827830.json"
"512557","146154","2025-11-01","45.00","NZD","1759827830","23477/2025-11-01/1759827830.json"
"365170","146153","2025-11-01","48.00","NZD","1759827830","23477/2025-11-01/1759827830.json"
"510807","146155","2025-11-01","52.00","NZD","1759827830","23477/2025-11-01/1759827830.json"
"581513","221281","2025-11-02","36.00","NZD","1759827830","23477/2025-11-02/1759827830.json"
"581514","221282","2025-11-02","36.00","NZD","1759827830","23477/2025-11-02/1759827830.json"
"512557","146154","2025-11-02","45.00","NZD","1759827830","23477/2025-11-02/1759827830.json"
"365170","146153","2025-11-02","48.00","NZD","1759827830","23477/2025-11-02/1759827830.json"
"510807","146155","2025-11-02","52.00","NZD","1759827830","23477/2025-11-02/1759827830.json"
"581513","221281","2025-11-03","36.00","NZD","1759827830","23477/2025-11-03/1759827830.json"
"581514","221282","2025-11-03","36.00","NZD","1759827830","23477/2025-11-03/1759827830.json"
"512557","146154","2025-11-03","45.00","NZD","1759827830","23477/2025-11-03/1759827830.json"
"365170","146153","2025-11-03","48.00","NZD","1759827830","23477/2025-11-03/1759827830.json"
"510807","146155","2025-11-03","52.00","NZD","1759827830","23477/2025-11-03/1759827830.json"
"581513","221281","2025-11-04","36.00","NZD","1759827830","23477/2025-11-04/1759827830.json"
"581514","221282","2025-11-04","36.00","NZD","1759827830","23477/2025-11-04/1759827830.json"
"512557","146154","2025-11-04","45.00","NZD","1759827830","23477/2025-11-04/1759827830.json"
"365170","146153","2025-11-04","48.00","NZD","1759827830","23477/2025-11-04/1759827830.json"
"510807","146155","2025-11-04","52.00","NZD","1759827830","23477/2025-11-04/1759827830.json"
"581513","221281","2025-11-05","36.00","NZD","1759827830","23477/2025-11-05/1759827830.json"
"581514","221282","2025-11-05","36.00","NZD","1759827830","23477/2025-11-05/1759827830.json"
"512557","146154","2025-11-05","45.00","NZD","1759827830","23477/2025-11-05/1759827830.json"
"365170","146153","2025-11-05","48.00","NZD","1759827830","23477/2025-11-05/1759827830.json"
"510807","146155","2025-11-05","52.00","NZD","1759827830","23477/2025-11-05/1759827830.json"
"581513","221281","2025-11-06","36.00","NZD","1759827830","23477/2025-11-06/1759827830.json"
"581514","221282","2025-11-06","36.00","NZD","1759827830","23477/2025-11-06/1759827830.json"
"512557","146154","2025-11-06","45.00","NZD","1759827830","23477/2025-11-06/1759827830.json"
"365170","146153","2025-11-06","48.00","NZD","1759827830","23477/2025-11-06/1759827830.json"
"510807","146155","2025-11-06","52.00","NZD","1759827830","23477/2025-11-06/1759827830.json"
"581513","221281","2025-11-07","36.00","NZD","1759827830","23477/2025-11-07/1759827830.json"
"581514","221282","2025-11-07","36.00","NZD","1759827830","23477/2025-11-07/1759827830.json"
"512557","146154","2025-11-07","45.00","NZD","1759827830","23477/2025-11-07/1759827830.json"
"365170","146153","2025-11-07","48.00","NZD","1759827830","23477/2025-11-07/1759827830.json"
"510807","146155","2025-11-07","52.00","NZD","1759827830","23477/2025-11-07/1759827830.json"
"581513","221281","2025-11-08","36.00","NZD","1759827830","23477/2025-11-08/1759827830.json"
"581514","221282","2025-11-08","36.00","NZD","1759827830","23477/2025-11-08/1759827830.json"
"512557","146154","2025-11-08","45.00","NZD","1759827830","23477/2025-11-08/1759827830.json"
"365170","146153","2025-11-08","48.00","NZD","1759827830","23477/2025-11-08/1759827830.json"
"510807","146155","2025-11-08","52.00","NZD","1759827830","23477/2025-11-08/1759827830.json"
"581513","221281","2025-11-10","36.00","NZD","1759827830","23477/2025-11-10/1759827830.json"
"581514","221282","2025-11-10","36.00","NZD","1759827830","23477/2025-11-10/1759827830.json"
"512557","146154","2025-11-10","45.00","NZD","1759827830","23477/2025-11-10/1759827830.json"
"365170","146153","2025-11-10","48.00","NZD","1759827830","23477/2025-11-10/1759827830.json"
"510807","146155","2025-11-10","52.00","NZD","1759827830","23477/2025-11-10/1759827830.json"
"581513","221281","2025-11-09","36.00","NZD","1759827830","23477/2025-11-09/1759827830.json"
"581514","221282","2025-11-09","36.00","NZD","1759827830","23477/2025-11-09/1759827830.json"
"512557","146154","2025-11-09","45.00","NZD","1759827830","23477/2025-11-09/1759827830.json"
"365170","146153","2025-11-09","48.00","NZD","1759827830","23477/2025-11-09/1759827830.json"
"510807","146155","2025-11-09","52.00","NZD","1759827830","23477/2025-11-09/1759827830.json"
"581513","221281","2025-11-11","36.00","NZD","1759827830","23477/2025-11-11/1759827830.json"
"581514","221282","2025-11-11","36.00","NZD","1759827830","23477/2025-11-11/1759827830.json"
"512557","146154","2025-11-11","45.00","NZD","1759827830","23477/2025-11-11/1759827830.json"
"365170","146153","2025-11-11","48.00","NZD","1759827830","23477/2025-11-11/1759827830.json"
"510807","146155","2025-11-11","52.00","NZD","1759827830","23477/2025-11-11/1759827830.json"
"581513","221281","2025-11-12","36.00","NZD","1759827830","23477/2025-11-12/1759827830.json"
"581514","221282","2025-11-12","36.00","NZD","1759827830","23477/2025-11-12/1759827830.json"
"512557","146154","2025-11-12","45.00","NZD","1759827830","23477/2025-11-12/1759827830.json"
"365170","146153","2025-11-12","48.00","NZD","1759827830","23477/2025-11-12/1759827830.json"
"510807","146155","2025-11-12","52.00","NZD","1759827830","23477/2025-11-12/1759827830.json"
"581513","221281","2025-11-14","36.00","NZD","1759827830","23477/2025-11-14/1759827830.json"
"581514","221282","2025-11-14","36.00","NZD","1759827830","23477/2025-11-14/1759827830.json"
"512557","146154","2025-11-14","45.00","NZD","1759827830","23477/2025-11-14/1759827830.json"
"365170","146153","2025-11-14","48.00","NZD","1759827830","23477/2025-11-14/1759827830.json"
"510807","146155","2025-11-14","52.00","NZD","1759827830","23477/2025-11-14/1759827830.json"
"581513","221281","2025-11-13","36.00","NZD","1759827830","23477/2025-11-13/1759827830.json"
"581514","221282","2025-11-13","36.00","NZD","1759827830","23477/2025-11-13/1759827830.json"
"512557","146154","2025-11-13","45.00","NZD","1759827830","23477/2025-11-13/1759827830.json"
"365170","146153","2025-11-13","48.00","NZD","1759827830","23477/2025-11-13/1759827830.json"
"510807","146155","2025-11-13","52.00","NZD","1759827830","23477/2025-11-13/1759827830.json"
"581513","221281","2025-11-15","36.00","NZD","1759827830","23477/2025-11-15/1759827830.json"
"581514","221282","2025-11-15","36.00","NZD","1759827830","23477/2025-11-15/1759827830.json"
"512557","146154","2025-11-15","45.00","NZD","1759827830","23477/2025-11-15/1759827830.json"
"365170","146153","2025-11-15","48.00","NZD","1759827830","23477/2025-11-15/1759827830.json"
"510807","146155","2025-11-15","52.00","NZD","1759827830","23477/2025-11-15/1759827830.json"
"581513","221281","2025-11-16","36.00","NZD","1759827830","23477/2025-11-16/1759827830.json"
"581514","221282","2025-11-16","36.00","NZD","1759827830","23477/2025-11-16/1759827830.json"
"512557","146154","2025-11-16","45.00","NZD","1759827830","23477/2025-11-16/1759827830.json"
"365170","146153","2025-11-16","48.00","NZD","1759827830","23477/2025-11-16/1759827830.json"
"510807","146155","2025-11-16","52.00","NZD","1759827830","23477/2025-11-16/1759827830.json"
"581513","221281","2025-11-17","36.00","NZD","1759827830","23477/2025-11-17/1759827830.json"
"581514","221282","2025-11-17","36.00","NZD","1759827830","23477/2025-11-17/1759827830.json"
"512557","146154","2025-11-17","45.00","NZD","1759827830","23477/2025-11-17/1759827830.json"
"365170","146153","2025-11-17","48.00","NZD","1759827830","23477/2025-11-17/1759827830.json"
"510807","146155","2025-11-17","52.00","NZD","1759827830","23477/2025-11-17/1759827830.json"
"581513","221281","2025-11-18","36.00","NZD","1759827830","23477/2025-11-18/1759827830.json"
"581514","221282","2025-11-18","36.00","NZD","1759827830","23477/2025-11-18/1759827830.json"
"512557","146154","2025-11-18","45.00","NZD","1759827830","23477/2025-11-18/1759827830.json"
"365170","146153","2025-11-18","48.00","NZD","1759827830","23477/2025-11-18/1759827830.json"
"510807","146155","2025-11-18","52.00","NZD","1759827830","23477/2025-11-18/1759827830.json"
"581513","221281","2025-11-20","36.00","NZD","1759827830","23477/2025-11-20/1759827830.json"
"581513","221281","2025-11-19","36.00","NZD","1759827830","23477/2025-11-19/1759827830.json"
"581514","221282","2025-11-20","36.00","NZD","1759827830","23477/2025-11-20/1759827830.json"
"581514","221282","2025-11-19","36.00","NZD","1759827830","23477/2025-11-19/1759827830.json"
"512557","146154","2025-11-20","45.00","NZD","1759827830","23477/2025-11-20/1759827830.json"
"512557","146154","2025-11-19","45.00","NZD","1759827830","23477/2025-11-19/1759827830.json"
"365170","146153","2025-11-19","48.00","NZD","1759827830","23477/2025-11-19/1759827830.json"
"510807","146155","2025-11-19","52.00","NZD","1759827830","23477/2025-11-19/1759827830.json"
"581513","221281","2025-11-22","36.00","NZD","1759827830","23477/2025-11-22/1759827830.json"
"581514","221282","2025-11-22","36.00","NZD","1759827830","23477/2025-11-22/1759827830.json"
"512557","146154","2025-11-22","45.00","NZD","1759827830","23477/2025-11-22/1759827830.json"
"365170","146153","2025-11-22","48.00","NZD","1759827830","23477/2025-11-22/1759827830.json"
"510807","146155","2025-11-22","52.00","NZD","1759827830","23477/2025-11-22/1759827830.json"
"581513","221281","2025-11-21","36.00","NZD","1759827830","23477/2025-11-21/1759827830.json"
"581514","221282","2025-11-21","36.00","NZD","1759827830","23477/2025-11-21/1759827830.json"
"512557","146154","2025-11-21","45.00","NZD","1759827830","23477/2025-11-21/1759827830.json"
"365170","146153","2025-11-21","48.00","NZD","1759827830","23477/2025-11-21/1759827830.json"
"510807","146155","2025-11-21","52.00","NZD","1759827830","23477/2025-11-21/1759827830.json"
"581513","221281","2025-11-23","36.00","NZD","1759827830","23477/2025-11-23/1759827830.json"
"581514","221282","2025-11-23","36.00","NZD","1759827830","23477/2025-11-23/1759827830.json"
"512557","146154","2025-11-23","45.00","NZD","1759827830","23477/2025-11-23/1759827830.json"
"365170","146153","2025-11-23","48.00","NZD","1759827830","23477/2025-11-23/1759827830.json"
"510807","146155","2025-11-23","52.00","NZD","1759827830","23477/2025-11-23/1759827830.json"
"581513","221281","2025-11-24","36.00","NZD","1759827830","23477/2025-11-24/1759827830.json"
"581514","221282","2025-11-24","36.00","NZD","1759827830","23477/2025-11-24/1759827830.json"
"512557","146154","2025-11-24","45.00","NZD","1759827830","23477/2025-11-24/1759827830.json"
"365170","146153","2025-11-24","48.00","NZD","1759827830","23477/2025-11-24/1759827830.json"
"510807","146155","2025-11-24","52.00","NZD","1759827830","23477/2025-11-24/1759827830.json"
"581513","221281","2025-11-26","36.00","NZD","1759827830","23477/2025-11-26/1759827830.json"
"581514","221282","2025-11-26","36.00","NZD","1759827830","23477/2025-11-26/1759827830.json"
"512557","146154","2025-11-26","45.00","NZD","1759827830","23477/2025-11-26/1759827830.json"
"365170","146153","2025-11-26","48.00","NZD","1759827830","23477/2025-11-26/1759827830.json"
"510807","146155","2025-11-26","52.00","NZD","1759827830","23477/2025-11-26/1759827830.json"
"581513","221281","2025-11-25","36.00","NZD","1759827830","23477/2025-11-25/1759827830.json"
"581514","221282","2025-11-25","36.00","NZD","1759827830","23477/2025-11-25/1759827830.json"
"512557","146154","2025-11-25","45.00","NZD","1759827830","23477/2025-11-25/1759827830.json"
"365170","146153","2025-11-25","48.00","NZD","1759827830","23477/2025-11-25/1759827830.json"
"510807","146155","2025-11-25","52.00","NZD","1759827830","23477/2025-11-25/1759827830.json"
"581513","221281","2025-11-27","36.00","NZD","1759827830","23477/2025-11-27/1759827830.json"
"581514","221282","2025-11-27","36.00","NZD","1759827830","23477/2025-11-27/1759827830.json"
"512557","146154","2025-11-27","45.00","NZD","1759827830","23477/2025-11-27/1759827830.json"
"365170","146153","2025-11-27","48.00","NZD","1759827830","23477/2025-11-27/1759827830.json"
"510807","146155","2025-11-27","52.00","NZD","1759827830","23477/2025-11-27/1759827830.json"
"581513","221281","2025-11-30","36.00","NZD","1759827830","23477/2025-11-30/1759827830.json"
"581514","221282","2025-11-30","36.00","NZD","1759827830","23477/2025-11-30/1759827830.json"
"512557","146154","2025-11-30","45.00","NZD","1759827830","23477/2025-11-30/1759827830.json"
"365170","146153","2025-11-30","48.00","NZD","1759827830","23477/2025-11-30/1759827830.json"
"510807","146155","2025-11-30","52.00","NZD","1759827830","23477/2025-11-30/1759827830.json"
"581513","221281","2025-11-28","36.00","NZD","1759827830","23477/2025-11-28/1759827830.json"
"581514","221282","2025-11-28","36.00","NZD","1759827830","23477/2025-11-28/1759827830.json"
"512557","146154","2025-11-28","45.00","NZD","1759827830","23477/2025-11-28/1759827830.json"
"365170","146153","2025-11-28","48.00","NZD","1759827830","23477/2025-11-28/1759827830.json"
"510807","146155","2025-11-28","52.00","NZD","1759827830","23477/2025-11-28/1759827830.json"
"581513","221281","2025-11-29","36.00","NZD","1759827830","23477/2025-11-29/1759827830.json"
"581514","221282","2025-11-29","36.00","NZD","1759827830","23477/2025-11-29/1759827830.json"
"512557","146154","2025-11-29","45.00","NZD","1759827830","23477/2025-11-29/1759827830.json"
"365170","146153","2025-11-29","48.00","NZD","1759827830","23477/2025-11-29/1759827830.json"
"510807","146155","2025-11-29","52.00","NZD","1759827830","23477/2025-11-29/1759827830.json"
"581513","221281","2025-12-04","36.00","NZD","1759827830","23477/2025-12-04/1759827830.json"
"581514","221282","2025-12-04","36.00","NZD","1759827830","23477/2025-12-04/1759827830.json"
"512557","146154","2025-12-04","45.00","NZD","1759827830","23477/2025-12-04/1759827830.json"
"365170","146153","2025-12-04","48.00","NZD","1759827830","23477/2025-12-04/1759827830.json"
"510807","146155","2025-12-04","52.00","NZD","1759827830","23477/2025-12-04/1759827830.json"
"581513","221281","2025-12-03","36.00","NZD","1759827830","23477/2025-12-03/1759827830.json"
"581514","221282","2025-12-03","36.00","NZD","1759827830","23477/2025-12-03/1759827830.json"
"512557","146154","2025-12-03","45.00","NZD","1759827830","23477/2025-12-03/1759827830.json"
"365170","146153","2025-12-03","48.00","NZD","1759827830","23477/2025-12-03/1759827830.json"
"510807","146155","2025-12-03","52.00","NZD","1759827830","23477/2025-12-03/1759827830.json"
"581513","221281","2025-12-01","36.00","NZD","1759827830","23477/2025-12-01/1759827830.json"
"581514","221282","2025-12-01","36.00","NZD","1759827830","23477/2025-12-01/1759827830.json"
"512557","146154","2025-12-01","45.00","NZD","1759827830","23477/2025-12-01/1759827830.json"
"365170","146153","2025-12-01","48.00","NZD","1759827830","23477/2025-12-01/1759827830.json"
"510807","146155","2025-12-01","52.00","NZD","1759827830","23477/2025-12-01/1759827830.json"
"581513","221281","2025-12-02","36.00","NZD","1759827830","23477/2025-12-02/1759827830.json"
"581514","221282","2025-12-02","36.00","NZD","1759827830","23477/2025-12-02/1759827830.json"
"512557","146154","2025-12-02","45.00","NZD","1759827830","23477/2025-12-02/1759827830.json"
"365170","146153","2025-12-02","48.00","NZD","1759827830","23477/2025-12-02/1759827830.json"
"510807","146155","2025-12-02","52.00","NZD","1759827830","23477/2025-12-02/1759827830.json"
"581513","221281","2025-12-05","36.00","NZD","1759827830","23477/2025-12-05/1759827830.json"
"581514","221282","2025-12-05","36.00","NZD","1759827830","23477/2025-12-05/1759827830.json"
"512557","146154","2025-12-05","45.00","NZD","1759827830","23477/2025-12-05/1759827830.json"
"365170","146153","2025-12-05","48.00","NZD","1759827830","23477/2025-12-05/1759827830.json"
"510807","146155","2025-12-05","52.00","NZD","1759827830","23477/2025-12-05/1759827830.json"
"581513","221281","2025-12-06","36.00","NZD","1759827830","23477/2025-12-06/1759827830.json"
"581514","221282","2025-12-06","36.00","NZD","1759827830","23477/2025-12-06/1759827830.json"
"512557","146154","2025-12-06","45.00","NZD","1759827830","23477/2025-12-06/1759827830.json"
"365170","146153","2025-12-06","48.00","NZD","1759827830","23477/2025-12-06/1759827830.json"
"510807","146155","2025-12-06","52.00","NZD","1759827830","23477/2025-12-06/1759827830.json"
"581513","221281","2025-10-09","36.00","NZD","1759845232","23477/2025-10-09/1759845232.json"
"581514","221282","2025-10-09","36.00","NZD","1759845232","23477/2025-10-09/1759845232.json"
"512557","146154","2025-10-09","45.00","NZD","1759845232","23477/2025-10-09/1759845232.json"
"365170","146153","2025-10-09","48.00","NZD","1759845232","23477/2025-10-09/1759845232.json"
"510807","146155","2025-10-09","52.00","NZD","1759845232","23477/2025-10-09/1759845232.json"
"581513","221281","2025-10-10","36.00","NZD","1759845232","23477/2025-10-10/1759845232.json"
"581514","221282","2025-10-10","36.00","NZD","1759845232","23477/2025-10-10/1759845232.json"
"512557","146154","2025-10-10","45.00","NZD","1759845232","23477/2025-10-10/1759845232.json"
"365170","146153","2025-10-10","48.00","NZD","1759845232","23477/2025-10-10/1759845232.json"
"510807","146155","2025-10-10","52.00","NZD","1759845232","23477/2025-10-10/1759845232.json"
"581513","221281","2025-10-08","36.00","NZD","1759845232","23477/2025-10-08/1759845232.json"
"581514","221282","2025-10-08","36.00","NZD","1759845232","23477/2025-10-08/1759845232.json"
"512557","146154","2025-10-08","45.00","NZD","1759845232","23477/2025-10-08/1759845232.json"
"365170","146153","2025-10-08","48.00","NZD","1759845232","23477/2025-10-08/1759845232.json"
"510807","146155","2025-10-08","52.00","NZD","1759845232","23477/2025-10-08/1759845232.json"
"581513","221281","2025-10-11","36.00","NZD","1759845232","23477/2025-10-11/1759845232.json"
"581514","221282","2025-10-11","36.00","NZD","1759845232","23477/2025-10-11/1759845232.json"
"512557","146154","2025-10-11","45.00","NZD","1759845232","23477/2025-10-11/1759845232.json"
"365170","146153","2025-10-11","48.00","NZD","1759845232","23477/2025-10-11/1759845232.json"
"510807","146155","2025-10-11","52.00","NZD","1759845232","23477/2025-10-11/1759845232.json"
"581513","221281","2025-10-13","36.00","NZD","1759845232","23477/2025-10-13/1759845232.json"
"581514","221282","2025-10-13","36.00","NZD","1759845232","23477/2025-10-13/1759845232.json"
"512557","146154","2025-10-13","45.00","NZD","1759845232","23477/2025-10-13/1759845232.json"
"365170","146153","2025-10-13","48.00","NZD","1759845232","23477/2025-10-13/1759845232.json"
"510807","146155","2025-10-13","52.00","NZD","1759845232","23477/2025-10-13/1759845232.json"
"581513","221281","2025-10-12","36.00","NZD","1759845232","23477/2025-10-12/1759845232.json"
"581514","221282","2025-10-12","36.00","NZD","1759845232","23477/2025-10-12/1759845232.json"
"512557","146154","2025-10-12","45.00","NZD","1759845232","23477/2025-10-12/1759845232.json"
"365170","146153","2025-10-12","48.00","NZD","1759845232","23477/2025-10-12/1759845232.json"
"510807","146155","2025-10-12","52.00","NZD","1759845232","23477/2025-10-12/1759845232.json"
"581513","221281","2025-10-14","36.00","NZD","1759845232","23477/2025-10-14/1759845232.json"
"581514","221282","2025-10-14","36.00","NZD","1759845232","23477/2025-10-14/1759845232.json"
"512557","146154","2025-10-14","45.00","NZD","1759845232","23477/2025-10-14/1759845232.json"
"365170","146153","2025-10-14","48.00","NZD","1759845232","23477/2025-10-14/1759845232.json"
"510807","146155","2025-10-14","52.00","NZD","1759845232","23477/2025-10-14/1759845232.json"
"581513","221281","2025-10-15","36.00","NZD","1759845232","23477/2025-10-15/1759845232.json"
"581514","221282","2025-10-15","36.00","NZD","1759845232","23477/2025-10-15/1759845232.json"
"512557","146154","2025-10-15","45.00","NZD","1759845232","23477/2025-10-15/1759845232.json"
"365170","146153","2025-10-15","48.00","NZD","1759845232","23477/2025-10-15/1759845232.json"
"510807","146155","2025-10-15","52.00","NZD","1759845232","23477/2025-10-15/1759845232.json"
"581513","221281","2025-10-16","36.00","NZD","1759845232","23477/2025-10-16/1759845232.json"
"581514","221282","2025-10-16","36.00","NZD","1759845232","23477/2025-10-16/1759845232.json"
"512557","146154","2025-10-16","45.00","NZD","1759845232","23477/2025-10-16/1759845232.json"
"365170","146153","2025-10-16","48.00","NZD","1759845232","23477/2025-10-16/1759845232.json"
"510807","146155","2025-10-16","52.00","NZD","1759845232","23477/2025-10-16/1759845232.json"
"581513","221281","2025-10-17","36.00","NZD","1759845232","23477/2025-10-17/1759845232.json"
"581514","221282","2025-10-17","36.00","NZD","1759845232","23477/2025-10-17/1759845232.json"
"512557","146154","2025-10-17","45.00","NZD","1759845232","23477/2025-10-17/1759845232.json"
"365170","146153","2025-10-17","48.00","NZD","1759845232","23477/2025-10-17/1759845232.json"
"510807","146155","2025-10-17","52.00","NZD","1759845232","23477/2025-10-17/1759845232.json"
"581513","221281","2025-10-19","36.00","NZD","1759845232","23477/2025-10-19/1759845232.json"
"581514","221282","2025-10-19","36.00","NZD","1759845232","23477/2025-10-19/1759845232.json"
"512557","146154","2025-10-19","45.00","NZD","1759845232","23477/2025-10-19/1759845232.json"
"365170","146153","2025-10-19","48.00","NZD","1759845232","23477/2025-10-19/1759845232.json"
"510807","146155","2025-10-19","52.00","NZD","1759845232","23477/2025-10-19/1759845232.json"
"581513","221281","2025-10-18","36.00","NZD","1759845232","23477/2025-10-18/1759845232.json"
"581514","221282","2025-10-18","36.00","NZD","1759845232","23477/2025-10-18/1759845232.json"
"512557","146154","2025-10-18","45.00","NZD","1759845232","23477/2025-10-18/1759845232.json"
"365170","146153","2025-10-18","48.00","NZD","1759845232","23477/2025-10-18/1759845232.json"
"510807","146155","2025-10-18","52.00","NZD","1759845232","23477/2025-10-18/1759845232.json"
"581513","221281","2025-10-20","36.00","NZD","1759845232","23477/2025-10-20/1759845232.json"
"581514","221282","2025-10-20","36.00","NZD","1759845232","23477/2025-10-20/1759845232.json"
"512557","146154","2025-10-20","45.00","NZD","1759845232","23477/2025-10-20/1759845232.json"
"365170","146153","2025-10-20","48.00","NZD","1759845232","23477/2025-10-20/1759845232.json"
"510807","146155","2025-10-20","52.00","NZD","1759845232","23477/2025-10-20/1759845232.json"
"581513","221281","2025-10-21","36.00","NZD","1759845232","23477/2025-10-21/1759845232.json"
"581514","221282","2025-10-21","36.00","NZD","1759845232","23477/2025-10-21/1759845232.json"
"512557","146154","2025-10-21","45.00","NZD","1759845232","23477/2025-10-21/1759845232.json"
"365170","146153","2025-10-21","48.00","NZD","1759845232","23477/2025-10-21/1759845232.json"
"510807","146155","2025-10-21","52.00","NZD","1759845232","23477/2025-10-21/1759845232.json"
"581513","221281","2025-10-22","36.00","NZD","1759845232","23477/2025-10-22/1759845232.json"
"581514","221282","2025-10-22","36.00","NZD","1759845232","23477/2025-10-22/1759845232.json"
"512557","146154","2025-10-22","45.00","NZD","1759845232","23477/2025-10-22/1759845232.json"
"365170","146153","2025-10-22","48.00","NZD","1759845232","23477/2025-10-22/1759845232.json"
"510807","146155","2025-10-22","52.00","NZD","1759845232","23477/2025-10-22/1759845232.json"
"581513","221281","2025-10-23","36.00","NZD","1759845232","23477/2025-10-23/1759845232.json"
"581514","221282","2025-10-23","36.00","NZD","1759845232","23477/2025-10-23/1759845232.json"
"512557","146154","2025-10-23","45.00","NZD","1759845232","23477/2025-10-23/1759845232.json"
"365170","146153","2025-10-23","48.00","NZD","1759845232","23477/2025-10-23/1759845232.json"
"510807","146155","2025-10-23","52.00","NZD","1759845232","23477/2025-10-23/1759845232.json"
"581513","221281","2025-10-24","36.00","NZD","1759845232","23477/2025-10-24/1759845232.json"
"581514","221282","2025-10-24","36.00","NZD","1759845232","23477/2025-10-24/1759845232.json"
"512557","146154","2025-10-24","45.00","NZD","1759845232","23477/2025-10-24/1759845232.json"
"365170","146153","2025-10-24","48.00","NZD","1759845232","23477/2025-10-24/1759845232.json"
"510807","146155","2025-10-24","52.00","NZD","1759845232","23477/2025-10-24/1759845232.json"
"581513","221281","2025-10-25","36.00","NZD","1759845232","23477/2025-10-25/1759845232.json"
"581514","221282","2025-10-25","36.00","NZD","1759845232","23477/2025-10-25/1759845232.json"
"512557","146154","2025-10-25","45.00","NZD","1759845232","23477/2025-10-25/1759845232.json"
"365170","146153","2025-10-25","48.00","NZD","1759845232","23477/2025-10-25/1759845232.json"
"510807","146155","2025-10-25","52.00","NZD","1759845232","23477/2025-10-25/1759845232.json"
"581513","221281","2025-10-26","36.00","NZD","1759845232","23477/2025-10-26/1759845232.json"
"581514","221282","2025-10-26","36.00","NZD","1759845232","23477/2025-10-26/1759845232.json"
"512557","146154","2025-10-26","45.00","NZD","1759845232","23477/2025-10-26/1759845232.json"
"365170","146153","2025-10-26","48.00","NZD","1759845232","23477/2025-10-26/1759845232.json"
"510807","146155","2025-10-26","52.00","NZD","1759845232","23477/2025-10-26/1759845232.json"
"581513","221281","2025-10-28","36.00","NZD","1759845232","23477/2025-10-28/1759845232.json"
"581514","221282","2025-10-28","36.00","NZD","1759845232","23477/2025-10-28/1759845232.json"
"512557","146154","2025-10-28","45.00","NZD","1759845232","23477/2025-10-28/1759845232.json"
"365170","146153","2025-10-28","48.00","NZD","1759845232","23477/2025-10-28/1759845232.json"
"510807","146155","2025-10-28","52.00","NZD","1759845232","23477/2025-10-28/1759845232.json"
"581513","221281","2025-10-27","36.00","NZD","1759845232","23477/2025-10-27/1759845232.json"
"581514","221282","2025-10-27","36.00","NZD","1759845232","23477/2025-10-27/1759845232.json"
"512557","146154","2025-10-27","45.00","NZD","1759845232","23477/2025-10-27/1759845232.json"
"365170","146153","2025-10-27","48.00","NZD","1759845232","23477/2025-10-27/1759845232.json"
"510807","146155","2025-10-27","52.00","NZD","1759845232","23477/2025-10-27/1759845232.json"
"581513","221281","2025-10-29","36.00","NZD","1759845232","23477/2025-10-29/1759845232.json"
"581514","221282","2025-10-29","36.00","NZD","1759845232","23477/2025-10-29/1759845232.json"
"512557","146154","2025-10-29","45.00","NZD","1759845232","23477/2025-10-29/1759845232.json"
"365170","146153","2025-10-29","48.00","NZD","1759845232","23477/2025-10-29/1759845232.json"
"510807","146155","2025-10-29","52.00","NZD","1759845232","23477/2025-10-29/1759845232.json"
"581513","221281","2025-10-30","36.00","NZD","1759845232","23477/2025-10-30/1759845232.json"
"581514","221282","2025-10-30","36.00","NZD","1759845232","23477/2025-10-30/1759845232.json"
"512557","146154","2025-10-30","45.00","NZD","1759845232","23477/2025-10-30/1759845232.json"
"365170","146153","2025-10-30","48.00","NZD","1759845232","23477/2025-10-30/1759845232.json"
"510807","146155","2025-10-30","52.00","NZD","1759845232","23477/2025-10-30/1759845232.json"
"581513","221281","2025-11-01","36.00","NZD","1759845232","23477/2025-11-01/1759845232.json"
"581514","221282","2025-11-01","36.00","NZD","1759845232","23477/2025-11-01/1759845232.json"
"512557","146154","2025-11-01","45.00","NZD","1759845232","23477/2025-11-01/1759845232.json"
"365170","146153","2025-11-01","48.00","NZD","1759845232","23477/2025-11-01/1759845232.json"
"510807","146155","2025-11-01","52.00","NZD","1759845232","23477/2025-11-01/1759845232.json"
"581513","221281","2025-10-31","36.00","NZD","1759845232","23477/2025-10-31/1759845232.json"
"581514","221282","2025-10-31","36.00","NZD","1759845232","23477/2025-10-31/1759845232.json"
"512557","146154","2025-10-31","45.00","NZD","1759845232","23477/2025-10-31/1759845232.json"
"365170","146153","2025-10-31","48.00","NZD","1759845232","23477/2025-10-31/1759845232.json"
"510807","146155","2025-10-31","52.00","NZD","1759845232","23477/2025-10-31/1759845232.json"
"581513","221281","2025-11-02","36.00","NZD","1759845232","23477/2025-11-02/1759845232.json"
"581514","221282","2025-11-02","36.00","NZD","1759845232","23477/2025-11-02/1759845232.json"
"512557","146154","2025-11-02","45.00","NZD","1759845232","23477/2025-11-02/1759845232.json"
"365170","146153","2025-11-02","48.00","NZD","1759845232","23477/2025-11-02/1759845232.json"
"510807","146155","2025-11-02","52.00","NZD","1759845232","23477/2025-11-02/1759845232.json"
"581513","221281","2025-11-03","36.00","NZD","1759845232","23477/2025-11-03/1759845232.json"
"581514","221282","2025-11-03","36.00","NZD","1759845232","23477/2025-11-03/1759845232.json"
"512557","146154","2025-11-03","45.00","NZD","1759845232","23477/2025-11-03/1759845232.json"
"365170","146153","2025-11-03","48.00","NZD","1759845232","23477/2025-11-03/1759845232.json"
"510807","146155","2025-11-03","52.00","NZD","1759845232","23477/2025-11-03/1759845232.json"
"581513","221281","2025-11-05","36.00","NZD","1759845232","23477/2025-11-05/1759845232.json"
"581514","221282","2025-11-05","36.00","NZD","1759845232","23477/2025-11-05/1759845232.json"
"512557","146154","2025-11-05","45.00","NZD","1759845232","23477/2025-11-05/1759845232.json"
"365170","146153","2025-11-05","48.00","NZD","1759845232","23477/2025-11-05/1759845232.json"
"510807","146155","2025-11-05","52.00","NZD","1759845232","23477/2025-11-05/1759845232.json"
"581513","221281","2025-11-04","36.00","NZD","1759845232","23477/2025-11-04/1759845232.json"
"581514","221282","2025-11-04","36.00","NZD","1759845232","23477/2025-11-04/1759845232.json"
"512557","146154","2025-11-04","45.00","NZD","1759845232","23477/2025-11-04/1759845232.json"
"365170","146153","2025-11-04","48.00","NZD","1759845232","23477/2025-11-04/1759845232.json"
"510807","146155","2025-11-04","52.00","NZD","1759845232","23477/2025-11-04/1759845232.json"
"581513","221281","2025-11-06","36.00","NZD","1759845232","23477/2025-11-06/1759845232.json"
"581514","221282","2025-11-06","36.00","NZD","1759845232","23477/2025-11-06/1759845232.json"
"512557","146154","2025-11-06","45.00","NZD","1759845232","23477/2025-11-06/1759845232.json"
"365170","146153","2025-11-06","48.00","NZD","1759845232","23477/2025-11-06/1759845232.json"
"510807","146155","2025-11-06","52.00","NZD","1759845232","23477/2025-11-06/1759845232.json"
"581513","221281","2025-11-08","36.00","NZD","1759845232","23477/2025-11-08/1759845232.json"
"581514","221282","2025-11-08","36.00","NZD","1759845232","23477/2025-11-08/1759845232.json"
"512557","146154","2025-11-08","45.00","NZD","1759845232","23477/2025-11-08/1759845232.json"
"365170","146153","2025-11-08","48.00","NZD","1759845232","23477/2025-11-08/1759845232.json"
"510807","146155","2025-11-08","52.00","NZD","1759845232","23477/2025-11-08/1759845232.json"
"581513","221281","2025-11-10","36.00","NZD","1759845232","23477/2025-11-10/1759845232.json"
"581514","221282","2025-11-10","36.00","NZD","1759845232","23477/2025-11-10/1759845232.json"
"512557","146154","2025-11-10","45.00","NZD","1759845232","23477/2025-11-10/1759845232.json"
"365170","146153","2025-11-10","48.00","NZD","1759845232","23477/2025-11-10/1759845232.json"
"510807","146155","2025-11-10","52.00","NZD","1759845232","23477/2025-11-10/1759845232.json"
"581513","221281","2025-11-07","36.00","NZD","1759845232","23477/2025-11-07/1759845232.json"
"581514","221282","2025-11-07","36.00","NZD","1759845232","23477/2025-11-07/1759845232.json"
"512557","146154","2025-11-07","45.00","NZD","1759845232","23477/2025-11-07/1759845232.json"
"365170","146153","2025-11-07","48.00","NZD","1759845232","23477/2025-11-07/1759845232.json"
"510807","146155","2025-11-07","52.00","NZD","1759845232","23477/2025-11-07/1759845232.json"
"581513","221281","2025-11-09","36.00","NZD","1759845232","23477/2025-11-09/1759845232.json"
"581514","221282","2025-11-09","36.00","NZD","1759845232","23477/2025-11-09/1759845232.json"
"512557","146154","2025-11-09","45.00","NZD","1759845232","23477/2025-11-09/1759845232.json"
"365170","146153","2025-11-09","48.00","NZD","1759845232","23477/2025-11-09/1759845232.json"
"510807","146155","2025-11-09","52.00","NZD","1759845232","23477/2025-11-09/1759845232.json"
"581513","221281","2025-11-11","36.00","NZD","1759845232","23477/2025-11-11/1759845232.json"
"581514","221282","2025-11-11","36.00","NZD","1759845232","23477/2025-11-11/1759845232.json"
"512557","146154","2025-11-11","45.00","NZD","1759845232","23477/2025-11-11/1759845232.json"
"365170","146153","2025-11-11","48.00","NZD","1759845232","23477/2025-11-11/1759845232.json"
"510807","146155","2025-11-11","52.00","NZD","1759845232","23477/2025-11-11/1759845232.json"
"581513","221281","2025-11-12","36.00","NZD","1759845232","23477/2025-11-12/1759845232.json"
"581514","221282","2025-11-12","36.00","NZD","1759845232","23477/2025-11-12/1759845232.json"
"512557","146154","2025-11-12","45.00","NZD","1759845232","23477/2025-11-12/1759845232.json"
"365170","146153","2025-11-12","48.00","NZD","1759845232","23477/2025-11-12/1759845232.json"
"510807","146155","2025-11-12","52.00","NZD","1759845232","23477/2025-11-12/1759845232.json"
"581513","221281","2025-11-13","36.00","NZD","1759845232","23477/2025-11-13/1759845232.json"
"581514","221282","2025-11-13","36.00","NZD","1759845232","23477/2025-11-13/1759845232.json"
"512557","146154","2025-11-13","45.00","NZD","1759845232","23477/2025-11-13/1759845232.json"
"365170","146153","2025-11-13","48.00","NZD","1759845232","23477/2025-11-13/1759845232.json"
"510807","146155","2025-11-13","52.00","NZD","1759845232","23477/2025-11-13/1759845232.json"
"581513","221281","2025-11-17","36.00","NZD","1759845232","23477/2025-11-17/1759845232.json"
"581514","221282","2025-11-17","36.00","NZD","1759845232","23477/2025-11-17/1759845232.json"
"512557","146154","2025-11-17","45.00","NZD","1759845232","23477/2025-11-17/1759845232.json"
"365170","146153","2025-11-17","48.00","NZD","1759845232","23477/2025-11-17/1759845232.json"
"510807","146155","2025-11-17","52.00","NZD","1759845232","23477/2025-11-17/1759845232.json"
"581513","221281","2025-11-15","36.00","NZD","1759845232","23477/2025-11-15/1759845232.json"
"581514","221282","2025-11-15","36.00","NZD","1759845232","23477/2025-11-15/1759845232.json"
"512557","146154","2025-11-15","45.00","NZD","1759845232","23477/2025-11-15/1759845232.json"
"365170","146153","2025-11-15","48.00","NZD","1759845232","23477/2025-11-15/1759845232.json"
"510807","146155","2025-11-15","52.00","NZD","1759845232","23477/2025-11-15/1759845232.json"
"581513","221281","2025-11-14","36.00","NZD","1759845232","23477/2025-11-14/1759845232.json"
"581514","221282","2025-11-14","36.00","NZD","1759845232","23477/2025-11-14/1759845232.json"
"512557","146154","2025-11-14","45.00","NZD","1759845232","23477/2025-11-14/1759845232.json"
"365170","146153","2025-11-14","48.00","NZD","1759845232","23477/2025-11-14/1759845232.json"
"510807","146155","2025-11-14","52.00","NZD","1759845232","23477/2025-11-14/1759845232.json"
"581513","221281","2025-11-16","36.00","NZD","1759845232","23477/2025-11-16/1759845232.json"
"581514","221282","2025-11-16","36.00","NZD","1759845232","23477/2025-11-16/1759845232.json"
"512557","146154","2025-11-16","45.00","NZD","1759845232","23477/2025-11-16/1759845232.json"
"365170","146153","2025-11-16","48.00","NZD","1759845232","23477/2025-11-16/1759845232.json"
"510807","146155","2025-11-16","52.00","NZD","1759845232","23477/2025-11-16/1759845232.json"
"581513","221281","2025-11-18","36.00","NZD","1759845232","23477/2025-11-18/1759845232.json"
"581514","221282","2025-11-18","36.00","NZD","1759845232","23477/2025-11-18/1759845232.json"
"512557","146154","2025-11-18","45.00","NZD","1759845232","23477/2025-11-18/1759845232.json"
"365170","146153","2025-11-18","48.00","NZD","1759845232","23477/2025-11-18/1759845232.json"
"510807","146155","2025-11-18","52.00","NZD","1759845232","23477/2025-11-18/1759845232.json"
"581513","221281","2025-11-19","36.00","NZD","1759845232","23477/2025-11-19/1759845232.json"
"581514","221282","2025-11-19","36.00","NZD","1759845232","23477/2025-11-19/1759845232.json"
"512557","146154","2025-11-19","45.00","NZD","1759845232","23477/2025-11-19/1759845232.json"
"365170","146153","2025-11-19","48.00","NZD","1759845232","23477/2025-11-19/1759845232.json"
"510807","146155","2025-11-19","52.00","NZD","1759845232","23477/2025-11-19/1759845232.json"
"581513","221281","2025-11-20","36.00","NZD","1759845232","23477/2025-11-20/1759845232.json"
"581514","221282","2025-11-20","36.00","NZD","1759845232","23477/2025-11-20/1759845232.json"
"512557","146154","2025-11-20","45.00","NZD","1759845232","23477/2025-11-20/1759845232.json"
"581513","221281","2025-11-22","36.00","NZD","1759845232","23477/2025-11-22/1759845232.json"
"581514","221282","2025-11-22","36.00","NZD","1759845232","23477/2025-11-22/1759845232.json"
"512557","146154","2025-11-22","45.00","NZD","1759845232","23477/2025-11-22/1759845232.json"
"365170","146153","2025-11-22","48.00","NZD","1759845232","23477/2025-11-22/1759845232.json"
"510807","146155","2025-11-22","52.00","NZD","1759845232","23477/2025-11-22/1759845232.json"
"581513","221281","2025-11-23","36.00","NZD","1759845232","23477/2025-11-23/1759845232.json"
"581513","221281","2025-11-21","36.00","NZD","1759845232","23477/2025-11-21/1759845232.json"
"581514","221282","2025-11-23","36.00","NZD","1759845232","23477/2025-11-23/1759845232.json"
"581514","221282","2025-11-21","36.00","NZD","1759845232","23477/2025-11-21/1759845232.json"
"512557","146154","2025-11-21","45.00","NZD","1759845232","23477/2025-11-21/1759845232.json"
"365170","146153","2025-11-21","48.00","NZD","1759845232","23477/2025-11-21/1759845232.json"
"512557","146154","2025-11-23","45.00","NZD","1759845232","23477/2025-11-23/1759845232.json"
"510807","146155","2025-11-21","52.00","NZD","1759845232","23477/2025-11-21/1759845232.json"
"365170","146153","2025-11-23","48.00","NZD","1759845232","23477/2025-11-23/1759845232.json"
"510807","146155","2025-11-23","52.00","NZD","1759845232","23477/2025-11-23/1759845232.json"
"581513","221281","2025-11-24","36.00","NZD","1759845232","23477/2025-11-24/1759845232.json"
"581514","221282","2025-11-24","36.00","NZD","1759845232","23477/2025-11-24/1759845232.json"
"512557","146154","2025-11-24","45.00","NZD","1759845232","23477/2025-11-24/1759845232.json"
"365170","146153","2025-11-24","48.00","NZD","1759845232","23477/2025-11-24/1759845232.json"
"510807","146155","2025-11-24","52.00","NZD","1759845232","23477/2025-11-24/1759845232.json"
"581513","221281","2025-11-25","36.00","NZD","1759845232","23477/2025-11-25/1759845232.json"
"581514","221282","2025-11-25","36.00","NZD","1759845232","23477/2025-11-25/1759845232.json"
"512557","146154","2025-11-25","45.00","NZD","1759845232","23477/2025-11-25/1759845232.json"
"365170","146153","2025-11-25","48.00","NZD","1759845232","23477/2025-11-25/1759845232.json"
"510807","146155","2025-11-25","52.00","NZD","1759845232","23477/2025-11-25/1759845232.json"
"581513","221281","2025-11-26","36.00","NZD","1759845232","23477/2025-11-26/1759845232.json"
"581514","221282","2025-11-26","36.00","NZD","1759845232","23477/2025-11-26/1759845232.json"
"512557","146154","2025-11-26","45.00","NZD","1759845232","23477/2025-11-26/1759845232.json"
"365170","146153","2025-11-26","48.00","NZD","1759845232","23477/2025-11-26/1759845232.json"
"510807","146155","2025-11-26","52.00","NZD","1759845232","23477/2025-11-26/1759845232.json"
"581513","221281","2025-11-28","36.00","NZD","1759845232","23477/2025-11-28/1759845232.json"
"581514","221282","2025-11-28","36.00","NZD","1759845232","23477/2025-11-28/1759845232.json"
"512557","146154","2025-11-28","45.00","NZD","1759845232","23477/2025-11-28/1759845232.json"
"365170","146153","2025-11-28","48.00","NZD","1759845232","23477/2025-11-28/1759845232.json"
"510807","146155","2025-11-28","52.00","NZD","1759845232","23477/2025-11-28/1759845232.json"
"581513","221281","2025-11-29","36.00","NZD","1759845232","23477/2025-11-29/1759845232.json"
"581514","221282","2025-11-29","36.00","NZD","1759845232","23477/2025-11-29/1759845232.json"
"512557","146154","2025-11-29","45.00","NZD","1759845232","23477/2025-11-29/1759845232.json"
"365170","146153","2025-11-29","48.00","NZD","1759845232","23477/2025-11-29/1759845232.json"
"510807","146155","2025-11-29","52.00","NZD","1759845232","23477/2025-11-29/1759845232.json"
"581513","221281","2025-11-30","36.00","NZD","1759845232","23477/2025-11-30/1759845232.json"
"581514","221282","2025-11-30","36.00","NZD","1759845232","23477/2025-11-30/1759845232.json"
"512557","146154","2025-11-30","45.00","NZD","1759845232","23477/2025-11-30/1759845232.json"
"365170","146153","2025-11-30","48.00","NZD","1759845232","23477/2025-11-30/1759845232.json"
"510807","146155","2025-11-30","52.00","NZD","1759845232","23477/2025-11-30/1759845232.json"
"581513","221281","2025-11-27","36.00","NZD","1759845232","23477/2025-11-27/1759845232.json"
"581514","221282","2025-11-27","36.00","NZD","1759845232","23477/2025-11-27/1759845232.json"
"512557","146154","2025-11-27","45.00","NZD","1759845232","23477/2025-11-27/1759845232.json"
"365170","146153","2025-11-27","48.00","NZD","1759845232","23477/2025-11-27/1759845232.json"
"510807","146155","2025-11-27","52.00","NZD","1759845232","23477/2025-11-27/1759845232.json"
"581513","221281","2025-12-01","36.00","NZD","1759845232","23477/2025-12-01/1759845232.json"
"581514","221282","2025-12-01","36.00","NZD","1759845232","23477/2025-12-01/1759845232.json"
"512557","146154","2025-12-01","45.00","NZD","1759845232","23477/2025-12-01/1759845232.json"
"365170","146153","2025-12-01","48.00","NZD","1759845232","23477/2025-12-01/1759845232.json"
"510807","146155","2025-12-01","52.00","NZD","1759845232","23477/2025-12-01/1759845232.json"
"581513","221281","2025-12-02","36.00","NZD","1759845232","23477/2025-12-02/1759845232.json"
"581514","221282","2025-12-02","36.00","NZD","1759845232","23477/2025-12-02/1759845232.json"
"512557","146154","2025-12-02","45.00","NZD","1759845232","23477/2025-12-02/1759845232.json"
"365170","146153","2025-12-02","48.00","NZD","1759845232","23477/2025-12-02/1759845232.json"
"510807","146155","2025-12-02","52.00","NZD","1759845232","23477/2025-12-02/1759845232.json"
"581513","221281","2025-12-04","36.00","NZD","1759845232","23477/2025-12-04/1759845232.json"
"581514","221282","2025-12-04","36.00","NZD","1759845232","23477/2025-12-04/1759845232.json"
"512557","146154","2025-12-04","45.00","NZD","1759845232","23477/2025-12-04/1759845232.json"
"365170","146153","2025-12-04","48.00","NZD","1759845232","23477/2025-12-04/1759845232.json"
"510807","146155","2025-12-04","52.00","NZD","1759845232","23477/2025-12-04/1759845232.json"
"581513","221281","2025-12-03","36.00","NZD","1759845232","23477/2025-12-03/1759845232.json"
"581514","221282","2025-12-03","36.00","NZD","1759845232","23477/2025-12-03/1759845232.json"
"512557","146154","2025-12-03","45.00","NZD","1759845232","23477/2025-12-03/1759845232.json"
"365170","146153","2025-12-03","48.00","NZD","1759845232","23477/2025-12-03/1759845232.json"
"510807","146155","2025-12-03","52.00","NZD","1759845232","23477/2025-12-03/1759845232.json"
"581513","221281","2025-12-05","36.00","NZD","1759845232","23477/2025-12-05/1759845232.json"
"581514","221282","2025-12-05","36.00","NZD","1759845232","23477/2025-12-05/1759845232.json"
"512557","146154","2025-12-05","45.00","NZD","1759845232","23477/2025-12-05/1759845232.json"
"365170","146153","2025-12-05","48.00","NZD","1759845232","23477/2025-12-05/1759845232.json"
"510807","146155","2025-12-05","52.00","NZD","1759845232","23477/2025-12-05/1759845232.json"
"581513","221281","2025-12-06","36.00","NZD","1759845232","23477/2025-12-06/1759845232.json"
"581514","221282","2025-12-06","36.00","NZD","1759845232","23477/2025-12-06/1759845232.json"
"512557","146154","2025-12-06","45.00","NZD","1759845232","23477/2025-12-06/1759845232.json"
"365170","146153","2025-12-06","48.00","NZD","1759845232","23477/2025-12-06/1759845232.json"
"510807","146155","2025-12-06","52.00","NZD","1759845232","23477/2025-12-06/1759845232.json"
"581513","221281","2025-10-09","36.00","NZD","1759856574","23477/2025-10-09/1759856574.json"
"581514","221282","2025-10-09","36.00","NZD","1759856574","23477/2025-10-09/1759856574.json"
"512557","146154","2025-10-09","45.00","NZD","1759856574","23477/2025-10-09/1759856574.json"
"365170","146153","2025-10-09","48.00","NZD","1759856574","23477/2025-10-09/1759856574.json"
"510807","146155","2025-10-09","52.00","NZD","1759856574","23477/2025-10-09/1759856574.json"
"581513","221281","2025-10-08","36.00","NZD","1759856574","23477/2025-10-08/1759856574.json"
"581513","221281","2025-10-10","36.00","NZD","1759856574","23477/2025-10-10/1759856574.json"
"581514","221282","2025-10-08","36.00","NZD","1759856574","23477/2025-10-08/1759856574.json"
"581514","221282","2025-10-10","36.00","NZD","1759856574","23477/2025-10-10/1759856574.json"
"512557","146154","2025-10-08","45.00","NZD","1759856574","23477/2025-10-08/1759856574.json"
"512557","146154","2025-10-10","45.00","NZD","1759856574","23477/2025-10-10/1759856574.json"
"365170","146153","2025-10-10","48.00","NZD","1759856574","23477/2025-10-10/1759856574.json"
"365170","146153","2025-10-08","48.00","NZD","1759856574","23477/2025-10-08/1759856574.json"
"510807","146155","2025-10-10","52.00","NZD","1759856574","23477/2025-10-10/1759856574.json"
"510807","146155","2025-10-08","52.00","NZD","1759856574","23477/2025-10-08/1759856574.json"
"581513","221281","2025-10-11","36.00","NZD","1759856574","23477/2025-10-11/1759856574.json"
"581514","221282","2025-10-11","36.00","NZD","1759856574","23477/2025-10-11/1759856574.json"
"512557","146154","2025-10-11","45.00","NZD","1759856574","23477/2025-10-11/1759856574.json"
"365170","146153","2025-10-11","48.00","NZD","1759856574","23477/2025-10-11/1759856574.json"
"510807","146155","2025-10-11","52.00","NZD","1759856574","23477/2025-10-11/1759856574.json"
"581513","221281","2025-10-12","36.00","NZD","1759856574","23477/2025-10-12/1759856574.json"
"581514","221282","2025-10-12","36.00","NZD","1759856574","23477/2025-10-12/1759856574.json"
"512557","146154","2025-10-12","45.00","NZD","1759856574","23477/2025-10-12/1759856574.json"
"365170","146153","2025-10-12","48.00","NZD","1759856574","23477/2025-10-12/1759856574.json"
"510807","146155","2025-10-12","52.00","NZD","1759856574","23477/2025-10-12/1759856574.json"
"581513","221281","2025-10-14","36.00","NZD","1759856574","23477/2025-10-14/1759856574.json"
"581514","221282","2025-10-14","36.00","NZD","1759856574","23477/2025-10-14/1759856574.json"
"512557","146154","2025-10-14","45.00","NZD","1759856574","23477/2025-10-14/1759856574.json"
"365170","146153","2025-10-14","48.00","NZD","1759856574","23477/2025-10-14/1759856574.json"
"510807","146155","2025-10-14","52.00","NZD","1759856574","23477/2025-10-14/1759856574.json"
"581513","221281","2025-10-15","36.00","NZD","1759856574","23477/2025-10-15/1759856574.json"
"581514","221282","2025-10-15","36.00","NZD","1759856574","23477/2025-10-15/1759856574.json"
"512557","146154","2025-10-15","45.00","NZD","1759856574","23477/2025-10-15/1759856574.json"
"365170","146153","2025-10-15","48.00","NZD","1759856574","23477/2025-10-15/1759856574.json"
"510807","146155","2025-10-15","52.00","NZD","1759856574","23477/2025-10-15/1759856574.json"
"581513","221281","2025-10-13","36.00","NZD","1759856574","23477/2025-10-13/1759856574.json"
"581514","221282","2025-10-13","36.00","NZD","1759856574","23477/2025-10-13/1759856574.json"
"512557","146154","2025-10-13","45.00","NZD","1759856574","23477/2025-10-13/1759856574.json"
"365170","146153","2025-10-13","48.00","NZD","1759856574","23477/2025-10-13/1759856574.json"
"510807","146155","2025-10-13","52.00","NZD","1759856574","23477/2025-10-13/1759856574.json"
"581513","221281","2025-10-17","36.00","NZD","1759856574","23477/2025-10-17/1759856574.json"
"581514","221282","2025-10-17","36.00","NZD","1759856574","23477/2025-10-17/1759856574.json"
"512557","146154","2025-10-17","45.00","NZD","1759856574","23477/2025-10-17/1759856574.json"
"365170","146153","2025-10-17","48.00","NZD","1759856574","23477/2025-10-17/1759856574.json"
"510807","146155","2025-10-17","52.00","NZD","1759856574","23477/2025-10-17/1759856574.json"
"581513","221281","2025-10-16","36.00","NZD","1759856574","23477/2025-10-16/1759856574.json"
"581514","221282","2025-10-16","36.00","NZD","1759856574","23477/2025-10-16/1759856574.json"
"512557","146154","2025-10-16","45.00","NZD","1759856574","23477/2025-10-16/1759856574.json"
"365170","146153","2025-10-16","48.00","NZD","1759856574","23477/2025-10-16/1759856574.json"
"510807","146155","2025-10-16","52.00","NZD","1759856574","23477/2025-10-16/1759856574.json"
"581513","221281","2025-10-18","36.00","NZD","1759856574","23477/2025-10-18/1759856574.json"
"581514","221282","2025-10-18","36.00","NZD","1759856574","23477/2025-10-18/1759856574.json"
"512557","146154","2025-10-18","45.00","NZD","1759856574","23477/2025-10-18/1759856574.json"
"365170","146153","2025-10-18","48.00","NZD","1759856574","23477/2025-10-18/1759856574.json"
"510807","146155","2025-10-18","52.00","NZD","1759856574","23477/2025-10-18/1759856574.json"
"581513","221281","2025-10-19","36.00","NZD","1759856574","23477/2025-10-19/1759856574.json"
"581514","221282","2025-10-19","36.00","NZD","1759856574","23477/2025-10-19/1759856574.json"
"512557","146154","2025-10-19","45.00","NZD","1759856574","23477/2025-10-19/1759856574.json"
"365170","146153","2025-10-19","48.00","NZD","1759856574","23477/2025-10-19/1759856574.json"
"510807","146155","2025-10-19","52.00","NZD","1759856574","23477/2025-10-19/1759856574.json"
"581513","221281","2025-10-21","36.00","NZD","1759856574","23477/2025-10-21/1759856574.json"
"581513","221281","2025-10-20","36.00","NZD","1759856574","23477/2025-10-20/1759856574.json"
"581514","221282","2025-10-21","36.00","NZD","1759856574","23477/2025-10-21/1759856574.json"
"581514","221282","2025-10-20","36.00","NZD","1759856574","23477/2025-10-20/1759856574.json"
"512557","146154","2025-10-21","45.00","NZD","1759856574","23477/2025-10-21/1759856574.json"
"512557","146154","2025-10-20","45.00","NZD","1759856574","23477/2025-10-20/1759856574.json"
"365170","146153","2025-10-21","48.00","NZD","1759856574","23477/2025-10-21/1759856574.json"
"365170","146153","2025-10-20","48.00","NZD","1759856574","23477/2025-10-20/1759856574.json"
"510807","146155","2025-10-20","52.00","NZD","1759856574","23477/2025-10-20/1759856574.json"
"510807","146155","2025-10-21","52.00","NZD","1759856574","23477/2025-10-21/1759856574.json"
"581513","221281","2025-10-22","36.00","NZD","1759856574","23477/2025-10-22/1759856574.json"
"581514","221282","2025-10-22","36.00","NZD","1759856574","23477/2025-10-22/1759856574.json"
"512557","146154","2025-10-22","45.00","NZD","1759856574","23477/2025-10-22/1759856574.json"
"365170","146153","2025-10-22","48.00","NZD","1759856574","23477/2025-10-22/1759856574.json"
"510807","146155","2025-10-22","52.00","NZD","1759856574","23477/2025-10-22/1759856574.json"
"581513","221281","2025-10-23","36.00","NZD","1759856574","23477/2025-10-23/1759856574.json"
"581514","221282","2025-10-23","36.00","NZD","1759856574","23477/2025-10-23/1759856574.json"
"512557","146154","2025-10-23","45.00","NZD","1759856574","23477/2025-10-23/1759856574.json"
"365170","146153","2025-10-23","48.00","NZD","1759856574","23477/2025-10-23/1759856574.json"
"510807","146155","2025-10-23","52.00","NZD","1759856574","23477/2025-10-23/1759856574.json"
"581513","221281","2025-10-24","36.00","NZD","1759856574","23477/2025-10-24/1759856574.json"
"581514","221282","2025-10-24","36.00","NZD","1759856574","23477/2025-10-24/1759856574.json"
"512557","146154","2025-10-24","45.00","NZD","1759856574","23477/2025-10-24/1759856574.json"
"365170","146153","2025-10-24","48.00","NZD","1759856574","23477/2025-10-24/1759856574.json"
"510807","146155","2025-10-24","52.00","NZD","1759856574","23477/2025-10-24/1759856574.json"
"581513","221281","2025-10-25","36.00","NZD","1759856574","23477/2025-10-25/1759856574.json"
"581514","221282","2025-10-25","36.00","NZD","1759856574","23477/2025-10-25/1759856574.json"
"512557","146154","2025-10-25","45.00","NZD","1759856574","23477/2025-10-25/1759856574.json"
"365170","146153","2025-10-25","48.00","NZD","1759856574","23477/2025-10-25/1759856574.json"
"510807","146155","2025-10-25","52.00","NZD","1759856574","23477/2025-10-25/1759856574.json"
"581513","221281","2025-10-26","36.00","NZD","1759856574","23477/2025-10-26/1759856574.json"
"581514","221282","2025-10-26","36.00","NZD","1759856574","23477/2025-10-26/1759856574.json"
"512557","146154","2025-10-26","45.00","NZD","1759856574","23477/2025-10-26/1759856574.json"
"365170","146153","2025-10-26","48.00","NZD","1759856574","23477/2025-10-26/1759856574.json"
"510807","146155","2025-10-26","52.00","NZD","1759856574","23477/2025-10-26/1759856574.json"
"581513","221281","2025-10-27","36.00","NZD","1759856574","23477/2025-10-27/1759856574.json"
"581514","221282","2025-10-27","36.00","NZD","1759856574","23477/2025-10-27/1759856574.json"
"512557","146154","2025-10-27","45.00","NZD","1759856574","23477/2025-10-27/1759856574.json"
"365170","146153","2025-10-27","48.00","NZD","1759856574","23477/2025-10-27/1759856574.json"
"510807","146155","2025-10-27","52.00","NZD","1759856574","23477/2025-10-27/1759856574.json"
"581513","221281","2025-10-28","36.00","NZD","1759856574","23477/2025-10-28/1759856574.json"
"581514","221282","2025-10-28","36.00","NZD","1759856574","23477/2025-10-28/1759856574.json"
"512557","146154","2025-10-28","45.00","NZD","1759856574","23477/2025-10-28/1759856574.json"
"365170","146153","2025-10-28","48.00","NZD","1759856574","23477/2025-10-28/1759856574.json"
"510807","146155","2025-10-28","52.00","NZD","1759856574","23477/2025-10-28/1759856574.json"
"581513","221281","2025-10-30","36.00","NZD","1759856574","23477/2025-10-30/1759856574.json"
"581514","221282","2025-10-30","36.00","NZD","1759856574","23477/2025-10-30/1759856574.json"
"512557","146154","2025-10-30","45.00","NZD","1759856574","23477/2025-10-30/1759856574.json"
"365170","146153","2025-10-30","48.00","NZD","1759856574","23477/2025-10-30/1759856574.json"
"510807","146155","2025-10-30","52.00","NZD","1759856574","23477/2025-10-30/1759856574.json"
"581513","221281","2025-10-29","36.00","NZD","1759856574","23477/2025-10-29/1759856574.json"
"581514","221282","2025-10-29","36.00","NZD","1759856574","23477/2025-10-29/1759856574.json"
"512557","146154","2025-10-29","45.00","NZD","1759856574","23477/2025-10-29/1759856574.json"
"365170","146153","2025-10-29","48.00","NZD","1759856574","23477/2025-10-29/1759856574.json"
"510807","146155","2025-10-29","52.00","NZD","1759856574","23477/2025-10-29/1759856574.json"
"581513","221281","2025-10-31","36.00","NZD","1759856574","23477/2025-10-31/1759856574.json"
"581514","221282","2025-10-31","36.00","NZD","1759856574","23477/2025-10-31/1759856574.json"
"512557","146154","2025-10-31","45.00","NZD","1759856574","23477/2025-10-31/1759856574.json"
"365170","146153","2025-10-31","48.00","NZD","1759856574","23477/2025-10-31/1759856574.json"
"510807","146155","2025-10-31","52.00","NZD","1759856574","23477/2025-10-31/1759856574.json"
"581513","221281","2025-11-02","36.00","NZD","1759856574","23477/2025-11-02/1759856574.json"
"581514","221282","2025-11-02","36.00","NZD","1759856574","23477/2025-11-02/1759856574.json"
"512557","146154","2025-11-02","45.00","NZD","1759856574","23477/2025-11-02/1759856574.json"
"365170","146153","2025-11-02","48.00","NZD","1759856574","23477/2025-11-02/1759856574.json"
"510807","146155","2025-11-02","52.00","NZD","1759856574","23477/2025-11-02/1759856574.json"
"581513","221281","2025-11-03","36.00","NZD","1759856574","23477/2025-11-03/1759856574.json"
"581514","221282","2025-11-03","36.00","NZD","1759856574","23477/2025-11-03/1759856574.json"
"512557","146154","2025-11-03","45.00","NZD","1759856574","23477/2025-11-03/1759856574.json"
"365170","146153","2025-11-03","48.00","NZD","1759856574","23477/2025-11-03/1759856574.json"
"510807","146155","2025-11-03","52.00","NZD","1759856574","23477/2025-11-03/1759856574.json"
"581513","221281","2025-11-01","36.00","NZD","1759856574","23477/2025-11-01/1759856574.json"
"581514","221282","2025-11-01","36.00","NZD","1759856574","23477/2025-11-01/1759856574.json"
"512557","146154","2025-11-01","45.00","NZD","1759856574","23477/2025-11-01/1759856574.json"
"365170","146153","2025-11-01","48.00","NZD","1759856574","23477/2025-11-01/1759856574.json"
"510807","146155","2025-11-01","52.00","NZD","1759856574","23477/2025-11-01/1759856574.json"
"581513","221281","2025-11-04","36.00","NZD","1759856574","23477/2025-11-04/1759856574.json"
"581514","221282","2025-11-04","36.00","NZD","1759856574","23477/2025-11-04/1759856574.json"
"512557","146154","2025-11-04","45.00","NZD","1759856574","23477/2025-11-04/1759856574.json"
"365170","146153","2025-11-04","48.00","NZD","1759856574","23477/2025-11-04/1759856574.json"
"510807","146155","2025-11-04","52.00","NZD","1759856574","23477/2025-11-04/1759856574.json"
"581513","221281","2025-11-06","36.00","NZD","1759856574","23477/2025-11-06/1759856574.json"
"581514","221282","2025-11-06","36.00","NZD","1759856574","23477/2025-11-06/1759856574.json"
"512557","146154","2025-11-06","45.00","NZD","1759856574","23477/2025-11-06/1759856574.json"
"365170","146153","2025-11-06","48.00","NZD","1759856574","23477/2025-11-06/1759856574.json"
"510807","146155","2025-11-06","52.00","NZD","1759856574","23477/2025-11-06/1759856574.json"
"581513","221281","2025-11-07","36.00","NZD","1759856574","23477/2025-11-07/1759856574.json"
"581514","221282","2025-11-07","36.00","NZD","1759856574","23477/2025-11-07/1759856574.json"
"512557","146154","2025-11-07","45.00","NZD","1759856574","23477/2025-11-07/1759856574.json"
"365170","146153","2025-11-07","48.00","NZD","1759856574","23477/2025-11-07/1759856574.json"
"510807","146155","2025-11-07","52.00","NZD","1759856574","23477/2025-11-07/1759856574.json"
"581513","221281","2025-11-08","36.00","NZD","1759856574","23477/2025-11-08/1759856574.json"
"581514","221282","2025-11-08","36.00","NZD","1759856574","23477/2025-11-08/1759856574.json"
"512557","146154","2025-11-08","45.00","NZD","1759856574","23477/2025-11-08/1759856574.json"
"365170","146153","2025-11-08","48.00","NZD","1759856574","23477/2025-11-08/1759856574.json"
"510807","146155","2025-11-08","52.00","NZD","1759856574","23477/2025-11-08/1759856574.json"
"581513","221281","2025-11-05","36.00","NZD","1759856574","23477/2025-11-05/1759856574.json"
"581514","221282","2025-11-05","36.00","NZD","1759856574","23477/2025-11-05/1759856574.json"
"512557","146154","2025-11-05","45.00","NZD","1759856574","23477/2025-11-05/1759856574.json"
"365170","146153","2025-11-05","48.00","NZD","1759856574","23477/2025-11-05/1759856574.json"
"510807","146155","2025-11-05","52.00","NZD","1759856574","23477/2025-11-05/1759856574.json"
"581513","221281","2025-11-10","36.00","NZD","1759856574","23477/2025-11-10/1759856574.json"
"581514","221282","2025-11-10","36.00","NZD","1759856574","23477/2025-11-10/1759856574.json"
"512557","146154","2025-11-10","45.00","NZD","1759856574","23477/2025-11-10/1759856574.json"
"365170","146153","2025-11-10","48.00","NZD","1759856574","23477/2025-11-10/1759856574.json"
"510807","146155","2025-11-10","52.00","NZD","1759856574","23477/2025-11-10/1759856574.json"
"581513","221281","2025-11-09","36.00","NZD","1759856574","23477/2025-11-09/1759856574.json"
"581514","221282","2025-11-09","36.00","NZD","1759856574","23477/2025-11-09/1759856574.json"
"512557","146154","2025-11-09","45.00","NZD","1759856574","23477/2025-11-09/1759856574.json"
"365170","146153","2025-11-09","48.00","NZD","1759856574","23477/2025-11-09/1759856574.json"
"510807","146155","2025-11-09","52.00","NZD","1759856574","23477/2025-11-09/1759856574.json"
"581513","221281","2025-11-11","36.00","NZD","1759856574","23477/2025-11-11/1759856574.json"
"581514","221282","2025-11-11","36.00","NZD","1759856574","23477/2025-11-11/1759856574.json"
"512557","146154","2025-11-11","45.00","NZD","1759856574","23477/2025-11-11/1759856574.json"
"365170","146153","2025-11-11","48.00","NZD","1759856574","23477/2025-11-11/1759856574.json"
"510807","146155","2025-11-11","52.00","NZD","1759856574","23477/2025-11-11/1759856574.json"
"581513","221281","2025-11-12","36.00","NZD","1759856574","23477/2025-11-12/1759856574.json"
"581514","221282","2025-11-12","36.00","NZD","1759856574","23477/2025-11-12/1759856574.json"
"512557","146154","2025-11-12","45.00","NZD","1759856574","23477/2025-11-12/1759856574.json"
"365170","146153","2025-11-12","48.00","NZD","1759856574","23477/2025-11-12/1759856574.json"
"510807","146155","2025-11-12","52.00","NZD","1759856574","23477/2025-11-12/1759856574.json"
"581513","221281","2025-11-15","36.00","NZD","1759856574","23477/2025-11-15/1759856574.json"
"581514","221282","2025-11-15","36.00","NZD","1759856574","23477/2025-11-15/1759856574.json"
"512557","146154","2025-11-15","45.00","NZD","1759856574","23477/2025-11-15/1759856574.json"
"365170","146153","2025-11-15","48.00","NZD","1759856574","23477/2025-11-15/1759856574.json"
"510807","146155","2025-11-15","52.00","NZD","1759856574","23477/2025-11-15/1759856574.json"
"581513","221281","2025-11-13","36.00","NZD","1759856574","23477/2025-11-13/1759856574.json"
"581514","221282","2025-11-13","36.00","NZD","1759856574","23477/2025-11-13/1759856574.json"
"512557","146154","2025-11-13","45.00","NZD","1759856574","23477/2025-11-13/1759856574.json"
"365170","146153","2025-11-13","48.00","NZD","1759856574","23477/2025-11-13/1759856574.json"
"510807","146155","2025-11-13","52.00","NZD","1759856574","23477/2025-11-13/1759856574.json"
"581513","221281","2025-11-14","36.00","NZD","1759856574","23477/2025-11-14/1759856574.json"
"581514","221282","2025-11-14","36.00","NZD","1759856574","23477/2025-11-14/1759856574.json"
"512557","146154","2025-11-14","45.00","NZD","1759856574","23477/2025-11-14/1759856574.json"
"365170","146153","2025-11-14","48.00","NZD","1759856574","23477/2025-11-14/1759856574.json"
"510807","146155","2025-11-14","52.00","NZD","1759856574","23477/2025-11-14/1759856574.json"
"581513","221281","2025-11-16","36.00","NZD","1759856574","23477/2025-11-16/1759856574.json"
"581514","221282","2025-11-16","36.00","NZD","1759856574","23477/2025-11-16/1759856574.json"
"512557","146154","2025-11-16","45.00","NZD","1759856574","23477/2025-11-16/1759856574.json"
"365170","146153","2025-11-16","48.00","NZD","1759856574","23477/2025-11-16/1759856574.json"
"510807","146155","2025-11-16","52.00","NZD","1759856574","23477/2025-11-16/1759856574.json"
"581513","221281","2025-11-17","36.00","NZD","1759856574","23477/2025-11-17/1759856574.json"
"581514","221282","2025-11-17","36.00","NZD","1759856574","23477/2025-11-17/1759856574.json"
"512557","146154","2025-11-17","45.00","NZD","1759856574","23477/2025-11-17/1759856574.json"
"365170","146153","2025-11-17","48.00","NZD","1759856574","23477/2025-11-17/1759856574.json"
"510807","146155","2025-11-17","52.00","NZD","1759856574","23477/2025-11-17/1759856574.json"
"581513","221281","2025-11-18","36.00","NZD","1759856574","23477/2025-11-18/1759856574.json"
"581514","221282","2025-11-18","36.00","NZD","1759856574","23477/2025-11-18/1759856574.json"
"512557","146154","2025-11-18","45.00","NZD","1759856574","23477/2025-11-18/1759856574.json"
"365170","146153","2025-11-18","48.00","NZD","1759856574","23477/2025-11-18/1759856574.json"
"510807","146155","2025-11-18","52.00","NZD","1759856574","23477/2025-11-18/1759856574.json"
"581513","221281","2025-11-19","36.00","NZD","1759856574","23477/2025-11-19/1759856574.json"
"581514","221282","2025-11-19","36.00","NZD","1759856574","23477/2025-11-19/1759856574.json"
"512557","146154","2025-11-19","45.00","NZD","1759856574","23477/2025-11-19/1759856574.json"
"365170","146153","2025-11-19","48.00","NZD","1759856574","23477/2025-11-19/1759856574.json"
"510807","146155","2025-11-19","52.00","NZD","1759856574","23477/2025-11-19/1759856574.json"
"581513","221281","2025-11-20","36.00","NZD","1759856574","23477/2025-11-20/1759856574.json"
"581514","221282","2025-11-20","36.00","NZD","1759856574","23477/2025-11-20/1759856574.json"
"512557","146154","2025-11-20","45.00","NZD","1759856574","23477/2025-11-20/1759856574.json"
"581513","221281","2025-11-21","36.00","NZD","1759856574","23477/2025-11-21/1759856574.json"
"581514","221282","2025-11-21","36.00","NZD","1759856574","23477/2025-11-21/1759856574.json"
"512557","146154","2025-11-21","45.00","NZD","1759856574","23477/2025-11-21/1759856574.json"
"365170","146153","2025-11-21","48.00","NZD","1759856574","23477/2025-11-21/1759856574.json"
"510807","146155","2025-11-21","52.00","NZD","1759856574","23477/2025-11-21/1759856574.json"
"581513","221281","2025-11-22","36.00","NZD","1759856574","23477/2025-11-22/1759856574.json"
"581514","221282","2025-11-22","36.00","NZD","1759856574","23477/2025-11-22/1759856574.json"
"512557","146154","2025-11-22","45.00","NZD","1759856574","23477/2025-11-22/1759856574.json"
"365170","146153","2025-11-22","48.00","NZD","1759856574","23477/2025-11-22/1759856574.json"
"510807","146155","2025-11-22","52.00","NZD","1759856574","23477/2025-11-22/1759856574.json"
"581513","221281","2025-11-23","36.00","NZD","1759856574","23477/2025-11-23/1759856574.json"
"581514","221282","2025-11-23","36.00","NZD","1759856574","23477/2025-11-23/1759856574.json"
"512557","146154","2025-11-23","45.00","NZD","1759856574","23477/2025-11-23/1759856574.json"
"365170","146153","2025-11-23","48.00","NZD","1759856574","23477/2025-11-23/1759856574.json"
"510807","146155","2025-11-23","52.00","NZD","1759856574","23477/2025-11-23/1759856574.json"
"581513","221281","2025-11-27","36.00","NZD","1759856574","23477/2025-11-27/1759856574.json"
"581514","221282","2025-11-27","36.00","NZD","1759856574","23477/2025-11-27/1759856574.json"
"512557","146154","2025-11-27","45.00","NZD","1759856574","23477/2025-11-27/1759856574.json"
"365170","146153","2025-11-27","48.00","NZD","1759856574","23477/2025-11-27/1759856574.json"
"510807","146155","2025-11-27","52.00","NZD","1759856574","23477/2025-11-27/1759856574.json"
"581513","221281","2025-11-26","36.00","NZD","1759856574","23477/2025-11-26/1759856574.json"
"581514","221282","2025-11-26","36.00","NZD","1759856574","23477/2025-11-26/1759856574.json"
"512557","146154","2025-11-26","45.00","NZD","1759856574","23477/2025-11-26/1759856574.json"
"365170","146153","2025-11-26","48.00","NZD","1759856574","23477/2025-11-26/1759856574.json"
"510807","146155","2025-11-26","52.00","NZD","1759856574","23477/2025-11-26/1759856574.json"
"581513","221281","2025-11-25","36.00","NZD","1759856574","23477/2025-11-25/1759856574.json"
"581514","221282","2025-11-25","36.00","NZD","1759856574","23477/2025-11-25/1759856574.json"
"512557","146154","2025-11-25","45.00","NZD","1759856574","23477/2025-11-25/1759856574.json"
"365170","146153","2025-11-25","48.00","NZD","1759856574","23477/2025-11-25/1759856574.json"
"510807","146155","2025-11-25","52.00","NZD","1759856574","23477/2025-11-25/1759856574.json"
"581513","221281","2025-11-24","36.00","NZD","1759856574","23477/2025-11-24/1759856574.json"
"581514","221282","2025-11-24","36.00","NZD","1759856574","23477/2025-11-24/1759856574.json"
"512557","146154","2025-11-24","45.00","NZD","1759856574","23477/2025-11-24/1759856574.json"
"365170","146153","2025-11-24","48.00","NZD","1759856574","23477/2025-11-24/1759856574.json"
"510807","146155","2025-11-24","52.00","NZD","1759856574","23477/2025-11-24/1759856574.json"
"581513","221281","2025-11-28","36.00","NZD","1759856574","23477/2025-11-28/1759856574.json"
"581514","221282","2025-11-28","36.00","NZD","1759856574","23477/2025-11-28/1759856574.json"
"512557","146154","2025-11-28","45.00","NZD","1759856574","23477/2025-11-28/1759856574.json"
"365170","146153","2025-11-28","48.00","NZD","1759856574","23477/2025-11-28/1759856574.json"
"510807","146155","2025-11-28","52.00","NZD","1759856574","23477/2025-11-28/1759856574.json"
"581513","221281","2025-11-29","36.00","NZD","1759856574","23477/2025-11-29/1759856574.json"
"581514","221282","2025-11-29","36.00","NZD","1759856574","23477/2025-11-29/1759856574.json"
"512557","146154","2025-11-29","45.00","NZD","1759856574","23477/2025-11-29/1759856574.json"
"365170","146153","2025-11-29","48.00","NZD","1759856574","23477/2025-11-29/1759856574.json"
"510807","146155","2025-11-29","52.00","NZD","1759856574","23477/2025-11-29/1759856574.json"
"581513","221281","2025-11-30","36.00","NZD","1759856574","23477/2025-11-30/1759856574.json"
"581514","221282","2025-11-30","36.00","NZD","1759856574","23477/2025-11-30/1759856574.json"
"512557","146154","2025-11-30","45.00","NZD","1759856574","23477/2025-11-30/1759856574.json"
"365170","146153","2025-11-30","48.00","NZD","1759856574","23477/2025-11-30/1759856574.json"
"510807","146155","2025-11-30","52.00","NZD","1759856574","23477/2025-11-30/1759856574.json"
"581513","221281","2025-12-02","36.00","NZD","1759856574","23477/2025-12-02/1759856574.json"
"581514","221282","2025-12-02","36.00","NZD","1759856574","23477/2025-12-02/1759856574.json"
"512557","146154","2025-12-02","45.00","NZD","1759856574","23477/2025-12-02/1759856574.json"
"365170","146153","2025-12-02","48.00","NZD","1759856574","23477/2025-12-02/1759856574.json"
"510807","146155","2025-12-02","52.00","NZD","1759856574","23477/2025-12-02/1759856574.json"
"581513","221281","2025-12-01","36.00","NZD","1759856574","23477/2025-12-01/1759856574.json"
"581514","221282","2025-12-01","36.00","NZD","1759856574","23477/2025-12-01/1759856574.json"
"512557","146154","2025-12-01","45.00","NZD","1759856574","23477/2025-12-01/1759856574.json"
"365170","146153","2025-12-01","48.00","NZD","1759856574","23477/2025-12-01/1759856574.json"
"510807","146155","2025-12-01","52.00","NZD","1759856574","23477/2025-12-01/1759856574.json"
"581513","221281","2025-12-03","36.00","NZD","1759856574","23477/2025-12-03/1759856574.json"
"581514","221282","2025-12-03","36.00","NZD","1759856574","23477/2025-12-03/1759856574.json"
"512557","146154","2025-12-03","45.00","NZD","1759856574","23477/2025-12-03/1759856574.json"
"365170","146153","2025-12-03","48.00","NZD","1759856574","23477/2025-12-03/1759856574.json"
"510807","146155","2025-12-03","52.00","NZD","1759856574","23477/2025-12-03/1759856574.json"
"581513","221281","2025-12-04","36.00","NZD","1759856574","23477/2025-12-04/1759856574.json"
"581514","221282","2025-12-04","36.00","NZD","1759856574","23477/2025-12-04/1759856574.json"
"512557","146154","2025-12-04","45.00","NZD","1759856574","23477/2025-12-04/1759856574.json"
"365170","146153","2025-12-04","48.00","NZD","1759856574","23477/2025-12-04/1759856574.json"
"510807","146155","2025-12-04","52.00","NZD","1759856574","23477/2025-12-04/1759856574.json"
"581513","221281","2025-12-05","36.00","NZD","1759856574","23477/2025-12-05/1759856574.json"
"581514","221282","2025-12-05","36.00","NZD","1759856574","23477/2025-12-05/1759856574.json"
"512557","146154","2025-12-05","45.00","NZD","1759856574","23477/2025-12-05/1759856574.json"
"365170","146153","2025-12-05","48.00","NZD","1759856574","23477/2025-12-05/1759856574.json"
"510807","146155","2025-12-05","52.00","NZD","1759856574","23477/2025-12-05/1759856574.json"
"581513","221281","2025-12-06","36.00","NZD","1759856574","23477/2025-12-06/1759856574.json"
"581514","221282","2025-12-06","36.00","NZD","1759856574","23477/2025-12-06/1759856574.json"
"512557","146154","2025-12-06","45.00","NZD","1759856574","23477/2025-12-06/1759856574.json"
"365170","146153","2025-12-06","48.00","NZD","1759856574","23477/2025-12-06/1759856574.json"
"510807","146155","2025-12-06","52.00","NZD","1759856574","23477/2025-12-06/1759856574.json"
"581513","221281","2025-10-09","36.00","NZD","1759870163","23477/2025-10-09/1759870163.json"
"581514","221282","2025-10-09","36.00","NZD","1759870163","23477/2025-10-09/1759870163.json"
"581513","221281","2025-10-10","36.00","NZD","1759870163","23477/2025-10-10/1759870163.json"
"512557","146154","2025-10-09","45.00","NZD","1759870163","23477/2025-10-09/1759870163.json"
"581514","221282","2025-10-10","36.00","NZD","1759870163","23477/2025-10-10/1759870163.json"
"512557","146154","2025-10-10","45.00","NZD","1759870163","23477/2025-10-10/1759870163.json"
"365170","146153","2025-10-09","48.00","NZD","1759870163","23477/2025-10-09/1759870163.json"
"365170","146153","2025-10-10","48.00","NZD","1759870163","23477/2025-10-10/1759870163.json"
"510807","146155","2025-10-09","52.00","NZD","1759870163","23477/2025-10-09/1759870163.json"
"510807","146155","2025-10-10","52.00","NZD","1759870163","23477/2025-10-10/1759870163.json"
"581513","221281","2025-10-08","36.00","NZD","1759870163","23477/2025-10-08/1759870163.json"
"581514","221282","2025-10-08","36.00","NZD","1759870163","23477/2025-10-08/1759870163.json"
"512557","146154","2025-10-08","45.00","NZD","1759870163","23477/2025-10-08/1759870163.json"
"365170","146153","2025-10-08","48.00","NZD","1759870163","23477/2025-10-08/1759870163.json"
"510807","146155","2025-10-08","52.00","NZD","1759870163","23477/2025-10-08/1759870163.json"
"581513","221281","2025-10-11","36.00","NZD","1759870163","23477/2025-10-11/1759870163.json"
"581514","221282","2025-10-11","36.00","NZD","1759870163","23477/2025-10-11/1759870163.json"
"512557","146154","2025-10-11","45.00","NZD","1759870163","23477/2025-10-11/1759870163.json"
"365170","146153","2025-10-11","48.00","NZD","1759870163","23477/2025-10-11/1759870163.json"
"510807","146155","2025-10-11","52.00","NZD","1759870163","23477/2025-10-11/1759870163.json"
"581513","221281","2025-10-12","36.00","NZD","1759870163","23477/2025-10-12/1759870163.json"
"581513","221281","2025-10-13","36.00","NZD","1759870163","23477/2025-10-13/1759870163.json"
"581514","221282","2025-10-12","36.00","NZD","1759870163","23477/2025-10-12/1759870163.json"
"581514","221282","2025-10-13","36.00","NZD","1759870163","23477/2025-10-13/1759870163.json"
"512557","146154","2025-10-13","45.00","NZD","1759870163","23477/2025-10-13/1759870163.json"
"512557","146154","2025-10-12","45.00","NZD","1759870163","23477/2025-10-12/1759870163.json"
"365170","146153","2025-10-13","48.00","NZD","1759870163","23477/2025-10-13/1759870163.json"
"365170","146153","2025-10-12","48.00","NZD","1759870163","23477/2025-10-12/1759870163.json"
"510807","146155","2025-10-13","52.00","NZD","1759870163","23477/2025-10-13/1759870163.json"
"510807","146155","2025-10-12","52.00","NZD","1759870163","23477/2025-10-12/1759870163.json"
"581513","221281","2025-10-15","36.00","NZD","1759870163","23477/2025-10-15/1759870163.json"
"581514","221282","2025-10-15","36.00","NZD","1759870163","23477/2025-10-15/1759870163.json"
"512557","146154","2025-10-15","45.00","NZD","1759870163","23477/2025-10-15/1759870163.json"
"365170","146153","2025-10-15","48.00","NZD","1759870163","23477/2025-10-15/1759870163.json"
"510807","146155","2025-10-15","52.00","NZD","1759870163","23477/2025-10-15/1759870163.json"
"581513","221281","2025-10-14","36.00","NZD","1759870163","23477/2025-10-14/1759870163.json"
"581514","221282","2025-10-14","36.00","NZD","1759870163","23477/2025-10-14/1759870163.json"
"512557","146154","2025-10-14","45.00","NZD","1759870163","23477/2025-10-14/1759870163.json"
"365170","146153","2025-10-14","48.00","NZD","1759870163","23477/2025-10-14/1759870163.json"
"510807","146155","2025-10-14","52.00","NZD","1759870163","23477/2025-10-14/1759870163.json"
"581513","221281","2025-10-16","36.00","NZD","1759870163","23477/2025-10-16/1759870163.json"
"581514","221282","2025-10-16","36.00","NZD","1759870163","23477/2025-10-16/1759870163.json"
"512557","146154","2025-10-16","45.00","NZD","1759870163","23477/2025-10-16/1759870163.json"
"365170","146153","2025-10-16","48.00","NZD","1759870163","23477/2025-10-16/1759870163.json"
"510807","146155","2025-10-16","52.00","NZD","1759870163","23477/2025-10-16/1759870163.json"
"581513","221281","2025-10-17","36.00","NZD","1759870163","23477/2025-10-17/1759870163.json"
"581514","221282","2025-10-17","36.00","NZD","1759870163","23477/2025-10-17/1759870163.json"
"512557","146154","2025-10-17","45.00","NZD","1759870163","23477/2025-10-17/1759870163.json"
"365170","146153","2025-10-17","48.00","NZD","1759870163","23477/2025-10-17/1759870163.json"
"510807","146155","2025-10-17","52.00","NZD","1759870163","23477/2025-10-17/1759870163.json"
"581513","221281","2025-10-18","36.00","NZD","1759870163","23477/2025-10-18/1759870163.json"
"581514","221282","2025-10-18","36.00","NZD","1759870163","23477/2025-10-18/1759870163.json"
"512557","146154","2025-10-18","45.00","NZD","1759870163","23477/2025-10-18/1759870163.json"
"365170","146153","2025-10-18","48.00","NZD","1759870163","23477/2025-10-18/1759870163.json"
"510807","146155","2025-10-18","52.00","NZD","1759870163","23477/2025-10-18/1759870163.json"
"581513","221281","2025-10-19","36.00","NZD","1759870163","23477/2025-10-19/1759870163.json"
"581514","221282","2025-10-19","36.00","NZD","1759870163","23477/2025-10-19/1759870163.json"
"512557","146154","2025-10-19","45.00","NZD","1759870163","23477/2025-10-19/1759870163.json"
"365170","146153","2025-10-19","48.00","NZD","1759870163","23477/2025-10-19/1759870163.json"
"581513","221281","2025-10-20","36.00","NZD","1759870163","23477/2025-10-20/1759870163.json"
"510807","146155","2025-10-19","52.00","NZD","1759870163","23477/2025-10-19/1759870163.json"
"581514","221282","2025-10-20","36.00","NZD","1759870163","23477/2025-10-20/1759870163.json"
"512557","146154","2025-10-20","45.00","NZD","1759870163","23477/2025-10-20/1759870163.json"
"365170","146153","2025-10-20","48.00","NZD","1759870163","23477/2025-10-20/1759870163.json"
"510807","146155","2025-10-20","52.00","NZD","1759870163","23477/2025-10-20/1759870163.json"
"581513","221281","2025-10-21","36.00","NZD","1759870163","23477/2025-10-21/1759870163.json"
"581514","221282","2025-10-21","36.00","NZD","1759870163","23477/2025-10-21/1759870163.json"
"512557","146154","2025-10-21","45.00","NZD","1759870163","23477/2025-10-21/1759870163.json"
"365170","146153","2025-10-21","48.00","NZD","1759870163","23477/2025-10-21/1759870163.json"
"510807","146155","2025-10-21","52.00","NZD","1759870163","23477/2025-10-21/1759870163.json"
"581513","221281","2025-10-22","36.00","NZD","1759870163","23477/2025-10-22/1759870163.json"
"581514","221282","2025-10-22","36.00","NZD","1759870163","23477/2025-10-22/1759870163.json"
"512557","146154","2025-10-22","45.00","NZD","1759870163","23477/2025-10-22/1759870163.json"
"365170","146153","2025-10-22","48.00","NZD","1759870163","23477/2025-10-22/1759870163.json"
"510807","146155","2025-10-22","52.00","NZD","1759870163","23477/2025-10-22/1759870163.json"
"581513","221281","2025-10-23","36.00","NZD","1759870163","23477/2025-10-23/1759870163.json"
"581514","221282","2025-10-23","36.00","NZD","1759870163","23477/2025-10-23/1759870163.json"
"512557","146154","2025-10-23","45.00","NZD","1759870163","23477/2025-10-23/1759870163.json"
"365170","146153","2025-10-23","48.00","NZD","1759870163","23477/2025-10-23/1759870163.json"
"510807","146155","2025-10-23","52.00","NZD","1759870163","23477/2025-10-23/1759870163.json"
"581513","221281","2025-10-24","36.00","NZD","1759870163","23477/2025-10-24/1759870163.json"
"581514","221282","2025-10-24","36.00","NZD","1759870163","23477/2025-10-24/1759870163.json"
"512557","146154","2025-10-24","45.00","NZD","1759870163","23477/2025-10-24/1759870163.json"
"365170","146153","2025-10-24","48.00","NZD","1759870163","23477/2025-10-24/1759870163.json"
"510807","146155","2025-10-24","52.00","NZD","1759870163","23477/2025-10-24/1759870163.json"
"581513","221281","2025-10-25","36.00","NZD","1759870163","23477/2025-10-25/1759870163.json"
"581514","221282","2025-10-25","36.00","NZD","1759870163","23477/2025-10-25/1759870163.json"
"512557","146154","2025-10-25","45.00","NZD","1759870163","23477/2025-10-25/1759870163.json"
"365170","146153","2025-10-25","48.00","NZD","1759870163","23477/2025-10-25/1759870163.json"
"510807","146155","2025-10-25","52.00","NZD","1759870163","23477/2025-10-25/1759870163.json"
"581513","221281","2025-10-27","36.00","NZD","1759870163","23477/2025-10-27/1759870163.json"
"581514","221282","2025-10-27","36.00","NZD","1759870163","23477/2025-10-27/1759870163.json"
"512557","146154","2025-10-27","45.00","NZD","1759870163","23477/2025-10-27/1759870163.json"
"365170","146153","2025-10-27","48.00","NZD","1759870163","23477/2025-10-27/1759870163.json"
"510807","146155","2025-10-27","52.00","NZD","1759870163","23477/2025-10-27/1759870163.json"
"581513","221281","2025-10-29","36.00","NZD","1759870163","23477/2025-10-29/1759870163.json"
"581514","221282","2025-10-29","36.00","NZD","1759870163","23477/2025-10-29/1759870163.json"
"512557","146154","2025-10-29","45.00","NZD","1759870163","23477/2025-10-29/1759870163.json"
"365170","146153","2025-10-29","48.00","NZD","1759870163","23477/2025-10-29/1759870163.json"
"510807","146155","2025-10-29","52.00","NZD","1759870163","23477/2025-10-29/1759870163.json"
"581513","221281","2025-10-30","36.00","NZD","1759870163","23477/2025-10-30/1759870163.json"
"581514","221282","2025-10-30","36.00","NZD","1759870163","23477/2025-10-30/1759870163.json"
"512557","146154","2025-10-30","45.00","NZD","1759870163","23477/2025-10-30/1759870163.json"
"365170","146153","2025-10-30","48.00","NZD","1759870163","23477/2025-10-30/1759870163.json"
"510807","146155","2025-10-30","52.00","NZD","1759870163","23477/2025-10-30/1759870163.json"
"581513","221281","2025-10-26","36.00","NZD","1759870163","23477/2025-10-26/1759870163.json"
"581514","221282","2025-10-26","36.00","NZD","1759870163","23477/2025-10-26/1759870163.json"
"512557","146154","2025-10-26","45.00","NZD","1759870163","23477/2025-10-26/1759870163.json"
"365170","146153","2025-10-26","48.00","NZD","1759870163","23477/2025-10-26/1759870163.json"
"510807","146155","2025-10-26","52.00","NZD","1759870163","23477/2025-10-26/1759870163.json"
"581513","221281","2025-10-28","36.00","NZD","1759870163","23477/2025-10-28/1759870163.json"
"581514","221282","2025-10-28","36.00","NZD","1759870163","23477/2025-10-28/1759870163.json"
"512557","146154","2025-10-28","45.00","NZD","1759870163","23477/2025-10-28/1759870163.json"
"365170","146153","2025-10-28","48.00","NZD","1759870163","23477/2025-10-28/1759870163.json"
"510807","146155","2025-10-28","52.00","NZD","1759870163","23477/2025-10-28/1759870163.json"
"581513","221281","2025-10-31","36.00","NZD","1759870163","23477/2025-10-31/1759870163.json"
"581514","221282","2025-10-31","36.00","NZD","1759870163","23477/2025-10-31/1759870163.json"
"512557","146154","2025-10-31","45.00","NZD","1759870163","23477/2025-10-31/1759870163.json"
"365170","146153","2025-10-31","48.00","NZD","1759870163","23477/2025-10-31/1759870163.json"
"510807","146155","2025-10-31","52.00","NZD","1759870163","23477/2025-10-31/1759870163.json"
"581513","221281","2025-11-02","36.00","NZD","1759870163","23477/2025-11-02/1759870163.json"
"581514","221282","2025-11-02","36.00","NZD","1759870163","23477/2025-11-02/1759870163.json"
"512557","146154","2025-11-02","45.00","NZD","1759870163","23477/2025-11-02/1759870163.json"
"365170","146153","2025-11-02","48.00","NZD","1759870163","23477/2025-11-02/1759870163.json"
"510807","146155","2025-11-02","52.00","NZD","1759870163","23477/2025-11-02/1759870163.json"
"581513","221281","2025-11-01","36.00","NZD","1759870163","23477/2025-11-01/1759870163.json"
"581514","221282","2025-11-01","36.00","NZD","1759870163","23477/2025-11-01/1759870163.json"
"512557","146154","2025-11-01","45.00","NZD","1759870163","23477/2025-11-01/1759870163.json"
"365170","146153","2025-11-01","48.00","NZD","1759870163","23477/2025-11-01/1759870163.json"
"510807","146155","2025-11-01","52.00","NZD","1759870163","23477/2025-11-01/1759870163.json"
"581513","221281","2025-11-03","36.00","NZD","1759870163","23477/2025-11-03/1759870163.json"
"581514","221282","2025-11-03","36.00","NZD","1759870163","23477/2025-11-03/1759870163.json"
"512557","146154","2025-11-03","45.00","NZD","1759870163","23477/2025-11-03/1759870163.json"
"365170","146153","2025-11-03","48.00","NZD","1759870163","23477/2025-11-03/1759870163.json"
"510807","146155","2025-11-03","52.00","NZD","1759870163","23477/2025-11-03/1759870163.json"
"581513","221281","2025-11-04","36.00","NZD","1759870163","23477/2025-11-04/1759870163.json"
"581514","221282","2025-11-04","36.00","NZD","1759870163","23477/2025-11-04/1759870163.json"
"512557","146154","2025-11-04","45.00","NZD","1759870163","23477/2025-11-04/1759870163.json"
"365170","146153","2025-11-04","48.00","NZD","1759870163","23477/2025-11-04/1759870163.json"
"510807","146155","2025-11-04","52.00","NZD","1759870163","23477/2025-11-04/1759870163.json"
"581513","221281","2025-11-05","36.00","NZD","1759870163","23477/2025-11-05/1759870163.json"
"581514","221282","2025-11-05","36.00","NZD","1759870163","23477/2025-11-05/1759870163.json"
"512557","146154","2025-11-05","45.00","NZD","1759870163","23477/2025-11-05/1759870163.json"
"365170","146153","2025-11-05","48.00","NZD","1759870163","23477/2025-11-05/1759870163.json"
"510807","146155","2025-11-05","52.00","NZD","1759870163","23477/2025-11-05/1759870163.json"
"581513","221281","2025-11-06","36.00","NZD","1759870163","23477/2025-11-06/1759870163.json"
"581514","221282","2025-11-06","36.00","NZD","1759870163","23477/2025-11-06/1759870163.json"
"512557","146154","2025-11-06","45.00","NZD","1759870163","23477/2025-11-06/1759870163.json"
"365170","146153","2025-11-06","48.00","NZD","1759870163","23477/2025-11-06/1759870163.json"
"510807","146155","2025-11-06","52.00","NZD","1759870163","23477/2025-11-06/1759870163.json"
"581513","221281","2025-11-08","36.00","NZD","1759870163","23477/2025-11-08/1759870163.json"
"581514","221282","2025-11-08","36.00","NZD","1759870163","23477/2025-11-08/1759870163.json"
"512557","146154","2025-11-08","45.00","NZD","1759870163","23477/2025-11-08/1759870163.json"
"365170","146153","2025-11-08","48.00","NZD","1759870163","23477/2025-11-08/1759870163.json"
"510807","146155","2025-11-08","52.00","NZD","1759870163","23477/2025-11-08/1759870163.json"
"581513","221281","2025-11-07","36.00","NZD","1759870163","23477/2025-11-07/1759870163.json"
"581514","221282","2025-11-07","36.00","NZD","1759870163","23477/2025-11-07/1759870163.json"
"512557","146154","2025-11-07","45.00","NZD","1759870163","23477/2025-11-07/1759870163.json"
"365170","146153","2025-11-07","48.00","NZD","1759870163","23477/2025-11-07/1759870163.json"
"510807","146155","2025-11-07","52.00","NZD","1759870163","23477/2025-11-07/1759870163.json"
"581513","221281","2025-11-09","36.00","NZD","1759870163","23477/2025-11-09/1759870163.json"
"581514","221282","2025-11-09","36.00","NZD","1759870163","23477/2025-11-09/1759870163.json"
"512557","146154","2025-11-09","45.00","NZD","1759870163","23477/2025-11-09/1759870163.json"
"365170","146153","2025-11-09","48.00","NZD","1759870163","23477/2025-11-09/1759870163.json"
"510807","146155","2025-11-09","52.00","NZD","1759870163","23477/2025-11-09/1759870163.json"
"581513","221281","2025-11-10","36.00","NZD","1759870163","23477/2025-11-10/1759870163.json"
"581514","221282","2025-11-10","36.00","NZD","1759870163","23477/2025-11-10/1759870163.json"
"512557","146154","2025-11-10","45.00","NZD","1759870163","23477/2025-11-10/1759870163.json"
"365170","146153","2025-11-10","48.00","NZD","1759870163","23477/2025-11-10/1759870163.json"
"510807","146155","2025-11-10","52.00","NZD","1759870163","23477/2025-11-10/1759870163.json"
"581513","221281","2025-11-12","36.00","NZD","1759870163","23477/2025-11-12/1759870163.json"
"581514","221282","2025-11-12","36.00","NZD","1759870163","23477/2025-11-12/1759870163.json"
"512557","146154","2025-11-12","45.00","NZD","1759870163","23477/2025-11-12/1759870163.json"
"365170","146153","2025-11-12","48.00","NZD","1759870163","23477/2025-11-12/1759870163.json"
"510807","146155","2025-11-12","52.00","NZD","1759870163","23477/2025-11-12/1759870163.json"
"581513","221281","2025-11-14","36.00","NZD","1759870163","23477/2025-11-14/1759870163.json"
"581514","221282","2025-11-14","36.00","NZD","1759870163","23477/2025-11-14/1759870163.json"
"512557","146154","2025-11-14","45.00","NZD","1759870163","23477/2025-11-14/1759870163.json"
"365170","146153","2025-11-14","48.00","NZD","1759870163","23477/2025-11-14/1759870163.json"
"510807","146155","2025-11-14","52.00","NZD","1759870163","23477/2025-11-14/1759870163.json"
"581513","221281","2025-11-13","36.00","NZD","1759870163","23477/2025-11-13/1759870163.json"
"581514","221282","2025-11-13","36.00","NZD","1759870163","23477/2025-11-13/1759870163.json"
"512557","146154","2025-11-13","45.00","NZD","1759870163","23477/2025-11-13/1759870163.json"
"365170","146153","2025-11-13","48.00","NZD","1759870163","23477/2025-11-13/1759870163.json"
"510807","146155","2025-11-13","52.00","NZD","1759870163","23477/2025-11-13/1759870163.json"
"581513","221281","2025-11-11","36.00","NZD","1759870163","23477/2025-11-11/1759870163.json"
"581514","221282","2025-11-11","36.00","NZD","1759870163","23477/2025-11-11/1759870163.json"
"512557","146154","2025-11-11","45.00","NZD","1759870163","23477/2025-11-11/1759870163.json"
"365170","146153","2025-11-11","48.00","NZD","1759870163","23477/2025-11-11/1759870163.json"
"510807","146155","2025-11-11","52.00","NZD","1759870163","23477/2025-11-11/1759870163.json"
"581513","221281","2025-11-17","36.00","NZD","1759870163","23477/2025-11-17/1759870163.json"
"581514","221282","2025-11-17","36.00","NZD","1759870163","23477/2025-11-17/1759870163.json"
"512557","146154","2025-11-17","45.00","NZD","1759870163","23477/2025-11-17/1759870163.json"
"365170","146153","2025-11-17","48.00","NZD","1759870163","23477/2025-11-17/1759870163.json"
"510807","146155","2025-11-17","52.00","NZD","1759870163","23477/2025-11-17/1759870163.json"
"581513","221281","2025-11-16","36.00","NZD","1759870163","23477/2025-11-16/1759870163.json"
"581514","221282","2025-11-16","36.00","NZD","1759870163","23477/2025-11-16/1759870163.json"
"512557","146154","2025-11-16","45.00","NZD","1759870163","23477/2025-11-16/1759870163.json"
"365170","146153","2025-11-16","48.00","NZD","1759870163","23477/2025-11-16/1759870163.json"
"510807","146155","2025-11-16","52.00","NZD","1759870163","23477/2025-11-16/1759870163.json"
"581513","221281","2025-11-15","36.00","NZD","1759870163","23477/2025-11-15/1759870163.json"
"581514","221282","2025-11-15","36.00","NZD","1759870163","23477/2025-11-15/1759870163.json"
"512557","146154","2025-11-15","45.00","NZD","1759870163","23477/2025-11-15/1759870163.json"
"365170","146153","2025-11-15","48.00","NZD","1759870163","23477/2025-11-15/1759870163.json"
"510807","146155","2025-11-15","52.00","NZD","1759870163","23477/2025-11-15/1759870163.json"
"581513","221281","2025-11-18","36.00","NZD","1759870163","23477/2025-11-18/1759870163.json"
"581514","221282","2025-11-18","36.00","NZD","1759870163","23477/2025-11-18/1759870163.json"
"512557","146154","2025-11-18","45.00","NZD","1759870163","23477/2025-11-18/1759870163.json"
"365170","146153","2025-11-18","48.00","NZD","1759870163","23477/2025-11-18/1759870163.json"
"510807","146155","2025-11-18","52.00","NZD","1759870163","23477/2025-11-18/1759870163.json"
"581513","221281","2025-11-19","36.00","NZD","1759870163","23477/2025-11-19/1759870163.json"
"581514","221282","2025-11-19","36.00","NZD","1759870163","23477/2025-11-19/1759870163.json"
"512557","146154","2025-11-19","45.00","NZD","1759870163","23477/2025-11-19/1759870163.json"
"365170","146153","2025-11-19","48.00","NZD","1759870163","23477/2025-11-19/1759870163.json"
"510807","146155","2025-11-19","52.00","NZD","1759870163","23477/2025-11-19/1759870163.json"
"581513","221281","2025-11-20","36.00","NZD","1759870163","23477/2025-11-20/1759870163.json"
"581514","221282","2025-11-20","36.00","NZD","1759870163","23477/2025-11-20/1759870163.json"
"512557","146154","2025-11-20","45.00","NZD","1759870163","23477/2025-11-20/1759870163.json"
"581513","221281","2025-11-21","36.00","NZD","1759870163","23477/2025-11-21/1759870163.json"
"581514","221282","2025-11-21","36.00","NZD","1759870163","23477/2025-11-21/1759870163.json"
"512557","146154","2025-11-21","45.00","NZD","1759870163","23477/2025-11-21/1759870163.json"
"365170","146153","2025-11-21","48.00","NZD","1759870163","23477/2025-11-21/1759870163.json"
"510807","146155","2025-11-21","52.00","NZD","1759870163","23477/2025-11-21/1759870163.json"
"581513","221281","2025-11-23","36.00","NZD","1759870163","23477/2025-11-23/1759870163.json"
"581514","221282","2025-11-23","36.00","NZD","1759870163","23477/2025-11-23/1759870163.json"
"512557","146154","2025-11-23","45.00","NZD","1759870163","23477/2025-11-23/1759870163.json"
"365170","146153","2025-11-23","48.00","NZD","1759870163","23477/2025-11-23/1759870163.json"
"510807","146155","2025-11-23","52.00","NZD","1759870163","23477/2025-11-23/1759870163.json"
"581513","221281","2025-11-24","36.00","NZD","1759870163","23477/2025-11-24/1759870163.json"
"581514","221282","2025-11-24","36.00","NZD","1759870163","23477/2025-11-24/1759870163.json"
"512557","146154","2025-11-24","45.00","NZD","1759870163","23477/2025-11-24/1759870163.json"
"365170","146153","2025-11-24","48.00","NZD","1759870163","23477/2025-11-24/1759870163.json"
"510807","146155","2025-11-24","52.00","NZD","1759870163","23477/2025-11-24/1759870163.json"
"581513","221281","2025-11-22","36.00","NZD","1759870163","23477/2025-11-22/1759870163.json"
"581514","221282","2025-11-22","36.00","NZD","1759870163","23477/2025-11-22/1759870163.json"
"512557","146154","2025-11-22","45.00","NZD","1759870163","23477/2025-11-22/1759870163.json"
"365170","146153","2025-11-22","48.00","NZD","1759870163","23477/2025-11-22/1759870163.json"
"510807","146155","2025-11-22","52.00","NZD","1759870163","23477/2025-11-22/1759870163.json"
"581513","221281","2025-11-25","36.00","NZD","1759870163","23477/2025-11-25/1759870163.json"
"581514","221282","2025-11-25","36.00","NZD","1759870163","23477/2025-11-25/1759870163.json"
"512557","146154","2025-11-25","45.00","NZD","1759870163","23477/2025-11-25/1759870163.json"
"365170","146153","2025-11-25","48.00","NZD","1759870163","23477/2025-11-25/1759870163.json"
"510807","146155","2025-11-25","52.00","NZD","1759870163","23477/2025-11-25/1759870163.json"
"581513","221281","2025-11-26","36.00","NZD","1759870163","23477/2025-11-26/1759870163.json"
"581514","221282","2025-11-26","36.00","NZD","1759870163","23477/2025-11-26/1759870163.json"
"512557","146154","2025-11-26","45.00","NZD","1759870163","23477/2025-11-26/1759870163.json"
"365170","146153","2025-11-26","48.00","NZD","1759870163","23477/2025-11-26/1759870163.json"
"510807","146155","2025-11-26","52.00","NZD","1759870163","23477/2025-11-26/1759870163.json"
"581513","221281","2025-11-27","36.00","NZD","1759870163","23477/2025-11-27/1759870163.json"
"581514","221282","2025-11-27","36.00","NZD","1759870163","23477/2025-11-27/1759870163.json"
"512557","146154","2025-11-27","45.00","NZD","1759870163","23477/2025-11-27/1759870163.json"
"365170","146153","2025-11-27","48.00","NZD","1759870163","23477/2025-11-27/1759870163.json"
"510807","146155","2025-11-27","52.00","NZD","1759870163","23477/2025-11-27/1759870163.json"
"581513","221281","2025-11-28","36.00","NZD","1759870163","23477/2025-11-28/1759870163.json"
"581514","221282","2025-11-28","36.00","NZD","1759870163","23477/2025-11-28/1759870163.json"
"512557","146154","2025-11-28","45.00","NZD","1759870163","23477/2025-11-28/1759870163.json"
"365170","146153","2025-11-28","48.00","NZD","1759870163","23477/2025-11-28/1759870163.json"
"510807","146155","2025-11-28","52.00","NZD","1759870163","23477/2025-11-28/1759870163.json"
"581513","221281","2025-12-01","36.00","NZD","1759870163","23477/2025-12-01/1759870163.json"
"581514","221282","2025-12-01","36.00","NZD","1759870163","23477/2025-12-01/1759870163.json"
"512557","146154","2025-12-01","45.00","NZD","1759870163","23477/2025-12-01/1759870163.json"
"365170","146153","2025-12-01","48.00","NZD","1759870163","23477/2025-12-01/1759870163.json"
"510807","146155","2025-12-01","52.00","NZD","1759870163","23477/2025-12-01/1759870163.json"
"581513","221281","2025-11-30","36.00","NZD","1759870163","23477/2025-11-30/1759870163.json"
"581514","221282","2025-11-30","36.00","NZD","1759870163","23477/2025-11-30/1759870163.json"
"512557","146154","2025-11-30","45.00","NZD","1759870163","23477/2025-11-30/1759870163.json"
"365170","146153","2025-11-30","48.00","NZD","1759870163","23477/2025-11-30/1759870163.json"
"510807","146155","2025-11-30","52.00","NZD","1759870163","23477/2025-11-30/1759870163.json"
"581513","221281","2025-11-29","36.00","NZD","1759870163","23477/2025-11-29/1759870163.json"
"581514","221282","2025-11-29","36.00","NZD","1759870163","23477/2025-11-29/1759870163.json"
"512557","146154","2025-11-29","45.00","NZD","1759870163","23477/2025-11-29/1759870163.json"
"365170","146153","2025-11-29","48.00","NZD","1759870163","23477/2025-11-29/1759870163.json"
"510807","146155","2025-11-29","52.00","NZD","1759870163","23477/2025-11-29/1759870163.json"
"581513","221281","2025-12-02","36.00","NZD","1759870163","23477/2025-12-02/1759870163.json"
"581514","221282","2025-12-02","36.00","NZD","1759870163","23477/2025-12-02/1759870163.json"
"512557","146154","2025-12-02","45.00","NZD","1759870163","23477/2025-12-02/1759870163.json"
"365170","146153","2025-12-02","48.00","NZD","1759870163","23477/2025-12-02/1759870163.json"
"510807","146155","2025-12-02","52.00","NZD","1759870163","23477/2025-12-02/1759870163.json"
"581513","221281","2025-12-03","36.00","NZD","1759870163","23477/2025-12-03/1759870163.json"
"581514","221282","2025-12-03","36.00","NZD","1759870163","23477/2025-12-03/1759870163.json"
"512557","146154","2025-12-03","45.00","NZD","1759870163","23477/2025-12-03/1759870163.json"
"365170","146153","2025-12-03","48.00","NZD","1759870163","23477/2025-12-03/1759870163.json"
"510807","146155","2025-12-03","52.00","NZD","1759870163","23477/2025-12-03/1759870163.json"
"581513","221281","2025-12-04","36.00","NZD","1759870163","23477/2025-12-04/1759870163.json"
"581514","221282","2025-12-04","36.00","NZD","1759870163","23477/2025-12-04/1759870163.json"
"512557","146154","2025-12-04","45.00","NZD","1759870163","23477/2025-12-04/1759870163.json"
"365170","146153","2025-12-04","48.00","NZD","1759870163","23477/2025-12-04/1759870163.json"
"510807","146155","2025-12-04","52.00","NZD","1759870163","23477/2025-12-04/1759870163.json"
"581513","221281","2025-12-06","36.00","NZD","1759870163","23477/2025-12-06/1759870163.json"
"581514","221282","2025-12-06","36.00","NZD","1759870163","23477/2025-12-06/1759870163.json"
"512557","146154","2025-12-06","45.00","NZD","1759870163","23477/2025-12-06/1759870163.json"
"365170","146153","2025-12-06","48.00","NZD","1759870163","23477/2025-12-06/1759870163.json"
"510807","146155","2025-12-06","52.00","NZD","1759870163","23477/2025-12-06/1759870163.json"
"581513","221281","2025-12-05","36.00","NZD","1759870163","23477/2025-12-05/1759870163.json"
"581514","221282","2025-12-05","36.00","NZD","1759870163","23477/2025-12-05/1759870163.json"
"512557","146154","2025-12-05","45.00","NZD","1759870163","23477/2025-12-05/1759870163.json"
"365170","146153","2025-12-05","48.00","NZD","1759870163","23477/2025-12-05/1759870163.json"
"510807","146155","2025-12-05","52.00","NZD","1759870163","23477/2025-12-05/1759870163.json"
"581513","221281","2025-10-11","36.00","NZD","1759893656","23477/2025-10-11/1759893656.json"
"581514","221282","2025-10-11","36.00","NZD","1759893656","23477/2025-10-11/1759893656.json"
"512557","146154","2025-10-11","45.00","NZD","1759893656","23477/2025-10-11/1759893656.json"
"365170","146153","2025-10-11","48.00","NZD","1759893656","23477/2025-10-11/1759893656.json"
"510807","146155","2025-10-11","52.00","NZD","1759893656","23477/2025-10-11/1759893656.json"
"581513","221281","2025-10-10","36.00","NZD","1759893656","23477/2025-10-10/1759893656.json"
"581514","221282","2025-10-10","36.00","NZD","1759893656","23477/2025-10-10/1759893656.json"
"512557","146154","2025-10-10","45.00","NZD","1759893656","23477/2025-10-10/1759893656.json"
"365170","146153","2025-10-10","48.00","NZD","1759893656","23477/2025-10-10/1759893656.json"
"510807","146155","2025-10-10","52.00","NZD","1759893656","23477/2025-10-10/1759893656.json"
"581513","221281","2025-10-08","36.00","NZD","1759893656","23477/2025-10-08/1759893656.json"
"581514","221282","2025-10-08","36.00","NZD","1759893656","23477/2025-10-08/1759893656.json"
"512557","146154","2025-10-08","45.00","NZD","1759893656","23477/2025-10-08/1759893656.json"
"365170","146153","2025-10-08","48.00","NZD","1759893656","23477/2025-10-08/1759893656.json"
"510807","146155","2025-10-08","52.00","NZD","1759893656","23477/2025-10-08/1759893656.json"
"581513","221281","2025-10-09","36.00","NZD","1759893656","23477/2025-10-09/1759893656.json"
"581514","221282","2025-10-09","36.00","NZD","1759893656","23477/2025-10-09/1759893656.json"
"512557","146154","2025-10-09","45.00","NZD","1759893656","23477/2025-10-09/1759893656.json"
"365170","146153","2025-10-09","48.00","NZD","1759893656","23477/2025-10-09/1759893656.json"
"510807","146155","2025-10-09","52.00","NZD","1759893656","23477/2025-10-09/1759893656.json"
"581513","221281","2025-10-12","36.00","NZD","1759893656","23477/2025-10-12/1759893656.json"
"581514","221282","2025-10-12","36.00","NZD","1759893656","23477/2025-10-12/1759893656.json"
"512557","146154","2025-10-12","45.00","NZD","1759893656","23477/2025-10-12/1759893656.json"
"365170","146153","2025-10-12","48.00","NZD","1759893656","23477/2025-10-12/1759893656.json"
"510807","146155","2025-10-12","52.00","NZD","1759893656","23477/2025-10-12/1759893656.json"
"581513","221281","2025-10-13","36.00","NZD","1759893656","23477/2025-10-13/1759893656.json"
"581514","221282","2025-10-13","36.00","NZD","1759893656","23477/2025-10-13/1759893656.json"
"512557","146154","2025-10-13","45.00","NZD","1759893656","23477/2025-10-13/1759893656.json"
"365170","146153","2025-10-13","48.00","NZD","1759893656","23477/2025-10-13/1759893656.json"
"510807","146155","2025-10-13","52.00","NZD","1759893656","23477/2025-10-13/1759893656.json"
"581513","221281","2025-10-14","36.00","NZD","1759893656","23477/2025-10-14/1759893656.json"
"581514","221282","2025-10-14","36.00","NZD","1759893656","23477/2025-10-14/1759893656.json"
"512557","146154","2025-10-14","45.00","NZD","1759893656","23477/2025-10-14/1759893656.json"
"365170","146153","2025-10-14","48.00","NZD","1759893656","23477/2025-10-14/1759893656.json"
"510807","146155","2025-10-14","52.00","NZD","1759893656","23477/2025-10-14/1759893656.json"
"581513","221281","2025-10-15","36.00","NZD","1759893656","23477/2025-10-15/1759893656.json"
"581514","221282","2025-10-15","36.00","NZD","1759893656","23477/2025-10-15/1759893656.json"
"512557","146154","2025-10-15","45.00","NZD","1759893656","23477/2025-10-15/1759893656.json"
"365170","146153","2025-10-15","48.00","NZD","1759893656","23477/2025-10-15/1759893656.json"
"510807","146155","2025-10-15","52.00","NZD","1759893656","23477/2025-10-15/1759893656.json"
"581513","221281","2025-10-19","36.00","NZD","1759893656","23477/2025-10-19/1759893656.json"
"581514","221282","2025-10-19","36.00","NZD","1759893656","23477/2025-10-19/1759893656.json"
"512557","146154","2025-10-19","45.00","NZD","1759893656","23477/2025-10-19/1759893656.json"
"365170","146153","2025-10-19","48.00","NZD","1759893656","23477/2025-10-19/1759893656.json"
"510807","146155","2025-10-19","52.00","NZD","1759893656","23477/2025-10-19/1759893656.json"
"581513","221281","2025-10-16","36.00","NZD","1759893656","23477/2025-10-16/1759893656.json"
"581514","221282","2025-10-16","36.00","NZD","1759893656","23477/2025-10-16/1759893656.json"
"512557","146154","2025-10-16","45.00","NZD","1759893656","23477/2025-10-16/1759893656.json"
"365170","146153","2025-10-16","48.00","NZD","1759893656","23477/2025-10-16/1759893656.json"
"510807","146155","2025-10-16","52.00","NZD","1759893656","23477/2025-10-16/1759893656.json"
"581513","221281","2025-10-17","36.00","NZD","1759893656","23477/2025-10-17/1759893656.json"
"581514","221282","2025-10-17","36.00","NZD","1759893656","23477/2025-10-17/1759893656.json"
"512557","146154","2025-10-17","45.00","NZD","1759893656","23477/2025-10-17/1759893656.json"
"365170","146153","2025-10-17","48.00","NZD","1759893656","23477/2025-10-17/1759893656.json"
"510807","146155","2025-10-17","52.00","NZD","1759893656","23477/2025-10-17/1759893656.json"
"581513","221281","2025-10-18","36.00","NZD","1759893656","23477/2025-10-18/1759893656.json"
"581514","221282","2025-10-18","36.00","NZD","1759893656","23477/2025-10-18/1759893656.json"
"512557","146154","2025-10-18","45.00","NZD","1759893656","23477/2025-10-18/1759893656.json"
"365170","146153","2025-10-18","48.00","NZD","1759893656","23477/2025-10-18/1759893656.json"
"510807","146155","2025-10-18","52.00","NZD","1759893656","23477/2025-10-18/1759893656.json"
"581513","221281","2025-10-20","36.00","NZD","1759893656","23477/2025-10-20/1759893656.json"
"581514","221282","2025-10-20","36.00","NZD","1759893656","23477/2025-10-20/1759893656.json"
"512557","146154","2025-10-20","45.00","NZD","1759893656","23477/2025-10-20/1759893656.json"
"365170","146153","2025-10-20","48.00","NZD","1759893656","23477/2025-10-20/1759893656.json"
"510807","146155","2025-10-20","52.00","NZD","1759893656","23477/2025-10-20/1759893656.json"
"581513","221281","2025-10-21","36.00","NZD","1759893656","23477/2025-10-21/1759893656.json"
"581514","221282","2025-10-21","36.00","NZD","1759893656","23477/2025-10-21/1759893656.json"
"512557","146154","2025-10-21","45.00","NZD","1759893656","23477/2025-10-21/1759893656.json"
"365170","146153","2025-10-21","48.00","NZD","1759893656","23477/2025-10-21/1759893656.json"
"510807","146155","2025-10-21","52.00","NZD","1759893656","23477/2025-10-21/1759893656.json"
"581513","221281","2025-10-23","36.00","NZD","1759893656","23477/2025-10-23/1759893656.json"
"581514","221282","2025-10-23","36.00","NZD","1759893656","23477/2025-10-23/1759893656.json"
"512557","146154","2025-10-23","45.00","NZD","1759893656","23477/2025-10-23/1759893656.json"
"365170","146153","2025-10-23","48.00","NZD","1759893656","23477/2025-10-23/1759893656.json"
"510807","146155","2025-10-23","52.00","NZD","1759893656","23477/2025-10-23/1759893656.json"
"581513","221281","2025-10-22","36.00","NZD","1759893656","23477/2025-10-22/1759893656.json"
"581514","221282","2025-10-22","36.00","NZD","1759893656","23477/2025-10-22/1759893656.json"
"512557","146154","2025-10-22","45.00","NZD","1759893656","23477/2025-10-22/1759893656.json"
"365170","146153","2025-10-22","48.00","NZD","1759893656","23477/2025-10-22/1759893656.json"
"510807","146155","2025-10-22","52.00","NZD","1759893656","23477/2025-10-22/1759893656.json"
"581513","221281","2025-10-25","36.00","NZD","1759893656","23477/2025-10-25/1759893656.json"
"581514","221282","2025-10-25","36.00","NZD","1759893656","23477/2025-10-25/1759893656.json"
"512557","146154","2025-10-25","45.00","NZD","1759893656","23477/2025-10-25/1759893656.json"
"365170","146153","2025-10-25","48.00","NZD","1759893656","23477/2025-10-25/1759893656.json"
"510807","146155","2025-10-25","52.00","NZD","1759893656","23477/2025-10-25/1759893656.json"
"581513","221281","2025-10-24","36.00","NZD","1759893656","23477/2025-10-24/1759893656.json"
"581514","221282","2025-10-24","36.00","NZD","1759893656","23477/2025-10-24/1759893656.json"
"512557","146154","2025-10-24","45.00","NZD","1759893656","23477/2025-10-24/1759893656.json"
"365170","146153","2025-10-24","48.00","NZD","1759893656","23477/2025-10-24/1759893656.json"
"510807","146155","2025-10-24","52.00","NZD","1759893656","23477/2025-10-24/1759893656.json"
"581513","221281","2025-10-26","36.00","NZD","1759893656","23477/2025-10-26/1759893656.json"
"581514","221282","2025-10-26","36.00","NZD","1759893656","23477/2025-10-26/1759893656.json"
"512557","146154","2025-10-26","45.00","NZD","1759893656","23477/2025-10-26/1759893656.json"
"365170","146153","2025-10-26","48.00","NZD","1759893656","23477/2025-10-26/1759893656.json"
"510807","146155","2025-10-26","52.00","NZD","1759893656","23477/2025-10-26/1759893656.json"
"581513","221281","2025-10-27","36.00","NZD","1759893656","23477/2025-10-27/1759893656.json"
"581514","221282","2025-10-27","36.00","NZD","1759893656","23477/2025-10-27/1759893656.json"
"512557","146154","2025-10-27","45.00","NZD","1759893656","23477/2025-10-27/1759893656.json"
"365170","146153","2025-10-27","48.00","NZD","1759893656","23477/2025-10-27/1759893656.json"
"510807","146155","2025-10-27","52.00","NZD","1759893656","23477/2025-10-27/1759893656.json"
"581513","221281","2025-10-29","36.00","NZD","1759893656","23477/2025-10-29/1759893656.json"
"581514","221282","2025-10-29","36.00","NZD","1759893656","23477/2025-10-29/1759893656.json"
"512557","146154","2025-10-29","45.00","NZD","1759893656","23477/2025-10-29/1759893656.json"
"365170","146153","2025-10-29","48.00","NZD","1759893656","23477/2025-10-29/1759893656.json"
"510807","146155","2025-10-29","52.00","NZD","1759893656","23477/2025-10-29/1759893656.json"
"581513","221281","2025-10-28","36.00","NZD","1759893656","23477/2025-10-28/1759893656.json"
"581514","221282","2025-10-28","36.00","NZD","1759893656","23477/2025-10-28/1759893656.json"
"512557","146154","2025-10-28","45.00","NZD","1759893656","23477/2025-10-28/1759893656.json"
"365170","146153","2025-10-28","48.00","NZD","1759893656","23477/2025-10-28/1759893656.json"
"510807","146155","2025-10-28","52.00","NZD","1759893656","23477/2025-10-28/1759893656.json"
"581513","221281","2025-10-30","36.00","NZD","1759893656","23477/2025-10-30/1759893656.json"
"581514","221282","2025-10-30","36.00","NZD","1759893656","23477/2025-10-30/1759893656.json"
"512557","146154","2025-10-30","45.00","NZD","1759893656","23477/2025-10-30/1759893656.json"
"365170","146153","2025-10-30","48.00","NZD","1759893656","23477/2025-10-30/1759893656.json"
"510807","146155","2025-10-30","52.00","NZD","1759893656","23477/2025-10-30/1759893656.json"
"581513","221281","2025-10-31","36.00","NZD","1759893656","23477/2025-10-31/1759893656.json"
"581514","221282","2025-10-31","36.00","NZD","1759893656","23477/2025-10-31/1759893656.json"
"512557","146154","2025-10-31","45.00","NZD","1759893656","23477/2025-10-31/1759893656.json"
"365170","146153","2025-10-31","48.00","NZD","1759893656","23477/2025-10-31/1759893656.json"
"510807","146155","2025-10-31","52.00","NZD","1759893656","23477/2025-10-31/1759893656.json"
"581513","221281","2025-11-01","36.00","NZD","1759893656","23477/2025-11-01/1759893656.json"
"581514","221282","2025-11-01","36.00","NZD","1759893656","23477/2025-11-01/1759893656.json"
"512557","146154","2025-11-01","45.00","NZD","1759893656","23477/2025-11-01/1759893656.json"
"365170","146153","2025-11-01","48.00","NZD","1759893656","23477/2025-11-01/1759893656.json"
"510807","146155","2025-11-01","52.00","NZD","1759893656","23477/2025-11-01/1759893656.json"
"581513","221281","2025-11-02","36.00","NZD","1759893656","23477/2025-11-02/1759893656.json"
"581514","221282","2025-11-02","36.00","NZD","1759893656","23477/2025-11-02/1759893656.json"
"512557","146154","2025-11-02","45.00","NZD","1759893656","23477/2025-11-02/1759893656.json"
"365170","146153","2025-11-02","48.00","NZD","1759893656","23477/2025-11-02/1759893656.json"
"510807","146155","2025-11-02","52.00","NZD","1759893656","23477/2025-11-02/1759893656.json"
"581513","221281","2025-11-03","36.00","NZD","1759893656","23477/2025-11-03/1759893656.json"
"581514","221282","2025-11-03","36.00","NZD","1759893656","23477/2025-11-03/1759893656.json"
"512557","146154","2025-11-03","45.00","NZD","1759893656","23477/2025-11-03/1759893656.json"
"365170","146153","2025-11-03","48.00","NZD","1759893656","23477/2025-11-03/1759893656.json"
"510807","146155","2025-11-03","52.00","NZD","1759893656","23477/2025-11-03/1759893656.json"
"581513","221281","2025-11-04","36.00","NZD","1759893656","23477/2025-11-04/1759893656.json"
"581514","221282","2025-11-04","36.00","NZD","1759893656","23477/2025-11-04/1759893656.json"
"512557","146154","2025-11-04","45.00","NZD","1759893656","23477/2025-11-04/1759893656.json"
"365170","146153","2025-11-04","48.00","NZD","1759893656","23477/2025-11-04/1759893656.json"
"510807","146155","2025-11-04","52.00","NZD","1759893656","23477/2025-11-04/1759893656.json"
"581513","221281","2025-11-05","36.00","NZD","1759893656","23477/2025-11-05/1759893656.json"
"581514","221282","2025-11-05","36.00","NZD","1759893656","23477/2025-11-05/1759893656.json"
"512557","146154","2025-11-05","45.00","NZD","1759893656","23477/2025-11-05/1759893656.json"
"365170","146153","2025-11-05","48.00","NZD","1759893656","23477/2025-11-05/1759893656.json"
"510807","146155","2025-11-05","52.00","NZD","1759893656","23477/2025-11-05/1759893656.json"
"581513","221281","2025-11-06","36.00","NZD","1759893656","23477/2025-11-06/1759893656.json"
"581514","221282","2025-11-06","36.00","NZD","1759893656","23477/2025-11-06/1759893656.json"
"512557","146154","2025-11-06","45.00","NZD","1759893656","23477/2025-11-06/1759893656.json"
"365170","146153","2025-11-06","48.00","NZD","1759893656","23477/2025-11-06/1759893656.json"
"510807","146155","2025-11-06","52.00","NZD","1759893656","23477/2025-11-06/1759893656.json"
"581513","221281","2025-11-07","36.00","NZD","1759893656","23477/2025-11-07/1759893656.json"
"581514","221282","2025-11-07","36.00","NZD","1759893656","23477/2025-11-07/1759893656.json"
"512557","146154","2025-11-07","45.00","NZD","1759893656","23477/2025-11-07/1759893656.json"
"365170","146153","2025-11-07","48.00","NZD","1759893656","23477/2025-11-07/1759893656.json"
"510807","146155","2025-11-07","52.00","NZD","1759893656","23477/2025-11-07/1759893656.json"
"581513","221281","2025-11-08","36.00","NZD","1759893656","23477/2025-11-08/1759893656.json"
"581514","221282","2025-11-08","36.00","NZD","1759893656","23477/2025-11-08/1759893656.json"
"512557","146154","2025-11-08","45.00","NZD","1759893656","23477/2025-11-08/1759893656.json"
"365170","146153","2025-11-08","48.00","NZD","1759893656","23477/2025-11-08/1759893656.json"
"510807","146155","2025-11-08","52.00","NZD","1759893656","23477/2025-11-08/1759893656.json"
"581513","221281","2025-11-09","36.00","NZD","1759893656","23477/2025-11-09/1759893656.json"
"581514","221282","2025-11-09","36.00","NZD","1759893656","23477/2025-11-09/1759893656.json"
"512557","146154","2025-11-09","45.00","NZD","1759893656","23477/2025-11-09/1759893656.json"
"365170","146153","2025-11-09","48.00","NZD","1759893656","23477/2025-11-09/1759893656.json"
"510807","146155","2025-11-09","52.00","NZD","1759893656","23477/2025-11-09/1759893656.json"
"581513","221281","2025-11-10","36.00","NZD","1759893656","23477/2025-11-10/1759893656.json"
"581514","221282","2025-11-10","36.00","NZD","1759893656","23477/2025-11-10/1759893656.json"
"512557","146154","2025-11-10","45.00","NZD","1759893656","23477/2025-11-10/1759893656.json"
"365170","146153","2025-11-10","48.00","NZD","1759893656","23477/2025-11-10/1759893656.json"
"510807","146155","2025-11-10","52.00","NZD","1759893656","23477/2025-11-10/1759893656.json"
"581513","221281","2025-11-11","36.00","NZD","1759893656","23477/2025-11-11/1759893656.json"
"581514","221282","2025-11-11","36.00","NZD","1759893656","23477/2025-11-11/1759893656.json"
"512557","146154","2025-11-11","45.00","NZD","1759893656","23477/2025-11-11/1759893656.json"
"365170","146153","2025-11-11","48.00","NZD","1759893656","23477/2025-11-11/1759893656.json"
"510807","146155","2025-11-11","52.00","NZD","1759893656","23477/2025-11-11/1759893656.json"
"581513","221281","2025-11-12","36.00","NZD","1759893656","23477/2025-11-12/1759893656.json"
"581514","221282","2025-11-12","36.00","NZD","1759893656","23477/2025-11-12/1759893656.json"
"512557","146154","2025-11-12","45.00","NZD","1759893656","23477/2025-11-12/1759893656.json"
"365170","146153","2025-11-12","48.00","NZD","1759893656","23477/2025-11-12/1759893656.json"
"510807","146155","2025-11-12","52.00","NZD","1759893656","23477/2025-11-12/1759893656.json"
"581513","221281","2025-11-13","36.00","NZD","1759893656","23477/2025-11-13/1759893656.json"
"581514","221282","2025-11-13","36.00","NZD","1759893656","23477/2025-11-13/1759893656.json"
"512557","146154","2025-11-13","45.00","NZD","1759893656","23477/2025-11-13/1759893656.json"
"365170","146153","2025-11-13","48.00","NZD","1759893656","23477/2025-11-13/1759893656.json"
"510807","146155","2025-11-13","52.00","NZD","1759893656","23477/2025-11-13/1759893656.json"
"581513","221281","2025-11-14","36.00","NZD","1759893656","23477/2025-11-14/1759893656.json"
"581514","221282","2025-11-14","36.00","NZD","1759893656","23477/2025-11-14/1759893656.json"
"512557","146154","2025-11-14","45.00","NZD","1759893656","23477/2025-11-14/1759893656.json"
"365170","146153","2025-11-14","48.00","NZD","1759893656","23477/2025-11-14/1759893656.json"
"510807","146155","2025-11-14","52.00","NZD","1759893656","23477/2025-11-14/1759893656.json"
"581513","221281","2025-11-15","36.00","NZD","1759893656","23477/2025-11-15/1759893656.json"
"581514","221282","2025-11-15","36.00","NZD","1759893656","23477/2025-11-15/1759893656.json"
"512557","146154","2025-11-15","45.00","NZD","1759893656","23477/2025-11-15/1759893656.json"
"365170","146153","2025-11-15","48.00","NZD","1759893656","23477/2025-11-15/1759893656.json"
"510807","146155","2025-11-15","52.00","NZD","1759893656","23477/2025-11-15/1759893656.json"
"581513","221281","2025-11-16","36.00","NZD","1759893656","23477/2025-11-16/1759893656.json"
"581514","221282","2025-11-16","36.00","NZD","1759893656","23477/2025-11-16/1759893656.json"
"512557","146154","2025-11-16","45.00","NZD","1759893656","23477/2025-11-16/1759893656.json"
"365170","146153","2025-11-16","48.00","NZD","1759893656","23477/2025-11-16/1759893656.json"
"510807","146155","2025-11-16","52.00","NZD","1759893656","23477/2025-11-16/1759893656.json"
"581513","221281","2025-11-17","36.00","NZD","1759893656","23477/2025-11-17/1759893656.json"
"581514","221282","2025-11-17","36.00","NZD","1759893656","23477/2025-11-17/1759893656.json"
"512557","146154","2025-11-17","45.00","NZD","1759893656","23477/2025-11-17/1759893656.json"
"365170","146153","2025-11-17","48.00","NZD","1759893656","23477/2025-11-17/1759893656.json"
"510807","146155","2025-11-17","52.00","NZD","1759893656","23477/2025-11-17/1759893656.json"
"581513","221281","2025-11-20","36.00","NZD","1759893656","23477/2025-11-20/1759893656.json"
"581514","221282","2025-11-20","36.00","NZD","1759893656","23477/2025-11-20/1759893656.json"
"512557","146154","2025-11-20","45.00","NZD","1759893656","23477/2025-11-20/1759893656.json"
"581513","221281","2025-11-21","36.00","NZD","1759893656","23477/2025-11-21/1759893656.json"
"581514","221282","2025-11-21","36.00","NZD","1759893656","23477/2025-11-21/1759893656.json"
"512557","146154","2025-11-21","45.00","NZD","1759893656","23477/2025-11-21/1759893656.json"
"365170","146153","2025-11-21","48.00","NZD","1759893656","23477/2025-11-21/1759893656.json"
"510807","146155","2025-11-21","52.00","NZD","1759893656","23477/2025-11-21/1759893656.json"
"581513","221281","2025-11-18","36.00","NZD","1759893656","23477/2025-11-18/1759893656.json"
"581514","221282","2025-11-18","36.00","NZD","1759893656","23477/2025-11-18/1759893656.json"
"512557","146154","2025-11-18","45.00","NZD","1759893656","23477/2025-11-18/1759893656.json"
"365170","146153","2025-11-18","48.00","NZD","1759893656","23477/2025-11-18/1759893656.json"
"510807","146155","2025-11-18","52.00","NZD","1759893656","23477/2025-11-18/1759893656.json"
"581513","221281","2025-11-19","36.00","NZD","1759893656","23477/2025-11-19/1759893656.json"
"581514","221282","2025-11-19","36.00","NZD","1759893656","23477/2025-11-19/1759893656.json"
"512557","146154","2025-11-19","45.00","NZD","1759893656","23477/2025-11-19/1759893656.json"
"365170","146153","2025-11-19","48.00","NZD","1759893656","23477/2025-11-19/1759893656.json"
"510807","146155","2025-11-19","52.00","NZD","1759893656","23477/2025-11-19/1759893656.json"
"581513","221281","2025-11-24","36.00","NZD","1759893656","23477/2025-11-24/1759893656.json"
"581514","221282","2025-11-24","36.00","NZD","1759893656","23477/2025-11-24/1759893656.json"
"512557","146154","2025-11-24","45.00","NZD","1759893656","23477/2025-11-24/1759893656.json"
"365170","146153","2025-11-24","48.00","NZD","1759893656","23477/2025-11-24/1759893656.json"
"510807","146155","2025-11-24","52.00","NZD","1759893656","23477/2025-11-24/1759893656.json"
"581513","221281","2025-11-23","36.00","NZD","1759893656","23477/2025-11-23/1759893656.json"
"581514","221282","2025-11-23","36.00","NZD","1759893656","23477/2025-11-23/1759893656.json"
"512557","146154","2025-11-23","45.00","NZD","1759893656","23477/2025-11-23/1759893656.json"
"365170","146153","2025-11-23","48.00","NZD","1759893656","23477/2025-11-23/1759893656.json"
"510807","146155","2025-11-23","52.00","NZD","1759893656","23477/2025-11-23/1759893656.json"
"581513","221281","2025-11-25","36.00","NZD","1759893656","23477/2025-11-25/1759893656.json"
"581514","221282","2025-11-25","36.00","NZD","1759893656","23477/2025-11-25/1759893656.json"
"512557","146154","2025-11-25","45.00","NZD","1759893656","23477/2025-11-25/1759893656.json"
"365170","146153","2025-11-25","48.00","NZD","1759893656","23477/2025-11-25/1759893656.json"
"510807","146155","2025-11-25","52.00","NZD","1759893656","23477/2025-11-25/1759893656.json"
"581513","221281","2025-11-22","36.00","NZD","1759893656","23477/2025-11-22/1759893656.json"
"581514","221282","2025-11-22","36.00","NZD","1759893656","23477/2025-11-22/1759893656.json"
"512557","146154","2025-11-22","45.00","NZD","1759893656","23477/2025-11-22/1759893656.json"
"365170","146153","2025-11-22","48.00","NZD","1759893656","23477/2025-11-22/1759893656.json"
"510807","146155","2025-11-22","52.00","NZD","1759893656","23477/2025-11-22/1759893656.json"
"581513","221281","2025-11-27","36.00","NZD","1759893656","23477/2025-11-27/1759893656.json"
"581514","221282","2025-11-27","36.00","NZD","1759893656","23477/2025-11-27/1759893656.json"
"512557","146154","2025-11-27","45.00","NZD","1759893656","23477/2025-11-27/1759893656.json"
"365170","146153","2025-11-27","48.00","NZD","1759893656","23477/2025-11-27/1759893656.json"
"510807","146155","2025-11-27","52.00","NZD","1759893656","23477/2025-11-27/1759893656.json"
"581513","221281","2025-11-26","36.00","NZD","1759893656","23477/2025-11-26/1759893656.json"
"581514","221282","2025-11-26","36.00","NZD","1759893656","23477/2025-11-26/1759893656.json"
"512557","146154","2025-11-26","45.00","NZD","1759893656","23477/2025-11-26/1759893656.json"
"365170","146153","2025-11-26","48.00","NZD","1759893656","23477/2025-11-26/1759893656.json"
"510807","146155","2025-11-26","52.00","NZD","1759893656","23477/2025-11-26/1759893656.json"
"581513","221281","2025-11-28","36.00","NZD","1759893656","23477/2025-11-28/1759893656.json"
"581514","221282","2025-11-28","36.00","NZD","1759893656","23477/2025-11-28/1759893656.json"
"512557","146154","2025-11-28","45.00","NZD","1759893656","23477/2025-11-28/1759893656.json"
"365170","146153","2025-11-28","48.00","NZD","1759893656","23477/2025-11-28/1759893656.json"
"510807","146155","2025-11-28","52.00","NZD","1759893656","23477/2025-11-28/1759893656.json"
"581513","221281","2025-11-29","36.00","NZD","1759893656","23477/2025-11-29/1759893656.json"
"581514","221282","2025-11-29","36.00","NZD","1759893656","23477/2025-11-29/1759893656.json"
"512557","146154","2025-11-29","45.00","NZD","1759893656","23477/2025-11-29/1759893656.json"
"365170","146153","2025-11-29","48.00","NZD","1759893656","23477/2025-11-29/1759893656.json"
"510807","146155","2025-11-29","52.00","NZD","1759893656","23477/2025-11-29/1759893656.json"
"581513","221281","2025-11-30","36.00","NZD","1759893656","23477/2025-11-30/1759893656.json"
"581514","221282","2025-11-30","36.00","NZD","1759893656","23477/2025-11-30/1759893656.json"
"512557","146154","2025-11-30","45.00","NZD","1759893656","23477/2025-11-30/1759893656.json"
"365170","146153","2025-11-30","48.00","NZD","1759893656","23477/2025-11-30/1759893656.json"
"510807","146155","2025-11-30","52.00","NZD","1759893656","23477/2025-11-30/1759893656.json"
"581513","221281","2025-12-01","36.00","NZD","1759893656","23477/2025-12-01/1759893656.json"
"581514","221282","2025-12-01","36.00","NZD","1759893656","23477/2025-12-01/1759893656.json"
"512557","146154","2025-12-01","45.00","NZD","1759893656","23477/2025-12-01/1759893656.json"
"365170","146153","2025-12-01","48.00","NZD","1759893656","23477/2025-12-01/1759893656.json"
"510807","146155","2025-12-01","52.00","NZD","1759893656","23477/2025-12-01/1759893656.json"
"581513","221281","2025-12-02","36.00","NZD","1759893656","23477/2025-12-02/1759893656.json"
"581514","221282","2025-12-02","36.00","NZD","1759893656","23477/2025-12-02/1759893656.json"
"512557","146154","2025-12-02","45.00","NZD","1759893656","23477/2025-12-02/1759893656.json"
"365170","146153","2025-12-02","48.00","NZD","1759893656","23477/2025-12-02/1759893656.json"
"510807","146155","2025-12-02","52.00","NZD","1759893656","23477/2025-12-02/1759893656.json"
"581513","221281","2025-12-03","36.00","NZD","1759893656","23477/2025-12-03/1759893656.json"
"581514","221282","2025-12-03","36.00","NZD","1759893656","23477/2025-12-03/1759893656.json"
"512557","146154","2025-12-03","45.00","NZD","1759893656","23477/2025-12-03/1759893656.json"
"365170","146153","2025-12-03","48.00","NZD","1759893656","23477/2025-12-03/1759893656.json"
"510807","146155","2025-12-03","52.00","NZD","1759893656","23477/2025-12-03/1759893656.json"
"581513","221281","2025-12-04","36.00","NZD","1759893656","23477/2025-12-04/1759893656.json"
"581514","221282","2025-12-04","36.00","NZD","1759893656","23477/2025-12-04/1759893656.json"
"512557","146154","2025-12-04","45.00","NZD","1759893656","23477/2025-12-04/1759893656.json"
"365170","146153","2025-12-04","48.00","NZD","1759893656","23477/2025-12-04/1759893656.json"
"510807","146155","2025-12-04","52.00","NZD","1759893656","23477/2025-12-04/1759893656.json"
"581513","221281","2025-12-05","36.00","NZD","1759893656","23477/2025-12-05/1759893656.json"
"581514","221282","2025-12-05","36.00","NZD","1759893656","23477/2025-12-05/1759893656.json"
"512557","146154","2025-12-05","45.00","NZD","1759893656","23477/2025-12-05/1759893656.json"
"365170","146153","2025-12-05","48.00","NZD","1759893656","23477/2025-12-05/1759893656.json"
"510807","146155","2025-12-05","52.00","NZD","1759893656","23477/2025-12-05/1759893656.json"
"581513","221281","2025-12-06","36.00","NZD","1759893656","23477/2025-12-06/1759893656.json"
"581514","221282","2025-12-06","36.00","NZD","1759893656","23477/2025-12-06/1759893656.json"
"512557","146154","2025-12-06","45.00","NZD","1759893656","23477/2025-12-06/1759893656.json"
"365170","146153","2025-12-06","48.00","NZD","1759893656","23477/2025-12-06/1759893656.json"
"510807","146155","2025-12-06","52.00","NZD","1759893656","23477/2025-12-06/1759893656.json"
"581513","221281","2025-12-07","36.00","NZD","1759893656","23477/2025-12-07/1759893656.json"
"581514","221282","2025-12-07","36.00","NZD","1759893656","23477/2025-12-07/1759893656.json"
"512557","146154","2025-12-07","45.00","NZD","1759893656","23477/2025-12-07/1759893656.json"
"365170","146153","2025-12-07","48.00","NZD","1759893656","23477/2025-12-07/1759893656.json"
"510807","146155","2025-12-07","52.00","NZD","1759893656","23477/2025-12-07/1759893656.json"
"581513","221281","2025-10-09","36.00","NZD","1759899222","23477/2025-10-09/1759899222.json"
"581514","221282","2025-10-09","36.00","NZD","1759899222","23477/2025-10-09/1759899222.json"
"512557","146154","2025-10-09","45.00","NZD","1759899222","23477/2025-10-09/1759899222.json"
"365170","146153","2025-10-09","48.00","NZD","1759899222","23477/2025-10-09/1759899222.json"
"510807","146155","2025-10-09","52.00","NZD","1759899222","23477/2025-10-09/1759899222.json"
"581513","221281","2025-10-10","36.00","NZD","1759899222","23477/2025-10-10/1759899222.json"
"581513","221281","2025-10-08","36.00","NZD","1759899222","23477/2025-10-08/1759899222.json"
"581514","221282","2025-10-08","36.00","NZD","1759899222","23477/2025-10-08/1759899222.json"
"581514","221282","2025-10-10","36.00","NZD","1759899222","23477/2025-10-10/1759899222.json"
"512557","146154","2025-10-10","45.00","NZD","1759899222","23477/2025-10-10/1759899222.json"
"512557","146154","2025-10-08","45.00","NZD","1759899222","23477/2025-10-08/1759899222.json"
"365170","146153","2025-10-10","48.00","NZD","1759899222","23477/2025-10-10/1759899222.json"
"365170","146153","2025-10-08","48.00","NZD","1759899222","23477/2025-10-08/1759899222.json"
"510807","146155","2025-10-08","52.00","NZD","1759899222","23477/2025-10-08/1759899222.json"
"510807","146155","2025-10-10","52.00","NZD","1759899222","23477/2025-10-10/1759899222.json"
"581513","221281","2025-10-11","36.00","NZD","1759899222","23477/2025-10-11/1759899222.json"
"581514","221282","2025-10-11","36.00","NZD","1759899222","23477/2025-10-11/1759899222.json"
"512557","146154","2025-10-11","45.00","NZD","1759899222","23477/2025-10-11/1759899222.json"
"365170","146153","2025-10-11","48.00","NZD","1759899222","23477/2025-10-11/1759899222.json"
"510807","146155","2025-10-11","52.00","NZD","1759899222","23477/2025-10-11/1759899222.json"
"581513","221281","2025-10-12","36.00","NZD","1759899222","23477/2025-10-12/1759899222.json"
"581514","221282","2025-10-12","36.00","NZD","1759899222","23477/2025-10-12/1759899222.json"
"512557","146154","2025-10-12","45.00","NZD","1759899222","23477/2025-10-12/1759899222.json"
"365170","146153","2025-10-12","48.00","NZD","1759899222","23477/2025-10-12/1759899222.json"
"510807","146155","2025-10-12","52.00","NZD","1759899222","23477/2025-10-12/1759899222.json"
"581513","221281","2025-10-15","36.00","NZD","1759899222","23477/2025-10-15/1759899222.json"
"581514","221282","2025-10-15","36.00","NZD","1759899222","23477/2025-10-15/1759899222.json"
"512557","146154","2025-10-15","45.00","NZD","1759899222","23477/2025-10-15/1759899222.json"
"365170","146153","2025-10-15","48.00","NZD","1759899222","23477/2025-10-15/1759899222.json"
"510807","146155","2025-10-15","52.00","NZD","1759899222","23477/2025-10-15/1759899222.json"
"581513","221281","2025-10-14","36.00","NZD","1759899222","23477/2025-10-14/1759899222.json"
"581514","221282","2025-10-14","36.00","NZD","1759899222","23477/2025-10-14/1759899222.json"
"512557","146154","2025-10-14","45.00","NZD","1759899222","23477/2025-10-14/1759899222.json"
"365170","146153","2025-10-14","48.00","NZD","1759899222","23477/2025-10-14/1759899222.json"
"510807","146155","2025-10-14","52.00","NZD","1759899222","23477/2025-10-14/1759899222.json"
"581513","221281","2025-10-13","36.00","NZD","1759899222","23477/2025-10-13/1759899222.json"
"581514","221282","2025-10-13","36.00","NZD","1759899222","23477/2025-10-13/1759899222.json"
"512557","146154","2025-10-13","45.00","NZD","1759899222","23477/2025-10-13/1759899222.json"
"365170","146153","2025-10-13","48.00","NZD","1759899222","23477/2025-10-13/1759899222.json"
"510807","146155","2025-10-13","52.00","NZD","1759899222","23477/2025-10-13/1759899222.json"
"581513","221281","2025-10-19","36.00","NZD","1759899222","23477/2025-10-19/1759899222.json"
"581514","221282","2025-10-19","36.00","NZD","1759899222","23477/2025-10-19/1759899222.json"
"512557","146154","2025-10-19","45.00","NZD","1759899222","23477/2025-10-19/1759899222.json"
"365170","146153","2025-10-19","48.00","NZD","1759899222","23477/2025-10-19/1759899222.json"
"510807","146155","2025-10-19","52.00","NZD","1759899222","23477/2025-10-19/1759899222.json"
"581513","221281","2025-10-16","36.00","NZD","1759899222","23477/2025-10-16/1759899222.json"
"581514","221282","2025-10-16","36.00","NZD","1759899222","23477/2025-10-16/1759899222.json"
"581513","221281","2025-10-18","36.00","NZD","1759899222","23477/2025-10-18/1759899222.json"
"581514","221282","2025-10-18","36.00","NZD","1759899222","23477/2025-10-18/1759899222.json"
"512557","146154","2025-10-16","45.00","NZD","1759899222","23477/2025-10-16/1759899222.json"
"512557","146154","2025-10-18","45.00","NZD","1759899222","23477/2025-10-18/1759899222.json"
"365170","146153","2025-10-16","48.00","NZD","1759899222","23477/2025-10-16/1759899222.json"
"365170","146153","2025-10-18","48.00","NZD","1759899222","23477/2025-10-18/1759899222.json"
"510807","146155","2025-10-16","52.00","NZD","1759899222","23477/2025-10-16/1759899222.json"
"510807","146155","2025-10-18","52.00","NZD","1759899222","23477/2025-10-18/1759899222.json"
"581513","221281","2025-10-17","36.00","NZD","1759899222","23477/2025-10-17/1759899222.json"
"581514","221282","2025-10-17","36.00","NZD","1759899222","23477/2025-10-17/1759899222.json"
"512557","146154","2025-10-17","45.00","NZD","1759899222","23477/2025-10-17/1759899222.json"
"365170","146153","2025-10-17","48.00","NZD","1759899222","23477/2025-10-17/1759899222.json"
"510807","146155","2025-10-17","52.00","NZD","1759899222","23477/2025-10-17/1759899222.json"
"581513","221281","2025-10-22","36.00","NZD","1759899222","23477/2025-10-22/1759899222.json"
"581514","221282","2025-10-22","36.00","NZD","1759899222","23477/2025-10-22/1759899222.json"
"512557","146154","2025-10-22","45.00","NZD","1759899222","23477/2025-10-22/1759899222.json"
"365170","146153","2025-10-22","48.00","NZD","1759899222","23477/2025-10-22/1759899222.json"
"510807","146155","2025-10-22","52.00","NZD","1759899222","23477/2025-10-22/1759899222.json"
"581513","221281","2025-10-20","36.00","NZD","1759899222","23477/2025-10-20/1759899222.json"
"581514","221282","2025-10-20","36.00","NZD","1759899222","23477/2025-10-20/1759899222.json"
"512557","146154","2025-10-20","45.00","NZD","1759899222","23477/2025-10-20/1759899222.json"
"365170","146153","2025-10-20","48.00","NZD","1759899222","23477/2025-10-20/1759899222.json"
"510807","146155","2025-10-20","52.00","NZD","1759899222","23477/2025-10-20/1759899222.json"
"581513","221281","2025-10-21","36.00","NZD","1759899222","23477/2025-10-21/1759899222.json"
"581514","221282","2025-10-21","36.00","NZD","1759899222","23477/2025-10-21/1759899222.json"
"512557","146154","2025-10-21","45.00","NZD","1759899222","23477/2025-10-21/1759899222.json"
"365170","146153","2025-10-21","48.00","NZD","1759899222","23477/2025-10-21/1759899222.json"
"510807","146155","2025-10-21","52.00","NZD","1759899222","23477/2025-10-21/1759899222.json"
"581513","221281","2025-10-23","36.00","NZD","1759899222","23477/2025-10-23/1759899222.json"
"581514","221282","2025-10-23","36.00","NZD","1759899222","23477/2025-10-23/1759899222.json"
"512557","146154","2025-10-23","45.00","NZD","1759899222","23477/2025-10-23/1759899222.json"
"365170","146153","2025-10-23","48.00","NZD","1759899222","23477/2025-10-23/1759899222.json"
"510807","146155","2025-10-23","52.00","NZD","1759899222","23477/2025-10-23/1759899222.json"
"581513","221281","2025-10-26","36.00","NZD","1759899222","23477/2025-10-26/1759899222.json"
"581514","221282","2025-10-26","36.00","NZD","1759899222","23477/2025-10-26/1759899222.json"
"512557","146154","2025-10-26","45.00","NZD","1759899222","23477/2025-10-26/1759899222.json"
"365170","146153","2025-10-26","48.00","NZD","1759899222","23477/2025-10-26/1759899222.json"
"510807","146155","2025-10-26","52.00","NZD","1759899222","23477/2025-10-26/1759899222.json"
"581513","221281","2025-10-25","36.00","NZD","1759899222","23477/2025-10-25/1759899222.json"
"581514","221282","2025-10-25","36.00","NZD","1759899222","23477/2025-10-25/1759899222.json"
"512557","146154","2025-10-25","45.00","NZD","1759899222","23477/2025-10-25/1759899222.json"
"365170","146153","2025-10-25","48.00","NZD","1759899222","23477/2025-10-25/1759899222.json"
"510807","146155","2025-10-25","52.00","NZD","1759899222","23477/2025-10-25/1759899222.json"
"581513","221281","2025-10-24","36.00","NZD","1759899222","23477/2025-10-24/1759899222.json"
"581514","221282","2025-10-24","36.00","NZD","1759899222","23477/2025-10-24/1759899222.json"
"512557","146154","2025-10-24","45.00","NZD","1759899222","23477/2025-10-24/1759899222.json"
"365170","146153","2025-10-24","48.00","NZD","1759899222","23477/2025-10-24/1759899222.json"
"510807","146155","2025-10-24","52.00","NZD","1759899222","23477/2025-10-24/1759899222.json"
"581513","221281","2025-10-29","36.00","NZD","1759899222","23477/2025-10-29/1759899222.json"
"581514","221282","2025-10-29","36.00","NZD","1759899222","23477/2025-10-29/1759899222.json"
"512557","146154","2025-10-29","45.00","NZD","1759899222","23477/2025-10-29/1759899222.json"
"365170","146153","2025-10-29","48.00","NZD","1759899222","23477/2025-10-29/1759899222.json"
"510807","146155","2025-10-29","52.00","NZD","1759899222","23477/2025-10-29/1759899222.json"
"581513","221281","2025-10-30","36.00","NZD","1759899222","23477/2025-10-30/1759899222.json"
"581514","221282","2025-10-30","36.00","NZD","1759899222","23477/2025-10-30/1759899222.json"
"512557","146154","2025-10-30","45.00","NZD","1759899222","23477/2025-10-30/1759899222.json"
"365170","146153","2025-10-30","48.00","NZD","1759899222","23477/2025-10-30/1759899222.json"
"510807","146155","2025-10-30","52.00","NZD","1759899222","23477/2025-10-30/1759899222.json"
"581513","221281","2025-10-28","36.00","NZD","1759899222","23477/2025-10-28/1759899222.json"
"581514","221282","2025-10-28","36.00","NZD","1759899222","23477/2025-10-28/1759899222.json"
"512557","146154","2025-10-28","45.00","NZD","1759899222","23477/2025-10-28/1759899222.json"
"365170","146153","2025-10-28","48.00","NZD","1759899222","23477/2025-10-28/1759899222.json"
"510807","146155","2025-10-28","52.00","NZD","1759899222","23477/2025-10-28/1759899222.json"
"581513","221281","2025-10-31","36.00","NZD","1759899222","23477/2025-10-31/1759899222.json"
"581514","221282","2025-10-31","36.00","NZD","1759899222","23477/2025-10-31/1759899222.json"
"512557","146154","2025-10-31","45.00","NZD","1759899222","23477/2025-10-31/1759899222.json"
"365170","146153","2025-10-31","48.00","NZD","1759899222","23477/2025-10-31/1759899222.json"
"510807","146155","2025-10-31","52.00","NZD","1759899222","23477/2025-10-31/1759899222.json"
"581513","221281","2025-11-01","36.00","NZD","1759899222","23477/2025-11-01/1759899222.json"
"581514","221282","2025-11-01","36.00","NZD","1759899222","23477/2025-11-01/1759899222.json"
"512557","146154","2025-11-01","45.00","NZD","1759899222","23477/2025-11-01/1759899222.json"
"365170","146153","2025-11-01","48.00","NZD","1759899222","23477/2025-11-01/1759899222.json"
"510807","146155","2025-11-01","52.00","NZD","1759899222","23477/2025-11-01/1759899222.json"
"581513","221281","2025-11-02","36.00","NZD","1759899222","23477/2025-11-02/1759899222.json"
"581514","221282","2025-11-02","36.00","NZD","1759899222","23477/2025-11-02/1759899222.json"
"512557","146154","2025-11-02","45.00","NZD","1759899222","23477/2025-11-02/1759899222.json"
"365170","146153","2025-11-02","48.00","NZD","1759899222","23477/2025-11-02/1759899222.json"
"510807","146155","2025-11-02","52.00","NZD","1759899222","23477/2025-11-02/1759899222.json"
"581513","221281","2025-11-03","36.00","NZD","1759899222","23477/2025-11-03/1759899222.json"
"581514","221282","2025-11-03","36.00","NZD","1759899222","23477/2025-11-03/1759899222.json"
"512557","146154","2025-11-03","45.00","NZD","1759899222","23477/2025-11-03/1759899222.json"
"365170","146153","2025-11-03","48.00","NZD","1759899222","23477/2025-11-03/1759899222.json"
"510807","146155","2025-11-03","52.00","NZD","1759899222","23477/2025-11-03/1759899222.json"
"581513","221281","2025-11-04","36.00","NZD","1759899222","23477/2025-11-04/1759899222.json"
"581514","221282","2025-11-04","36.00","NZD","1759899222","23477/2025-11-04/1759899222.json"
"512557","146154","2025-11-04","45.00","NZD","1759899222","23477/2025-11-04/1759899222.json"
"365170","146153","2025-11-04","48.00","NZD","1759899222","23477/2025-11-04/1759899222.json"
"510807","146155","2025-11-04","52.00","NZD","1759899222","23477/2025-11-04/1759899222.json"
"581513","221281","2025-11-05","36.00","NZD","1759899222","23477/2025-11-05/1759899222.json"
"581514","221282","2025-11-05","36.00","NZD","1759899222","23477/2025-11-05/1759899222.json"
"512557","146154","2025-11-05","45.00","NZD","1759899222","23477/2025-11-05/1759899222.json"
"365170","146153","2025-11-05","48.00","NZD","1759899222","23477/2025-11-05/1759899222.json"
"510807","146155","2025-11-05","52.00","NZD","1759899222","23477/2025-11-05/1759899222.json"
"581513","221281","2025-11-06","36.00","NZD","1759899222","23477/2025-11-06/1759899222.json"
"581514","221282","2025-11-06","36.00","NZD","1759899222","23477/2025-11-06/1759899222.json"
"512557","146154","2025-11-06","45.00","NZD","1759899222","23477/2025-11-06/1759899222.json"
"365170","146153","2025-11-06","48.00","NZD","1759899222","23477/2025-11-06/1759899222.json"
"510807","146155","2025-11-06","52.00","NZD","1759899222","23477/2025-11-06/1759899222.json"
"581513","221281","2025-11-07","36.00","NZD","1759899222","23477/2025-11-07/1759899222.json"
"581514","221282","2025-11-07","36.00","NZD","1759899222","23477/2025-11-07/1759899222.json"
"512557","146154","2025-11-07","45.00","NZD","1759899222","23477/2025-11-07/1759899222.json"
"365170","146153","2025-11-07","48.00","NZD","1759899222","23477/2025-11-07/1759899222.json"
"510807","146155","2025-11-07","52.00","NZD","1759899222","23477/2025-11-07/1759899222.json"
"581513","221281","2025-11-08","36.00","NZD","1759899222","23477/2025-11-08/1759899222.json"
"581514","221282","2025-11-08","36.00","NZD","1759899222","23477/2025-11-08/1759899222.json"
"512557","146154","2025-11-08","45.00","NZD","1759899222","23477/2025-11-08/1759899222.json"
"365170","146153","2025-11-08","48.00","NZD","1759899222","23477/2025-11-08/1759899222.json"
"510807","146155","2025-11-08","52.00","NZD","1759899222","23477/2025-11-08/1759899222.json"
"581513","221281","2025-11-09","36.00","NZD","1759899222","23477/2025-11-09/1759899222.json"
"581514","221282","2025-11-09","36.00","NZD","1759899222","23477/2025-11-09/1759899222.json"
"512557","146154","2025-11-09","45.00","NZD","1759899222","23477/2025-11-09/1759899222.json"
"365170","146153","2025-11-09","48.00","NZD","1759899222","23477/2025-11-09/1759899222.json"
"510807","146155","2025-11-09","52.00","NZD","1759899222","23477/2025-11-09/1759899222.json"
"581513","221281","2025-11-10","36.00","NZD","1759899222","23477/2025-11-10/1759899222.json"
"581514","221282","2025-11-10","36.00","NZD","1759899222","23477/2025-11-10/1759899222.json"
"512557","146154","2025-11-10","45.00","NZD","1759899222","23477/2025-11-10/1759899222.json"
"365170","146153","2025-11-10","48.00","NZD","1759899222","23477/2025-11-10/1759899222.json"
"510807","146155","2025-11-10","52.00","NZD","1759899222","23477/2025-11-10/1759899222.json"
"581513","221281","2025-11-11","36.00","NZD","1759899222","23477/2025-11-11/1759899222.json"
"581514","221282","2025-11-11","36.00","NZD","1759899222","23477/2025-11-11/1759899222.json"
"512557","146154","2025-11-11","45.00","NZD","1759899222","23477/2025-11-11/1759899222.json"
"365170","146153","2025-11-11","48.00","NZD","1759899222","23477/2025-11-11/1759899222.json"
"510807","146155","2025-11-11","52.00","NZD","1759899222","23477/2025-11-11/1759899222.json"
"581513","221281","2025-11-12","36.00","NZD","1759899222","23477/2025-11-12/1759899222.json"
"581514","221282","2025-11-12","36.00","NZD","1759899222","23477/2025-11-12/1759899222.json"
"512557","146154","2025-11-12","45.00","NZD","1759899222","23477/2025-11-12/1759899222.json"
"365170","146153","2025-11-12","48.00","NZD","1759899222","23477/2025-11-12/1759899222.json"
"510807","146155","2025-11-12","52.00","NZD","1759899222","23477/2025-11-12/1759899222.json"
"581513","221281","2025-11-13","36.00","NZD","1759899222","23477/2025-11-13/1759899222.json"
"581514","221282","2025-11-13","36.00","NZD","1759899222","23477/2025-11-13/1759899222.json"
"512557","146154","2025-11-13","45.00","NZD","1759899222","23477/2025-11-13/1759899222.json"
"365170","146153","2025-11-13","48.00","NZD","1759899222","23477/2025-11-13/1759899222.json"
"510807","146155","2025-11-13","52.00","NZD","1759899222","23477/2025-11-13/1759899222.json"
"581513","221281","2025-11-14","36.00","NZD","1759899222","23477/2025-11-14/1759899222.json"
"581514","221282","2025-11-14","36.00","NZD","1759899222","23477/2025-11-14/1759899222.json"
"512557","146154","2025-11-14","45.00","NZD","1759899222","23477/2025-11-14/1759899222.json"
"365170","146153","2025-11-14","48.00","NZD","1759899222","23477/2025-11-14/1759899222.json"
"510807","146155","2025-11-14","52.00","NZD","1759899222","23477/2025-11-14/1759899222.json"
"581513","221281","2025-11-15","36.00","NZD","1759899222","23477/2025-11-15/1759899222.json"
"581514","221282","2025-11-15","36.00","NZD","1759899222","23477/2025-11-15/1759899222.json"
"512557","146154","2025-11-15","45.00","NZD","1759899222","23477/2025-11-15/1759899222.json"
"365170","146153","2025-11-15","48.00","NZD","1759899222","23477/2025-11-15/1759899222.json"
"510807","146155","2025-11-15","52.00","NZD","1759899222","23477/2025-11-15/1759899222.json"
"581513","221281","2025-11-16","36.00","NZD","1759899222","23477/2025-11-16/1759899222.json"
"581514","221282","2025-11-16","36.00","NZD","1759899222","23477/2025-11-16/1759899222.json"
"512557","146154","2025-11-16","45.00","NZD","1759899222","23477/2025-11-16/1759899222.json"
"365170","146153","2025-11-16","48.00","NZD","1759899222","23477/2025-11-16/1759899222.json"
"510807","146155","2025-11-16","52.00","NZD","1759899222","23477/2025-11-16/1759899222.json"
"581513","221281","2025-11-17","36.00","NZD","1759899222","23477/2025-11-17/1759899222.json"
"581514","221282","2025-11-17","36.00","NZD","1759899222","23477/2025-11-17/1759899222.json"
"512557","146154","2025-11-17","45.00","NZD","1759899222","23477/2025-11-17/1759899222.json"
"365170","146153","2025-11-17","48.00","NZD","1759899222","23477/2025-11-17/1759899222.json"
"510807","146155","2025-11-17","52.00","NZD","1759899222","23477/2025-11-17/1759899222.json"
"581513","221281","2025-11-18","36.00","NZD","1759899222","23477/2025-11-18/1759899222.json"
"581514","221282","2025-11-18","36.00","NZD","1759899222","23477/2025-11-18/1759899222.json"
"512557","146154","2025-11-18","45.00","NZD","1759899222","23477/2025-11-18/1759899222.json"
"365170","146153","2025-11-18","48.00","NZD","1759899222","23477/2025-11-18/1759899222.json"
"510807","146155","2025-11-18","52.00","NZD","1759899222","23477/2025-11-18/1759899222.json"
"581513","221281","2025-11-19","36.00","NZD","1759899222","23477/2025-11-19/1759899222.json"
"581514","221282","2025-11-19","36.00","NZD","1759899222","23477/2025-11-19/1759899222.json"
"512557","146154","2025-11-19","45.00","NZD","1759899222","23477/2025-11-19/1759899222.json"
"365170","146153","2025-11-19","48.00","NZD","1759899222","23477/2025-11-19/1759899222.json"
"510807","146155","2025-11-19","52.00","NZD","1759899222","23477/2025-11-19/1759899222.json"
"581513","221281","2025-11-20","36.00","NZD","1759899222","23477/2025-11-20/1759899222.json"
"581514","221282","2025-11-20","36.00","NZD","1759899222","23477/2025-11-20/1759899222.json"
"512557","146154","2025-11-20","45.00","NZD","1759899222","23477/2025-11-20/1759899222.json"
"581513","221281","2025-11-21","36.00","NZD","1759899222","23477/2025-11-21/1759899222.json"
"581514","221282","2025-11-21","36.00","NZD","1759899222","23477/2025-11-21/1759899222.json"
"512557","146154","2025-11-21","45.00","NZD","1759899222","23477/2025-11-21/1759899222.json"
"365170","146153","2025-11-21","48.00","NZD","1759899222","23477/2025-11-21/1759899222.json"
"510807","146155","2025-11-21","52.00","NZD","1759899222","23477/2025-11-21/1759899222.json"
"581513","221281","2025-11-23","36.00","NZD","1759899222","23477/2025-11-23/1759899222.json"
"581514","221282","2025-11-23","36.00","NZD","1759899222","23477/2025-11-23/1759899222.json"
"512557","146154","2025-11-23","45.00","NZD","1759899222","23477/2025-11-23/1759899222.json"
"365170","146153","2025-11-23","48.00","NZD","1759899222","23477/2025-11-23/1759899222.json"
"510807","146155","2025-11-23","52.00","NZD","1759899222","23477/2025-11-23/1759899222.json"
"581513","221281","2025-11-22","36.00","NZD","1759899222","23477/2025-11-22/1759899222.json"
"581513","221281","2025-11-24","36.00","NZD","1759899222","23477/2025-11-24/1759899222.json"
"581514","221282","2025-11-22","36.00","NZD","1759899222","23477/2025-11-22/1759899222.json"
"512557","146154","2025-11-22","45.00","NZD","1759899222","23477/2025-11-22/1759899222.json"
"581514","221282","2025-11-24","36.00","NZD","1759899222","23477/2025-11-24/1759899222.json"
"365170","146153","2025-11-22","48.00","NZD","1759899222","23477/2025-11-22/1759899222.json"
"512557","146154","2025-11-24","45.00","NZD","1759899222","23477/2025-11-24/1759899222.json"
"510807","146155","2025-11-22","52.00","NZD","1759899222","23477/2025-11-22/1759899222.json"
"365170","146153","2025-11-24","48.00","NZD","1759899222","23477/2025-11-24/1759899222.json"
"510807","146155","2025-11-24","52.00","NZD","1759899222","23477/2025-11-24/1759899222.json"
"581513","221281","2025-11-26","36.00","NZD","1759899222","23477/2025-11-26/1759899222.json"
"581514","221282","2025-11-26","36.00","NZD","1759899222","23477/2025-11-26/1759899222.json"
"512557","146154","2025-11-26","45.00","NZD","1759899222","23477/2025-11-26/1759899222.json"
"365170","146153","2025-11-26","48.00","NZD","1759899222","23477/2025-11-26/1759899222.json"
"510807","146155","2025-11-26","52.00","NZD","1759899222","23477/2025-11-26/1759899222.json"
"581513","221281","2025-11-25","36.00","NZD","1759899222","23477/2025-11-25/1759899222.json"
"581514","221282","2025-11-25","36.00","NZD","1759899222","23477/2025-11-25/1759899222.json"
"512557","146154","2025-11-25","45.00","NZD","1759899222","23477/2025-11-25/1759899222.json"
"365170","146153","2025-11-25","48.00","NZD","1759899222","23477/2025-11-25/1759899222.json"
"510807","146155","2025-11-25","52.00","NZD","1759899222","23477/2025-11-25/1759899222.json"
"581513","221281","2025-11-27","36.00","NZD","1759899222","23477/2025-11-27/1759899222.json"
"581514","221282","2025-11-27","36.00","NZD","1759899222","23477/2025-11-27/1759899222.json"
"512557","146154","2025-11-27","45.00","NZD","1759899222","23477/2025-11-27/1759899222.json"
"365170","146153","2025-11-27","48.00","NZD","1759899222","23477/2025-11-27/1759899222.json"
"510807","146155","2025-11-27","52.00","NZD","1759899222","23477/2025-11-27/1759899222.json"
"581513","221281","2025-11-28","36.00","NZD","1759899222","23477/2025-11-28/1759899222.json"
"581514","221282","2025-11-28","36.00","NZD","1759899222","23477/2025-11-28/1759899222.json"
"512557","146154","2025-11-28","45.00","NZD","1759899222","23477/2025-11-28/1759899222.json"
"365170","146153","2025-11-28","48.00","NZD","1759899222","23477/2025-11-28/1759899222.json"
"510807","146155","2025-11-28","52.00","NZD","1759899222","23477/2025-11-28/1759899222.json"
"581513","221281","2025-11-29","36.00","NZD","1759899222","23477/2025-11-29/1759899222.json"
"581514","221282","2025-11-29","36.00","NZD","1759899222","23477/2025-11-29/1759899222.json"
"512557","146154","2025-11-29","45.00","NZD","1759899222","23477/2025-11-29/1759899222.json"
"365170","146153","2025-11-29","48.00","NZD","1759899222","23477/2025-11-29/1759899222.json"
"510807","146155","2025-11-29","52.00","NZD","1759899222","23477/2025-11-29/1759899222.json"
"581513","221281","2025-11-30","36.00","NZD","1759899222","23477/2025-11-30/1759899222.json"
"581514","221282","2025-11-30","36.00","NZD","1759899222","23477/2025-11-30/1759899222.json"
"512557","146154","2025-11-30","45.00","NZD","1759899222","23477/2025-11-30/1759899222.json"
"365170","146153","2025-11-30","48.00","NZD","1759899222","23477/2025-11-30/1759899222.json"
"510807","146155","2025-11-30","52.00","NZD","1759899222","23477/2025-11-30/1759899222.json"
"581513","221281","2025-12-01","36.00","NZD","1759899222","23477/2025-12-01/1759899222.json"
"581514","221282","2025-12-01","36.00","NZD","1759899222","23477/2025-12-01/1759899222.json"
"512557","146154","2025-12-01","45.00","NZD","1759899222","23477/2025-12-01/1759899222.json"
"365170","146153","2025-12-01","48.00","NZD","1759899222","23477/2025-12-01/1759899222.json"
"510807","146155","2025-12-01","52.00","NZD","1759899222","23477/2025-12-01/1759899222.json"
"581513","221281","2025-12-02","36.00","NZD","1759899222","23477/2025-12-02/1759899222.json"
"581514","221282","2025-12-02","36.00","NZD","1759899222","23477/2025-12-02/1759899222.json"
"512557","146154","2025-12-02","45.00","NZD","1759899222","23477/2025-12-02/1759899222.json"
"365170","146153","2025-12-02","48.00","NZD","1759899222","23477/2025-12-02/1759899222.json"
"510807","146155","2025-12-02","52.00","NZD","1759899222","23477/2025-12-02/1759899222.json"
"581513","221281","2025-12-03","36.00","NZD","1759899222","23477/2025-12-03/1759899222.json"
"581514","221282","2025-12-03","36.00","NZD","1759899222","23477/2025-12-03/1759899222.json"
"512557","146154","2025-12-03","45.00","NZD","1759899222","23477/2025-12-03/1759899222.json"
"365170","146153","2025-12-03","48.00","NZD","1759899222","23477/2025-12-03/1759899222.json"
"510807","146155","2025-12-03","52.00","NZD","1759899222","23477/2025-12-03/1759899222.json"
"581513","221281","2025-12-04","36.00","NZD","1759899222","23477/2025-12-04/1759899222.json"
"581514","221282","2025-12-04","36.00","NZD","1759899222","23477/2025-12-04/1759899222.json"
"512557","146154","2025-12-04","45.00","NZD","1759899222","23477/2025-12-04/1759899222.json"
"365170","146153","2025-12-04","48.00","NZD","1759899222","23477/2025-12-04/1759899222.json"
"510807","146155","2025-12-04","52.00","NZD","1759899222","23477/2025-12-04/1759899222.json"
"581513","221281","2025-12-05","36.00","NZD","1759899222","23477/2025-12-05/1759899222.json"
"581514","221282","2025-12-05","36.00","NZD","1759899222","23477/2025-12-05/1759899222.json"
"512557","146154","2025-12-05","45.00","NZD","1759899222","23477/2025-12-05/1759899222.json"
"365170","146153","2025-12-05","48.00","NZD","1759899222","23477/2025-12-05/1759899222.json"
"510807","146155","2025-12-05","52.00","NZD","1759899222","23477/2025-12-05/1759899222.json"
"581513","221281","2025-12-06","36.00","NZD","1759899222","23477/2025-12-06/1759899222.json"
"581514","221282","2025-12-06","36.00","NZD","1759899222","23477/2025-12-06/1759899222.json"
"512557","146154","2025-12-06","45.00","NZD","1759899222","23477/2025-12-06/1759899222.json"
"365170","146153","2025-12-06","48.00","NZD","1759899222","23477/2025-12-06/1759899222.json"
"510807","146155","2025-12-06","52.00","NZD","1759899222","23477/2025-12-06/1759899222.json"
"581513","221281","2025-12-07","36.00","NZD","1759899222","23477/2025-12-07/1759899222.json"
"581514","221282","2025-12-07","36.00","NZD","1759899222","23477/2025-12-07/1759899222.json"
"512557","146154","2025-12-07","45.00","NZD","1759899222","23477/2025-12-07/1759899222.json"
"365170","146153","2025-12-07","48.00","NZD","1759899222","23477/2025-12-07/1759899222.json"
"510807","146155","2025-12-07","52.00","NZD","1759899222","23477/2025-12-07/1759899222.json"
"581513","221281","2025-10-27","36.00","NZD","1759899222","23477/2025-10-27/1759899222.json"
"581514","221282","2025-10-27","36.00","NZD","1759899222","23477/2025-10-27/1759899222.json"
"512557","146154","2025-10-27","45.00","NZD","1759899222","23477/2025-10-27/1759899222.json"
"365170","146153","2025-10-27","48.00","NZD","1759899222","23477/2025-10-27/1759899222.json"
"510807","146155","2025-10-27","52.00","NZD","1759899222","23477/2025-10-27/1759899222.json"
"581513","221281","2025-10-08","36.00","NZD","1759914230","23477/2025-10-08/1759914230.json"
"581514","221282","2025-10-08","36.00","NZD","1759914230","23477/2025-10-08/1759914230.json"
"512557","146154","2025-10-08","45.00","NZD","1759914230","23477/2025-10-08/1759914230.json"
"365170","146153","2025-10-08","48.00","NZD","1759914230","23477/2025-10-08/1759914230.json"
"510807","146155","2025-10-08","52.00","NZD","1759914230","23477/2025-10-08/1759914230.json"
"581513","221281","2025-10-09","36.00","NZD","1759914230","23477/2025-10-09/1759914230.json"
"581514","221282","2025-10-09","36.00","NZD","1759914230","23477/2025-10-09/1759914230.json"
"512557","146154","2025-10-09","45.00","NZD","1759914230","23477/2025-10-09/1759914230.json"
"365170","146153","2025-10-09","48.00","NZD","1759914230","23477/2025-10-09/1759914230.json"
"510807","146155","2025-10-09","52.00","NZD","1759914230","23477/2025-10-09/1759914230.json"
"581513","221281","2025-10-10","36.00","NZD","1759914230","23477/2025-10-10/1759914230.json"
"581514","221282","2025-10-10","36.00","NZD","1759914230","23477/2025-10-10/1759914230.json"
"512557","146154","2025-10-10","45.00","NZD","1759914230","23477/2025-10-10/1759914230.json"
"365170","146153","2025-10-10","48.00","NZD","1759914230","23477/2025-10-10/1759914230.json"
"510807","146155","2025-10-10","52.00","NZD","1759914230","23477/2025-10-10/1759914230.json"
"581513","221281","2025-10-11","36.00","NZD","1759914230","23477/2025-10-11/1759914230.json"
"581514","221282","2025-10-11","36.00","NZD","1759914230","23477/2025-10-11/1759914230.json"
"512557","146154","2025-10-11","45.00","NZD","1759914230","23477/2025-10-11/1759914230.json"
"365170","146153","2025-10-11","48.00","NZD","1759914230","23477/2025-10-11/1759914230.json"
"510807","146155","2025-10-11","52.00","NZD","1759914230","23477/2025-10-11/1759914230.json"
"581513","221281","2025-10-12","36.00","NZD","1759914230","23477/2025-10-12/1759914230.json"
"581514","221282","2025-10-12","36.00","NZD","1759914230","23477/2025-10-12/1759914230.json"
"512557","146154","2025-10-12","45.00","NZD","1759914230","23477/2025-10-12/1759914230.json"
"365170","146153","2025-10-12","48.00","NZD","1759914230","23477/2025-10-12/1759914230.json"
"510807","146155","2025-10-12","52.00","NZD","1759914230","23477/2025-10-12/1759914230.json"
"581513","221281","2025-10-15","36.00","NZD","1759914230","23477/2025-10-15/1759914230.json"
"581514","221282","2025-10-15","36.00","NZD","1759914230","23477/2025-10-15/1759914230.json"
"512557","146154","2025-10-15","45.00","NZD","1759914230","23477/2025-10-15/1759914230.json"
"365170","146153","2025-10-15","48.00","NZD","1759914230","23477/2025-10-15/1759914230.json"
"510807","146155","2025-10-15","52.00","NZD","1759914230","23477/2025-10-15/1759914230.json"
"581513","221281","2025-10-13","36.00","NZD","1759914230","23477/2025-10-13/1759914230.json"
"581514","221282","2025-10-13","36.00","NZD","1759914230","23477/2025-10-13/1759914230.json"
"512557","146154","2025-10-13","45.00","NZD","1759914230","23477/2025-10-13/1759914230.json"
"365170","146153","2025-10-13","48.00","NZD","1759914230","23477/2025-10-13/1759914230.json"
"510807","146155","2025-10-13","52.00","NZD","1759914230","23477/2025-10-13/1759914230.json"
"581513","221281","2025-10-14","36.00","NZD","1759914230","23477/2025-10-14/1759914230.json"
"581514","221282","2025-10-14","36.00","NZD","1759914230","23477/2025-10-14/1759914230.json"
"512557","146154","2025-10-14","45.00","NZD","1759914230","23477/2025-10-14/1759914230.json"
"365170","146153","2025-10-14","48.00","NZD","1759914230","23477/2025-10-14/1759914230.json"
"510807","146155","2025-10-14","52.00","NZD","1759914230","23477/2025-10-14/1759914230.json"
"581513","221281","2025-10-17","36.00","NZD","1759914230","23477/2025-10-17/1759914230.json"
"581514","221282","2025-10-17","36.00","NZD","1759914230","23477/2025-10-17/1759914230.json"
"512557","146154","2025-10-17","45.00","NZD","1759914230","23477/2025-10-17/1759914230.json"
"365170","146153","2025-10-17","48.00","NZD","1759914230","23477/2025-10-17/1759914230.json"
"510807","146155","2025-10-17","52.00","NZD","1759914230","23477/2025-10-17/1759914230.json"
"581513","221281","2025-10-18","36.00","NZD","1759914230","23477/2025-10-18/1759914230.json"
"581514","221282","2025-10-18","36.00","NZD","1759914230","23477/2025-10-18/1759914230.json"
"512557","146154","2025-10-18","45.00","NZD","1759914230","23477/2025-10-18/1759914230.json"
"365170","146153","2025-10-18","48.00","NZD","1759914230","23477/2025-10-18/1759914230.json"
"510807","146155","2025-10-18","52.00","NZD","1759914230","23477/2025-10-18/1759914230.json"
"581513","221281","2025-10-16","36.00","NZD","1759914230","23477/2025-10-16/1759914230.json"
"581514","221282","2025-10-16","36.00","NZD","1759914230","23477/2025-10-16/1759914230.json"
"512557","146154","2025-10-16","45.00","NZD","1759914230","23477/2025-10-16/1759914230.json"
"365170","146153","2025-10-16","48.00","NZD","1759914230","23477/2025-10-16/1759914230.json"
"510807","146155","2025-10-16","52.00","NZD","1759914230","23477/2025-10-16/1759914230.json"
"581513","221281","2025-10-19","36.00","NZD","1759914230","23477/2025-10-19/1759914230.json"
"581514","221282","2025-10-19","36.00","NZD","1759914230","23477/2025-10-19/1759914230.json"
"512557","146154","2025-10-19","45.00","NZD","1759914230","23477/2025-10-19/1759914230.json"
"365170","146153","2025-10-19","48.00","NZD","1759914230","23477/2025-10-19/1759914230.json"
"510807","146155","2025-10-19","52.00","NZD","1759914230","23477/2025-10-19/1759914230.json"
"581513","221281","2025-10-21","36.00","NZD","1759914230","23477/2025-10-21/1759914230.json"
"581514","221282","2025-10-21","36.00","NZD","1759914230","23477/2025-10-21/1759914230.json"
"512557","146154","2025-10-21","45.00","NZD","1759914230","23477/2025-10-21/1759914230.json"
"365170","146153","2025-10-21","48.00","NZD","1759914230","23477/2025-10-21/1759914230.json"
"510807","146155","2025-10-21","52.00","NZD","1759914230","23477/2025-10-21/1759914230.json"
"581513","221281","2025-10-22","36.00","NZD","1759914230","23477/2025-10-22/1759914230.json"
"581514","221282","2025-10-22","36.00","NZD","1759914230","23477/2025-10-22/1759914230.json"
"512557","146154","2025-10-22","45.00","NZD","1759914230","23477/2025-10-22/1759914230.json"
"365170","146153","2025-10-22","48.00","NZD","1759914230","23477/2025-10-22/1759914230.json"
"510807","146155","2025-10-22","52.00","NZD","1759914230","23477/2025-10-22/1759914230.json"
"581513","221281","2025-10-23","36.00","NZD","1759914230","23477/2025-10-23/1759914230.json"
"581514","221282","2025-10-23","36.00","NZD","1759914230","23477/2025-10-23/1759914230.json"
"512557","146154","2025-10-23","45.00","NZD","1759914230","23477/2025-10-23/1759914230.json"
"365170","146153","2025-10-23","48.00","NZD","1759914230","23477/2025-10-23/1759914230.json"
"510807","146155","2025-10-23","52.00","NZD","1759914230","23477/2025-10-23/1759914230.json"
"581513","221281","2025-10-24","36.00","NZD","1759914230","23477/2025-10-24/1759914230.json"
"581514","221282","2025-10-24","36.00","NZD","1759914230","23477/2025-10-24/1759914230.json"
"512557","146154","2025-10-24","45.00","NZD","1759914230","23477/2025-10-24/1759914230.json"
"365170","146153","2025-10-24","48.00","NZD","1759914230","23477/2025-10-24/1759914230.json"
"510807","146155","2025-10-24","52.00","NZD","1759914230","23477/2025-10-24/1759914230.json"
"581513","221281","2025-10-25","36.00","NZD","1759914230","23477/2025-10-25/1759914230.json"
"581514","221282","2025-10-25","36.00","NZD","1759914230","23477/2025-10-25/1759914230.json"
"512557","146154","2025-10-25","45.00","NZD","1759914230","23477/2025-10-25/1759914230.json"
"365170","146153","2025-10-25","48.00","NZD","1759914230","23477/2025-10-25/1759914230.json"
"510807","146155","2025-10-25","52.00","NZD","1759914230","23477/2025-10-25/1759914230.json"
"581513","221281","2025-10-26","36.00","NZD","1759914230","23477/2025-10-26/1759914230.json"
"581514","221282","2025-10-26","36.00","NZD","1759914230","23477/2025-10-26/1759914230.json"
"512557","146154","2025-10-26","45.00","NZD","1759914230","23477/2025-10-26/1759914230.json"
"365170","146153","2025-10-26","48.00","NZD","1759914230","23477/2025-10-26/1759914230.json"
"510807","146155","2025-10-26","52.00","NZD","1759914230","23477/2025-10-26/1759914230.json"
"581513","221281","2025-10-20","36.00","NZD","1759914230","23477/2025-10-20/1759914230.json"
"581514","221282","2025-10-20","36.00","NZD","1759914230","23477/2025-10-20/1759914230.json"
"512557","146154","2025-10-20","45.00","NZD","1759914230","23477/2025-10-20/1759914230.json"
"365170","146153","2025-10-20","48.00","NZD","1759914230","23477/2025-10-20/1759914230.json"
"510807","146155","2025-10-20","52.00","NZD","1759914230","23477/2025-10-20/1759914230.json"
"581513","221281","2025-10-27","36.00","NZD","1759914230","23477/2025-10-27/1759914230.json"
"581514","221282","2025-10-27","36.00","NZD","1759914230","23477/2025-10-27/1759914230.json"
"512557","146154","2025-10-27","45.00","NZD","1759914230","23477/2025-10-27/1759914230.json"
"365170","146153","2025-10-27","48.00","NZD","1759914230","23477/2025-10-27/1759914230.json"
"510807","146155","2025-10-27","52.00","NZD","1759914230","23477/2025-10-27/1759914230.json"
"581513","221281","2025-10-28","36.00","NZD","1759914230","23477/2025-10-28/1759914230.json"
"581514","221282","2025-10-28","36.00","NZD","1759914230","23477/2025-10-28/1759914230.json"
"512557","146154","2025-10-28","45.00","NZD","1759914230","23477/2025-10-28/1759914230.json"
"365170","146153","2025-10-28","48.00","NZD","1759914230","23477/2025-10-28/1759914230.json"
"510807","146155","2025-10-28","52.00","NZD","1759914230","23477/2025-10-28/1759914230.json"
"581513","221281","2025-10-29","36.00","NZD","1759914230","23477/2025-10-29/1759914230.json"
"581514","221282","2025-10-29","36.00","NZD","1759914230","23477/2025-10-29/1759914230.json"
"512557","146154","2025-10-29","45.00","NZD","1759914230","23477/2025-10-29/1759914230.json"
"365170","146153","2025-10-29","48.00","NZD","1759914230","23477/2025-10-29/1759914230.json"
"510807","146155","2025-10-29","52.00","NZD","1759914230","23477/2025-10-29/1759914230.json"
"581513","221281","2025-10-30","36.00","NZD","1759914230","23477/2025-10-30/1759914230.json"
"581514","221282","2025-10-30","36.00","NZD","1759914230","23477/2025-10-30/1759914230.json"
"512557","146154","2025-10-30","45.00","NZD","1759914230","23477/2025-10-30/1759914230.json"
"365170","146153","2025-10-30","48.00","NZD","1759914230","23477/2025-10-30/1759914230.json"
"510807","146155","2025-10-30","52.00","NZD","1759914230","23477/2025-10-30/1759914230.json"
"581513","221281","2025-10-31","36.00","NZD","1759914230","23477/2025-10-31/1759914230.json"
"581514","221282","2025-10-31","36.00","NZD","1759914230","23477/2025-10-31/1759914230.json"
"512557","146154","2025-10-31","45.00","NZD","1759914230","23477/2025-10-31/1759914230.json"
"365170","146153","2025-10-31","48.00","NZD","1759914230","23477/2025-10-31/1759914230.json"
"510807","146155","2025-10-31","52.00","NZD","1759914230","23477/2025-10-31/1759914230.json"
"581513","221281","2025-11-01","36.00","NZD","1759914230","23477/2025-11-01/1759914230.json"
"581514","221282","2025-11-01","36.00","NZD","1759914230","23477/2025-11-01/1759914230.json"
"512557","146154","2025-11-01","45.00","NZD","1759914230","23477/2025-11-01/1759914230.json"
"365170","146153","2025-11-01","48.00","NZD","1759914230","23477/2025-11-01/1759914230.json"
"510807","146155","2025-11-01","52.00","NZD","1759914230","23477/2025-11-01/1759914230.json"
"581513","221281","2025-11-03","36.00","NZD","1759914230","23477/2025-11-03/1759914230.json"
"581514","221282","2025-11-03","36.00","NZD","1759914230","23477/2025-11-03/1759914230.json"
"512557","146154","2025-11-03","45.00","NZD","1759914230","23477/2025-11-03/1759914230.json"
"365170","146153","2025-11-03","48.00","NZD","1759914230","23477/2025-11-03/1759914230.json"
"510807","146155","2025-11-03","52.00","NZD","1759914230","23477/2025-11-03/1759914230.json"
"581513","221281","2025-11-04","36.00","NZD","1759914230","23477/2025-11-04/1759914230.json"
"581514","221282","2025-11-04","36.00","NZD","1759914230","23477/2025-11-04/1759914230.json"
"512557","146154","2025-11-04","45.00","NZD","1759914230","23477/2025-11-04/1759914230.json"
"365170","146153","2025-11-04","48.00","NZD","1759914230","23477/2025-11-04/1759914230.json"
"510807","146155","2025-11-04","52.00","NZD","1759914230","23477/2025-11-04/1759914230.json"
"581513","221281","2025-11-02","36.00","NZD","1759914230","23477/2025-11-02/1759914230.json"
"581514","221282","2025-11-02","36.00","NZD","1759914230","23477/2025-11-02/1759914230.json"
"512557","146154","2025-11-02","45.00","NZD","1759914230","23477/2025-11-02/1759914230.json"
"365170","146153","2025-11-02","48.00","NZD","1759914230","23477/2025-11-02/1759914230.json"
"510807","146155","2025-11-02","52.00","NZD","1759914230","23477/2025-11-02/1759914230.json"
"581513","221281","2025-11-05","36.00","NZD","1759914230","23477/2025-11-05/1759914230.json"
"581514","221282","2025-11-05","36.00","NZD","1759914230","23477/2025-11-05/1759914230.json"
"512557","146154","2025-11-05","45.00","NZD","1759914230","23477/2025-11-05/1759914230.json"
"365170","146153","2025-11-05","48.00","NZD","1759914230","23477/2025-11-05/1759914230.json"
"510807","146155","2025-11-05","52.00","NZD","1759914230","23477/2025-11-05/1759914230.json"
"581513","221281","2025-11-06","36.00","NZD","1759914230","23477/2025-11-06/1759914230.json"
"581514","221282","2025-11-06","36.00","NZD","1759914230","23477/2025-11-06/1759914230.json"
"512557","146154","2025-11-06","45.00","NZD","1759914230","23477/2025-11-06/1759914230.json"
"365170","146153","2025-11-06","48.00","NZD","1759914230","23477/2025-11-06/1759914230.json"
"510807","146155","2025-11-06","52.00","NZD","1759914230","23477/2025-11-06/1759914230.json"
"581513","221281","2025-11-08","36.00","NZD","1759914230","23477/2025-11-08/1759914230.json"
"581514","221282","2025-11-08","36.00","NZD","1759914230","23477/2025-11-08/1759914230.json"
"512557","146154","2025-11-08","45.00","NZD","1759914230","23477/2025-11-08/1759914230.json"
"365170","146153","2025-11-08","48.00","NZD","1759914230","23477/2025-11-08/1759914230.json"
"510807","146155","2025-11-08","52.00","NZD","1759914230","23477/2025-11-08/1759914230.json"
"581513","221281","2025-11-09","36.00","NZD","1759914230","23477/2025-11-09/1759914230.json"
"581514","221282","2025-11-09","36.00","NZD","1759914230","23477/2025-11-09/1759914230.json"
"512557","146154","2025-11-09","45.00","NZD","1759914230","23477/2025-11-09/1759914230.json"
"365170","146153","2025-11-09","48.00","NZD","1759914230","23477/2025-11-09/1759914230.json"
"510807","146155","2025-11-09","52.00","NZD","1759914230","23477/2025-11-09/1759914230.json"
"581513","221281","2025-11-07","36.00","NZD","1759914230","23477/2025-11-07/1759914230.json"
"581514","221282","2025-11-07","36.00","NZD","1759914230","23477/2025-11-07/1759914230.json"
"512557","146154","2025-11-07","45.00","NZD","1759914230","23477/2025-11-07/1759914230.json"
"365170","146153","2025-11-07","48.00","NZD","1759914230","23477/2025-11-07/1759914230.json"
"510807","146155","2025-11-07","52.00","NZD","1759914230","23477/2025-11-07/1759914230.json"
"581513","221281","2025-11-10","36.00","NZD","1759914230","23477/2025-11-10/1759914230.json"
"581514","221282","2025-11-10","36.00","NZD","1759914230","23477/2025-11-10/1759914230.json"
"512557","146154","2025-11-10","45.00","NZD","1759914230","23477/2025-11-10/1759914230.json"
"365170","146153","2025-11-10","48.00","NZD","1759914230","23477/2025-11-10/1759914230.json"
"510807","146155","2025-11-10","52.00","NZD","1759914230","23477/2025-11-10/1759914230.json"
"581513","221281","2025-11-11","36.00","NZD","1759914230","23477/2025-11-11/1759914230.json"
"581514","221282","2025-11-11","36.00","NZD","1759914230","23477/2025-11-11/1759914230.json"
"512557","146154","2025-11-11","45.00","NZD","1759914230","23477/2025-11-11/1759914230.json"
"365170","146153","2025-11-11","48.00","NZD","1759914230","23477/2025-11-11/1759914230.json"
"510807","146155","2025-11-11","52.00","NZD","1759914230","23477/2025-11-11/1759914230.json"
"581513","221281","2025-11-13","36.00","NZD","1759914230","23477/2025-11-13/1759914230.json"
"581514","221282","2025-11-13","36.00","NZD","1759914230","23477/2025-11-13/1759914230.json"
"512557","146154","2025-11-13","45.00","NZD","1759914230","23477/2025-11-13/1759914230.json"
"365170","146153","2025-11-13","48.00","NZD","1759914230","23477/2025-11-13/1759914230.json"
"510807","146155","2025-11-13","52.00","NZD","1759914230","23477/2025-11-13/1759914230.json"
"581513","221281","2025-11-12","36.00","NZD","1759914230","23477/2025-11-12/1759914230.json"
"581514","221282","2025-11-12","36.00","NZD","1759914230","23477/2025-11-12/1759914230.json"
"512557","146154","2025-11-12","45.00","NZD","1759914230","23477/2025-11-12/1759914230.json"
"365170","146153","2025-11-12","48.00","NZD","1759914230","23477/2025-11-12/1759914230.json"
"510807","146155","2025-11-12","52.00","NZD","1759914230","23477/2025-11-12/1759914230.json"
"581513","221281","2025-11-15","36.00","NZD","1759914230","23477/2025-11-15/1759914230.json"
"581514","221282","2025-11-15","36.00","NZD","1759914230","23477/2025-11-15/1759914230.json"
"512557","146154","2025-11-15","45.00","NZD","1759914230","23477/2025-11-15/1759914230.json"
"365170","146153","2025-11-15","48.00","NZD","1759914230","23477/2025-11-15/1759914230.json"
"510807","146155","2025-11-15","52.00","NZD","1759914230","23477/2025-11-15/1759914230.json"
"581513","221281","2025-11-14","36.00","NZD","1759914230","23477/2025-11-14/1759914230.json"
"581514","221282","2025-11-14","36.00","NZD","1759914230","23477/2025-11-14/1759914230.json"
"512557","146154","2025-11-14","45.00","NZD","1759914230","23477/2025-11-14/1759914230.json"
"365170","146153","2025-11-14","48.00","NZD","1759914230","23477/2025-11-14/1759914230.json"
"510807","146155","2025-11-14","52.00","NZD","1759914230","23477/2025-11-14/1759914230.json"
"581513","221281","2025-11-16","36.00","NZD","1759914230","23477/2025-11-16/1759914230.json"
"581514","221282","2025-11-16","36.00","NZD","1759914230","23477/2025-11-16/1759914230.json"
"512557","146154","2025-11-16","45.00","NZD","1759914230","23477/2025-11-16/1759914230.json"
"365170","146153","2025-11-16","48.00","NZD","1759914230","23477/2025-11-16/1759914230.json"
"510807","146155","2025-11-16","52.00","NZD","1759914230","23477/2025-11-16/1759914230.json"
"581513","221281","2025-11-17","36.00","NZD","1759914230","23477/2025-11-17/1759914230.json"
"581514","221282","2025-11-17","36.00","NZD","1759914230","23477/2025-11-17/1759914230.json"
"512557","146154","2025-11-17","45.00","NZD","1759914230","23477/2025-11-17/1759914230.json"
"365170","146153","2025-11-17","48.00","NZD","1759914230","23477/2025-11-17/1759914230.json"
"510807","146155","2025-11-17","52.00","NZD","1759914230","23477/2025-11-17/1759914230.json"
"581513","221281","2025-11-19","36.00","NZD","1759914230","23477/2025-11-19/1759914230.json"
"581514","221282","2025-11-19","36.00","NZD","1759914230","23477/2025-11-19/1759914230.json"
"512557","146154","2025-11-19","45.00","NZD","1759914230","23477/2025-11-19/1759914230.json"
"365170","146153","2025-11-19","48.00","NZD","1759914230","23477/2025-11-19/1759914230.json"
"510807","146155","2025-11-19","52.00","NZD","1759914230","23477/2025-11-19/1759914230.json"
"581513","221281","2025-11-18","36.00","NZD","1759914230","23477/2025-11-18/1759914230.json"
"581514","221282","2025-11-18","36.00","NZD","1759914230","23477/2025-11-18/1759914230.json"
"512557","146154","2025-11-18","45.00","NZD","1759914230","23477/2025-11-18/1759914230.json"
"365170","146153","2025-11-18","48.00","NZD","1759914230","23477/2025-11-18/1759914230.json"
"510807","146155","2025-11-18","52.00","NZD","1759914230","23477/2025-11-18/1759914230.json"
"581513","221281","2025-11-21","36.00","NZD","1759914230","23477/2025-11-21/1759914230.json"
"581514","221282","2025-11-21","36.00","NZD","1759914230","23477/2025-11-21/1759914230.json"
"512557","146154","2025-11-21","45.00","NZD","1759914230","23477/2025-11-21/1759914230.json"
"365170","146153","2025-11-21","48.00","NZD","1759914230","23477/2025-11-21/1759914230.json"
"510807","146155","2025-11-21","52.00","NZD","1759914230","23477/2025-11-21/1759914230.json"
"581513","221281","2025-11-20","36.00","NZD","1759914230","23477/2025-11-20/1759914230.json"
"581514","221282","2025-11-20","36.00","NZD","1759914230","23477/2025-11-20/1759914230.json"
"512557","146154","2025-11-20","45.00","NZD","1759914230","23477/2025-11-20/1759914230.json"
"581513","221281","2025-11-23","36.00","NZD","1759914230","23477/2025-11-23/1759914230.json"
"581514","221282","2025-11-23","36.00","NZD","1759914230","23477/2025-11-23/1759914230.json"
"512557","146154","2025-11-23","45.00","NZD","1759914230","23477/2025-11-23/1759914230.json"
"365170","146153","2025-11-23","48.00","NZD","1759914230","23477/2025-11-23/1759914230.json"
"510807","146155","2025-11-23","52.00","NZD","1759914230","23477/2025-11-23/1759914230.json"
"581513","221281","2025-11-24","36.00","NZD","1759914230","23477/2025-11-24/1759914230.json"
"581514","221282","2025-11-24","36.00","NZD","1759914230","23477/2025-11-24/1759914230.json"
"512557","146154","2025-11-24","45.00","NZD","1759914230","23477/2025-11-24/1759914230.json"
"365170","146153","2025-11-24","48.00","NZD","1759914230","23477/2025-11-24/1759914230.json"
"510807","146155","2025-11-24","52.00","NZD","1759914230","23477/2025-11-24/1759914230.json"
"581513","221281","2025-11-25","36.00","NZD","1759914230","23477/2025-11-25/1759914230.json"
"581514","221282","2025-11-25","36.00","NZD","1759914230","23477/2025-11-25/1759914230.json"
"512557","146154","2025-11-25","45.00","NZD","1759914230","23477/2025-11-25/1759914230.json"
"365170","146153","2025-11-25","48.00","NZD","1759914230","23477/2025-11-25/1759914230.json"
"510807","146155","2025-11-25","52.00","NZD","1759914230","23477/2025-11-25/1759914230.json"
"581513","221281","2025-11-26","36.00","NZD","1759914230","23477/2025-11-26/1759914230.json"
"581514","221282","2025-11-26","36.00","NZD","1759914230","23477/2025-11-26/1759914230.json"
"512557","146154","2025-11-26","45.00","NZD","1759914230","23477/2025-11-26/1759914230.json"
"365170","146153","2025-11-26","48.00","NZD","1759914230","23477/2025-11-26/1759914230.json"
"510807","146155","2025-11-26","52.00","NZD","1759914230","23477/2025-11-26/1759914230.json"
"581513","221281","2025-11-27","36.00","NZD","1759914230","23477/2025-11-27/1759914230.json"
"581514","221282","2025-11-27","36.00","NZD","1759914230","23477/2025-11-27/1759914230.json"
"512557","146154","2025-11-27","45.00","NZD","1759914230","23477/2025-11-27/1759914230.json"
"365170","146153","2025-11-27","48.00","NZD","1759914230","23477/2025-11-27/1759914230.json"
"510807","146155","2025-11-27","52.00","NZD","1759914230","23477/2025-11-27/1759914230.json"
"581513","221281","2025-11-28","36.00","NZD","1759914230","23477/2025-11-28/1759914230.json"
"581514","221282","2025-11-28","36.00","NZD","1759914230","23477/2025-11-28/1759914230.json"
"512557","146154","2025-11-28","45.00","NZD","1759914230","23477/2025-11-28/1759914230.json"
"365170","146153","2025-11-28","48.00","NZD","1759914230","23477/2025-11-28/1759914230.json"
"510807","146155","2025-11-28","52.00","NZD","1759914230","23477/2025-11-28/1759914230.json"
"581513","221281","2025-11-29","36.00","NZD","1759914230","23477/2025-11-29/1759914230.json"
"581514","221282","2025-11-29","36.00","NZD","1759914230","23477/2025-11-29/1759914230.json"
"512557","146154","2025-11-29","45.00","NZD","1759914230","23477/2025-11-29/1759914230.json"
"365170","146153","2025-11-29","48.00","NZD","1759914230","23477/2025-11-29/1759914230.json"
"510807","146155","2025-11-29","52.00","NZD","1759914230","23477/2025-11-29/1759914230.json"
"581513","221281","2025-11-22","36.00","NZD","1759914230","23477/2025-11-22/1759914230.json"
"581514","221282","2025-11-22","36.00","NZD","1759914230","23477/2025-11-22/1759914230.json"
"512557","146154","2025-11-22","45.00","NZD","1759914230","23477/2025-11-22/1759914230.json"
"365170","146153","2025-11-22","48.00","NZD","1759914230","23477/2025-11-22/1759914230.json"
"510807","146155","2025-11-22","52.00","NZD","1759914230","23477/2025-11-22/1759914230.json"
"581513","221281","2025-11-30","36.00","NZD","1759914230","23477/2025-11-30/1759914230.json"
"581514","221282","2025-11-30","36.00","NZD","1759914230","23477/2025-11-30/1759914230.json"
"512557","146154","2025-11-30","45.00","NZD","1759914230","23477/2025-11-30/1759914230.json"
"365170","146153","2025-11-30","48.00","NZD","1759914230","23477/2025-11-30/1759914230.json"
"510807","146155","2025-11-30","52.00","NZD","1759914230","23477/2025-11-30/1759914230.json"
"581513","221281","2025-12-01","36.00","NZD","1759914230","23477/2025-12-01/1759914230.json"
"581514","221282","2025-12-01","36.00","NZD","1759914230","23477/2025-12-01/1759914230.json"
"512557","146154","2025-12-01","45.00","NZD","1759914230","23477/2025-12-01/1759914230.json"
"365170","146153","2025-12-01","48.00","NZD","1759914230","23477/2025-12-01/1759914230.json"
"510807","146155","2025-12-01","52.00","NZD","1759914230","23477/2025-12-01/1759914230.json"
"581513","221281","2025-12-02","36.00","NZD","1759914230","23477/2025-12-02/1759914230.json"
"581514","221282","2025-12-02","36.00","NZD","1759914230","23477/2025-12-02/1759914230.json"
"512557","146154","2025-12-02","45.00","NZD","1759914230","23477/2025-12-02/1759914230.json"
"365170","146153","2025-12-02","48.00","NZD","1759914230","23477/2025-12-02/1759914230.json"
"510807","146155","2025-12-02","52.00","NZD","1759914230","23477/2025-12-02/1759914230.json"
"581513","221281","2025-12-03","36.00","NZD","1759914230","23477/2025-12-03/1759914230.json"
"581514","221282","2025-12-03","36.00","NZD","1759914230","23477/2025-12-03/1759914230.json"
"512557","146154","2025-12-03","45.00","NZD","1759914230","23477/2025-12-03/1759914230.json"
"365170","146153","2025-12-03","48.00","NZD","1759914230","23477/2025-12-03/1759914230.json"
"510807","146155","2025-12-03","52.00","NZD","1759914230","23477/2025-12-03/1759914230.json"
"581513","221281","2025-12-04","36.00","NZD","1759914230","23477/2025-12-04/1759914230.json"
"581514","221282","2025-12-04","36.00","NZD","1759914230","23477/2025-12-04/1759914230.json"
"512557","146154","2025-12-04","45.00","NZD","1759914230","23477/2025-12-04/1759914230.json"
"365170","146153","2025-12-04","48.00","NZD","1759914230","23477/2025-12-04/1759914230.json"
"510807","146155","2025-12-04","52.00","NZD","1759914230","23477/2025-12-04/1759914230.json"
"581513","221281","2025-12-05","36.00","NZD","1759914230","23477/2025-12-05/1759914230.json"
"581514","221282","2025-12-05","36.00","NZD","1759914230","23477/2025-12-05/1759914230.json"
"512557","146154","2025-12-05","45.00","NZD","1759914230","23477/2025-12-05/1759914230.json"
"365170","146153","2025-12-05","48.00","NZD","1759914230","23477/2025-12-05/1759914230.json"
"510807","146155","2025-12-05","52.00","NZD","1759914230","23477/2025-12-05/1759914230.json"
"581513","221281","2025-12-06","36.00","NZD","1759914230","23477/2025-12-06/1759914230.json"
"581514","221282","2025-12-06","36.00","NZD","1759914230","23477/2025-12-06/1759914230.json"
"512557","146154","2025-12-06","45.00","NZD","1759914230","23477/2025-12-06/1759914230.json"
"365170","146153","2025-12-06","48.00","NZD","1759914230","23477/2025-12-06/1759914230.json"
"510807","146155","2025-12-06","52.00","NZD","1759914230","23477/2025-12-06/1759914230.json"
"581513","221281","2025-12-07","36.00","NZD","1759914230","23477/2025-12-07/1759914230.json"
"581514","221282","2025-12-07","36.00","NZD","1759914230","23477/2025-12-07/1759914230.json"
"512557","146154","2025-12-07","45.00","NZD","1759914230","23477/2025-12-07/1759914230.json"
"365170","146153","2025-12-07","48.00","NZD","1759914230","23477/2025-12-07/1759914230.json"
"510807","146155","2025-12-07","52.00","NZD","1759914230","23477/2025-12-07/1759914230.json"
"581513","221281","2025-10-10","36.00","NZD","1759931557","23477/2025-10-10/1759931557.json"
"581514","221282","2025-10-10","36.00","NZD","1759931557","23477/2025-10-10/1759931557.json"
"512557","146154","2025-10-10","45.00","NZD","1759931557","23477/2025-10-10/1759931557.json"
"365170","146153","2025-10-10","48.00","NZD","1759931557","23477/2025-10-10/1759931557.json"
"510807","146155","2025-10-10","52.00","NZD","1759931557","23477/2025-10-10/1759931557.json"
"581513","221281","2025-10-09","36.00","NZD","1759931557","23477/2025-10-09/1759931557.json"
"581514","221282","2025-10-09","36.00","NZD","1759931557","23477/2025-10-09/1759931557.json"
"512557","146154","2025-10-09","45.00","NZD","1759931557","23477/2025-10-09/1759931557.json"
"365170","146153","2025-10-09","48.00","NZD","1759931557","23477/2025-10-09/1759931557.json"
"510807","146155","2025-10-09","52.00","NZD","1759931557","23477/2025-10-09/1759931557.json"
"581513","221281","2025-10-11","36.00","NZD","1759931557","23477/2025-10-11/1759931557.json"
"581514","221282","2025-10-11","36.00","NZD","1759931557","23477/2025-10-11/1759931557.json"
"512557","146154","2025-10-11","45.00","NZD","1759931557","23477/2025-10-11/1759931557.json"
"365170","146153","2025-10-11","48.00","NZD","1759931557","23477/2025-10-11/1759931557.json"
"510807","146155","2025-10-11","52.00","NZD","1759931557","23477/2025-10-11/1759931557.json"
"581513","221281","2025-10-12","36.00","NZD","1759931557","23477/2025-10-12/1759931557.json"
"581514","221282","2025-10-12","36.00","NZD","1759931557","23477/2025-10-12/1759931557.json"
"512557","146154","2025-10-12","45.00","NZD","1759931557","23477/2025-10-12/1759931557.json"
"365170","146153","2025-10-12","48.00","NZD","1759931557","23477/2025-10-12/1759931557.json"
"510807","146155","2025-10-12","52.00","NZD","1759931557","23477/2025-10-12/1759931557.json"
"581513","221281","2025-10-15","36.00","NZD","1759931557","23477/2025-10-15/1759931557.json"
"581514","221282","2025-10-15","36.00","NZD","1759931557","23477/2025-10-15/1759931557.json"
"512557","146154","2025-10-15","45.00","NZD","1759931557","23477/2025-10-15/1759931557.json"
"365170","146153","2025-10-15","48.00","NZD","1759931557","23477/2025-10-15/1759931557.json"
"510807","146155","2025-10-15","52.00","NZD","1759931557","23477/2025-10-15/1759931557.json"
"581513","221281","2025-10-14","36.00","NZD","1759931557","23477/2025-10-14/1759931557.json"
"581514","221282","2025-10-14","36.00","NZD","1759931557","23477/2025-10-14/1759931557.json"
"512557","146154","2025-10-14","45.00","NZD","1759931557","23477/2025-10-14/1759931557.json"
"365170","146153","2025-10-14","48.00","NZD","1759931557","23477/2025-10-14/1759931557.json"
"510807","146155","2025-10-14","52.00","NZD","1759931557","23477/2025-10-14/1759931557.json"
"581513","221281","2025-10-13","36.00","NZD","1759931557","23477/2025-10-13/1759931557.json"
"581514","221282","2025-10-13","36.00","NZD","1759931557","23477/2025-10-13/1759931557.json"
"512557","146154","2025-10-13","45.00","NZD","1759931557","23477/2025-10-13/1759931557.json"
"365170","146153","2025-10-13","48.00","NZD","1759931557","23477/2025-10-13/1759931557.json"
"510807","146155","2025-10-13","52.00","NZD","1759931557","23477/2025-10-13/1759931557.json"
"581513","221281","2025-10-16","36.00","NZD","1759931557","23477/2025-10-16/1759931557.json"
"581514","221282","2025-10-16","36.00","NZD","1759931557","23477/2025-10-16/1759931557.json"
"512557","146154","2025-10-16","45.00","NZD","1759931557","23477/2025-10-16/1759931557.json"
"365170","146153","2025-10-16","48.00","NZD","1759931557","23477/2025-10-16/1759931557.json"
"510807","146155","2025-10-16","52.00","NZD","1759931557","23477/2025-10-16/1759931557.json"
"581513","221281","2025-10-17","36.00","NZD","1759931557","23477/2025-10-17/1759931557.json"
"581514","221282","2025-10-17","36.00","NZD","1759931557","23477/2025-10-17/1759931557.json"
"512557","146154","2025-10-17","45.00","NZD","1759931557","23477/2025-10-17/1759931557.json"
"365170","146153","2025-10-17","48.00","NZD","1759931557","23477/2025-10-17/1759931557.json"
"510807","146155","2025-10-17","52.00","NZD","1759931557","23477/2025-10-17/1759931557.json"
"581513","221281","2025-10-18","36.00","NZD","1759931557","23477/2025-10-18/1759931557.json"
"581514","221282","2025-10-18","36.00","NZD","1759931557","23477/2025-10-18/1759931557.json"
"512557","146154","2025-10-18","45.00","NZD","1759931557","23477/2025-10-18/1759931557.json"
"365170","146153","2025-10-18","48.00","NZD","1759931557","23477/2025-10-18/1759931557.json"
"510807","146155","2025-10-18","52.00","NZD","1759931557","23477/2025-10-18/1759931557.json"
"581513","221281","2025-10-21","36.00","NZD","1759931557","23477/2025-10-21/1759931557.json"
"581513","221281","2025-10-19","36.00","NZD","1759931557","23477/2025-10-19/1759931557.json"
"581514","221282","2025-10-19","36.00","NZD","1759931557","23477/2025-10-19/1759931557.json"
"581514","221282","2025-10-21","36.00","NZD","1759931557","23477/2025-10-21/1759931557.json"
"512557","146154","2025-10-19","45.00","NZD","1759931557","23477/2025-10-19/1759931557.json"
"512557","146154","2025-10-21","45.00","NZD","1759931557","23477/2025-10-21/1759931557.json"
"365170","146153","2025-10-21","48.00","NZD","1759931557","23477/2025-10-21/1759931557.json"
"365170","146153","2025-10-19","48.00","NZD","1759931557","23477/2025-10-19/1759931557.json"
"510807","146155","2025-10-21","52.00","NZD","1759931557","23477/2025-10-21/1759931557.json"
"510807","146155","2025-10-19","52.00","NZD","1759931557","23477/2025-10-19/1759931557.json"
"581513","221281","2025-10-20","36.00","NZD","1759931557","23477/2025-10-20/1759931557.json"
"581514","221282","2025-10-20","36.00","NZD","1759931557","23477/2025-10-20/1759931557.json"
"512557","146154","2025-10-20","45.00","NZD","1759931557","23477/2025-10-20/1759931557.json"
"365170","146153","2025-10-20","48.00","NZD","1759931557","23477/2025-10-20/1759931557.json"
"510807","146155","2025-10-20","52.00","NZD","1759931557","23477/2025-10-20/1759931557.json"
"581513","221281","2025-10-22","36.00","NZD","1759931557","23477/2025-10-22/1759931557.json"
"581514","221282","2025-10-22","36.00","NZD","1759931557","23477/2025-10-22/1759931557.json"
"512557","146154","2025-10-22","45.00","NZD","1759931557","23477/2025-10-22/1759931557.json"
"365170","146153","2025-10-22","48.00","NZD","1759931557","23477/2025-10-22/1759931557.json"
"510807","146155","2025-10-22","52.00","NZD","1759931557","23477/2025-10-22/1759931557.json"
"581513","221281","2025-10-26","36.00","NZD","1759931557","23477/2025-10-26/1759931557.json"
"581514","221282","2025-10-26","36.00","NZD","1759931557","23477/2025-10-26/1759931557.json"
"512557","146154","2025-10-26","45.00","NZD","1759931557","23477/2025-10-26/1759931557.json"
"365170","146153","2025-10-26","48.00","NZD","1759931557","23477/2025-10-26/1759931557.json"
"510807","146155","2025-10-26","52.00","NZD","1759931557","23477/2025-10-26/1759931557.json"
"581513","221281","2025-10-24","36.00","NZD","1759931557","23477/2025-10-24/1759931557.json"
"581514","221282","2025-10-24","36.00","NZD","1759931557","23477/2025-10-24/1759931557.json"
"512557","146154","2025-10-24","45.00","NZD","1759931557","23477/2025-10-24/1759931557.json"
"365170","146153","2025-10-24","48.00","NZD","1759931557","23477/2025-10-24/1759931557.json"
"510807","146155","2025-10-24","52.00","NZD","1759931557","23477/2025-10-24/1759931557.json"
"581513","221281","2025-10-25","36.00","NZD","1759931557","23477/2025-10-25/1759931557.json"
"581514","221282","2025-10-25","36.00","NZD","1759931557","23477/2025-10-25/1759931557.json"
"512557","146154","2025-10-25","45.00","NZD","1759931557","23477/2025-10-25/1759931557.json"
"365170","146153","2025-10-25","48.00","NZD","1759931557","23477/2025-10-25/1759931557.json"
"510807","146155","2025-10-25","52.00","NZD","1759931557","23477/2025-10-25/1759931557.json"
"581513","221281","2025-10-23","36.00","NZD","1759931557","23477/2025-10-23/1759931557.json"
"581514","221282","2025-10-23","36.00","NZD","1759931557","23477/2025-10-23/1759931557.json"
"512557","146154","2025-10-23","45.00","NZD","1759931557","23477/2025-10-23/1759931557.json"
"365170","146153","2025-10-23","48.00","NZD","1759931557","23477/2025-10-23/1759931557.json"
"510807","146155","2025-10-23","52.00","NZD","1759931557","23477/2025-10-23/1759931557.json"
"581513","221281","2025-10-30","36.00","NZD","1759931557","23477/2025-10-30/1759931557.json"
"581514","221282","2025-10-30","36.00","NZD","1759931557","23477/2025-10-30/1759931557.json"
"512557","146154","2025-10-30","45.00","NZD","1759931557","23477/2025-10-30/1759931557.json"
"365170","146153","2025-10-30","48.00","NZD","1759931557","23477/2025-10-30/1759931557.json"
"510807","146155","2025-10-30","52.00","NZD","1759931557","23477/2025-10-30/1759931557.json"
"581513","221281","2025-10-29","36.00","NZD","1759931557","23477/2025-10-29/1759931557.json"
"581514","221282","2025-10-29","36.00","NZD","1759931557","23477/2025-10-29/1759931557.json"
"512557","146154","2025-10-29","45.00","NZD","1759931557","23477/2025-10-29/1759931557.json"
"365170","146153","2025-10-29","48.00","NZD","1759931557","23477/2025-10-29/1759931557.json"
"510807","146155","2025-10-29","52.00","NZD","1759931557","23477/2025-10-29/1759931557.json"
"581513","221281","2025-10-28","36.00","NZD","1759931557","23477/2025-10-28/1759931557.json"
"581514","221282","2025-10-28","36.00","NZD","1759931557","23477/2025-10-28/1759931557.json"
"512557","146154","2025-10-28","45.00","NZD","1759931557","23477/2025-10-28/1759931557.json"
"365170","146153","2025-10-28","48.00","NZD","1759931557","23477/2025-10-28/1759931557.json"
"510807","146155","2025-10-28","52.00","NZD","1759931557","23477/2025-10-28/1759931557.json"
"581513","221281","2025-11-02","36.00","NZD","1759931557","23477/2025-11-02/1759931557.json"
"581514","221282","2025-11-02","36.00","NZD","1759931557","23477/2025-11-02/1759931557.json"
"512557","146154","2025-11-02","45.00","NZD","1759931557","23477/2025-11-02/1759931557.json"
"365170","146153","2025-11-02","48.00","NZD","1759931557","23477/2025-11-02/1759931557.json"
"510807","146155","2025-11-02","52.00","NZD","1759931557","23477/2025-11-02/1759931557.json"
"581513","221281","2025-10-31","36.00","NZD","1759931557","23477/2025-10-31/1759931557.json"
"581514","221282","2025-10-31","36.00","NZD","1759931557","23477/2025-10-31/1759931557.json"
"512557","146154","2025-10-31","45.00","NZD","1759931557","23477/2025-10-31/1759931557.json"
"365170","146153","2025-10-31","48.00","NZD","1759931557","23477/2025-10-31/1759931557.json"
"510807","146155","2025-10-31","52.00","NZD","1759931557","23477/2025-10-31/1759931557.json"
"581513","221281","2025-11-01","36.00","NZD","1759931557","23477/2025-11-01/1759931557.json"
"581514","221282","2025-11-01","36.00","NZD","1759931557","23477/2025-11-01/1759931557.json"
"512557","146154","2025-11-01","45.00","NZD","1759931557","23477/2025-11-01/1759931557.json"
"365170","146153","2025-11-01","48.00","NZD","1759931557","23477/2025-11-01/1759931557.json"
"510807","146155","2025-11-01","52.00","NZD","1759931557","23477/2025-11-01/1759931557.json"
"581513","221281","2025-11-04","36.00","NZD","1759931557","23477/2025-11-04/1759931557.json"
"581514","221282","2025-11-04","36.00","NZD","1759931557","23477/2025-11-04/1759931557.json"
"512557","146154","2025-11-04","45.00","NZD","1759931557","23477/2025-11-04/1759931557.json"
"365170","146153","2025-11-04","48.00","NZD","1759931557","23477/2025-11-04/1759931557.json"
"510807","146155","2025-11-04","52.00","NZD","1759931557","23477/2025-11-04/1759931557.json"
"581513","221281","2025-11-05","36.00","NZD","1759931557","23477/2025-11-05/1759931557.json"
"581514","221282","2025-11-05","36.00","NZD","1759931557","23477/2025-11-05/1759931557.json"
"512557","146154","2025-11-05","45.00","NZD","1759931557","23477/2025-11-05/1759931557.json"
"365170","146153","2025-11-05","48.00","NZD","1759931557","23477/2025-11-05/1759931557.json"
"510807","146155","2025-11-05","52.00","NZD","1759931557","23477/2025-11-05/1759931557.json"
"581513","221281","2025-11-06","36.00","NZD","1759931557","23477/2025-11-06/1759931557.json"
"581514","221282","2025-11-06","36.00","NZD","1759931557","23477/2025-11-06/1759931557.json"
"512557","146154","2025-11-06","45.00","NZD","1759931557","23477/2025-11-06/1759931557.json"
"365170","146153","2025-11-06","48.00","NZD","1759931557","23477/2025-11-06/1759931557.json"
"510807","146155","2025-11-06","52.00","NZD","1759931557","23477/2025-11-06/1759931557.json"
"581513","221281","2025-11-07","36.00","NZD","1759931557","23477/2025-11-07/1759931557.json"
"581514","221282","2025-11-07","36.00","NZD","1759931557","23477/2025-11-07/1759931557.json"
"512557","146154","2025-11-07","45.00","NZD","1759931557","23477/2025-11-07/1759931557.json"
"365170","146153","2025-11-07","48.00","NZD","1759931557","23477/2025-11-07/1759931557.json"
"510807","146155","2025-11-07","52.00","NZD","1759931557","23477/2025-11-07/1759931557.json"
"581513","221281","2025-11-08","36.00","NZD","1759931557","23477/2025-11-08/1759931557.json"
"581514","221282","2025-11-08","36.00","NZD","1759931557","23477/2025-11-08/1759931557.json"
"512557","146154","2025-11-08","45.00","NZD","1759931557","23477/2025-11-08/1759931557.json"
"365170","146153","2025-11-08","48.00","NZD","1759931557","23477/2025-11-08/1759931557.json"
"510807","146155","2025-11-08","52.00","NZD","1759931557","23477/2025-11-08/1759931557.json"
"581513","221281","2025-11-09","36.00","NZD","1759931557","23477/2025-11-09/1759931557.json"
"581514","221282","2025-11-09","36.00","NZD","1759931557","23477/2025-11-09/1759931557.json"
"512557","146154","2025-11-09","45.00","NZD","1759931557","23477/2025-11-09/1759931557.json"
"365170","146153","2025-11-09","48.00","NZD","1759931557","23477/2025-11-09/1759931557.json"
"510807","146155","2025-11-09","52.00","NZD","1759931557","23477/2025-11-09/1759931557.json"
"581513","221281","2025-11-11","36.00","NZD","1759931557","23477/2025-11-11/1759931557.json"
"581514","221282","2025-11-11","36.00","NZD","1759931557","23477/2025-11-11/1759931557.json"
"512557","146154","2025-11-11","45.00","NZD","1759931557","23477/2025-11-11/1759931557.json"
"365170","146153","2025-11-11","48.00","NZD","1759931557","23477/2025-11-11/1759931557.json"
"510807","146155","2025-11-11","52.00","NZD","1759931557","23477/2025-11-11/1759931557.json"
"581513","221281","2025-11-10","36.00","NZD","1759931557","23477/2025-11-10/1759931557.json"
"581514","221282","2025-11-10","36.00","NZD","1759931557","23477/2025-11-10/1759931557.json"
"512557","146154","2025-11-10","45.00","NZD","1759931557","23477/2025-11-10/1759931557.json"
"365170","146153","2025-11-10","48.00","NZD","1759931557","23477/2025-11-10/1759931557.json"
"510807","146155","2025-11-10","52.00","NZD","1759931557","23477/2025-11-10/1759931557.json"
"581513","221281","2025-11-13","36.00","NZD","1759931557","23477/2025-11-13/1759931557.json"
"581514","221282","2025-11-13","36.00","NZD","1759931557","23477/2025-11-13/1759931557.json"
"512557","146154","2025-11-13","45.00","NZD","1759931557","23477/2025-11-13/1759931557.json"
"365170","146153","2025-11-13","48.00","NZD","1759931557","23477/2025-11-13/1759931557.json"
"510807","146155","2025-11-13","52.00","NZD","1759931557","23477/2025-11-13/1759931557.json"
"581513","221281","2025-11-12","36.00","NZD","1759931557","23477/2025-11-12/1759931557.json"
"581514","221282","2025-11-12","36.00","NZD","1759931557","23477/2025-11-12/1759931557.json"
"512557","146154","2025-11-12","45.00","NZD","1759931557","23477/2025-11-12/1759931557.json"
"365170","146153","2025-11-12","48.00","NZD","1759931557","23477/2025-11-12/1759931557.json"
"510807","146155","2025-11-12","52.00","NZD","1759931557","23477/2025-11-12/1759931557.json"
"581513","221281","2025-11-15","36.00","NZD","1759931557","23477/2025-11-15/1759931557.json"
"581514","221282","2025-11-15","36.00","NZD","1759931557","23477/2025-11-15/1759931557.json"
"512557","146154","2025-11-15","45.00","NZD","1759931557","23477/2025-11-15/1759931557.json"
"365170","146153","2025-11-15","48.00","NZD","1759931557","23477/2025-11-15/1759931557.json"
"510807","146155","2025-11-15","52.00","NZD","1759931557","23477/2025-11-15/1759931557.json"
"581513","221281","2025-11-14","36.00","NZD","1759931557","23477/2025-11-14/1759931557.json"
"581514","221282","2025-11-14","36.00","NZD","1759931557","23477/2025-11-14/1759931557.json"
"512557","146154","2025-11-14","45.00","NZD","1759931557","23477/2025-11-14/1759931557.json"
"365170","146153","2025-11-14","48.00","NZD","1759931557","23477/2025-11-14/1759931557.json"
"510807","146155","2025-11-14","52.00","NZD","1759931557","23477/2025-11-14/1759931557.json"
"581513","221281","2025-11-17","36.00","NZD","1759931557","23477/2025-11-17/1759931557.json"
"581514","221282","2025-11-17","36.00","NZD","1759931557","23477/2025-11-17/1759931557.json"
"512557","146154","2025-11-17","45.00","NZD","1759931557","23477/2025-11-17/1759931557.json"
"365170","146153","2025-11-17","48.00","NZD","1759931557","23477/2025-11-17/1759931557.json"
"510807","146155","2025-11-17","52.00","NZD","1759931557","23477/2025-11-17/1759931557.json"
"581513","221281","2025-11-16","36.00","NZD","1759931557","23477/2025-11-16/1759931557.json"
"581514","221282","2025-11-16","36.00","NZD","1759931557","23477/2025-11-16/1759931557.json"
"512557","146154","2025-11-16","45.00","NZD","1759931557","23477/2025-11-16/1759931557.json"
"365170","146153","2025-11-16","48.00","NZD","1759931557","23477/2025-11-16/1759931557.json"
"510807","146155","2025-11-16","52.00","NZD","1759931557","23477/2025-11-16/1759931557.json"
"581513","221281","2025-11-18","36.00","NZD","1759931557","23477/2025-11-18/1759931557.json"
"581513","221281","2025-11-19","36.00","NZD","1759931557","23477/2025-11-19/1759931557.json"
"581514","221282","2025-11-18","36.00","NZD","1759931557","23477/2025-11-18/1759931557.json"
"581514","221282","2025-11-19","36.00","NZD","1759931557","23477/2025-11-19/1759931557.json"
"512557","146154","2025-11-19","45.00","NZD","1759931557","23477/2025-11-19/1759931557.json"
"512557","146154","2025-11-18","45.00","NZD","1759931557","23477/2025-11-18/1759931557.json"
"365170","146153","2025-11-19","48.00","NZD","1759931557","23477/2025-11-19/1759931557.json"
"510807","146155","2025-11-19","52.00","NZD","1759931557","23477/2025-11-19/1759931557.json"
"365170","146153","2025-11-18","48.00","NZD","1759931557","23477/2025-11-18/1759931557.json"
"510807","146155","2025-11-18","52.00","NZD","1759931557","23477/2025-11-18/1759931557.json"
"581513","221281","2025-11-21","36.00","NZD","1759931557","23477/2025-11-21/1759931557.json"
"581514","221282","2025-11-21","36.00","NZD","1759931557","23477/2025-11-21/1759931557.json"
"512557","146154","2025-11-21","45.00","NZD","1759931557","23477/2025-11-21/1759931557.json"
"365170","146153","2025-11-21","48.00","NZD","1759931557","23477/2025-11-21/1759931557.json"
"510807","146155","2025-11-21","52.00","NZD","1759931557","23477/2025-11-21/1759931557.json"
"581513","221281","2025-11-20","36.00","NZD","1759931557","23477/2025-11-20/1759931557.json"
"581514","221282","2025-11-20","36.00","NZD","1759931557","23477/2025-11-20/1759931557.json"
"512557","146154","2025-11-20","45.00","NZD","1759931557","23477/2025-11-20/1759931557.json"
"581513","221281","2025-11-23","36.00","NZD","1759931557","23477/2025-11-23/1759931557.json"
"581514","221282","2025-11-23","36.00","NZD","1759931557","23477/2025-11-23/1759931557.json"
"512557","146154","2025-11-23","45.00","NZD","1759931557","23477/2025-11-23/1759931557.json"
"365170","146153","2025-11-23","48.00","NZD","1759931557","23477/2025-11-23/1759931557.json"
"510807","146155","2025-11-23","52.00","NZD","1759931557","23477/2025-11-23/1759931557.json"
"581513","221281","2025-11-24","36.00","NZD","1759931557","23477/2025-11-24/1759931557.json"
"581514","221282","2025-11-24","36.00","NZD","1759931557","23477/2025-11-24/1759931557.json"
"512557","146154","2025-11-24","45.00","NZD","1759931557","23477/2025-11-24/1759931557.json"
"365170","146153","2025-11-24","48.00","NZD","1759931557","23477/2025-11-24/1759931557.json"
"510807","146155","2025-11-24","52.00","NZD","1759931557","23477/2025-11-24/1759931557.json"
"581513","221281","2025-11-22","36.00","NZD","1759931557","23477/2025-11-22/1759931557.json"
"581514","221282","2025-11-22","36.00","NZD","1759931557","23477/2025-11-22/1759931557.json"
"512557","146154","2025-11-22","45.00","NZD","1759931557","23477/2025-11-22/1759931557.json"
"365170","146153","2025-11-22","48.00","NZD","1759931557","23477/2025-11-22/1759931557.json"
"510807","146155","2025-11-22","52.00","NZD","1759931557","23477/2025-11-22/1759931557.json"
"581513","221281","2025-11-25","36.00","NZD","1759931557","23477/2025-11-25/1759931557.json"
"581514","221282","2025-11-25","36.00","NZD","1759931557","23477/2025-11-25/1759931557.json"
"512557","146154","2025-11-25","45.00","NZD","1759931557","23477/2025-11-25/1759931557.json"
"365170","146153","2025-11-25","48.00","NZD","1759931557","23477/2025-11-25/1759931557.json"
"510807","146155","2025-11-25","52.00","NZD","1759931557","23477/2025-11-25/1759931557.json"
"581513","221281","2025-11-26","36.00","NZD","1759931557","23477/2025-11-26/1759931557.json"
"581514","221282","2025-11-26","36.00","NZD","1759931557","23477/2025-11-26/1759931557.json"
"512557","146154","2025-11-26","45.00","NZD","1759931557","23477/2025-11-26/1759931557.json"
"365170","146153","2025-11-26","48.00","NZD","1759931557","23477/2025-11-26/1759931557.json"
"510807","146155","2025-11-26","52.00","NZD","1759931557","23477/2025-11-26/1759931557.json"
"581513","221281","2025-11-27","36.00","NZD","1759931557","23477/2025-11-27/1759931557.json"
"581514","221282","2025-11-27","36.00","NZD","1759931557","23477/2025-11-27/1759931557.json"
"512557","146154","2025-11-27","45.00","NZD","1759931557","23477/2025-11-27/1759931557.json"
"365170","146153","2025-11-27","48.00","NZD","1759931557","23477/2025-11-27/1759931557.json"
"510807","146155","2025-11-27","52.00","NZD","1759931557","23477/2025-11-27/1759931557.json"
"581513","221281","2025-11-28","36.00","NZD","1759931557","23477/2025-11-28/1759931557.json"
"581514","221282","2025-11-28","36.00","NZD","1759931557","23477/2025-11-28/1759931557.json"
"512557","146154","2025-11-28","45.00","NZD","1759931557","23477/2025-11-28/1759931557.json"
"365170","146153","2025-11-28","48.00","NZD","1759931557","23477/2025-11-28/1759931557.json"
"510807","146155","2025-11-28","52.00","NZD","1759931557","23477/2025-11-28/1759931557.json"
"581513","221281","2025-11-29","36.00","NZD","1759931557","23477/2025-11-29/1759931557.json"
"581514","221282","2025-11-29","36.00","NZD","1759931557","23477/2025-11-29/1759931557.json"
"512557","146154","2025-11-29","45.00","NZD","1759931557","23477/2025-11-29/1759931557.json"
"365170","146153","2025-11-29","48.00","NZD","1759931557","23477/2025-11-29/1759931557.json"
"510807","146155","2025-11-29","52.00","NZD","1759931557","23477/2025-11-29/1759931557.json"
"581513","221281","2025-11-30","36.00","NZD","1759931557","23477/2025-11-30/1759931557.json"
"581514","221282","2025-11-30","36.00","NZD","1759931557","23477/2025-11-30/1759931557.json"
"512557","146154","2025-11-30","45.00","NZD","1759931557","23477/2025-11-30/1759931557.json"
"365170","146153","2025-11-30","48.00","NZD","1759931557","23477/2025-11-30/1759931557.json"
"510807","146155","2025-11-30","52.00","NZD","1759931557","23477/2025-11-30/1759931557.json"
"581513","221281","2025-12-01","36.00","NZD","1759931557","23477/2025-12-01/1759931557.json"
"581514","221282","2025-12-01","36.00","NZD","1759931557","23477/2025-12-01/1759931557.json"
"512557","146154","2025-12-01","45.00","NZD","1759931557","23477/2025-12-01/1759931557.json"
"365170","146153","2025-12-01","48.00","NZD","1759931557","23477/2025-12-01/1759931557.json"
"510807","146155","2025-12-01","52.00","NZD","1759931557","23477/2025-12-01/1759931557.json"
"581513","221281","2025-12-02","36.00","NZD","1759931557","23477/2025-12-02/1759931557.json"
"581514","221282","2025-12-02","36.00","NZD","1759931557","23477/2025-12-02/1759931557.json"
"512557","146154","2025-12-02","45.00","NZD","1759931557","23477/2025-12-02/1759931557.json"
"365170","146153","2025-12-02","48.00","NZD","1759931557","23477/2025-12-02/1759931557.json"
"510807","146155","2025-12-02","52.00","NZD","1759931557","23477/2025-12-02/1759931557.json"
"581513","221281","2025-12-03","36.00","NZD","1759931557","23477/2025-12-03/1759931557.json"
"581514","221282","2025-12-03","36.00","NZD","1759931557","23477/2025-12-03/1759931557.json"
"512557","146154","2025-12-03","45.00","NZD","1759931557","23477/2025-12-03/1759931557.json"
"365170","146153","2025-12-03","48.00","NZD","1759931557","23477/2025-12-03/1759931557.json"
"510807","146155","2025-12-03","52.00","NZD","1759931557","23477/2025-12-03/1759931557.json"
"581513","221281","2025-12-04","36.00","NZD","1759931557","23477/2025-12-04/1759931557.json"
"581514","221282","2025-12-04","36.00","NZD","1759931557","23477/2025-12-04/1759931557.json"
"512557","146154","2025-12-04","45.00","NZD","1759931557","23477/2025-12-04/1759931557.json"
"365170","146153","2025-12-04","48.00","NZD","1759931557","23477/2025-12-04/1759931557.json"
"510807","146155","2025-12-04","52.00","NZD","1759931557","23477/2025-12-04/1759931557.json"
"581513","221281","2025-12-06","36.00","NZD","1759931557","23477/2025-12-06/1759931557.json"
"581514","221282","2025-12-06","36.00","NZD","1759931557","23477/2025-12-06/1759931557.json"
"512557","146154","2025-12-06","45.00","NZD","1759931557","23477/2025-12-06/1759931557.json"
"365170","146153","2025-12-06","48.00","NZD","1759931557","23477/2025-12-06/1759931557.json"
"510807","146155","2025-12-06","52.00","NZD","1759931557","23477/2025-12-06/1759931557.json"
"581513","221281","2025-12-05","36.00","NZD","1759931557","23477/2025-12-05/1759931557.json"
"581514","221282","2025-12-05","36.00","NZD","1759931557","23477/2025-12-05/1759931557.json"
"512557","146154","2025-12-05","45.00","NZD","1759931557","23477/2025-12-05/1759931557.json"
"365170","146153","2025-12-05","48.00","NZD","1759931557","23477/2025-12-05/1759931557.json"
"510807","146155","2025-12-05","52.00","NZD","1759931557","23477/2025-12-05/1759931557.json"
"581513","221281","2025-12-07","36.00","NZD","1759931557","23477/2025-12-07/1759931557.json"
"581514","221282","2025-12-07","36.00","NZD","1759931557","23477/2025-12-07/1759931557.json"
"512557","146154","2025-12-07","45.00","NZD","1759931557","23477/2025-12-07/1759931557.json"
"365170","146153","2025-12-07","48.00","NZD","1759931557","23477/2025-12-07/1759931557.json"
"510807","146155","2025-12-07","52.00","NZD","1759931557","23477/2025-12-07/1759931557.json"
"581513","221281","2025-11-03","36.00","NZD","1759931557","23477/2025-11-03/1759931557.json"
"581514","221282","2025-11-03","36.00","NZD","1759931557","23477/2025-11-03/1759931557.json"
"512557","146154","2025-11-03","45.00","NZD","1759931557","23477/2025-11-03/1759931557.json"
"365170","146153","2025-11-03","48.00","NZD","1759931557","23477/2025-11-03/1759931557.json"
"510807","146155","2025-11-03","52.00","NZD","1759931557","23477/2025-11-03/1759931557.json"
"581513","221281","2025-10-27","36.00","NZD","1759931557","23477/2025-10-27/1759931557.json"
"581514","221282","2025-10-27","36.00","NZD","1759931557","23477/2025-10-27/1759931557.json"
"512557","146154","2025-10-27","45.00","NZD","1759931557","23477/2025-10-27/1759931557.json"
"365170","146153","2025-10-27","48.00","NZD","1759931557","23477/2025-10-27/1759931557.json"
"510807","146155","2025-10-27","52.00","NZD","1759931557","23477/2025-10-27/1759931557.json"
"581513","221281","2025-10-11","36.00","NZD","1759942996","23477/2025-10-11/1759942996.json"
"581514","221282","2025-10-11","36.00","NZD","1759942996","23477/2025-10-11/1759942996.json"
"512557","146154","2025-10-11","45.00","NZD","1759942996","23477/2025-10-11/1759942996.json"
"365170","146153","2025-10-11","48.00","NZD","1759942996","23477/2025-10-11/1759942996.json"
"510807","146155","2025-10-11","52.00","NZD","1759942996","23477/2025-10-11/1759942996.json"
"581513","221281","2025-10-09","36.00","NZD","1759942996","23477/2025-10-09/1759942996.json"
"581514","221282","2025-10-09","36.00","NZD","1759942996","23477/2025-10-09/1759942996.json"
"512557","146154","2025-10-09","45.00","NZD","1759942996","23477/2025-10-09/1759942996.json"
"365170","146153","2025-10-09","48.00","NZD","1759942996","23477/2025-10-09/1759942996.json"
"510807","146155","2025-10-09","52.00","NZD","1759942996","23477/2025-10-09/1759942996.json"
"581513","221281","2025-10-10","36.00","NZD","1759942996","23477/2025-10-10/1759942996.json"
"581514","221282","2025-10-10","36.00","NZD","1759942996","23477/2025-10-10/1759942996.json"
"512557","146154","2025-10-10","45.00","NZD","1759942996","23477/2025-10-10/1759942996.json"
"365170","146153","2025-10-10","48.00","NZD","1759942996","23477/2025-10-10/1759942996.json"
"510807","146155","2025-10-10","52.00","NZD","1759942996","23477/2025-10-10/1759942996.json"
"581513","221281","2025-10-12","36.00","NZD","1759942996","23477/2025-10-12/1759942996.json"
"581514","221282","2025-10-12","36.00","NZD","1759942996","23477/2025-10-12/1759942996.json"
"512557","146154","2025-10-12","45.00","NZD","1759942996","23477/2025-10-12/1759942996.json"
"365170","146153","2025-10-12","48.00","NZD","1759942996","23477/2025-10-12/1759942996.json"
"510807","146155","2025-10-12","52.00","NZD","1759942996","23477/2025-10-12/1759942996.json"
"581513","221281","2025-10-13","36.00","NZD","1759942996","23477/2025-10-13/1759942996.json"
"581514","221282","2025-10-13","36.00","NZD","1759942996","23477/2025-10-13/1759942996.json"
"512557","146154","2025-10-13","45.00","NZD","1759942996","23477/2025-10-13/1759942996.json"
"365170","146153","2025-10-13","48.00","NZD","1759942996","23477/2025-10-13/1759942996.json"
"510807","146155","2025-10-13","52.00","NZD","1759942996","23477/2025-10-13/1759942996.json"
"581513","221281","2025-10-14","36.00","NZD","1759942996","23477/2025-10-14/1759942996.json"
"581514","221282","2025-10-14","36.00","NZD","1759942996","23477/2025-10-14/1759942996.json"
"512557","146154","2025-10-14","45.00","NZD","1759942996","23477/2025-10-14/1759942996.json"
"365170","146153","2025-10-14","48.00","NZD","1759942996","23477/2025-10-14/1759942996.json"
"510807","146155","2025-10-14","52.00","NZD","1759942996","23477/2025-10-14/1759942996.json"
"581513","221281","2025-10-15","36.00","NZD","1759942996","23477/2025-10-15/1759942996.json"
"581514","221282","2025-10-15","36.00","NZD","1759942996","23477/2025-10-15/1759942996.json"
"512557","146154","2025-10-15","45.00","NZD","1759942996","23477/2025-10-15/1759942996.json"
"365170","146153","2025-10-15","48.00","NZD","1759942996","23477/2025-10-15/1759942996.json"
"510807","146155","2025-10-15","52.00","NZD","1759942996","23477/2025-10-15/1759942996.json"
"581513","221281","2025-10-16","36.00","NZD","1759942996","23477/2025-10-16/1759942996.json"
"581514","221282","2025-10-16","36.00","NZD","1759942996","23477/2025-10-16/1759942996.json"
"512557","146154","2025-10-16","45.00","NZD","1759942996","23477/2025-10-16/1759942996.json"
"365170","146153","2025-10-16","48.00","NZD","1759942996","23477/2025-10-16/1759942996.json"
"510807","146155","2025-10-16","52.00","NZD","1759942996","23477/2025-10-16/1759942996.json"
"581513","221281","2025-10-18","36.00","NZD","1759942996","23477/2025-10-18/1759942996.json"
"581514","221282","2025-10-18","36.00","NZD","1759942996","23477/2025-10-18/1759942996.json"
"512557","146154","2025-10-18","45.00","NZD","1759942996","23477/2025-10-18/1759942996.json"
"365170","146153","2025-10-18","48.00","NZD","1759942996","23477/2025-10-18/1759942996.json"
"510807","146155","2025-10-18","52.00","NZD","1759942996","23477/2025-10-18/1759942996.json"
"581513","221281","2025-10-17","36.00","NZD","1759942996","23477/2025-10-17/1759942996.json"
"581514","221282","2025-10-17","36.00","NZD","1759942996","23477/2025-10-17/1759942996.json"
"512557","146154","2025-10-17","45.00","NZD","1759942996","23477/2025-10-17/1759942996.json"
"365170","146153","2025-10-17","48.00","NZD","1759942996","23477/2025-10-17/1759942996.json"
"510807","146155","2025-10-17","52.00","NZD","1759942996","23477/2025-10-17/1759942996.json"
"581513","221281","2025-10-20","36.00","NZD","1759942996","23477/2025-10-20/1759942996.json"
"581514","221282","2025-10-20","36.00","NZD","1759942996","23477/2025-10-20/1759942996.json"
"512557","146154","2025-10-20","45.00","NZD","1759942996","23477/2025-10-20/1759942996.json"
"365170","146153","2025-10-20","48.00","NZD","1759942996","23477/2025-10-20/1759942996.json"
"510807","146155","2025-10-20","52.00","NZD","1759942996","23477/2025-10-20/1759942996.json"
"581513","221281","2025-10-19","36.00","NZD","1759942996","23477/2025-10-19/1759942996.json"
"581514","221282","2025-10-19","36.00","NZD","1759942996","23477/2025-10-19/1759942996.json"
"512557","146154","2025-10-19","45.00","NZD","1759942996","23477/2025-10-19/1759942996.json"
"365170","146153","2025-10-19","48.00","NZD","1759942996","23477/2025-10-19/1759942996.json"
"510807","146155","2025-10-19","52.00","NZD","1759942996","23477/2025-10-19/1759942996.json"
"581513","221281","2025-10-22","36.00","NZD","1759942996","23477/2025-10-22/1759942996.json"
"581514","221282","2025-10-22","36.00","NZD","1759942996","23477/2025-10-22/1759942996.json"
"512557","146154","2025-10-22","45.00","NZD","1759942996","23477/2025-10-22/1759942996.json"
"365170","146153","2025-10-22","48.00","NZD","1759942996","23477/2025-10-22/1759942996.json"
"510807","146155","2025-10-22","52.00","NZD","1759942996","23477/2025-10-22/1759942996.json"
"581513","221281","2025-10-23","36.00","NZD","1759942996","23477/2025-10-23/1759942996.json"
"581514","221282","2025-10-23","36.00","NZD","1759942996","23477/2025-10-23/1759942996.json"
"512557","146154","2025-10-23","45.00","NZD","1759942996","23477/2025-10-23/1759942996.json"
"365170","146153","2025-10-23","48.00","NZD","1759942996","23477/2025-10-23/1759942996.json"
"510807","146155","2025-10-23","52.00","NZD","1759942996","23477/2025-10-23/1759942996.json"
"581513","221281","2025-10-21","36.00","NZD","1759942996","23477/2025-10-21/1759942996.json"
"581514","221282","2025-10-21","36.00","NZD","1759942996","23477/2025-10-21/1759942996.json"
"512557","146154","2025-10-21","45.00","NZD","1759942996","23477/2025-10-21/1759942996.json"
"365170","146153","2025-10-21","48.00","NZD","1759942996","23477/2025-10-21/1759942996.json"
"510807","146155","2025-10-21","52.00","NZD","1759942996","23477/2025-10-21/1759942996.json"
"581513","221281","2025-10-24","36.00","NZD","1759942996","23477/2025-10-24/1759942996.json"
"581514","221282","2025-10-24","36.00","NZD","1759942996","23477/2025-10-24/1759942996.json"
"512557","146154","2025-10-24","45.00","NZD","1759942996","23477/2025-10-24/1759942996.json"
"365170","146153","2025-10-24","48.00","NZD","1759942996","23477/2025-10-24/1759942996.json"
"510807","146155","2025-10-24","52.00","NZD","1759942996","23477/2025-10-24/1759942996.json"
"581513","221281","2025-10-25","36.00","NZD","1759942996","23477/2025-10-25/1759942996.json"
"581514","221282","2025-10-25","36.00","NZD","1759942996","23477/2025-10-25/1759942996.json"
"512557","146154","2025-10-25","45.00","NZD","1759942996","23477/2025-10-25/1759942996.json"
"365170","146153","2025-10-25","48.00","NZD","1759942996","23477/2025-10-25/1759942996.json"
"510807","146155","2025-10-25","52.00","NZD","1759942996","23477/2025-10-25/1759942996.json"
"581513","221281","2025-10-26","36.00","NZD","1759942996","23477/2025-10-26/1759942996.json"
"581514","221282","2025-10-26","36.00","NZD","1759942996","23477/2025-10-26/1759942996.json"
"512557","146154","2025-10-26","45.00","NZD","1759942996","23477/2025-10-26/1759942996.json"
"365170","146153","2025-10-26","48.00","NZD","1759942996","23477/2025-10-26/1759942996.json"
"510807","146155","2025-10-26","52.00","NZD","1759942996","23477/2025-10-26/1759942996.json"
"581513","221281","2025-10-27","36.00","NZD","1759942996","23477/2025-10-27/1759942996.json"
"581514","221282","2025-10-27","36.00","NZD","1759942996","23477/2025-10-27/1759942996.json"
"512557","146154","2025-10-27","45.00","NZD","1759942996","23477/2025-10-27/1759942996.json"
"365170","146153","2025-10-27","48.00","NZD","1759942996","23477/2025-10-27/1759942996.json"
"510807","146155","2025-10-27","52.00","NZD","1759942996","23477/2025-10-27/1759942996.json"
"581513","221281","2025-10-28","36.00","NZD","1759942996","23477/2025-10-28/1759942996.json"
"581514","221282","2025-10-28","36.00","NZD","1759942996","23477/2025-10-28/1759942996.json"
"512557","146154","2025-10-28","45.00","NZD","1759942996","23477/2025-10-28/1759942996.json"
"365170","146153","2025-10-28","48.00","NZD","1759942996","23477/2025-10-28/1759942996.json"
"510807","146155","2025-10-28","52.00","NZD","1759942996","23477/2025-10-28/1759942996.json"
"581513","221281","2025-10-29","36.00","NZD","1759942996","23477/2025-10-29/1759942996.json"
"581514","221282","2025-10-29","36.00","NZD","1759942996","23477/2025-10-29/1759942996.json"
"512557","146154","2025-10-29","45.00","NZD","1759942996","23477/2025-10-29/1759942996.json"
"365170","146153","2025-10-29","48.00","NZD","1759942996","23477/2025-10-29/1759942996.json"
"510807","146155","2025-10-29","52.00","NZD","1759942996","23477/2025-10-29/1759942996.json"
"581513","221281","2025-10-30","36.00","NZD","1759942996","23477/2025-10-30/1759942996.json"
"581514","221282","2025-10-30","36.00","NZD","1759942996","23477/2025-10-30/1759942996.json"
"512557","146154","2025-10-30","45.00","NZD","1759942996","23477/2025-10-30/1759942996.json"
"365170","146153","2025-10-30","48.00","NZD","1759942996","23477/2025-10-30/1759942996.json"
"510807","146155","2025-10-30","52.00","NZD","1759942996","23477/2025-10-30/1759942996.json"
"581513","221281","2025-11-01","36.00","NZD","1759942996","23477/2025-11-01/1759942996.json"
"581514","221282","2025-11-01","36.00","NZD","1759942996","23477/2025-11-01/1759942996.json"
"512557","146154","2025-11-01","45.00","NZD","1759942996","23477/2025-11-01/1759942996.json"
"365170","146153","2025-11-01","48.00","NZD","1759942996","23477/2025-11-01/1759942996.json"
"510807","146155","2025-11-01","52.00","NZD","1759942996","23477/2025-11-01/1759942996.json"
"581513","221281","2025-10-31","36.00","NZD","1759942996","23477/2025-10-31/1759942996.json"
"581514","221282","2025-10-31","36.00","NZD","1759942996","23477/2025-10-31/1759942996.json"
"512557","146154","2025-10-31","45.00","NZD","1759942996","23477/2025-10-31/1759942996.json"
"365170","146153","2025-10-31","48.00","NZD","1759942996","23477/2025-10-31/1759942996.json"
"510807","146155","2025-10-31","52.00","NZD","1759942996","23477/2025-10-31/1759942996.json"
"581513","221281","2025-11-02","36.00","NZD","1759942996","23477/2025-11-02/1759942996.json"
"581514","221282","2025-11-02","36.00","NZD","1759942996","23477/2025-11-02/1759942996.json"
"512557","146154","2025-11-02","45.00","NZD","1759942996","23477/2025-11-02/1759942996.json"
"365170","146153","2025-11-02","48.00","NZD","1759942996","23477/2025-11-02/1759942996.json"
"510807","146155","2025-11-02","52.00","NZD","1759942996","23477/2025-11-02/1759942996.json"
"581513","221281","2025-11-03","36.00","NZD","1759942996","23477/2025-11-03/1759942996.json"
"581514","221282","2025-11-03","36.00","NZD","1759942996","23477/2025-11-03/1759942996.json"
"512557","146154","2025-11-03","45.00","NZD","1759942996","23477/2025-11-03/1759942996.json"
"365170","146153","2025-11-03","48.00","NZD","1759942996","23477/2025-11-03/1759942996.json"
"510807","146155","2025-11-03","52.00","NZD","1759942996","23477/2025-11-03/1759942996.json"
"581513","221281","2025-11-05","36.00","NZD","1759942996","23477/2025-11-05/1759942996.json"
"581514","221282","2025-11-05","36.00","NZD","1759942996","23477/2025-11-05/1759942996.json"
"512557","146154","2025-11-05","45.00","NZD","1759942996","23477/2025-11-05/1759942996.json"
"365170","146153","2025-11-05","48.00","NZD","1759942996","23477/2025-11-05/1759942996.json"
"510807","146155","2025-11-05","52.00","NZD","1759942996","23477/2025-11-05/1759942996.json"
"581513","221281","2025-11-04","36.00","NZD","1759942996","23477/2025-11-04/1759942996.json"
"581514","221282","2025-11-04","36.00","NZD","1759942996","23477/2025-11-04/1759942996.json"
"512557","146154","2025-11-04","45.00","NZD","1759942996","23477/2025-11-04/1759942996.json"
"365170","146153","2025-11-04","48.00","NZD","1759942996","23477/2025-11-04/1759942996.json"
"510807","146155","2025-11-04","52.00","NZD","1759942996","23477/2025-11-04/1759942996.json"
"581513","221281","2025-11-06","36.00","NZD","1759942996","23477/2025-11-06/1759942996.json"
"581514","221282","2025-11-06","36.00","NZD","1759942996","23477/2025-11-06/1759942996.json"
"512557","146154","2025-11-06","45.00","NZD","1759942996","23477/2025-11-06/1759942996.json"
"365170","146153","2025-11-06","48.00","NZD","1759942996","23477/2025-11-06/1759942996.json"
"510807","146155","2025-11-06","52.00","NZD","1759942996","23477/2025-11-06/1759942996.json"
"581513","221281","2025-11-07","36.00","NZD","1759942996","23477/2025-11-07/1759942996.json"
"581514","221282","2025-11-07","36.00","NZD","1759942996","23477/2025-11-07/1759942996.json"
"512557","146154","2025-11-07","45.00","NZD","1759942996","23477/2025-11-07/1759942996.json"
"365170","146153","2025-11-07","48.00","NZD","1759942996","23477/2025-11-07/1759942996.json"
"510807","146155","2025-11-07","52.00","NZD","1759942996","23477/2025-11-07/1759942996.json"
"581513","221281","2025-11-08","36.00","NZD","1759942996","23477/2025-11-08/1759942996.json"
"581514","221282","2025-11-08","36.00","NZD","1759942996","23477/2025-11-08/1759942996.json"
"512557","146154","2025-11-08","45.00","NZD","1759942996","23477/2025-11-08/1759942996.json"
"365170","146153","2025-11-08","48.00","NZD","1759942996","23477/2025-11-08/1759942996.json"
"510807","146155","2025-11-08","52.00","NZD","1759942996","23477/2025-11-08/1759942996.json"
"581513","221281","2025-11-09","36.00","NZD","1759942996","23477/2025-11-09/1759942996.json"
"581514","221282","2025-11-09","36.00","NZD","1759942996","23477/2025-11-09/1759942996.json"
"512557","146154","2025-11-09","45.00","NZD","1759942996","23477/2025-11-09/1759942996.json"
"365170","146153","2025-11-09","48.00","NZD","1759942996","23477/2025-11-09/1759942996.json"
"510807","146155","2025-11-09","52.00","NZD","1759942996","23477/2025-11-09/1759942996.json"
"581513","221281","2025-11-10","36.00","NZD","1759942996","23477/2025-11-10/1759942996.json"
"581514","221282","2025-11-10","36.00","NZD","1759942996","23477/2025-11-10/1759942996.json"
"512557","146154","2025-11-10","45.00","NZD","1759942996","23477/2025-11-10/1759942996.json"
"365170","146153","2025-11-10","48.00","NZD","1759942996","23477/2025-11-10/1759942996.json"
"510807","146155","2025-11-10","52.00","NZD","1759942996","23477/2025-11-10/1759942996.json"
"581513","221281","2025-11-11","36.00","NZD","1759942996","23477/2025-11-11/1759942996.json"
"581514","221282","2025-11-11","36.00","NZD","1759942996","23477/2025-11-11/1759942996.json"
"512557","146154","2025-11-11","45.00","NZD","1759942996","23477/2025-11-11/1759942996.json"
"365170","146153","2025-11-11","48.00","NZD","1759942996","23477/2025-11-11/1759942996.json"
"510807","146155","2025-11-11","52.00","NZD","1759942996","23477/2025-11-11/1759942996.json"
"581513","221281","2025-11-12","36.00","NZD","1759942996","23477/2025-11-12/1759942996.json"
"581514","221282","2025-11-12","36.00","NZD","1759942996","23477/2025-11-12/1759942996.json"
"512557","146154","2025-11-12","45.00","NZD","1759942996","23477/2025-11-12/1759942996.json"
"365170","146153","2025-11-12","48.00","NZD","1759942996","23477/2025-11-12/1759942996.json"
"510807","146155","2025-11-12","52.00","NZD","1759942996","23477/2025-11-12/1759942996.json"
"581513","221281","2025-11-13","36.00","NZD","1759942996","23477/2025-11-13/1759942996.json"
"581514","221282","2025-11-13","36.00","NZD","1759942996","23477/2025-11-13/1759942996.json"
"512557","146154","2025-11-13","45.00","NZD","1759942996","23477/2025-11-13/1759942996.json"
"365170","146153","2025-11-13","48.00","NZD","1759942996","23477/2025-11-13/1759942996.json"
"510807","146155","2025-11-13","52.00","NZD","1759942996","23477/2025-11-13/1759942996.json"
"581513","221281","2025-11-15","36.00","NZD","1759942996","23477/2025-11-15/1759942996.json"
"581514","221282","2025-11-15","36.00","NZD","1759942996","23477/2025-11-15/1759942996.json"
"512557","146154","2025-11-15","45.00","NZD","1759942996","23477/2025-11-15/1759942996.json"
"365170","146153","2025-11-15","48.00","NZD","1759942996","23477/2025-11-15/1759942996.json"
"510807","146155","2025-11-15","52.00","NZD","1759942996","23477/2025-11-15/1759942996.json"
"581513","221281","2025-11-16","36.00","NZD","1759942996","23477/2025-11-16/1759942996.json"
"581514","221282","2025-11-16","36.00","NZD","1759942996","23477/2025-11-16/1759942996.json"
"512557","146154","2025-11-16","45.00","NZD","1759942996","23477/2025-11-16/1759942996.json"
"365170","146153","2025-11-16","48.00","NZD","1759942996","23477/2025-11-16/1759942996.json"
"510807","146155","2025-11-16","52.00","NZD","1759942996","23477/2025-11-16/1759942996.json"
"581513","221281","2025-11-17","36.00","NZD","1759942996","23477/2025-11-17/1759942996.json"
"581514","221282","2025-11-17","36.00","NZD","1759942996","23477/2025-11-17/1759942996.json"
"512557","146154","2025-11-17","45.00","NZD","1759942996","23477/2025-11-17/1759942996.json"
"365170","146153","2025-11-17","48.00","NZD","1759942996","23477/2025-11-17/1759942996.json"
"510807","146155","2025-11-17","52.00","NZD","1759942996","23477/2025-11-17/1759942996.json"
"581513","221281","2025-11-18","36.00","NZD","1759942996","23477/2025-11-18/1759942996.json"
"581514","221282","2025-11-18","36.00","NZD","1759942996","23477/2025-11-18/1759942996.json"
"512557","146154","2025-11-18","45.00","NZD","1759942996","23477/2025-11-18/1759942996.json"
"365170","146153","2025-11-18","48.00","NZD","1759942996","23477/2025-11-18/1759942996.json"
"510807","146155","2025-11-18","52.00","NZD","1759942996","23477/2025-11-18/1759942996.json"
"581513","221281","2025-11-19","36.00","NZD","1759942996","23477/2025-11-19/1759942996.json"
"581514","221282","2025-11-19","36.00","NZD","1759942996","23477/2025-11-19/1759942996.json"
"512557","146154","2025-11-19","45.00","NZD","1759942996","23477/2025-11-19/1759942996.json"
"365170","146153","2025-11-19","48.00","NZD","1759942996","23477/2025-11-19/1759942996.json"
"510807","146155","2025-11-19","52.00","NZD","1759942996","23477/2025-11-19/1759942996.json"
"581513","221281","2025-11-20","36.00","NZD","1759942996","23477/2025-11-20/1759942996.json"
"581514","221282","2025-11-20","36.00","NZD","1759942996","23477/2025-11-20/1759942996.json"
"512557","146154","2025-11-20","45.00","NZD","1759942996","23477/2025-11-20/1759942996.json"
"581513","221281","2025-11-14","36.00","NZD","1759942996","23477/2025-11-14/1759942996.json"
"581514","221282","2025-11-14","36.00","NZD","1759942996","23477/2025-11-14/1759942996.json"
"512557","146154","2025-11-14","45.00","NZD","1759942996","23477/2025-11-14/1759942996.json"
"365170","146153","2025-11-14","48.00","NZD","1759942996","23477/2025-11-14/1759942996.json"
"510807","146155","2025-11-14","52.00","NZD","1759942996","23477/2025-11-14/1759942996.json"
"581513","221281","2025-11-21","36.00","NZD","1759942996","23477/2025-11-21/1759942996.json"
"581514","221282","2025-11-21","36.00","NZD","1759942996","23477/2025-11-21/1759942996.json"
"512557","146154","2025-11-21","45.00","NZD","1759942996","23477/2025-11-21/1759942996.json"
"365170","146153","2025-11-21","48.00","NZD","1759942996","23477/2025-11-21/1759942996.json"
"510807","146155","2025-11-21","52.00","NZD","1759942996","23477/2025-11-21/1759942996.json"
"581513","221281","2025-11-23","36.00","NZD","1759942996","23477/2025-11-23/1759942996.json"
"581514","221282","2025-11-23","36.00","NZD","1759942996","23477/2025-11-23/1759942996.json"
"512557","146154","2025-11-23","45.00","NZD","1759942996","23477/2025-11-23/1759942996.json"
"365170","146153","2025-11-23","48.00","NZD","1759942996","23477/2025-11-23/1759942996.json"
"510807","146155","2025-11-23","52.00","NZD","1759942996","23477/2025-11-23/1759942996.json"
"581513","221281","2025-11-22","36.00","NZD","1759942996","23477/2025-11-22/1759942996.json"
"581514","221282","2025-11-22","36.00","NZD","1759942996","23477/2025-11-22/1759942996.json"
"512557","146154","2025-11-22","45.00","NZD","1759942996","23477/2025-11-22/1759942996.json"
"365170","146153","2025-11-22","48.00","NZD","1759942996","23477/2025-11-22/1759942996.json"
"510807","146155","2025-11-22","52.00","NZD","1759942996","23477/2025-11-22/1759942996.json"
"581513","221281","2025-11-24","36.00","NZD","1759942996","23477/2025-11-24/1759942996.json"
"581514","221282","2025-11-24","36.00","NZD","1759942996","23477/2025-11-24/1759942996.json"
"512557","146154","2025-11-24","45.00","NZD","1759942996","23477/2025-11-24/1759942996.json"
"365170","146153","2025-11-24","48.00","NZD","1759942996","23477/2025-11-24/1759942996.json"
"510807","146155","2025-11-24","52.00","NZD","1759942996","23477/2025-11-24/1759942996.json"
"581513","221281","2025-11-25","36.00","NZD","1759942996","23477/2025-11-25/1759942996.json"
"581514","221282","2025-11-25","36.00","NZD","1759942996","23477/2025-11-25/1759942996.json"
"512557","146154","2025-11-25","45.00","NZD","1759942996","23477/2025-11-25/1759942996.json"
"365170","146153","2025-11-25","48.00","NZD","1759942996","23477/2025-11-25/1759942996.json"
"510807","146155","2025-11-25","52.00","NZD","1759942996","23477/2025-11-25/1759942996.json"
"581513","221281","2025-11-27","36.00","NZD","1759942996","23477/2025-11-27/1759942996.json"
"581514","221282","2025-11-27","36.00","NZD","1759942996","23477/2025-11-27/1759942996.json"
"512557","146154","2025-11-27","45.00","NZD","1759942996","23477/2025-11-27/1759942996.json"
"365170","146153","2025-11-27","48.00","NZD","1759942996","23477/2025-11-27/1759942996.json"
"510807","146155","2025-11-27","52.00","NZD","1759942996","23477/2025-11-27/1759942996.json"
"581513","221281","2025-11-26","36.00","NZD","1759942996","23477/2025-11-26/1759942996.json"
"581514","221282","2025-11-26","36.00","NZD","1759942996","23477/2025-11-26/1759942996.json"
"512557","146154","2025-11-26","45.00","NZD","1759942996","23477/2025-11-26/1759942996.json"
"365170","146153","2025-11-26","48.00","NZD","1759942996","23477/2025-11-26/1759942996.json"
"510807","146155","2025-11-26","52.00","NZD","1759942996","23477/2025-11-26/1759942996.json"
"581513","221281","2025-11-29","36.00","NZD","1759942996","23477/2025-11-29/1759942996.json"
"581514","221282","2025-11-29","36.00","NZD","1759942996","23477/2025-11-29/1759942996.json"
"512557","146154","2025-11-29","45.00","NZD","1759942996","23477/2025-11-29/1759942996.json"
"365170","146153","2025-11-29","48.00","NZD","1759942996","23477/2025-11-29/1759942996.json"
"510807","146155","2025-11-29","52.00","NZD","1759942996","23477/2025-11-29/1759942996.json"
"581513","221281","2025-11-28","36.00","NZD","1759942996","23477/2025-11-28/1759942996.json"
"581514","221282","2025-11-28","36.00","NZD","1759942996","23477/2025-11-28/1759942996.json"
"512557","146154","2025-11-28","45.00","NZD","1759942996","23477/2025-11-28/1759942996.json"
"365170","146153","2025-11-28","48.00","NZD","1759942996","23477/2025-11-28/1759942996.json"
"510807","146155","2025-11-28","52.00","NZD","1759942996","23477/2025-11-28/1759942996.json"
"581513","221281","2025-12-01","36.00","NZD","1759942996","23477/2025-12-01/1759942996.json"
"581514","221282","2025-12-01","36.00","NZD","1759942996","23477/2025-12-01/1759942996.json"
"512557","146154","2025-12-01","45.00","NZD","1759942996","23477/2025-12-01/1759942996.json"
"365170","146153","2025-12-01","48.00","NZD","1759942996","23477/2025-12-01/1759942996.json"
"510807","146155","2025-12-01","52.00","NZD","1759942996","23477/2025-12-01/1759942996.json"
"581513","221281","2025-11-30","36.00","NZD","1759942996","23477/2025-11-30/1759942996.json"
"581514","221282","2025-11-30","36.00","NZD","1759942996","23477/2025-11-30/1759942996.json"
"512557","146154","2025-11-30","45.00","NZD","1759942996","23477/2025-11-30/1759942996.json"
"365170","146153","2025-11-30","48.00","NZD","1759942996","23477/2025-11-30/1759942996.json"
"510807","146155","2025-11-30","52.00","NZD","1759942996","23477/2025-11-30/1759942996.json"
"581513","221281","2025-12-02","36.00","NZD","1759942996","23477/2025-12-02/1759942996.json"
"581514","221282","2025-12-02","36.00","NZD","1759942996","23477/2025-12-02/1759942996.json"
"512557","146154","2025-12-02","45.00","NZD","1759942996","23477/2025-12-02/1759942996.json"
"365170","146153","2025-12-02","48.00","NZD","1759942996","23477/2025-12-02/1759942996.json"
"510807","146155","2025-12-02","52.00","NZD","1759942996","23477/2025-12-02/1759942996.json"
"581513","221281","2025-12-03","36.00","NZD","1759942996","23477/2025-12-03/1759942996.json"
"581514","221282","2025-12-03","36.00","NZD","1759942996","23477/2025-12-03/1759942996.json"
"512557","146154","2025-12-03","45.00","NZD","1759942996","23477/2025-12-03/1759942996.json"
"365170","146153","2025-12-03","48.00","NZD","1759942996","23477/2025-12-03/1759942996.json"
"510807","146155","2025-12-03","52.00","NZD","1759942996","23477/2025-12-03/1759942996.json"
"581513","221281","2025-12-05","36.00","NZD","1759942996","23477/2025-12-05/1759942996.json"
"581514","221282","2025-12-05","36.00","NZD","1759942996","23477/2025-12-05/1759942996.json"
"512557","146154","2025-12-05","45.00","NZD","1759942996","23477/2025-12-05/1759942996.json"
"365170","146153","2025-12-05","48.00","NZD","1759942996","23477/2025-12-05/1759942996.json"
"510807","146155","2025-12-05","52.00","NZD","1759942996","23477/2025-12-05/1759942996.json"
"581513","221281","2025-12-04","36.00","NZD","1759942996","23477/2025-12-04/1759942996.json"
"581514","221282","2025-12-04","36.00","NZD","1759942996","23477/2025-12-04/1759942996.json"
"512557","146154","2025-12-04","45.00","NZD","1759942996","23477/2025-12-04/1759942996.json"
"365170","146153","2025-12-04","48.00","NZD","1759942996","23477/2025-12-04/1759942996.json"
"510807","146155","2025-12-04","52.00","NZD","1759942996","23477/2025-12-04/1759942996.json"
"581513","221281","2025-12-07","36.00","NZD","1759942996","23477/2025-12-07/1759942996.json"
"581514","221282","2025-12-07","36.00","NZD","1759942996","23477/2025-12-07/1759942996.json"
"512557","146154","2025-12-07","45.00","NZD","1759942996","23477/2025-12-07/1759942996.json"
"365170","146153","2025-12-07","48.00","NZD","1759942996","23477/2025-12-07/1759942996.json"
"510807","146155","2025-12-07","52.00","NZD","1759942996","23477/2025-12-07/1759942996.json"
"581513","221281","2025-12-06","36.00","NZD","1759942996","23477/2025-12-06/1759942996.json"
"581514","221282","2025-12-06","36.00","NZD","1759942996","23477/2025-12-06/1759942996.json"
"512557","146154","2025-12-06","45.00","NZD","1759942996","23477/2025-12-06/1759942996.json"
"365170","146153","2025-12-06","48.00","NZD","1759942996","23477/2025-12-06/1759942996.json"
"510807","146155","2025-12-06","52.00","NZD","1759942996","23477/2025-12-06/1759942996.json"
"581513","221281","2025-10-10","36.00","NZD","1759956614","23477/2025-10-10/1759956614.json"
"581514","221282","2025-10-10","36.00","NZD","1759956614","23477/2025-10-10/1759956614.json"
"512557","146154","2025-10-10","45.00","NZD","1759956614","23477/2025-10-10/1759956614.json"
"365170","146153","2025-10-10","48.00","NZD","1759956614","23477/2025-10-10/1759956614.json"
"510807","146155","2025-10-10","52.00","NZD","1759956614","23477/2025-10-10/1759956614.json"
"581513","221281","2025-10-12","36.00","NZD","1759956614","23477/2025-10-12/1759956614.json"
"581514","221282","2025-10-12","36.00","NZD","1759956614","23477/2025-10-12/1759956614.json"
"512557","146154","2025-10-12","45.00","NZD","1759956614","23477/2025-10-12/1759956614.json"
"365170","146153","2025-10-12","48.00","NZD","1759956614","23477/2025-10-12/1759956614.json"
"510807","146155","2025-10-12","52.00","NZD","1759956614","23477/2025-10-12/1759956614.json"
"581513","221281","2025-10-11","36.00","NZD","1759956614","23477/2025-10-11/1759956614.json"
"581514","221282","2025-10-11","36.00","NZD","1759956614","23477/2025-10-11/1759956614.json"
"512557","146154","2025-10-11","45.00","NZD","1759956614","23477/2025-10-11/1759956614.json"
"365170","146153","2025-10-11","48.00","NZD","1759956614","23477/2025-10-11/1759956614.json"
"510807","146155","2025-10-11","52.00","NZD","1759956614","23477/2025-10-11/1759956614.json"
"581513","221281","2025-10-13","36.00","NZD","1759956614","23477/2025-10-13/1759956614.json"
"581514","221282","2025-10-13","36.00","NZD","1759956614","23477/2025-10-13/1759956614.json"
"512557","146154","2025-10-13","45.00","NZD","1759956614","23477/2025-10-13/1759956614.json"
"365170","146153","2025-10-13","48.00","NZD","1759956614","23477/2025-10-13/1759956614.json"
"510807","146155","2025-10-13","52.00","NZD","1759956614","23477/2025-10-13/1759956614.json"
"581513","221281","2025-10-14","36.00","NZD","1759956614","23477/2025-10-14/1759956614.json"
"581514","221282","2025-10-14","36.00","NZD","1759956614","23477/2025-10-14/1759956614.json"
"512557","146154","2025-10-14","45.00","NZD","1759956614","23477/2025-10-14/1759956614.json"
"365170","146153","2025-10-14","48.00","NZD","1759956614","23477/2025-10-14/1759956614.json"
"510807","146155","2025-10-14","52.00","NZD","1759956614","23477/2025-10-14/1759956614.json"
"581513","221281","2025-10-09","36.00","NZD","1759956614","23477/2025-10-09/1759956614.json"
"581514","221282","2025-10-09","36.00","NZD","1759956614","23477/2025-10-09/1759956614.json"
"512557","146154","2025-10-09","45.00","NZD","1759956614","23477/2025-10-09/1759956614.json"
"365170","146153","2025-10-09","48.00","NZD","1759956614","23477/2025-10-09/1759956614.json"
"510807","146155","2025-10-09","52.00","NZD","1759956614","23477/2025-10-09/1759956614.json"
"581513","221281","2025-10-16","36.00","NZD","1759956614","23477/2025-10-16/1759956614.json"
"581514","221282","2025-10-16","36.00","NZD","1759956614","23477/2025-10-16/1759956614.json"
"512557","146154","2025-10-16","45.00","NZD","1759956614","23477/2025-10-16/1759956614.json"
"365170","146153","2025-10-16","48.00","NZD","1759956614","23477/2025-10-16/1759956614.json"
"510807","146155","2025-10-16","52.00","NZD","1759956614","23477/2025-10-16/1759956614.json"
"581513","221281","2025-10-15","36.00","NZD","1759956614","23477/2025-10-15/1759956614.json"
"581514","221282","2025-10-15","36.00","NZD","1759956614","23477/2025-10-15/1759956614.json"
"512557","146154","2025-10-15","45.00","NZD","1759956614","23477/2025-10-15/1759956614.json"
"365170","146153","2025-10-15","48.00","NZD","1759956614","23477/2025-10-15/1759956614.json"
"510807","146155","2025-10-15","52.00","NZD","1759956614","23477/2025-10-15/1759956614.json"
"581513","221281","2025-10-17","36.00","NZD","1759956614","23477/2025-10-17/1759956614.json"
"581514","221282","2025-10-17","36.00","NZD","1759956614","23477/2025-10-17/1759956614.json"
"512557","146154","2025-10-17","45.00","NZD","1759956614","23477/2025-10-17/1759956614.json"
"365170","146153","2025-10-17","48.00","NZD","1759956614","23477/2025-10-17/1759956614.json"
"510807","146155","2025-10-17","52.00","NZD","1759956614","23477/2025-10-17/1759956614.json"
"581513","221281","2025-10-18","36.00","NZD","1759956614","23477/2025-10-18/1759956614.json"
"581514","221282","2025-10-18","36.00","NZD","1759956614","23477/2025-10-18/1759956614.json"
"512557","146154","2025-10-18","45.00","NZD","1759956614","23477/2025-10-18/1759956614.json"
"365170","146153","2025-10-18","48.00","NZD","1759956614","23477/2025-10-18/1759956614.json"
"510807","146155","2025-10-18","52.00","NZD","1759956614","23477/2025-10-18/1759956614.json"
"581513","221281","2025-10-19","36.00","NZD","1759956614","23477/2025-10-19/1759956614.json"
"581514","221282","2025-10-19","36.00","NZD","1759956614","23477/2025-10-19/1759956614.json"
"512557","146154","2025-10-19","45.00","NZD","1759956614","23477/2025-10-19/1759956614.json"
"365170","146153","2025-10-19","48.00","NZD","1759956614","23477/2025-10-19/1759956614.json"
"510807","146155","2025-10-19","52.00","NZD","1759956614","23477/2025-10-19/1759956614.json"
"581513","221281","2025-10-20","36.00","NZD","1759956614","23477/2025-10-20/1759956614.json"
"581514","221282","2025-10-20","36.00","NZD","1759956614","23477/2025-10-20/1759956614.json"
"512557","146154","2025-10-20","45.00","NZD","1759956614","23477/2025-10-20/1759956614.json"
"365170","146153","2025-10-20","48.00","NZD","1759956614","23477/2025-10-20/1759956614.json"
"510807","146155","2025-10-20","52.00","NZD","1759956614","23477/2025-10-20/1759956614.json"
"581513","221281","2025-10-22","36.00","NZD","1759956614","23477/2025-10-22/1759956614.json"
"581514","221282","2025-10-22","36.00","NZD","1759956614","23477/2025-10-22/1759956614.json"
"512557","146154","2025-10-22","45.00","NZD","1759956614","23477/2025-10-22/1759956614.json"
"365170","146153","2025-10-22","48.00","NZD","1759956614","23477/2025-10-22/1759956614.json"
"510807","146155","2025-10-22","52.00","NZD","1759956614","23477/2025-10-22/1759956614.json"
"581513","221281","2025-10-21","36.00","NZD","1759956614","23477/2025-10-21/1759956614.json"
"581514","221282","2025-10-21","36.00","NZD","1759956614","23477/2025-10-21/1759956614.json"
"512557","146154","2025-10-21","45.00","NZD","1759956614","23477/2025-10-21/1759956614.json"
"365170","146153","2025-10-21","48.00","NZD","1759956614","23477/2025-10-21/1759956614.json"
"510807","146155","2025-10-21","52.00","NZD","1759956614","23477/2025-10-21/1759956614.json"
"581513","221281","2025-10-23","36.00","NZD","1759956614","23477/2025-10-23/1759956614.json"
"581514","221282","2025-10-23","36.00","NZD","1759956614","23477/2025-10-23/1759956614.json"
"512557","146154","2025-10-23","45.00","NZD","1759956614","23477/2025-10-23/1759956614.json"
"365170","146153","2025-10-23","48.00","NZD","1759956614","23477/2025-10-23/1759956614.json"
"510807","146155","2025-10-23","52.00","NZD","1759956614","23477/2025-10-23/1759956614.json"
"581513","221281","2025-10-24","36.00","NZD","1759956614","23477/2025-10-24/1759956614.json"
"581514","221282","2025-10-24","36.00","NZD","1759956614","23477/2025-10-24/1759956614.json"
"512557","146154","2025-10-24","45.00","NZD","1759956614","23477/2025-10-24/1759956614.json"
"365170","146153","2025-10-24","48.00","NZD","1759956614","23477/2025-10-24/1759956614.json"
"510807","146155","2025-10-24","52.00","NZD","1759956614","23477/2025-10-24/1759956614.json"
"581513","221281","2025-10-25","36.00","NZD","1759956614","23477/2025-10-25/1759956614.json"
"581514","221282","2025-10-25","36.00","NZD","1759956614","23477/2025-10-25/1759956614.json"
"512557","146154","2025-10-25","45.00","NZD","1759956614","23477/2025-10-25/1759956614.json"
"365170","146153","2025-10-25","48.00","NZD","1759956614","23477/2025-10-25/1759956614.json"
"510807","146155","2025-10-25","52.00","NZD","1759956614","23477/2025-10-25/1759956614.json"
"581513","221281","2025-10-27","36.00","NZD","1759956614","23477/2025-10-27/1759956614.json"
"581514","221282","2025-10-27","36.00","NZD","1759956614","23477/2025-10-27/1759956614.json"
"512557","146154","2025-10-27","45.00","NZD","1759956614","23477/2025-10-27/1759956614.json"
"365170","146153","2025-10-27","48.00","NZD","1759956614","23477/2025-10-27/1759956614.json"
"510807","146155","2025-10-27","52.00","NZD","1759956614","23477/2025-10-27/1759956614.json"
"581513","221281","2025-10-26","36.00","NZD","1759956614","23477/2025-10-26/1759956614.json"
"581514","221282","2025-10-26","36.00","NZD","1759956614","23477/2025-10-26/1759956614.json"
"512557","146154","2025-10-26","45.00","NZD","1759956614","23477/2025-10-26/1759956614.json"
"365170","146153","2025-10-26","48.00","NZD","1759956614","23477/2025-10-26/1759956614.json"
"510807","146155","2025-10-26","52.00","NZD","1759956614","23477/2025-10-26/1759956614.json"
"581513","221281","2025-10-29","36.00","NZD","1759956614","23477/2025-10-29/1759956614.json"
"581514","221282","2025-10-29","36.00","NZD","1759956614","23477/2025-10-29/1759956614.json"
"512557","146154","2025-10-29","45.00","NZD","1759956614","23477/2025-10-29/1759956614.json"
"365170","146153","2025-10-29","48.00","NZD","1759956614","23477/2025-10-29/1759956614.json"
"510807","146155","2025-10-29","52.00","NZD","1759956614","23477/2025-10-29/1759956614.json"
"581513","221281","2025-10-28","36.00","NZD","1759956614","23477/2025-10-28/1759956614.json"
"581514","221282","2025-10-28","36.00","NZD","1759956614","23477/2025-10-28/1759956614.json"
"512557","146154","2025-10-28","45.00","NZD","1759956614","23477/2025-10-28/1759956614.json"
"365170","146153","2025-10-28","48.00","NZD","1759956614","23477/2025-10-28/1759956614.json"
"510807","146155","2025-10-28","52.00","NZD","1759956614","23477/2025-10-28/1759956614.json"
"581513","221281","2025-10-30","36.00","NZD","1759956614","23477/2025-10-30/1759956614.json"
"581514","221282","2025-10-30","36.00","NZD","1759956614","23477/2025-10-30/1759956614.json"
"512557","146154","2025-10-30","45.00","NZD","1759956614","23477/2025-10-30/1759956614.json"
"365170","146153","2025-10-30","48.00","NZD","1759956614","23477/2025-10-30/1759956614.json"
"510807","146155","2025-10-30","52.00","NZD","1759956614","23477/2025-10-30/1759956614.json"
"581513","221281","2025-11-01","36.00","NZD","1759956614","23477/2025-11-01/1759956614.json"
"581514","221282","2025-11-01","36.00","NZD","1759956614","23477/2025-11-01/1759956614.json"
"512557","146154","2025-11-01","45.00","NZD","1759956614","23477/2025-11-01/1759956614.json"
"365170","146153","2025-11-01","48.00","NZD","1759956614","23477/2025-11-01/1759956614.json"
"510807","146155","2025-11-01","52.00","NZD","1759956614","23477/2025-11-01/1759956614.json"
"581513","221281","2025-10-31","36.00","NZD","1759956614","23477/2025-10-31/1759956614.json"
"581514","221282","2025-10-31","36.00","NZD","1759956614","23477/2025-10-31/1759956614.json"
"512557","146154","2025-10-31","45.00","NZD","1759956614","23477/2025-10-31/1759956614.json"
"365170","146153","2025-10-31","48.00","NZD","1759956614","23477/2025-10-31/1759956614.json"
"510807","146155","2025-10-31","52.00","NZD","1759956614","23477/2025-10-31/1759956614.json"
"581513","221281","2025-11-02","36.00","NZD","1759956614","23477/2025-11-02/1759956614.json"
"581514","221282","2025-11-02","36.00","NZD","1759956614","23477/2025-11-02/1759956614.json"
"512557","146154","2025-11-02","45.00","NZD","1759956614","23477/2025-11-02/1759956614.json"
"365170","146153","2025-11-02","48.00","NZD","1759956614","23477/2025-11-02/1759956614.json"
"510807","146155","2025-11-02","52.00","NZD","1759956614","23477/2025-11-02/1759956614.json"
"581513","221281","2025-11-03","36.00","NZD","1759956614","23477/2025-11-03/1759956614.json"
"581514","221282","2025-11-03","36.00","NZD","1759956614","23477/2025-11-03/1759956614.json"
"512557","146154","2025-11-03","45.00","NZD","1759956614","23477/2025-11-03/1759956614.json"
"365170","146153","2025-11-03","48.00","NZD","1759956614","23477/2025-11-03/1759956614.json"
"510807","146155","2025-11-03","52.00","NZD","1759956614","23477/2025-11-03/1759956614.json"
"581513","221281","2025-11-05","36.00","NZD","1759956614","23477/2025-11-05/1759956614.json"
"581514","221282","2025-11-05","36.00","NZD","1759956614","23477/2025-11-05/1759956614.json"
"512557","146154","2025-11-05","45.00","NZD","1759956614","23477/2025-11-05/1759956614.json"
"365170","146153","2025-11-05","48.00","NZD","1759956614","23477/2025-11-05/1759956614.json"
"510807","146155","2025-11-05","52.00","NZD","1759956614","23477/2025-11-05/1759956614.json"
"581513","221281","2025-11-04","36.00","NZD","1759956614","23477/2025-11-04/1759956614.json"
"581514","221282","2025-11-04","36.00","NZD","1759956614","23477/2025-11-04/1759956614.json"
"512557","146154","2025-11-04","45.00","NZD","1759956614","23477/2025-11-04/1759956614.json"
"365170","146153","2025-11-04","48.00","NZD","1759956614","23477/2025-11-04/1759956614.json"
"510807","146155","2025-11-04","52.00","NZD","1759956614","23477/2025-11-04/1759956614.json"
"581513","221281","2025-11-06","36.00","NZD","1759956614","23477/2025-11-06/1759956614.json"
"581514","221282","2025-11-06","36.00","NZD","1759956614","23477/2025-11-06/1759956614.json"
"512557","146154","2025-11-06","45.00","NZD","1759956614","23477/2025-11-06/1759956614.json"
"365170","146153","2025-11-06","48.00","NZD","1759956614","23477/2025-11-06/1759956614.json"
"510807","146155","2025-11-06","52.00","NZD","1759956614","23477/2025-11-06/1759956614.json"
"581513","221281","2025-11-07","36.00","NZD","1759956614","23477/2025-11-07/1759956614.json"
"581514","221282","2025-11-07","36.00","NZD","1759956614","23477/2025-11-07/1759956614.json"
"512557","146154","2025-11-07","45.00","NZD","1759956614","23477/2025-11-07/1759956614.json"
"365170","146153","2025-11-07","48.00","NZD","1759956614","23477/2025-11-07/1759956614.json"
"510807","146155","2025-11-07","52.00","NZD","1759956614","23477/2025-11-07/1759956614.json"
"581513","221281","2025-11-08","36.00","NZD","1759956614","23477/2025-11-08/1759956614.json"
"581514","221282","2025-11-08","36.00","NZD","1759956614","23477/2025-11-08/1759956614.json"
"512557","146154","2025-11-08","45.00","NZD","1759956614","23477/2025-11-08/1759956614.json"
"365170","146153","2025-11-08","48.00","NZD","1759956614","23477/2025-11-08/1759956614.json"
"510807","146155","2025-11-08","52.00","NZD","1759956614","23477/2025-11-08/1759956614.json"
"581513","221281","2025-11-09","36.00","NZD","1759956614","23477/2025-11-09/1759956614.json"
"581514","221282","2025-11-09","36.00","NZD","1759956614","23477/2025-11-09/1759956614.json"
"512557","146154","2025-11-09","45.00","NZD","1759956614","23477/2025-11-09/1759956614.json"
"365170","146153","2025-11-09","48.00","NZD","1759956614","23477/2025-11-09/1759956614.json"
"510807","146155","2025-11-09","52.00","NZD","1759956614","23477/2025-11-09/1759956614.json"
"581513","221281","2025-11-10","36.00","NZD","1759956614","23477/2025-11-10/1759956614.json"
"581514","221282","2025-11-10","36.00","NZD","1759956614","23477/2025-11-10/1759956614.json"
"512557","146154","2025-11-10","45.00","NZD","1759956614","23477/2025-11-10/1759956614.json"
"365170","146153","2025-11-10","48.00","NZD","1759956614","23477/2025-11-10/1759956614.json"
"510807","146155","2025-11-10","52.00","NZD","1759956614","23477/2025-11-10/1759956614.json"
"581513","221281","2025-11-11","36.00","NZD","1759956614","23477/2025-11-11/1759956614.json"
"581514","221282","2025-11-11","36.00","NZD","1759956614","23477/2025-11-11/1759956614.json"
"512557","146154","2025-11-11","45.00","NZD","1759956614","23477/2025-11-11/1759956614.json"
"365170","146153","2025-11-11","48.00","NZD","1759956614","23477/2025-11-11/1759956614.json"
"510807","146155","2025-11-11","52.00","NZD","1759956614","23477/2025-11-11/1759956614.json"
"581513","221281","2025-11-12","36.00","NZD","1759956614","23477/2025-11-12/1759956614.json"
"581514","221282","2025-11-12","36.00","NZD","1759956614","23477/2025-11-12/1759956614.json"
"512557","146154","2025-11-12","45.00","NZD","1759956614","23477/2025-11-12/1759956614.json"
"365170","146153","2025-11-12","48.00","NZD","1759956614","23477/2025-11-12/1759956614.json"
"510807","146155","2025-11-12","52.00","NZD","1759956614","23477/2025-11-12/1759956614.json"
"581513","221281","2025-11-13","36.00","NZD","1759956614","23477/2025-11-13/1759956614.json"
"581514","221282","2025-11-13","36.00","NZD","1759956614","23477/2025-11-13/1759956614.json"
"512557","146154","2025-11-13","45.00","NZD","1759956614","23477/2025-11-13/1759956614.json"
"365170","146153","2025-11-13","48.00","NZD","1759956614","23477/2025-11-13/1759956614.json"
"510807","146155","2025-11-13","52.00","NZD","1759956614","23477/2025-11-13/1759956614.json"
"581513","221281","2025-11-14","36.00","NZD","1759956614","23477/2025-11-14/1759956614.json"
"581514","221282","2025-11-14","36.00","NZD","1759956614","23477/2025-11-14/1759956614.json"
"512557","146154","2025-11-14","45.00","NZD","1759956614","23477/2025-11-14/1759956614.json"
"365170","146153","2025-11-14","48.00","NZD","1759956614","23477/2025-11-14/1759956614.json"
"510807","146155","2025-11-14","52.00","NZD","1759956614","23477/2025-11-14/1759956614.json"
"581513","221281","2025-11-15","36.00","NZD","1759956614","23477/2025-11-15/1759956614.json"
"581514","221282","2025-11-15","36.00","NZD","1759956614","23477/2025-11-15/1759956614.json"
"512557","146154","2025-11-15","45.00","NZD","1759956614","23477/2025-11-15/1759956614.json"
"365170","146153","2025-11-15","48.00","NZD","1759956614","23477/2025-11-15/1759956614.json"
"510807","146155","2025-11-15","52.00","NZD","1759956614","23477/2025-11-15/1759956614.json"
"581513","221281","2025-11-16","36.00","NZD","1759956614","23477/2025-11-16/1759956614.json"
"581514","221282","2025-11-16","36.00","NZD","1759956614","23477/2025-11-16/1759956614.json"
"512557","146154","2025-11-16","45.00","NZD","1759956614","23477/2025-11-16/1759956614.json"
"365170","146153","2025-11-16","48.00","NZD","1759956614","23477/2025-11-16/1759956614.json"
"510807","146155","2025-11-16","52.00","NZD","1759956614","23477/2025-11-16/1759956614.json"
"581513","221281","2025-11-17","36.00","NZD","1759956614","23477/2025-11-17/1759956614.json"
"581514","221282","2025-11-17","36.00","NZD","1759956614","23477/2025-11-17/1759956614.json"
"512557","146154","2025-11-17","45.00","NZD","1759956614","23477/2025-11-17/1759956614.json"
"365170","146153","2025-11-17","48.00","NZD","1759956614","23477/2025-11-17/1759956614.json"
"510807","146155","2025-11-17","52.00","NZD","1759956614","23477/2025-11-17/1759956614.json"
"581513","221281","2025-11-18","36.00","NZD","1759956614","23477/2025-11-18/1759956614.json"
"581514","221282","2025-11-18","36.00","NZD","1759956614","23477/2025-11-18/1759956614.json"
"512557","146154","2025-11-18","45.00","NZD","1759956614","23477/2025-11-18/1759956614.json"
"365170","146153","2025-11-18","48.00","NZD","1759956614","23477/2025-11-18/1759956614.json"
"510807","146155","2025-11-18","52.00","NZD","1759956614","23477/2025-11-18/1759956614.json"
"581513","221281","2025-11-19","36.00","NZD","1759956614","23477/2025-11-19/1759956614.json"
"581514","221282","2025-11-19","36.00","NZD","1759956614","23477/2025-11-19/1759956614.json"
"512557","146154","2025-11-19","45.00","NZD","1759956614","23477/2025-11-19/1759956614.json"
"365170","146153","2025-11-19","48.00","NZD","1759956614","23477/2025-11-19/1759956614.json"
"510807","146155","2025-11-19","52.00","NZD","1759956614","23477/2025-11-19/1759956614.json"
"581513","221281","2025-11-20","36.00","NZD","1759956614","23477/2025-11-20/1759956614.json"
"581514","221282","2025-11-20","36.00","NZD","1759956614","23477/2025-11-20/1759956614.json"
"512557","146154","2025-11-20","45.00","NZD","1759956614","23477/2025-11-20/1759956614.json"
"581513","221281","2025-11-21","36.00","NZD","1759956614","23477/2025-11-21/1759956614.json"
"581514","221282","2025-11-21","36.00","NZD","1759956614","23477/2025-11-21/1759956614.json"
"512557","146154","2025-11-21","45.00","NZD","1759956614","23477/2025-11-21/1759956614.json"
"365170","146153","2025-11-21","48.00","NZD","1759956614","23477/2025-11-21/1759956614.json"
"510807","146155","2025-11-21","52.00","NZD","1759956614","23477/2025-11-21/1759956614.json"
"581513","221281","2025-11-22","36.00","NZD","1759956614","23477/2025-11-22/1759956614.json"
"581514","221282","2025-11-22","36.00","NZD","1759956614","23477/2025-11-22/1759956614.json"
"512557","146154","2025-11-22","45.00","NZD","1759956614","23477/2025-11-22/1759956614.json"
"365170","146153","2025-11-22","48.00","NZD","1759956614","23477/2025-11-22/1759956614.json"
"510807","146155","2025-11-22","52.00","NZD","1759956614","23477/2025-11-22/1759956614.json"
"581513","221281","2025-11-23","36.00","NZD","1759956614","23477/2025-11-23/1759956614.json"
"581514","221282","2025-11-23","36.00","NZD","1759956614","23477/2025-11-23/1759956614.json"
"512557","146154","2025-11-23","45.00","NZD","1759956614","23477/2025-11-23/1759956614.json"
"365170","146153","2025-11-23","48.00","NZD","1759956614","23477/2025-11-23/1759956614.json"
"510807","146155","2025-11-23","52.00","NZD","1759956614","23477/2025-11-23/1759956614.json"
"581513","221281","2025-11-25","36.00","NZD","1759956614","23477/2025-11-25/1759956614.json"
"581514","221282","2025-11-25","36.00","NZD","1759956614","23477/2025-11-25/1759956614.json"
"512557","146154","2025-11-25","45.00","NZD","1759956614","23477/2025-11-25/1759956614.json"
"365170","146153","2025-11-25","48.00","NZD","1759956614","23477/2025-11-25/1759956614.json"
"510807","146155","2025-11-25","52.00","NZD","1759956614","23477/2025-11-25/1759956614.json"
"581513","221281","2025-11-24","36.00","NZD","1759956614","23477/2025-11-24/1759956614.json"
"581514","221282","2025-11-24","36.00","NZD","1759956614","23477/2025-11-24/1759956614.json"
"512557","146154","2025-11-24","45.00","NZD","1759956614","23477/2025-11-24/1759956614.json"
"365170","146153","2025-11-24","48.00","NZD","1759956614","23477/2025-11-24/1759956614.json"
"510807","146155","2025-11-24","52.00","NZD","1759956614","23477/2025-11-24/1759956614.json"
"581513","221281","2025-11-27","36.00","NZD","1759956614","23477/2025-11-27/1759956614.json"
"581514","221282","2025-11-27","36.00","NZD","1759956614","23477/2025-11-27/1759956614.json"
"512557","146154","2025-11-27","45.00","NZD","1759956614","23477/2025-11-27/1759956614.json"
"365170","146153","2025-11-27","48.00","NZD","1759956614","23477/2025-11-27/1759956614.json"
"510807","146155","2025-11-27","52.00","NZD","1759956614","23477/2025-11-27/1759956614.json"
"581513","221281","2025-11-26","36.00","NZD","1759956614","23477/2025-11-26/1759956614.json"
"581514","221282","2025-11-26","36.00","NZD","1759956614","23477/2025-11-26/1759956614.json"
"512557","146154","2025-11-26","45.00","NZD","1759956614","23477/2025-11-26/1759956614.json"
"365170","146153","2025-11-26","48.00","NZD","1759956614","23477/2025-11-26/1759956614.json"
"510807","146155","2025-11-26","52.00","NZD","1759956614","23477/2025-11-26/1759956614.json"
"581513","221281","2025-11-30","36.00","NZD","1759956614","23477/2025-11-30/1759956614.json"
"581514","221282","2025-11-30","36.00","NZD","1759956614","23477/2025-11-30/1759956614.json"
"512557","146154","2025-11-30","45.00","NZD","1759956614","23477/2025-11-30/1759956614.json"
"365170","146153","2025-11-30","48.00","NZD","1759956614","23477/2025-11-30/1759956614.json"
"510807","146155","2025-11-30","52.00","NZD","1759956614","23477/2025-11-30/1759956614.json"
"581513","221281","2025-11-28","36.00","NZD","1759956614","23477/2025-11-28/1759956614.json"
"581514","221282","2025-11-28","36.00","NZD","1759956614","23477/2025-11-28/1759956614.json"
"512557","146154","2025-11-28","45.00","NZD","1759956614","23477/2025-11-28/1759956614.json"
"365170","146153","2025-11-28","48.00","NZD","1759956614","23477/2025-11-28/1759956614.json"
"510807","146155","2025-11-28","52.00","NZD","1759956614","23477/2025-11-28/1759956614.json"
"581513","221281","2025-12-01","36.00","NZD","1759956614","23477/2025-12-01/1759956614.json"
"581514","221282","2025-12-01","36.00","NZD","1759956614","23477/2025-12-01/1759956614.json"
"512557","146154","2025-12-01","45.00","NZD","1759956614","23477/2025-12-01/1759956614.json"
"365170","146153","2025-12-01","48.00","NZD","1759956614","23477/2025-12-01/1759956614.json"
"510807","146155","2025-12-01","52.00","NZD","1759956614","23477/2025-12-01/1759956614.json"
"581513","221281","2025-11-29","36.00","NZD","1759956614","23477/2025-11-29/1759956614.json"
"581514","221282","2025-11-29","36.00","NZD","1759956614","23477/2025-11-29/1759956614.json"
"512557","146154","2025-11-29","45.00","NZD","1759956614","23477/2025-11-29/1759956614.json"
"365170","146153","2025-11-29","48.00","NZD","1759956614","23477/2025-11-29/1759956614.json"
"510807","146155","2025-11-29","52.00","NZD","1759956614","23477/2025-11-29/1759956614.json"
"581513","221281","2025-12-03","36.00","NZD","1759956614","23477/2025-12-03/1759956614.json"
"581514","221282","2025-12-03","36.00","NZD","1759956614","23477/2025-12-03/1759956614.json"
"512557","146154","2025-12-03","45.00","NZD","1759956614","23477/2025-12-03/1759956614.json"
"365170","146153","2025-12-03","48.00","NZD","1759956614","23477/2025-12-03/1759956614.json"
"510807","146155","2025-12-03","52.00","NZD","1759956614","23477/2025-12-03/1759956614.json"
"581513","221281","2025-12-04","36.00","NZD","1759956614","23477/2025-12-04/1759956614.json"
"581514","221282","2025-12-04","36.00","NZD","1759956614","23477/2025-12-04/1759956614.json"
"512557","146154","2025-12-04","45.00","NZD","1759956614","23477/2025-12-04/1759956614.json"
"365170","146153","2025-12-04","48.00","NZD","1759956614","23477/2025-12-04/1759956614.json"
"510807","146155","2025-12-04","52.00","NZD","1759956614","23477/2025-12-04/1759956614.json"
"581513","221281","2025-12-05","36.00","NZD","1759956614","23477/2025-12-05/1759956614.json"
"581514","221282","2025-12-05","36.00","NZD","1759956614","23477/2025-12-05/1759956614.json"
"512557","146154","2025-12-05","45.00","NZD","1759956614","23477/2025-12-05/1759956614.json"
"365170","146153","2025-12-05","48.00","NZD","1759956614","23477/2025-12-05/1759956614.json"
"510807","146155","2025-12-05","52.00","NZD","1759956614","23477/2025-12-05/1759956614.json"
"581513","221281","2025-12-02","36.00","NZD","1759956614","23477/2025-12-02/1759956614.json"
"581514","221282","2025-12-02","36.00","NZD","1759956614","23477/2025-12-02/1759956614.json"
"512557","146154","2025-12-02","45.00","NZD","1759956614","23477/2025-12-02/1759956614.json"
"365170","146153","2025-12-02","48.00","NZD","1759956614","23477/2025-12-02/1759956614.json"
"510807","146155","2025-12-02","52.00","NZD","1759956614","23477/2025-12-02/1759956614.json"
"581513","221281","2025-12-06","36.00","NZD","1759956614","23477/2025-12-06/1759956614.json"
"581514","221282","2025-12-06","36.00","NZD","1759956614","23477/2025-12-06/1759956614.json"
"512557","146154","2025-12-06","45.00","NZD","1759956614","23477/2025-12-06/1759956614.json"
"365170","146153","2025-12-06","48.00","NZD","1759956614","23477/2025-12-06/1759956614.json"
"510807","146155","2025-12-06","52.00","NZD","1759956614","23477/2025-12-06/1759956614.json"
"581513","221281","2025-12-07","36.00","NZD","1759956614","23477/2025-12-07/1759956614.json"
"581514","221282","2025-12-07","36.00","NZD","1759956614","23477/2025-12-07/1759956614.json"
"512557","146154","2025-12-07","45.00","NZD","1759956614","23477/2025-12-07/1759956614.json"
"365170","146153","2025-12-07","48.00","NZD","1759956614","23477/2025-12-07/1759956614.json"
"510807","146155","2025-12-07","52.00","NZD","1759956614","23477/2025-12-07/1759956614.json"
"581513","221281","2025-10-09","36.00","NZD","1759980299","23477/2025-10-09/1759980299.json"
"581514","221282","2025-10-09","36.00","NZD","1759980299","23477/2025-10-09/1759980299.json"
"512557","146154","2025-10-09","45.00","NZD","1759980299","23477/2025-10-09/1759980299.json"
"365170","146153","2025-10-09","48.00","NZD","1759980299","23477/2025-10-09/1759980299.json"
"510807","146155","2025-10-09","52.00","NZD","1759980299","23477/2025-10-09/1759980299.json"
"581513","221281","2025-10-11","36.00","NZD","1759980299","23477/2025-10-11/1759980299.json"
"581514","221282","2025-10-11","36.00","NZD","1759980299","23477/2025-10-11/1759980299.json"
"512557","146154","2025-10-11","45.00","NZD","1759980299","23477/2025-10-11/1759980299.json"
"365170","146153","2025-10-11","48.00","NZD","1759980299","23477/2025-10-11/1759980299.json"
"510807","146155","2025-10-11","52.00","NZD","1759980299","23477/2025-10-11/1759980299.json"
"581513","221281","2025-10-12","36.00","NZD","1759980299","23477/2025-10-12/1759980299.json"
"581514","221282","2025-10-12","36.00","NZD","1759980299","23477/2025-10-12/1759980299.json"
"512557","146154","2025-10-12","45.00","NZD","1759980299","23477/2025-10-12/1759980299.json"
"365170","146153","2025-10-12","48.00","NZD","1759980299","23477/2025-10-12/1759980299.json"
"510807","146155","2025-10-12","52.00","NZD","1759980299","23477/2025-10-12/1759980299.json"
"581513","221281","2025-10-10","36.00","NZD","1759980299","23477/2025-10-10/1759980299.json"
"581514","221282","2025-10-10","36.00","NZD","1759980299","23477/2025-10-10/1759980299.json"
"512557","146154","2025-10-10","45.00","NZD","1759980299","23477/2025-10-10/1759980299.json"
"365170","146153","2025-10-10","48.00","NZD","1759980299","23477/2025-10-10/1759980299.json"
"510807","146155","2025-10-10","52.00","NZD","1759980299","23477/2025-10-10/1759980299.json"
"581513","221281","2025-10-15","36.00","NZD","1759980299","23477/2025-10-15/1759980299.json"
"581514","221282","2025-10-15","36.00","NZD","1759980299","23477/2025-10-15/1759980299.json"
"512557","146154","2025-10-15","45.00","NZD","1759980299","23477/2025-10-15/1759980299.json"
"365170","146153","2025-10-15","48.00","NZD","1759980299","23477/2025-10-15/1759980299.json"
"510807","146155","2025-10-15","52.00","NZD","1759980299","23477/2025-10-15/1759980299.json"
"581513","221281","2025-10-14","36.00","NZD","1759980299","23477/2025-10-14/1759980299.json"
"581514","221282","2025-10-14","36.00","NZD","1759980299","23477/2025-10-14/1759980299.json"
"512557","146154","2025-10-14","45.00","NZD","1759980299","23477/2025-10-14/1759980299.json"
"365170","146153","2025-10-14","48.00","NZD","1759980299","23477/2025-10-14/1759980299.json"
"510807","146155","2025-10-14","52.00","NZD","1759980299","23477/2025-10-14/1759980299.json"
"581513","221281","2025-10-16","36.00","NZD","1759980299","23477/2025-10-16/1759980299.json"
"581514","221282","2025-10-16","36.00","NZD","1759980299","23477/2025-10-16/1759980299.json"
"512557","146154","2025-10-16","45.00","NZD","1759980299","23477/2025-10-16/1759980299.json"
"365170","146153","2025-10-16","48.00","NZD","1759980299","23477/2025-10-16/1759980299.json"
"510807","146155","2025-10-16","52.00","NZD","1759980299","23477/2025-10-16/1759980299.json"
"581513","221281","2025-10-13","36.00","NZD","1759980299","23477/2025-10-13/1759980299.json"
"581514","221282","2025-10-13","36.00","NZD","1759980299","23477/2025-10-13/1759980299.json"
"512557","146154","2025-10-13","45.00","NZD","1759980299","23477/2025-10-13/1759980299.json"
"365170","146153","2025-10-13","48.00","NZD","1759980299","23477/2025-10-13/1759980299.json"
"510807","146155","2025-10-13","52.00","NZD","1759980299","23477/2025-10-13/1759980299.json"
"581513","221281","2025-10-17","36.00","NZD","1759980299","23477/2025-10-17/1759980299.json"
"581514","221282","2025-10-17","36.00","NZD","1759980299","23477/2025-10-17/1759980299.json"
"512557","146154","2025-10-17","45.00","NZD","1759980299","23477/2025-10-17/1759980299.json"
"365170","146153","2025-10-17","48.00","NZD","1759980299","23477/2025-10-17/1759980299.json"
"510807","146155","2025-10-17","52.00","NZD","1759980299","23477/2025-10-17/1759980299.json"
"581513","221281","2025-10-18","36.00","NZD","1759980299","23477/2025-10-18/1759980299.json"
"581514","221282","2025-10-18","36.00","NZD","1759980299","23477/2025-10-18/1759980299.json"
"512557","146154","2025-10-18","45.00","NZD","1759980299","23477/2025-10-18/1759980299.json"
"365170","146153","2025-10-18","48.00","NZD","1759980299","23477/2025-10-18/1759980299.json"
"510807","146155","2025-10-18","52.00","NZD","1759980299","23477/2025-10-18/1759980299.json"
"581513","221281","2025-10-19","36.00","NZD","1759980299","23477/2025-10-19/1759980299.json"
"581514","221282","2025-10-19","36.00","NZD","1759980299","23477/2025-10-19/1759980299.json"
"512557","146154","2025-10-19","45.00","NZD","1759980299","23477/2025-10-19/1759980299.json"
"365170","146153","2025-10-19","48.00","NZD","1759980299","23477/2025-10-19/1759980299.json"
"510807","146155","2025-10-19","52.00","NZD","1759980299","23477/2025-10-19/1759980299.json"
"581513","221281","2025-10-20","36.00","NZD","1759980299","23477/2025-10-20/1759980299.json"
"581514","221282","2025-10-20","36.00","NZD","1759980299","23477/2025-10-20/1759980299.json"
"512557","146154","2025-10-20","45.00","NZD","1759980299","23477/2025-10-20/1759980299.json"
"365170","146153","2025-10-20","48.00","NZD","1759980299","23477/2025-10-20/1759980299.json"
"510807","146155","2025-10-20","52.00","NZD","1759980299","23477/2025-10-20/1759980299.json"
"581513","221281","2025-10-21","36.00","NZD","1759980299","23477/2025-10-21/1759980299.json"
"581514","221282","2025-10-21","36.00","NZD","1759980299","23477/2025-10-21/1759980299.json"
"512557","146154","2025-10-21","45.00","NZD","1759980299","23477/2025-10-21/1759980299.json"
"365170","146153","2025-10-21","48.00","NZD","1759980299","23477/2025-10-21/1759980299.json"
"510807","146155","2025-10-21","52.00","NZD","1759980299","23477/2025-10-21/1759980299.json"
"581513","221281","2025-10-22","36.00","NZD","1759980299","23477/2025-10-22/1759980299.json"
"581514","221282","2025-10-22","36.00","NZD","1759980299","23477/2025-10-22/1759980299.json"
"512557","146154","2025-10-22","45.00","NZD","1759980299","23477/2025-10-22/1759980299.json"
"365170","146153","2025-10-22","48.00","NZD","1759980299","23477/2025-10-22/1759980299.json"
"510807","146155","2025-10-22","52.00","NZD","1759980299","23477/2025-10-22/1759980299.json"
"581513","221281","2025-10-23","36.00","NZD","1759980299","23477/2025-10-23/1759980299.json"
"581514","221282","2025-10-23","36.00","NZD","1759980299","23477/2025-10-23/1759980299.json"
"512557","146154","2025-10-23","45.00","NZD","1759980299","23477/2025-10-23/1759980299.json"
"365170","146153","2025-10-23","48.00","NZD","1759980299","23477/2025-10-23/1759980299.json"
"510807","146155","2025-10-23","52.00","NZD","1759980299","23477/2025-10-23/1759980299.json"
"581513","221281","2025-10-24","36.00","NZD","1759980299","23477/2025-10-24/1759980299.json"
"581514","221282","2025-10-24","36.00","NZD","1759980299","23477/2025-10-24/1759980299.json"
"512557","146154","2025-10-24","45.00","NZD","1759980299","23477/2025-10-24/1759980299.json"
"365170","146153","2025-10-24","48.00","NZD","1759980299","23477/2025-10-24/1759980299.json"
"510807","146155","2025-10-24","52.00","NZD","1759980299","23477/2025-10-24/1759980299.json"
"581513","221281","2025-10-25","36.00","NZD","1759980299","23477/2025-10-25/1759980299.json"
"581514","221282","2025-10-25","36.00","NZD","1759980299","23477/2025-10-25/1759980299.json"
"512557","146154","2025-10-25","45.00","NZD","1759980299","23477/2025-10-25/1759980299.json"
"365170","146153","2025-10-25","48.00","NZD","1759980299","23477/2025-10-25/1759980299.json"
"510807","146155","2025-10-25","52.00","NZD","1759980299","23477/2025-10-25/1759980299.json"
"581513","221281","2025-10-26","36.00","NZD","1759980299","23477/2025-10-26/1759980299.json"
"581514","221282","2025-10-26","36.00","NZD","1759980299","23477/2025-10-26/1759980299.json"
"512557","146154","2025-10-26","45.00","NZD","1759980299","23477/2025-10-26/1759980299.json"
"365170","146153","2025-10-26","48.00","NZD","1759980299","23477/2025-10-26/1759980299.json"
"510807","146155","2025-10-26","52.00","NZD","1759980299","23477/2025-10-26/1759980299.json"
"581513","221281","2025-10-27","36.00","NZD","1759980299","23477/2025-10-27/1759980299.json"
"581514","221282","2025-10-27","36.00","NZD","1759980299","23477/2025-10-27/1759980299.json"
"512557","146154","2025-10-27","45.00","NZD","1759980299","23477/2025-10-27/1759980299.json"
"365170","146153","2025-10-27","48.00","NZD","1759980299","23477/2025-10-27/1759980299.json"
"510807","146155","2025-10-27","52.00","NZD","1759980299","23477/2025-10-27/1759980299.json"
"581513","221281","2025-10-28","36.00","NZD","1759980299","23477/2025-10-28/1759980299.json"
"581514","221282","2025-10-28","36.00","NZD","1759980299","23477/2025-10-28/1759980299.json"
"512557","146154","2025-10-28","45.00","NZD","1759980299","23477/2025-10-28/1759980299.json"
"365170","146153","2025-10-28","48.00","NZD","1759980299","23477/2025-10-28/1759980299.json"
"510807","146155","2025-10-28","52.00","NZD","1759980299","23477/2025-10-28/1759980299.json"
"581513","221281","2025-10-31","36.00","NZD","1759980299","23477/2025-10-31/1759980299.json"
"581514","221282","2025-10-31","36.00","NZD","1759980299","23477/2025-10-31/1759980299.json"
"512557","146154","2025-10-31","45.00","NZD","1759980299","23477/2025-10-31/1759980299.json"
"365170","146153","2025-10-31","48.00","NZD","1759980299","23477/2025-10-31/1759980299.json"
"510807","146155","2025-10-31","52.00","NZD","1759980299","23477/2025-10-31/1759980299.json"
"581513","221281","2025-10-30","36.00","NZD","1759980299","23477/2025-10-30/1759980299.json"
"581514","221282","2025-10-30","36.00","NZD","1759980299","23477/2025-10-30/1759980299.json"
"512557","146154","2025-10-30","45.00","NZD","1759980299","23477/2025-10-30/1759980299.json"
"365170","146153","2025-10-30","48.00","NZD","1759980299","23477/2025-10-30/1759980299.json"
"510807","146155","2025-10-30","52.00","NZD","1759980299","23477/2025-10-30/1759980299.json"
"581513","221281","2025-11-01","36.00","NZD","1759980299","23477/2025-11-01/1759980299.json"
"581513","221281","2025-10-29","36.00","NZD","1759980299","23477/2025-10-29/1759980299.json"
"581514","221282","2025-11-01","36.00","NZD","1759980299","23477/2025-11-01/1759980299.json"
"581514","221282","2025-10-29","36.00","NZD","1759980299","23477/2025-10-29/1759980299.json"
"512557","146154","2025-11-01","45.00","NZD","1759980299","23477/2025-11-01/1759980299.json"
"512557","146154","2025-10-29","45.00","NZD","1759980299","23477/2025-10-29/1759980299.json"
"365170","146153","2025-10-29","48.00","NZD","1759980299","23477/2025-10-29/1759980299.json"
"365170","146153","2025-11-01","48.00","NZD","1759980299","23477/2025-11-01/1759980299.json"
"510807","146155","2025-10-29","52.00","NZD","1759980299","23477/2025-10-29/1759980299.json"
"510807","146155","2025-11-01","52.00","NZD","1759980299","23477/2025-11-01/1759980299.json"
"581513","221281","2025-11-02","36.00","NZD","1759980299","23477/2025-11-02/1759980299.json"
"581514","221282","2025-11-02","36.00","NZD","1759980299","23477/2025-11-02/1759980299.json"
"512557","146154","2025-11-02","45.00","NZD","1759980299","23477/2025-11-02/1759980299.json"
"365170","146153","2025-11-02","48.00","NZD","1759980299","23477/2025-11-02/1759980299.json"
"510807","146155","2025-11-02","52.00","NZD","1759980299","23477/2025-11-02/1759980299.json"
"581513","221281","2025-11-03","36.00","NZD","1759980299","23477/2025-11-03/1759980299.json"
"581514","221282","2025-11-03","36.00","NZD","1759980299","23477/2025-11-03/1759980299.json"
"512557","146154","2025-11-03","45.00","NZD","1759980299","23477/2025-11-03/1759980299.json"
"365170","146153","2025-11-03","48.00","NZD","1759980299","23477/2025-11-03/1759980299.json"
"510807","146155","2025-11-03","52.00","NZD","1759980299","23477/2025-11-03/1759980299.json"
"581513","221281","2025-11-05","36.00","NZD","1759980299","23477/2025-11-05/1759980299.json"
"581514","221282","2025-11-05","36.00","NZD","1759980299","23477/2025-11-05/1759980299.json"
"512557","146154","2025-11-05","45.00","NZD","1759980299","23477/2025-11-05/1759980299.json"
"365170","146153","2025-11-05","48.00","NZD","1759980299","23477/2025-11-05/1759980299.json"
"510807","146155","2025-11-05","52.00","NZD","1759980299","23477/2025-11-05/1759980299.json"
"581513","221281","2025-11-04","36.00","NZD","1759980299","23477/2025-11-04/1759980299.json"
"581514","221282","2025-11-04","36.00","NZD","1759980299","23477/2025-11-04/1759980299.json"
"512557","146154","2025-11-04","45.00","NZD","1759980299","23477/2025-11-04/1759980299.json"
"365170","146153","2025-11-04","48.00","NZD","1759980299","23477/2025-11-04/1759980299.json"
"510807","146155","2025-11-04","52.00","NZD","1759980299","23477/2025-11-04/1759980299.json"
"581513","221281","2025-11-06","36.00","NZD","1759980299","23477/2025-11-06/1759980299.json"
"581514","221282","2025-11-06","36.00","NZD","1759980299","23477/2025-11-06/1759980299.json"
"512557","146154","2025-11-06","45.00","NZD","1759980299","23477/2025-11-06/1759980299.json"
"365170","146153","2025-11-06","48.00","NZD","1759980299","23477/2025-11-06/1759980299.json"
"510807","146155","2025-11-06","52.00","NZD","1759980299","23477/2025-11-06/1759980299.json"
"581513","221281","2025-11-07","36.00","NZD","1759980299","23477/2025-11-07/1759980299.json"
"581514","221282","2025-11-07","36.00","NZD","1759980299","23477/2025-11-07/1759980299.json"
"512557","146154","2025-11-07","45.00","NZD","1759980299","23477/2025-11-07/1759980299.json"
"365170","146153","2025-11-07","48.00","NZD","1759980299","23477/2025-11-07/1759980299.json"
"510807","146155","2025-11-07","52.00","NZD","1759980299","23477/2025-11-07/1759980299.json"
"581513","221281","2025-11-09","36.00","NZD","1759980299","23477/2025-11-09/1759980299.json"
"581514","221282","2025-11-09","36.00","NZD","1759980299","23477/2025-11-09/1759980299.json"
"512557","146154","2025-11-09","45.00","NZD","1759980299","23477/2025-11-09/1759980299.json"
"365170","146153","2025-11-09","48.00","NZD","1759980299","23477/2025-11-09/1759980299.json"
"510807","146155","2025-11-09","52.00","NZD","1759980299","23477/2025-11-09/1759980299.json"
"581513","221281","2025-11-08","36.00","NZD","1759980299","23477/2025-11-08/1759980299.json"
"581514","221282","2025-11-08","36.00","NZD","1759980299","23477/2025-11-08/1759980299.json"
"512557","146154","2025-11-08","45.00","NZD","1759980299","23477/2025-11-08/1759980299.json"
"365170","146153","2025-11-08","48.00","NZD","1759980299","23477/2025-11-08/1759980299.json"
"510807","146155","2025-11-08","52.00","NZD","1759980299","23477/2025-11-08/1759980299.json"
"581513","221281","2025-11-11","36.00","NZD","1759980299","23477/2025-11-11/1759980299.json"
"581514","221282","2025-11-11","36.00","NZD","1759980299","23477/2025-11-11/1759980299.json"
"512557","146154","2025-11-11","45.00","NZD","1759980299","23477/2025-11-11/1759980299.json"
"365170","146153","2025-11-11","48.00","NZD","1759980299","23477/2025-11-11/1759980299.json"
"510807","146155","2025-11-11","52.00","NZD","1759980299","23477/2025-11-11/1759980299.json"
"581513","221281","2025-11-10","36.00","NZD","1759980299","23477/2025-11-10/1759980299.json"
"581514","221282","2025-11-10","36.00","NZD","1759980299","23477/2025-11-10/1759980299.json"
"512557","146154","2025-11-10","45.00","NZD","1759980299","23477/2025-11-10/1759980299.json"
"365170","146153","2025-11-10","48.00","NZD","1759980299","23477/2025-11-10/1759980299.json"
"510807","146155","2025-11-10","52.00","NZD","1759980299","23477/2025-11-10/1759980299.json"
"581513","221281","2025-11-12","36.00","NZD","1759980299","23477/2025-11-12/1759980299.json"
"581514","221282","2025-11-12","36.00","NZD","1759980299","23477/2025-11-12/1759980299.json"
"512557","146154","2025-11-12","45.00","NZD","1759980299","23477/2025-11-12/1759980299.json"
"365170","146153","2025-11-12","48.00","NZD","1759980299","23477/2025-11-12/1759980299.json"
"510807","146155","2025-11-12","52.00","NZD","1759980299","23477/2025-11-12/1759980299.json"
"581513","221281","2025-11-13","36.00","NZD","1759980299","23477/2025-11-13/1759980299.json"
"581514","221282","2025-11-13","36.00","NZD","1759980299","23477/2025-11-13/1759980299.json"
"512557","146154","2025-11-13","45.00","NZD","1759980299","23477/2025-11-13/1759980299.json"
"365170","146153","2025-11-13","48.00","NZD","1759980299","23477/2025-11-13/1759980299.json"
"510807","146155","2025-11-13","52.00","NZD","1759980299","23477/2025-11-13/1759980299.json"
"581513","221281","2025-11-14","36.00","NZD","1759980299","23477/2025-11-14/1759980299.json"
"581514","221282","2025-11-14","36.00","NZD","1759980299","23477/2025-11-14/1759980299.json"
"512557","146154","2025-11-14","45.00","NZD","1759980299","23477/2025-11-14/1759980299.json"
"365170","146153","2025-11-14","48.00","NZD","1759980299","23477/2025-11-14/1759980299.json"
"510807","146155","2025-11-14","52.00","NZD","1759980299","23477/2025-11-14/1759980299.json"
"581513","221281","2025-11-15","36.00","NZD","1759980299","23477/2025-11-15/1759980299.json"
"581514","221282","2025-11-15","36.00","NZD","1759980299","23477/2025-11-15/1759980299.json"
"512557","146154","2025-11-15","45.00","NZD","1759980299","23477/2025-11-15/1759980299.json"
"365170","146153","2025-11-15","48.00","NZD","1759980299","23477/2025-11-15/1759980299.json"
"510807","146155","2025-11-15","52.00","NZD","1759980299","23477/2025-11-15/1759980299.json"
"581513","221281","2025-11-16","36.00","NZD","1759980299","23477/2025-11-16/1759980299.json"
"581514","221282","2025-11-16","36.00","NZD","1759980299","23477/2025-11-16/1759980299.json"
"512557","146154","2025-11-16","45.00","NZD","1759980299","23477/2025-11-16/1759980299.json"
"365170","146153","2025-11-16","48.00","NZD","1759980299","23477/2025-11-16/1759980299.json"
"510807","146155","2025-11-16","52.00","NZD","1759980299","23477/2025-11-16/1759980299.json"
"581513","221281","2025-11-17","36.00","NZD","1759980299","23477/2025-11-17/1759980299.json"
"581514","221282","2025-11-17","36.00","NZD","1759980299","23477/2025-11-17/1759980299.json"
"512557","146154","2025-11-17","45.00","NZD","1759980299","23477/2025-11-17/1759980299.json"
"365170","146153","2025-11-17","48.00","NZD","1759980299","23477/2025-11-17/1759980299.json"
"510807","146155","2025-11-17","52.00","NZD","1759980299","23477/2025-11-17/1759980299.json"
"581513","221281","2025-11-18","36.00","NZD","1759980299","23477/2025-11-18/1759980299.json"
"581514","221282","2025-11-18","36.00","NZD","1759980299","23477/2025-11-18/1759980299.json"
"512557","146154","2025-11-18","45.00","NZD","1759980299","23477/2025-11-18/1759980299.json"
"365170","146153","2025-11-18","48.00","NZD","1759980299","23477/2025-11-18/1759980299.json"
"510807","146155","2025-11-18","52.00","NZD","1759980299","23477/2025-11-18/1759980299.json"
"581513","221281","2025-11-19","36.00","NZD","1759980299","23477/2025-11-19/1759980299.json"
"581514","221282","2025-11-19","36.00","NZD","1759980299","23477/2025-11-19/1759980299.json"
"512557","146154","2025-11-19","45.00","NZD","1759980299","23477/2025-11-19/1759980299.json"
"365170","146153","2025-11-19","48.00","NZD","1759980299","23477/2025-11-19/1759980299.json"
"510807","146155","2025-11-19","52.00","NZD","1759980299","23477/2025-11-19/1759980299.json"
"581513","221281","2025-11-20","36.00","NZD","1759980299","23477/2025-11-20/1759980299.json"
"581514","221282","2025-11-20","36.00","NZD","1759980299","23477/2025-11-20/1759980299.json"
"512557","146154","2025-11-20","45.00","NZD","1759980299","23477/2025-11-20/1759980299.json"
"581513","221281","2025-11-21","36.00","NZD","1759980299","23477/2025-11-21/1759980299.json"
"581514","221282","2025-11-21","36.00","NZD","1759980299","23477/2025-11-21/1759980299.json"
"512557","146154","2025-11-21","45.00","NZD","1759980299","23477/2025-11-21/1759980299.json"
"365170","146153","2025-11-21","48.00","NZD","1759980299","23477/2025-11-21/1759980299.json"
"510807","146155","2025-11-21","52.00","NZD","1759980299","23477/2025-11-21/1759980299.json"
"581513","221281","2025-11-22","36.00","NZD","1759980299","23477/2025-11-22/1759980299.json"
"581514","221282","2025-11-22","36.00","NZD","1759980299","23477/2025-11-22/1759980299.json"
"512557","146154","2025-11-22","45.00","NZD","1759980299","23477/2025-11-22/1759980299.json"
"365170","146153","2025-11-22","48.00","NZD","1759980299","23477/2025-11-22/1759980299.json"
"510807","146155","2025-11-22","52.00","NZD","1759980299","23477/2025-11-22/1759980299.json"
"581513","221281","2025-11-23","36.00","NZD","1759980299","23477/2025-11-23/1759980299.json"
"581514","221282","2025-11-23","36.00","NZD","1759980299","23477/2025-11-23/1759980299.json"
"512557","146154","2025-11-23","45.00","NZD","1759980299","23477/2025-11-23/1759980299.json"
"365170","146153","2025-11-23","48.00","NZD","1759980299","23477/2025-11-23/1759980299.json"
"510807","146155","2025-11-23","52.00","NZD","1759980299","23477/2025-11-23/1759980299.json"
"581513","221281","2025-11-24","36.00","NZD","1759980299","23477/2025-11-24/1759980299.json"
"581514","221282","2025-11-24","36.00","NZD","1759980299","23477/2025-11-24/1759980299.json"
"512557","146154","2025-11-24","45.00","NZD","1759980299","23477/2025-11-24/1759980299.json"
"365170","146153","2025-11-24","48.00","NZD","1759980299","23477/2025-11-24/1759980299.json"
"510807","146155","2025-11-24","52.00","NZD","1759980299","23477/2025-11-24/1759980299.json"
"581513","221281","2025-11-25","36.00","NZD","1759980299","23477/2025-11-25/1759980299.json"
"581514","221282","2025-11-25","36.00","NZD","1759980299","23477/2025-11-25/1759980299.json"
"512557","146154","2025-11-25","45.00","NZD","1759980299","23477/2025-11-25/1759980299.json"
"365170","146153","2025-11-25","48.00","NZD","1759980299","23477/2025-11-25/1759980299.json"
"510807","146155","2025-11-25","52.00","NZD","1759980299","23477/2025-11-25/1759980299.json"
"581513","221281","2025-11-26","36.00","NZD","1759980299","23477/2025-11-26/1759980299.json"
"581514","221282","2025-11-26","36.00","NZD","1759980299","23477/2025-11-26/1759980299.json"
"512557","146154","2025-11-26","45.00","NZD","1759980299","23477/2025-11-26/1759980299.json"
"365170","146153","2025-11-26","48.00","NZD","1759980299","23477/2025-11-26/1759980299.json"
"510807","146155","2025-11-26","52.00","NZD","1759980299","23477/2025-11-26/1759980299.json"
"581513","221281","2025-11-27","36.00","NZD","1759980299","23477/2025-11-27/1759980299.json"
"581514","221282","2025-11-27","36.00","NZD","1759980299","23477/2025-11-27/1759980299.json"
"512557","146154","2025-11-27","45.00","NZD","1759980299","23477/2025-11-27/1759980299.json"
"365170","146153","2025-11-27","48.00","NZD","1759980299","23477/2025-11-27/1759980299.json"
"510807","146155","2025-11-27","52.00","NZD","1759980299","23477/2025-11-27/1759980299.json"
"581513","221281","2025-11-28","36.00","NZD","1759980299","23477/2025-11-28/1759980299.json"
"581514","221282","2025-11-28","36.00","NZD","1759980299","23477/2025-11-28/1759980299.json"
"512557","146154","2025-11-28","45.00","NZD","1759980299","23477/2025-11-28/1759980299.json"
"365170","146153","2025-11-28","48.00","NZD","1759980299","23477/2025-11-28/1759980299.json"
"510807","146155","2025-11-28","52.00","NZD","1759980299","23477/2025-11-28/1759980299.json"
"581513","221281","2025-11-30","36.00","NZD","1759980299","23477/2025-11-30/1759980299.json"
"581514","221282","2025-11-30","36.00","NZD","1759980299","23477/2025-11-30/1759980299.json"
"512557","146154","2025-11-30","45.00","NZD","1759980299","23477/2025-11-30/1759980299.json"
"365170","146153","2025-11-30","48.00","NZD","1759980299","23477/2025-11-30/1759980299.json"
"510807","146155","2025-11-30","52.00","NZD","1759980299","23477/2025-11-30/1759980299.json"
"581513","221281","2025-11-29","36.00","NZD","1759980299","23477/2025-11-29/1759980299.json"
"581514","221282","2025-11-29","36.00","NZD","1759980299","23477/2025-11-29/1759980299.json"
"512557","146154","2025-11-29","45.00","NZD","1759980299","23477/2025-11-29/1759980299.json"
"365170","146153","2025-11-29","48.00","NZD","1759980299","23477/2025-11-29/1759980299.json"
"510807","146155","2025-11-29","52.00","NZD","1759980299","23477/2025-11-29/1759980299.json"
"581513","221281","2025-12-02","36.00","NZD","1759980299","23477/2025-12-02/1759980299.json"
"581514","221282","2025-12-02","36.00","NZD","1759980299","23477/2025-12-02/1759980299.json"
"512557","146154","2025-12-02","45.00","NZD","1759980299","23477/2025-12-02/1759980299.json"
"365170","146153","2025-12-02","48.00","NZD","1759980299","23477/2025-12-02/1759980299.json"
"510807","146155","2025-12-02","52.00","NZD","1759980299","23477/2025-12-02/1759980299.json"
"581513","221281","2025-12-01","36.00","NZD","1759980299","23477/2025-12-01/1759980299.json"
"581514","221282","2025-12-01","36.00","NZD","1759980299","23477/2025-12-01/1759980299.json"
"512557","146154","2025-12-01","45.00","NZD","1759980299","23477/2025-12-01/1759980299.json"
"365170","146153","2025-12-01","48.00","NZD","1759980299","23477/2025-12-01/1759980299.json"
"510807","146155","2025-12-01","52.00","NZD","1759980299","23477/2025-12-01/1759980299.json"
"581513","221281","2025-12-03","36.00","NZD","1759980299","23477/2025-12-03/1759980299.json"
"581514","221282","2025-12-03","36.00","NZD","1759980299","23477/2025-12-03/1759980299.json"
"512557","146154","2025-12-03","45.00","NZD","1759980299","23477/2025-12-03/1759980299.json"
"365170","146153","2025-12-03","48.00","NZD","1759980299","23477/2025-12-03/1759980299.json"
"510807","146155","2025-12-03","52.00","NZD","1759980299","23477/2025-12-03/1759980299.json"
"581513","221281","2025-12-04","36.00","NZD","1759980299","23477/2025-12-04/1759980299.json"
"581514","221282","2025-12-04","36.00","NZD","1759980299","23477/2025-12-04/1759980299.json"
"512557","146154","2025-12-04","45.00","NZD","1759980299","23477/2025-12-04/1759980299.json"
"365170","146153","2025-12-04","48.00","NZD","1759980299","23477/2025-12-04/1759980299.json"
"510807","146155","2025-12-04","52.00","NZD","1759980299","23477/2025-12-04/1759980299.json"
"581513","221281","2025-12-05","36.00","NZD","1759980299","23477/2025-12-05/1759980299.json"
"581514","221282","2025-12-05","36.00","NZD","1759980299","23477/2025-12-05/1759980299.json"
"512557","146154","2025-12-05","45.00","NZD","1759980299","23477/2025-12-05/1759980299.json"
"365170","146153","2025-12-05","48.00","NZD","1759980299","23477/2025-12-05/1759980299.json"
"510807","146155","2025-12-05","52.00","NZD","1759980299","23477/2025-12-05/1759980299.json"
"581513","221281","2025-12-06","36.00","NZD","1759980299","23477/2025-12-06/1759980299.json"
"581514","221282","2025-12-06","36.00","NZD","1759980299","23477/2025-12-06/1759980299.json"
"512557","146154","2025-12-06","45.00","NZD","1759980299","23477/2025-12-06/1759980299.json"
"365170","146153","2025-12-06","48.00","NZD","1759980299","23477/2025-12-06/1759980299.json"
"510807","146155","2025-12-06","52.00","NZD","1759980299","23477/2025-12-06/1759980299.json"
"581513","221281","2025-12-07","36.00","NZD","1759980299","23477/2025-12-07/1759980299.json"
"581514","221282","2025-12-07","36.00","NZD","1759980299","23477/2025-12-07/1759980299.json"
"512557","146154","2025-12-07","45.00","NZD","1759980299","23477/2025-12-07/1759980299.json"
"365170","146153","2025-12-07","48.00","NZD","1759980299","23477/2025-12-07/1759980299.json"
"510807","146155","2025-12-07","52.00","NZD","1759980299","23477/2025-12-07/1759980299.json"
"581513","221281","2025-12-08","36.00","NZD","1759980299","23477/2025-12-08/1759980299.json"
"581514","221282","2025-12-08","36.00","NZD","1759980299","23477/2025-12-08/1759980299.json"
"512557","146154","2025-12-08","45.00","NZD","1759980299","23477/2025-12-08/1759980299.json"
"365170","146153","2025-12-08","48.00","NZD","1759980299","23477/2025-12-08/1759980299.json"
"510807","146155","2025-12-08","52.00","NZD","1759980299","23477/2025-12-08/1759980299.json"
"581513","221281","2025-10-09","36.00","NZD","1759985645","23477/2025-10-09/1759985645.json"
"581514","221282","2025-10-09","36.00","NZD","1759985645","23477/2025-10-09/1759985645.json"
"512557","146154","2025-10-09","45.00","NZD","1759985645","23477/2025-10-09/1759985645.json"
"365170","146153","2025-10-09","48.00","NZD","1759985645","23477/2025-10-09/1759985645.json"
"510807","146155","2025-10-09","52.00","NZD","1759985645","23477/2025-10-09/1759985645.json"
"581513","221281","2025-10-10","36.00","NZD","1759985645","23477/2025-10-10/1759985645.json"
"581514","221282","2025-10-10","36.00","NZD","1759985645","23477/2025-10-10/1759985645.json"
"512557","146154","2025-10-10","45.00","NZD","1759985645","23477/2025-10-10/1759985645.json"
"365170","146153","2025-10-10","48.00","NZD","1759985645","23477/2025-10-10/1759985645.json"
"510807","146155","2025-10-10","52.00","NZD","1759985645","23477/2025-10-10/1759985645.json"
"581513","221281","2025-10-11","36.00","NZD","1759985645","23477/2025-10-11/1759985645.json"
"581514","221282","2025-10-11","36.00","NZD","1759985645","23477/2025-10-11/1759985645.json"
"512557","146154","2025-10-11","45.00","NZD","1759985645","23477/2025-10-11/1759985645.json"
"365170","146153","2025-10-11","48.00","NZD","1759985645","23477/2025-10-11/1759985645.json"
"510807","146155","2025-10-11","52.00","NZD","1759985645","23477/2025-10-11/1759985645.json"
"581513","221281","2025-10-12","36.00","NZD","1759985645","23477/2025-10-12/1759985645.json"
"581514","221282","2025-10-12","36.00","NZD","1759985645","23477/2025-10-12/1759985645.json"
"512557","146154","2025-10-12","45.00","NZD","1759985645","23477/2025-10-12/1759985645.json"
"365170","146153","2025-10-12","48.00","NZD","1759985645","23477/2025-10-12/1759985645.json"
"510807","146155","2025-10-12","52.00","NZD","1759985645","23477/2025-10-12/1759985645.json"
"581513","221281","2025-10-13","36.00","NZD","1759985645","23477/2025-10-13/1759985645.json"
"581514","221282","2025-10-13","36.00","NZD","1759985645","23477/2025-10-13/1759985645.json"
"512557","146154","2025-10-13","45.00","NZD","1759985645","23477/2025-10-13/1759985645.json"
"365170","146153","2025-10-13","48.00","NZD","1759985645","23477/2025-10-13/1759985645.json"
"510807","146155","2025-10-13","52.00","NZD","1759985645","23477/2025-10-13/1759985645.json"
"581513","221281","2025-10-14","36.00","NZD","1759985645","23477/2025-10-14/1759985645.json"
"581514","221282","2025-10-14","36.00","NZD","1759985645","23477/2025-10-14/1759985645.json"
"512557","146154","2025-10-14","45.00","NZD","1759985645","23477/2025-10-14/1759985645.json"
"365170","146153","2025-10-14","48.00","NZD","1759985645","23477/2025-10-14/1759985645.json"
"510807","146155","2025-10-14","52.00","NZD","1759985645","23477/2025-10-14/1759985645.json"
"581513","221281","2025-10-15","36.00","NZD","1759985645","23477/2025-10-15/1759985645.json"
"581514","221282","2025-10-15","36.00","NZD","1759985645","23477/2025-10-15/1759985645.json"
"512557","146154","2025-10-15","45.00","NZD","1759985645","23477/2025-10-15/1759985645.json"
"365170","146153","2025-10-15","48.00","NZD","1759985645","23477/2025-10-15/1759985645.json"
"510807","146155","2025-10-15","52.00","NZD","1759985645","23477/2025-10-15/1759985645.json"
"581513","221281","2025-10-16","36.00","NZD","1759985645","23477/2025-10-16/1759985645.json"
"581514","221282","2025-10-16","36.00","NZD","1759985645","23477/2025-10-16/1759985645.json"
"512557","146154","2025-10-16","45.00","NZD","1759985645","23477/2025-10-16/1759985645.json"
"365170","146153","2025-10-16","48.00","NZD","1759985645","23477/2025-10-16/1759985645.json"
"510807","146155","2025-10-16","52.00","NZD","1759985645","23477/2025-10-16/1759985645.json"
"581513","221281","2025-10-17","36.00","NZD","1759985645","23477/2025-10-17/1759985645.json"
"581514","221282","2025-10-17","36.00","NZD","1759985645","23477/2025-10-17/1759985645.json"
"512557","146154","2025-10-17","45.00","NZD","1759985645","23477/2025-10-17/1759985645.json"
"365170","146153","2025-10-17","48.00","NZD","1759985645","23477/2025-10-17/1759985645.json"
"510807","146155","2025-10-17","52.00","NZD","1759985645","23477/2025-10-17/1759985645.json"
"581513","221281","2025-10-19","36.00","NZD","1759985645","23477/2025-10-19/1759985645.json"
"581514","221282","2025-10-19","36.00","NZD","1759985645","23477/2025-10-19/1759985645.json"
"512557","146154","2025-10-19","45.00","NZD","1759985645","23477/2025-10-19/1759985645.json"
"365170","146153","2025-10-19","48.00","NZD","1759985645","23477/2025-10-19/1759985645.json"
"510807","146155","2025-10-19","52.00","NZD","1759985645","23477/2025-10-19/1759985645.json"
"581513","221281","2025-10-18","36.00","NZD","1759985645","23477/2025-10-18/1759985645.json"
"581514","221282","2025-10-18","36.00","NZD","1759985645","23477/2025-10-18/1759985645.json"
"512557","146154","2025-10-18","45.00","NZD","1759985645","23477/2025-10-18/1759985645.json"
"365170","146153","2025-10-18","48.00","NZD","1759985645","23477/2025-10-18/1759985645.json"
"510807","146155","2025-10-18","52.00","NZD","1759985645","23477/2025-10-18/1759985645.json"
"581513","221281","2025-10-20","36.00","NZD","1759985645","23477/2025-10-20/1759985645.json"
"581514","221282","2025-10-20","36.00","NZD","1759985645","23477/2025-10-20/1759985645.json"
"512557","146154","2025-10-20","45.00","NZD","1759985645","23477/2025-10-20/1759985645.json"
"365170","146153","2025-10-20","48.00","NZD","1759985645","23477/2025-10-20/1759985645.json"
"510807","146155","2025-10-20","52.00","NZD","1759985645","23477/2025-10-20/1759985645.json"
"581513","221281","2025-10-24","36.00","NZD","1759985645","23477/2025-10-24/1759985645.json"
"581514","221282","2025-10-24","36.00","NZD","1759985645","23477/2025-10-24/1759985645.json"
"512557","146154","2025-10-24","45.00","NZD","1759985645","23477/2025-10-24/1759985645.json"
"365170","146153","2025-10-24","48.00","NZD","1759985645","23477/2025-10-24/1759985645.json"
"510807","146155","2025-10-24","52.00","NZD","1759985645","23477/2025-10-24/1759985645.json"
"581513","221281","2025-10-23","36.00","NZD","1759985645","23477/2025-10-23/1759985645.json"
"581514","221282","2025-10-23","36.00","NZD","1759985645","23477/2025-10-23/1759985645.json"
"512557","146154","2025-10-23","45.00","NZD","1759985645","23477/2025-10-23/1759985645.json"
"365170","146153","2025-10-23","48.00","NZD","1759985645","23477/2025-10-23/1759985645.json"
"510807","146155","2025-10-23","52.00","NZD","1759985645","23477/2025-10-23/1759985645.json"
"581513","221281","2025-10-21","36.00","NZD","1759985645","23477/2025-10-21/1759985645.json"
"581514","221282","2025-10-21","36.00","NZD","1759985645","23477/2025-10-21/1759985645.json"
"512557","146154","2025-10-21","45.00","NZD","1759985645","23477/2025-10-21/1759985645.json"
"365170","146153","2025-10-21","48.00","NZD","1759985645","23477/2025-10-21/1759985645.json"
"510807","146155","2025-10-21","52.00","NZD","1759985645","23477/2025-10-21/1759985645.json"
"581513","221281","2025-10-22","36.00","NZD","1759985645","23477/2025-10-22/1759985645.json"
"581514","221282","2025-10-22","36.00","NZD","1759985645","23477/2025-10-22/1759985645.json"
"512557","146154","2025-10-22","45.00","NZD","1759985645","23477/2025-10-22/1759985645.json"
"365170","146153","2025-10-22","48.00","NZD","1759985645","23477/2025-10-22/1759985645.json"
"510807","146155","2025-10-22","52.00","NZD","1759985645","23477/2025-10-22/1759985645.json"
"581513","221281","2025-10-25","36.00","NZD","1759985645","23477/2025-10-25/1759985645.json"
"581514","221282","2025-10-25","36.00","NZD","1759985645","23477/2025-10-25/1759985645.json"
"512557","146154","2025-10-25","45.00","NZD","1759985645","23477/2025-10-25/1759985645.json"
"365170","146153","2025-10-25","48.00","NZD","1759985645","23477/2025-10-25/1759985645.json"
"510807","146155","2025-10-25","52.00","NZD","1759985645","23477/2025-10-25/1759985645.json"
"581513","221281","2025-10-26","36.00","NZD","1759985645","23477/2025-10-26/1759985645.json"
"581514","221282","2025-10-26","36.00","NZD","1759985645","23477/2025-10-26/1759985645.json"
"512557","146154","2025-10-26","45.00","NZD","1759985645","23477/2025-10-26/1759985645.json"
"365170","146153","2025-10-26","48.00","NZD","1759985645","23477/2025-10-26/1759985645.json"
"510807","146155","2025-10-26","52.00","NZD","1759985645","23477/2025-10-26/1759985645.json"
"581513","221281","2025-10-27","36.00","NZD","1759985645","23477/2025-10-27/1759985645.json"
"581514","221282","2025-10-27","36.00","NZD","1759985645","23477/2025-10-27/1759985645.json"
"512557","146154","2025-10-27","45.00","NZD","1759985645","23477/2025-10-27/1759985645.json"
"365170","146153","2025-10-27","48.00","NZD","1759985645","23477/2025-10-27/1759985645.json"
"510807","146155","2025-10-27","52.00","NZD","1759985645","23477/2025-10-27/1759985645.json"
"581513","221281","2025-10-31","36.00","NZD","1759985645","23477/2025-10-31/1759985645.json"
"581514","221282","2025-10-31","36.00","NZD","1759985645","23477/2025-10-31/1759985645.json"
"512557","146154","2025-10-31","45.00","NZD","1759985645","23477/2025-10-31/1759985645.json"
"365170","146153","2025-10-31","48.00","NZD","1759985645","23477/2025-10-31/1759985645.json"
"510807","146155","2025-10-31","52.00","NZD","1759985645","23477/2025-10-31/1759985645.json"
"581513","221281","2025-10-29","36.00","NZD","1759985645","23477/2025-10-29/1759985645.json"
"581514","221282","2025-10-29","36.00","NZD","1759985645","23477/2025-10-29/1759985645.json"
"512557","146154","2025-10-29","45.00","NZD","1759985645","23477/2025-10-29/1759985645.json"
"365170","146153","2025-10-29","48.00","NZD","1759985645","23477/2025-10-29/1759985645.json"
"510807","146155","2025-10-29","52.00","NZD","1759985645","23477/2025-10-29/1759985645.json"
"581513","221281","2025-10-30","36.00","NZD","1759985645","23477/2025-10-30/1759985645.json"
"581514","221282","2025-10-30","36.00","NZD","1759985645","23477/2025-10-30/1759985645.json"
"512557","146154","2025-10-30","45.00","NZD","1759985645","23477/2025-10-30/1759985645.json"
"365170","146153","2025-10-30","48.00","NZD","1759985645","23477/2025-10-30/1759985645.json"
"510807","146155","2025-10-30","52.00","NZD","1759985645","23477/2025-10-30/1759985645.json"
"581513","221281","2025-11-01","36.00","NZD","1759985645","23477/2025-11-01/1759985645.json"
"581514","221282","2025-11-01","36.00","NZD","1759985645","23477/2025-11-01/1759985645.json"
"512557","146154","2025-11-01","45.00","NZD","1759985645","23477/2025-11-01/1759985645.json"
"365170","146153","2025-11-01","48.00","NZD","1759985645","23477/2025-11-01/1759985645.json"
"510807","146155","2025-11-01","52.00","NZD","1759985645","23477/2025-11-01/1759985645.json"
"581513","221281","2025-11-02","36.00","NZD","1759985645","23477/2025-11-02/1759985645.json"
"581514","221282","2025-11-02","36.00","NZD","1759985645","23477/2025-11-02/1759985645.json"
"512557","146154","2025-11-02","45.00","NZD","1759985645","23477/2025-11-02/1759985645.json"
"365170","146153","2025-11-02","48.00","NZD","1759985645","23477/2025-11-02/1759985645.json"
"510807","146155","2025-11-02","52.00","NZD","1759985645","23477/2025-11-02/1759985645.json"
"581513","221281","2025-11-03","36.00","NZD","1759985645","23477/2025-11-03/1759985645.json"
"581514","221282","2025-11-03","36.00","NZD","1759985645","23477/2025-11-03/1759985645.json"
"512557","146154","2025-11-03","45.00","NZD","1759985645","23477/2025-11-03/1759985645.json"
"365170","146153","2025-11-03","48.00","NZD","1759985645","23477/2025-11-03/1759985645.json"
"510807","146155","2025-11-03","52.00","NZD","1759985645","23477/2025-11-03/1759985645.json"
"581513","221281","2025-10-28","36.00","NZD","1759985645","23477/2025-10-28/1759985645.json"
"581514","221282","2025-10-28","36.00","NZD","1759985645","23477/2025-10-28/1759985645.json"
"512557","146154","2025-10-28","45.00","NZD","1759985645","23477/2025-10-28/1759985645.json"
"365170","146153","2025-10-28","48.00","NZD","1759985645","23477/2025-10-28/1759985645.json"
"510807","146155","2025-10-28","52.00","NZD","1759985645","23477/2025-10-28/1759985645.json"
"581513","221281","2025-11-04","36.00","NZD","1759985645","23477/2025-11-04/1759985645.json"
"581514","221282","2025-11-04","36.00","NZD","1759985645","23477/2025-11-04/1759985645.json"
"512557","146154","2025-11-04","45.00","NZD","1759985645","23477/2025-11-04/1759985645.json"
"365170","146153","2025-11-04","48.00","NZD","1759985645","23477/2025-11-04/1759985645.json"
"510807","146155","2025-11-04","52.00","NZD","1759985645","23477/2025-11-04/1759985645.json"
"581513","221281","2025-11-06","36.00","NZD","1759985645","23477/2025-11-06/1759985645.json"
"581514","221282","2025-11-06","36.00","NZD","1759985645","23477/2025-11-06/1759985645.json"
"512557","146154","2025-11-06","45.00","NZD","1759985645","23477/2025-11-06/1759985645.json"
"365170","146153","2025-11-06","48.00","NZD","1759985645","23477/2025-11-06/1759985645.json"
"510807","146155","2025-11-06","52.00","NZD","1759985645","23477/2025-11-06/1759985645.json"
"581513","221281","2025-11-07","36.00","NZD","1759985645","23477/2025-11-07/1759985645.json"
"581514","221282","2025-11-07","36.00","NZD","1759985645","23477/2025-11-07/1759985645.json"
"512557","146154","2025-11-07","45.00","NZD","1759985645","23477/2025-11-07/1759985645.json"
"365170","146153","2025-11-07","48.00","NZD","1759985645","23477/2025-11-07/1759985645.json"
"510807","146155","2025-11-07","52.00","NZD","1759985645","23477/2025-11-07/1759985645.json"
"581513","221281","2025-11-05","36.00","NZD","1759985645","23477/2025-11-05/1759985645.json"
"581514","221282","2025-11-05","36.00","NZD","1759985645","23477/2025-11-05/1759985645.json"
"512557","146154","2025-11-05","45.00","NZD","1759985645","23477/2025-11-05/1759985645.json"
"365170","146153","2025-11-05","48.00","NZD","1759985645","23477/2025-11-05/1759985645.json"
"510807","146155","2025-11-05","52.00","NZD","1759985645","23477/2025-11-05/1759985645.json"
"581513","221281","2025-11-09","36.00","NZD","1759985645","23477/2025-11-09/1759985645.json"
"581514","221282","2025-11-09","36.00","NZD","1759985645","23477/2025-11-09/1759985645.json"
"512557","146154","2025-11-09","45.00","NZD","1759985645","23477/2025-11-09/1759985645.json"
"365170","146153","2025-11-09","48.00","NZD","1759985645","23477/2025-11-09/1759985645.json"
"510807","146155","2025-11-09","52.00","NZD","1759985645","23477/2025-11-09/1759985645.json"
"581513","221281","2025-11-08","36.00","NZD","1759985645","23477/2025-11-08/1759985645.json"
"581514","221282","2025-11-08","36.00","NZD","1759985645","23477/2025-11-08/1759985645.json"
"512557","146154","2025-11-08","45.00","NZD","1759985645","23477/2025-11-08/1759985645.json"
"365170","146153","2025-11-08","48.00","NZD","1759985645","23477/2025-11-08/1759985645.json"
"510807","146155","2025-11-08","52.00","NZD","1759985645","23477/2025-11-08/1759985645.json"
"581513","221281","2025-11-10","36.00","NZD","1759985645","23477/2025-11-10/1759985645.json"
"581514","221282","2025-11-10","36.00","NZD","1759985645","23477/2025-11-10/1759985645.json"
"512557","146154","2025-11-10","45.00","NZD","1759985645","23477/2025-11-10/1759985645.json"
"365170","146153","2025-11-10","48.00","NZD","1759985645","23477/2025-11-10/1759985645.json"
"510807","146155","2025-11-10","52.00","NZD","1759985645","23477/2025-11-10/1759985645.json"
"581513","221281","2025-11-12","36.00","NZD","1759985645","23477/2025-11-12/1759985645.json"
"581514","221282","2025-11-12","36.00","NZD","1759985645","23477/2025-11-12/1759985645.json"
"512557","146154","2025-11-12","45.00","NZD","1759985645","23477/2025-11-12/1759985645.json"
"365170","146153","2025-11-12","48.00","NZD","1759985645","23477/2025-11-12/1759985645.json"
"510807","146155","2025-11-12","52.00","NZD","1759985645","23477/2025-11-12/1759985645.json"
"581513","221281","2025-11-11","36.00","NZD","1759985645","23477/2025-11-11/1759985645.json"
"581514","221282","2025-11-11","36.00","NZD","1759985645","23477/2025-11-11/1759985645.json"
"512557","146154","2025-11-11","45.00","NZD","1759985645","23477/2025-11-11/1759985645.json"
"365170","146153","2025-11-11","48.00","NZD","1759985645","23477/2025-11-11/1759985645.json"
"510807","146155","2025-11-11","52.00","NZD","1759985645","23477/2025-11-11/1759985645.json"
"581513","221281","2025-11-14","36.00","NZD","1759985645","23477/2025-11-14/1759985645.json"
"581514","221282","2025-11-14","36.00","NZD","1759985645","23477/2025-11-14/1759985645.json"
"512557","146154","2025-11-14","45.00","NZD","1759985645","23477/2025-11-14/1759985645.json"
"365170","146153","2025-11-14","48.00","NZD","1759985645","23477/2025-11-14/1759985645.json"
"510807","146155","2025-11-14","52.00","NZD","1759985645","23477/2025-11-14/1759985645.json"
"581513","221281","2025-11-13","36.00","NZD","1759985645","23477/2025-11-13/1759985645.json"
"581514","221282","2025-11-13","36.00","NZD","1759985645","23477/2025-11-13/1759985645.json"
"512557","146154","2025-11-13","45.00","NZD","1759985645","23477/2025-11-13/1759985645.json"
"365170","146153","2025-11-13","48.00","NZD","1759985645","23477/2025-11-13/1759985645.json"
"510807","146155","2025-11-13","52.00","NZD","1759985645","23477/2025-11-13/1759985645.json"
"581513","221281","2025-11-15","36.00","NZD","1759985645","23477/2025-11-15/1759985645.json"
"581514","221282","2025-11-15","36.00","NZD","1759985645","23477/2025-11-15/1759985645.json"
"512557","146154","2025-11-15","45.00","NZD","1759985645","23477/2025-11-15/1759985645.json"
"365170","146153","2025-11-15","48.00","NZD","1759985645","23477/2025-11-15/1759985645.json"
"510807","146155","2025-11-15","52.00","NZD","1759985645","23477/2025-11-15/1759985645.json"
"581513","221281","2025-11-16","36.00","NZD","1759985645","23477/2025-11-16/1759985645.json"
"581514","221282","2025-11-16","36.00","NZD","1759985645","23477/2025-11-16/1759985645.json"
"512557","146154","2025-11-16","45.00","NZD","1759985645","23477/2025-11-16/1759985645.json"
"365170","146153","2025-11-16","48.00","NZD","1759985645","23477/2025-11-16/1759985645.json"
"510807","146155","2025-11-16","52.00","NZD","1759985645","23477/2025-11-16/1759985645.json"
"581513","221281","2025-11-17","36.00","NZD","1759985645","23477/2025-11-17/1759985645.json"
"581514","221282","2025-11-17","36.00","NZD","1759985645","23477/2025-11-17/1759985645.json"
"512557","146154","2025-11-17","45.00","NZD","1759985645","23477/2025-11-17/1759985645.json"
"365170","146153","2025-11-17","48.00","NZD","1759985645","23477/2025-11-17/1759985645.json"
"510807","146155","2025-11-17","52.00","NZD","1759985645","23477/2025-11-17/1759985645.json"
"581513","221281","2025-11-18","36.00","NZD","1759985645","23477/2025-11-18/1759985645.json"
"581514","221282","2025-11-18","36.00","NZD","1759985645","23477/2025-11-18/1759985645.json"
"512557","146154","2025-11-18","45.00","NZD","1759985645","23477/2025-11-18/1759985645.json"
"365170","146153","2025-11-18","48.00","NZD","1759985645","23477/2025-11-18/1759985645.json"
"510807","146155","2025-11-18","52.00","NZD","1759985645","23477/2025-11-18/1759985645.json"
"581513","221281","2025-11-20","36.00","NZD","1759985645","23477/2025-11-20/1759985645.json"
"581514","221282","2025-11-20","36.00","NZD","1759985645","23477/2025-11-20/1759985645.json"
"512557","146154","2025-11-20","45.00","NZD","1759985645","23477/2025-11-20/1759985645.json"
"581513","221281","2025-11-19","36.00","NZD","1759985645","23477/2025-11-19/1759985645.json"
"581514","221282","2025-11-19","36.00","NZD","1759985645","23477/2025-11-19/1759985645.json"
"512557","146154","2025-11-19","45.00","NZD","1759985645","23477/2025-11-19/1759985645.json"
"365170","146153","2025-11-19","48.00","NZD","1759985645","23477/2025-11-19/1759985645.json"
"510807","146155","2025-11-19","52.00","NZD","1759985645","23477/2025-11-19/1759985645.json"
"581513","221281","2025-11-22","36.00","NZD","1759985645","23477/2025-11-22/1759985645.json"
"581514","221282","2025-11-22","36.00","NZD","1759985645","23477/2025-11-22/1759985645.json"
"512557","146154","2025-11-22","45.00","NZD","1759985645","23477/2025-11-22/1759985645.json"
"365170","146153","2025-11-22","48.00","NZD","1759985645","23477/2025-11-22/1759985645.json"
"510807","146155","2025-11-22","52.00","NZD","1759985645","23477/2025-11-22/1759985645.json"
"581513","221281","2025-11-21","36.00","NZD","1759985645","23477/2025-11-21/1759985645.json"
"581514","221282","2025-11-21","36.00","NZD","1759985645","23477/2025-11-21/1759985645.json"
"512557","146154","2025-11-21","45.00","NZD","1759985645","23477/2025-11-21/1759985645.json"
"365170","146153","2025-11-21","48.00","NZD","1759985645","23477/2025-11-21/1759985645.json"
"510807","146155","2025-11-21","52.00","NZD","1759985645","23477/2025-11-21/1759985645.json"
"581513","221281","2025-11-23","36.00","NZD","1759985645","23477/2025-11-23/1759985645.json"
"581514","221282","2025-11-23","36.00","NZD","1759985645","23477/2025-11-23/1759985645.json"
"512557","146154","2025-11-23","45.00","NZD","1759985645","23477/2025-11-23/1759985645.json"
"365170","146153","2025-11-23","48.00","NZD","1759985645","23477/2025-11-23/1759985645.json"
"510807","146155","2025-11-23","52.00","NZD","1759985645","23477/2025-11-23/1759985645.json"
"581513","221281","2025-11-26","36.00","NZD","1759985645","23477/2025-11-26/1759985645.json"
"581514","221282","2025-11-26","36.00","NZD","1759985645","23477/2025-11-26/1759985645.json"
"512557","146154","2025-11-26","45.00","NZD","1759985645","23477/2025-11-26/1759985645.json"
"365170","146153","2025-11-26","48.00","NZD","1759985645","23477/2025-11-26/1759985645.json"
"510807","146155","2025-11-26","52.00","NZD","1759985645","23477/2025-11-26/1759985645.json"
"581513","221281","2025-11-25","36.00","NZD","1759985645","23477/2025-11-25/1759985645.json"
"581514","221282","2025-11-25","36.00","NZD","1759985645","23477/2025-11-25/1759985645.json"
"512557","146154","2025-11-25","45.00","NZD","1759985645","23477/2025-11-25/1759985645.json"
"365170","146153","2025-11-25","48.00","NZD","1759985645","23477/2025-11-25/1759985645.json"
"510807","146155","2025-11-25","52.00","NZD","1759985645","23477/2025-11-25/1759985645.json"
"581513","221281","2025-11-28","36.00","NZD","1759985645","23477/2025-11-28/1759985645.json"
"581514","221282","2025-11-28","36.00","NZD","1759985645","23477/2025-11-28/1759985645.json"
"512557","146154","2025-11-28","45.00","NZD","1759985645","23477/2025-11-28/1759985645.json"
"365170","146153","2025-11-28","48.00","NZD","1759985645","23477/2025-11-28/1759985645.json"
"510807","146155","2025-11-28","52.00","NZD","1759985645","23477/2025-11-28/1759985645.json"
"581513","221281","2025-11-29","36.00","NZD","1759985645","23477/2025-11-29/1759985645.json"
"581514","221282","2025-11-29","36.00","NZD","1759985645","23477/2025-11-29/1759985645.json"
"512557","146154","2025-11-29","45.00","NZD","1759985645","23477/2025-11-29/1759985645.json"
"365170","146153","2025-11-29","48.00","NZD","1759985645","23477/2025-11-29/1759985645.json"
"510807","146155","2025-11-29","52.00","NZD","1759985645","23477/2025-11-29/1759985645.json"
"581513","221281","2025-11-24","36.00","NZD","1759985645","23477/2025-11-24/1759985645.json"
"581514","221282","2025-11-24","36.00","NZD","1759985645","23477/2025-11-24/1759985645.json"
"512557","146154","2025-11-24","45.00","NZD","1759985645","23477/2025-11-24/1759985645.json"
"365170","146153","2025-11-24","48.00","NZD","1759985645","23477/2025-11-24/1759985645.json"
"510807","146155","2025-11-24","52.00","NZD","1759985645","23477/2025-11-24/1759985645.json"
"581513","221281","2025-11-30","36.00","NZD","1759985645","23477/2025-11-30/1759985645.json"
"581514","221282","2025-11-30","36.00","NZD","1759985645","23477/2025-11-30/1759985645.json"
"512557","146154","2025-11-30","45.00","NZD","1759985645","23477/2025-11-30/1759985645.json"
"365170","146153","2025-11-30","48.00","NZD","1759985645","23477/2025-11-30/1759985645.json"
"510807","146155","2025-11-30","52.00","NZD","1759985645","23477/2025-11-30/1759985645.json"
"581513","221281","2025-12-01","36.00","NZD","1759985645","23477/2025-12-01/1759985645.json"
"581514","221282","2025-12-01","36.00","NZD","1759985645","23477/2025-12-01/1759985645.json"
"512557","146154","2025-12-01","45.00","NZD","1759985645","23477/2025-12-01/1759985645.json"
"365170","146153","2025-12-01","48.00","NZD","1759985645","23477/2025-12-01/1759985645.json"
"510807","146155","2025-12-01","52.00","NZD","1759985645","23477/2025-12-01/1759985645.json"
"581513","221281","2025-11-27","36.00","NZD","1759985645","23477/2025-11-27/1759985645.json"
"581514","221282","2025-11-27","36.00","NZD","1759985645","23477/2025-11-27/1759985645.json"
"512557","146154","2025-11-27","45.00","NZD","1759985645","23477/2025-11-27/1759985645.json"
"365170","146153","2025-11-27","48.00","NZD","1759985645","23477/2025-11-27/1759985645.json"
"510807","146155","2025-11-27","52.00","NZD","1759985645","23477/2025-11-27/1759985645.json"
"581513","221281","2025-12-02","36.00","NZD","1759985645","23477/2025-12-02/1759985645.json"
"581514","221282","2025-12-02","36.00","NZD","1759985645","23477/2025-12-02/1759985645.json"
"512557","146154","2025-12-02","45.00","NZD","1759985645","23477/2025-12-02/1759985645.json"
"365170","146153","2025-12-02","48.00","NZD","1759985645","23477/2025-12-02/1759985645.json"
"510807","146155","2025-12-02","52.00","NZD","1759985645","23477/2025-12-02/1759985645.json"
"581513","221281","2025-12-03","36.00","NZD","1759985645","23477/2025-12-03/1759985645.json"
"581514","221282","2025-12-03","36.00","NZD","1759985645","23477/2025-12-03/1759985645.json"
"512557","146154","2025-12-03","45.00","NZD","1759985645","23477/2025-12-03/1759985645.json"
"365170","146153","2025-12-03","48.00","NZD","1759985645","23477/2025-12-03/1759985645.json"
"510807","146155","2025-12-03","52.00","NZD","1759985645","23477/2025-12-03/1759985645.json"
"581513","221281","2025-12-04","36.00","NZD","1759985645","23477/2025-12-04/1759985645.json"
"581514","221282","2025-12-04","36.00","NZD","1759985645","23477/2025-12-04/1759985645.json"
"512557","146154","2025-12-04","45.00","NZD","1759985645","23477/2025-12-04/1759985645.json"
"365170","146153","2025-12-04","48.00","NZD","1759985645","23477/2025-12-04/1759985645.json"
"510807","146155","2025-12-04","52.00","NZD","1759985645","23477/2025-12-04/1759985645.json"
"581513","221281","2025-12-05","36.00","NZD","1759985645","23477/2025-12-05/1759985645.json"
"581514","221282","2025-12-05","36.00","NZD","1759985645","23477/2025-12-05/1759985645.json"
"512557","146154","2025-12-05","45.00","NZD","1759985645","23477/2025-12-05/1759985645.json"
"365170","146153","2025-12-05","48.00","NZD","1759985645","23477/2025-12-05/1759985645.json"
"510807","146155","2025-12-05","52.00","NZD","1759985645","23477/2025-12-05/1759985645.json"
"581513","221281","2025-12-06","36.00","NZD","1759985645","23477/2025-12-06/1759985645.json"
"581514","221282","2025-12-06","36.00","NZD","1759985645","23477/2025-12-06/1759985645.json"
"512557","146154","2025-12-06","45.00","NZD","1759985645","23477/2025-12-06/1759985645.json"
"365170","146153","2025-12-06","48.00","NZD","1759985645","23477/2025-12-06/1759985645.json"
"510807","146155","2025-12-06","52.00","NZD","1759985645","23477/2025-12-06/1759985645.json"
"581513","221281","2025-12-07","36.00","NZD","1759985645","23477/2025-12-07/1759985645.json"
"581514","221282","2025-12-07","36.00","NZD","1759985645","23477/2025-12-07/1759985645.json"
"512557","146154","2025-12-07","45.00","NZD","1759985645","23477/2025-12-07/1759985645.json"
"365170","146153","2025-12-07","48.00","NZD","1759985645","23477/2025-12-07/1759985645.json"
"510807","146155","2025-12-07","52.00","NZD","1759985645","23477/2025-12-07/1759985645.json"
"581513","221281","2025-12-08","36.00","NZD","1759985645","23477/2025-12-08/1759985645.json"
"581514","221282","2025-12-08","36.00","NZD","1759985645","23477/2025-12-08/1759985645.json"
"512557","146154","2025-12-08","45.00","NZD","1759985645","23477/2025-12-08/1759985645.json"
"365170","146153","2025-12-08","48.00","NZD","1759985645","23477/2025-12-08/1759985645.json"
"510807","146155","2025-12-08","52.00","NZD","1759985645","23477/2025-12-08/1759985645.json"
"581513","221281","2025-10-11","36.00","NZD","1760000554","23477/2025-10-11/1760000554.json"
"581514","221282","2025-10-11","36.00","NZD","1760000554","23477/2025-10-11/1760000554.json"
"512557","146154","2025-10-11","45.00","NZD","1760000554","23477/2025-10-11/1760000554.json"
"365170","146153","2025-10-11","48.00","NZD","1760000554","23477/2025-10-11/1760000554.json"
"510807","146155","2025-10-11","52.00","NZD","1760000554","23477/2025-10-11/1760000554.json"
"581513","221281","2025-10-12","36.00","NZD","1760000554","23477/2025-10-12/1760000554.json"
"581514","221282","2025-10-12","36.00","NZD","1760000554","23477/2025-10-12/1760000554.json"
"512557","146154","2025-10-12","45.00","NZD","1760000554","23477/2025-10-12/1760000554.json"
"365170","146153","2025-10-12","48.00","NZD","1760000554","23477/2025-10-12/1760000554.json"
"510807","146155","2025-10-12","52.00","NZD","1760000554","23477/2025-10-12/1760000554.json"
"581513","221281","2025-10-09","36.00","NZD","1760000554","23477/2025-10-09/1760000554.json"
"581514","221282","2025-10-09","36.00","NZD","1760000554","23477/2025-10-09/1760000554.json"
"512557","146154","2025-10-09","45.00","NZD","1760000554","23477/2025-10-09/1760000554.json"
"365170","146153","2025-10-09","48.00","NZD","1760000554","23477/2025-10-09/1760000554.json"
"510807","146155","2025-10-09","52.00","NZD","1760000554","23477/2025-10-09/1760000554.json"
"581513","221281","2025-10-10","36.00","NZD","1760000554","23477/2025-10-10/1760000554.json"
"581514","221282","2025-10-10","36.00","NZD","1760000554","23477/2025-10-10/1760000554.json"
"512557","146154","2025-10-10","45.00","NZD","1760000554","23477/2025-10-10/1760000554.json"
"365170","146153","2025-10-10","48.00","NZD","1760000554","23477/2025-10-10/1760000554.json"
"510807","146155","2025-10-10","52.00","NZD","1760000554","23477/2025-10-10/1760000554.json"
"581513","221281","2025-10-13","36.00","NZD","1760000554","23477/2025-10-13/1760000554.json"
"581514","221282","2025-10-13","36.00","NZD","1760000554","23477/2025-10-13/1760000554.json"
"512557","146154","2025-10-13","45.00","NZD","1760000554","23477/2025-10-13/1760000554.json"
"365170","146153","2025-10-13","48.00","NZD","1760000554","23477/2025-10-13/1760000554.json"
"510807","146155","2025-10-13","52.00","NZD","1760000554","23477/2025-10-13/1760000554.json"
"581513","221281","2025-10-14","36.00","NZD","1760000554","23477/2025-10-14/1760000554.json"
"581514","221282","2025-10-14","36.00","NZD","1760000554","23477/2025-10-14/1760000554.json"
"512557","146154","2025-10-14","45.00","NZD","1760000554","23477/2025-10-14/1760000554.json"
"365170","146153","2025-10-14","48.00","NZD","1760000554","23477/2025-10-14/1760000554.json"
"510807","146155","2025-10-14","52.00","NZD","1760000554","23477/2025-10-14/1760000554.json"
"581513","221281","2025-10-16","36.00","NZD","1760000554","23477/2025-10-16/1760000554.json"
"581514","221282","2025-10-16","36.00","NZD","1760000554","23477/2025-10-16/1760000554.json"
"512557","146154","2025-10-16","45.00","NZD","1760000554","23477/2025-10-16/1760000554.json"
"365170","146153","2025-10-16","48.00","NZD","1760000554","23477/2025-10-16/1760000554.json"
"510807","146155","2025-10-16","52.00","NZD","1760000554","23477/2025-10-16/1760000554.json"
"581513","221281","2025-10-15","36.00","NZD","1760000554","23477/2025-10-15/1760000554.json"
"581514","221282","2025-10-15","36.00","NZD","1760000554","23477/2025-10-15/1760000554.json"
"512557","146154","2025-10-15","45.00","NZD","1760000554","23477/2025-10-15/1760000554.json"
"365170","146153","2025-10-15","48.00","NZD","1760000554","23477/2025-10-15/1760000554.json"
"510807","146155","2025-10-15","52.00","NZD","1760000554","23477/2025-10-15/1760000554.json"
"581513","221281","2025-10-19","36.00","NZD","1760000554","23477/2025-10-19/1760000554.json"
"581514","221282","2025-10-19","36.00","NZD","1760000554","23477/2025-10-19/1760000554.json"
"512557","146154","2025-10-19","45.00","NZD","1760000554","23477/2025-10-19/1760000554.json"
"365170","146153","2025-10-19","48.00","NZD","1760000554","23477/2025-10-19/1760000554.json"
"510807","146155","2025-10-19","52.00","NZD","1760000554","23477/2025-10-19/1760000554.json"
"581513","221281","2025-10-18","36.00","NZD","1760000554","23477/2025-10-18/1760000554.json"
"581514","221282","2025-10-18","36.00","NZD","1760000554","23477/2025-10-18/1760000554.json"
"512557","146154","2025-10-18","45.00","NZD","1760000554","23477/2025-10-18/1760000554.json"
"365170","146153","2025-10-18","48.00","NZD","1760000554","23477/2025-10-18/1760000554.json"
"510807","146155","2025-10-18","52.00","NZD","1760000554","23477/2025-10-18/1760000554.json"
"581513","221281","2025-10-17","36.00","NZD","1760000554","23477/2025-10-17/1760000554.json"
"581514","221282","2025-10-17","36.00","NZD","1760000554","23477/2025-10-17/1760000554.json"
"512557","146154","2025-10-17","45.00","NZD","1760000554","23477/2025-10-17/1760000554.json"
"365170","146153","2025-10-17","48.00","NZD","1760000554","23477/2025-10-17/1760000554.json"
"510807","146155","2025-10-17","52.00","NZD","1760000554","23477/2025-10-17/1760000554.json"
"581513","221281","2025-10-20","36.00","NZD","1760000554","23477/2025-10-20/1760000554.json"
"581514","221282","2025-10-20","36.00","NZD","1760000554","23477/2025-10-20/1760000554.json"
"512557","146154","2025-10-20","45.00","NZD","1760000554","23477/2025-10-20/1760000554.json"
"365170","146153","2025-10-20","48.00","NZD","1760000554","23477/2025-10-20/1760000554.json"
"510807","146155","2025-10-20","52.00","NZD","1760000554","23477/2025-10-20/1760000554.json"
"581513","221281","2025-10-21","36.00","NZD","1760000554","23477/2025-10-21/1760000554.json"
"581513","221281","2025-10-22","36.00","NZD","1760000554","23477/2025-10-22/1760000554.json"
"581514","221282","2025-10-21","36.00","NZD","1760000554","23477/2025-10-21/1760000554.json"
"581514","221282","2025-10-22","36.00","NZD","1760000554","23477/2025-10-22/1760000554.json"
"512557","146154","2025-10-21","45.00","NZD","1760000554","23477/2025-10-21/1760000554.json"
"512557","146154","2025-10-22","45.00","NZD","1760000554","23477/2025-10-22/1760000554.json"
"365170","146153","2025-10-21","48.00","NZD","1760000554","23477/2025-10-21/1760000554.json"
"365170","146153","2025-10-22","48.00","NZD","1760000554","23477/2025-10-22/1760000554.json"
"510807","146155","2025-10-21","52.00","NZD","1760000554","23477/2025-10-21/1760000554.json"
"510807","146155","2025-10-22","52.00","NZD","1760000554","23477/2025-10-22/1760000554.json"
"581513","221281","2025-10-23","36.00","NZD","1760000554","23477/2025-10-23/1760000554.json"
"581514","221282","2025-10-23","36.00","NZD","1760000554","23477/2025-10-23/1760000554.json"
"512557","146154","2025-10-23","45.00","NZD","1760000554","23477/2025-10-23/1760000554.json"
"365170","146153","2025-10-23","48.00","NZD","1760000554","23477/2025-10-23/1760000554.json"
"510807","146155","2025-10-23","52.00","NZD","1760000554","23477/2025-10-23/1760000554.json"
"581513","221281","2025-10-25","36.00","NZD","1760000554","23477/2025-10-25/1760000554.json"
"581514","221282","2025-10-25","36.00","NZD","1760000554","23477/2025-10-25/1760000554.json"
"512557","146154","2025-10-25","45.00","NZD","1760000554","23477/2025-10-25/1760000554.json"
"365170","146153","2025-10-25","48.00","NZD","1760000554","23477/2025-10-25/1760000554.json"
"510807","146155","2025-10-25","52.00","NZD","1760000554","23477/2025-10-25/1760000554.json"
"581513","221281","2025-10-26","36.00","NZD","1760000554","23477/2025-10-26/1760000554.json"
"581514","221282","2025-10-26","36.00","NZD","1760000554","23477/2025-10-26/1760000554.json"
"512557","146154","2025-10-26","45.00","NZD","1760000554","23477/2025-10-26/1760000554.json"
"365170","146153","2025-10-26","48.00","NZD","1760000554","23477/2025-10-26/1760000554.json"
"510807","146155","2025-10-26","52.00","NZD","1760000554","23477/2025-10-26/1760000554.json"
"581513","221281","2025-10-24","36.00","NZD","1760000554","23477/2025-10-24/1760000554.json"
"581514","221282","2025-10-24","36.00","NZD","1760000554","23477/2025-10-24/1760000554.json"
"512557","146154","2025-10-24","45.00","NZD","1760000554","23477/2025-10-24/1760000554.json"
"365170","146153","2025-10-24","48.00","NZD","1760000554","23477/2025-10-24/1760000554.json"
"510807","146155","2025-10-24","52.00","NZD","1760000554","23477/2025-10-24/1760000554.json"
"581513","221281","2025-10-27","36.00","NZD","1760000554","23477/2025-10-27/1760000554.json"
"581514","221282","2025-10-27","36.00","NZD","1760000554","23477/2025-10-27/1760000554.json"
"512557","146154","2025-10-27","45.00","NZD","1760000554","23477/2025-10-27/1760000554.json"
"365170","146153","2025-10-27","48.00","NZD","1760000554","23477/2025-10-27/1760000554.json"
"510807","146155","2025-10-27","52.00","NZD","1760000554","23477/2025-10-27/1760000554.json"
"581513","221281","2025-10-28","36.00","NZD","1760000554","23477/2025-10-28/1760000554.json"
"581514","221282","2025-10-28","36.00","NZD","1760000554","23477/2025-10-28/1760000554.json"
"512557","146154","2025-10-28","45.00","NZD","1760000554","23477/2025-10-28/1760000554.json"
"365170","146153","2025-10-28","48.00","NZD","1760000554","23477/2025-10-28/1760000554.json"
"510807","146155","2025-10-28","52.00","NZD","1760000554","23477/2025-10-28/1760000554.json"
"581513","221281","2025-10-29","36.00","NZD","1760000554","23477/2025-10-29/1760000554.json"
"581514","221282","2025-10-29","36.00","NZD","1760000554","23477/2025-10-29/1760000554.json"
"512557","146154","2025-10-29","45.00","NZD","1760000554","23477/2025-10-29/1760000554.json"
"365170","146153","2025-10-29","48.00","NZD","1760000554","23477/2025-10-29/1760000554.json"
"510807","146155","2025-10-29","52.00","NZD","1760000554","23477/2025-10-29/1760000554.json"
"581513","221281","2025-10-30","36.00","NZD","1760000554","23477/2025-10-30/1760000554.json"
"581514","221282","2025-10-30","36.00","NZD","1760000554","23477/2025-10-30/1760000554.json"
"512557","146154","2025-10-30","45.00","NZD","1760000554","23477/2025-10-30/1760000554.json"
"365170","146153","2025-10-30","48.00","NZD","1760000554","23477/2025-10-30/1760000554.json"
"510807","146155","2025-10-30","52.00","NZD","1760000554","23477/2025-10-30/1760000554.json"
"581513","221281","2025-10-31","36.00","NZD","1760000554","23477/2025-10-31/1760000554.json"
"581514","221282","2025-10-31","36.00","NZD","1760000554","23477/2025-10-31/1760000554.json"
"512557","146154","2025-10-31","45.00","NZD","1760000554","23477/2025-10-31/1760000554.json"
"365170","146153","2025-10-31","48.00","NZD","1760000554","23477/2025-10-31/1760000554.json"
"510807","146155","2025-10-31","52.00","NZD","1760000554","23477/2025-10-31/1760000554.json"
"581513","221281","2025-11-01","36.00","NZD","1760000554","23477/2025-11-01/1760000554.json"
"581514","221282","2025-11-01","36.00","NZD","1760000554","23477/2025-11-01/1760000554.json"
"512557","146154","2025-11-01","45.00","NZD","1760000554","23477/2025-11-01/1760000554.json"
"365170","146153","2025-11-01","48.00","NZD","1760000554","23477/2025-11-01/1760000554.json"
"510807","146155","2025-11-01","52.00","NZD","1760000554","23477/2025-11-01/1760000554.json"
"581513","221281","2025-11-02","36.00","NZD","1760000554","23477/2025-11-02/1760000554.json"
"581514","221282","2025-11-02","36.00","NZD","1760000554","23477/2025-11-02/1760000554.json"
"512557","146154","2025-11-02","45.00","NZD","1760000554","23477/2025-11-02/1760000554.json"
"365170","146153","2025-11-02","48.00","NZD","1760000554","23477/2025-11-02/1760000554.json"
"510807","146155","2025-11-02","52.00","NZD","1760000554","23477/2025-11-02/1760000554.json"
"581513","221281","2025-11-03","36.00","NZD","1760000554","23477/2025-11-03/1760000554.json"
"581514","221282","2025-11-03","36.00","NZD","1760000554","23477/2025-11-03/1760000554.json"
"512557","146154","2025-11-03","45.00","NZD","1760000554","23477/2025-11-03/1760000554.json"
"365170","146153","2025-11-03","48.00","NZD","1760000554","23477/2025-11-03/1760000554.json"
"510807","146155","2025-11-03","52.00","NZD","1760000554","23477/2025-11-03/1760000554.json"
"581513","221281","2025-11-05","36.00","NZD","1760000554","23477/2025-11-05/1760000554.json"
"581514","221282","2025-11-05","36.00","NZD","1760000554","23477/2025-11-05/1760000554.json"
"512557","146154","2025-11-05","45.00","NZD","1760000554","23477/2025-11-05/1760000554.json"
"365170","146153","2025-11-05","48.00","NZD","1760000554","23477/2025-11-05/1760000554.json"
"510807","146155","2025-11-05","52.00","NZD","1760000554","23477/2025-11-05/1760000554.json"
"581513","221281","2025-11-04","36.00","NZD","1760000554","23477/2025-11-04/1760000554.json"
"581514","221282","2025-11-04","36.00","NZD","1760000554","23477/2025-11-04/1760000554.json"
"512557","146154","2025-11-04","45.00","NZD","1760000554","23477/2025-11-04/1760000554.json"
"365170","146153","2025-11-04","48.00","NZD","1760000554","23477/2025-11-04/1760000554.json"
"510807","146155","2025-11-04","52.00","NZD","1760000554","23477/2025-11-04/1760000554.json"
"581513","221281","2025-11-06","36.00","NZD","1760000554","23477/2025-11-06/1760000554.json"
"581514","221282","2025-11-06","36.00","NZD","1760000554","23477/2025-11-06/1760000554.json"
"512557","146154","2025-11-06","45.00","NZD","1760000554","23477/2025-11-06/1760000554.json"
"365170","146153","2025-11-06","48.00","NZD","1760000554","23477/2025-11-06/1760000554.json"
"510807","146155","2025-11-06","52.00","NZD","1760000554","23477/2025-11-06/1760000554.json"
"581513","221281","2025-11-07","36.00","NZD","1760000554","23477/2025-11-07/1760000554.json"
"581514","221282","2025-11-07","36.00","NZD","1760000554","23477/2025-11-07/1760000554.json"
"512557","146154","2025-11-07","45.00","NZD","1760000554","23477/2025-11-07/1760000554.json"
"365170","146153","2025-11-07","48.00","NZD","1760000554","23477/2025-11-07/1760000554.json"
"510807","146155","2025-11-07","52.00","NZD","1760000554","23477/2025-11-07/1760000554.json"
"581513","221281","2025-11-08","36.00","NZD","1760000554","23477/2025-11-08/1760000554.json"
"581514","221282","2025-11-08","36.00","NZD","1760000554","23477/2025-11-08/1760000554.json"
"512557","146154","2025-11-08","45.00","NZD","1760000554","23477/2025-11-08/1760000554.json"
"365170","146153","2025-11-08","48.00","NZD","1760000554","23477/2025-11-08/1760000554.json"
"510807","146155","2025-11-08","52.00","NZD","1760000554","23477/2025-11-08/1760000554.json"
"581513","221281","2025-11-10","36.00","NZD","1760000554","23477/2025-11-10/1760000554.json"
"581514","221282","2025-11-10","36.00","NZD","1760000554","23477/2025-11-10/1760000554.json"
"512557","146154","2025-11-10","45.00","NZD","1760000554","23477/2025-11-10/1760000554.json"
"365170","146153","2025-11-10","48.00","NZD","1760000554","23477/2025-11-10/1760000554.json"
"510807","146155","2025-11-10","52.00","NZD","1760000554","23477/2025-11-10/1760000554.json"
"581513","221281","2025-11-09","36.00","NZD","1760000554","23477/2025-11-09/1760000554.json"
"581514","221282","2025-11-09","36.00","NZD","1760000554","23477/2025-11-09/1760000554.json"
"512557","146154","2025-11-09","45.00","NZD","1760000554","23477/2025-11-09/1760000554.json"
"365170","146153","2025-11-09","48.00","NZD","1760000554","23477/2025-11-09/1760000554.json"
"510807","146155","2025-11-09","52.00","NZD","1760000554","23477/2025-11-09/1760000554.json"
"581513","221281","2025-11-11","36.00","NZD","1760000554","23477/2025-11-11/1760000554.json"
"581514","221282","2025-11-11","36.00","NZD","1760000554","23477/2025-11-11/1760000554.json"
"512557","146154","2025-11-11","45.00","NZD","1760000554","23477/2025-11-11/1760000554.json"
"365170","146153","2025-11-11","48.00","NZD","1760000554","23477/2025-11-11/1760000554.json"
"510807","146155","2025-11-11","52.00","NZD","1760000554","23477/2025-11-11/1760000554.json"
"581513","221281","2025-11-12","36.00","NZD","1760000554","23477/2025-11-12/1760000554.json"
"581514","221282","2025-11-12","36.00","NZD","1760000554","23477/2025-11-12/1760000554.json"
"512557","146154","2025-11-12","45.00","NZD","1760000554","23477/2025-11-12/1760000554.json"
"365170","146153","2025-11-12","48.00","NZD","1760000554","23477/2025-11-12/1760000554.json"
"510807","146155","2025-11-12","52.00","NZD","1760000554","23477/2025-11-12/1760000554.json"
"581513","221281","2025-11-13","36.00","NZD","1760000554","23477/2025-11-13/1760000554.json"
"581514","221282","2025-11-13","36.00","NZD","1760000554","23477/2025-11-13/1760000554.json"
"512557","146154","2025-11-13","45.00","NZD","1760000554","23477/2025-11-13/1760000554.json"
"365170","146153","2025-11-13","48.00","NZD","1760000554","23477/2025-11-13/1760000554.json"
"510807","146155","2025-11-13","52.00","NZD","1760000554","23477/2025-11-13/1760000554.json"
"581513","221281","2025-11-14","36.00","NZD","1760000554","23477/2025-11-14/1760000554.json"
"581514","221282","2025-11-14","36.00","NZD","1760000554","23477/2025-11-14/1760000554.json"
"512557","146154","2025-11-14","45.00","NZD","1760000554","23477/2025-11-14/1760000554.json"
"365170","146153","2025-11-14","48.00","NZD","1760000554","23477/2025-11-14/1760000554.json"
"510807","146155","2025-11-14","52.00","NZD","1760000554","23477/2025-11-14/1760000554.json"
"581513","221281","2025-11-15","36.00","NZD","1760000554","23477/2025-11-15/1760000554.json"
"581514","221282","2025-11-15","36.00","NZD","1760000554","23477/2025-11-15/1760000554.json"
"512557","146154","2025-11-15","45.00","NZD","1760000554","23477/2025-11-15/1760000554.json"
"365170","146153","2025-11-15","48.00","NZD","1760000554","23477/2025-11-15/1760000554.json"
"510807","146155","2025-11-15","52.00","NZD","1760000554","23477/2025-11-15/1760000554.json"
"581513","221281","2025-11-17","36.00","NZD","1760000554","23477/2025-11-17/1760000554.json"
"581514","221282","2025-11-17","36.00","NZD","1760000554","23477/2025-11-17/1760000554.json"
"512557","146154","2025-11-17","45.00","NZD","1760000554","23477/2025-11-17/1760000554.json"
"365170","146153","2025-11-17","48.00","NZD","1760000554","23477/2025-11-17/1760000554.json"
"510807","146155","2025-11-17","52.00","NZD","1760000554","23477/2025-11-17/1760000554.json"
"581513","221281","2025-11-16","36.00","NZD","1760000554","23477/2025-11-16/1760000554.json"
"581514","221282","2025-11-16","36.00","NZD","1760000554","23477/2025-11-16/1760000554.json"
"512557","146154","2025-11-16","45.00","NZD","1760000554","23477/2025-11-16/1760000554.json"
"365170","146153","2025-11-16","48.00","NZD","1760000554","23477/2025-11-16/1760000554.json"
"510807","146155","2025-11-16","52.00","NZD","1760000554","23477/2025-11-16/1760000554.json"
"581513","221281","2025-11-18","36.00","NZD","1760000554","23477/2025-11-18/1760000554.json"
"581514","221282","2025-11-18","36.00","NZD","1760000554","23477/2025-11-18/1760000554.json"
"512557","146154","2025-11-18","45.00","NZD","1760000554","23477/2025-11-18/1760000554.json"
"365170","146153","2025-11-18","48.00","NZD","1760000554","23477/2025-11-18/1760000554.json"
"510807","146155","2025-11-18","52.00","NZD","1760000554","23477/2025-11-18/1760000554.json"
"581513","221281","2025-11-19","36.00","NZD","1760000554","23477/2025-11-19/1760000554.json"
"581514","221282","2025-11-19","36.00","NZD","1760000554","23477/2025-11-19/1760000554.json"
"512557","146154","2025-11-19","45.00","NZD","1760000554","23477/2025-11-19/1760000554.json"
"365170","146153","2025-11-19","48.00","NZD","1760000554","23477/2025-11-19/1760000554.json"
"510807","146155","2025-11-19","52.00","NZD","1760000554","23477/2025-11-19/1760000554.json"
"581513","221281","2025-11-21","36.00","NZD","1760000554","23477/2025-11-21/1760000554.json"
"581514","221282","2025-11-21","36.00","NZD","1760000554","23477/2025-11-21/1760000554.json"
"512557","146154","2025-11-21","45.00","NZD","1760000554","23477/2025-11-21/1760000554.json"
"365170","146153","2025-11-21","48.00","NZD","1760000554","23477/2025-11-21/1760000554.json"
"510807","146155","2025-11-21","52.00","NZD","1760000554","23477/2025-11-21/1760000554.json"
"581513","221281","2025-11-20","36.00","NZD","1760000554","23477/2025-11-20/1760000554.json"
"581514","221282","2025-11-20","36.00","NZD","1760000554","23477/2025-11-20/1760000554.json"
"512557","146154","2025-11-20","45.00","NZD","1760000554","23477/2025-11-20/1760000554.json"
"581513","221281","2025-11-22","36.00","NZD","1760000554","23477/2025-11-22/1760000554.json"
"581514","221282","2025-11-22","36.00","NZD","1760000554","23477/2025-11-22/1760000554.json"
"512557","146154","2025-11-22","45.00","NZD","1760000554","23477/2025-11-22/1760000554.json"
"365170","146153","2025-11-22","48.00","NZD","1760000554","23477/2025-11-22/1760000554.json"
"510807","146155","2025-11-22","52.00","NZD","1760000554","23477/2025-11-22/1760000554.json"
"581513","221281","2025-11-23","36.00","NZD","1760000554","23477/2025-11-23/1760000554.json"
"581514","221282","2025-11-23","36.00","NZD","1760000554","23477/2025-11-23/1760000554.json"
"512557","146154","2025-11-23","45.00","NZD","1760000554","23477/2025-11-23/1760000554.json"
"365170","146153","2025-11-23","48.00","NZD","1760000554","23477/2025-11-23/1760000554.json"
"510807","146155","2025-11-23","52.00","NZD","1760000554","23477/2025-11-23/1760000554.json"
"581513","221281","2025-11-26","36.00","NZD","1760000554","23477/2025-11-26/1760000554.json"
"581514","221282","2025-11-26","36.00","NZD","1760000554","23477/2025-11-26/1760000554.json"
"512557","146154","2025-11-26","45.00","NZD","1760000554","23477/2025-11-26/1760000554.json"
"365170","146153","2025-11-26","48.00","NZD","1760000554","23477/2025-11-26/1760000554.json"
"510807","146155","2025-11-26","52.00","NZD","1760000554","23477/2025-11-26/1760000554.json"
"581513","221281","2025-11-24","36.00","NZD","1760000554","23477/2025-11-24/1760000554.json"
"581514","221282","2025-11-24","36.00","NZD","1760000554","23477/2025-11-24/1760000554.json"
"512557","146154","2025-11-24","45.00","NZD","1760000554","23477/2025-11-24/1760000554.json"
"365170","146153","2025-11-24","48.00","NZD","1760000554","23477/2025-11-24/1760000554.json"
"510807","146155","2025-11-24","52.00","NZD","1760000554","23477/2025-11-24/1760000554.json"
"581513","221281","2025-11-25","36.00","NZD","1760000554","23477/2025-11-25/1760000554.json"
"581514","221282","2025-11-25","36.00","NZD","1760000554","23477/2025-11-25/1760000554.json"
"512557","146154","2025-11-25","45.00","NZD","1760000554","23477/2025-11-25/1760000554.json"
"365170","146153","2025-11-25","48.00","NZD","1760000554","23477/2025-11-25/1760000554.json"
"510807","146155","2025-11-25","52.00","NZD","1760000554","23477/2025-11-25/1760000554.json"
"581513","221281","2025-11-27","36.00","NZD","1760000554","23477/2025-11-27/1760000554.json"
"581514","221282","2025-11-27","36.00","NZD","1760000554","23477/2025-11-27/1760000554.json"
"512557","146154","2025-11-27","45.00","NZD","1760000554","23477/2025-11-27/1760000554.json"
"365170","146153","2025-11-27","48.00","NZD","1760000554","23477/2025-11-27/1760000554.json"
"510807","146155","2025-11-27","52.00","NZD","1760000554","23477/2025-11-27/1760000554.json"
"581513","221281","2025-11-28","36.00","NZD","1760000554","23477/2025-11-28/1760000554.json"
"581514","221282","2025-11-28","36.00","NZD","1760000554","23477/2025-11-28/1760000554.json"
"512557","146154","2025-11-28","45.00","NZD","1760000554","23477/2025-11-28/1760000554.json"
"365170","146153","2025-11-28","48.00","NZD","1760000554","23477/2025-11-28/1760000554.json"
"510807","146155","2025-11-28","52.00","NZD","1760000554","23477/2025-11-28/1760000554.json"
"581513","221281","2025-11-29","36.00","NZD","1760000554","23477/2025-11-29/1760000554.json"
"581514","221282","2025-11-29","36.00","NZD","1760000554","23477/2025-11-29/1760000554.json"
"512557","146154","2025-11-29","45.00","NZD","1760000554","23477/2025-11-29/1760000554.json"
"365170","146153","2025-11-29","48.00","NZD","1760000554","23477/2025-11-29/1760000554.json"
"510807","146155","2025-11-29","52.00","NZD","1760000554","23477/2025-11-29/1760000554.json"
"581513","221281","2025-11-30","36.00","NZD","1760000554","23477/2025-11-30/1760000554.json"
"581514","221282","2025-11-30","36.00","NZD","1760000554","23477/2025-11-30/1760000554.json"
"512557","146154","2025-11-30","45.00","NZD","1760000554","23477/2025-11-30/1760000554.json"
"365170","146153","2025-11-30","48.00","NZD","1760000554","23477/2025-11-30/1760000554.json"
"510807","146155","2025-11-30","52.00","NZD","1760000554","23477/2025-11-30/1760000554.json"
"581513","221281","2025-12-01","36.00","NZD","1760000554","23477/2025-12-01/1760000554.json"
"581514","221282","2025-12-01","36.00","NZD","1760000554","23477/2025-12-01/1760000554.json"
"512557","146154","2025-12-01","45.00","NZD","1760000554","23477/2025-12-01/1760000554.json"
"365170","146153","2025-12-01","48.00","NZD","1760000554","23477/2025-12-01/1760000554.json"
"510807","146155","2025-12-01","52.00","NZD","1760000554","23477/2025-12-01/1760000554.json"
"581513","221281","2025-12-02","36.00","NZD","1760000554","23477/2025-12-02/1760000554.json"
"581514","221282","2025-12-02","36.00","NZD","1760000554","23477/2025-12-02/1760000554.json"
"512557","146154","2025-12-02","45.00","NZD","1760000554","23477/2025-12-02/1760000554.json"
"365170","146153","2025-12-02","48.00","NZD","1760000554","23477/2025-12-02/1760000554.json"
"510807","146155","2025-12-02","52.00","NZD","1760000554","23477/2025-12-02/1760000554.json"
"581513","221281","2025-12-03","36.00","NZD","1760000554","23477/2025-12-03/1760000554.json"
"581514","221282","2025-12-03","36.00","NZD","1760000554","23477/2025-12-03/1760000554.json"
"512557","146154","2025-12-03","45.00","NZD","1760000554","23477/2025-12-03/1760000554.json"
"365170","146153","2025-12-03","48.00","NZD","1760000554","23477/2025-12-03/1760000554.json"
"510807","146155","2025-12-03","52.00","NZD","1760000554","23477/2025-12-03/1760000554.json"
"581513","221281","2025-12-05","36.00","NZD","1760000554","23477/2025-12-05/1760000554.json"
"581514","221282","2025-12-05","36.00","NZD","1760000554","23477/2025-12-05/1760000554.json"
"512557","146154","2025-12-05","45.00","NZD","1760000554","23477/2025-12-05/1760000554.json"
"365170","146153","2025-12-05","48.00","NZD","1760000554","23477/2025-12-05/1760000554.json"
"510807","146155","2025-12-05","52.00","NZD","1760000554","23477/2025-12-05/1760000554.json"
"581513","221281","2025-12-04","36.00","NZD","1760000554","23477/2025-12-04/1760000554.json"
"581514","221282","2025-12-04","36.00","NZD","1760000554","23477/2025-12-04/1760000554.json"
"512557","146154","2025-12-04","45.00","NZD","1760000554","23477/2025-12-04/1760000554.json"
"365170","146153","2025-12-04","48.00","NZD","1760000554","23477/2025-12-04/1760000554.json"
"510807","146155","2025-12-04","52.00","NZD","1760000554","23477/2025-12-04/1760000554.json"
"581513","221281","2025-12-06","36.00","NZD","1760000554","23477/2025-12-06/1760000554.json"
"581514","221282","2025-12-06","36.00","NZD","1760000554","23477/2025-12-06/1760000554.json"
"512557","146154","2025-12-06","45.00","NZD","1760000554","23477/2025-12-06/1760000554.json"
"365170","146153","2025-12-06","48.00","NZD","1760000554","23477/2025-12-06/1760000554.json"
"510807","146155","2025-12-06","52.00","NZD","1760000554","23477/2025-12-06/1760000554.json"
"581513","221281","2025-12-08","36.00","NZD","1760000554","23477/2025-12-08/1760000554.json"
"581514","221282","2025-12-08","36.00","NZD","1760000554","23477/2025-12-08/1760000554.json"
"512557","146154","2025-12-08","45.00","NZD","1760000554","23477/2025-12-08/1760000554.json"
"365170","146153","2025-12-08","48.00","NZD","1760000554","23477/2025-12-08/1760000554.json"
"581513","221281","2025-12-07","36.00","NZD","1760000554","23477/2025-12-07/1760000554.json"
"510807","146155","2025-12-08","52.00","NZD","1760000554","23477/2025-12-08/1760000554.json"
"581514","221282","2025-12-07","36.00","NZD","1760000554","23477/2025-12-07/1760000554.json"
"512557","146154","2025-12-07","45.00","NZD","1760000554","23477/2025-12-07/1760000554.json"
"365170","146153","2025-12-07","48.00","NZD","1760000554","23477/2025-12-07/1760000554.json"
"510807","146155","2025-12-07","52.00","NZD","1760000554","23477/2025-12-07/1760000554.json"
"581513","221281","2025-10-12","36.00","NZD","1760018199","23477/2025-10-12/1760018199.json"
"581514","221282","2025-10-12","36.00","NZD","1760018199","23477/2025-10-12/1760018199.json"
"512557","146154","2025-10-12","45.00","NZD","1760018199","23477/2025-10-12/1760018199.json"
"365170","146153","2025-10-12","48.00","NZD","1760018199","23477/2025-10-12/1760018199.json"
"510807","146155","2025-10-12","52.00","NZD","1760018199","23477/2025-10-12/1760018199.json"
"581513","221281","2025-10-11","36.00","NZD","1760018199","23477/2025-10-11/1760018199.json"
"581514","221282","2025-10-11","36.00","NZD","1760018199","23477/2025-10-11/1760018199.json"
"512557","146154","2025-10-11","45.00","NZD","1760018199","23477/2025-10-11/1760018199.json"
"365170","146153","2025-10-11","48.00","NZD","1760018199","23477/2025-10-11/1760018199.json"
"510807","146155","2025-10-11","52.00","NZD","1760018199","23477/2025-10-11/1760018199.json"
"581513","221281","2025-10-10","36.00","NZD","1760018199","23477/2025-10-10/1760018199.json"
"581514","221282","2025-10-10","36.00","NZD","1760018199","23477/2025-10-10/1760018199.json"
"512557","146154","2025-10-10","45.00","NZD","1760018199","23477/2025-10-10/1760018199.json"
"365170","146153","2025-10-10","48.00","NZD","1760018199","23477/2025-10-10/1760018199.json"
"510807","146155","2025-10-10","52.00","NZD","1760018199","23477/2025-10-10/1760018199.json"
"581513","221281","2025-10-13","36.00","NZD","1760018199","23477/2025-10-13/1760018199.json"
"581514","221282","2025-10-13","36.00","NZD","1760018199","23477/2025-10-13/1760018199.json"
"512557","146154","2025-10-13","45.00","NZD","1760018199","23477/2025-10-13/1760018199.json"
"365170","146153","2025-10-13","48.00","NZD","1760018199","23477/2025-10-13/1760018199.json"
"510807","146155","2025-10-13","52.00","NZD","1760018199","23477/2025-10-13/1760018199.json"
"581513","221281","2025-10-15","36.00","NZD","1760018199","23477/2025-10-15/1760018199.json"
"581514","221282","2025-10-15","36.00","NZD","1760018199","23477/2025-10-15/1760018199.json"
"512557","146154","2025-10-15","45.00","NZD","1760018199","23477/2025-10-15/1760018199.json"
"365170","146153","2025-10-15","48.00","NZD","1760018199","23477/2025-10-15/1760018199.json"
"510807","146155","2025-10-15","52.00","NZD","1760018199","23477/2025-10-15/1760018199.json"
"581513","221281","2025-10-17","36.00","NZD","1760018199","23477/2025-10-17/1760018199.json"
"581514","221282","2025-10-17","36.00","NZD","1760018199","23477/2025-10-17/1760018199.json"
"512557","146154","2025-10-17","45.00","NZD","1760018199","23477/2025-10-17/1760018199.json"
"365170","146153","2025-10-17","48.00","NZD","1760018199","23477/2025-10-17/1760018199.json"
"510807","146155","2025-10-17","52.00","NZD","1760018199","23477/2025-10-17/1760018199.json"
"581513","221281","2025-10-14","36.00","NZD","1760018199","23477/2025-10-14/1760018199.json"
"581514","221282","2025-10-14","36.00","NZD","1760018199","23477/2025-10-14/1760018199.json"
"512557","146154","2025-10-14","45.00","NZD","1760018199","23477/2025-10-14/1760018199.json"
"365170","146153","2025-10-14","48.00","NZD","1760018199","23477/2025-10-14/1760018199.json"
"510807","146155","2025-10-14","52.00","NZD","1760018199","23477/2025-10-14/1760018199.json"
"581513","221281","2025-10-16","36.00","NZD","1760018199","23477/2025-10-16/1760018199.json"
"581514","221282","2025-10-16","36.00","NZD","1760018199","23477/2025-10-16/1760018199.json"
"512557","146154","2025-10-16","45.00","NZD","1760018199","23477/2025-10-16/1760018199.json"
"365170","146153","2025-10-16","48.00","NZD","1760018199","23477/2025-10-16/1760018199.json"
"510807","146155","2025-10-16","52.00","NZD","1760018199","23477/2025-10-16/1760018199.json"
"581513","221281","2025-10-18","36.00","NZD","1760018199","23477/2025-10-18/1760018199.json"
"581514","221282","2025-10-18","36.00","NZD","1760018199","23477/2025-10-18/1760018199.json"
"512557","146154","2025-10-18","45.00","NZD","1760018199","23477/2025-10-18/1760018199.json"
"365170","146153","2025-10-18","48.00","NZD","1760018199","23477/2025-10-18/1760018199.json"
"510807","146155","2025-10-18","52.00","NZD","1760018199","23477/2025-10-18/1760018199.json"
"581513","221281","2025-10-19","36.00","NZD","1760018199","23477/2025-10-19/1760018199.json"
"581514","221282","2025-10-19","36.00","NZD","1760018199","23477/2025-10-19/1760018199.json"
"512557","146154","2025-10-19","45.00","NZD","1760018199","23477/2025-10-19/1760018199.json"
"365170","146153","2025-10-19","48.00","NZD","1760018199","23477/2025-10-19/1760018199.json"
"510807","146155","2025-10-19","52.00","NZD","1760018199","23477/2025-10-19/1760018199.json"
"581513","221281","2025-10-20","36.00","NZD","1760018199","23477/2025-10-20/1760018199.json"
"581514","221282","2025-10-20","36.00","NZD","1760018199","23477/2025-10-20/1760018199.json"
"512557","146154","2025-10-20","45.00","NZD","1760018199","23477/2025-10-20/1760018199.json"
"365170","146153","2025-10-20","48.00","NZD","1760018199","23477/2025-10-20/1760018199.json"
"510807","146155","2025-10-20","52.00","NZD","1760018199","23477/2025-10-20/1760018199.json"
"581513","221281","2025-10-21","36.00","NZD","1760018199","23477/2025-10-21/1760018199.json"
"581514","221282","2025-10-21","36.00","NZD","1760018199","23477/2025-10-21/1760018199.json"
"512557","146154","2025-10-21","45.00","NZD","1760018199","23477/2025-10-21/1760018199.json"
"365170","146153","2025-10-21","48.00","NZD","1760018199","23477/2025-10-21/1760018199.json"
"510807","146155","2025-10-21","52.00","NZD","1760018199","23477/2025-10-21/1760018199.json"
"581513","221281","2025-10-22","36.00","NZD","1760018199","23477/2025-10-22/1760018199.json"
"581514","221282","2025-10-22","36.00","NZD","1760018199","23477/2025-10-22/1760018199.json"
"512557","146154","2025-10-22","45.00","NZD","1760018199","23477/2025-10-22/1760018199.json"
"365170","146153","2025-10-22","48.00","NZD","1760018199","23477/2025-10-22/1760018199.json"
"510807","146155","2025-10-22","52.00","NZD","1760018199","23477/2025-10-22/1760018199.json"
"581513","221281","2025-10-23","36.00","NZD","1760018199","23477/2025-10-23/1760018199.json"
"581514","221282","2025-10-23","36.00","NZD","1760018199","23477/2025-10-23/1760018199.json"
"512557","146154","2025-10-23","45.00","NZD","1760018199","23477/2025-10-23/1760018199.json"
"365170","146153","2025-10-23","48.00","NZD","1760018199","23477/2025-10-23/1760018199.json"
"510807","146155","2025-10-23","52.00","NZD","1760018199","23477/2025-10-23/1760018199.json"
"581513","221281","2025-10-24","36.00","NZD","1760018199","23477/2025-10-24/1760018199.json"
"581514","221282","2025-10-24","36.00","NZD","1760018199","23477/2025-10-24/1760018199.json"
"512557","146154","2025-10-24","45.00","NZD","1760018199","23477/2025-10-24/1760018199.json"
"365170","146153","2025-10-24","48.00","NZD","1760018199","23477/2025-10-24/1760018199.json"
"510807","146155","2025-10-24","52.00","NZD","1760018199","23477/2025-10-24/1760018199.json"
"581513","221281","2025-10-25","36.00","NZD","1760018199","23477/2025-10-25/1760018199.json"
"581514","221282","2025-10-25","36.00","NZD","1760018199","23477/2025-10-25/1760018199.json"
"512557","146154","2025-10-25","45.00","NZD","1760018199","23477/2025-10-25/1760018199.json"
"365170","146153","2025-10-25","48.00","NZD","1760018199","23477/2025-10-25/1760018199.json"
"510807","146155","2025-10-25","52.00","NZD","1760018199","23477/2025-10-25/1760018199.json"
"581513","221281","2025-10-27","36.00","NZD","1760018199","23477/2025-10-27/1760018199.json"
"581514","221282","2025-10-27","36.00","NZD","1760018199","23477/2025-10-27/1760018199.json"
"512557","146154","2025-10-27","45.00","NZD","1760018199","23477/2025-10-27/1760018199.json"
"365170","146153","2025-10-27","48.00","NZD","1760018199","23477/2025-10-27/1760018199.json"
"510807","146155","2025-10-27","52.00","NZD","1760018199","23477/2025-10-27/1760018199.json"
"581513","221281","2025-10-26","36.00","NZD","1760018199","23477/2025-10-26/1760018199.json"
"581514","221282","2025-10-26","36.00","NZD","1760018199","23477/2025-10-26/1760018199.json"
"512557","146154","2025-10-26","45.00","NZD","1760018199","23477/2025-10-26/1760018199.json"
"365170","146153","2025-10-26","48.00","NZD","1760018199","23477/2025-10-26/1760018199.json"
"510807","146155","2025-10-26","52.00","NZD","1760018199","23477/2025-10-26/1760018199.json"
"581513","221281","2025-10-29","36.00","NZD","1760018199","23477/2025-10-29/1760018199.json"
"581514","221282","2025-10-29","36.00","NZD","1760018199","23477/2025-10-29/1760018199.json"
"512557","146154","2025-10-29","45.00","NZD","1760018199","23477/2025-10-29/1760018199.json"
"365170","146153","2025-10-29","48.00","NZD","1760018199","23477/2025-10-29/1760018199.json"
"510807","146155","2025-10-29","52.00","NZD","1760018199","23477/2025-10-29/1760018199.json"
"581513","221281","2025-10-28","36.00","NZD","1760018199","23477/2025-10-28/1760018199.json"
"581514","221282","2025-10-28","36.00","NZD","1760018199","23477/2025-10-28/1760018199.json"
"512557","146154","2025-10-28","45.00","NZD","1760018199","23477/2025-10-28/1760018199.json"
"365170","146153","2025-10-28","48.00","NZD","1760018199","23477/2025-10-28/1760018199.json"
"510807","146155","2025-10-28","52.00","NZD","1760018199","23477/2025-10-28/1760018199.json"
"581513","221281","2025-10-30","36.00","NZD","1760018199","23477/2025-10-30/1760018199.json"
"581514","221282","2025-10-30","36.00","NZD","1760018199","23477/2025-10-30/1760018199.json"
"512557","146154","2025-10-30","45.00","NZD","1760018199","23477/2025-10-30/1760018199.json"
"365170","146153","2025-10-30","48.00","NZD","1760018199","23477/2025-10-30/1760018199.json"
"510807","146155","2025-10-30","52.00","NZD","1760018199","23477/2025-10-30/1760018199.json"
"581513","221281","2025-10-31","36.00","NZD","1760018199","23477/2025-10-31/1760018199.json"
"581514","221282","2025-10-31","36.00","NZD","1760018199","23477/2025-10-31/1760018199.json"
"512557","146154","2025-10-31","45.00","NZD","1760018199","23477/2025-10-31/1760018199.json"
"365170","146153","2025-10-31","48.00","NZD","1760018199","23477/2025-10-31/1760018199.json"
"510807","146155","2025-10-31","52.00","NZD","1760018199","23477/2025-10-31/1760018199.json"
"581513","221281","2025-11-02","36.00","NZD","1760018199","23477/2025-11-02/1760018199.json"
"581514","221282","2025-11-02","36.00","NZD","1760018199","23477/2025-11-02/1760018199.json"
"512557","146154","2025-11-02","45.00","NZD","1760018199","23477/2025-11-02/1760018199.json"
"365170","146153","2025-11-02","48.00","NZD","1760018199","23477/2025-11-02/1760018199.json"
"510807","146155","2025-11-02","52.00","NZD","1760018199","23477/2025-11-02/1760018199.json"
"581513","221281","2025-11-01","36.00","NZD","1760018199","23477/2025-11-01/1760018199.json"
"581514","221282","2025-11-01","36.00","NZD","1760018199","23477/2025-11-01/1760018199.json"
"512557","146154","2025-11-01","45.00","NZD","1760018199","23477/2025-11-01/1760018199.json"
"365170","146153","2025-11-01","48.00","NZD","1760018199","23477/2025-11-01/1760018199.json"
"510807","146155","2025-11-01","52.00","NZD","1760018199","23477/2025-11-01/1760018199.json"
"581513","221281","2025-11-04","36.00","NZD","1760018199","23477/2025-11-04/1760018199.json"
"581514","221282","2025-11-04","36.00","NZD","1760018199","23477/2025-11-04/1760018199.json"
"512557","146154","2025-11-04","45.00","NZD","1760018199","23477/2025-11-04/1760018199.json"
"365170","146153","2025-11-04","48.00","NZD","1760018199","23477/2025-11-04/1760018199.json"
"510807","146155","2025-11-04","52.00","NZD","1760018199","23477/2025-11-04/1760018199.json"
"581513","221281","2025-11-03","36.00","NZD","1760018199","23477/2025-11-03/1760018199.json"
"581514","221282","2025-11-03","36.00","NZD","1760018199","23477/2025-11-03/1760018199.json"
"512557","146154","2025-11-03","45.00","NZD","1760018199","23477/2025-11-03/1760018199.json"
"365170","146153","2025-11-03","48.00","NZD","1760018199","23477/2025-11-03/1760018199.json"
"510807","146155","2025-11-03","52.00","NZD","1760018199","23477/2025-11-03/1760018199.json"
"581513","221281","2025-11-06","36.00","NZD","1760018199","23477/2025-11-06/1760018199.json"
"581514","221282","2025-11-06","36.00","NZD","1760018199","23477/2025-11-06/1760018199.json"
"512557","146154","2025-11-06","45.00","NZD","1760018199","23477/2025-11-06/1760018199.json"
"365170","146153","2025-11-06","48.00","NZD","1760018199","23477/2025-11-06/1760018199.json"
"510807","146155","2025-11-06","52.00","NZD","1760018199","23477/2025-11-06/1760018199.json"
"581513","221281","2025-11-05","36.00","NZD","1760018199","23477/2025-11-05/1760018199.json"
"581514","221282","2025-11-05","36.00","NZD","1760018199","23477/2025-11-05/1760018199.json"
"512557","146154","2025-11-05","45.00","NZD","1760018199","23477/2025-11-05/1760018199.json"
"365170","146153","2025-11-05","48.00","NZD","1760018199","23477/2025-11-05/1760018199.json"
"510807","146155","2025-11-05","52.00","NZD","1760018199","23477/2025-11-05/1760018199.json"
"581513","221281","2025-11-07","36.00","NZD","1760018199","23477/2025-11-07/1760018199.json"
"581514","221282","2025-11-07","36.00","NZD","1760018199","23477/2025-11-07/1760018199.json"
"512557","146154","2025-11-07","45.00","NZD","1760018199","23477/2025-11-07/1760018199.json"
"365170","146153","2025-11-07","48.00","NZD","1760018199","23477/2025-11-07/1760018199.json"
"510807","146155","2025-11-07","52.00","NZD","1760018199","23477/2025-11-07/1760018199.json"
"581513","221281","2025-11-08","36.00","NZD","1760018199","23477/2025-11-08/1760018199.json"
"581514","221282","2025-11-08","36.00","NZD","1760018199","23477/2025-11-08/1760018199.json"
"512557","146154","2025-11-08","45.00","NZD","1760018199","23477/2025-11-08/1760018199.json"
"365170","146153","2025-11-08","48.00","NZD","1760018199","23477/2025-11-08/1760018199.json"
"510807","146155","2025-11-08","52.00","NZD","1760018199","23477/2025-11-08/1760018199.json"
"581513","221281","2025-11-09","36.00","NZD","1760018199","23477/2025-11-09/1760018199.json"
"581514","221282","2025-11-09","36.00","NZD","1760018199","23477/2025-11-09/1760018199.json"
"512557","146154","2025-11-09","45.00","NZD","1760018199","23477/2025-11-09/1760018199.json"
"365170","146153","2025-11-09","48.00","NZD","1760018199","23477/2025-11-09/1760018199.json"
"510807","146155","2025-11-09","52.00","NZD","1760018199","23477/2025-11-09/1760018199.json"
"581513","221281","2025-11-10","36.00","NZD","1760018199","23477/2025-11-10/1760018199.json"
"581514","221282","2025-11-10","36.00","NZD","1760018199","23477/2025-11-10/1760018199.json"
"512557","146154","2025-11-10","45.00","NZD","1760018199","23477/2025-11-10/1760018199.json"
"365170","146153","2025-11-10","48.00","NZD","1760018199","23477/2025-11-10/1760018199.json"
"510807","146155","2025-11-10","52.00","NZD","1760018199","23477/2025-11-10/1760018199.json"
"581513","221281","2025-11-12","36.00","NZD","1760018199","23477/2025-11-12/1760018199.json"
"581514","221282","2025-11-12","36.00","NZD","1760018199","23477/2025-11-12/1760018199.json"
"512557","146154","2025-11-12","45.00","NZD","1760018199","23477/2025-11-12/1760018199.json"
"365170","146153","2025-11-12","48.00","NZD","1760018199","23477/2025-11-12/1760018199.json"
"510807","146155","2025-11-12","52.00","NZD","1760018199","23477/2025-11-12/1760018199.json"
"581513","221281","2025-11-14","36.00","NZD","1760018199","23477/2025-11-14/1760018199.json"
"581514","221282","2025-11-14","36.00","NZD","1760018199","23477/2025-11-14/1760018199.json"
"512557","146154","2025-11-14","45.00","NZD","1760018199","23477/2025-11-14/1760018199.json"
"365170","146153","2025-11-14","48.00","NZD","1760018199","23477/2025-11-14/1760018199.json"
"510807","146155","2025-11-14","52.00","NZD","1760018199","23477/2025-11-14/1760018199.json"
"581513","221281","2025-11-11","36.00","NZD","1760018199","23477/2025-11-11/1760018199.json"
"581514","221282","2025-11-11","36.00","NZD","1760018199","23477/2025-11-11/1760018199.json"
"512557","146154","2025-11-11","45.00","NZD","1760018199","23477/2025-11-11/1760018199.json"
"365170","146153","2025-11-11","48.00","NZD","1760018199","23477/2025-11-11/1760018199.json"
"510807","146155","2025-11-11","52.00","NZD","1760018199","23477/2025-11-11/1760018199.json"
"581513","221281","2025-11-13","36.00","NZD","1760018199","23477/2025-11-13/1760018199.json"
"581514","221282","2025-11-13","36.00","NZD","1760018199","23477/2025-11-13/1760018199.json"
"512557","146154","2025-11-13","45.00","NZD","1760018199","23477/2025-11-13/1760018199.json"
"365170","146153","2025-11-13","48.00","NZD","1760018199","23477/2025-11-13/1760018199.json"
"510807","146155","2025-11-13","52.00","NZD","1760018199","23477/2025-11-13/1760018199.json"
"581513","221281","2025-11-15","36.00","NZD","1760018199","23477/2025-11-15/1760018199.json"
"581514","221282","2025-11-15","36.00","NZD","1760018199","23477/2025-11-15/1760018199.json"
"512557","146154","2025-11-15","45.00","NZD","1760018199","23477/2025-11-15/1760018199.json"
"365170","146153","2025-11-15","48.00","NZD","1760018199","23477/2025-11-15/1760018199.json"
"510807","146155","2025-11-15","52.00","NZD","1760018199","23477/2025-11-15/1760018199.json"
"581513","221281","2025-11-16","36.00","NZD","1760018199","23477/2025-11-16/1760018199.json"
"581514","221282","2025-11-16","36.00","NZD","1760018199","23477/2025-11-16/1760018199.json"
"512557","146154","2025-11-16","45.00","NZD","1760018199","23477/2025-11-16/1760018199.json"
"365170","146153","2025-11-16","48.00","NZD","1760018199","23477/2025-11-16/1760018199.json"
"510807","146155","2025-11-16","52.00","NZD","1760018199","23477/2025-11-16/1760018199.json"
"581513","221281","2025-11-18","36.00","NZD","1760018199","23477/2025-11-18/1760018199.json"
"581514","221282","2025-11-18","36.00","NZD","1760018199","23477/2025-11-18/1760018199.json"
"512557","146154","2025-11-18","45.00","NZD","1760018199","23477/2025-11-18/1760018199.json"
"365170","146153","2025-11-18","48.00","NZD","1760018199","23477/2025-11-18/1760018199.json"
"510807","146155","2025-11-18","52.00","NZD","1760018199","23477/2025-11-18/1760018199.json"
"581513","221281","2025-11-17","36.00","NZD","1760018199","23477/2025-11-17/1760018199.json"
"581514","221282","2025-11-17","36.00","NZD","1760018199","23477/2025-11-17/1760018199.json"
"512557","146154","2025-11-17","45.00","NZD","1760018199","23477/2025-11-17/1760018199.json"
"365170","146153","2025-11-17","48.00","NZD","1760018199","23477/2025-11-17/1760018199.json"
"510807","146155","2025-11-17","52.00","NZD","1760018199","23477/2025-11-17/1760018199.json"
"581513","221281","2025-11-19","36.00","NZD","1760018199","23477/2025-11-19/1760018199.json"
"581514","221282","2025-11-19","36.00","NZD","1760018199","23477/2025-11-19/1760018199.json"
"512557","146154","2025-11-19","45.00","NZD","1760018199","23477/2025-11-19/1760018199.json"
"365170","146153","2025-11-19","48.00","NZD","1760018199","23477/2025-11-19/1760018199.json"
"510807","146155","2025-11-19","52.00","NZD","1760018199","23477/2025-11-19/1760018199.json"
"581513","221281","2025-11-20","36.00","NZD","1760018199","23477/2025-11-20/1760018199.json"
"581514","221282","2025-11-20","36.00","NZD","1760018199","23477/2025-11-20/1760018199.json"
"512557","146154","2025-11-20","45.00","NZD","1760018199","23477/2025-11-20/1760018199.json"
"581513","221281","2025-11-22","36.00","NZD","1760018199","23477/2025-11-22/1760018199.json"
"581514","221282","2025-11-22","36.00","NZD","1760018199","23477/2025-11-22/1760018199.json"
"512557","146154","2025-11-22","45.00","NZD","1760018199","23477/2025-11-22/1760018199.json"
"365170","146153","2025-11-22","48.00","NZD","1760018199","23477/2025-11-22/1760018199.json"
"510807","146155","2025-11-22","52.00","NZD","1760018199","23477/2025-11-22/1760018199.json"
"581513","221281","2025-11-21","36.00","NZD","1760018199","23477/2025-11-21/1760018199.json"
"581514","221282","2025-11-21","36.00","NZD","1760018199","23477/2025-11-21/1760018199.json"
"512557","146154","2025-11-21","45.00","NZD","1760018199","23477/2025-11-21/1760018199.json"
"365170","146153","2025-11-21","48.00","NZD","1760018199","23477/2025-11-21/1760018199.json"
"510807","146155","2025-11-21","52.00","NZD","1760018199","23477/2025-11-21/1760018199.json"
"581513","221281","2025-11-23","36.00","NZD","1760018199","23477/2025-11-23/1760018199.json"
"581514","221282","2025-11-23","36.00","NZD","1760018199","23477/2025-11-23/1760018199.json"
"512557","146154","2025-11-23","45.00","NZD","1760018199","23477/2025-11-23/1760018199.json"
"365170","146153","2025-11-23","48.00","NZD","1760018199","23477/2025-11-23/1760018199.json"
"510807","146155","2025-11-23","52.00","NZD","1760018199","23477/2025-11-23/1760018199.json"
"581513","221281","2025-11-25","36.00","NZD","1760018199","23477/2025-11-25/1760018199.json"
"581514","221282","2025-11-25","36.00","NZD","1760018199","23477/2025-11-25/1760018199.json"
"512557","146154","2025-11-25","45.00","NZD","1760018199","23477/2025-11-25/1760018199.json"
"365170","146153","2025-11-25","48.00","NZD","1760018199","23477/2025-11-25/1760018199.json"
"510807","146155","2025-11-25","52.00","NZD","1760018199","23477/2025-11-25/1760018199.json"
"581513","221281","2025-11-24","36.00","NZD","1760018199","23477/2025-11-24/1760018199.json"
"581514","221282","2025-11-24","36.00","NZD","1760018199","23477/2025-11-24/1760018199.json"
"512557","146154","2025-11-24","45.00","NZD","1760018199","23477/2025-11-24/1760018199.json"
"365170","146153","2025-11-24","48.00","NZD","1760018199","23477/2025-11-24/1760018199.json"
"510807","146155","2025-11-24","52.00","NZD","1760018199","23477/2025-11-24/1760018199.json"
"581513","221281","2025-11-26","36.00","NZD","1760018199","23477/2025-11-26/1760018199.json"
"581514","221282","2025-11-26","36.00","NZD","1760018199","23477/2025-11-26/1760018199.json"
"512557","146154","2025-11-26","45.00","NZD","1760018199","23477/2025-11-26/1760018199.json"
"365170","146153","2025-11-26","48.00","NZD","1760018199","23477/2025-11-26/1760018199.json"
"510807","146155","2025-11-26","52.00","NZD","1760018199","23477/2025-11-26/1760018199.json"
"581513","221281","2025-11-27","36.00","NZD","1760018199","23477/2025-11-27/1760018199.json"
"581514","221282","2025-11-27","36.00","NZD","1760018199","23477/2025-11-27/1760018199.json"
"512557","146154","2025-11-27","45.00","NZD","1760018199","23477/2025-11-27/1760018199.json"
"365170","146153","2025-11-27","48.00","NZD","1760018199","23477/2025-11-27/1760018199.json"
"510807","146155","2025-11-27","52.00","NZD","1760018199","23477/2025-11-27/1760018199.json"
"581513","221281","2025-11-29","36.00","NZD","1760018199","23477/2025-11-29/1760018199.json"
"581514","221282","2025-11-29","36.00","NZD","1760018199","23477/2025-11-29/1760018199.json"
"512557","146154","2025-11-29","45.00","NZD","1760018199","23477/2025-11-29/1760018199.json"
"365170","146153","2025-11-29","48.00","NZD","1760018199","23477/2025-11-29/1760018199.json"
"510807","146155","2025-11-29","52.00","NZD","1760018199","23477/2025-11-29/1760018199.json"
"581513","221281","2025-11-30","36.00","NZD","1760018199","23477/2025-11-30/1760018199.json"
"581514","221282","2025-11-30","36.00","NZD","1760018199","23477/2025-11-30/1760018199.json"
"512557","146154","2025-11-30","45.00","NZD","1760018199","23477/2025-11-30/1760018199.json"
"365170","146153","2025-11-30","48.00","NZD","1760018199","23477/2025-11-30/1760018199.json"
"510807","146155","2025-11-30","52.00","NZD","1760018199","23477/2025-11-30/1760018199.json"
"581513","221281","2025-12-01","36.00","NZD","1760018199","23477/2025-12-01/1760018199.json"
"581514","221282","2025-12-01","36.00","NZD","1760018199","23477/2025-12-01/1760018199.json"
"512557","146154","2025-12-01","45.00","NZD","1760018199","23477/2025-12-01/1760018199.json"
"365170","146153","2025-12-01","48.00","NZD","1760018199","23477/2025-12-01/1760018199.json"
"510807","146155","2025-12-01","52.00","NZD","1760018199","23477/2025-12-01/1760018199.json"
"581513","221281","2025-12-02","36.00","NZD","1760018199","23477/2025-12-02/1760018199.json"
"581514","221282","2025-12-02","36.00","NZD","1760018199","23477/2025-12-02/1760018199.json"
"512557","146154","2025-12-02","45.00","NZD","1760018199","23477/2025-12-02/1760018199.json"
"365170","146153","2025-12-02","48.00","NZD","1760018199","23477/2025-12-02/1760018199.json"
"510807","146155","2025-12-02","52.00","NZD","1760018199","23477/2025-12-02/1760018199.json"
"581513","221281","2025-12-03","36.00","NZD","1760018199","23477/2025-12-03/1760018199.json"
"581514","221282","2025-12-03","36.00","NZD","1760018199","23477/2025-12-03/1760018199.json"
"512557","146154","2025-12-03","45.00","NZD","1760018199","23477/2025-12-03/1760018199.json"
"365170","146153","2025-12-03","48.00","NZD","1760018199","23477/2025-12-03/1760018199.json"
"510807","146155","2025-12-03","52.00","NZD","1760018199","23477/2025-12-03/1760018199.json"
"581513","221281","2025-11-28","36.00","NZD","1760018199","23477/2025-11-28/1760018199.json"
"581514","221282","2025-11-28","36.00","NZD","1760018199","23477/2025-11-28/1760018199.json"
"512557","146154","2025-11-28","45.00","NZD","1760018199","23477/2025-11-28/1760018199.json"
"365170","146153","2025-11-28","48.00","NZD","1760018199","23477/2025-11-28/1760018199.json"
"510807","146155","2025-11-28","52.00","NZD","1760018199","23477/2025-11-28/1760018199.json"
"581513","221281","2025-12-04","36.00","NZD","1760018199","23477/2025-12-04/1760018199.json"
"581514","221282","2025-12-04","36.00","NZD","1760018199","23477/2025-12-04/1760018199.json"
"512557","146154","2025-12-04","45.00","NZD","1760018199","23477/2025-12-04/1760018199.json"
"365170","146153","2025-12-04","48.00","NZD","1760018199","23477/2025-12-04/1760018199.json"
"510807","146155","2025-12-04","52.00","NZD","1760018199","23477/2025-12-04/1760018199.json"
"581513","221281","2025-12-05","36.00","NZD","1760018199","23477/2025-12-05/1760018199.json"
"581514","221282","2025-12-05","36.00","NZD","1760018199","23477/2025-12-05/1760018199.json"
"512557","146154","2025-12-05","45.00","NZD","1760018199","23477/2025-12-05/1760018199.json"
"365170","146153","2025-12-05","48.00","NZD","1760018199","23477/2025-12-05/1760018199.json"
"510807","146155","2025-12-05","52.00","NZD","1760018199","23477/2025-12-05/1760018199.json"
"581513","221281","2025-12-06","36.00","NZD","1760018199","23477/2025-12-06/1760018199.json"
"581514","221282","2025-12-06","36.00","NZD","1760018199","23477/2025-12-06/1760018199.json"
"512557","146154","2025-12-06","45.00","NZD","1760018199","23477/2025-12-06/1760018199.json"
"365170","146153","2025-12-06","48.00","NZD","1760018199","23477/2025-12-06/1760018199.json"
"510807","146155","2025-12-06","52.00","NZD","1760018199","23477/2025-12-06/1760018199.json"
"581513","221281","2025-12-07","36.00","NZD","1760018199","23477/2025-12-07/1760018199.json"
"581514","221282","2025-12-07","36.00","NZD","1760018199","23477/2025-12-07/1760018199.json"
"512557","146154","2025-12-07","45.00","NZD","1760018199","23477/2025-12-07/1760018199.json"
"365170","146153","2025-12-07","48.00","NZD","1760018199","23477/2025-12-07/1760018199.json"
"510807","146155","2025-12-07","52.00","NZD","1760018199","23477/2025-12-07/1760018199.json"
"581513","221281","2025-12-08","36.00","NZD","1760018199","23477/2025-12-08/1760018199.json"
"581514","221282","2025-12-08","36.00","NZD","1760018199","23477/2025-12-08/1760018199.json"
"512557","146154","2025-12-08","45.00","NZD","1760018199","23477/2025-12-08/1760018199.json"
"365170","146153","2025-12-08","48.00","NZD","1760018199","23477/2025-12-08/1760018199.json"
"510807","146155","2025-12-08","52.00","NZD","1760018199","23477/2025-12-08/1760018199.json"
"581513","221281","2025-10-10","36.00","NZD","1760029542","23477/2025-10-10/1760029542.json"
"581514","221282","2025-10-10","36.00","NZD","1760029542","23477/2025-10-10/1760029542.json"
"512557","146154","2025-10-10","45.00","NZD","1760029542","23477/2025-10-10/1760029542.json"
"365170","146153","2025-10-10","48.00","NZD","1760029542","23477/2025-10-10/1760029542.json"
"510807","146155","2025-10-10","52.00","NZD","1760029542","23477/2025-10-10/1760029542.json"
"581513","221281","2025-10-11","36.00","NZD","1760029542","23477/2025-10-11/1760029542.json"
"581514","221282","2025-10-11","36.00","NZD","1760029542","23477/2025-10-11/1760029542.json"
"512557","146154","2025-10-11","45.00","NZD","1760029542","23477/2025-10-11/1760029542.json"
"365170","146153","2025-10-11","48.00","NZD","1760029542","23477/2025-10-11/1760029542.json"
"510807","146155","2025-10-11","52.00","NZD","1760029542","23477/2025-10-11/1760029542.json"
"581513","221281","2025-10-12","36.00","NZD","1760029542","23477/2025-10-12/1760029542.json"
"581514","221282","2025-10-12","36.00","NZD","1760029542","23477/2025-10-12/1760029542.json"
"512557","146154","2025-10-12","45.00","NZD","1760029542","23477/2025-10-12/1760029542.json"
"365170","146153","2025-10-12","48.00","NZD","1760029542","23477/2025-10-12/1760029542.json"
"510807","146155","2025-10-12","52.00","NZD","1760029542","23477/2025-10-12/1760029542.json"
"581513","221281","2025-10-13","36.00","NZD","1760029542","23477/2025-10-13/1760029542.json"
"581514","221282","2025-10-13","36.00","NZD","1760029542","23477/2025-10-13/1760029542.json"
"512557","146154","2025-10-13","45.00","NZD","1760029542","23477/2025-10-13/1760029542.json"
"365170","146153","2025-10-13","48.00","NZD","1760029542","23477/2025-10-13/1760029542.json"
"510807","146155","2025-10-13","52.00","NZD","1760029542","23477/2025-10-13/1760029542.json"
"581513","221281","2025-10-14","36.00","NZD","1760029542","23477/2025-10-14/1760029542.json"
"581514","221282","2025-10-14","36.00","NZD","1760029542","23477/2025-10-14/1760029542.json"
"512557","146154","2025-10-14","45.00","NZD","1760029542","23477/2025-10-14/1760029542.json"
"365170","146153","2025-10-14","48.00","NZD","1760029542","23477/2025-10-14/1760029542.json"
"510807","146155","2025-10-14","52.00","NZD","1760029542","23477/2025-10-14/1760029542.json"
"581513","221281","2025-10-15","36.00","NZD","1760029542","23477/2025-10-15/1760029542.json"
"581514","221282","2025-10-15","36.00","NZD","1760029542","23477/2025-10-15/1760029542.json"
"512557","146154","2025-10-15","45.00","NZD","1760029542","23477/2025-10-15/1760029542.json"
"365170","146153","2025-10-15","48.00","NZD","1760029542","23477/2025-10-15/1760029542.json"
"510807","146155","2025-10-15","52.00","NZD","1760029542","23477/2025-10-15/1760029542.json"
"581513","221281","2025-10-17","36.00","NZD","1760029542","23477/2025-10-17/1760029542.json"
"581514","221282","2025-10-17","36.00","NZD","1760029542","23477/2025-10-17/1760029542.json"
"512557","146154","2025-10-17","45.00","NZD","1760029542","23477/2025-10-17/1760029542.json"
"365170","146153","2025-10-17","48.00","NZD","1760029542","23477/2025-10-17/1760029542.json"
"510807","146155","2025-10-17","52.00","NZD","1760029542","23477/2025-10-17/1760029542.json"
"581513","221281","2025-10-16","36.00","NZD","1760029542","23477/2025-10-16/1760029542.json"
"581514","221282","2025-10-16","36.00","NZD","1760029542","23477/2025-10-16/1760029542.json"
"512557","146154","2025-10-16","45.00","NZD","1760029542","23477/2025-10-16/1760029542.json"
"365170","146153","2025-10-16","48.00","NZD","1760029542","23477/2025-10-16/1760029542.json"
"510807","146155","2025-10-16","52.00","NZD","1760029542","23477/2025-10-16/1760029542.json"
"581513","221281","2025-10-19","36.00","NZD","1760029542","23477/2025-10-19/1760029542.json"
"581514","221282","2025-10-19","36.00","NZD","1760029542","23477/2025-10-19/1760029542.json"
"512557","146154","2025-10-19","45.00","NZD","1760029542","23477/2025-10-19/1760029542.json"
"365170","146153","2025-10-19","48.00","NZD","1760029542","23477/2025-10-19/1760029542.json"
"510807","146155","2025-10-19","52.00","NZD","1760029542","23477/2025-10-19/1760029542.json"
"581513","221281","2025-10-18","36.00","NZD","1760029542","23477/2025-10-18/1760029542.json"
"581514","221282","2025-10-18","36.00","NZD","1760029542","23477/2025-10-18/1760029542.json"
"512557","146154","2025-10-18","45.00","NZD","1760029542","23477/2025-10-18/1760029542.json"
"365170","146153","2025-10-18","48.00","NZD","1760029542","23477/2025-10-18/1760029542.json"
"510807","146155","2025-10-18","52.00","NZD","1760029542","23477/2025-10-18/1760029542.json"
"581513","221281","2025-10-20","36.00","NZD","1760029542","23477/2025-10-20/1760029542.json"
"581514","221282","2025-10-20","36.00","NZD","1760029542","23477/2025-10-20/1760029542.json"
"512557","146154","2025-10-20","45.00","NZD","1760029542","23477/2025-10-20/1760029542.json"
"365170","146153","2025-10-20","48.00","NZD","1760029542","23477/2025-10-20/1760029542.json"
"510807","146155","2025-10-20","52.00","NZD","1760029542","23477/2025-10-20/1760029542.json"
"581513","221281","2025-10-21","36.00","NZD","1760029542","23477/2025-10-21/1760029542.json"
"581514","221282","2025-10-21","36.00","NZD","1760029542","23477/2025-10-21/1760029542.json"
"512557","146154","2025-10-21","45.00","NZD","1760029542","23477/2025-10-21/1760029542.json"
"365170","146153","2025-10-21","48.00","NZD","1760029542","23477/2025-10-21/1760029542.json"
"510807","146155","2025-10-21","52.00","NZD","1760029542","23477/2025-10-21/1760029542.json"
"581513","221281","2025-10-23","36.00","NZD","1760029542","23477/2025-10-23/1760029542.json"
"581514","221282","2025-10-23","36.00","NZD","1760029542","23477/2025-10-23/1760029542.json"
"512557","146154","2025-10-23","45.00","NZD","1760029542","23477/2025-10-23/1760029542.json"
"365170","146153","2025-10-23","48.00","NZD","1760029542","23477/2025-10-23/1760029542.json"
"510807","146155","2025-10-23","52.00","NZD","1760029542","23477/2025-10-23/1760029542.json"
"581513","221281","2025-10-22","36.00","NZD","1760029542","23477/2025-10-22/1760029542.json"
"581514","221282","2025-10-22","36.00","NZD","1760029542","23477/2025-10-22/1760029542.json"
"512557","146154","2025-10-22","45.00","NZD","1760029542","23477/2025-10-22/1760029542.json"
"365170","146153","2025-10-22","48.00","NZD","1760029542","23477/2025-10-22/1760029542.json"
"510807","146155","2025-10-22","52.00","NZD","1760029542","23477/2025-10-22/1760029542.json"
"581513","221281","2025-10-24","36.00","NZD","1760029542","23477/2025-10-24/1760029542.json"
"581514","221282","2025-10-24","36.00","NZD","1760029542","23477/2025-10-24/1760029542.json"
"512557","146154","2025-10-24","45.00","NZD","1760029542","23477/2025-10-24/1760029542.json"
"365170","146153","2025-10-24","48.00","NZD","1760029542","23477/2025-10-24/1760029542.json"
"510807","146155","2025-10-24","52.00","NZD","1760029542","23477/2025-10-24/1760029542.json"
"581513","221281","2025-10-26","36.00","NZD","1760029542","23477/2025-10-26/1760029542.json"
"581514","221282","2025-10-26","36.00","NZD","1760029542","23477/2025-10-26/1760029542.json"
"512557","146154","2025-10-26","45.00","NZD","1760029542","23477/2025-10-26/1760029542.json"
"365170","146153","2025-10-26","48.00","NZD","1760029542","23477/2025-10-26/1760029542.json"
"510807","146155","2025-10-26","52.00","NZD","1760029542","23477/2025-10-26/1760029542.json"
"581513","221281","2025-10-25","36.00","NZD","1760029542","23477/2025-10-25/1760029542.json"
"581514","221282","2025-10-25","36.00","NZD","1760029542","23477/2025-10-25/1760029542.json"
"512557","146154","2025-10-25","45.00","NZD","1760029542","23477/2025-10-25/1760029542.json"
"365170","146153","2025-10-25","48.00","NZD","1760029542","23477/2025-10-25/1760029542.json"
"510807","146155","2025-10-25","52.00","NZD","1760029542","23477/2025-10-25/1760029542.json"
"581513","221281","2025-10-27","36.00","NZD","1760029542","23477/2025-10-27/1760029542.json"
"581514","221282","2025-10-27","36.00","NZD","1760029542","23477/2025-10-27/1760029542.json"
"512557","146154","2025-10-27","45.00","NZD","1760029542","23477/2025-10-27/1760029542.json"
"365170","146153","2025-10-27","48.00","NZD","1760029542","23477/2025-10-27/1760029542.json"
"510807","146155","2025-10-27","52.00","NZD","1760029542","23477/2025-10-27/1760029542.json"
"581513","221281","2025-10-28","36.00","NZD","1760029542","23477/2025-10-28/1760029542.json"
"581514","221282","2025-10-28","36.00","NZD","1760029542","23477/2025-10-28/1760029542.json"
"512557","146154","2025-10-28","45.00","NZD","1760029542","23477/2025-10-28/1760029542.json"
"365170","146153","2025-10-28","48.00","NZD","1760029542","23477/2025-10-28/1760029542.json"
"510807","146155","2025-10-28","52.00","NZD","1760029542","23477/2025-10-28/1760029542.json"
"581513","221281","2025-10-29","36.00","NZD","1760029542","23477/2025-10-29/1760029542.json"
"581514","221282","2025-10-29","36.00","NZD","1760029542","23477/2025-10-29/1760029542.json"
"512557","146154","2025-10-29","45.00","NZD","1760029542","23477/2025-10-29/1760029542.json"
"365170","146153","2025-10-29","48.00","NZD","1760029542","23477/2025-10-29/1760029542.json"
"510807","146155","2025-10-29","52.00","NZD","1760029542","23477/2025-10-29/1760029542.json"
"581513","221281","2025-10-30","36.00","NZD","1760029542","23477/2025-10-30/1760029542.json"
"581514","221282","2025-10-30","36.00","NZD","1760029542","23477/2025-10-30/1760029542.json"
"512557","146154","2025-10-30","45.00","NZD","1760029542","23477/2025-10-30/1760029542.json"
"365170","146153","2025-10-30","48.00","NZD","1760029542","23477/2025-10-30/1760029542.json"
"510807","146155","2025-10-30","52.00","NZD","1760029542","23477/2025-10-30/1760029542.json"
"581513","221281","2025-10-31","36.00","NZD","1760029542","23477/2025-10-31/1760029542.json"
"581514","221282","2025-10-31","36.00","NZD","1760029542","23477/2025-10-31/1760029542.json"
"512557","146154","2025-10-31","45.00","NZD","1760029542","23477/2025-10-31/1760029542.json"
"365170","146153","2025-10-31","48.00","NZD","1760029542","23477/2025-10-31/1760029542.json"
"510807","146155","2025-10-31","52.00","NZD","1760029542","23477/2025-10-31/1760029542.json"
"581513","221281","2025-11-01","36.00","NZD","1760029542","23477/2025-11-01/1760029542.json"
"581514","221282","2025-11-01","36.00","NZD","1760029542","23477/2025-11-01/1760029542.json"
"512557","146154","2025-11-01","45.00","NZD","1760029542","23477/2025-11-01/1760029542.json"
"365170","146153","2025-11-01","48.00","NZD","1760029542","23477/2025-11-01/1760029542.json"
"510807","146155","2025-11-01","52.00","NZD","1760029542","23477/2025-11-01/1760029542.json"
"581513","221281","2025-11-04","36.00","NZD","1760029542","23477/2025-11-04/1760029542.json"
"581514","221282","2025-11-04","36.00","NZD","1760029542","23477/2025-11-04/1760029542.json"
"512557","146154","2025-11-04","45.00","NZD","1760029542","23477/2025-11-04/1760029542.json"
"365170","146153","2025-11-04","48.00","NZD","1760029542","23477/2025-11-04/1760029542.json"
"510807","146155","2025-11-04","52.00","NZD","1760029542","23477/2025-11-04/1760029542.json"
"581513","221281","2025-11-02","36.00","NZD","1760029542","23477/2025-11-02/1760029542.json"
"581514","221282","2025-11-02","36.00","NZD","1760029542","23477/2025-11-02/1760029542.json"
"512557","146154","2025-11-02","45.00","NZD","1760029542","23477/2025-11-02/1760029542.json"
"365170","146153","2025-11-02","48.00","NZD","1760029542","23477/2025-11-02/1760029542.json"
"510807","146155","2025-11-02","52.00","NZD","1760029542","23477/2025-11-02/1760029542.json"
"581513","221281","2025-11-03","36.00","NZD","1760029542","23477/2025-11-03/1760029542.json"
"581514","221282","2025-11-03","36.00","NZD","1760029542","23477/2025-11-03/1760029542.json"
"512557","146154","2025-11-03","45.00","NZD","1760029542","23477/2025-11-03/1760029542.json"
"365170","146153","2025-11-03","48.00","NZD","1760029542","23477/2025-11-03/1760029542.json"
"510807","146155","2025-11-03","52.00","NZD","1760029542","23477/2025-11-03/1760029542.json"
"581513","221281","2025-11-05","36.00","NZD","1760029542","23477/2025-11-05/1760029542.json"
"581514","221282","2025-11-05","36.00","NZD","1760029542","23477/2025-11-05/1760029542.json"
"512557","146154","2025-11-05","45.00","NZD","1760029542","23477/2025-11-05/1760029542.json"
"365170","146153","2025-11-05","48.00","NZD","1760029542","23477/2025-11-05/1760029542.json"
"510807","146155","2025-11-05","52.00","NZD","1760029542","23477/2025-11-05/1760029542.json"
"581513","221281","2025-11-07","36.00","NZD","1760029542","23477/2025-11-07/1760029542.json"
"581514","221282","2025-11-07","36.00","NZD","1760029542","23477/2025-11-07/1760029542.json"
"512557","146154","2025-11-07","45.00","NZD","1760029542","23477/2025-11-07/1760029542.json"
"365170","146153","2025-11-07","48.00","NZD","1760029542","23477/2025-11-07/1760029542.json"
"510807","146155","2025-11-07","52.00","NZD","1760029542","23477/2025-11-07/1760029542.json"
"581513","221281","2025-11-06","36.00","NZD","1760029542","23477/2025-11-06/1760029542.json"
"581514","221282","2025-11-06","36.00","NZD","1760029542","23477/2025-11-06/1760029542.json"
"512557","146154","2025-11-06","45.00","NZD","1760029542","23477/2025-11-06/1760029542.json"
"365170","146153","2025-11-06","48.00","NZD","1760029542","23477/2025-11-06/1760029542.json"
"510807","146155","2025-11-06","52.00","NZD","1760029542","23477/2025-11-06/1760029542.json"
"581513","221281","2025-11-08","36.00","NZD","1760029542","23477/2025-11-08/1760029542.json"
"581514","221282","2025-11-08","36.00","NZD","1760029542","23477/2025-11-08/1760029542.json"
"512557","146154","2025-11-08","45.00","NZD","1760029542","23477/2025-11-08/1760029542.json"
"365170","146153","2025-11-08","48.00","NZD","1760029542","23477/2025-11-08/1760029542.json"
"510807","146155","2025-11-08","52.00","NZD","1760029542","23477/2025-11-08/1760029542.json"
"581513","221281","2025-11-09","36.00","NZD","1760029542","23477/2025-11-09/1760029542.json"
"581514","221282","2025-11-09","36.00","NZD","1760029542","23477/2025-11-09/1760029542.json"
"512557","146154","2025-11-09","45.00","NZD","1760029542","23477/2025-11-09/1760029542.json"
"365170","146153","2025-11-09","48.00","NZD","1760029542","23477/2025-11-09/1760029542.json"
"510807","146155","2025-11-09","52.00","NZD","1760029542","23477/2025-11-09/1760029542.json"
"581513","221281","2025-11-10","36.00","NZD","1760029542","23477/2025-11-10/1760029542.json"
"581514","221282","2025-11-10","36.00","NZD","1760029542","23477/2025-11-10/1760029542.json"
"512557","146154","2025-11-10","45.00","NZD","1760029542","23477/2025-11-10/1760029542.json"
"365170","146153","2025-11-10","48.00","NZD","1760029542","23477/2025-11-10/1760029542.json"
"510807","146155","2025-11-10","52.00","NZD","1760029542","23477/2025-11-10/1760029542.json"
"581513","221281","2025-11-11","36.00","NZD","1760029542","23477/2025-11-11/1760029542.json"
"581514","221282","2025-11-11","36.00","NZD","1760029542","23477/2025-11-11/1760029542.json"
"512557","146154","2025-11-11","45.00","NZD","1760029542","23477/2025-11-11/1760029542.json"
"365170","146153","2025-11-11","48.00","NZD","1760029542","23477/2025-11-11/1760029542.json"
"510807","146155","2025-11-11","52.00","NZD","1760029542","23477/2025-11-11/1760029542.json"
"581513","221281","2025-11-12","36.00","NZD","1760029542","23477/2025-11-12/1760029542.json"
"581514","221282","2025-11-12","36.00","NZD","1760029542","23477/2025-11-12/1760029542.json"
"512557","146154","2025-11-12","45.00","NZD","1760029542","23477/2025-11-12/1760029542.json"
"365170","146153","2025-11-12","48.00","NZD","1760029542","23477/2025-11-12/1760029542.json"
"510807","146155","2025-11-12","52.00","NZD","1760029542","23477/2025-11-12/1760029542.json"
"581513","221281","2025-11-14","36.00","NZD","1760029542","23477/2025-11-14/1760029542.json"
"581514","221282","2025-11-14","36.00","NZD","1760029542","23477/2025-11-14/1760029542.json"
"512557","146154","2025-11-14","45.00","NZD","1760029542","23477/2025-11-14/1760029542.json"
"365170","146153","2025-11-14","48.00","NZD","1760029542","23477/2025-11-14/1760029542.json"
"510807","146155","2025-11-14","52.00","NZD","1760029542","23477/2025-11-14/1760029542.json"
"581513","221281","2025-11-13","36.00","NZD","1760029542","23477/2025-11-13/1760029542.json"
"581514","221282","2025-11-13","36.00","NZD","1760029542","23477/2025-11-13/1760029542.json"
"512557","146154","2025-11-13","45.00","NZD","1760029542","23477/2025-11-13/1760029542.json"
"365170","146153","2025-11-13","48.00","NZD","1760029542","23477/2025-11-13/1760029542.json"
"510807","146155","2025-11-13","52.00","NZD","1760029542","23477/2025-11-13/1760029542.json"
"581513","221281","2025-11-15","36.00","NZD","1760029542","23477/2025-11-15/1760029542.json"
"581514","221282","2025-11-15","36.00","NZD","1760029542","23477/2025-11-15/1760029542.json"
"512557","146154","2025-11-15","45.00","NZD","1760029542","23477/2025-11-15/1760029542.json"
"365170","146153","2025-11-15","48.00","NZD","1760029542","23477/2025-11-15/1760029542.json"
"510807","146155","2025-11-15","52.00","NZD","1760029542","23477/2025-11-15/1760029542.json"
"581513","221281","2025-11-17","36.00","NZD","1760029542","23477/2025-11-17/1760029542.json"
"581514","221282","2025-11-17","36.00","NZD","1760029542","23477/2025-11-17/1760029542.json"
"512557","146154","2025-11-17","45.00","NZD","1760029542","23477/2025-11-17/1760029542.json"
"365170","146153","2025-11-17","48.00","NZD","1760029542","23477/2025-11-17/1760029542.json"
"510807","146155","2025-11-17","52.00","NZD","1760029542","23477/2025-11-17/1760029542.json"
"581513","221281","2025-11-16","36.00","NZD","1760029542","23477/2025-11-16/1760029542.json"
"581514","221282","2025-11-16","36.00","NZD","1760029542","23477/2025-11-16/1760029542.json"
"512557","146154","2025-11-16","45.00","NZD","1760029542","23477/2025-11-16/1760029542.json"
"365170","146153","2025-11-16","48.00","NZD","1760029542","23477/2025-11-16/1760029542.json"
"510807","146155","2025-11-16","52.00","NZD","1760029542","23477/2025-11-16/1760029542.json"
"581513","221281","2025-11-18","36.00","NZD","1760029542","23477/2025-11-18/1760029542.json"
"581514","221282","2025-11-18","36.00","NZD","1760029542","23477/2025-11-18/1760029542.json"
"512557","146154","2025-11-18","45.00","NZD","1760029542","23477/2025-11-18/1760029542.json"
"365170","146153","2025-11-18","48.00","NZD","1760029542","23477/2025-11-18/1760029542.json"
"510807","146155","2025-11-18","52.00","NZD","1760029542","23477/2025-11-18/1760029542.json"
"581513","221281","2025-11-21","36.00","NZD","1760029542","23477/2025-11-21/1760029542.json"
"581514","221282","2025-11-21","36.00","NZD","1760029542","23477/2025-11-21/1760029542.json"
"512557","146154","2025-11-21","45.00","NZD","1760029542","23477/2025-11-21/1760029542.json"
"365170","146153","2025-11-21","48.00","NZD","1760029542","23477/2025-11-21/1760029542.json"
"510807","146155","2025-11-21","52.00","NZD","1760029542","23477/2025-11-21/1760029542.json"
"581513","221281","2025-11-19","36.00","NZD","1760029542","23477/2025-11-19/1760029542.json"
"581514","221282","2025-11-19","36.00","NZD","1760029542","23477/2025-11-19/1760029542.json"
"512557","146154","2025-11-19","45.00","NZD","1760029542","23477/2025-11-19/1760029542.json"
"365170","146153","2025-11-19","48.00","NZD","1760029542","23477/2025-11-19/1760029542.json"
"510807","146155","2025-11-19","52.00","NZD","1760029542","23477/2025-11-19/1760029542.json"
"581513","221281","2025-11-22","36.00","NZD","1760029542","23477/2025-11-22/1760029542.json"
"581514","221282","2025-11-22","36.00","NZD","1760029542","23477/2025-11-22/1760029542.json"
"512557","146154","2025-11-22","45.00","NZD","1760029542","23477/2025-11-22/1760029542.json"
"365170","146153","2025-11-22","48.00","NZD","1760029542","23477/2025-11-22/1760029542.json"
"510807","146155","2025-11-22","52.00","NZD","1760029542","23477/2025-11-22/1760029542.json"
"581513","221281","2025-11-20","36.00","NZD","1760029542","23477/2025-11-20/1760029542.json"
"581514","221282","2025-11-20","36.00","NZD","1760029542","23477/2025-11-20/1760029542.json"
"512557","146154","2025-11-20","45.00","NZD","1760029542","23477/2025-11-20/1760029542.json"
"581513","221281","2025-11-24","36.00","NZD","1760029542","23477/2025-11-24/1760029542.json"
"581514","221282","2025-11-24","36.00","NZD","1760029542","23477/2025-11-24/1760029542.json"
"512557","146154","2025-11-24","45.00","NZD","1760029542","23477/2025-11-24/1760029542.json"
"365170","146153","2025-11-24","48.00","NZD","1760029542","23477/2025-11-24/1760029542.json"
"510807","146155","2025-11-24","52.00","NZD","1760029542","23477/2025-11-24/1760029542.json"
"581513","221281","2025-11-23","36.00","NZD","1760029542","23477/2025-11-23/1760029542.json"
"581514","221282","2025-11-23","36.00","NZD","1760029542","23477/2025-11-23/1760029542.json"
"512557","146154","2025-11-23","45.00","NZD","1760029542","23477/2025-11-23/1760029542.json"
"365170","146153","2025-11-23","48.00","NZD","1760029542","23477/2025-11-23/1760029542.json"
"510807","146155","2025-11-23","52.00","NZD","1760029542","23477/2025-11-23/1760029542.json"
"581513","221281","2025-11-25","36.00","NZD","1760029542","23477/2025-11-25/1760029542.json"
"581514","221282","2025-11-25","36.00","NZD","1760029542","23477/2025-11-25/1760029542.json"
"512557","146154","2025-11-25","45.00","NZD","1760029542","23477/2025-11-25/1760029542.json"
"365170","146153","2025-11-25","48.00","NZD","1760029542","23477/2025-11-25/1760029542.json"
"510807","146155","2025-11-25","52.00","NZD","1760029542","23477/2025-11-25/1760029542.json"
"581513","221281","2025-11-26","36.00","NZD","1760029542","23477/2025-11-26/1760029542.json"
"581514","221282","2025-11-26","36.00","NZD","1760029542","23477/2025-11-26/1760029542.json"
"512557","146154","2025-11-26","45.00","NZD","1760029542","23477/2025-11-26/1760029542.json"
"365170","146153","2025-11-26","48.00","NZD","1760029542","23477/2025-11-26/1760029542.json"
"510807","146155","2025-11-26","52.00","NZD","1760029542","23477/2025-11-26/1760029542.json"
"581513","221281","2025-11-28","36.00","NZD","1760029542","23477/2025-11-28/1760029542.json"
"581514","221282","2025-11-28","36.00","NZD","1760029542","23477/2025-11-28/1760029542.json"
"512557","146154","2025-11-28","45.00","NZD","1760029542","23477/2025-11-28/1760029542.json"
"365170","146153","2025-11-28","48.00","NZD","1760029542","23477/2025-11-28/1760029542.json"
"510807","146155","2025-11-28","52.00","NZD","1760029542","23477/2025-11-28/1760029542.json"
"581513","221281","2025-11-27","36.00","NZD","1760029542","23477/2025-11-27/1760029542.json"
"581514","221282","2025-11-27","36.00","NZD","1760029542","23477/2025-11-27/1760029542.json"
"512557","146154","2025-11-27","45.00","NZD","1760029542","23477/2025-11-27/1760029542.json"
"365170","146153","2025-11-27","48.00","NZD","1760029542","23477/2025-11-27/1760029542.json"
"510807","146155","2025-11-27","52.00","NZD","1760029542","23477/2025-11-27/1760029542.json"
"581513","221281","2025-11-29","36.00","NZD","1760029542","23477/2025-11-29/1760029542.json"
"581514","221282","2025-11-29","36.00","NZD","1760029542","23477/2025-11-29/1760029542.json"
"512557","146154","2025-11-29","45.00","NZD","1760029542","23477/2025-11-29/1760029542.json"
"365170","146153","2025-11-29","48.00","NZD","1760029542","23477/2025-11-29/1760029542.json"
"510807","146155","2025-11-29","52.00","NZD","1760029542","23477/2025-11-29/1760029542.json"
"581513","221281","2025-11-30","36.00","NZD","1760029542","23477/2025-11-30/1760029542.json"
"581514","221282","2025-11-30","36.00","NZD","1760029542","23477/2025-11-30/1760029542.json"
"512557","146154","2025-11-30","45.00","NZD","1760029542","23477/2025-11-30/1760029542.json"
"365170","146153","2025-11-30","48.00","NZD","1760029542","23477/2025-11-30/1760029542.json"
"510807","146155","2025-11-30","52.00","NZD","1760029542","23477/2025-11-30/1760029542.json"
"581513","221281","2025-12-01","36.00","NZD","1760029542","23477/2025-12-01/1760029542.json"
"581514","221282","2025-12-01","36.00","NZD","1760029542","23477/2025-12-01/1760029542.json"
"512557","146154","2025-12-01","45.00","NZD","1760029542","23477/2025-12-01/1760029542.json"
"365170","146153","2025-12-01","48.00","NZD","1760029542","23477/2025-12-01/1760029542.json"
"510807","146155","2025-12-01","52.00","NZD","1760029542","23477/2025-12-01/1760029542.json"
"581513","221281","2025-12-02","36.00","NZD","1760029542","23477/2025-12-02/1760029542.json"
"581514","221282","2025-12-02","36.00","NZD","1760029542","23477/2025-12-02/1760029542.json"
"512557","146154","2025-12-02","45.00","NZD","1760029542","23477/2025-12-02/1760029542.json"
"365170","146153","2025-12-02","48.00","NZD","1760029542","23477/2025-12-02/1760029542.json"
"510807","146155","2025-12-02","52.00","NZD","1760029542","23477/2025-12-02/1760029542.json"
"581513","221281","2025-12-04","36.00","NZD","1760029542","23477/2025-12-04/1760029542.json"
"581514","221282","2025-12-04","36.00","NZD","1760029542","23477/2025-12-04/1760029542.json"
"512557","146154","2025-12-04","45.00","NZD","1760029542","23477/2025-12-04/1760029542.json"
"365170","146153","2025-12-04","48.00","NZD","1760029542","23477/2025-12-04/1760029542.json"
"510807","146155","2025-12-04","52.00","NZD","1760029542","23477/2025-12-04/1760029542.json"
"581513","221281","2025-12-03","36.00","NZD","1760029542","23477/2025-12-03/1760029542.json"
"581514","221282","2025-12-03","36.00","NZD","1760029542","23477/2025-12-03/1760029542.json"
"512557","146154","2025-12-03","45.00","NZD","1760029542","23477/2025-12-03/1760029542.json"
"365170","146153","2025-12-03","48.00","NZD","1760029542","23477/2025-12-03/1760029542.json"
"510807","146155","2025-12-03","52.00","NZD","1760029542","23477/2025-12-03/1760029542.json"
"581513","221281","2025-12-05","36.00","NZD","1760029542","23477/2025-12-05/1760029542.json"
"581514","221282","2025-12-05","36.00","NZD","1760029542","23477/2025-12-05/1760029542.json"
"512557","146154","2025-12-05","45.00","NZD","1760029542","23477/2025-12-05/1760029542.json"
"365170","146153","2025-12-05","48.00","NZD","1760029542","23477/2025-12-05/1760029542.json"
"510807","146155","2025-12-05","52.00","NZD","1760029542","23477/2025-12-05/1760029542.json"
"581513","221281","2025-12-06","36.00","NZD","1760029542","23477/2025-12-06/1760029542.json"
"581514","221282","2025-12-06","36.00","NZD","1760029542","23477/2025-12-06/1760029542.json"
"512557","146154","2025-12-06","45.00","NZD","1760029542","23477/2025-12-06/1760029542.json"
"365170","146153","2025-12-06","48.00","NZD","1760029542","23477/2025-12-06/1760029542.json"
"510807","146155","2025-12-06","52.00","NZD","1760029542","23477/2025-12-06/1760029542.json"
"581513","221281","2025-12-08","36.00","NZD","1760029542","23477/2025-12-08/1760029542.json"
"581514","221282","2025-12-08","36.00","NZD","1760029542","23477/2025-12-08/1760029542.json"
"512557","146154","2025-12-08","45.00","NZD","1760029542","23477/2025-12-08/1760029542.json"
"365170","146153","2025-12-08","48.00","NZD","1760029542","23477/2025-12-08/1760029542.json"
"510807","146155","2025-12-08","52.00","NZD","1760029542","23477/2025-12-08/1760029542.json"
"581513","221281","2025-12-07","36.00","NZD","1760029542","23477/2025-12-07/1760029542.json"
"581514","221282","2025-12-07","36.00","NZD","1760029542","23477/2025-12-07/1760029542.json"
"512557","146154","2025-12-07","45.00","NZD","1760029542","23477/2025-12-07/1760029542.json"
"365170","146153","2025-12-07","48.00","NZD","1760029542","23477/2025-12-07/1760029542.json"
"510807","146155","2025-12-07","52.00","NZD","1760029542","23477/2025-12-07/1760029542.json"
"581513","221281","2025-10-12","36.00","NZD","1760043084","23477/2025-10-12/1760043084.json"
"581514","221282","2025-10-12","36.00","NZD","1760043084","23477/2025-10-12/1760043084.json"
"512557","146154","2025-10-12","45.00","NZD","1760043084","23477/2025-10-12/1760043084.json"
"365170","146153","2025-10-12","48.00","NZD","1760043084","23477/2025-10-12/1760043084.json"
"510807","146155","2025-10-12","52.00","NZD","1760043084","23477/2025-10-12/1760043084.json"
"581513","221281","2025-10-11","36.00","NZD","1760043084","23477/2025-10-11/1760043084.json"
"581514","221282","2025-10-11","36.00","NZD","1760043084","23477/2025-10-11/1760043084.json"
"512557","146154","2025-10-11","45.00","NZD","1760043084","23477/2025-10-11/1760043084.json"
"365170","146153","2025-10-11","48.00","NZD","1760043084","23477/2025-10-11/1760043084.json"
"510807","146155","2025-10-11","52.00","NZD","1760043084","23477/2025-10-11/1760043084.json"
"581513","221281","2025-10-10","36.00","NZD","1760043084","23477/2025-10-10/1760043084.json"
"581514","221282","2025-10-10","36.00","NZD","1760043084","23477/2025-10-10/1760043084.json"
"512557","146154","2025-10-10","45.00","NZD","1760043084","23477/2025-10-10/1760043084.json"
"365170","146153","2025-10-10","48.00","NZD","1760043084","23477/2025-10-10/1760043084.json"
"510807","146155","2025-10-10","52.00","NZD","1760043084","23477/2025-10-10/1760043084.json"
"581513","221281","2025-10-13","36.00","NZD","1760043084","23477/2025-10-13/1760043084.json"
"581514","221282","2025-10-13","36.00","NZD","1760043084","23477/2025-10-13/1760043084.json"
"512557","146154","2025-10-13","45.00","NZD","1760043084","23477/2025-10-13/1760043084.json"
"365170","146153","2025-10-13","48.00","NZD","1760043084","23477/2025-10-13/1760043084.json"
"510807","146155","2025-10-13","52.00","NZD","1760043084","23477/2025-10-13/1760043084.json"
"581513","221281","2025-10-14","36.00","NZD","1760043084","23477/2025-10-14/1760043084.json"
"581514","221282","2025-10-14","36.00","NZD","1760043084","23477/2025-10-14/1760043084.json"
"512557","146154","2025-10-14","45.00","NZD","1760043084","23477/2025-10-14/1760043084.json"
"365170","146153","2025-10-14","48.00","NZD","1760043084","23477/2025-10-14/1760043084.json"
"510807","146155","2025-10-14","52.00","NZD","1760043084","23477/2025-10-14/1760043084.json"
"581513","221281","2025-10-16","36.00","NZD","1760043084","23477/2025-10-16/1760043084.json"
"581514","221282","2025-10-16","36.00","NZD","1760043084","23477/2025-10-16/1760043084.json"
"512557","146154","2025-10-16","45.00","NZD","1760043084","23477/2025-10-16/1760043084.json"
"365170","146153","2025-10-16","48.00","NZD","1760043084","23477/2025-10-16/1760043084.json"
"510807","146155","2025-10-16","52.00","NZD","1760043084","23477/2025-10-16/1760043084.json"
"581513","221281","2025-10-15","36.00","NZD","1760043084","23477/2025-10-15/1760043084.json"
"581514","221282","2025-10-15","36.00","NZD","1760043084","23477/2025-10-15/1760043084.json"
"512557","146154","2025-10-15","45.00","NZD","1760043084","23477/2025-10-15/1760043084.json"
"365170","146153","2025-10-15","48.00","NZD","1760043084","23477/2025-10-15/1760043084.json"
"510807","146155","2025-10-15","52.00","NZD","1760043084","23477/2025-10-15/1760043084.json"
"581513","221281","2025-10-17","36.00","NZD","1760043084","23477/2025-10-17/1760043084.json"
"581514","221282","2025-10-17","36.00","NZD","1760043084","23477/2025-10-17/1760043084.json"
"512557","146154","2025-10-17","45.00","NZD","1760043084","23477/2025-10-17/1760043084.json"
"365170","146153","2025-10-17","48.00","NZD","1760043084","23477/2025-10-17/1760043084.json"
"510807","146155","2025-10-17","52.00","NZD","1760043084","23477/2025-10-17/1760043084.json"
"581513","221281","2025-10-18","36.00","NZD","1760043084","23477/2025-10-18/1760043084.json"
"581514","221282","2025-10-18","36.00","NZD","1760043084","23477/2025-10-18/1760043084.json"
"512557","146154","2025-10-18","45.00","NZD","1760043084","23477/2025-10-18/1760043084.json"
"365170","146153","2025-10-18","48.00","NZD","1760043084","23477/2025-10-18/1760043084.json"
"510807","146155","2025-10-18","52.00","NZD","1760043084","23477/2025-10-18/1760043084.json"
"581513","221281","2025-10-20","36.00","NZD","1760043084","23477/2025-10-20/1760043084.json"
"581514","221282","2025-10-20","36.00","NZD","1760043084","23477/2025-10-20/1760043084.json"
"512557","146154","2025-10-20","45.00","NZD","1760043084","23477/2025-10-20/1760043084.json"
"365170","146153","2025-10-20","48.00","NZD","1760043084","23477/2025-10-20/1760043084.json"
"510807","146155","2025-10-20","52.00","NZD","1760043084","23477/2025-10-20/1760043084.json"
"581513","221281","2025-10-19","36.00","NZD","1760043084","23477/2025-10-19/1760043084.json"
"581514","221282","2025-10-19","36.00","NZD","1760043084","23477/2025-10-19/1760043084.json"
"512557","146154","2025-10-19","45.00","NZD","1760043084","23477/2025-10-19/1760043084.json"
"365170","146153","2025-10-19","48.00","NZD","1760043084","23477/2025-10-19/1760043084.json"
"510807","146155","2025-10-19","52.00","NZD","1760043084","23477/2025-10-19/1760043084.json"
"581513","221281","2025-10-21","36.00","NZD","1760043084","23477/2025-10-21/1760043084.json"
"581514","221282","2025-10-21","36.00","NZD","1760043084","23477/2025-10-21/1760043084.json"
"512557","146154","2025-10-21","45.00","NZD","1760043084","23477/2025-10-21/1760043084.json"
"365170","146153","2025-10-21","48.00","NZD","1760043084","23477/2025-10-21/1760043084.json"
"510807","146155","2025-10-21","52.00","NZD","1760043084","23477/2025-10-21/1760043084.json"
"581513","221281","2025-10-22","36.00","NZD","1760043084","23477/2025-10-22/1760043084.json"
"581514","221282","2025-10-22","36.00","NZD","1760043084","23477/2025-10-22/1760043084.json"
"512557","146154","2025-10-22","45.00","NZD","1760043084","23477/2025-10-22/1760043084.json"
"365170","146153","2025-10-22","48.00","NZD","1760043084","23477/2025-10-22/1760043084.json"
"510807","146155","2025-10-22","52.00","NZD","1760043084","23477/2025-10-22/1760043084.json"
"581513","221281","2025-10-23","36.00","NZD","1760043084","23477/2025-10-23/1760043084.json"
"581514","221282","2025-10-23","36.00","NZD","1760043084","23477/2025-10-23/1760043084.json"
"512557","146154","2025-10-23","45.00","NZD","1760043084","23477/2025-10-23/1760043084.json"
"365170","146153","2025-10-23","48.00","NZD","1760043084","23477/2025-10-23/1760043084.json"
"510807","146155","2025-10-23","52.00","NZD","1760043084","23477/2025-10-23/1760043084.json"
"581513","221281","2025-10-24","36.00","NZD","1760043084","23477/2025-10-24/1760043084.json"
"581514","221282","2025-10-24","36.00","NZD","1760043084","23477/2025-10-24/1760043084.json"
"512557","146154","2025-10-24","45.00","NZD","1760043084","23477/2025-10-24/1760043084.json"
"365170","146153","2025-10-24","48.00","NZD","1760043084","23477/2025-10-24/1760043084.json"
"510807","146155","2025-10-24","52.00","NZD","1760043084","23477/2025-10-24/1760043084.json"
"581513","221281","2025-10-25","36.00","NZD","1760043084","23477/2025-10-25/1760043084.json"
"581514","221282","2025-10-25","36.00","NZD","1760043084","23477/2025-10-25/1760043084.json"
"512557","146154","2025-10-25","45.00","NZD","1760043084","23477/2025-10-25/1760043084.json"
"365170","146153","2025-10-25","48.00","NZD","1760043084","23477/2025-10-25/1760043084.json"
"510807","146155","2025-10-25","52.00","NZD","1760043084","23477/2025-10-25/1760043084.json"
"581513","221281","2025-10-26","36.00","NZD","1760043084","23477/2025-10-26/1760043084.json"
"581514","221282","2025-10-26","36.00","NZD","1760043084","23477/2025-10-26/1760043084.json"
"512557","146154","2025-10-26","45.00","NZD","1760043084","23477/2025-10-26/1760043084.json"
"365170","146153","2025-10-26","48.00","NZD","1760043084","23477/2025-10-26/1760043084.json"
"510807","146155","2025-10-26","52.00","NZD","1760043084","23477/2025-10-26/1760043084.json"
"581513","221281","2025-10-29","36.00","NZD","1760043084","23477/2025-10-29/1760043084.json"
"581514","221282","2025-10-29","36.00","NZD","1760043084","23477/2025-10-29/1760043084.json"
"512557","146154","2025-10-29","45.00","NZD","1760043084","23477/2025-10-29/1760043084.json"
"365170","146153","2025-10-29","48.00","NZD","1760043084","23477/2025-10-29/1760043084.json"
"510807","146155","2025-10-29","52.00","NZD","1760043084","23477/2025-10-29/1760043084.json"
"581513","221281","2025-10-27","36.00","NZD","1760043084","23477/2025-10-27/1760043084.json"
"581514","221282","2025-10-27","36.00","NZD","1760043084","23477/2025-10-27/1760043084.json"
"512557","146154","2025-10-27","45.00","NZD","1760043084","23477/2025-10-27/1760043084.json"
"365170","146153","2025-10-27","48.00","NZD","1760043084","23477/2025-10-27/1760043084.json"
"510807","146155","2025-10-27","52.00","NZD","1760043084","23477/2025-10-27/1760043084.json"
"581513","221281","2025-10-28","36.00","NZD","1760043084","23477/2025-10-28/1760043084.json"
"581514","221282","2025-10-28","36.00","NZD","1760043084","23477/2025-10-28/1760043084.json"
"512557","146154","2025-10-28","45.00","NZD","1760043084","23477/2025-10-28/1760043084.json"
"365170","146153","2025-10-28","48.00","NZD","1760043084","23477/2025-10-28/1760043084.json"
"510807","146155","2025-10-28","52.00","NZD","1760043084","23477/2025-10-28/1760043084.json"
"581513","221281","2025-10-30","36.00","NZD","1760043084","23477/2025-10-30/1760043084.json"
"581514","221282","2025-10-30","36.00","NZD","1760043084","23477/2025-10-30/1760043084.json"
"512557","146154","2025-10-30","45.00","NZD","1760043084","23477/2025-10-30/1760043084.json"
"365170","146153","2025-10-30","48.00","NZD","1760043084","23477/2025-10-30/1760043084.json"
"510807","146155","2025-10-30","52.00","NZD","1760043084","23477/2025-10-30/1760043084.json"
"581513","221281","2025-10-31","36.00","NZD","1760043084","23477/2025-10-31/1760043084.json"
"581514","221282","2025-10-31","36.00","NZD","1760043084","23477/2025-10-31/1760043084.json"
"512557","146154","2025-10-31","45.00","NZD","1760043084","23477/2025-10-31/1760043084.json"
"365170","146153","2025-10-31","48.00","NZD","1760043084","23477/2025-10-31/1760043084.json"
"510807","146155","2025-10-31","52.00","NZD","1760043084","23477/2025-10-31/1760043084.json"
"581513","221281","2025-11-01","36.00","NZD","1760043084","23477/2025-11-01/1760043084.json"
"581514","221282","2025-11-01","36.00","NZD","1760043084","23477/2025-11-01/1760043084.json"
"512557","146154","2025-11-01","45.00","NZD","1760043084","23477/2025-11-01/1760043084.json"
"365170","146153","2025-11-01","48.00","NZD","1760043084","23477/2025-11-01/1760043084.json"
"510807","146155","2025-11-01","52.00","NZD","1760043084","23477/2025-11-01/1760043084.json"
"581513","221281","2025-11-02","36.00","NZD","1760043084","23477/2025-11-02/1760043084.json"
"581514","221282","2025-11-02","36.00","NZD","1760043084","23477/2025-11-02/1760043084.json"
"512557","146154","2025-11-02","45.00","NZD","1760043084","23477/2025-11-02/1760043084.json"
"365170","146153","2025-11-02","48.00","NZD","1760043084","23477/2025-11-02/1760043084.json"
"510807","146155","2025-11-02","52.00","NZD","1760043084","23477/2025-11-02/1760043084.json"
"581513","221281","2025-11-04","36.00","NZD","1760043084","23477/2025-11-04/1760043084.json"
"581513","221281","2025-11-03","36.00","NZD","1760043084","23477/2025-11-03/1760043084.json"
"581514","221282","2025-11-03","36.00","NZD","1760043084","23477/2025-11-03/1760043084.json"
"581514","221282","2025-11-04","36.00","NZD","1760043084","23477/2025-11-04/1760043084.json"
"512557","146154","2025-11-03","45.00","NZD","1760043084","23477/2025-11-03/1760043084.json"
"512557","146154","2025-11-04","45.00","NZD","1760043084","23477/2025-11-04/1760043084.json"
"365170","146153","2025-11-03","48.00","NZD","1760043084","23477/2025-11-03/1760043084.json"
"510807","146155","2025-11-03","52.00","NZD","1760043084","23477/2025-11-03/1760043084.json"
"365170","146153","2025-11-04","48.00","NZD","1760043084","23477/2025-11-04/1760043084.json"
"510807","146155","2025-11-04","52.00","NZD","1760043084","23477/2025-11-04/1760043084.json"
"581513","221281","2025-11-05","36.00","NZD","1760043084","23477/2025-11-05/1760043084.json"
"581514","221282","2025-11-05","36.00","NZD","1760043084","23477/2025-11-05/1760043084.json"
"512557","146154","2025-11-05","45.00","NZD","1760043084","23477/2025-11-05/1760043084.json"
"365170","146153","2025-11-05","48.00","NZD","1760043084","23477/2025-11-05/1760043084.json"
"510807","146155","2025-11-05","52.00","NZD","1760043084","23477/2025-11-05/1760043084.json"
"581513","221281","2025-11-06","36.00","NZD","1760043084","23477/2025-11-06/1760043084.json"
"581514","221282","2025-11-06","36.00","NZD","1760043084","23477/2025-11-06/1760043084.json"
"512557","146154","2025-11-06","45.00","NZD","1760043084","23477/2025-11-06/1760043084.json"
"365170","146153","2025-11-06","48.00","NZD","1760043084","23477/2025-11-06/1760043084.json"
"510807","146155","2025-11-06","52.00","NZD","1760043084","23477/2025-11-06/1760043084.json"
"581513","221281","2025-11-09","36.00","NZD","1760043084","23477/2025-11-09/1760043084.json"
"581514","221282","2025-11-09","36.00","NZD","1760043084","23477/2025-11-09/1760043084.json"
"512557","146154","2025-11-09","45.00","NZD","1760043084","23477/2025-11-09/1760043084.json"
"365170","146153","2025-11-09","48.00","NZD","1760043084","23477/2025-11-09/1760043084.json"
"510807","146155","2025-11-09","52.00","NZD","1760043084","23477/2025-11-09/1760043084.json"
"581513","221281","2025-11-08","36.00","NZD","1760043084","23477/2025-11-08/1760043084.json"
"581514","221282","2025-11-08","36.00","NZD","1760043084","23477/2025-11-08/1760043084.json"
"512557","146154","2025-11-08","45.00","NZD","1760043084","23477/2025-11-08/1760043084.json"
"365170","146153","2025-11-08","48.00","NZD","1760043084","23477/2025-11-08/1760043084.json"
"510807","146155","2025-11-08","52.00","NZD","1760043084","23477/2025-11-08/1760043084.json"
"581513","221281","2025-11-07","36.00","NZD","1760043084","23477/2025-11-07/1760043084.json"
"581514","221282","2025-11-07","36.00","NZD","1760043084","23477/2025-11-07/1760043084.json"
"512557","146154","2025-11-07","45.00","NZD","1760043084","23477/2025-11-07/1760043084.json"
"365170","146153","2025-11-07","48.00","NZD","1760043084","23477/2025-11-07/1760043084.json"
"510807","146155","2025-11-07","52.00","NZD","1760043084","23477/2025-11-07/1760043084.json"
"581513","221281","2025-11-10","36.00","NZD","1760043084","23477/2025-11-10/1760043084.json"
"581514","221282","2025-11-10","36.00","NZD","1760043084","23477/2025-11-10/1760043084.json"
"512557","146154","2025-11-10","45.00","NZD","1760043084","23477/2025-11-10/1760043084.json"
"365170","146153","2025-11-10","48.00","NZD","1760043084","23477/2025-11-10/1760043084.json"
"510807","146155","2025-11-10","52.00","NZD","1760043084","23477/2025-11-10/1760043084.json"
"581513","221281","2025-11-11","36.00","NZD","1760043084","23477/2025-11-11/1760043084.json"
"581514","221282","2025-11-11","36.00","NZD","1760043084","23477/2025-11-11/1760043084.json"
"512557","146154","2025-11-11","45.00","NZD","1760043084","23477/2025-11-11/1760043084.json"
"365170","146153","2025-11-11","48.00","NZD","1760043084","23477/2025-11-11/1760043084.json"
"510807","146155","2025-11-11","52.00","NZD","1760043084","23477/2025-11-11/1760043084.json"
"581513","221281","2025-11-12","36.00","NZD","1760043084","23477/2025-11-12/1760043084.json"
"581514","221282","2025-11-12","36.00","NZD","1760043084","23477/2025-11-12/1760043084.json"
"512557","146154","2025-11-12","45.00","NZD","1760043084","23477/2025-11-12/1760043084.json"
"365170","146153","2025-11-12","48.00","NZD","1760043084","23477/2025-11-12/1760043084.json"
"510807","146155","2025-11-12","52.00","NZD","1760043084","23477/2025-11-12/1760043084.json"
"581513","221281","2025-11-13","36.00","NZD","1760043084","23477/2025-11-13/1760043084.json"
"581514","221282","2025-11-13","36.00","NZD","1760043084","23477/2025-11-13/1760043084.json"
"512557","146154","2025-11-13","45.00","NZD","1760043084","23477/2025-11-13/1760043084.json"
"365170","146153","2025-11-13","48.00","NZD","1760043084","23477/2025-11-13/1760043084.json"
"510807","146155","2025-11-13","52.00","NZD","1760043084","23477/2025-11-13/1760043084.json"
"581513","221281","2025-11-14","36.00","NZD","1760043084","23477/2025-11-14/1760043084.json"
"581514","221282","2025-11-14","36.00","NZD","1760043084","23477/2025-11-14/1760043084.json"
"512557","146154","2025-11-14","45.00","NZD","1760043084","23477/2025-11-14/1760043084.json"
"365170","146153","2025-11-14","48.00","NZD","1760043084","23477/2025-11-14/1760043084.json"
"510807","146155","2025-11-14","52.00","NZD","1760043084","23477/2025-11-14/1760043084.json"
"581513","221281","2025-11-15","36.00","NZD","1760043084","23477/2025-11-15/1760043084.json"
"581514","221282","2025-11-15","36.00","NZD","1760043084","23477/2025-11-15/1760043084.json"
"512557","146154","2025-11-15","45.00","NZD","1760043084","23477/2025-11-15/1760043084.json"
"365170","146153","2025-11-15","48.00","NZD","1760043084","23477/2025-11-15/1760043084.json"
"510807","146155","2025-11-15","52.00","NZD","1760043084","23477/2025-11-15/1760043084.json"
"581513","221281","2025-11-16","36.00","NZD","1760043084","23477/2025-11-16/1760043084.json"
"581514","221282","2025-11-16","36.00","NZD","1760043084","23477/2025-11-16/1760043084.json"
"512557","146154","2025-11-16","45.00","NZD","1760043084","23477/2025-11-16/1760043084.json"
"365170","146153","2025-11-16","48.00","NZD","1760043084","23477/2025-11-16/1760043084.json"
"510807","146155","2025-11-16","52.00","NZD","1760043084","23477/2025-11-16/1760043084.json"
"581513","221281","2025-11-17","36.00","NZD","1760043084","23477/2025-11-17/1760043084.json"
"581514","221282","2025-11-17","36.00","NZD","1760043084","23477/2025-11-17/1760043084.json"
"512557","146154","2025-11-17","45.00","NZD","1760043084","23477/2025-11-17/1760043084.json"
"365170","146153","2025-11-17","48.00","NZD","1760043084","23477/2025-11-17/1760043084.json"
"510807","146155","2025-11-17","52.00","NZD","1760043084","23477/2025-11-17/1760043084.json"
"581513","221281","2025-11-18","36.00","NZD","1760043084","23477/2025-11-18/1760043084.json"
"581514","221282","2025-11-18","36.00","NZD","1760043084","23477/2025-11-18/1760043084.json"
"512557","146154","2025-11-18","45.00","NZD","1760043084","23477/2025-11-18/1760043084.json"
"365170","146153","2025-11-18","48.00","NZD","1760043084","23477/2025-11-18/1760043084.json"
"510807","146155","2025-11-18","52.00","NZD","1760043084","23477/2025-11-18/1760043084.json"
"581513","221281","2025-11-19","36.00","NZD","1760043084","23477/2025-11-19/1760043084.json"
"581514","221282","2025-11-19","36.00","NZD","1760043084","23477/2025-11-19/1760043084.json"
"512557","146154","2025-11-19","45.00","NZD","1760043084","23477/2025-11-19/1760043084.json"
"365170","146153","2025-11-19","48.00","NZD","1760043084","23477/2025-11-19/1760043084.json"
"510807","146155","2025-11-19","52.00","NZD","1760043084","23477/2025-11-19/1760043084.json"
"581513","221281","2025-11-20","36.00","NZD","1760043084","23477/2025-11-20/1760043084.json"
"581514","221282","2025-11-20","36.00","NZD","1760043084","23477/2025-11-20/1760043084.json"
"512557","146154","2025-11-20","45.00","NZD","1760043084","23477/2025-11-20/1760043084.json"
"581513","221281","2025-11-22","36.00","NZD","1760043084","23477/2025-11-22/1760043084.json"
"581514","221282","2025-11-22","36.00","NZD","1760043084","23477/2025-11-22/1760043084.json"
"512557","146154","2025-11-22","45.00","NZD","1760043084","23477/2025-11-22/1760043084.json"
"365170","146153","2025-11-22","48.00","NZD","1760043084","23477/2025-11-22/1760043084.json"
"510807","146155","2025-11-22","52.00","NZD","1760043084","23477/2025-11-22/1760043084.json"
"581513","221281","2025-11-21","36.00","NZD","1760043084","23477/2025-11-21/1760043084.json"
"581514","221282","2025-11-21","36.00","NZD","1760043084","23477/2025-11-21/1760043084.json"
"512557","146154","2025-11-21","45.00","NZD","1760043084","23477/2025-11-21/1760043084.json"
"365170","146153","2025-11-21","48.00","NZD","1760043084","23477/2025-11-21/1760043084.json"
"510807","146155","2025-11-21","52.00","NZD","1760043084","23477/2025-11-21/1760043084.json"
"581513","221281","2025-11-23","36.00","NZD","1760043084","23477/2025-11-23/1760043084.json"
"581514","221282","2025-11-23","36.00","NZD","1760043084","23477/2025-11-23/1760043084.json"
"512557","146154","2025-11-23","45.00","NZD","1760043084","23477/2025-11-23/1760043084.json"
"365170","146153","2025-11-23","48.00","NZD","1760043084","23477/2025-11-23/1760043084.json"
"510807","146155","2025-11-23","52.00","NZD","1760043084","23477/2025-11-23/1760043084.json"
"581513","221281","2025-11-24","36.00","NZD","1760043084","23477/2025-11-24/1760043084.json"
"581514","221282","2025-11-24","36.00","NZD","1760043084","23477/2025-11-24/1760043084.json"
"512557","146154","2025-11-24","45.00","NZD","1760043084","23477/2025-11-24/1760043084.json"
"365170","146153","2025-11-24","48.00","NZD","1760043084","23477/2025-11-24/1760043084.json"
"510807","146155","2025-11-24","52.00","NZD","1760043084","23477/2025-11-24/1760043084.json"
"581513","221281","2025-11-25","36.00","NZD","1760043084","23477/2025-11-25/1760043084.json"
"581514","221282","2025-11-25","36.00","NZD","1760043084","23477/2025-11-25/1760043084.json"
"512557","146154","2025-11-25","45.00","NZD","1760043084","23477/2025-11-25/1760043084.json"
"365170","146153","2025-11-25","48.00","NZD","1760043084","23477/2025-11-25/1760043084.json"
"510807","146155","2025-11-25","52.00","NZD","1760043084","23477/2025-11-25/1760043084.json"
"581513","221281","2025-11-26","36.00","NZD","1760043084","23477/2025-11-26/1760043084.json"
"581514","221282","2025-11-26","36.00","NZD","1760043084","23477/2025-11-26/1760043084.json"
"512557","146154","2025-11-26","45.00","NZD","1760043084","23477/2025-11-26/1760043084.json"
"365170","146153","2025-11-26","48.00","NZD","1760043084","23477/2025-11-26/1760043084.json"
"510807","146155","2025-11-26","52.00","NZD","1760043084","23477/2025-11-26/1760043084.json"
"581513","221281","2025-11-27","36.00","NZD","1760043084","23477/2025-11-27/1760043084.json"
"581514","221282","2025-11-27","36.00","NZD","1760043084","23477/2025-11-27/1760043084.json"
"512557","146154","2025-11-27","45.00","NZD","1760043084","23477/2025-11-27/1760043084.json"
"365170","146153","2025-11-27","48.00","NZD","1760043084","23477/2025-11-27/1760043084.json"
"510807","146155","2025-11-27","52.00","NZD","1760043084","23477/2025-11-27/1760043084.json"
"581513","221281","2025-11-28","36.00","NZD","1760043084","23477/2025-11-28/1760043084.json"
"581514","221282","2025-11-28","36.00","NZD","1760043084","23477/2025-11-28/1760043084.json"
"512557","146154","2025-11-28","45.00","NZD","1760043084","23477/2025-11-28/1760043084.json"
"365170","146153","2025-11-28","48.00","NZD","1760043084","23477/2025-11-28/1760043084.json"
"510807","146155","2025-11-28","52.00","NZD","1760043084","23477/2025-11-28/1760043084.json"
"581513","221281","2025-11-29","36.00","NZD","1760043084","23477/2025-11-29/1760043084.json"
"581514","221282","2025-11-29","36.00","NZD","1760043084","23477/2025-11-29/1760043084.json"
"512557","146154","2025-11-29","45.00","NZD","1760043084","23477/2025-11-29/1760043084.json"
"365170","146153","2025-11-29","48.00","NZD","1760043084","23477/2025-11-29/1760043084.json"
"510807","146155","2025-11-29","52.00","NZD","1760043084","23477/2025-11-29/1760043084.json"
"581513","221281","2025-11-30","36.00","NZD","1760043084","23477/2025-11-30/1760043084.json"
"581514","221282","2025-11-30","36.00","NZD","1760043084","23477/2025-11-30/1760043084.json"
"512557","146154","2025-11-30","45.00","NZD","1760043084","23477/2025-11-30/1760043084.json"
"365170","146153","2025-11-30","48.00","NZD","1760043084","23477/2025-11-30/1760043084.json"
"510807","146155","2025-11-30","52.00","NZD","1760043084","23477/2025-11-30/1760043084.json"
"581513","221281","2025-12-01","36.00","NZD","1760043084","23477/2025-12-01/1760043084.json"
"581514","221282","2025-12-01","36.00","NZD","1760043084","23477/2025-12-01/1760043084.json"
"512557","146154","2025-12-01","45.00","NZD","1760043084","23477/2025-12-01/1760043084.json"
"365170","146153","2025-12-01","48.00","NZD","1760043084","23477/2025-12-01/1760043084.json"
"510807","146155","2025-12-01","52.00","NZD","1760043084","23477/2025-12-01/1760043084.json"
"581513","221281","2025-12-02","36.00","NZD","1760043084","23477/2025-12-02/1760043084.json"
"581514","221282","2025-12-02","36.00","NZD","1760043084","23477/2025-12-02/1760043084.json"
"512557","146154","2025-12-02","45.00","NZD","1760043084","23477/2025-12-02/1760043084.json"
"365170","146153","2025-12-02","48.00","NZD","1760043084","23477/2025-12-02/1760043084.json"
"510807","146155","2025-12-02","52.00","NZD","1760043084","23477/2025-12-02/1760043084.json"
"581513","221281","2025-12-03","36.00","NZD","1760043084","23477/2025-12-03/1760043084.json"
"581514","221282","2025-12-03","36.00","NZD","1760043084","23477/2025-12-03/1760043084.json"
"512557","146154","2025-12-03","45.00","NZD","1760043084","23477/2025-12-03/1760043084.json"
"365170","146153","2025-12-03","48.00","NZD","1760043084","23477/2025-12-03/1760043084.json"
"510807","146155","2025-12-03","52.00","NZD","1760043084","23477/2025-12-03/1760043084.json"
"581513","221281","2025-12-04","36.00","NZD","1760043084","23477/2025-12-04/1760043084.json"
"581514","221282","2025-12-04","36.00","NZD","1760043084","23477/2025-12-04/1760043084.json"
"512557","146154","2025-12-04","45.00","NZD","1760043084","23477/2025-12-04/1760043084.json"
"365170","146153","2025-12-04","48.00","NZD","1760043084","23477/2025-12-04/1760043084.json"
"510807","146155","2025-12-04","52.00","NZD","1760043084","23477/2025-12-04/1760043084.json"
"581513","221281","2025-12-06","36.00","NZD","1760043084","23477/2025-12-06/1760043084.json"
"581514","221282","2025-12-06","36.00","NZD","1760043084","23477/2025-12-06/1760043084.json"
"512557","146154","2025-12-06","45.00","NZD","1760043084","23477/2025-12-06/1760043084.json"
"365170","146153","2025-12-06","48.00","NZD","1760043084","23477/2025-12-06/1760043084.json"
"510807","146155","2025-12-06","52.00","NZD","1760043084","23477/2025-12-06/1760043084.json"
"581513","221281","2025-12-05","36.00","NZD","1760043084","23477/2025-12-05/1760043084.json"
"581514","221282","2025-12-05","36.00","NZD","1760043084","23477/2025-12-05/1760043084.json"
"512557","146154","2025-12-05","45.00","NZD","1760043084","23477/2025-12-05/1760043084.json"
"365170","146153","2025-12-05","48.00","NZD","1760043084","23477/2025-12-05/1760043084.json"
"510807","146155","2025-12-05","52.00","NZD","1760043084","23477/2025-12-05/1760043084.json"
"581513","221281","2025-12-08","36.00","NZD","1760043084","23477/2025-12-08/1760043084.json"
"581514","221282","2025-12-08","36.00","NZD","1760043084","23477/2025-12-08/1760043084.json"
"512557","146154","2025-12-08","45.00","NZD","1760043084","23477/2025-12-08/1760043084.json"
"365170","146153","2025-12-08","48.00","NZD","1760043084","23477/2025-12-08/1760043084.json"
"510807","146155","2025-12-08","52.00","NZD","1760043084","23477/2025-12-08/1760043084.json"
"581513","221281","2025-12-07","36.00","NZD","1760043084","23477/2025-12-07/1760043084.json"
"581514","221282","2025-12-07","36.00","NZD","1760043084","23477/2025-12-07/1760043084.json"
"512557","146154","2025-12-07","45.00","NZD","1760043084","23477/2025-12-07/1760043084.json"
"365170","146153","2025-12-07","48.00","NZD","1760043084","23477/2025-12-07/1760043084.json"
"510807","146155","2025-12-07","52.00","NZD","1760043084","23477/2025-12-07/1760043084.json"
"581513","221281","2025-10-10","36.00","NZD","1760066699","23477/2025-10-10/1760066699.json"
"581514","221282","2025-10-10","36.00","NZD","1760066699","23477/2025-10-10/1760066699.json"
"512557","146154","2025-10-10","45.00","NZD","1760066699","23477/2025-10-10/1760066699.json"
"365170","146153","2025-10-10","48.00","NZD","1760066699","23477/2025-10-10/1760066699.json"
"510807","146155","2025-10-10","52.00","NZD","1760066699","23477/2025-10-10/1760066699.json"
"581513","221281","2025-10-13","36.00","NZD","1760066699","23477/2025-10-13/1760066699.json"
"581514","221282","2025-10-13","36.00","NZD","1760066699","23477/2025-10-13/1760066699.json"
"512557","146154","2025-10-13","45.00","NZD","1760066699","23477/2025-10-13/1760066699.json"
"365170","146153","2025-10-13","48.00","NZD","1760066699","23477/2025-10-13/1760066699.json"
"510807","146155","2025-10-13","52.00","NZD","1760066699","23477/2025-10-13/1760066699.json"
"581513","221281","2025-10-11","36.00","NZD","1760066699","23477/2025-10-11/1760066699.json"
"581514","221282","2025-10-11","36.00","NZD","1760066699","23477/2025-10-11/1760066699.json"
"512557","146154","2025-10-11","45.00","NZD","1760066699","23477/2025-10-11/1760066699.json"
"365170","146153","2025-10-11","48.00","NZD","1760066699","23477/2025-10-11/1760066699.json"
"510807","146155","2025-10-11","52.00","NZD","1760066699","23477/2025-10-11/1760066699.json"
"581513","221281","2025-10-12","36.00","NZD","1760066699","23477/2025-10-12/1760066699.json"
"581514","221282","2025-10-12","36.00","NZD","1760066699","23477/2025-10-12/1760066699.json"
"512557","146154","2025-10-12","45.00","NZD","1760066699","23477/2025-10-12/1760066699.json"
"365170","146153","2025-10-12","48.00","NZD","1760066699","23477/2025-10-12/1760066699.json"
"510807","146155","2025-10-12","52.00","NZD","1760066699","23477/2025-10-12/1760066699.json"
"581513","221281","2025-10-14","36.00","NZD","1760066699","23477/2025-10-14/1760066699.json"
"581514","221282","2025-10-14","36.00","NZD","1760066699","23477/2025-10-14/1760066699.json"
"512557","146154","2025-10-14","45.00","NZD","1760066699","23477/2025-10-14/1760066699.json"
"365170","146153","2025-10-14","48.00","NZD","1760066699","23477/2025-10-14/1760066699.json"
"510807","146155","2025-10-14","52.00","NZD","1760066699","23477/2025-10-14/1760066699.json"
"581513","221281","2025-10-17","36.00","NZD","1760066699","23477/2025-10-17/1760066699.json"
"581514","221282","2025-10-17","36.00","NZD","1760066699","23477/2025-10-17/1760066699.json"
"512557","146154","2025-10-17","45.00","NZD","1760066699","23477/2025-10-17/1760066699.json"
"365170","146153","2025-10-17","48.00","NZD","1760066699","23477/2025-10-17/1760066699.json"
"510807","146155","2025-10-17","52.00","NZD","1760066699","23477/2025-10-17/1760066699.json"
"581513","221281","2025-10-16","36.00","NZD","1760066699","23477/2025-10-16/1760066699.json"
"581514","221282","2025-10-16","36.00","NZD","1760066699","23477/2025-10-16/1760066699.json"
"512557","146154","2025-10-16","45.00","NZD","1760066699","23477/2025-10-16/1760066699.json"
"365170","146153","2025-10-16","48.00","NZD","1760066699","23477/2025-10-16/1760066699.json"
"510807","146155","2025-10-16","52.00","NZD","1760066699","23477/2025-10-16/1760066699.json"
"581513","221281","2025-10-15","36.00","NZD","1760066699","23477/2025-10-15/1760066699.json"
"581514","221282","2025-10-15","36.00","NZD","1760066699","23477/2025-10-15/1760066699.json"
"512557","146154","2025-10-15","45.00","NZD","1760066699","23477/2025-10-15/1760066699.json"
"365170","146153","2025-10-15","48.00","NZD","1760066699","23477/2025-10-15/1760066699.json"
"510807","146155","2025-10-15","52.00","NZD","1760066699","23477/2025-10-15/1760066699.json"
"581513","221281","2025-10-18","36.00","NZD","1760066699","23477/2025-10-18/1760066699.json"
"581514","221282","2025-10-18","36.00","NZD","1760066699","23477/2025-10-18/1760066699.json"
"512557","146154","2025-10-18","45.00","NZD","1760066699","23477/2025-10-18/1760066699.json"
"365170","146153","2025-10-18","48.00","NZD","1760066699","23477/2025-10-18/1760066699.json"
"510807","146155","2025-10-18","52.00","NZD","1760066699","23477/2025-10-18/1760066699.json"
"581513","221281","2025-10-19","36.00","NZD","1760066699","23477/2025-10-19/1760066699.json"
"581514","221282","2025-10-19","36.00","NZD","1760066699","23477/2025-10-19/1760066699.json"
"512557","146154","2025-10-19","45.00","NZD","1760066699","23477/2025-10-19/1760066699.json"
"365170","146153","2025-10-19","48.00","NZD","1760066699","23477/2025-10-19/1760066699.json"
"510807","146155","2025-10-19","52.00","NZD","1760066699","23477/2025-10-19/1760066699.json"
"581513","221281","2025-10-20","36.00","NZD","1760066699","23477/2025-10-20/1760066699.json"
"581514","221282","2025-10-20","36.00","NZD","1760066699","23477/2025-10-20/1760066699.json"
"512557","146154","2025-10-20","45.00","NZD","1760066699","23477/2025-10-20/1760066699.json"
"365170","146153","2025-10-20","48.00","NZD","1760066699","23477/2025-10-20/1760066699.json"
"510807","146155","2025-10-20","52.00","NZD","1760066699","23477/2025-10-20/1760066699.json"
"581513","221281","2025-10-21","36.00","NZD","1760066699","23477/2025-10-21/1760066699.json"
"581514","221282","2025-10-21","36.00","NZD","1760066699","23477/2025-10-21/1760066699.json"
"512557","146154","2025-10-21","45.00","NZD","1760066699","23477/2025-10-21/1760066699.json"
"365170","146153","2025-10-21","48.00","NZD","1760066699","23477/2025-10-21/1760066699.json"
"510807","146155","2025-10-21","52.00","NZD","1760066699","23477/2025-10-21/1760066699.json"
"581513","221281","2025-10-22","36.00","NZD","1760066699","23477/2025-10-22/1760066699.json"
"581514","221282","2025-10-22","36.00","NZD","1760066699","23477/2025-10-22/1760066699.json"
"512557","146154","2025-10-22","45.00","NZD","1760066699","23477/2025-10-22/1760066699.json"
"365170","146153","2025-10-22","48.00","NZD","1760066699","23477/2025-10-22/1760066699.json"
"510807","146155","2025-10-22","52.00","NZD","1760066699","23477/2025-10-22/1760066699.json"
"581513","221281","2025-10-23","36.00","NZD","1760066699","23477/2025-10-23/1760066699.json"
"581514","221282","2025-10-23","36.00","NZD","1760066699","23477/2025-10-23/1760066699.json"
"512557","146154","2025-10-23","45.00","NZD","1760066699","23477/2025-10-23/1760066699.json"
"365170","146153","2025-10-23","48.00","NZD","1760066699","23477/2025-10-23/1760066699.json"
"510807","146155","2025-10-23","52.00","NZD","1760066699","23477/2025-10-23/1760066699.json"
"581513","221281","2025-10-24","36.00","NZD","1760066699","23477/2025-10-24/1760066699.json"
"581514","221282","2025-10-24","36.00","NZD","1760066699","23477/2025-10-24/1760066699.json"
"512557","146154","2025-10-24","45.00","NZD","1760066699","23477/2025-10-24/1760066699.json"
"365170","146153","2025-10-24","48.00","NZD","1760066699","23477/2025-10-24/1760066699.json"
"510807","146155","2025-10-24","52.00","NZD","1760066699","23477/2025-10-24/1760066699.json"
"581513","221281","2025-10-25","36.00","NZD","1760066699","23477/2025-10-25/1760066699.json"
"581514","221282","2025-10-25","36.00","NZD","1760066699","23477/2025-10-25/1760066699.json"
"512557","146154","2025-10-25","45.00","NZD","1760066699","23477/2025-10-25/1760066699.json"
"365170","146153","2025-10-25","48.00","NZD","1760066699","23477/2025-10-25/1760066699.json"
"510807","146155","2025-10-25","52.00","NZD","1760066699","23477/2025-10-25/1760066699.json"
"581513","221281","2025-10-26","36.00","NZD","1760066699","23477/2025-10-26/1760066699.json"
"581514","221282","2025-10-26","36.00","NZD","1760066699","23477/2025-10-26/1760066699.json"
"512557","146154","2025-10-26","45.00","NZD","1760066699","23477/2025-10-26/1760066699.json"
"365170","146153","2025-10-26","48.00","NZD","1760066699","23477/2025-10-26/1760066699.json"
"510807","146155","2025-10-26","52.00","NZD","1760066699","23477/2025-10-26/1760066699.json"
"581513","221281","2025-10-29","36.00","NZD","1760066699","23477/2025-10-29/1760066699.json"
"581514","221282","2025-10-29","36.00","NZD","1760066699","23477/2025-10-29/1760066699.json"
"512557","146154","2025-10-29","45.00","NZD","1760066699","23477/2025-10-29/1760066699.json"
"365170","146153","2025-10-29","48.00","NZD","1760066699","23477/2025-10-29/1760066699.json"
"510807","146155","2025-10-29","52.00","NZD","1760066699","23477/2025-10-29/1760066699.json"
"581513","221281","2025-10-27","36.00","NZD","1760066699","23477/2025-10-27/1760066699.json"
"581514","221282","2025-10-27","36.00","NZD","1760066699","23477/2025-10-27/1760066699.json"
"512557","146154","2025-10-27","45.00","NZD","1760066699","23477/2025-10-27/1760066699.json"
"365170","146153","2025-10-27","48.00","NZD","1760066699","23477/2025-10-27/1760066699.json"
"510807","146155","2025-10-27","52.00","NZD","1760066699","23477/2025-10-27/1760066699.json"
"581513","221281","2025-10-28","36.00","NZD","1760066699","23477/2025-10-28/1760066699.json"
"581514","221282","2025-10-28","36.00","NZD","1760066699","23477/2025-10-28/1760066699.json"
"512557","146154","2025-10-28","45.00","NZD","1760066699","23477/2025-10-28/1760066699.json"
"365170","146153","2025-10-28","48.00","NZD","1760066699","23477/2025-10-28/1760066699.json"
"510807","146155","2025-10-28","52.00","NZD","1760066699","23477/2025-10-28/1760066699.json"
"581513","221281","2025-10-30","36.00","NZD","1760066699","23477/2025-10-30/1760066699.json"
"581514","221282","2025-10-30","36.00","NZD","1760066699","23477/2025-10-30/1760066699.json"
"512557","146154","2025-10-30","45.00","NZD","1760066699","23477/2025-10-30/1760066699.json"
"365170","146153","2025-10-30","48.00","NZD","1760066699","23477/2025-10-30/1760066699.json"
"510807","146155","2025-10-30","52.00","NZD","1760066699","23477/2025-10-30/1760066699.json"
"581513","221281","2025-11-02","36.00","NZD","1760066699","23477/2025-11-02/1760066699.json"
"581514","221282","2025-11-02","36.00","NZD","1760066699","23477/2025-11-02/1760066699.json"
"512557","146154","2025-11-02","45.00","NZD","1760066699","23477/2025-11-02/1760066699.json"
"365170","146153","2025-11-02","48.00","NZD","1760066699","23477/2025-11-02/1760066699.json"
"510807","146155","2025-11-02","52.00","NZD","1760066699","23477/2025-11-02/1760066699.json"
"581513","221281","2025-10-31","36.00","NZD","1760066699","23477/2025-10-31/1760066699.json"
"581514","221282","2025-10-31","36.00","NZD","1760066699","23477/2025-10-31/1760066699.json"
"512557","146154","2025-10-31","45.00","NZD","1760066699","23477/2025-10-31/1760066699.json"
"365170","146153","2025-10-31","48.00","NZD","1760066699","23477/2025-10-31/1760066699.json"
"510807","146155","2025-10-31","52.00","NZD","1760066699","23477/2025-10-31/1760066699.json"
"581513","221281","2025-11-03","36.00","NZD","1760066699","23477/2025-11-03/1760066699.json"
"581514","221282","2025-11-03","36.00","NZD","1760066699","23477/2025-11-03/1760066699.json"
"512557","146154","2025-11-03","45.00","NZD","1760066699","23477/2025-11-03/1760066699.json"
"365170","146153","2025-11-03","48.00","NZD","1760066699","23477/2025-11-03/1760066699.json"
"510807","146155","2025-11-03","52.00","NZD","1760066699","23477/2025-11-03/1760066699.json"
"581513","221281","2025-11-01","36.00","NZD","1760066699","23477/2025-11-01/1760066699.json"
"581514","221282","2025-11-01","36.00","NZD","1760066699","23477/2025-11-01/1760066699.json"
"512557","146154","2025-11-01","45.00","NZD","1760066699","23477/2025-11-01/1760066699.json"
"365170","146153","2025-11-01","48.00","NZD","1760066699","23477/2025-11-01/1760066699.json"
"510807","146155","2025-11-01","52.00","NZD","1760066699","23477/2025-11-01/1760066699.json"
"581513","221281","2025-11-04","36.00","NZD","1760066699","23477/2025-11-04/1760066699.json"
"581514","221282","2025-11-04","36.00","NZD","1760066699","23477/2025-11-04/1760066699.json"
"512557","146154","2025-11-04","45.00","NZD","1760066699","23477/2025-11-04/1760066699.json"
"365170","146153","2025-11-04","48.00","NZD","1760066699","23477/2025-11-04/1760066699.json"
"510807","146155","2025-11-04","52.00","NZD","1760066699","23477/2025-11-04/1760066699.json"
"581513","221281","2025-11-05","36.00","NZD","1760066699","23477/2025-11-05/1760066699.json"
"581514","221282","2025-11-05","36.00","NZD","1760066699","23477/2025-11-05/1760066699.json"
"512557","146154","2025-11-05","45.00","NZD","1760066699","23477/2025-11-05/1760066699.json"
"365170","146153","2025-11-05","48.00","NZD","1760066699","23477/2025-11-05/1760066699.json"
"510807","146155","2025-11-05","52.00","NZD","1760066699","23477/2025-11-05/1760066699.json"
"581513","221281","2025-11-06","36.00","NZD","1760066699","23477/2025-11-06/1760066699.json"
"581514","221282","2025-11-06","36.00","NZD","1760066699","23477/2025-11-06/1760066699.json"
"512557","146154","2025-11-06","45.00","NZD","1760066699","23477/2025-11-06/1760066699.json"
"365170","146153","2025-11-06","48.00","NZD","1760066699","23477/2025-11-06/1760066699.json"
"510807","146155","2025-11-06","52.00","NZD","1760066699","23477/2025-11-06/1760066699.json"
"581513","221281","2025-11-07","36.00","NZD","1760066699","23477/2025-11-07/1760066699.json"
"581514","221282","2025-11-07","36.00","NZD","1760066699","23477/2025-11-07/1760066699.json"
"512557","146154","2025-11-07","45.00","NZD","1760066699","23477/2025-11-07/1760066699.json"
"365170","146153","2025-11-07","48.00","NZD","1760066699","23477/2025-11-07/1760066699.json"
"510807","146155","2025-11-07","52.00","NZD","1760066699","23477/2025-11-07/1760066699.json"
"581513","221281","2025-11-08","36.00","NZD","1760066699","23477/2025-11-08/1760066699.json"
"581514","221282","2025-11-08","36.00","NZD","1760066699","23477/2025-11-08/1760066699.json"
"512557","146154","2025-11-08","45.00","NZD","1760066699","23477/2025-11-08/1760066699.json"
"365170","146153","2025-11-08","48.00","NZD","1760066699","23477/2025-11-08/1760066699.json"
"510807","146155","2025-11-08","52.00","NZD","1760066699","23477/2025-11-08/1760066699.json"
"581513","221281","2025-11-09","36.00","NZD","1760066699","23477/2025-11-09/1760066699.json"
"581514","221282","2025-11-09","36.00","NZD","1760066699","23477/2025-11-09/1760066699.json"
"512557","146154","2025-11-09","45.00","NZD","1760066699","23477/2025-11-09/1760066699.json"
"365170","146153","2025-11-09","48.00","NZD","1760066699","23477/2025-11-09/1760066699.json"
"510807","146155","2025-11-09","52.00","NZD","1760066699","23477/2025-11-09/1760066699.json"
"581513","221281","2025-11-10","36.00","NZD","1760066699","23477/2025-11-10/1760066699.json"
"581514","221282","2025-11-10","36.00","NZD","1760066699","23477/2025-11-10/1760066699.json"
"512557","146154","2025-11-10","45.00","NZD","1760066699","23477/2025-11-10/1760066699.json"
"365170","146153","2025-11-10","48.00","NZD","1760066699","23477/2025-11-10/1760066699.json"
"510807","146155","2025-11-10","52.00","NZD","1760066699","23477/2025-11-10/1760066699.json"
"581513","221281","2025-11-11","36.00","NZD","1760066699","23477/2025-11-11/1760066699.json"
"581514","221282","2025-11-11","36.00","NZD","1760066699","23477/2025-11-11/1760066699.json"
"512557","146154","2025-11-11","45.00","NZD","1760066699","23477/2025-11-11/1760066699.json"
"365170","146153","2025-11-11","48.00","NZD","1760066699","23477/2025-11-11/1760066699.json"
"510807","146155","2025-11-11","52.00","NZD","1760066699","23477/2025-11-11/1760066699.json"
"581513","221281","2025-11-12","36.00","NZD","1760066699","23477/2025-11-12/1760066699.json"
"581514","221282","2025-11-12","36.00","NZD","1760066699","23477/2025-11-12/1760066699.json"
"512557","146154","2025-11-12","45.00","NZD","1760066699","23477/2025-11-12/1760066699.json"
"365170","146153","2025-11-12","48.00","NZD","1760066699","23477/2025-11-12/1760066699.json"
"510807","146155","2025-11-12","52.00","NZD","1760066699","23477/2025-11-12/1760066699.json"
"581513","221281","2025-11-13","36.00","NZD","1760066699","23477/2025-11-13/1760066699.json"
"581514","221282","2025-11-13","36.00","NZD","1760066699","23477/2025-11-13/1760066699.json"
"512557","146154","2025-11-13","45.00","NZD","1760066699","23477/2025-11-13/1760066699.json"
"365170","146153","2025-11-13","48.00","NZD","1760066699","23477/2025-11-13/1760066699.json"
"510807","146155","2025-11-13","52.00","NZD","1760066699","23477/2025-11-13/1760066699.json"
"581513","221281","2025-11-14","36.00","NZD","1760066699","23477/2025-11-14/1760066699.json"
"581514","221282","2025-11-14","36.00","NZD","1760066699","23477/2025-11-14/1760066699.json"
"512557","146154","2025-11-14","45.00","NZD","1760066699","23477/2025-11-14/1760066699.json"
"365170","146153","2025-11-14","48.00","NZD","1760066699","23477/2025-11-14/1760066699.json"
"510807","146155","2025-11-14","52.00","NZD","1760066699","23477/2025-11-14/1760066699.json"
"581513","221281","2025-11-15","36.00","NZD","1760066699","23477/2025-11-15/1760066699.json"
"581514","221282","2025-11-15","36.00","NZD","1760066699","23477/2025-11-15/1760066699.json"
"512557","146154","2025-11-15","45.00","NZD","1760066699","23477/2025-11-15/1760066699.json"
"365170","146153","2025-11-15","48.00","NZD","1760066699","23477/2025-11-15/1760066699.json"
"510807","146155","2025-11-15","52.00","NZD","1760066699","23477/2025-11-15/1760066699.json"
"581513","221281","2025-11-16","36.00","NZD","1760066699","23477/2025-11-16/1760066699.json"
"581514","221282","2025-11-16","36.00","NZD","1760066699","23477/2025-11-16/1760066699.json"
"512557","146154","2025-11-16","45.00","NZD","1760066699","23477/2025-11-16/1760066699.json"
"365170","146153","2025-11-16","48.00","NZD","1760066699","23477/2025-11-16/1760066699.json"
"510807","146155","2025-11-16","52.00","NZD","1760066699","23477/2025-11-16/1760066699.json"
"581513","221281","2025-11-18","36.00","NZD","1760066699","23477/2025-11-18/1760066699.json"
"581514","221282","2025-11-18","36.00","NZD","1760066699","23477/2025-11-18/1760066699.json"
"512557","146154","2025-11-18","45.00","NZD","1760066699","23477/2025-11-18/1760066699.json"
"365170","146153","2025-11-18","48.00","NZD","1760066699","23477/2025-11-18/1760066699.json"
"510807","146155","2025-11-18","52.00","NZD","1760066699","23477/2025-11-18/1760066699.json"
"581513","221281","2025-11-17","36.00","NZD","1760066699","23477/2025-11-17/1760066699.json"
"581514","221282","2025-11-17","36.00","NZD","1760066699","23477/2025-11-17/1760066699.json"
"512557","146154","2025-11-17","45.00","NZD","1760066699","23477/2025-11-17/1760066699.json"
"365170","146153","2025-11-17","48.00","NZD","1760066699","23477/2025-11-17/1760066699.json"
"510807","146155","2025-11-17","52.00","NZD","1760066699","23477/2025-11-17/1760066699.json"
"581513","221281","2025-11-20","36.00","NZD","1760066699","23477/2025-11-20/1760066699.json"
"581514","221282","2025-11-20","36.00","NZD","1760066699","23477/2025-11-20/1760066699.json"
"512557","146154","2025-11-20","45.00","NZD","1760066699","23477/2025-11-20/1760066699.json"
"581513","221281","2025-11-21","36.00","NZD","1760066699","23477/2025-11-21/1760066699.json"
"581514","221282","2025-11-21","36.00","NZD","1760066699","23477/2025-11-21/1760066699.json"
"512557","146154","2025-11-21","45.00","NZD","1760066699","23477/2025-11-21/1760066699.json"
"365170","146153","2025-11-21","48.00","NZD","1760066699","23477/2025-11-21/1760066699.json"
"510807","146155","2025-11-21","52.00","NZD","1760066699","23477/2025-11-21/1760066699.json"
"581513","221281","2025-11-22","36.00","NZD","1760066699","23477/2025-11-22/1760066699.json"
"581514","221282","2025-11-22","36.00","NZD","1760066699","23477/2025-11-22/1760066699.json"
"512557","146154","2025-11-22","45.00","NZD","1760066699","23477/2025-11-22/1760066699.json"
"365170","146153","2025-11-22","48.00","NZD","1760066699","23477/2025-11-22/1760066699.json"
"510807","146155","2025-11-22","52.00","NZD","1760066699","23477/2025-11-22/1760066699.json"
"581513","221281","2025-11-19","36.00","NZD","1760066699","23477/2025-11-19/1760066699.json"
"581514","221282","2025-11-19","36.00","NZD","1760066699","23477/2025-11-19/1760066699.json"
"512557","146154","2025-11-19","45.00","NZD","1760066699","23477/2025-11-19/1760066699.json"
"365170","146153","2025-11-19","48.00","NZD","1760066699","23477/2025-11-19/1760066699.json"
"510807","146155","2025-11-19","52.00","NZD","1760066699","23477/2025-11-19/1760066699.json"
"581513","221281","2025-11-23","36.00","NZD","1760066699","23477/2025-11-23/1760066699.json"
"581514","221282","2025-11-23","36.00","NZD","1760066699","23477/2025-11-23/1760066699.json"
"512557","146154","2025-11-23","45.00","NZD","1760066699","23477/2025-11-23/1760066699.json"
"365170","146153","2025-11-23","48.00","NZD","1760066699","23477/2025-11-23/1760066699.json"
"510807","146155","2025-11-23","52.00","NZD","1760066699","23477/2025-11-23/1760066699.json"
"581513","221281","2025-11-24","36.00","NZD","1760066699","23477/2025-11-24/1760066699.json"
"581514","221282","2025-11-24","36.00","NZD","1760066699","23477/2025-11-24/1760066699.json"
"512557","146154","2025-11-24","45.00","NZD","1760066699","23477/2025-11-24/1760066699.json"
"365170","146153","2025-11-24","48.00","NZD","1760066699","23477/2025-11-24/1760066699.json"
"510807","146155","2025-11-24","52.00","NZD","1760066699","23477/2025-11-24/1760066699.json"
"581513","221281","2025-11-25","36.00","NZD","1760066699","23477/2025-11-25/1760066699.json"
"581514","221282","2025-11-25","36.00","NZD","1760066699","23477/2025-11-25/1760066699.json"
"512557","146154","2025-11-25","45.00","NZD","1760066699","23477/2025-11-25/1760066699.json"
"365170","146153","2025-11-25","48.00","NZD","1760066699","23477/2025-11-25/1760066699.json"
"510807","146155","2025-11-25","52.00","NZD","1760066699","23477/2025-11-25/1760066699.json"
"581513","221281","2025-11-26","36.00","NZD","1760066699","23477/2025-11-26/1760066699.json"
"581514","221282","2025-11-26","36.00","NZD","1760066699","23477/2025-11-26/1760066699.json"
"512557","146154","2025-11-26","45.00","NZD","1760066699","23477/2025-11-26/1760066699.json"
"365170","146153","2025-11-26","48.00","NZD","1760066699","23477/2025-11-26/1760066699.json"
"510807","146155","2025-11-26","52.00","NZD","1760066699","23477/2025-11-26/1760066699.json"
"581513","221281","2025-11-27","36.00","NZD","1760066699","23477/2025-11-27/1760066699.json"
"581514","221282","2025-11-27","36.00","NZD","1760066699","23477/2025-11-27/1760066699.json"
"512557","146154","2025-11-27","45.00","NZD","1760066699","23477/2025-11-27/1760066699.json"
"365170","146153","2025-11-27","48.00","NZD","1760066699","23477/2025-11-27/1760066699.json"
"510807","146155","2025-11-27","52.00","NZD","1760066699","23477/2025-11-27/1760066699.json"
"581513","221281","2025-11-28","36.00","NZD","1760066699","23477/2025-11-28/1760066699.json"
"581514","221282","2025-11-28","36.00","NZD","1760066699","23477/2025-11-28/1760066699.json"
"512557","146154","2025-11-28","45.00","NZD","1760066699","23477/2025-11-28/1760066699.json"
"365170","146153","2025-11-28","48.00","NZD","1760066699","23477/2025-11-28/1760066699.json"
"510807","146155","2025-11-28","52.00","NZD","1760066699","23477/2025-11-28/1760066699.json"
"581513","221281","2025-11-29","36.00","NZD","1760066699","23477/2025-11-29/1760066699.json"
"581514","221282","2025-11-29","36.00","NZD","1760066699","23477/2025-11-29/1760066699.json"
"512557","146154","2025-11-29","45.00","NZD","1760066699","23477/2025-11-29/1760066699.json"
"365170","146153","2025-11-29","48.00","NZD","1760066699","23477/2025-11-29/1760066699.json"
"510807","146155","2025-11-29","52.00","NZD","1760066699","23477/2025-11-29/1760066699.json"
"581513","221281","2025-11-30","36.00","NZD","1760066699","23477/2025-11-30/1760066699.json"
"581514","221282","2025-11-30","36.00","NZD","1760066699","23477/2025-11-30/1760066699.json"
"512557","146154","2025-11-30","45.00","NZD","1760066699","23477/2025-11-30/1760066699.json"
"365170","146153","2025-11-30","48.00","NZD","1760066699","23477/2025-11-30/1760066699.json"
"510807","146155","2025-11-30","52.00","NZD","1760066699","23477/2025-11-30/1760066699.json"
"581513","221281","2025-12-01","36.00","NZD","1760066699","23477/2025-12-01/1760066699.json"
"581514","221282","2025-12-01","36.00","NZD","1760066699","23477/2025-12-01/1760066699.json"
"512557","146154","2025-12-01","45.00","NZD","1760066699","23477/2025-12-01/1760066699.json"
"365170","146153","2025-12-01","48.00","NZD","1760066699","23477/2025-12-01/1760066699.json"
"510807","146155","2025-12-01","52.00","NZD","1760066699","23477/2025-12-01/1760066699.json"
"581513","221281","2025-12-02","36.00","NZD","1760066699","23477/2025-12-02/1760066699.json"
"581514","221282","2025-12-02","36.00","NZD","1760066699","23477/2025-12-02/1760066699.json"
"512557","146154","2025-12-02","45.00","NZD","1760066699","23477/2025-12-02/1760066699.json"
"365170","146153","2025-12-02","48.00","NZD","1760066699","23477/2025-12-02/1760066699.json"
"510807","146155","2025-12-02","52.00","NZD","1760066699","23477/2025-12-02/1760066699.json"
"581513","221281","2025-12-03","36.00","NZD","1760066699","23477/2025-12-03/1760066699.json"
"581514","221282","2025-12-03","36.00","NZD","1760066699","23477/2025-12-03/1760066699.json"
"512557","146154","2025-12-03","45.00","NZD","1760066699","23477/2025-12-03/1760066699.json"
"365170","146153","2025-12-03","48.00","NZD","1760066699","23477/2025-12-03/1760066699.json"
"510807","146155","2025-12-03","52.00","NZD","1760066699","23477/2025-12-03/1760066699.json"
"581513","221281","2025-12-04","36.00","NZD","1760066699","23477/2025-12-04/1760066699.json"
"581514","221282","2025-12-04","36.00","NZD","1760066699","23477/2025-12-04/1760066699.json"
"512557","146154","2025-12-04","45.00","NZD","1760066699","23477/2025-12-04/1760066699.json"
"365170","146153","2025-12-04","48.00","NZD","1760066699","23477/2025-12-04/1760066699.json"
"510807","146155","2025-12-04","52.00","NZD","1760066699","23477/2025-12-04/1760066699.json"
"581513","221281","2025-12-05","36.00","NZD","1760066699","23477/2025-12-05/1760066699.json"
"581514","221282","2025-12-05","36.00","NZD","1760066699","23477/2025-12-05/1760066699.json"
"512557","146154","2025-12-05","45.00","NZD","1760066699","23477/2025-12-05/1760066699.json"
"365170","146153","2025-12-05","48.00","NZD","1760066699","23477/2025-12-05/1760066699.json"
"510807","146155","2025-12-05","52.00","NZD","1760066699","23477/2025-12-05/1760066699.json"
"581513","221281","2025-12-07","36.00","NZD","1760066699","23477/2025-12-07/1760066699.json"
"581514","221282","2025-12-07","36.00","NZD","1760066699","23477/2025-12-07/1760066699.json"
"512557","146154","2025-12-07","45.00","NZD","1760066699","23477/2025-12-07/1760066699.json"
"365170","146153","2025-12-07","48.00","NZD","1760066699","23477/2025-12-07/1760066699.json"
"510807","146155","2025-12-07","52.00","NZD","1760066699","23477/2025-12-07/1760066699.json"
"581513","221281","2025-12-06","36.00","NZD","1760066699","23477/2025-12-06/1760066699.json"
"581514","221282","2025-12-06","36.00","NZD","1760066699","23477/2025-12-06/1760066699.json"
"512557","146154","2025-12-06","45.00","NZD","1760066699","23477/2025-12-06/1760066699.json"
"365170","146153","2025-12-06","48.00","NZD","1760066699","23477/2025-12-06/1760066699.json"
"510807","146155","2025-12-06","52.00","NZD","1760066699","23477/2025-12-06/1760066699.json"
"581513","221281","2025-12-08","36.00","NZD","1760066699","23477/2025-12-08/1760066699.json"
"581514","221282","2025-12-08","36.00","NZD","1760066699","23477/2025-12-08/1760066699.json"
"512557","146154","2025-12-08","45.00","NZD","1760066699","23477/2025-12-08/1760066699.json"
"365170","146153","2025-12-08","48.00","NZD","1760066699","23477/2025-12-08/1760066699.json"
"510807","146155","2025-12-08","52.00","NZD","1760066699","23477/2025-12-08/1760066699.json"
"581513","221281","2025-12-09","36.00","NZD","1760066699","23477/2025-12-09/1760066699.json"
"581514","221282","2025-12-09","36.00","NZD","1760066699","23477/2025-12-09/1760066699.json"
"512557","146154","2025-12-09","45.00","NZD","1760066699","23477/2025-12-09/1760066699.json"
"365170","146153","2025-12-09","48.00","NZD","1760066699","23477/2025-12-09/1760066699.json"
"510807","146155","2025-12-09","52.00","NZD","1760066699","23477/2025-12-09/1760066699.json"
"581513","221281","2025-10-13","36.00","NZD","1760072126","23477/2025-10-13/1760072126.json"
"581513","221281","2025-10-11","36.00","NZD","1760072126","23477/2025-10-11/1760072126.json"
"581514","221282","2025-10-13","36.00","NZD","1760072126","23477/2025-10-13/1760072126.json"
"581514","221282","2025-10-11","36.00","NZD","1760072126","23477/2025-10-11/1760072126.json"
"512557","146154","2025-10-11","45.00","NZD","1760072126","23477/2025-10-11/1760072126.json"
"512557","146154","2025-10-13","45.00","NZD","1760072126","23477/2025-10-13/1760072126.json"
"365170","146153","2025-10-13","48.00","NZD","1760072126","23477/2025-10-13/1760072126.json"
"365170","146153","2025-10-11","48.00","NZD","1760072126","23477/2025-10-11/1760072126.json"
"510807","146155","2025-10-13","52.00","NZD","1760072126","23477/2025-10-13/1760072126.json"
"510807","146155","2025-10-11","52.00","NZD","1760072126","23477/2025-10-11/1760072126.json"
"581513","221281","2025-10-12","36.00","NZD","1760072126","23477/2025-10-12/1760072126.json"
"581514","221282","2025-10-12","36.00","NZD","1760072126","23477/2025-10-12/1760072126.json"
"512557","146154","2025-10-12","45.00","NZD","1760072126","23477/2025-10-12/1760072126.json"
"365170","146153","2025-10-12","48.00","NZD","1760072126","23477/2025-10-12/1760072126.json"
"510807","146155","2025-10-12","52.00","NZD","1760072126","23477/2025-10-12/1760072126.json"
"581513","221281","2025-10-10","36.00","NZD","1760072126","23477/2025-10-10/1760072126.json"
"581514","221282","2025-10-10","36.00","NZD","1760072126","23477/2025-10-10/1760072126.json"
"512557","146154","2025-10-10","45.00","NZD","1760072126","23477/2025-10-10/1760072126.json"
"365170","146153","2025-10-10","48.00","NZD","1760072126","23477/2025-10-10/1760072126.json"
"510807","146155","2025-10-10","52.00","NZD","1760072126","23477/2025-10-10/1760072126.json"
"581513","221281","2025-10-16","36.00","NZD","1760072126","23477/2025-10-16/1760072126.json"
"581514","221282","2025-10-16","36.00","NZD","1760072126","23477/2025-10-16/1760072126.json"
"512557","146154","2025-10-16","45.00","NZD","1760072126","23477/2025-10-16/1760072126.json"
"365170","146153","2025-10-16","48.00","NZD","1760072126","23477/2025-10-16/1760072126.json"
"510807","146155","2025-10-16","52.00","NZD","1760072126","23477/2025-10-16/1760072126.json"
"581513","221281","2025-10-14","36.00","NZD","1760072126","23477/2025-10-14/1760072126.json"
"581514","221282","2025-10-14","36.00","NZD","1760072126","23477/2025-10-14/1760072126.json"
"512557","146154","2025-10-14","45.00","NZD","1760072126","23477/2025-10-14/1760072126.json"
"365170","146153","2025-10-14","48.00","NZD","1760072126","23477/2025-10-14/1760072126.json"
"510807","146155","2025-10-14","52.00","NZD","1760072126","23477/2025-10-14/1760072126.json"
"581513","221281","2025-10-17","36.00","NZD","1760072126","23477/2025-10-17/1760072126.json"
"581514","221282","2025-10-17","36.00","NZD","1760072126","23477/2025-10-17/1760072126.json"
"512557","146154","2025-10-17","45.00","NZD","1760072126","23477/2025-10-17/1760072126.json"
"365170","146153","2025-10-17","48.00","NZD","1760072126","23477/2025-10-17/1760072126.json"
"510807","146155","2025-10-17","52.00","NZD","1760072126","23477/2025-10-17/1760072126.json"
"581513","221281","2025-10-15","36.00","NZD","1760072126","23477/2025-10-15/1760072126.json"
"581514","221282","2025-10-15","36.00","NZD","1760072126","23477/2025-10-15/1760072126.json"
"512557","146154","2025-10-15","45.00","NZD","1760072126","23477/2025-10-15/1760072126.json"
"365170","146153","2025-10-15","48.00","NZD","1760072126","23477/2025-10-15/1760072126.json"
"510807","146155","2025-10-15","52.00","NZD","1760072126","23477/2025-10-15/1760072126.json"
"581513","221281","2025-10-19","36.00","NZD","1760072126","23477/2025-10-19/1760072126.json"
"581514","221282","2025-10-19","36.00","NZD","1760072126","23477/2025-10-19/1760072126.json"
"512557","146154","2025-10-19","45.00","NZD","1760072126","23477/2025-10-19/1760072126.json"
"365170","146153","2025-10-19","48.00","NZD","1760072126","23477/2025-10-19/1760072126.json"
"510807","146155","2025-10-19","52.00","NZD","1760072126","23477/2025-10-19/1760072126.json"
"581513","221281","2025-10-18","36.00","NZD","1760072126","23477/2025-10-18/1760072126.json"
"581514","221282","2025-10-18","36.00","NZD","1760072126","23477/2025-10-18/1760072126.json"
"512557","146154","2025-10-18","45.00","NZD","1760072126","23477/2025-10-18/1760072126.json"
"365170","146153","2025-10-18","48.00","NZD","1760072126","23477/2025-10-18/1760072126.json"
"510807","146155","2025-10-18","52.00","NZD","1760072126","23477/2025-10-18/1760072126.json"
"581513","221281","2025-10-20","36.00","NZD","1760072126","23477/2025-10-20/1760072126.json"
"581514","221282","2025-10-20","36.00","NZD","1760072126","23477/2025-10-20/1760072126.json"
"512557","146154","2025-10-20","45.00","NZD","1760072126","23477/2025-10-20/1760072126.json"
"365170","146153","2025-10-20","48.00","NZD","1760072126","23477/2025-10-20/1760072126.json"
"510807","146155","2025-10-20","52.00","NZD","1760072126","23477/2025-10-20/1760072126.json"
"581513","221281","2025-10-21","36.00","NZD","1760072126","23477/2025-10-21/1760072126.json"
"581514","221282","2025-10-21","36.00","NZD","1760072126","23477/2025-10-21/1760072126.json"
"512557","146154","2025-10-21","45.00","NZD","1760072126","23477/2025-10-21/1760072126.json"
"365170","146153","2025-10-21","48.00","NZD","1760072126","23477/2025-10-21/1760072126.json"
"510807","146155","2025-10-21","52.00","NZD","1760072126","23477/2025-10-21/1760072126.json"
"581513","221281","2025-10-22","36.00","NZD","1760072126","23477/2025-10-22/1760072126.json"
"581514","221282","2025-10-22","36.00","NZD","1760072126","23477/2025-10-22/1760072126.json"
"512557","146154","2025-10-22","45.00","NZD","1760072126","23477/2025-10-22/1760072126.json"
"365170","146153","2025-10-22","48.00","NZD","1760072126","23477/2025-10-22/1760072126.json"
"510807","146155","2025-10-22","52.00","NZD","1760072126","23477/2025-10-22/1760072126.json"
"581513","221281","2025-10-23","36.00","NZD","1760072126","23477/2025-10-23/1760072126.json"
"581514","221282","2025-10-23","36.00","NZD","1760072126","23477/2025-10-23/1760072126.json"
"512557","146154","2025-10-23","45.00","NZD","1760072126","23477/2025-10-23/1760072126.json"
"365170","146153","2025-10-23","48.00","NZD","1760072126","23477/2025-10-23/1760072126.json"
"510807","146155","2025-10-23","52.00","NZD","1760072126","23477/2025-10-23/1760072126.json"
"581513","221281","2025-10-24","36.00","NZD","1760072126","23477/2025-10-24/1760072126.json"
"581514","221282","2025-10-24","36.00","NZD","1760072126","23477/2025-10-24/1760072126.json"
"512557","146154","2025-10-24","45.00","NZD","1760072126","23477/2025-10-24/1760072126.json"
"365170","146153","2025-10-24","48.00","NZD","1760072126","23477/2025-10-24/1760072126.json"
"510807","146155","2025-10-24","52.00","NZD","1760072126","23477/2025-10-24/1760072126.json"
"581513","221281","2025-10-25","36.00","NZD","1760072126","23477/2025-10-25/1760072126.json"
"581514","221282","2025-10-25","36.00","NZD","1760072126","23477/2025-10-25/1760072126.json"
"512557","146154","2025-10-25","45.00","NZD","1760072126","23477/2025-10-25/1760072126.json"
"365170","146153","2025-10-25","48.00","NZD","1760072126","23477/2025-10-25/1760072126.json"
"510807","146155","2025-10-25","52.00","NZD","1760072126","23477/2025-10-25/1760072126.json"
"581513","221281","2025-10-26","36.00","NZD","1760072126","23477/2025-10-26/1760072126.json"
"581514","221282","2025-10-26","36.00","NZD","1760072126","23477/2025-10-26/1760072126.json"
"512557","146154","2025-10-26","45.00","NZD","1760072126","23477/2025-10-26/1760072126.json"
"365170","146153","2025-10-26","48.00","NZD","1760072126","23477/2025-10-26/1760072126.json"
"510807","146155","2025-10-26","52.00","NZD","1760072126","23477/2025-10-26/1760072126.json"
"581513","221281","2025-10-28","36.00","NZD","1760072126","23477/2025-10-28/1760072126.json"
"581514","221282","2025-10-28","36.00","NZD","1760072126","23477/2025-10-28/1760072126.json"
"512557","146154","2025-10-28","45.00","NZD","1760072126","23477/2025-10-28/1760072126.json"
"365170","146153","2025-10-28","48.00","NZD","1760072126","23477/2025-10-28/1760072126.json"
"510807","146155","2025-10-28","52.00","NZD","1760072126","23477/2025-10-28/1760072126.json"
"581513","221281","2025-10-29","36.00","NZD","1760072126","23477/2025-10-29/1760072126.json"
"581514","221282","2025-10-29","36.00","NZD","1760072126","23477/2025-10-29/1760072126.json"
"512557","146154","2025-10-29","45.00","NZD","1760072126","23477/2025-10-29/1760072126.json"
"365170","146153","2025-10-29","48.00","NZD","1760072126","23477/2025-10-29/1760072126.json"
"510807","146155","2025-10-29","52.00","NZD","1760072126","23477/2025-10-29/1760072126.json"
"581513","221281","2025-10-27","36.00","NZD","1760072126","23477/2025-10-27/1760072126.json"
"581514","221282","2025-10-27","36.00","NZD","1760072126","23477/2025-10-27/1760072126.json"
"512557","146154","2025-10-27","45.00","NZD","1760072126","23477/2025-10-27/1760072126.json"
"365170","146153","2025-10-27","48.00","NZD","1760072126","23477/2025-10-27/1760072126.json"
"510807","146155","2025-10-27","52.00","NZD","1760072126","23477/2025-10-27/1760072126.json"
"581513","221281","2025-10-30","36.00","NZD","1760072126","23477/2025-10-30/1760072126.json"
"581514","221282","2025-10-30","36.00","NZD","1760072126","23477/2025-10-30/1760072126.json"
"512557","146154","2025-10-30","45.00","NZD","1760072126","23477/2025-10-30/1760072126.json"
"365170","146153","2025-10-30","48.00","NZD","1760072126","23477/2025-10-30/1760072126.json"
"510807","146155","2025-10-30","52.00","NZD","1760072126","23477/2025-10-30/1760072126.json"
"581513","221281","2025-11-01","36.00","NZD","1760072126","23477/2025-11-01/1760072126.json"
"581514","221282","2025-11-01","36.00","NZD","1760072126","23477/2025-11-01/1760072126.json"
"512557","146154","2025-11-01","45.00","NZD","1760072126","23477/2025-11-01/1760072126.json"
"365170","146153","2025-11-01","48.00","NZD","1760072126","23477/2025-11-01/1760072126.json"
"510807","146155","2025-11-01","52.00","NZD","1760072126","23477/2025-11-01/1760072126.json"
"581513","221281","2025-10-31","36.00","NZD","1760072126","23477/2025-10-31/1760072126.json"
"581514","221282","2025-10-31","36.00","NZD","1760072126","23477/2025-10-31/1760072126.json"
"512557","146154","2025-10-31","45.00","NZD","1760072126","23477/2025-10-31/1760072126.json"
"365170","146153","2025-10-31","48.00","NZD","1760072126","23477/2025-10-31/1760072126.json"
"510807","146155","2025-10-31","52.00","NZD","1760072126","23477/2025-10-31/1760072126.json"
"581513","221281","2025-11-02","36.00","NZD","1760072126","23477/2025-11-02/1760072126.json"
"581514","221282","2025-11-02","36.00","NZD","1760072126","23477/2025-11-02/1760072126.json"
"512557","146154","2025-11-02","45.00","NZD","1760072126","23477/2025-11-02/1760072126.json"
"365170","146153","2025-11-02","48.00","NZD","1760072126","23477/2025-11-02/1760072126.json"
"510807","146155","2025-11-02","52.00","NZD","1760072126","23477/2025-11-02/1760072126.json"
"581513","221281","2025-11-03","36.00","NZD","1760072126","23477/2025-11-03/1760072126.json"
"581514","221282","2025-11-03","36.00","NZD","1760072126","23477/2025-11-03/1760072126.json"
"512557","146154","2025-11-03","45.00","NZD","1760072126","23477/2025-11-03/1760072126.json"
"365170","146153","2025-11-03","48.00","NZD","1760072126","23477/2025-11-03/1760072126.json"
"510807","146155","2025-11-03","52.00","NZD","1760072126","23477/2025-11-03/1760072126.json"
"581513","221281","2025-11-04","36.00","NZD","1760072126","23477/2025-11-04/1760072126.json"
"581514","221282","2025-11-04","36.00","NZD","1760072126","23477/2025-11-04/1760072126.json"
"512557","146154","2025-11-04","45.00","NZD","1760072126","23477/2025-11-04/1760072126.json"
"365170","146153","2025-11-04","48.00","NZD","1760072126","23477/2025-11-04/1760072126.json"
"510807","146155","2025-11-04","52.00","NZD","1760072126","23477/2025-11-04/1760072126.json"
"581513","221281","2025-11-05","36.00","NZD","1760072126","23477/2025-11-05/1760072126.json"
"581514","221282","2025-11-05","36.00","NZD","1760072126","23477/2025-11-05/1760072126.json"
"512557","146154","2025-11-05","45.00","NZD","1760072126","23477/2025-11-05/1760072126.json"
"365170","146153","2025-11-05","48.00","NZD","1760072126","23477/2025-11-05/1760072126.json"
"510807","146155","2025-11-05","52.00","NZD","1760072126","23477/2025-11-05/1760072126.json"
"581513","221281","2025-11-06","36.00","NZD","1760072126","23477/2025-11-06/1760072126.json"
"581514","221282","2025-11-06","36.00","NZD","1760072126","23477/2025-11-06/1760072126.json"
"512557","146154","2025-11-06","45.00","NZD","1760072126","23477/2025-11-06/1760072126.json"
"365170","146153","2025-11-06","48.00","NZD","1760072126","23477/2025-11-06/1760072126.json"
"510807","146155","2025-11-06","52.00","NZD","1760072126","23477/2025-11-06/1760072126.json"
"581513","221281","2025-11-08","36.00","NZD","1760072126","23477/2025-11-08/1760072126.json"
"581514","221282","2025-11-08","36.00","NZD","1760072126","23477/2025-11-08/1760072126.json"
"512557","146154","2025-11-08","45.00","NZD","1760072126","23477/2025-11-08/1760072126.json"
"365170","146153","2025-11-08","48.00","NZD","1760072126","23477/2025-11-08/1760072126.json"
"510807","146155","2025-11-08","52.00","NZD","1760072126","23477/2025-11-08/1760072126.json"
"581513","221281","2025-11-07","36.00","NZD","1760072126","23477/2025-11-07/1760072126.json"
"581514","221282","2025-11-07","36.00","NZD","1760072126","23477/2025-11-07/1760072126.json"
"512557","146154","2025-11-07","45.00","NZD","1760072126","23477/2025-11-07/1760072126.json"
"365170","146153","2025-11-07","48.00","NZD","1760072126","23477/2025-11-07/1760072126.json"
"510807","146155","2025-11-07","52.00","NZD","1760072126","23477/2025-11-07/1760072126.json"
"581513","221281","2025-11-09","36.00","NZD","1760072126","23477/2025-11-09/1760072126.json"
"581514","221282","2025-11-09","36.00","NZD","1760072126","23477/2025-11-09/1760072126.json"
"512557","146154","2025-11-09","45.00","NZD","1760072126","23477/2025-11-09/1760072126.json"
"365170","146153","2025-11-09","48.00","NZD","1760072126","23477/2025-11-09/1760072126.json"
"510807","146155","2025-11-09","52.00","NZD","1760072126","23477/2025-11-09/1760072126.json"
"581513","221281","2025-11-10","36.00","NZD","1760072126","23477/2025-11-10/1760072126.json"
"581514","221282","2025-11-10","36.00","NZD","1760072126","23477/2025-11-10/1760072126.json"
"512557","146154","2025-11-10","45.00","NZD","1760072126","23477/2025-11-10/1760072126.json"
"365170","146153","2025-11-10","48.00","NZD","1760072126","23477/2025-11-10/1760072126.json"
"510807","146155","2025-11-10","52.00","NZD","1760072126","23477/2025-11-10/1760072126.json"
"581513","221281","2025-11-12","36.00","NZD","1760072126","23477/2025-11-12/1760072126.json"
"581514","221282","2025-11-12","36.00","NZD","1760072126","23477/2025-11-12/1760072126.json"
"512557","146154","2025-11-12","45.00","NZD","1760072126","23477/2025-11-12/1760072126.json"
"365170","146153","2025-11-12","48.00","NZD","1760072126","23477/2025-11-12/1760072126.json"
"510807","146155","2025-11-12","52.00","NZD","1760072126","23477/2025-11-12/1760072126.json"
"581513","221281","2025-11-14","36.00","NZD","1760072126","23477/2025-11-14/1760072126.json"
"581514","221282","2025-11-14","36.00","NZD","1760072126","23477/2025-11-14/1760072126.json"
"512557","146154","2025-11-14","45.00","NZD","1760072126","23477/2025-11-14/1760072126.json"
"365170","146153","2025-11-14","48.00","NZD","1760072126","23477/2025-11-14/1760072126.json"
"510807","146155","2025-11-14","52.00","NZD","1760072126","23477/2025-11-14/1760072126.json"
"581513","221281","2025-11-13","36.00","NZD","1760072126","23477/2025-11-13/1760072126.json"
"581514","221282","2025-11-13","36.00","NZD","1760072126","23477/2025-11-13/1760072126.json"
"512557","146154","2025-11-13","45.00","NZD","1760072126","23477/2025-11-13/1760072126.json"
"365170","146153","2025-11-13","48.00","NZD","1760072126","23477/2025-11-13/1760072126.json"
"510807","146155","2025-11-13","52.00","NZD","1760072126","23477/2025-11-13/1760072126.json"
"581513","221281","2025-11-11","36.00","NZD","1760072126","23477/2025-11-11/1760072126.json"
"581514","221282","2025-11-11","36.00","NZD","1760072126","23477/2025-11-11/1760072126.json"
"512557","146154","2025-11-11","45.00","NZD","1760072126","23477/2025-11-11/1760072126.json"
"365170","146153","2025-11-11","48.00","NZD","1760072126","23477/2025-11-11/1760072126.json"
"510807","146155","2025-11-11","52.00","NZD","1760072126","23477/2025-11-11/1760072126.json"
"581513","221281","2025-11-15","36.00","NZD","1760072126","23477/2025-11-15/1760072126.json"
"581514","221282","2025-11-15","36.00","NZD","1760072126","23477/2025-11-15/1760072126.json"
"512557","146154","2025-11-15","45.00","NZD","1760072126","23477/2025-11-15/1760072126.json"
"365170","146153","2025-11-15","48.00","NZD","1760072126","23477/2025-11-15/1760072126.json"
"510807","146155","2025-11-15","52.00","NZD","1760072126","23477/2025-11-15/1760072126.json"
"581513","221281","2025-11-18","36.00","NZD","1760072126","23477/2025-11-18/1760072126.json"
"581514","221282","2025-11-18","36.00","NZD","1760072126","23477/2025-11-18/1760072126.json"
"512557","146154","2025-11-18","45.00","NZD","1760072126","23477/2025-11-18/1760072126.json"
"365170","146153","2025-11-18","48.00","NZD","1760072126","23477/2025-11-18/1760072126.json"
"510807","146155","2025-11-18","52.00","NZD","1760072126","23477/2025-11-18/1760072126.json"
"581513","221281","2025-11-16","36.00","NZD","1760072126","23477/2025-11-16/1760072126.json"
"581514","221282","2025-11-16","36.00","NZD","1760072126","23477/2025-11-16/1760072126.json"
"512557","146154","2025-11-16","45.00","NZD","1760072126","23477/2025-11-16/1760072126.json"
"365170","146153","2025-11-16","48.00","NZD","1760072126","23477/2025-11-16/1760072126.json"
"510807","146155","2025-11-16","52.00","NZD","1760072126","23477/2025-11-16/1760072126.json"
"581513","221281","2025-11-17","36.00","NZD","1760072126","23477/2025-11-17/1760072126.json"
"581514","221282","2025-11-17","36.00","NZD","1760072126","23477/2025-11-17/1760072126.json"
"512557","146154","2025-11-17","45.00","NZD","1760072126","23477/2025-11-17/1760072126.json"
"365170","146153","2025-11-17","48.00","NZD","1760072126","23477/2025-11-17/1760072126.json"
"510807","146155","2025-11-17","52.00","NZD","1760072126","23477/2025-11-17/1760072126.json"
"581513","221281","2025-11-19","36.00","NZD","1760072126","23477/2025-11-19/1760072126.json"
"581514","221282","2025-11-19","36.00","NZD","1760072126","23477/2025-11-19/1760072126.json"
"512557","146154","2025-11-19","45.00","NZD","1760072126","23477/2025-11-19/1760072126.json"
"365170","146153","2025-11-19","48.00","NZD","1760072126","23477/2025-11-19/1760072126.json"
"510807","146155","2025-11-19","52.00","NZD","1760072126","23477/2025-11-19/1760072126.json"
"581513","221281","2025-11-20","36.00","NZD","1760072126","23477/2025-11-20/1760072126.json"
"581514","221282","2025-11-20","36.00","NZD","1760072126","23477/2025-11-20/1760072126.json"
"512557","146154","2025-11-20","45.00","NZD","1760072126","23477/2025-11-20/1760072126.json"
"581513","221281","2025-11-21","36.00","NZD","1760072126","23477/2025-11-21/1760072126.json"
"581514","221282","2025-11-21","36.00","NZD","1760072126","23477/2025-11-21/1760072126.json"
"512557","146154","2025-11-21","45.00","NZD","1760072126","23477/2025-11-21/1760072126.json"
"365170","146153","2025-11-21","48.00","NZD","1760072126","23477/2025-11-21/1760072126.json"
"510807","146155","2025-11-21","52.00","NZD","1760072126","23477/2025-11-21/1760072126.json"
"581513","221281","2025-11-22","36.00","NZD","1760072126","23477/2025-11-22/1760072126.json"
"581514","221282","2025-11-22","36.00","NZD","1760072126","23477/2025-11-22/1760072126.json"
"512557","146154","2025-11-22","45.00","NZD","1760072126","23477/2025-11-22/1760072126.json"
"365170","146153","2025-11-22","48.00","NZD","1760072126","23477/2025-11-22/1760072126.json"
"510807","146155","2025-11-22","52.00","NZD","1760072126","23477/2025-11-22/1760072126.json"
"581513","221281","2025-11-23","36.00","NZD","1760072126","23477/2025-11-23/1760072126.json"
"581514","221282","2025-11-23","36.00","NZD","1760072126","23477/2025-11-23/1760072126.json"
"512557","146154","2025-11-23","45.00","NZD","1760072126","23477/2025-11-23/1760072126.json"
"365170","146153","2025-11-23","48.00","NZD","1760072126","23477/2025-11-23/1760072126.json"
"510807","146155","2025-11-23","52.00","NZD","1760072126","23477/2025-11-23/1760072126.json"
"581513","221281","2025-11-24","36.00","NZD","1760072126","23477/2025-11-24/1760072126.json"
"581514","221282","2025-11-24","36.00","NZD","1760072126","23477/2025-11-24/1760072126.json"
"512557","146154","2025-11-24","45.00","NZD","1760072126","23477/2025-11-24/1760072126.json"
"365170","146153","2025-11-24","48.00","NZD","1760072126","23477/2025-11-24/1760072126.json"
"510807","146155","2025-11-24","52.00","NZD","1760072126","23477/2025-11-24/1760072126.json"
"581513","221281","2025-11-26","36.00","NZD","1760072126","23477/2025-11-26/1760072126.json"
"581514","221282","2025-11-26","36.00","NZD","1760072126","23477/2025-11-26/1760072126.json"
"512557","146154","2025-11-26","45.00","NZD","1760072126","23477/2025-11-26/1760072126.json"
"365170","146153","2025-11-26","48.00","NZD","1760072126","23477/2025-11-26/1760072126.json"
"510807","146155","2025-11-26","52.00","NZD","1760072126","23477/2025-11-26/1760072126.json"
"581513","221281","2025-11-25","36.00","NZD","1760072126","23477/2025-11-25/1760072126.json"
"581514","221282","2025-11-25","36.00","NZD","1760072126","23477/2025-11-25/1760072126.json"
"512557","146154","2025-11-25","45.00","NZD","1760072126","23477/2025-11-25/1760072126.json"
"365170","146153","2025-11-25","48.00","NZD","1760072126","23477/2025-11-25/1760072126.json"
"510807","146155","2025-11-25","52.00","NZD","1760072126","23477/2025-11-25/1760072126.json"
"581513","221281","2025-11-28","36.00","NZD","1760072126","23477/2025-11-28/1760072126.json"
"581514","221282","2025-11-28","36.00","NZD","1760072126","23477/2025-11-28/1760072126.json"
"512557","146154","2025-11-28","45.00","NZD","1760072126","23477/2025-11-28/1760072126.json"
"365170","146153","2025-11-28","48.00","NZD","1760072126","23477/2025-11-28/1760072126.json"
"510807","146155","2025-11-28","52.00","NZD","1760072126","23477/2025-11-28/1760072126.json"
"581513","221281","2025-11-27","36.00","NZD","1760072126","23477/2025-11-27/1760072126.json"
"581514","221282","2025-11-27","36.00","NZD","1760072126","23477/2025-11-27/1760072126.json"
"512557","146154","2025-11-27","45.00","NZD","1760072126","23477/2025-11-27/1760072126.json"
"365170","146153","2025-11-27","48.00","NZD","1760072126","23477/2025-11-27/1760072126.json"
"510807","146155","2025-11-27","52.00","NZD","1760072126","23477/2025-11-27/1760072126.json"
"581513","221281","2025-11-29","36.00","NZD","1760072126","23477/2025-11-29/1760072126.json"
"581514","221282","2025-11-29","36.00","NZD","1760072126","23477/2025-11-29/1760072126.json"
"512557","146154","2025-11-29","45.00","NZD","1760072126","23477/2025-11-29/1760072126.json"
"365170","146153","2025-11-29","48.00","NZD","1760072126","23477/2025-11-29/1760072126.json"
"510807","146155","2025-11-29","52.00","NZD","1760072126","23477/2025-11-29/1760072126.json"
"581513","221281","2025-11-30","36.00","NZD","1760072126","23477/2025-11-30/1760072126.json"
"581514","221282","2025-11-30","36.00","NZD","1760072126","23477/2025-11-30/1760072126.json"
"512557","146154","2025-11-30","45.00","NZD","1760072126","23477/2025-11-30/1760072126.json"
"365170","146153","2025-11-30","48.00","NZD","1760072126","23477/2025-11-30/1760072126.json"
"510807","146155","2025-11-30","52.00","NZD","1760072126","23477/2025-11-30/1760072126.json"
"581513","221281","2025-12-01","36.00","NZD","1760072126","23477/2025-12-01/1760072126.json"
"581514","221282","2025-12-01","36.00","NZD","1760072126","23477/2025-12-01/1760072126.json"
"512557","146154","2025-12-01","45.00","NZD","1760072126","23477/2025-12-01/1760072126.json"
"365170","146153","2025-12-01","48.00","NZD","1760072126","23477/2025-12-01/1760072126.json"
"510807","146155","2025-12-01","52.00","NZD","1760072126","23477/2025-12-01/1760072126.json"
"581513","221281","2025-12-03","36.00","NZD","1760072126","23477/2025-12-03/1760072126.json"
"581514","221282","2025-12-03","36.00","NZD","1760072126","23477/2025-12-03/1760072126.json"
"512557","146154","2025-12-03","45.00","NZD","1760072126","23477/2025-12-03/1760072126.json"
"365170","146153","2025-12-03","48.00","NZD","1760072126","23477/2025-12-03/1760072126.json"
"510807","146155","2025-12-03","52.00","NZD","1760072126","23477/2025-12-03/1760072126.json"
"581513","221281","2025-12-02","36.00","NZD","1760072126","23477/2025-12-02/1760072126.json"
"581514","221282","2025-12-02","36.00","NZD","1760072126","23477/2025-12-02/1760072126.json"
"512557","146154","2025-12-02","45.00","NZD","1760072126","23477/2025-12-02/1760072126.json"
"365170","146153","2025-12-02","48.00","NZD","1760072126","23477/2025-12-02/1760072126.json"
"510807","146155","2025-12-02","52.00","NZD","1760072126","23477/2025-12-02/1760072126.json"
"581513","221281","2025-12-04","36.00","NZD","1760072126","23477/2025-12-04/1760072126.json"
"581514","221282","2025-12-04","36.00","NZD","1760072126","23477/2025-12-04/1760072126.json"
"512557","146154","2025-12-04","45.00","NZD","1760072126","23477/2025-12-04/1760072126.json"
"365170","146153","2025-12-04","48.00","NZD","1760072126","23477/2025-12-04/1760072126.json"
"510807","146155","2025-12-04","52.00","NZD","1760072126","23477/2025-12-04/1760072126.json"
"581513","221281","2025-12-05","36.00","NZD","1760072126","23477/2025-12-05/1760072126.json"
"581514","221282","2025-12-05","36.00","NZD","1760072126","23477/2025-12-05/1760072126.json"
"512557","146154","2025-12-05","45.00","NZD","1760072126","23477/2025-12-05/1760072126.json"
"365170","146153","2025-12-05","48.00","NZD","1760072126","23477/2025-12-05/1760072126.json"
"510807","146155","2025-12-05","52.00","NZD","1760072126","23477/2025-12-05/1760072126.json"
"581513","221281","2025-12-07","36.00","NZD","1760072126","23477/2025-12-07/1760072126.json"
"581514","221282","2025-12-07","36.00","NZD","1760072126","23477/2025-12-07/1760072126.json"
"512557","146154","2025-12-07","45.00","NZD","1760072126","23477/2025-12-07/1760072126.json"
"365170","146153","2025-12-07","48.00","NZD","1760072126","23477/2025-12-07/1760072126.json"
"510807","146155","2025-12-07","52.00","NZD","1760072126","23477/2025-12-07/1760072126.json"
"581513","221281","2025-12-06","36.00","NZD","1760072126","23477/2025-12-06/1760072126.json"
"581514","221282","2025-12-06","36.00","NZD","1760072126","23477/2025-12-06/1760072126.json"
"512557","146154","2025-12-06","45.00","NZD","1760072126","23477/2025-12-06/1760072126.json"
"365170","146153","2025-12-06","48.00","NZD","1760072126","23477/2025-12-06/1760072126.json"
"510807","146155","2025-12-06","52.00","NZD","1760072126","23477/2025-12-06/1760072126.json"
"581513","221281","2025-12-08","36.00","NZD","1760072126","23477/2025-12-08/1760072126.json"
"581514","221282","2025-12-08","36.00","NZD","1760072126","23477/2025-12-08/1760072126.json"
"512557","146154","2025-12-08","45.00","NZD","1760072126","23477/2025-12-08/1760072126.json"
"365170","146153","2025-12-08","48.00","NZD","1760072126","23477/2025-12-08/1760072126.json"
"510807","146155","2025-12-08","52.00","NZD","1760072126","23477/2025-12-08/1760072126.json"
"581513","221281","2025-12-09","36.00","NZD","1760072126","23477/2025-12-09/1760072126.json"
"581514","221282","2025-12-09","36.00","NZD","1760072126","23477/2025-12-09/1760072126.json"
"512557","146154","2025-12-09","45.00","NZD","1760072126","23477/2025-12-09/1760072126.json"
"365170","146153","2025-12-09","48.00","NZD","1760072126","23477/2025-12-09/1760072126.json"
"510807","146155","2025-12-09","52.00","NZD","1760072126","23477/2025-12-09/1760072126.json"
"581513","221281","2025-10-11","36.00","NZD","1760086927","23477/2025-10-11/1760086927.json"
"581514","221282","2025-10-11","36.00","NZD","1760086927","23477/2025-10-11/1760086927.json"
"512557","146154","2025-10-11","45.00","NZD","1760086927","23477/2025-10-11/1760086927.json"
"365170","146153","2025-10-11","48.00","NZD","1760086927","23477/2025-10-11/1760086927.json"
"510807","146155","2025-10-11","52.00","NZD","1760086927","23477/2025-10-11/1760086927.json"
"581513","221281","2025-10-12","36.00","NZD","1760086927","23477/2025-10-12/1760086927.json"
"581514","221282","2025-10-12","36.00","NZD","1760086927","23477/2025-10-12/1760086927.json"
"512557","146154","2025-10-12","45.00","NZD","1760086927","23477/2025-10-12/1760086927.json"
"365170","146153","2025-10-12","48.00","NZD","1760086927","23477/2025-10-12/1760086927.json"
"510807","146155","2025-10-12","52.00","NZD","1760086927","23477/2025-10-12/1760086927.json"
"581513","221281","2025-10-13","36.00","NZD","1760086927","23477/2025-10-13/1760086927.json"
"581514","221282","2025-10-13","36.00","NZD","1760086927","23477/2025-10-13/1760086927.json"
"512557","146154","2025-10-13","45.00","NZD","1760086927","23477/2025-10-13/1760086927.json"
"365170","146153","2025-10-13","48.00","NZD","1760086927","23477/2025-10-13/1760086927.json"
"510807","146155","2025-10-13","52.00","NZD","1760086927","23477/2025-10-13/1760086927.json"
"581513","221281","2025-10-10","36.00","NZD","1760086927","23477/2025-10-10/1760086927.json"
"581514","221282","2025-10-10","36.00","NZD","1760086927","23477/2025-10-10/1760086927.json"
"512557","146154","2025-10-10","45.00","NZD","1760086927","23477/2025-10-10/1760086927.json"
"365170","146153","2025-10-10","48.00","NZD","1760086927","23477/2025-10-10/1760086927.json"
"510807","146155","2025-10-10","52.00","NZD","1760086927","23477/2025-10-10/1760086927.json"
"581513","221281","2025-10-14","36.00","NZD","1760086927","23477/2025-10-14/1760086927.json"
"581514","221282","2025-10-14","36.00","NZD","1760086927","23477/2025-10-14/1760086927.json"
"512557","146154","2025-10-14","45.00","NZD","1760086927","23477/2025-10-14/1760086927.json"
"365170","146153","2025-10-14","48.00","NZD","1760086927","23477/2025-10-14/1760086927.json"
"510807","146155","2025-10-14","52.00","NZD","1760086927","23477/2025-10-14/1760086927.json"
"581513","221281","2025-10-15","36.00","NZD","1760086927","23477/2025-10-15/1760086927.json"
"581514","221282","2025-10-15","36.00","NZD","1760086927","23477/2025-10-15/1760086927.json"
"512557","146154","2025-10-15","45.00","NZD","1760086927","23477/2025-10-15/1760086927.json"
"365170","146153","2025-10-15","48.00","NZD","1760086927","23477/2025-10-15/1760086927.json"
"510807","146155","2025-10-15","52.00","NZD","1760086927","23477/2025-10-15/1760086927.json"
"581513","221281","2025-10-17","36.00","NZD","1760086927","23477/2025-10-17/1760086927.json"
"581514","221282","2025-10-17","36.00","NZD","1760086927","23477/2025-10-17/1760086927.json"
"512557","146154","2025-10-17","45.00","NZD","1760086927","23477/2025-10-17/1760086927.json"
"365170","146153","2025-10-17","48.00","NZD","1760086927","23477/2025-10-17/1760086927.json"
"510807","146155","2025-10-17","52.00","NZD","1760086927","23477/2025-10-17/1760086927.json"
"581513","221281","2025-10-16","36.00","NZD","1760086927","23477/2025-10-16/1760086927.json"
"581514","221282","2025-10-16","36.00","NZD","1760086927","23477/2025-10-16/1760086927.json"
"512557","146154","2025-10-16","45.00","NZD","1760086927","23477/2025-10-16/1760086927.json"
"365170","146153","2025-10-16","48.00","NZD","1760086927","23477/2025-10-16/1760086927.json"
"510807","146155","2025-10-16","52.00","NZD","1760086927","23477/2025-10-16/1760086927.json"
"581513","221281","2025-10-18","36.00","NZD","1760086927","23477/2025-10-18/1760086927.json"
"581514","221282","2025-10-18","36.00","NZD","1760086927","23477/2025-10-18/1760086927.json"
"512557","146154","2025-10-18","45.00","NZD","1760086927","23477/2025-10-18/1760086927.json"
"365170","146153","2025-10-18","48.00","NZD","1760086927","23477/2025-10-18/1760086927.json"
"510807","146155","2025-10-18","52.00","NZD","1760086927","23477/2025-10-18/1760086927.json"
"581513","221281","2025-10-20","36.00","NZD","1760086927","23477/2025-10-20/1760086927.json"
"581514","221282","2025-10-20","36.00","NZD","1760086927","23477/2025-10-20/1760086927.json"
"512557","146154","2025-10-20","45.00","NZD","1760086927","23477/2025-10-20/1760086927.json"
"365170","146153","2025-10-20","48.00","NZD","1760086927","23477/2025-10-20/1760086927.json"
"510807","146155","2025-10-20","52.00","NZD","1760086927","23477/2025-10-20/1760086927.json"
"581513","221281","2025-10-21","36.00","NZD","1760086927","23477/2025-10-21/1760086927.json"
"581514","221282","2025-10-21","36.00","NZD","1760086927","23477/2025-10-21/1760086927.json"
"512557","146154","2025-10-21","45.00","NZD","1760086927","23477/2025-10-21/1760086927.json"
"365170","146153","2025-10-21","48.00","NZD","1760086927","23477/2025-10-21/1760086927.json"
"510807","146155","2025-10-21","52.00","NZD","1760086927","23477/2025-10-21/1760086927.json"
"581513","221281","2025-10-19","36.00","NZD","1760086927","23477/2025-10-19/1760086927.json"
"581514","221282","2025-10-19","36.00","NZD","1760086927","23477/2025-10-19/1760086927.json"
"512557","146154","2025-10-19","45.00","NZD","1760086927","23477/2025-10-19/1760086927.json"
"365170","146153","2025-10-19","48.00","NZD","1760086927","23477/2025-10-19/1760086927.json"
"510807","146155","2025-10-19","52.00","NZD","1760086927","23477/2025-10-19/1760086927.json"
"581513","221281","2025-10-22","36.00","NZD","1760086927","23477/2025-10-22/1760086927.json"
"581514","221282","2025-10-22","36.00","NZD","1760086927","23477/2025-10-22/1760086927.json"
"512557","146154","2025-10-22","45.00","NZD","1760086927","23477/2025-10-22/1760086927.json"
"365170","146153","2025-10-22","48.00","NZD","1760086927","23477/2025-10-22/1760086927.json"
"510807","146155","2025-10-22","52.00","NZD","1760086927","23477/2025-10-22/1760086927.json"
"581513","221281","2025-10-23","36.00","NZD","1760086927","23477/2025-10-23/1760086927.json"
"581514","221282","2025-10-23","36.00","NZD","1760086927","23477/2025-10-23/1760086927.json"
"512557","146154","2025-10-23","45.00","NZD","1760086927","23477/2025-10-23/1760086927.json"
"365170","146153","2025-10-23","48.00","NZD","1760086927","23477/2025-10-23/1760086927.json"
"510807","146155","2025-10-23","52.00","NZD","1760086927","23477/2025-10-23/1760086927.json"
"581513","221281","2025-10-26","36.00","NZD","1760086927","23477/2025-10-26/1760086927.json"
"581514","221282","2025-10-26","36.00","NZD","1760086927","23477/2025-10-26/1760086927.json"
"512557","146154","2025-10-26","45.00","NZD","1760086927","23477/2025-10-26/1760086927.json"
"365170","146153","2025-10-26","48.00","NZD","1760086927","23477/2025-10-26/1760086927.json"
"510807","146155","2025-10-26","52.00","NZD","1760086927","23477/2025-10-26/1760086927.json"
"581513","221281","2025-10-24","36.00","NZD","1760086927","23477/2025-10-24/1760086927.json"
"581514","221282","2025-10-24","36.00","NZD","1760086927","23477/2025-10-24/1760086927.json"
"512557","146154","2025-10-24","45.00","NZD","1760086927","23477/2025-10-24/1760086927.json"
"365170","146153","2025-10-24","48.00","NZD","1760086927","23477/2025-10-24/1760086927.json"
"510807","146155","2025-10-24","52.00","NZD","1760086927","23477/2025-10-24/1760086927.json"
"581513","221281","2025-10-25","36.00","NZD","1760086927","23477/2025-10-25/1760086927.json"
"581514","221282","2025-10-25","36.00","NZD","1760086927","23477/2025-10-25/1760086927.json"
"512557","146154","2025-10-25","45.00","NZD","1760086927","23477/2025-10-25/1760086927.json"
"365170","146153","2025-10-25","48.00","NZD","1760086927","23477/2025-10-25/1760086927.json"
"510807","146155","2025-10-25","52.00","NZD","1760086927","23477/2025-10-25/1760086927.json"
"581513","221281","2025-10-27","36.00","NZD","1760086927","23477/2025-10-27/1760086927.json"
"581514","221282","2025-10-27","36.00","NZD","1760086927","23477/2025-10-27/1760086927.json"
"512557","146154","2025-10-27","45.00","NZD","1760086927","23477/2025-10-27/1760086927.json"
"365170","146153","2025-10-27","48.00","NZD","1760086927","23477/2025-10-27/1760086927.json"
"510807","146155","2025-10-27","52.00","NZD","1760086927","23477/2025-10-27/1760086927.json"
"581513","221281","2025-10-31","36.00","NZD","1760086927","23477/2025-10-31/1760086927.json"
"581514","221282","2025-10-31","36.00","NZD","1760086927","23477/2025-10-31/1760086927.json"
"512557","146154","2025-10-31","45.00","NZD","1760086927","23477/2025-10-31/1760086927.json"
"365170","146153","2025-10-31","48.00","NZD","1760086927","23477/2025-10-31/1760086927.json"
"510807","146155","2025-10-31","52.00","NZD","1760086927","23477/2025-10-31/1760086927.json"
"581513","221281","2025-10-30","36.00","NZD","1760086927","23477/2025-10-30/1760086927.json"
"581514","221282","2025-10-30","36.00","NZD","1760086927","23477/2025-10-30/1760086927.json"
"512557","146154","2025-10-30","45.00","NZD","1760086927","23477/2025-10-30/1760086927.json"
"365170","146153","2025-10-30","48.00","NZD","1760086927","23477/2025-10-30/1760086927.json"
"510807","146155","2025-10-30","52.00","NZD","1760086927","23477/2025-10-30/1760086927.json"
"581513","221281","2025-10-29","36.00","NZD","1760086927","23477/2025-10-29/1760086927.json"
"581514","221282","2025-10-29","36.00","NZD","1760086927","23477/2025-10-29/1760086927.json"
"512557","146154","2025-10-29","45.00","NZD","1760086927","23477/2025-10-29/1760086927.json"
"365170","146153","2025-10-29","48.00","NZD","1760086927","23477/2025-10-29/1760086927.json"
"510807","146155","2025-10-29","52.00","NZD","1760086927","23477/2025-10-29/1760086927.json"
"581513","221281","2025-10-28","36.00","NZD","1760086927","23477/2025-10-28/1760086927.json"
"581514","221282","2025-10-28","36.00","NZD","1760086927","23477/2025-10-28/1760086927.json"
"512557","146154","2025-10-28","45.00","NZD","1760086927","23477/2025-10-28/1760086927.json"
"365170","146153","2025-10-28","48.00","NZD","1760086927","23477/2025-10-28/1760086927.json"
"510807","146155","2025-10-28","52.00","NZD","1760086927","23477/2025-10-28/1760086927.json"
"581513","221281","2025-11-03","36.00","NZD","1760086927","23477/2025-11-03/1760086927.json"
"581514","221282","2025-11-03","36.00","NZD","1760086927","23477/2025-11-03/1760086927.json"
"512557","146154","2025-11-03","45.00","NZD","1760086927","23477/2025-11-03/1760086927.json"
"365170","146153","2025-11-03","48.00","NZD","1760086927","23477/2025-11-03/1760086927.json"
"510807","146155","2025-11-03","52.00","NZD","1760086927","23477/2025-11-03/1760086927.json"
"581513","221281","2025-11-04","36.00","NZD","1760086927","23477/2025-11-04/1760086927.json"
"581514","221282","2025-11-04","36.00","NZD","1760086927","23477/2025-11-04/1760086927.json"
"512557","146154","2025-11-04","45.00","NZD","1760086927","23477/2025-11-04/1760086927.json"
"365170","146153","2025-11-04","48.00","NZD","1760086927","23477/2025-11-04/1760086927.json"
"510807","146155","2025-11-04","52.00","NZD","1760086927","23477/2025-11-04/1760086927.json"
"581513","221281","2025-11-01","36.00","NZD","1760086927","23477/2025-11-01/1760086927.json"
"581514","221282","2025-11-01","36.00","NZD","1760086927","23477/2025-11-01/1760086927.json"
"512557","146154","2025-11-01","45.00","NZD","1760086927","23477/2025-11-01/1760086927.json"
"365170","146153","2025-11-01","48.00","NZD","1760086927","23477/2025-11-01/1760086927.json"
"510807","146155","2025-11-01","52.00","NZD","1760086927","23477/2025-11-01/1760086927.json"
"581513","221281","2025-11-05","36.00","NZD","1760086927","23477/2025-11-05/1760086927.json"
"581514","221282","2025-11-05","36.00","NZD","1760086927","23477/2025-11-05/1760086927.json"
"512557","146154","2025-11-05","45.00","NZD","1760086927","23477/2025-11-05/1760086927.json"
"365170","146153","2025-11-05","48.00","NZD","1760086927","23477/2025-11-05/1760086927.json"
"510807","146155","2025-11-05","52.00","NZD","1760086927","23477/2025-11-05/1760086927.json"
"581513","221281","2025-11-02","36.00","NZD","1760086927","23477/2025-11-02/1760086927.json"
"581514","221282","2025-11-02","36.00","NZD","1760086927","23477/2025-11-02/1760086927.json"
"512557","146154","2025-11-02","45.00","NZD","1760086927","23477/2025-11-02/1760086927.json"
"365170","146153","2025-11-02","48.00","NZD","1760086927","23477/2025-11-02/1760086927.json"
"510807","146155","2025-11-02","52.00","NZD","1760086927","23477/2025-11-02/1760086927.json"
"581513","221281","2025-11-06","36.00","NZD","1760086927","23477/2025-11-06/1760086927.json"
"581514","221282","2025-11-06","36.00","NZD","1760086927","23477/2025-11-06/1760086927.json"
"512557","146154","2025-11-06","45.00","NZD","1760086927","23477/2025-11-06/1760086927.json"
"365170","146153","2025-11-06","48.00","NZD","1760086927","23477/2025-11-06/1760086927.json"
"510807","146155","2025-11-06","52.00","NZD","1760086927","23477/2025-11-06/1760086927.json"
"581513","221281","2025-11-07","36.00","NZD","1760086927","23477/2025-11-07/1760086927.json"
"581514","221282","2025-11-07","36.00","NZD","1760086927","23477/2025-11-07/1760086927.json"
"512557","146154","2025-11-07","45.00","NZD","1760086927","23477/2025-11-07/1760086927.json"
"365170","146153","2025-11-07","48.00","NZD","1760086927","23477/2025-11-07/1760086927.json"
"510807","146155","2025-11-07","52.00","NZD","1760086927","23477/2025-11-07/1760086927.json"
"581513","221281","2025-11-11","36.00","NZD","1760086927","23477/2025-11-11/1760086927.json"
"581514","221282","2025-11-11","36.00","NZD","1760086927","23477/2025-11-11/1760086927.json"
"512557","146154","2025-11-11","45.00","NZD","1760086927","23477/2025-11-11/1760086927.json"
"365170","146153","2025-11-11","48.00","NZD","1760086927","23477/2025-11-11/1760086927.json"
"510807","146155","2025-11-11","52.00","NZD","1760086927","23477/2025-11-11/1760086927.json"
"581513","221281","2025-11-10","36.00","NZD","1760086927","23477/2025-11-10/1760086927.json"
"581514","221282","2025-11-10","36.00","NZD","1760086927","23477/2025-11-10/1760086927.json"
"512557","146154","2025-11-10","45.00","NZD","1760086927","23477/2025-11-10/1760086927.json"
"365170","146153","2025-11-10","48.00","NZD","1760086927","23477/2025-11-10/1760086927.json"
"510807","146155","2025-11-10","52.00","NZD","1760086927","23477/2025-11-10/1760086927.json"
"581513","221281","2025-11-08","36.00","NZD","1760086927","23477/2025-11-08/1760086927.json"
"581514","221282","2025-11-08","36.00","NZD","1760086927","23477/2025-11-08/1760086927.json"
"512557","146154","2025-11-08","45.00","NZD","1760086927","23477/2025-11-08/1760086927.json"
"365170","146153","2025-11-08","48.00","NZD","1760086927","23477/2025-11-08/1760086927.json"
"510807","146155","2025-11-08","52.00","NZD","1760086927","23477/2025-11-08/1760086927.json"
"581513","221281","2025-11-09","36.00","NZD","1760086927","23477/2025-11-09/1760086927.json"
"581514","221282","2025-11-09","36.00","NZD","1760086927","23477/2025-11-09/1760086927.json"
"512557","146154","2025-11-09","45.00","NZD","1760086927","23477/2025-11-09/1760086927.json"
"365170","146153","2025-11-09","48.00","NZD","1760086927","23477/2025-11-09/1760086927.json"
"510807","146155","2025-11-09","52.00","NZD","1760086927","23477/2025-11-09/1760086927.json"
"581513","221281","2025-11-12","36.00","NZD","1760086927","23477/2025-11-12/1760086927.json"
"581514","221282","2025-11-12","36.00","NZD","1760086927","23477/2025-11-12/1760086927.json"
"512557","146154","2025-11-12","45.00","NZD","1760086927","23477/2025-11-12/1760086927.json"
"365170","146153","2025-11-12","48.00","NZD","1760086927","23477/2025-11-12/1760086927.json"
"510807","146155","2025-11-12","52.00","NZD","1760086927","23477/2025-11-12/1760086927.json"
"581513","221281","2025-11-13","36.00","NZD","1760086927","23477/2025-11-13/1760086927.json"
"581514","221282","2025-11-13","36.00","NZD","1760086927","23477/2025-11-13/1760086927.json"
"512557","146154","2025-11-13","45.00","NZD","1760086927","23477/2025-11-13/1760086927.json"
"365170","146153","2025-11-13","48.00","NZD","1760086927","23477/2025-11-13/1760086927.json"
"510807","146155","2025-11-13","52.00","NZD","1760086927","23477/2025-11-13/1760086927.json"
"581513","221281","2025-11-15","36.00","NZD","1760086927","23477/2025-11-15/1760086927.json"
"581514","221282","2025-11-15","36.00","NZD","1760086927","23477/2025-11-15/1760086927.json"
"512557","146154","2025-11-15","45.00","NZD","1760086927","23477/2025-11-15/1760086927.json"
"365170","146153","2025-11-15","48.00","NZD","1760086927","23477/2025-11-15/1760086927.json"
"510807","146155","2025-11-15","52.00","NZD","1760086927","23477/2025-11-15/1760086927.json"
"581513","221281","2025-11-14","36.00","NZD","1760086927","23477/2025-11-14/1760086927.json"
"581514","221282","2025-11-14","36.00","NZD","1760086927","23477/2025-11-14/1760086927.json"
"512557","146154","2025-11-14","45.00","NZD","1760086927","23477/2025-11-14/1760086927.json"
"365170","146153","2025-11-14","48.00","NZD","1760086927","23477/2025-11-14/1760086927.json"
"510807","146155","2025-11-14","52.00","NZD","1760086927","23477/2025-11-14/1760086927.json"
"581513","221281","2025-11-18","36.00","NZD","1760086927","23477/2025-11-18/1760086927.json"
"581514","221282","2025-11-18","36.00","NZD","1760086927","23477/2025-11-18/1760086927.json"
"512557","146154","2025-11-18","45.00","NZD","1760086927","23477/2025-11-18/1760086927.json"
"365170","146153","2025-11-18","48.00","NZD","1760086927","23477/2025-11-18/1760086927.json"
"510807","146155","2025-11-18","52.00","NZD","1760086927","23477/2025-11-18/1760086927.json"
"581513","221281","2025-11-19","36.00","NZD","1760086927","23477/2025-11-19/1760086927.json"
"581514","221282","2025-11-19","36.00","NZD","1760086927","23477/2025-11-19/1760086927.json"
"512557","146154","2025-11-19","45.00","NZD","1760086927","23477/2025-11-19/1760086927.json"
"365170","146153","2025-11-19","48.00","NZD","1760086927","23477/2025-11-19/1760086927.json"
"510807","146155","2025-11-19","52.00","NZD","1760086927","23477/2025-11-19/1760086927.json"
"581513","221281","2025-11-17","36.00","NZD","1760086927","23477/2025-11-17/1760086927.json"
"581514","221282","2025-11-17","36.00","NZD","1760086927","23477/2025-11-17/1760086927.json"
"512557","146154","2025-11-17","45.00","NZD","1760086927","23477/2025-11-17/1760086927.json"
"365170","146153","2025-11-17","48.00","NZD","1760086927","23477/2025-11-17/1760086927.json"
"510807","146155","2025-11-17","52.00","NZD","1760086927","23477/2025-11-17/1760086927.json"
"581513","221281","2025-11-16","36.00","NZD","1760086927","23477/2025-11-16/1760086927.json"
"581514","221282","2025-11-16","36.00","NZD","1760086927","23477/2025-11-16/1760086927.json"
"512557","146154","2025-11-16","45.00","NZD","1760086927","23477/2025-11-16/1760086927.json"
"365170","146153","2025-11-16","48.00","NZD","1760086927","23477/2025-11-16/1760086927.json"
"510807","146155","2025-11-16","52.00","NZD","1760086927","23477/2025-11-16/1760086927.json"
"581513","221281","2025-11-21","36.00","NZD","1760086927","23477/2025-11-21/1760086927.json"
"581514","221282","2025-11-21","36.00","NZD","1760086927","23477/2025-11-21/1760086927.json"
"512557","146154","2025-11-21","45.00","NZD","1760086927","23477/2025-11-21/1760086927.json"
"365170","146153","2025-11-21","48.00","NZD","1760086927","23477/2025-11-21/1760086927.json"
"510807","146155","2025-11-21","52.00","NZD","1760086927","23477/2025-11-21/1760086927.json"
"581513","221281","2025-11-20","36.00","NZD","1760086927","23477/2025-11-20/1760086927.json"
"581514","221282","2025-11-20","36.00","NZD","1760086927","23477/2025-11-20/1760086927.json"
"512557","146154","2025-11-20","45.00","NZD","1760086927","23477/2025-11-20/1760086927.json"
"581513","221281","2025-11-22","36.00","NZD","1760086927","23477/2025-11-22/1760086927.json"
"581514","221282","2025-11-22","36.00","NZD","1760086927","23477/2025-11-22/1760086927.json"
"512557","146154","2025-11-22","45.00","NZD","1760086927","23477/2025-11-22/1760086927.json"
"365170","146153","2025-11-22","48.00","NZD","1760086927","23477/2025-11-22/1760086927.json"
"510807","146155","2025-11-22","52.00","NZD","1760086927","23477/2025-11-22/1760086927.json"
"581513","221281","2025-11-23","36.00","NZD","1760086927","23477/2025-11-23/1760086927.json"
"581514","221282","2025-11-23","36.00","NZD","1760086927","23477/2025-11-23/1760086927.json"
"512557","146154","2025-11-23","45.00","NZD","1760086927","23477/2025-11-23/1760086927.json"
"365170","146153","2025-11-23","48.00","NZD","1760086927","23477/2025-11-23/1760086927.json"
"510807","146155","2025-11-23","52.00","NZD","1760086927","23477/2025-11-23/1760086927.json"
"581513","221281","2025-11-25","36.00","NZD","1760086927","23477/2025-11-25/1760086927.json"
"581514","221282","2025-11-25","36.00","NZD","1760086927","23477/2025-11-25/1760086927.json"
"512557","146154","2025-11-25","45.00","NZD","1760086927","23477/2025-11-25/1760086927.json"
"365170","146153","2025-11-25","48.00","NZD","1760086927","23477/2025-11-25/1760086927.json"
"510807","146155","2025-11-25","52.00","NZD","1760086927","23477/2025-11-25/1760086927.json"
"581513","221281","2025-11-26","36.00","NZD","1760086927","23477/2025-11-26/1760086927.json"
"581514","221282","2025-11-26","36.00","NZD","1760086927","23477/2025-11-26/1760086927.json"
"512557","146154","2025-11-26","45.00","NZD","1760086927","23477/2025-11-26/1760086927.json"
"365170","146153","2025-11-26","48.00","NZD","1760086927","23477/2025-11-26/1760086927.json"
"510807","146155","2025-11-26","52.00","NZD","1760086927","23477/2025-11-26/1760086927.json"
"581513","221281","2025-11-27","36.00","NZD","1760086927","23477/2025-11-27/1760086927.json"
"581514","221282","2025-11-27","36.00","NZD","1760086927","23477/2025-11-27/1760086927.json"
"512557","146154","2025-11-27","45.00","NZD","1760086927","23477/2025-11-27/1760086927.json"
"365170","146153","2025-11-27","48.00","NZD","1760086927","23477/2025-11-27/1760086927.json"
"510807","146155","2025-11-27","52.00","NZD","1760086927","23477/2025-11-27/1760086927.json"
"581513","221281","2025-11-24","36.00","NZD","1760086927","23477/2025-11-24/1760086927.json"
"581514","221282","2025-11-24","36.00","NZD","1760086927","23477/2025-11-24/1760086927.json"
"512557","146154","2025-11-24","45.00","NZD","1760086927","23477/2025-11-24/1760086927.json"
"365170","146153","2025-11-24","48.00","NZD","1760086927","23477/2025-11-24/1760086927.json"
"510807","146155","2025-11-24","52.00","NZD","1760086927","23477/2025-11-24/1760086927.json"
"581513","221281","2025-11-28","36.00","NZD","1760086927","23477/2025-11-28/1760086927.json"
"581514","221282","2025-11-28","36.00","NZD","1760086927","23477/2025-11-28/1760086927.json"
"512557","146154","2025-11-28","45.00","NZD","1760086927","23477/2025-11-28/1760086927.json"
"365170","146153","2025-11-28","48.00","NZD","1760086927","23477/2025-11-28/1760086927.json"
"510807","146155","2025-11-28","52.00","NZD","1760086927","23477/2025-11-28/1760086927.json"
"581513","221281","2025-11-29","36.00","NZD","1760086927","23477/2025-11-29/1760086927.json"
"581514","221282","2025-11-29","36.00","NZD","1760086927","23477/2025-11-29/1760086927.json"
"512557","146154","2025-11-29","45.00","NZD","1760086927","23477/2025-11-29/1760086927.json"
"365170","146153","2025-11-29","48.00","NZD","1760086927","23477/2025-11-29/1760086927.json"
"510807","146155","2025-11-29","52.00","NZD","1760086927","23477/2025-11-29/1760086927.json"
"581513","221281","2025-11-30","36.00","NZD","1760086927","23477/2025-11-30/1760086927.json"
"581514","221282","2025-11-30","36.00","NZD","1760086927","23477/2025-11-30/1760086927.json"
"512557","146154","2025-11-30","45.00","NZD","1760086927","23477/2025-11-30/1760086927.json"
"365170","146153","2025-11-30","48.00","NZD","1760086927","23477/2025-11-30/1760086927.json"
"510807","146155","2025-11-30","52.00","NZD","1760086927","23477/2025-11-30/1760086927.json"
"581513","221281","2025-12-01","36.00","NZD","1760086927","23477/2025-12-01/1760086927.json"
"581514","221282","2025-12-01","36.00","NZD","1760086927","23477/2025-12-01/1760086927.json"
"512557","146154","2025-12-01","45.00","NZD","1760086927","23477/2025-12-01/1760086927.json"
"365170","146153","2025-12-01","48.00","NZD","1760086927","23477/2025-12-01/1760086927.json"
"510807","146155","2025-12-01","52.00","NZD","1760086927","23477/2025-12-01/1760086927.json"
"581513","221281","2025-12-02","36.00","NZD","1760086927","23477/2025-12-02/1760086927.json"
"581514","221282","2025-12-02","36.00","NZD","1760086927","23477/2025-12-02/1760086927.json"
"512557","146154","2025-12-02","45.00","NZD","1760086927","23477/2025-12-02/1760086927.json"
"365170","146153","2025-12-02","48.00","NZD","1760086927","23477/2025-12-02/1760086927.json"
"510807","146155","2025-12-02","52.00","NZD","1760086927","23477/2025-12-02/1760086927.json"
"581513","221281","2025-12-03","36.00","NZD","1760086927","23477/2025-12-03/1760086927.json"
"581514","221282","2025-12-03","36.00","NZD","1760086927","23477/2025-12-03/1760086927.json"
"512557","146154","2025-12-03","45.00","NZD","1760086927","23477/2025-12-03/1760086927.json"
"365170","146153","2025-12-03","48.00","NZD","1760086927","23477/2025-12-03/1760086927.json"
"510807","146155","2025-12-03","52.00","NZD","1760086927","23477/2025-12-03/1760086927.json"
"581513","221281","2025-12-04","36.00","NZD","1760086927","23477/2025-12-04/1760086927.json"
"581514","221282","2025-12-04","36.00","NZD","1760086927","23477/2025-12-04/1760086927.json"
"512557","146154","2025-12-04","45.00","NZD","1760086927","23477/2025-12-04/1760086927.json"
"365170","146153","2025-12-04","48.00","NZD","1760086927","23477/2025-12-04/1760086927.json"
"510807","146155","2025-12-04","52.00","NZD","1760086927","23477/2025-12-04/1760086927.json"
"581513","221281","2025-12-07","36.00","NZD","1760086927","23477/2025-12-07/1760086927.json"
"581514","221282","2025-12-07","36.00","NZD","1760086927","23477/2025-12-07/1760086927.json"
"512557","146154","2025-12-07","45.00","NZD","1760086927","23477/2025-12-07/1760086927.json"
"365170","146153","2025-12-07","48.00","NZD","1760086927","23477/2025-12-07/1760086927.json"
"510807","146155","2025-12-07","52.00","NZD","1760086927","23477/2025-12-07/1760086927.json"
"581513","221281","2025-12-05","36.00","NZD","1760086927","23477/2025-12-05/1760086927.json"
"581514","221282","2025-12-05","36.00","NZD","1760086927","23477/2025-12-05/1760086927.json"
"512557","146154","2025-12-05","45.00","NZD","1760086927","23477/2025-12-05/1760086927.json"
"365170","146153","2025-12-05","48.00","NZD","1760086927","23477/2025-12-05/1760086927.json"
"510807","146155","2025-12-05","52.00","NZD","1760086927","23477/2025-12-05/1760086927.json"
"581513","221281","2025-12-08","36.00","NZD","1760086927","23477/2025-12-08/1760086927.json"
"581514","221282","2025-12-08","36.00","NZD","1760086927","23477/2025-12-08/1760086927.json"
"512557","146154","2025-12-08","45.00","NZD","1760086927","23477/2025-12-08/1760086927.json"
"365170","146153","2025-12-08","48.00","NZD","1760086927","23477/2025-12-08/1760086927.json"
"510807","146155","2025-12-08","52.00","NZD","1760086927","23477/2025-12-08/1760086927.json"
"581513","221281","2025-12-06","36.00","NZD","1760086927","23477/2025-12-06/1760086927.json"
"581514","221282","2025-12-06","36.00","NZD","1760086927","23477/2025-12-06/1760086927.json"
"512557","146154","2025-12-06","45.00","NZD","1760086927","23477/2025-12-06/1760086927.json"
"365170","146153","2025-12-06","48.00","NZD","1760086927","23477/2025-12-06/1760086927.json"
"510807","146155","2025-12-06","52.00","NZD","1760086927","23477/2025-12-06/1760086927.json"
"581513","221281","2025-12-09","36.00","NZD","1760086927","23477/2025-12-09/1760086927.json"
"581514","221282","2025-12-09","36.00","NZD","1760086927","23477/2025-12-09/1760086927.json"
"512557","146154","2025-12-09","45.00","NZD","1760086927","23477/2025-12-09/1760086927.json"
"365170","146153","2025-12-09","48.00","NZD","1760086927","23477/2025-12-09/1760086927.json"
"510807","146155","2025-12-09","52.00","NZD","1760086927","23477/2025-12-09/1760086927.json"
"581513","221281","2025-10-12","36.00","NZD","1760104165","23477/2025-10-12/1760104165.json"
"581514","221282","2025-10-12","36.00","NZD","1760104165","23477/2025-10-12/1760104165.json"
"512557","146154","2025-10-12","45.00","NZD","1760104165","23477/2025-10-12/1760104165.json"
"365170","146153","2025-10-12","48.00","NZD","1760104165","23477/2025-10-12/1760104165.json"
"510807","146155","2025-10-12","52.00","NZD","1760104165","23477/2025-10-12/1760104165.json"
"581513","221281","2025-10-13","36.00","NZD","1760104165","23477/2025-10-13/1760104165.json"
"581514","221282","2025-10-13","36.00","NZD","1760104165","23477/2025-10-13/1760104165.json"
"512557","146154","2025-10-13","45.00","NZD","1760104165","23477/2025-10-13/1760104165.json"
"365170","146153","2025-10-13","48.00","NZD","1760104165","23477/2025-10-13/1760104165.json"
"510807","146155","2025-10-13","52.00","NZD","1760104165","23477/2025-10-13/1760104165.json"
"581513","221281","2025-10-11","36.00","NZD","1760104165","23477/2025-10-11/1760104165.json"
"581514","221282","2025-10-11","36.00","NZD","1760104165","23477/2025-10-11/1760104165.json"
"512557","146154","2025-10-11","45.00","NZD","1760104165","23477/2025-10-11/1760104165.json"
"365170","146153","2025-10-11","48.00","NZD","1760104165","23477/2025-10-11/1760104165.json"
"510807","146155","2025-10-11","52.00","NZD","1760104165","23477/2025-10-11/1760104165.json"
"581513","221281","2025-10-14","36.00","NZD","1760104165","23477/2025-10-14/1760104165.json"
"581514","221282","2025-10-14","36.00","NZD","1760104165","23477/2025-10-14/1760104165.json"
"512557","146154","2025-10-14","45.00","NZD","1760104165","23477/2025-10-14/1760104165.json"
"365170","146153","2025-10-14","48.00","NZD","1760104165","23477/2025-10-14/1760104165.json"
"510807","146155","2025-10-14","52.00","NZD","1760104165","23477/2025-10-14/1760104165.json"
"581513","221281","2025-10-17","36.00","NZD","1760104165","23477/2025-10-17/1760104165.json"
"581514","221282","2025-10-17","36.00","NZD","1760104165","23477/2025-10-17/1760104165.json"
"512557","146154","2025-10-17","45.00","NZD","1760104165","23477/2025-10-17/1760104165.json"
"365170","146153","2025-10-17","48.00","NZD","1760104165","23477/2025-10-17/1760104165.json"
"510807","146155","2025-10-17","52.00","NZD","1760104165","23477/2025-10-17/1760104165.json"
"581513","221281","2025-10-15","36.00","NZD","1760104165","23477/2025-10-15/1760104165.json"
"581514","221282","2025-10-15","36.00","NZD","1760104165","23477/2025-10-15/1760104165.json"
"512557","146154","2025-10-15","45.00","NZD","1760104165","23477/2025-10-15/1760104165.json"
"365170","146153","2025-10-15","48.00","NZD","1760104165","23477/2025-10-15/1760104165.json"
"510807","146155","2025-10-15","52.00","NZD","1760104165","23477/2025-10-15/1760104165.json"
"581513","221281","2025-10-16","36.00","NZD","1760104165","23477/2025-10-16/1760104165.json"
"581514","221282","2025-10-16","36.00","NZD","1760104165","23477/2025-10-16/1760104165.json"
"512557","146154","2025-10-16","45.00","NZD","1760104165","23477/2025-10-16/1760104165.json"
"365170","146153","2025-10-16","48.00","NZD","1760104165","23477/2025-10-16/1760104165.json"
"510807","146155","2025-10-16","52.00","NZD","1760104165","23477/2025-10-16/1760104165.json"
"581513","221281","2025-10-19","36.00","NZD","1760104165","23477/2025-10-19/1760104165.json"
"581514","221282","2025-10-19","36.00","NZD","1760104165","23477/2025-10-19/1760104165.json"
"512557","146154","2025-10-19","45.00","NZD","1760104165","23477/2025-10-19/1760104165.json"
"365170","146153","2025-10-19","48.00","NZD","1760104165","23477/2025-10-19/1760104165.json"
"510807","146155","2025-10-19","52.00","NZD","1760104165","23477/2025-10-19/1760104165.json"
"581513","221281","2025-10-21","36.00","NZD","1760104165","23477/2025-10-21/1760104165.json"
"581514","221282","2025-10-21","36.00","NZD","1760104165","23477/2025-10-21/1760104165.json"
"512557","146154","2025-10-21","45.00","NZD","1760104165","23477/2025-10-21/1760104165.json"
"365170","146153","2025-10-21","48.00","NZD","1760104165","23477/2025-10-21/1760104165.json"
"510807","146155","2025-10-21","52.00","NZD","1760104165","23477/2025-10-21/1760104165.json"
"581513","221281","2025-10-20","36.00","NZD","1760104165","23477/2025-10-20/1760104165.json"
"581514","221282","2025-10-20","36.00","NZD","1760104165","23477/2025-10-20/1760104165.json"
"512557","146154","2025-10-20","45.00","NZD","1760104165","23477/2025-10-20/1760104165.json"
"365170","146153","2025-10-20","48.00","NZD","1760104165","23477/2025-10-20/1760104165.json"
"510807","146155","2025-10-20","52.00","NZD","1760104165","23477/2025-10-20/1760104165.json"
"581513","221281","2025-10-18","36.00","NZD","1760104165","23477/2025-10-18/1760104165.json"
"581514","221282","2025-10-18","36.00","NZD","1760104165","23477/2025-10-18/1760104165.json"
"512557","146154","2025-10-18","45.00","NZD","1760104165","23477/2025-10-18/1760104165.json"
"365170","146153","2025-10-18","48.00","NZD","1760104165","23477/2025-10-18/1760104165.json"
"510807","146155","2025-10-18","52.00","NZD","1760104165","23477/2025-10-18/1760104165.json"
"581513","221281","2025-10-22","36.00","NZD","1760104165","23477/2025-10-22/1760104165.json"
"581514","221282","2025-10-22","36.00","NZD","1760104165","23477/2025-10-22/1760104165.json"
"512557","146154","2025-10-22","45.00","NZD","1760104165","23477/2025-10-22/1760104165.json"
"365170","146153","2025-10-22","48.00","NZD","1760104165","23477/2025-10-22/1760104165.json"
"510807","146155","2025-10-22","52.00","NZD","1760104165","23477/2025-10-22/1760104165.json"
"581513","221281","2025-10-23","36.00","NZD","1760104165","23477/2025-10-23/1760104165.json"
"581514","221282","2025-10-23","36.00","NZD","1760104165","23477/2025-10-23/1760104165.json"
"512557","146154","2025-10-23","45.00","NZD","1760104165","23477/2025-10-23/1760104165.json"
"365170","146153","2025-10-23","48.00","NZD","1760104165","23477/2025-10-23/1760104165.json"
"510807","146155","2025-10-23","52.00","NZD","1760104165","23477/2025-10-23/1760104165.json"
"581513","221281","2025-10-24","36.00","NZD","1760104165","23477/2025-10-24/1760104165.json"
"581514","221282","2025-10-24","36.00","NZD","1760104165","23477/2025-10-24/1760104165.json"
"512557","146154","2025-10-24","45.00","NZD","1760104165","23477/2025-10-24/1760104165.json"
"365170","146153","2025-10-24","48.00","NZD","1760104165","23477/2025-10-24/1760104165.json"
"510807","146155","2025-10-24","52.00","NZD","1760104165","23477/2025-10-24/1760104165.json"
"581513","221281","2025-10-25","36.00","NZD","1760104165","23477/2025-10-25/1760104165.json"
"581514","221282","2025-10-25","36.00","NZD","1760104165","23477/2025-10-25/1760104165.json"
"512557","146154","2025-10-25","45.00","NZD","1760104165","23477/2025-10-25/1760104165.json"
"365170","146153","2025-10-25","48.00","NZD","1760104165","23477/2025-10-25/1760104165.json"
"510807","146155","2025-10-25","52.00","NZD","1760104165","23477/2025-10-25/1760104165.json"
"581513","221281","2025-10-26","36.00","NZD","1760104165","23477/2025-10-26/1760104165.json"
"581514","221282","2025-10-26","36.00","NZD","1760104165","23477/2025-10-26/1760104165.json"
"512557","146154","2025-10-26","45.00","NZD","1760104165","23477/2025-10-26/1760104165.json"
"365170","146153","2025-10-26","48.00","NZD","1760104165","23477/2025-10-26/1760104165.json"
"510807","146155","2025-10-26","52.00","NZD","1760104165","23477/2025-10-26/1760104165.json"
"581513","221281","2025-10-27","36.00","NZD","1760104165","23477/2025-10-27/1760104165.json"
"581514","221282","2025-10-27","36.00","NZD","1760104165","23477/2025-10-27/1760104165.json"
"512557","146154","2025-10-27","45.00","NZD","1760104165","23477/2025-10-27/1760104165.json"
"365170","146153","2025-10-27","48.00","NZD","1760104165","23477/2025-10-27/1760104165.json"
"510807","146155","2025-10-27","52.00","NZD","1760104165","23477/2025-10-27/1760104165.json"
"581513","221281","2025-10-29","36.00","NZD","1760104165","23477/2025-10-29/1760104165.json"
"581514","221282","2025-10-29","36.00","NZD","1760104165","23477/2025-10-29/1760104165.json"
"512557","146154","2025-10-29","45.00","NZD","1760104165","23477/2025-10-29/1760104165.json"
"365170","146153","2025-10-29","48.00","NZD","1760104165","23477/2025-10-29/1760104165.json"
"510807","146155","2025-10-29","52.00","NZD","1760104165","23477/2025-10-29/1760104165.json"
"581513","221281","2025-10-28","36.00","NZD","1760104165","23477/2025-10-28/1760104165.json"
"581514","221282","2025-10-28","36.00","NZD","1760104165","23477/2025-10-28/1760104165.json"
"512557","146154","2025-10-28","45.00","NZD","1760104165","23477/2025-10-28/1760104165.json"
"365170","146153","2025-10-28","48.00","NZD","1760104165","23477/2025-10-28/1760104165.json"
"510807","146155","2025-10-28","52.00","NZD","1760104165","23477/2025-10-28/1760104165.json"
"581513","221281","2025-10-30","36.00","NZD","1760104165","23477/2025-10-30/1760104165.json"
"581514","221282","2025-10-30","36.00","NZD","1760104165","23477/2025-10-30/1760104165.json"
"512557","146154","2025-10-30","45.00","NZD","1760104165","23477/2025-10-30/1760104165.json"
"365170","146153","2025-10-30","48.00","NZD","1760104165","23477/2025-10-30/1760104165.json"
"510807","146155","2025-10-30","52.00","NZD","1760104165","23477/2025-10-30/1760104165.json"
"581513","221281","2025-10-31","36.00","NZD","1760104165","23477/2025-10-31/1760104165.json"
"581514","221282","2025-10-31","36.00","NZD","1760104165","23477/2025-10-31/1760104165.json"
"512557","146154","2025-10-31","45.00","NZD","1760104165","23477/2025-10-31/1760104165.json"
"365170","146153","2025-10-31","48.00","NZD","1760104165","23477/2025-10-31/1760104165.json"
"510807","146155","2025-10-31","52.00","NZD","1760104165","23477/2025-10-31/1760104165.json"
"581513","221281","2025-11-01","36.00","NZD","1760104165","23477/2025-11-01/1760104165.json"
"581514","221282","2025-11-01","36.00","NZD","1760104165","23477/2025-11-01/1760104165.json"
"512557","146154","2025-11-01","45.00","NZD","1760104165","23477/2025-11-01/1760104165.json"
"365170","146153","2025-11-01","48.00","NZD","1760104165","23477/2025-11-01/1760104165.json"
"510807","146155","2025-11-01","52.00","NZD","1760104165","23477/2025-11-01/1760104165.json"
"581513","221281","2025-11-02","36.00","NZD","1760104165","23477/2025-11-02/1760104165.json"
"581514","221282","2025-11-02","36.00","NZD","1760104165","23477/2025-11-02/1760104165.json"
"512557","146154","2025-11-02","45.00","NZD","1760104165","23477/2025-11-02/1760104165.json"
"365170","146153","2025-11-02","48.00","NZD","1760104165","23477/2025-11-02/1760104165.json"
"510807","146155","2025-11-02","52.00","NZD","1760104165","23477/2025-11-02/1760104165.json"
"581513","221281","2025-11-03","36.00","NZD","1760104165","23477/2025-11-03/1760104165.json"
"581514","221282","2025-11-03","36.00","NZD","1760104165","23477/2025-11-03/1760104165.json"
"512557","146154","2025-11-03","45.00","NZD","1760104165","23477/2025-11-03/1760104165.json"
"365170","146153","2025-11-03","48.00","NZD","1760104165","23477/2025-11-03/1760104165.json"
"510807","146155","2025-11-03","52.00","NZD","1760104165","23477/2025-11-03/1760104165.json"
"581513","221281","2025-11-04","36.00","NZD","1760104165","23477/2025-11-04/1760104165.json"
"581514","221282","2025-11-04","36.00","NZD","1760104165","23477/2025-11-04/1760104165.json"
"512557","146154","2025-11-04","45.00","NZD","1760104165","23477/2025-11-04/1760104165.json"
"365170","146153","2025-11-04","48.00","NZD","1760104165","23477/2025-11-04/1760104165.json"
"510807","146155","2025-11-04","52.00","NZD","1760104165","23477/2025-11-04/1760104165.json"
"581513","221281","2025-11-05","36.00","NZD","1760104165","23477/2025-11-05/1760104165.json"
"581514","221282","2025-11-05","36.00","NZD","1760104165","23477/2025-11-05/1760104165.json"
"512557","146154","2025-11-05","45.00","NZD","1760104165","23477/2025-11-05/1760104165.json"
"365170","146153","2025-11-05","48.00","NZD","1760104165","23477/2025-11-05/1760104165.json"
"510807","146155","2025-11-05","52.00","NZD","1760104165","23477/2025-11-05/1760104165.json"
"581513","221281","2025-11-06","36.00","NZD","1760104165","23477/2025-11-06/1760104165.json"
"581514","221282","2025-11-06","36.00","NZD","1760104165","23477/2025-11-06/1760104165.json"
"512557","146154","2025-11-06","45.00","NZD","1760104165","23477/2025-11-06/1760104165.json"
"365170","146153","2025-11-06","48.00","NZD","1760104165","23477/2025-11-06/1760104165.json"
"510807","146155","2025-11-06","52.00","NZD","1760104165","23477/2025-11-06/1760104165.json"
"581513","221281","2025-11-07","36.00","NZD","1760104165","23477/2025-11-07/1760104165.json"
"581514","221282","2025-11-07","36.00","NZD","1760104165","23477/2025-11-07/1760104165.json"
"512557","146154","2025-11-07","45.00","NZD","1760104165","23477/2025-11-07/1760104165.json"
"365170","146153","2025-11-07","48.00","NZD","1760104165","23477/2025-11-07/1760104165.json"
"510807","146155","2025-11-07","52.00","NZD","1760104165","23477/2025-11-07/1760104165.json"
"581513","221281","2025-11-08","36.00","NZD","1760104165","23477/2025-11-08/1760104165.json"
"581514","221282","2025-11-08","36.00","NZD","1760104165","23477/2025-11-08/1760104165.json"
"512557","146154","2025-11-08","45.00","NZD","1760104165","23477/2025-11-08/1760104165.json"
"365170","146153","2025-11-08","48.00","NZD","1760104165","23477/2025-11-08/1760104165.json"
"510807","146155","2025-11-08","52.00","NZD","1760104165","23477/2025-11-08/1760104165.json"
"581513","221281","2025-11-09","36.00","NZD","1760104165","23477/2025-11-09/1760104165.json"
"581514","221282","2025-11-09","36.00","NZD","1760104165","23477/2025-11-09/1760104165.json"
"512557","146154","2025-11-09","45.00","NZD","1760104165","23477/2025-11-09/1760104165.json"
"365170","146153","2025-11-09","48.00","NZD","1760104165","23477/2025-11-09/1760104165.json"
"510807","146155","2025-11-09","52.00","NZD","1760104165","23477/2025-11-09/1760104165.json"
"581513","221281","2025-11-11","36.00","NZD","1760104165","23477/2025-11-11/1760104165.json"
"581514","221282","2025-11-11","36.00","NZD","1760104165","23477/2025-11-11/1760104165.json"
"512557","146154","2025-11-11","45.00","NZD","1760104165","23477/2025-11-11/1760104165.json"
"365170","146153","2025-11-11","48.00","NZD","1760104165","23477/2025-11-11/1760104165.json"
"510807","146155","2025-11-11","52.00","NZD","1760104165","23477/2025-11-11/1760104165.json"
"581513","221281","2025-11-10","36.00","NZD","1760104165","23477/2025-11-10/1760104165.json"
"581514","221282","2025-11-10","36.00","NZD","1760104165","23477/2025-11-10/1760104165.json"
"512557","146154","2025-11-10","45.00","NZD","1760104165","23477/2025-11-10/1760104165.json"
"365170","146153","2025-11-10","48.00","NZD","1760104165","23477/2025-11-10/1760104165.json"
"510807","146155","2025-11-10","52.00","NZD","1760104165","23477/2025-11-10/1760104165.json"
"581513","221281","2025-11-12","36.00","NZD","1760104165","23477/2025-11-12/1760104165.json"
"581514","221282","2025-11-12","36.00","NZD","1760104165","23477/2025-11-12/1760104165.json"
"512557","146154","2025-11-12","45.00","NZD","1760104165","23477/2025-11-12/1760104165.json"
"365170","146153","2025-11-12","48.00","NZD","1760104165","23477/2025-11-12/1760104165.json"
"510807","146155","2025-11-12","52.00","NZD","1760104165","23477/2025-11-12/1760104165.json"
"581513","221281","2025-11-13","36.00","NZD","1760104165","23477/2025-11-13/1760104165.json"
"581514","221282","2025-11-13","36.00","NZD","1760104165","23477/2025-11-13/1760104165.json"
"512557","146154","2025-11-13","45.00","NZD","1760104165","23477/2025-11-13/1760104165.json"
"365170","146153","2025-11-13","48.00","NZD","1760104165","23477/2025-11-13/1760104165.json"
"510807","146155","2025-11-13","52.00","NZD","1760104165","23477/2025-11-13/1760104165.json"
"581513","221281","2025-11-15","36.00","NZD","1760104165","23477/2025-11-15/1760104165.json"
"581514","221282","2025-11-15","36.00","NZD","1760104165","23477/2025-11-15/1760104165.json"
"512557","146154","2025-11-15","45.00","NZD","1760104165","23477/2025-11-15/1760104165.json"
"365170","146153","2025-11-15","48.00","NZD","1760104165","23477/2025-11-15/1760104165.json"
"510807","146155","2025-11-15","52.00","NZD","1760104165","23477/2025-11-15/1760104165.json"
"581513","221281","2025-11-14","36.00","NZD","1760104165","23477/2025-11-14/1760104165.json"
"581514","221282","2025-11-14","36.00","NZD","1760104165","23477/2025-11-14/1760104165.json"
"512557","146154","2025-11-14","45.00","NZD","1760104165","23477/2025-11-14/1760104165.json"
"365170","146153","2025-11-14","48.00","NZD","1760104165","23477/2025-11-14/1760104165.json"
"510807","146155","2025-11-14","52.00","NZD","1760104165","23477/2025-11-14/1760104165.json"
"581513","221281","2025-11-16","36.00","NZD","1760104165","23477/2025-11-16/1760104165.json"
"581514","221282","2025-11-16","36.00","NZD","1760104165","23477/2025-11-16/1760104165.json"
"512557","146154","2025-11-16","45.00","NZD","1760104165","23477/2025-11-16/1760104165.json"
"365170","146153","2025-11-16","48.00","NZD","1760104165","23477/2025-11-16/1760104165.json"
"510807","146155","2025-11-16","52.00","NZD","1760104165","23477/2025-11-16/1760104165.json"
"581513","221281","2025-11-17","36.00","NZD","1760104165","23477/2025-11-17/1760104165.json"
"581514","221282","2025-11-17","36.00","NZD","1760104165","23477/2025-11-17/1760104165.json"
"512557","146154","2025-11-17","45.00","NZD","1760104165","23477/2025-11-17/1760104165.json"
"365170","146153","2025-11-17","48.00","NZD","1760104165","23477/2025-11-17/1760104165.json"
"510807","146155","2025-11-17","52.00","NZD","1760104165","23477/2025-11-17/1760104165.json"
"581513","221281","2025-11-20","36.00","NZD","1760104165","23477/2025-11-20/1760104165.json"
"581514","221282","2025-11-20","36.00","NZD","1760104165","23477/2025-11-20/1760104165.json"
"512557","146154","2025-11-20","45.00","NZD","1760104165","23477/2025-11-20/1760104165.json"
"581513","221281","2025-11-18","36.00","NZD","1760104165","23477/2025-11-18/1760104165.json"
"581514","221282","2025-11-18","36.00","NZD","1760104165","23477/2025-11-18/1760104165.json"
"512557","146154","2025-11-18","45.00","NZD","1760104165","23477/2025-11-18/1760104165.json"
"365170","146153","2025-11-18","48.00","NZD","1760104165","23477/2025-11-18/1760104165.json"
"510807","146155","2025-11-18","52.00","NZD","1760104165","23477/2025-11-18/1760104165.json"
"581513","221281","2025-11-19","36.00","NZD","1760104165","23477/2025-11-19/1760104165.json"
"581514","221282","2025-11-19","36.00","NZD","1760104165","23477/2025-11-19/1760104165.json"
"512557","146154","2025-11-19","45.00","NZD","1760104165","23477/2025-11-19/1760104165.json"
"365170","146153","2025-11-19","48.00","NZD","1760104165","23477/2025-11-19/1760104165.json"
"510807","146155","2025-11-19","52.00","NZD","1760104165","23477/2025-11-19/1760104165.json"
"581513","221281","2025-11-21","36.00","NZD","1760104165","23477/2025-11-21/1760104165.json"
"581514","221282","2025-11-21","36.00","NZD","1760104165","23477/2025-11-21/1760104165.json"
"512557","146154","2025-11-21","45.00","NZD","1760104165","23477/2025-11-21/1760104165.json"
"365170","146153","2025-11-21","48.00","NZD","1760104165","23477/2025-11-21/1760104165.json"
"510807","146155","2025-11-21","52.00","NZD","1760104165","23477/2025-11-21/1760104165.json"
"581513","221281","2025-11-23","36.00","NZD","1760104165","23477/2025-11-23/1760104165.json"
"581514","221282","2025-11-23","36.00","NZD","1760104165","23477/2025-11-23/1760104165.json"
"512557","146154","2025-11-23","45.00","NZD","1760104165","23477/2025-11-23/1760104165.json"
"365170","146153","2025-11-23","48.00","NZD","1760104165","23477/2025-11-23/1760104165.json"
"510807","146155","2025-11-23","52.00","NZD","1760104165","23477/2025-11-23/1760104165.json"
"581513","221281","2025-11-24","36.00","NZD","1760104165","23477/2025-11-24/1760104165.json"
"581514","221282","2025-11-24","36.00","NZD","1760104165","23477/2025-11-24/1760104165.json"
"512557","146154","2025-11-24","45.00","NZD","1760104165","23477/2025-11-24/1760104165.json"
"365170","146153","2025-11-24","48.00","NZD","1760104165","23477/2025-11-24/1760104165.json"
"510807","146155","2025-11-24","52.00","NZD","1760104165","23477/2025-11-24/1760104165.json"
"581513","221281","2025-11-22","36.00","NZD","1760104165","23477/2025-11-22/1760104165.json"
"581514","221282","2025-11-22","36.00","NZD","1760104165","23477/2025-11-22/1760104165.json"
"512557","146154","2025-11-22","45.00","NZD","1760104165","23477/2025-11-22/1760104165.json"
"365170","146153","2025-11-22","48.00","NZD","1760104165","23477/2025-11-22/1760104165.json"
"510807","146155","2025-11-22","52.00","NZD","1760104165","23477/2025-11-22/1760104165.json"
"581513","221281","2025-11-25","36.00","NZD","1760104165","23477/2025-11-25/1760104165.json"
"581514","221282","2025-11-25","36.00","NZD","1760104165","23477/2025-11-25/1760104165.json"
"512557","146154","2025-11-25","45.00","NZD","1760104165","23477/2025-11-25/1760104165.json"
"365170","146153","2025-11-25","48.00","NZD","1760104165","23477/2025-11-25/1760104165.json"
"510807","146155","2025-11-25","52.00","NZD","1760104165","23477/2025-11-25/1760104165.json"
"581513","221281","2025-11-26","36.00","NZD","1760104165","23477/2025-11-26/1760104165.json"
"581514","221282","2025-11-26","36.00","NZD","1760104165","23477/2025-11-26/1760104165.json"
"512557","146154","2025-11-26","45.00","NZD","1760104165","23477/2025-11-26/1760104165.json"
"365170","146153","2025-11-26","48.00","NZD","1760104165","23477/2025-11-26/1760104165.json"
"510807","146155","2025-11-26","52.00","NZD","1760104165","23477/2025-11-26/1760104165.json"
"581513","221281","2025-11-27","36.00","NZD","1760104165","23477/2025-11-27/1760104165.json"
"581514","221282","2025-11-27","36.00","NZD","1760104165","23477/2025-11-27/1760104165.json"
"512557","146154","2025-11-27","45.00","NZD","1760104165","23477/2025-11-27/1760104165.json"
"365170","146153","2025-11-27","48.00","NZD","1760104165","23477/2025-11-27/1760104165.json"
"510807","146155","2025-11-27","52.00","NZD","1760104165","23477/2025-11-27/1760104165.json"
"581513","221281","2025-11-28","36.00","NZD","1760104165","23477/2025-11-28/1760104165.json"
"581514","221282","2025-11-28","36.00","NZD","1760104165","23477/2025-11-28/1760104165.json"
"512557","146154","2025-11-28","45.00","NZD","1760104165","23477/2025-11-28/1760104165.json"
"365170","146153","2025-11-28","48.00","NZD","1760104165","23477/2025-11-28/1760104165.json"
"510807","146155","2025-11-28","52.00","NZD","1760104165","23477/2025-11-28/1760104165.json"
"581513","221281","2025-11-29","36.00","NZD","1760104165","23477/2025-11-29/1760104165.json"
"581514","221282","2025-11-29","36.00","NZD","1760104165","23477/2025-11-29/1760104165.json"
"512557","146154","2025-11-29","45.00","NZD","1760104165","23477/2025-11-29/1760104165.json"
"365170","146153","2025-11-29","48.00","NZD","1760104165","23477/2025-11-29/1760104165.json"
"510807","146155","2025-11-29","52.00","NZD","1760104165","23477/2025-11-29/1760104165.json"
"581513","221281","2025-11-30","36.00","NZD","1760104165","23477/2025-11-30/1760104165.json"
"581514","221282","2025-11-30","36.00","NZD","1760104165","23477/2025-11-30/1760104165.json"
"512557","146154","2025-11-30","45.00","NZD","1760104165","23477/2025-11-30/1760104165.json"
"365170","146153","2025-11-30","48.00","NZD","1760104165","23477/2025-11-30/1760104165.json"
"510807","146155","2025-11-30","52.00","NZD","1760104165","23477/2025-11-30/1760104165.json"
"581513","221281","2025-12-02","36.00","NZD","1760104165","23477/2025-12-02/1760104165.json"
"581514","221282","2025-12-02","36.00","NZD","1760104165","23477/2025-12-02/1760104165.json"
"512557","146154","2025-12-02","45.00","NZD","1760104165","23477/2025-12-02/1760104165.json"
"365170","146153","2025-12-02","48.00","NZD","1760104165","23477/2025-12-02/1760104165.json"
"510807","146155","2025-12-02","52.00","NZD","1760104165","23477/2025-12-02/1760104165.json"
"581513","221281","2025-12-01","36.00","NZD","1760104165","23477/2025-12-01/1760104165.json"
"581514","221282","2025-12-01","36.00","NZD","1760104165","23477/2025-12-01/1760104165.json"
"512557","146154","2025-12-01","45.00","NZD","1760104165","23477/2025-12-01/1760104165.json"
"365170","146153","2025-12-01","48.00","NZD","1760104165","23477/2025-12-01/1760104165.json"
"510807","146155","2025-12-01","52.00","NZD","1760104165","23477/2025-12-01/1760104165.json"
"581513","221281","2025-12-03","36.00","NZD","1760104165","23477/2025-12-03/1760104165.json"
"581514","221282","2025-12-03","36.00","NZD","1760104165","23477/2025-12-03/1760104165.json"
"512557","146154","2025-12-03","45.00","NZD","1760104165","23477/2025-12-03/1760104165.json"
"365170","146153","2025-12-03","48.00","NZD","1760104165","23477/2025-12-03/1760104165.json"
"510807","146155","2025-12-03","52.00","NZD","1760104165","23477/2025-12-03/1760104165.json"
"581513","221281","2025-12-04","36.00","NZD","1760104165","23477/2025-12-04/1760104165.json"
"581514","221282","2025-12-04","36.00","NZD","1760104165","23477/2025-12-04/1760104165.json"
"512557","146154","2025-12-04","45.00","NZD","1760104165","23477/2025-12-04/1760104165.json"
"365170","146153","2025-12-04","48.00","NZD","1760104165","23477/2025-12-04/1760104165.json"
"510807","146155","2025-12-04","52.00","NZD","1760104165","23477/2025-12-04/1760104165.json"
"581513","221281","2025-12-06","36.00","NZD","1760104165","23477/2025-12-06/1760104165.json"
"581514","221282","2025-12-06","36.00","NZD","1760104165","23477/2025-12-06/1760104165.json"
"512557","146154","2025-12-06","45.00","NZD","1760104165","23477/2025-12-06/1760104165.json"
"581513","221281","2025-12-05","36.00","NZD","1760104165","23477/2025-12-05/1760104165.json"
"365170","146153","2025-12-06","48.00","NZD","1760104165","23477/2025-12-06/1760104165.json"
"581514","221282","2025-12-05","36.00","NZD","1760104165","23477/2025-12-05/1760104165.json"
"512557","146154","2025-12-05","45.00","NZD","1760104165","23477/2025-12-05/1760104165.json"
"510807","146155","2025-12-06","52.00","NZD","1760104165","23477/2025-12-06/1760104165.json"
"365170","146153","2025-12-05","48.00","NZD","1760104165","23477/2025-12-05/1760104165.json"
"510807","146155","2025-12-05","52.00","NZD","1760104165","23477/2025-12-05/1760104165.json"
"581513","221281","2025-12-07","36.00","NZD","1760104165","23477/2025-12-07/1760104165.json"
"581514","221282","2025-12-07","36.00","NZD","1760104165","23477/2025-12-07/1760104165.json"
"512557","146154","2025-12-07","45.00","NZD","1760104165","23477/2025-12-07/1760104165.json"
"365170","146153","2025-12-07","48.00","NZD","1760104165","23477/2025-12-07/1760104165.json"
"510807","146155","2025-12-07","52.00","NZD","1760104165","23477/2025-12-07/1760104165.json"
"581513","221281","2025-12-08","36.00","NZD","1760104165","23477/2025-12-08/1760104165.json"
"581514","221282","2025-12-08","36.00","NZD","1760104165","23477/2025-12-08/1760104165.json"
"512557","146154","2025-12-08","45.00","NZD","1760104165","23477/2025-12-08/1760104165.json"
"365170","146153","2025-12-08","48.00","NZD","1760104165","23477/2025-12-08/1760104165.json"
"510807","146155","2025-12-08","52.00","NZD","1760104165","23477/2025-12-08/1760104165.json"
"581513","221281","2025-12-09","36.00","NZD","1760104165","23477/2025-12-09/1760104165.json"
"581514","221282","2025-12-09","36.00","NZD","1760104165","23477/2025-12-09/1760104165.json"
"512557","146154","2025-12-09","45.00","NZD","1760104165","23477/2025-12-09/1760104165.json"
"365170","146153","2025-12-09","48.00","NZD","1760104165","23477/2025-12-09/1760104165.json"
"510807","146155","2025-12-09","52.00","NZD","1760104165","23477/2025-12-09/1760104165.json"
"581513","221281","2025-10-13","36.00","NZD","1760115601","23477/2025-10-13/1760115601.json"
"581514","221282","2025-10-13","36.00","NZD","1760115601","23477/2025-10-13/1760115601.json"
"512557","146154","2025-10-13","45.00","NZD","1760115601","23477/2025-10-13/1760115601.json"
"365170","146153","2025-10-13","48.00","NZD","1760115601","23477/2025-10-13/1760115601.json"
"510807","146155","2025-10-13","52.00","NZD","1760115601","23477/2025-10-13/1760115601.json"
"581513","221281","2025-10-11","36.00","NZD","1760115601","23477/2025-10-11/1760115601.json"
"581514","221282","2025-10-11","36.00","NZD","1760115601","23477/2025-10-11/1760115601.json"
"512557","146154","2025-10-11","45.00","NZD","1760115601","23477/2025-10-11/1760115601.json"
"365170","146153","2025-10-11","48.00","NZD","1760115601","23477/2025-10-11/1760115601.json"
"510807","146155","2025-10-11","52.00","NZD","1760115601","23477/2025-10-11/1760115601.json"
"581513","221281","2025-10-12","36.00","NZD","1760115601","23477/2025-10-12/1760115601.json"
"581514","221282","2025-10-12","36.00","NZD","1760115601","23477/2025-10-12/1760115601.json"
"512557","146154","2025-10-12","45.00","NZD","1760115601","23477/2025-10-12/1760115601.json"
"365170","146153","2025-10-12","48.00","NZD","1760115601","23477/2025-10-12/1760115601.json"
"510807","146155","2025-10-12","52.00","NZD","1760115601","23477/2025-10-12/1760115601.json"
"581513","221281","2025-10-14","36.00","NZD","1760115601","23477/2025-10-14/1760115601.json"
"581514","221282","2025-10-14","36.00","NZD","1760115601","23477/2025-10-14/1760115601.json"
"512557","146154","2025-10-14","45.00","NZD","1760115601","23477/2025-10-14/1760115601.json"
"365170","146153","2025-10-14","48.00","NZD","1760115601","23477/2025-10-14/1760115601.json"
"510807","146155","2025-10-14","52.00","NZD","1760115601","23477/2025-10-14/1760115601.json"
"581513","221281","2025-10-15","36.00","NZD","1760115601","23477/2025-10-15/1760115601.json"
"581514","221282","2025-10-15","36.00","NZD","1760115601","23477/2025-10-15/1760115601.json"
"512557","146154","2025-10-15","45.00","NZD","1760115601","23477/2025-10-15/1760115601.json"
"365170","146153","2025-10-15","48.00","NZD","1760115601","23477/2025-10-15/1760115601.json"
"510807","146155","2025-10-15","52.00","NZD","1760115601","23477/2025-10-15/1760115601.json"
"581513","221281","2025-10-16","36.00","NZD","1760115601","23477/2025-10-16/1760115601.json"
"581514","221282","2025-10-16","36.00","NZD","1760115601","23477/2025-10-16/1760115601.json"
"512557","146154","2025-10-16","45.00","NZD","1760115601","23477/2025-10-16/1760115601.json"
"365170","146153","2025-10-16","48.00","NZD","1760115601","23477/2025-10-16/1760115601.json"
"510807","146155","2025-10-16","52.00","NZD","1760115601","23477/2025-10-16/1760115601.json"
"581513","221281","2025-10-18","36.00","NZD","1760115601","23477/2025-10-18/1760115601.json"
"581514","221282","2025-10-18","36.00","NZD","1760115601","23477/2025-10-18/1760115601.json"
"512557","146154","2025-10-18","45.00","NZD","1760115601","23477/2025-10-18/1760115601.json"
"365170","146153","2025-10-18","48.00","NZD","1760115601","23477/2025-10-18/1760115601.json"
"510807","146155","2025-10-18","52.00","NZD","1760115601","23477/2025-10-18/1760115601.json"
"581513","221281","2025-10-17","36.00","NZD","1760115601","23477/2025-10-17/1760115601.json"
"581514","221282","2025-10-17","36.00","NZD","1760115601","23477/2025-10-17/1760115601.json"
"512557","146154","2025-10-17","45.00","NZD","1760115601","23477/2025-10-17/1760115601.json"
"365170","146153","2025-10-17","48.00","NZD","1760115601","23477/2025-10-17/1760115601.json"
"510807","146155","2025-10-17","52.00","NZD","1760115601","23477/2025-10-17/1760115601.json"
"581513","221281","2025-10-20","36.00","NZD","1760115601","23477/2025-10-20/1760115601.json"
"581514","221282","2025-10-20","36.00","NZD","1760115601","23477/2025-10-20/1760115601.json"
"512557","146154","2025-10-20","45.00","NZD","1760115601","23477/2025-10-20/1760115601.json"
"365170","146153","2025-10-20","48.00","NZD","1760115601","23477/2025-10-20/1760115601.json"
"510807","146155","2025-10-20","52.00","NZD","1760115601","23477/2025-10-20/1760115601.json"
"581513","221281","2025-10-19","36.00","NZD","1760115601","23477/2025-10-19/1760115601.json"
"581514","221282","2025-10-19","36.00","NZD","1760115601","23477/2025-10-19/1760115601.json"
"512557","146154","2025-10-19","45.00","NZD","1760115601","23477/2025-10-19/1760115601.json"
"365170","146153","2025-10-19","48.00","NZD","1760115601","23477/2025-10-19/1760115601.json"
"510807","146155","2025-10-19","52.00","NZD","1760115601","23477/2025-10-19/1760115601.json"
"581513","221281","2025-10-21","36.00","NZD","1760115601","23477/2025-10-21/1760115601.json"
"581514","221282","2025-10-21","36.00","NZD","1760115601","23477/2025-10-21/1760115601.json"
"512557","146154","2025-10-21","45.00","NZD","1760115601","23477/2025-10-21/1760115601.json"
"365170","146153","2025-10-21","48.00","NZD","1760115601","23477/2025-10-21/1760115601.json"
"510807","146155","2025-10-21","52.00","NZD","1760115601","23477/2025-10-21/1760115601.json"
"581513","221281","2025-10-22","36.00","NZD","1760115601","23477/2025-10-22/1760115601.json"
"581514","221282","2025-10-22","36.00","NZD","1760115601","23477/2025-10-22/1760115601.json"
"512557","146154","2025-10-22","45.00","NZD","1760115601","23477/2025-10-22/1760115601.json"
"365170","146153","2025-10-22","48.00","NZD","1760115601","23477/2025-10-22/1760115601.json"
"510807","146155","2025-10-22","52.00","NZD","1760115601","23477/2025-10-22/1760115601.json"
"581513","221281","2025-10-23","36.00","NZD","1760115601","23477/2025-10-23/1760115601.json"
"581514","221282","2025-10-23","36.00","NZD","1760115601","23477/2025-10-23/1760115601.json"
"512557","146154","2025-10-23","45.00","NZD","1760115601","23477/2025-10-23/1760115601.json"
"365170","146153","2025-10-23","48.00","NZD","1760115601","23477/2025-10-23/1760115601.json"
"510807","146155","2025-10-23","52.00","NZD","1760115601","23477/2025-10-23/1760115601.json"
"581513","221281","2025-10-24","36.00","NZD","1760115601","23477/2025-10-24/1760115601.json"
"581514","221282","2025-10-24","36.00","NZD","1760115601","23477/2025-10-24/1760115601.json"
"512557","146154","2025-10-24","45.00","NZD","1760115601","23477/2025-10-24/1760115601.json"
"365170","146153","2025-10-24","48.00","NZD","1760115601","23477/2025-10-24/1760115601.json"
"510807","146155","2025-10-24","52.00","NZD","1760115601","23477/2025-10-24/1760115601.json"
"581513","221281","2025-10-25","36.00","NZD","1760115601","23477/2025-10-25/1760115601.json"
"581514","221282","2025-10-25","36.00","NZD","1760115601","23477/2025-10-25/1760115601.json"
"512557","146154","2025-10-25","45.00","NZD","1760115601","23477/2025-10-25/1760115601.json"
"365170","146153","2025-10-25","48.00","NZD","1760115601","23477/2025-10-25/1760115601.json"
"510807","146155","2025-10-25","52.00","NZD","1760115601","23477/2025-10-25/1760115601.json"
"581513","221281","2025-10-26","36.00","NZD","1760115601","23477/2025-10-26/1760115601.json"
"581514","221282","2025-10-26","36.00","NZD","1760115601","23477/2025-10-26/1760115601.json"
"512557","146154","2025-10-26","45.00","NZD","1760115601","23477/2025-10-26/1760115601.json"
"365170","146153","2025-10-26","48.00","NZD","1760115601","23477/2025-10-26/1760115601.json"
"510807","146155","2025-10-26","52.00","NZD","1760115601","23477/2025-10-26/1760115601.json"
"581513","221281","2025-10-27","36.00","NZD","1760115601","23477/2025-10-27/1760115601.json"
"581514","221282","2025-10-27","36.00","NZD","1760115601","23477/2025-10-27/1760115601.json"
"512557","146154","2025-10-27","45.00","NZD","1760115601","23477/2025-10-27/1760115601.json"
"365170","146153","2025-10-27","48.00","NZD","1760115601","23477/2025-10-27/1760115601.json"
"510807","146155","2025-10-27","52.00","NZD","1760115601","23477/2025-10-27/1760115601.json"
"581513","221281","2025-10-28","36.00","NZD","1760115601","23477/2025-10-28/1760115601.json"
"581514","221282","2025-10-28","36.00","NZD","1760115601","23477/2025-10-28/1760115601.json"
"512557","146154","2025-10-28","45.00","NZD","1760115601","23477/2025-10-28/1760115601.json"
"365170","146153","2025-10-28","48.00","NZD","1760115601","23477/2025-10-28/1760115601.json"
"510807","146155","2025-10-28","52.00","NZD","1760115601","23477/2025-10-28/1760115601.json"
"581513","221281","2025-10-29","36.00","NZD","1760115601","23477/2025-10-29/1760115601.json"
"581514","221282","2025-10-29","36.00","NZD","1760115601","23477/2025-10-29/1760115601.json"
"512557","146154","2025-10-29","45.00","NZD","1760115601","23477/2025-10-29/1760115601.json"
"365170","146153","2025-10-29","48.00","NZD","1760115601","23477/2025-10-29/1760115601.json"
"510807","146155","2025-10-29","52.00","NZD","1760115601","23477/2025-10-29/1760115601.json"
"581513","221281","2025-10-30","36.00","NZD","1760115601","23477/2025-10-30/1760115601.json"
"581514","221282","2025-10-30","36.00","NZD","1760115601","23477/2025-10-30/1760115601.json"
"512557","146154","2025-10-30","45.00","NZD","1760115601","23477/2025-10-30/1760115601.json"
"365170","146153","2025-10-30","48.00","NZD","1760115601","23477/2025-10-30/1760115601.json"
"510807","146155","2025-10-30","52.00","NZD","1760115601","23477/2025-10-30/1760115601.json"
"581513","221281","2025-11-01","36.00","NZD","1760115601","23477/2025-11-01/1760115601.json"
"581514","221282","2025-11-01","36.00","NZD","1760115601","23477/2025-11-01/1760115601.json"
"512557","146154","2025-11-01","45.00","NZD","1760115601","23477/2025-11-01/1760115601.json"
"365170","146153","2025-11-01","48.00","NZD","1760115601","23477/2025-11-01/1760115601.json"
"510807","146155","2025-11-01","52.00","NZD","1760115601","23477/2025-11-01/1760115601.json"
"581513","221281","2025-11-03","36.00","NZD","1760115601","23477/2025-11-03/1760115601.json"
"581514","221282","2025-11-03","36.00","NZD","1760115601","23477/2025-11-03/1760115601.json"
"512557","146154","2025-11-03","45.00","NZD","1760115601","23477/2025-11-03/1760115601.json"
"365170","146153","2025-11-03","48.00","NZD","1760115601","23477/2025-11-03/1760115601.json"
"510807","146155","2025-11-03","52.00","NZD","1760115601","23477/2025-11-03/1760115601.json"
"581513","221281","2025-11-02","36.00","NZD","1760115601","23477/2025-11-02/1760115601.json"
"581514","221282","2025-11-02","36.00","NZD","1760115601","23477/2025-11-02/1760115601.json"
"512557","146154","2025-11-02","45.00","NZD","1760115601","23477/2025-11-02/1760115601.json"
"365170","146153","2025-11-02","48.00","NZD","1760115601","23477/2025-11-02/1760115601.json"
"510807","146155","2025-11-02","52.00","NZD","1760115601","23477/2025-11-02/1760115601.json"
"581513","221281","2025-10-31","36.00","NZD","1760115601","23477/2025-10-31/1760115601.json"
"581514","221282","2025-10-31","36.00","NZD","1760115601","23477/2025-10-31/1760115601.json"
"512557","146154","2025-10-31","45.00","NZD","1760115601","23477/2025-10-31/1760115601.json"
"365170","146153","2025-10-31","48.00","NZD","1760115601","23477/2025-10-31/1760115601.json"
"510807","146155","2025-10-31","52.00","NZD","1760115601","23477/2025-10-31/1760115601.json"
"581513","221281","2025-11-04","36.00","NZD","1760115601","23477/2025-11-04/1760115601.json"
"581514","221282","2025-11-04","36.00","NZD","1760115601","23477/2025-11-04/1760115601.json"
"512557","146154","2025-11-04","45.00","NZD","1760115601","23477/2025-11-04/1760115601.json"
"365170","146153","2025-11-04","48.00","NZD","1760115601","23477/2025-11-04/1760115601.json"
"510807","146155","2025-11-04","52.00","NZD","1760115601","23477/2025-11-04/1760115601.json"
"581513","221281","2025-11-05","36.00","NZD","1760115601","23477/2025-11-05/1760115601.json"
"581514","221282","2025-11-05","36.00","NZD","1760115601","23477/2025-11-05/1760115601.json"
"512557","146154","2025-11-05","45.00","NZD","1760115601","23477/2025-11-05/1760115601.json"
"365170","146153","2025-11-05","48.00","NZD","1760115601","23477/2025-11-05/1760115601.json"
"510807","146155","2025-11-05","52.00","NZD","1760115601","23477/2025-11-05/1760115601.json"
"581513","221281","2025-11-06","36.00","NZD","1760115601","23477/2025-11-06/1760115601.json"
"581514","221282","2025-11-06","36.00","NZD","1760115601","23477/2025-11-06/1760115601.json"
"512557","146154","2025-11-06","45.00","NZD","1760115601","23477/2025-11-06/1760115601.json"
"365170","146153","2025-11-06","48.00","NZD","1760115601","23477/2025-11-06/1760115601.json"
"510807","146155","2025-11-06","52.00","NZD","1760115601","23477/2025-11-06/1760115601.json"
"581513","221281","2025-11-07","36.00","NZD","1760115601","23477/2025-11-07/1760115601.json"
"581514","221282","2025-11-07","36.00","NZD","1760115601","23477/2025-11-07/1760115601.json"
"512557","146154","2025-11-07","45.00","NZD","1760115601","23477/2025-11-07/1760115601.json"
"365170","146153","2025-11-07","48.00","NZD","1760115601","23477/2025-11-07/1760115601.json"
"510807","146155","2025-11-07","52.00","NZD","1760115601","23477/2025-11-07/1760115601.json"
"581513","221281","2025-11-09","36.00","NZD","1760115601","23477/2025-11-09/1760115601.json"
"581514","221282","2025-11-09","36.00","NZD","1760115601","23477/2025-11-09/1760115601.json"
"512557","146154","2025-11-09","45.00","NZD","1760115601","23477/2025-11-09/1760115601.json"
"365170","146153","2025-11-09","48.00","NZD","1760115601","23477/2025-11-09/1760115601.json"
"510807","146155","2025-11-09","52.00","NZD","1760115601","23477/2025-11-09/1760115601.json"
"581513","221281","2025-11-08","36.00","NZD","1760115601","23477/2025-11-08/1760115601.json"
"581514","221282","2025-11-08","36.00","NZD","1760115601","23477/2025-11-08/1760115601.json"
"512557","146154","2025-11-08","45.00","NZD","1760115601","23477/2025-11-08/1760115601.json"
"365170","146153","2025-11-08","48.00","NZD","1760115601","23477/2025-11-08/1760115601.json"
"510807","146155","2025-11-08","52.00","NZD","1760115601","23477/2025-11-08/1760115601.json"
"581513","221281","2025-11-11","36.00","NZD","1760115601","23477/2025-11-11/1760115601.json"
"581514","221282","2025-11-11","36.00","NZD","1760115601","23477/2025-11-11/1760115601.json"
"512557","146154","2025-11-11","45.00","NZD","1760115601","23477/2025-11-11/1760115601.json"
"365170","146153","2025-11-11","48.00","NZD","1760115601","23477/2025-11-11/1760115601.json"
"510807","146155","2025-11-11","52.00","NZD","1760115601","23477/2025-11-11/1760115601.json"
"581513","221281","2025-11-10","36.00","NZD","1760115601","23477/2025-11-10/1760115601.json"
"581514","221282","2025-11-10","36.00","NZD","1760115601","23477/2025-11-10/1760115601.json"
"512557","146154","2025-11-10","45.00","NZD","1760115601","23477/2025-11-10/1760115601.json"
"365170","146153","2025-11-10","48.00","NZD","1760115601","23477/2025-11-10/1760115601.json"
"510807","146155","2025-11-10","52.00","NZD","1760115601","23477/2025-11-10/1760115601.json"
"581513","221281","2025-11-13","36.00","NZD","1760115601","23477/2025-11-13/1760115601.json"
"581514","221282","2025-11-13","36.00","NZD","1760115601","23477/2025-11-13/1760115601.json"
"512557","146154","2025-11-13","45.00","NZD","1760115601","23477/2025-11-13/1760115601.json"
"365170","146153","2025-11-13","48.00","NZD","1760115601","23477/2025-11-13/1760115601.json"
"510807","146155","2025-11-13","52.00","NZD","1760115601","23477/2025-11-13/1760115601.json"
"581513","221281","2025-11-12","36.00","NZD","1760115601","23477/2025-11-12/1760115601.json"
"581514","221282","2025-11-12","36.00","NZD","1760115601","23477/2025-11-12/1760115601.json"
"512557","146154","2025-11-12","45.00","NZD","1760115601","23477/2025-11-12/1760115601.json"
"365170","146153","2025-11-12","48.00","NZD","1760115601","23477/2025-11-12/1760115601.json"
"510807","146155","2025-11-12","52.00","NZD","1760115601","23477/2025-11-12/1760115601.json"
"581513","221281","2025-11-14","36.00","NZD","1760115601","23477/2025-11-14/1760115601.json"
"581514","221282","2025-11-14","36.00","NZD","1760115601","23477/2025-11-14/1760115601.json"
"512557","146154","2025-11-14","45.00","NZD","1760115601","23477/2025-11-14/1760115601.json"
"365170","146153","2025-11-14","48.00","NZD","1760115601","23477/2025-11-14/1760115601.json"
"510807","146155","2025-11-14","52.00","NZD","1760115601","23477/2025-11-14/1760115601.json"
"581513","221281","2025-11-15","36.00","NZD","1760115601","23477/2025-11-15/1760115601.json"
"581514","221282","2025-11-15","36.00","NZD","1760115601","23477/2025-11-15/1760115601.json"
"512557","146154","2025-11-15","45.00","NZD","1760115601","23477/2025-11-15/1760115601.json"
"365170","146153","2025-11-15","48.00","NZD","1760115601","23477/2025-11-15/1760115601.json"
"510807","146155","2025-11-15","52.00","NZD","1760115601","23477/2025-11-15/1760115601.json"
"581513","221281","2025-11-16","36.00","NZD","1760115601","23477/2025-11-16/1760115601.json"
"581514","221282","2025-11-16","36.00","NZD","1760115601","23477/2025-11-16/1760115601.json"
"512557","146154","2025-11-16","45.00","NZD","1760115601","23477/2025-11-16/1760115601.json"
"365170","146153","2025-11-16","48.00","NZD","1760115601","23477/2025-11-16/1760115601.json"
"510807","146155","2025-11-16","52.00","NZD","1760115601","23477/2025-11-16/1760115601.json"
"581513","221281","2025-11-17","36.00","NZD","1760115601","23477/2025-11-17/1760115601.json"
"581514","221282","2025-11-17","36.00","NZD","1760115601","23477/2025-11-17/1760115601.json"
"512557","146154","2025-11-17","45.00","NZD","1760115601","23477/2025-11-17/1760115601.json"
"365170","146153","2025-11-17","48.00","NZD","1760115601","23477/2025-11-17/1760115601.json"
"510807","146155","2025-11-17","52.00","NZD","1760115601","23477/2025-11-17/1760115601.json"
"581513","221281","2025-11-18","36.00","NZD","1760115601","23477/2025-11-18/1760115601.json"
"581514","221282","2025-11-18","36.00","NZD","1760115601","23477/2025-11-18/1760115601.json"
"512557","146154","2025-11-18","45.00","NZD","1760115601","23477/2025-11-18/1760115601.json"
"365170","146153","2025-11-18","48.00","NZD","1760115601","23477/2025-11-18/1760115601.json"
"510807","146155","2025-11-18","52.00","NZD","1760115601","23477/2025-11-18/1760115601.json"
"581513","221281","2025-11-19","36.00","NZD","1760115601","23477/2025-11-19/1760115601.json"
"581514","221282","2025-11-19","36.00","NZD","1760115601","23477/2025-11-19/1760115601.json"
"512557","146154","2025-11-19","45.00","NZD","1760115601","23477/2025-11-19/1760115601.json"
"365170","146153","2025-11-19","48.00","NZD","1760115601","23477/2025-11-19/1760115601.json"
"510807","146155","2025-11-19","52.00","NZD","1760115601","23477/2025-11-19/1760115601.json"
"581513","221281","2025-11-20","36.00","NZD","1760115601","23477/2025-11-20/1760115601.json"
"581514","221282","2025-11-20","36.00","NZD","1760115601","23477/2025-11-20/1760115601.json"
"512557","146154","2025-11-20","45.00","NZD","1760115601","23477/2025-11-20/1760115601.json"
"581513","221281","2025-11-21","36.00","NZD","1760115601","23477/2025-11-21/1760115601.json"
"581514","221282","2025-11-21","36.00","NZD","1760115601","23477/2025-11-21/1760115601.json"
"512557","146154","2025-11-21","45.00","NZD","1760115601","23477/2025-11-21/1760115601.json"
"365170","146153","2025-11-21","48.00","NZD","1760115601","23477/2025-11-21/1760115601.json"
"510807","146155","2025-11-21","52.00","NZD","1760115601","23477/2025-11-21/1760115601.json"
"581513","221281","2025-11-22","36.00","NZD","1760115601","23477/2025-11-22/1760115601.json"
"581514","221282","2025-11-22","36.00","NZD","1760115601","23477/2025-11-22/1760115601.json"
"512557","146154","2025-11-22","45.00","NZD","1760115601","23477/2025-11-22/1760115601.json"
"365170","146153","2025-11-22","48.00","NZD","1760115601","23477/2025-11-22/1760115601.json"
"510807","146155","2025-11-22","52.00","NZD","1760115601","23477/2025-11-22/1760115601.json"
"581513","221281","2025-11-23","36.00","NZD","1760115601","23477/2025-11-23/1760115601.json"
"581514","221282","2025-11-23","36.00","NZD","1760115601","23477/2025-11-23/1760115601.json"
"512557","146154","2025-11-23","45.00","NZD","1760115601","23477/2025-11-23/1760115601.json"
"365170","146153","2025-11-23","48.00","NZD","1760115601","23477/2025-11-23/1760115601.json"
"510807","146155","2025-11-23","52.00","NZD","1760115601","23477/2025-11-23/1760115601.json"
"581513","221281","2025-11-25","36.00","NZD","1760115601","23477/2025-11-25/1760115601.json"
"581514","221282","2025-11-25","36.00","NZD","1760115601","23477/2025-11-25/1760115601.json"
"512557","146154","2025-11-25","45.00","NZD","1760115601","23477/2025-11-25/1760115601.json"
"365170","146153","2025-11-25","48.00","NZD","1760115601","23477/2025-11-25/1760115601.json"
"510807","146155","2025-11-25","52.00","NZD","1760115601","23477/2025-11-25/1760115601.json"
"581513","221281","2025-11-24","36.00","NZD","1760115601","23477/2025-11-24/1760115601.json"
"581514","221282","2025-11-24","36.00","NZD","1760115601","23477/2025-11-24/1760115601.json"
"512557","146154","2025-11-24","45.00","NZD","1760115601","23477/2025-11-24/1760115601.json"
"365170","146153","2025-11-24","48.00","NZD","1760115601","23477/2025-11-24/1760115601.json"
"510807","146155","2025-11-24","52.00","NZD","1760115601","23477/2025-11-24/1760115601.json"
"581513","221281","2025-11-26","36.00","NZD","1760115601","23477/2025-11-26/1760115601.json"
"581514","221282","2025-11-26","36.00","NZD","1760115601","23477/2025-11-26/1760115601.json"
"512557","146154","2025-11-26","45.00","NZD","1760115601","23477/2025-11-26/1760115601.json"
"365170","146153","2025-11-26","48.00","NZD","1760115601","23477/2025-11-26/1760115601.json"
"510807","146155","2025-11-26","52.00","NZD","1760115601","23477/2025-11-26/1760115601.json"
"581513","221281","2025-11-28","36.00","NZD","1760115601","23477/2025-11-28/1760115601.json"
"581513","221281","2025-11-29","36.00","NZD","1760115601","23477/2025-11-29/1760115601.json"
"581514","221282","2025-11-28","36.00","NZD","1760115601","23477/2025-11-28/1760115601.json"
"581514","221282","2025-11-29","36.00","NZD","1760115601","23477/2025-11-29/1760115601.json"
"512557","146154","2025-11-29","45.00","NZD","1760115601","23477/2025-11-29/1760115601.json"
"512557","146154","2025-11-28","45.00","NZD","1760115601","23477/2025-11-28/1760115601.json"
"365170","146153","2025-11-29","48.00","NZD","1760115601","23477/2025-11-29/1760115601.json"
"510807","146155","2025-11-29","52.00","NZD","1760115601","23477/2025-11-29/1760115601.json"
"365170","146153","2025-11-28","48.00","NZD","1760115601","23477/2025-11-28/1760115601.json"
"510807","146155","2025-11-28","52.00","NZD","1760115601","23477/2025-11-28/1760115601.json"
"581513","221281","2025-11-27","36.00","NZD","1760115601","23477/2025-11-27/1760115601.json"
"581514","221282","2025-11-27","36.00","NZD","1760115601","23477/2025-11-27/1760115601.json"
"512557","146154","2025-11-27","45.00","NZD","1760115601","23477/2025-11-27/1760115601.json"
"365170","146153","2025-11-27","48.00","NZD","1760115601","23477/2025-11-27/1760115601.json"
"510807","146155","2025-11-27","52.00","NZD","1760115601","23477/2025-11-27/1760115601.json"
"581513","221281","2025-11-30","36.00","NZD","1760115601","23477/2025-11-30/1760115601.json"
"581514","221282","2025-11-30","36.00","NZD","1760115601","23477/2025-11-30/1760115601.json"
"512557","146154","2025-11-30","45.00","NZD","1760115601","23477/2025-11-30/1760115601.json"
"365170","146153","2025-11-30","48.00","NZD","1760115601","23477/2025-11-30/1760115601.json"
"510807","146155","2025-11-30","52.00","NZD","1760115601","23477/2025-11-30/1760115601.json"
"581513","221281","2025-12-01","36.00","NZD","1760115601","23477/2025-12-01/1760115601.json"
"581514","221282","2025-12-01","36.00","NZD","1760115601","23477/2025-12-01/1760115601.json"
"512557","146154","2025-12-01","45.00","NZD","1760115601","23477/2025-12-01/1760115601.json"
"365170","146153","2025-12-01","48.00","NZD","1760115601","23477/2025-12-01/1760115601.json"
"510807","146155","2025-12-01","52.00","NZD","1760115601","23477/2025-12-01/1760115601.json"
"581513","221281","2025-12-02","36.00","NZD","1760115601","23477/2025-12-02/1760115601.json"
"581514","221282","2025-12-02","36.00","NZD","1760115601","23477/2025-12-02/1760115601.json"
"512557","146154","2025-12-02","45.00","NZD","1760115601","23477/2025-12-02/1760115601.json"
"365170","146153","2025-12-02","48.00","NZD","1760115601","23477/2025-12-02/1760115601.json"
"510807","146155","2025-12-02","52.00","NZD","1760115601","23477/2025-12-02/1760115601.json"
"581513","221281","2025-12-03","36.00","NZD","1760115601","23477/2025-12-03/1760115601.json"
"581514","221282","2025-12-03","36.00","NZD","1760115601","23477/2025-12-03/1760115601.json"
"512557","146154","2025-12-03","45.00","NZD","1760115601","23477/2025-12-03/1760115601.json"
"365170","146153","2025-12-03","48.00","NZD","1760115601","23477/2025-12-03/1760115601.json"
"510807","146155","2025-12-03","52.00","NZD","1760115601","23477/2025-12-03/1760115601.json"
"581513","221281","2025-12-04","36.00","NZD","1760115601","23477/2025-12-04/1760115601.json"
"581514","221282","2025-12-04","36.00","NZD","1760115601","23477/2025-12-04/1760115601.json"
"512557","146154","2025-12-04","45.00","NZD","1760115601","23477/2025-12-04/1760115601.json"
"365170","146153","2025-12-04","48.00","NZD","1760115601","23477/2025-12-04/1760115601.json"
"510807","146155","2025-12-04","52.00","NZD","1760115601","23477/2025-12-04/1760115601.json"
"581513","221281","2025-12-06","36.00","NZD","1760115601","23477/2025-12-06/1760115601.json"
"581514","221282","2025-12-06","36.00","NZD","1760115601","23477/2025-12-06/1760115601.json"
"512557","146154","2025-12-06","45.00","NZD","1760115601","23477/2025-12-06/1760115601.json"
"365170","146153","2025-12-06","48.00","NZD","1760115601","23477/2025-12-06/1760115601.json"
"510807","146155","2025-12-06","52.00","NZD","1760115601","23477/2025-12-06/1760115601.json"
"581513","221281","2025-12-05","36.00","NZD","1760115601","23477/2025-12-05/1760115601.json"
"581514","221282","2025-12-05","36.00","NZD","1760115601","23477/2025-12-05/1760115601.json"
"512557","146154","2025-12-05","45.00","NZD","1760115601","23477/2025-12-05/1760115601.json"
"365170","146153","2025-12-05","48.00","NZD","1760115601","23477/2025-12-05/1760115601.json"
"510807","146155","2025-12-05","52.00","NZD","1760115601","23477/2025-12-05/1760115601.json"
"581513","221281","2025-12-07","36.00","NZD","1760115601","23477/2025-12-07/1760115601.json"
"581514","221282","2025-12-07","36.00","NZD","1760115601","23477/2025-12-07/1760115601.json"
"512557","146154","2025-12-07","45.00","NZD","1760115601","23477/2025-12-07/1760115601.json"
"365170","146153","2025-12-07","48.00","NZD","1760115601","23477/2025-12-07/1760115601.json"
"510807","146155","2025-12-07","52.00","NZD","1760115601","23477/2025-12-07/1760115601.json"
"581513","221281","2025-12-08","36.00","NZD","1760115601","23477/2025-12-08/1760115601.json"
"581514","221282","2025-12-08","36.00","NZD","1760115601","23477/2025-12-08/1760115601.json"
"512557","146154","2025-12-08","45.00","NZD","1760115601","23477/2025-12-08/1760115601.json"
"365170","146153","2025-12-08","48.00","NZD","1760115601","23477/2025-12-08/1760115601.json"
"510807","146155","2025-12-08","52.00","NZD","1760115601","23477/2025-12-08/1760115601.json"
"581513","221281","2025-12-09","36.00","NZD","1760115601","23477/2025-12-09/1760115601.json"
"581514","221282","2025-12-09","36.00","NZD","1760115601","23477/2025-12-09/1760115601.json"
"512557","146154","2025-12-09","45.00","NZD","1760115601","23477/2025-12-09/1760115601.json"
"365170","146153","2025-12-09","48.00","NZD","1760115601","23477/2025-12-09/1760115601.json"
"510807","146155","2025-12-09","52.00","NZD","1760115601","23477/2025-12-09/1760115601.json"
"581513","221281","2025-10-11","36.00","NZD","1760129289","23477/2025-10-11/1760129289.json"
"581513","221281","2025-10-13","36.00","NZD","1760129289","23477/2025-10-13/1760129289.json"
"581514","221282","2025-10-13","36.00","NZD","1760129289","23477/2025-10-13/1760129289.json"
"581514","221282","2025-10-11","36.00","NZD","1760129289","23477/2025-10-11/1760129289.json"
"512557","146154","2025-10-13","45.00","NZD","1760129289","23477/2025-10-13/1760129289.json"
"365170","146153","2025-10-13","48.00","NZD","1760129289","23477/2025-10-13/1760129289.json"
"512557","146154","2025-10-11","45.00","NZD","1760129289","23477/2025-10-11/1760129289.json"
"510807","146155","2025-10-13","52.00","NZD","1760129289","23477/2025-10-13/1760129289.json"
"365170","146153","2025-10-11","48.00","NZD","1760129289","23477/2025-10-11/1760129289.json"
"510807","146155","2025-10-11","52.00","NZD","1760129289","23477/2025-10-11/1760129289.json"
"581513","221281","2025-10-14","36.00","NZD","1760129289","23477/2025-10-14/1760129289.json"
"581514","221282","2025-10-14","36.00","NZD","1760129289","23477/2025-10-14/1760129289.json"
"512557","146154","2025-10-14","45.00","NZD","1760129289","23477/2025-10-14/1760129289.json"
"365170","146153","2025-10-14","48.00","NZD","1760129289","23477/2025-10-14/1760129289.json"
"510807","146155","2025-10-14","52.00","NZD","1760129289","23477/2025-10-14/1760129289.json"
"581513","221281","2025-10-12","36.00","NZD","1760129289","23477/2025-10-12/1760129289.json"
"581514","221282","2025-10-12","36.00","NZD","1760129289","23477/2025-10-12/1760129289.json"
"512557","146154","2025-10-12","45.00","NZD","1760129289","23477/2025-10-12/1760129289.json"
"365170","146153","2025-10-12","48.00","NZD","1760129289","23477/2025-10-12/1760129289.json"
"510807","146155","2025-10-12","52.00","NZD","1760129289","23477/2025-10-12/1760129289.json"
"581513","221281","2025-10-15","36.00","NZD","1760129289","23477/2025-10-15/1760129289.json"
"581514","221282","2025-10-15","36.00","NZD","1760129289","23477/2025-10-15/1760129289.json"
"512557","146154","2025-10-15","45.00","NZD","1760129289","23477/2025-10-15/1760129289.json"
"365170","146153","2025-10-15","48.00","NZD","1760129289","23477/2025-10-15/1760129289.json"
"510807","146155","2025-10-15","52.00","NZD","1760129289","23477/2025-10-15/1760129289.json"
"581513","221281","2025-10-16","36.00","NZD","1760129289","23477/2025-10-16/1760129289.json"
"581514","221282","2025-10-16","36.00","NZD","1760129289","23477/2025-10-16/1760129289.json"
"512557","146154","2025-10-16","45.00","NZD","1760129289","23477/2025-10-16/1760129289.json"
"365170","146153","2025-10-16","48.00","NZD","1760129289","23477/2025-10-16/1760129289.json"
"510807","146155","2025-10-16","52.00","NZD","1760129289","23477/2025-10-16/1760129289.json"
"581513","221281","2025-10-17","36.00","NZD","1760129289","23477/2025-10-17/1760129289.json"
"581514","221282","2025-10-17","36.00","NZD","1760129289","23477/2025-10-17/1760129289.json"
"512557","146154","2025-10-17","45.00","NZD","1760129289","23477/2025-10-17/1760129289.json"
"365170","146153","2025-10-17","48.00","NZD","1760129289","23477/2025-10-17/1760129289.json"
"510807","146155","2025-10-17","52.00","NZD","1760129289","23477/2025-10-17/1760129289.json"
"581513","221281","2025-10-18","36.00","NZD","1760129289","23477/2025-10-18/1760129289.json"
"581514","221282","2025-10-18","36.00","NZD","1760129289","23477/2025-10-18/1760129289.json"
"512557","146154","2025-10-18","45.00","NZD","1760129289","23477/2025-10-18/1760129289.json"
"365170","146153","2025-10-18","48.00","NZD","1760129289","23477/2025-10-18/1760129289.json"
"510807","146155","2025-10-18","52.00","NZD","1760129289","23477/2025-10-18/1760129289.json"
"581513","221281","2025-10-19","36.00","NZD","1760129289","23477/2025-10-19/1760129289.json"
"581514","221282","2025-10-19","36.00","NZD","1760129289","23477/2025-10-19/1760129289.json"
"512557","146154","2025-10-19","45.00","NZD","1760129289","23477/2025-10-19/1760129289.json"
"365170","146153","2025-10-19","48.00","NZD","1760129289","23477/2025-10-19/1760129289.json"
"510807","146155","2025-10-19","52.00","NZD","1760129289","23477/2025-10-19/1760129289.json"
"581513","221281","2025-10-21","36.00","NZD","1760129289","23477/2025-10-21/1760129289.json"
"581514","221282","2025-10-21","36.00","NZD","1760129289","23477/2025-10-21/1760129289.json"
"512557","146154","2025-10-21","45.00","NZD","1760129289","23477/2025-10-21/1760129289.json"
"365170","146153","2025-10-21","48.00","NZD","1760129289","23477/2025-10-21/1760129289.json"
"510807","146155","2025-10-21","52.00","NZD","1760129289","23477/2025-10-21/1760129289.json"
"581513","221281","2025-10-20","36.00","NZD","1760129289","23477/2025-10-20/1760129289.json"
"581514","221282","2025-10-20","36.00","NZD","1760129289","23477/2025-10-20/1760129289.json"
"512557","146154","2025-10-20","45.00","NZD","1760129289","23477/2025-10-20/1760129289.json"
"365170","146153","2025-10-20","48.00","NZD","1760129289","23477/2025-10-20/1760129289.json"
"510807","146155","2025-10-20","52.00","NZD","1760129289","23477/2025-10-20/1760129289.json"
"581513","221281","2025-10-22","36.00","NZD","1760129289","23477/2025-10-22/1760129289.json"
"581514","221282","2025-10-22","36.00","NZD","1760129289","23477/2025-10-22/1760129289.json"
"512557","146154","2025-10-22","45.00","NZD","1760129289","23477/2025-10-22/1760129289.json"
"365170","146153","2025-10-22","48.00","NZD","1760129289","23477/2025-10-22/1760129289.json"
"510807","146155","2025-10-22","52.00","NZD","1760129289","23477/2025-10-22/1760129289.json"
"581513","221281","2025-10-23","36.00","NZD","1760129289","23477/2025-10-23/1760129289.json"
"581514","221282","2025-10-23","36.00","NZD","1760129289","23477/2025-10-23/1760129289.json"
"512557","146154","2025-10-23","45.00","NZD","1760129289","23477/2025-10-23/1760129289.json"
"365170","146153","2025-10-23","48.00","NZD","1760129289","23477/2025-10-23/1760129289.json"
"510807","146155","2025-10-23","52.00","NZD","1760129289","23477/2025-10-23/1760129289.json"
"581513","221281","2025-10-25","36.00","NZD","1760129289","23477/2025-10-25/1760129289.json"
"581514","221282","2025-10-25","36.00","NZD","1760129289","23477/2025-10-25/1760129289.json"
"512557","146154","2025-10-25","45.00","NZD","1760129289","23477/2025-10-25/1760129289.json"
"365170","146153","2025-10-25","48.00","NZD","1760129289","23477/2025-10-25/1760129289.json"
"510807","146155","2025-10-25","52.00","NZD","1760129289","23477/2025-10-25/1760129289.json"
"581513","221281","2025-10-24","36.00","NZD","1760129289","23477/2025-10-24/1760129289.json"
"581514","221282","2025-10-24","36.00","NZD","1760129289","23477/2025-10-24/1760129289.json"
"512557","146154","2025-10-24","45.00","NZD","1760129289","23477/2025-10-24/1760129289.json"
"365170","146153","2025-10-24","48.00","NZD","1760129289","23477/2025-10-24/1760129289.json"
"510807","146155","2025-10-24","52.00","NZD","1760129289","23477/2025-10-24/1760129289.json"
"581513","221281","2025-10-26","36.00","NZD","1760129289","23477/2025-10-26/1760129289.json"
"581514","221282","2025-10-26","36.00","NZD","1760129289","23477/2025-10-26/1760129289.json"
"512557","146154","2025-10-26","45.00","NZD","1760129289","23477/2025-10-26/1760129289.json"
"365170","146153","2025-10-26","48.00","NZD","1760129289","23477/2025-10-26/1760129289.json"
"510807","146155","2025-10-26","52.00","NZD","1760129289","23477/2025-10-26/1760129289.json"
"581513","221281","2025-10-27","36.00","NZD","1760129289","23477/2025-10-27/1760129289.json"
"581514","221282","2025-10-27","36.00","NZD","1760129289","23477/2025-10-27/1760129289.json"
"512557","146154","2025-10-27","45.00","NZD","1760129289","23477/2025-10-27/1760129289.json"
"365170","146153","2025-10-27","48.00","NZD","1760129289","23477/2025-10-27/1760129289.json"
"510807","146155","2025-10-27","52.00","NZD","1760129289","23477/2025-10-27/1760129289.json"
"581513","221281","2025-10-29","36.00","NZD","1760129289","23477/2025-10-29/1760129289.json"
"581514","221282","2025-10-29","36.00","NZD","1760129289","23477/2025-10-29/1760129289.json"
"512557","146154","2025-10-29","45.00","NZD","1760129289","23477/2025-10-29/1760129289.json"
"365170","146153","2025-10-29","48.00","NZD","1760129289","23477/2025-10-29/1760129289.json"
"510807","146155","2025-10-29","52.00","NZD","1760129289","23477/2025-10-29/1760129289.json"
"581513","221281","2025-10-28","36.00","NZD","1760129289","23477/2025-10-28/1760129289.json"
"581514","221282","2025-10-28","36.00","NZD","1760129289","23477/2025-10-28/1760129289.json"
"512557","146154","2025-10-28","45.00","NZD","1760129289","23477/2025-10-28/1760129289.json"
"365170","146153","2025-10-28","48.00","NZD","1760129289","23477/2025-10-28/1760129289.json"
"510807","146155","2025-10-28","52.00","NZD","1760129289","23477/2025-10-28/1760129289.json"
"581513","221281","2025-10-30","36.00","NZD","1760129289","23477/2025-10-30/1760129289.json"
"581514","221282","2025-10-30","36.00","NZD","1760129289","23477/2025-10-30/1760129289.json"
"512557","146154","2025-10-30","45.00","NZD","1760129289","23477/2025-10-30/1760129289.json"
"365170","146153","2025-10-30","48.00","NZD","1760129289","23477/2025-10-30/1760129289.json"
"510807","146155","2025-10-30","52.00","NZD","1760129289","23477/2025-10-30/1760129289.json"
"581513","221281","2025-10-31","36.00","NZD","1760129289","23477/2025-10-31/1760129289.json"
"581514","221282","2025-10-31","36.00","NZD","1760129289","23477/2025-10-31/1760129289.json"
"512557","146154","2025-10-31","45.00","NZD","1760129289","23477/2025-10-31/1760129289.json"
"365170","146153","2025-10-31","48.00","NZD","1760129289","23477/2025-10-31/1760129289.json"
"510807","146155","2025-10-31","52.00","NZD","1760129289","23477/2025-10-31/1760129289.json"
"581513","221281","2025-11-01","36.00","NZD","1760129289","23477/2025-11-01/1760129289.json"
"581514","221282","2025-11-01","36.00","NZD","1760129289","23477/2025-11-01/1760129289.json"
"512557","146154","2025-11-01","45.00","NZD","1760129289","23477/2025-11-01/1760129289.json"
"365170","146153","2025-11-01","48.00","NZD","1760129289","23477/2025-11-01/1760129289.json"
"510807","146155","2025-11-01","52.00","NZD","1760129289","23477/2025-11-01/1760129289.json"
"581513","221281","2025-11-02","36.00","NZD","1760129289","23477/2025-11-02/1760129289.json"
"581514","221282","2025-11-02","36.00","NZD","1760129289","23477/2025-11-02/1760129289.json"
"512557","146154","2025-11-02","45.00","NZD","1760129289","23477/2025-11-02/1760129289.json"
"365170","146153","2025-11-02","48.00","NZD","1760129289","23477/2025-11-02/1760129289.json"
"510807","146155","2025-11-02","52.00","NZD","1760129289","23477/2025-11-02/1760129289.json"
"581513","221281","2025-11-03","36.00","NZD","1760129289","23477/2025-11-03/1760129289.json"
"581514","221282","2025-11-03","36.00","NZD","1760129289","23477/2025-11-03/1760129289.json"
"512557","146154","2025-11-03","45.00","NZD","1760129289","23477/2025-11-03/1760129289.json"
"365170","146153","2025-11-03","48.00","NZD","1760129289","23477/2025-11-03/1760129289.json"
"510807","146155","2025-11-03","52.00","NZD","1760129289","23477/2025-11-03/1760129289.json"
"581513","221281","2025-11-04","36.00","NZD","1760129289","23477/2025-11-04/1760129289.json"
"581514","221282","2025-11-04","36.00","NZD","1760129289","23477/2025-11-04/1760129289.json"
"512557","146154","2025-11-04","45.00","NZD","1760129289","23477/2025-11-04/1760129289.json"
"365170","146153","2025-11-04","48.00","NZD","1760129289","23477/2025-11-04/1760129289.json"
"510807","146155","2025-11-04","52.00","NZD","1760129289","23477/2025-11-04/1760129289.json"
"581513","221281","2025-11-05","36.00","NZD","1760129289","23477/2025-11-05/1760129289.json"
"581514","221282","2025-11-05","36.00","NZD","1760129289","23477/2025-11-05/1760129289.json"
"512557","146154","2025-11-05","45.00","NZD","1760129289","23477/2025-11-05/1760129289.json"
"365170","146153","2025-11-05","48.00","NZD","1760129289","23477/2025-11-05/1760129289.json"
"510807","146155","2025-11-05","52.00","NZD","1760129289","23477/2025-11-05/1760129289.json"
"581513","221281","2025-11-06","36.00","NZD","1760129289","23477/2025-11-06/1760129289.json"
"581514","221282","2025-11-06","36.00","NZD","1760129289","23477/2025-11-06/1760129289.json"
"512557","146154","2025-11-06","45.00","NZD","1760129289","23477/2025-11-06/1760129289.json"
"365170","146153","2025-11-06","48.00","NZD","1760129289","23477/2025-11-06/1760129289.json"
"510807","146155","2025-11-06","52.00","NZD","1760129289","23477/2025-11-06/1760129289.json"
"581513","221281","2025-11-07","36.00","NZD","1760129289","23477/2025-11-07/1760129289.json"
"581514","221282","2025-11-07","36.00","NZD","1760129289","23477/2025-11-07/1760129289.json"
"512557","146154","2025-11-07","45.00","NZD","1760129289","23477/2025-11-07/1760129289.json"
"365170","146153","2025-11-07","48.00","NZD","1760129289","23477/2025-11-07/1760129289.json"
"510807","146155","2025-11-07","52.00","NZD","1760129289","23477/2025-11-07/1760129289.json"
"581513","221281","2025-11-08","36.00","NZD","1760129289","23477/2025-11-08/1760129289.json"
"581514","221282","2025-11-08","36.00","NZD","1760129289","23477/2025-11-08/1760129289.json"
"512557","146154","2025-11-08","45.00","NZD","1760129289","23477/2025-11-08/1760129289.json"
"365170","146153","2025-11-08","48.00","NZD","1760129289","23477/2025-11-08/1760129289.json"
"510807","146155","2025-11-08","52.00","NZD","1760129289","23477/2025-11-08/1760129289.json"
"581513","221281","2025-11-09","36.00","NZD","1760129289","23477/2025-11-09/1760129289.json"
"581514","221282","2025-11-09","36.00","NZD","1760129289","23477/2025-11-09/1760129289.json"
"512557","146154","2025-11-09","45.00","NZD","1760129289","23477/2025-11-09/1760129289.json"
"365170","146153","2025-11-09","48.00","NZD","1760129289","23477/2025-11-09/1760129289.json"
"510807","146155","2025-11-09","52.00","NZD","1760129289","23477/2025-11-09/1760129289.json"
"581513","221281","2025-11-10","36.00","NZD","1760129289","23477/2025-11-10/1760129289.json"
"581514","221282","2025-11-10","36.00","NZD","1760129289","23477/2025-11-10/1760129289.json"
"512557","146154","2025-11-10","45.00","NZD","1760129289","23477/2025-11-10/1760129289.json"
"365170","146153","2025-11-10","48.00","NZD","1760129289","23477/2025-11-10/1760129289.json"
"510807","146155","2025-11-10","52.00","NZD","1760129289","23477/2025-11-10/1760129289.json"
"581513","221281","2025-11-11","36.00","NZD","1760129289","23477/2025-11-11/1760129289.json"
"581514","221282","2025-11-11","36.00","NZD","1760129289","23477/2025-11-11/1760129289.json"
"512557","146154","2025-11-11","45.00","NZD","1760129289","23477/2025-11-11/1760129289.json"
"365170","146153","2025-11-11","48.00","NZD","1760129289","23477/2025-11-11/1760129289.json"
"510807","146155","2025-11-11","52.00","NZD","1760129289","23477/2025-11-11/1760129289.json"
"581513","221281","2025-11-12","36.00","NZD","1760129289","23477/2025-11-12/1760129289.json"
"581514","221282","2025-11-12","36.00","NZD","1760129289","23477/2025-11-12/1760129289.json"
"512557","146154","2025-11-12","45.00","NZD","1760129289","23477/2025-11-12/1760129289.json"
"365170","146153","2025-11-12","48.00","NZD","1760129289","23477/2025-11-12/1760129289.json"
"510807","146155","2025-11-12","52.00","NZD","1760129289","23477/2025-11-12/1760129289.json"
"581513","221281","2025-11-13","36.00","NZD","1760129289","23477/2025-11-13/1760129289.json"
"581514","221282","2025-11-13","36.00","NZD","1760129289","23477/2025-11-13/1760129289.json"
"512557","146154","2025-11-13","45.00","NZD","1760129289","23477/2025-11-13/1760129289.json"
"365170","146153","2025-11-13","48.00","NZD","1760129289","23477/2025-11-13/1760129289.json"
"510807","146155","2025-11-13","52.00","NZD","1760129289","23477/2025-11-13/1760129289.json"
"581513","221281","2025-11-14","36.00","NZD","1760129289","23477/2025-11-14/1760129289.json"
"581514","221282","2025-11-14","36.00","NZD","1760129289","23477/2025-11-14/1760129289.json"
"512557","146154","2025-11-14","45.00","NZD","1760129289","23477/2025-11-14/1760129289.json"
"365170","146153","2025-11-14","48.00","NZD","1760129289","23477/2025-11-14/1760129289.json"
"510807","146155","2025-11-14","52.00","NZD","1760129289","23477/2025-11-14/1760129289.json"
"581513","221281","2025-11-15","36.00","NZD","1760129289","23477/2025-11-15/1760129289.json"
"581514","221282","2025-11-15","36.00","NZD","1760129289","23477/2025-11-15/1760129289.json"
"512557","146154","2025-11-15","45.00","NZD","1760129289","23477/2025-11-15/1760129289.json"
"365170","146153","2025-11-15","48.00","NZD","1760129289","23477/2025-11-15/1760129289.json"
"510807","146155","2025-11-15","52.00","NZD","1760129289","23477/2025-11-15/1760129289.json"
"581513","221281","2025-11-16","36.00","NZD","1760129289","23477/2025-11-16/1760129289.json"
"581514","221282","2025-11-16","36.00","NZD","1760129289","23477/2025-11-16/1760129289.json"
"512557","146154","2025-11-16","45.00","NZD","1760129289","23477/2025-11-16/1760129289.json"
"365170","146153","2025-11-16","48.00","NZD","1760129289","23477/2025-11-16/1760129289.json"
"510807","146155","2025-11-16","52.00","NZD","1760129289","23477/2025-11-16/1760129289.json"
"581513","221281","2025-11-17","36.00","NZD","1760129289","23477/2025-11-17/1760129289.json"
"581514","221282","2025-11-17","36.00","NZD","1760129289","23477/2025-11-17/1760129289.json"
"512557","146154","2025-11-17","45.00","NZD","1760129289","23477/2025-11-17/1760129289.json"
"365170","146153","2025-11-17","48.00","NZD","1760129289","23477/2025-11-17/1760129289.json"
"510807","146155","2025-11-17","52.00","NZD","1760129289","23477/2025-11-17/1760129289.json"
"581513","221281","2025-11-18","36.00","NZD","1760129289","23477/2025-11-18/1760129289.json"
"581514","221282","2025-11-18","36.00","NZD","1760129289","23477/2025-11-18/1760129289.json"
"512557","146154","2025-11-18","45.00","NZD","1760129289","23477/2025-11-18/1760129289.json"
"365170","146153","2025-11-18","48.00","NZD","1760129289","23477/2025-11-18/1760129289.json"
"510807","146155","2025-11-18","52.00","NZD","1760129289","23477/2025-11-18/1760129289.json"
"581513","221281","2025-11-19","36.00","NZD","1760129289","23477/2025-11-19/1760129289.json"
"581514","221282","2025-11-19","36.00","NZD","1760129289","23477/2025-11-19/1760129289.json"
"512557","146154","2025-11-19","45.00","NZD","1760129289","23477/2025-11-19/1760129289.json"
"365170","146153","2025-11-19","48.00","NZD","1760129289","23477/2025-11-19/1760129289.json"
"510807","146155","2025-11-19","52.00","NZD","1760129289","23477/2025-11-19/1760129289.json"
"581513","221281","2025-11-20","36.00","NZD","1760129289","23477/2025-11-20/1760129289.json"
"581514","221282","2025-11-20","36.00","NZD","1760129289","23477/2025-11-20/1760129289.json"
"512557","146154","2025-11-20","45.00","NZD","1760129289","23477/2025-11-20/1760129289.json"
"581513","221281","2025-11-21","36.00","NZD","1760129289","23477/2025-11-21/1760129289.json"
"581514","221282","2025-11-21","36.00","NZD","1760129289","23477/2025-11-21/1760129289.json"
"512557","146154","2025-11-21","45.00","NZD","1760129289","23477/2025-11-21/1760129289.json"
"365170","146153","2025-11-21","48.00","NZD","1760129289","23477/2025-11-21/1760129289.json"
"510807","146155","2025-11-21","52.00","NZD","1760129289","23477/2025-11-21/1760129289.json"
"581513","221281","2025-11-22","36.00","NZD","1760129289","23477/2025-11-22/1760129289.json"
"581514","221282","2025-11-22","36.00","NZD","1760129289","23477/2025-11-22/1760129289.json"
"512557","146154","2025-11-22","45.00","NZD","1760129289","23477/2025-11-22/1760129289.json"
"365170","146153","2025-11-22","48.00","NZD","1760129289","23477/2025-11-22/1760129289.json"
"510807","146155","2025-11-22","52.00","NZD","1760129289","23477/2025-11-22/1760129289.json"
"581513","221281","2025-11-23","36.00","NZD","1760129289","23477/2025-11-23/1760129289.json"
"581514","221282","2025-11-23","36.00","NZD","1760129289","23477/2025-11-23/1760129289.json"
"512557","146154","2025-11-23","45.00","NZD","1760129289","23477/2025-11-23/1760129289.json"
"365170","146153","2025-11-23","48.00","NZD","1760129289","23477/2025-11-23/1760129289.json"
"510807","146155","2025-11-23","52.00","NZD","1760129289","23477/2025-11-23/1760129289.json"
"581513","221281","2025-11-24","36.00","NZD","1760129289","23477/2025-11-24/1760129289.json"
"581514","221282","2025-11-24","36.00","NZD","1760129289","23477/2025-11-24/1760129289.json"
"512557","146154","2025-11-24","45.00","NZD","1760129289","23477/2025-11-24/1760129289.json"
"365170","146153","2025-11-24","48.00","NZD","1760129289","23477/2025-11-24/1760129289.json"
"510807","146155","2025-11-24","52.00","NZD","1760129289","23477/2025-11-24/1760129289.json"
"581513","221281","2025-11-25","36.00","NZD","1760129289","23477/2025-11-25/1760129289.json"
"581514","221282","2025-11-25","36.00","NZD","1760129289","23477/2025-11-25/1760129289.json"
"512557","146154","2025-11-25","45.00","NZD","1760129289","23477/2025-11-25/1760129289.json"
"365170","146153","2025-11-25","48.00","NZD","1760129289","23477/2025-11-25/1760129289.json"
"510807","146155","2025-11-25","52.00","NZD","1760129289","23477/2025-11-25/1760129289.json"
"581513","221281","2025-11-26","36.00","NZD","1760129289","23477/2025-11-26/1760129289.json"
"581514","221282","2025-11-26","36.00","NZD","1760129289","23477/2025-11-26/1760129289.json"
"512557","146154","2025-11-26","45.00","NZD","1760129289","23477/2025-11-26/1760129289.json"
"365170","146153","2025-11-26","48.00","NZD","1760129289","23477/2025-11-26/1760129289.json"
"510807","146155","2025-11-26","52.00","NZD","1760129289","23477/2025-11-26/1760129289.json"
"581513","221281","2025-11-27","36.00","NZD","1760129289","23477/2025-11-27/1760129289.json"
"581514","221282","2025-11-27","36.00","NZD","1760129289","23477/2025-11-27/1760129289.json"
"512557","146154","2025-11-27","45.00","NZD","1760129289","23477/2025-11-27/1760129289.json"
"365170","146153","2025-11-27","48.00","NZD","1760129289","23477/2025-11-27/1760129289.json"
"510807","146155","2025-11-27","52.00","NZD","1760129289","23477/2025-11-27/1760129289.json"
"581513","221281","2025-11-28","36.00","NZD","1760129289","23477/2025-11-28/1760129289.json"
"581514","221282","2025-11-28","36.00","NZD","1760129289","23477/2025-11-28/1760129289.json"
"512557","146154","2025-11-28","45.00","NZD","1760129289","23477/2025-11-28/1760129289.json"
"365170","146153","2025-11-28","48.00","NZD","1760129289","23477/2025-11-28/1760129289.json"
"510807","146155","2025-11-28","52.00","NZD","1760129289","23477/2025-11-28/1760129289.json"
"581513","221281","2025-11-29","36.00","NZD","1760129289","23477/2025-11-29/1760129289.json"
"581514","221282","2025-11-29","36.00","NZD","1760129289","23477/2025-11-29/1760129289.json"
"512557","146154","2025-11-29","45.00","NZD","1760129289","23477/2025-11-29/1760129289.json"
"365170","146153","2025-11-29","48.00","NZD","1760129289","23477/2025-11-29/1760129289.json"
"510807","146155","2025-11-29","52.00","NZD","1760129289","23477/2025-11-29/1760129289.json"
"581513","221281","2025-11-30","36.00","NZD","1760129289","23477/2025-11-30/1760129289.json"
"581514","221282","2025-11-30","36.00","NZD","1760129289","23477/2025-11-30/1760129289.json"
"512557","146154","2025-11-30","45.00","NZD","1760129289","23477/2025-11-30/1760129289.json"
"365170","146153","2025-11-30","48.00","NZD","1760129289","23477/2025-11-30/1760129289.json"
"510807","146155","2025-11-30","52.00","NZD","1760129289","23477/2025-11-30/1760129289.json"
"581513","221281","2025-12-02","36.00","NZD","1760129289","23477/2025-12-02/1760129289.json"
"581514","221282","2025-12-02","36.00","NZD","1760129289","23477/2025-12-02/1760129289.json"
"512557","146154","2025-12-02","45.00","NZD","1760129289","23477/2025-12-02/1760129289.json"
"365170","146153","2025-12-02","48.00","NZD","1760129289","23477/2025-12-02/1760129289.json"
"510807","146155","2025-12-02","52.00","NZD","1760129289","23477/2025-12-02/1760129289.json"
"581513","221281","2025-12-01","36.00","NZD","1760129289","23477/2025-12-01/1760129289.json"
"581514","221282","2025-12-01","36.00","NZD","1760129289","23477/2025-12-01/1760129289.json"
"512557","146154","2025-12-01","45.00","NZD","1760129289","23477/2025-12-01/1760129289.json"
"365170","146153","2025-12-01","48.00","NZD","1760129289","23477/2025-12-01/1760129289.json"
"510807","146155","2025-12-01","52.00","NZD","1760129289","23477/2025-12-01/1760129289.json"
"581513","221281","2025-12-03","36.00","NZD","1760129289","23477/2025-12-03/1760129289.json"
"581514","221282","2025-12-03","36.00","NZD","1760129289","23477/2025-12-03/1760129289.json"
"512557","146154","2025-12-03","45.00","NZD","1760129289","23477/2025-12-03/1760129289.json"
"365170","146153","2025-12-03","48.00","NZD","1760129289","23477/2025-12-03/1760129289.json"
"510807","146155","2025-12-03","52.00","NZD","1760129289","23477/2025-12-03/1760129289.json"
"581513","221281","2025-12-04","36.00","NZD","1760129289","23477/2025-12-04/1760129289.json"
"581514","221282","2025-12-04","36.00","NZD","1760129289","23477/2025-12-04/1760129289.json"
"512557","146154","2025-12-04","45.00","NZD","1760129289","23477/2025-12-04/1760129289.json"
"365170","146153","2025-12-04","48.00","NZD","1760129289","23477/2025-12-04/1760129289.json"
"510807","146155","2025-12-04","52.00","NZD","1760129289","23477/2025-12-04/1760129289.json"
"581513","221281","2025-12-05","36.00","NZD","1760129289","23477/2025-12-05/1760129289.json"
"581513","221281","2025-12-06","36.00","NZD","1760129289","23477/2025-12-06/1760129289.json"
"581514","221282","2025-12-05","36.00","NZD","1760129289","23477/2025-12-05/1760129289.json"
"581514","221282","2025-12-06","36.00","NZD","1760129289","23477/2025-12-06/1760129289.json"
"512557","146154","2025-12-06","45.00","NZD","1760129289","23477/2025-12-06/1760129289.json"
"512557","146154","2025-12-05","45.00","NZD","1760129289","23477/2025-12-05/1760129289.json"
"365170","146153","2025-12-06","48.00","NZD","1760129289","23477/2025-12-06/1760129289.json"
"510807","146155","2025-12-06","52.00","NZD","1760129289","23477/2025-12-06/1760129289.json"
"365170","146153","2025-12-05","48.00","NZD","1760129289","23477/2025-12-05/1760129289.json"
"510807","146155","2025-12-05","52.00","NZD","1760129289","23477/2025-12-05/1760129289.json"
"581513","221281","2025-12-07","36.00","NZD","1760129289","23477/2025-12-07/1760129289.json"
"581514","221282","2025-12-07","36.00","NZD","1760129289","23477/2025-12-07/1760129289.json"
"512557","146154","2025-12-07","45.00","NZD","1760129289","23477/2025-12-07/1760129289.json"
"365170","146153","2025-12-07","48.00","NZD","1760129289","23477/2025-12-07/1760129289.json"
"510807","146155","2025-12-07","52.00","NZD","1760129289","23477/2025-12-07/1760129289.json"
"581513","221281","2025-12-08","36.00","NZD","1760129289","23477/2025-12-08/1760129289.json"
"581514","221282","2025-12-08","36.00","NZD","1760129289","23477/2025-12-08/1760129289.json"
"512557","146154","2025-12-08","45.00","NZD","1760129289","23477/2025-12-08/1760129289.json"
"365170","146153","2025-12-08","48.00","NZD","1760129289","23477/2025-12-08/1760129289.json"
"510807","146155","2025-12-08","52.00","NZD","1760129289","23477/2025-12-08/1760129289.json"
"581513","221281","2025-12-09","36.00","NZD","1760129289","23477/2025-12-09/1760129289.json"
"581514","221282","2025-12-09","36.00","NZD","1760129289","23477/2025-12-09/1760129289.json"
"512557","146154","2025-12-09","45.00","NZD","1760129289","23477/2025-12-09/1760129289.json"
"365170","146153","2025-12-09","48.00","NZD","1760129289","23477/2025-12-09/1760129289.json"
"510807","146155","2025-12-09","52.00","NZD","1760129289","23477/2025-12-09/1760129289.json"
"581513","221281","2025-10-13","36.00","NZD","1760152530","23477/2025-10-13/1760152530.json"
"581514","221282","2025-10-13","36.00","NZD","1760152530","23477/2025-10-13/1760152530.json"
"512557","146154","2025-10-13","45.00","NZD","1760152530","23477/2025-10-13/1760152530.json"
"365170","146153","2025-10-13","48.00","NZD","1760152530","23477/2025-10-13/1760152530.json"
"510807","146155","2025-10-13","52.00","NZD","1760152530","23477/2025-10-13/1760152530.json"
"581513","221281","2025-10-14","36.00","NZD","1760152530","23477/2025-10-14/1760152530.json"
"581514","221282","2025-10-14","36.00","NZD","1760152530","23477/2025-10-14/1760152530.json"
"512557","146154","2025-10-14","45.00","NZD","1760152530","23477/2025-10-14/1760152530.json"
"365170","146153","2025-10-14","48.00","NZD","1760152530","23477/2025-10-14/1760152530.json"
"510807","146155","2025-10-14","52.00","NZD","1760152530","23477/2025-10-14/1760152530.json"
"581513","221281","2025-10-11","36.00","NZD","1760152530","23477/2025-10-11/1760152530.json"
"581514","221282","2025-10-11","36.00","NZD","1760152530","23477/2025-10-11/1760152530.json"
"512557","146154","2025-10-11","45.00","NZD","1760152530","23477/2025-10-11/1760152530.json"
"365170","146153","2025-10-11","48.00","NZD","1760152530","23477/2025-10-11/1760152530.json"
"510807","146155","2025-10-11","52.00","NZD","1760152530","23477/2025-10-11/1760152530.json"
"581513","221281","2025-10-12","36.00","NZD","1760152530","23477/2025-10-12/1760152530.json"
"581514","221282","2025-10-12","36.00","NZD","1760152530","23477/2025-10-12/1760152530.json"
"512557","146154","2025-10-12","45.00","NZD","1760152530","23477/2025-10-12/1760152530.json"
"365170","146153","2025-10-12","48.00","NZD","1760152530","23477/2025-10-12/1760152530.json"
"510807","146155","2025-10-12","52.00","NZD","1760152530","23477/2025-10-12/1760152530.json"
"581513","221281","2025-10-18","36.00","NZD","1760152530","23477/2025-10-18/1760152530.json"
"581514","221282","2025-10-18","36.00","NZD","1760152530","23477/2025-10-18/1760152530.json"
"512557","146154","2025-10-18","45.00","NZD","1760152530","23477/2025-10-18/1760152530.json"
"365170","146153","2025-10-18","48.00","NZD","1760152530","23477/2025-10-18/1760152530.json"
"510807","146155","2025-10-18","52.00","NZD","1760152530","23477/2025-10-18/1760152530.json"
"581513","221281","2025-10-16","36.00","NZD","1760152530","23477/2025-10-16/1760152530.json"
"581514","221282","2025-10-16","36.00","NZD","1760152530","23477/2025-10-16/1760152530.json"
"512557","146154","2025-10-16","45.00","NZD","1760152530","23477/2025-10-16/1760152530.json"
"365170","146153","2025-10-16","48.00","NZD","1760152530","23477/2025-10-16/1760152530.json"
"510807","146155","2025-10-16","52.00","NZD","1760152530","23477/2025-10-16/1760152530.json"
"581513","221281","2025-10-17","36.00","NZD","1760152530","23477/2025-10-17/1760152530.json"
"581514","221282","2025-10-17","36.00","NZD","1760152530","23477/2025-10-17/1760152530.json"
"512557","146154","2025-10-17","45.00","NZD","1760152530","23477/2025-10-17/1760152530.json"
"365170","146153","2025-10-17","48.00","NZD","1760152530","23477/2025-10-17/1760152530.json"
"510807","146155","2025-10-17","52.00","NZD","1760152530","23477/2025-10-17/1760152530.json"
"581513","221281","2025-10-15","36.00","NZD","1760152530","23477/2025-10-15/1760152530.json"
"581514","221282","2025-10-15","36.00","NZD","1760152530","23477/2025-10-15/1760152530.json"
"512557","146154","2025-10-15","45.00","NZD","1760152530","23477/2025-10-15/1760152530.json"
"365170","146153","2025-10-15","48.00","NZD","1760152530","23477/2025-10-15/1760152530.json"
"510807","146155","2025-10-15","52.00","NZD","1760152530","23477/2025-10-15/1760152530.json"
"581513","221281","2025-10-22","36.00","NZD","1760152530","23477/2025-10-22/1760152530.json"
"581514","221282","2025-10-22","36.00","NZD","1760152530","23477/2025-10-22/1760152530.json"
"512557","146154","2025-10-22","45.00","NZD","1760152530","23477/2025-10-22/1760152530.json"
"365170","146153","2025-10-22","48.00","NZD","1760152530","23477/2025-10-22/1760152530.json"
"510807","146155","2025-10-22","52.00","NZD","1760152530","23477/2025-10-22/1760152530.json"
"581513","221281","2025-10-21","36.00","NZD","1760152530","23477/2025-10-21/1760152530.json"
"581513","221281","2025-10-19","36.00","NZD","1760152530","23477/2025-10-19/1760152530.json"
"581514","221282","2025-10-19","36.00","NZD","1760152530","23477/2025-10-19/1760152530.json"
"581514","221282","2025-10-21","36.00","NZD","1760152530","23477/2025-10-21/1760152530.json"
"512557","146154","2025-10-21","45.00","NZD","1760152530","23477/2025-10-21/1760152530.json"
"512557","146154","2025-10-19","45.00","NZD","1760152530","23477/2025-10-19/1760152530.json"
"365170","146153","2025-10-21","48.00","NZD","1760152530","23477/2025-10-21/1760152530.json"
"365170","146153","2025-10-19","48.00","NZD","1760152530","23477/2025-10-19/1760152530.json"
"510807","146155","2025-10-21","52.00","NZD","1760152530","23477/2025-10-21/1760152530.json"
"510807","146155","2025-10-19","52.00","NZD","1760152530","23477/2025-10-19/1760152530.json"
"581513","221281","2025-10-20","36.00","NZD","1760152530","23477/2025-10-20/1760152530.json"
"581514","221282","2025-10-20","36.00","NZD","1760152530","23477/2025-10-20/1760152530.json"
"512557","146154","2025-10-20","45.00","NZD","1760152530","23477/2025-10-20/1760152530.json"
"365170","146153","2025-10-20","48.00","NZD","1760152530","23477/2025-10-20/1760152530.json"
"510807","146155","2025-10-20","52.00","NZD","1760152530","23477/2025-10-20/1760152530.json"
"581513","221281","2025-10-23","36.00","NZD","1760152530","23477/2025-10-23/1760152530.json"
"581514","221282","2025-10-23","36.00","NZD","1760152530","23477/2025-10-23/1760152530.json"
"512557","146154","2025-10-23","45.00","NZD","1760152530","23477/2025-10-23/1760152530.json"
"365170","146153","2025-10-23","48.00","NZD","1760152530","23477/2025-10-23/1760152530.json"
"510807","146155","2025-10-23","52.00","NZD","1760152530","23477/2025-10-23/1760152530.json"
"581513","221281","2025-10-25","36.00","NZD","1760152530","23477/2025-10-25/1760152530.json"
"581514","221282","2025-10-25","36.00","NZD","1760152530","23477/2025-10-25/1760152530.json"
"512557","146154","2025-10-25","45.00","NZD","1760152530","23477/2025-10-25/1760152530.json"
"365170","146153","2025-10-25","48.00","NZD","1760152530","23477/2025-10-25/1760152530.json"
"510807","146155","2025-10-25","52.00","NZD","1760152530","23477/2025-10-25/1760152530.json"
"581513","221281","2025-10-26","36.00","NZD","1760152530","23477/2025-10-26/1760152530.json"
"581514","221282","2025-10-26","36.00","NZD","1760152530","23477/2025-10-26/1760152530.json"
"512557","146154","2025-10-26","45.00","NZD","1760152530","23477/2025-10-26/1760152530.json"
"365170","146153","2025-10-26","48.00","NZD","1760152530","23477/2025-10-26/1760152530.json"
"510807","146155","2025-10-26","52.00","NZD","1760152530","23477/2025-10-26/1760152530.json"
"581513","221281","2025-10-24","36.00","NZD","1760152530","23477/2025-10-24/1760152530.json"
"581514","221282","2025-10-24","36.00","NZD","1760152530","23477/2025-10-24/1760152530.json"
"512557","146154","2025-10-24","45.00","NZD","1760152530","23477/2025-10-24/1760152530.json"
"365170","146153","2025-10-24","48.00","NZD","1760152530","23477/2025-10-24/1760152530.json"
"510807","146155","2025-10-24","52.00","NZD","1760152530","23477/2025-10-24/1760152530.json"
"581513","221281","2025-10-27","36.00","NZD","1760152530","23477/2025-10-27/1760152530.json"
"581514","221282","2025-10-27","36.00","NZD","1760152530","23477/2025-10-27/1760152530.json"
"512557","146154","2025-10-27","45.00","NZD","1760152530","23477/2025-10-27/1760152530.json"
"365170","146153","2025-10-27","48.00","NZD","1760152530","23477/2025-10-27/1760152530.json"
"510807","146155","2025-10-27","52.00","NZD","1760152530","23477/2025-10-27/1760152530.json"
"581513","221281","2025-10-28","36.00","NZD","1760152530","23477/2025-10-28/1760152530.json"
"581514","221282","2025-10-28","36.00","NZD","1760152530","23477/2025-10-28/1760152530.json"
"512557","146154","2025-10-28","45.00","NZD","1760152530","23477/2025-10-28/1760152530.json"
"365170","146153","2025-10-28","48.00","NZD","1760152530","23477/2025-10-28/1760152530.json"
"510807","146155","2025-10-28","52.00","NZD","1760152530","23477/2025-10-28/1760152530.json"
"581513","221281","2025-10-29","36.00","NZD","1760152530","23477/2025-10-29/1760152530.json"
"581514","221282","2025-10-29","36.00","NZD","1760152530","23477/2025-10-29/1760152530.json"
"512557","146154","2025-10-29","45.00","NZD","1760152530","23477/2025-10-29/1760152530.json"
"365170","146153","2025-10-29","48.00","NZD","1760152530","23477/2025-10-29/1760152530.json"
"510807","146155","2025-10-29","52.00","NZD","1760152530","23477/2025-10-29/1760152530.json"
"581513","221281","2025-10-30","36.00","NZD","1760152530","23477/2025-10-30/1760152530.json"
"581514","221282","2025-10-30","36.00","NZD","1760152530","23477/2025-10-30/1760152530.json"
"512557","146154","2025-10-30","45.00","NZD","1760152530","23477/2025-10-30/1760152530.json"
"365170","146153","2025-10-30","48.00","NZD","1760152530","23477/2025-10-30/1760152530.json"
"510807","146155","2025-10-30","52.00","NZD","1760152530","23477/2025-10-30/1760152530.json"
"581513","221281","2025-10-31","36.00","NZD","1760152530","23477/2025-10-31/1760152530.json"
"581514","221282","2025-10-31","36.00","NZD","1760152530","23477/2025-10-31/1760152530.json"
"512557","146154","2025-10-31","45.00","NZD","1760152530","23477/2025-10-31/1760152530.json"
"365170","146153","2025-10-31","48.00","NZD","1760152530","23477/2025-10-31/1760152530.json"
"510807","146155","2025-10-31","52.00","NZD","1760152530","23477/2025-10-31/1760152530.json"
"581513","221281","2025-11-02","36.00","NZD","1760152530","23477/2025-11-02/1760152530.json"
"581514","221282","2025-11-02","36.00","NZD","1760152530","23477/2025-11-02/1760152530.json"
"512557","146154","2025-11-02","45.00","NZD","1760152530","23477/2025-11-02/1760152530.json"
"365170","146153","2025-11-02","48.00","NZD","1760152530","23477/2025-11-02/1760152530.json"
"510807","146155","2025-11-02","52.00","NZD","1760152530","23477/2025-11-02/1760152530.json"
"581513","221281","2025-11-03","36.00","NZD","1760152530","23477/2025-11-03/1760152530.json"
"581514","221282","2025-11-03","36.00","NZD","1760152530","23477/2025-11-03/1760152530.json"
"512557","146154","2025-11-03","45.00","NZD","1760152530","23477/2025-11-03/1760152530.json"
"365170","146153","2025-11-03","48.00","NZD","1760152530","23477/2025-11-03/1760152530.json"
"510807","146155","2025-11-03","52.00","NZD","1760152530","23477/2025-11-03/1760152530.json"
"581513","221281","2025-11-01","36.00","NZD","1760152530","23477/2025-11-01/1760152530.json"
"581514","221282","2025-11-01","36.00","NZD","1760152530","23477/2025-11-01/1760152530.json"
"512557","146154","2025-11-01","45.00","NZD","1760152530","23477/2025-11-01/1760152530.json"
"365170","146153","2025-11-01","48.00","NZD","1760152530","23477/2025-11-01/1760152530.json"
"510807","146155","2025-11-01","52.00","NZD","1760152530","23477/2025-11-01/1760152530.json"
"581513","221281","2025-11-05","36.00","NZD","1760152530","23477/2025-11-05/1760152530.json"
"581514","221282","2025-11-05","36.00","NZD","1760152530","23477/2025-11-05/1760152530.json"
"512557","146154","2025-11-05","45.00","NZD","1760152530","23477/2025-11-05/1760152530.json"
"365170","146153","2025-11-05","48.00","NZD","1760152530","23477/2025-11-05/1760152530.json"
"510807","146155","2025-11-05","52.00","NZD","1760152530","23477/2025-11-05/1760152530.json"
"581513","221281","2025-11-06","36.00","NZD","1760152530","23477/2025-11-06/1760152530.json"
"581514","221282","2025-11-06","36.00","NZD","1760152530","23477/2025-11-06/1760152530.json"
"512557","146154","2025-11-06","45.00","NZD","1760152530","23477/2025-11-06/1760152530.json"
"365170","146153","2025-11-06","48.00","NZD","1760152530","23477/2025-11-06/1760152530.json"
"510807","146155","2025-11-06","52.00","NZD","1760152530","23477/2025-11-06/1760152530.json"
"581513","221281","2025-11-07","36.00","NZD","1760152530","23477/2025-11-07/1760152530.json"
"581514","221282","2025-11-07","36.00","NZD","1760152530","23477/2025-11-07/1760152530.json"
"512557","146154","2025-11-07","45.00","NZD","1760152530","23477/2025-11-07/1760152530.json"
"365170","146153","2025-11-07","48.00","NZD","1760152530","23477/2025-11-07/1760152530.json"
"510807","146155","2025-11-07","52.00","NZD","1760152530","23477/2025-11-07/1760152530.json"
"581513","221281","2025-11-04","36.00","NZD","1760152530","23477/2025-11-04/1760152530.json"
"581514","221282","2025-11-04","36.00","NZD","1760152530","23477/2025-11-04/1760152530.json"
"512557","146154","2025-11-04","45.00","NZD","1760152530","23477/2025-11-04/1760152530.json"
"365170","146153","2025-11-04","48.00","NZD","1760152530","23477/2025-11-04/1760152530.json"
"510807","146155","2025-11-04","52.00","NZD","1760152530","23477/2025-11-04/1760152530.json"
"581513","221281","2025-11-08","36.00","NZD","1760152530","23477/2025-11-08/1760152530.json"
"581514","221282","2025-11-08","36.00","NZD","1760152530","23477/2025-11-08/1760152530.json"
"512557","146154","2025-11-08","45.00","NZD","1760152530","23477/2025-11-08/1760152530.json"
"365170","146153","2025-11-08","48.00","NZD","1760152530","23477/2025-11-08/1760152530.json"
"510807","146155","2025-11-08","52.00","NZD","1760152530","23477/2025-11-08/1760152530.json"
"581513","221281","2025-11-10","36.00","NZD","1760152530","23477/2025-11-10/1760152530.json"
"581514","221282","2025-11-10","36.00","NZD","1760152530","23477/2025-11-10/1760152530.json"
"512557","146154","2025-11-10","45.00","NZD","1760152530","23477/2025-11-10/1760152530.json"
"365170","146153","2025-11-10","48.00","NZD","1760152530","23477/2025-11-10/1760152530.json"
"510807","146155","2025-11-10","52.00","NZD","1760152530","23477/2025-11-10/1760152530.json"
"581513","221281","2025-11-11","36.00","NZD","1760152530","23477/2025-11-11/1760152530.json"
"581514","221282","2025-11-11","36.00","NZD","1760152530","23477/2025-11-11/1760152530.json"
"512557","146154","2025-11-11","45.00","NZD","1760152530","23477/2025-11-11/1760152530.json"
"365170","146153","2025-11-11","48.00","NZD","1760152530","23477/2025-11-11/1760152530.json"
"510807","146155","2025-11-11","52.00","NZD","1760152530","23477/2025-11-11/1760152530.json"
"581513","221281","2025-11-09","36.00","NZD","1760152530","23477/2025-11-09/1760152530.json"
"581514","221282","2025-11-09","36.00","NZD","1760152530","23477/2025-11-09/1760152530.json"
"512557","146154","2025-11-09","45.00","NZD","1760152530","23477/2025-11-09/1760152530.json"
"365170","146153","2025-11-09","48.00","NZD","1760152530","23477/2025-11-09/1760152530.json"
"510807","146155","2025-11-09","52.00","NZD","1760152530","23477/2025-11-09/1760152530.json"
"581513","221281","2025-11-12","36.00","NZD","1760152530","23477/2025-11-12/1760152530.json"
"581514","221282","2025-11-12","36.00","NZD","1760152530","23477/2025-11-12/1760152530.json"
"512557","146154","2025-11-12","45.00","NZD","1760152530","23477/2025-11-12/1760152530.json"
"365170","146153","2025-11-12","48.00","NZD","1760152530","23477/2025-11-12/1760152530.json"
"510807","146155","2025-11-12","52.00","NZD","1760152530","23477/2025-11-12/1760152530.json"
"581513","221281","2025-11-13","36.00","NZD","1760152530","23477/2025-11-13/1760152530.json"
"581514","221282","2025-11-13","36.00","NZD","1760152530","23477/2025-11-13/1760152530.json"
"512557","146154","2025-11-13","45.00","NZD","1760152530","23477/2025-11-13/1760152530.json"
"365170","146153","2025-11-13","48.00","NZD","1760152530","23477/2025-11-13/1760152530.json"
"510807","146155","2025-11-13","52.00","NZD","1760152530","23477/2025-11-13/1760152530.json"
"581513","221281","2025-11-14","36.00","NZD","1760152530","23477/2025-11-14/1760152530.json"
"581514","221282","2025-11-14","36.00","NZD","1760152530","23477/2025-11-14/1760152530.json"
"512557","146154","2025-11-14","45.00","NZD","1760152530","23477/2025-11-14/1760152530.json"
"365170","146153","2025-11-14","48.00","NZD","1760152530","23477/2025-11-14/1760152530.json"
"510807","146155","2025-11-14","52.00","NZD","1760152530","23477/2025-11-14/1760152530.json"
"581513","221281","2025-11-15","36.00","NZD","1760152530","23477/2025-11-15/1760152530.json"
"581514","221282","2025-11-15","36.00","NZD","1760152530","23477/2025-11-15/1760152530.json"
"512557","146154","2025-11-15","45.00","NZD","1760152530","23477/2025-11-15/1760152530.json"
"365170","146153","2025-11-15","48.00","NZD","1760152530","23477/2025-11-15/1760152530.json"
"510807","146155","2025-11-15","52.00","NZD","1760152530","23477/2025-11-15/1760152530.json"
"581513","221281","2025-11-16","36.00","NZD","1760152530","23477/2025-11-16/1760152530.json"
"581514","221282","2025-11-16","36.00","NZD","1760152530","23477/2025-11-16/1760152530.json"
"512557","146154","2025-11-16","45.00","NZD","1760152530","23477/2025-11-16/1760152530.json"
"365170","146153","2025-11-16","48.00","NZD","1760152530","23477/2025-11-16/1760152530.json"
"510807","146155","2025-11-16","52.00","NZD","1760152530","23477/2025-11-16/1760152530.json"
"581513","221281","2025-11-17","36.00","NZD","1760152530","23477/2025-11-17/1760152530.json"
"581514","221282","2025-11-17","36.00","NZD","1760152530","23477/2025-11-17/1760152530.json"
"512557","146154","2025-11-17","45.00","NZD","1760152530","23477/2025-11-17/1760152530.json"
"365170","146153","2025-11-17","48.00","NZD","1760152530","23477/2025-11-17/1760152530.json"
"510807","146155","2025-11-17","52.00","NZD","1760152530","23477/2025-11-17/1760152530.json"
"581513","221281","2025-11-18","36.00","NZD","1760152530","23477/2025-11-18/1760152530.json"
"581514","221282","2025-11-18","36.00","NZD","1760152530","23477/2025-11-18/1760152530.json"
"512557","146154","2025-11-18","45.00","NZD","1760152530","23477/2025-11-18/1760152530.json"
"365170","146153","2025-11-18","48.00","NZD","1760152530","23477/2025-11-18/1760152530.json"
"510807","146155","2025-11-18","52.00","NZD","1760152530","23477/2025-11-18/1760152530.json"
"581513","221281","2025-11-19","36.00","NZD","1760152530","23477/2025-11-19/1760152530.json"
"581514","221282","2025-11-19","36.00","NZD","1760152530","23477/2025-11-19/1760152530.json"
"512557","146154","2025-11-19","45.00","NZD","1760152530","23477/2025-11-19/1760152530.json"
"365170","146153","2025-11-19","48.00","NZD","1760152530","23477/2025-11-19/1760152530.json"
"510807","146155","2025-11-19","52.00","NZD","1760152530","23477/2025-11-19/1760152530.json"
"581513","221281","2025-11-20","36.00","NZD","1760152530","23477/2025-11-20/1760152530.json"
"581514","221282","2025-11-20","36.00","NZD","1760152530","23477/2025-11-20/1760152530.json"
"512557","146154","2025-11-20","45.00","NZD","1760152530","23477/2025-11-20/1760152530.json"
"581513","221281","2025-11-22","36.00","NZD","1760152530","23477/2025-11-22/1760152530.json"
"581514","221282","2025-11-22","36.00","NZD","1760152530","23477/2025-11-22/1760152530.json"
"512557","146154","2025-11-22","45.00","NZD","1760152530","23477/2025-11-22/1760152530.json"
"365170","146153","2025-11-22","48.00","NZD","1760152530","23477/2025-11-22/1760152530.json"
"510807","146155","2025-11-22","52.00","NZD","1760152530","23477/2025-11-22/1760152530.json"
"581513","221281","2025-11-21","36.00","NZD","1760152530","23477/2025-11-21/1760152530.json"
"581514","221282","2025-11-21","36.00","NZD","1760152530","23477/2025-11-21/1760152530.json"
"512557","146154","2025-11-21","45.00","NZD","1760152530","23477/2025-11-21/1760152530.json"
"365170","146153","2025-11-21","48.00","NZD","1760152530","23477/2025-11-21/1760152530.json"
"510807","146155","2025-11-21","52.00","NZD","1760152530","23477/2025-11-21/1760152530.json"
"581513","221281","2025-11-23","36.00","NZD","1760152530","23477/2025-11-23/1760152530.json"
"581514","221282","2025-11-23","36.00","NZD","1760152530","23477/2025-11-23/1760152530.json"
"512557","146154","2025-11-23","45.00","NZD","1760152530","23477/2025-11-23/1760152530.json"
"365170","146153","2025-11-23","48.00","NZD","1760152530","23477/2025-11-23/1760152530.json"
"510807","146155","2025-11-23","52.00","NZD","1760152530","23477/2025-11-23/1760152530.json"
"581513","221281","2025-11-24","36.00","NZD","1760152530","23477/2025-11-24/1760152530.json"
"581514","221282","2025-11-24","36.00","NZD","1760152530","23477/2025-11-24/1760152530.json"
"512557","146154","2025-11-24","45.00","NZD","1760152530","23477/2025-11-24/1760152530.json"
"365170","146153","2025-11-24","48.00","NZD","1760152530","23477/2025-11-24/1760152530.json"
"510807","146155","2025-11-24","52.00","NZD","1760152530","23477/2025-11-24/1760152530.json"
"581513","221281","2025-11-25","36.00","NZD","1760152530","23477/2025-11-25/1760152530.json"
"581514","221282","2025-11-25","36.00","NZD","1760152530","23477/2025-11-25/1760152530.json"
"512557","146154","2025-11-25","45.00","NZD","1760152530","23477/2025-11-25/1760152530.json"
"365170","146153","2025-11-25","48.00","NZD","1760152530","23477/2025-11-25/1760152530.json"
"510807","146155","2025-11-25","52.00","NZD","1760152530","23477/2025-11-25/1760152530.json"
"581513","221281","2025-11-26","36.00","NZD","1760152530","23477/2025-11-26/1760152530.json"
"581514","221282","2025-11-26","36.00","NZD","1760152530","23477/2025-11-26/1760152530.json"
"512557","146154","2025-11-26","45.00","NZD","1760152530","23477/2025-11-26/1760152530.json"
"365170","146153","2025-11-26","48.00","NZD","1760152530","23477/2025-11-26/1760152530.json"
"510807","146155","2025-11-26","52.00","NZD","1760152530","23477/2025-11-26/1760152530.json"
"581513","221281","2025-11-27","36.00","NZD","1760152530","23477/2025-11-27/1760152530.json"
"581514","221282","2025-11-27","36.00","NZD","1760152530","23477/2025-11-27/1760152530.json"
"512557","146154","2025-11-27","45.00","NZD","1760152530","23477/2025-11-27/1760152530.json"
"365170","146153","2025-11-27","48.00","NZD","1760152530","23477/2025-11-27/1760152530.json"
"510807","146155","2025-11-27","52.00","NZD","1760152530","23477/2025-11-27/1760152530.json"
"581513","221281","2025-11-28","36.00","NZD","1760152530","23477/2025-11-28/1760152530.json"
"581514","221282","2025-11-28","36.00","NZD","1760152530","23477/2025-11-28/1760152530.json"
"512557","146154","2025-11-28","45.00","NZD","1760152530","23477/2025-11-28/1760152530.json"
"365170","146153","2025-11-28","48.00","NZD","1760152530","23477/2025-11-28/1760152530.json"
"510807","146155","2025-11-28","52.00","NZD","1760152530","23477/2025-11-28/1760152530.json"
"581513","221281","2025-11-29","36.00","NZD","1760152530","23477/2025-11-29/1760152530.json"
"581514","221282","2025-11-29","36.00","NZD","1760152530","23477/2025-11-29/1760152530.json"
"512557","146154","2025-11-29","45.00","NZD","1760152530","23477/2025-11-29/1760152530.json"
"365170","146153","2025-11-29","48.00","NZD","1760152530","23477/2025-11-29/1760152530.json"
"510807","146155","2025-11-29","52.00","NZD","1760152530","23477/2025-11-29/1760152530.json"
"581513","221281","2025-11-30","36.00","NZD","1760152530","23477/2025-11-30/1760152530.json"
"581514","221282","2025-11-30","36.00","NZD","1760152530","23477/2025-11-30/1760152530.json"
"512557","146154","2025-11-30","45.00","NZD","1760152530","23477/2025-11-30/1760152530.json"
"365170","146153","2025-11-30","48.00","NZD","1760152530","23477/2025-11-30/1760152530.json"
"510807","146155","2025-11-30","52.00","NZD","1760152530","23477/2025-11-30/1760152530.json"
"581513","221281","2025-12-01","36.00","NZD","1760152530","23477/2025-12-01/1760152530.json"
"581514","221282","2025-12-01","36.00","NZD","1760152530","23477/2025-12-01/1760152530.json"
"512557","146154","2025-12-01","45.00","NZD","1760152530","23477/2025-12-01/1760152530.json"
"365170","146153","2025-12-01","48.00","NZD","1760152530","23477/2025-12-01/1760152530.json"
"510807","146155","2025-12-01","52.00","NZD","1760152530","23477/2025-12-01/1760152530.json"
"581513","221281","2025-12-03","36.00","NZD","1760152530","23477/2025-12-03/1760152530.json"
"581514","221282","2025-12-03","36.00","NZD","1760152530","23477/2025-12-03/1760152530.json"
"512557","146154","2025-12-03","45.00","NZD","1760152530","23477/2025-12-03/1760152530.json"
"365170","146153","2025-12-03","48.00","NZD","1760152530","23477/2025-12-03/1760152530.json"
"510807","146155","2025-12-03","52.00","NZD","1760152530","23477/2025-12-03/1760152530.json"
"581513","221281","2025-12-02","36.00","NZD","1760152530","23477/2025-12-02/1760152530.json"
"581514","221282","2025-12-02","36.00","NZD","1760152530","23477/2025-12-02/1760152530.json"
"512557","146154","2025-12-02","45.00","NZD","1760152530","23477/2025-12-02/1760152530.json"
"365170","146153","2025-12-02","48.00","NZD","1760152530","23477/2025-12-02/1760152530.json"
"510807","146155","2025-12-02","52.00","NZD","1760152530","23477/2025-12-02/1760152530.json"
"581513","221281","2025-12-05","36.00","NZD","1760152530","23477/2025-12-05/1760152530.json"
"581514","221282","2025-12-05","36.00","NZD","1760152530","23477/2025-12-05/1760152530.json"
"512557","146154","2025-12-05","45.00","NZD","1760152530","23477/2025-12-05/1760152530.json"
"365170","146153","2025-12-05","48.00","NZD","1760152530","23477/2025-12-05/1760152530.json"
"510807","146155","2025-12-05","52.00","NZD","1760152530","23477/2025-12-05/1760152530.json"
"581513","221281","2025-12-04","36.00","NZD","1760152530","23477/2025-12-04/1760152530.json"
"581514","221282","2025-12-04","36.00","NZD","1760152530","23477/2025-12-04/1760152530.json"
"512557","146154","2025-12-04","45.00","NZD","1760152530","23477/2025-12-04/1760152530.json"
"365170","146153","2025-12-04","48.00","NZD","1760152530","23477/2025-12-04/1760152530.json"
"510807","146155","2025-12-04","52.00","NZD","1760152530","23477/2025-12-04/1760152530.json"
"581513","221281","2025-12-06","36.00","NZD","1760152530","23477/2025-12-06/1760152530.json"
"581514","221282","2025-12-06","36.00","NZD","1760152530","23477/2025-12-06/1760152530.json"
"512557","146154","2025-12-06","45.00","NZD","1760152530","23477/2025-12-06/1760152530.json"
"365170","146153","2025-12-06","48.00","NZD","1760152530","23477/2025-12-06/1760152530.json"
"510807","146155","2025-12-06","52.00","NZD","1760152530","23477/2025-12-06/1760152530.json"
"581513","221281","2025-12-07","36.00","NZD","1760152530","23477/2025-12-07/1760152530.json"
"581514","221282","2025-12-07","36.00","NZD","1760152530","23477/2025-12-07/1760152530.json"
"512557","146154","2025-12-07","45.00","NZD","1760152530","23477/2025-12-07/1760152530.json"
"365170","146153","2025-12-07","48.00","NZD","1760152530","23477/2025-12-07/1760152530.json"
"510807","146155","2025-12-07","52.00","NZD","1760152530","23477/2025-12-07/1760152530.json"
"581513","221281","2025-12-08","36.00","NZD","1760152530","23477/2025-12-08/1760152530.json"
"581514","221282","2025-12-08","36.00","NZD","1760152530","23477/2025-12-08/1760152530.json"
"512557","146154","2025-12-08","45.00","NZD","1760152530","23477/2025-12-08/1760152530.json"
"365170","146153","2025-12-08","48.00","NZD","1760152530","23477/2025-12-08/1760152530.json"
"510807","146155","2025-12-08","52.00","NZD","1760152530","23477/2025-12-08/1760152530.json"
"581513","221281","2025-12-09","36.00","NZD","1760152530","23477/2025-12-09/1760152530.json"
"581514","221282","2025-12-09","36.00","NZD","1760152530","23477/2025-12-09/1760152530.json"
"512557","146154","2025-12-09","45.00","NZD","1760152530","23477/2025-12-09/1760152530.json"
"365170","146153","2025-12-09","48.00","NZD","1760152530","23477/2025-12-09/1760152530.json"
"510807","146155","2025-12-09","52.00","NZD","1760152530","23477/2025-12-09/1760152530.json"
"581513","221281","2025-12-10","36.00","NZD","1760152530","23477/2025-12-10/1760152530.json"
"581514","221282","2025-12-10","36.00","NZD","1760152530","23477/2025-12-10/1760152530.json"
"512557","146154","2025-12-10","45.00","NZD","1760152530","23477/2025-12-10/1760152530.json"
"365170","146153","2025-12-10","48.00","NZD","1760152530","23477/2025-12-10/1760152530.json"
"510807","146155","2025-12-10","52.00","NZD","1760152530","23477/2025-12-10/1760152530.json"
"581513","221281","2025-10-14","36.00","NZD","1760158213","23477/2025-10-14/1760158213.json"
"581514","221282","2025-10-14","36.00","NZD","1760158213","23477/2025-10-14/1760158213.json"
"512557","146154","2025-10-14","45.00","NZD","1760158213","23477/2025-10-14/1760158213.json"
"365170","146153","2025-10-14","48.00","NZD","1760158213","23477/2025-10-14/1760158213.json"
"510807","146155","2025-10-14","52.00","NZD","1760158213","23477/2025-10-14/1760158213.json"
"581513","221281","2025-10-13","36.00","NZD","1760158213","23477/2025-10-13/1760158213.json"
"581514","221282","2025-10-13","36.00","NZD","1760158213","23477/2025-10-13/1760158213.json"
"512557","146154","2025-10-13","45.00","NZD","1760158213","23477/2025-10-13/1760158213.json"
"365170","146153","2025-10-13","48.00","NZD","1760158213","23477/2025-10-13/1760158213.json"
"510807","146155","2025-10-13","52.00","NZD","1760158213","23477/2025-10-13/1760158213.json"
"581513","221281","2025-10-12","36.00","NZD","1760158213","23477/2025-10-12/1760158213.json"
"581514","221282","2025-10-12","36.00","NZD","1760158213","23477/2025-10-12/1760158213.json"
"512557","146154","2025-10-12","45.00","NZD","1760158213","23477/2025-10-12/1760158213.json"
"365170","146153","2025-10-12","48.00","NZD","1760158213","23477/2025-10-12/1760158213.json"
"510807","146155","2025-10-12","52.00","NZD","1760158213","23477/2025-10-12/1760158213.json"
"581513","221281","2025-10-11","36.00","NZD","1760158213","23477/2025-10-11/1760158213.json"
"581514","221282","2025-10-11","36.00","NZD","1760158213","23477/2025-10-11/1760158213.json"
"512557","146154","2025-10-11","45.00","NZD","1760158213","23477/2025-10-11/1760158213.json"
"365170","146153","2025-10-11","48.00","NZD","1760158213","23477/2025-10-11/1760158213.json"
"510807","146155","2025-10-11","52.00","NZD","1760158213","23477/2025-10-11/1760158213.json"
"581513","221281","2025-10-15","36.00","NZD","1760158213","23477/2025-10-15/1760158213.json"
"581514","221282","2025-10-15","36.00","NZD","1760158213","23477/2025-10-15/1760158213.json"
"512557","146154","2025-10-15","45.00","NZD","1760158213","23477/2025-10-15/1760158213.json"
"365170","146153","2025-10-15","48.00","NZD","1760158213","23477/2025-10-15/1760158213.json"
"510807","146155","2025-10-15","52.00","NZD","1760158213","23477/2025-10-15/1760158213.json"
"581513","221281","2025-10-16","36.00","NZD","1760158213","23477/2025-10-16/1760158213.json"
"581514","221282","2025-10-16","36.00","NZD","1760158213","23477/2025-10-16/1760158213.json"
"512557","146154","2025-10-16","45.00","NZD","1760158213","23477/2025-10-16/1760158213.json"
"365170","146153","2025-10-16","48.00","NZD","1760158213","23477/2025-10-16/1760158213.json"
"510807","146155","2025-10-16","52.00","NZD","1760158213","23477/2025-10-16/1760158213.json"
"581513","221281","2025-10-17","36.00","NZD","1760158213","23477/2025-10-17/1760158213.json"
"581514","221282","2025-10-17","36.00","NZD","1760158213","23477/2025-10-17/1760158213.json"
"512557","146154","2025-10-17","45.00","NZD","1760158213","23477/2025-10-17/1760158213.json"
"365170","146153","2025-10-17","48.00","NZD","1760158213","23477/2025-10-17/1760158213.json"
"510807","146155","2025-10-17","52.00","NZD","1760158213","23477/2025-10-17/1760158213.json"
"581513","221281","2025-10-18","36.00","NZD","1760158213","23477/2025-10-18/1760158213.json"
"581514","221282","2025-10-18","36.00","NZD","1760158213","23477/2025-10-18/1760158213.json"
"512557","146154","2025-10-18","45.00","NZD","1760158213","23477/2025-10-18/1760158213.json"
"365170","146153","2025-10-18","48.00","NZD","1760158213","23477/2025-10-18/1760158213.json"
"510807","146155","2025-10-18","52.00","NZD","1760158213","23477/2025-10-18/1760158213.json"
"581513","221281","2025-10-19","36.00","NZD","1760158213","23477/2025-10-19/1760158213.json"
"581514","221282","2025-10-19","36.00","NZD","1760158213","23477/2025-10-19/1760158213.json"
"512557","146154","2025-10-19","45.00","NZD","1760158213","23477/2025-10-19/1760158213.json"
"365170","146153","2025-10-19","48.00","NZD","1760158213","23477/2025-10-19/1760158213.json"
"510807","146155","2025-10-19","52.00","NZD","1760158213","23477/2025-10-19/1760158213.json"
"581513","221281","2025-10-21","36.00","NZD","1760158213","23477/2025-10-21/1760158213.json"
"581514","221282","2025-10-21","36.00","NZD","1760158213","23477/2025-10-21/1760158213.json"
"512557","146154","2025-10-21","45.00","NZD","1760158213","23477/2025-10-21/1760158213.json"
"365170","146153","2025-10-21","48.00","NZD","1760158213","23477/2025-10-21/1760158213.json"
"510807","146155","2025-10-21","52.00","NZD","1760158213","23477/2025-10-21/1760158213.json"
"581513","221281","2025-10-20","36.00","NZD","1760158213","23477/2025-10-20/1760158213.json"
"581514","221282","2025-10-20","36.00","NZD","1760158213","23477/2025-10-20/1760158213.json"
"512557","146154","2025-10-20","45.00","NZD","1760158213","23477/2025-10-20/1760158213.json"
"365170","146153","2025-10-20","48.00","NZD","1760158213","23477/2025-10-20/1760158213.json"
"510807","146155","2025-10-20","52.00","NZD","1760158213","23477/2025-10-20/1760158213.json"
"581513","221281","2025-10-22","36.00","NZD","1760158213","23477/2025-10-22/1760158213.json"
"581514","221282","2025-10-22","36.00","NZD","1760158213","23477/2025-10-22/1760158213.json"
"512557","146154","2025-10-22","45.00","NZD","1760158213","23477/2025-10-22/1760158213.json"
"365170","146153","2025-10-22","48.00","NZD","1760158213","23477/2025-10-22/1760158213.json"
"510807","146155","2025-10-22","52.00","NZD","1760158213","23477/2025-10-22/1760158213.json"
"581513","221281","2025-10-23","36.00","NZD","1760158213","23477/2025-10-23/1760158213.json"
"581514","221282","2025-10-23","36.00","NZD","1760158213","23477/2025-10-23/1760158213.json"
"512557","146154","2025-10-23","45.00","NZD","1760158213","23477/2025-10-23/1760158213.json"
"365170","146153","2025-10-23","48.00","NZD","1760158213","23477/2025-10-23/1760158213.json"
"510807","146155","2025-10-23","52.00","NZD","1760158213","23477/2025-10-23/1760158213.json"
"581513","221281","2025-10-25","36.00","NZD","1760158213","23477/2025-10-25/1760158213.json"
"581514","221282","2025-10-25","36.00","NZD","1760158213","23477/2025-10-25/1760158213.json"
"512557","146154","2025-10-25","45.00","NZD","1760158213","23477/2025-10-25/1760158213.json"
"365170","146153","2025-10-25","48.00","NZD","1760158213","23477/2025-10-25/1760158213.json"
"510807","146155","2025-10-25","52.00","NZD","1760158213","23477/2025-10-25/1760158213.json"
"581513","221281","2025-10-24","36.00","NZD","1760158213","23477/2025-10-24/1760158213.json"
"581514","221282","2025-10-24","36.00","NZD","1760158213","23477/2025-10-24/1760158213.json"
"512557","146154","2025-10-24","45.00","NZD","1760158213","23477/2025-10-24/1760158213.json"
"365170","146153","2025-10-24","48.00","NZD","1760158213","23477/2025-10-24/1760158213.json"
"510807","146155","2025-10-24","52.00","NZD","1760158213","23477/2025-10-24/1760158213.json"
"581513","221281","2025-10-26","36.00","NZD","1760158213","23477/2025-10-26/1760158213.json"
"581514","221282","2025-10-26","36.00","NZD","1760158213","23477/2025-10-26/1760158213.json"
"512557","146154","2025-10-26","45.00","NZD","1760158213","23477/2025-10-26/1760158213.json"
"365170","146153","2025-10-26","48.00","NZD","1760158213","23477/2025-10-26/1760158213.json"
"510807","146155","2025-10-26","52.00","NZD","1760158213","23477/2025-10-26/1760158213.json"
"581513","221281","2025-10-27","36.00","NZD","1760158213","23477/2025-10-27/1760158213.json"
"581514","221282","2025-10-27","36.00","NZD","1760158213","23477/2025-10-27/1760158213.json"
"512557","146154","2025-10-27","45.00","NZD","1760158213","23477/2025-10-27/1760158213.json"
"365170","146153","2025-10-27","48.00","NZD","1760158213","23477/2025-10-27/1760158213.json"
"510807","146155","2025-10-27","52.00","NZD","1760158213","23477/2025-10-27/1760158213.json"
"581513","221281","2025-10-28","36.00","NZD","1760158213","23477/2025-10-28/1760158213.json"
"581514","221282","2025-10-28","36.00","NZD","1760158213","23477/2025-10-28/1760158213.json"
"512557","146154","2025-10-28","45.00","NZD","1760158213","23477/2025-10-28/1760158213.json"
"365170","146153","2025-10-28","48.00","NZD","1760158213","23477/2025-10-28/1760158213.json"
"510807","146155","2025-10-28","52.00","NZD","1760158213","23477/2025-10-28/1760158213.json"
"581513","221281","2025-10-29","36.00","NZD","1760158213","23477/2025-10-29/1760158213.json"
"581514","221282","2025-10-29","36.00","NZD","1760158213","23477/2025-10-29/1760158213.json"
"512557","146154","2025-10-29","45.00","NZD","1760158213","23477/2025-10-29/1760158213.json"
"365170","146153","2025-10-29","48.00","NZD","1760158213","23477/2025-10-29/1760158213.json"
"510807","146155","2025-10-29","52.00","NZD","1760158213","23477/2025-10-29/1760158213.json"
"581513","221281","2025-10-30","36.00","NZD","1760158213","23477/2025-10-30/1760158213.json"
"581514","221282","2025-10-30","36.00","NZD","1760158213","23477/2025-10-30/1760158213.json"
"512557","146154","2025-10-30","45.00","NZD","1760158213","23477/2025-10-30/1760158213.json"
"365170","146153","2025-10-30","48.00","NZD","1760158213","23477/2025-10-30/1760158213.json"
"510807","146155","2025-10-30","52.00","NZD","1760158213","23477/2025-10-30/1760158213.json"
"581513","221281","2025-10-31","36.00","NZD","1760158213","23477/2025-10-31/1760158213.json"
"581514","221282","2025-10-31","36.00","NZD","1760158213","23477/2025-10-31/1760158213.json"
"512557","146154","2025-10-31","45.00","NZD","1760158213","23477/2025-10-31/1760158213.json"
"365170","146153","2025-10-31","48.00","NZD","1760158213","23477/2025-10-31/1760158213.json"
"510807","146155","2025-10-31","52.00","NZD","1760158213","23477/2025-10-31/1760158213.json"
"581513","221281","2025-11-02","36.00","NZD","1760158213","23477/2025-11-02/1760158213.json"
"581514","221282","2025-11-02","36.00","NZD","1760158213","23477/2025-11-02/1760158213.json"
"512557","146154","2025-11-02","45.00","NZD","1760158213","23477/2025-11-02/1760158213.json"
"365170","146153","2025-11-02","48.00","NZD","1760158213","23477/2025-11-02/1760158213.json"
"510807","146155","2025-11-02","52.00","NZD","1760158213","23477/2025-11-02/1760158213.json"
"581513","221281","2025-11-01","36.00","NZD","1760158213","23477/2025-11-01/1760158213.json"
"581514","221282","2025-11-01","36.00","NZD","1760158213","23477/2025-11-01/1760158213.json"
"512557","146154","2025-11-01","45.00","NZD","1760158213","23477/2025-11-01/1760158213.json"
"365170","146153","2025-11-01","48.00","NZD","1760158213","23477/2025-11-01/1760158213.json"
"510807","146155","2025-11-01","52.00","NZD","1760158213","23477/2025-11-01/1760158213.json"
"581513","221281","2025-11-03","36.00","NZD","1760158213","23477/2025-11-03/1760158213.json"
"581514","221282","2025-11-03","36.00","NZD","1760158213","23477/2025-11-03/1760158213.json"
"512557","146154","2025-11-03","45.00","NZD","1760158213","23477/2025-11-03/1760158213.json"
"365170","146153","2025-11-03","48.00","NZD","1760158213","23477/2025-11-03/1760158213.json"
"510807","146155","2025-11-03","52.00","NZD","1760158213","23477/2025-11-03/1760158213.json"
"581513","221281","2025-11-04","36.00","NZD","1760158213","23477/2025-11-04/1760158213.json"
"581514","221282","2025-11-04","36.00","NZD","1760158213","23477/2025-11-04/1760158213.json"
"512557","146154","2025-11-04","45.00","NZD","1760158213","23477/2025-11-04/1760158213.json"
"365170","146153","2025-11-04","48.00","NZD","1760158213","23477/2025-11-04/1760158213.json"
"510807","146155","2025-11-04","52.00","NZD","1760158213","23477/2025-11-04/1760158213.json"
"581513","221281","2025-11-06","36.00","NZD","1760158213","23477/2025-11-06/1760158213.json"
"581514","221282","2025-11-06","36.00","NZD","1760158213","23477/2025-11-06/1760158213.json"
"512557","146154","2025-11-06","45.00","NZD","1760158213","23477/2025-11-06/1760158213.json"
"365170","146153","2025-11-06","48.00","NZD","1760158213","23477/2025-11-06/1760158213.json"
"510807","146155","2025-11-06","52.00","NZD","1760158213","23477/2025-11-06/1760158213.json"
"581513","221281","2025-11-05","36.00","NZD","1760158213","23477/2025-11-05/1760158213.json"
"581514","221282","2025-11-05","36.00","NZD","1760158213","23477/2025-11-05/1760158213.json"
"512557","146154","2025-11-05","45.00","NZD","1760158213","23477/2025-11-05/1760158213.json"
"365170","146153","2025-11-05","48.00","NZD","1760158213","23477/2025-11-05/1760158213.json"
"510807","146155","2025-11-05","52.00","NZD","1760158213","23477/2025-11-05/1760158213.json"
"581513","221281","2025-11-07","36.00","NZD","1760158213","23477/2025-11-07/1760158213.json"
"581514","221282","2025-11-07","36.00","NZD","1760158213","23477/2025-11-07/1760158213.json"
"512557","146154","2025-11-07","45.00","NZD","1760158213","23477/2025-11-07/1760158213.json"
"365170","146153","2025-11-07","48.00","NZD","1760158213","23477/2025-11-07/1760158213.json"
"510807","146155","2025-11-07","52.00","NZD","1760158213","23477/2025-11-07/1760158213.json"
"581513","221281","2025-11-08","36.00","NZD","1760158213","23477/2025-11-08/1760158213.json"
"581514","221282","2025-11-08","36.00","NZD","1760158213","23477/2025-11-08/1760158213.json"
"512557","146154","2025-11-08","45.00","NZD","1760158213","23477/2025-11-08/1760158213.json"
"365170","146153","2025-11-08","48.00","NZD","1760158213","23477/2025-11-08/1760158213.json"
"510807","146155","2025-11-08","52.00","NZD","1760158213","23477/2025-11-08/1760158213.json"
"581513","221281","2025-11-09","36.00","NZD","1760158213","23477/2025-11-09/1760158213.json"
"581514","221282","2025-11-09","36.00","NZD","1760158213","23477/2025-11-09/1760158213.json"
"512557","146154","2025-11-09","45.00","NZD","1760158213","23477/2025-11-09/1760158213.json"
"365170","146153","2025-11-09","48.00","NZD","1760158213","23477/2025-11-09/1760158213.json"
"510807","146155","2025-11-09","52.00","NZD","1760158213","23477/2025-11-09/1760158213.json"
"581513","221281","2025-11-10","36.00","NZD","1760158213","23477/2025-11-10/1760158213.json"
"581514","221282","2025-11-10","36.00","NZD","1760158213","23477/2025-11-10/1760158213.json"
"512557","146154","2025-11-10","45.00","NZD","1760158213","23477/2025-11-10/1760158213.json"
"365170","146153","2025-11-10","48.00","NZD","1760158213","23477/2025-11-10/1760158213.json"
"510807","146155","2025-11-10","52.00","NZD","1760158213","23477/2025-11-10/1760158213.json"
"581513","221281","2025-11-11","36.00","NZD","1760158213","23477/2025-11-11/1760158213.json"
"581514","221282","2025-11-11","36.00","NZD","1760158213","23477/2025-11-11/1760158213.json"
"512557","146154","2025-11-11","45.00","NZD","1760158213","23477/2025-11-11/1760158213.json"
"365170","146153","2025-11-11","48.00","NZD","1760158213","23477/2025-11-11/1760158213.json"
"510807","146155","2025-11-11","52.00","NZD","1760158213","23477/2025-11-11/1760158213.json"
"581513","221281","2025-11-12","36.00","NZD","1760158213","23477/2025-11-12/1760158213.json"
"581514","221282","2025-11-12","36.00","NZD","1760158213","23477/2025-11-12/1760158213.json"
"512557","146154","2025-11-12","45.00","NZD","1760158213","23477/2025-11-12/1760158213.json"
"365170","146153","2025-11-12","48.00","NZD","1760158213","23477/2025-11-12/1760158213.json"
"510807","146155","2025-11-12","52.00","NZD","1760158213","23477/2025-11-12/1760158213.json"
"581513","221281","2025-11-14","36.00","NZD","1760158213","23477/2025-11-14/1760158213.json"
"581514","221282","2025-11-14","36.00","NZD","1760158213","23477/2025-11-14/1760158213.json"
"512557","146154","2025-11-14","45.00","NZD","1760158213","23477/2025-11-14/1760158213.json"
"365170","146153","2025-11-14","48.00","NZD","1760158213","23477/2025-11-14/1760158213.json"
"510807","146155","2025-11-14","52.00","NZD","1760158213","23477/2025-11-14/1760158213.json"
"581513","221281","2025-11-13","36.00","NZD","1760158213","23477/2025-11-13/1760158213.json"
"581514","221282","2025-11-13","36.00","NZD","1760158213","23477/2025-11-13/1760158213.json"
"512557","146154","2025-11-13","45.00","NZD","1760158213","23477/2025-11-13/1760158213.json"
"365170","146153","2025-11-13","48.00","NZD","1760158213","23477/2025-11-13/1760158213.json"
"510807","146155","2025-11-13","52.00","NZD","1760158213","23477/2025-11-13/1760158213.json"
"581513","221281","2025-11-16","36.00","NZD","1760158213","23477/2025-11-16/1760158213.json"
"581514","221282","2025-11-16","36.00","NZD","1760158213","23477/2025-11-16/1760158213.json"
"512557","146154","2025-11-16","45.00","NZD","1760158213","23477/2025-11-16/1760158213.json"
"365170","146153","2025-11-16","48.00","NZD","1760158213","23477/2025-11-16/1760158213.json"
"510807","146155","2025-11-16","52.00","NZD","1760158213","23477/2025-11-16/1760158213.json"
"581513","221281","2025-11-15","36.00","NZD","1760158213","23477/2025-11-15/1760158213.json"
"581514","221282","2025-11-15","36.00","NZD","1760158213","23477/2025-11-15/1760158213.json"
"512557","146154","2025-11-15","45.00","NZD","1760158213","23477/2025-11-15/1760158213.json"
"365170","146153","2025-11-15","48.00","NZD","1760158213","23477/2025-11-15/1760158213.json"
"510807","146155","2025-11-15","52.00","NZD","1760158213","23477/2025-11-15/1760158213.json"
"581513","221281","2025-11-17","36.00","NZD","1760158213","23477/2025-11-17/1760158213.json"
"581514","221282","2025-11-17","36.00","NZD","1760158213","23477/2025-11-17/1760158213.json"
"512557","146154","2025-11-17","45.00","NZD","1760158213","23477/2025-11-17/1760158213.json"
"365170","146153","2025-11-17","48.00","NZD","1760158213","23477/2025-11-17/1760158213.json"
"510807","146155","2025-11-17","52.00","NZD","1760158213","23477/2025-11-17/1760158213.json"
"581513","221281","2025-11-18","36.00","NZD","1760158213","23477/2025-11-18/1760158213.json"
"581514","221282","2025-11-18","36.00","NZD","1760158213","23477/2025-11-18/1760158213.json"
"512557","146154","2025-11-18","45.00","NZD","1760158213","23477/2025-11-18/1760158213.json"
"365170","146153","2025-11-18","48.00","NZD","1760158213","23477/2025-11-18/1760158213.json"
"510807","146155","2025-11-18","52.00","NZD","1760158213","23477/2025-11-18/1760158213.json"
"581513","221281","2025-11-19","36.00","NZD","1760158213","23477/2025-11-19/1760158213.json"
"581514","221282","2025-11-19","36.00","NZD","1760158213","23477/2025-11-19/1760158213.json"
"512557","146154","2025-11-19","45.00","NZD","1760158213","23477/2025-11-19/1760158213.json"
"365170","146153","2025-11-19","48.00","NZD","1760158213","23477/2025-11-19/1760158213.json"
"510807","146155","2025-11-19","52.00","NZD","1760158213","23477/2025-11-19/1760158213.json"
"581513","221281","2025-11-22","36.00","NZD","1760158213","23477/2025-11-22/1760158213.json"
"581514","221282","2025-11-22","36.00","NZD","1760158213","23477/2025-11-22/1760158213.json"
"581513","221281","2025-11-21","36.00","NZD","1760158213","23477/2025-11-21/1760158213.json"
"512557","146154","2025-11-22","45.00","NZD","1760158213","23477/2025-11-22/1760158213.json"
"581514","221282","2025-11-21","36.00","NZD","1760158213","23477/2025-11-21/1760158213.json"
"365170","146153","2025-11-22","48.00","NZD","1760158213","23477/2025-11-22/1760158213.json"
"512557","146154","2025-11-21","45.00","NZD","1760158213","23477/2025-11-21/1760158213.json"
"365170","146153","2025-11-21","48.00","NZD","1760158213","23477/2025-11-21/1760158213.json"
"510807","146155","2025-11-22","52.00","NZD","1760158213","23477/2025-11-22/1760158213.json"
"510807","146155","2025-11-21","52.00","NZD","1760158213","23477/2025-11-21/1760158213.json"
"581513","221281","2025-11-20","36.00","NZD","1760158213","23477/2025-11-20/1760158213.json"
"581514","221282","2025-11-20","36.00","NZD","1760158213","23477/2025-11-20/1760158213.json"
"512557","146154","2025-11-20","45.00","NZD","1760158213","23477/2025-11-20/1760158213.json"
"581513","221281","2025-11-23","36.00","NZD","1760158213","23477/2025-11-23/1760158213.json"
"581514","221282","2025-11-23","36.00","NZD","1760158213","23477/2025-11-23/1760158213.json"
"512557","146154","2025-11-23","45.00","NZD","1760158213","23477/2025-11-23/1760158213.json"
"365170","146153","2025-11-23","48.00","NZD","1760158213","23477/2025-11-23/1760158213.json"
"510807","146155","2025-11-23","52.00","NZD","1760158213","23477/2025-11-23/1760158213.json"
"581513","221281","2025-11-24","36.00","NZD","1760158213","23477/2025-11-24/1760158213.json"
"581514","221282","2025-11-24","36.00","NZD","1760158213","23477/2025-11-24/1760158213.json"
"512557","146154","2025-11-24","45.00","NZD","1760158213","23477/2025-11-24/1760158213.json"
"365170","146153","2025-11-24","48.00","NZD","1760158213","23477/2025-11-24/1760158213.json"
"510807","146155","2025-11-24","52.00","NZD","1760158213","23477/2025-11-24/1760158213.json"
"581513","221281","2025-11-25","36.00","NZD","1760158213","23477/2025-11-25/1760158213.json"
"581514","221282","2025-11-25","36.00","NZD","1760158213","23477/2025-11-25/1760158213.json"
"512557","146154","2025-11-25","45.00","NZD","1760158213","23477/2025-11-25/1760158213.json"
"365170","146153","2025-11-25","48.00","NZD","1760158213","23477/2025-11-25/1760158213.json"
"510807","146155","2025-11-25","52.00","NZD","1760158213","23477/2025-11-25/1760158213.json"
"581513","221281","2025-11-26","36.00","NZD","1760158213","23477/2025-11-26/1760158213.json"
"581514","221282","2025-11-26","36.00","NZD","1760158213","23477/2025-11-26/1760158213.json"
"512557","146154","2025-11-26","45.00","NZD","1760158213","23477/2025-11-26/1760158213.json"
"365170","146153","2025-11-26","48.00","NZD","1760158213","23477/2025-11-26/1760158213.json"
"510807","146155","2025-11-26","52.00","NZD","1760158213","23477/2025-11-26/1760158213.json"
"581513","221281","2025-11-27","36.00","NZD","1760158213","23477/2025-11-27/1760158213.json"
"581514","221282","2025-11-27","36.00","NZD","1760158213","23477/2025-11-27/1760158213.json"
"512557","146154","2025-11-27","45.00","NZD","1760158213","23477/2025-11-27/1760158213.json"
"365170","146153","2025-11-27","48.00","NZD","1760158213","23477/2025-11-27/1760158213.json"
"510807","146155","2025-11-27","52.00","NZD","1760158213","23477/2025-11-27/1760158213.json"
"581513","221281","2025-11-29","36.00","NZD","1760158213","23477/2025-11-29/1760158213.json"
"581514","221282","2025-11-29","36.00","NZD","1760158213","23477/2025-11-29/1760158213.json"
"512557","146154","2025-11-29","45.00","NZD","1760158213","23477/2025-11-29/1760158213.json"
"365170","146153","2025-11-29","48.00","NZD","1760158213","23477/2025-11-29/1760158213.json"
"510807","146155","2025-11-29","52.00","NZD","1760158213","23477/2025-11-29/1760158213.json"
"581513","221281","2025-11-28","36.00","NZD","1760158213","23477/2025-11-28/1760158213.json"
"581514","221282","2025-11-28","36.00","NZD","1760158213","23477/2025-11-28/1760158213.json"
"512557","146154","2025-11-28","45.00","NZD","1760158213","23477/2025-11-28/1760158213.json"
"365170","146153","2025-11-28","48.00","NZD","1760158213","23477/2025-11-28/1760158213.json"
"510807","146155","2025-11-28","52.00","NZD","1760158213","23477/2025-11-28/1760158213.json"
"581513","221281","2025-11-30","36.00","NZD","1760158213","23477/2025-11-30/1760158213.json"
"581514","221282","2025-11-30","36.00","NZD","1760158213","23477/2025-11-30/1760158213.json"
"512557","146154","2025-11-30","45.00","NZD","1760158213","23477/2025-11-30/1760158213.json"
"365170","146153","2025-11-30","48.00","NZD","1760158213","23477/2025-11-30/1760158213.json"
"510807","146155","2025-11-30","52.00","NZD","1760158213","23477/2025-11-30/1760158213.json"
"581513","221281","2025-12-01","36.00","NZD","1760158213","23477/2025-12-01/1760158213.json"
"581514","221282","2025-12-01","36.00","NZD","1760158213","23477/2025-12-01/1760158213.json"
"512557","146154","2025-12-01","45.00","NZD","1760158213","23477/2025-12-01/1760158213.json"
"365170","146153","2025-12-01","48.00","NZD","1760158213","23477/2025-12-01/1760158213.json"
"510807","146155","2025-12-01","52.00","NZD","1760158213","23477/2025-12-01/1760158213.json"
"581513","221281","2025-12-03","36.00","NZD","1760158213","23477/2025-12-03/1760158213.json"
"581514","221282","2025-12-03","36.00","NZD","1760158213","23477/2025-12-03/1760158213.json"
"512557","146154","2025-12-03","45.00","NZD","1760158213","23477/2025-12-03/1760158213.json"
"365170","146153","2025-12-03","48.00","NZD","1760158213","23477/2025-12-03/1760158213.json"
"510807","146155","2025-12-03","52.00","NZD","1760158213","23477/2025-12-03/1760158213.json"
"581513","221281","2025-12-02","36.00","NZD","1760158213","23477/2025-12-02/1760158213.json"
"581514","221282","2025-12-02","36.00","NZD","1760158213","23477/2025-12-02/1760158213.json"
"512557","146154","2025-12-02","45.00","NZD","1760158213","23477/2025-12-02/1760158213.json"
"365170","146153","2025-12-02","48.00","NZD","1760158213","23477/2025-12-02/1760158213.json"
"510807","146155","2025-12-02","52.00","NZD","1760158213","23477/2025-12-02/1760158213.json"
"581513","221281","2025-12-04","36.00","NZD","1760158213","23477/2025-12-04/1760158213.json"
"581514","221282","2025-12-04","36.00","NZD","1760158213","23477/2025-12-04/1760158213.json"
"512557","146154","2025-12-04","45.00","NZD","1760158213","23477/2025-12-04/1760158213.json"
"365170","146153","2025-12-04","48.00","NZD","1760158213","23477/2025-12-04/1760158213.json"
"510807","146155","2025-12-04","52.00","NZD","1760158213","23477/2025-12-04/1760158213.json"
"581513","221281","2025-12-05","36.00","NZD","1760158213","23477/2025-12-05/1760158213.json"
"581514","221282","2025-12-05","36.00","NZD","1760158213","23477/2025-12-05/1760158213.json"
"512557","146154","2025-12-05","45.00","NZD","1760158213","23477/2025-12-05/1760158213.json"
"365170","146153","2025-12-05","48.00","NZD","1760158213","23477/2025-12-05/1760158213.json"
"510807","146155","2025-12-05","52.00","NZD","1760158213","23477/2025-12-05/1760158213.json"
"581513","221281","2025-12-06","36.00","NZD","1760158213","23477/2025-12-06/1760158213.json"
"581514","221282","2025-12-06","36.00","NZD","1760158213","23477/2025-12-06/1760158213.json"
"512557","146154","2025-12-06","45.00","NZD","1760158213","23477/2025-12-06/1760158213.json"
"365170","146153","2025-12-06","48.00","NZD","1760158213","23477/2025-12-06/1760158213.json"
"510807","146155","2025-12-06","52.00","NZD","1760158213","23477/2025-12-06/1760158213.json"
"581513","221281","2025-12-07","36.00","NZD","1760158213","23477/2025-12-07/1760158213.json"
"581514","221282","2025-12-07","36.00","NZD","1760158213","23477/2025-12-07/1760158213.json"
"512557","146154","2025-12-07","45.00","NZD","1760158213","23477/2025-12-07/1760158213.json"
"365170","146153","2025-12-07","48.00","NZD","1760158213","23477/2025-12-07/1760158213.json"
"510807","146155","2025-12-07","52.00","NZD","1760158213","23477/2025-12-07/1760158213.json"
"581513","221281","2025-12-08","36.00","NZD","1760158213","23477/2025-12-08/1760158213.json"
"581514","221282","2025-12-08","36.00","NZD","1760158213","23477/2025-12-08/1760158213.json"
"512557","146154","2025-12-08","45.00","NZD","1760158213","23477/2025-12-08/1760158213.json"
"365170","146153","2025-12-08","48.00","NZD","1760158213","23477/2025-12-08/1760158213.json"
"510807","146155","2025-12-08","52.00","NZD","1760158213","23477/2025-12-08/1760158213.json"
"581513","221281","2025-12-09","36.00","NZD","1760158213","23477/2025-12-09/1760158213.json"
"581514","221282","2025-12-09","36.00","NZD","1760158213","23477/2025-12-09/1760158213.json"
"512557","146154","2025-12-09","45.00","NZD","1760158213","23477/2025-12-09/1760158213.json"
"365170","146153","2025-12-09","48.00","NZD","1760158213","23477/2025-12-09/1760158213.json"
"510807","146155","2025-12-09","52.00","NZD","1760158213","23477/2025-12-09/1760158213.json"
"581513","221281","2025-12-10","36.00","NZD","1760158213","23477/2025-12-10/1760158213.json"
"581514","221282","2025-12-10","36.00","NZD","1760158213","23477/2025-12-10/1760158213.json"
"512557","146154","2025-12-10","45.00","NZD","1760158213","23477/2025-12-10/1760158213.json"
"365170","146153","2025-12-10","48.00","NZD","1760158213","23477/2025-12-10/1760158213.json"
"510807","146155","2025-12-10","52.00","NZD","1760158213","23477/2025-12-10/1760158213.json"
"581513","221281","2025-10-14","36.00","NZD","1760172902","23477/2025-10-14/1760172902.json"
"581514","221282","2025-10-14","36.00","NZD","1760172902","23477/2025-10-14/1760172902.json"
"512557","146154","2025-10-14","45.00","NZD","1760172902","23477/2025-10-14/1760172902.json"
"365170","146153","2025-10-14","48.00","NZD","1760172902","23477/2025-10-14/1760172902.json"
"510807","146155","2025-10-14","52.00","NZD","1760172902","23477/2025-10-14/1760172902.json"
"581513","221281","2025-10-12","36.00","NZD","1760172902","23477/2025-10-12/1760172902.json"
"581514","221282","2025-10-12","36.00","NZD","1760172902","23477/2025-10-12/1760172902.json"
"512557","146154","2025-10-12","45.00","NZD","1760172902","23477/2025-10-12/1760172902.json"
"365170","146153","2025-10-12","48.00","NZD","1760172902","23477/2025-10-12/1760172902.json"
"510807","146155","2025-10-12","52.00","NZD","1760172902","23477/2025-10-12/1760172902.json"
"581513","221281","2025-10-11","36.00","NZD","1760172902","23477/2025-10-11/1760172902.json"
"581514","221282","2025-10-11","36.00","NZD","1760172902","23477/2025-10-11/1760172902.json"
"512557","146154","2025-10-11","45.00","NZD","1760172902","23477/2025-10-11/1760172902.json"
"365170","146153","2025-10-11","48.00","NZD","1760172902","23477/2025-10-11/1760172902.json"
"510807","146155","2025-10-11","52.00","NZD","1760172902","23477/2025-10-11/1760172902.json"
"581513","221281","2025-10-13","36.00","NZD","1760172902","23477/2025-10-13/1760172902.json"
"581514","221282","2025-10-13","36.00","NZD","1760172902","23477/2025-10-13/1760172902.json"
"512557","146154","2025-10-13","45.00","NZD","1760172902","23477/2025-10-13/1760172902.json"
"365170","146153","2025-10-13","48.00","NZD","1760172902","23477/2025-10-13/1760172902.json"
"510807","146155","2025-10-13","52.00","NZD","1760172902","23477/2025-10-13/1760172902.json"
"581513","221281","2025-10-15","36.00","NZD","1760172902","23477/2025-10-15/1760172902.json"
"581514","221282","2025-10-15","36.00","NZD","1760172902","23477/2025-10-15/1760172902.json"
"512557","146154","2025-10-15","45.00","NZD","1760172902","23477/2025-10-15/1760172902.json"
"365170","146153","2025-10-15","48.00","NZD","1760172902","23477/2025-10-15/1760172902.json"
"510807","146155","2025-10-15","52.00","NZD","1760172902","23477/2025-10-15/1760172902.json"
"581513","221281","2025-10-17","36.00","NZD","1760172902","23477/2025-10-17/1760172902.json"
"581514","221282","2025-10-17","36.00","NZD","1760172902","23477/2025-10-17/1760172902.json"
"512557","146154","2025-10-17","45.00","NZD","1760172902","23477/2025-10-17/1760172902.json"
"365170","146153","2025-10-17","48.00","NZD","1760172902","23477/2025-10-17/1760172902.json"
"510807","146155","2025-10-17","52.00","NZD","1760172902","23477/2025-10-17/1760172902.json"
"581513","221281","2025-10-16","36.00","NZD","1760172902","23477/2025-10-16/1760172902.json"
"581514","221282","2025-10-16","36.00","NZD","1760172902","23477/2025-10-16/1760172902.json"
"512557","146154","2025-10-16","45.00","NZD","1760172902","23477/2025-10-16/1760172902.json"
"365170","146153","2025-10-16","48.00","NZD","1760172902","23477/2025-10-16/1760172902.json"
"510807","146155","2025-10-16","52.00","NZD","1760172902","23477/2025-10-16/1760172902.json"
"581513","221281","2025-10-18","36.00","NZD","1760172902","23477/2025-10-18/1760172902.json"
"581514","221282","2025-10-18","36.00","NZD","1760172902","23477/2025-10-18/1760172902.json"
"512557","146154","2025-10-18","45.00","NZD","1760172902","23477/2025-10-18/1760172902.json"
"365170","146153","2025-10-18","48.00","NZD","1760172902","23477/2025-10-18/1760172902.json"
"510807","146155","2025-10-18","52.00","NZD","1760172902","23477/2025-10-18/1760172902.json"
"581513","221281","2025-10-19","36.00","NZD","1760172902","23477/2025-10-19/1760172902.json"
"581514","221282","2025-10-19","36.00","NZD","1760172902","23477/2025-10-19/1760172902.json"
"512557","146154","2025-10-19","45.00","NZD","1760172902","23477/2025-10-19/1760172902.json"
"365170","146153","2025-10-19","48.00","NZD","1760172902","23477/2025-10-19/1760172902.json"
"510807","146155","2025-10-19","52.00","NZD","1760172902","23477/2025-10-19/1760172902.json"
"581513","221281","2025-10-21","36.00","NZD","1760172902","23477/2025-10-21/1760172902.json"
"581514","221282","2025-10-21","36.00","NZD","1760172902","23477/2025-10-21/1760172902.json"
"512557","146154","2025-10-21","45.00","NZD","1760172902","23477/2025-10-21/1760172902.json"
"365170","146153","2025-10-21","48.00","NZD","1760172902","23477/2025-10-21/1760172902.json"
"510807","146155","2025-10-21","52.00","NZD","1760172902","23477/2025-10-21/1760172902.json"
"581513","221281","2025-10-20","36.00","NZD","1760172902","23477/2025-10-20/1760172902.json"
"581514","221282","2025-10-20","36.00","NZD","1760172902","23477/2025-10-20/1760172902.json"
"512557","146154","2025-10-20","45.00","NZD","1760172902","23477/2025-10-20/1760172902.json"
"365170","146153","2025-10-20","48.00","NZD","1760172902","23477/2025-10-20/1760172902.json"
"510807","146155","2025-10-20","52.00","NZD","1760172902","23477/2025-10-20/1760172902.json"
"581513","221281","2025-10-22","36.00","NZD","1760172902","23477/2025-10-22/1760172902.json"
"581514","221282","2025-10-22","36.00","NZD","1760172902","23477/2025-10-22/1760172902.json"
"512557","146154","2025-10-22","45.00","NZD","1760172902","23477/2025-10-22/1760172902.json"
"365170","146153","2025-10-22","48.00","NZD","1760172902","23477/2025-10-22/1760172902.json"
"510807","146155","2025-10-22","52.00","NZD","1760172902","23477/2025-10-22/1760172902.json"
"581513","221281","2025-10-24","36.00","NZD","1760172902","23477/2025-10-24/1760172902.json"
"581514","221282","2025-10-24","36.00","NZD","1760172902","23477/2025-10-24/1760172902.json"
"512557","146154","2025-10-24","45.00","NZD","1760172902","23477/2025-10-24/1760172902.json"
"365170","146153","2025-10-24","48.00","NZD","1760172902","23477/2025-10-24/1760172902.json"
"510807","146155","2025-10-24","52.00","NZD","1760172902","23477/2025-10-24/1760172902.json"
"581513","221281","2025-10-25","36.00","NZD","1760172902","23477/2025-10-25/1760172902.json"
"581514","221282","2025-10-25","36.00","NZD","1760172902","23477/2025-10-25/1760172902.json"
"512557","146154","2025-10-25","45.00","NZD","1760172902","23477/2025-10-25/1760172902.json"
"365170","146153","2025-10-25","48.00","NZD","1760172902","23477/2025-10-25/1760172902.json"
"510807","146155","2025-10-25","52.00","NZD","1760172902","23477/2025-10-25/1760172902.json"
"581513","221281","2025-10-26","36.00","NZD","1760172902","23477/2025-10-26/1760172902.json"
"581514","221282","2025-10-26","36.00","NZD","1760172902","23477/2025-10-26/1760172902.json"
"512557","146154","2025-10-26","45.00","NZD","1760172902","23477/2025-10-26/1760172902.json"
"365170","146153","2025-10-26","48.00","NZD","1760172902","23477/2025-10-26/1760172902.json"
"510807","146155","2025-10-26","52.00","NZD","1760172902","23477/2025-10-26/1760172902.json"
"581513","221281","2025-10-27","36.00","NZD","1760172902","23477/2025-10-27/1760172902.json"
"581514","221282","2025-10-27","36.00","NZD","1760172902","23477/2025-10-27/1760172902.json"
"512557","146154","2025-10-27","45.00","NZD","1760172902","23477/2025-10-27/1760172902.json"
"365170","146153","2025-10-27","48.00","NZD","1760172902","23477/2025-10-27/1760172902.json"
"510807","146155","2025-10-27","52.00","NZD","1760172902","23477/2025-10-27/1760172902.json"
"581513","221281","2025-10-28","36.00","NZD","1760172902","23477/2025-10-28/1760172902.json"
"581514","221282","2025-10-28","36.00","NZD","1760172902","23477/2025-10-28/1760172902.json"
"512557","146154","2025-10-28","45.00","NZD","1760172902","23477/2025-10-28/1760172902.json"
"365170","146153","2025-10-28","48.00","NZD","1760172902","23477/2025-10-28/1760172902.json"
"510807","146155","2025-10-28","52.00","NZD","1760172902","23477/2025-10-28/1760172902.json"
"581513","221281","2025-10-23","36.00","NZD","1760172902","23477/2025-10-23/1760172902.json"
"581514","221282","2025-10-23","36.00","NZD","1760172902","23477/2025-10-23/1760172902.json"
"512557","146154","2025-10-23","45.00","NZD","1760172902","23477/2025-10-23/1760172902.json"
"365170","146153","2025-10-23","48.00","NZD","1760172902","23477/2025-10-23/1760172902.json"
"510807","146155","2025-10-23","52.00","NZD","1760172902","23477/2025-10-23/1760172902.json"
"581513","221281","2025-10-31","36.00","NZD","1760172902","23477/2025-10-31/1760172902.json"
"581514","221282","2025-10-31","36.00","NZD","1760172902","23477/2025-10-31/1760172902.json"
"512557","146154","2025-10-31","45.00","NZD","1760172902","23477/2025-10-31/1760172902.json"
"365170","146153","2025-10-31","48.00","NZD","1760172902","23477/2025-10-31/1760172902.json"
"510807","146155","2025-10-31","52.00","NZD","1760172902","23477/2025-10-31/1760172902.json"
"581513","221281","2025-10-29","36.00","NZD","1760172902","23477/2025-10-29/1760172902.json"
"581514","221282","2025-10-29","36.00","NZD","1760172902","23477/2025-10-29/1760172902.json"
"512557","146154","2025-10-29","45.00","NZD","1760172902","23477/2025-10-29/1760172902.json"
"365170","146153","2025-10-29","48.00","NZD","1760172902","23477/2025-10-29/1760172902.json"
"510807","146155","2025-10-29","52.00","NZD","1760172902","23477/2025-10-29/1760172902.json"
"581513","221281","2025-10-30","36.00","NZD","1760172902","23477/2025-10-30/1760172902.json"
"581514","221282","2025-10-30","36.00","NZD","1760172902","23477/2025-10-30/1760172902.json"
"512557","146154","2025-10-30","45.00","NZD","1760172902","23477/2025-10-30/1760172902.json"
"365170","146153","2025-10-30","48.00","NZD","1760172902","23477/2025-10-30/1760172902.json"
"510807","146155","2025-10-30","52.00","NZD","1760172902","23477/2025-10-30/1760172902.json"
"581513","221281","2025-11-01","36.00","NZD","1760172902","23477/2025-11-01/1760172902.json"
"581514","221282","2025-11-01","36.00","NZD","1760172902","23477/2025-11-01/1760172902.json"
"512557","146154","2025-11-01","45.00","NZD","1760172902","23477/2025-11-01/1760172902.json"
"365170","146153","2025-11-01","48.00","NZD","1760172902","23477/2025-11-01/1760172902.json"
"510807","146155","2025-11-01","52.00","NZD","1760172902","23477/2025-11-01/1760172902.json"
"581513","221281","2025-11-02","36.00","NZD","1760172902","23477/2025-11-02/1760172902.json"
"581514","221282","2025-11-02","36.00","NZD","1760172902","23477/2025-11-02/1760172902.json"
"512557","146154","2025-11-02","45.00","NZD","1760172902","23477/2025-11-02/1760172902.json"
"365170","146153","2025-11-02","48.00","NZD","1760172902","23477/2025-11-02/1760172902.json"
"510807","146155","2025-11-02","52.00","NZD","1760172902","23477/2025-11-02/1760172902.json"
"581513","221281","2025-11-04","36.00","NZD","1760172902","23477/2025-11-04/1760172902.json"
"581514","221282","2025-11-04","36.00","NZD","1760172902","23477/2025-11-04/1760172902.json"
"512557","146154","2025-11-04","45.00","NZD","1760172902","23477/2025-11-04/1760172902.json"
"365170","146153","2025-11-04","48.00","NZD","1760172902","23477/2025-11-04/1760172902.json"
"510807","146155","2025-11-04","52.00","NZD","1760172902","23477/2025-11-04/1760172902.json"
"581513","221281","2025-11-03","36.00","NZD","1760172902","23477/2025-11-03/1760172902.json"
"581514","221282","2025-11-03","36.00","NZD","1760172902","23477/2025-11-03/1760172902.json"
"512557","146154","2025-11-03","45.00","NZD","1760172902","23477/2025-11-03/1760172902.json"
"365170","146153","2025-11-03","48.00","NZD","1760172902","23477/2025-11-03/1760172902.json"
"510807","146155","2025-11-03","52.00","NZD","1760172902","23477/2025-11-03/1760172902.json"
"581513","221281","2025-11-05","36.00","NZD","1760172902","23477/2025-11-05/1760172902.json"
"581514","221282","2025-11-05","36.00","NZD","1760172902","23477/2025-11-05/1760172902.json"
"512557","146154","2025-11-05","45.00","NZD","1760172902","23477/2025-11-05/1760172902.json"
"365170","146153","2025-11-05","48.00","NZD","1760172902","23477/2025-11-05/1760172902.json"
"510807","146155","2025-11-05","52.00","NZD","1760172902","23477/2025-11-05/1760172902.json"
"581513","221281","2025-11-07","36.00","NZD","1760172902","23477/2025-11-07/1760172902.json"
"581514","221282","2025-11-07","36.00","NZD","1760172902","23477/2025-11-07/1760172902.json"
"512557","146154","2025-11-07","45.00","NZD","1760172902","23477/2025-11-07/1760172902.json"
"365170","146153","2025-11-07","48.00","NZD","1760172902","23477/2025-11-07/1760172902.json"
"510807","146155","2025-11-07","52.00","NZD","1760172902","23477/2025-11-07/1760172902.json"
"581513","221281","2025-11-08","36.00","NZD","1760172902","23477/2025-11-08/1760172902.json"
"581514","221282","2025-11-08","36.00","NZD","1760172902","23477/2025-11-08/1760172902.json"
"512557","146154","2025-11-08","45.00","NZD","1760172902","23477/2025-11-08/1760172902.json"
"365170","146153","2025-11-08","48.00","NZD","1760172902","23477/2025-11-08/1760172902.json"
"510807","146155","2025-11-08","52.00","NZD","1760172902","23477/2025-11-08/1760172902.json"
"581513","221281","2025-11-06","36.00","NZD","1760172902","23477/2025-11-06/1760172902.json"
"581514","221282","2025-11-06","36.00","NZD","1760172902","23477/2025-11-06/1760172902.json"
"512557","146154","2025-11-06","45.00","NZD","1760172902","23477/2025-11-06/1760172902.json"
"365170","146153","2025-11-06","48.00","NZD","1760172902","23477/2025-11-06/1760172902.json"
"510807","146155","2025-11-06","52.00","NZD","1760172902","23477/2025-11-06/1760172902.json"
"581513","221281","2025-11-09","36.00","NZD","1760172902","23477/2025-11-09/1760172902.json"
"581514","221282","2025-11-09","36.00","NZD","1760172902","23477/2025-11-09/1760172902.json"
"512557","146154","2025-11-09","45.00","NZD","1760172902","23477/2025-11-09/1760172902.json"
"365170","146153","2025-11-09","48.00","NZD","1760172902","23477/2025-11-09/1760172902.json"
"510807","146155","2025-11-09","52.00","NZD","1760172902","23477/2025-11-09/1760172902.json"
"581513","221281","2025-11-10","36.00","NZD","1760172902","23477/2025-11-10/1760172902.json"
"581514","221282","2025-11-10","36.00","NZD","1760172902","23477/2025-11-10/1760172902.json"
"512557","146154","2025-11-10","45.00","NZD","1760172902","23477/2025-11-10/1760172902.json"
"365170","146153","2025-11-10","48.00","NZD","1760172902","23477/2025-11-10/1760172902.json"
"510807","146155","2025-11-10","52.00","NZD","1760172902","23477/2025-11-10/1760172902.json"
"581513","221281","2025-11-11","36.00","NZD","1760172902","23477/2025-11-11/1760172902.json"
"581514","221282","2025-11-11","36.00","NZD","1760172902","23477/2025-11-11/1760172902.json"
"512557","146154","2025-11-11","45.00","NZD","1760172902","23477/2025-11-11/1760172902.json"
"365170","146153","2025-11-11","48.00","NZD","1760172902","23477/2025-11-11/1760172902.json"
"510807","146155","2025-11-11","52.00","NZD","1760172902","23477/2025-11-11/1760172902.json"
"581513","221281","2025-11-12","36.00","NZD","1760172902","23477/2025-11-12/1760172902.json"
"581514","221282","2025-11-12","36.00","NZD","1760172902","23477/2025-11-12/1760172902.json"
"512557","146154","2025-11-12","45.00","NZD","1760172902","23477/2025-11-12/1760172902.json"
"365170","146153","2025-11-12","48.00","NZD","1760172902","23477/2025-11-12/1760172902.json"
"510807","146155","2025-11-12","52.00","NZD","1760172902","23477/2025-11-12/1760172902.json"
"581513","221281","2025-11-13","36.00","NZD","1760172902","23477/2025-11-13/1760172902.json"
"581514","221282","2025-11-13","36.00","NZD","1760172902","23477/2025-11-13/1760172902.json"
"512557","146154","2025-11-13","45.00","NZD","1760172902","23477/2025-11-13/1760172902.json"
"365170","146153","2025-11-13","48.00","NZD","1760172902","23477/2025-11-13/1760172902.json"
"510807","146155","2025-11-13","52.00","NZD","1760172902","23477/2025-11-13/1760172902.json"
"581513","221281","2025-11-14","36.00","NZD","1760172902","23477/2025-11-14/1760172902.json"
"581514","221282","2025-11-14","36.00","NZD","1760172902","23477/2025-11-14/1760172902.json"
"512557","146154","2025-11-14","45.00","NZD","1760172902","23477/2025-11-14/1760172902.json"
"365170","146153","2025-11-14","48.00","NZD","1760172902","23477/2025-11-14/1760172902.json"
"510807","146155","2025-11-14","52.00","NZD","1760172902","23477/2025-11-14/1760172902.json"
"581513","221281","2025-11-17","36.00","NZD","1760172902","23477/2025-11-17/1760172902.json"
"581514","221282","2025-11-17","36.00","NZD","1760172902","23477/2025-11-17/1760172902.json"
"512557","146154","2025-11-17","45.00","NZD","1760172902","23477/2025-11-17/1760172902.json"
"365170","146153","2025-11-17","48.00","NZD","1760172902","23477/2025-11-17/1760172902.json"
"510807","146155","2025-11-17","52.00","NZD","1760172902","23477/2025-11-17/1760172902.json"
"581513","221281","2025-11-16","36.00","NZD","1760172902","23477/2025-11-16/1760172902.json"
"581514","221282","2025-11-16","36.00","NZD","1760172902","23477/2025-11-16/1760172902.json"
"512557","146154","2025-11-16","45.00","NZD","1760172902","23477/2025-11-16/1760172902.json"
"365170","146153","2025-11-16","48.00","NZD","1760172902","23477/2025-11-16/1760172902.json"
"510807","146155","2025-11-16","52.00","NZD","1760172902","23477/2025-11-16/1760172902.json"
"581513","221281","2025-11-18","36.00","NZD","1760172902","23477/2025-11-18/1760172902.json"
"581514","221282","2025-11-18","36.00","NZD","1760172902","23477/2025-11-18/1760172902.json"
"512557","146154","2025-11-18","45.00","NZD","1760172902","23477/2025-11-18/1760172902.json"
"365170","146153","2025-11-18","48.00","NZD","1760172902","23477/2025-11-18/1760172902.json"
"510807","146155","2025-11-18","52.00","NZD","1760172902","23477/2025-11-18/1760172902.json"
"581513","221281","2025-11-15","36.00","NZD","1760172902","23477/2025-11-15/1760172902.json"
"581514","221282","2025-11-15","36.00","NZD","1760172902","23477/2025-11-15/1760172902.json"
"512557","146154","2025-11-15","45.00","NZD","1760172902","23477/2025-11-15/1760172902.json"
"365170","146153","2025-11-15","48.00","NZD","1760172902","23477/2025-11-15/1760172902.json"
"510807","146155","2025-11-15","52.00","NZD","1760172902","23477/2025-11-15/1760172902.json"
"581513","221281","2025-11-19","36.00","NZD","1760172902","23477/2025-11-19/1760172902.json"
"581514","221282","2025-11-19","36.00","NZD","1760172902","23477/2025-11-19/1760172902.json"
"512557","146154","2025-11-19","45.00","NZD","1760172902","23477/2025-11-19/1760172902.json"
"365170","146153","2025-11-19","48.00","NZD","1760172902","23477/2025-11-19/1760172902.json"
"510807","146155","2025-11-19","52.00","NZD","1760172902","23477/2025-11-19/1760172902.json"
"581513","221281","2025-11-20","36.00","NZD","1760172902","23477/2025-11-20/1760172902.json"
"581514","221282","2025-11-20","36.00","NZD","1760172902","23477/2025-11-20/1760172902.json"
"512557","146154","2025-11-20","45.00","NZD","1760172902","23477/2025-11-20/1760172902.json"
"581513","221281","2025-11-21","36.00","NZD","1760172902","23477/2025-11-21/1760172902.json"
"581514","221282","2025-11-21","36.00","NZD","1760172902","23477/2025-11-21/1760172902.json"
"512557","146154","2025-11-21","45.00","NZD","1760172902","23477/2025-11-21/1760172902.json"
"365170","146153","2025-11-21","48.00","NZD","1760172902","23477/2025-11-21/1760172902.json"
"510807","146155","2025-11-21","52.00","NZD","1760172902","23477/2025-11-21/1760172902.json"
"581513","221281","2025-11-22","36.00","NZD","1760172902","23477/2025-11-22/1760172902.json"
"581514","221282","2025-11-22","36.00","NZD","1760172902","23477/2025-11-22/1760172902.json"
"512557","146154","2025-11-22","45.00","NZD","1760172902","23477/2025-11-22/1760172902.json"
"365170","146153","2025-11-22","48.00","NZD","1760172902","23477/2025-11-22/1760172902.json"
"510807","146155","2025-11-22","52.00","NZD","1760172902","23477/2025-11-22/1760172902.json"
"581513","221281","2025-11-23","36.00","NZD","1760172902","23477/2025-11-23/1760172902.json"
"581514","221282","2025-11-23","36.00","NZD","1760172902","23477/2025-11-23/1760172902.json"
"512557","146154","2025-11-23","45.00","NZD","1760172902","23477/2025-11-23/1760172902.json"
"365170","146153","2025-11-23","48.00","NZD","1760172902","23477/2025-11-23/1760172902.json"
"510807","146155","2025-11-23","52.00","NZD","1760172902","23477/2025-11-23/1760172902.json"
"581513","221281","2025-11-24","36.00","NZD","1760172902","23477/2025-11-24/1760172902.json"
"581514","221282","2025-11-24","36.00","NZD","1760172902","23477/2025-11-24/1760172902.json"
"512557","146154","2025-11-24","45.00","NZD","1760172902","23477/2025-11-24/1760172902.json"
"365170","146153","2025-11-24","48.00","NZD","1760172902","23477/2025-11-24/1760172902.json"
"510807","146155","2025-11-24","52.00","NZD","1760172902","23477/2025-11-24/1760172902.json"
"581513","221281","2025-11-25","36.00","NZD","1760172902","23477/2025-11-25/1760172902.json"
"581514","221282","2025-11-25","36.00","NZD","1760172902","23477/2025-11-25/1760172902.json"
"512557","146154","2025-11-25","45.00","NZD","1760172902","23477/2025-11-25/1760172902.json"
"365170","146153","2025-11-25","48.00","NZD","1760172902","23477/2025-11-25/1760172902.json"
"510807","146155","2025-11-25","52.00","NZD","1760172902","23477/2025-11-25/1760172902.json"
"581513","221281","2025-11-27","36.00","NZD","1760172902","23477/2025-11-27/1760172902.json"
"581514","221282","2025-11-27","36.00","NZD","1760172902","23477/2025-11-27/1760172902.json"
"512557","146154","2025-11-27","45.00","NZD","1760172902","23477/2025-11-27/1760172902.json"
"365170","146153","2025-11-27","48.00","NZD","1760172902","23477/2025-11-27/1760172902.json"
"510807","146155","2025-11-27","52.00","NZD","1760172902","23477/2025-11-27/1760172902.json"
"581513","221281","2025-11-26","36.00","NZD","1760172902","23477/2025-11-26/1760172902.json"
"581514","221282","2025-11-26","36.00","NZD","1760172902","23477/2025-11-26/1760172902.json"
"512557","146154","2025-11-26","45.00","NZD","1760172902","23477/2025-11-26/1760172902.json"
"365170","146153","2025-11-26","48.00","NZD","1760172902","23477/2025-11-26/1760172902.json"
"510807","146155","2025-11-26","52.00","NZD","1760172902","23477/2025-11-26/1760172902.json"
"581513","221281","2025-11-29","36.00","NZD","1760172902","23477/2025-11-29/1760172902.json"
"581514","221282","2025-11-29","36.00","NZD","1760172902","23477/2025-11-29/1760172902.json"
"512557","146154","2025-11-29","45.00","NZD","1760172902","23477/2025-11-29/1760172902.json"
"365170","146153","2025-11-29","48.00","NZD","1760172902","23477/2025-11-29/1760172902.json"
"510807","146155","2025-11-29","52.00","NZD","1760172902","23477/2025-11-29/1760172902.json"
"581513","221281","2025-11-30","36.00","NZD","1760172902","23477/2025-11-30/1760172902.json"
"581514","221282","2025-11-30","36.00","NZD","1760172902","23477/2025-11-30/1760172902.json"
"512557","146154","2025-11-30","45.00","NZD","1760172902","23477/2025-11-30/1760172902.json"
"365170","146153","2025-11-30","48.00","NZD","1760172902","23477/2025-11-30/1760172902.json"
"510807","146155","2025-11-30","52.00","NZD","1760172902","23477/2025-11-30/1760172902.json"
"581513","221281","2025-12-01","36.00","NZD","1760172902","23477/2025-12-01/1760172902.json"
"581514","221282","2025-12-01","36.00","NZD","1760172902","23477/2025-12-01/1760172902.json"
"512557","146154","2025-12-01","45.00","NZD","1760172902","23477/2025-12-01/1760172902.json"
"365170","146153","2025-12-01","48.00","NZD","1760172902","23477/2025-12-01/1760172902.json"
"510807","146155","2025-12-01","52.00","NZD","1760172902","23477/2025-12-01/1760172902.json"
"581513","221281","2025-11-28","36.00","NZD","1760172902","23477/2025-11-28/1760172902.json"
"581514","221282","2025-11-28","36.00","NZD","1760172902","23477/2025-11-28/1760172902.json"
"512557","146154","2025-11-28","45.00","NZD","1760172902","23477/2025-11-28/1760172902.json"
"365170","146153","2025-11-28","48.00","NZD","1760172902","23477/2025-11-28/1760172902.json"
"510807","146155","2025-11-28","52.00","NZD","1760172902","23477/2025-11-28/1760172902.json"
"581513","221281","2025-12-02","36.00","NZD","1760172902","23477/2025-12-02/1760172902.json"
"581514","221282","2025-12-02","36.00","NZD","1760172902","23477/2025-12-02/1760172902.json"
"512557","146154","2025-12-02","45.00","NZD","1760172902","23477/2025-12-02/1760172902.json"
"365170","146153","2025-12-02","48.00","NZD","1760172902","23477/2025-12-02/1760172902.json"
"510807","146155","2025-12-02","52.00","NZD","1760172902","23477/2025-12-02/1760172902.json"
"581513","221281","2025-12-05","36.00","NZD","1760172902","23477/2025-12-05/1760172902.json"
"581514","221282","2025-12-05","36.00","NZD","1760172902","23477/2025-12-05/1760172902.json"
"512557","146154","2025-12-05","45.00","NZD","1760172902","23477/2025-12-05/1760172902.json"
"365170","146153","2025-12-05","48.00","NZD","1760172902","23477/2025-12-05/1760172902.json"
"510807","146155","2025-12-05","52.00","NZD","1760172902","23477/2025-12-05/1760172902.json"
"581513","221281","2025-12-04","36.00","NZD","1760172902","23477/2025-12-04/1760172902.json"
"581514","221282","2025-12-04","36.00","NZD","1760172902","23477/2025-12-04/1760172902.json"
"512557","146154","2025-12-04","45.00","NZD","1760172902","23477/2025-12-04/1760172902.json"
"365170","146153","2025-12-04","48.00","NZD","1760172902","23477/2025-12-04/1760172902.json"
"510807","146155","2025-12-04","52.00","NZD","1760172902","23477/2025-12-04/1760172902.json"
"581513","221281","2025-12-03","36.00","NZD","1760172902","23477/2025-12-03/1760172902.json"
"581514","221282","2025-12-03","36.00","NZD","1760172902","23477/2025-12-03/1760172902.json"
"512557","146154","2025-12-03","45.00","NZD","1760172902","23477/2025-12-03/1760172902.json"
"365170","146153","2025-12-03","48.00","NZD","1760172902","23477/2025-12-03/1760172902.json"
"510807","146155","2025-12-03","52.00","NZD","1760172902","23477/2025-12-03/1760172902.json"
"581513","221281","2025-12-06","36.00","NZD","1760172902","23477/2025-12-06/1760172902.json"
"581514","221282","2025-12-06","36.00","NZD","1760172902","23477/2025-12-06/1760172902.json"
"512557","146154","2025-12-06","45.00","NZD","1760172902","23477/2025-12-06/1760172902.json"
"365170","146153","2025-12-06","48.00","NZD","1760172902","23477/2025-12-06/1760172902.json"
"510807","146155","2025-12-06","52.00","NZD","1760172902","23477/2025-12-06/1760172902.json"
"581513","221281","2025-12-07","36.00","NZD","1760172902","23477/2025-12-07/1760172902.json"
"581514","221282","2025-12-07","36.00","NZD","1760172902","23477/2025-12-07/1760172902.json"
"512557","146154","2025-12-07","45.00","NZD","1760172902","23477/2025-12-07/1760172902.json"
"365170","146153","2025-12-07","48.00","NZD","1760172902","23477/2025-12-07/1760172902.json"
"510807","146155","2025-12-07","52.00","NZD","1760172902","23477/2025-12-07/1760172902.json"
"581513","221281","2025-12-09","36.00","NZD","1760172902","23477/2025-12-09/1760172902.json"
"581514","221282","2025-12-09","36.00","NZD","1760172902","23477/2025-12-09/1760172902.json"
"512557","146154","2025-12-09","45.00","NZD","1760172902","23477/2025-12-09/1760172902.json"
"365170","146153","2025-12-09","48.00","NZD","1760172902","23477/2025-12-09/1760172902.json"
"510807","146155","2025-12-09","52.00","NZD","1760172902","23477/2025-12-09/1760172902.json"
"581513","221281","2025-12-08","36.00","NZD","1760172902","23477/2025-12-08/1760172902.json"
"581514","221282","2025-12-08","36.00","NZD","1760172902","23477/2025-12-08/1760172902.json"
"512557","146154","2025-12-08","45.00","NZD","1760172902","23477/2025-12-08/1760172902.json"
"365170","146153","2025-12-08","48.00","NZD","1760172902","23477/2025-12-08/1760172902.json"
"510807","146155","2025-12-08","52.00","NZD","1760172902","23477/2025-12-08/1760172902.json"
"581513","221281","2025-12-10","36.00","NZD","1760172902","23477/2025-12-10/1760172902.json"
"581514","221282","2025-12-10","36.00","NZD","1760172902","23477/2025-12-10/1760172902.json"
"512557","146154","2025-12-10","45.00","NZD","1760172902","23477/2025-12-10/1760172902.json"
"365170","146153","2025-12-10","48.00","NZD","1760172902","23477/2025-12-10/1760172902.json"
"510807","146155","2025-12-10","52.00","NZD","1760172902","23477/2025-12-10/1760172902.json"
"581513","221281","2025-10-14","36.00","NZD","1760188613","23477/2025-10-14/1760188613.json"
"581514","221282","2025-10-14","36.00","NZD","1760188613","23477/2025-10-14/1760188613.json"
"512557","146154","2025-10-14","45.00","NZD","1760188613","23477/2025-10-14/1760188613.json"
"365170","146153","2025-10-14","48.00","NZD","1760188613","23477/2025-10-14/1760188613.json"
"510807","146155","2025-10-14","52.00","NZD","1760188613","23477/2025-10-14/1760188613.json"
"581513","221281","2025-10-12","36.00","NZD","1760188613","23477/2025-10-12/1760188613.json"
"581514","221282","2025-10-12","36.00","NZD","1760188613","23477/2025-10-12/1760188613.json"
"512557","146154","2025-10-12","45.00","NZD","1760188613","23477/2025-10-12/1760188613.json"
"365170","146153","2025-10-12","48.00","NZD","1760188613","23477/2025-10-12/1760188613.json"
"510807","146155","2025-10-12","52.00","NZD","1760188613","23477/2025-10-12/1760188613.json"
"581513","221281","2025-10-15","36.00","NZD","1760188613","23477/2025-10-15/1760188613.json"
"581514","221282","2025-10-15","36.00","NZD","1760188613","23477/2025-10-15/1760188613.json"
"512557","146154","2025-10-15","45.00","NZD","1760188613","23477/2025-10-15/1760188613.json"
"365170","146153","2025-10-15","48.00","NZD","1760188613","23477/2025-10-15/1760188613.json"
"510807","146155","2025-10-15","52.00","NZD","1760188613","23477/2025-10-15/1760188613.json"
"581513","221281","2025-10-18","36.00","NZD","1760188613","23477/2025-10-18/1760188613.json"
"581514","221282","2025-10-18","36.00","NZD","1760188613","23477/2025-10-18/1760188613.json"
"512557","146154","2025-10-18","45.00","NZD","1760188613","23477/2025-10-18/1760188613.json"
"365170","146153","2025-10-18","48.00","NZD","1760188613","23477/2025-10-18/1760188613.json"
"510807","146155","2025-10-18","52.00","NZD","1760188613","23477/2025-10-18/1760188613.json"
"581513","221281","2025-10-17","36.00","NZD","1760188613","23477/2025-10-17/1760188613.json"
"581514","221282","2025-10-17","36.00","NZD","1760188613","23477/2025-10-17/1760188613.json"
"512557","146154","2025-10-17","45.00","NZD","1760188613","23477/2025-10-17/1760188613.json"
"365170","146153","2025-10-17","48.00","NZD","1760188613","23477/2025-10-17/1760188613.json"
"510807","146155","2025-10-17","52.00","NZD","1760188613","23477/2025-10-17/1760188613.json"
"581513","221281","2025-10-13","36.00","NZD","1760188613","23477/2025-10-13/1760188613.json"
"581514","221282","2025-10-13","36.00","NZD","1760188613","23477/2025-10-13/1760188613.json"
"512557","146154","2025-10-13","45.00","NZD","1760188613","23477/2025-10-13/1760188613.json"
"365170","146153","2025-10-13","48.00","NZD","1760188613","23477/2025-10-13/1760188613.json"
"510807","146155","2025-10-13","52.00","NZD","1760188613","23477/2025-10-13/1760188613.json"
"581513","221281","2025-10-16","36.00","NZD","1760188613","23477/2025-10-16/1760188613.json"
"581514","221282","2025-10-16","36.00","NZD","1760188613","23477/2025-10-16/1760188613.json"
"512557","146154","2025-10-16","45.00","NZD","1760188613","23477/2025-10-16/1760188613.json"
"365170","146153","2025-10-16","48.00","NZD","1760188613","23477/2025-10-16/1760188613.json"
"510807","146155","2025-10-16","52.00","NZD","1760188613","23477/2025-10-16/1760188613.json"
"581513","221281","2025-10-19","36.00","NZD","1760188613","23477/2025-10-19/1760188613.json"
"581514","221282","2025-10-19","36.00","NZD","1760188613","23477/2025-10-19/1760188613.json"
"512557","146154","2025-10-19","45.00","NZD","1760188613","23477/2025-10-19/1760188613.json"
"365170","146153","2025-10-19","48.00","NZD","1760188613","23477/2025-10-19/1760188613.json"
"510807","146155","2025-10-19","52.00","NZD","1760188613","23477/2025-10-19/1760188613.json"
"581513","221281","2025-10-20","36.00","NZD","1760188613","23477/2025-10-20/1760188613.json"
"581514","221282","2025-10-20","36.00","NZD","1760188613","23477/2025-10-20/1760188613.json"
"512557","146154","2025-10-20","45.00","NZD","1760188613","23477/2025-10-20/1760188613.json"
"365170","146153","2025-10-20","48.00","NZD","1760188613","23477/2025-10-20/1760188613.json"
"510807","146155","2025-10-20","52.00","NZD","1760188613","23477/2025-10-20/1760188613.json"
"581513","221281","2025-10-21","36.00","NZD","1760188613","23477/2025-10-21/1760188613.json"
"581514","221282","2025-10-21","36.00","NZD","1760188613","23477/2025-10-21/1760188613.json"
"512557","146154","2025-10-21","45.00","NZD","1760188613","23477/2025-10-21/1760188613.json"
"365170","146153","2025-10-21","48.00","NZD","1760188613","23477/2025-10-21/1760188613.json"
"510807","146155","2025-10-21","52.00","NZD","1760188613","23477/2025-10-21/1760188613.json"
"581513","221281","2025-10-22","36.00","NZD","1760188613","23477/2025-10-22/1760188613.json"
"581514","221282","2025-10-22","36.00","NZD","1760188613","23477/2025-10-22/1760188613.json"
"512557","146154","2025-10-22","45.00","NZD","1760188613","23477/2025-10-22/1760188613.json"
"365170","146153","2025-10-22","48.00","NZD","1760188613","23477/2025-10-22/1760188613.json"
"510807","146155","2025-10-22","52.00","NZD","1760188613","23477/2025-10-22/1760188613.json"
"581513","221281","2025-10-23","36.00","NZD","1760188613","23477/2025-10-23/1760188613.json"
"581514","221282","2025-10-23","36.00","NZD","1760188613","23477/2025-10-23/1760188613.json"
"512557","146154","2025-10-23","45.00","NZD","1760188613","23477/2025-10-23/1760188613.json"
"365170","146153","2025-10-23","48.00","NZD","1760188613","23477/2025-10-23/1760188613.json"
"510807","146155","2025-10-23","52.00","NZD","1760188613","23477/2025-10-23/1760188613.json"
"581513","221281","2025-10-24","36.00","NZD","1760188613","23477/2025-10-24/1760188613.json"
"581514","221282","2025-10-24","36.00","NZD","1760188613","23477/2025-10-24/1760188613.json"
"512557","146154","2025-10-24","45.00","NZD","1760188613","23477/2025-10-24/1760188613.json"
"365170","146153","2025-10-24","48.00","NZD","1760188613","23477/2025-10-24/1760188613.json"
"510807","146155","2025-10-24","52.00","NZD","1760188613","23477/2025-10-24/1760188613.json"
"581513","221281","2025-10-25","36.00","NZD","1760188613","23477/2025-10-25/1760188613.json"
"581514","221282","2025-10-25","36.00","NZD","1760188613","23477/2025-10-25/1760188613.json"
"512557","146154","2025-10-25","45.00","NZD","1760188613","23477/2025-10-25/1760188613.json"
"365170","146153","2025-10-25","48.00","NZD","1760188613","23477/2025-10-25/1760188613.json"
"510807","146155","2025-10-25","52.00","NZD","1760188613","23477/2025-10-25/1760188613.json"
"581513","221281","2025-10-27","36.00","NZD","1760188613","23477/2025-10-27/1760188613.json"
"581514","221282","2025-10-27","36.00","NZD","1760188613","23477/2025-10-27/1760188613.json"
"512557","146154","2025-10-27","45.00","NZD","1760188613","23477/2025-10-27/1760188613.json"
"365170","146153","2025-10-27","48.00","NZD","1760188613","23477/2025-10-27/1760188613.json"
"510807","146155","2025-10-27","52.00","NZD","1760188613","23477/2025-10-27/1760188613.json"
"581513","221281","2025-10-26","36.00","NZD","1760188613","23477/2025-10-26/1760188613.json"
"581514","221282","2025-10-26","36.00","NZD","1760188613","23477/2025-10-26/1760188613.json"
"512557","146154","2025-10-26","45.00","NZD","1760188613","23477/2025-10-26/1760188613.json"
"365170","146153","2025-10-26","48.00","NZD","1760188613","23477/2025-10-26/1760188613.json"
"510807","146155","2025-10-26","52.00","NZD","1760188613","23477/2025-10-26/1760188613.json"
"581513","221281","2025-10-28","36.00","NZD","1760188613","23477/2025-10-28/1760188613.json"
"581514","221282","2025-10-28","36.00","NZD","1760188613","23477/2025-10-28/1760188613.json"
"512557","146154","2025-10-28","45.00","NZD","1760188613","23477/2025-10-28/1760188613.json"
"365170","146153","2025-10-28","48.00","NZD","1760188613","23477/2025-10-28/1760188613.json"
"510807","146155","2025-10-28","52.00","NZD","1760188613","23477/2025-10-28/1760188613.json"
"581513","221281","2025-10-29","36.00","NZD","1760188613","23477/2025-10-29/1760188613.json"
"581514","221282","2025-10-29","36.00","NZD","1760188613","23477/2025-10-29/1760188613.json"
"512557","146154","2025-10-29","45.00","NZD","1760188613","23477/2025-10-29/1760188613.json"
"365170","146153","2025-10-29","48.00","NZD","1760188613","23477/2025-10-29/1760188613.json"
"510807","146155","2025-10-29","52.00","NZD","1760188613","23477/2025-10-29/1760188613.json"
"581513","221281","2025-10-30","36.00","NZD","1760188613","23477/2025-10-30/1760188613.json"
"581514","221282","2025-10-30","36.00","NZD","1760188613","23477/2025-10-30/1760188613.json"
"512557","146154","2025-10-30","45.00","NZD","1760188613","23477/2025-10-30/1760188613.json"
"365170","146153","2025-10-30","48.00","NZD","1760188613","23477/2025-10-30/1760188613.json"
"510807","146155","2025-10-30","52.00","NZD","1760188613","23477/2025-10-30/1760188613.json"
"581513","221281","2025-10-31","36.00","NZD","1760188613","23477/2025-10-31/1760188613.json"
"581514","221282","2025-10-31","36.00","NZD","1760188613","23477/2025-10-31/1760188613.json"
"512557","146154","2025-10-31","45.00","NZD","1760188613","23477/2025-10-31/1760188613.json"
"365170","146153","2025-10-31","48.00","NZD","1760188613","23477/2025-10-31/1760188613.json"
"510807","146155","2025-10-31","52.00","NZD","1760188613","23477/2025-10-31/1760188613.json"
"581513","221281","2025-11-01","36.00","NZD","1760188613","23477/2025-11-01/1760188613.json"
"581514","221282","2025-11-01","36.00","NZD","1760188613","23477/2025-11-01/1760188613.json"
"512557","146154","2025-11-01","45.00","NZD","1760188613","23477/2025-11-01/1760188613.json"
"365170","146153","2025-11-01","48.00","NZD","1760188613","23477/2025-11-01/1760188613.json"
"510807","146155","2025-11-01","52.00","NZD","1760188613","23477/2025-11-01/1760188613.json"
"581513","221281","2025-11-03","36.00","NZD","1760188613","23477/2025-11-03/1760188613.json"
"581514","221282","2025-11-03","36.00","NZD","1760188613","23477/2025-11-03/1760188613.json"
"512557","146154","2025-11-03","45.00","NZD","1760188613","23477/2025-11-03/1760188613.json"
"365170","146153","2025-11-03","48.00","NZD","1760188613","23477/2025-11-03/1760188613.json"
"510807","146155","2025-11-03","52.00","NZD","1760188613","23477/2025-11-03/1760188613.json"
"581513","221281","2025-11-04","36.00","NZD","1760188613","23477/2025-11-04/1760188613.json"
"581514","221282","2025-11-04","36.00","NZD","1760188613","23477/2025-11-04/1760188613.json"
"512557","146154","2025-11-04","45.00","NZD","1760188613","23477/2025-11-04/1760188613.json"
"365170","146153","2025-11-04","48.00","NZD","1760188613","23477/2025-11-04/1760188613.json"
"510807","146155","2025-11-04","52.00","NZD","1760188613","23477/2025-11-04/1760188613.json"
"581513","221281","2025-11-02","36.00","NZD","1760188613","23477/2025-11-02/1760188613.json"
"581514","221282","2025-11-02","36.00","NZD","1760188613","23477/2025-11-02/1760188613.json"
"512557","146154","2025-11-02","45.00","NZD","1760188613","23477/2025-11-02/1760188613.json"
"365170","146153","2025-11-02","48.00","NZD","1760188613","23477/2025-11-02/1760188613.json"
"510807","146155","2025-11-02","52.00","NZD","1760188613","23477/2025-11-02/1760188613.json"
"581513","221281","2025-11-08","36.00","NZD","1760188613","23477/2025-11-08/1760188613.json"
"581514","221282","2025-11-08","36.00","NZD","1760188613","23477/2025-11-08/1760188613.json"
"512557","146154","2025-11-08","45.00","NZD","1760188613","23477/2025-11-08/1760188613.json"
"365170","146153","2025-11-08","48.00","NZD","1760188613","23477/2025-11-08/1760188613.json"
"510807","146155","2025-11-08","52.00","NZD","1760188613","23477/2025-11-08/1760188613.json"
"581513","221281","2025-11-07","36.00","NZD","1760188613","23477/2025-11-07/1760188613.json"
"581514","221282","2025-11-07","36.00","NZD","1760188613","23477/2025-11-07/1760188613.json"
"512557","146154","2025-11-07","45.00","NZD","1760188613","23477/2025-11-07/1760188613.json"
"365170","146153","2025-11-07","48.00","NZD","1760188613","23477/2025-11-07/1760188613.json"
"510807","146155","2025-11-07","52.00","NZD","1760188613","23477/2025-11-07/1760188613.json"
"581513","221281","2025-11-06","36.00","NZD","1760188613","23477/2025-11-06/1760188613.json"
"581514","221282","2025-11-06","36.00","NZD","1760188613","23477/2025-11-06/1760188613.json"
"512557","146154","2025-11-06","45.00","NZD","1760188613","23477/2025-11-06/1760188613.json"
"365170","146153","2025-11-06","48.00","NZD","1760188613","23477/2025-11-06/1760188613.json"
"510807","146155","2025-11-06","52.00","NZD","1760188613","23477/2025-11-06/1760188613.json"
"581513","221281","2025-11-09","36.00","NZD","1760188613","23477/2025-11-09/1760188613.json"
"581514","221282","2025-11-09","36.00","NZD","1760188613","23477/2025-11-09/1760188613.json"
"512557","146154","2025-11-09","45.00","NZD","1760188613","23477/2025-11-09/1760188613.json"
"365170","146153","2025-11-09","48.00","NZD","1760188613","23477/2025-11-09/1760188613.json"
"510807","146155","2025-11-09","52.00","NZD","1760188613","23477/2025-11-09/1760188613.json"
"581513","221281","2025-11-10","36.00","NZD","1760188613","23477/2025-11-10/1760188613.json"
"581514","221282","2025-11-10","36.00","NZD","1760188613","23477/2025-11-10/1760188613.json"
"512557","146154","2025-11-10","45.00","NZD","1760188613","23477/2025-11-10/1760188613.json"
"365170","146153","2025-11-10","48.00","NZD","1760188613","23477/2025-11-10/1760188613.json"
"510807","146155","2025-11-10","52.00","NZD","1760188613","23477/2025-11-10/1760188613.json"
"581513","221281","2025-11-11","36.00","NZD","1760188613","23477/2025-11-11/1760188613.json"
"581514","221282","2025-11-11","36.00","NZD","1760188613","23477/2025-11-11/1760188613.json"
"512557","146154","2025-11-11","45.00","NZD","1760188613","23477/2025-11-11/1760188613.json"
"365170","146153","2025-11-11","48.00","NZD","1760188613","23477/2025-11-11/1760188613.json"
"510807","146155","2025-11-11","52.00","NZD","1760188613","23477/2025-11-11/1760188613.json"
"581513","221281","2025-11-13","36.00","NZD","1760188613","23477/2025-11-13/1760188613.json"
"581514","221282","2025-11-13","36.00","NZD","1760188613","23477/2025-11-13/1760188613.json"
"512557","146154","2025-11-13","45.00","NZD","1760188613","23477/2025-11-13/1760188613.json"
"365170","146153","2025-11-13","48.00","NZD","1760188613","23477/2025-11-13/1760188613.json"
"510807","146155","2025-11-13","52.00","NZD","1760188613","23477/2025-11-13/1760188613.json"
"581513","221281","2025-11-14","36.00","NZD","1760188613","23477/2025-11-14/1760188613.json"
"581514","221282","2025-11-14","36.00","NZD","1760188613","23477/2025-11-14/1760188613.json"
"512557","146154","2025-11-14","45.00","NZD","1760188613","23477/2025-11-14/1760188613.json"
"365170","146153","2025-11-14","48.00","NZD","1760188613","23477/2025-11-14/1760188613.json"
"510807","146155","2025-11-14","52.00","NZD","1760188613","23477/2025-11-14/1760188613.json"
"581513","221281","2025-11-12","36.00","NZD","1760188613","23477/2025-11-12/1760188613.json"
"581514","221282","2025-11-12","36.00","NZD","1760188613","23477/2025-11-12/1760188613.json"
"512557","146154","2025-11-12","45.00","NZD","1760188613","23477/2025-11-12/1760188613.json"
"365170","146153","2025-11-12","48.00","NZD","1760188613","23477/2025-11-12/1760188613.json"
"510807","146155","2025-11-12","52.00","NZD","1760188613","23477/2025-11-12/1760188613.json"
"581513","221281","2025-11-15","36.00","NZD","1760188613","23477/2025-11-15/1760188613.json"
"581514","221282","2025-11-15","36.00","NZD","1760188613","23477/2025-11-15/1760188613.json"
"512557","146154","2025-11-15","45.00","NZD","1760188613","23477/2025-11-15/1760188613.json"
"365170","146153","2025-11-15","48.00","NZD","1760188613","23477/2025-11-15/1760188613.json"
"510807","146155","2025-11-15","52.00","NZD","1760188613","23477/2025-11-15/1760188613.json"
"581513","221281","2025-11-16","36.00","NZD","1760188613","23477/2025-11-16/1760188613.json"
"581514","221282","2025-11-16","36.00","NZD","1760188613","23477/2025-11-16/1760188613.json"
"512557","146154","2025-11-16","45.00","NZD","1760188613","23477/2025-11-16/1760188613.json"
"365170","146153","2025-11-16","48.00","NZD","1760188613","23477/2025-11-16/1760188613.json"
"510807","146155","2025-11-16","52.00","NZD","1760188613","23477/2025-11-16/1760188613.json"
"581513","221281","2025-11-17","36.00","NZD","1760188613","23477/2025-11-17/1760188613.json"
"581514","221282","2025-11-17","36.00","NZD","1760188613","23477/2025-11-17/1760188613.json"
"512557","146154","2025-11-17","45.00","NZD","1760188613","23477/2025-11-17/1760188613.json"
"365170","146153","2025-11-17","48.00","NZD","1760188613","23477/2025-11-17/1760188613.json"
"510807","146155","2025-11-17","52.00","NZD","1760188613","23477/2025-11-17/1760188613.json"
"581513","221281","2025-11-19","36.00","NZD","1760188613","23477/2025-11-19/1760188613.json"
"581514","221282","2025-11-19","36.00","NZD","1760188613","23477/2025-11-19/1760188613.json"
"512557","146154","2025-11-19","45.00","NZD","1760188613","23477/2025-11-19/1760188613.json"
"365170","146153","2025-11-19","48.00","NZD","1760188613","23477/2025-11-19/1760188613.json"
"510807","146155","2025-11-19","52.00","NZD","1760188613","23477/2025-11-19/1760188613.json"
"581513","221281","2025-11-18","36.00","NZD","1760188613","23477/2025-11-18/1760188613.json"
"581514","221282","2025-11-18","36.00","NZD","1760188613","23477/2025-11-18/1760188613.json"
"512557","146154","2025-11-18","45.00","NZD","1760188613","23477/2025-11-18/1760188613.json"
"365170","146153","2025-11-18","48.00","NZD","1760188613","23477/2025-11-18/1760188613.json"
"510807","146155","2025-11-18","52.00","NZD","1760188613","23477/2025-11-18/1760188613.json"
"581513","221281","2025-11-20","36.00","NZD","1760188613","23477/2025-11-20/1760188613.json"
"581514","221282","2025-11-20","36.00","NZD","1760188613","23477/2025-11-20/1760188613.json"
"512557","146154","2025-11-20","45.00","NZD","1760188613","23477/2025-11-20/1760188613.json"
"581513","221281","2025-11-21","36.00","NZD","1760188613","23477/2025-11-21/1760188613.json"
"581514","221282","2025-11-21","36.00","NZD","1760188613","23477/2025-11-21/1760188613.json"
"512557","146154","2025-11-21","45.00","NZD","1760188613","23477/2025-11-21/1760188613.json"
"365170","146153","2025-11-21","48.00","NZD","1760188613","23477/2025-11-21/1760188613.json"
"510807","146155","2025-11-21","52.00","NZD","1760188613","23477/2025-11-21/1760188613.json"
"581513","221281","2025-11-22","36.00","NZD","1760188613","23477/2025-11-22/1760188613.json"
"581514","221282","2025-11-22","36.00","NZD","1760188613","23477/2025-11-22/1760188613.json"
"512557","146154","2025-11-22","45.00","NZD","1760188613","23477/2025-11-22/1760188613.json"
"365170","146153","2025-11-22","48.00","NZD","1760188613","23477/2025-11-22/1760188613.json"
"510807","146155","2025-11-22","52.00","NZD","1760188613","23477/2025-11-22/1760188613.json"
"581513","221281","2025-11-24","36.00","NZD","1760188613","23477/2025-11-24/1760188613.json"
"581514","221282","2025-11-24","36.00","NZD","1760188613","23477/2025-11-24/1760188613.json"
"512557","146154","2025-11-24","45.00","NZD","1760188613","23477/2025-11-24/1760188613.json"
"365170","146153","2025-11-24","48.00","NZD","1760188613","23477/2025-11-24/1760188613.json"
"510807","146155","2025-11-24","52.00","NZD","1760188613","23477/2025-11-24/1760188613.json"
"581513","221281","2025-11-23","36.00","NZD","1760188613","23477/2025-11-23/1760188613.json"
"581514","221282","2025-11-23","36.00","NZD","1760188613","23477/2025-11-23/1760188613.json"
"512557","146154","2025-11-23","45.00","NZD","1760188613","23477/2025-11-23/1760188613.json"
"365170","146153","2025-11-23","48.00","NZD","1760188613","23477/2025-11-23/1760188613.json"
"510807","146155","2025-11-23","52.00","NZD","1760188613","23477/2025-11-23/1760188613.json"
"581513","221281","2025-11-25","36.00","NZD","1760188613","23477/2025-11-25/1760188613.json"
"581514","221282","2025-11-25","36.00","NZD","1760188613","23477/2025-11-25/1760188613.json"
"512557","146154","2025-11-25","45.00","NZD","1760188613","23477/2025-11-25/1760188613.json"
"365170","146153","2025-11-25","48.00","NZD","1760188613","23477/2025-11-25/1760188613.json"
"510807","146155","2025-11-25","52.00","NZD","1760188613","23477/2025-11-25/1760188613.json"
"581513","221281","2025-11-26","36.00","NZD","1760188613","23477/2025-11-26/1760188613.json"
"581514","221282","2025-11-26","36.00","NZD","1760188613","23477/2025-11-26/1760188613.json"
"512557","146154","2025-11-26","45.00","NZD","1760188613","23477/2025-11-26/1760188613.json"
"365170","146153","2025-11-26","48.00","NZD","1760188613","23477/2025-11-26/1760188613.json"
"510807","146155","2025-11-26","52.00","NZD","1760188613","23477/2025-11-26/1760188613.json"
"581513","221281","2025-11-28","36.00","NZD","1760188613","23477/2025-11-28/1760188613.json"
"581514","221282","2025-11-28","36.00","NZD","1760188613","23477/2025-11-28/1760188613.json"
"512557","146154","2025-11-28","45.00","NZD","1760188613","23477/2025-11-28/1760188613.json"
"365170","146153","2025-11-28","48.00","NZD","1760188613","23477/2025-11-28/1760188613.json"
"510807","146155","2025-11-28","52.00","NZD","1760188613","23477/2025-11-28/1760188613.json"
"581513","221281","2025-11-27","36.00","NZD","1760188613","23477/2025-11-27/1760188613.json"
"581514","221282","2025-11-27","36.00","NZD","1760188613","23477/2025-11-27/1760188613.json"
"512557","146154","2025-11-27","45.00","NZD","1760188613","23477/2025-11-27/1760188613.json"
"365170","146153","2025-11-27","48.00","NZD","1760188613","23477/2025-11-27/1760188613.json"
"510807","146155","2025-11-27","52.00","NZD","1760188613","23477/2025-11-27/1760188613.json"
"581513","221281","2025-11-29","36.00","NZD","1760188613","23477/2025-11-29/1760188613.json"
"581514","221282","2025-11-29","36.00","NZD","1760188613","23477/2025-11-29/1760188613.json"
"512557","146154","2025-11-29","45.00","NZD","1760188613","23477/2025-11-29/1760188613.json"
"365170","146153","2025-11-29","48.00","NZD","1760188613","23477/2025-11-29/1760188613.json"
"510807","146155","2025-11-29","52.00","NZD","1760188613","23477/2025-11-29/1760188613.json"
"581513","221281","2025-11-05","36.00","NZD","1760188613","23477/2025-11-05/1760188613.json"
"581514","221282","2025-11-05","36.00","NZD","1760188613","23477/2025-11-05/1760188613.json"
"512557","146154","2025-11-05","45.00","NZD","1760188613","23477/2025-11-05/1760188613.json"
"365170","146153","2025-11-05","48.00","NZD","1760188613","23477/2025-11-05/1760188613.json"
"510807","146155","2025-11-05","52.00","NZD","1760188613","23477/2025-11-05/1760188613.json"
"581513","221281","2025-12-01","36.00","NZD","1760188613","23477/2025-12-01/1760188613.json"
"581514","221282","2025-12-01","36.00","NZD","1760188613","23477/2025-12-01/1760188613.json"
"512557","146154","2025-12-01","45.00","NZD","1760188613","23477/2025-12-01/1760188613.json"
"365170","146153","2025-12-01","48.00","NZD","1760188613","23477/2025-12-01/1760188613.json"
"510807","146155","2025-12-01","52.00","NZD","1760188613","23477/2025-12-01/1760188613.json"
"581513","221281","2025-11-30","36.00","NZD","1760188613","23477/2025-11-30/1760188613.json"
"581514","221282","2025-11-30","36.00","NZD","1760188613","23477/2025-11-30/1760188613.json"
"512557","146154","2025-11-30","45.00","NZD","1760188613","23477/2025-11-30/1760188613.json"
"365170","146153","2025-11-30","48.00","NZD","1760188613","23477/2025-11-30/1760188613.json"
"510807","146155","2025-11-30","52.00","NZD","1760188613","23477/2025-11-30/1760188613.json"
"581513","221281","2025-12-02","36.00","NZD","1760188613","23477/2025-12-02/1760188613.json"
"581514","221282","2025-12-02","36.00","NZD","1760188613","23477/2025-12-02/1760188613.json"
"512557","146154","2025-12-02","45.00","NZD","1760188613","23477/2025-12-02/1760188613.json"
"365170","146153","2025-12-02","48.00","NZD","1760188613","23477/2025-12-02/1760188613.json"
"510807","146155","2025-12-02","52.00","NZD","1760188613","23477/2025-12-02/1760188613.json"
"581513","221281","2025-12-03","36.00","NZD","1760188613","23477/2025-12-03/1760188613.json"
"581514","221282","2025-12-03","36.00","NZD","1760188613","23477/2025-12-03/1760188613.json"
"512557","146154","2025-12-03","45.00","NZD","1760188613","23477/2025-12-03/1760188613.json"
"365170","146153","2025-12-03","48.00","NZD","1760188613","23477/2025-12-03/1760188613.json"
"510807","146155","2025-12-03","52.00","NZD","1760188613","23477/2025-12-03/1760188613.json"
"581513","221281","2025-12-04","36.00","NZD","1760188613","23477/2025-12-04/1760188613.json"
"581514","221282","2025-12-04","36.00","NZD","1760188613","23477/2025-12-04/1760188613.json"
"512557","146154","2025-12-04","45.00","NZD","1760188613","23477/2025-12-04/1760188613.json"
"365170","146153","2025-12-04","48.00","NZD","1760188613","23477/2025-12-04/1760188613.json"
"510807","146155","2025-12-04","52.00","NZD","1760188613","23477/2025-12-04/1760188613.json"
"581513","221281","2025-12-05","36.00","NZD","1760188613","23477/2025-12-05/1760188613.json"
"581514","221282","2025-12-05","36.00","NZD","1760188613","23477/2025-12-05/1760188613.json"
"512557","146154","2025-12-05","45.00","NZD","1760188613","23477/2025-12-05/1760188613.json"
"365170","146153","2025-12-05","48.00","NZD","1760188613","23477/2025-12-05/1760188613.json"
"510807","146155","2025-12-05","52.00","NZD","1760188613","23477/2025-12-05/1760188613.json"
"581513","221281","2025-12-07","36.00","NZD","1760188613","23477/2025-12-07/1760188613.json"
"581514","221282","2025-12-07","36.00","NZD","1760188613","23477/2025-12-07/1760188613.json"
"512557","146154","2025-12-07","45.00","NZD","1760188613","23477/2025-12-07/1760188613.json"
"365170","146153","2025-12-07","48.00","NZD","1760188613","23477/2025-12-07/1760188613.json"
"510807","146155","2025-12-07","52.00","NZD","1760188613","23477/2025-12-07/1760188613.json"
"581513","221281","2025-12-06","36.00","NZD","1760188613","23477/2025-12-06/1760188613.json"
"581514","221282","2025-12-06","36.00","NZD","1760188613","23477/2025-12-06/1760188613.json"
"512557","146154","2025-12-06","45.00","NZD","1760188613","23477/2025-12-06/1760188613.json"
"365170","146153","2025-12-06","48.00","NZD","1760188613","23477/2025-12-06/1760188613.json"
"510807","146155","2025-12-06","52.00","NZD","1760188613","23477/2025-12-06/1760188613.json"
"581513","221281","2025-12-09","36.00","NZD","1760188613","23477/2025-12-09/1760188613.json"
"581514","221282","2025-12-09","36.00","NZD","1760188613","23477/2025-12-09/1760188613.json"
"512557","146154","2025-12-09","45.00","NZD","1760188613","23477/2025-12-09/1760188613.json"
"365170","146153","2025-12-09","48.00","NZD","1760188613","23477/2025-12-09/1760188613.json"
"510807","146155","2025-12-09","52.00","NZD","1760188613","23477/2025-12-09/1760188613.json"
"581513","221281","2025-12-10","36.00","NZD","1760188613","23477/2025-12-10/1760188613.json"
"581514","221282","2025-12-10","36.00","NZD","1760188613","23477/2025-12-10/1760188613.json"
"512557","146154","2025-12-10","45.00","NZD","1760188613","23477/2025-12-10/1760188613.json"
"365170","146153","2025-12-10","48.00","NZD","1760188613","23477/2025-12-10/1760188613.json"
"510807","146155","2025-12-10","52.00","NZD","1760188613","23477/2025-12-10/1760188613.json"
"581513","221281","2025-12-08","36.00","NZD","1760188613","23477/2025-12-08/1760188613.json"
"581514","221282","2025-12-08","36.00","NZD","1760188613","23477/2025-12-08/1760188613.json"
"512557","146154","2025-12-08","45.00","NZD","1760188613","23477/2025-12-08/1760188613.json"
"365170","146153","2025-12-08","48.00","NZD","1760188613","23477/2025-12-08/1760188613.json"
"510807","146155","2025-12-08","52.00","NZD","1760188613","23477/2025-12-08/1760188613.json"
"581513","221281","2025-10-12","36.00","NZD","1760201509","23477/2025-10-12/1760201509.json"
"581514","221282","2025-10-12","36.00","NZD","1760201509","23477/2025-10-12/1760201509.json"
"512557","146154","2025-10-12","45.00","NZD","1760201509","23477/2025-10-12/1760201509.json"
"365170","146153","2025-10-12","48.00","NZD","1760201509","23477/2025-10-12/1760201509.json"
"510807","146155","2025-10-12","52.00","NZD","1760201509","23477/2025-10-12/1760201509.json"
"581513","221281","2025-10-13","36.00","NZD","1760201509","23477/2025-10-13/1760201509.json"
"581514","221282","2025-10-13","36.00","NZD","1760201509","23477/2025-10-13/1760201509.json"
"512557","146154","2025-10-13","45.00","NZD","1760201509","23477/2025-10-13/1760201509.json"
"365170","146153","2025-10-13","48.00","NZD","1760201509","23477/2025-10-13/1760201509.json"
"510807","146155","2025-10-13","52.00","NZD","1760201509","23477/2025-10-13/1760201509.json"
"581513","221281","2025-10-14","36.00","NZD","1760201509","23477/2025-10-14/1760201509.json"
"581514","221282","2025-10-14","36.00","NZD","1760201509","23477/2025-10-14/1760201509.json"
"512557","146154","2025-10-14","45.00","NZD","1760201509","23477/2025-10-14/1760201509.json"
"365170","146153","2025-10-14","48.00","NZD","1760201509","23477/2025-10-14/1760201509.json"
"510807","146155","2025-10-14","52.00","NZD","1760201509","23477/2025-10-14/1760201509.json"
"581513","221281","2025-10-15","36.00","NZD","1760201509","23477/2025-10-15/1760201509.json"
"581514","221282","2025-10-15","36.00","NZD","1760201509","23477/2025-10-15/1760201509.json"
"512557","146154","2025-10-15","45.00","NZD","1760201509","23477/2025-10-15/1760201509.json"
"365170","146153","2025-10-15","48.00","NZD","1760201509","23477/2025-10-15/1760201509.json"
"510807","146155","2025-10-15","52.00","NZD","1760201509","23477/2025-10-15/1760201509.json"
"581513","221281","2025-10-18","36.00","NZD","1760201509","23477/2025-10-18/1760201509.json"
"581514","221282","2025-10-18","36.00","NZD","1760201509","23477/2025-10-18/1760201509.json"
"512557","146154","2025-10-18","45.00","NZD","1760201509","23477/2025-10-18/1760201509.json"
"365170","146153","2025-10-18","48.00","NZD","1760201509","23477/2025-10-18/1760201509.json"
"510807","146155","2025-10-18","52.00","NZD","1760201509","23477/2025-10-18/1760201509.json"
"581513","221281","2025-10-17","36.00","NZD","1760201509","23477/2025-10-17/1760201509.json"
"581514","221282","2025-10-17","36.00","NZD","1760201509","23477/2025-10-17/1760201509.json"
"512557","146154","2025-10-17","45.00","NZD","1760201509","23477/2025-10-17/1760201509.json"
"365170","146153","2025-10-17","48.00","NZD","1760201509","23477/2025-10-17/1760201509.json"
"510807","146155","2025-10-17","52.00","NZD","1760201509","23477/2025-10-17/1760201509.json"
"581513","221281","2025-10-16","36.00","NZD","1760201509","23477/2025-10-16/1760201509.json"
"581514","221282","2025-10-16","36.00","NZD","1760201509","23477/2025-10-16/1760201509.json"
"512557","146154","2025-10-16","45.00","NZD","1760201509","23477/2025-10-16/1760201509.json"
"365170","146153","2025-10-16","48.00","NZD","1760201509","23477/2025-10-16/1760201509.json"
"510807","146155","2025-10-16","52.00","NZD","1760201509","23477/2025-10-16/1760201509.json"
"581513","221281","2025-10-19","36.00","NZD","1760201509","23477/2025-10-19/1760201509.json"
"581514","221282","2025-10-19","36.00","NZD","1760201509","23477/2025-10-19/1760201509.json"
"512557","146154","2025-10-19","45.00","NZD","1760201509","23477/2025-10-19/1760201509.json"
"365170","146153","2025-10-19","48.00","NZD","1760201509","23477/2025-10-19/1760201509.json"
"510807","146155","2025-10-19","52.00","NZD","1760201509","23477/2025-10-19/1760201509.json"
"581513","221281","2025-10-23","36.00","NZD","1760201509","23477/2025-10-23/1760201509.json"
"581514","221282","2025-10-23","36.00","NZD","1760201509","23477/2025-10-23/1760201509.json"
"512557","146154","2025-10-23","45.00","NZD","1760201509","23477/2025-10-23/1760201509.json"
"365170","146153","2025-10-23","48.00","NZD","1760201509","23477/2025-10-23/1760201509.json"
"510807","146155","2025-10-23","52.00","NZD","1760201509","23477/2025-10-23/1760201509.json"
"581513","221281","2025-10-21","36.00","NZD","1760201509","23477/2025-10-21/1760201509.json"
"581514","221282","2025-10-21","36.00","NZD","1760201509","23477/2025-10-21/1760201509.json"
"512557","146154","2025-10-21","45.00","NZD","1760201509","23477/2025-10-21/1760201509.json"
"365170","146153","2025-10-21","48.00","NZD","1760201509","23477/2025-10-21/1760201509.json"
"510807","146155","2025-10-21","52.00","NZD","1760201509","23477/2025-10-21/1760201509.json"
"581513","221281","2025-10-20","36.00","NZD","1760201509","23477/2025-10-20/1760201509.json"
"581514","221282","2025-10-20","36.00","NZD","1760201509","23477/2025-10-20/1760201509.json"
"512557","146154","2025-10-20","45.00","NZD","1760201509","23477/2025-10-20/1760201509.json"
"365170","146153","2025-10-20","48.00","NZD","1760201509","23477/2025-10-20/1760201509.json"
"510807","146155","2025-10-20","52.00","NZD","1760201509","23477/2025-10-20/1760201509.json"
"581513","221281","2025-10-22","36.00","NZD","1760201509","23477/2025-10-22/1760201509.json"
"581514","221282","2025-10-22","36.00","NZD","1760201509","23477/2025-10-22/1760201509.json"
"512557","146154","2025-10-22","45.00","NZD","1760201509","23477/2025-10-22/1760201509.json"
"365170","146153","2025-10-22","48.00","NZD","1760201509","23477/2025-10-22/1760201509.json"
"510807","146155","2025-10-22","52.00","NZD","1760201509","23477/2025-10-22/1760201509.json"
"581513","221281","2025-10-25","36.00","NZD","1760201509","23477/2025-10-25/1760201509.json"
"581514","221282","2025-10-25","36.00","NZD","1760201509","23477/2025-10-25/1760201509.json"
"512557","146154","2025-10-25","45.00","NZD","1760201509","23477/2025-10-25/1760201509.json"
"365170","146153","2025-10-25","48.00","NZD","1760201509","23477/2025-10-25/1760201509.json"
"510807","146155","2025-10-25","52.00","NZD","1760201509","23477/2025-10-25/1760201509.json"
"581513","221281","2025-10-27","36.00","NZD","1760201509","23477/2025-10-27/1760201509.json"
"581514","221282","2025-10-27","36.00","NZD","1760201509","23477/2025-10-27/1760201509.json"
"512557","146154","2025-10-27","45.00","NZD","1760201509","23477/2025-10-27/1760201509.json"
"365170","146153","2025-10-27","48.00","NZD","1760201509","23477/2025-10-27/1760201509.json"
"510807","146155","2025-10-27","52.00","NZD","1760201509","23477/2025-10-27/1760201509.json"
"581513","221281","2025-10-24","36.00","NZD","1760201509","23477/2025-10-24/1760201509.json"
"581514","221282","2025-10-24","36.00","NZD","1760201509","23477/2025-10-24/1760201509.json"
"512557","146154","2025-10-24","45.00","NZD","1760201509","23477/2025-10-24/1760201509.json"
"365170","146153","2025-10-24","48.00","NZD","1760201509","23477/2025-10-24/1760201509.json"
"510807","146155","2025-10-24","52.00","NZD","1760201509","23477/2025-10-24/1760201509.json"
"581513","221281","2025-10-26","36.00","NZD","1760201509","23477/2025-10-26/1760201509.json"
"581514","221282","2025-10-26","36.00","NZD","1760201509","23477/2025-10-26/1760201509.json"
"512557","146154","2025-10-26","45.00","NZD","1760201509","23477/2025-10-26/1760201509.json"
"365170","146153","2025-10-26","48.00","NZD","1760201509","23477/2025-10-26/1760201509.json"
"510807","146155","2025-10-26","52.00","NZD","1760201509","23477/2025-10-26/1760201509.json"
"581513","221281","2025-10-28","36.00","NZD","1760201509","23477/2025-10-28/1760201509.json"
"581514","221282","2025-10-28","36.00","NZD","1760201509","23477/2025-10-28/1760201509.json"
"512557","146154","2025-10-28","45.00","NZD","1760201509","23477/2025-10-28/1760201509.json"
"365170","146153","2025-10-28","48.00","NZD","1760201509","23477/2025-10-28/1760201509.json"
"510807","146155","2025-10-28","52.00","NZD","1760201509","23477/2025-10-28/1760201509.json"
"581513","221281","2025-10-29","36.00","NZD","1760201509","23477/2025-10-29/1760201509.json"
"581513","221281","2025-10-30","36.00","NZD","1760201509","23477/2025-10-30/1760201509.json"
"581514","221282","2025-10-30","36.00","NZD","1760201509","23477/2025-10-30/1760201509.json"
"581514","221282","2025-10-29","36.00","NZD","1760201509","23477/2025-10-29/1760201509.json"
"512557","146154","2025-10-30","45.00","NZD","1760201509","23477/2025-10-30/1760201509.json"
"512557","146154","2025-10-29","45.00","NZD","1760201509","23477/2025-10-29/1760201509.json"
"365170","146153","2025-10-30","48.00","NZD","1760201509","23477/2025-10-30/1760201509.json"
"365170","146153","2025-10-29","48.00","NZD","1760201509","23477/2025-10-29/1760201509.json"
"510807","146155","2025-10-30","52.00","NZD","1760201509","23477/2025-10-30/1760201509.json"
"510807","146155","2025-10-29","52.00","NZD","1760201509","23477/2025-10-29/1760201509.json"
"581513","221281","2025-11-01","36.00","NZD","1760201509","23477/2025-11-01/1760201509.json"
"581514","221282","2025-11-01","36.00","NZD","1760201509","23477/2025-11-01/1760201509.json"
"512557","146154","2025-11-01","45.00","NZD","1760201509","23477/2025-11-01/1760201509.json"
"365170","146153","2025-11-01","48.00","NZD","1760201509","23477/2025-11-01/1760201509.json"
"510807","146155","2025-11-01","52.00","NZD","1760201509","23477/2025-11-01/1760201509.json"
"581513","221281","2025-10-31","36.00","NZD","1760201509","23477/2025-10-31/1760201509.json"
"581514","221282","2025-10-31","36.00","NZD","1760201509","23477/2025-10-31/1760201509.json"
"512557","146154","2025-10-31","45.00","NZD","1760201509","23477/2025-10-31/1760201509.json"
"365170","146153","2025-10-31","48.00","NZD","1760201509","23477/2025-10-31/1760201509.json"
"510807","146155","2025-10-31","52.00","NZD","1760201509","23477/2025-10-31/1760201509.json"
"581513","221281","2025-11-02","36.00","NZD","1760201509","23477/2025-11-02/1760201509.json"
"581514","221282","2025-11-02","36.00","NZD","1760201509","23477/2025-11-02/1760201509.json"
"512557","146154","2025-11-02","45.00","NZD","1760201509","23477/2025-11-02/1760201509.json"
"365170","146153","2025-11-02","48.00","NZD","1760201509","23477/2025-11-02/1760201509.json"
"510807","146155","2025-11-02","52.00","NZD","1760201509","23477/2025-11-02/1760201509.json"
"581513","221281","2025-11-03","36.00","NZD","1760201509","23477/2025-11-03/1760201509.json"
"581514","221282","2025-11-03","36.00","NZD","1760201509","23477/2025-11-03/1760201509.json"
"512557","146154","2025-11-03","45.00","NZD","1760201509","23477/2025-11-03/1760201509.json"
"365170","146153","2025-11-03","48.00","NZD","1760201509","23477/2025-11-03/1760201509.json"
"510807","146155","2025-11-03","52.00","NZD","1760201509","23477/2025-11-03/1760201509.json"
"581513","221281","2025-11-04","36.00","NZD","1760201509","23477/2025-11-04/1760201509.json"
"581514","221282","2025-11-04","36.00","NZD","1760201509","23477/2025-11-04/1760201509.json"
"512557","146154","2025-11-04","45.00","NZD","1760201509","23477/2025-11-04/1760201509.json"
"365170","146153","2025-11-04","48.00","NZD","1760201509","23477/2025-11-04/1760201509.json"
"510807","146155","2025-11-04","52.00","NZD","1760201509","23477/2025-11-04/1760201509.json"
"581513","221281","2025-11-05","36.00","NZD","1760201509","23477/2025-11-05/1760201509.json"
"581514","221282","2025-11-05","36.00","NZD","1760201509","23477/2025-11-05/1760201509.json"
"512557","146154","2025-11-05","45.00","NZD","1760201509","23477/2025-11-05/1760201509.json"
"365170","146153","2025-11-05","48.00","NZD","1760201509","23477/2025-11-05/1760201509.json"
"510807","146155","2025-11-05","52.00","NZD","1760201509","23477/2025-11-05/1760201509.json"
"581513","221281","2025-11-07","36.00","NZD","1760201509","23477/2025-11-07/1760201509.json"
"581513","221281","2025-11-06","36.00","NZD","1760201509","23477/2025-11-06/1760201509.json"
"581514","221282","2025-11-07","36.00","NZD","1760201509","23477/2025-11-07/1760201509.json"
"581514","221282","2025-11-06","36.00","NZD","1760201509","23477/2025-11-06/1760201509.json"
"512557","146154","2025-11-07","45.00","NZD","1760201509","23477/2025-11-07/1760201509.json"
"512557","146154","2025-11-06","45.00","NZD","1760201509","23477/2025-11-06/1760201509.json"
"365170","146153","2025-11-07","48.00","NZD","1760201509","23477/2025-11-07/1760201509.json"
"365170","146153","2025-11-06","48.00","NZD","1760201509","23477/2025-11-06/1760201509.json"
"510807","146155","2025-11-07","52.00","NZD","1760201509","23477/2025-11-07/1760201509.json"
"510807","146155","2025-11-06","52.00","NZD","1760201509","23477/2025-11-06/1760201509.json"
"581513","221281","2025-11-09","36.00","NZD","1760201509","23477/2025-11-09/1760201509.json"
"581514","221282","2025-11-09","36.00","NZD","1760201509","23477/2025-11-09/1760201509.json"
"512557","146154","2025-11-09","45.00","NZD","1760201509","23477/2025-11-09/1760201509.json"
"365170","146153","2025-11-09","48.00","NZD","1760201509","23477/2025-11-09/1760201509.json"
"510807","146155","2025-11-09","52.00","NZD","1760201509","23477/2025-11-09/1760201509.json"
"581513","221281","2025-11-08","36.00","NZD","1760201509","23477/2025-11-08/1760201509.json"
"581514","221282","2025-11-08","36.00","NZD","1760201509","23477/2025-11-08/1760201509.json"
"512557","146154","2025-11-08","45.00","NZD","1760201509","23477/2025-11-08/1760201509.json"
"365170","146153","2025-11-08","48.00","NZD","1760201509","23477/2025-11-08/1760201509.json"
"510807","146155","2025-11-08","52.00","NZD","1760201509","23477/2025-11-08/1760201509.json"
"581513","221281","2025-11-11","36.00","NZD","1760201509","23477/2025-11-11/1760201509.json"
"581514","221282","2025-11-11","36.00","NZD","1760201509","23477/2025-11-11/1760201509.json"
"512557","146154","2025-11-11","45.00","NZD","1760201509","23477/2025-11-11/1760201509.json"
"365170","146153","2025-11-11","48.00","NZD","1760201509","23477/2025-11-11/1760201509.json"
"510807","146155","2025-11-11","52.00","NZD","1760201509","23477/2025-11-11/1760201509.json"
"581513","221281","2025-11-10","36.00","NZD","1760201509","23477/2025-11-10/1760201509.json"
"581514","221282","2025-11-10","36.00","NZD","1760201509","23477/2025-11-10/1760201509.json"
"512557","146154","2025-11-10","45.00","NZD","1760201509","23477/2025-11-10/1760201509.json"
"365170","146153","2025-11-10","48.00","NZD","1760201509","23477/2025-11-10/1760201509.json"
"510807","146155","2025-11-10","52.00","NZD","1760201509","23477/2025-11-10/1760201509.json"
"581513","221281","2025-11-12","36.00","NZD","1760201509","23477/2025-11-12/1760201509.json"
"581514","221282","2025-11-12","36.00","NZD","1760201509","23477/2025-11-12/1760201509.json"
"512557","146154","2025-11-12","45.00","NZD","1760201509","23477/2025-11-12/1760201509.json"
"365170","146153","2025-11-12","48.00","NZD","1760201509","23477/2025-11-12/1760201509.json"
"510807","146155","2025-11-12","52.00","NZD","1760201509","23477/2025-11-12/1760201509.json"
"581513","221281","2025-11-13","36.00","NZD","1760201509","23477/2025-11-13/1760201509.json"
"581514","221282","2025-11-13","36.00","NZD","1760201509","23477/2025-11-13/1760201509.json"
"512557","146154","2025-11-13","45.00","NZD","1760201509","23477/2025-11-13/1760201509.json"
"365170","146153","2025-11-13","48.00","NZD","1760201509","23477/2025-11-13/1760201509.json"
"510807","146155","2025-11-13","52.00","NZD","1760201509","23477/2025-11-13/1760201509.json"
"581513","221281","2025-11-14","36.00","NZD","1760201509","23477/2025-11-14/1760201509.json"
"581514","221282","2025-11-14","36.00","NZD","1760201509","23477/2025-11-14/1760201509.json"
"512557","146154","2025-11-14","45.00","NZD","1760201509","23477/2025-11-14/1760201509.json"
"365170","146153","2025-11-14","48.00","NZD","1760201509","23477/2025-11-14/1760201509.json"
"510807","146155","2025-11-14","52.00","NZD","1760201509","23477/2025-11-14/1760201509.json"
"581513","221281","2025-11-15","36.00","NZD","1760201509","23477/2025-11-15/1760201509.json"
"581514","221282","2025-11-15","36.00","NZD","1760201509","23477/2025-11-15/1760201509.json"
"512557","146154","2025-11-15","45.00","NZD","1760201509","23477/2025-11-15/1760201509.json"
"365170","146153","2025-11-15","48.00","NZD","1760201509","23477/2025-11-15/1760201509.json"
"510807","146155","2025-11-15","52.00","NZD","1760201509","23477/2025-11-15/1760201509.json"
"581513","221281","2025-11-16","36.00","NZD","1760201509","23477/2025-11-16/1760201509.json"
"581514","221282","2025-11-16","36.00","NZD","1760201509","23477/2025-11-16/1760201509.json"
"512557","146154","2025-11-16","45.00","NZD","1760201509","23477/2025-11-16/1760201509.json"
"365170","146153","2025-11-16","48.00","NZD","1760201509","23477/2025-11-16/1760201509.json"
"510807","146155","2025-11-16","52.00","NZD","1760201509","23477/2025-11-16/1760201509.json"
"581513","221281","2025-11-17","36.00","NZD","1760201509","23477/2025-11-17/1760201509.json"
"581514","221282","2025-11-17","36.00","NZD","1760201509","23477/2025-11-17/1760201509.json"
"512557","146154","2025-11-17","45.00","NZD","1760201509","23477/2025-11-17/1760201509.json"
"365170","146153","2025-11-17","48.00","NZD","1760201509","23477/2025-11-17/1760201509.json"
"510807","146155","2025-11-17","52.00","NZD","1760201509","23477/2025-11-17/1760201509.json"
"581513","221281","2025-11-18","36.00","NZD","1760201509","23477/2025-11-18/1760201509.json"
"581514","221282","2025-11-18","36.00","NZD","1760201509","23477/2025-11-18/1760201509.json"
"512557","146154","2025-11-18","45.00","NZD","1760201509","23477/2025-11-18/1760201509.json"
"365170","146153","2025-11-18","48.00","NZD","1760201509","23477/2025-11-18/1760201509.json"
"510807","146155","2025-11-18","52.00","NZD","1760201509","23477/2025-11-18/1760201509.json"
"581513","221281","2025-11-19","36.00","NZD","1760201509","23477/2025-11-19/1760201509.json"
"581514","221282","2025-11-19","36.00","NZD","1760201509","23477/2025-11-19/1760201509.json"
"512557","146154","2025-11-19","45.00","NZD","1760201509","23477/2025-11-19/1760201509.json"
"365170","146153","2025-11-19","48.00","NZD","1760201509","23477/2025-11-19/1760201509.json"
"510807","146155","2025-11-19","52.00","NZD","1760201509","23477/2025-11-19/1760201509.json"
"581513","221281","2025-11-20","36.00","NZD","1760201509","23477/2025-11-20/1760201509.json"
"581514","221282","2025-11-20","36.00","NZD","1760201509","23477/2025-11-20/1760201509.json"
"512557","146154","2025-11-20","45.00","NZD","1760201509","23477/2025-11-20/1760201509.json"
"581513","221281","2025-11-21","36.00","NZD","1760201509","23477/2025-11-21/1760201509.json"
"581514","221282","2025-11-21","36.00","NZD","1760201509","23477/2025-11-21/1760201509.json"
"512557","146154","2025-11-21","45.00","NZD","1760201509","23477/2025-11-21/1760201509.json"
"365170","146153","2025-11-21","48.00","NZD","1760201509","23477/2025-11-21/1760201509.json"
"510807","146155","2025-11-21","52.00","NZD","1760201509","23477/2025-11-21/1760201509.json"
"581513","221281","2025-11-22","36.00","NZD","1760201509","23477/2025-11-22/1760201509.json"
"581514","221282","2025-11-22","36.00","NZD","1760201509","23477/2025-11-22/1760201509.json"
"512557","146154","2025-11-22","45.00","NZD","1760201509","23477/2025-11-22/1760201509.json"
"365170","146153","2025-11-22","48.00","NZD","1760201509","23477/2025-11-22/1760201509.json"
"510807","146155","2025-11-22","52.00","NZD","1760201509","23477/2025-11-22/1760201509.json"
"581513","221281","2025-11-23","36.00","NZD","1760201509","23477/2025-11-23/1760201509.json"
"581514","221282","2025-11-23","36.00","NZD","1760201509","23477/2025-11-23/1760201509.json"
"512557","146154","2025-11-23","45.00","NZD","1760201509","23477/2025-11-23/1760201509.json"
"365170","146153","2025-11-23","48.00","NZD","1760201509","23477/2025-11-23/1760201509.json"
"510807","146155","2025-11-23","52.00","NZD","1760201509","23477/2025-11-23/1760201509.json"
"581513","221281","2025-11-24","36.00","NZD","1760201509","23477/2025-11-24/1760201509.json"
"581514","221282","2025-11-24","36.00","NZD","1760201509","23477/2025-11-24/1760201509.json"
"512557","146154","2025-11-24","45.00","NZD","1760201509","23477/2025-11-24/1760201509.json"
"365170","146153","2025-11-24","48.00","NZD","1760201509","23477/2025-11-24/1760201509.json"
"510807","146155","2025-11-24","52.00","NZD","1760201509","23477/2025-11-24/1760201509.json"
"581513","221281","2025-11-25","36.00","NZD","1760201509","23477/2025-11-25/1760201509.json"
"581514","221282","2025-11-25","36.00","NZD","1760201509","23477/2025-11-25/1760201509.json"
"512557","146154","2025-11-25","45.00","NZD","1760201509","23477/2025-11-25/1760201509.json"
"365170","146153","2025-11-25","48.00","NZD","1760201509","23477/2025-11-25/1760201509.json"
"510807","146155","2025-11-25","52.00","NZD","1760201509","23477/2025-11-25/1760201509.json"
"581513","221281","2025-11-26","36.00","NZD","1760201509","23477/2025-11-26/1760201509.json"
"581514","221282","2025-11-26","36.00","NZD","1760201509","23477/2025-11-26/1760201509.json"
"512557","146154","2025-11-26","45.00","NZD","1760201509","23477/2025-11-26/1760201509.json"
"365170","146153","2025-11-26","48.00","NZD","1760201509","23477/2025-11-26/1760201509.json"
"510807","146155","2025-11-26","52.00","NZD","1760201509","23477/2025-11-26/1760201509.json"
"581513","221281","2025-11-28","36.00","NZD","1760201509","23477/2025-11-28/1760201509.json"
"581514","221282","2025-11-28","36.00","NZD","1760201509","23477/2025-11-28/1760201509.json"
"512557","146154","2025-11-28","45.00","NZD","1760201509","23477/2025-11-28/1760201509.json"
"365170","146153","2025-11-28","48.00","NZD","1760201509","23477/2025-11-28/1760201509.json"
"510807","146155","2025-11-28","52.00","NZD","1760201509","23477/2025-11-28/1760201509.json"
"581513","221281","2025-11-27","36.00","NZD","1760201509","23477/2025-11-27/1760201509.json"
"581514","221282","2025-11-27","36.00","NZD","1760201509","23477/2025-11-27/1760201509.json"
"512557","146154","2025-11-27","45.00","NZD","1760201509","23477/2025-11-27/1760201509.json"
"365170","146153","2025-11-27","48.00","NZD","1760201509","23477/2025-11-27/1760201509.json"
"510807","146155","2025-11-27","52.00","NZD","1760201509","23477/2025-11-27/1760201509.json"
"581513","221281","2025-11-29","36.00","NZD","1760201509","23477/2025-11-29/1760201509.json"
"581514","221282","2025-11-29","36.00","NZD","1760201509","23477/2025-11-29/1760201509.json"
"512557","146154","2025-11-29","45.00","NZD","1760201509","23477/2025-11-29/1760201509.json"
"365170","146153","2025-11-29","48.00","NZD","1760201509","23477/2025-11-29/1760201509.json"
"510807","146155","2025-11-29","52.00","NZD","1760201509","23477/2025-11-29/1760201509.json"
"581513","221281","2025-11-30","36.00","NZD","1760201509","23477/2025-11-30/1760201509.json"
"581514","221282","2025-11-30","36.00","NZD","1760201509","23477/2025-11-30/1760201509.json"
"512557","146154","2025-11-30","45.00","NZD","1760201509","23477/2025-11-30/1760201509.json"
"365170","146153","2025-11-30","48.00","NZD","1760201509","23477/2025-11-30/1760201509.json"
"510807","146155","2025-11-30","52.00","NZD","1760201509","23477/2025-11-30/1760201509.json"
"581513","221281","2025-12-01","36.00","NZD","1760201509","23477/2025-12-01/1760201509.json"
"581514","221282","2025-12-01","36.00","NZD","1760201509","23477/2025-12-01/1760201509.json"
"512557","146154","2025-12-01","45.00","NZD","1760201509","23477/2025-12-01/1760201509.json"
"365170","146153","2025-12-01","48.00","NZD","1760201509","23477/2025-12-01/1760201509.json"
"510807","146155","2025-12-01","52.00","NZD","1760201509","23477/2025-12-01/1760201509.json"
"581513","221281","2025-12-02","36.00","NZD","1760201509","23477/2025-12-02/1760201509.json"
"581514","221282","2025-12-02","36.00","NZD","1760201509","23477/2025-12-02/1760201509.json"
"512557","146154","2025-12-02","45.00","NZD","1760201509","23477/2025-12-02/1760201509.json"
"365170","146153","2025-12-02","48.00","NZD","1760201509","23477/2025-12-02/1760201509.json"
"510807","146155","2025-12-02","52.00","NZD","1760201509","23477/2025-12-02/1760201509.json"
"581513","221281","2025-12-03","36.00","NZD","1760201509","23477/2025-12-03/1760201509.json"
"581514","221282","2025-12-03","36.00","NZD","1760201509","23477/2025-12-03/1760201509.json"
"512557","146154","2025-12-03","45.00","NZD","1760201509","23477/2025-12-03/1760201509.json"
"365170","146153","2025-12-03","48.00","NZD","1760201509","23477/2025-12-03/1760201509.json"
"510807","146155","2025-12-03","52.00","NZD","1760201509","23477/2025-12-03/1760201509.json"
"581513","221281","2025-12-04","36.00","NZD","1760201509","23477/2025-12-04/1760201509.json"
"581514","221282","2025-12-04","36.00","NZD","1760201509","23477/2025-12-04/1760201509.json"
"512557","146154","2025-12-04","45.00","NZD","1760201509","23477/2025-12-04/1760201509.json"
"365170","146153","2025-12-04","48.00","NZD","1760201509","23477/2025-12-04/1760201509.json"
"510807","146155","2025-12-04","52.00","NZD","1760201509","23477/2025-12-04/1760201509.json"
"581513","221281","2025-12-06","36.00","NZD","1760201509","23477/2025-12-06/1760201509.json"
"581514","221282","2025-12-06","36.00","NZD","1760201509","23477/2025-12-06/1760201509.json"
"512557","146154","2025-12-06","45.00","NZD","1760201509","23477/2025-12-06/1760201509.json"
"365170","146153","2025-12-06","48.00","NZD","1760201509","23477/2025-12-06/1760201509.json"
"510807","146155","2025-12-06","52.00","NZD","1760201509","23477/2025-12-06/1760201509.json"
"581513","221281","2025-12-05","36.00","NZD","1760201509","23477/2025-12-05/1760201509.json"
"581514","221282","2025-12-05","36.00","NZD","1760201509","23477/2025-12-05/1760201509.json"
"512557","146154","2025-12-05","45.00","NZD","1760201509","23477/2025-12-05/1760201509.json"
"365170","146153","2025-12-05","48.00","NZD","1760201509","23477/2025-12-05/1760201509.json"
"510807","146155","2025-12-05","52.00","NZD","1760201509","23477/2025-12-05/1760201509.json"
"581513","221281","2025-12-07","36.00","NZD","1760201509","23477/2025-12-07/1760201509.json"
"581514","221282","2025-12-07","36.00","NZD","1760201509","23477/2025-12-07/1760201509.json"
"512557","146154","2025-12-07","45.00","NZD","1760201509","23477/2025-12-07/1760201509.json"
"365170","146153","2025-12-07","48.00","NZD","1760201509","23477/2025-12-07/1760201509.json"
"510807","146155","2025-12-07","52.00","NZD","1760201509","23477/2025-12-07/1760201509.json"
"581513","221281","2025-12-08","36.00","NZD","1760201509","23477/2025-12-08/1760201509.json"
"581514","221282","2025-12-08","36.00","NZD","1760201509","23477/2025-12-08/1760201509.json"
"512557","146154","2025-12-08","45.00","NZD","1760201509","23477/2025-12-08/1760201509.json"
"365170","146153","2025-12-08","48.00","NZD","1760201509","23477/2025-12-08/1760201509.json"
"510807","146155","2025-12-08","52.00","NZD","1760201509","23477/2025-12-08/1760201509.json"
"581513","221281","2025-12-09","36.00","NZD","1760201509","23477/2025-12-09/1760201509.json"
"581514","221282","2025-12-09","36.00","NZD","1760201509","23477/2025-12-09/1760201509.json"
"512557","146154","2025-12-09","45.00","NZD","1760201509","23477/2025-12-09/1760201509.json"
"365170","146153","2025-12-09","48.00","NZD","1760201509","23477/2025-12-09/1760201509.json"
"510807","146155","2025-12-09","52.00","NZD","1760201509","23477/2025-12-09/1760201509.json"
"581513","221281","2025-12-10","36.00","NZD","1760201509","23477/2025-12-10/1760201509.json"
"581514","221282","2025-12-10","36.00","NZD","1760201509","23477/2025-12-10/1760201509.json"
"512557","146154","2025-12-10","45.00","NZD","1760201509","23477/2025-12-10/1760201509.json"
"365170","146153","2025-12-10","48.00","NZD","1760201509","23477/2025-12-10/1760201509.json"
"510807","146155","2025-12-10","52.00","NZD","1760201509","23477/2025-12-10/1760201509.json"
"581513","221281","2025-10-12","36.00","NZD","1760215508","23477/2025-10-12/1760215508.json"
"581514","221282","2025-10-12","36.00","NZD","1760215508","23477/2025-10-12/1760215508.json"
"512557","146154","2025-10-12","45.00","NZD","1760215508","23477/2025-10-12/1760215508.json"
"365170","146153","2025-10-12","48.00","NZD","1760215508","23477/2025-10-12/1760215508.json"
"510807","146155","2025-10-12","52.00","NZD","1760215508","23477/2025-10-12/1760215508.json"
"581513","221281","2025-10-14","36.00","NZD","1760215508","23477/2025-10-14/1760215508.json"
"581514","221282","2025-10-14","36.00","NZD","1760215508","23477/2025-10-14/1760215508.json"
"512557","146154","2025-10-14","45.00","NZD","1760215508","23477/2025-10-14/1760215508.json"
"365170","146153","2025-10-14","48.00","NZD","1760215508","23477/2025-10-14/1760215508.json"
"510807","146155","2025-10-14","52.00","NZD","1760215508","23477/2025-10-14/1760215508.json"
"581513","221281","2025-10-13","36.00","NZD","1760215508","23477/2025-10-13/1760215508.json"
"581514","221282","2025-10-13","36.00","NZD","1760215508","23477/2025-10-13/1760215508.json"
"512557","146154","2025-10-13","45.00","NZD","1760215508","23477/2025-10-13/1760215508.json"
"365170","146153","2025-10-13","48.00","NZD","1760215508","23477/2025-10-13/1760215508.json"
"510807","146155","2025-10-13","52.00","NZD","1760215508","23477/2025-10-13/1760215508.json"
"581513","221281","2025-10-15","36.00","NZD","1760215508","23477/2025-10-15/1760215508.json"
"581514","221282","2025-10-15","36.00","NZD","1760215508","23477/2025-10-15/1760215508.json"
"512557","146154","2025-10-15","45.00","NZD","1760215508","23477/2025-10-15/1760215508.json"
"365170","146153","2025-10-15","48.00","NZD","1760215508","23477/2025-10-15/1760215508.json"
"510807","146155","2025-10-15","52.00","NZD","1760215508","23477/2025-10-15/1760215508.json"
"581513","221281","2025-10-17","36.00","NZD","1760215508","23477/2025-10-17/1760215508.json"
"581514","221282","2025-10-17","36.00","NZD","1760215508","23477/2025-10-17/1760215508.json"
"512557","146154","2025-10-17","45.00","NZD","1760215508","23477/2025-10-17/1760215508.json"
"365170","146153","2025-10-17","48.00","NZD","1760215508","23477/2025-10-17/1760215508.json"
"510807","146155","2025-10-17","52.00","NZD","1760215508","23477/2025-10-17/1760215508.json"
"581513","221281","2025-10-18","36.00","NZD","1760215508","23477/2025-10-18/1760215508.json"
"581514","221282","2025-10-18","36.00","NZD","1760215508","23477/2025-10-18/1760215508.json"
"512557","146154","2025-10-18","45.00","NZD","1760215508","23477/2025-10-18/1760215508.json"
"365170","146153","2025-10-18","48.00","NZD","1760215508","23477/2025-10-18/1760215508.json"
"510807","146155","2025-10-18","52.00","NZD","1760215508","23477/2025-10-18/1760215508.json"
"581513","221281","2025-10-16","36.00","NZD","1760215508","23477/2025-10-16/1760215508.json"
"581514","221282","2025-10-16","36.00","NZD","1760215508","23477/2025-10-16/1760215508.json"
"512557","146154","2025-10-16","45.00","NZD","1760215508","23477/2025-10-16/1760215508.json"
"365170","146153","2025-10-16","48.00","NZD","1760215508","23477/2025-10-16/1760215508.json"
"510807","146155","2025-10-16","52.00","NZD","1760215508","23477/2025-10-16/1760215508.json"
"581513","221281","2025-10-19","36.00","NZD","1760215508","23477/2025-10-19/1760215508.json"
"581514","221282","2025-10-19","36.00","NZD","1760215508","23477/2025-10-19/1760215508.json"
"512557","146154","2025-10-19","45.00","NZD","1760215508","23477/2025-10-19/1760215508.json"
"365170","146153","2025-10-19","48.00","NZD","1760215508","23477/2025-10-19/1760215508.json"
"510807","146155","2025-10-19","52.00","NZD","1760215508","23477/2025-10-19/1760215508.json"
"581513","221281","2025-10-22","36.00","NZD","1760215508","23477/2025-10-22/1760215508.json"
"581513","221281","2025-10-21","36.00","NZD","1760215508","23477/2025-10-21/1760215508.json"
"581514","221282","2025-10-22","36.00","NZD","1760215508","23477/2025-10-22/1760215508.json"
"581514","221282","2025-10-21","36.00","NZD","1760215508","23477/2025-10-21/1760215508.json"
"512557","146154","2025-10-21","45.00","NZD","1760215508","23477/2025-10-21/1760215508.json"
"512557","146154","2025-10-22","45.00","NZD","1760215508","23477/2025-10-22/1760215508.json"
"365170","146153","2025-10-21","48.00","NZD","1760215508","23477/2025-10-21/1760215508.json"
"510807","146155","2025-10-21","52.00","NZD","1760215508","23477/2025-10-21/1760215508.json"
"365170","146153","2025-10-22","48.00","NZD","1760215508","23477/2025-10-22/1760215508.json"
"510807","146155","2025-10-22","52.00","NZD","1760215508","23477/2025-10-22/1760215508.json"
"581513","221281","2025-10-20","36.00","NZD","1760215508","23477/2025-10-20/1760215508.json"
"581514","221282","2025-10-20","36.00","NZD","1760215508","23477/2025-10-20/1760215508.json"
"512557","146154","2025-10-20","45.00","NZD","1760215508","23477/2025-10-20/1760215508.json"
"365170","146153","2025-10-20","48.00","NZD","1760215508","23477/2025-10-20/1760215508.json"
"510807","146155","2025-10-20","52.00","NZD","1760215508","23477/2025-10-20/1760215508.json"
"581513","221281","2025-10-23","36.00","NZD","1760215508","23477/2025-10-23/1760215508.json"
"581514","221282","2025-10-23","36.00","NZD","1760215508","23477/2025-10-23/1760215508.json"
"512557","146154","2025-10-23","45.00","NZD","1760215508","23477/2025-10-23/1760215508.json"
"365170","146153","2025-10-23","48.00","NZD","1760215508","23477/2025-10-23/1760215508.json"
"510807","146155","2025-10-23","52.00","NZD","1760215508","23477/2025-10-23/1760215508.json"
"581513","221281","2025-10-24","36.00","NZD","1760215508","23477/2025-10-24/1760215508.json"
"581514","221282","2025-10-24","36.00","NZD","1760215508","23477/2025-10-24/1760215508.json"
"512557","146154","2025-10-24","45.00","NZD","1760215508","23477/2025-10-24/1760215508.json"
"365170","146153","2025-10-24","48.00","NZD","1760215508","23477/2025-10-24/1760215508.json"
"510807","146155","2025-10-24","52.00","NZD","1760215508","23477/2025-10-24/1760215508.json"
"581513","221281","2025-10-25","36.00","NZD","1760215508","23477/2025-10-25/1760215508.json"
"581514","221282","2025-10-25","36.00","NZD","1760215508","23477/2025-10-25/1760215508.json"
"512557","146154","2025-10-25","45.00","NZD","1760215508","23477/2025-10-25/1760215508.json"
"365170","146153","2025-10-25","48.00","NZD","1760215508","23477/2025-10-25/1760215508.json"
"510807","146155","2025-10-25","52.00","NZD","1760215508","23477/2025-10-25/1760215508.json"
"581513","221281","2025-10-26","36.00","NZD","1760215508","23477/2025-10-26/1760215508.json"
"581514","221282","2025-10-26","36.00","NZD","1760215508","23477/2025-10-26/1760215508.json"
"512557","146154","2025-10-26","45.00","NZD","1760215508","23477/2025-10-26/1760215508.json"
"365170","146153","2025-10-26","48.00","NZD","1760215508","23477/2025-10-26/1760215508.json"
"510807","146155","2025-10-26","52.00","NZD","1760215508","23477/2025-10-26/1760215508.json"
"581513","221281","2025-10-27","36.00","NZD","1760215508","23477/2025-10-27/1760215508.json"
"581514","221282","2025-10-27","36.00","NZD","1760215508","23477/2025-10-27/1760215508.json"
"512557","146154","2025-10-27","45.00","NZD","1760215508","23477/2025-10-27/1760215508.json"
"365170","146153","2025-10-27","48.00","NZD","1760215508","23477/2025-10-27/1760215508.json"
"510807","146155","2025-10-27","52.00","NZD","1760215508","23477/2025-10-27/1760215508.json"
"581513","221281","2025-10-28","36.00","NZD","1760215508","23477/2025-10-28/1760215508.json"
"581514","221282","2025-10-28","36.00","NZD","1760215508","23477/2025-10-28/1760215508.json"
"512557","146154","2025-10-28","45.00","NZD","1760215508","23477/2025-10-28/1760215508.json"
"365170","146153","2025-10-28","48.00","NZD","1760215508","23477/2025-10-28/1760215508.json"
"510807","146155","2025-10-28","52.00","NZD","1760215508","23477/2025-10-28/1760215508.json"
"581513","221281","2025-10-29","36.00","NZD","1760215508","23477/2025-10-29/1760215508.json"
"581514","221282","2025-10-29","36.00","NZD","1760215508","23477/2025-10-29/1760215508.json"
"512557","146154","2025-10-29","45.00","NZD","1760215508","23477/2025-10-29/1760215508.json"
"365170","146153","2025-10-29","48.00","NZD","1760215508","23477/2025-10-29/1760215508.json"
"510807","146155","2025-10-29","52.00","NZD","1760215508","23477/2025-10-29/1760215508.json"
"581513","221281","2025-10-30","36.00","NZD","1760215508","23477/2025-10-30/1760215508.json"
"581514","221282","2025-10-30","36.00","NZD","1760215508","23477/2025-10-30/1760215508.json"
"512557","146154","2025-10-30","45.00","NZD","1760215508","23477/2025-10-30/1760215508.json"
"365170","146153","2025-10-30","48.00","NZD","1760215508","23477/2025-10-30/1760215508.json"
"510807","146155","2025-10-30","52.00","NZD","1760215508","23477/2025-10-30/1760215508.json"
"581513","221281","2025-10-31","36.00","NZD","1760215508","23477/2025-10-31/1760215508.json"
"581514","221282","2025-10-31","36.00","NZD","1760215508","23477/2025-10-31/1760215508.json"
"512557","146154","2025-10-31","45.00","NZD","1760215508","23477/2025-10-31/1760215508.json"
"365170","146153","2025-10-31","48.00","NZD","1760215508","23477/2025-10-31/1760215508.json"
"510807","146155","2025-10-31","52.00","NZD","1760215508","23477/2025-10-31/1760215508.json"
"581513","221281","2025-11-02","36.00","NZD","1760215508","23477/2025-11-02/1760215508.json"
"581514","221282","2025-11-02","36.00","NZD","1760215508","23477/2025-11-02/1760215508.json"
"512557","146154","2025-11-02","45.00","NZD","1760215508","23477/2025-11-02/1760215508.json"
"365170","146153","2025-11-02","48.00","NZD","1760215508","23477/2025-11-02/1760215508.json"
"510807","146155","2025-11-02","52.00","NZD","1760215508","23477/2025-11-02/1760215508.json"
"581513","221281","2025-11-01","36.00","NZD","1760215508","23477/2025-11-01/1760215508.json"
"581514","221282","2025-11-01","36.00","NZD","1760215508","23477/2025-11-01/1760215508.json"
"512557","146154","2025-11-01","45.00","NZD","1760215508","23477/2025-11-01/1760215508.json"
"365170","146153","2025-11-01","48.00","NZD","1760215508","23477/2025-11-01/1760215508.json"
"510807","146155","2025-11-01","52.00","NZD","1760215508","23477/2025-11-01/1760215508.json"
"581513","221281","2025-11-03","36.00","NZD","1760215508","23477/2025-11-03/1760215508.json"
"581514","221282","2025-11-03","36.00","NZD","1760215508","23477/2025-11-03/1760215508.json"
"512557","146154","2025-11-03","45.00","NZD","1760215508","23477/2025-11-03/1760215508.json"
"365170","146153","2025-11-03","48.00","NZD","1760215508","23477/2025-11-03/1760215508.json"
"510807","146155","2025-11-03","52.00","NZD","1760215508","23477/2025-11-03/1760215508.json"
"581513","221281","2025-11-05","36.00","NZD","1760215508","23477/2025-11-05/1760215508.json"
"581514","221282","2025-11-05","36.00","NZD","1760215508","23477/2025-11-05/1760215508.json"
"512557","146154","2025-11-05","45.00","NZD","1760215508","23477/2025-11-05/1760215508.json"
"365170","146153","2025-11-05","48.00","NZD","1760215508","23477/2025-11-05/1760215508.json"
"510807","146155","2025-11-05","52.00","NZD","1760215508","23477/2025-11-05/1760215508.json"
"581513","221281","2025-11-04","36.00","NZD","1760215508","23477/2025-11-04/1760215508.json"
"581514","221282","2025-11-04","36.00","NZD","1760215508","23477/2025-11-04/1760215508.json"
"512557","146154","2025-11-04","45.00","NZD","1760215508","23477/2025-11-04/1760215508.json"
"365170","146153","2025-11-04","48.00","NZD","1760215508","23477/2025-11-04/1760215508.json"
"510807","146155","2025-11-04","52.00","NZD","1760215508","23477/2025-11-04/1760215508.json"
"581513","221281","2025-11-06","36.00","NZD","1760215508","23477/2025-11-06/1760215508.json"
"581514","221282","2025-11-06","36.00","NZD","1760215508","23477/2025-11-06/1760215508.json"
"512557","146154","2025-11-06","45.00","NZD","1760215508","23477/2025-11-06/1760215508.json"
"365170","146153","2025-11-06","48.00","NZD","1760215508","23477/2025-11-06/1760215508.json"
"510807","146155","2025-11-06","52.00","NZD","1760215508","23477/2025-11-06/1760215508.json"
"581513","221281","2025-11-07","36.00","NZD","1760215508","23477/2025-11-07/1760215508.json"
"581514","221282","2025-11-07","36.00","NZD","1760215508","23477/2025-11-07/1760215508.json"
"512557","146154","2025-11-07","45.00","NZD","1760215508","23477/2025-11-07/1760215508.json"
"365170","146153","2025-11-07","48.00","NZD","1760215508","23477/2025-11-07/1760215508.json"
"510807","146155","2025-11-07","52.00","NZD","1760215508","23477/2025-11-07/1760215508.json"
"581513","221281","2025-11-09","36.00","NZD","1760215508","23477/2025-11-09/1760215508.json"
"581514","221282","2025-11-09","36.00","NZD","1760215508","23477/2025-11-09/1760215508.json"
"512557","146154","2025-11-09","45.00","NZD","1760215508","23477/2025-11-09/1760215508.json"
"365170","146153","2025-11-09","48.00","NZD","1760215508","23477/2025-11-09/1760215508.json"
"510807","146155","2025-11-09","52.00","NZD","1760215508","23477/2025-11-09/1760215508.json"
"581513","221281","2025-11-10","36.00","NZD","1760215508","23477/2025-11-10/1760215508.json"
"581514","221282","2025-11-10","36.00","NZD","1760215508","23477/2025-11-10/1760215508.json"
"512557","146154","2025-11-10","45.00","NZD","1760215508","23477/2025-11-10/1760215508.json"
"365170","146153","2025-11-10","48.00","NZD","1760215508","23477/2025-11-10/1760215508.json"
"510807","146155","2025-11-10","52.00","NZD","1760215508","23477/2025-11-10/1760215508.json"
"581513","221281","2025-11-08","36.00","NZD","1760215508","23477/2025-11-08/1760215508.json"
"581514","221282","2025-11-08","36.00","NZD","1760215508","23477/2025-11-08/1760215508.json"
"512557","146154","2025-11-08","45.00","NZD","1760215508","23477/2025-11-08/1760215508.json"
"365170","146153","2025-11-08","48.00","NZD","1760215508","23477/2025-11-08/1760215508.json"
"510807","146155","2025-11-08","52.00","NZD","1760215508","23477/2025-11-08/1760215508.json"
"581513","221281","2025-11-11","36.00","NZD","1760215508","23477/2025-11-11/1760215508.json"
"581514","221282","2025-11-11","36.00","NZD","1760215508","23477/2025-11-11/1760215508.json"
"512557","146154","2025-11-11","45.00","NZD","1760215508","23477/2025-11-11/1760215508.json"
"365170","146153","2025-11-11","48.00","NZD","1760215508","23477/2025-11-11/1760215508.json"
"510807","146155","2025-11-11","52.00","NZD","1760215508","23477/2025-11-11/1760215508.json"
"581513","221281","2025-11-12","36.00","NZD","1760215508","23477/2025-11-12/1760215508.json"
"581514","221282","2025-11-12","36.00","NZD","1760215508","23477/2025-11-12/1760215508.json"
"512557","146154","2025-11-12","45.00","NZD","1760215508","23477/2025-11-12/1760215508.json"
"365170","146153","2025-11-12","48.00","NZD","1760215508","23477/2025-11-12/1760215508.json"
"510807","146155","2025-11-12","52.00","NZD","1760215508","23477/2025-11-12/1760215508.json"
"581513","221281","2025-11-14","36.00","NZD","1760215508","23477/2025-11-14/1760215508.json"
"581514","221282","2025-11-14","36.00","NZD","1760215508","23477/2025-11-14/1760215508.json"
"512557","146154","2025-11-14","45.00","NZD","1760215508","23477/2025-11-14/1760215508.json"
"365170","146153","2025-11-14","48.00","NZD","1760215508","23477/2025-11-14/1760215508.json"
"510807","146155","2025-11-14","52.00","NZD","1760215508","23477/2025-11-14/1760215508.json"
"581513","221281","2025-11-15","36.00","NZD","1760215508","23477/2025-11-15/1760215508.json"
"581514","221282","2025-11-15","36.00","NZD","1760215508","23477/2025-11-15/1760215508.json"
"512557","146154","2025-11-15","45.00","NZD","1760215508","23477/2025-11-15/1760215508.json"
"365170","146153","2025-11-15","48.00","NZD","1760215508","23477/2025-11-15/1760215508.json"
"510807","146155","2025-11-15","52.00","NZD","1760215508","23477/2025-11-15/1760215508.json"
"581513","221281","2025-11-13","36.00","NZD","1760215508","23477/2025-11-13/1760215508.json"
"581514","221282","2025-11-13","36.00","NZD","1760215508","23477/2025-11-13/1760215508.json"
"512557","146154","2025-11-13","45.00","NZD","1760215508","23477/2025-11-13/1760215508.json"
"365170","146153","2025-11-13","48.00","NZD","1760215508","23477/2025-11-13/1760215508.json"
"510807","146155","2025-11-13","52.00","NZD","1760215508","23477/2025-11-13/1760215508.json"
"581513","221281","2025-11-16","36.00","NZD","1760215508","23477/2025-11-16/1760215508.json"
"581514","221282","2025-11-16","36.00","NZD","1760215508","23477/2025-11-16/1760215508.json"
"512557","146154","2025-11-16","45.00","NZD","1760215508","23477/2025-11-16/1760215508.json"
"365170","146153","2025-11-16","48.00","NZD","1760215508","23477/2025-11-16/1760215508.json"
"510807","146155","2025-11-16","52.00","NZD","1760215508","23477/2025-11-16/1760215508.json"
"581513","221281","2025-11-17","36.00","NZD","1760215508","23477/2025-11-17/1760215508.json"
"581514","221282","2025-11-17","36.00","NZD","1760215508","23477/2025-11-17/1760215508.json"
"512557","146154","2025-11-17","45.00","NZD","1760215508","23477/2025-11-17/1760215508.json"
"365170","146153","2025-11-17","48.00","NZD","1760215508","23477/2025-11-17/1760215508.json"
"510807","146155","2025-11-17","52.00","NZD","1760215508","23477/2025-11-17/1760215508.json"
"581513","221281","2025-11-18","36.00","NZD","1760215508","23477/2025-11-18/1760215508.json"
"581514","221282","2025-11-18","36.00","NZD","1760215508","23477/2025-11-18/1760215508.json"
"512557","146154","2025-11-18","45.00","NZD","1760215508","23477/2025-11-18/1760215508.json"
"365170","146153","2025-11-18","48.00","NZD","1760215508","23477/2025-11-18/1760215508.json"
"510807","146155","2025-11-18","52.00","NZD","1760215508","23477/2025-11-18/1760215508.json"
"581513","221281","2025-11-19","36.00","NZD","1760215508","23477/2025-11-19/1760215508.json"
"581514","221282","2025-11-19","36.00","NZD","1760215508","23477/2025-11-19/1760215508.json"
"512557","146154","2025-11-19","45.00","NZD","1760215508","23477/2025-11-19/1760215508.json"
"365170","146153","2025-11-19","48.00","NZD","1760215508","23477/2025-11-19/1760215508.json"
"510807","146155","2025-11-19","52.00","NZD","1760215508","23477/2025-11-19/1760215508.json"
"581513","221281","2025-11-20","36.00","NZD","1760215508","23477/2025-11-20/1760215508.json"
"581514","221282","2025-11-20","36.00","NZD","1760215508","23477/2025-11-20/1760215508.json"
"512557","146154","2025-11-20","45.00","NZD","1760215508","23477/2025-11-20/1760215508.json"
"581513","221281","2025-11-22","36.00","NZD","1760215508","23477/2025-11-22/1760215508.json"
"581514","221282","2025-11-22","36.00","NZD","1760215508","23477/2025-11-22/1760215508.json"
"512557","146154","2025-11-22","45.00","NZD","1760215508","23477/2025-11-22/1760215508.json"
"365170","146153","2025-11-22","48.00","NZD","1760215508","23477/2025-11-22/1760215508.json"
"510807","146155","2025-11-22","52.00","NZD","1760215508","23477/2025-11-22/1760215508.json"
"581513","221281","2025-11-21","36.00","NZD","1760215508","23477/2025-11-21/1760215508.json"
"581514","221282","2025-11-21","36.00","NZD","1760215508","23477/2025-11-21/1760215508.json"
"512557","146154","2025-11-21","45.00","NZD","1760215508","23477/2025-11-21/1760215508.json"
"365170","146153","2025-11-21","48.00","NZD","1760215508","23477/2025-11-21/1760215508.json"
"510807","146155","2025-11-21","52.00","NZD","1760215508","23477/2025-11-21/1760215508.json"
"581513","221281","2025-11-23","36.00","NZD","1760215508","23477/2025-11-23/1760215508.json"
"581514","221282","2025-11-23","36.00","NZD","1760215508","23477/2025-11-23/1760215508.json"
"512557","146154","2025-11-23","45.00","NZD","1760215508","23477/2025-11-23/1760215508.json"
"365170","146153","2025-11-23","48.00","NZD","1760215508","23477/2025-11-23/1760215508.json"
"510807","146155","2025-11-23","52.00","NZD","1760215508","23477/2025-11-23/1760215508.json"
"581513","221281","2025-11-24","36.00","NZD","1760215508","23477/2025-11-24/1760215508.json"
"581514","221282","2025-11-24","36.00","NZD","1760215508","23477/2025-11-24/1760215508.json"
"512557","146154","2025-11-24","45.00","NZD","1760215508","23477/2025-11-24/1760215508.json"
"365170","146153","2025-11-24","48.00","NZD","1760215508","23477/2025-11-24/1760215508.json"
"510807","146155","2025-11-24","52.00","NZD","1760215508","23477/2025-11-24/1760215508.json"
"581513","221281","2025-11-25","36.00","NZD","1760215508","23477/2025-11-25/1760215508.json"
"581514","221282","2025-11-25","36.00","NZD","1760215508","23477/2025-11-25/1760215508.json"
"512557","146154","2025-11-25","45.00","NZD","1760215508","23477/2025-11-25/1760215508.json"
"365170","146153","2025-11-25","48.00","NZD","1760215508","23477/2025-11-25/1760215508.json"
"510807","146155","2025-11-25","52.00","NZD","1760215508","23477/2025-11-25/1760215508.json"
"581513","221281","2025-11-26","36.00","NZD","1760215508","23477/2025-11-26/1760215508.json"
"581514","221282","2025-11-26","36.00","NZD","1760215508","23477/2025-11-26/1760215508.json"
"512557","146154","2025-11-26","45.00","NZD","1760215508","23477/2025-11-26/1760215508.json"
"365170","146153","2025-11-26","48.00","NZD","1760215508","23477/2025-11-26/1760215508.json"
"510807","146155","2025-11-26","52.00","NZD","1760215508","23477/2025-11-26/1760215508.json"
"581513","221281","2025-11-27","36.00","NZD","1760215508","23477/2025-11-27/1760215508.json"
"581514","221282","2025-11-27","36.00","NZD","1760215508","23477/2025-11-27/1760215508.json"
"512557","146154","2025-11-27","45.00","NZD","1760215508","23477/2025-11-27/1760215508.json"
"365170","146153","2025-11-27","48.00","NZD","1760215508","23477/2025-11-27/1760215508.json"
"510807","146155","2025-11-27","52.00","NZD","1760215508","23477/2025-11-27/1760215508.json"
"581513","221281","2025-11-28","36.00","NZD","1760215508","23477/2025-11-28/1760215508.json"
"581514","221282","2025-11-28","36.00","NZD","1760215508","23477/2025-11-28/1760215508.json"
"512557","146154","2025-11-28","45.00","NZD","1760215508","23477/2025-11-28/1760215508.json"
"365170","146153","2025-11-28","48.00","NZD","1760215508","23477/2025-11-28/1760215508.json"
"510807","146155","2025-11-28","52.00","NZD","1760215508","23477/2025-11-28/1760215508.json"
"581513","221281","2025-11-29","36.00","NZD","1760215508","23477/2025-11-29/1760215508.json"
"581514","221282","2025-11-29","36.00","NZD","1760215508","23477/2025-11-29/1760215508.json"
"512557","146154","2025-11-29","45.00","NZD","1760215508","23477/2025-11-29/1760215508.json"
"365170","146153","2025-11-29","48.00","NZD","1760215508","23477/2025-11-29/1760215508.json"
"510807","146155","2025-11-29","52.00","NZD","1760215508","23477/2025-11-29/1760215508.json"
"581513","221281","2025-11-30","36.00","NZD","1760215508","23477/2025-11-30/1760215508.json"
"581514","221282","2025-11-30","36.00","NZD","1760215508","23477/2025-11-30/1760215508.json"
"512557","146154","2025-11-30","45.00","NZD","1760215508","23477/2025-11-30/1760215508.json"
"365170","146153","2025-11-30","48.00","NZD","1760215508","23477/2025-11-30/1760215508.json"
"510807","146155","2025-11-30","52.00","NZD","1760215508","23477/2025-11-30/1760215508.json"
"581513","221281","2025-12-01","36.00","NZD","1760215508","23477/2025-12-01/1760215508.json"
"581514","221282","2025-12-01","36.00","NZD","1760215508","23477/2025-12-01/1760215508.json"
"512557","146154","2025-12-01","45.00","NZD","1760215508","23477/2025-12-01/1760215508.json"
"365170","146153","2025-12-01","48.00","NZD","1760215508","23477/2025-12-01/1760215508.json"
"510807","146155","2025-12-01","52.00","NZD","1760215508","23477/2025-12-01/1760215508.json"
"581513","221281","2025-12-02","36.00","NZD","1760215508","23477/2025-12-02/1760215508.json"
"581514","221282","2025-12-02","36.00","NZD","1760215508","23477/2025-12-02/1760215508.json"
"512557","146154","2025-12-02","45.00","NZD","1760215508","23477/2025-12-02/1760215508.json"
"365170","146153","2025-12-02","48.00","NZD","1760215508","23477/2025-12-02/1760215508.json"
"510807","146155","2025-12-02","52.00","NZD","1760215508","23477/2025-12-02/1760215508.json"
"581513","221281","2025-12-03","36.00","NZD","1760215508","23477/2025-12-03/1760215508.json"
"581514","221282","2025-12-03","36.00","NZD","1760215508","23477/2025-12-03/1760215508.json"
"512557","146154","2025-12-03","45.00","NZD","1760215508","23477/2025-12-03/1760215508.json"
"365170","146153","2025-12-03","48.00","NZD","1760215508","23477/2025-12-03/1760215508.json"
"510807","146155","2025-12-03","52.00","NZD","1760215508","23477/2025-12-03/1760215508.json"
"581513","221281","2025-12-04","36.00","NZD","1760215508","23477/2025-12-04/1760215508.json"
"581514","221282","2025-12-04","36.00","NZD","1760215508","23477/2025-12-04/1760215508.json"
"512557","146154","2025-12-04","45.00","NZD","1760215508","23477/2025-12-04/1760215508.json"
"365170","146153","2025-12-04","48.00","NZD","1760215508","23477/2025-12-04/1760215508.json"
"510807","146155","2025-12-04","52.00","NZD","1760215508","23477/2025-12-04/1760215508.json"
"581513","221281","2025-12-06","36.00","NZD","1760215508","23477/2025-12-06/1760215508.json"
"581514","221282","2025-12-06","36.00","NZD","1760215508","23477/2025-12-06/1760215508.json"
"512557","146154","2025-12-06","45.00","NZD","1760215508","23477/2025-12-06/1760215508.json"
"365170","146153","2025-12-06","48.00","NZD","1760215508","23477/2025-12-06/1760215508.json"
"510807","146155","2025-12-06","52.00","NZD","1760215508","23477/2025-12-06/1760215508.json"
"581513","221281","2025-12-07","36.00","NZD","1760215508","23477/2025-12-07/1760215508.json"
"581514","221282","2025-12-07","36.00","NZD","1760215508","23477/2025-12-07/1760215508.json"
"512557","146154","2025-12-07","45.00","NZD","1760215508","23477/2025-12-07/1760215508.json"
"365170","146153","2025-12-07","48.00","NZD","1760215508","23477/2025-12-07/1760215508.json"
"510807","146155","2025-12-07","52.00","NZD","1760215508","23477/2025-12-07/1760215508.json"
"581513","221281","2025-12-08","36.00","NZD","1760215508","23477/2025-12-08/1760215508.json"
"581514","221282","2025-12-08","36.00","NZD","1760215508","23477/2025-12-08/1760215508.json"
"512557","146154","2025-12-08","45.00","NZD","1760215508","23477/2025-12-08/1760215508.json"
"365170","146153","2025-12-08","48.00","NZD","1760215508","23477/2025-12-08/1760215508.json"
"510807","146155","2025-12-08","52.00","NZD","1760215508","23477/2025-12-08/1760215508.json"
"581513","221281","2025-12-05","36.00","NZD","1760215508","23477/2025-12-05/1760215508.json"
"581514","221282","2025-12-05","36.00","NZD","1760215508","23477/2025-12-05/1760215508.json"
"512557","146154","2025-12-05","45.00","NZD","1760215508","23477/2025-12-05/1760215508.json"
"365170","146153","2025-12-05","48.00","NZD","1760215508","23477/2025-12-05/1760215508.json"
"510807","146155","2025-12-05","52.00","NZD","1760215508","23477/2025-12-05/1760215508.json"
"581513","221281","2025-12-10","36.00","NZD","1760215508","23477/2025-12-10/1760215508.json"
"581514","221282","2025-12-10","36.00","NZD","1760215508","23477/2025-12-10/1760215508.json"
"512557","146154","2025-12-10","45.00","NZD","1760215508","23477/2025-12-10/1760215508.json"
"365170","146153","2025-12-10","48.00","NZD","1760215508","23477/2025-12-10/1760215508.json"
"510807","146155","2025-12-10","52.00","NZD","1760215508","23477/2025-12-10/1760215508.json"
"581513","221281","2025-12-09","36.00","NZD","1760215508","23477/2025-12-09/1760215508.json"
"581514","221282","2025-12-09","36.00","NZD","1760215508","23477/2025-12-09/1760215508.json"
"512557","146154","2025-12-09","45.00","NZD","1760215508","23477/2025-12-09/1760215508.json"
"365170","146153","2025-12-09","48.00","NZD","1760215508","23477/2025-12-09/1760215508.json"
"510807","146155","2025-12-09","52.00","NZD","1760215508","23477/2025-12-09/1760215508.json"
"581513","221281","2025-10-13","36.00","NZD","1760239618","23477/2025-10-13/1760239618.json"
"581514","221282","2025-10-13","36.00","NZD","1760239618","23477/2025-10-13/1760239618.json"
"512557","146154","2025-10-13","45.00","NZD","1760239618","23477/2025-10-13/1760239618.json"
"365170","146153","2025-10-13","48.00","NZD","1760239618","23477/2025-10-13/1760239618.json"
"510807","146155","2025-10-13","52.00","NZD","1760239618","23477/2025-10-13/1760239618.json"
"581513","221281","2025-10-15","36.00","NZD","1760239618","23477/2025-10-15/1760239618.json"
"581514","221282","2025-10-15","36.00","NZD","1760239618","23477/2025-10-15/1760239618.json"
"512557","146154","2025-10-15","45.00","NZD","1760239618","23477/2025-10-15/1760239618.json"
"365170","146153","2025-10-15","48.00","NZD","1760239618","23477/2025-10-15/1760239618.json"
"510807","146155","2025-10-15","52.00","NZD","1760239618","23477/2025-10-15/1760239618.json"
"581513","221281","2025-10-14","36.00","NZD","1760239618","23477/2025-10-14/1760239618.json"
"581514","221282","2025-10-14","36.00","NZD","1760239618","23477/2025-10-14/1760239618.json"
"512557","146154","2025-10-14","45.00","NZD","1760239618","23477/2025-10-14/1760239618.json"
"365170","146153","2025-10-14","48.00","NZD","1760239618","23477/2025-10-14/1760239618.json"
"510807","146155","2025-10-14","52.00","NZD","1760239618","23477/2025-10-14/1760239618.json"
"581513","221281","2025-10-12","36.00","NZD","1760239618","23477/2025-10-12/1760239618.json"
"581514","221282","2025-10-12","36.00","NZD","1760239618","23477/2025-10-12/1760239618.json"
"512557","146154","2025-10-12","45.00","NZD","1760239618","23477/2025-10-12/1760239618.json"
"365170","146153","2025-10-12","48.00","NZD","1760239618","23477/2025-10-12/1760239618.json"
"510807","146155","2025-10-12","52.00","NZD","1760239618","23477/2025-10-12/1760239618.json"
"581513","221281","2025-10-17","36.00","NZD","1760239618","23477/2025-10-17/1760239618.json"
"581514","221282","2025-10-17","36.00","NZD","1760239618","23477/2025-10-17/1760239618.json"
"512557","146154","2025-10-17","45.00","NZD","1760239618","23477/2025-10-17/1760239618.json"
"365170","146153","2025-10-17","48.00","NZD","1760239618","23477/2025-10-17/1760239618.json"
"510807","146155","2025-10-17","52.00","NZD","1760239618","23477/2025-10-17/1760239618.json"
"581513","221281","2025-10-19","36.00","NZD","1760239618","23477/2025-10-19/1760239618.json"
"581513","221281","2025-10-16","36.00","NZD","1760239618","23477/2025-10-16/1760239618.json"
"581514","221282","2025-10-19","36.00","NZD","1760239618","23477/2025-10-19/1760239618.json"
"581514","221282","2025-10-16","36.00","NZD","1760239618","23477/2025-10-16/1760239618.json"
"512557","146154","2025-10-16","45.00","NZD","1760239618","23477/2025-10-16/1760239618.json"
"512557","146154","2025-10-19","45.00","NZD","1760239618","23477/2025-10-19/1760239618.json"
"365170","146153","2025-10-19","48.00","NZD","1760239618","23477/2025-10-19/1760239618.json"
"365170","146153","2025-10-16","48.00","NZD","1760239618","23477/2025-10-16/1760239618.json"
"510807","146155","2025-10-19","52.00","NZD","1760239618","23477/2025-10-19/1760239618.json"
"510807","146155","2025-10-16","52.00","NZD","1760239618","23477/2025-10-16/1760239618.json"
"581513","221281","2025-10-18","36.00","NZD","1760239618","23477/2025-10-18/1760239618.json"
"581514","221282","2025-10-18","36.00","NZD","1760239618","23477/2025-10-18/1760239618.json"
"512557","146154","2025-10-18","45.00","NZD","1760239618","23477/2025-10-18/1760239618.json"
"365170","146153","2025-10-18","48.00","NZD","1760239618","23477/2025-10-18/1760239618.json"
"510807","146155","2025-10-18","52.00","NZD","1760239618","23477/2025-10-18/1760239618.json"
"581513","221281","2025-10-21","36.00","NZD","1760239618","23477/2025-10-21/1760239618.json"
"581514","221282","2025-10-21","36.00","NZD","1760239618","23477/2025-10-21/1760239618.json"
"512557","146154","2025-10-21","45.00","NZD","1760239618","23477/2025-10-21/1760239618.json"
"365170","146153","2025-10-21","48.00","NZD","1760239618","23477/2025-10-21/1760239618.json"
"510807","146155","2025-10-21","52.00","NZD","1760239618","23477/2025-10-21/1760239618.json"
"581513","221281","2025-10-20","36.00","NZD","1760239618","23477/2025-10-20/1760239618.json"
"581514","221282","2025-10-20","36.00","NZD","1760239618","23477/2025-10-20/1760239618.json"
"512557","146154","2025-10-20","45.00","NZD","1760239618","23477/2025-10-20/1760239618.json"
"365170","146153","2025-10-20","48.00","NZD","1760239618","23477/2025-10-20/1760239618.json"
"510807","146155","2025-10-20","52.00","NZD","1760239618","23477/2025-10-20/1760239618.json"
"581513","221281","2025-10-22","36.00","NZD","1760239618","23477/2025-10-22/1760239618.json"
"581514","221282","2025-10-22","36.00","NZD","1760239618","23477/2025-10-22/1760239618.json"
"512557","146154","2025-10-22","45.00","NZD","1760239618","23477/2025-10-22/1760239618.json"
"365170","146153","2025-10-22","48.00","NZD","1760239618","23477/2025-10-22/1760239618.json"
"510807","146155","2025-10-22","52.00","NZD","1760239618","23477/2025-10-22/1760239618.json"
"581513","221281","2025-10-23","36.00","NZD","1760239618","23477/2025-10-23/1760239618.json"
"581514","221282","2025-10-23","36.00","NZD","1760239618","23477/2025-10-23/1760239618.json"
"512557","146154","2025-10-23","45.00","NZD","1760239618","23477/2025-10-23/1760239618.json"
"365170","146153","2025-10-23","48.00","NZD","1760239618","23477/2025-10-23/1760239618.json"
"510807","146155","2025-10-23","52.00","NZD","1760239618","23477/2025-10-23/1760239618.json"
"581513","221281","2025-10-24","36.00","NZD","1760239618","23477/2025-10-24/1760239618.json"
"581514","221282","2025-10-24","36.00","NZD","1760239618","23477/2025-10-24/1760239618.json"
"512557","146154","2025-10-24","45.00","NZD","1760239618","23477/2025-10-24/1760239618.json"
"365170","146153","2025-10-24","48.00","NZD","1760239618","23477/2025-10-24/1760239618.json"
"510807","146155","2025-10-24","52.00","NZD","1760239618","23477/2025-10-24/1760239618.json"
"581513","221281","2025-10-25","38.00","NZD","1760239618","23477/2025-10-25/1760239618.json"
"581514","221282","2025-10-25","38.00","NZD","1760239618","23477/2025-10-25/1760239618.json"
"512557","146154","2025-10-25","45.00","NZD","1760239618","23477/2025-10-25/1760239618.json"
"365170","146153","2025-10-25","48.00","NZD","1760239618","23477/2025-10-25/1760239618.json"
"510807","146155","2025-10-25","52.00","NZD","1760239618","23477/2025-10-25/1760239618.json"
"581513","221281","2025-10-26","38.00","NZD","1760239618","23477/2025-10-26/1760239618.json"
"581514","221282","2025-10-26","38.00","NZD","1760239618","23477/2025-10-26/1760239618.json"
"512557","146154","2025-10-26","45.00","NZD","1760239618","23477/2025-10-26/1760239618.json"
"365170","146153","2025-10-26","48.00","NZD","1760239618","23477/2025-10-26/1760239618.json"
"510807","146155","2025-10-26","52.00","NZD","1760239618","23477/2025-10-26/1760239618.json"
"581513","221281","2025-10-28","36.00","NZD","1760239618","23477/2025-10-28/1760239618.json"
"581514","221282","2025-10-28","36.00","NZD","1760239618","23477/2025-10-28/1760239618.json"
"512557","146154","2025-10-28","45.00","NZD","1760239618","23477/2025-10-28/1760239618.json"
"365170","146153","2025-10-28","48.00","NZD","1760239618","23477/2025-10-28/1760239618.json"
"510807","146155","2025-10-28","52.00","NZD","1760239618","23477/2025-10-28/1760239618.json"
"581513","221281","2025-10-27","38.00","NZD","1760239618","23477/2025-10-27/1760239618.json"
"581514","221282","2025-10-27","38.00","NZD","1760239618","23477/2025-10-27/1760239618.json"
"512557","146154","2025-10-27","45.00","NZD","1760239618","23477/2025-10-27/1760239618.json"
"365170","146153","2025-10-27","48.00","NZD","1760239618","23477/2025-10-27/1760239618.json"
"510807","146155","2025-10-27","52.00","NZD","1760239618","23477/2025-10-27/1760239618.json"
"581513","221281","2025-10-29","36.00","NZD","1760239618","23477/2025-10-29/1760239618.json"
"581514","221282","2025-10-29","36.00","NZD","1760239618","23477/2025-10-29/1760239618.json"
"512557","146154","2025-10-29","45.00","NZD","1760239618","23477/2025-10-29/1760239618.json"
"365170","146153","2025-10-29","48.00","NZD","1760239618","23477/2025-10-29/1760239618.json"
"510807","146155","2025-10-29","52.00","NZD","1760239618","23477/2025-10-29/1760239618.json"
"581513","221281","2025-10-30","36.00","NZD","1760239618","23477/2025-10-30/1760239618.json"
"581514","221282","2025-10-30","36.00","NZD","1760239618","23477/2025-10-30/1760239618.json"
"512557","146154","2025-10-30","45.00","NZD","1760239618","23477/2025-10-30/1760239618.json"
"365170","146153","2025-10-30","48.00","NZD","1760239618","23477/2025-10-30/1760239618.json"
"510807","146155","2025-10-30","52.00","NZD","1760239618","23477/2025-10-30/1760239618.json"
"581513","221281","2025-10-31","36.00","NZD","1760239618","23477/2025-10-31/1760239618.json"
"581514","221282","2025-10-31","36.00","NZD","1760239618","23477/2025-10-31/1760239618.json"
"512557","146154","2025-10-31","45.00","NZD","1760239618","23477/2025-10-31/1760239618.json"
"365170","146153","2025-10-31","48.00","NZD","1760239618","23477/2025-10-31/1760239618.json"
"510807","146155","2025-10-31","52.00","NZD","1760239618","23477/2025-10-31/1760239618.json"
"581513","221281","2025-11-01","36.00","NZD","1760239618","23477/2025-11-01/1760239618.json"
"581514","221282","2025-11-01","36.00","NZD","1760239618","23477/2025-11-01/1760239618.json"
"512557","146154","2025-11-01","45.00","NZD","1760239618","23477/2025-11-01/1760239618.json"
"365170","146153","2025-11-01","48.00","NZD","1760239618","23477/2025-11-01/1760239618.json"
"510807","146155","2025-11-01","52.00","NZD","1760239618","23477/2025-11-01/1760239618.json"
"581513","221281","2025-11-03","36.00","NZD","1760239618","23477/2025-11-03/1760239618.json"
"581514","221282","2025-11-03","36.00","NZD","1760239618","23477/2025-11-03/1760239618.json"
"512557","146154","2025-11-03","45.00","NZD","1760239618","23477/2025-11-03/1760239618.json"
"365170","146153","2025-11-03","48.00","NZD","1760239618","23477/2025-11-03/1760239618.json"
"510807","146155","2025-11-03","52.00","NZD","1760239618","23477/2025-11-03/1760239618.json"
"581513","221281","2025-11-02","36.00","NZD","1760239618","23477/2025-11-02/1760239618.json"
"581514","221282","2025-11-02","36.00","NZD","1760239618","23477/2025-11-02/1760239618.json"
"512557","146154","2025-11-02","45.00","NZD","1760239618","23477/2025-11-02/1760239618.json"
"365170","146153","2025-11-02","48.00","NZD","1760239618","23477/2025-11-02/1760239618.json"
"510807","146155","2025-11-02","52.00","NZD","1760239618","23477/2025-11-02/1760239618.json"
"581513","221281","2025-11-04","36.00","NZD","1760239618","23477/2025-11-04/1760239618.json"
"581514","221282","2025-11-04","36.00","NZD","1760239618","23477/2025-11-04/1760239618.json"
"512557","146154","2025-11-04","45.00","NZD","1760239618","23477/2025-11-04/1760239618.json"
"365170","146153","2025-11-04","48.00","NZD","1760239618","23477/2025-11-04/1760239618.json"
"510807","146155","2025-11-04","52.00","NZD","1760239618","23477/2025-11-04/1760239618.json"
"581513","221281","2025-11-05","36.00","NZD","1760239618","23477/2025-11-05/1760239618.json"
"581514","221282","2025-11-05","36.00","NZD","1760239618","23477/2025-11-05/1760239618.json"
"512557","146154","2025-11-05","45.00","NZD","1760239618","23477/2025-11-05/1760239618.json"
"365170","146153","2025-11-05","48.00","NZD","1760239618","23477/2025-11-05/1760239618.json"
"510807","146155","2025-11-05","52.00","NZD","1760239618","23477/2025-11-05/1760239618.json"
"581513","221281","2025-11-07","36.00","NZD","1760239618","23477/2025-11-07/1760239618.json"
"581514","221282","2025-11-07","36.00","NZD","1760239618","23477/2025-11-07/1760239618.json"
"512557","146154","2025-11-07","45.00","NZD","1760239618","23477/2025-11-07/1760239618.json"
"365170","146153","2025-11-07","48.00","NZD","1760239618","23477/2025-11-07/1760239618.json"
"510807","146155","2025-11-07","52.00","NZD","1760239618","23477/2025-11-07/1760239618.json"
"581513","221281","2025-11-06","36.00","NZD","1760239618","23477/2025-11-06/1760239618.json"
"581514","221282","2025-11-06","36.00","NZD","1760239618","23477/2025-11-06/1760239618.json"
"512557","146154","2025-11-06","45.00","NZD","1760239618","23477/2025-11-06/1760239618.json"
"365170","146153","2025-11-06","48.00","NZD","1760239618","23477/2025-11-06/1760239618.json"
"510807","146155","2025-11-06","52.00","NZD","1760239618","23477/2025-11-06/1760239618.json"
"581513","221281","2025-11-08","36.00","NZD","1760239618","23477/2025-11-08/1760239618.json"
"581514","221282","2025-11-08","36.00","NZD","1760239618","23477/2025-11-08/1760239618.json"
"512557","146154","2025-11-08","45.00","NZD","1760239618","23477/2025-11-08/1760239618.json"
"365170","146153","2025-11-08","48.00","NZD","1760239618","23477/2025-11-08/1760239618.json"
"510807","146155","2025-11-08","52.00","NZD","1760239618","23477/2025-11-08/1760239618.json"
"581513","221281","2025-11-10","36.00","NZD","1760239618","23477/2025-11-10/1760239618.json"
"581514","221282","2025-11-10","36.00","NZD","1760239618","23477/2025-11-10/1760239618.json"
"512557","146154","2025-11-10","45.00","NZD","1760239618","23477/2025-11-10/1760239618.json"
"365170","146153","2025-11-10","48.00","NZD","1760239618","23477/2025-11-10/1760239618.json"
"510807","146155","2025-11-10","52.00","NZD","1760239618","23477/2025-11-10/1760239618.json"
"581513","221281","2025-11-09","36.00","NZD","1760239618","23477/2025-11-09/1760239618.json"
"581514","221282","2025-11-09","36.00","NZD","1760239618","23477/2025-11-09/1760239618.json"
"512557","146154","2025-11-09","45.00","NZD","1760239618","23477/2025-11-09/1760239618.json"
"365170","146153","2025-11-09","48.00","NZD","1760239618","23477/2025-11-09/1760239618.json"
"510807","146155","2025-11-09","52.00","NZD","1760239618","23477/2025-11-09/1760239618.json"
"581513","221281","2025-11-11","36.00","NZD","1760239618","23477/2025-11-11/1760239618.json"
"581514","221282","2025-11-11","36.00","NZD","1760239618","23477/2025-11-11/1760239618.json"
"512557","146154","2025-11-11","45.00","NZD","1760239618","23477/2025-11-11/1760239618.json"
"365170","146153","2025-11-11","48.00","NZD","1760239618","23477/2025-11-11/1760239618.json"
"510807","146155","2025-11-11","52.00","NZD","1760239618","23477/2025-11-11/1760239618.json"
"581513","221281","2025-11-12","36.00","NZD","1760239618","23477/2025-11-12/1760239618.json"
"581514","221282","2025-11-12","36.00","NZD","1760239618","23477/2025-11-12/1760239618.json"
"512557","146154","2025-11-12","45.00","NZD","1760239618","23477/2025-11-12/1760239618.json"
"365170","146153","2025-11-12","48.00","NZD","1760239618","23477/2025-11-12/1760239618.json"
"510807","146155","2025-11-12","52.00","NZD","1760239618","23477/2025-11-12/1760239618.json"
"581513","221281","2025-11-13","36.00","NZD","1760239618","23477/2025-11-13/1760239618.json"
"581514","221282","2025-11-13","36.00","NZD","1760239618","23477/2025-11-13/1760239618.json"
"512557","146154","2025-11-13","45.00","NZD","1760239618","23477/2025-11-13/1760239618.json"
"365170","146153","2025-11-13","48.00","NZD","1760239618","23477/2025-11-13/1760239618.json"
"510807","146155","2025-11-13","52.00","NZD","1760239618","23477/2025-11-13/1760239618.json"
"581513","221281","2025-11-15","36.00","NZD","1760239618","23477/2025-11-15/1760239618.json"
"581514","221282","2025-11-15","36.00","NZD","1760239618","23477/2025-11-15/1760239618.json"
"512557","146154","2025-11-15","45.00","NZD","1760239618","23477/2025-11-15/1760239618.json"
"365170","146153","2025-11-15","48.00","NZD","1760239618","23477/2025-11-15/1760239618.json"
"510807","146155","2025-11-15","52.00","NZD","1760239618","23477/2025-11-15/1760239618.json"
"581513","221281","2025-11-16","36.00","NZD","1760239618","23477/2025-11-16/1760239618.json"
"581514","221282","2025-11-16","36.00","NZD","1760239618","23477/2025-11-16/1760239618.json"
"512557","146154","2025-11-16","45.00","NZD","1760239618","23477/2025-11-16/1760239618.json"
"365170","146153","2025-11-16","48.00","NZD","1760239618","23477/2025-11-16/1760239618.json"
"510807","146155","2025-11-16","52.00","NZD","1760239618","23477/2025-11-16/1760239618.json"
"581513","221281","2025-11-14","36.00","NZD","1760239618","23477/2025-11-14/1760239618.json"
"581514","221282","2025-11-14","36.00","NZD","1760239618","23477/2025-11-14/1760239618.json"
"512557","146154","2025-11-14","45.00","NZD","1760239618","23477/2025-11-14/1760239618.json"
"365170","146153","2025-11-14","48.00","NZD","1760239618","23477/2025-11-14/1760239618.json"
"510807","146155","2025-11-14","52.00","NZD","1760239618","23477/2025-11-14/1760239618.json"
"581513","221281","2025-11-17","36.00","NZD","1760239618","23477/2025-11-17/1760239618.json"
"581514","221282","2025-11-17","36.00","NZD","1760239618","23477/2025-11-17/1760239618.json"
"512557","146154","2025-11-17","45.00","NZD","1760239618","23477/2025-11-17/1760239618.json"
"365170","146153","2025-11-17","48.00","NZD","1760239618","23477/2025-11-17/1760239618.json"
"510807","146155","2025-11-17","52.00","NZD","1760239618","23477/2025-11-17/1760239618.json"
"581513","221281","2025-11-18","36.00","NZD","1760239618","23477/2025-11-18/1760239618.json"
"581514","221282","2025-11-18","36.00","NZD","1760239618","23477/2025-11-18/1760239618.json"
"512557","146154","2025-11-18","45.00","NZD","1760239618","23477/2025-11-18/1760239618.json"
"365170","146153","2025-11-18","48.00","NZD","1760239618","23477/2025-11-18/1760239618.json"
"510807","146155","2025-11-18","52.00","NZD","1760239618","23477/2025-11-18/1760239618.json"
"581513","221281","2025-11-19","36.00","NZD","1760239618","23477/2025-11-19/1760239618.json"
"581514","221282","2025-11-19","36.00","NZD","1760239618","23477/2025-11-19/1760239618.json"
"512557","146154","2025-11-19","45.00","NZD","1760239618","23477/2025-11-19/1760239618.json"
"365170","146153","2025-11-19","48.00","NZD","1760239618","23477/2025-11-19/1760239618.json"
"510807","146155","2025-11-19","52.00","NZD","1760239618","23477/2025-11-19/1760239618.json"
"581513","221281","2025-11-20","36.00","NZD","1760239618","23477/2025-11-20/1760239618.json"
"581514","221282","2025-11-20","36.00","NZD","1760239618","23477/2025-11-20/1760239618.json"
"512557","146154","2025-11-20","45.00","NZD","1760239618","23477/2025-11-20/1760239618.json"
"581513","221281","2025-11-22","36.00","NZD","1760239618","23477/2025-11-22/1760239618.json"
"581514","221282","2025-11-22","36.00","NZD","1760239618","23477/2025-11-22/1760239618.json"
"512557","146154","2025-11-22","45.00","NZD","1760239618","23477/2025-11-22/1760239618.json"
"365170","146153","2025-11-22","48.00","NZD","1760239618","23477/2025-11-22/1760239618.json"
"510807","146155","2025-11-22","52.00","NZD","1760239618","23477/2025-11-22/1760239618.json"
"581513","221281","2025-11-21","36.00","NZD","1760239618","23477/2025-11-21/1760239618.json"
"581514","221282","2025-11-21","36.00","NZD","1760239618","23477/2025-11-21/1760239618.json"
"512557","146154","2025-11-21","45.00","NZD","1760239618","23477/2025-11-21/1760239618.json"
"365170","146153","2025-11-21","48.00","NZD","1760239618","23477/2025-11-21/1760239618.json"
"510807","146155","2025-11-21","52.00","NZD","1760239618","23477/2025-11-21/1760239618.json"
"581513","221281","2025-11-23","36.00","NZD","1760239618","23477/2025-11-23/1760239618.json"
"581514","221282","2025-11-23","36.00","NZD","1760239618","23477/2025-11-23/1760239618.json"
"512557","146154","2025-11-23","45.00","NZD","1760239618","23477/2025-11-23/1760239618.json"
"365170","146153","2025-11-23","48.00","NZD","1760239618","23477/2025-11-23/1760239618.json"
"510807","146155","2025-11-23","52.00","NZD","1760239618","23477/2025-11-23/1760239618.json"
"581513","221281","2025-11-24","36.00","NZD","1760239618","23477/2025-11-24/1760239618.json"
"581514","221282","2025-11-24","36.00","NZD","1760239618","23477/2025-11-24/1760239618.json"
"512557","146154","2025-11-24","45.00","NZD","1760239618","23477/2025-11-24/1760239618.json"
"365170","146153","2025-11-24","48.00","NZD","1760239618","23477/2025-11-24/1760239618.json"
"510807","146155","2025-11-24","52.00","NZD","1760239618","23477/2025-11-24/1760239618.json"
"581513","221281","2025-11-25","36.00","NZD","1760239618","23477/2025-11-25/1760239618.json"
"581514","221282","2025-11-25","36.00","NZD","1760239618","23477/2025-11-25/1760239618.json"
"512557","146154","2025-11-25","45.00","NZD","1760239618","23477/2025-11-25/1760239618.json"
"365170","146153","2025-11-25","48.00","NZD","1760239618","23477/2025-11-25/1760239618.json"
"510807","146155","2025-11-25","52.00","NZD","1760239618","23477/2025-11-25/1760239618.json"
"581513","221281","2025-11-27","36.00","NZD","1760239618","23477/2025-11-27/1760239618.json"
"581514","221282","2025-11-27","36.00","NZD","1760239618","23477/2025-11-27/1760239618.json"
"512557","146154","2025-11-27","45.00","NZD","1760239618","23477/2025-11-27/1760239618.json"
"365170","146153","2025-11-27","48.00","NZD","1760239618","23477/2025-11-27/1760239618.json"
"510807","146155","2025-11-27","52.00","NZD","1760239618","23477/2025-11-27/1760239618.json"
"581513","221281","2025-11-26","36.00","NZD","1760239618","23477/2025-11-26/1760239618.json"
"581514","221282","2025-11-26","36.00","NZD","1760239618","23477/2025-11-26/1760239618.json"
"512557","146154","2025-11-26","45.00","NZD","1760239618","23477/2025-11-26/1760239618.json"
"365170","146153","2025-11-26","48.00","NZD","1760239618","23477/2025-11-26/1760239618.json"
"510807","146155","2025-11-26","52.00","NZD","1760239618","23477/2025-11-26/1760239618.json"
"581513","221281","2025-11-28","36.00","NZD","1760239618","23477/2025-11-28/1760239618.json"
"581514","221282","2025-11-28","36.00","NZD","1760239618","23477/2025-11-28/1760239618.json"
"512557","146154","2025-11-28","45.00","NZD","1760239618","23477/2025-11-28/1760239618.json"
"365170","146153","2025-11-28","48.00","NZD","1760239618","23477/2025-11-28/1760239618.json"
"510807","146155","2025-11-28","52.00","NZD","1760239618","23477/2025-11-28/1760239618.json"
"581513","221281","2025-11-29","36.00","NZD","1760239618","23477/2025-11-29/1760239618.json"
"581514","221282","2025-11-29","36.00","NZD","1760239618","23477/2025-11-29/1760239618.json"
"512557","146154","2025-11-29","45.00","NZD","1760239618","23477/2025-11-29/1760239618.json"
"365170","146153","2025-11-29","48.00","NZD","1760239618","23477/2025-11-29/1760239618.json"
"510807","146155","2025-11-29","52.00","NZD","1760239618","23477/2025-11-29/1760239618.json"
"581513","221281","2025-11-30","36.00","NZD","1760239618","23477/2025-11-30/1760239618.json"
"581514","221282","2025-11-30","36.00","NZD","1760239618","23477/2025-11-30/1760239618.json"
"512557","146154","2025-11-30","45.00","NZD","1760239618","23477/2025-11-30/1760239618.json"
"365170","146153","2025-11-30","48.00","NZD","1760239618","23477/2025-11-30/1760239618.json"
"510807","146155","2025-11-30","52.00","NZD","1760239618","23477/2025-11-30/1760239618.json"
"581513","221281","2025-12-02","36.00","NZD","1760239618","23477/2025-12-02/1760239618.json"
"581514","221282","2025-12-02","36.00","NZD","1760239618","23477/2025-12-02/1760239618.json"
"512557","146154","2025-12-02","45.00","NZD","1760239618","23477/2025-12-02/1760239618.json"
"365170","146153","2025-12-02","48.00","NZD","1760239618","23477/2025-12-02/1760239618.json"
"510807","146155","2025-12-02","52.00","NZD","1760239618","23477/2025-12-02/1760239618.json"
"581513","221281","2025-12-01","36.00","NZD","1760239618","23477/2025-12-01/1760239618.json"
"581514","221282","2025-12-01","36.00","NZD","1760239618","23477/2025-12-01/1760239618.json"
"512557","146154","2025-12-01","45.00","NZD","1760239618","23477/2025-12-01/1760239618.json"
"365170","146153","2025-12-01","48.00","NZD","1760239618","23477/2025-12-01/1760239618.json"
"510807","146155","2025-12-01","52.00","NZD","1760239618","23477/2025-12-01/1760239618.json"
"581513","221281","2025-12-03","36.00","NZD","1760239618","23477/2025-12-03/1760239618.json"
"581514","221282","2025-12-03","36.00","NZD","1760239618","23477/2025-12-03/1760239618.json"
"512557","146154","2025-12-03","45.00","NZD","1760239618","23477/2025-12-03/1760239618.json"
"365170","146153","2025-12-03","48.00","NZD","1760239618","23477/2025-12-03/1760239618.json"
"510807","146155","2025-12-03","52.00","NZD","1760239618","23477/2025-12-03/1760239618.json"
"581513","221281","2025-12-04","36.00","NZD","1760239618","23477/2025-12-04/1760239618.json"
"581514","221282","2025-12-04","36.00","NZD","1760239618","23477/2025-12-04/1760239618.json"
"512557","146154","2025-12-04","45.00","NZD","1760239618","23477/2025-12-04/1760239618.json"
"365170","146153","2025-12-04","48.00","NZD","1760239618","23477/2025-12-04/1760239618.json"
"510807","146155","2025-12-04","52.00","NZD","1760239618","23477/2025-12-04/1760239618.json"
"581513","221281","2025-12-05","36.00","NZD","1760239618","23477/2025-12-05/1760239618.json"
"581514","221282","2025-12-05","36.00","NZD","1760239618","23477/2025-12-05/1760239618.json"
"512557","146154","2025-12-05","45.00","NZD","1760239618","23477/2025-12-05/1760239618.json"
"365170","146153","2025-12-05","48.00","NZD","1760239618","23477/2025-12-05/1760239618.json"
"510807","146155","2025-12-05","52.00","NZD","1760239618","23477/2025-12-05/1760239618.json"
"581513","221281","2025-12-06","36.00","NZD","1760239618","23477/2025-12-06/1760239618.json"
"581514","221282","2025-12-06","36.00","NZD","1760239618","23477/2025-12-06/1760239618.json"
"512557","146154","2025-12-06","45.00","NZD","1760239618","23477/2025-12-06/1760239618.json"
"365170","146153","2025-12-06","48.00","NZD","1760239618","23477/2025-12-06/1760239618.json"
"510807","146155","2025-12-06","52.00","NZD","1760239618","23477/2025-12-06/1760239618.json"
"581513","221281","2025-12-07","36.00","NZD","1760239618","23477/2025-12-07/1760239618.json"
"581514","221282","2025-12-07","36.00","NZD","1760239618","23477/2025-12-07/1760239618.json"
"512557","146154","2025-12-07","45.00","NZD","1760239618","23477/2025-12-07/1760239618.json"
"365170","146153","2025-12-07","48.00","NZD","1760239618","23477/2025-12-07/1760239618.json"
"510807","146155","2025-12-07","52.00","NZD","1760239618","23477/2025-12-07/1760239618.json"
"581513","221281","2025-12-09","36.00","NZD","1760239618","23477/2025-12-09/1760239618.json"
"581514","221282","2025-12-09","36.00","NZD","1760239618","23477/2025-12-09/1760239618.json"
"512557","146154","2025-12-09","45.00","NZD","1760239618","23477/2025-12-09/1760239618.json"
"365170","146153","2025-12-09","48.00","NZD","1760239618","23477/2025-12-09/1760239618.json"
"510807","146155","2025-12-09","52.00","NZD","1760239618","23477/2025-12-09/1760239618.json"
"581513","221281","2025-12-08","36.00","NZD","1760239618","23477/2025-12-08/1760239618.json"
"581514","221282","2025-12-08","36.00","NZD","1760239618","23477/2025-12-08/1760239618.json"
"512557","146154","2025-12-08","45.00","NZD","1760239618","23477/2025-12-08/1760239618.json"
"365170","146153","2025-12-08","48.00","NZD","1760239618","23477/2025-12-08/1760239618.json"
"510807","146155","2025-12-08","52.00","NZD","1760239618","23477/2025-12-08/1760239618.json"
"581513","221281","2025-12-10","36.00","NZD","1760239618","23477/2025-12-10/1760239618.json"
"581514","221282","2025-12-10","36.00","NZD","1760239618","23477/2025-12-10/1760239618.json"
"512557","146154","2025-12-10","45.00","NZD","1760239618","23477/2025-12-10/1760239618.json"
"365170","146153","2025-12-10","48.00","NZD","1760239618","23477/2025-12-10/1760239618.json"
"510807","146155","2025-12-10","52.00","NZD","1760239618","23477/2025-12-10/1760239618.json"
"581513","221281","2025-12-11","36.00","NZD","1760239618","23477/2025-12-11/1760239618.json"
"581514","221282","2025-12-11","36.00","NZD","1760239618","23477/2025-12-11/1760239618.json"
"512557","146154","2025-12-11","45.00","NZD","1760239618","23477/2025-12-11/1760239618.json"
"365170","146153","2025-12-11","48.00","NZD","1760239618","23477/2025-12-11/1760239618.json"
"510807","146155","2025-12-11","52.00","NZD","1760239618","23477/2025-12-11/1760239618.json"
"581513","221281","2025-10-13","36.00","NZD","1760244762","23477/2025-10-13/1760244762.json"
"581514","221282","2025-10-13","36.00","NZD","1760244762","23477/2025-10-13/1760244762.json"
"512557","146154","2025-10-13","45.00","NZD","1760244762","23477/2025-10-13/1760244762.json"
"365170","146153","2025-10-13","48.00","NZD","1760244762","23477/2025-10-13/1760244762.json"
"510807","146155","2025-10-13","52.00","NZD","1760244762","23477/2025-10-13/1760244762.json"
"581513","221281","2025-10-15","36.00","NZD","1760244762","23477/2025-10-15/1760244762.json"
"581514","221282","2025-10-15","36.00","NZD","1760244762","23477/2025-10-15/1760244762.json"
"512557","146154","2025-10-15","45.00","NZD","1760244762","23477/2025-10-15/1760244762.json"
"365170","146153","2025-10-15","48.00","NZD","1760244762","23477/2025-10-15/1760244762.json"
"510807","146155","2025-10-15","52.00","NZD","1760244762","23477/2025-10-15/1760244762.json"
"581513","221281","2025-10-14","36.00","NZD","1760244762","23477/2025-10-14/1760244762.json"
"581514","221282","2025-10-14","36.00","NZD","1760244762","23477/2025-10-14/1760244762.json"
"512557","146154","2025-10-14","45.00","NZD","1760244762","23477/2025-10-14/1760244762.json"
"365170","146153","2025-10-14","48.00","NZD","1760244762","23477/2025-10-14/1760244762.json"
"510807","146155","2025-10-14","52.00","NZD","1760244762","23477/2025-10-14/1760244762.json"
"581513","221281","2025-10-12","36.00","NZD","1760244762","23477/2025-10-12/1760244762.json"
"581514","221282","2025-10-12","36.00","NZD","1760244762","23477/2025-10-12/1760244762.json"
"512557","146154","2025-10-12","45.00","NZD","1760244762","23477/2025-10-12/1760244762.json"
"365170","146153","2025-10-12","48.00","NZD","1760244762","23477/2025-10-12/1760244762.json"
"510807","146155","2025-10-12","52.00","NZD","1760244762","23477/2025-10-12/1760244762.json"
"581513","221281","2025-10-16","36.00","NZD","1760244762","23477/2025-10-16/1760244762.json"
"581514","221282","2025-10-16","36.00","NZD","1760244762","23477/2025-10-16/1760244762.json"
"512557","146154","2025-10-16","45.00","NZD","1760244762","23477/2025-10-16/1760244762.json"
"365170","146153","2025-10-16","48.00","NZD","1760244762","23477/2025-10-16/1760244762.json"
"510807","146155","2025-10-16","52.00","NZD","1760244762","23477/2025-10-16/1760244762.json"
"581513","221281","2025-10-17","36.00","NZD","1760244762","23477/2025-10-17/1760244762.json"
"581514","221282","2025-10-17","36.00","NZD","1760244762","23477/2025-10-17/1760244762.json"
"512557","146154","2025-10-17","45.00","NZD","1760244762","23477/2025-10-17/1760244762.json"
"365170","146153","2025-10-17","48.00","NZD","1760244762","23477/2025-10-17/1760244762.json"
"510807","146155","2025-10-17","52.00","NZD","1760244762","23477/2025-10-17/1760244762.json"
"581513","221281","2025-10-18","36.00","NZD","1760244762","23477/2025-10-18/1760244762.json"
"581514","221282","2025-10-18","36.00","NZD","1760244762","23477/2025-10-18/1760244762.json"
"512557","146154","2025-10-18","45.00","NZD","1760244762","23477/2025-10-18/1760244762.json"
"365170","146153","2025-10-18","48.00","NZD","1760244762","23477/2025-10-18/1760244762.json"
"510807","146155","2025-10-18","52.00","NZD","1760244762","23477/2025-10-18/1760244762.json"
"581513","221281","2025-10-19","36.00","NZD","1760244762","23477/2025-10-19/1760244762.json"
"581514","221282","2025-10-19","36.00","NZD","1760244762","23477/2025-10-19/1760244762.json"
"512557","146154","2025-10-19","45.00","NZD","1760244762","23477/2025-10-19/1760244762.json"
"365170","146153","2025-10-19","48.00","NZD","1760244762","23477/2025-10-19/1760244762.json"
"510807","146155","2025-10-19","52.00","NZD","1760244762","23477/2025-10-19/1760244762.json"
"581513","221281","2025-10-20","36.00","NZD","1760244762","23477/2025-10-20/1760244762.json"
"581514","221282","2025-10-20","36.00","NZD","1760244762","23477/2025-10-20/1760244762.json"
"512557","146154","2025-10-20","45.00","NZD","1760244762","23477/2025-10-20/1760244762.json"
"365170","146153","2025-10-20","48.00","NZD","1760244762","23477/2025-10-20/1760244762.json"
"510807","146155","2025-10-20","52.00","NZD","1760244762","23477/2025-10-20/1760244762.json"
"581513","221281","2025-10-21","36.00","NZD","1760244762","23477/2025-10-21/1760244762.json"
"581514","221282","2025-10-21","36.00","NZD","1760244762","23477/2025-10-21/1760244762.json"
"512557","146154","2025-10-21","45.00","NZD","1760244762","23477/2025-10-21/1760244762.json"
"365170","146153","2025-10-21","48.00","NZD","1760244762","23477/2025-10-21/1760244762.json"
"510807","146155","2025-10-21","52.00","NZD","1760244762","23477/2025-10-21/1760244762.json"
"581513","221281","2025-10-23","36.00","NZD","1760244762","23477/2025-10-23/1760244762.json"
"581514","221282","2025-10-23","36.00","NZD","1760244762","23477/2025-10-23/1760244762.json"
"512557","146154","2025-10-23","45.00","NZD","1760244762","23477/2025-10-23/1760244762.json"
"365170","146153","2025-10-23","48.00","NZD","1760244762","23477/2025-10-23/1760244762.json"
"510807","146155","2025-10-23","52.00","NZD","1760244762","23477/2025-10-23/1760244762.json"
"581513","221281","2025-10-22","36.00","NZD","1760244762","23477/2025-10-22/1760244762.json"
"581514","221282","2025-10-22","36.00","NZD","1760244762","23477/2025-10-22/1760244762.json"
"512557","146154","2025-10-22","45.00","NZD","1760244762","23477/2025-10-22/1760244762.json"
"365170","146153","2025-10-22","48.00","NZD","1760244762","23477/2025-10-22/1760244762.json"
"510807","146155","2025-10-22","52.00","NZD","1760244762","23477/2025-10-22/1760244762.json"
"581513","221281","2025-10-24","36.00","NZD","1760244762","23477/2025-10-24/1760244762.json"
"581514","221282","2025-10-24","36.00","NZD","1760244762","23477/2025-10-24/1760244762.json"
"512557","146154","2025-10-24","45.00","NZD","1760244762","23477/2025-10-24/1760244762.json"
"365170","146153","2025-10-24","48.00","NZD","1760244762","23477/2025-10-24/1760244762.json"
"510807","146155","2025-10-24","52.00","NZD","1760244762","23477/2025-10-24/1760244762.json"
"581513","221281","2025-10-25","38.00","NZD","1760244762","23477/2025-10-25/1760244762.json"
"581514","221282","2025-10-25","38.00","NZD","1760244762","23477/2025-10-25/1760244762.json"
"512557","146154","2025-10-25","45.00","NZD","1760244762","23477/2025-10-25/1760244762.json"
"365170","146153","2025-10-25","48.00","NZD","1760244762","23477/2025-10-25/1760244762.json"
"510807","146155","2025-10-25","52.00","NZD","1760244762","23477/2025-10-25/1760244762.json"
"581513","221281","2025-10-26","38.00","NZD","1760244762","23477/2025-10-26/1760244762.json"
"581514","221282","2025-10-26","38.00","NZD","1760244762","23477/2025-10-26/1760244762.json"
"512557","146154","2025-10-26","45.00","NZD","1760244762","23477/2025-10-26/1760244762.json"
"365170","146153","2025-10-26","48.00","NZD","1760244762","23477/2025-10-26/1760244762.json"
"510807","146155","2025-10-26","52.00","NZD","1760244762","23477/2025-10-26/1760244762.json"
"581513","221281","2025-10-27","38.00","NZD","1760244762","23477/2025-10-27/1760244762.json"
"581514","221282","2025-10-27","38.00","NZD","1760244762","23477/2025-10-27/1760244762.json"
"512557","146154","2025-10-27","45.00","NZD","1760244762","23477/2025-10-27/1760244762.json"
"365170","146153","2025-10-27","48.00","NZD","1760244762","23477/2025-10-27/1760244762.json"
"510807","146155","2025-10-27","52.00","NZD","1760244762","23477/2025-10-27/1760244762.json"
"581513","221281","2025-10-28","36.00","NZD","1760244762","23477/2025-10-28/1760244762.json"
"581514","221282","2025-10-28","36.00","NZD","1760244762","23477/2025-10-28/1760244762.json"
"512557","146154","2025-10-28","45.00","NZD","1760244762","23477/2025-10-28/1760244762.json"
"365170","146153","2025-10-28","48.00","NZD","1760244762","23477/2025-10-28/1760244762.json"
"510807","146155","2025-10-28","52.00","NZD","1760244762","23477/2025-10-28/1760244762.json"
"581513","221281","2025-10-29","36.00","NZD","1760244762","23477/2025-10-29/1760244762.json"
"581514","221282","2025-10-29","36.00","NZD","1760244762","23477/2025-10-29/1760244762.json"
"512557","146154","2025-10-29","45.00","NZD","1760244762","23477/2025-10-29/1760244762.json"
"365170","146153","2025-10-29","48.00","NZD","1760244762","23477/2025-10-29/1760244762.json"
"510807","146155","2025-10-29","52.00","NZD","1760244762","23477/2025-10-29/1760244762.json"
"581513","221281","2025-10-30","36.00","NZD","1760244762","23477/2025-10-30/1760244762.json"
"581514","221282","2025-10-30","36.00","NZD","1760244762","23477/2025-10-30/1760244762.json"
"512557","146154","2025-10-30","45.00","NZD","1760244762","23477/2025-10-30/1760244762.json"
"365170","146153","2025-10-30","48.00","NZD","1760244762","23477/2025-10-30/1760244762.json"
"510807","146155","2025-10-30","52.00","NZD","1760244762","23477/2025-10-30/1760244762.json"
"581513","221281","2025-10-31","36.00","NZD","1760244762","23477/2025-10-31/1760244762.json"
"581514","221282","2025-10-31","36.00","NZD","1760244762","23477/2025-10-31/1760244762.json"
"512557","146154","2025-10-31","45.00","NZD","1760244762","23477/2025-10-31/1760244762.json"
"365170","146153","2025-10-31","48.00","NZD","1760244762","23477/2025-10-31/1760244762.json"
"510807","146155","2025-10-31","52.00","NZD","1760244762","23477/2025-10-31/1760244762.json"
"581513","221281","2025-11-01","36.00","NZD","1760244762","23477/2025-11-01/1760244762.json"
"581514","221282","2025-11-01","36.00","NZD","1760244762","23477/2025-11-01/1760244762.json"
"512557","146154","2025-11-01","45.00","NZD","1760244762","23477/2025-11-01/1760244762.json"
"365170","146153","2025-11-01","48.00","NZD","1760244762","23477/2025-11-01/1760244762.json"
"510807","146155","2025-11-01","52.00","NZD","1760244762","23477/2025-11-01/1760244762.json"
"581513","221281","2025-11-02","36.00","NZD","1760244762","23477/2025-11-02/1760244762.json"
"581513","221281","2025-11-03","36.00","NZD","1760244762","23477/2025-11-03/1760244762.json"
"581514","221282","2025-11-02","36.00","NZD","1760244762","23477/2025-11-02/1760244762.json"
"581514","221282","2025-11-03","36.00","NZD","1760244762","23477/2025-11-03/1760244762.json"
"512557","146154","2025-11-03","45.00","NZD","1760244762","23477/2025-11-03/1760244762.json"
"512557","146154","2025-11-02","45.00","NZD","1760244762","23477/2025-11-02/1760244762.json"
"365170","146153","2025-11-03","48.00","NZD","1760244762","23477/2025-11-03/1760244762.json"
"510807","146155","2025-11-03","52.00","NZD","1760244762","23477/2025-11-03/1760244762.json"
"365170","146153","2025-11-02","48.00","NZD","1760244762","23477/2025-11-02/1760244762.json"
"510807","146155","2025-11-02","52.00","NZD","1760244762","23477/2025-11-02/1760244762.json"
"581513","221281","2025-11-04","36.00","NZD","1760244762","23477/2025-11-04/1760244762.json"
"581514","221282","2025-11-04","36.00","NZD","1760244762","23477/2025-11-04/1760244762.json"
"512557","146154","2025-11-04","45.00","NZD","1760244762","23477/2025-11-04/1760244762.json"
"365170","146153","2025-11-04","48.00","NZD","1760244762","23477/2025-11-04/1760244762.json"
"510807","146155","2025-11-04","52.00","NZD","1760244762","23477/2025-11-04/1760244762.json"
"581513","221281","2025-11-05","36.00","NZD","1760244762","23477/2025-11-05/1760244762.json"
"581514","221282","2025-11-05","36.00","NZD","1760244762","23477/2025-11-05/1760244762.json"
"512557","146154","2025-11-05","45.00","NZD","1760244762","23477/2025-11-05/1760244762.json"
"365170","146153","2025-11-05","48.00","NZD","1760244762","23477/2025-11-05/1760244762.json"
"510807","146155","2025-11-05","52.00","NZD","1760244762","23477/2025-11-05/1760244762.json"
"581513","221281","2025-11-07","36.00","NZD","1760244762","23477/2025-11-07/1760244762.json"
"581514","221282","2025-11-07","36.00","NZD","1760244762","23477/2025-11-07/1760244762.json"
"512557","146154","2025-11-07","45.00","NZD","1760244762","23477/2025-11-07/1760244762.json"
"365170","146153","2025-11-07","48.00","NZD","1760244762","23477/2025-11-07/1760244762.json"
"510807","146155","2025-11-07","52.00","NZD","1760244762","23477/2025-11-07/1760244762.json"
"581513","221281","2025-11-09","36.00","NZD","1760244762","23477/2025-11-09/1760244762.json"
"581514","221282","2025-11-09","36.00","NZD","1760244762","23477/2025-11-09/1760244762.json"
"512557","146154","2025-11-09","45.00","NZD","1760244762","23477/2025-11-09/1760244762.json"
"365170","146153","2025-11-09","48.00","NZD","1760244762","23477/2025-11-09/1760244762.json"
"510807","146155","2025-11-09","52.00","NZD","1760244762","23477/2025-11-09/1760244762.json"
"581513","221281","2025-11-10","36.00","NZD","1760244762","23477/2025-11-10/1760244762.json"
"581514","221282","2025-11-10","36.00","NZD","1760244762","23477/2025-11-10/1760244762.json"
"512557","146154","2025-11-10","45.00","NZD","1760244762","23477/2025-11-10/1760244762.json"
"365170","146153","2025-11-10","48.00","NZD","1760244762","23477/2025-11-10/1760244762.json"
"510807","146155","2025-11-10","52.00","NZD","1760244762","23477/2025-11-10/1760244762.json"
"581513","221281","2025-11-11","36.00","NZD","1760244762","23477/2025-11-11/1760244762.json"
"581514","221282","2025-11-11","36.00","NZD","1760244762","23477/2025-11-11/1760244762.json"
"512557","146154","2025-11-11","45.00","NZD","1760244762","23477/2025-11-11/1760244762.json"
"365170","146153","2025-11-11","48.00","NZD","1760244762","23477/2025-11-11/1760244762.json"
"510807","146155","2025-11-11","52.00","NZD","1760244762","23477/2025-11-11/1760244762.json"
"581513","221281","2025-11-12","36.00","NZD","1760244762","23477/2025-11-12/1760244762.json"
"581514","221282","2025-11-12","36.00","NZD","1760244762","23477/2025-11-12/1760244762.json"
"512557","146154","2025-11-12","45.00","NZD","1760244762","23477/2025-11-12/1760244762.json"
"365170","146153","2025-11-12","48.00","NZD","1760244762","23477/2025-11-12/1760244762.json"
"510807","146155","2025-11-12","52.00","NZD","1760244762","23477/2025-11-12/1760244762.json"
"581513","221281","2025-11-13","36.00","NZD","1760244762","23477/2025-11-13/1760244762.json"
"581514","221282","2025-11-13","36.00","NZD","1760244762","23477/2025-11-13/1760244762.json"
"512557","146154","2025-11-13","45.00","NZD","1760244762","23477/2025-11-13/1760244762.json"
"365170","146153","2025-11-13","48.00","NZD","1760244762","23477/2025-11-13/1760244762.json"
"510807","146155","2025-11-13","52.00","NZD","1760244762","23477/2025-11-13/1760244762.json"
"581513","221281","2025-11-14","36.00","NZD","1760244762","23477/2025-11-14/1760244762.json"
"581514","221282","2025-11-14","36.00","NZD","1760244762","23477/2025-11-14/1760244762.json"
"512557","146154","2025-11-14","45.00","NZD","1760244762","23477/2025-11-14/1760244762.json"
"365170","146153","2025-11-14","48.00","NZD","1760244762","23477/2025-11-14/1760244762.json"
"510807","146155","2025-11-14","52.00","NZD","1760244762","23477/2025-11-14/1760244762.json"
"581513","221281","2025-11-15","36.00","NZD","1760244762","23477/2025-11-15/1760244762.json"
"581514","221282","2025-11-15","36.00","NZD","1760244762","23477/2025-11-15/1760244762.json"
"512557","146154","2025-11-15","45.00","NZD","1760244762","23477/2025-11-15/1760244762.json"
"365170","146153","2025-11-15","48.00","NZD","1760244762","23477/2025-11-15/1760244762.json"
"510807","146155","2025-11-15","52.00","NZD","1760244762","23477/2025-11-15/1760244762.json"
"581513","221281","2025-11-16","36.00","NZD","1760244762","23477/2025-11-16/1760244762.json"
"581514","221282","2025-11-16","36.00","NZD","1760244762","23477/2025-11-16/1760244762.json"
"512557","146154","2025-11-16","45.00","NZD","1760244762","23477/2025-11-16/1760244762.json"
"365170","146153","2025-11-16","48.00","NZD","1760244762","23477/2025-11-16/1760244762.json"
"510807","146155","2025-11-16","52.00","NZD","1760244762","23477/2025-11-16/1760244762.json"
"581513","221281","2025-11-17","36.00","NZD","1760244762","23477/2025-11-17/1760244762.json"
"581514","221282","2025-11-17","36.00","NZD","1760244762","23477/2025-11-17/1760244762.json"
"512557","146154","2025-11-17","45.00","NZD","1760244762","23477/2025-11-17/1760244762.json"
"365170","146153","2025-11-17","48.00","NZD","1760244762","23477/2025-11-17/1760244762.json"
"510807","146155","2025-11-17","52.00","NZD","1760244762","23477/2025-11-17/1760244762.json"
"581513","221281","2025-11-18","36.00","NZD","1760244762","23477/2025-11-18/1760244762.json"
"581514","221282","2025-11-18","36.00","NZD","1760244762","23477/2025-11-18/1760244762.json"
"512557","146154","2025-11-18","45.00","NZD","1760244762","23477/2025-11-18/1760244762.json"
"365170","146153","2025-11-18","48.00","NZD","1760244762","23477/2025-11-18/1760244762.json"
"510807","146155","2025-11-18","52.00","NZD","1760244762","23477/2025-11-18/1760244762.json"
"581513","221281","2025-11-19","36.00","NZD","1760244762","23477/2025-11-19/1760244762.json"
"581514","221282","2025-11-19","36.00","NZD","1760244762","23477/2025-11-19/1760244762.json"
"512557","146154","2025-11-19","45.00","NZD","1760244762","23477/2025-11-19/1760244762.json"
"365170","146153","2025-11-19","48.00","NZD","1760244762","23477/2025-11-19/1760244762.json"
"510807","146155","2025-11-19","52.00","NZD","1760244762","23477/2025-11-19/1760244762.json"
"581513","221281","2025-11-20","36.00","NZD","1760244762","23477/2025-11-20/1760244762.json"
"581514","221282","2025-11-20","36.00","NZD","1760244762","23477/2025-11-20/1760244762.json"
"512557","146154","2025-11-20","45.00","NZD","1760244762","23477/2025-11-20/1760244762.json"
"581513","221281","2025-11-08","36.00","NZD","1760244762","23477/2025-11-08/1760244762.json"
"581514","221282","2025-11-08","36.00","NZD","1760244762","23477/2025-11-08/1760244762.json"
"512557","146154","2025-11-08","45.00","NZD","1760244762","23477/2025-11-08/1760244762.json"
"365170","146153","2025-11-08","48.00","NZD","1760244762","23477/2025-11-08/1760244762.json"
"510807","146155","2025-11-08","52.00","NZD","1760244762","23477/2025-11-08/1760244762.json"
"581513","221281","2025-11-06","36.00","NZD","1760244762","23477/2025-11-06/1760244762.json"
"581514","221282","2025-11-06","36.00","NZD","1760244762","23477/2025-11-06/1760244762.json"
"512557","146154","2025-11-06","45.00","NZD","1760244762","23477/2025-11-06/1760244762.json"
"365170","146153","2025-11-06","48.00","NZD","1760244762","23477/2025-11-06/1760244762.json"
"510807","146155","2025-11-06","52.00","NZD","1760244762","23477/2025-11-06/1760244762.json"
"581513","221281","2025-11-21","36.00","NZD","1760244762","23477/2025-11-21/1760244762.json"
"581514","221282","2025-11-21","36.00","NZD","1760244762","23477/2025-11-21/1760244762.json"
"512557","146154","2025-11-21","45.00","NZD","1760244762","23477/2025-11-21/1760244762.json"
"365170","146153","2025-11-21","48.00","NZD","1760244762","23477/2025-11-21/1760244762.json"
"510807","146155","2025-11-21","52.00","NZD","1760244762","23477/2025-11-21/1760244762.json"
"581513","221281","2025-11-22","36.00","NZD","1760244762","23477/2025-11-22/1760244762.json"
"581514","221282","2025-11-22","36.00","NZD","1760244762","23477/2025-11-22/1760244762.json"
"512557","146154","2025-11-22","45.00","NZD","1760244762","23477/2025-11-22/1760244762.json"
"365170","146153","2025-11-22","48.00","NZD","1760244762","23477/2025-11-22/1760244762.json"
"510807","146155","2025-11-22","52.00","NZD","1760244762","23477/2025-11-22/1760244762.json"
"581513","221281","2025-11-23","36.00","NZD","1760244762","23477/2025-11-23/1760244762.json"
"581514","221282","2025-11-23","36.00","NZD","1760244762","23477/2025-11-23/1760244762.json"
"512557","146154","2025-11-23","45.00","NZD","1760244762","23477/2025-11-23/1760244762.json"
"365170","146153","2025-11-23","48.00","NZD","1760244762","23477/2025-11-23/1760244762.json"
"510807","146155","2025-11-23","52.00","NZD","1760244762","23477/2025-11-23/1760244762.json"
"581513","221281","2025-11-24","36.00","NZD","1760244762","23477/2025-11-24/1760244762.json"
"581514","221282","2025-11-24","36.00","NZD","1760244762","23477/2025-11-24/1760244762.json"
"512557","146154","2025-11-24","45.00","NZD","1760244762","23477/2025-11-24/1760244762.json"
"365170","146153","2025-11-24","48.00","NZD","1760244762","23477/2025-11-24/1760244762.json"
"510807","146155","2025-11-24","52.00","NZD","1760244762","23477/2025-11-24/1760244762.json"
"581513","221281","2025-11-25","36.00","NZD","1760244762","23477/2025-11-25/1760244762.json"
"581514","221282","2025-11-25","36.00","NZD","1760244762","23477/2025-11-25/1760244762.json"
"512557","146154","2025-11-25","45.00","NZD","1760244762","23477/2025-11-25/1760244762.json"
"365170","146153","2025-11-25","48.00","NZD","1760244762","23477/2025-11-25/1760244762.json"
"510807","146155","2025-11-25","52.00","NZD","1760244762","23477/2025-11-25/1760244762.json"
"581513","221281","2025-11-28","36.00","NZD","1760244762","23477/2025-11-28/1760244762.json"
"581514","221282","2025-11-28","36.00","NZD","1760244762","23477/2025-11-28/1760244762.json"
"512557","146154","2025-11-28","45.00","NZD","1760244762","23477/2025-11-28/1760244762.json"
"365170","146153","2025-11-28","48.00","NZD","1760244762","23477/2025-11-28/1760244762.json"
"510807","146155","2025-11-28","52.00","NZD","1760244762","23477/2025-11-28/1760244762.json"
"581513","221281","2025-11-26","36.00","NZD","1760244762","23477/2025-11-26/1760244762.json"
"581514","221282","2025-11-26","36.00","NZD","1760244762","23477/2025-11-26/1760244762.json"
"512557","146154","2025-11-26","45.00","NZD","1760244762","23477/2025-11-26/1760244762.json"
"365170","146153","2025-11-26","48.00","NZD","1760244762","23477/2025-11-26/1760244762.json"
"510807","146155","2025-11-26","52.00","NZD","1760244762","23477/2025-11-26/1760244762.json"
"581513","221281","2025-11-27","36.00","NZD","1760244762","23477/2025-11-27/1760244762.json"
"581514","221282","2025-11-27","36.00","NZD","1760244762","23477/2025-11-27/1760244762.json"
"512557","146154","2025-11-27","45.00","NZD","1760244762","23477/2025-11-27/1760244762.json"
"365170","146153","2025-11-27","48.00","NZD","1760244762","23477/2025-11-27/1760244762.json"
"510807","146155","2025-11-27","52.00","NZD","1760244762","23477/2025-11-27/1760244762.json"
"581513","221281","2025-11-29","36.00","NZD","1760244762","23477/2025-11-29/1760244762.json"
"581514","221282","2025-11-29","36.00","NZD","1760244762","23477/2025-11-29/1760244762.json"
"512557","146154","2025-11-29","45.00","NZD","1760244762","23477/2025-11-29/1760244762.json"
"365170","146153","2025-11-29","48.00","NZD","1760244762","23477/2025-11-29/1760244762.json"
"510807","146155","2025-11-29","52.00","NZD","1760244762","23477/2025-11-29/1760244762.json"
"581513","221281","2025-12-01","36.00","NZD","1760244762","23477/2025-12-01/1760244762.json"
"581514","221282","2025-12-01","36.00","NZD","1760244762","23477/2025-12-01/1760244762.json"
"512557","146154","2025-12-01","45.00","NZD","1760244762","23477/2025-12-01/1760244762.json"
"365170","146153","2025-12-01","48.00","NZD","1760244762","23477/2025-12-01/1760244762.json"
"510807","146155","2025-12-01","52.00","NZD","1760244762","23477/2025-12-01/1760244762.json"
"581513","221281","2025-11-30","36.00","NZD","1760244762","23477/2025-11-30/1760244762.json"
"581514","221282","2025-11-30","36.00","NZD","1760244762","23477/2025-11-30/1760244762.json"
"512557","146154","2025-11-30","45.00","NZD","1760244762","23477/2025-11-30/1760244762.json"
"365170","146153","2025-11-30","48.00","NZD","1760244762","23477/2025-11-30/1760244762.json"
"510807","146155","2025-11-30","52.00","NZD","1760244762","23477/2025-11-30/1760244762.json"
"581513","221281","2025-12-02","36.00","NZD","1760244762","23477/2025-12-02/1760244762.json"
"581514","221282","2025-12-02","36.00","NZD","1760244762","23477/2025-12-02/1760244762.json"
"512557","146154","2025-12-02","45.00","NZD","1760244762","23477/2025-12-02/1760244762.json"
"365170","146153","2025-12-02","48.00","NZD","1760244762","23477/2025-12-02/1760244762.json"
"510807","146155","2025-12-02","52.00","NZD","1760244762","23477/2025-12-02/1760244762.json"
"581513","221281","2025-12-03","36.00","NZD","1760244762","23477/2025-12-03/1760244762.json"
"581514","221282","2025-12-03","36.00","NZD","1760244762","23477/2025-12-03/1760244762.json"
"512557","146154","2025-12-03","45.00","NZD","1760244762","23477/2025-12-03/1760244762.json"
"365170","146153","2025-12-03","48.00","NZD","1760244762","23477/2025-12-03/1760244762.json"
"510807","146155","2025-12-03","52.00","NZD","1760244762","23477/2025-12-03/1760244762.json"
"581513","221281","2025-12-04","36.00","NZD","1760244762","23477/2025-12-04/1760244762.json"
"581514","221282","2025-12-04","36.00","NZD","1760244762","23477/2025-12-04/1760244762.json"
"512557","146154","2025-12-04","45.00","NZD","1760244762","23477/2025-12-04/1760244762.json"
"365170","146153","2025-12-04","48.00","NZD","1760244762","23477/2025-12-04/1760244762.json"
"510807","146155","2025-12-04","52.00","NZD","1760244762","23477/2025-12-04/1760244762.json"
"581513","221281","2025-12-06","36.00","NZD","1760244762","23477/2025-12-06/1760244762.json"
"581514","221282","2025-12-06","36.00","NZD","1760244762","23477/2025-12-06/1760244762.json"
"512557","146154","2025-12-06","45.00","NZD","1760244762","23477/2025-12-06/1760244762.json"
"365170","146153","2025-12-06","48.00","NZD","1760244762","23477/2025-12-06/1760244762.json"
"510807","146155","2025-12-06","52.00","NZD","1760244762","23477/2025-12-06/1760244762.json"
"581513","221281","2025-12-07","36.00","NZD","1760244762","23477/2025-12-07/1760244762.json"
"581514","221282","2025-12-07","36.00","NZD","1760244762","23477/2025-12-07/1760244762.json"
"512557","146154","2025-12-07","45.00","NZD","1760244762","23477/2025-12-07/1760244762.json"
"365170","146153","2025-12-07","48.00","NZD","1760244762","23477/2025-12-07/1760244762.json"
"510807","146155","2025-12-07","52.00","NZD","1760244762","23477/2025-12-07/1760244762.json"
"581513","221281","2025-12-05","36.00","NZD","1760244762","23477/2025-12-05/1760244762.json"
"581514","221282","2025-12-05","36.00","NZD","1760244762","23477/2025-12-05/1760244762.json"
"512557","146154","2025-12-05","45.00","NZD","1760244762","23477/2025-12-05/1760244762.json"
"365170","146153","2025-12-05","48.00","NZD","1760244762","23477/2025-12-05/1760244762.json"
"510807","146155","2025-12-05","52.00","NZD","1760244762","23477/2025-12-05/1760244762.json"
"581513","221281","2025-12-08","36.00","NZD","1760244762","23477/2025-12-08/1760244762.json"
"581514","221282","2025-12-08","36.00","NZD","1760244762","23477/2025-12-08/1760244762.json"
"512557","146154","2025-12-08","45.00","NZD","1760244762","23477/2025-12-08/1760244762.json"
"365170","146153","2025-12-08","48.00","NZD","1760244762","23477/2025-12-08/1760244762.json"
"510807","146155","2025-12-08","52.00","NZD","1760244762","23477/2025-12-08/1760244762.json"
"581513","221281","2025-12-09","36.00","NZD","1760244762","23477/2025-12-09/1760244762.json"
"581514","221282","2025-12-09","36.00","NZD","1760244762","23477/2025-12-09/1760244762.json"
"512557","146154","2025-12-09","45.00","NZD","1760244762","23477/2025-12-09/1760244762.json"
"365170","146153","2025-12-09","48.00","NZD","1760244762","23477/2025-12-09/1760244762.json"
"510807","146155","2025-12-09","52.00","NZD","1760244762","23477/2025-12-09/1760244762.json"
"581513","221281","2025-12-10","36.00","NZD","1760244762","23477/2025-12-10/1760244762.json"
"581514","221282","2025-12-10","36.00","NZD","1760244762","23477/2025-12-10/1760244762.json"
"512557","146154","2025-12-10","45.00","NZD","1760244762","23477/2025-12-10/1760244762.json"
"365170","146153","2025-12-10","48.00","NZD","1760244762","23477/2025-12-10/1760244762.json"
"510807","146155","2025-12-10","52.00","NZD","1760244762","23477/2025-12-10/1760244762.json"
"581513","221281","2025-12-11","36.00","NZD","1760244762","23477/2025-12-11/1760244762.json"
"581514","221282","2025-12-11","36.00","NZD","1760244762","23477/2025-12-11/1760244762.json"
"512557","146154","2025-12-11","45.00","NZD","1760244762","23477/2025-12-11/1760244762.json"
"365170","146153","2025-12-11","48.00","NZD","1760244762","23477/2025-12-11/1760244762.json"
"510807","146155","2025-12-11","52.00","NZD","1760244762","23477/2025-12-11/1760244762.json"
"581513","221281","2025-10-15","36.00","NZD","1760259130","23477/2025-10-15/1760259130.json"
"581513","221281","2025-10-12","36.00","NZD","1760259130","23477/2025-10-12/1760259130.json"
"581514","221282","2025-10-15","36.00","NZD","1760259130","23477/2025-10-15/1760259130.json"
"581514","221282","2025-10-12","36.00","NZD","1760259130","23477/2025-10-12/1760259130.json"
"512557","146154","2025-10-15","45.00","NZD","1760259130","23477/2025-10-15/1760259130.json"
"512557","146154","2025-10-12","45.00","NZD","1760259130","23477/2025-10-12/1760259130.json"
"365170","146153","2025-10-15","48.00","NZD","1760259130","23477/2025-10-15/1760259130.json"
"365170","146153","2025-10-12","48.00","NZD","1760259130","23477/2025-10-12/1760259130.json"
"510807","146155","2025-10-15","52.00","NZD","1760259130","23477/2025-10-15/1760259130.json"
"510807","146155","2025-10-12","52.00","NZD","1760259130","23477/2025-10-12/1760259130.json"
"581513","221281","2025-10-13","36.00","NZD","1760259130","23477/2025-10-13/1760259130.json"
"581514","221282","2025-10-13","36.00","NZD","1760259130","23477/2025-10-13/1760259130.json"
"512557","146154","2025-10-13","45.00","NZD","1760259130","23477/2025-10-13/1760259130.json"
"365170","146153","2025-10-13","48.00","NZD","1760259130","23477/2025-10-13/1760259130.json"
"510807","146155","2025-10-13","52.00","NZD","1760259130","23477/2025-10-13/1760259130.json"
"581513","221281","2025-10-14","36.00","NZD","1760259130","23477/2025-10-14/1760259130.json"
"581514","221282","2025-10-14","36.00","NZD","1760259130","23477/2025-10-14/1760259130.json"
"512557","146154","2025-10-14","45.00","NZD","1760259130","23477/2025-10-14/1760259130.json"
"365170","146153","2025-10-14","48.00","NZD","1760259130","23477/2025-10-14/1760259130.json"
"510807","146155","2025-10-14","52.00","NZD","1760259130","23477/2025-10-14/1760259130.json"
"581513","221281","2025-10-17","36.00","NZD","1760259130","23477/2025-10-17/1760259130.json"
"581514","221282","2025-10-17","36.00","NZD","1760259130","23477/2025-10-17/1760259130.json"
"512557","146154","2025-10-17","45.00","NZD","1760259130","23477/2025-10-17/1760259130.json"
"365170","146153","2025-10-17","48.00","NZD","1760259130","23477/2025-10-17/1760259130.json"
"510807","146155","2025-10-17","52.00","NZD","1760259130","23477/2025-10-17/1760259130.json"
"581513","221281","2025-10-19","36.00","NZD","1760259130","23477/2025-10-19/1760259130.json"
"581514","221282","2025-10-19","36.00","NZD","1760259130","23477/2025-10-19/1760259130.json"
"512557","146154","2025-10-19","45.00","NZD","1760259130","23477/2025-10-19/1760259130.json"
"365170","146153","2025-10-19","48.00","NZD","1760259130","23477/2025-10-19/1760259130.json"
"510807","146155","2025-10-19","52.00","NZD","1760259130","23477/2025-10-19/1760259130.json"
"581513","221281","2025-10-18","36.00","NZD","1760259130","23477/2025-10-18/1760259130.json"
"581514","221282","2025-10-18","36.00","NZD","1760259130","23477/2025-10-18/1760259130.json"
"512557","146154","2025-10-18","45.00","NZD","1760259130","23477/2025-10-18/1760259130.json"
"365170","146153","2025-10-18","48.00","NZD","1760259130","23477/2025-10-18/1760259130.json"
"510807","146155","2025-10-18","52.00","NZD","1760259130","23477/2025-10-18/1760259130.json"
"581513","221281","2025-10-16","36.00","NZD","1760259130","23477/2025-10-16/1760259130.json"
"581514","221282","2025-10-16","36.00","NZD","1760259130","23477/2025-10-16/1760259130.json"
"512557","146154","2025-10-16","45.00","NZD","1760259130","23477/2025-10-16/1760259130.json"
"365170","146153","2025-10-16","48.00","NZD","1760259130","23477/2025-10-16/1760259130.json"
"510807","146155","2025-10-16","52.00","NZD","1760259130","23477/2025-10-16/1760259130.json"
"581513","221281","2025-10-21","36.00","NZD","1760259130","23477/2025-10-21/1760259130.json"
"581514","221282","2025-10-21","36.00","NZD","1760259130","23477/2025-10-21/1760259130.json"
"512557","146154","2025-10-21","45.00","NZD","1760259130","23477/2025-10-21/1760259130.json"
"365170","146153","2025-10-21","48.00","NZD","1760259130","23477/2025-10-21/1760259130.json"
"510807","146155","2025-10-21","52.00","NZD","1760259130","23477/2025-10-21/1760259130.json"
"581513","221281","2025-10-23","36.00","NZD","1760259130","23477/2025-10-23/1760259130.json"
"581514","221282","2025-10-23","36.00","NZD","1760259130","23477/2025-10-23/1760259130.json"
"512557","146154","2025-10-23","45.00","NZD","1760259130","23477/2025-10-23/1760259130.json"
"365170","146153","2025-10-23","48.00","NZD","1760259130","23477/2025-10-23/1760259130.json"
"510807","146155","2025-10-23","52.00","NZD","1760259130","23477/2025-10-23/1760259130.json"
"581513","221281","2025-10-22","36.00","NZD","1760259130","23477/2025-10-22/1760259130.json"
"581514","221282","2025-10-22","36.00","NZD","1760259130","23477/2025-10-22/1760259130.json"
"512557","146154","2025-10-22","45.00","NZD","1760259130","23477/2025-10-22/1760259130.json"
"365170","146153","2025-10-22","48.00","NZD","1760259130","23477/2025-10-22/1760259130.json"
"510807","146155","2025-10-22","52.00","NZD","1760259130","23477/2025-10-22/1760259130.json"
"581513","221281","2025-10-20","36.00","NZD","1760259130","23477/2025-10-20/1760259130.json"
"581514","221282","2025-10-20","36.00","NZD","1760259130","23477/2025-10-20/1760259130.json"
"512557","146154","2025-10-20","45.00","NZD","1760259130","23477/2025-10-20/1760259130.json"
"365170","146153","2025-10-20","48.00","NZD","1760259130","23477/2025-10-20/1760259130.json"
"510807","146155","2025-10-20","52.00","NZD","1760259130","23477/2025-10-20/1760259130.json"
"581513","221281","2025-10-24","36.00","NZD","1760259130","23477/2025-10-24/1760259130.json"
"581514","221282","2025-10-24","36.00","NZD","1760259130","23477/2025-10-24/1760259130.json"
"512557","146154","2025-10-24","45.00","NZD","1760259130","23477/2025-10-24/1760259130.json"
"365170","146153","2025-10-24","48.00","NZD","1760259130","23477/2025-10-24/1760259130.json"
"510807","146155","2025-10-24","52.00","NZD","1760259130","23477/2025-10-24/1760259130.json"
"581513","221281","2025-10-27","38.00","NZD","1760259130","23477/2025-10-27/1760259130.json"
"581514","221282","2025-10-27","38.00","NZD","1760259130","23477/2025-10-27/1760259130.json"
"512557","146154","2025-10-27","45.00","NZD","1760259130","23477/2025-10-27/1760259130.json"
"365170","146153","2025-10-27","48.00","NZD","1760259130","23477/2025-10-27/1760259130.json"
"510807","146155","2025-10-27","52.00","NZD","1760259130","23477/2025-10-27/1760259130.json"
"581513","221281","2025-10-25","38.00","NZD","1760259130","23477/2025-10-25/1760259130.json"
"581514","221282","2025-10-25","38.00","NZD","1760259130","23477/2025-10-25/1760259130.json"
"512557","146154","2025-10-25","45.00","NZD","1760259130","23477/2025-10-25/1760259130.json"
"365170","146153","2025-10-25","48.00","NZD","1760259130","23477/2025-10-25/1760259130.json"
"510807","146155","2025-10-25","52.00","NZD","1760259130","23477/2025-10-25/1760259130.json"
"581513","221281","2025-10-26","38.00","NZD","1760259130","23477/2025-10-26/1760259130.json"
"581514","221282","2025-10-26","38.00","NZD","1760259130","23477/2025-10-26/1760259130.json"
"512557","146154","2025-10-26","45.00","NZD","1760259130","23477/2025-10-26/1760259130.json"
"365170","146153","2025-10-26","48.00","NZD","1760259130","23477/2025-10-26/1760259130.json"
"510807","146155","2025-10-26","52.00","NZD","1760259130","23477/2025-10-26/1760259130.json"
"581513","221281","2025-10-28","36.00","NZD","1760259130","23477/2025-10-28/1760259130.json"
"581514","221282","2025-10-28","36.00","NZD","1760259130","23477/2025-10-28/1760259130.json"
"512557","146154","2025-10-28","45.00","NZD","1760259130","23477/2025-10-28/1760259130.json"
"365170","146153","2025-10-28","48.00","NZD","1760259130","23477/2025-10-28/1760259130.json"
"510807","146155","2025-10-28","52.00","NZD","1760259130","23477/2025-10-28/1760259130.json"
"581513","221281","2025-10-30","36.00","NZD","1760259130","23477/2025-10-30/1760259130.json"
"581513","221281","2025-10-29","36.00","NZD","1760259130","23477/2025-10-29/1760259130.json"
"581514","221282","2025-10-30","36.00","NZD","1760259130","23477/2025-10-30/1760259130.json"
"581514","221282","2025-10-29","36.00","NZD","1760259130","23477/2025-10-29/1760259130.json"
"512557","146154","2025-10-30","45.00","NZD","1760259130","23477/2025-10-30/1760259130.json"
"512557","146154","2025-10-29","45.00","NZD","1760259130","23477/2025-10-29/1760259130.json"
"365170","146153","2025-10-29","48.00","NZD","1760259130","23477/2025-10-29/1760259130.json"
"365170","146153","2025-10-30","48.00","NZD","1760259130","23477/2025-10-30/1760259130.json"
"510807","146155","2025-10-29","52.00","NZD","1760259130","23477/2025-10-29/1760259130.json"
"510807","146155","2025-10-30","52.00","NZD","1760259130","23477/2025-10-30/1760259130.json"
"581513","221281","2025-10-31","36.00","NZD","1760259130","23477/2025-10-31/1760259130.json"
"581514","221282","2025-10-31","36.00","NZD","1760259130","23477/2025-10-31/1760259130.json"
"512557","146154","2025-10-31","45.00","NZD","1760259130","23477/2025-10-31/1760259130.json"
"365170","146153","2025-10-31","48.00","NZD","1760259130","23477/2025-10-31/1760259130.json"
"510807","146155","2025-10-31","52.00","NZD","1760259130","23477/2025-10-31/1760259130.json"
"581513","221281","2025-11-01","36.00","NZD","1760259130","23477/2025-11-01/1760259130.json"
"581514","221282","2025-11-01","36.00","NZD","1760259130","23477/2025-11-01/1760259130.json"
"512557","146154","2025-11-01","45.00","NZD","1760259130","23477/2025-11-01/1760259130.json"
"365170","146153","2025-11-01","48.00","NZD","1760259130","23477/2025-11-01/1760259130.json"
"510807","146155","2025-11-01","52.00","NZD","1760259130","23477/2025-11-01/1760259130.json"
"581513","221281","2025-11-03","36.00","NZD","1760259130","23477/2025-11-03/1760259130.json"
"581514","221282","2025-11-03","36.00","NZD","1760259130","23477/2025-11-03/1760259130.json"
"512557","146154","2025-11-03","45.00","NZD","1760259130","23477/2025-11-03/1760259130.json"
"365170","146153","2025-11-03","48.00","NZD","1760259130","23477/2025-11-03/1760259130.json"
"510807","146155","2025-11-03","52.00","NZD","1760259130","23477/2025-11-03/1760259130.json"
"581513","221281","2025-11-02","36.00","NZD","1760259130","23477/2025-11-02/1760259130.json"
"581514","221282","2025-11-02","36.00","NZD","1760259130","23477/2025-11-02/1760259130.json"
"512557","146154","2025-11-02","45.00","NZD","1760259130","23477/2025-11-02/1760259130.json"
"365170","146153","2025-11-02","48.00","NZD","1760259130","23477/2025-11-02/1760259130.json"
"510807","146155","2025-11-02","52.00","NZD","1760259130","23477/2025-11-02/1760259130.json"
"581513","221281","2025-11-05","36.00","NZD","1760259130","23477/2025-11-05/1760259130.json"
"581514","221282","2025-11-05","36.00","NZD","1760259130","23477/2025-11-05/1760259130.json"
"512557","146154","2025-11-05","45.00","NZD","1760259130","23477/2025-11-05/1760259130.json"
"365170","146153","2025-11-05","48.00","NZD","1760259130","23477/2025-11-05/1760259130.json"
"510807","146155","2025-11-05","52.00","NZD","1760259130","23477/2025-11-05/1760259130.json"
"581513","221281","2025-11-06","36.00","NZD","1760259130","23477/2025-11-06/1760259130.json"
"581514","221282","2025-11-06","36.00","NZD","1760259130","23477/2025-11-06/1760259130.json"
"512557","146154","2025-11-06","45.00","NZD","1760259130","23477/2025-11-06/1760259130.json"
"365170","146153","2025-11-06","48.00","NZD","1760259130","23477/2025-11-06/1760259130.json"
"510807","146155","2025-11-06","52.00","NZD","1760259130","23477/2025-11-06/1760259130.json"
"581513","221281","2025-11-04","36.00","NZD","1760259130","23477/2025-11-04/1760259130.json"
"581514","221282","2025-11-04","36.00","NZD","1760259130","23477/2025-11-04/1760259130.json"
"512557","146154","2025-11-04","45.00","NZD","1760259130","23477/2025-11-04/1760259130.json"
"365170","146153","2025-11-04","48.00","NZD","1760259130","23477/2025-11-04/1760259130.json"
"510807","146155","2025-11-04","52.00","NZD","1760259130","23477/2025-11-04/1760259130.json"
"581513","221281","2025-11-07","36.00","NZD","1760259130","23477/2025-11-07/1760259130.json"
"581514","221282","2025-11-07","36.00","NZD","1760259130","23477/2025-11-07/1760259130.json"
"512557","146154","2025-11-07","45.00","NZD","1760259130","23477/2025-11-07/1760259130.json"
"365170","146153","2025-11-07","48.00","NZD","1760259130","23477/2025-11-07/1760259130.json"
"510807","146155","2025-11-07","52.00","NZD","1760259130","23477/2025-11-07/1760259130.json"
"581513","221281","2025-11-08","36.00","NZD","1760259130","23477/2025-11-08/1760259130.json"
"581514","221282","2025-11-08","36.00","NZD","1760259130","23477/2025-11-08/1760259130.json"
"512557","146154","2025-11-08","45.00","NZD","1760259130","23477/2025-11-08/1760259130.json"
"365170","146153","2025-11-08","48.00","NZD","1760259130","23477/2025-11-08/1760259130.json"
"510807","146155","2025-11-08","52.00","NZD","1760259130","23477/2025-11-08/1760259130.json"
"581513","221281","2025-11-09","36.00","NZD","1760259130","23477/2025-11-09/1760259130.json"
"581514","221282","2025-11-09","36.00","NZD","1760259130","23477/2025-11-09/1760259130.json"
"512557","146154","2025-11-09","45.00","NZD","1760259130","23477/2025-11-09/1760259130.json"
"365170","146153","2025-11-09","48.00","NZD","1760259130","23477/2025-11-09/1760259130.json"
"510807","146155","2025-11-09","52.00","NZD","1760259130","23477/2025-11-09/1760259130.json"
"581513","221281","2025-11-10","36.00","NZD","1760259130","23477/2025-11-10/1760259130.json"
"581514","221282","2025-11-10","36.00","NZD","1760259130","23477/2025-11-10/1760259130.json"
"512557","146154","2025-11-10","45.00","NZD","1760259130","23477/2025-11-10/1760259130.json"
"365170","146153","2025-11-10","48.00","NZD","1760259130","23477/2025-11-10/1760259130.json"
"510807","146155","2025-11-10","52.00","NZD","1760259130","23477/2025-11-10/1760259130.json"
"581513","221281","2025-11-11","36.00","NZD","1760259130","23477/2025-11-11/1760259130.json"
"581514","221282","2025-11-11","36.00","NZD","1760259130","23477/2025-11-11/1760259130.json"
"512557","146154","2025-11-11","45.00","NZD","1760259130","23477/2025-11-11/1760259130.json"
"365170","146153","2025-11-11","48.00","NZD","1760259130","23477/2025-11-11/1760259130.json"
"510807","146155","2025-11-11","52.00","NZD","1760259130","23477/2025-11-11/1760259130.json"
"581513","221281","2025-11-12","36.00","NZD","1760259130","23477/2025-11-12/1760259130.json"
"581514","221282","2025-11-12","36.00","NZD","1760259130","23477/2025-11-12/1760259130.json"
"512557","146154","2025-11-12","45.00","NZD","1760259130","23477/2025-11-12/1760259130.json"
"365170","146153","2025-11-12","48.00","NZD","1760259130","23477/2025-11-12/1760259130.json"
"510807","146155","2025-11-12","52.00","NZD","1760259130","23477/2025-11-12/1760259130.json"
"581513","221281","2025-11-14","36.00","NZD","1760259130","23477/2025-11-14/1760259130.json"
"581514","221282","2025-11-14","36.00","NZD","1760259130","23477/2025-11-14/1760259130.json"
"512557","146154","2025-11-14","45.00","NZD","1760259130","23477/2025-11-14/1760259130.json"
"365170","146153","2025-11-14","48.00","NZD","1760259130","23477/2025-11-14/1760259130.json"
"510807","146155","2025-11-14","52.00","NZD","1760259130","23477/2025-11-14/1760259130.json"
"581513","221281","2025-11-15","36.00","NZD","1760259130","23477/2025-11-15/1760259130.json"
"581514","221282","2025-11-15","36.00","NZD","1760259130","23477/2025-11-15/1760259130.json"
"512557","146154","2025-11-15","45.00","NZD","1760259130","23477/2025-11-15/1760259130.json"
"365170","146153","2025-11-15","48.00","NZD","1760259130","23477/2025-11-15/1760259130.json"
"510807","146155","2025-11-15","52.00","NZD","1760259130","23477/2025-11-15/1760259130.json"
"581513","221281","2025-11-13","36.00","NZD","1760259130","23477/2025-11-13/1760259130.json"
"581514","221282","2025-11-13","36.00","NZD","1760259130","23477/2025-11-13/1760259130.json"
"512557","146154","2025-11-13","45.00","NZD","1760259130","23477/2025-11-13/1760259130.json"
"365170","146153","2025-11-13","48.00","NZD","1760259130","23477/2025-11-13/1760259130.json"
"510807","146155","2025-11-13","52.00","NZD","1760259130","23477/2025-11-13/1760259130.json"
"581513","221281","2025-11-16","36.00","NZD","1760259130","23477/2025-11-16/1760259130.json"
"581514","221282","2025-11-16","36.00","NZD","1760259130","23477/2025-11-16/1760259130.json"
"512557","146154","2025-11-16","45.00","NZD","1760259130","23477/2025-11-16/1760259130.json"
"365170","146153","2025-11-16","48.00","NZD","1760259130","23477/2025-11-16/1760259130.json"
"510807","146155","2025-11-16","52.00","NZD","1760259130","23477/2025-11-16/1760259130.json"
"581513","221281","2025-11-18","36.00","NZD","1760259130","23477/2025-11-18/1760259130.json"
"581514","221282","2025-11-18","36.00","NZD","1760259130","23477/2025-11-18/1760259130.json"
"512557","146154","2025-11-18","45.00","NZD","1760259130","23477/2025-11-18/1760259130.json"
"365170","146153","2025-11-18","48.00","NZD","1760259130","23477/2025-11-18/1760259130.json"
"510807","146155","2025-11-18","52.00","NZD","1760259130","23477/2025-11-18/1760259130.json"
"581513","221281","2025-11-17","36.00","NZD","1760259130","23477/2025-11-17/1760259130.json"
"581514","221282","2025-11-17","36.00","NZD","1760259130","23477/2025-11-17/1760259130.json"
"512557","146154","2025-11-17","45.00","NZD","1760259130","23477/2025-11-17/1760259130.json"
"365170","146153","2025-11-17","48.00","NZD","1760259130","23477/2025-11-17/1760259130.json"
"510807","146155","2025-11-17","52.00","NZD","1760259130","23477/2025-11-17/1760259130.json"
"581513","221281","2025-11-20","36.00","NZD","1760259130","23477/2025-11-20/1760259130.json"
"581513","221281","2025-11-19","36.00","NZD","1760259130","23477/2025-11-19/1760259130.json"
"581514","221282","2025-11-19","36.00","NZD","1760259130","23477/2025-11-19/1760259130.json"
"512557","146154","2025-11-19","45.00","NZD","1760259130","23477/2025-11-19/1760259130.json"
"581514","221282","2025-11-20","36.00","NZD","1760259130","23477/2025-11-20/1760259130.json"
"365170","146153","2025-11-19","48.00","NZD","1760259130","23477/2025-11-19/1760259130.json"
"510807","146155","2025-11-19","52.00","NZD","1760259130","23477/2025-11-19/1760259130.json"
"512557","146154","2025-11-20","45.00","NZD","1760259130","23477/2025-11-20/1760259130.json"
"581513","221281","2025-11-22","36.00","NZD","1760259130","23477/2025-11-22/1760259130.json"
"581514","221282","2025-11-22","36.00","NZD","1760259130","23477/2025-11-22/1760259130.json"
"512557","146154","2025-11-22","45.00","NZD","1760259130","23477/2025-11-22/1760259130.json"
"365170","146153","2025-11-22","48.00","NZD","1760259130","23477/2025-11-22/1760259130.json"
"510807","146155","2025-11-22","52.00","NZD","1760259130","23477/2025-11-22/1760259130.json"
"581513","221281","2025-11-24","36.00","NZD","1760259130","23477/2025-11-24/1760259130.json"
"581514","221282","2025-11-24","36.00","NZD","1760259130","23477/2025-11-24/1760259130.json"
"512557","146154","2025-11-24","45.00","NZD","1760259130","23477/2025-11-24/1760259130.json"
"365170","146153","2025-11-24","48.00","NZD","1760259130","23477/2025-11-24/1760259130.json"
"510807","146155","2025-11-24","52.00","NZD","1760259130","23477/2025-11-24/1760259130.json"
"581513","221281","2025-11-23","36.00","NZD","1760259130","23477/2025-11-23/1760259130.json"
"581514","221282","2025-11-23","36.00","NZD","1760259130","23477/2025-11-23/1760259130.json"
"512557","146154","2025-11-23","45.00","NZD","1760259130","23477/2025-11-23/1760259130.json"
"365170","146153","2025-11-23","48.00","NZD","1760259130","23477/2025-11-23/1760259130.json"
"510807","146155","2025-11-23","52.00","NZD","1760259130","23477/2025-11-23/1760259130.json"
"581513","221281","2025-11-21","36.00","NZD","1760259130","23477/2025-11-21/1760259130.json"
"581514","221282","2025-11-21","36.00","NZD","1760259130","23477/2025-11-21/1760259130.json"
"512557","146154","2025-11-21","45.00","NZD","1760259130","23477/2025-11-21/1760259130.json"
"365170","146153","2025-11-21","48.00","NZD","1760259130","23477/2025-11-21/1760259130.json"
"510807","146155","2025-11-21","52.00","NZD","1760259130","23477/2025-11-21/1760259130.json"
"581513","221281","2025-11-25","36.00","NZD","1760259130","23477/2025-11-25/1760259130.json"
"581514","221282","2025-11-25","36.00","NZD","1760259130","23477/2025-11-25/1760259130.json"
"512557","146154","2025-11-25","45.00","NZD","1760259130","23477/2025-11-25/1760259130.json"
"365170","146153","2025-11-25","48.00","NZD","1760259130","23477/2025-11-25/1760259130.json"
"510807","146155","2025-11-25","52.00","NZD","1760259130","23477/2025-11-25/1760259130.json"
"581513","221281","2025-11-26","36.00","NZD","1760259130","23477/2025-11-26/1760259130.json"
"581514","221282","2025-11-26","36.00","NZD","1760259130","23477/2025-11-26/1760259130.json"
"512557","146154","2025-11-26","45.00","NZD","1760259130","23477/2025-11-26/1760259130.json"
"365170","146153","2025-11-26","48.00","NZD","1760259130","23477/2025-11-26/1760259130.json"
"510807","146155","2025-11-26","52.00","NZD","1760259130","23477/2025-11-26/1760259130.json"
"581513","221281","2025-11-27","36.00","NZD","1760259130","23477/2025-11-27/1760259130.json"
"581514","221282","2025-11-27","36.00","NZD","1760259130","23477/2025-11-27/1760259130.json"
"512557","146154","2025-11-27","45.00","NZD","1760259130","23477/2025-11-27/1760259130.json"
"365170","146153","2025-11-27","48.00","NZD","1760259130","23477/2025-11-27/1760259130.json"
"510807","146155","2025-11-27","52.00","NZD","1760259130","23477/2025-11-27/1760259130.json"
"581513","221281","2025-11-28","36.00","NZD","1760259130","23477/2025-11-28/1760259130.json"
"581514","221282","2025-11-28","36.00","NZD","1760259130","23477/2025-11-28/1760259130.json"
"512557","146154","2025-11-28","45.00","NZD","1760259130","23477/2025-11-28/1760259130.json"
"365170","146153","2025-11-28","48.00","NZD","1760259130","23477/2025-11-28/1760259130.json"
"510807","146155","2025-11-28","52.00","NZD","1760259130","23477/2025-11-28/1760259130.json"
"581513","221281","2025-11-29","36.00","NZD","1760259130","23477/2025-11-29/1760259130.json"
"581514","221282","2025-11-29","36.00","NZD","1760259130","23477/2025-11-29/1760259130.json"
"512557","146154","2025-11-29","45.00","NZD","1760259130","23477/2025-11-29/1760259130.json"
"365170","146153","2025-11-29","48.00","NZD","1760259130","23477/2025-11-29/1760259130.json"
"510807","146155","2025-11-29","52.00","NZD","1760259130","23477/2025-11-29/1760259130.json"
"581513","221281","2025-12-01","36.00","NZD","1760259130","23477/2025-12-01/1760259130.json"
"581514","221282","2025-12-01","36.00","NZD","1760259130","23477/2025-12-01/1760259130.json"
"512557","146154","2025-12-01","45.00","NZD","1760259130","23477/2025-12-01/1760259130.json"
"365170","146153","2025-12-01","48.00","NZD","1760259130","23477/2025-12-01/1760259130.json"
"510807","146155","2025-12-01","52.00","NZD","1760259130","23477/2025-12-01/1760259130.json"
"581513","221281","2025-12-02","36.00","NZD","1760259130","23477/2025-12-02/1760259130.json"
"581514","221282","2025-12-02","36.00","NZD","1760259130","23477/2025-12-02/1760259130.json"
"512557","146154","2025-12-02","45.00","NZD","1760259130","23477/2025-12-02/1760259130.json"
"365170","146153","2025-12-02","48.00","NZD","1760259130","23477/2025-12-02/1760259130.json"
"510807","146155","2025-12-02","52.00","NZD","1760259130","23477/2025-12-02/1760259130.json"
"581513","221281","2025-12-03","36.00","NZD","1760259130","23477/2025-12-03/1760259130.json"
"581514","221282","2025-12-03","36.00","NZD","1760259130","23477/2025-12-03/1760259130.json"
"512557","146154","2025-12-03","45.00","NZD","1760259130","23477/2025-12-03/1760259130.json"
"365170","146153","2025-12-03","48.00","NZD","1760259130","23477/2025-12-03/1760259130.json"
"510807","146155","2025-12-03","52.00","NZD","1760259130","23477/2025-12-03/1760259130.json"
"581513","221281","2025-11-30","36.00","NZD","1760259130","23477/2025-11-30/1760259130.json"
"581514","221282","2025-11-30","36.00","NZD","1760259130","23477/2025-11-30/1760259130.json"
"512557","146154","2025-11-30","45.00","NZD","1760259130","23477/2025-11-30/1760259130.json"
"365170","146153","2025-11-30","48.00","NZD","1760259130","23477/2025-11-30/1760259130.json"
"510807","146155","2025-11-30","52.00","NZD","1760259130","23477/2025-11-30/1760259130.json"
"581513","221281","2025-12-04","36.00","NZD","1760259130","23477/2025-12-04/1760259130.json"
"581514","221282","2025-12-04","36.00","NZD","1760259130","23477/2025-12-04/1760259130.json"
"512557","146154","2025-12-04","45.00","NZD","1760259130","23477/2025-12-04/1760259130.json"
"365170","146153","2025-12-04","48.00","NZD","1760259130","23477/2025-12-04/1760259130.json"
"510807","146155","2025-12-04","52.00","NZD","1760259130","23477/2025-12-04/1760259130.json"
"581513","221281","2025-12-05","36.00","NZD","1760259130","23477/2025-12-05/1760259130.json"
"581514","221282","2025-12-05","36.00","NZD","1760259130","23477/2025-12-05/1760259130.json"
"512557","146154","2025-12-05","45.00","NZD","1760259130","23477/2025-12-05/1760259130.json"
"365170","146153","2025-12-05","48.00","NZD","1760259130","23477/2025-12-05/1760259130.json"
"510807","146155","2025-12-05","52.00","NZD","1760259130","23477/2025-12-05/1760259130.json"
"581513","221281","2025-12-07","36.00","NZD","1760259130","23477/2025-12-07/1760259130.json"
"581514","221282","2025-12-07","36.00","NZD","1760259130","23477/2025-12-07/1760259130.json"
"512557","146154","2025-12-07","45.00","NZD","1760259130","23477/2025-12-07/1760259130.json"
"365170","146153","2025-12-07","48.00","NZD","1760259130","23477/2025-12-07/1760259130.json"
"510807","146155","2025-12-07","52.00","NZD","1760259130","23477/2025-12-07/1760259130.json"
"581513","221281","2025-12-06","36.00","NZD","1760259130","23477/2025-12-06/1760259130.json"
"581514","221282","2025-12-06","36.00","NZD","1760259130","23477/2025-12-06/1760259130.json"
"512557","146154","2025-12-06","45.00","NZD","1760259130","23477/2025-12-06/1760259130.json"
"365170","146153","2025-12-06","48.00","NZD","1760259130","23477/2025-12-06/1760259130.json"
"510807","146155","2025-12-06","52.00","NZD","1760259130","23477/2025-12-06/1760259130.json"
"581513","221281","2025-12-08","36.00","NZD","1760259130","23477/2025-12-08/1760259130.json"
"581514","221282","2025-12-08","36.00","NZD","1760259130","23477/2025-12-08/1760259130.json"
"512557","146154","2025-12-08","45.00","NZD","1760259130","23477/2025-12-08/1760259130.json"
"365170","146153","2025-12-08","48.00","NZD","1760259130","23477/2025-12-08/1760259130.json"
"510807","146155","2025-12-08","52.00","NZD","1760259130","23477/2025-12-08/1760259130.json"
"581513","221281","2025-12-09","36.00","NZD","1760259130","23477/2025-12-09/1760259130.json"
"581514","221282","2025-12-09","36.00","NZD","1760259130","23477/2025-12-09/1760259130.json"
"512557","146154","2025-12-09","45.00","NZD","1760259130","23477/2025-12-09/1760259130.json"
"365170","146153","2025-12-09","48.00","NZD","1760259130","23477/2025-12-09/1760259130.json"
"510807","146155","2025-12-09","52.00","NZD","1760259130","23477/2025-12-09/1760259130.json"
"581513","221281","2025-12-10","36.00","NZD","1760259130","23477/2025-12-10/1760259130.json"
"581514","221282","2025-12-10","36.00","NZD","1760259130","23477/2025-12-10/1760259130.json"
"512557","146154","2025-12-10","45.00","NZD","1760259130","23477/2025-12-10/1760259130.json"
"365170","146153","2025-12-10","48.00","NZD","1760259130","23477/2025-12-10/1760259130.json"
"510807","146155","2025-12-10","52.00","NZD","1760259130","23477/2025-12-10/1760259130.json"
"581513","221281","2025-12-11","36.00","NZD","1760259130","23477/2025-12-11/1760259130.json"
"581514","221282","2025-12-11","36.00","NZD","1760259130","23477/2025-12-11/1760259130.json"
"512557","146154","2025-12-11","45.00","NZD","1760259130","23477/2025-12-11/1760259130.json"
"365170","146153","2025-12-11","48.00","NZD","1760259130","23477/2025-12-11/1760259130.json"
"510807","146155","2025-12-11","52.00","NZD","1760259130","23477/2025-12-11/1760259130.json"
"581513","221281","2025-10-14","36.00","NZD","1760275218","23477/2025-10-14/1760275218.json"
"581514","221282","2025-10-14","36.00","NZD","1760275218","23477/2025-10-14/1760275218.json"
"512557","146154","2025-10-14","45.00","NZD","1760275218","23477/2025-10-14/1760275218.json"
"365170","146153","2025-10-14","48.00","NZD","1760275218","23477/2025-10-14/1760275218.json"
"510807","146155","2025-10-14","52.00","NZD","1760275218","23477/2025-10-14/1760275218.json"
"581513","221281","2025-10-13","36.00","NZD","1760275218","23477/2025-10-13/1760275218.json"
"581514","221282","2025-10-13","36.00","NZD","1760275218","23477/2025-10-13/1760275218.json"
"512557","146154","2025-10-13","45.00","NZD","1760275218","23477/2025-10-13/1760275218.json"
"365170","146153","2025-10-13","48.00","NZD","1760275218","23477/2025-10-13/1760275218.json"
"510807","146155","2025-10-13","52.00","NZD","1760275218","23477/2025-10-13/1760275218.json"
"581513","221281","2025-10-15","36.00","NZD","1760275218","23477/2025-10-15/1760275218.json"
"581514","221282","2025-10-15","36.00","NZD","1760275218","23477/2025-10-15/1760275218.json"
"512557","146154","2025-10-15","45.00","NZD","1760275218","23477/2025-10-15/1760275218.json"
"365170","146153","2025-10-15","48.00","NZD","1760275218","23477/2025-10-15/1760275218.json"
"510807","146155","2025-10-15","52.00","NZD","1760275218","23477/2025-10-15/1760275218.json"
"581513","221281","2025-10-16","36.00","NZD","1760275218","23477/2025-10-16/1760275218.json"
"581514","221282","2025-10-16","36.00","NZD","1760275218","23477/2025-10-16/1760275218.json"
"512557","146154","2025-10-16","45.00","NZD","1760275218","23477/2025-10-16/1760275218.json"
"365170","146153","2025-10-16","48.00","NZD","1760275218","23477/2025-10-16/1760275218.json"
"510807","146155","2025-10-16","52.00","NZD","1760275218","23477/2025-10-16/1760275218.json"
"581513","221281","2025-10-17","36.00","NZD","1760275218","23477/2025-10-17/1760275218.json"
"581514","221282","2025-10-17","36.00","NZD","1760275218","23477/2025-10-17/1760275218.json"
"512557","146154","2025-10-17","45.00","NZD","1760275218","23477/2025-10-17/1760275218.json"
"365170","146153","2025-10-17","48.00","NZD","1760275218","23477/2025-10-17/1760275218.json"
"510807","146155","2025-10-17","52.00","NZD","1760275218","23477/2025-10-17/1760275218.json"
"581513","221281","2025-10-18","36.00","NZD","1760275218","23477/2025-10-18/1760275218.json"
"581514","221282","2025-10-18","36.00","NZD","1760275218","23477/2025-10-18/1760275218.json"
"512557","146154","2025-10-18","45.00","NZD","1760275218","23477/2025-10-18/1760275218.json"
"365170","146153","2025-10-18","48.00","NZD","1760275218","23477/2025-10-18/1760275218.json"
"510807","146155","2025-10-18","52.00","NZD","1760275218","23477/2025-10-18/1760275218.json"
"581513","221281","2025-10-19","36.00","NZD","1760275218","23477/2025-10-19/1760275218.json"
"581514","221282","2025-10-19","36.00","NZD","1760275218","23477/2025-10-19/1760275218.json"
"512557","146154","2025-10-19","45.00","NZD","1760275218","23477/2025-10-19/1760275218.json"
"365170","146153","2025-10-19","48.00","NZD","1760275218","23477/2025-10-19/1760275218.json"
"510807","146155","2025-10-19","52.00","NZD","1760275218","23477/2025-10-19/1760275218.json"
"581513","221281","2025-10-20","36.00","NZD","1760275218","23477/2025-10-20/1760275218.json"
"581514","221282","2025-10-20","36.00","NZD","1760275218","23477/2025-10-20/1760275218.json"
"512557","146154","2025-10-20","45.00","NZD","1760275218","23477/2025-10-20/1760275218.json"
"365170","146153","2025-10-20","48.00","NZD","1760275218","23477/2025-10-20/1760275218.json"
"510807","146155","2025-10-20","52.00","NZD","1760275218","23477/2025-10-20/1760275218.json"
"581513","221281","2025-10-22","36.00","NZD","1760275218","23477/2025-10-22/1760275218.json"
"581514","221282","2025-10-22","36.00","NZD","1760275218","23477/2025-10-22/1760275218.json"
"512557","146154","2025-10-22","45.00","NZD","1760275218","23477/2025-10-22/1760275218.json"
"365170","146153","2025-10-22","48.00","NZD","1760275218","23477/2025-10-22/1760275218.json"
"510807","146155","2025-10-22","52.00","NZD","1760275218","23477/2025-10-22/1760275218.json"
"581513","221281","2025-10-21","36.00","NZD","1760275218","23477/2025-10-21/1760275218.json"
"581514","221282","2025-10-21","36.00","NZD","1760275218","23477/2025-10-21/1760275218.json"
"512557","146154","2025-10-21","45.00","NZD","1760275218","23477/2025-10-21/1760275218.json"
"365170","146153","2025-10-21","48.00","NZD","1760275218","23477/2025-10-21/1760275218.json"
"510807","146155","2025-10-21","52.00","NZD","1760275218","23477/2025-10-21/1760275218.json"
"581513","221281","2025-10-23","36.00","NZD","1760275218","23477/2025-10-23/1760275218.json"
"581514","221282","2025-10-23","36.00","NZD","1760275218","23477/2025-10-23/1760275218.json"
"512557","146154","2025-10-23","45.00","NZD","1760275218","23477/2025-10-23/1760275218.json"
"365170","146153","2025-10-23","48.00","NZD","1760275218","23477/2025-10-23/1760275218.json"
"510807","146155","2025-10-23","52.00","NZD","1760275218","23477/2025-10-23/1760275218.json"
"581513","221281","2025-10-24","36.00","NZD","1760275218","23477/2025-10-24/1760275218.json"
"581514","221282","2025-10-24","36.00","NZD","1760275218","23477/2025-10-24/1760275218.json"
"512557","146154","2025-10-24","45.00","NZD","1760275218","23477/2025-10-24/1760275218.json"
"365170","146153","2025-10-24","48.00","NZD","1760275218","23477/2025-10-24/1760275218.json"
"510807","146155","2025-10-24","52.00","NZD","1760275218","23477/2025-10-24/1760275218.json"
"581513","221281","2025-10-25","38.00","NZD","1760275218","23477/2025-10-25/1760275218.json"
"581514","221282","2025-10-25","38.00","NZD","1760275218","23477/2025-10-25/1760275218.json"
"512557","146154","2025-10-25","45.00","NZD","1760275218","23477/2025-10-25/1760275218.json"
"365170","146153","2025-10-25","48.00","NZD","1760275218","23477/2025-10-25/1760275218.json"
"510807","146155","2025-10-25","52.00","NZD","1760275218","23477/2025-10-25/1760275218.json"
"581513","221281","2025-10-26","38.00","NZD","1760275218","23477/2025-10-26/1760275218.json"
"581514","221282","2025-10-26","38.00","NZD","1760275218","23477/2025-10-26/1760275218.json"
"512557","146154","2025-10-26","45.00","NZD","1760275218","23477/2025-10-26/1760275218.json"
"365170","146153","2025-10-26","48.00","NZD","1760275218","23477/2025-10-26/1760275218.json"
"510807","146155","2025-10-26","52.00","NZD","1760275218","23477/2025-10-26/1760275218.json"
"581513","221281","2025-10-27","38.00","NZD","1760275218","23477/2025-10-27/1760275218.json"
"581514","221282","2025-10-27","38.00","NZD","1760275218","23477/2025-10-27/1760275218.json"
"512557","146154","2025-10-27","45.00","NZD","1760275218","23477/2025-10-27/1760275218.json"
"365170","146153","2025-10-27","48.00","NZD","1760275218","23477/2025-10-27/1760275218.json"
"510807","146155","2025-10-27","52.00","NZD","1760275218","23477/2025-10-27/1760275218.json"
"581513","221281","2025-10-28","36.00","NZD","1760275218","23477/2025-10-28/1760275218.json"
"581514","221282","2025-10-28","36.00","NZD","1760275218","23477/2025-10-28/1760275218.json"
"512557","146154","2025-10-28","45.00","NZD","1760275218","23477/2025-10-28/1760275218.json"
"365170","146153","2025-10-28","48.00","NZD","1760275218","23477/2025-10-28/1760275218.json"
"510807","146155","2025-10-28","52.00","NZD","1760275218","23477/2025-10-28/1760275218.json"
"581513","221281","2025-10-29","36.00","NZD","1760275218","23477/2025-10-29/1760275218.json"
"581514","221282","2025-10-29","36.00","NZD","1760275218","23477/2025-10-29/1760275218.json"
"512557","146154","2025-10-29","45.00","NZD","1760275218","23477/2025-10-29/1760275218.json"
"365170","146153","2025-10-29","48.00","NZD","1760275218","23477/2025-10-29/1760275218.json"
"510807","146155","2025-10-29","52.00","NZD","1760275218","23477/2025-10-29/1760275218.json"
"581513","221281","2025-10-30","36.00","NZD","1760275218","23477/2025-10-30/1760275218.json"
"581514","221282","2025-10-30","36.00","NZD","1760275218","23477/2025-10-30/1760275218.json"
"512557","146154","2025-10-30","45.00","NZD","1760275218","23477/2025-10-30/1760275218.json"
"365170","146153","2025-10-30","48.00","NZD","1760275218","23477/2025-10-30/1760275218.json"
"510807","146155","2025-10-30","52.00","NZD","1760275218","23477/2025-10-30/1760275218.json"
"581513","221281","2025-10-31","36.00","NZD","1760275218","23477/2025-10-31/1760275218.json"
"581514","221282","2025-10-31","36.00","NZD","1760275218","23477/2025-10-31/1760275218.json"
"512557","146154","2025-10-31","45.00","NZD","1760275218","23477/2025-10-31/1760275218.json"
"365170","146153","2025-10-31","48.00","NZD","1760275218","23477/2025-10-31/1760275218.json"
"510807","146155","2025-10-31","52.00","NZD","1760275218","23477/2025-10-31/1760275218.json"
"581513","221281","2025-11-02","36.00","NZD","1760275218","23477/2025-11-02/1760275218.json"
"581514","221282","2025-11-02","36.00","NZD","1760275218","23477/2025-11-02/1760275218.json"
"512557","146154","2025-11-02","45.00","NZD","1760275218","23477/2025-11-02/1760275218.json"
"365170","146153","2025-11-02","48.00","NZD","1760275218","23477/2025-11-02/1760275218.json"
"510807","146155","2025-11-02","52.00","NZD","1760275218","23477/2025-11-02/1760275218.json"
"581513","221281","2025-11-01","36.00","NZD","1760275218","23477/2025-11-01/1760275218.json"
"581514","221282","2025-11-01","36.00","NZD","1760275218","23477/2025-11-01/1760275218.json"
"512557","146154","2025-11-01","45.00","NZD","1760275218","23477/2025-11-01/1760275218.json"
"365170","146153","2025-11-01","48.00","NZD","1760275218","23477/2025-11-01/1760275218.json"
"510807","146155","2025-11-01","52.00","NZD","1760275218","23477/2025-11-01/1760275218.json"
"581513","221281","2025-11-04","36.00","NZD","1760275218","23477/2025-11-04/1760275218.json"
"581514","221282","2025-11-04","36.00","NZD","1760275218","23477/2025-11-04/1760275218.json"
"512557","146154","2025-11-04","45.00","NZD","1760275218","23477/2025-11-04/1760275218.json"
"365170","146153","2025-11-04","48.00","NZD","1760275218","23477/2025-11-04/1760275218.json"
"510807","146155","2025-11-04","52.00","NZD","1760275218","23477/2025-11-04/1760275218.json"
"581513","221281","2025-11-03","36.00","NZD","1760275218","23477/2025-11-03/1760275218.json"
"581514","221282","2025-11-03","36.00","NZD","1760275218","23477/2025-11-03/1760275218.json"
"512557","146154","2025-11-03","45.00","NZD","1760275218","23477/2025-11-03/1760275218.json"
"365170","146153","2025-11-03","48.00","NZD","1760275218","23477/2025-11-03/1760275218.json"
"510807","146155","2025-11-03","52.00","NZD","1760275218","23477/2025-11-03/1760275218.json"
"581513","221281","2025-11-06","36.00","NZD","1760275218","23477/2025-11-06/1760275218.json"
"581514","221282","2025-11-06","36.00","NZD","1760275218","23477/2025-11-06/1760275218.json"
"512557","146154","2025-11-06","45.00","NZD","1760275218","23477/2025-11-06/1760275218.json"
"365170","146153","2025-11-06","48.00","NZD","1760275218","23477/2025-11-06/1760275218.json"
"510807","146155","2025-11-06","52.00","NZD","1760275218","23477/2025-11-06/1760275218.json"
"581513","221281","2025-11-05","36.00","NZD","1760275218","23477/2025-11-05/1760275218.json"
"581514","221282","2025-11-05","36.00","NZD","1760275218","23477/2025-11-05/1760275218.json"
"512557","146154","2025-11-05","45.00","NZD","1760275218","23477/2025-11-05/1760275218.json"
"365170","146153","2025-11-05","48.00","NZD","1760275218","23477/2025-11-05/1760275218.json"
"510807","146155","2025-11-05","52.00","NZD","1760275218","23477/2025-11-05/1760275218.json"
"581513","221281","2025-11-07","36.00","NZD","1760275218","23477/2025-11-07/1760275218.json"
"581514","221282","2025-11-07","36.00","NZD","1760275218","23477/2025-11-07/1760275218.json"
"512557","146154","2025-11-07","45.00","NZD","1760275218","23477/2025-11-07/1760275218.json"
"365170","146153","2025-11-07","48.00","NZD","1760275218","23477/2025-11-07/1760275218.json"
"510807","146155","2025-11-07","52.00","NZD","1760275218","23477/2025-11-07/1760275218.json"
"581513","221281","2025-11-08","36.00","NZD","1760275218","23477/2025-11-08/1760275218.json"
"581514","221282","2025-11-08","36.00","NZD","1760275218","23477/2025-11-08/1760275218.json"
"512557","146154","2025-11-08","45.00","NZD","1760275218","23477/2025-11-08/1760275218.json"
"365170","146153","2025-11-08","48.00","NZD","1760275218","23477/2025-11-08/1760275218.json"
"510807","146155","2025-11-08","52.00","NZD","1760275218","23477/2025-11-08/1760275218.json"
"581513","221281","2025-11-09","36.00","NZD","1760275218","23477/2025-11-09/1760275218.json"
"581514","221282","2025-11-09","36.00","NZD","1760275218","23477/2025-11-09/1760275218.json"
"512557","146154","2025-11-09","45.00","NZD","1760275218","23477/2025-11-09/1760275218.json"
"365170","146153","2025-11-09","48.00","NZD","1760275218","23477/2025-11-09/1760275218.json"
"510807","146155","2025-11-09","52.00","NZD","1760275218","23477/2025-11-09/1760275218.json"
"581513","221281","2025-11-10","36.00","NZD","1760275218","23477/2025-11-10/1760275218.json"
"581514","221282","2025-11-10","36.00","NZD","1760275218","23477/2025-11-10/1760275218.json"
"512557","146154","2025-11-10","45.00","NZD","1760275218","23477/2025-11-10/1760275218.json"
"365170","146153","2025-11-10","48.00","NZD","1760275218","23477/2025-11-10/1760275218.json"
"510807","146155","2025-11-10","52.00","NZD","1760275218","23477/2025-11-10/1760275218.json"
"581513","221281","2025-11-11","36.00","NZD","1760275218","23477/2025-11-11/1760275218.json"
"581514","221282","2025-11-11","36.00","NZD","1760275218","23477/2025-11-11/1760275218.json"
"512557","146154","2025-11-11","45.00","NZD","1760275218","23477/2025-11-11/1760275218.json"
"365170","146153","2025-11-11","48.00","NZD","1760275218","23477/2025-11-11/1760275218.json"
"510807","146155","2025-11-11","52.00","NZD","1760275218","23477/2025-11-11/1760275218.json"
"581513","221281","2025-11-12","36.00","NZD","1760275218","23477/2025-11-12/1760275218.json"
"581514","221282","2025-11-12","36.00","NZD","1760275218","23477/2025-11-12/1760275218.json"
"512557","146154","2025-11-12","45.00","NZD","1760275218","23477/2025-11-12/1760275218.json"
"365170","146153","2025-11-12","48.00","NZD","1760275218","23477/2025-11-12/1760275218.json"
"510807","146155","2025-11-12","52.00","NZD","1760275218","23477/2025-11-12/1760275218.json"
"581513","221281","2025-11-13","36.00","NZD","1760275218","23477/2025-11-13/1760275218.json"
"581514","221282","2025-11-13","36.00","NZD","1760275218","23477/2025-11-13/1760275218.json"
"512557","146154","2025-11-13","45.00","NZD","1760275218","23477/2025-11-13/1760275218.json"
"365170","146153","2025-11-13","48.00","NZD","1760275218","23477/2025-11-13/1760275218.json"
"510807","146155","2025-11-13","52.00","NZD","1760275218","23477/2025-11-13/1760275218.json"
"581513","221281","2025-11-14","36.00","NZD","1760275218","23477/2025-11-14/1760275218.json"
"581514","221282","2025-11-14","36.00","NZD","1760275218","23477/2025-11-14/1760275218.json"
"512557","146154","2025-11-14","45.00","NZD","1760275218","23477/2025-11-14/1760275218.json"
"365170","146153","2025-11-14","48.00","NZD","1760275218","23477/2025-11-14/1760275218.json"
"510807","146155","2025-11-14","52.00","NZD","1760275218","23477/2025-11-14/1760275218.json"
"581513","221281","2025-11-15","36.00","NZD","1760275218","23477/2025-11-15/1760275218.json"
"581514","221282","2025-11-15","36.00","NZD","1760275218","23477/2025-11-15/1760275218.json"
"512557","146154","2025-11-15","45.00","NZD","1760275218","23477/2025-11-15/1760275218.json"
"365170","146153","2025-11-15","48.00","NZD","1760275218","23477/2025-11-15/1760275218.json"
"510807","146155","2025-11-15","52.00","NZD","1760275218","23477/2025-11-15/1760275218.json"
"581513","221281","2025-11-16","36.00","NZD","1760275218","23477/2025-11-16/1760275218.json"
"581514","221282","2025-11-16","36.00","NZD","1760275218","23477/2025-11-16/1760275218.json"
"512557","146154","2025-11-16","45.00","NZD","1760275218","23477/2025-11-16/1760275218.json"
"365170","146153","2025-11-16","48.00","NZD","1760275218","23477/2025-11-16/1760275218.json"
"510807","146155","2025-11-16","52.00","NZD","1760275218","23477/2025-11-16/1760275218.json"
"581513","221281","2025-11-17","36.00","NZD","1760275218","23477/2025-11-17/1760275218.json"
"581514","221282","2025-11-17","36.00","NZD","1760275218","23477/2025-11-17/1760275218.json"
"512557","146154","2025-11-17","45.00","NZD","1760275218","23477/2025-11-17/1760275218.json"
"365170","146153","2025-11-17","48.00","NZD","1760275218","23477/2025-11-17/1760275218.json"
"510807","146155","2025-11-17","52.00","NZD","1760275218","23477/2025-11-17/1760275218.json"
"581513","221281","2025-11-18","36.00","NZD","1760275218","23477/2025-11-18/1760275218.json"
"581514","221282","2025-11-18","36.00","NZD","1760275218","23477/2025-11-18/1760275218.json"
"512557","146154","2025-11-18","45.00","NZD","1760275218","23477/2025-11-18/1760275218.json"
"365170","146153","2025-11-18","48.00","NZD","1760275218","23477/2025-11-18/1760275218.json"
"510807","146155","2025-11-18","52.00","NZD","1760275218","23477/2025-11-18/1760275218.json"
"581513","221281","2025-11-19","36.00","NZD","1760275218","23477/2025-11-19/1760275218.json"
"581514","221282","2025-11-19","36.00","NZD","1760275218","23477/2025-11-19/1760275218.json"
"512557","146154","2025-11-19","45.00","NZD","1760275218","23477/2025-11-19/1760275218.json"
"365170","146153","2025-11-19","48.00","NZD","1760275218","23477/2025-11-19/1760275218.json"
"510807","146155","2025-11-19","52.00","NZD","1760275218","23477/2025-11-19/1760275218.json"
"581513","221281","2025-11-20","36.00","NZD","1760275218","23477/2025-11-20/1760275218.json"
"581514","221282","2025-11-20","36.00","NZD","1760275218","23477/2025-11-20/1760275218.json"
"512557","146154","2025-11-20","45.00","NZD","1760275218","23477/2025-11-20/1760275218.json"
"581513","221281","2025-11-22","36.00","NZD","1760275218","23477/2025-11-22/1760275218.json"
"581514","221282","2025-11-22","36.00","NZD","1760275218","23477/2025-11-22/1760275218.json"
"512557","146154","2025-11-22","45.00","NZD","1760275218","23477/2025-11-22/1760275218.json"
"365170","146153","2025-11-22","48.00","NZD","1760275218","23477/2025-11-22/1760275218.json"
"510807","146155","2025-11-22","52.00","NZD","1760275218","23477/2025-11-22/1760275218.json"
"581513","221281","2025-11-21","36.00","NZD","1760275218","23477/2025-11-21/1760275218.json"
"581514","221282","2025-11-21","36.00","NZD","1760275218","23477/2025-11-21/1760275218.json"
"512557","146154","2025-11-21","45.00","NZD","1760275218","23477/2025-11-21/1760275218.json"
"365170","146153","2025-11-21","48.00","NZD","1760275218","23477/2025-11-21/1760275218.json"
"510807","146155","2025-11-21","52.00","NZD","1760275218","23477/2025-11-21/1760275218.json"
"581513","221281","2025-11-23","36.00","NZD","1760275218","23477/2025-11-23/1760275218.json"
"581514","221282","2025-11-23","36.00","NZD","1760275218","23477/2025-11-23/1760275218.json"
"512557","146154","2025-11-23","45.00","NZD","1760275218","23477/2025-11-23/1760275218.json"
"365170","146153","2025-11-23","48.00","NZD","1760275218","23477/2025-11-23/1760275218.json"
"510807","146155","2025-11-23","52.00","NZD","1760275218","23477/2025-11-23/1760275218.json"
"581513","221281","2025-11-24","36.00","NZD","1760275218","23477/2025-11-24/1760275218.json"
"581514","221282","2025-11-24","36.00","NZD","1760275218","23477/2025-11-24/1760275218.json"
"512557","146154","2025-11-24","45.00","NZD","1760275218","23477/2025-11-24/1760275218.json"
"365170","146153","2025-11-24","48.00","NZD","1760275218","23477/2025-11-24/1760275218.json"
"510807","146155","2025-11-24","52.00","NZD","1760275218","23477/2025-11-24/1760275218.json"
"581513","221281","2025-11-25","36.00","NZD","1760275218","23477/2025-11-25/1760275218.json"
"581514","221282","2025-11-25","36.00","NZD","1760275218","23477/2025-11-25/1760275218.json"
"512557","146154","2025-11-25","45.00","NZD","1760275218","23477/2025-11-25/1760275218.json"
"365170","146153","2025-11-25","48.00","NZD","1760275218","23477/2025-11-25/1760275218.json"
"510807","146155","2025-11-25","52.00","NZD","1760275218","23477/2025-11-25/1760275218.json"
"581513","221281","2025-11-26","36.00","NZD","1760275218","23477/2025-11-26/1760275218.json"
"581514","221282","2025-11-26","36.00","NZD","1760275218","23477/2025-11-26/1760275218.json"
"512557","146154","2025-11-26","45.00","NZD","1760275218","23477/2025-11-26/1760275218.json"
"365170","146153","2025-11-26","48.00","NZD","1760275218","23477/2025-11-26/1760275218.json"
"510807","146155","2025-11-26","52.00","NZD","1760275218","23477/2025-11-26/1760275218.json"
"581513","221281","2025-11-27","36.00","NZD","1760275218","23477/2025-11-27/1760275218.json"
"581514","221282","2025-11-27","36.00","NZD","1760275218","23477/2025-11-27/1760275218.json"
"512557","146154","2025-11-27","45.00","NZD","1760275218","23477/2025-11-27/1760275218.json"
"365170","146153","2025-11-27","48.00","NZD","1760275218","23477/2025-11-27/1760275218.json"
"510807","146155","2025-11-27","52.00","NZD","1760275218","23477/2025-11-27/1760275218.json"
"581513","221281","2025-11-28","36.00","NZD","1760275218","23477/2025-11-28/1760275218.json"
"581514","221282","2025-11-28","36.00","NZD","1760275218","23477/2025-11-28/1760275218.json"
"512557","146154","2025-11-28","45.00","NZD","1760275218","23477/2025-11-28/1760275218.json"
"365170","146153","2025-11-28","48.00","NZD","1760275218","23477/2025-11-28/1760275218.json"
"510807","146155","2025-11-28","52.00","NZD","1760275218","23477/2025-11-28/1760275218.json"
"581513","221281","2025-11-29","36.00","NZD","1760275218","23477/2025-11-29/1760275218.json"
"581514","221282","2025-11-29","36.00","NZD","1760275218","23477/2025-11-29/1760275218.json"
"512557","146154","2025-11-29","45.00","NZD","1760275218","23477/2025-11-29/1760275218.json"
"365170","146153","2025-11-29","48.00","NZD","1760275218","23477/2025-11-29/1760275218.json"
"510807","146155","2025-11-29","52.00","NZD","1760275218","23477/2025-11-29/1760275218.json"
"581513","221281","2025-12-01","36.00","NZD","1760275218","23477/2025-12-01/1760275218.json"
"581514","221282","2025-12-01","36.00","NZD","1760275218","23477/2025-12-01/1760275218.json"
"512557","146154","2025-12-01","45.00","NZD","1760275218","23477/2025-12-01/1760275218.json"
"365170","146153","2025-12-01","48.00","NZD","1760275218","23477/2025-12-01/1760275218.json"
"510807","146155","2025-12-01","52.00","NZD","1760275218","23477/2025-12-01/1760275218.json"
"581513","221281","2025-11-30","36.00","NZD","1760275218","23477/2025-11-30/1760275218.json"
"581514","221282","2025-11-30","36.00","NZD","1760275218","23477/2025-11-30/1760275218.json"
"512557","146154","2025-11-30","45.00","NZD","1760275218","23477/2025-11-30/1760275218.json"
"365170","146153","2025-11-30","48.00","NZD","1760275218","23477/2025-11-30/1760275218.json"
"510807","146155","2025-11-30","52.00","NZD","1760275218","23477/2025-11-30/1760275218.json"
"581513","221281","2025-12-02","36.00","NZD","1760275218","23477/2025-12-02/1760275218.json"
"581514","221282","2025-12-02","36.00","NZD","1760275218","23477/2025-12-02/1760275218.json"
"512557","146154","2025-12-02","45.00","NZD","1760275218","23477/2025-12-02/1760275218.json"
"365170","146153","2025-12-02","48.00","NZD","1760275218","23477/2025-12-02/1760275218.json"
"510807","146155","2025-12-02","52.00","NZD","1760275218","23477/2025-12-02/1760275218.json"
"581513","221281","2025-12-03","36.00","NZD","1760275218","23477/2025-12-03/1760275218.json"
"581514","221282","2025-12-03","36.00","NZD","1760275218","23477/2025-12-03/1760275218.json"
"512557","146154","2025-12-03","45.00","NZD","1760275218","23477/2025-12-03/1760275218.json"
"365170","146153","2025-12-03","48.00","NZD","1760275218","23477/2025-12-03/1760275218.json"
"510807","146155","2025-12-03","52.00","NZD","1760275218","23477/2025-12-03/1760275218.json"
"581513","221281","2025-12-04","36.00","NZD","1760275218","23477/2025-12-04/1760275218.json"
"581514","221282","2025-12-04","36.00","NZD","1760275218","23477/2025-12-04/1760275218.json"
"512557","146154","2025-12-04","45.00","NZD","1760275218","23477/2025-12-04/1760275218.json"
"365170","146153","2025-12-04","48.00","NZD","1760275218","23477/2025-12-04/1760275218.json"
"510807","146155","2025-12-04","52.00","NZD","1760275218","23477/2025-12-04/1760275218.json"
"581513","221281","2025-12-05","36.00","NZD","1760275218","23477/2025-12-05/1760275218.json"
"581514","221282","2025-12-05","36.00","NZD","1760275218","23477/2025-12-05/1760275218.json"
"512557","146154","2025-12-05","45.00","NZD","1760275218","23477/2025-12-05/1760275218.json"
"365170","146153","2025-12-05","48.00","NZD","1760275218","23477/2025-12-05/1760275218.json"
"510807","146155","2025-12-05","52.00","NZD","1760275218","23477/2025-12-05/1760275218.json"
"581513","221281","2025-12-06","36.00","NZD","1760275218","23477/2025-12-06/1760275218.json"
"581514","221282","2025-12-06","36.00","NZD","1760275218","23477/2025-12-06/1760275218.json"
"512557","146154","2025-12-06","45.00","NZD","1760275218","23477/2025-12-06/1760275218.json"
"365170","146153","2025-12-06","48.00","NZD","1760275218","23477/2025-12-06/1760275218.json"
"510807","146155","2025-12-06","52.00","NZD","1760275218","23477/2025-12-06/1760275218.json"
"581513","221281","2025-12-07","36.00","NZD","1760275218","23477/2025-12-07/1760275218.json"
"581514","221282","2025-12-07","36.00","NZD","1760275218","23477/2025-12-07/1760275218.json"
"512557","146154","2025-12-07","45.00","NZD","1760275218","23477/2025-12-07/1760275218.json"
"365170","146153","2025-12-07","48.00","NZD","1760275218","23477/2025-12-07/1760275218.json"
"510807","146155","2025-12-07","52.00","NZD","1760275218","23477/2025-12-07/1760275218.json"
"581513","221281","2025-12-09","36.00","NZD","1760275218","23477/2025-12-09/1760275218.json"
"581514","221282","2025-12-09","36.00","NZD","1760275218","23477/2025-12-09/1760275218.json"
"512557","146154","2025-12-09","45.00","NZD","1760275218","23477/2025-12-09/1760275218.json"
"365170","146153","2025-12-09","48.00","NZD","1760275218","23477/2025-12-09/1760275218.json"
"510807","146155","2025-12-09","52.00","NZD","1760275218","23477/2025-12-09/1760275218.json"
"581513","221281","2025-12-10","36.00","NZD","1760275218","23477/2025-12-10/1760275218.json"
"581514","221282","2025-12-10","36.00","NZD","1760275218","23477/2025-12-10/1760275218.json"
"512557","146154","2025-12-10","45.00","NZD","1760275218","23477/2025-12-10/1760275218.json"
"365170","146153","2025-12-10","48.00","NZD","1760275218","23477/2025-12-10/1760275218.json"
"510807","146155","2025-12-10","52.00","NZD","1760275218","23477/2025-12-10/1760275218.json"
"581513","221281","2025-12-11","36.00","NZD","1760275218","23477/2025-12-11/1760275218.json"
"581514","221282","2025-12-11","36.00","NZD","1760275218","23477/2025-12-11/1760275218.json"
"512557","146154","2025-12-11","45.00","NZD","1760275218","23477/2025-12-11/1760275218.json"
"365170","146153","2025-12-11","48.00","NZD","1760275218","23477/2025-12-11/1760275218.json"
"510807","146155","2025-12-11","52.00","NZD","1760275218","23477/2025-12-11/1760275218.json"
"581513","221281","2025-12-08","36.00","NZD","1760275218","23477/2025-12-08/1760275218.json"
"581514","221282","2025-12-08","36.00","NZD","1760275218","23477/2025-12-08/1760275218.json"
"512557","146154","2025-12-08","45.00","NZD","1760275218","23477/2025-12-08/1760275218.json"
"365170","146153","2025-12-08","48.00","NZD","1760275218","23477/2025-12-08/1760275218.json"
"510807","146155","2025-12-08","52.00","NZD","1760275218","23477/2025-12-08/1760275218.json"
"581513","221281","2025-10-13","36.00","NZD","1760288051","23477/2025-10-13/1760288051.json"
"581514","221282","2025-10-13","36.00","NZD","1760288051","23477/2025-10-13/1760288051.json"
"512557","146154","2025-10-13","45.00","NZD","1760288051","23477/2025-10-13/1760288051.json"
"365170","146153","2025-10-13","48.00","NZD","1760288051","23477/2025-10-13/1760288051.json"
"510807","146155","2025-10-13","52.00","NZD","1760288051","23477/2025-10-13/1760288051.json"
"581513","221281","2025-10-15","36.00","NZD","1760288051","23477/2025-10-15/1760288051.json"
"581514","221282","2025-10-15","36.00","NZD","1760288051","23477/2025-10-15/1760288051.json"
"512557","146154","2025-10-15","45.00","NZD","1760288051","23477/2025-10-15/1760288051.json"
"365170","146153","2025-10-15","48.00","NZD","1760288051","23477/2025-10-15/1760288051.json"
"510807","146155","2025-10-15","52.00","NZD","1760288051","23477/2025-10-15/1760288051.json"
"581513","221281","2025-10-14","36.00","NZD","1760288051","23477/2025-10-14/1760288051.json"
"581514","221282","2025-10-14","36.00","NZD","1760288051","23477/2025-10-14/1760288051.json"
"512557","146154","2025-10-14","45.00","NZD","1760288051","23477/2025-10-14/1760288051.json"
"365170","146153","2025-10-14","48.00","NZD","1760288051","23477/2025-10-14/1760288051.json"
"510807","146155","2025-10-14","52.00","NZD","1760288051","23477/2025-10-14/1760288051.json"
"581513","221281","2025-10-16","36.00","NZD","1760288051","23477/2025-10-16/1760288051.json"
"581514","221282","2025-10-16","36.00","NZD","1760288051","23477/2025-10-16/1760288051.json"
"512557","146154","2025-10-16","45.00","NZD","1760288051","23477/2025-10-16/1760288051.json"
"365170","146153","2025-10-16","48.00","NZD","1760288051","23477/2025-10-16/1760288051.json"
"510807","146155","2025-10-16","52.00","NZD","1760288051","23477/2025-10-16/1760288051.json"
"581513","221281","2025-10-18","36.00","NZD","1760288051","23477/2025-10-18/1760288051.json"
"581514","221282","2025-10-18","36.00","NZD","1760288051","23477/2025-10-18/1760288051.json"
"512557","146154","2025-10-18","45.00","NZD","1760288051","23477/2025-10-18/1760288051.json"
"365170","146153","2025-10-18","48.00","NZD","1760288051","23477/2025-10-18/1760288051.json"
"510807","146155","2025-10-18","52.00","NZD","1760288051","23477/2025-10-18/1760288051.json"
"581513","221281","2025-10-17","36.00","NZD","1760288051","23477/2025-10-17/1760288051.json"
"581514","221282","2025-10-17","36.00","NZD","1760288051","23477/2025-10-17/1760288051.json"
"512557","146154","2025-10-17","45.00","NZD","1760288051","23477/2025-10-17/1760288051.json"
"365170","146153","2025-10-17","48.00","NZD","1760288051","23477/2025-10-17/1760288051.json"
"510807","146155","2025-10-17","52.00","NZD","1760288051","23477/2025-10-17/1760288051.json"
"581513","221281","2025-10-21","36.00","NZD","1760288051","23477/2025-10-21/1760288051.json"
"581514","221282","2025-10-21","36.00","NZD","1760288051","23477/2025-10-21/1760288051.json"
"512557","146154","2025-10-21","45.00","NZD","1760288051","23477/2025-10-21/1760288051.json"
"365170","146153","2025-10-21","48.00","NZD","1760288051","23477/2025-10-21/1760288051.json"
"510807","146155","2025-10-21","52.00","NZD","1760288051","23477/2025-10-21/1760288051.json"
"581513","221281","2025-10-22","36.00","NZD","1760288051","23477/2025-10-22/1760288051.json"
"581514","221282","2025-10-22","36.00","NZD","1760288051","23477/2025-10-22/1760288051.json"
"512557","146154","2025-10-22","45.00","NZD","1760288051","23477/2025-10-22/1760288051.json"
"365170","146153","2025-10-22","48.00","NZD","1760288051","23477/2025-10-22/1760288051.json"
"510807","146155","2025-10-22","52.00","NZD","1760288051","23477/2025-10-22/1760288051.json"
"581513","221281","2025-10-24","36.00","NZD","1760288051","23477/2025-10-24/1760288051.json"
"581514","221282","2025-10-24","36.00","NZD","1760288051","23477/2025-10-24/1760288051.json"
"512557","146154","2025-10-24","45.00","NZD","1760288051","23477/2025-10-24/1760288051.json"
"365170","146153","2025-10-24","48.00","NZD","1760288051","23477/2025-10-24/1760288051.json"
"510807","146155","2025-10-24","52.00","NZD","1760288051","23477/2025-10-24/1760288051.json"
"581513","221281","2025-10-23","36.00","NZD","1760288051","23477/2025-10-23/1760288051.json"
"581514","221282","2025-10-23","36.00","NZD","1760288051","23477/2025-10-23/1760288051.json"
"512557","146154","2025-10-23","45.00","NZD","1760288051","23477/2025-10-23/1760288051.json"
"365170","146153","2025-10-23","48.00","NZD","1760288051","23477/2025-10-23/1760288051.json"
"510807","146155","2025-10-23","52.00","NZD","1760288051","23477/2025-10-23/1760288051.json"
"581513","221281","2025-10-25","38.00","NZD","1760288051","23477/2025-10-25/1760288051.json"
"581514","221282","2025-10-25","38.00","NZD","1760288051","23477/2025-10-25/1760288051.json"
"512557","146154","2025-10-25","45.00","NZD","1760288051","23477/2025-10-25/1760288051.json"
"365170","146153","2025-10-25","48.00","NZD","1760288051","23477/2025-10-25/1760288051.json"
"510807","146155","2025-10-25","52.00","NZD","1760288051","23477/2025-10-25/1760288051.json"
"581513","221281","2025-10-26","38.00","NZD","1760288051","23477/2025-10-26/1760288051.json"
"581514","221282","2025-10-26","38.00","NZD","1760288051","23477/2025-10-26/1760288051.json"
"512557","146154","2025-10-26","45.00","NZD","1760288051","23477/2025-10-26/1760288051.json"
"365170","146153","2025-10-26","48.00","NZD","1760288051","23477/2025-10-26/1760288051.json"
"510807","146155","2025-10-26","52.00","NZD","1760288051","23477/2025-10-26/1760288051.json"
"581513","221281","2025-10-27","38.00","NZD","1760288051","23477/2025-10-27/1760288051.json"
"581514","221282","2025-10-27","38.00","NZD","1760288051","23477/2025-10-27/1760288051.json"
"512557","146154","2025-10-27","45.00","NZD","1760288051","23477/2025-10-27/1760288051.json"
"365170","146153","2025-10-27","48.00","NZD","1760288051","23477/2025-10-27/1760288051.json"
"510807","146155","2025-10-27","52.00","NZD","1760288051","23477/2025-10-27/1760288051.json"
"581513","221281","2025-10-28","36.00","NZD","1760288051","23477/2025-10-28/1760288051.json"
"581514","221282","2025-10-28","36.00","NZD","1760288051","23477/2025-10-28/1760288051.json"
"512557","146154","2025-10-28","45.00","NZD","1760288051","23477/2025-10-28/1760288051.json"
"365170","146153","2025-10-28","48.00","NZD","1760288051","23477/2025-10-28/1760288051.json"
"510807","146155","2025-10-28","52.00","NZD","1760288051","23477/2025-10-28/1760288051.json"
"581513","221281","2025-10-29","36.00","NZD","1760288051","23477/2025-10-29/1760288051.json"
"581514","221282","2025-10-29","36.00","NZD","1760288051","23477/2025-10-29/1760288051.json"
"512557","146154","2025-10-29","45.00","NZD","1760288051","23477/2025-10-29/1760288051.json"
"365170","146153","2025-10-29","48.00","NZD","1760288051","23477/2025-10-29/1760288051.json"
"510807","146155","2025-10-29","52.00","NZD","1760288051","23477/2025-10-29/1760288051.json"
"581513","221281","2025-10-31","36.00","NZD","1760288051","23477/2025-10-31/1760288051.json"
"581514","221282","2025-10-31","36.00","NZD","1760288051","23477/2025-10-31/1760288051.json"
"512557","146154","2025-10-31","45.00","NZD","1760288051","23477/2025-10-31/1760288051.json"
"365170","146153","2025-10-31","48.00","NZD","1760288051","23477/2025-10-31/1760288051.json"
"510807","146155","2025-10-31","52.00","NZD","1760288051","23477/2025-10-31/1760288051.json"
"581513","221281","2025-10-30","36.00","NZD","1760288051","23477/2025-10-30/1760288051.json"
"581514","221282","2025-10-30","36.00","NZD","1760288051","23477/2025-10-30/1760288051.json"
"512557","146154","2025-10-30","45.00","NZD","1760288051","23477/2025-10-30/1760288051.json"
"365170","146153","2025-10-30","48.00","NZD","1760288051","23477/2025-10-30/1760288051.json"
"510807","146155","2025-10-30","52.00","NZD","1760288051","23477/2025-10-30/1760288051.json"
"581513","221281","2025-11-01","36.00","NZD","1760288051","23477/2025-11-01/1760288051.json"
"581514","221282","2025-11-01","36.00","NZD","1760288051","23477/2025-11-01/1760288051.json"
"512557","146154","2025-11-01","45.00","NZD","1760288051","23477/2025-11-01/1760288051.json"
"365170","146153","2025-11-01","48.00","NZD","1760288051","23477/2025-11-01/1760288051.json"
"510807","146155","2025-11-01","52.00","NZD","1760288051","23477/2025-11-01/1760288051.json"
"581513","221281","2025-10-20","36.00","NZD","1760288051","23477/2025-10-20/1760288051.json"
"581514","221282","2025-10-20","36.00","NZD","1760288051","23477/2025-10-20/1760288051.json"
"512557","146154","2025-10-20","45.00","NZD","1760288051","23477/2025-10-20/1760288051.json"
"365170","146153","2025-10-20","48.00","NZD","1760288051","23477/2025-10-20/1760288051.json"
"510807","146155","2025-10-20","52.00","NZD","1760288051","23477/2025-10-20/1760288051.json"
"581513","221281","2025-11-02","36.00","NZD","1760288051","23477/2025-11-02/1760288051.json"
"581514","221282","2025-11-02","36.00","NZD","1760288051","23477/2025-11-02/1760288051.json"
"512557","146154","2025-11-02","45.00","NZD","1760288051","23477/2025-11-02/1760288051.json"
"365170","146153","2025-11-02","48.00","NZD","1760288051","23477/2025-11-02/1760288051.json"
"510807","146155","2025-11-02","52.00","NZD","1760288051","23477/2025-11-02/1760288051.json"
"581513","221281","2025-10-19","36.00","NZD","1760288051","23477/2025-10-19/1760288051.json"
"581514","221282","2025-10-19","36.00","NZD","1760288051","23477/2025-10-19/1760288051.json"
"512557","146154","2025-10-19","45.00","NZD","1760288051","23477/2025-10-19/1760288051.json"
"365170","146153","2025-10-19","48.00","NZD","1760288051","23477/2025-10-19/1760288051.json"
"510807","146155","2025-10-19","52.00","NZD","1760288051","23477/2025-10-19/1760288051.json"
"581513","221281","2025-11-03","36.00","NZD","1760288051","23477/2025-11-03/1760288051.json"
"581514","221282","2025-11-03","36.00","NZD","1760288051","23477/2025-11-03/1760288051.json"
"512557","146154","2025-11-03","45.00","NZD","1760288051","23477/2025-11-03/1760288051.json"
"365170","146153","2025-11-03","48.00","NZD","1760288051","23477/2025-11-03/1760288051.json"
"510807","146155","2025-11-03","52.00","NZD","1760288051","23477/2025-11-03/1760288051.json"
"581513","221281","2025-11-06","36.00","NZD","1760288051","23477/2025-11-06/1760288051.json"
"581514","221282","2025-11-06","36.00","NZD","1760288051","23477/2025-11-06/1760288051.json"
"512557","146154","2025-11-06","45.00","NZD","1760288051","23477/2025-11-06/1760288051.json"
"365170","146153","2025-11-06","48.00","NZD","1760288051","23477/2025-11-06/1760288051.json"
"510807","146155","2025-11-06","52.00","NZD","1760288051","23477/2025-11-06/1760288051.json"
"581513","221281","2025-11-07","36.00","NZD","1760288051","23477/2025-11-07/1760288051.json"
"581514","221282","2025-11-07","36.00","NZD","1760288051","23477/2025-11-07/1760288051.json"
"512557","146154","2025-11-07","45.00","NZD","1760288051","23477/2025-11-07/1760288051.json"
"365170","146153","2025-11-07","48.00","NZD","1760288051","23477/2025-11-07/1760288051.json"
"510807","146155","2025-11-07","52.00","NZD","1760288051","23477/2025-11-07/1760288051.json"
"581513","221281","2025-11-04","36.00","NZD","1760288051","23477/2025-11-04/1760288051.json"
"581514","221282","2025-11-04","36.00","NZD","1760288051","23477/2025-11-04/1760288051.json"
"512557","146154","2025-11-04","45.00","NZD","1760288051","23477/2025-11-04/1760288051.json"
"365170","146153","2025-11-04","48.00","NZD","1760288051","23477/2025-11-04/1760288051.json"
"510807","146155","2025-11-04","52.00","NZD","1760288051","23477/2025-11-04/1760288051.json"
"581513","221281","2025-11-05","36.00","NZD","1760288051","23477/2025-11-05/1760288051.json"
"581514","221282","2025-11-05","36.00","NZD","1760288051","23477/2025-11-05/1760288051.json"
"512557","146154","2025-11-05","45.00","NZD","1760288051","23477/2025-11-05/1760288051.json"
"365170","146153","2025-11-05","48.00","NZD","1760288051","23477/2025-11-05/1760288051.json"
"510807","146155","2025-11-05","52.00","NZD","1760288051","23477/2025-11-05/1760288051.json"
"581513","221281","2025-11-08","36.00","NZD","1760288051","23477/2025-11-08/1760288051.json"
"581514","221282","2025-11-08","36.00","NZD","1760288051","23477/2025-11-08/1760288051.json"
"512557","146154","2025-11-08","45.00","NZD","1760288051","23477/2025-11-08/1760288051.json"
"365170","146153","2025-11-08","48.00","NZD","1760288051","23477/2025-11-08/1760288051.json"
"510807","146155","2025-11-08","52.00","NZD","1760288051","23477/2025-11-08/1760288051.json"
"581513","221281","2025-11-09","36.00","NZD","1760288051","23477/2025-11-09/1760288051.json"
"581514","221282","2025-11-09","36.00","NZD","1760288051","23477/2025-11-09/1760288051.json"
"512557","146154","2025-11-09","45.00","NZD","1760288051","23477/2025-11-09/1760288051.json"
"365170","146153","2025-11-09","48.00","NZD","1760288051","23477/2025-11-09/1760288051.json"
"510807","146155","2025-11-09","52.00","NZD","1760288051","23477/2025-11-09/1760288051.json"
"581513","221281","2025-11-10","36.00","NZD","1760288051","23477/2025-11-10/1760288051.json"
"581514","221282","2025-11-10","36.00","NZD","1760288051","23477/2025-11-10/1760288051.json"
"512557","146154","2025-11-10","45.00","NZD","1760288051","23477/2025-11-10/1760288051.json"
"365170","146153","2025-11-10","48.00","NZD","1760288051","23477/2025-11-10/1760288051.json"
"510807","146155","2025-11-10","52.00","NZD","1760288051","23477/2025-11-10/1760288051.json"
"581513","221281","2025-11-11","36.00","NZD","1760288051","23477/2025-11-11/1760288051.json"
"581514","221282","2025-11-11","36.00","NZD","1760288051","23477/2025-11-11/1760288051.json"
"512557","146154","2025-11-11","45.00","NZD","1760288051","23477/2025-11-11/1760288051.json"
"365170","146153","2025-11-11","48.00","NZD","1760288051","23477/2025-11-11/1760288051.json"
"510807","146155","2025-11-11","52.00","NZD","1760288051","23477/2025-11-11/1760288051.json"
"581513","221281","2025-11-13","36.00","NZD","1760288051","23477/2025-11-13/1760288051.json"
"581514","221282","2025-11-13","36.00","NZD","1760288051","23477/2025-11-13/1760288051.json"
"512557","146154","2025-11-13","45.00","NZD","1760288051","23477/2025-11-13/1760288051.json"
"365170","146153","2025-11-13","48.00","NZD","1760288051","23477/2025-11-13/1760288051.json"
"510807","146155","2025-11-13","52.00","NZD","1760288051","23477/2025-11-13/1760288051.json"
"581513","221281","2025-11-12","36.00","NZD","1760288051","23477/2025-11-12/1760288051.json"
"581514","221282","2025-11-12","36.00","NZD","1760288051","23477/2025-11-12/1760288051.json"
"512557","146154","2025-11-12","45.00","NZD","1760288051","23477/2025-11-12/1760288051.json"
"365170","146153","2025-11-12","48.00","NZD","1760288051","23477/2025-11-12/1760288051.json"
"510807","146155","2025-11-12","52.00","NZD","1760288051","23477/2025-11-12/1760288051.json"
"581513","221281","2025-11-14","36.00","NZD","1760288051","23477/2025-11-14/1760288051.json"
"581514","221282","2025-11-14","36.00","NZD","1760288051","23477/2025-11-14/1760288051.json"
"512557","146154","2025-11-14","45.00","NZD","1760288051","23477/2025-11-14/1760288051.json"
"365170","146153","2025-11-14","48.00","NZD","1760288051","23477/2025-11-14/1760288051.json"
"510807","146155","2025-11-14","52.00","NZD","1760288051","23477/2025-11-14/1760288051.json"
"581513","221281","2025-11-15","36.00","NZD","1760288051","23477/2025-11-15/1760288051.json"
"581514","221282","2025-11-15","36.00","NZD","1760288051","23477/2025-11-15/1760288051.json"
"512557","146154","2025-11-15","45.00","NZD","1760288051","23477/2025-11-15/1760288051.json"
"365170","146153","2025-11-15","48.00","NZD","1760288051","23477/2025-11-15/1760288051.json"
"510807","146155","2025-11-15","52.00","NZD","1760288051","23477/2025-11-15/1760288051.json"
"581513","221281","2025-11-17","36.00","NZD","1760288051","23477/2025-11-17/1760288051.json"
"581514","221282","2025-11-17","36.00","NZD","1760288051","23477/2025-11-17/1760288051.json"
"512557","146154","2025-11-17","45.00","NZD","1760288051","23477/2025-11-17/1760288051.json"
"365170","146153","2025-11-17","48.00","NZD","1760288051","23477/2025-11-17/1760288051.json"
"510807","146155","2025-11-17","52.00","NZD","1760288051","23477/2025-11-17/1760288051.json"
"581513","221281","2025-11-18","36.00","NZD","1760288051","23477/2025-11-18/1760288051.json"
"581514","221282","2025-11-18","36.00","NZD","1760288051","23477/2025-11-18/1760288051.json"
"512557","146154","2025-11-18","45.00","NZD","1760288051","23477/2025-11-18/1760288051.json"
"365170","146153","2025-11-18","48.00","NZD","1760288051","23477/2025-11-18/1760288051.json"
"510807","146155","2025-11-18","52.00","NZD","1760288051","23477/2025-11-18/1760288051.json"
"581513","221281","2025-11-16","36.00","NZD","1760288051","23477/2025-11-16/1760288051.json"
"581514","221282","2025-11-16","36.00","NZD","1760288051","23477/2025-11-16/1760288051.json"
"512557","146154","2025-11-16","45.00","NZD","1760288051","23477/2025-11-16/1760288051.json"
"365170","146153","2025-11-16","48.00","NZD","1760288051","23477/2025-11-16/1760288051.json"
"510807","146155","2025-11-16","52.00","NZD","1760288051","23477/2025-11-16/1760288051.json"
"581513","221281","2025-11-19","36.00","NZD","1760288051","23477/2025-11-19/1760288051.json"
"581514","221282","2025-11-19","36.00","NZD","1760288051","23477/2025-11-19/1760288051.json"
"512557","146154","2025-11-19","45.00","NZD","1760288051","23477/2025-11-19/1760288051.json"
"365170","146153","2025-11-19","48.00","NZD","1760288051","23477/2025-11-19/1760288051.json"
"510807","146155","2025-11-19","52.00","NZD","1760288051","23477/2025-11-19/1760288051.json"
"581513","221281","2025-11-20","36.00","NZD","1760288051","23477/2025-11-20/1760288051.json"
"581514","221282","2025-11-20","36.00","NZD","1760288051","23477/2025-11-20/1760288051.json"
"512557","146154","2025-11-20","45.00","NZD","1760288051","23477/2025-11-20/1760288051.json"
"581513","221281","2025-11-23","36.00","NZD","1760288051","23477/2025-11-23/1760288051.json"
"581514","221282","2025-11-23","36.00","NZD","1760288051","23477/2025-11-23/1760288051.json"
"512557","146154","2025-11-23","45.00","NZD","1760288051","23477/2025-11-23/1760288051.json"
"365170","146153","2025-11-23","48.00","NZD","1760288051","23477/2025-11-23/1760288051.json"
"510807","146155","2025-11-23","52.00","NZD","1760288051","23477/2025-11-23/1760288051.json"
"581513","221281","2025-11-21","36.00","NZD","1760288051","23477/2025-11-21/1760288051.json"
"581514","221282","2025-11-21","36.00","NZD","1760288051","23477/2025-11-21/1760288051.json"
"512557","146154","2025-11-21","45.00","NZD","1760288051","23477/2025-11-21/1760288051.json"
"365170","146153","2025-11-21","48.00","NZD","1760288051","23477/2025-11-21/1760288051.json"
"510807","146155","2025-11-21","52.00","NZD","1760288051","23477/2025-11-21/1760288051.json"
"581513","221281","2025-11-22","36.00","NZD","1760288051","23477/2025-11-22/1760288051.json"
"581514","221282","2025-11-22","36.00","NZD","1760288051","23477/2025-11-22/1760288051.json"
"512557","146154","2025-11-22","45.00","NZD","1760288051","23477/2025-11-22/1760288051.json"
"365170","146153","2025-11-22","48.00","NZD","1760288051","23477/2025-11-22/1760288051.json"
"510807","146155","2025-11-22","52.00","NZD","1760288051","23477/2025-11-22/1760288051.json"
"581513","221281","2025-11-24","36.00","NZD","1760288051","23477/2025-11-24/1760288051.json"
"581514","221282","2025-11-24","36.00","NZD","1760288051","23477/2025-11-24/1760288051.json"
"512557","146154","2025-11-24","45.00","NZD","1760288051","23477/2025-11-24/1760288051.json"
"365170","146153","2025-11-24","48.00","NZD","1760288051","23477/2025-11-24/1760288051.json"
"510807","146155","2025-11-24","52.00","NZD","1760288051","23477/2025-11-24/1760288051.json"
"581513","221281","2025-11-27","36.00","NZD","1760288051","23477/2025-11-27/1760288051.json"
"581514","221282","2025-11-27","36.00","NZD","1760288051","23477/2025-11-27/1760288051.json"
"512557","146154","2025-11-27","45.00","NZD","1760288051","23477/2025-11-27/1760288051.json"
"365170","146153","2025-11-27","48.00","NZD","1760288051","23477/2025-11-27/1760288051.json"
"510807","146155","2025-11-27","52.00","NZD","1760288051","23477/2025-11-27/1760288051.json"
"581513","221281","2025-11-26","36.00","NZD","1760288051","23477/2025-11-26/1760288051.json"
"581514","221282","2025-11-26","36.00","NZD","1760288051","23477/2025-11-26/1760288051.json"
"512557","146154","2025-11-26","45.00","NZD","1760288051","23477/2025-11-26/1760288051.json"
"365170","146153","2025-11-26","48.00","NZD","1760288051","23477/2025-11-26/1760288051.json"
"510807","146155","2025-11-26","52.00","NZD","1760288051","23477/2025-11-26/1760288051.json"
"581513","221281","2025-11-25","36.00","NZD","1760288051","23477/2025-11-25/1760288051.json"
"581514","221282","2025-11-25","36.00","NZD","1760288051","23477/2025-11-25/1760288051.json"
"512557","146154","2025-11-25","45.00","NZD","1760288051","23477/2025-11-25/1760288051.json"
"365170","146153","2025-11-25","48.00","NZD","1760288051","23477/2025-11-25/1760288051.json"
"510807","146155","2025-11-25","52.00","NZD","1760288051","23477/2025-11-25/1760288051.json"
"581513","221281","2025-11-28","36.00","NZD","1760288051","23477/2025-11-28/1760288051.json"
"581514","221282","2025-11-28","36.00","NZD","1760288051","23477/2025-11-28/1760288051.json"
"512557","146154","2025-11-28","45.00","NZD","1760288051","23477/2025-11-28/1760288051.json"
"365170","146153","2025-11-28","48.00","NZD","1760288051","23477/2025-11-28/1760288051.json"
"510807","146155","2025-11-28","52.00","NZD","1760288051","23477/2025-11-28/1760288051.json"
"581513","221281","2025-11-29","36.00","NZD","1760288051","23477/2025-11-29/1760288051.json"
"581514","221282","2025-11-29","36.00","NZD","1760288051","23477/2025-11-29/1760288051.json"
"512557","146154","2025-11-29","45.00","NZD","1760288051","23477/2025-11-29/1760288051.json"
"365170","146153","2025-11-29","48.00","NZD","1760288051","23477/2025-11-29/1760288051.json"
"510807","146155","2025-11-29","52.00","NZD","1760288051","23477/2025-11-29/1760288051.json"
"581513","221281","2025-12-01","36.00","NZD","1760288051","23477/2025-12-01/1760288051.json"
"581514","221282","2025-12-01","36.00","NZD","1760288051","23477/2025-12-01/1760288051.json"
"512557","146154","2025-12-01","45.00","NZD","1760288051","23477/2025-12-01/1760288051.json"
"365170","146153","2025-12-01","48.00","NZD","1760288051","23477/2025-12-01/1760288051.json"
"510807","146155","2025-12-01","52.00","NZD","1760288051","23477/2025-12-01/1760288051.json"
"581513","221281","2025-11-30","36.00","NZD","1760288051","23477/2025-11-30/1760288051.json"
"581514","221282","2025-11-30","36.00","NZD","1760288051","23477/2025-11-30/1760288051.json"
"512557","146154","2025-11-30","45.00","NZD","1760288051","23477/2025-11-30/1760288051.json"
"365170","146153","2025-11-30","48.00","NZD","1760288051","23477/2025-11-30/1760288051.json"
"510807","146155","2025-11-30","52.00","NZD","1760288051","23477/2025-11-30/1760288051.json"
"581513","221281","2025-12-05","36.00","NZD","1760288051","23477/2025-12-05/1760288051.json"
"581514","221282","2025-12-05","36.00","NZD","1760288051","23477/2025-12-05/1760288051.json"
"512557","146154","2025-12-05","45.00","NZD","1760288051","23477/2025-12-05/1760288051.json"
"365170","146153","2025-12-05","48.00","NZD","1760288051","23477/2025-12-05/1760288051.json"
"510807","146155","2025-12-05","52.00","NZD","1760288051","23477/2025-12-05/1760288051.json"
"581513","221281","2025-12-02","36.00","NZD","1760288051","23477/2025-12-02/1760288051.json"
"581514","221282","2025-12-02","36.00","NZD","1760288051","23477/2025-12-02/1760288051.json"
"512557","146154","2025-12-02","45.00","NZD","1760288051","23477/2025-12-02/1760288051.json"
"365170","146153","2025-12-02","48.00","NZD","1760288051","23477/2025-12-02/1760288051.json"
"510807","146155","2025-12-02","52.00","NZD","1760288051","23477/2025-12-02/1760288051.json"
"581513","221281","2025-12-04","36.00","NZD","1760288051","23477/2025-12-04/1760288051.json"
"581514","221282","2025-12-04","36.00","NZD","1760288051","23477/2025-12-04/1760288051.json"
"512557","146154","2025-12-04","45.00","NZD","1760288051","23477/2025-12-04/1760288051.json"
"365170","146153","2025-12-04","48.00","NZD","1760288051","23477/2025-12-04/1760288051.json"
"510807","146155","2025-12-04","52.00","NZD","1760288051","23477/2025-12-04/1760288051.json"
"581513","221281","2025-12-03","36.00","NZD","1760288051","23477/2025-12-03/1760288051.json"
"581514","221282","2025-12-03","36.00","NZD","1760288051","23477/2025-12-03/1760288051.json"
"512557","146154","2025-12-03","45.00","NZD","1760288051","23477/2025-12-03/1760288051.json"
"365170","146153","2025-12-03","48.00","NZD","1760288051","23477/2025-12-03/1760288051.json"
"510807","146155","2025-12-03","52.00","NZD","1760288051","23477/2025-12-03/1760288051.json"
"581513","221281","2025-12-06","36.00","NZD","1760288051","23477/2025-12-06/1760288051.json"
"581513","221281","2025-12-07","36.00","NZD","1760288051","23477/2025-12-07/1760288051.json"
"581514","221282","2025-12-07","36.00","NZD","1760288051","23477/2025-12-07/1760288051.json"
"581514","221282","2025-12-06","36.00","NZD","1760288051","23477/2025-12-06/1760288051.json"
"512557","146154","2025-12-07","45.00","NZD","1760288051","23477/2025-12-07/1760288051.json"
"365170","146153","2025-12-07","48.00","NZD","1760288051","23477/2025-12-07/1760288051.json"
"512557","146154","2025-12-06","45.00","NZD","1760288051","23477/2025-12-06/1760288051.json"
"510807","146155","2025-12-07","52.00","NZD","1760288051","23477/2025-12-07/1760288051.json"
"365170","146153","2025-12-06","48.00","NZD","1760288051","23477/2025-12-06/1760288051.json"
"510807","146155","2025-12-06","52.00","NZD","1760288051","23477/2025-12-06/1760288051.json"
"581513","221281","2025-12-08","36.00","NZD","1760288051","23477/2025-12-08/1760288051.json"
"581514","221282","2025-12-08","36.00","NZD","1760288051","23477/2025-12-08/1760288051.json"
"512557","146154","2025-12-08","45.00","NZD","1760288051","23477/2025-12-08/1760288051.json"
"365170","146153","2025-12-08","48.00","NZD","1760288051","23477/2025-12-08/1760288051.json"
"510807","146155","2025-12-08","52.00","NZD","1760288051","23477/2025-12-08/1760288051.json"
"581513","221281","2025-12-09","36.00","NZD","1760288051","23477/2025-12-09/1760288051.json"
"581514","221282","2025-12-09","36.00","NZD","1760288051","23477/2025-12-09/1760288051.json"
"512557","146154","2025-12-09","45.00","NZD","1760288051","23477/2025-12-09/1760288051.json"
"365170","146153","2025-12-09","48.00","NZD","1760288051","23477/2025-12-09/1760288051.json"
"510807","146155","2025-12-09","52.00","NZD","1760288051","23477/2025-12-09/1760288051.json"
"581513","221281","2025-12-11","36.00","NZD","1760288051","23477/2025-12-11/1760288051.json"
"581514","221282","2025-12-11","36.00","NZD","1760288051","23477/2025-12-11/1760288051.json"
"512557","146154","2025-12-11","45.00","NZD","1760288051","23477/2025-12-11/1760288051.json"
"365170","146153","2025-12-11","48.00","NZD","1760288051","23477/2025-12-11/1760288051.json"
"510807","146155","2025-12-11","52.00","NZD","1760288051","23477/2025-12-11/1760288051.json"
"581513","221281","2025-12-10","36.00","NZD","1760288051","23477/2025-12-10/1760288051.json"
"581514","221282","2025-12-10","36.00","NZD","1760288051","23477/2025-12-10/1760288051.json"
"512557","146154","2025-12-10","45.00","NZD","1760288051","23477/2025-12-10/1760288051.json"
"365170","146153","2025-12-10","48.00","NZD","1760288051","23477/2025-12-10/1760288051.json"
"510807","146155","2025-12-10","52.00","NZD","1760288051","23477/2025-12-10/1760288051.json"
"581513","221281","2025-10-13","36.00","NZD","1760301994","23477/2025-10-13/1760301994.json"
"581514","221282","2025-10-13","36.00","NZD","1760301994","23477/2025-10-13/1760301994.json"
"512557","146154","2025-10-13","45.00","NZD","1760301994","23477/2025-10-13/1760301994.json"
"365170","146153","2025-10-13","48.00","NZD","1760301994","23477/2025-10-13/1760301994.json"
"510807","146155","2025-10-13","52.00","NZD","1760301994","23477/2025-10-13/1760301994.json"
"581513","221281","2025-10-14","36.00","NZD","1760301994","23477/2025-10-14/1760301994.json"
"581513","221281","2025-10-15","36.00","NZD","1760301994","23477/2025-10-15/1760301994.json"
"581514","221282","2025-10-14","36.00","NZD","1760301994","23477/2025-10-14/1760301994.json"
"581514","221282","2025-10-15","36.00","NZD","1760301994","23477/2025-10-15/1760301994.json"
"512557","146154","2025-10-15","45.00","NZD","1760301994","23477/2025-10-15/1760301994.json"
"512557","146154","2025-10-14","45.00","NZD","1760301994","23477/2025-10-14/1760301994.json"
"365170","146153","2025-10-14","48.00","NZD","1760301994","23477/2025-10-14/1760301994.json"
"365170","146153","2025-10-15","48.00","NZD","1760301994","23477/2025-10-15/1760301994.json"
"510807","146155","2025-10-14","52.00","NZD","1760301994","23477/2025-10-14/1760301994.json"
"510807","146155","2025-10-15","52.00","NZD","1760301994","23477/2025-10-15/1760301994.json"
"581513","221281","2025-10-16","36.00","NZD","1760301994","23477/2025-10-16/1760301994.json"
"581514","221282","2025-10-16","36.00","NZD","1760301994","23477/2025-10-16/1760301994.json"
"512557","146154","2025-10-16","45.00","NZD","1760301994","23477/2025-10-16/1760301994.json"
"365170","146153","2025-10-16","48.00","NZD","1760301994","23477/2025-10-16/1760301994.json"
"510807","146155","2025-10-16","52.00","NZD","1760301994","23477/2025-10-16/1760301994.json"
"581513","221281","2025-10-17","36.00","NZD","1760301994","23477/2025-10-17/1760301994.json"
"581514","221282","2025-10-17","36.00","NZD","1760301994","23477/2025-10-17/1760301994.json"
"512557","146154","2025-10-17","45.00","NZD","1760301994","23477/2025-10-17/1760301994.json"
"365170","146153","2025-10-17","48.00","NZD","1760301994","23477/2025-10-17/1760301994.json"
"510807","146155","2025-10-17","52.00","NZD","1760301994","23477/2025-10-17/1760301994.json"
"581513","221281","2025-10-20","36.00","NZD","1760301994","23477/2025-10-20/1760301994.json"
"581514","221282","2025-10-20","36.00","NZD","1760301994","23477/2025-10-20/1760301994.json"
"512557","146154","2025-10-20","45.00","NZD","1760301994","23477/2025-10-20/1760301994.json"
"365170","146153","2025-10-20","48.00","NZD","1760301994","23477/2025-10-20/1760301994.json"
"510807","146155","2025-10-20","52.00","NZD","1760301994","23477/2025-10-20/1760301994.json"
"581513","221281","2025-10-19","36.00","NZD","1760301994","23477/2025-10-19/1760301994.json"
"581514","221282","2025-10-19","36.00","NZD","1760301994","23477/2025-10-19/1760301994.json"
"512557","146154","2025-10-19","45.00","NZD","1760301994","23477/2025-10-19/1760301994.json"
"365170","146153","2025-10-19","48.00","NZD","1760301994","23477/2025-10-19/1760301994.json"
"510807","146155","2025-10-19","52.00","NZD","1760301994","23477/2025-10-19/1760301994.json"
"581513","221281","2025-10-18","36.00","NZD","1760301994","23477/2025-10-18/1760301994.json"
"581514","221282","2025-10-18","36.00","NZD","1760301994","23477/2025-10-18/1760301994.json"
"512557","146154","2025-10-18","45.00","NZD","1760301994","23477/2025-10-18/1760301994.json"
"365170","146153","2025-10-18","48.00","NZD","1760301994","23477/2025-10-18/1760301994.json"
"510807","146155","2025-10-18","52.00","NZD","1760301994","23477/2025-10-18/1760301994.json"
"581513","221281","2025-10-21","36.00","NZD","1760301994","23477/2025-10-21/1760301994.json"
"581514","221282","2025-10-21","36.00","NZD","1760301994","23477/2025-10-21/1760301994.json"
"512557","146154","2025-10-21","45.00","NZD","1760301994","23477/2025-10-21/1760301994.json"
"365170","146153","2025-10-21","48.00","NZD","1760301994","23477/2025-10-21/1760301994.json"
"510807","146155","2025-10-21","52.00","NZD","1760301994","23477/2025-10-21/1760301994.json"
"581513","221281","2025-10-22","36.00","NZD","1760301994","23477/2025-10-22/1760301994.json"
"581514","221282","2025-10-22","36.00","NZD","1760301994","23477/2025-10-22/1760301994.json"
"512557","146154","2025-10-22","45.00","NZD","1760301994","23477/2025-10-22/1760301994.json"
"365170","146153","2025-10-22","48.00","NZD","1760301994","23477/2025-10-22/1760301994.json"
"510807","146155","2025-10-22","52.00","NZD","1760301994","23477/2025-10-22/1760301994.json"
"581513","221281","2025-10-23","36.00","NZD","1760301994","23477/2025-10-23/1760301994.json"
"581514","221282","2025-10-23","36.00","NZD","1760301994","23477/2025-10-23/1760301994.json"
"512557","146154","2025-10-23","45.00","NZD","1760301994","23477/2025-10-23/1760301994.json"
"365170","146153","2025-10-23","48.00","NZD","1760301994","23477/2025-10-23/1760301994.json"
"510807","146155","2025-10-23","52.00","NZD","1760301994","23477/2025-10-23/1760301994.json"
"581513","221281","2025-10-24","36.00","NZD","1760301994","23477/2025-10-24/1760301994.json"
"581514","221282","2025-10-24","36.00","NZD","1760301994","23477/2025-10-24/1760301994.json"
"512557","146154","2025-10-24","45.00","NZD","1760301994","23477/2025-10-24/1760301994.json"
"365170","146153","2025-10-24","48.00","NZD","1760301994","23477/2025-10-24/1760301994.json"
"510807","146155","2025-10-24","52.00","NZD","1760301994","23477/2025-10-24/1760301994.json"
"581513","221281","2025-10-25","38.00","NZD","1760301994","23477/2025-10-25/1760301994.json"
"581514","221282","2025-10-25","38.00","NZD","1760301994","23477/2025-10-25/1760301994.json"
"512557","146154","2025-10-25","45.00","NZD","1760301994","23477/2025-10-25/1760301994.json"
"581513","221281","2025-10-26","38.00","NZD","1760301994","23477/2025-10-26/1760301994.json"
"581514","221282","2025-10-26","38.00","NZD","1760301994","23477/2025-10-26/1760301994.json"
"512557","146154","2025-10-26","45.00","NZD","1760301994","23477/2025-10-26/1760301994.json"
"581513","221281","2025-10-28","36.00","NZD","1760301994","23477/2025-10-28/1760301994.json"
"581514","221282","2025-10-28","36.00","NZD","1760301994","23477/2025-10-28/1760301994.json"
"512557","146154","2025-10-28","45.00","NZD","1760301994","23477/2025-10-28/1760301994.json"
"365170","146153","2025-10-28","48.00","NZD","1760301994","23477/2025-10-28/1760301994.json"
"510807","146155","2025-10-28","52.00","NZD","1760301994","23477/2025-10-28/1760301994.json"
"581513","221281","2025-10-27","38.00","NZD","1760301994","23477/2025-10-27/1760301994.json"
"581514","221282","2025-10-27","38.00","NZD","1760301994","23477/2025-10-27/1760301994.json"
"512557","146154","2025-10-27","45.00","NZD","1760301994","23477/2025-10-27/1760301994.json"
"365170","146153","2025-10-27","48.00","NZD","1760301994","23477/2025-10-27/1760301994.json"
"510807","146155","2025-10-27","52.00","NZD","1760301994","23477/2025-10-27/1760301994.json"
"581513","221281","2025-10-29","36.00","NZD","1760301994","23477/2025-10-29/1760301994.json"
"581514","221282","2025-10-29","36.00","NZD","1760301994","23477/2025-10-29/1760301994.json"
"512557","146154","2025-10-29","45.00","NZD","1760301994","23477/2025-10-29/1760301994.json"
"365170","146153","2025-10-29","48.00","NZD","1760301994","23477/2025-10-29/1760301994.json"
"510807","146155","2025-10-29","52.00","NZD","1760301994","23477/2025-10-29/1760301994.json"
"581513","221281","2025-10-30","36.00","NZD","1760301994","23477/2025-10-30/1760301994.json"
"581514","221282","2025-10-30","36.00","NZD","1760301994","23477/2025-10-30/1760301994.json"
"512557","146154","2025-10-30","45.00","NZD","1760301994","23477/2025-10-30/1760301994.json"
"365170","146153","2025-10-30","48.00","NZD","1760301994","23477/2025-10-30/1760301994.json"
"510807","146155","2025-10-30","52.00","NZD","1760301994","23477/2025-10-30/1760301994.json"
"581513","221281","2025-11-01","36.00","NZD","1760301994","23477/2025-11-01/1760301994.json"
"581514","221282","2025-11-01","36.00","NZD","1760301994","23477/2025-11-01/1760301994.json"
"512557","146154","2025-11-01","45.00","NZD","1760301994","23477/2025-11-01/1760301994.json"
"365170","146153","2025-11-01","48.00","NZD","1760301994","23477/2025-11-01/1760301994.json"
"510807","146155","2025-11-01","52.00","NZD","1760301994","23477/2025-11-01/1760301994.json"
"581513","221281","2025-11-02","36.00","NZD","1760301994","23477/2025-11-02/1760301994.json"
"581514","221282","2025-11-02","36.00","NZD","1760301994","23477/2025-11-02/1760301994.json"
"512557","146154","2025-11-02","45.00","NZD","1760301994","23477/2025-11-02/1760301994.json"
"365170","146153","2025-11-02","48.00","NZD","1760301994","23477/2025-11-02/1760301994.json"
"510807","146155","2025-11-02","52.00","NZD","1760301994","23477/2025-11-02/1760301994.json"
"581513","221281","2025-10-31","36.00","NZD","1760301994","23477/2025-10-31/1760301994.json"
"581514","221282","2025-10-31","36.00","NZD","1760301994","23477/2025-10-31/1760301994.json"
"512557","146154","2025-10-31","45.00","NZD","1760301994","23477/2025-10-31/1760301994.json"
"365170","146153","2025-10-31","48.00","NZD","1760301994","23477/2025-10-31/1760301994.json"
"510807","146155","2025-10-31","52.00","NZD","1760301994","23477/2025-10-31/1760301994.json"
"581513","221281","2025-11-03","36.00","NZD","1760301994","23477/2025-11-03/1760301994.json"
"581514","221282","2025-11-03","36.00","NZD","1760301994","23477/2025-11-03/1760301994.json"
"512557","146154","2025-11-03","45.00","NZD","1760301994","23477/2025-11-03/1760301994.json"
"365170","146153","2025-11-03","48.00","NZD","1760301994","23477/2025-11-03/1760301994.json"
"510807","146155","2025-11-03","52.00","NZD","1760301994","23477/2025-11-03/1760301994.json"
"581513","221281","2025-11-04","36.00","NZD","1760301994","23477/2025-11-04/1760301994.json"
"581514","221282","2025-11-04","36.00","NZD","1760301994","23477/2025-11-04/1760301994.json"
"512557","146154","2025-11-04","45.00","NZD","1760301994","23477/2025-11-04/1760301994.json"
"365170","146153","2025-11-04","48.00","NZD","1760301994","23477/2025-11-04/1760301994.json"
"510807","146155","2025-11-04","52.00","NZD","1760301994","23477/2025-11-04/1760301994.json"
"581513","221281","2025-11-05","36.00","NZD","1760301994","23477/2025-11-05/1760301994.json"
"581514","221282","2025-11-05","36.00","NZD","1760301994","23477/2025-11-05/1760301994.json"
"512557","146154","2025-11-05","45.00","NZD","1760301994","23477/2025-11-05/1760301994.json"
"365170","146153","2025-11-05","48.00","NZD","1760301994","23477/2025-11-05/1760301994.json"
"510807","146155","2025-11-05","52.00","NZD","1760301994","23477/2025-11-05/1760301994.json"
"581513","221281","2025-11-06","36.00","NZD","1760301994","23477/2025-11-06/1760301994.json"
"581514","221282","2025-11-06","36.00","NZD","1760301994","23477/2025-11-06/1760301994.json"
"512557","146154","2025-11-06","45.00","NZD","1760301994","23477/2025-11-06/1760301994.json"
"365170","146153","2025-11-06","48.00","NZD","1760301994","23477/2025-11-06/1760301994.json"
"510807","146155","2025-11-06","52.00","NZD","1760301994","23477/2025-11-06/1760301994.json"
"581513","221281","2025-11-08","36.00","NZD","1760301994","23477/2025-11-08/1760301994.json"
"581514","221282","2025-11-08","36.00","NZD","1760301994","23477/2025-11-08/1760301994.json"
"512557","146154","2025-11-08","45.00","NZD","1760301994","23477/2025-11-08/1760301994.json"
"365170","146153","2025-11-08","48.00","NZD","1760301994","23477/2025-11-08/1760301994.json"
"510807","146155","2025-11-08","52.00","NZD","1760301994","23477/2025-11-08/1760301994.json"
"581513","221281","2025-11-09","36.00","NZD","1760301994","23477/2025-11-09/1760301994.json"
"581514","221282","2025-11-09","36.00","NZD","1760301994","23477/2025-11-09/1760301994.json"
"512557","146154","2025-11-09","45.00","NZD","1760301994","23477/2025-11-09/1760301994.json"
"365170","146153","2025-11-09","48.00","NZD","1760301994","23477/2025-11-09/1760301994.json"
"510807","146155","2025-11-09","52.00","NZD","1760301994","23477/2025-11-09/1760301994.json"
"581513","221281","2025-11-07","36.00","NZD","1760301994","23477/2025-11-07/1760301994.json"
"581514","221282","2025-11-07","36.00","NZD","1760301994","23477/2025-11-07/1760301994.json"
"512557","146154","2025-11-07","45.00","NZD","1760301994","23477/2025-11-07/1760301994.json"
"365170","146153","2025-11-07","48.00","NZD","1760301994","23477/2025-11-07/1760301994.json"
"510807","146155","2025-11-07","52.00","NZD","1760301994","23477/2025-11-07/1760301994.json"
"581513","221281","2025-11-10","36.00","NZD","1760301994","23477/2025-11-10/1760301994.json"
"581514","221282","2025-11-10","36.00","NZD","1760301994","23477/2025-11-10/1760301994.json"
"512557","146154","2025-11-10","45.00","NZD","1760301994","23477/2025-11-10/1760301994.json"
"365170","146153","2025-11-10","48.00","NZD","1760301994","23477/2025-11-10/1760301994.json"
"510807","146155","2025-11-10","52.00","NZD","1760301994","23477/2025-11-10/1760301994.json"
"581513","221281","2025-11-11","36.00","NZD","1760301994","23477/2025-11-11/1760301994.json"
"581514","221282","2025-11-11","36.00","NZD","1760301994","23477/2025-11-11/1760301994.json"
"512557","146154","2025-11-11","45.00","NZD","1760301994","23477/2025-11-11/1760301994.json"
"365170","146153","2025-11-11","48.00","NZD","1760301994","23477/2025-11-11/1760301994.json"
"510807","146155","2025-11-11","52.00","NZD","1760301994","23477/2025-11-11/1760301994.json"
"581513","221281","2025-11-13","36.00","NZD","1760301994","23477/2025-11-13/1760301994.json"
"581514","221282","2025-11-13","36.00","NZD","1760301994","23477/2025-11-13/1760301994.json"
"512557","146154","2025-11-13","45.00","NZD","1760301994","23477/2025-11-13/1760301994.json"
"365170","146153","2025-11-13","48.00","NZD","1760301994","23477/2025-11-13/1760301994.json"
"510807","146155","2025-11-13","52.00","NZD","1760301994","23477/2025-11-13/1760301994.json"
"581513","221281","2025-11-12","36.00","NZD","1760301994","23477/2025-11-12/1760301994.json"
"581514","221282","2025-11-12","36.00","NZD","1760301994","23477/2025-11-12/1760301994.json"
"512557","146154","2025-11-12","45.00","NZD","1760301994","23477/2025-11-12/1760301994.json"
"365170","146153","2025-11-12","48.00","NZD","1760301994","23477/2025-11-12/1760301994.json"
"510807","146155","2025-11-12","52.00","NZD","1760301994","23477/2025-11-12/1760301994.json"
"581513","221281","2025-11-14","36.00","NZD","1760301994","23477/2025-11-14/1760301994.json"
"581514","221282","2025-11-14","36.00","NZD","1760301994","23477/2025-11-14/1760301994.json"
"512557","146154","2025-11-14","45.00","NZD","1760301994","23477/2025-11-14/1760301994.json"
"365170","146153","2025-11-14","48.00","NZD","1760301994","23477/2025-11-14/1760301994.json"
"510807","146155","2025-11-14","52.00","NZD","1760301994","23477/2025-11-14/1760301994.json"
"581513","221281","2025-11-15","36.00","NZD","1760301994","23477/2025-11-15/1760301994.json"
"581514","221282","2025-11-15","36.00","NZD","1760301994","23477/2025-11-15/1760301994.json"
"512557","146154","2025-11-15","45.00","NZD","1760301994","23477/2025-11-15/1760301994.json"
"365170","146153","2025-11-15","48.00","NZD","1760301994","23477/2025-11-15/1760301994.json"
"510807","146155","2025-11-15","52.00","NZD","1760301994","23477/2025-11-15/1760301994.json"
"581513","221281","2025-11-16","36.00","NZD","1760301994","23477/2025-11-16/1760301994.json"
"581514","221282","2025-11-16","36.00","NZD","1760301994","23477/2025-11-16/1760301994.json"
"512557","146154","2025-11-16","45.00","NZD","1760301994","23477/2025-11-16/1760301994.json"
"365170","146153","2025-11-16","48.00","NZD","1760301994","23477/2025-11-16/1760301994.json"
"510807","146155","2025-11-16","52.00","NZD","1760301994","23477/2025-11-16/1760301994.json"
"581513","221281","2025-11-17","36.00","NZD","1760301994","23477/2025-11-17/1760301994.json"
"581514","221282","2025-11-17","36.00","NZD","1760301994","23477/2025-11-17/1760301994.json"
"512557","146154","2025-11-17","45.00","NZD","1760301994","23477/2025-11-17/1760301994.json"
"365170","146153","2025-11-17","48.00","NZD","1760301994","23477/2025-11-17/1760301994.json"
"510807","146155","2025-11-17","52.00","NZD","1760301994","23477/2025-11-17/1760301994.json"
"581513","221281","2025-11-18","36.00","NZD","1760301994","23477/2025-11-18/1760301994.json"
"581514","221282","2025-11-18","36.00","NZD","1760301994","23477/2025-11-18/1760301994.json"
"512557","146154","2025-11-18","45.00","NZD","1760301994","23477/2025-11-18/1760301994.json"
"365170","146153","2025-11-18","48.00","NZD","1760301994","23477/2025-11-18/1760301994.json"
"510807","146155","2025-11-18","52.00","NZD","1760301994","23477/2025-11-18/1760301994.json"
"581513","221281","2025-11-19","36.00","NZD","1760301994","23477/2025-11-19/1760301994.json"
"581514","221282","2025-11-19","36.00","NZD","1760301994","23477/2025-11-19/1760301994.json"
"512557","146154","2025-11-19","45.00","NZD","1760301994","23477/2025-11-19/1760301994.json"
"365170","146153","2025-11-19","48.00","NZD","1760301994","23477/2025-11-19/1760301994.json"
"510807","146155","2025-11-19","52.00","NZD","1760301994","23477/2025-11-19/1760301994.json"
"581513","221281","2025-11-20","36.00","NZD","1760301994","23477/2025-11-20/1760301994.json"
"581514","221282","2025-11-20","36.00","NZD","1760301994","23477/2025-11-20/1760301994.json"
"512557","146154","2025-11-20","45.00","NZD","1760301994","23477/2025-11-20/1760301994.json"
"581513","221281","2025-11-22","36.00","NZD","1760301994","23477/2025-11-22/1760301994.json"
"581514","221282","2025-11-22","36.00","NZD","1760301994","23477/2025-11-22/1760301994.json"
"512557","146154","2025-11-22","45.00","NZD","1760301994","23477/2025-11-22/1760301994.json"
"365170","146153","2025-11-22","48.00","NZD","1760301994","23477/2025-11-22/1760301994.json"
"510807","146155","2025-11-22","52.00","NZD","1760301994","23477/2025-11-22/1760301994.json"
"581513","221281","2025-11-21","36.00","NZD","1760301994","23477/2025-11-21/1760301994.json"
"581514","221282","2025-11-21","36.00","NZD","1760301994","23477/2025-11-21/1760301994.json"
"512557","146154","2025-11-21","45.00","NZD","1760301994","23477/2025-11-21/1760301994.json"
"365170","146153","2025-11-21","48.00","NZD","1760301994","23477/2025-11-21/1760301994.json"
"510807","146155","2025-11-21","52.00","NZD","1760301994","23477/2025-11-21/1760301994.json"
"581513","221281","2025-11-24","36.00","NZD","1760301994","23477/2025-11-24/1760301994.json"
"581514","221282","2025-11-24","36.00","NZD","1760301994","23477/2025-11-24/1760301994.json"
"512557","146154","2025-11-24","45.00","NZD","1760301994","23477/2025-11-24/1760301994.json"
"365170","146153","2025-11-24","48.00","NZD","1760301994","23477/2025-11-24/1760301994.json"
"510807","146155","2025-11-24","52.00","NZD","1760301994","23477/2025-11-24/1760301994.json"
"581513","221281","2025-11-23","36.00","NZD","1760301994","23477/2025-11-23/1760301994.json"
"581514","221282","2025-11-23","36.00","NZD","1760301994","23477/2025-11-23/1760301994.json"
"512557","146154","2025-11-23","45.00","NZD","1760301994","23477/2025-11-23/1760301994.json"
"365170","146153","2025-11-23","48.00","NZD","1760301994","23477/2025-11-23/1760301994.json"
"510807","146155","2025-11-23","52.00","NZD","1760301994","23477/2025-11-23/1760301994.json"
"581513","221281","2025-11-27","36.00","NZD","1760301994","23477/2025-11-27/1760301994.json"
"581514","221282","2025-11-27","36.00","NZD","1760301994","23477/2025-11-27/1760301994.json"
"512557","146154","2025-11-27","45.00","NZD","1760301994","23477/2025-11-27/1760301994.json"
"365170","146153","2025-11-27","48.00","NZD","1760301994","23477/2025-11-27/1760301994.json"
"510807","146155","2025-11-27","52.00","NZD","1760301994","23477/2025-11-27/1760301994.json"
"581513","221281","2025-11-26","36.00","NZD","1760301994","23477/2025-11-26/1760301994.json"
"581514","221282","2025-11-26","36.00","NZD","1760301994","23477/2025-11-26/1760301994.json"
"512557","146154","2025-11-26","45.00","NZD","1760301994","23477/2025-11-26/1760301994.json"
"365170","146153","2025-11-26","48.00","NZD","1760301994","23477/2025-11-26/1760301994.json"
"510807","146155","2025-11-26","52.00","NZD","1760301994","23477/2025-11-26/1760301994.json"
"581513","221281","2025-11-28","36.00","NZD","1760301994","23477/2025-11-28/1760301994.json"
"581514","221282","2025-11-28","36.00","NZD","1760301994","23477/2025-11-28/1760301994.json"
"512557","146154","2025-11-28","45.00","NZD","1760301994","23477/2025-11-28/1760301994.json"
"365170","146153","2025-11-28","48.00","NZD","1760301994","23477/2025-11-28/1760301994.json"
"510807","146155","2025-11-28","52.00","NZD","1760301994","23477/2025-11-28/1760301994.json"
"581513","221281","2025-11-25","36.00","NZD","1760301994","23477/2025-11-25/1760301994.json"
"581514","221282","2025-11-25","36.00","NZD","1760301994","23477/2025-11-25/1760301994.json"
"512557","146154","2025-11-25","45.00","NZD","1760301994","23477/2025-11-25/1760301994.json"
"365170","146153","2025-11-25","48.00","NZD","1760301994","23477/2025-11-25/1760301994.json"
"510807","146155","2025-11-25","52.00","NZD","1760301994","23477/2025-11-25/1760301994.json"
"581513","221281","2025-11-29","36.00","NZD","1760301994","23477/2025-11-29/1760301994.json"
"581514","221282","2025-11-29","36.00","NZD","1760301994","23477/2025-11-29/1760301994.json"
"512557","146154","2025-11-29","45.00","NZD","1760301994","23477/2025-11-29/1760301994.json"
"365170","146153","2025-11-29","48.00","NZD","1760301994","23477/2025-11-29/1760301994.json"
"510807","146155","2025-11-29","52.00","NZD","1760301994","23477/2025-11-29/1760301994.json"
"581513","221281","2025-11-30","36.00","NZD","1760301994","23477/2025-11-30/1760301994.json"
"581514","221282","2025-11-30","36.00","NZD","1760301994","23477/2025-11-30/1760301994.json"
"512557","146154","2025-11-30","45.00","NZD","1760301994","23477/2025-11-30/1760301994.json"
"365170","146153","2025-11-30","48.00","NZD","1760301994","23477/2025-11-30/1760301994.json"
"510807","146155","2025-11-30","52.00","NZD","1760301994","23477/2025-11-30/1760301994.json"
"581513","221281","2025-12-01","36.00","NZD","1760301994","23477/2025-12-01/1760301994.json"
"581514","221282","2025-12-01","36.00","NZD","1760301994","23477/2025-12-01/1760301994.json"
"512557","146154","2025-12-01","45.00","NZD","1760301994","23477/2025-12-01/1760301994.json"
"365170","146153","2025-12-01","48.00","NZD","1760301994","23477/2025-12-01/1760301994.json"
"510807","146155","2025-12-01","52.00","NZD","1760301994","23477/2025-12-01/1760301994.json"
"581513","221281","2025-12-02","36.00","NZD","1760301994","23477/2025-12-02/1760301994.json"
"581514","221282","2025-12-02","36.00","NZD","1760301994","23477/2025-12-02/1760301994.json"
"512557","146154","2025-12-02","45.00","NZD","1760301994","23477/2025-12-02/1760301994.json"
"365170","146153","2025-12-02","48.00","NZD","1760301994","23477/2025-12-02/1760301994.json"
"510807","146155","2025-12-02","52.00","NZD","1760301994","23477/2025-12-02/1760301994.json"
"581513","221281","2025-12-03","36.00","NZD","1760301994","23477/2025-12-03/1760301994.json"
"581514","221282","2025-12-03","36.00","NZD","1760301994","23477/2025-12-03/1760301994.json"
"512557","146154","2025-12-03","45.00","NZD","1760301994","23477/2025-12-03/1760301994.json"
"365170","146153","2025-12-03","48.00","NZD","1760301994","23477/2025-12-03/1760301994.json"
"510807","146155","2025-12-03","52.00","NZD","1760301994","23477/2025-12-03/1760301994.json"
"581513","221281","2025-12-04","36.00","NZD","1760301994","23477/2025-12-04/1760301994.json"
"581514","221282","2025-12-04","36.00","NZD","1760301994","23477/2025-12-04/1760301994.json"
"512557","146154","2025-12-04","45.00","NZD","1760301994","23477/2025-12-04/1760301994.json"
"365170","146153","2025-12-04","48.00","NZD","1760301994","23477/2025-12-04/1760301994.json"
"510807","146155","2025-12-04","52.00","NZD","1760301994","23477/2025-12-04/1760301994.json"
"581513","221281","2025-12-05","36.00","NZD","1760301994","23477/2025-12-05/1760301994.json"
"581514","221282","2025-12-05","36.00","NZD","1760301994","23477/2025-12-05/1760301994.json"
"512557","146154","2025-12-05","45.00","NZD","1760301994","23477/2025-12-05/1760301994.json"
"365170","146153","2025-12-05","48.00","NZD","1760301994","23477/2025-12-05/1760301994.json"
"510807","146155","2025-12-05","52.00","NZD","1760301994","23477/2025-12-05/1760301994.json"
"581513","221281","2025-12-06","36.00","NZD","1760301994","23477/2025-12-06/1760301994.json"
"581514","221282","2025-12-06","36.00","NZD","1760301994","23477/2025-12-06/1760301994.json"
"512557","146154","2025-12-06","45.00","NZD","1760301994","23477/2025-12-06/1760301994.json"
"365170","146153","2025-12-06","48.00","NZD","1760301994","23477/2025-12-06/1760301994.json"
"510807","146155","2025-12-06","52.00","NZD","1760301994","23477/2025-12-06/1760301994.json"
"581513","221281","2025-12-07","36.00","NZD","1760301994","23477/2025-12-07/1760301994.json"
"581514","221282","2025-12-07","36.00","NZD","1760301994","23477/2025-12-07/1760301994.json"
"512557","146154","2025-12-07","45.00","NZD","1760301994","23477/2025-12-07/1760301994.json"
"365170","146153","2025-12-07","48.00","NZD","1760301994","23477/2025-12-07/1760301994.json"
"510807","146155","2025-12-07","52.00","NZD","1760301994","23477/2025-12-07/1760301994.json"
"581513","221281","2025-12-08","36.00","NZD","1760301994","23477/2025-12-08/1760301994.json"
"581514","221282","2025-12-08","36.00","NZD","1760301994","23477/2025-12-08/1760301994.json"
"512557","146154","2025-12-08","45.00","NZD","1760301994","23477/2025-12-08/1760301994.json"
"365170","146153","2025-12-08","48.00","NZD","1760301994","23477/2025-12-08/1760301994.json"
"510807","146155","2025-12-08","52.00","NZD","1760301994","23477/2025-12-08/1760301994.json"
"581513","221281","2025-12-09","36.00","NZD","1760301994","23477/2025-12-09/1760301994.json"
"581514","221282","2025-12-09","36.00","NZD","1760301994","23477/2025-12-09/1760301994.json"
"512557","146154","2025-12-09","45.00","NZD","1760301994","23477/2025-12-09/1760301994.json"
"365170","146153","2025-12-09","48.00","NZD","1760301994","23477/2025-12-09/1760301994.json"
"510807","146155","2025-12-09","52.00","NZD","1760301994","23477/2025-12-09/1760301994.json"
"581513","221281","2025-12-10","36.00","NZD","1760301994","23477/2025-12-10/1760301994.json"
"581514","221282","2025-12-10","36.00","NZD","1760301994","23477/2025-12-10/1760301994.json"
"512557","146154","2025-12-10","45.00","NZD","1760301994","23477/2025-12-10/1760301994.json"
"365170","146153","2025-12-10","48.00","NZD","1760301994","23477/2025-12-10/1760301994.json"
"510807","146155","2025-12-10","52.00","NZD","1760301994","23477/2025-12-10/1760301994.json"
"581513","221281","2025-12-11","36.00","NZD","1760301994","23477/2025-12-11/1760301994.json"
"581514","221282","2025-12-11","36.00","NZD","1760301994","23477/2025-12-11/1760301994.json"
"512557","146154","2025-12-11","45.00","NZD","1760301994","23477/2025-12-11/1760301994.json"
"365170","146153","2025-12-11","48.00","NZD","1760301994","23477/2025-12-11/1760301994.json"
"510807","146155","2025-12-11","52.00","NZD","1760301994","23477/2025-12-11/1760301994.json"
"581513","221281","2025-10-14","36.00","NZD","1760327196","23477/2025-10-14/1760327196.json"
"581514","221282","2025-10-14","36.00","NZD","1760327196","23477/2025-10-14/1760327196.json"
"512557","146154","2025-10-14","45.00","NZD","1760327196","23477/2025-10-14/1760327196.json"
"365170","146153","2025-10-14","48.00","NZD","1760327196","23477/2025-10-14/1760327196.json"
"510807","146155","2025-10-14","52.00","NZD","1760327196","23477/2025-10-14/1760327196.json"
"581513","221281","2025-10-13","36.00","NZD","1760327196","23477/2025-10-13/1760327196.json"
"581513","221281","2025-10-15","36.00","NZD","1760327196","23477/2025-10-15/1760327196.json"
"581514","221282","2025-10-13","36.00","NZD","1760327196","23477/2025-10-13/1760327196.json"
"581514","221282","2025-10-15","36.00","NZD","1760327196","23477/2025-10-15/1760327196.json"
"512557","146154","2025-10-13","45.00","NZD","1760327196","23477/2025-10-13/1760327196.json"
"512557","146154","2025-10-15","45.00","NZD","1760327196","23477/2025-10-15/1760327196.json"
"365170","146153","2025-10-13","48.00","NZD","1760327196","23477/2025-10-13/1760327196.json"
"365170","146153","2025-10-15","48.00","NZD","1760327196","23477/2025-10-15/1760327196.json"
"510807","146155","2025-10-13","52.00","NZD","1760327196","23477/2025-10-13/1760327196.json"
"510807","146155","2025-10-15","52.00","NZD","1760327196","23477/2025-10-15/1760327196.json"
"581513","221281","2025-10-16","36.00","NZD","1760327196","23477/2025-10-16/1760327196.json"
"581514","221282","2025-10-16","36.00","NZD","1760327196","23477/2025-10-16/1760327196.json"
"512557","146154","2025-10-16","45.00","NZD","1760327196","23477/2025-10-16/1760327196.json"
"365170","146153","2025-10-16","48.00","NZD","1760327196","23477/2025-10-16/1760327196.json"
"510807","146155","2025-10-16","52.00","NZD","1760327196","23477/2025-10-16/1760327196.json"
"581513","221281","2025-10-20","36.00","NZD","1760327196","23477/2025-10-20/1760327196.json"
"581514","221282","2025-10-20","36.00","NZD","1760327196","23477/2025-10-20/1760327196.json"
"512557","146154","2025-10-20","45.00","NZD","1760327196","23477/2025-10-20/1760327196.json"
"365170","146153","2025-10-20","48.00","NZD","1760327196","23477/2025-10-20/1760327196.json"
"510807","146155","2025-10-20","52.00","NZD","1760327196","23477/2025-10-20/1760327196.json"
"581513","221281","2025-10-18","36.00","NZD","1760327196","23477/2025-10-18/1760327196.json"
"581514","221282","2025-10-18","36.00","NZD","1760327196","23477/2025-10-18/1760327196.json"
"512557","146154","2025-10-18","45.00","NZD","1760327196","23477/2025-10-18/1760327196.json"
"365170","146153","2025-10-18","48.00","NZD","1760327196","23477/2025-10-18/1760327196.json"
"510807","146155","2025-10-18","52.00","NZD","1760327196","23477/2025-10-18/1760327196.json"
"581513","221281","2025-10-17","36.00","NZD","1760327196","23477/2025-10-17/1760327196.json"
"581514","221282","2025-10-17","36.00","NZD","1760327196","23477/2025-10-17/1760327196.json"
"512557","146154","2025-10-17","45.00","NZD","1760327196","23477/2025-10-17/1760327196.json"
"365170","146153","2025-10-17","48.00","NZD","1760327196","23477/2025-10-17/1760327196.json"
"510807","146155","2025-10-17","52.00","NZD","1760327196","23477/2025-10-17/1760327196.json"
"581513","221281","2025-10-19","36.00","NZD","1760327196","23477/2025-10-19/1760327196.json"
"581514","221282","2025-10-19","36.00","NZD","1760327196","23477/2025-10-19/1760327196.json"
"512557","146154","2025-10-19","45.00","NZD","1760327196","23477/2025-10-19/1760327196.json"
"365170","146153","2025-10-19","48.00","NZD","1760327196","23477/2025-10-19/1760327196.json"
"510807","146155","2025-10-19","52.00","NZD","1760327196","23477/2025-10-19/1760327196.json"
"581513","221281","2025-10-21","36.00","NZD","1760327196","23477/2025-10-21/1760327196.json"
"581514","221282","2025-10-21","36.00","NZD","1760327196","23477/2025-10-21/1760327196.json"
"512557","146154","2025-10-21","45.00","NZD","1760327196","23477/2025-10-21/1760327196.json"
"365170","146153","2025-10-21","48.00","NZD","1760327196","23477/2025-10-21/1760327196.json"
"510807","146155","2025-10-21","52.00","NZD","1760327196","23477/2025-10-21/1760327196.json"
"581513","221281","2025-10-22","36.00","NZD","1760327196","23477/2025-10-22/1760327196.json"
"581514","221282","2025-10-22","36.00","NZD","1760327196","23477/2025-10-22/1760327196.json"
"512557","146154","2025-10-22","45.00","NZD","1760327196","23477/2025-10-22/1760327196.json"
"365170","146153","2025-10-22","48.00","NZD","1760327196","23477/2025-10-22/1760327196.json"
"510807","146155","2025-10-22","52.00","NZD","1760327196","23477/2025-10-22/1760327196.json"
"581513","221281","2025-10-23","36.00","NZD","1760327196","23477/2025-10-23/1760327196.json"
"581514","221282","2025-10-23","36.00","NZD","1760327196","23477/2025-10-23/1760327196.json"
"512557","146154","2025-10-23","45.00","NZD","1760327196","23477/2025-10-23/1760327196.json"
"365170","146153","2025-10-23","48.00","NZD","1760327196","23477/2025-10-23/1760327196.json"
"510807","146155","2025-10-23","52.00","NZD","1760327196","23477/2025-10-23/1760327196.json"
"581513","221281","2025-10-24","36.00","NZD","1760327196","23477/2025-10-24/1760327196.json"
"581514","221282","2025-10-24","36.00","NZD","1760327196","23477/2025-10-24/1760327196.json"
"512557","146154","2025-10-24","45.00","NZD","1760327196","23477/2025-10-24/1760327196.json"
"365170","146153","2025-10-24","48.00","NZD","1760327196","23477/2025-10-24/1760327196.json"
"510807","146155","2025-10-24","52.00","NZD","1760327196","23477/2025-10-24/1760327196.json"
"581513","221281","2025-10-25","38.00","NZD","1760327196","23477/2025-10-25/1760327196.json"
"581514","221282","2025-10-25","38.00","NZD","1760327196","23477/2025-10-25/1760327196.json"
"512557","146154","2025-10-25","45.00","NZD","1760327196","23477/2025-10-25/1760327196.json"
"581513","221281","2025-10-26","38.00","NZD","1760327196","23477/2025-10-26/1760327196.json"
"581514","221282","2025-10-26","38.00","NZD","1760327196","23477/2025-10-26/1760327196.json"
"512557","146154","2025-10-26","45.00","NZD","1760327196","23477/2025-10-26/1760327196.json"
"581513","221281","2025-10-28","36.00","NZD","1760327196","23477/2025-10-28/1760327196.json"
"581514","221282","2025-10-28","36.00","NZD","1760327196","23477/2025-10-28/1760327196.json"
"512557","146154","2025-10-28","45.00","NZD","1760327196","23477/2025-10-28/1760327196.json"
"365170","146153","2025-10-28","48.00","NZD","1760327196","23477/2025-10-28/1760327196.json"
"510807","146155","2025-10-28","52.00","NZD","1760327196","23477/2025-10-28/1760327196.json"
"581513","221281","2025-10-27","38.00","NZD","1760327196","23477/2025-10-27/1760327196.json"
"581514","221282","2025-10-27","38.00","NZD","1760327196","23477/2025-10-27/1760327196.json"
"512557","146154","2025-10-27","45.00","NZD","1760327196","23477/2025-10-27/1760327196.json"
"365170","146153","2025-10-27","48.00","NZD","1760327196","23477/2025-10-27/1760327196.json"
"510807","146155","2025-10-27","52.00","NZD","1760327196","23477/2025-10-27/1760327196.json"
"581513","221281","2025-10-30","36.00","NZD","1760327196","23477/2025-10-30/1760327196.json"
"581514","221282","2025-10-30","36.00","NZD","1760327196","23477/2025-10-30/1760327196.json"
"512557","146154","2025-10-30","45.00","NZD","1760327196","23477/2025-10-30/1760327196.json"
"365170","146153","2025-10-30","48.00","NZD","1760327196","23477/2025-10-30/1760327196.json"
"510807","146155","2025-10-30","52.00","NZD","1760327196","23477/2025-10-30/1760327196.json"
"581513","221281","2025-10-29","36.00","NZD","1760327196","23477/2025-10-29/1760327196.json"
"581514","221282","2025-10-29","36.00","NZD","1760327196","23477/2025-10-29/1760327196.json"
"512557","146154","2025-10-29","45.00","NZD","1760327196","23477/2025-10-29/1760327196.json"
"365170","146153","2025-10-29","48.00","NZD","1760327196","23477/2025-10-29/1760327196.json"
"510807","146155","2025-10-29","52.00","NZD","1760327196","23477/2025-10-29/1760327196.json"
"581513","221281","2025-11-01","36.00","NZD","1760327196","23477/2025-11-01/1760327196.json"
"581514","221282","2025-11-01","36.00","NZD","1760327196","23477/2025-11-01/1760327196.json"
"512557","146154","2025-11-01","45.00","NZD","1760327196","23477/2025-11-01/1760327196.json"
"365170","146153","2025-11-01","48.00","NZD","1760327196","23477/2025-11-01/1760327196.json"
"510807","146155","2025-11-01","52.00","NZD","1760327196","23477/2025-11-01/1760327196.json"
"581513","221281","2025-10-31","36.00","NZD","1760327196","23477/2025-10-31/1760327196.json"
"581514","221282","2025-10-31","36.00","NZD","1760327196","23477/2025-10-31/1760327196.json"
"512557","146154","2025-10-31","45.00","NZD","1760327196","23477/2025-10-31/1760327196.json"
"365170","146153","2025-10-31","48.00","NZD","1760327196","23477/2025-10-31/1760327196.json"
"510807","146155","2025-10-31","52.00","NZD","1760327196","23477/2025-10-31/1760327196.json"
"581513","221281","2025-11-03","36.00","NZD","1760327196","23477/2025-11-03/1760327196.json"
"581514","221282","2025-11-03","36.00","NZD","1760327196","23477/2025-11-03/1760327196.json"
"512557","146154","2025-11-03","45.00","NZD","1760327196","23477/2025-11-03/1760327196.json"
"365170","146153","2025-11-03","48.00","NZD","1760327196","23477/2025-11-03/1760327196.json"
"510807","146155","2025-11-03","52.00","NZD","1760327196","23477/2025-11-03/1760327196.json"
"581513","221281","2025-11-02","36.00","NZD","1760327196","23477/2025-11-02/1760327196.json"
"581514","221282","2025-11-02","36.00","NZD","1760327196","23477/2025-11-02/1760327196.json"
"512557","146154","2025-11-02","45.00","NZD","1760327196","23477/2025-11-02/1760327196.json"
"365170","146153","2025-11-02","48.00","NZD","1760327196","23477/2025-11-02/1760327196.json"
"510807","146155","2025-11-02","52.00","NZD","1760327196","23477/2025-11-02/1760327196.json"
"581513","221281","2025-11-05","36.00","NZD","1760327196","23477/2025-11-05/1760327196.json"
"581514","221282","2025-11-05","36.00","NZD","1760327196","23477/2025-11-05/1760327196.json"
"512557","146154","2025-11-05","45.00","NZD","1760327196","23477/2025-11-05/1760327196.json"
"365170","146153","2025-11-05","48.00","NZD","1760327196","23477/2025-11-05/1760327196.json"
"510807","146155","2025-11-05","52.00","NZD","1760327196","23477/2025-11-05/1760327196.json"
"581513","221281","2025-11-04","36.00","NZD","1760327196","23477/2025-11-04/1760327196.json"
"581514","221282","2025-11-04","36.00","NZD","1760327196","23477/2025-11-04/1760327196.json"
"512557","146154","2025-11-04","45.00","NZD","1760327196","23477/2025-11-04/1760327196.json"
"365170","146153","2025-11-04","48.00","NZD","1760327196","23477/2025-11-04/1760327196.json"
"510807","146155","2025-11-04","52.00","NZD","1760327196","23477/2025-11-04/1760327196.json"
"581513","221281","2025-11-06","36.00","NZD","1760327196","23477/2025-11-06/1760327196.json"
"581514","221282","2025-11-06","36.00","NZD","1760327196","23477/2025-11-06/1760327196.json"
"512557","146154","2025-11-06","45.00","NZD","1760327196","23477/2025-11-06/1760327196.json"
"365170","146153","2025-11-06","48.00","NZD","1760327196","23477/2025-11-06/1760327196.json"
"510807","146155","2025-11-06","52.00","NZD","1760327196","23477/2025-11-06/1760327196.json"
"581513","221281","2025-11-08","36.00","NZD","1760327196","23477/2025-11-08/1760327196.json"
"581514","221282","2025-11-08","36.00","NZD","1760327196","23477/2025-11-08/1760327196.json"
"512557","146154","2025-11-08","45.00","NZD","1760327196","23477/2025-11-08/1760327196.json"
"365170","146153","2025-11-08","48.00","NZD","1760327196","23477/2025-11-08/1760327196.json"
"510807","146155","2025-11-08","52.00","NZD","1760327196","23477/2025-11-08/1760327196.json"
"581513","221281","2025-11-07","36.00","NZD","1760327196","23477/2025-11-07/1760327196.json"
"581514","221282","2025-11-07","36.00","NZD","1760327196","23477/2025-11-07/1760327196.json"
"512557","146154","2025-11-07","45.00","NZD","1760327196","23477/2025-11-07/1760327196.json"
"365170","146153","2025-11-07","48.00","NZD","1760327196","23477/2025-11-07/1760327196.json"
"510807","146155","2025-11-07","52.00","NZD","1760327196","23477/2025-11-07/1760327196.json"
"581513","221281","2025-11-10","36.00","NZD","1760327196","23477/2025-11-10/1760327196.json"
"581514","221282","2025-11-10","36.00","NZD","1760327196","23477/2025-11-10/1760327196.json"
"512557","146154","2025-11-10","45.00","NZD","1760327196","23477/2025-11-10/1760327196.json"
"365170","146153","2025-11-10","48.00","NZD","1760327196","23477/2025-11-10/1760327196.json"
"510807","146155","2025-11-10","52.00","NZD","1760327196","23477/2025-11-10/1760327196.json"
"581513","221281","2025-11-09","36.00","NZD","1760327196","23477/2025-11-09/1760327196.json"
"581514","221282","2025-11-09","36.00","NZD","1760327196","23477/2025-11-09/1760327196.json"
"512557","146154","2025-11-09","45.00","NZD","1760327196","23477/2025-11-09/1760327196.json"
"365170","146153","2025-11-09","48.00","NZD","1760327196","23477/2025-11-09/1760327196.json"
"510807","146155","2025-11-09","52.00","NZD","1760327196","23477/2025-11-09/1760327196.json"
"581513","221281","2025-11-12","36.00","NZD","1760327196","23477/2025-11-12/1760327196.json"
"581514","221282","2025-11-12","36.00","NZD","1760327196","23477/2025-11-12/1760327196.json"
"512557","146154","2025-11-12","45.00","NZD","1760327196","23477/2025-11-12/1760327196.json"
"365170","146153","2025-11-12","48.00","NZD","1760327196","23477/2025-11-12/1760327196.json"
"510807","146155","2025-11-12","52.00","NZD","1760327196","23477/2025-11-12/1760327196.json"
"581513","221281","2025-11-11","36.00","NZD","1760327196","23477/2025-11-11/1760327196.json"
"581514","221282","2025-11-11","36.00","NZD","1760327196","23477/2025-11-11/1760327196.json"
"512557","146154","2025-11-11","45.00","NZD","1760327196","23477/2025-11-11/1760327196.json"
"365170","146153","2025-11-11","48.00","NZD","1760327196","23477/2025-11-11/1760327196.json"
"510807","146155","2025-11-11","52.00","NZD","1760327196","23477/2025-11-11/1760327196.json"
"581513","221281","2025-11-13","36.00","NZD","1760327196","23477/2025-11-13/1760327196.json"
"581514","221282","2025-11-13","36.00","NZD","1760327196","23477/2025-11-13/1760327196.json"
"512557","146154","2025-11-13","45.00","NZD","1760327196","23477/2025-11-13/1760327196.json"
"365170","146153","2025-11-13","48.00","NZD","1760327196","23477/2025-11-13/1760327196.json"
"510807","146155","2025-11-13","52.00","NZD","1760327196","23477/2025-11-13/1760327196.json"
"581513","221281","2025-11-14","36.00","NZD","1760327196","23477/2025-11-14/1760327196.json"
"581514","221282","2025-11-14","36.00","NZD","1760327196","23477/2025-11-14/1760327196.json"
"512557","146154","2025-11-14","45.00","NZD","1760327196","23477/2025-11-14/1760327196.json"
"365170","146153","2025-11-14","48.00","NZD","1760327196","23477/2025-11-14/1760327196.json"
"510807","146155","2025-11-14","52.00","NZD","1760327196","23477/2025-11-14/1760327196.json"
"581513","221281","2025-11-16","36.00","NZD","1760327196","23477/2025-11-16/1760327196.json"
"581514","221282","2025-11-16","36.00","NZD","1760327196","23477/2025-11-16/1760327196.json"
"512557","146154","2025-11-16","45.00","NZD","1760327196","23477/2025-11-16/1760327196.json"
"365170","146153","2025-11-16","48.00","NZD","1760327196","23477/2025-11-16/1760327196.json"
"510807","146155","2025-11-16","52.00","NZD","1760327196","23477/2025-11-16/1760327196.json"
"581513","221281","2025-11-17","36.00","NZD","1760327196","23477/2025-11-17/1760327196.json"
"581514","221282","2025-11-17","36.00","NZD","1760327196","23477/2025-11-17/1760327196.json"
"512557","146154","2025-11-17","45.00","NZD","1760327196","23477/2025-11-17/1760327196.json"
"365170","146153","2025-11-17","48.00","NZD","1760327196","23477/2025-11-17/1760327196.json"
"510807","146155","2025-11-17","52.00","NZD","1760327196","23477/2025-11-17/1760327196.json"
"581513","221281","2025-11-18","36.00","NZD","1760327196","23477/2025-11-18/1760327196.json"
"581514","221282","2025-11-18","36.00","NZD","1760327196","23477/2025-11-18/1760327196.json"
"512557","146154","2025-11-18","45.00","NZD","1760327196","23477/2025-11-18/1760327196.json"
"365170","146153","2025-11-18","48.00","NZD","1760327196","23477/2025-11-18/1760327196.json"
"510807","146155","2025-11-18","52.00","NZD","1760327196","23477/2025-11-18/1760327196.json"
"581513","221281","2025-11-15","36.00","NZD","1760327196","23477/2025-11-15/1760327196.json"
"581514","221282","2025-11-15","36.00","NZD","1760327196","23477/2025-11-15/1760327196.json"
"512557","146154","2025-11-15","45.00","NZD","1760327196","23477/2025-11-15/1760327196.json"
"365170","146153","2025-11-15","48.00","NZD","1760327196","23477/2025-11-15/1760327196.json"
"510807","146155","2025-11-15","52.00","NZD","1760327196","23477/2025-11-15/1760327196.json"
"581513","221281","2025-11-20","36.00","NZD","1760327196","23477/2025-11-20/1760327196.json"
"581514","221282","2025-11-20","36.00","NZD","1760327196","23477/2025-11-20/1760327196.json"
"512557","146154","2025-11-20","45.00","NZD","1760327196","23477/2025-11-20/1760327196.json"
"581513","221281","2025-11-21","36.00","NZD","1760327196","23477/2025-11-21/1760327196.json"
"581514","221282","2025-11-21","36.00","NZD","1760327196","23477/2025-11-21/1760327196.json"
"512557","146154","2025-11-21","45.00","NZD","1760327196","23477/2025-11-21/1760327196.json"
"365170","146153","2025-11-21","48.00","NZD","1760327196","23477/2025-11-21/1760327196.json"
"510807","146155","2025-11-21","52.00","NZD","1760327196","23477/2025-11-21/1760327196.json"
"581513","221281","2025-11-22","36.00","NZD","1760327196","23477/2025-11-22/1760327196.json"
"581514","221282","2025-11-22","36.00","NZD","1760327196","23477/2025-11-22/1760327196.json"
"512557","146154","2025-11-22","45.00","NZD","1760327196","23477/2025-11-22/1760327196.json"
"365170","146153","2025-11-22","48.00","NZD","1760327196","23477/2025-11-22/1760327196.json"
"510807","146155","2025-11-22","52.00","NZD","1760327196","23477/2025-11-22/1760327196.json"
"581513","221281","2025-11-19","36.00","NZD","1760327196","23477/2025-11-19/1760327196.json"
"581514","221282","2025-11-19","36.00","NZD","1760327196","23477/2025-11-19/1760327196.json"
"512557","146154","2025-11-19","45.00","NZD","1760327196","23477/2025-11-19/1760327196.json"
"365170","146153","2025-11-19","48.00","NZD","1760327196","23477/2025-11-19/1760327196.json"
"510807","146155","2025-11-19","52.00","NZD","1760327196","23477/2025-11-19/1760327196.json"
"581513","221281","2025-11-23","36.00","NZD","1760327196","23477/2025-11-23/1760327196.json"
"581514","221282","2025-11-23","36.00","NZD","1760327196","23477/2025-11-23/1760327196.json"
"512557","146154","2025-11-23","45.00","NZD","1760327196","23477/2025-11-23/1760327196.json"
"365170","146153","2025-11-23","48.00","NZD","1760327196","23477/2025-11-23/1760327196.json"
"510807","146155","2025-11-23","52.00","NZD","1760327196","23477/2025-11-23/1760327196.json"
"581513","221281","2025-11-25","36.00","NZD","1760327196","23477/2025-11-25/1760327196.json"
"581514","221282","2025-11-25","36.00","NZD","1760327196","23477/2025-11-25/1760327196.json"
"512557","146154","2025-11-25","45.00","NZD","1760327196","23477/2025-11-25/1760327196.json"
"365170","146153","2025-11-25","48.00","NZD","1760327196","23477/2025-11-25/1760327196.json"
"510807","146155","2025-11-25","52.00","NZD","1760327196","23477/2025-11-25/1760327196.json"
"581513","221281","2025-11-26","36.00","NZD","1760327196","23477/2025-11-26/1760327196.json"
"581514","221282","2025-11-26","36.00","NZD","1760327196","23477/2025-11-26/1760327196.json"
"512557","146154","2025-11-26","45.00","NZD","1760327196","23477/2025-11-26/1760327196.json"
"365170","146153","2025-11-26","48.00","NZD","1760327196","23477/2025-11-26/1760327196.json"
"510807","146155","2025-11-26","52.00","NZD","1760327196","23477/2025-11-26/1760327196.json"
"581513","221281","2025-11-24","36.00","NZD","1760327196","23477/2025-11-24/1760327196.json"
"581514","221282","2025-11-24","36.00","NZD","1760327196","23477/2025-11-24/1760327196.json"
"512557","146154","2025-11-24","45.00","NZD","1760327196","23477/2025-11-24/1760327196.json"
"365170","146153","2025-11-24","48.00","NZD","1760327196","23477/2025-11-24/1760327196.json"
"510807","146155","2025-11-24","52.00","NZD","1760327196","23477/2025-11-24/1760327196.json"
"581513","221281","2025-11-27","36.00","NZD","1760327196","23477/2025-11-27/1760327196.json"
"581514","221282","2025-11-27","36.00","NZD","1760327196","23477/2025-11-27/1760327196.json"
"512557","146154","2025-11-27","45.00","NZD","1760327196","23477/2025-11-27/1760327196.json"
"365170","146153","2025-11-27","48.00","NZD","1760327196","23477/2025-11-27/1760327196.json"
"510807","146155","2025-11-27","52.00","NZD","1760327196","23477/2025-11-27/1760327196.json"
"581513","221281","2025-11-28","36.00","NZD","1760327196","23477/2025-11-28/1760327196.json"
"581514","221282","2025-11-28","36.00","NZD","1760327196","23477/2025-11-28/1760327196.json"
"512557","146154","2025-11-28","45.00","NZD","1760327196","23477/2025-11-28/1760327196.json"
"365170","146153","2025-11-28","48.00","NZD","1760327196","23477/2025-11-28/1760327196.json"
"510807","146155","2025-11-28","52.00","NZD","1760327196","23477/2025-11-28/1760327196.json"
"581513","221281","2025-11-29","36.00","NZD","1760327196","23477/2025-11-29/1760327196.json"
"581514","221282","2025-11-29","36.00","NZD","1760327196","23477/2025-11-29/1760327196.json"
"512557","146154","2025-11-29","45.00","NZD","1760327196","23477/2025-11-29/1760327196.json"
"365170","146153","2025-11-29","48.00","NZD","1760327196","23477/2025-11-29/1760327196.json"
"510807","146155","2025-11-29","52.00","NZD","1760327196","23477/2025-11-29/1760327196.json"
"581513","221281","2025-12-01","36.00","NZD","1760327196","23477/2025-12-01/1760327196.json"
"581514","221282","2025-12-01","36.00","NZD","1760327196","23477/2025-12-01/1760327196.json"
"512557","146154","2025-12-01","45.00","NZD","1760327196","23477/2025-12-01/1760327196.json"
"365170","146153","2025-12-01","48.00","NZD","1760327196","23477/2025-12-01/1760327196.json"
"510807","146155","2025-12-01","52.00","NZD","1760327196","23477/2025-12-01/1760327196.json"
"581513","221281","2025-11-30","36.00","NZD","1760327196","23477/2025-11-30/1760327196.json"
"581513","221281","2025-12-03","36.00","NZD","1760327196","23477/2025-12-03/1760327196.json"
"581514","221282","2025-12-03","36.00","NZD","1760327196","23477/2025-12-03/1760327196.json"
"581514","221282","2025-11-30","36.00","NZD","1760327196","23477/2025-11-30/1760327196.json"
"512557","146154","2025-12-03","45.00","NZD","1760327196","23477/2025-12-03/1760327196.json"
"512557","146154","2025-11-30","45.00","NZD","1760327196","23477/2025-11-30/1760327196.json"
"365170","146153","2025-12-03","48.00","NZD","1760327196","23477/2025-12-03/1760327196.json"
"365170","146153","2025-11-30","48.00","NZD","1760327196","23477/2025-11-30/1760327196.json"
"510807","146155","2025-12-03","52.00","NZD","1760327196","23477/2025-12-03/1760327196.json"
"510807","146155","2025-11-30","52.00","NZD","1760327196","23477/2025-11-30/1760327196.json"
"581513","221281","2025-12-02","36.00","NZD","1760327196","23477/2025-12-02/1760327196.json"
"581514","221282","2025-12-02","36.00","NZD","1760327196","23477/2025-12-02/1760327196.json"
"512557","146154","2025-12-02","45.00","NZD","1760327196","23477/2025-12-02/1760327196.json"
"365170","146153","2025-12-02","48.00","NZD","1760327196","23477/2025-12-02/1760327196.json"
"510807","146155","2025-12-02","52.00","NZD","1760327196","23477/2025-12-02/1760327196.json"
"581513","221281","2025-12-04","36.00","NZD","1760327196","23477/2025-12-04/1760327196.json"
"581514","221282","2025-12-04","36.00","NZD","1760327196","23477/2025-12-04/1760327196.json"
"512557","146154","2025-12-04","45.00","NZD","1760327196","23477/2025-12-04/1760327196.json"
"365170","146153","2025-12-04","48.00","NZD","1760327196","23477/2025-12-04/1760327196.json"
"510807","146155","2025-12-04","52.00","NZD","1760327196","23477/2025-12-04/1760327196.json"
"581513","221281","2025-12-07","36.00","NZD","1760327196","23477/2025-12-07/1760327196.json"
"581513","221281","2025-12-06","36.00","NZD","1760327196","23477/2025-12-06/1760327196.json"
"581514","221282","2025-12-07","36.00","NZD","1760327196","23477/2025-12-07/1760327196.json"
"512557","146154","2025-12-07","45.00","NZD","1760327196","23477/2025-12-07/1760327196.json"
"581514","221282","2025-12-06","36.00","NZD","1760327196","23477/2025-12-06/1760327196.json"
"512557","146154","2025-12-06","45.00","NZD","1760327196","23477/2025-12-06/1760327196.json"
"365170","146153","2025-12-07","48.00","NZD","1760327196","23477/2025-12-07/1760327196.json"
"365170","146153","2025-12-06","48.00","NZD","1760327196","23477/2025-12-06/1760327196.json"
"510807","146155","2025-12-06","52.00","NZD","1760327196","23477/2025-12-06/1760327196.json"
"510807","146155","2025-12-07","52.00","NZD","1760327196","23477/2025-12-07/1760327196.json"
"581513","221281","2025-12-05","36.00","NZD","1760327196","23477/2025-12-05/1760327196.json"
"581514","221282","2025-12-05","36.00","NZD","1760327196","23477/2025-12-05/1760327196.json"
"512557","146154","2025-12-05","45.00","NZD","1760327196","23477/2025-12-05/1760327196.json"
"365170","146153","2025-12-05","48.00","NZD","1760327196","23477/2025-12-05/1760327196.json"
"510807","146155","2025-12-05","52.00","NZD","1760327196","23477/2025-12-05/1760327196.json"
"581513","221281","2025-12-08","36.00","NZD","1760327196","23477/2025-12-08/1760327196.json"
"581514","221282","2025-12-08","36.00","NZD","1760327196","23477/2025-12-08/1760327196.json"
"512557","146154","2025-12-08","45.00","NZD","1760327196","23477/2025-12-08/1760327196.json"
"365170","146153","2025-12-08","48.00","NZD","1760327196","23477/2025-12-08/1760327196.json"
"510807","146155","2025-12-08","52.00","NZD","1760327196","23477/2025-12-08/1760327196.json"
"581513","221281","2025-12-09","36.00","NZD","1760327196","23477/2025-12-09/1760327196.json"
"581514","221282","2025-12-09","36.00","NZD","1760327196","23477/2025-12-09/1760327196.json"
"512557","146154","2025-12-09","45.00","NZD","1760327196","23477/2025-12-09/1760327196.json"
"365170","146153","2025-12-09","48.00","NZD","1760327196","23477/2025-12-09/1760327196.json"
"510807","146155","2025-12-09","52.00","NZD","1760327196","23477/2025-12-09/1760327196.json"
"581513","221281","2025-12-11","36.00","NZD","1760327196","23477/2025-12-11/1760327196.json"
"581514","221282","2025-12-11","36.00","NZD","1760327196","23477/2025-12-11/1760327196.json"
"512557","146154","2025-12-11","45.00","NZD","1760327196","23477/2025-12-11/1760327196.json"
"365170","146153","2025-12-11","48.00","NZD","1760327196","23477/2025-12-11/1760327196.json"
"510807","146155","2025-12-11","52.00","NZD","1760327196","23477/2025-12-11/1760327196.json"
"581513","221281","2025-12-10","36.00","NZD","1760327196","23477/2025-12-10/1760327196.json"
"581514","221282","2025-12-10","36.00","NZD","1760327196","23477/2025-12-10/1760327196.json"
"512557","146154","2025-12-10","45.00","NZD","1760327196","23477/2025-12-10/1760327196.json"
"365170","146153","2025-12-10","48.00","NZD","1760327196","23477/2025-12-10/1760327196.json"
"510807","146155","2025-12-10","52.00","NZD","1760327196","23477/2025-12-10/1760327196.json"
"581513","221281","2025-12-12","36.00","NZD","1760327196","23477/2025-12-12/1760327196.json"
"581514","221282","2025-12-12","36.00","NZD","1760327196","23477/2025-12-12/1760327196.json"
"512557","146154","2025-12-12","45.00","NZD","1760327196","23477/2025-12-12/1760327196.json"
"365170","146153","2025-12-12","48.00","NZD","1760327196","23477/2025-12-12/1760327196.json"
"510807","146155","2025-12-12","52.00","NZD","1760327196","23477/2025-12-12/1760327196.json"
"581513","221281","2025-10-15","36.00","NZD","1760331326","23477/2025-10-15/1760331326.json"
"581514","221282","2025-10-15","36.00","NZD","1760331326","23477/2025-10-15/1760331326.json"
"512557","146154","2025-10-15","45.00","NZD","1760331326","23477/2025-10-15/1760331326.json"
"365170","146153","2025-10-15","48.00","NZD","1760331326","23477/2025-10-15/1760331326.json"
"510807","146155","2025-10-15","52.00","NZD","1760331326","23477/2025-10-15/1760331326.json"
"581513","221281","2025-10-16","36.00","NZD","1760331326","23477/2025-10-16/1760331326.json"
"581514","221282","2025-10-16","36.00","NZD","1760331326","23477/2025-10-16/1760331326.json"
"512557","146154","2025-10-16","45.00","NZD","1760331326","23477/2025-10-16/1760331326.json"
"365170","146153","2025-10-16","48.00","NZD","1760331326","23477/2025-10-16/1760331326.json"
"510807","146155","2025-10-16","52.00","NZD","1760331326","23477/2025-10-16/1760331326.json"
"581513","221281","2025-10-13","36.00","NZD","1760331326","23477/2025-10-13/1760331326.json"
"581514","221282","2025-10-13","36.00","NZD","1760331326","23477/2025-10-13/1760331326.json"
"512557","146154","2025-10-13","45.00","NZD","1760331326","23477/2025-10-13/1760331326.json"
"365170","146153","2025-10-13","48.00","NZD","1760331326","23477/2025-10-13/1760331326.json"
"510807","146155","2025-10-13","52.00","NZD","1760331326","23477/2025-10-13/1760331326.json"
"581513","221281","2025-10-14","36.00","NZD","1760331326","23477/2025-10-14/1760331326.json"
"581514","221282","2025-10-14","36.00","NZD","1760331326","23477/2025-10-14/1760331326.json"
"512557","146154","2025-10-14","45.00","NZD","1760331326","23477/2025-10-14/1760331326.json"
"365170","146153","2025-10-14","48.00","NZD","1760331326","23477/2025-10-14/1760331326.json"
"510807","146155","2025-10-14","52.00","NZD","1760331326","23477/2025-10-14/1760331326.json"
"581513","221281","2025-10-19","36.00","NZD","1760331326","23477/2025-10-19/1760331326.json"
"581514","221282","2025-10-19","36.00","NZD","1760331326","23477/2025-10-19/1760331326.json"
"512557","146154","2025-10-19","45.00","NZD","1760331326","23477/2025-10-19/1760331326.json"
"365170","146153","2025-10-19","48.00","NZD","1760331326","23477/2025-10-19/1760331326.json"
"510807","146155","2025-10-19","52.00","NZD","1760331326","23477/2025-10-19/1760331326.json"
"581513","221281","2025-10-17","36.00","NZD","1760331326","23477/2025-10-17/1760331326.json"
"581514","221282","2025-10-17","36.00","NZD","1760331326","23477/2025-10-17/1760331326.json"
"512557","146154","2025-10-17","45.00","NZD","1760331326","23477/2025-10-17/1760331326.json"
"365170","146153","2025-10-17","48.00","NZD","1760331326","23477/2025-10-17/1760331326.json"
"510807","146155","2025-10-17","52.00","NZD","1760331326","23477/2025-10-17/1760331326.json"
"581513","221281","2025-10-20","36.00","NZD","1760331326","23477/2025-10-20/1760331326.json"
"581514","221282","2025-10-20","36.00","NZD","1760331326","23477/2025-10-20/1760331326.json"
"512557","146154","2025-10-20","45.00","NZD","1760331326","23477/2025-10-20/1760331326.json"
"365170","146153","2025-10-20","48.00","NZD","1760331326","23477/2025-10-20/1760331326.json"
"510807","146155","2025-10-20","52.00","NZD","1760331326","23477/2025-10-20/1760331326.json"
"581513","221281","2025-10-18","36.00","NZD","1760331326","23477/2025-10-18/1760331326.json"
"581514","221282","2025-10-18","36.00","NZD","1760331326","23477/2025-10-18/1760331326.json"
"512557","146154","2025-10-18","45.00","NZD","1760331326","23477/2025-10-18/1760331326.json"
"365170","146153","2025-10-18","48.00","NZD","1760331326","23477/2025-10-18/1760331326.json"
"510807","146155","2025-10-18","52.00","NZD","1760331326","23477/2025-10-18/1760331326.json"
"581513","221281","2025-10-21","36.00","NZD","1760331326","23477/2025-10-21/1760331326.json"
"581514","221282","2025-10-21","36.00","NZD","1760331326","23477/2025-10-21/1760331326.json"
"512557","146154","2025-10-21","45.00","NZD","1760331326","23477/2025-10-21/1760331326.json"
"365170","146153","2025-10-21","48.00","NZD","1760331326","23477/2025-10-21/1760331326.json"
"510807","146155","2025-10-21","52.00","NZD","1760331326","23477/2025-10-21/1760331326.json"
"581513","221281","2025-10-22","36.00","NZD","1760331326","23477/2025-10-22/1760331326.json"
"581514","221282","2025-10-22","36.00","NZD","1760331326","23477/2025-10-22/1760331326.json"
"512557","146154","2025-10-22","45.00","NZD","1760331326","23477/2025-10-22/1760331326.json"
"365170","146153","2025-10-22","48.00","NZD","1760331326","23477/2025-10-22/1760331326.json"
"510807","146155","2025-10-22","52.00","NZD","1760331326","23477/2025-10-22/1760331326.json"
"581513","221281","2025-10-24","36.00","NZD","1760331326","23477/2025-10-24/1760331326.json"
"581513","221281","2025-10-23","36.00","NZD","1760331326","23477/2025-10-23/1760331326.json"
"581514","221282","2025-10-24","36.00","NZD","1760331326","23477/2025-10-24/1760331326.json"
"581514","221282","2025-10-23","36.00","NZD","1760331326","23477/2025-10-23/1760331326.json"
"512557","146154","2025-10-23","45.00","NZD","1760331326","23477/2025-10-23/1760331326.json"
"512557","146154","2025-10-24","45.00","NZD","1760331326","23477/2025-10-24/1760331326.json"
"365170","146153","2025-10-24","48.00","NZD","1760331326","23477/2025-10-24/1760331326.json"
"365170","146153","2025-10-23","48.00","NZD","1760331326","23477/2025-10-23/1760331326.json"
"510807","146155","2025-10-23","52.00","NZD","1760331326","23477/2025-10-23/1760331326.json"
"510807","146155","2025-10-24","52.00","NZD","1760331326","23477/2025-10-24/1760331326.json"
"581513","221281","2025-10-25","38.00","NZD","1760331326","23477/2025-10-25/1760331326.json"
"581514","221282","2025-10-25","38.00","NZD","1760331326","23477/2025-10-25/1760331326.json"
"512557","146154","2025-10-25","45.00","NZD","1760331326","23477/2025-10-25/1760331326.json"
"581513","221281","2025-10-26","38.00","NZD","1760331326","23477/2025-10-26/1760331326.json"
"581514","221282","2025-10-26","38.00","NZD","1760331326","23477/2025-10-26/1760331326.json"
"512557","146154","2025-10-26","45.00","NZD","1760331326","23477/2025-10-26/1760331326.json"
"581513","221281","2025-10-28","36.00","NZD","1760331326","23477/2025-10-28/1760331326.json"
"581514","221282","2025-10-28","36.00","NZD","1760331326","23477/2025-10-28/1760331326.json"
"512557","146154","2025-10-28","45.00","NZD","1760331326","23477/2025-10-28/1760331326.json"
"365170","146153","2025-10-28","48.00","NZD","1760331326","23477/2025-10-28/1760331326.json"
"510807","146155","2025-10-28","52.00","NZD","1760331326","23477/2025-10-28/1760331326.json"
"581513","221281","2025-10-27","38.00","NZD","1760331326","23477/2025-10-27/1760331326.json"
"581514","221282","2025-10-27","38.00","NZD","1760331326","23477/2025-10-27/1760331326.json"
"512557","146154","2025-10-27","45.00","NZD","1760331326","23477/2025-10-27/1760331326.json"
"365170","146153","2025-10-27","48.00","NZD","1760331326","23477/2025-10-27/1760331326.json"
"510807","146155","2025-10-27","52.00","NZD","1760331326","23477/2025-10-27/1760331326.json"
"581513","221281","2025-10-30","36.00","NZD","1760331326","23477/2025-10-30/1760331326.json"
"581514","221282","2025-10-30","36.00","NZD","1760331326","23477/2025-10-30/1760331326.json"
"512557","146154","2025-10-30","45.00","NZD","1760331326","23477/2025-10-30/1760331326.json"
"365170","146153","2025-10-30","48.00","NZD","1760331326","23477/2025-10-30/1760331326.json"
"510807","146155","2025-10-30","52.00","NZD","1760331326","23477/2025-10-30/1760331326.json"
"581513","221281","2025-10-29","36.00","NZD","1760331326","23477/2025-10-29/1760331326.json"
"581514","221282","2025-10-29","36.00","NZD","1760331326","23477/2025-10-29/1760331326.json"
"512557","146154","2025-10-29","45.00","NZD","1760331326","23477/2025-10-29/1760331326.json"
"365170","146153","2025-10-29","48.00","NZD","1760331326","23477/2025-10-29/1760331326.json"
"510807","146155","2025-10-29","52.00","NZD","1760331326","23477/2025-10-29/1760331326.json"
"581513","221281","2025-11-01","36.00","NZD","1760331326","23477/2025-11-01/1760331326.json"
"581514","221282","2025-11-01","36.00","NZD","1760331326","23477/2025-11-01/1760331326.json"
"512557","146154","2025-11-01","45.00","NZD","1760331326","23477/2025-11-01/1760331326.json"
"365170","146153","2025-11-01","48.00","NZD","1760331326","23477/2025-11-01/1760331326.json"
"510807","146155","2025-11-01","52.00","NZD","1760331326","23477/2025-11-01/1760331326.json"
"581513","221281","2025-10-31","36.00","NZD","1760331326","23477/2025-10-31/1760331326.json"
"581514","221282","2025-10-31","36.00","NZD","1760331326","23477/2025-10-31/1760331326.json"
"512557","146154","2025-10-31","45.00","NZD","1760331326","23477/2025-10-31/1760331326.json"
"365170","146153","2025-10-31","48.00","NZD","1760331326","23477/2025-10-31/1760331326.json"
"510807","146155","2025-10-31","52.00","NZD","1760331326","23477/2025-10-31/1760331326.json"
"581513","221281","2025-11-04","36.00","NZD","1760331326","23477/2025-11-04/1760331326.json"
"581514","221282","2025-11-04","36.00","NZD","1760331326","23477/2025-11-04/1760331326.json"
"512557","146154","2025-11-04","45.00","NZD","1760331326","23477/2025-11-04/1760331326.json"
"365170","146153","2025-11-04","48.00","NZD","1760331326","23477/2025-11-04/1760331326.json"
"510807","146155","2025-11-04","52.00","NZD","1760331326","23477/2025-11-04/1760331326.json"
"581513","221281","2025-11-02","36.00","NZD","1760331326","23477/2025-11-02/1760331326.json"
"581514","221282","2025-11-02","36.00","NZD","1760331326","23477/2025-11-02/1760331326.json"
"512557","146154","2025-11-02","45.00","NZD","1760331326","23477/2025-11-02/1760331326.json"
"365170","146153","2025-11-02","48.00","NZD","1760331326","23477/2025-11-02/1760331326.json"
"510807","146155","2025-11-02","52.00","NZD","1760331326","23477/2025-11-02/1760331326.json"
"581513","221281","2025-11-03","36.00","NZD","1760331326","23477/2025-11-03/1760331326.json"
"581514","221282","2025-11-03","36.00","NZD","1760331326","23477/2025-11-03/1760331326.json"
"512557","146154","2025-11-03","45.00","NZD","1760331326","23477/2025-11-03/1760331326.json"
"365170","146153","2025-11-03","48.00","NZD","1760331326","23477/2025-11-03/1760331326.json"
"510807","146155","2025-11-03","52.00","NZD","1760331326","23477/2025-11-03/1760331326.json"
"581513","221281","2025-11-05","36.00","NZD","1760331326","23477/2025-11-05/1760331326.json"
"581514","221282","2025-11-05","36.00","NZD","1760331326","23477/2025-11-05/1760331326.json"
"512557","146154","2025-11-05","45.00","NZD","1760331326","23477/2025-11-05/1760331326.json"
"365170","146153","2025-11-05","48.00","NZD","1760331326","23477/2025-11-05/1760331326.json"
"510807","146155","2025-11-05","52.00","NZD","1760331326","23477/2025-11-05/1760331326.json"
"581513","221281","2025-11-08","36.00","NZD","1760331326","23477/2025-11-08/1760331326.json"
"581514","221282","2025-11-08","36.00","NZD","1760331326","23477/2025-11-08/1760331326.json"
"512557","146154","2025-11-08","45.00","NZD","1760331326","23477/2025-11-08/1760331326.json"
"365170","146153","2025-11-08","48.00","NZD","1760331326","23477/2025-11-08/1760331326.json"
"510807","146155","2025-11-08","52.00","NZD","1760331326","23477/2025-11-08/1760331326.json"
"581513","221281","2025-11-06","36.00","NZD","1760331326","23477/2025-11-06/1760331326.json"
"581514","221282","2025-11-06","36.00","NZD","1760331326","23477/2025-11-06/1760331326.json"
"512557","146154","2025-11-06","45.00","NZD","1760331326","23477/2025-11-06/1760331326.json"
"365170","146153","2025-11-06","48.00","NZD","1760331326","23477/2025-11-06/1760331326.json"
"510807","146155","2025-11-06","52.00","NZD","1760331326","23477/2025-11-06/1760331326.json"
"581513","221281","2025-11-09","36.00","NZD","1760331326","23477/2025-11-09/1760331326.json"
"581514","221282","2025-11-09","36.00","NZD","1760331326","23477/2025-11-09/1760331326.json"
"512557","146154","2025-11-09","45.00","NZD","1760331326","23477/2025-11-09/1760331326.json"
"365170","146153","2025-11-09","48.00","NZD","1760331326","23477/2025-11-09/1760331326.json"
"510807","146155","2025-11-09","52.00","NZD","1760331326","23477/2025-11-09/1760331326.json"
"581513","221281","2025-11-07","36.00","NZD","1760331326","23477/2025-11-07/1760331326.json"
"581514","221282","2025-11-07","36.00","NZD","1760331326","23477/2025-11-07/1760331326.json"
"512557","146154","2025-11-07","45.00","NZD","1760331326","23477/2025-11-07/1760331326.json"
"365170","146153","2025-11-07","48.00","NZD","1760331326","23477/2025-11-07/1760331326.json"
"510807","146155","2025-11-07","52.00","NZD","1760331326","23477/2025-11-07/1760331326.json"
"581513","221281","2025-11-10","36.00","NZD","1760331326","23477/2025-11-10/1760331326.json"
"581514","221282","2025-11-10","36.00","NZD","1760331326","23477/2025-11-10/1760331326.json"
"512557","146154","2025-11-10","45.00","NZD","1760331326","23477/2025-11-10/1760331326.json"
"365170","146153","2025-11-10","48.00","NZD","1760331326","23477/2025-11-10/1760331326.json"
"510807","146155","2025-11-10","52.00","NZD","1760331326","23477/2025-11-10/1760331326.json"
"581513","221281","2025-11-11","36.00","NZD","1760331326","23477/2025-11-11/1760331326.json"
"581514","221282","2025-11-11","36.00","NZD","1760331326","23477/2025-11-11/1760331326.json"
"512557","146154","2025-11-11","45.00","NZD","1760331326","23477/2025-11-11/1760331326.json"
"365170","146153","2025-11-11","48.00","NZD","1760331326","23477/2025-11-11/1760331326.json"
"510807","146155","2025-11-11","52.00","NZD","1760331326","23477/2025-11-11/1760331326.json"
"581513","221281","2025-11-12","36.00","NZD","1760331326","23477/2025-11-12/1760331326.json"
"581514","221282","2025-11-12","36.00","NZD","1760331326","23477/2025-11-12/1760331326.json"
"512557","146154","2025-11-12","45.00","NZD","1760331326","23477/2025-11-12/1760331326.json"
"365170","146153","2025-11-12","48.00","NZD","1760331326","23477/2025-11-12/1760331326.json"
"510807","146155","2025-11-12","52.00","NZD","1760331326","23477/2025-11-12/1760331326.json"
"581513","221281","2025-11-13","36.00","NZD","1760331326","23477/2025-11-13/1760331326.json"
"581514","221282","2025-11-13","36.00","NZD","1760331326","23477/2025-11-13/1760331326.json"
"512557","146154","2025-11-13","45.00","NZD","1760331326","23477/2025-11-13/1760331326.json"
"365170","146153","2025-11-13","48.00","NZD","1760331326","23477/2025-11-13/1760331326.json"
"510807","146155","2025-11-13","52.00","NZD","1760331326","23477/2025-11-13/1760331326.json"
"581513","221281","2025-11-14","36.00","NZD","1760331326","23477/2025-11-14/1760331326.json"
"581514","221282","2025-11-14","36.00","NZD","1760331326","23477/2025-11-14/1760331326.json"
"512557","146154","2025-11-14","45.00","NZD","1760331326","23477/2025-11-14/1760331326.json"
"365170","146153","2025-11-14","48.00","NZD","1760331326","23477/2025-11-14/1760331326.json"
"510807","146155","2025-11-14","52.00","NZD","1760331326","23477/2025-11-14/1760331326.json"
"581513","221281","2025-11-15","36.00","NZD","1760331326","23477/2025-11-15/1760331326.json"
"581514","221282","2025-11-15","36.00","NZD","1760331326","23477/2025-11-15/1760331326.json"
"512557","146154","2025-11-15","45.00","NZD","1760331326","23477/2025-11-15/1760331326.json"
"365170","146153","2025-11-15","48.00","NZD","1760331326","23477/2025-11-15/1760331326.json"
"510807","146155","2025-11-15","52.00","NZD","1760331326","23477/2025-11-15/1760331326.json"
"581513","221281","2025-11-17","36.00","NZD","1760331326","23477/2025-11-17/1760331326.json"
"581514","221282","2025-11-17","36.00","NZD","1760331326","23477/2025-11-17/1760331326.json"
"512557","146154","2025-11-17","45.00","NZD","1760331326","23477/2025-11-17/1760331326.json"
"365170","146153","2025-11-17","48.00","NZD","1760331326","23477/2025-11-17/1760331326.json"
"510807","146155","2025-11-17","52.00","NZD","1760331326","23477/2025-11-17/1760331326.json"
"581513","221281","2025-11-16","36.00","NZD","1760331326","23477/2025-11-16/1760331326.json"
"581514","221282","2025-11-16","36.00","NZD","1760331326","23477/2025-11-16/1760331326.json"
"512557","146154","2025-11-16","45.00","NZD","1760331326","23477/2025-11-16/1760331326.json"
"365170","146153","2025-11-16","48.00","NZD","1760331326","23477/2025-11-16/1760331326.json"
"510807","146155","2025-11-16","52.00","NZD","1760331326","23477/2025-11-16/1760331326.json"
"581513","221281","2025-11-18","36.00","NZD","1760331326","23477/2025-11-18/1760331326.json"
"581514","221282","2025-11-18","36.00","NZD","1760331326","23477/2025-11-18/1760331326.json"
"512557","146154","2025-11-18","45.00","NZD","1760331326","23477/2025-11-18/1760331326.json"
"365170","146153","2025-11-18","48.00","NZD","1760331326","23477/2025-11-18/1760331326.json"
"510807","146155","2025-11-18","52.00","NZD","1760331326","23477/2025-11-18/1760331326.json"
"581513","221281","2025-11-19","36.00","NZD","1760331326","23477/2025-11-19/1760331326.json"
"581514","221282","2025-11-19","36.00","NZD","1760331326","23477/2025-11-19/1760331326.json"
"512557","146154","2025-11-19","45.00","NZD","1760331326","23477/2025-11-19/1760331326.json"
"365170","146153","2025-11-19","48.00","NZD","1760331326","23477/2025-11-19/1760331326.json"
"510807","146155","2025-11-19","52.00","NZD","1760331326","23477/2025-11-19/1760331326.json"
"581513","221281","2025-11-21","36.00","NZD","1760331326","23477/2025-11-21/1760331326.json"
"581514","221282","2025-11-21","36.00","NZD","1760331326","23477/2025-11-21/1760331326.json"
"512557","146154","2025-11-21","45.00","NZD","1760331326","23477/2025-11-21/1760331326.json"
"365170","146153","2025-11-21","48.00","NZD","1760331326","23477/2025-11-21/1760331326.json"
"510807","146155","2025-11-21","52.00","NZD","1760331326","23477/2025-11-21/1760331326.json"
"581513","221281","2025-11-20","36.00","NZD","1760331326","23477/2025-11-20/1760331326.json"
"581514","221282","2025-11-20","36.00","NZD","1760331326","23477/2025-11-20/1760331326.json"
"512557","146154","2025-11-20","45.00","NZD","1760331326","23477/2025-11-20/1760331326.json"
"581513","221281","2025-11-22","36.00","NZD","1760331326","23477/2025-11-22/1760331326.json"
"581514","221282","2025-11-22","36.00","NZD","1760331326","23477/2025-11-22/1760331326.json"
"512557","146154","2025-11-22","45.00","NZD","1760331326","23477/2025-11-22/1760331326.json"
"365170","146153","2025-11-22","48.00","NZD","1760331326","23477/2025-11-22/1760331326.json"
"510807","146155","2025-11-22","52.00","NZD","1760331326","23477/2025-11-22/1760331326.json"
"581513","221281","2025-11-24","36.00","NZD","1760331326","23477/2025-11-24/1760331326.json"
"581514","221282","2025-11-24","36.00","NZD","1760331326","23477/2025-11-24/1760331326.json"
"512557","146154","2025-11-24","45.00","NZD","1760331326","23477/2025-11-24/1760331326.json"
"365170","146153","2025-11-24","48.00","NZD","1760331326","23477/2025-11-24/1760331326.json"
"510807","146155","2025-11-24","52.00","NZD","1760331326","23477/2025-11-24/1760331326.json"
"581513","221281","2025-11-25","36.00","NZD","1760331326","23477/2025-11-25/1760331326.json"
"581514","221282","2025-11-25","36.00","NZD","1760331326","23477/2025-11-25/1760331326.json"
"512557","146154","2025-11-25","45.00","NZD","1760331326","23477/2025-11-25/1760331326.json"
"365170","146153","2025-11-25","48.00","NZD","1760331326","23477/2025-11-25/1760331326.json"
"510807","146155","2025-11-25","52.00","NZD","1760331326","23477/2025-11-25/1760331326.json"
"581513","221281","2025-11-23","36.00","NZD","1760331326","23477/2025-11-23/1760331326.json"
"581514","221282","2025-11-23","36.00","NZD","1760331326","23477/2025-11-23/1760331326.json"
"512557","146154","2025-11-23","45.00","NZD","1760331326","23477/2025-11-23/1760331326.json"
"365170","146153","2025-11-23","48.00","NZD","1760331326","23477/2025-11-23/1760331326.json"
"510807","146155","2025-11-23","52.00","NZD","1760331326","23477/2025-11-23/1760331326.json"
"581513","221281","2025-11-26","36.00","NZD","1760331326","23477/2025-11-26/1760331326.json"
"581514","221282","2025-11-26","36.00","NZD","1760331326","23477/2025-11-26/1760331326.json"
"512557","146154","2025-11-26","45.00","NZD","1760331326","23477/2025-11-26/1760331326.json"
"365170","146153","2025-11-26","48.00","NZD","1760331326","23477/2025-11-26/1760331326.json"
"510807","146155","2025-11-26","52.00","NZD","1760331326","23477/2025-11-26/1760331326.json"
"581513","221281","2025-11-27","36.00","NZD","1760331326","23477/2025-11-27/1760331326.json"
"581514","221282","2025-11-27","36.00","NZD","1760331326","23477/2025-11-27/1760331326.json"
"512557","146154","2025-11-27","45.00","NZD","1760331326","23477/2025-11-27/1760331326.json"
"365170","146153","2025-11-27","48.00","NZD","1760331326","23477/2025-11-27/1760331326.json"
"510807","146155","2025-11-27","52.00","NZD","1760331326","23477/2025-11-27/1760331326.json"
"581513","221281","2025-11-29","36.00","NZD","1760331326","23477/2025-11-29/1760331326.json"
"581514","221282","2025-11-29","36.00","NZD","1760331326","23477/2025-11-29/1760331326.json"
"512557","146154","2025-11-29","45.00","NZD","1760331326","23477/2025-11-29/1760331326.json"
"365170","146153","2025-11-29","48.00","NZD","1760331326","23477/2025-11-29/1760331326.json"
"510807","146155","2025-11-29","52.00","NZD","1760331326","23477/2025-11-29/1760331326.json"
"581513","221281","2025-11-30","36.00","NZD","1760331326","23477/2025-11-30/1760331326.json"
"581514","221282","2025-11-30","36.00","NZD","1760331326","23477/2025-11-30/1760331326.json"
"512557","146154","2025-11-30","45.00","NZD","1760331326","23477/2025-11-30/1760331326.json"
"365170","146153","2025-11-30","48.00","NZD","1760331326","23477/2025-11-30/1760331326.json"
"510807","146155","2025-11-30","52.00","NZD","1760331326","23477/2025-11-30/1760331326.json"
"581513","221281","2025-11-28","36.00","NZD","1760331326","23477/2025-11-28/1760331326.json"
"581514","221282","2025-11-28","36.00","NZD","1760331326","23477/2025-11-28/1760331326.json"
"512557","146154","2025-11-28","45.00","NZD","1760331326","23477/2025-11-28/1760331326.json"
"365170","146153","2025-11-28","48.00","NZD","1760331326","23477/2025-11-28/1760331326.json"
"510807","146155","2025-11-28","52.00","NZD","1760331326","23477/2025-11-28/1760331326.json"
"581513","221281","2025-12-01","36.00","NZD","1760331326","23477/2025-12-01/1760331326.json"
"581514","221282","2025-12-01","36.00","NZD","1760331326","23477/2025-12-01/1760331326.json"
"512557","146154","2025-12-01","45.00","NZD","1760331326","23477/2025-12-01/1760331326.json"
"365170","146153","2025-12-01","48.00","NZD","1760331326","23477/2025-12-01/1760331326.json"
"510807","146155","2025-12-01","52.00","NZD","1760331326","23477/2025-12-01/1760331326.json"
"581513","221281","2025-12-02","36.00","NZD","1760331326","23477/2025-12-02/1760331326.json"
"581514","221282","2025-12-02","36.00","NZD","1760331326","23477/2025-12-02/1760331326.json"
"512557","146154","2025-12-02","45.00","NZD","1760331326","23477/2025-12-02/1760331326.json"
"365170","146153","2025-12-02","48.00","NZD","1760331326","23477/2025-12-02/1760331326.json"
"510807","146155","2025-12-02","52.00","NZD","1760331326","23477/2025-12-02/1760331326.json"
"581513","221281","2025-12-03","36.00","NZD","1760331326","23477/2025-12-03/1760331326.json"
"581514","221282","2025-12-03","36.00","NZD","1760331326","23477/2025-12-03/1760331326.json"
"512557","146154","2025-12-03","45.00","NZD","1760331326","23477/2025-12-03/1760331326.json"
"365170","146153","2025-12-03","48.00","NZD","1760331326","23477/2025-12-03/1760331326.json"
"510807","146155","2025-12-03","52.00","NZD","1760331326","23477/2025-12-03/1760331326.json"
"581513","221281","2025-12-04","36.00","NZD","1760331326","23477/2025-12-04/1760331326.json"
"581514","221282","2025-12-04","36.00","NZD","1760331326","23477/2025-12-04/1760331326.json"
"512557","146154","2025-12-04","45.00","NZD","1760331326","23477/2025-12-04/1760331326.json"
"365170","146153","2025-12-04","48.00","NZD","1760331326","23477/2025-12-04/1760331326.json"
"510807","146155","2025-12-04","52.00","NZD","1760331326","23477/2025-12-04/1760331326.json"
"581513","221281","2025-12-05","36.00","NZD","1760331326","23477/2025-12-05/1760331326.json"
"581514","221282","2025-12-05","36.00","NZD","1760331326","23477/2025-12-05/1760331326.json"
"512557","146154","2025-12-05","45.00","NZD","1760331326","23477/2025-12-05/1760331326.json"
"365170","146153","2025-12-05","48.00","NZD","1760331326","23477/2025-12-05/1760331326.json"
"510807","146155","2025-12-05","52.00","NZD","1760331326","23477/2025-12-05/1760331326.json"
"581513","221281","2025-12-06","36.00","NZD","1760331326","23477/2025-12-06/1760331326.json"
"581514","221282","2025-12-06","36.00","NZD","1760331326","23477/2025-12-06/1760331326.json"
"512557","146154","2025-12-06","45.00","NZD","1760331326","23477/2025-12-06/1760331326.json"
"365170","146153","2025-12-06","48.00","NZD","1760331326","23477/2025-12-06/1760331326.json"
"510807","146155","2025-12-06","52.00","NZD","1760331326","23477/2025-12-06/1760331326.json"
"581513","221281","2025-12-07","36.00","NZD","1760331326","23477/2025-12-07/1760331326.json"
"581514","221282","2025-12-07","36.00","NZD","1760331326","23477/2025-12-07/1760331326.json"
"512557","146154","2025-12-07","45.00","NZD","1760331326","23477/2025-12-07/1760331326.json"
"365170","146153","2025-12-07","48.00","NZD","1760331326","23477/2025-12-07/1760331326.json"
"510807","146155","2025-12-07","52.00","NZD","1760331326","23477/2025-12-07/1760331326.json"
"581513","221281","2025-12-08","36.00","NZD","1760331326","23477/2025-12-08/1760331326.json"
"581514","221282","2025-12-08","36.00","NZD","1760331326","23477/2025-12-08/1760331326.json"
"512557","146154","2025-12-08","45.00","NZD","1760331326","23477/2025-12-08/1760331326.json"
"365170","146153","2025-12-08","48.00","NZD","1760331326","23477/2025-12-08/1760331326.json"
"510807","146155","2025-12-08","52.00","NZD","1760331326","23477/2025-12-08/1760331326.json"
"581513","221281","2025-12-09","36.00","NZD","1760331326","23477/2025-12-09/1760331326.json"
"581514","221282","2025-12-09","36.00","NZD","1760331326","23477/2025-12-09/1760331326.json"
"512557","146154","2025-12-09","45.00","NZD","1760331326","23477/2025-12-09/1760331326.json"
"365170","146153","2025-12-09","48.00","NZD","1760331326","23477/2025-12-09/1760331326.json"
"510807","146155","2025-12-09","52.00","NZD","1760331326","23477/2025-12-09/1760331326.json"
"581513","221281","2025-12-10","36.00","NZD","1760331326","23477/2025-12-10/1760331326.json"
"581514","221282","2025-12-10","36.00","NZD","1760331326","23477/2025-12-10/1760331326.json"
"512557","146154","2025-12-10","45.00","NZD","1760331326","23477/2025-12-10/1760331326.json"
"365170","146153","2025-12-10","48.00","NZD","1760331326","23477/2025-12-10/1760331326.json"
"510807","146155","2025-12-10","52.00","NZD","1760331326","23477/2025-12-10/1760331326.json"
"581513","221281","2025-12-11","36.00","NZD","1760331326","23477/2025-12-11/1760331326.json"
"581514","221282","2025-12-11","36.00","NZD","1760331326","23477/2025-12-11/1760331326.json"
"512557","146154","2025-12-11","45.00","NZD","1760331326","23477/2025-12-11/1760331326.json"
"365170","146153","2025-12-11","48.00","NZD","1760331326","23477/2025-12-11/1760331326.json"
"510807","146155","2025-12-11","52.00","NZD","1760331326","23477/2025-12-11/1760331326.json"
"581513","221281","2025-12-12","36.00","NZD","1760331326","23477/2025-12-12/1760331326.json"
"581514","221282","2025-12-12","36.00","NZD","1760331326","23477/2025-12-12/1760331326.json"
"512557","146154","2025-12-12","45.00","NZD","1760331326","23477/2025-12-12/1760331326.json"
"365170","146153","2025-12-12","48.00","NZD","1760331326","23477/2025-12-12/1760331326.json"
"510807","146155","2025-12-12","52.00","NZD","1760331326","23477/2025-12-12/1760331326.json"
"581513","221281","2025-10-14","36.00","NZD","1760346521","23477/2025-10-14/1760346521.json"
"581514","221282","2025-10-14","36.00","NZD","1760346521","23477/2025-10-14/1760346521.json"
"512557","146154","2025-10-14","45.00","NZD","1760346521","23477/2025-10-14/1760346521.json"
"365170","146153","2025-10-14","48.00","NZD","1760346521","23477/2025-10-14/1760346521.json"
"510807","146155","2025-10-14","52.00","NZD","1760346521","23477/2025-10-14/1760346521.json"
"581513","221281","2025-10-13","36.00","NZD","1760346521","23477/2025-10-13/1760346521.json"
"581514","221282","2025-10-13","36.00","NZD","1760346521","23477/2025-10-13/1760346521.json"
"512557","146154","2025-10-13","45.00","NZD","1760346521","23477/2025-10-13/1760346521.json"
"365170","146153","2025-10-13","48.00","NZD","1760346521","23477/2025-10-13/1760346521.json"
"510807","146155","2025-10-13","52.00","NZD","1760346521","23477/2025-10-13/1760346521.json"
"581513","221281","2025-10-15","36.00","NZD","1760346521","23477/2025-10-15/1760346521.json"
"581514","221282","2025-10-15","36.00","NZD","1760346521","23477/2025-10-15/1760346521.json"
"512557","146154","2025-10-15","45.00","NZD","1760346521","23477/2025-10-15/1760346521.json"
"365170","146153","2025-10-15","48.00","NZD","1760346521","23477/2025-10-15/1760346521.json"
"510807","146155","2025-10-15","52.00","NZD","1760346521","23477/2025-10-15/1760346521.json"
"581513","221281","2025-10-16","36.00","NZD","1760346521","23477/2025-10-16/1760346521.json"
"581514","221282","2025-10-16","36.00","NZD","1760346521","23477/2025-10-16/1760346521.json"
"512557","146154","2025-10-16","45.00","NZD","1760346521","23477/2025-10-16/1760346521.json"
"365170","146153","2025-10-16","48.00","NZD","1760346521","23477/2025-10-16/1760346521.json"
"510807","146155","2025-10-16","52.00","NZD","1760346521","23477/2025-10-16/1760346521.json"
"581513","221281","2025-10-17","36.00","NZD","1760346521","23477/2025-10-17/1760346521.json"
"581514","221282","2025-10-17","36.00","NZD","1760346521","23477/2025-10-17/1760346521.json"
"512557","146154","2025-10-17","45.00","NZD","1760346521","23477/2025-10-17/1760346521.json"
"365170","146153","2025-10-17","48.00","NZD","1760346521","23477/2025-10-17/1760346521.json"
"510807","146155","2025-10-17","52.00","NZD","1760346521","23477/2025-10-17/1760346521.json"
"581513","221281","2025-10-19","36.00","NZD","1760346521","23477/2025-10-19/1760346521.json"
"581514","221282","2025-10-19","36.00","NZD","1760346521","23477/2025-10-19/1760346521.json"
"512557","146154","2025-10-19","45.00","NZD","1760346521","23477/2025-10-19/1760346521.json"
"365170","146153","2025-10-19","48.00","NZD","1760346521","23477/2025-10-19/1760346521.json"
"510807","146155","2025-10-19","52.00","NZD","1760346521","23477/2025-10-19/1760346521.json"
"581513","221281","2025-10-20","36.00","NZD","1760346521","23477/2025-10-20/1760346521.json"
"581514","221282","2025-10-20","36.00","NZD","1760346521","23477/2025-10-20/1760346521.json"
"512557","146154","2025-10-20","45.00","NZD","1760346521","23477/2025-10-20/1760346521.json"
"365170","146153","2025-10-20","48.00","NZD","1760346521","23477/2025-10-20/1760346521.json"
"510807","146155","2025-10-20","52.00","NZD","1760346521","23477/2025-10-20/1760346521.json"
"581513","221281","2025-10-18","36.00","NZD","1760346521","23477/2025-10-18/1760346521.json"
"581514","221282","2025-10-18","36.00","NZD","1760346521","23477/2025-10-18/1760346521.json"
"512557","146154","2025-10-18","45.00","NZD","1760346521","23477/2025-10-18/1760346521.json"
"365170","146153","2025-10-18","48.00","NZD","1760346521","23477/2025-10-18/1760346521.json"
"510807","146155","2025-10-18","52.00","NZD","1760346521","23477/2025-10-18/1760346521.json"
"581513","221281","2025-10-21","36.00","NZD","1760346521","23477/2025-10-21/1760346521.json"
"581514","221282","2025-10-21","36.00","NZD","1760346521","23477/2025-10-21/1760346521.json"
"512557","146154","2025-10-21","45.00","NZD","1760346521","23477/2025-10-21/1760346521.json"
"365170","146153","2025-10-21","48.00","NZD","1760346521","23477/2025-10-21/1760346521.json"
"510807","146155","2025-10-21","52.00","NZD","1760346521","23477/2025-10-21/1760346521.json"
"581513","221281","2025-10-22","36.00","NZD","1760346521","23477/2025-10-22/1760346521.json"
"581513","221281","2025-10-23","36.00","NZD","1760346521","23477/2025-10-23/1760346521.json"
"581514","221282","2025-10-23","36.00","NZD","1760346521","23477/2025-10-23/1760346521.json"
"581514","221282","2025-10-22","36.00","NZD","1760346521","23477/2025-10-22/1760346521.json"
"512557","146154","2025-10-23","45.00","NZD","1760346521","23477/2025-10-23/1760346521.json"
"365170","146153","2025-10-23","48.00","NZD","1760346521","23477/2025-10-23/1760346521.json"
"512557","146154","2025-10-22","45.00","NZD","1760346521","23477/2025-10-22/1760346521.json"
"510807","146155","2025-10-23","52.00","NZD","1760346521","23477/2025-10-23/1760346521.json"
"365170","146153","2025-10-22","48.00","NZD","1760346521","23477/2025-10-22/1760346521.json"
"510807","146155","2025-10-22","52.00","NZD","1760346521","23477/2025-10-22/1760346521.json"
"581513","221281","2025-10-24","36.00","NZD","1760346521","23477/2025-10-24/1760346521.json"
"581514","221282","2025-10-24","36.00","NZD","1760346521","23477/2025-10-24/1760346521.json"
"512557","146154","2025-10-24","45.00","NZD","1760346521","23477/2025-10-24/1760346521.json"
"365170","146153","2025-10-24","48.00","NZD","1760346521","23477/2025-10-24/1760346521.json"
"510807","146155","2025-10-24","52.00","NZD","1760346521","23477/2025-10-24/1760346521.json"
"581513","221281","2025-10-25","38.00","NZD","1760346521","23477/2025-10-25/1760346521.json"
"581514","221282","2025-10-25","38.00","NZD","1760346521","23477/2025-10-25/1760346521.json"
"512557","146154","2025-10-25","45.00","NZD","1760346521","23477/2025-10-25/1760346521.json"
"581513","221281","2025-10-27","38.00","NZD","1760346521","23477/2025-10-27/1760346521.json"
"581514","221282","2025-10-27","38.00","NZD","1760346521","23477/2025-10-27/1760346521.json"
"512557","146154","2025-10-27","45.00","NZD","1760346521","23477/2025-10-27/1760346521.json"
"365170","146153","2025-10-27","48.00","NZD","1760346521","23477/2025-10-27/1760346521.json"
"510807","146155","2025-10-27","52.00","NZD","1760346521","23477/2025-10-27/1760346521.json"
"581513","221281","2025-10-28","36.00","NZD","1760346521","23477/2025-10-28/1760346521.json"
"581514","221282","2025-10-28","36.00","NZD","1760346521","23477/2025-10-28/1760346521.json"
"512557","146154","2025-10-28","45.00","NZD","1760346521","23477/2025-10-28/1760346521.json"
"365170","146153","2025-10-28","48.00","NZD","1760346521","23477/2025-10-28/1760346521.json"
"510807","146155","2025-10-28","52.00","NZD","1760346521","23477/2025-10-28/1760346521.json"
"581513","221281","2025-10-26","38.00","NZD","1760346521","23477/2025-10-26/1760346521.json"
"581514","221282","2025-10-26","38.00","NZD","1760346521","23477/2025-10-26/1760346521.json"
"512557","146154","2025-10-26","45.00","NZD","1760346521","23477/2025-10-26/1760346521.json"
"581513","221281","2025-10-29","36.00","NZD","1760346521","23477/2025-10-29/1760346521.json"
"581514","221282","2025-10-29","36.00","NZD","1760346521","23477/2025-10-29/1760346521.json"
"512557","146154","2025-10-29","45.00","NZD","1760346521","23477/2025-10-29/1760346521.json"
"365170","146153","2025-10-29","48.00","NZD","1760346521","23477/2025-10-29/1760346521.json"
"510807","146155","2025-10-29","52.00","NZD","1760346521","23477/2025-10-29/1760346521.json"
"581513","221281","2025-10-31","36.00","NZD","1760346521","23477/2025-10-31/1760346521.json"
"581514","221282","2025-10-31","36.00","NZD","1760346521","23477/2025-10-31/1760346521.json"
"512557","146154","2025-10-31","45.00","NZD","1760346521","23477/2025-10-31/1760346521.json"
"365170","146153","2025-10-31","48.00","NZD","1760346521","23477/2025-10-31/1760346521.json"
"510807","146155","2025-10-31","52.00","NZD","1760346521","23477/2025-10-31/1760346521.json"
"581513","221281","2025-10-30","36.00","NZD","1760346521","23477/2025-10-30/1760346521.json"
"581514","221282","2025-10-30","36.00","NZD","1760346521","23477/2025-10-30/1760346521.json"
"512557","146154","2025-10-30","45.00","NZD","1760346521","23477/2025-10-30/1760346521.json"
"365170","146153","2025-10-30","48.00","NZD","1760346521","23477/2025-10-30/1760346521.json"
"510807","146155","2025-10-30","52.00","NZD","1760346521","23477/2025-10-30/1760346521.json"
"581513","221281","2025-11-02","36.00","NZD","1760346521","23477/2025-11-02/1760346521.json"
"581514","221282","2025-11-02","36.00","NZD","1760346521","23477/2025-11-02/1760346521.json"
"512557","146154","2025-11-02","45.00","NZD","1760346521","23477/2025-11-02/1760346521.json"
"365170","146153","2025-11-02","48.00","NZD","1760346521","23477/2025-11-02/1760346521.json"
"510807","146155","2025-11-02","52.00","NZD","1760346521","23477/2025-11-02/1760346521.json"
"581513","221281","2025-11-03","36.00","NZD","1760346521","23477/2025-11-03/1760346521.json"
"581514","221282","2025-11-03","36.00","NZD","1760346521","23477/2025-11-03/1760346521.json"
"512557","146154","2025-11-03","45.00","NZD","1760346521","23477/2025-11-03/1760346521.json"
"365170","146153","2025-11-03","48.00","NZD","1760346521","23477/2025-11-03/1760346521.json"
"510807","146155","2025-11-03","52.00","NZD","1760346521","23477/2025-11-03/1760346521.json"
"581513","221281","2025-11-01","36.00","NZD","1760346521","23477/2025-11-01/1760346521.json"
"581514","221282","2025-11-01","36.00","NZD","1760346521","23477/2025-11-01/1760346521.json"
"512557","146154","2025-11-01","45.00","NZD","1760346521","23477/2025-11-01/1760346521.json"
"365170","146153","2025-11-01","48.00","NZD","1760346521","23477/2025-11-01/1760346521.json"
"510807","146155","2025-11-01","52.00","NZD","1760346521","23477/2025-11-01/1760346521.json"
"581513","221281","2025-11-04","36.00","NZD","1760346521","23477/2025-11-04/1760346521.json"
"581514","221282","2025-11-04","36.00","NZD","1760346521","23477/2025-11-04/1760346521.json"
"512557","146154","2025-11-04","45.00","NZD","1760346521","23477/2025-11-04/1760346521.json"
"365170","146153","2025-11-04","48.00","NZD","1760346521","23477/2025-11-04/1760346521.json"
"510807","146155","2025-11-04","52.00","NZD","1760346521","23477/2025-11-04/1760346521.json"
"581513","221281","2025-11-06","36.00","NZD","1760346521","23477/2025-11-06/1760346521.json"
"581514","221282","2025-11-06","36.00","NZD","1760346521","23477/2025-11-06/1760346521.json"
"512557","146154","2025-11-06","45.00","NZD","1760346521","23477/2025-11-06/1760346521.json"
"365170","146153","2025-11-06","48.00","NZD","1760346521","23477/2025-11-06/1760346521.json"
"510807","146155","2025-11-06","52.00","NZD","1760346521","23477/2025-11-06/1760346521.json"
"581513","221281","2025-11-07","36.00","NZD","1760346521","23477/2025-11-07/1760346521.json"
"581514","221282","2025-11-07","36.00","NZD","1760346521","23477/2025-11-07/1760346521.json"
"512557","146154","2025-11-07","45.00","NZD","1760346521","23477/2025-11-07/1760346521.json"
"365170","146153","2025-11-07","48.00","NZD","1760346521","23477/2025-11-07/1760346521.json"
"510807","146155","2025-11-07","52.00","NZD","1760346521","23477/2025-11-07/1760346521.json"
"581513","221281","2025-11-08","36.00","NZD","1760346521","23477/2025-11-08/1760346521.json"
"581514","221282","2025-11-08","36.00","NZD","1760346521","23477/2025-11-08/1760346521.json"
"512557","146154","2025-11-08","45.00","NZD","1760346521","23477/2025-11-08/1760346521.json"
"365170","146153","2025-11-08","48.00","NZD","1760346521","23477/2025-11-08/1760346521.json"
"510807","146155","2025-11-08","52.00","NZD","1760346521","23477/2025-11-08/1760346521.json"
"581513","221281","2025-11-05","36.00","NZD","1760346521","23477/2025-11-05/1760346521.json"
"581514","221282","2025-11-05","36.00","NZD","1760346521","23477/2025-11-05/1760346521.json"
"512557","146154","2025-11-05","45.00","NZD","1760346521","23477/2025-11-05/1760346521.json"
"365170","146153","2025-11-05","48.00","NZD","1760346521","23477/2025-11-05/1760346521.json"
"510807","146155","2025-11-05","52.00","NZD","1760346521","23477/2025-11-05/1760346521.json"
"581513","221281","2025-11-09","36.00","NZD","1760346521","23477/2025-11-09/1760346521.json"
"581514","221282","2025-11-09","36.00","NZD","1760346521","23477/2025-11-09/1760346521.json"
"512557","146154","2025-11-09","45.00","NZD","1760346521","23477/2025-11-09/1760346521.json"
"365170","146153","2025-11-09","48.00","NZD","1760346521","23477/2025-11-09/1760346521.json"
"510807","146155","2025-11-09","52.00","NZD","1760346521","23477/2025-11-09/1760346521.json"
"581513","221281","2025-11-11","36.00","NZD","1760346521","23477/2025-11-11/1760346521.json"
"581514","221282","2025-11-11","36.00","NZD","1760346521","23477/2025-11-11/1760346521.json"
"512557","146154","2025-11-11","45.00","NZD","1760346521","23477/2025-11-11/1760346521.json"
"365170","146153","2025-11-11","48.00","NZD","1760346521","23477/2025-11-11/1760346521.json"
"510807","146155","2025-11-11","52.00","NZD","1760346521","23477/2025-11-11/1760346521.json"
"581513","221281","2025-11-12","36.00","NZD","1760346521","23477/2025-11-12/1760346521.json"
"581514","221282","2025-11-12","36.00","NZD","1760346521","23477/2025-11-12/1760346521.json"
"512557","146154","2025-11-12","45.00","NZD","1760346521","23477/2025-11-12/1760346521.json"
"365170","146153","2025-11-12","48.00","NZD","1760346521","23477/2025-11-12/1760346521.json"
"510807","146155","2025-11-12","52.00","NZD","1760346521","23477/2025-11-12/1760346521.json"
"581513","221281","2025-11-10","36.00","NZD","1760346521","23477/2025-11-10/1760346521.json"
"581514","221282","2025-11-10","36.00","NZD","1760346521","23477/2025-11-10/1760346521.json"
"512557","146154","2025-11-10","45.00","NZD","1760346521","23477/2025-11-10/1760346521.json"
"365170","146153","2025-11-10","48.00","NZD","1760346521","23477/2025-11-10/1760346521.json"
"510807","146155","2025-11-10","52.00","NZD","1760346521","23477/2025-11-10/1760346521.json"
"581513","221281","2025-11-14","36.00","NZD","1760346521","23477/2025-11-14/1760346521.json"
"581514","221282","2025-11-14","36.00","NZD","1760346521","23477/2025-11-14/1760346521.json"
"512557","146154","2025-11-14","45.00","NZD","1760346521","23477/2025-11-14/1760346521.json"
"365170","146153","2025-11-14","48.00","NZD","1760346521","23477/2025-11-14/1760346521.json"
"510807","146155","2025-11-14","52.00","NZD","1760346521","23477/2025-11-14/1760346521.json"
"581513","221281","2025-11-13","36.00","NZD","1760346521","23477/2025-11-13/1760346521.json"
"581514","221282","2025-11-13","36.00","NZD","1760346521","23477/2025-11-13/1760346521.json"
"512557","146154","2025-11-13","45.00","NZD","1760346521","23477/2025-11-13/1760346521.json"
"365170","146153","2025-11-13","48.00","NZD","1760346521","23477/2025-11-13/1760346521.json"
"510807","146155","2025-11-13","52.00","NZD","1760346521","23477/2025-11-13/1760346521.json"
"581513","221281","2025-11-15","36.00","NZD","1760346521","23477/2025-11-15/1760346521.json"
"581514","221282","2025-11-15","36.00","NZD","1760346521","23477/2025-11-15/1760346521.json"
"512557","146154","2025-11-15","45.00","NZD","1760346521","23477/2025-11-15/1760346521.json"
"365170","146153","2025-11-15","48.00","NZD","1760346521","23477/2025-11-15/1760346521.json"
"510807","146155","2025-11-15","52.00","NZD","1760346521","23477/2025-11-15/1760346521.json"
"581513","221281","2025-11-16","36.00","NZD","1760346521","23477/2025-11-16/1760346521.json"
"581514","221282","2025-11-16","36.00","NZD","1760346521","23477/2025-11-16/1760346521.json"
"512557","146154","2025-11-16","45.00","NZD","1760346521","23477/2025-11-16/1760346521.json"
"365170","146153","2025-11-16","48.00","NZD","1760346521","23477/2025-11-16/1760346521.json"
"510807","146155","2025-11-16","52.00","NZD","1760346521","23477/2025-11-16/1760346521.json"
"581513","221281","2025-11-18","36.00","NZD","1760346521","23477/2025-11-18/1760346521.json"
"581514","221282","2025-11-18","36.00","NZD","1760346521","23477/2025-11-18/1760346521.json"
"512557","146154","2025-11-18","45.00","NZD","1760346521","23477/2025-11-18/1760346521.json"
"365170","146153","2025-11-18","48.00","NZD","1760346521","23477/2025-11-18/1760346521.json"
"510807","146155","2025-11-18","52.00","NZD","1760346521","23477/2025-11-18/1760346521.json"
"581513","221281","2025-11-17","36.00","NZD","1760346521","23477/2025-11-17/1760346521.json"
"581514","221282","2025-11-17","36.00","NZD","1760346521","23477/2025-11-17/1760346521.json"
"512557","146154","2025-11-17","45.00","NZD","1760346521","23477/2025-11-17/1760346521.json"
"365170","146153","2025-11-17","48.00","NZD","1760346521","23477/2025-11-17/1760346521.json"
"510807","146155","2025-11-17","52.00","NZD","1760346521","23477/2025-11-17/1760346521.json"
"581513","221281","2025-11-20","36.00","NZD","1760346521","23477/2025-11-20/1760346521.json"
"581514","221282","2025-11-20","36.00","NZD","1760346521","23477/2025-11-20/1760346521.json"
"512557","146154","2025-11-20","45.00","NZD","1760346521","23477/2025-11-20/1760346521.json"
"581513","221281","2025-11-19","36.00","NZD","1760346521","23477/2025-11-19/1760346521.json"
"581514","221282","2025-11-19","36.00","NZD","1760346521","23477/2025-11-19/1760346521.json"
"512557","146154","2025-11-19","45.00","NZD","1760346521","23477/2025-11-19/1760346521.json"
"365170","146153","2025-11-19","48.00","NZD","1760346521","23477/2025-11-19/1760346521.json"
"510807","146155","2025-11-19","52.00","NZD","1760346521","23477/2025-11-19/1760346521.json"
"581513","221281","2025-11-21","36.00","NZD","1760346521","23477/2025-11-21/1760346521.json"
"581514","221282","2025-11-21","36.00","NZD","1760346521","23477/2025-11-21/1760346521.json"
"512557","146154","2025-11-21","45.00","NZD","1760346521","23477/2025-11-21/1760346521.json"
"365170","146153","2025-11-21","48.00","NZD","1760346521","23477/2025-11-21/1760346521.json"
"510807","146155","2025-11-21","52.00","NZD","1760346521","23477/2025-11-21/1760346521.json"
"581513","221281","2025-11-22","36.00","NZD","1760346521","23477/2025-11-22/1760346521.json"
"581514","221282","2025-11-22","36.00","NZD","1760346521","23477/2025-11-22/1760346521.json"
"512557","146154","2025-11-22","45.00","NZD","1760346521","23477/2025-11-22/1760346521.json"
"365170","146153","2025-11-22","48.00","NZD","1760346521","23477/2025-11-22/1760346521.json"
"510807","146155","2025-11-22","52.00","NZD","1760346521","23477/2025-11-22/1760346521.json"
"581513","221281","2025-11-24","36.00","NZD","1760346521","23477/2025-11-24/1760346521.json"
"581514","221282","2025-11-24","36.00","NZD","1760346521","23477/2025-11-24/1760346521.json"
"512557","146154","2025-11-24","45.00","NZD","1760346521","23477/2025-11-24/1760346521.json"
"365170","146153","2025-11-24","48.00","NZD","1760346521","23477/2025-11-24/1760346521.json"
"510807","146155","2025-11-24","52.00","NZD","1760346521","23477/2025-11-24/1760346521.json"
"581513","221281","2025-11-25","36.00","NZD","1760346521","23477/2025-11-25/1760346521.json"
"581514","221282","2025-11-25","36.00","NZD","1760346521","23477/2025-11-25/1760346521.json"
"512557","146154","2025-11-25","45.00","NZD","1760346521","23477/2025-11-25/1760346521.json"
"365170","146153","2025-11-25","48.00","NZD","1760346521","23477/2025-11-25/1760346521.json"
"510807","146155","2025-11-25","52.00","NZD","1760346521","23477/2025-11-25/1760346521.json"
"581513","221281","2025-11-26","36.00","NZD","1760346521","23477/2025-11-26/1760346521.json"
"581514","221282","2025-11-26","36.00","NZD","1760346521","23477/2025-11-26/1760346521.json"
"512557","146154","2025-11-26","45.00","NZD","1760346521","23477/2025-11-26/1760346521.json"
"365170","146153","2025-11-26","48.00","NZD","1760346521","23477/2025-11-26/1760346521.json"
"510807","146155","2025-11-26","52.00","NZD","1760346521","23477/2025-11-26/1760346521.json"
"581513","221281","2025-11-23","36.00","NZD","1760346521","23477/2025-11-23/1760346521.json"
"581514","221282","2025-11-23","36.00","NZD","1760346521","23477/2025-11-23/1760346521.json"
"512557","146154","2025-11-23","45.00","NZD","1760346521","23477/2025-11-23/1760346521.json"
"365170","146153","2025-11-23","48.00","NZD","1760346521","23477/2025-11-23/1760346521.json"
"510807","146155","2025-11-23","52.00","NZD","1760346521","23477/2025-11-23/1760346521.json"
"581513","221281","2025-11-27","36.00","NZD","1760346521","23477/2025-11-27/1760346521.json"
"581514","221282","2025-11-27","36.00","NZD","1760346521","23477/2025-11-27/1760346521.json"
"512557","146154","2025-11-27","45.00","NZD","1760346521","23477/2025-11-27/1760346521.json"
"365170","146153","2025-11-27","48.00","NZD","1760346521","23477/2025-11-27/1760346521.json"
"510807","146155","2025-11-27","52.00","NZD","1760346521","23477/2025-11-27/1760346521.json"
"581513","221281","2025-11-29","36.00","NZD","1760346521","23477/2025-11-29/1760346521.json"
"581514","221282","2025-11-29","36.00","NZD","1760346521","23477/2025-11-29/1760346521.json"
"512557","146154","2025-11-29","45.00","NZD","1760346521","23477/2025-11-29/1760346521.json"
"365170","146153","2025-11-29","48.00","NZD","1760346521","23477/2025-11-29/1760346521.json"
"510807","146155","2025-11-29","52.00","NZD","1760346521","23477/2025-11-29/1760346521.json"
"581513","221281","2025-11-30","36.00","NZD","1760346521","23477/2025-11-30/1760346521.json"
"581514","221282","2025-11-30","36.00","NZD","1760346521","23477/2025-11-30/1760346521.json"
"512557","146154","2025-11-30","45.00","NZD","1760346521","23477/2025-11-30/1760346521.json"
"365170","146153","2025-11-30","48.00","NZD","1760346521","23477/2025-11-30/1760346521.json"
"510807","146155","2025-11-30","52.00","NZD","1760346521","23477/2025-11-30/1760346521.json"
"581513","221281","2025-11-28","36.00","NZD","1760346521","23477/2025-11-28/1760346521.json"
"581514","221282","2025-11-28","36.00","NZD","1760346521","23477/2025-11-28/1760346521.json"
"512557","146154","2025-11-28","45.00","NZD","1760346521","23477/2025-11-28/1760346521.json"
"365170","146153","2025-11-28","48.00","NZD","1760346521","23477/2025-11-28/1760346521.json"
"510807","146155","2025-11-28","52.00","NZD","1760346521","23477/2025-11-28/1760346521.json"
"581513","221281","2025-12-01","36.00","NZD","1760346521","23477/2025-12-01/1760346521.json"
"581514","221282","2025-12-01","36.00","NZD","1760346521","23477/2025-12-01/1760346521.json"
"512557","146154","2025-12-01","45.00","NZD","1760346521","23477/2025-12-01/1760346521.json"
"365170","146153","2025-12-01","48.00","NZD","1760346521","23477/2025-12-01/1760346521.json"
"510807","146155","2025-12-01","52.00","NZD","1760346521","23477/2025-12-01/1760346521.json"
"581513","221281","2025-12-02","36.00","NZD","1760346521","23477/2025-12-02/1760346521.json"
"581514","221282","2025-12-02","36.00","NZD","1760346521","23477/2025-12-02/1760346521.json"
"512557","146154","2025-12-02","45.00","NZD","1760346521","23477/2025-12-02/1760346521.json"
"365170","146153","2025-12-02","48.00","NZD","1760346521","23477/2025-12-02/1760346521.json"
"510807","146155","2025-12-02","52.00","NZD","1760346521","23477/2025-12-02/1760346521.json"
"581513","221281","2025-12-04","36.00","NZD","1760346521","23477/2025-12-04/1760346521.json"
"581514","221282","2025-12-04","36.00","NZD","1760346521","23477/2025-12-04/1760346521.json"
"512557","146154","2025-12-04","45.00","NZD","1760346521","23477/2025-12-04/1760346521.json"
"365170","146153","2025-12-04","48.00","NZD","1760346521","23477/2025-12-04/1760346521.json"
"510807","146155","2025-12-04","52.00","NZD","1760346521","23477/2025-12-04/1760346521.json"
"581513","221281","2025-12-03","36.00","NZD","1760346521","23477/2025-12-03/1760346521.json"
"581514","221282","2025-12-03","36.00","NZD","1760346521","23477/2025-12-03/1760346521.json"
"512557","146154","2025-12-03","45.00","NZD","1760346521","23477/2025-12-03/1760346521.json"
"365170","146153","2025-12-03","48.00","NZD","1760346521","23477/2025-12-03/1760346521.json"
"510807","146155","2025-12-03","52.00","NZD","1760346521","23477/2025-12-03/1760346521.json"
"581513","221281","2025-12-05","36.00","NZD","1760346521","23477/2025-12-05/1760346521.json"
"581514","221282","2025-12-05","36.00","NZD","1760346521","23477/2025-12-05/1760346521.json"
"512557","146154","2025-12-05","45.00","NZD","1760346521","23477/2025-12-05/1760346521.json"
"365170","146153","2025-12-05","48.00","NZD","1760346521","23477/2025-12-05/1760346521.json"
"510807","146155","2025-12-05","52.00","NZD","1760346521","23477/2025-12-05/1760346521.json"
"581513","221281","2025-12-06","36.00","NZD","1760346521","23477/2025-12-06/1760346521.json"
"581514","221282","2025-12-06","36.00","NZD","1760346521","23477/2025-12-06/1760346521.json"
"512557","146154","2025-12-06","45.00","NZD","1760346521","23477/2025-12-06/1760346521.json"
"365170","146153","2025-12-06","48.00","NZD","1760346521","23477/2025-12-06/1760346521.json"
"510807","146155","2025-12-06","52.00","NZD","1760346521","23477/2025-12-06/1760346521.json"
"581513","221281","2025-12-07","36.00","NZD","1760346521","23477/2025-12-07/1760346521.json"
"581514","221282","2025-12-07","36.00","NZD","1760346521","23477/2025-12-07/1760346521.json"
"512557","146154","2025-12-07","45.00","NZD","1760346521","23477/2025-12-07/1760346521.json"
"365170","146153","2025-12-07","48.00","NZD","1760346521","23477/2025-12-07/1760346521.json"
"510807","146155","2025-12-07","52.00","NZD","1760346521","23477/2025-12-07/1760346521.json"
"581513","221281","2025-12-08","36.00","NZD","1760346521","23477/2025-12-08/1760346521.json"
"581514","221282","2025-12-08","36.00","NZD","1760346521","23477/2025-12-08/1760346521.json"
"512557","146154","2025-12-08","45.00","NZD","1760346521","23477/2025-12-08/1760346521.json"
"365170","146153","2025-12-08","48.00","NZD","1760346521","23477/2025-12-08/1760346521.json"
"510807","146155","2025-12-08","52.00","NZD","1760346521","23477/2025-12-08/1760346521.json"
"581513","221281","2025-12-09","36.00","NZD","1760346521","23477/2025-12-09/1760346521.json"
"581514","221282","2025-12-09","36.00","NZD","1760346521","23477/2025-12-09/1760346521.json"
"512557","146154","2025-12-09","45.00","NZD","1760346521","23477/2025-12-09/1760346521.json"
"365170","146153","2025-12-09","48.00","NZD","1760346521","23477/2025-12-09/1760346521.json"
"510807","146155","2025-12-09","52.00","NZD","1760346521","23477/2025-12-09/1760346521.json"
"581513","221281","2025-12-10","36.00","NZD","1760346521","23477/2025-12-10/1760346521.json"
"581514","221282","2025-12-10","36.00","NZD","1760346521","23477/2025-12-10/1760346521.json"
"512557","146154","2025-12-10","45.00","NZD","1760346521","23477/2025-12-10/1760346521.json"
"365170","146153","2025-12-10","48.00","NZD","1760346521","23477/2025-12-10/1760346521.json"
"510807","146155","2025-12-10","52.00","NZD","1760346521","23477/2025-12-10/1760346521.json"
"581513","221281","2025-12-11","36.00","NZD","1760346521","23477/2025-12-11/1760346521.json"
"581514","221282","2025-12-11","36.00","NZD","1760346521","23477/2025-12-11/1760346521.json"
"512557","146154","2025-12-11","45.00","NZD","1760346521","23477/2025-12-11/1760346521.json"
"365170","146153","2025-12-11","48.00","NZD","1760346521","23477/2025-12-11/1760346521.json"
"510807","146155","2025-12-11","52.00","NZD","1760346521","23477/2025-12-11/1760346521.json"
"581513","221281","2025-12-12","36.00","NZD","1760346521","23477/2025-12-12/1760346521.json"
"581514","221282","2025-12-12","36.00","NZD","1760346521","23477/2025-12-12/1760346521.json"
"512557","146154","2025-12-12","45.00","NZD","1760346521","23477/2025-12-12/1760346521.json"
"365170","146153","2025-12-12","48.00","NZD","1760346521","23477/2025-12-12/1760346521.json"
"510807","146155","2025-12-12","52.00","NZD","1760346521","23477/2025-12-12/1760346521.json"
"581513","221281","2025-10-15","36.00","NZD","1760363719","23477/2025-10-15/1760363719.json"
"581514","221282","2025-10-15","36.00","NZD","1760363719","23477/2025-10-15/1760363719.json"
"512557","146154","2025-10-15","45.00","NZD","1760363719","23477/2025-10-15/1760363719.json"
"365170","146153","2025-10-15","48.00","NZD","1760363719","23477/2025-10-15/1760363719.json"
"510807","146155","2025-10-15","52.00","NZD","1760363719","23477/2025-10-15/1760363719.json"
"581513","221281","2025-10-16","36.00","NZD","1760363719","23477/2025-10-16/1760363719.json"
"581514","221282","2025-10-16","36.00","NZD","1760363719","23477/2025-10-16/1760363719.json"
"512557","146154","2025-10-16","45.00","NZD","1760363719","23477/2025-10-16/1760363719.json"
"365170","146153","2025-10-16","48.00","NZD","1760363719","23477/2025-10-16/1760363719.json"
"510807","146155","2025-10-16","52.00","NZD","1760363719","23477/2025-10-16/1760363719.json"
"581513","221281","2025-10-14","36.00","NZD","1760363719","23477/2025-10-14/1760363719.json"
"581514","221282","2025-10-14","36.00","NZD","1760363719","23477/2025-10-14/1760363719.json"
"512557","146154","2025-10-14","45.00","NZD","1760363719","23477/2025-10-14/1760363719.json"
"365170","146153","2025-10-14","48.00","NZD","1760363719","23477/2025-10-14/1760363719.json"
"510807","146155","2025-10-14","52.00","NZD","1760363719","23477/2025-10-14/1760363719.json"
"581513","221281","2025-10-17","36.00","NZD","1760363719","23477/2025-10-17/1760363719.json"
"581514","221282","2025-10-17","36.00","NZD","1760363719","23477/2025-10-17/1760363719.json"
"512557","146154","2025-10-17","45.00","NZD","1760363719","23477/2025-10-17/1760363719.json"
"365170","146153","2025-10-17","48.00","NZD","1760363719","23477/2025-10-17/1760363719.json"
"510807","146155","2025-10-17","52.00","NZD","1760363719","23477/2025-10-17/1760363719.json"
"581513","221281","2025-10-20","36.00","NZD","1760363719","23477/2025-10-20/1760363719.json"
"581514","221282","2025-10-20","36.00","NZD","1760363719","23477/2025-10-20/1760363719.json"
"512557","146154","2025-10-20","45.00","NZD","1760363719","23477/2025-10-20/1760363719.json"
"365170","146153","2025-10-20","48.00","NZD","1760363719","23477/2025-10-20/1760363719.json"
"510807","146155","2025-10-20","52.00","NZD","1760363719","23477/2025-10-20/1760363719.json"
"581513","221281","2025-10-18","36.00","NZD","1760363719","23477/2025-10-18/1760363719.json"
"581514","221282","2025-10-18","36.00","NZD","1760363719","23477/2025-10-18/1760363719.json"
"512557","146154","2025-10-18","45.00","NZD","1760363719","23477/2025-10-18/1760363719.json"
"365170","146153","2025-10-18","48.00","NZD","1760363719","23477/2025-10-18/1760363719.json"
"510807","146155","2025-10-18","52.00","NZD","1760363719","23477/2025-10-18/1760363719.json"
"581513","221281","2025-10-19","36.00","NZD","1760363719","23477/2025-10-19/1760363719.json"
"581514","221282","2025-10-19","36.00","NZD","1760363719","23477/2025-10-19/1760363719.json"
"512557","146154","2025-10-19","45.00","NZD","1760363719","23477/2025-10-19/1760363719.json"
"365170","146153","2025-10-19","48.00","NZD","1760363719","23477/2025-10-19/1760363719.json"
"510807","146155","2025-10-19","52.00","NZD","1760363719","23477/2025-10-19/1760363719.json"
"581513","221281","2025-10-21","36.00","NZD","1760363719","23477/2025-10-21/1760363719.json"
"581514","221282","2025-10-21","36.00","NZD","1760363719","23477/2025-10-21/1760363719.json"
"512557","146154","2025-10-21","45.00","NZD","1760363719","23477/2025-10-21/1760363719.json"
"365170","146153","2025-10-21","48.00","NZD","1760363719","23477/2025-10-21/1760363719.json"
"510807","146155","2025-10-21","52.00","NZD","1760363719","23477/2025-10-21/1760363719.json"
"581513","221281","2025-10-23","36.00","NZD","1760363719","23477/2025-10-23/1760363719.json"
"581514","221282","2025-10-23","36.00","NZD","1760363719","23477/2025-10-23/1760363719.json"
"512557","146154","2025-10-23","45.00","NZD","1760363719","23477/2025-10-23/1760363719.json"
"365170","146153","2025-10-23","48.00","NZD","1760363719","23477/2025-10-23/1760363719.json"
"510807","146155","2025-10-23","52.00","NZD","1760363719","23477/2025-10-23/1760363719.json"
"581513","221281","2025-10-22","36.00","NZD","1760363719","23477/2025-10-22/1760363719.json"
"581514","221282","2025-10-22","36.00","NZD","1760363719","23477/2025-10-22/1760363719.json"
"512557","146154","2025-10-22","45.00","NZD","1760363719","23477/2025-10-22/1760363719.json"
"365170","146153","2025-10-22","48.00","NZD","1760363719","23477/2025-10-22/1760363719.json"
"510807","146155","2025-10-22","52.00","NZD","1760363719","23477/2025-10-22/1760363719.json"
"581513","221281","2025-10-24","36.00","NZD","1760363719","23477/2025-10-24/1760363719.json"
"581514","221282","2025-10-24","36.00","NZD","1760363719","23477/2025-10-24/1760363719.json"
"512557","146154","2025-10-24","45.00","NZD","1760363719","23477/2025-10-24/1760363719.json"
"365170","146153","2025-10-24","48.00","NZD","1760363719","23477/2025-10-24/1760363719.json"
"510807","146155","2025-10-24","52.00","NZD","1760363719","23477/2025-10-24/1760363719.json"
"581513","221281","2025-10-25","38.00","NZD","1760363719","23477/2025-10-25/1760363719.json"
"581514","221282","2025-10-25","38.00","NZD","1760363719","23477/2025-10-25/1760363719.json"
"512557","146154","2025-10-25","45.00","NZD","1760363719","23477/2025-10-25/1760363719.json"
"581513","221281","2025-10-26","38.00","NZD","1760363719","23477/2025-10-26/1760363719.json"
"581514","221282","2025-10-26","38.00","NZD","1760363719","23477/2025-10-26/1760363719.json"
"512557","146154","2025-10-26","45.00","NZD","1760363719","23477/2025-10-26/1760363719.json"
"581513","221281","2025-10-27","38.00","NZD","1760363719","23477/2025-10-27/1760363719.json"
"581514","221282","2025-10-27","38.00","NZD","1760363719","23477/2025-10-27/1760363719.json"
"512557","146154","2025-10-27","45.00","NZD","1760363719","23477/2025-10-27/1760363719.json"
"365170","146153","2025-10-27","48.00","NZD","1760363719","23477/2025-10-27/1760363719.json"
"510807","146155","2025-10-27","52.00","NZD","1760363719","23477/2025-10-27/1760363719.json"
"581513","221281","2025-10-29","36.00","NZD","1760363719","23477/2025-10-29/1760363719.json"
"581514","221282","2025-10-29","36.00","NZD","1760363719","23477/2025-10-29/1760363719.json"
"512557","146154","2025-10-29","45.00","NZD","1760363719","23477/2025-10-29/1760363719.json"
"365170","146153","2025-10-29","48.00","NZD","1760363719","23477/2025-10-29/1760363719.json"
"510807","146155","2025-10-29","52.00","NZD","1760363719","23477/2025-10-29/1760363719.json"
"581513","221281","2025-10-28","36.00","NZD","1760363719","23477/2025-10-28/1760363719.json"
"581514","221282","2025-10-28","36.00","NZD","1760363719","23477/2025-10-28/1760363719.json"
"512557","146154","2025-10-28","45.00","NZD","1760363719","23477/2025-10-28/1760363719.json"
"365170","146153","2025-10-28","48.00","NZD","1760363719","23477/2025-10-28/1760363719.json"
"510807","146155","2025-10-28","52.00","NZD","1760363719","23477/2025-10-28/1760363719.json"
"581513","221281","2025-10-30","36.00","NZD","1760363719","23477/2025-10-30/1760363719.json"
"581514","221282","2025-10-30","36.00","NZD","1760363719","23477/2025-10-30/1760363719.json"
"512557","146154","2025-10-30","45.00","NZD","1760363719","23477/2025-10-30/1760363719.json"
"365170","146153","2025-10-30","48.00","NZD","1760363719","23477/2025-10-30/1760363719.json"
"510807","146155","2025-10-30","52.00","NZD","1760363719","23477/2025-10-30/1760363719.json"
"581513","221281","2025-10-31","36.00","NZD","1760363719","23477/2025-10-31/1760363719.json"
"581514","221282","2025-10-31","36.00","NZD","1760363719","23477/2025-10-31/1760363719.json"
"512557","146154","2025-10-31","45.00","NZD","1760363719","23477/2025-10-31/1760363719.json"
"365170","146153","2025-10-31","48.00","NZD","1760363719","23477/2025-10-31/1760363719.json"
"510807","146155","2025-10-31","52.00","NZD","1760363719","23477/2025-10-31/1760363719.json"
"581513","221281","2025-11-01","36.00","NZD","1760363719","23477/2025-11-01/1760363719.json"
"581514","221282","2025-11-01","36.00","NZD","1760363719","23477/2025-11-01/1760363719.json"
"512557","146154","2025-11-01","45.00","NZD","1760363719","23477/2025-11-01/1760363719.json"
"365170","146153","2025-11-01","48.00","NZD","1760363719","23477/2025-11-01/1760363719.json"
"510807","146155","2025-11-01","52.00","NZD","1760363719","23477/2025-11-01/1760363719.json"
"581513","221281","2025-11-02","36.00","NZD","1760363719","23477/2025-11-02/1760363719.json"
"581514","221282","2025-11-02","36.00","NZD","1760363719","23477/2025-11-02/1760363719.json"
"512557","146154","2025-11-02","45.00","NZD","1760363719","23477/2025-11-02/1760363719.json"
"365170","146153","2025-11-02","48.00","NZD","1760363719","23477/2025-11-02/1760363719.json"
"510807","146155","2025-11-02","52.00","NZD","1760363719","23477/2025-11-02/1760363719.json"
"581513","221281","2025-11-03","36.00","NZD","1760363719","23477/2025-11-03/1760363719.json"
"581514","221282","2025-11-03","36.00","NZD","1760363719","23477/2025-11-03/1760363719.json"
"512557","146154","2025-11-03","45.00","NZD","1760363719","23477/2025-11-03/1760363719.json"
"365170","146153","2025-11-03","48.00","NZD","1760363719","23477/2025-11-03/1760363719.json"
"510807","146155","2025-11-03","52.00","NZD","1760363719","23477/2025-11-03/1760363719.json"
"581513","221281","2025-11-05","36.00","NZD","1760363719","23477/2025-11-05/1760363719.json"
"581514","221282","2025-11-05","36.00","NZD","1760363719","23477/2025-11-05/1760363719.json"
"512557","146154","2025-11-05","45.00","NZD","1760363719","23477/2025-11-05/1760363719.json"
"365170","146153","2025-11-05","48.00","NZD","1760363719","23477/2025-11-05/1760363719.json"
"510807","146155","2025-11-05","52.00","NZD","1760363719","23477/2025-11-05/1760363719.json"
"581513","221281","2025-11-04","36.00","NZD","1760363719","23477/2025-11-04/1760363719.json"
"581514","221282","2025-11-04","36.00","NZD","1760363719","23477/2025-11-04/1760363719.json"
"512557","146154","2025-11-04","45.00","NZD","1760363719","23477/2025-11-04/1760363719.json"
"365170","146153","2025-11-04","48.00","NZD","1760363719","23477/2025-11-04/1760363719.json"
"510807","146155","2025-11-04","52.00","NZD","1760363719","23477/2025-11-04/1760363719.json"
"581513","221281","2025-11-06","36.00","NZD","1760363719","23477/2025-11-06/1760363719.json"
"581514","221282","2025-11-06","36.00","NZD","1760363719","23477/2025-11-06/1760363719.json"
"512557","146154","2025-11-06","45.00","NZD","1760363719","23477/2025-11-06/1760363719.json"
"365170","146153","2025-11-06","48.00","NZD","1760363719","23477/2025-11-06/1760363719.json"
"510807","146155","2025-11-06","52.00","NZD","1760363719","23477/2025-11-06/1760363719.json"
"581513","221281","2025-11-07","36.00","NZD","1760363719","23477/2025-11-07/1760363719.json"
"581514","221282","2025-11-07","36.00","NZD","1760363719","23477/2025-11-07/1760363719.json"
"512557","146154","2025-11-07","45.00","NZD","1760363719","23477/2025-11-07/1760363719.json"
"365170","146153","2025-11-07","48.00","NZD","1760363719","23477/2025-11-07/1760363719.json"
"510807","146155","2025-11-07","52.00","NZD","1760363719","23477/2025-11-07/1760363719.json"
"581513","221281","2025-11-08","36.00","NZD","1760363719","23477/2025-11-08/1760363719.json"
"581514","221282","2025-11-08","36.00","NZD","1760363719","23477/2025-11-08/1760363719.json"
"512557","146154","2025-11-08","45.00","NZD","1760363719","23477/2025-11-08/1760363719.json"
"365170","146153","2025-11-08","48.00","NZD","1760363719","23477/2025-11-08/1760363719.json"
"510807","146155","2025-11-08","52.00","NZD","1760363719","23477/2025-11-08/1760363719.json"
"581513","221281","2025-11-09","36.00","NZD","1760363719","23477/2025-11-09/1760363719.json"
"581514","221282","2025-11-09","36.00","NZD","1760363719","23477/2025-11-09/1760363719.json"
"512557","146154","2025-11-09","45.00","NZD","1760363719","23477/2025-11-09/1760363719.json"
"365170","146153","2025-11-09","48.00","NZD","1760363719","23477/2025-11-09/1760363719.json"
"510807","146155","2025-11-09","52.00","NZD","1760363719","23477/2025-11-09/1760363719.json"
"581513","221281","2025-11-10","36.00","NZD","1760363719","23477/2025-11-10/1760363719.json"
"581514","221282","2025-11-10","36.00","NZD","1760363719","23477/2025-11-10/1760363719.json"
"512557","146154","2025-11-10","45.00","NZD","1760363719","23477/2025-11-10/1760363719.json"
"365170","146153","2025-11-10","48.00","NZD","1760363719","23477/2025-11-10/1760363719.json"
"510807","146155","2025-11-10","52.00","NZD","1760363719","23477/2025-11-10/1760363719.json"
"581513","221281","2025-11-11","36.00","NZD","1760363719","23477/2025-11-11/1760363719.json"
"581514","221282","2025-11-11","36.00","NZD","1760363719","23477/2025-11-11/1760363719.json"
"512557","146154","2025-11-11","45.00","NZD","1760363719","23477/2025-11-11/1760363719.json"
"365170","146153","2025-11-11","48.00","NZD","1760363719","23477/2025-11-11/1760363719.json"
"510807","146155","2025-11-11","52.00","NZD","1760363719","23477/2025-11-11/1760363719.json"
"581513","221281","2025-11-13","36.00","NZD","1760363719","23477/2025-11-13/1760363719.json"
"581514","221282","2025-11-13","36.00","NZD","1760363719","23477/2025-11-13/1760363719.json"
"512557","146154","2025-11-13","45.00","NZD","1760363719","23477/2025-11-13/1760363719.json"
"365170","146153","2025-11-13","48.00","NZD","1760363719","23477/2025-11-13/1760363719.json"
"510807","146155","2025-11-13","52.00","NZD","1760363719","23477/2025-11-13/1760363719.json"
"581513","221281","2025-11-12","36.00","NZD","1760363719","23477/2025-11-12/1760363719.json"
"581514","221282","2025-11-12","36.00","NZD","1760363719","23477/2025-11-12/1760363719.json"
"512557","146154","2025-11-12","45.00","NZD","1760363719","23477/2025-11-12/1760363719.json"
"365170","146153","2025-11-12","48.00","NZD","1760363719","23477/2025-11-12/1760363719.json"
"510807","146155","2025-11-12","52.00","NZD","1760363719","23477/2025-11-12/1760363719.json"
"581513","221281","2025-11-14","36.00","NZD","1760363719","23477/2025-11-14/1760363719.json"
"581514","221282","2025-11-14","36.00","NZD","1760363719","23477/2025-11-14/1760363719.json"
"512557","146154","2025-11-14","45.00","NZD","1760363719","23477/2025-11-14/1760363719.json"
"365170","146153","2025-11-14","48.00","NZD","1760363719","23477/2025-11-14/1760363719.json"
"510807","146155","2025-11-14","52.00","NZD","1760363719","23477/2025-11-14/1760363719.json"
"581513","221281","2025-11-15","36.00","NZD","1760363719","23477/2025-11-15/1760363719.json"
"581514","221282","2025-11-15","36.00","NZD","1760363719","23477/2025-11-15/1760363719.json"
"512557","146154","2025-11-15","45.00","NZD","1760363719","23477/2025-11-15/1760363719.json"
"365170","146153","2025-11-15","48.00","NZD","1760363719","23477/2025-11-15/1760363719.json"
"510807","146155","2025-11-15","52.00","NZD","1760363719","23477/2025-11-15/1760363719.json"
"581513","221281","2025-11-17","36.00","NZD","1760363719","23477/2025-11-17/1760363719.json"
"581514","221282","2025-11-17","36.00","NZD","1760363719","23477/2025-11-17/1760363719.json"
"512557","146154","2025-11-17","45.00","NZD","1760363719","23477/2025-11-17/1760363719.json"
"365170","146153","2025-11-17","48.00","NZD","1760363719","23477/2025-11-17/1760363719.json"
"510807","146155","2025-11-17","52.00","NZD","1760363719","23477/2025-11-17/1760363719.json"
"581513","221281","2025-11-16","36.00","NZD","1760363719","23477/2025-11-16/1760363719.json"
"581514","221282","2025-11-16","36.00","NZD","1760363719","23477/2025-11-16/1760363719.json"
"512557","146154","2025-11-16","45.00","NZD","1760363719","23477/2025-11-16/1760363719.json"
"365170","146153","2025-11-16","48.00","NZD","1760363719","23477/2025-11-16/1760363719.json"
"510807","146155","2025-11-16","52.00","NZD","1760363719","23477/2025-11-16/1760363719.json"
"581513","221281","2025-11-18","36.00","NZD","1760363719","23477/2025-11-18/1760363719.json"
"581514","221282","2025-11-18","36.00","NZD","1760363719","23477/2025-11-18/1760363719.json"
"512557","146154","2025-11-18","45.00","NZD","1760363719","23477/2025-11-18/1760363719.json"
"365170","146153","2025-11-18","48.00","NZD","1760363719","23477/2025-11-18/1760363719.json"
"510807","146155","2025-11-18","52.00","NZD","1760363719","23477/2025-11-18/1760363719.json"
"581513","221281","2025-11-19","36.00","NZD","1760363719","23477/2025-11-19/1760363719.json"
"581514","221282","2025-11-19","36.00","NZD","1760363719","23477/2025-11-19/1760363719.json"
"512557","146154","2025-11-19","45.00","NZD","1760363719","23477/2025-11-19/1760363719.json"
"365170","146153","2025-11-19","48.00","NZD","1760363719","23477/2025-11-19/1760363719.json"
"510807","146155","2025-11-19","52.00","NZD","1760363719","23477/2025-11-19/1760363719.json"
"581513","221281","2025-11-20","36.00","NZD","1760363719","23477/2025-11-20/1760363719.json"
"581514","221282","2025-11-20","36.00","NZD","1760363719","23477/2025-11-20/1760363719.json"
"512557","146154","2025-11-20","45.00","NZD","1760363719","23477/2025-11-20/1760363719.json"
"581513","221281","2025-11-22","36.00","NZD","1760363719","23477/2025-11-22/1760363719.json"
"581514","221282","2025-11-22","36.00","NZD","1760363719","23477/2025-11-22/1760363719.json"
"512557","146154","2025-11-22","45.00","NZD","1760363719","23477/2025-11-22/1760363719.json"
"365170","146153","2025-11-22","48.00","NZD","1760363719","23477/2025-11-22/1760363719.json"
"510807","146155","2025-11-22","52.00","NZD","1760363719","23477/2025-11-22/1760363719.json"
"581513","221281","2025-11-21","36.00","NZD","1760363719","23477/2025-11-21/1760363719.json"
"581514","221282","2025-11-21","36.00","NZD","1760363719","23477/2025-11-21/1760363719.json"
"512557","146154","2025-11-21","45.00","NZD","1760363719","23477/2025-11-21/1760363719.json"
"365170","146153","2025-11-21","48.00","NZD","1760363719","23477/2025-11-21/1760363719.json"
"510807","146155","2025-11-21","52.00","NZD","1760363719","23477/2025-11-21/1760363719.json"
"581513","221281","2025-11-23","36.00","NZD","1760363719","23477/2025-11-23/1760363719.json"
"581514","221282","2025-11-23","36.00","NZD","1760363719","23477/2025-11-23/1760363719.json"
"512557","146154","2025-11-23","45.00","NZD","1760363719","23477/2025-11-23/1760363719.json"
"365170","146153","2025-11-23","48.00","NZD","1760363719","23477/2025-11-23/1760363719.json"
"510807","146155","2025-11-23","52.00","NZD","1760363719","23477/2025-11-23/1760363719.json"
"581513","221281","2025-11-24","36.00","NZD","1760363719","23477/2025-11-24/1760363719.json"
"581514","221282","2025-11-24","36.00","NZD","1760363719","23477/2025-11-24/1760363719.json"
"512557","146154","2025-11-24","45.00","NZD","1760363719","23477/2025-11-24/1760363719.json"
"365170","146153","2025-11-24","48.00","NZD","1760363719","23477/2025-11-24/1760363719.json"
"510807","146155","2025-11-24","52.00","NZD","1760363719","23477/2025-11-24/1760363719.json"
"581513","221281","2025-11-25","36.00","NZD","1760363719","23477/2025-11-25/1760363719.json"
"581514","221282","2025-11-25","36.00","NZD","1760363719","23477/2025-11-25/1760363719.json"
"512557","146154","2025-11-25","45.00","NZD","1760363719","23477/2025-11-25/1760363719.json"
"365170","146153","2025-11-25","48.00","NZD","1760363719","23477/2025-11-25/1760363719.json"
"510807","146155","2025-11-25","52.00","NZD","1760363719","23477/2025-11-25/1760363719.json"
"581513","221281","2025-11-26","36.00","NZD","1760363719","23477/2025-11-26/1760363719.json"
"581514","221282","2025-11-26","36.00","NZD","1760363719","23477/2025-11-26/1760363719.json"
"512557","146154","2025-11-26","45.00","NZD","1760363719","23477/2025-11-26/1760363719.json"
"365170","146153","2025-11-26","48.00","NZD","1760363719","23477/2025-11-26/1760363719.json"
"510807","146155","2025-11-26","52.00","NZD","1760363719","23477/2025-11-26/1760363719.json"
"581513","221281","2025-11-27","36.00","NZD","1760363719","23477/2025-11-27/1760363719.json"
"581514","221282","2025-11-27","36.00","NZD","1760363719","23477/2025-11-27/1760363719.json"
"512557","146154","2025-11-27","45.00","NZD","1760363719","23477/2025-11-27/1760363719.json"
"365170","146153","2025-11-27","48.00","NZD","1760363719","23477/2025-11-27/1760363719.json"
"510807","146155","2025-11-27","52.00","NZD","1760363719","23477/2025-11-27/1760363719.json"
"581513","221281","2025-11-28","36.00","NZD","1760363719","23477/2025-11-28/1760363719.json"
"581514","221282","2025-11-28","36.00","NZD","1760363719","23477/2025-11-28/1760363719.json"
"512557","146154","2025-11-28","45.00","NZD","1760363719","23477/2025-11-28/1760363719.json"
"365170","146153","2025-11-28","48.00","NZD","1760363719","23477/2025-11-28/1760363719.json"
"510807","146155","2025-11-28","52.00","NZD","1760363719","23477/2025-11-28/1760363719.json"
"581513","221281","2025-11-29","36.00","NZD","1760363719","23477/2025-11-29/1760363719.json"
"581514","221282","2025-11-29","36.00","NZD","1760363719","23477/2025-11-29/1760363719.json"
"512557","146154","2025-11-29","45.00","NZD","1760363719","23477/2025-11-29/1760363719.json"
"365170","146153","2025-11-29","48.00","NZD","1760363719","23477/2025-11-29/1760363719.json"
"510807","146155","2025-11-29","52.00","NZD","1760363719","23477/2025-11-29/1760363719.json"
"581513","221281","2025-11-30","36.00","NZD","1760363719","23477/2025-11-30/1760363719.json"
"581514","221282","2025-11-30","36.00","NZD","1760363719","23477/2025-11-30/1760363719.json"
"512557","146154","2025-11-30","45.00","NZD","1760363719","23477/2025-11-30/1760363719.json"
"365170","146153","2025-11-30","48.00","NZD","1760363719","23477/2025-11-30/1760363719.json"
"510807","146155","2025-11-30","52.00","NZD","1760363719","23477/2025-11-30/1760363719.json"
"581513","221281","2025-12-01","36.00","NZD","1760363719","23477/2025-12-01/1760363719.json"
"581514","221282","2025-12-01","36.00","NZD","1760363719","23477/2025-12-01/1760363719.json"
"512557","146154","2025-12-01","45.00","NZD","1760363719","23477/2025-12-01/1760363719.json"
"365170","146153","2025-12-01","48.00","NZD","1760363719","23477/2025-12-01/1760363719.json"
"510807","146155","2025-12-01","52.00","NZD","1760363719","23477/2025-12-01/1760363719.json"
"581513","221281","2025-12-02","36.00","NZD","1760363719","23477/2025-12-02/1760363719.json"
"581514","221282","2025-12-02","36.00","NZD","1760363719","23477/2025-12-02/1760363719.json"
"512557","146154","2025-12-02","45.00","NZD","1760363719","23477/2025-12-02/1760363719.json"
"365170","146153","2025-12-02","48.00","NZD","1760363719","23477/2025-12-02/1760363719.json"
"510807","146155","2025-12-02","52.00","NZD","1760363719","23477/2025-12-02/1760363719.json"
"581513","221281","2025-12-04","36.00","NZD","1760363719","23477/2025-12-04/1760363719.json"
"581514","221282","2025-12-04","36.00","NZD","1760363719","23477/2025-12-04/1760363719.json"
"512557","146154","2025-12-04","45.00","NZD","1760363719","23477/2025-12-04/1760363719.json"
"365170","146153","2025-12-04","48.00","NZD","1760363719","23477/2025-12-04/1760363719.json"
"510807","146155","2025-12-04","52.00","NZD","1760363719","23477/2025-12-04/1760363719.json"
"581513","221281","2025-12-03","36.00","NZD","1760363719","23477/2025-12-03/1760363719.json"
"581514","221282","2025-12-03","36.00","NZD","1760363719","23477/2025-12-03/1760363719.json"
"512557","146154","2025-12-03","45.00","NZD","1760363719","23477/2025-12-03/1760363719.json"
"365170","146153","2025-12-03","48.00","NZD","1760363719","23477/2025-12-03/1760363719.json"
"510807","146155","2025-12-03","52.00","NZD","1760363719","23477/2025-12-03/1760363719.json"
"581513","221281","2025-12-06","36.00","NZD","1760363719","23477/2025-12-06/1760363719.json"
"581514","221282","2025-12-06","36.00","NZD","1760363719","23477/2025-12-06/1760363719.json"
"512557","146154","2025-12-06","45.00","NZD","1760363719","23477/2025-12-06/1760363719.json"
"365170","146153","2025-12-06","48.00","NZD","1760363719","23477/2025-12-06/1760363719.json"
"510807","146155","2025-12-06","52.00","NZD","1760363719","23477/2025-12-06/1760363719.json"
"581513","221281","2025-12-05","36.00","NZD","1760363719","23477/2025-12-05/1760363719.json"
"581514","221282","2025-12-05","36.00","NZD","1760363719","23477/2025-12-05/1760363719.json"
"512557","146154","2025-12-05","45.00","NZD","1760363719","23477/2025-12-05/1760363719.json"
"365170","146153","2025-12-05","48.00","NZD","1760363719","23477/2025-12-05/1760363719.json"
"510807","146155","2025-12-05","52.00","NZD","1760363719","23477/2025-12-05/1760363719.json"
"581513","221281","2025-12-07","36.00","NZD","1760363719","23477/2025-12-07/1760363719.json"
"581514","221282","2025-12-07","36.00","NZD","1760363719","23477/2025-12-07/1760363719.json"
"512557","146154","2025-12-07","45.00","NZD","1760363719","23477/2025-12-07/1760363719.json"
"365170","146153","2025-12-07","48.00","NZD","1760363719","23477/2025-12-07/1760363719.json"
"510807","146155","2025-12-07","52.00","NZD","1760363719","23477/2025-12-07/1760363719.json"
"581513","221281","2025-12-08","36.00","NZD","1760363719","23477/2025-12-08/1760363719.json"
"581514","221282","2025-12-08","36.00","NZD","1760363719","23477/2025-12-08/1760363719.json"
"512557","146154","2025-12-08","45.00","NZD","1760363719","23477/2025-12-08/1760363719.json"
"365170","146153","2025-12-08","48.00","NZD","1760363719","23477/2025-12-08/1760363719.json"
"510807","146155","2025-12-08","52.00","NZD","1760363719","23477/2025-12-08/1760363719.json"
"581513","221281","2025-12-09","36.00","NZD","1760363719","23477/2025-12-09/1760363719.json"
"581514","221282","2025-12-09","36.00","NZD","1760363719","23477/2025-12-09/1760363719.json"
"512557","146154","2025-12-09","45.00","NZD","1760363719","23477/2025-12-09/1760363719.json"
"365170","146153","2025-12-09","48.00","NZD","1760363719","23477/2025-12-09/1760363719.json"
"510807","146155","2025-12-09","52.00","NZD","1760363719","23477/2025-12-09/1760363719.json"
"581513","221281","2025-12-10","36.00","NZD","1760363719","23477/2025-12-10/1760363719.json"
"581514","221282","2025-12-10","36.00","NZD","1760363719","23477/2025-12-10/1760363719.json"
"512557","146154","2025-12-10","45.00","NZD","1760363719","23477/2025-12-10/1760363719.json"
"365170","146153","2025-12-10","48.00","NZD","1760363719","23477/2025-12-10/1760363719.json"
"510807","146155","2025-12-10","52.00","NZD","1760363719","23477/2025-12-10/1760363719.json"
"581513","221281","2025-12-11","36.00","NZD","1760363719","23477/2025-12-11/1760363719.json"
"581514","221282","2025-12-11","36.00","NZD","1760363719","23477/2025-12-11/1760363719.json"
"512557","146154","2025-12-11","45.00","NZD","1760363719","23477/2025-12-11/1760363719.json"
"365170","146153","2025-12-11","48.00","NZD","1760363719","23477/2025-12-11/1760363719.json"
"510807","146155","2025-12-11","52.00","NZD","1760363719","23477/2025-12-11/1760363719.json"
"581513","221281","2025-12-12","36.00","NZD","1760363719","23477/2025-12-12/1760363719.json"
"581514","221282","2025-12-12","36.00","NZD","1760363719","23477/2025-12-12/1760363719.json"
"512557","146154","2025-12-12","45.00","NZD","1760363719","23477/2025-12-12/1760363719.json"
"365170","146153","2025-12-12","48.00","NZD","1760363719","23477/2025-12-12/1760363719.json"
"510807","146155","2025-12-12","52.00","NZD","1760363719","23477/2025-12-12/1760363719.json"
"581513","221281","2025-10-17","36.00","NZD","1760374872","23477/2025-10-17/1760374872.json"
"581514","221282","2025-10-17","36.00","NZD","1760374872","23477/2025-10-17/1760374872.json"
"512557","146154","2025-10-17","45.00","NZD","1760374872","23477/2025-10-17/1760374872.json"
"365170","146153","2025-10-17","48.00","NZD","1760374872","23477/2025-10-17/1760374872.json"
"510807","146155","2025-10-17","52.00","NZD","1760374872","23477/2025-10-17/1760374872.json"
"581513","221281","2025-10-15","36.00","NZD","1760374872","23477/2025-10-15/1760374872.json"
"581514","221282","2025-10-15","36.00","NZD","1760374872","23477/2025-10-15/1760374872.json"
"512557","146154","2025-10-15","45.00","NZD","1760374872","23477/2025-10-15/1760374872.json"
"365170","146153","2025-10-15","48.00","NZD","1760374872","23477/2025-10-15/1760374872.json"
"510807","146155","2025-10-15","52.00","NZD","1760374872","23477/2025-10-15/1760374872.json"
"581513","221281","2025-10-16","36.00","NZD","1760374872","23477/2025-10-16/1760374872.json"
"581514","221282","2025-10-16","36.00","NZD","1760374872","23477/2025-10-16/1760374872.json"
"512557","146154","2025-10-16","45.00","NZD","1760374872","23477/2025-10-16/1760374872.json"
"365170","146153","2025-10-16","48.00","NZD","1760374872","23477/2025-10-16/1760374872.json"
"510807","146155","2025-10-16","52.00","NZD","1760374872","23477/2025-10-16/1760374872.json"
"581513","221281","2025-10-14","36.00","NZD","1760374872","23477/2025-10-14/1760374872.json"
"581514","221282","2025-10-14","36.00","NZD","1760374872","23477/2025-10-14/1760374872.json"
"512557","146154","2025-10-14","45.00","NZD","1760374872","23477/2025-10-14/1760374872.json"
"365170","146153","2025-10-14","48.00","NZD","1760374872","23477/2025-10-14/1760374872.json"
"510807","146155","2025-10-14","52.00","NZD","1760374872","23477/2025-10-14/1760374872.json"
"581513","221281","2025-10-21","36.00","NZD","1760374872","23477/2025-10-21/1760374872.json"
"581514","221282","2025-10-21","36.00","NZD","1760374872","23477/2025-10-21/1760374872.json"
"512557","146154","2025-10-21","45.00","NZD","1760374872","23477/2025-10-21/1760374872.json"
"365170","146153","2025-10-21","48.00","NZD","1760374872","23477/2025-10-21/1760374872.json"
"510807","146155","2025-10-21","52.00","NZD","1760374872","23477/2025-10-21/1760374872.json"
"581513","221281","2025-10-19","36.00","NZD","1760374872","23477/2025-10-19/1760374872.json"
"581514","221282","2025-10-19","36.00","NZD","1760374872","23477/2025-10-19/1760374872.json"
"512557","146154","2025-10-19","45.00","NZD","1760374872","23477/2025-10-19/1760374872.json"
"365170","146153","2025-10-19","48.00","NZD","1760374872","23477/2025-10-19/1760374872.json"
"510807","146155","2025-10-19","52.00","NZD","1760374872","23477/2025-10-19/1760374872.json"
"581513","221281","2025-10-18","36.00","NZD","1760374872","23477/2025-10-18/1760374872.json"
"581514","221282","2025-10-18","36.00","NZD","1760374872","23477/2025-10-18/1760374872.json"
"512557","146154","2025-10-18","45.00","NZD","1760374872","23477/2025-10-18/1760374872.json"
"365170","146153","2025-10-18","48.00","NZD","1760374872","23477/2025-10-18/1760374872.json"
"510807","146155","2025-10-18","52.00","NZD","1760374872","23477/2025-10-18/1760374872.json"
"581513","221281","2025-10-20","36.00","NZD","1760374872","23477/2025-10-20/1760374872.json"
"581514","221282","2025-10-20","36.00","NZD","1760374872","23477/2025-10-20/1760374872.json"
"512557","146154","2025-10-20","45.00","NZD","1760374872","23477/2025-10-20/1760374872.json"
"365170","146153","2025-10-20","48.00","NZD","1760374872","23477/2025-10-20/1760374872.json"
"510807","146155","2025-10-20","52.00","NZD","1760374872","23477/2025-10-20/1760374872.json"
"581513","221281","2025-10-22","36.00","NZD","1760374872","23477/2025-10-22/1760374872.json"
"581514","221282","2025-10-22","36.00","NZD","1760374872","23477/2025-10-22/1760374872.json"
"512557","146154","2025-10-22","45.00","NZD","1760374872","23477/2025-10-22/1760374872.json"
"365170","146153","2025-10-22","48.00","NZD","1760374872","23477/2025-10-22/1760374872.json"
"510807","146155","2025-10-22","52.00","NZD","1760374872","23477/2025-10-22/1760374872.json"
"581513","221281","2025-10-25","38.00","NZD","1760374872","23477/2025-10-25/1760374872.json"
"581514","221282","2025-10-25","38.00","NZD","1760374872","23477/2025-10-25/1760374872.json"
"512557","146154","2025-10-25","45.00","NZD","1760374872","23477/2025-10-25/1760374872.json"
"581513","221281","2025-10-24","36.00","NZD","1760374872","23477/2025-10-24/1760374872.json"
"581514","221282","2025-10-24","36.00","NZD","1760374872","23477/2025-10-24/1760374872.json"
"512557","146154","2025-10-24","45.00","NZD","1760374872","23477/2025-10-24/1760374872.json"
"365170","146153","2025-10-24","48.00","NZD","1760374872","23477/2025-10-24/1760374872.json"
"510807","146155","2025-10-24","52.00","NZD","1760374872","23477/2025-10-24/1760374872.json"
"581513","221281","2025-10-23","36.00","NZD","1760374872","23477/2025-10-23/1760374872.json"
"581514","221282","2025-10-23","36.00","NZD","1760374872","23477/2025-10-23/1760374872.json"
"512557","146154","2025-10-23","45.00","NZD","1760374872","23477/2025-10-23/1760374872.json"
"365170","146153","2025-10-23","48.00","NZD","1760374872","23477/2025-10-23/1760374872.json"
"510807","146155","2025-10-23","52.00","NZD","1760374872","23477/2025-10-23/1760374872.json"
"581513","221281","2025-10-26","38.00","NZD","1760374872","23477/2025-10-26/1760374872.json"
"581514","221282","2025-10-26","38.00","NZD","1760374872","23477/2025-10-26/1760374872.json"
"512557","146154","2025-10-26","45.00","NZD","1760374872","23477/2025-10-26/1760374872.json"
"581513","221281","2025-10-27","38.00","NZD","1760374872","23477/2025-10-27/1760374872.json"
"581514","221282","2025-10-27","38.00","NZD","1760374872","23477/2025-10-27/1760374872.json"
"512557","146154","2025-10-27","45.00","NZD","1760374872","23477/2025-10-27/1760374872.json"
"365170","146153","2025-10-27","48.00","NZD","1760374872","23477/2025-10-27/1760374872.json"
"510807","146155","2025-10-27","52.00","NZD","1760374872","23477/2025-10-27/1760374872.json"
"581513","221281","2025-10-29","36.00","NZD","1760374872","23477/2025-10-29/1760374872.json"
"581514","221282","2025-10-29","36.00","NZD","1760374872","23477/2025-10-29/1760374872.json"
"512557","146154","2025-10-29","45.00","NZD","1760374872","23477/2025-10-29/1760374872.json"
"365170","146153","2025-10-29","48.00","NZD","1760374872","23477/2025-10-29/1760374872.json"
"510807","146155","2025-10-29","52.00","NZD","1760374872","23477/2025-10-29/1760374872.json"
"581513","221281","2025-10-28","36.00","NZD","1760374872","23477/2025-10-28/1760374872.json"
"581514","221282","2025-10-28","36.00","NZD","1760374872","23477/2025-10-28/1760374872.json"
"512557","146154","2025-10-28","45.00","NZD","1760374872","23477/2025-10-28/1760374872.json"
"365170","146153","2025-10-28","48.00","NZD","1760374872","23477/2025-10-28/1760374872.json"
"510807","146155","2025-10-28","52.00","NZD","1760374872","23477/2025-10-28/1760374872.json"
"581513","221281","2025-10-30","36.00","NZD","1760374872","23477/2025-10-30/1760374872.json"
"581514","221282","2025-10-30","36.00","NZD","1760374872","23477/2025-10-30/1760374872.json"
"512557","146154","2025-10-30","45.00","NZD","1760374872","23477/2025-10-30/1760374872.json"
"365170","146153","2025-10-30","48.00","NZD","1760374872","23477/2025-10-30/1760374872.json"
"510807","146155","2025-10-30","52.00","NZD","1760374872","23477/2025-10-30/1760374872.json"
"581513","221281","2025-10-31","36.00","NZD","1760374872","23477/2025-10-31/1760374872.json"
"581514","221282","2025-10-31","36.00","NZD","1760374872","23477/2025-10-31/1760374872.json"
"512557","146154","2025-10-31","45.00","NZD","1760374872","23477/2025-10-31/1760374872.json"
"365170","146153","2025-10-31","48.00","NZD","1760374872","23477/2025-10-31/1760374872.json"
"510807","146155","2025-10-31","52.00","NZD","1760374872","23477/2025-10-31/1760374872.json"
"581513","221281","2025-11-02","36.00","NZD","1760374872","23477/2025-11-02/1760374872.json"
"581514","221282","2025-11-02","36.00","NZD","1760374872","23477/2025-11-02/1760374872.json"
"512557","146154","2025-11-02","45.00","NZD","1760374872","23477/2025-11-02/1760374872.json"
"365170","146153","2025-11-02","48.00","NZD","1760374872","23477/2025-11-02/1760374872.json"
"510807","146155","2025-11-02","52.00","NZD","1760374872","23477/2025-11-02/1760374872.json"
"581513","221281","2025-11-01","36.00","NZD","1760374872","23477/2025-11-01/1760374872.json"
"581514","221282","2025-11-01","36.00","NZD","1760374872","23477/2025-11-01/1760374872.json"
"512557","146154","2025-11-01","45.00","NZD","1760374872","23477/2025-11-01/1760374872.json"
"365170","146153","2025-11-01","48.00","NZD","1760374872","23477/2025-11-01/1760374872.json"
"510807","146155","2025-11-01","52.00","NZD","1760374872","23477/2025-11-01/1760374872.json"
"581513","221281","2025-11-03","36.00","NZD","1760374872","23477/2025-11-03/1760374872.json"
"581514","221282","2025-11-03","36.00","NZD","1760374872","23477/2025-11-03/1760374872.json"
"512557","146154","2025-11-03","45.00","NZD","1760374872","23477/2025-11-03/1760374872.json"
"365170","146153","2025-11-03","48.00","NZD","1760374872","23477/2025-11-03/1760374872.json"
"510807","146155","2025-11-03","52.00","NZD","1760374872","23477/2025-11-03/1760374872.json"
"581513","221281","2025-11-05","36.00","NZD","1760374872","23477/2025-11-05/1760374872.json"
"581514","221282","2025-11-05","36.00","NZD","1760374872","23477/2025-11-05/1760374872.json"
"512557","146154","2025-11-05","45.00","NZD","1760374872","23477/2025-11-05/1760374872.json"
"365170","146153","2025-11-05","48.00","NZD","1760374872","23477/2025-11-05/1760374872.json"
"510807","146155","2025-11-05","52.00","NZD","1760374872","23477/2025-11-05/1760374872.json"
"581513","221281","2025-11-04","36.00","NZD","1760374872","23477/2025-11-04/1760374872.json"
"581514","221282","2025-11-04","36.00","NZD","1760374872","23477/2025-11-04/1760374872.json"
"512557","146154","2025-11-04","45.00","NZD","1760374872","23477/2025-11-04/1760374872.json"
"365170","146153","2025-11-04","48.00","NZD","1760374872","23477/2025-11-04/1760374872.json"
"510807","146155","2025-11-04","52.00","NZD","1760374872","23477/2025-11-04/1760374872.json"
"581513","221281","2025-11-06","36.00","NZD","1760374872","23477/2025-11-06/1760374872.json"
"581514","221282","2025-11-06","36.00","NZD","1760374872","23477/2025-11-06/1760374872.json"
"512557","146154","2025-11-06","45.00","NZD","1760374872","23477/2025-11-06/1760374872.json"
"365170","146153","2025-11-06","48.00","NZD","1760374872","23477/2025-11-06/1760374872.json"
"510807","146155","2025-11-06","52.00","NZD","1760374872","23477/2025-11-06/1760374872.json"
"581513","221281","2025-11-07","36.00","NZD","1760374872","23477/2025-11-07/1760374872.json"
"581514","221282","2025-11-07","36.00","NZD","1760374872","23477/2025-11-07/1760374872.json"
"512557","146154","2025-11-07","45.00","NZD","1760374872","23477/2025-11-07/1760374872.json"
"365170","146153","2025-11-07","48.00","NZD","1760374872","23477/2025-11-07/1760374872.json"
"510807","146155","2025-11-07","52.00","NZD","1760374872","23477/2025-11-07/1760374872.json"
"581513","221281","2025-11-08","36.00","NZD","1760374872","23477/2025-11-08/1760374872.json"
"581514","221282","2025-11-08","36.00","NZD","1760374872","23477/2025-11-08/1760374872.json"
"512557","146154","2025-11-08","45.00","NZD","1760374872","23477/2025-11-08/1760374872.json"
"365170","146153","2025-11-08","48.00","NZD","1760374872","23477/2025-11-08/1760374872.json"
"510807","146155","2025-11-08","52.00","NZD","1760374872","23477/2025-11-08/1760374872.json"
"581513","221281","2025-11-10","36.00","NZD","1760374872","23477/2025-11-10/1760374872.json"
"581514","221282","2025-11-10","36.00","NZD","1760374872","23477/2025-11-10/1760374872.json"
"512557","146154","2025-11-10","45.00","NZD","1760374872","23477/2025-11-10/1760374872.json"
"365170","146153","2025-11-10","48.00","NZD","1760374872","23477/2025-11-10/1760374872.json"
"510807","146155","2025-11-10","52.00","NZD","1760374872","23477/2025-11-10/1760374872.json"
"581513","221281","2025-11-11","36.00","NZD","1760374872","23477/2025-11-11/1760374872.json"
"581514","221282","2025-11-11","36.00","NZD","1760374872","23477/2025-11-11/1760374872.json"
"512557","146154","2025-11-11","45.00","NZD","1760374872","23477/2025-11-11/1760374872.json"
"365170","146153","2025-11-11","48.00","NZD","1760374872","23477/2025-11-11/1760374872.json"
"510807","146155","2025-11-11","52.00","NZD","1760374872","23477/2025-11-11/1760374872.json"
"581513","221281","2025-11-09","36.00","NZD","1760374872","23477/2025-11-09/1760374872.json"
"581514","221282","2025-11-09","36.00","NZD","1760374872","23477/2025-11-09/1760374872.json"
"512557","146154","2025-11-09","45.00","NZD","1760374872","23477/2025-11-09/1760374872.json"
"365170","146153","2025-11-09","48.00","NZD","1760374872","23477/2025-11-09/1760374872.json"
"510807","146155","2025-11-09","52.00","NZD","1760374872","23477/2025-11-09/1760374872.json"
"581513","221281","2025-11-12","36.00","NZD","1760374872","23477/2025-11-12/1760374872.json"
"581514","221282","2025-11-12","36.00","NZD","1760374872","23477/2025-11-12/1760374872.json"
"512557","146154","2025-11-12","45.00","NZD","1760374872","23477/2025-11-12/1760374872.json"
"365170","146153","2025-11-12","48.00","NZD","1760374872","23477/2025-11-12/1760374872.json"
"510807","146155","2025-11-12","52.00","NZD","1760374872","23477/2025-11-12/1760374872.json"
"581513","221281","2025-11-13","36.00","NZD","1760374872","23477/2025-11-13/1760374872.json"
"581514","221282","2025-11-13","36.00","NZD","1760374872","23477/2025-11-13/1760374872.json"
"512557","146154","2025-11-13","45.00","NZD","1760374872","23477/2025-11-13/1760374872.json"
"365170","146153","2025-11-13","48.00","NZD","1760374872","23477/2025-11-13/1760374872.json"
"510807","146155","2025-11-13","52.00","NZD","1760374872","23477/2025-11-13/1760374872.json"
"581513","221281","2025-11-14","36.00","NZD","1760374872","23477/2025-11-14/1760374872.json"
"581514","221282","2025-11-14","36.00","NZD","1760374872","23477/2025-11-14/1760374872.json"
"512557","146154","2025-11-14","45.00","NZD","1760374872","23477/2025-11-14/1760374872.json"
"365170","146153","2025-11-14","48.00","NZD","1760374872","23477/2025-11-14/1760374872.json"
"510807","146155","2025-11-14","52.00","NZD","1760374872","23477/2025-11-14/1760374872.json"
"581513","221281","2025-11-16","36.00","NZD","1760374872","23477/2025-11-16/1760374872.json"
"581514","221282","2025-11-16","36.00","NZD","1760374872","23477/2025-11-16/1760374872.json"
"512557","146154","2025-11-16","45.00","NZD","1760374872","23477/2025-11-16/1760374872.json"
"365170","146153","2025-11-16","48.00","NZD","1760374872","23477/2025-11-16/1760374872.json"
"510807","146155","2025-11-16","52.00","NZD","1760374872","23477/2025-11-16/1760374872.json"
"581513","221281","2025-11-15","36.00","NZD","1760374872","23477/2025-11-15/1760374872.json"
"581514","221282","2025-11-15","36.00","NZD","1760374872","23477/2025-11-15/1760374872.json"
"512557","146154","2025-11-15","45.00","NZD","1760374872","23477/2025-11-15/1760374872.json"
"365170","146153","2025-11-15","48.00","NZD","1760374872","23477/2025-11-15/1760374872.json"
"510807","146155","2025-11-15","52.00","NZD","1760374872","23477/2025-11-15/1760374872.json"
"581513","221281","2025-11-17","36.00","NZD","1760374872","23477/2025-11-17/1760374872.json"
"581514","221282","2025-11-17","36.00","NZD","1760374872","23477/2025-11-17/1760374872.json"
"512557","146154","2025-11-17","45.00","NZD","1760374872","23477/2025-11-17/1760374872.json"
"365170","146153","2025-11-17","48.00","NZD","1760374872","23477/2025-11-17/1760374872.json"
"510807","146155","2025-11-17","52.00","NZD","1760374872","23477/2025-11-17/1760374872.json"
"581513","221281","2025-11-18","36.00","NZD","1760374872","23477/2025-11-18/1760374872.json"
"581514","221282","2025-11-18","36.00","NZD","1760374872","23477/2025-11-18/1760374872.json"
"512557","146154","2025-11-18","45.00","NZD","1760374872","23477/2025-11-18/1760374872.json"
"365170","146153","2025-11-18","48.00","NZD","1760374872","23477/2025-11-18/1760374872.json"
"510807","146155","2025-11-18","52.00","NZD","1760374872","23477/2025-11-18/1760374872.json"
"581513","221281","2025-11-19","36.00","NZD","1760374872","23477/2025-11-19/1760374872.json"
"581514","221282","2025-11-19","36.00","NZD","1760374872","23477/2025-11-19/1760374872.json"
"512557","146154","2025-11-19","45.00","NZD","1760374872","23477/2025-11-19/1760374872.json"
"365170","146153","2025-11-19","48.00","NZD","1760374872","23477/2025-11-19/1760374872.json"
"510807","146155","2025-11-19","52.00","NZD","1760374872","23477/2025-11-19/1760374872.json"
"581513","221281","2025-11-20","36.00","NZD","1760374872","23477/2025-11-20/1760374872.json"
"581514","221282","2025-11-20","36.00","NZD","1760374872","23477/2025-11-20/1760374872.json"
"512557","146154","2025-11-20","45.00","NZD","1760374872","23477/2025-11-20/1760374872.json"
"581513","221281","2025-11-21","36.00","NZD","1760374872","23477/2025-11-21/1760374872.json"
"581514","221282","2025-11-21","36.00","NZD","1760374872","23477/2025-11-21/1760374872.json"
"512557","146154","2025-11-21","45.00","NZD","1760374872","23477/2025-11-21/1760374872.json"
"365170","146153","2025-11-21","48.00","NZD","1760374872","23477/2025-11-21/1760374872.json"
"510807","146155","2025-11-21","52.00","NZD","1760374872","23477/2025-11-21/1760374872.json"
"581513","221281","2025-11-22","36.00","NZD","1760374872","23477/2025-11-22/1760374872.json"
"581514","221282","2025-11-22","36.00","NZD","1760374872","23477/2025-11-22/1760374872.json"
"512557","146154","2025-11-22","45.00","NZD","1760374872","23477/2025-11-22/1760374872.json"
"365170","146153","2025-11-22","48.00","NZD","1760374872","23477/2025-11-22/1760374872.json"
"510807","146155","2025-11-22","52.00","NZD","1760374872","23477/2025-11-22/1760374872.json"
"581513","221281","2025-11-23","36.00","NZD","1760374872","23477/2025-11-23/1760374872.json"
"581514","221282","2025-11-23","36.00","NZD","1760374872","23477/2025-11-23/1760374872.json"
"512557","146154","2025-11-23","45.00","NZD","1760374872","23477/2025-11-23/1760374872.json"
"365170","146153","2025-11-23","48.00","NZD","1760374872","23477/2025-11-23/1760374872.json"
"510807","146155","2025-11-23","52.00","NZD","1760374872","23477/2025-11-23/1760374872.json"
"581513","221281","2025-11-24","36.00","NZD","1760374872","23477/2025-11-24/1760374872.json"
"581514","221282","2025-11-24","36.00","NZD","1760374872","23477/2025-11-24/1760374872.json"
"512557","146154","2025-11-24","45.00","NZD","1760374872","23477/2025-11-24/1760374872.json"
"365170","146153","2025-11-24","48.00","NZD","1760374872","23477/2025-11-24/1760374872.json"
"510807","146155","2025-11-24","52.00","NZD","1760374872","23477/2025-11-24/1760374872.json"
"581513","221281","2025-11-25","36.00","NZD","1760374872","23477/2025-11-25/1760374872.json"
"581514","221282","2025-11-25","36.00","NZD","1760374872","23477/2025-11-25/1760374872.json"
"512557","146154","2025-11-25","45.00","NZD","1760374872","23477/2025-11-25/1760374872.json"
"365170","146153","2025-11-25","48.00","NZD","1760374872","23477/2025-11-25/1760374872.json"
"510807","146155","2025-11-25","52.00","NZD","1760374872","23477/2025-11-25/1760374872.json"
"581513","221281","2025-11-26","36.00","NZD","1760374872","23477/2025-11-26/1760374872.json"
"581514","221282","2025-11-26","36.00","NZD","1760374872","23477/2025-11-26/1760374872.json"
"512557","146154","2025-11-26","45.00","NZD","1760374872","23477/2025-11-26/1760374872.json"
"365170","146153","2025-11-26","48.00","NZD","1760374872","23477/2025-11-26/1760374872.json"
"510807","146155","2025-11-26","52.00","NZD","1760374872","23477/2025-11-26/1760374872.json"
"581513","221281","2025-11-27","36.00","NZD","1760374872","23477/2025-11-27/1760374872.json"
"581514","221282","2025-11-27","36.00","NZD","1760374872","23477/2025-11-27/1760374872.json"
"512557","146154","2025-11-27","45.00","NZD","1760374872","23477/2025-11-27/1760374872.json"
"365170","146153","2025-11-27","48.00","NZD","1760374872","23477/2025-11-27/1760374872.json"
"510807","146155","2025-11-27","52.00","NZD","1760374872","23477/2025-11-27/1760374872.json"
"581513","221281","2025-11-28","36.00","NZD","1760374872","23477/2025-11-28/1760374872.json"
"581514","221282","2025-11-28","36.00","NZD","1760374872","23477/2025-11-28/1760374872.json"
"512557","146154","2025-11-28","45.00","NZD","1760374872","23477/2025-11-28/1760374872.json"
"365170","146153","2025-11-28","48.00","NZD","1760374872","23477/2025-11-28/1760374872.json"
"510807","146155","2025-11-28","52.00","NZD","1760374872","23477/2025-11-28/1760374872.json"
"581513","221281","2025-11-29","36.00","NZD","1760374872","23477/2025-11-29/1760374872.json"
"581514","221282","2025-11-29","36.00","NZD","1760374872","23477/2025-11-29/1760374872.json"
"512557","146154","2025-11-29","45.00","NZD","1760374872","23477/2025-11-29/1760374872.json"
"365170","146153","2025-11-29","48.00","NZD","1760374872","23477/2025-11-29/1760374872.json"
"510807","146155","2025-11-29","52.00","NZD","1760374872","23477/2025-11-29/1760374872.json"
"581513","221281","2025-11-30","36.00","NZD","1760374872","23477/2025-11-30/1760374872.json"
"581514","221282","2025-11-30","36.00","NZD","1760374872","23477/2025-11-30/1760374872.json"
"512557","146154","2025-11-30","45.00","NZD","1760374872","23477/2025-11-30/1760374872.json"
"365170","146153","2025-11-30","48.00","NZD","1760374872","23477/2025-11-30/1760374872.json"
"510807","146155","2025-11-30","52.00","NZD","1760374872","23477/2025-11-30/1760374872.json"
"581513","221281","2025-12-01","36.00","NZD","1760374872","23477/2025-12-01/1760374872.json"
"581514","221282","2025-12-01","36.00","NZD","1760374872","23477/2025-12-01/1760374872.json"
"512557","146154","2025-12-01","45.00","NZD","1760374872","23477/2025-12-01/1760374872.json"
"365170","146153","2025-12-01","48.00","NZD","1760374872","23477/2025-12-01/1760374872.json"
"510807","146155","2025-12-01","52.00","NZD","1760374872","23477/2025-12-01/1760374872.json"
"581513","221281","2025-12-02","36.00","NZD","1760374872","23477/2025-12-02/1760374872.json"
"581514","221282","2025-12-02","36.00","NZD","1760374872","23477/2025-12-02/1760374872.json"
"512557","146154","2025-12-02","45.00","NZD","1760374872","23477/2025-12-02/1760374872.json"
"365170","146153","2025-12-02","48.00","NZD","1760374872","23477/2025-12-02/1760374872.json"
"510807","146155","2025-12-02","52.00","NZD","1760374872","23477/2025-12-02/1760374872.json"
"581513","221281","2025-12-04","36.00","NZD","1760374872","23477/2025-12-04/1760374872.json"
"581514","221282","2025-12-04","36.00","NZD","1760374872","23477/2025-12-04/1760374872.json"
"512557","146154","2025-12-04","45.00","NZD","1760374872","23477/2025-12-04/1760374872.json"
"365170","146153","2025-12-04","48.00","NZD","1760374872","23477/2025-12-04/1760374872.json"
"510807","146155","2025-12-04","52.00","NZD","1760374872","23477/2025-12-04/1760374872.json"
"581513","221281","2025-12-03","36.00","NZD","1760374872","23477/2025-12-03/1760374872.json"
"581514","221282","2025-12-03","36.00","NZD","1760374872","23477/2025-12-03/1760374872.json"
"512557","146154","2025-12-03","45.00","NZD","1760374872","23477/2025-12-03/1760374872.json"
"365170","146153","2025-12-03","48.00","NZD","1760374872","23477/2025-12-03/1760374872.json"
"510807","146155","2025-12-03","52.00","NZD","1760374872","23477/2025-12-03/1760374872.json"
"581513","221281","2025-12-05","36.00","NZD","1760374872","23477/2025-12-05/1760374872.json"
"581514","221282","2025-12-05","36.00","NZD","1760374872","23477/2025-12-05/1760374872.json"
"512557","146154","2025-12-05","45.00","NZD","1760374872","23477/2025-12-05/1760374872.json"
"365170","146153","2025-12-05","48.00","NZD","1760374872","23477/2025-12-05/1760374872.json"
"510807","146155","2025-12-05","52.00","NZD","1760374872","23477/2025-12-05/1760374872.json"
"581513","221281","2025-12-06","36.00","NZD","1760374872","23477/2025-12-06/1760374872.json"
"581514","221282","2025-12-06","36.00","NZD","1760374872","23477/2025-12-06/1760374872.json"
"512557","146154","2025-12-06","45.00","NZD","1760374872","23477/2025-12-06/1760374872.json"
"365170","146153","2025-12-06","48.00","NZD","1760374872","23477/2025-12-06/1760374872.json"
"510807","146155","2025-12-06","52.00","NZD","1760374872","23477/2025-12-06/1760374872.json"
"581513","221281","2025-12-07","36.00","NZD","1760374872","23477/2025-12-07/1760374872.json"
"581514","221282","2025-12-07","36.00","NZD","1760374872","23477/2025-12-07/1760374872.json"
"512557","146154","2025-12-07","45.00","NZD","1760374872","23477/2025-12-07/1760374872.json"
"365170","146153","2025-12-07","48.00","NZD","1760374872","23477/2025-12-07/1760374872.json"
"510807","146155","2025-12-07","52.00","NZD","1760374872","23477/2025-12-07/1760374872.json"
"581513","221281","2025-12-08","36.00","NZD","1760374872","23477/2025-12-08/1760374872.json"
"581514","221282","2025-12-08","36.00","NZD","1760374872","23477/2025-12-08/1760374872.json"
"512557","146154","2025-12-08","45.00","NZD","1760374872","23477/2025-12-08/1760374872.json"
"365170","146153","2025-12-08","48.00","NZD","1760374872","23477/2025-12-08/1760374872.json"
"510807","146155","2025-12-08","52.00","NZD","1760374872","23477/2025-12-08/1760374872.json"
"581513","221281","2025-12-09","36.00","NZD","1760374872","23477/2025-12-09/1760374872.json"
"581514","221282","2025-12-09","36.00","NZD","1760374872","23477/2025-12-09/1760374872.json"
"512557","146154","2025-12-09","45.00","NZD","1760374872","23477/2025-12-09/1760374872.json"
"365170","146153","2025-12-09","48.00","NZD","1760374872","23477/2025-12-09/1760374872.json"
"510807","146155","2025-12-09","52.00","NZD","1760374872","23477/2025-12-09/1760374872.json"
"581513","221281","2025-12-10","36.00","NZD","1760374872","23477/2025-12-10/1760374872.json"
"581514","221282","2025-12-10","36.00","NZD","1760374872","23477/2025-12-10/1760374872.json"
"512557","146154","2025-12-10","45.00","NZD","1760374872","23477/2025-12-10/1760374872.json"
"365170","146153","2025-12-10","48.00","NZD","1760374872","23477/2025-12-10/1760374872.json"
"510807","146155","2025-12-10","52.00","NZD","1760374872","23477/2025-12-10/1760374872.json"
"581513","221281","2025-12-12","36.00","NZD","1760374872","23477/2025-12-12/1760374872.json"
"581514","221282","2025-12-12","36.00","NZD","1760374872","23477/2025-12-12/1760374872.json"
"512557","146154","2025-12-12","45.00","NZD","1760374872","23477/2025-12-12/1760374872.json"
"365170","146153","2025-12-12","48.00","NZD","1760374872","23477/2025-12-12/1760374872.json"
"510807","146155","2025-12-12","52.00","NZD","1760374872","23477/2025-12-12/1760374872.json"
"581513","221281","2025-12-11","36.00","NZD","1760374872","23477/2025-12-11/1760374872.json"
"581514","221282","2025-12-11","36.00","NZD","1760374872","23477/2025-12-11/1760374872.json"
"512557","146154","2025-12-11","45.00","NZD","1760374872","23477/2025-12-11/1760374872.json"
"365170","146153","2025-12-11","48.00","NZD","1760374872","23477/2025-12-11/1760374872.json"
"510807","146155","2025-12-11","52.00","NZD","1760374872","23477/2025-12-11/1760374872.json"
"581513","221281","2025-10-16","36.00","NZD","1760388688","23477/2025-10-16/1760388688.json"
"581514","221282","2025-10-16","36.00","NZD","1760388688","23477/2025-10-16/1760388688.json"
"512557","146154","2025-10-16","45.00","NZD","1760388688","23477/2025-10-16/1760388688.json"
"365170","146153","2025-10-16","48.00","NZD","1760388688","23477/2025-10-16/1760388688.json"
"510807","146155","2025-10-16","52.00","NZD","1760388688","23477/2025-10-16/1760388688.json"
"581513","221281","2025-10-15","36.00","NZD","1760388688","23477/2025-10-15/1760388688.json"
"581514","221282","2025-10-15","36.00","NZD","1760388688","23477/2025-10-15/1760388688.json"
"512557","146154","2025-10-15","45.00","NZD","1760388688","23477/2025-10-15/1760388688.json"
"365170","146153","2025-10-15","48.00","NZD","1760388688","23477/2025-10-15/1760388688.json"
"510807","146155","2025-10-15","52.00","NZD","1760388688","23477/2025-10-15/1760388688.json"
"581513","221281","2025-10-14","36.00","NZD","1760388688","23477/2025-10-14/1760388688.json"
"581514","221282","2025-10-14","36.00","NZD","1760388688","23477/2025-10-14/1760388688.json"
"512557","146154","2025-10-14","45.00","NZD","1760388688","23477/2025-10-14/1760388688.json"
"365170","146153","2025-10-14","48.00","NZD","1760388688","23477/2025-10-14/1760388688.json"
"510807","146155","2025-10-14","52.00","NZD","1760388688","23477/2025-10-14/1760388688.json"
"581513","221281","2025-10-17","36.00","NZD","1760388688","23477/2025-10-17/1760388688.json"
"581514","221282","2025-10-17","36.00","NZD","1760388688","23477/2025-10-17/1760388688.json"
"512557","146154","2025-10-17","45.00","NZD","1760388688","23477/2025-10-17/1760388688.json"
"365170","146153","2025-10-17","48.00","NZD","1760388688","23477/2025-10-17/1760388688.json"
"510807","146155","2025-10-17","52.00","NZD","1760388688","23477/2025-10-17/1760388688.json"
"581513","221281","2025-10-18","36.00","NZD","1760388688","23477/2025-10-18/1760388688.json"
"581514","221282","2025-10-18","36.00","NZD","1760388688","23477/2025-10-18/1760388688.json"
"512557","146154","2025-10-18","45.00","NZD","1760388688","23477/2025-10-18/1760388688.json"
"365170","146153","2025-10-18","48.00","NZD","1760388688","23477/2025-10-18/1760388688.json"
"510807","146155","2025-10-18","52.00","NZD","1760388688","23477/2025-10-18/1760388688.json"
"581513","221281","2025-10-19","36.00","NZD","1760388688","23477/2025-10-19/1760388688.json"
"581514","221282","2025-10-19","36.00","NZD","1760388688","23477/2025-10-19/1760388688.json"
"512557","146154","2025-10-19","45.00","NZD","1760388688","23477/2025-10-19/1760388688.json"
"365170","146153","2025-10-19","48.00","NZD","1760388688","23477/2025-10-19/1760388688.json"
"510807","146155","2025-10-19","52.00","NZD","1760388688","23477/2025-10-19/1760388688.json"
"581513","221281","2025-10-20","36.00","NZD","1760388688","23477/2025-10-20/1760388688.json"
"581514","221282","2025-10-20","36.00","NZD","1760388688","23477/2025-10-20/1760388688.json"
"512557","146154","2025-10-20","45.00","NZD","1760388688","23477/2025-10-20/1760388688.json"
"365170","146153","2025-10-20","48.00","NZD","1760388688","23477/2025-10-20/1760388688.json"
"510807","146155","2025-10-20","52.00","NZD","1760388688","23477/2025-10-20/1760388688.json"
"581513","221281","2025-10-21","36.00","NZD","1760388688","23477/2025-10-21/1760388688.json"
"581514","221282","2025-10-21","36.00","NZD","1760388688","23477/2025-10-21/1760388688.json"
"512557","146154","2025-10-21","45.00","NZD","1760388688","23477/2025-10-21/1760388688.json"
"365170","146153","2025-10-21","48.00","NZD","1760388688","23477/2025-10-21/1760388688.json"
"510807","146155","2025-10-21","52.00","NZD","1760388688","23477/2025-10-21/1760388688.json"
"581513","221281","2025-10-23","36.00","NZD","1760388688","23477/2025-10-23/1760388688.json"
"581514","221282","2025-10-23","36.00","NZD","1760388688","23477/2025-10-23/1760388688.json"
"512557","146154","2025-10-23","45.00","NZD","1760388688","23477/2025-10-23/1760388688.json"
"365170","146153","2025-10-23","48.00","NZD","1760388688","23477/2025-10-23/1760388688.json"
"510807","146155","2025-10-23","52.00","NZD","1760388688","23477/2025-10-23/1760388688.json"
"581513","221281","2025-10-24","36.00","NZD","1760388688","23477/2025-10-24/1760388688.json"
"581514","221282","2025-10-24","36.00","NZD","1760388688","23477/2025-10-24/1760388688.json"
"512557","146154","2025-10-24","45.00","NZD","1760388688","23477/2025-10-24/1760388688.json"
"365170","146153","2025-10-24","48.00","NZD","1760388688","23477/2025-10-24/1760388688.json"
"510807","146155","2025-10-24","52.00","NZD","1760388688","23477/2025-10-24/1760388688.json"
"581513","221281","2025-10-26","38.00","NZD","1760388688","23477/2025-10-26/1760388688.json"
"581514","221282","2025-10-26","38.00","NZD","1760388688","23477/2025-10-26/1760388688.json"
"512557","146154","2025-10-26","45.00","NZD","1760388688","23477/2025-10-26/1760388688.json"
"581513","221281","2025-10-22","36.00","NZD","1760388688","23477/2025-10-22/1760388688.json"
"581514","221282","2025-10-22","36.00","NZD","1760388688","23477/2025-10-22/1760388688.json"
"512557","146154","2025-10-22","45.00","NZD","1760388688","23477/2025-10-22/1760388688.json"
"365170","146153","2025-10-22","48.00","NZD","1760388688","23477/2025-10-22/1760388688.json"
"510807","146155","2025-10-22","52.00","NZD","1760388688","23477/2025-10-22/1760388688.json"
"581513","221281","2025-10-25","38.00","NZD","1760388688","23477/2025-10-25/1760388688.json"
"581514","221282","2025-10-25","38.00","NZD","1760388688","23477/2025-10-25/1760388688.json"
"512557","146154","2025-10-25","45.00","NZD","1760388688","23477/2025-10-25/1760388688.json"
"581513","221281","2025-10-27","38.00","NZD","1760388688","23477/2025-10-27/1760388688.json"
"581514","221282","2025-10-27","38.00","NZD","1760388688","23477/2025-10-27/1760388688.json"
"512557","146154","2025-10-27","45.00","NZD","1760388688","23477/2025-10-27/1760388688.json"
"365170","146153","2025-10-27","48.00","NZD","1760388688","23477/2025-10-27/1760388688.json"
"510807","146155","2025-10-27","52.00","NZD","1760388688","23477/2025-10-27/1760388688.json"
"581513","221281","2025-10-29","36.00","NZD","1760388688","23477/2025-10-29/1760388688.json"
"581514","221282","2025-10-29","36.00","NZD","1760388688","23477/2025-10-29/1760388688.json"
"512557","146154","2025-10-29","45.00","NZD","1760388688","23477/2025-10-29/1760388688.json"
"365170","146153","2025-10-29","48.00","NZD","1760388688","23477/2025-10-29/1760388688.json"
"510807","146155","2025-10-29","52.00","NZD","1760388688","23477/2025-10-29/1760388688.json"
"581513","221281","2025-10-30","36.00","NZD","1760388688","23477/2025-10-30/1760388688.json"
"581514","221282","2025-10-30","36.00","NZD","1760388688","23477/2025-10-30/1760388688.json"
"512557","146154","2025-10-30","45.00","NZD","1760388688","23477/2025-10-30/1760388688.json"
"365170","146153","2025-10-30","48.00","NZD","1760388688","23477/2025-10-30/1760388688.json"
"510807","146155","2025-10-30","52.00","NZD","1760388688","23477/2025-10-30/1760388688.json"
"581513","221281","2025-10-28","36.00","NZD","1760388688","23477/2025-10-28/1760388688.json"
"581514","221282","2025-10-28","36.00","NZD","1760388688","23477/2025-10-28/1760388688.json"
"512557","146154","2025-10-28","45.00","NZD","1760388688","23477/2025-10-28/1760388688.json"
"365170","146153","2025-10-28","48.00","NZD","1760388688","23477/2025-10-28/1760388688.json"
"510807","146155","2025-10-28","52.00","NZD","1760388688","23477/2025-10-28/1760388688.json"
"581513","221281","2025-10-31","36.00","NZD","1760388688","23477/2025-10-31/1760388688.json"
"581514","221282","2025-10-31","36.00","NZD","1760388688","23477/2025-10-31/1760388688.json"
"512557","146154","2025-10-31","45.00","NZD","1760388688","23477/2025-10-31/1760388688.json"
"365170","146153","2025-10-31","48.00","NZD","1760388688","23477/2025-10-31/1760388688.json"
"510807","146155","2025-10-31","52.00","NZD","1760388688","23477/2025-10-31/1760388688.json"
"581513","221281","2025-11-01","36.00","NZD","1760388688","23477/2025-11-01/1760388688.json"
"581514","221282","2025-11-01","36.00","NZD","1760388688","23477/2025-11-01/1760388688.json"
"512557","146154","2025-11-01","45.00","NZD","1760388688","23477/2025-11-01/1760388688.json"
"365170","146153","2025-11-01","48.00","NZD","1760388688","23477/2025-11-01/1760388688.json"
"510807","146155","2025-11-01","52.00","NZD","1760388688","23477/2025-11-01/1760388688.json"
"581513","221281","2025-11-03","36.00","NZD","1760388688","23477/2025-11-03/1760388688.json"
"581514","221282","2025-11-03","36.00","NZD","1760388688","23477/2025-11-03/1760388688.json"
"512557","146154","2025-11-03","45.00","NZD","1760388688","23477/2025-11-03/1760388688.json"
"365170","146153","2025-11-03","48.00","NZD","1760388688","23477/2025-11-03/1760388688.json"
"510807","146155","2025-11-03","52.00","NZD","1760388688","23477/2025-11-03/1760388688.json"
"581513","221281","2025-11-02","36.00","NZD","1760388688","23477/2025-11-02/1760388688.json"
"581514","221282","2025-11-02","36.00","NZD","1760388688","23477/2025-11-02/1760388688.json"
"512557","146154","2025-11-02","45.00","NZD","1760388688","23477/2025-11-02/1760388688.json"
"365170","146153","2025-11-02","48.00","NZD","1760388688","23477/2025-11-02/1760388688.json"
"510807","146155","2025-11-02","52.00","NZD","1760388688","23477/2025-11-02/1760388688.json"
"581513","221281","2025-11-04","36.00","NZD","1760388688","23477/2025-11-04/1760388688.json"
"581514","221282","2025-11-04","36.00","NZD","1760388688","23477/2025-11-04/1760388688.json"
"512557","146154","2025-11-04","45.00","NZD","1760388688","23477/2025-11-04/1760388688.json"
"365170","146153","2025-11-04","48.00","NZD","1760388688","23477/2025-11-04/1760388688.json"
"510807","146155","2025-11-04","52.00","NZD","1760388688","23477/2025-11-04/1760388688.json"
"581513","221281","2025-11-05","36.00","NZD","1760388688","23477/2025-11-05/1760388688.json"
"581514","221282","2025-11-05","36.00","NZD","1760388688","23477/2025-11-05/1760388688.json"
"512557","146154","2025-11-05","45.00","NZD","1760388688","23477/2025-11-05/1760388688.json"
"365170","146153","2025-11-05","48.00","NZD","1760388688","23477/2025-11-05/1760388688.json"
"510807","146155","2025-11-05","52.00","NZD","1760388688","23477/2025-11-05/1760388688.json"
"581513","221281","2025-11-06","36.00","NZD","1760388688","23477/2025-11-06/1760388688.json"
"581514","221282","2025-11-06","36.00","NZD","1760388688","23477/2025-11-06/1760388688.json"
"512557","146154","2025-11-06","45.00","NZD","1760388688","23477/2025-11-06/1760388688.json"
"365170","146153","2025-11-06","48.00","NZD","1760388688","23477/2025-11-06/1760388688.json"
"510807","146155","2025-11-06","52.00","NZD","1760388688","23477/2025-11-06/1760388688.json"
"581513","221281","2025-11-07","36.00","NZD","1760388688","23477/2025-11-07/1760388688.json"
"581514","221282","2025-11-07","36.00","NZD","1760388688","23477/2025-11-07/1760388688.json"
"512557","146154","2025-11-07","45.00","NZD","1760388688","23477/2025-11-07/1760388688.json"
"365170","146153","2025-11-07","48.00","NZD","1760388688","23477/2025-11-07/1760388688.json"
"510807","146155","2025-11-07","52.00","NZD","1760388688","23477/2025-11-07/1760388688.json"
"581513","221281","2025-11-08","36.00","NZD","1760388688","23477/2025-11-08/1760388688.json"
"581514","221282","2025-11-08","36.00","NZD","1760388688","23477/2025-11-08/1760388688.json"
"512557","146154","2025-11-08","45.00","NZD","1760388688","23477/2025-11-08/1760388688.json"
"365170","146153","2025-11-08","48.00","NZD","1760388688","23477/2025-11-08/1760388688.json"
"510807","146155","2025-11-08","52.00","NZD","1760388688","23477/2025-11-08/1760388688.json"
"581513","221281","2025-11-09","36.00","NZD","1760388688","23477/2025-11-09/1760388688.json"
"581514","221282","2025-11-09","36.00","NZD","1760388688","23477/2025-11-09/1760388688.json"
"512557","146154","2025-11-09","45.00","NZD","1760388688","23477/2025-11-09/1760388688.json"
"365170","146153","2025-11-09","48.00","NZD","1760388688","23477/2025-11-09/1760388688.json"
"510807","146155","2025-11-09","52.00","NZD","1760388688","23477/2025-11-09/1760388688.json"
"581513","221281","2025-11-10","36.00","NZD","1760388688","23477/2025-11-10/1760388688.json"
"581514","221282","2025-11-10","36.00","NZD","1760388688","23477/2025-11-10/1760388688.json"
"512557","146154","2025-11-10","45.00","NZD","1760388688","23477/2025-11-10/1760388688.json"
"365170","146153","2025-11-10","48.00","NZD","1760388688","23477/2025-11-10/1760388688.json"
"510807","146155","2025-11-10","52.00","NZD","1760388688","23477/2025-11-10/1760388688.json"
"581513","221281","2025-11-11","36.00","NZD","1760388688","23477/2025-11-11/1760388688.json"
"581513","221281","2025-11-12","36.00","NZD","1760388688","23477/2025-11-12/1760388688.json"
"581514","221282","2025-11-11","36.00","NZD","1760388688","23477/2025-11-11/1760388688.json"
"581514","221282","2025-11-12","36.00","NZD","1760388688","23477/2025-11-12/1760388688.json"
"512557","146154","2025-11-12","45.00","NZD","1760388688","23477/2025-11-12/1760388688.json"
"512557","146154","2025-11-11","45.00","NZD","1760388688","23477/2025-11-11/1760388688.json"
"365170","146153","2025-11-12","48.00","NZD","1760388688","23477/2025-11-12/1760388688.json"
"510807","146155","2025-11-12","52.00","NZD","1760388688","23477/2025-11-12/1760388688.json"
"365170","146153","2025-11-11","48.00","NZD","1760388688","23477/2025-11-11/1760388688.json"
"510807","146155","2025-11-11","52.00","NZD","1760388688","23477/2025-11-11/1760388688.json"
"581513","221281","2025-11-14","36.00","NZD","1760388688","23477/2025-11-14/1760388688.json"
"581514","221282","2025-11-14","36.00","NZD","1760388688","23477/2025-11-14/1760388688.json"
"512557","146154","2025-11-14","45.00","NZD","1760388688","23477/2025-11-14/1760388688.json"
"365170","146153","2025-11-14","48.00","NZD","1760388688","23477/2025-11-14/1760388688.json"
"510807","146155","2025-11-14","52.00","NZD","1760388688","23477/2025-11-14/1760388688.json"
"581513","221281","2025-11-13","36.00","NZD","1760388688","23477/2025-11-13/1760388688.json"
"581514","221282","2025-11-13","36.00","NZD","1760388688","23477/2025-11-13/1760388688.json"
"512557","146154","2025-11-13","45.00","NZD","1760388688","23477/2025-11-13/1760388688.json"
"365170","146153","2025-11-13","48.00","NZD","1760388688","23477/2025-11-13/1760388688.json"
"510807","146155","2025-11-13","52.00","NZD","1760388688","23477/2025-11-13/1760388688.json"
"581513","221281","2025-11-16","36.00","NZD","1760388688","23477/2025-11-16/1760388688.json"
"581514","221282","2025-11-16","36.00","NZD","1760388688","23477/2025-11-16/1760388688.json"
"512557","146154","2025-11-16","45.00","NZD","1760388688","23477/2025-11-16/1760388688.json"
"365170","146153","2025-11-16","48.00","NZD","1760388688","23477/2025-11-16/1760388688.json"
"510807","146155","2025-11-16","52.00","NZD","1760388688","23477/2025-11-16/1760388688.json"
"581513","221281","2025-11-15","36.00","NZD","1760388688","23477/2025-11-15/1760388688.json"
"581514","221282","2025-11-15","36.00","NZD","1760388688","23477/2025-11-15/1760388688.json"
"512557","146154","2025-11-15","45.00","NZD","1760388688","23477/2025-11-15/1760388688.json"
"365170","146153","2025-11-15","48.00","NZD","1760388688","23477/2025-11-15/1760388688.json"
"510807","146155","2025-11-15","52.00","NZD","1760388688","23477/2025-11-15/1760388688.json"
"581513","221281","2025-11-17","36.00","NZD","1760388688","23477/2025-11-17/1760388688.json"
"581514","221282","2025-11-17","36.00","NZD","1760388688","23477/2025-11-17/1760388688.json"
"512557","146154","2025-11-17","45.00","NZD","1760388688","23477/2025-11-17/1760388688.json"
"365170","146153","2025-11-17","48.00","NZD","1760388688","23477/2025-11-17/1760388688.json"
"510807","146155","2025-11-17","52.00","NZD","1760388688","23477/2025-11-17/1760388688.json"
"581513","221281","2025-11-18","36.00","NZD","1760388688","23477/2025-11-18/1760388688.json"
"581514","221282","2025-11-18","36.00","NZD","1760388688","23477/2025-11-18/1760388688.json"
"512557","146154","2025-11-18","45.00","NZD","1760388688","23477/2025-11-18/1760388688.json"
"365170","146153","2025-11-18","48.00","NZD","1760388688","23477/2025-11-18/1760388688.json"
"510807","146155","2025-11-18","52.00","NZD","1760388688","23477/2025-11-18/1760388688.json"
"581513","221281","2025-11-19","36.00","NZD","1760388688","23477/2025-11-19/1760388688.json"
"581514","221282","2025-11-19","36.00","NZD","1760388688","23477/2025-11-19/1760388688.json"
"512557","146154","2025-11-19","45.00","NZD","1760388688","23477/2025-11-19/1760388688.json"
"365170","146153","2025-11-19","48.00","NZD","1760388688","23477/2025-11-19/1760388688.json"
"510807","146155","2025-11-19","52.00","NZD","1760388688","23477/2025-11-19/1760388688.json"
"581513","221281","2025-11-20","36.00","NZD","1760388688","23477/2025-11-20/1760388688.json"
"581514","221282","2025-11-20","36.00","NZD","1760388688","23477/2025-11-20/1760388688.json"
"512557","146154","2025-11-20","45.00","NZD","1760388688","23477/2025-11-20/1760388688.json"
"581513","221281","2025-11-21","36.00","NZD","1760388688","23477/2025-11-21/1760388688.json"
"581514","221282","2025-11-21","36.00","NZD","1760388688","23477/2025-11-21/1760388688.json"
"512557","146154","2025-11-21","45.00","NZD","1760388688","23477/2025-11-21/1760388688.json"
"365170","146153","2025-11-21","48.00","NZD","1760388688","23477/2025-11-21/1760388688.json"
"510807","146155","2025-11-21","52.00","NZD","1760388688","23477/2025-11-21/1760388688.json"
"581513","221281","2025-11-22","36.00","NZD","1760388688","23477/2025-11-22/1760388688.json"
"581514","221282","2025-11-22","36.00","NZD","1760388688","23477/2025-11-22/1760388688.json"
"512557","146154","2025-11-22","45.00","NZD","1760388688","23477/2025-11-22/1760388688.json"
"365170","146153","2025-11-22","48.00","NZD","1760388688","23477/2025-11-22/1760388688.json"
"510807","146155","2025-11-22","52.00","NZD","1760388688","23477/2025-11-22/1760388688.json"
"581513","221281","2025-11-23","36.00","NZD","1760388688","23477/2025-11-23/1760388688.json"
"581514","221282","2025-11-23","36.00","NZD","1760388688","23477/2025-11-23/1760388688.json"
"512557","146154","2025-11-23","45.00","NZD","1760388688","23477/2025-11-23/1760388688.json"
"365170","146153","2025-11-23","48.00","NZD","1760388688","23477/2025-11-23/1760388688.json"
"510807","146155","2025-11-23","52.00","NZD","1760388688","23477/2025-11-23/1760388688.json"
"581513","221281","2025-11-25","36.00","NZD","1760388688","23477/2025-11-25/1760388688.json"
"581514","221282","2025-11-25","36.00","NZD","1760388688","23477/2025-11-25/1760388688.json"
"512557","146154","2025-11-25","45.00","NZD","1760388688","23477/2025-11-25/1760388688.json"
"365170","146153","2025-11-25","48.00","NZD","1760388688","23477/2025-11-25/1760388688.json"
"510807","146155","2025-11-25","52.00","NZD","1760388688","23477/2025-11-25/1760388688.json"
"581513","221281","2025-11-24","36.00","NZD","1760388688","23477/2025-11-24/1760388688.json"
"581514","221282","2025-11-24","36.00","NZD","1760388688","23477/2025-11-24/1760388688.json"
"512557","146154","2025-11-24","45.00","NZD","1760388688","23477/2025-11-24/1760388688.json"
"365170","146153","2025-11-24","48.00","NZD","1760388688","23477/2025-11-24/1760388688.json"
"510807","146155","2025-11-24","52.00","NZD","1760388688","23477/2025-11-24/1760388688.json"
"581513","221281","2025-11-26","36.00","NZD","1760388688","23477/2025-11-26/1760388688.json"
"581514","221282","2025-11-26","36.00","NZD","1760388688","23477/2025-11-26/1760388688.json"
"512557","146154","2025-11-26","45.00","NZD","1760388688","23477/2025-11-26/1760388688.json"
"365170","146153","2025-11-26","48.00","NZD","1760388688","23477/2025-11-26/1760388688.json"
"510807","146155","2025-11-26","52.00","NZD","1760388688","23477/2025-11-26/1760388688.json"
"581513","221281","2025-11-30","36.00","NZD","1760388688","23477/2025-11-30/1760388688.json"
"581514","221282","2025-11-30","36.00","NZD","1760388688","23477/2025-11-30/1760388688.json"
"512557","146154","2025-11-30","45.00","NZD","1760388688","23477/2025-11-30/1760388688.json"
"365170","146153","2025-11-30","48.00","NZD","1760388688","23477/2025-11-30/1760388688.json"
"510807","146155","2025-11-30","52.00","NZD","1760388688","23477/2025-11-30/1760388688.json"
"581513","221281","2025-11-28","36.00","NZD","1760388688","23477/2025-11-28/1760388688.json"
"581514","221282","2025-11-28","36.00","NZD","1760388688","23477/2025-11-28/1760388688.json"
"512557","146154","2025-11-28","45.00","NZD","1760388688","23477/2025-11-28/1760388688.json"
"365170","146153","2025-11-28","48.00","NZD","1760388688","23477/2025-11-28/1760388688.json"
"510807","146155","2025-11-28","52.00","NZD","1760388688","23477/2025-11-28/1760388688.json"
"581513","221281","2025-11-29","36.00","NZD","1760388688","23477/2025-11-29/1760388688.json"
"581514","221282","2025-11-29","36.00","NZD","1760388688","23477/2025-11-29/1760388688.json"
"512557","146154","2025-11-29","45.00","NZD","1760388688","23477/2025-11-29/1760388688.json"
"365170","146153","2025-11-29","48.00","NZD","1760388688","23477/2025-11-29/1760388688.json"
"510807","146155","2025-11-29","52.00","NZD","1760388688","23477/2025-11-29/1760388688.json"
"581513","221281","2025-11-27","36.00","NZD","1760388688","23477/2025-11-27/1760388688.json"
"581514","221282","2025-11-27","36.00","NZD","1760388688","23477/2025-11-27/1760388688.json"
"512557","146154","2025-11-27","45.00","NZD","1760388688","23477/2025-11-27/1760388688.json"
"365170","146153","2025-11-27","48.00","NZD","1760388688","23477/2025-11-27/1760388688.json"
"510807","146155","2025-11-27","52.00","NZD","1760388688","23477/2025-11-27/1760388688.json"
"581513","221281","2025-12-01","36.00","NZD","1760388688","23477/2025-12-01/1760388688.json"
"581514","221282","2025-12-01","36.00","NZD","1760388688","23477/2025-12-01/1760388688.json"
"512557","146154","2025-12-01","45.00","NZD","1760388688","23477/2025-12-01/1760388688.json"
"365170","146153","2025-12-01","48.00","NZD","1760388688","23477/2025-12-01/1760388688.json"
"510807","146155","2025-12-01","52.00","NZD","1760388688","23477/2025-12-01/1760388688.json"
"581513","221281","2025-12-02","36.00","NZD","1760388688","23477/2025-12-02/1760388688.json"
"581514","221282","2025-12-02","36.00","NZD","1760388688","23477/2025-12-02/1760388688.json"
"512557","146154","2025-12-02","45.00","NZD","1760388688","23477/2025-12-02/1760388688.json"
"365170","146153","2025-12-02","48.00","NZD","1760388688","23477/2025-12-02/1760388688.json"
"510807","146155","2025-12-02","52.00","NZD","1760388688","23477/2025-12-02/1760388688.json"
"581513","221281","2025-12-04","36.00","NZD","1760388688","23477/2025-12-04/1760388688.json"
"581514","221282","2025-12-04","36.00","NZD","1760388688","23477/2025-12-04/1760388688.json"
"512557","146154","2025-12-04","45.00","NZD","1760388688","23477/2025-12-04/1760388688.json"
"365170","146153","2025-12-04","48.00","NZD","1760388688","23477/2025-12-04/1760388688.json"
"510807","146155","2025-12-04","52.00","NZD","1760388688","23477/2025-12-04/1760388688.json"
"581513","221281","2025-12-03","36.00","NZD","1760388688","23477/2025-12-03/1760388688.json"
"581514","221282","2025-12-03","36.00","NZD","1760388688","23477/2025-12-03/1760388688.json"
"512557","146154","2025-12-03","45.00","NZD","1760388688","23477/2025-12-03/1760388688.json"
"365170","146153","2025-12-03","48.00","NZD","1760388688","23477/2025-12-03/1760388688.json"
"510807","146155","2025-12-03","52.00","NZD","1760388688","23477/2025-12-03/1760388688.json"
"581513","221281","2025-12-05","36.00","NZD","1760388688","23477/2025-12-05/1760388688.json"
"581514","221282","2025-12-05","36.00","NZD","1760388688","23477/2025-12-05/1760388688.json"
"512557","146154","2025-12-05","45.00","NZD","1760388688","23477/2025-12-05/1760388688.json"
"365170","146153","2025-12-05","48.00","NZD","1760388688","23477/2025-12-05/1760388688.json"
"510807","146155","2025-12-05","52.00","NZD","1760388688","23477/2025-12-05/1760388688.json"
"581513","221281","2025-12-06","36.00","NZD","1760388688","23477/2025-12-06/1760388688.json"
"581514","221282","2025-12-06","36.00","NZD","1760388688","23477/2025-12-06/1760388688.json"
"512557","146154","2025-12-06","45.00","NZD","1760388688","23477/2025-12-06/1760388688.json"
"365170","146153","2025-12-06","48.00","NZD","1760388688","23477/2025-12-06/1760388688.json"
"510807","146155","2025-12-06","52.00","NZD","1760388688","23477/2025-12-06/1760388688.json"
"581513","221281","2025-12-08","36.00","NZD","1760388688","23477/2025-12-08/1760388688.json"
"581514","221282","2025-12-08","36.00","NZD","1760388688","23477/2025-12-08/1760388688.json"
"512557","146154","2025-12-08","45.00","NZD","1760388688","23477/2025-12-08/1760388688.json"
"365170","146153","2025-12-08","48.00","NZD","1760388688","23477/2025-12-08/1760388688.json"
"510807","146155","2025-12-08","52.00","NZD","1760388688","23477/2025-12-08/1760388688.json"
"581513","221281","2025-12-07","36.00","NZD","1760388688","23477/2025-12-07/1760388688.json"
"581514","221282","2025-12-07","36.00","NZD","1760388688","23477/2025-12-07/1760388688.json"
"512557","146154","2025-12-07","45.00","NZD","1760388688","23477/2025-12-07/1760388688.json"
"365170","146153","2025-12-07","48.00","NZD","1760388688","23477/2025-12-07/1760388688.json"
"510807","146155","2025-12-07","52.00","NZD","1760388688","23477/2025-12-07/1760388688.json"
"581513","221281","2025-12-09","36.00","NZD","1760388688","23477/2025-12-09/1760388688.json"
"581514","221282","2025-12-09","36.00","NZD","1760388688","23477/2025-12-09/1760388688.json"
"512557","146154","2025-12-09","45.00","NZD","1760388688","23477/2025-12-09/1760388688.json"
"365170","146153","2025-12-09","48.00","NZD","1760388688","23477/2025-12-09/1760388688.json"
"510807","146155","2025-12-09","52.00","NZD","1760388688","23477/2025-12-09/1760388688.json"
"581513","221281","2025-12-10","36.00","NZD","1760388688","23477/2025-12-10/1760388688.json"
"581514","221282","2025-12-10","36.00","NZD","1760388688","23477/2025-12-10/1760388688.json"
"512557","146154","2025-12-10","45.00","NZD","1760388688","23477/2025-12-10/1760388688.json"
"365170","146153","2025-12-10","48.00","NZD","1760388688","23477/2025-12-10/1760388688.json"
"510807","146155","2025-12-10","52.00","NZD","1760388688","23477/2025-12-10/1760388688.json"
"581513","221281","2025-12-11","36.00","NZD","1760388688","23477/2025-12-11/1760388688.json"
"581514","221282","2025-12-11","36.00","NZD","1760388688","23477/2025-12-11/1760388688.json"
"512557","146154","2025-12-11","45.00","NZD","1760388688","23477/2025-12-11/1760388688.json"
"365170","146153","2025-12-11","48.00","NZD","1760388688","23477/2025-12-11/1760388688.json"
"510807","146155","2025-12-11","52.00","NZD","1760388688","23477/2025-12-11/1760388688.json"
"581513","221281","2025-12-12","36.00","NZD","1760388688","23477/2025-12-12/1760388688.json"
"581514","221282","2025-12-12","36.00","NZD","1760388688","23477/2025-12-12/1760388688.json"
"512557","146154","2025-12-12","45.00","NZD","1760388688","23477/2025-12-12/1760388688.json"
"365170","146153","2025-12-12","48.00","NZD","1760388688","23477/2025-12-12/1760388688.json"
"510807","146155","2025-12-12","52.00","NZD","1760388688","23477/2025-12-12/1760388688.json"
"581513","221281","2025-10-16","36.00","NZD","1760412240","23477/2025-10-16/1760412240.json"
"581514","221282","2025-10-16","36.00","NZD","1760412240","23477/2025-10-16/1760412240.json"
"512557","146154","2025-10-16","45.00","NZD","1760412240","23477/2025-10-16/1760412240.json"
"365170","146153","2025-10-16","48.00","NZD","1760412240","23477/2025-10-16/1760412240.json"
"510807","146155","2025-10-16","52.00","NZD","1760412240","23477/2025-10-16/1760412240.json"
"581513","221281","2025-10-14","36.00","NZD","1760412240","23477/2025-10-14/1760412240.json"
"581514","221282","2025-10-14","36.00","NZD","1760412240","23477/2025-10-14/1760412240.json"
"512557","146154","2025-10-14","45.00","NZD","1760412240","23477/2025-10-14/1760412240.json"
"365170","146153","2025-10-14","48.00","NZD","1760412240","23477/2025-10-14/1760412240.json"
"510807","146155","2025-10-14","52.00","NZD","1760412240","23477/2025-10-14/1760412240.json"
"581513","221281","2025-10-15","36.00","NZD","1760412240","23477/2025-10-15/1760412240.json"
"581514","221282","2025-10-15","36.00","NZD","1760412240","23477/2025-10-15/1760412240.json"
"512557","146154","2025-10-15","45.00","NZD","1760412240","23477/2025-10-15/1760412240.json"
"365170","146153","2025-10-15","48.00","NZD","1760412240","23477/2025-10-15/1760412240.json"
"510807","146155","2025-10-15","52.00","NZD","1760412240","23477/2025-10-15/1760412240.json"
"581513","221281","2025-10-17","36.00","NZD","1760412240","23477/2025-10-17/1760412240.json"
"581514","221282","2025-10-17","36.00","NZD","1760412240","23477/2025-10-17/1760412240.json"
"512557","146154","2025-10-17","45.00","NZD","1760412240","23477/2025-10-17/1760412240.json"
"365170","146153","2025-10-17","48.00","NZD","1760412240","23477/2025-10-17/1760412240.json"
"510807","146155","2025-10-17","52.00","NZD","1760412240","23477/2025-10-17/1760412240.json"
"581513","221281","2025-10-18","36.00","NZD","1760412240","23477/2025-10-18/1760412240.json"
"581514","221282","2025-10-18","36.00","NZD","1760412240","23477/2025-10-18/1760412240.json"
"512557","146154","2025-10-18","45.00","NZD","1760412240","23477/2025-10-18/1760412240.json"
"365170","146153","2025-10-18","48.00","NZD","1760412240","23477/2025-10-18/1760412240.json"
"510807","146155","2025-10-18","52.00","NZD","1760412240","23477/2025-10-18/1760412240.json"
"581513","221281","2025-10-19","36.00","NZD","1760412240","23477/2025-10-19/1760412240.json"
"581514","221282","2025-10-19","36.00","NZD","1760412240","23477/2025-10-19/1760412240.json"
"512557","146154","2025-10-19","45.00","NZD","1760412240","23477/2025-10-19/1760412240.json"
"365170","146153","2025-10-19","48.00","NZD","1760412240","23477/2025-10-19/1760412240.json"
"510807","146155","2025-10-19","52.00","NZD","1760412240","23477/2025-10-19/1760412240.json"
"581513","221281","2025-10-21","36.00","NZD","1760412240","23477/2025-10-21/1760412240.json"
"581514","221282","2025-10-21","36.00","NZD","1760412240","23477/2025-10-21/1760412240.json"
"512557","146154","2025-10-21","45.00","NZD","1760412240","23477/2025-10-21/1760412240.json"
"365170","146153","2025-10-21","48.00","NZD","1760412240","23477/2025-10-21/1760412240.json"
"510807","146155","2025-10-21","52.00","NZD","1760412240","23477/2025-10-21/1760412240.json"
"581513","221281","2025-10-20","36.00","NZD","1760412240","23477/2025-10-20/1760412240.json"
"581514","221282","2025-10-20","36.00","NZD","1760412240","23477/2025-10-20/1760412240.json"
"512557","146154","2025-10-20","45.00","NZD","1760412240","23477/2025-10-20/1760412240.json"
"365170","146153","2025-10-20","48.00","NZD","1760412240","23477/2025-10-20/1760412240.json"
"510807","146155","2025-10-20","52.00","NZD","1760412240","23477/2025-10-20/1760412240.json"
"581513","221281","2025-10-22","36.00","NZD","1760412240","23477/2025-10-22/1760412240.json"
"581514","221282","2025-10-22","36.00","NZD","1760412240","23477/2025-10-22/1760412240.json"
"512557","146154","2025-10-22","45.00","NZD","1760412240","23477/2025-10-22/1760412240.json"
"365170","146153","2025-10-22","48.00","NZD","1760412240","23477/2025-10-22/1760412240.json"
"510807","146155","2025-10-22","52.00","NZD","1760412240","23477/2025-10-22/1760412240.json"
"581513","221281","2025-10-23","36.00","NZD","1760412240","23477/2025-10-23/1760412240.json"
"581514","221282","2025-10-23","36.00","NZD","1760412240","23477/2025-10-23/1760412240.json"
"512557","146154","2025-10-23","45.00","NZD","1760412240","23477/2025-10-23/1760412240.json"
"365170","146153","2025-10-23","48.00","NZD","1760412240","23477/2025-10-23/1760412240.json"
"510807","146155","2025-10-23","52.00","NZD","1760412240","23477/2025-10-23/1760412240.json"
"581513","221281","2025-10-25","38.00","NZD","1760412240","23477/2025-10-25/1760412240.json"
"581514","221282","2025-10-25","38.00","NZD","1760412240","23477/2025-10-25/1760412240.json"
"512557","146154","2025-10-25","45.00","NZD","1760412240","23477/2025-10-25/1760412240.json"
"581513","221281","2025-10-24","36.00","NZD","1760412240","23477/2025-10-24/1760412240.json"
"581514","221282","2025-10-24","36.00","NZD","1760412240","23477/2025-10-24/1760412240.json"
"512557","146154","2025-10-24","45.00","NZD","1760412240","23477/2025-10-24/1760412240.json"
"365170","146153","2025-10-24","48.00","NZD","1760412240","23477/2025-10-24/1760412240.json"
"510807","146155","2025-10-24","52.00","NZD","1760412240","23477/2025-10-24/1760412240.json"
"581513","221281","2025-10-26","38.00","NZD","1760412240","23477/2025-10-26/1760412240.json"
"581514","221282","2025-10-26","38.00","NZD","1760412240","23477/2025-10-26/1760412240.json"
"512557","146154","2025-10-26","45.00","NZD","1760412240","23477/2025-10-26/1760412240.json"
"581513","221281","2025-10-27","38.00","NZD","1760412240","23477/2025-10-27/1760412240.json"
"581514","221282","2025-10-27","38.00","NZD","1760412240","23477/2025-10-27/1760412240.json"
"512557","146154","2025-10-27","45.00","NZD","1760412240","23477/2025-10-27/1760412240.json"
"365170","146153","2025-10-27","48.00","NZD","1760412240","23477/2025-10-27/1760412240.json"
"510807","146155","2025-10-27","52.00","NZD","1760412240","23477/2025-10-27/1760412240.json"
"581513","221281","2025-10-28","36.00","NZD","1760412240","23477/2025-10-28/1760412240.json"
"581514","221282","2025-10-28","36.00","NZD","1760412240","23477/2025-10-28/1760412240.json"
"512557","146154","2025-10-28","45.00","NZD","1760412240","23477/2025-10-28/1760412240.json"
"365170","146153","2025-10-28","48.00","NZD","1760412240","23477/2025-10-28/1760412240.json"
"510807","146155","2025-10-28","52.00","NZD","1760412240","23477/2025-10-28/1760412240.json"
"581513","221281","2025-10-29","36.00","NZD","1760412240","23477/2025-10-29/1760412240.json"
"581514","221282","2025-10-29","36.00","NZD","1760412240","23477/2025-10-29/1760412240.json"
"512557","146154","2025-10-29","45.00","NZD","1760412240","23477/2025-10-29/1760412240.json"
"365170","146153","2025-10-29","48.00","NZD","1760412240","23477/2025-10-29/1760412240.json"
"510807","146155","2025-10-29","52.00","NZD","1760412240","23477/2025-10-29/1760412240.json"
"581513","221281","2025-10-30","36.00","NZD","1760412240","23477/2025-10-30/1760412240.json"
"581514","221282","2025-10-30","36.00","NZD","1760412240","23477/2025-10-30/1760412240.json"
"512557","146154","2025-10-30","45.00","NZD","1760412240","23477/2025-10-30/1760412240.json"
"365170","146153","2025-10-30","48.00","NZD","1760412240","23477/2025-10-30/1760412240.json"
"510807","146155","2025-10-30","52.00","NZD","1760412240","23477/2025-10-30/1760412240.json"
"581513","221281","2025-10-31","36.00","NZD","1760412240","23477/2025-10-31/1760412240.json"
"581514","221282","2025-10-31","36.00","NZD","1760412240","23477/2025-10-31/1760412240.json"
"512557","146154","2025-10-31","45.00","NZD","1760412240","23477/2025-10-31/1760412240.json"
"365170","146153","2025-10-31","48.00","NZD","1760412240","23477/2025-10-31/1760412240.json"
"510807","146155","2025-10-31","52.00","NZD","1760412240","23477/2025-10-31/1760412240.json"
"581513","221281","2025-11-01","36.00","NZD","1760412240","23477/2025-11-01/1760412240.json"
"581514","221282","2025-11-01","36.00","NZD","1760412240","23477/2025-11-01/1760412240.json"
"512557","146154","2025-11-01","45.00","NZD","1760412240","23477/2025-11-01/1760412240.json"
"365170","146153","2025-11-01","48.00","NZD","1760412240","23477/2025-11-01/1760412240.json"
"510807","146155","2025-11-01","52.00","NZD","1760412240","23477/2025-11-01/1760412240.json"
"581513","221281","2025-11-02","36.00","NZD","1760412240","23477/2025-11-02/1760412240.json"
"581514","221282","2025-11-02","36.00","NZD","1760412240","23477/2025-11-02/1760412240.json"
"512557","146154","2025-11-02","45.00","NZD","1760412240","23477/2025-11-02/1760412240.json"
"365170","146153","2025-11-02","48.00","NZD","1760412240","23477/2025-11-02/1760412240.json"
"510807","146155","2025-11-02","52.00","NZD","1760412240","23477/2025-11-02/1760412240.json"
"581513","221281","2025-11-04","36.00","NZD","1760412240","23477/2025-11-04/1760412240.json"
"581514","221282","2025-11-04","36.00","NZD","1760412240","23477/2025-11-04/1760412240.json"
"512557","146154","2025-11-04","45.00","NZD","1760412240","23477/2025-11-04/1760412240.json"
"365170","146153","2025-11-04","48.00","NZD","1760412240","23477/2025-11-04/1760412240.json"
"510807","146155","2025-11-04","52.00","NZD","1760412240","23477/2025-11-04/1760412240.json"
"581513","221281","2025-11-03","36.00","NZD","1760412240","23477/2025-11-03/1760412240.json"
"581514","221282","2025-11-03","36.00","NZD","1760412240","23477/2025-11-03/1760412240.json"
"512557","146154","2025-11-03","45.00","NZD","1760412240","23477/2025-11-03/1760412240.json"
"365170","146153","2025-11-03","48.00","NZD","1760412240","23477/2025-11-03/1760412240.json"
"510807","146155","2025-11-03","52.00","NZD","1760412240","23477/2025-11-03/1760412240.json"
"581513","221281","2025-11-05","36.00","NZD","1760412240","23477/2025-11-05/1760412240.json"
"581514","221282","2025-11-05","36.00","NZD","1760412240","23477/2025-11-05/1760412240.json"
"512557","146154","2025-11-05","45.00","NZD","1760412240","23477/2025-11-05/1760412240.json"
"365170","146153","2025-11-05","48.00","NZD","1760412240","23477/2025-11-05/1760412240.json"
"510807","146155","2025-11-05","52.00","NZD","1760412240","23477/2025-11-05/1760412240.json"
"581513","221281","2025-11-08","36.00","NZD","1760412240","23477/2025-11-08/1760412240.json"
"581514","221282","2025-11-08","36.00","NZD","1760412240","23477/2025-11-08/1760412240.json"
"512557","146154","2025-11-08","45.00","NZD","1760412240","23477/2025-11-08/1760412240.json"
"365170","146153","2025-11-08","48.00","NZD","1760412240","23477/2025-11-08/1760412240.json"
"510807","146155","2025-11-08","52.00","NZD","1760412240","23477/2025-11-08/1760412240.json"
"581513","221281","2025-11-07","36.00","NZD","1760412240","23477/2025-11-07/1760412240.json"
"581514","221282","2025-11-07","36.00","NZD","1760412240","23477/2025-11-07/1760412240.json"
"512557","146154","2025-11-07","45.00","NZD","1760412240","23477/2025-11-07/1760412240.json"
"365170","146153","2025-11-07","48.00","NZD","1760412240","23477/2025-11-07/1760412240.json"
"510807","146155","2025-11-07","52.00","NZD","1760412240","23477/2025-11-07/1760412240.json"
"581513","221281","2025-11-06","36.00","NZD","1760412240","23477/2025-11-06/1760412240.json"
"581514","221282","2025-11-06","36.00","NZD","1760412240","23477/2025-11-06/1760412240.json"
"512557","146154","2025-11-06","45.00","NZD","1760412240","23477/2025-11-06/1760412240.json"
"365170","146153","2025-11-06","48.00","NZD","1760412240","23477/2025-11-06/1760412240.json"
"510807","146155","2025-11-06","52.00","NZD","1760412240","23477/2025-11-06/1760412240.json"
"581513","221281","2025-11-09","36.00","NZD","1760412240","23477/2025-11-09/1760412240.json"
"581514","221282","2025-11-09","36.00","NZD","1760412240","23477/2025-11-09/1760412240.json"
"512557","146154","2025-11-09","45.00","NZD","1760412240","23477/2025-11-09/1760412240.json"
"365170","146153","2025-11-09","48.00","NZD","1760412240","23477/2025-11-09/1760412240.json"
"510807","146155","2025-11-09","52.00","NZD","1760412240","23477/2025-11-09/1760412240.json"
"581513","221281","2025-11-13","36.00","NZD","1760412240","23477/2025-11-13/1760412240.json"
"581514","221282","2025-11-13","36.00","NZD","1760412240","23477/2025-11-13/1760412240.json"
"512557","146154","2025-11-13","45.00","NZD","1760412240","23477/2025-11-13/1760412240.json"
"365170","146153","2025-11-13","48.00","NZD","1760412240","23477/2025-11-13/1760412240.json"
"510807","146155","2025-11-13","52.00","NZD","1760412240","23477/2025-11-13/1760412240.json"
"581513","221281","2025-11-12","36.00","NZD","1760412240","23477/2025-11-12/1760412240.json"
"581514","221282","2025-11-12","36.00","NZD","1760412240","23477/2025-11-12/1760412240.json"
"512557","146154","2025-11-12","45.00","NZD","1760412240","23477/2025-11-12/1760412240.json"
"365170","146153","2025-11-12","48.00","NZD","1760412240","23477/2025-11-12/1760412240.json"
"510807","146155","2025-11-12","52.00","NZD","1760412240","23477/2025-11-12/1760412240.json"
"581513","221281","2025-11-11","36.00","NZD","1760412240","23477/2025-11-11/1760412240.json"
"581514","221282","2025-11-11","36.00","NZD","1760412240","23477/2025-11-11/1760412240.json"
"512557","146154","2025-11-11","45.00","NZD","1760412240","23477/2025-11-11/1760412240.json"
"365170","146153","2025-11-11","48.00","NZD","1760412240","23477/2025-11-11/1760412240.json"
"510807","146155","2025-11-11","52.00","NZD","1760412240","23477/2025-11-11/1760412240.json"
"581513","221281","2025-11-10","36.00","NZD","1760412240","23477/2025-11-10/1760412240.json"
"581514","221282","2025-11-10","36.00","NZD","1760412240","23477/2025-11-10/1760412240.json"
"512557","146154","2025-11-10","45.00","NZD","1760412240","23477/2025-11-10/1760412240.json"
"365170","146153","2025-11-10","48.00","NZD","1760412240","23477/2025-11-10/1760412240.json"
"510807","146155","2025-11-10","52.00","NZD","1760412240","23477/2025-11-10/1760412240.json"
"581513","221281","2025-11-15","36.00","NZD","1760412240","23477/2025-11-15/1760412240.json"
"581513","221281","2025-11-14","36.00","NZD","1760412240","23477/2025-11-14/1760412240.json"
"581514","221282","2025-11-15","36.00","NZD","1760412240","23477/2025-11-15/1760412240.json"
"581514","221282","2025-11-14","36.00","NZD","1760412240","23477/2025-11-14/1760412240.json"
"512557","146154","2025-11-14","45.00","NZD","1760412240","23477/2025-11-14/1760412240.json"
"512557","146154","2025-11-15","45.00","NZD","1760412240","23477/2025-11-15/1760412240.json"
"365170","146153","2025-11-14","48.00","NZD","1760412240","23477/2025-11-14/1760412240.json"
"510807","146155","2025-11-14","52.00","NZD","1760412240","23477/2025-11-14/1760412240.json"
"365170","146153","2025-11-15","48.00","NZD","1760412240","23477/2025-11-15/1760412240.json"
"510807","146155","2025-11-15","52.00","NZD","1760412240","23477/2025-11-15/1760412240.json"
"581513","221281","2025-11-16","36.00","NZD","1760412240","23477/2025-11-16/1760412240.json"
"581514","221282","2025-11-16","36.00","NZD","1760412240","23477/2025-11-16/1760412240.json"
"512557","146154","2025-11-16","45.00","NZD","1760412240","23477/2025-11-16/1760412240.json"
"365170","146153","2025-11-16","48.00","NZD","1760412240","23477/2025-11-16/1760412240.json"
"510807","146155","2025-11-16","52.00","NZD","1760412240","23477/2025-11-16/1760412240.json"
"581513","221281","2025-11-18","36.00","NZD","1760412240","23477/2025-11-18/1760412240.json"
"581514","221282","2025-11-18","36.00","NZD","1760412240","23477/2025-11-18/1760412240.json"
"512557","146154","2025-11-18","45.00","NZD","1760412240","23477/2025-11-18/1760412240.json"
"365170","146153","2025-11-18","48.00","NZD","1760412240","23477/2025-11-18/1760412240.json"
"510807","146155","2025-11-18","52.00","NZD","1760412240","23477/2025-11-18/1760412240.json"
"581513","221281","2025-11-19","36.00","NZD","1760412240","23477/2025-11-19/1760412240.json"
"581514","221282","2025-11-19","36.00","NZD","1760412240","23477/2025-11-19/1760412240.json"
"512557","146154","2025-11-19","45.00","NZD","1760412240","23477/2025-11-19/1760412240.json"
"365170","146153","2025-11-19","48.00","NZD","1760412240","23477/2025-11-19/1760412240.json"
"510807","146155","2025-11-19","52.00","NZD","1760412240","23477/2025-11-19/1760412240.json"
"581513","221281","2025-11-20","36.00","NZD","1760412240","23477/2025-11-20/1760412240.json"
"581514","221282","2025-11-20","36.00","NZD","1760412240","23477/2025-11-20/1760412240.json"
"512557","146154","2025-11-20","45.00","NZD","1760412240","23477/2025-11-20/1760412240.json"
"581513","221281","2025-11-21","36.00","NZD","1760412240","23477/2025-11-21/1760412240.json"
"581514","221282","2025-11-21","36.00","NZD","1760412240","23477/2025-11-21/1760412240.json"
"512557","146154","2025-11-21","45.00","NZD","1760412240","23477/2025-11-21/1760412240.json"
"365170","146153","2025-11-21","48.00","NZD","1760412240","23477/2025-11-21/1760412240.json"
"510807","146155","2025-11-21","52.00","NZD","1760412240","23477/2025-11-21/1760412240.json"
"581513","221281","2025-11-22","36.00","NZD","1760412240","23477/2025-11-22/1760412240.json"
"581514","221282","2025-11-22","36.00","NZD","1760412240","23477/2025-11-22/1760412240.json"
"512557","146154","2025-11-22","45.00","NZD","1760412240","23477/2025-11-22/1760412240.json"
"365170","146153","2025-11-22","48.00","NZD","1760412240","23477/2025-11-22/1760412240.json"
"510807","146155","2025-11-22","52.00","NZD","1760412240","23477/2025-11-22/1760412240.json"
"581513","221281","2025-11-23","36.00","NZD","1760412240","23477/2025-11-23/1760412240.json"
"581514","221282","2025-11-23","36.00","NZD","1760412240","23477/2025-11-23/1760412240.json"
"512557","146154","2025-11-23","45.00","NZD","1760412240","23477/2025-11-23/1760412240.json"
"365170","146153","2025-11-23","48.00","NZD","1760412240","23477/2025-11-23/1760412240.json"
"510807","146155","2025-11-23","52.00","NZD","1760412240","23477/2025-11-23/1760412240.json"
"581513","221281","2025-11-24","36.00","NZD","1760412240","23477/2025-11-24/1760412240.json"
"581514","221282","2025-11-24","36.00","NZD","1760412240","23477/2025-11-24/1760412240.json"
"512557","146154","2025-11-24","45.00","NZD","1760412240","23477/2025-11-24/1760412240.json"
"365170","146153","2025-11-24","48.00","NZD","1760412240","23477/2025-11-24/1760412240.json"
"510807","146155","2025-11-24","52.00","NZD","1760412240","23477/2025-11-24/1760412240.json"
"581513","221281","2025-11-25","36.00","NZD","1760412240","23477/2025-11-25/1760412240.json"
"581514","221282","2025-11-25","36.00","NZD","1760412240","23477/2025-11-25/1760412240.json"
"512557","146154","2025-11-25","45.00","NZD","1760412240","23477/2025-11-25/1760412240.json"
"365170","146153","2025-11-25","48.00","NZD","1760412240","23477/2025-11-25/1760412240.json"
"510807","146155","2025-11-25","52.00","NZD","1760412240","23477/2025-11-25/1760412240.json"
"581513","221281","2025-11-17","36.00","NZD","1760412240","23477/2025-11-17/1760412240.json"
"581514","221282","2025-11-17","36.00","NZD","1760412240","23477/2025-11-17/1760412240.json"
"512557","146154","2025-11-17","45.00","NZD","1760412240","23477/2025-11-17/1760412240.json"
"365170","146153","2025-11-17","48.00","NZD","1760412240","23477/2025-11-17/1760412240.json"
"510807","146155","2025-11-17","52.00","NZD","1760412240","23477/2025-11-17/1760412240.json"
"581513","221281","2025-11-26","36.00","NZD","1760412240","23477/2025-11-26/1760412240.json"
"581514","221282","2025-11-26","36.00","NZD","1760412240","23477/2025-11-26/1760412240.json"
"512557","146154","2025-11-26","45.00","NZD","1760412240","23477/2025-11-26/1760412240.json"
"365170","146153","2025-11-26","48.00","NZD","1760412240","23477/2025-11-26/1760412240.json"
"510807","146155","2025-11-26","52.00","NZD","1760412240","23477/2025-11-26/1760412240.json"
"581513","221281","2025-11-27","36.00","NZD","1760412240","23477/2025-11-27/1760412240.json"
"581514","221282","2025-11-27","36.00","NZD","1760412240","23477/2025-11-27/1760412240.json"
"512557","146154","2025-11-27","45.00","NZD","1760412240","23477/2025-11-27/1760412240.json"
"365170","146153","2025-11-27","48.00","NZD","1760412240","23477/2025-11-27/1760412240.json"
"510807","146155","2025-11-27","52.00","NZD","1760412240","23477/2025-11-27/1760412240.json"
"581513","221281","2025-11-28","36.00","NZD","1760412240","23477/2025-11-28/1760412240.json"
"581514","221282","2025-11-28","36.00","NZD","1760412240","23477/2025-11-28/1760412240.json"
"512557","146154","2025-11-28","45.00","NZD","1760412240","23477/2025-11-28/1760412240.json"
"365170","146153","2025-11-28","48.00","NZD","1760412240","23477/2025-11-28/1760412240.json"
"510807","146155","2025-11-28","52.00","NZD","1760412240","23477/2025-11-28/1760412240.json"
"581513","221281","2025-11-29","36.00","NZD","1760412240","23477/2025-11-29/1760412240.json"
"581514","221282","2025-11-29","36.00","NZD","1760412240","23477/2025-11-29/1760412240.json"
"512557","146154","2025-11-29","45.00","NZD","1760412240","23477/2025-11-29/1760412240.json"
"365170","146153","2025-11-29","48.00","NZD","1760412240","23477/2025-11-29/1760412240.json"
"510807","146155","2025-11-29","52.00","NZD","1760412240","23477/2025-11-29/1760412240.json"
"581513","221281","2025-11-30","36.00","NZD","1760412240","23477/2025-11-30/1760412240.json"
"581514","221282","2025-11-30","36.00","NZD","1760412240","23477/2025-11-30/1760412240.json"
"512557","146154","2025-11-30","45.00","NZD","1760412240","23477/2025-11-30/1760412240.json"
"365170","146153","2025-11-30","48.00","NZD","1760412240","23477/2025-11-30/1760412240.json"
"510807","146155","2025-11-30","52.00","NZD","1760412240","23477/2025-11-30/1760412240.json"
"581513","221281","2025-12-01","36.00","NZD","1760412240","23477/2025-12-01/1760412240.json"
"581514","221282","2025-12-01","36.00","NZD","1760412240","23477/2025-12-01/1760412240.json"
"512557","146154","2025-12-01","45.00","NZD","1760412240","23477/2025-12-01/1760412240.json"
"365170","146153","2025-12-01","48.00","NZD","1760412240","23477/2025-12-01/1760412240.json"
"510807","146155","2025-12-01","52.00","NZD","1760412240","23477/2025-12-01/1760412240.json"
"581513","221281","2025-12-04","36.00","NZD","1760412240","23477/2025-12-04/1760412240.json"
"581514","221282","2025-12-04","36.00","NZD","1760412240","23477/2025-12-04/1760412240.json"
"512557","146154","2025-12-04","45.00","NZD","1760412240","23477/2025-12-04/1760412240.json"
"365170","146153","2025-12-04","48.00","NZD","1760412240","23477/2025-12-04/1760412240.json"
"510807","146155","2025-12-04","52.00","NZD","1760412240","23477/2025-12-04/1760412240.json"
"581513","221281","2025-12-03","36.00","NZD","1760412240","23477/2025-12-03/1760412240.json"
"581514","221282","2025-12-03","36.00","NZD","1760412240","23477/2025-12-03/1760412240.json"
"512557","146154","2025-12-03","45.00","NZD","1760412240","23477/2025-12-03/1760412240.json"
"365170","146153","2025-12-03","48.00","NZD","1760412240","23477/2025-12-03/1760412240.json"
"510807","146155","2025-12-03","52.00","NZD","1760412240","23477/2025-12-03/1760412240.json"
"581513","221281","2025-12-06","36.00","NZD","1760412240","23477/2025-12-06/1760412240.json"
"581514","221282","2025-12-06","36.00","NZD","1760412240","23477/2025-12-06/1760412240.json"
"512557","146154","2025-12-06","45.00","NZD","1760412240","23477/2025-12-06/1760412240.json"
"365170","146153","2025-12-06","48.00","NZD","1760412240","23477/2025-12-06/1760412240.json"
"510807","146155","2025-12-06","52.00","NZD","1760412240","23477/2025-12-06/1760412240.json"
"581513","221281","2025-12-05","36.00","NZD","1760412240","23477/2025-12-05/1760412240.json"
"581514","221282","2025-12-05","36.00","NZD","1760412240","23477/2025-12-05/1760412240.json"
"512557","146154","2025-12-05","45.00","NZD","1760412240","23477/2025-12-05/1760412240.json"
"365170","146153","2025-12-05","48.00","NZD","1760412240","23477/2025-12-05/1760412240.json"
"510807","146155","2025-12-05","52.00","NZD","1760412240","23477/2025-12-05/1760412240.json"
"581513","221281","2025-12-07","36.00","NZD","1760412240","23477/2025-12-07/1760412240.json"
"581514","221282","2025-12-07","36.00","NZD","1760412240","23477/2025-12-07/1760412240.json"
"512557","146154","2025-12-07","45.00","NZD","1760412240","23477/2025-12-07/1760412240.json"
"365170","146153","2025-12-07","48.00","NZD","1760412240","23477/2025-12-07/1760412240.json"
"510807","146155","2025-12-07","52.00","NZD","1760412240","23477/2025-12-07/1760412240.json"
"581513","221281","2025-12-02","36.00","NZD","1760412240","23477/2025-12-02/1760412240.json"
"581514","221282","2025-12-02","36.00","NZD","1760412240","23477/2025-12-02/1760412240.json"
"512557","146154","2025-12-02","45.00","NZD","1760412240","23477/2025-12-02/1760412240.json"
"365170","146153","2025-12-02","48.00","NZD","1760412240","23477/2025-12-02/1760412240.json"
"510807","146155","2025-12-02","52.00","NZD","1760412240","23477/2025-12-02/1760412240.json"
"581513","221281","2025-12-08","36.00","NZD","1760412240","23477/2025-12-08/1760412240.json"
"581514","221282","2025-12-08","36.00","NZD","1760412240","23477/2025-12-08/1760412240.json"
"512557","146154","2025-12-08","45.00","NZD","1760412240","23477/2025-12-08/1760412240.json"
"365170","146153","2025-12-08","48.00","NZD","1760412240","23477/2025-12-08/1760412240.json"
"510807","146155","2025-12-08","52.00","NZD","1760412240","23477/2025-12-08/1760412240.json"
"581513","221281","2025-12-09","36.00","NZD","1760412240","23477/2025-12-09/1760412240.json"
"581514","221282","2025-12-09","36.00","NZD","1760412240","23477/2025-12-09/1760412240.json"
"512557","146154","2025-12-09","45.00","NZD","1760412240","23477/2025-12-09/1760412240.json"
"365170","146153","2025-12-09","48.00","NZD","1760412240","23477/2025-12-09/1760412240.json"
"510807","146155","2025-12-09","52.00","NZD","1760412240","23477/2025-12-09/1760412240.json"
"581513","221281","2025-12-10","36.00","NZD","1760412240","23477/2025-12-10/1760412240.json"
"581514","221282","2025-12-10","36.00","NZD","1760412240","23477/2025-12-10/1760412240.json"
"512557","146154","2025-12-10","45.00","NZD","1760412240","23477/2025-12-10/1760412240.json"
"365170","146153","2025-12-10","48.00","NZD","1760412240","23477/2025-12-10/1760412240.json"
"510807","146155","2025-12-10","52.00","NZD","1760412240","23477/2025-12-10/1760412240.json"
"581513","221281","2025-12-11","36.00","NZD","1760412240","23477/2025-12-11/1760412240.json"
"581514","221282","2025-12-11","36.00","NZD","1760412240","23477/2025-12-11/1760412240.json"
"512557","146154","2025-12-11","45.00","NZD","1760412240","23477/2025-12-11/1760412240.json"
"365170","146153","2025-12-11","48.00","NZD","1760412240","23477/2025-12-11/1760412240.json"
"510807","146155","2025-12-11","52.00","NZD","1760412240","23477/2025-12-11/1760412240.json"
"581513","221281","2025-12-12","36.00","NZD","1760412240","23477/2025-12-12/1760412240.json"
"581514","221282","2025-12-12","36.00","NZD","1760412240","23477/2025-12-12/1760412240.json"
"512557","146154","2025-12-12","45.00","NZD","1760412240","23477/2025-12-12/1760412240.json"
"365170","146153","2025-12-12","48.00","NZD","1760412240","23477/2025-12-12/1760412240.json"
"510807","146155","2025-12-12","52.00","NZD","1760412240","23477/2025-12-12/1760412240.json"
"581513","221281","2025-12-13","36.00","NZD","1760412240","23477/2025-12-13/1760412240.json"
"581514","221282","2025-12-13","36.00","NZD","1760412240","23477/2025-12-13/1760412240.json"
"512557","146154","2025-12-13","45.00","NZD","1760412240","23477/2025-12-13/1760412240.json"
"365170","146153","2025-12-13","48.00","NZD","1760412240","23477/2025-12-13/1760412240.json"
"510807","146155","2025-12-13","52.00","NZD","1760412240","23477/2025-12-13/1760412240.json"
"581513","221281","2025-10-15","36.00","NZD","1760417722","23477/2025-10-15/1760417722.json"
"581513","221281","2025-10-16","36.00","NZD","1760417722","23477/2025-10-16/1760417722.json"
"581514","221282","2025-10-15","36.00","NZD","1760417722","23477/2025-10-15/1760417722.json"
"581514","221282","2025-10-16","36.00","NZD","1760417722","23477/2025-10-16/1760417722.json"
"512557","146154","2025-10-15","45.00","NZD","1760417722","23477/2025-10-15/1760417722.json"
"365170","146153","2025-10-15","48.00","NZD","1760417722","23477/2025-10-15/1760417722.json"
"512557","146154","2025-10-16","45.00","NZD","1760417722","23477/2025-10-16/1760417722.json"
"510807","146155","2025-10-15","52.00","NZD","1760417722","23477/2025-10-15/1760417722.json"
"365170","146153","2025-10-16","48.00","NZD","1760417722","23477/2025-10-16/1760417722.json"
"510807","146155","2025-10-16","52.00","NZD","1760417722","23477/2025-10-16/1760417722.json"
"581513","221281","2025-10-17","36.00","NZD","1760417722","23477/2025-10-17/1760417722.json"
"581514","221282","2025-10-17","36.00","NZD","1760417722","23477/2025-10-17/1760417722.json"
"512557","146154","2025-10-17","45.00","NZD","1760417722","23477/2025-10-17/1760417722.json"
"365170","146153","2025-10-17","48.00","NZD","1760417722","23477/2025-10-17/1760417722.json"
"510807","146155","2025-10-17","52.00","NZD","1760417722","23477/2025-10-17/1760417722.json"
"581513","221281","2025-10-14","36.00","NZD","1760417722","23477/2025-10-14/1760417722.json"
"581514","221282","2025-10-14","36.00","NZD","1760417722","23477/2025-10-14/1760417722.json"
"512557","146154","2025-10-14","45.00","NZD","1760417722","23477/2025-10-14/1760417722.json"
"365170","146153","2025-10-14","48.00","NZD","1760417722","23477/2025-10-14/1760417722.json"
"510807","146155","2025-10-14","52.00","NZD","1760417722","23477/2025-10-14/1760417722.json"
"581513","221281","2025-10-18","36.00","NZD","1760417722","23477/2025-10-18/1760417722.json"
"581514","221282","2025-10-18","36.00","NZD","1760417722","23477/2025-10-18/1760417722.json"
"512557","146154","2025-10-18","45.00","NZD","1760417722","23477/2025-10-18/1760417722.json"
"365170","146153","2025-10-18","48.00","NZD","1760417722","23477/2025-10-18/1760417722.json"
"510807","146155","2025-10-18","52.00","NZD","1760417722","23477/2025-10-18/1760417722.json"
"581513","221281","2025-10-19","36.00","NZD","1760417722","23477/2025-10-19/1760417722.json"
"581514","221282","2025-10-19","36.00","NZD","1760417722","23477/2025-10-19/1760417722.json"
"512557","146154","2025-10-19","45.00","NZD","1760417722","23477/2025-10-19/1760417722.json"
"365170","146153","2025-10-19","48.00","NZD","1760417722","23477/2025-10-19/1760417722.json"
"510807","146155","2025-10-19","52.00","NZD","1760417722","23477/2025-10-19/1760417722.json"
"581513","221281","2025-10-20","36.00","NZD","1760417722","23477/2025-10-20/1760417722.json"
"581514","221282","2025-10-20","36.00","NZD","1760417722","23477/2025-10-20/1760417722.json"
"512557","146154","2025-10-20","45.00","NZD","1760417722","23477/2025-10-20/1760417722.json"
"365170","146153","2025-10-20","48.00","NZD","1760417722","23477/2025-10-20/1760417722.json"
"510807","146155","2025-10-20","52.00","NZD","1760417722","23477/2025-10-20/1760417722.json"
"581513","221281","2025-10-21","36.00","NZD","1760417722","23477/2025-10-21/1760417722.json"
"581514","221282","2025-10-21","36.00","NZD","1760417722","23477/2025-10-21/1760417722.json"
"512557","146154","2025-10-21","45.00","NZD","1760417722","23477/2025-10-21/1760417722.json"
"365170","146153","2025-10-21","48.00","NZD","1760417722","23477/2025-10-21/1760417722.json"
"510807","146155","2025-10-21","52.00","NZD","1760417722","23477/2025-10-21/1760417722.json"
"581513","221281","2025-10-22","36.00","NZD","1760417722","23477/2025-10-22/1760417722.json"
"581514","221282","2025-10-22","36.00","NZD","1760417722","23477/2025-10-22/1760417722.json"
"512557","146154","2025-10-22","45.00","NZD","1760417722","23477/2025-10-22/1760417722.json"
"365170","146153","2025-10-22","48.00","NZD","1760417722","23477/2025-10-22/1760417722.json"
"510807","146155","2025-10-22","52.00","NZD","1760417722","23477/2025-10-22/1760417722.json"
"581513","221281","2025-10-24","36.00","NZD","1760417722","23477/2025-10-24/1760417722.json"
"581514","221282","2025-10-24","36.00","NZD","1760417722","23477/2025-10-24/1760417722.json"
"512557","146154","2025-10-24","45.00","NZD","1760417722","23477/2025-10-24/1760417722.json"
"365170","146153","2025-10-24","48.00","NZD","1760417722","23477/2025-10-24/1760417722.json"
"510807","146155","2025-10-24","52.00","NZD","1760417722","23477/2025-10-24/1760417722.json"
"581513","221281","2025-10-23","36.00","NZD","1760417722","23477/2025-10-23/1760417722.json"
"581514","221282","2025-10-23","36.00","NZD","1760417722","23477/2025-10-23/1760417722.json"
"512557","146154","2025-10-23","45.00","NZD","1760417722","23477/2025-10-23/1760417722.json"
"365170","146153","2025-10-23","48.00","NZD","1760417722","23477/2025-10-23/1760417722.json"
"510807","146155","2025-10-23","52.00","NZD","1760417722","23477/2025-10-23/1760417722.json"
"581513","221281","2025-10-25","38.00","NZD","1760417722","23477/2025-10-25/1760417722.json"
"581514","221282","2025-10-25","38.00","NZD","1760417722","23477/2025-10-25/1760417722.json"
"512557","146154","2025-10-25","45.00","NZD","1760417722","23477/2025-10-25/1760417722.json"
"581513","221281","2025-10-27","38.00","NZD","1760417722","23477/2025-10-27/1760417722.json"
"581514","221282","2025-10-27","38.00","NZD","1760417722","23477/2025-10-27/1760417722.json"
"512557","146154","2025-10-27","45.00","NZD","1760417722","23477/2025-10-27/1760417722.json"
"365170","146153","2025-10-27","48.00","NZD","1760417722","23477/2025-10-27/1760417722.json"
"510807","146155","2025-10-27","52.00","NZD","1760417722","23477/2025-10-27/1760417722.json"
"581513","221281","2025-10-28","36.00","NZD","1760417722","23477/2025-10-28/1760417722.json"
"581514","221282","2025-10-28","36.00","NZD","1760417722","23477/2025-10-28/1760417722.json"
"512557","146154","2025-10-28","45.00","NZD","1760417722","23477/2025-10-28/1760417722.json"
"365170","146153","2025-10-28","48.00","NZD","1760417722","23477/2025-10-28/1760417722.json"
"510807","146155","2025-10-28","52.00","NZD","1760417722","23477/2025-10-28/1760417722.json"
"581513","221281","2025-10-29","36.00","NZD","1760417722","23477/2025-10-29/1760417722.json"
"581514","221282","2025-10-29","36.00","NZD","1760417722","23477/2025-10-29/1760417722.json"
"512557","146154","2025-10-29","45.00","NZD","1760417722","23477/2025-10-29/1760417722.json"
"365170","146153","2025-10-29","48.00","NZD","1760417722","23477/2025-10-29/1760417722.json"
"510807","146155","2025-10-29","52.00","NZD","1760417722","23477/2025-10-29/1760417722.json"
"581513","221281","2025-10-26","38.00","NZD","1760417722","23477/2025-10-26/1760417722.json"
"581514","221282","2025-10-26","38.00","NZD","1760417722","23477/2025-10-26/1760417722.json"
"512557","146154","2025-10-26","45.00","NZD","1760417722","23477/2025-10-26/1760417722.json"
"581513","221281","2025-11-01","36.00","NZD","1760417722","23477/2025-11-01/1760417722.json"
"581514","221282","2025-11-01","36.00","NZD","1760417722","23477/2025-11-01/1760417722.json"
"512557","146154","2025-11-01","45.00","NZD","1760417722","23477/2025-11-01/1760417722.json"
"365170","146153","2025-11-01","48.00","NZD","1760417722","23477/2025-11-01/1760417722.json"
"510807","146155","2025-11-01","52.00","NZD","1760417722","23477/2025-11-01/1760417722.json"
"581513","221281","2025-10-30","36.00","NZD","1760417722","23477/2025-10-30/1760417722.json"
"581514","221282","2025-10-30","36.00","NZD","1760417722","23477/2025-10-30/1760417722.json"
"512557","146154","2025-10-30","45.00","NZD","1760417722","23477/2025-10-30/1760417722.json"
"365170","146153","2025-10-30","48.00","NZD","1760417722","23477/2025-10-30/1760417722.json"
"510807","146155","2025-10-30","52.00","NZD","1760417722","23477/2025-10-30/1760417722.json"
"581513","221281","2025-11-02","36.00","NZD","1760417722","23477/2025-11-02/1760417722.json"
"581514","221282","2025-11-02","36.00","NZD","1760417722","23477/2025-11-02/1760417722.json"
"512557","146154","2025-11-02","45.00","NZD","1760417722","23477/2025-11-02/1760417722.json"
"365170","146153","2025-11-02","48.00","NZD","1760417722","23477/2025-11-02/1760417722.json"
"510807","146155","2025-11-02","52.00","NZD","1760417722","23477/2025-11-02/1760417722.json"
"581513","221281","2025-10-31","36.00","NZD","1760417722","23477/2025-10-31/1760417722.json"
"581514","221282","2025-10-31","36.00","NZD","1760417722","23477/2025-10-31/1760417722.json"
"512557","146154","2025-10-31","45.00","NZD","1760417722","23477/2025-10-31/1760417722.json"
"365170","146153","2025-10-31","48.00","NZD","1760417722","23477/2025-10-31/1760417722.json"
"510807","146155","2025-10-31","52.00","NZD","1760417722","23477/2025-10-31/1760417722.json"
"581513","221281","2025-11-04","36.00","NZD","1760417722","23477/2025-11-04/1760417722.json"
"581514","221282","2025-11-04","36.00","NZD","1760417722","23477/2025-11-04/1760417722.json"
"512557","146154","2025-11-04","45.00","NZD","1760417722","23477/2025-11-04/1760417722.json"
"365170","146153","2025-11-04","48.00","NZD","1760417722","23477/2025-11-04/1760417722.json"
"510807","146155","2025-11-04","52.00","NZD","1760417722","23477/2025-11-04/1760417722.json"
"581513","221281","2025-11-03","36.00","NZD","1760417722","23477/2025-11-03/1760417722.json"
"581514","221282","2025-11-03","36.00","NZD","1760417722","23477/2025-11-03/1760417722.json"
"512557","146154","2025-11-03","45.00","NZD","1760417722","23477/2025-11-03/1760417722.json"
"365170","146153","2025-11-03","48.00","NZD","1760417722","23477/2025-11-03/1760417722.json"
"510807","146155","2025-11-03","52.00","NZD","1760417722","23477/2025-11-03/1760417722.json"
"581513","221281","2025-11-05","36.00","NZD","1760417722","23477/2025-11-05/1760417722.json"
"581514","221282","2025-11-05","36.00","NZD","1760417722","23477/2025-11-05/1760417722.json"
"512557","146154","2025-11-05","45.00","NZD","1760417722","23477/2025-11-05/1760417722.json"
"365170","146153","2025-11-05","48.00","NZD","1760417722","23477/2025-11-05/1760417722.json"
"510807","146155","2025-11-05","52.00","NZD","1760417722","23477/2025-11-05/1760417722.json"
"581513","221281","2025-11-06","36.00","NZD","1760417722","23477/2025-11-06/1760417722.json"
"581514","221282","2025-11-06","36.00","NZD","1760417722","23477/2025-11-06/1760417722.json"
"512557","146154","2025-11-06","45.00","NZD","1760417722","23477/2025-11-06/1760417722.json"
"365170","146153","2025-11-06","48.00","NZD","1760417722","23477/2025-11-06/1760417722.json"
"510807","146155","2025-11-06","52.00","NZD","1760417722","23477/2025-11-06/1760417722.json"
"581513","221281","2025-11-08","36.00","NZD","1760417722","23477/2025-11-08/1760417722.json"
"581514","221282","2025-11-08","36.00","NZD","1760417722","23477/2025-11-08/1760417722.json"
"512557","146154","2025-11-08","45.00","NZD","1760417722","23477/2025-11-08/1760417722.json"
"365170","146153","2025-11-08","48.00","NZD","1760417722","23477/2025-11-08/1760417722.json"
"510807","146155","2025-11-08","52.00","NZD","1760417722","23477/2025-11-08/1760417722.json"
"581513","221281","2025-11-07","36.00","NZD","1760417722","23477/2025-11-07/1760417722.json"
"581514","221282","2025-11-07","36.00","NZD","1760417722","23477/2025-11-07/1760417722.json"
"512557","146154","2025-11-07","45.00","NZD","1760417722","23477/2025-11-07/1760417722.json"
"365170","146153","2025-11-07","48.00","NZD","1760417722","23477/2025-11-07/1760417722.json"
"510807","146155","2025-11-07","52.00","NZD","1760417722","23477/2025-11-07/1760417722.json"
"581513","221281","2025-11-09","36.00","NZD","1760417722","23477/2025-11-09/1760417722.json"
"581514","221282","2025-11-09","36.00","NZD","1760417722","23477/2025-11-09/1760417722.json"
"512557","146154","2025-11-09","45.00","NZD","1760417722","23477/2025-11-09/1760417722.json"
"365170","146153","2025-11-09","48.00","NZD","1760417722","23477/2025-11-09/1760417722.json"
"510807","146155","2025-11-09","52.00","NZD","1760417722","23477/2025-11-09/1760417722.json"
"581513","221281","2025-11-10","36.00","NZD","1760417722","23477/2025-11-10/1760417722.json"
"581514","221282","2025-11-10","36.00","NZD","1760417722","23477/2025-11-10/1760417722.json"
"512557","146154","2025-11-10","45.00","NZD","1760417722","23477/2025-11-10/1760417722.json"
"365170","146153","2025-11-10","48.00","NZD","1760417722","23477/2025-11-10/1760417722.json"
"510807","146155","2025-11-10","52.00","NZD","1760417722","23477/2025-11-10/1760417722.json"
"581513","221281","2025-11-13","36.00","NZD","1760417722","23477/2025-11-13/1760417722.json"
"581514","221282","2025-11-13","36.00","NZD","1760417722","23477/2025-11-13/1760417722.json"
"512557","146154","2025-11-13","45.00","NZD","1760417722","23477/2025-11-13/1760417722.json"
"365170","146153","2025-11-13","48.00","NZD","1760417722","23477/2025-11-13/1760417722.json"
"510807","146155","2025-11-13","52.00","NZD","1760417722","23477/2025-11-13/1760417722.json"
"581513","221281","2025-11-11","36.00","NZD","1760417722","23477/2025-11-11/1760417722.json"
"581514","221282","2025-11-11","36.00","NZD","1760417722","23477/2025-11-11/1760417722.json"
"512557","146154","2025-11-11","45.00","NZD","1760417722","23477/2025-11-11/1760417722.json"
"365170","146153","2025-11-11","48.00","NZD","1760417722","23477/2025-11-11/1760417722.json"
"510807","146155","2025-11-11","52.00","NZD","1760417722","23477/2025-11-11/1760417722.json"
"581513","221281","2025-11-12","36.00","NZD","1760417722","23477/2025-11-12/1760417722.json"
"581514","221282","2025-11-12","36.00","NZD","1760417722","23477/2025-11-12/1760417722.json"
"512557","146154","2025-11-12","45.00","NZD","1760417722","23477/2025-11-12/1760417722.json"
"365170","146153","2025-11-12","48.00","NZD","1760417722","23477/2025-11-12/1760417722.json"
"510807","146155","2025-11-12","52.00","NZD","1760417722","23477/2025-11-12/1760417722.json"
"581513","221281","2025-11-14","36.00","NZD","1760417722","23477/2025-11-14/1760417722.json"
"581514","221282","2025-11-14","36.00","NZD","1760417722","23477/2025-11-14/1760417722.json"
"512557","146154","2025-11-14","45.00","NZD","1760417722","23477/2025-11-14/1760417722.json"
"365170","146153","2025-11-14","48.00","NZD","1760417722","23477/2025-11-14/1760417722.json"
"510807","146155","2025-11-14","52.00","NZD","1760417722","23477/2025-11-14/1760417722.json"
"581513","221281","2025-11-16","36.00","NZD","1760417722","23477/2025-11-16/1760417722.json"
"581514","221282","2025-11-16","36.00","NZD","1760417722","23477/2025-11-16/1760417722.json"
"512557","146154","2025-11-16","45.00","NZD","1760417722","23477/2025-11-16/1760417722.json"
"365170","146153","2025-11-16","48.00","NZD","1760417722","23477/2025-11-16/1760417722.json"
"510807","146155","2025-11-16","52.00","NZD","1760417722","23477/2025-11-16/1760417722.json"
"581513","221281","2025-11-15","36.00","NZD","1760417722","23477/2025-11-15/1760417722.json"
"581514","221282","2025-11-15","36.00","NZD","1760417722","23477/2025-11-15/1760417722.json"
"512557","146154","2025-11-15","45.00","NZD","1760417722","23477/2025-11-15/1760417722.json"
"365170","146153","2025-11-15","48.00","NZD","1760417722","23477/2025-11-15/1760417722.json"
"510807","146155","2025-11-15","52.00","NZD","1760417722","23477/2025-11-15/1760417722.json"
"581513","221281","2025-11-17","36.00","NZD","1760417722","23477/2025-11-17/1760417722.json"
"581514","221282","2025-11-17","36.00","NZD","1760417722","23477/2025-11-17/1760417722.json"
"512557","146154","2025-11-17","45.00","NZD","1760417722","23477/2025-11-17/1760417722.json"
"365170","146153","2025-11-17","48.00","NZD","1760417722","23477/2025-11-17/1760417722.json"
"510807","146155","2025-11-17","52.00","NZD","1760417722","23477/2025-11-17/1760417722.json"
"581513","221281","2025-11-18","36.00","NZD","1760417722","23477/2025-11-18/1760417722.json"
"581514","221282","2025-11-18","36.00","NZD","1760417722","23477/2025-11-18/1760417722.json"
"512557","146154","2025-11-18","45.00","NZD","1760417722","23477/2025-11-18/1760417722.json"
"365170","146153","2025-11-18","48.00","NZD","1760417722","23477/2025-11-18/1760417722.json"
"510807","146155","2025-11-18","52.00","NZD","1760417722","23477/2025-11-18/1760417722.json"
"581513","221281","2025-11-19","36.00","NZD","1760417722","23477/2025-11-19/1760417722.json"
"581514","221282","2025-11-19","36.00","NZD","1760417722","23477/2025-11-19/1760417722.json"
"512557","146154","2025-11-19","45.00","NZD","1760417722","23477/2025-11-19/1760417722.json"
"365170","146153","2025-11-19","48.00","NZD","1760417722","23477/2025-11-19/1760417722.json"
"510807","146155","2025-11-19","52.00","NZD","1760417722","23477/2025-11-19/1760417722.json"
"581513","221281","2025-11-20","36.00","NZD","1760417722","23477/2025-11-20/1760417722.json"
"581514","221282","2025-11-20","36.00","NZD","1760417722","23477/2025-11-20/1760417722.json"
"512557","146154","2025-11-20","45.00","NZD","1760417722","23477/2025-11-20/1760417722.json"
"581513","221281","2025-11-21","36.00","NZD","1760417722","23477/2025-11-21/1760417722.json"
"581514","221282","2025-11-21","36.00","NZD","1760417722","23477/2025-11-21/1760417722.json"
"512557","146154","2025-11-21","45.00","NZD","1760417722","23477/2025-11-21/1760417722.json"
"365170","146153","2025-11-21","48.00","NZD","1760417722","23477/2025-11-21/1760417722.json"
"510807","146155","2025-11-21","52.00","NZD","1760417722","23477/2025-11-21/1760417722.json"
"581513","221281","2025-11-22","36.00","NZD","1760417722","23477/2025-11-22/1760417722.json"
"581514","221282","2025-11-22","36.00","NZD","1760417722","23477/2025-11-22/1760417722.json"
"512557","146154","2025-11-22","45.00","NZD","1760417722","23477/2025-11-22/1760417722.json"
"365170","146153","2025-11-22","48.00","NZD","1760417722","23477/2025-11-22/1760417722.json"
"510807","146155","2025-11-22","52.00","NZD","1760417722","23477/2025-11-22/1760417722.json"
"581513","221281","2025-11-24","36.00","NZD","1760417722","23477/2025-11-24/1760417722.json"
"581514","221282","2025-11-24","36.00","NZD","1760417722","23477/2025-11-24/1760417722.json"
"512557","146154","2025-11-24","45.00","NZD","1760417722","23477/2025-11-24/1760417722.json"
"365170","146153","2025-11-24","48.00","NZD","1760417722","23477/2025-11-24/1760417722.json"
"510807","146155","2025-11-24","52.00","NZD","1760417722","23477/2025-11-24/1760417722.json"
"581513","221281","2025-11-23","36.00","NZD","1760417722","23477/2025-11-23/1760417722.json"
"581514","221282","2025-11-23","36.00","NZD","1760417722","23477/2025-11-23/1760417722.json"
"512557","146154","2025-11-23","45.00","NZD","1760417722","23477/2025-11-23/1760417722.json"
"365170","146153","2025-11-23","48.00","NZD","1760417722","23477/2025-11-23/1760417722.json"
"510807","146155","2025-11-23","52.00","NZD","1760417722","23477/2025-11-23/1760417722.json"
"581513","221281","2025-11-25","36.00","NZD","1760417722","23477/2025-11-25/1760417722.json"
"581514","221282","2025-11-25","36.00","NZD","1760417722","23477/2025-11-25/1760417722.json"
"512557","146154","2025-11-25","45.00","NZD","1760417722","23477/2025-11-25/1760417722.json"
"365170","146153","2025-11-25","48.00","NZD","1760417722","23477/2025-11-25/1760417722.json"
"510807","146155","2025-11-25","52.00","NZD","1760417722","23477/2025-11-25/1760417722.json"
"581513","221281","2025-11-26","36.00","NZD","1760417722","23477/2025-11-26/1760417722.json"
"581514","221282","2025-11-26","36.00","NZD","1760417722","23477/2025-11-26/1760417722.json"
"512557","146154","2025-11-26","45.00","NZD","1760417722","23477/2025-11-26/1760417722.json"
"365170","146153","2025-11-26","48.00","NZD","1760417722","23477/2025-11-26/1760417722.json"
"510807","146155","2025-11-26","52.00","NZD","1760417722","23477/2025-11-26/1760417722.json"
"581513","221281","2025-11-27","36.00","NZD","1760417722","23477/2025-11-27/1760417722.json"
"581514","221282","2025-11-27","36.00","NZD","1760417722","23477/2025-11-27/1760417722.json"
"512557","146154","2025-11-27","45.00","NZD","1760417722","23477/2025-11-27/1760417722.json"
"365170","146153","2025-11-27","48.00","NZD","1760417722","23477/2025-11-27/1760417722.json"
"510807","146155","2025-11-27","52.00","NZD","1760417722","23477/2025-11-27/1760417722.json"
"581513","221281","2025-11-29","36.00","NZD","1760417722","23477/2025-11-29/1760417722.json"
"581514","221282","2025-11-29","36.00","NZD","1760417722","23477/2025-11-29/1760417722.json"
"512557","146154","2025-11-29","45.00","NZD","1760417722","23477/2025-11-29/1760417722.json"
"365170","146153","2025-11-29","48.00","NZD","1760417722","23477/2025-11-29/1760417722.json"
"510807","146155","2025-11-29","52.00","NZD","1760417722","23477/2025-11-29/1760417722.json"
"581513","221281","2025-11-28","36.00","NZD","1760417722","23477/2025-11-28/1760417722.json"
"581514","221282","2025-11-28","36.00","NZD","1760417722","23477/2025-11-28/1760417722.json"
"512557","146154","2025-11-28","45.00","NZD","1760417722","23477/2025-11-28/1760417722.json"
"365170","146153","2025-11-28","48.00","NZD","1760417722","23477/2025-11-28/1760417722.json"
"510807","146155","2025-11-28","52.00","NZD","1760417722","23477/2025-11-28/1760417722.json"
"581513","221281","2025-11-30","36.00","NZD","1760417722","23477/2025-11-30/1760417722.json"
"581514","221282","2025-11-30","36.00","NZD","1760417722","23477/2025-11-30/1760417722.json"
"512557","146154","2025-11-30","45.00","NZD","1760417722","23477/2025-11-30/1760417722.json"
"365170","146153","2025-11-30","48.00","NZD","1760417722","23477/2025-11-30/1760417722.json"
"510807","146155","2025-11-30","52.00","NZD","1760417722","23477/2025-11-30/1760417722.json"
"581513","221281","2025-12-01","36.00","NZD","1760417722","23477/2025-12-01/1760417722.json"
"581514","221282","2025-12-01","36.00","NZD","1760417722","23477/2025-12-01/1760417722.json"
"512557","146154","2025-12-01","45.00","NZD","1760417722","23477/2025-12-01/1760417722.json"
"365170","146153","2025-12-01","48.00","NZD","1760417722","23477/2025-12-01/1760417722.json"
"510807","146155","2025-12-01","52.00","NZD","1760417722","23477/2025-12-01/1760417722.json"
"581513","221281","2025-12-04","36.00","NZD","1760417722","23477/2025-12-04/1760417722.json"
"581514","221282","2025-12-04","36.00","NZD","1760417722","23477/2025-12-04/1760417722.json"
"512557","146154","2025-12-04","45.00","NZD","1760417722","23477/2025-12-04/1760417722.json"
"365170","146153","2025-12-04","48.00","NZD","1760417722","23477/2025-12-04/1760417722.json"
"510807","146155","2025-12-04","52.00","NZD","1760417722","23477/2025-12-04/1760417722.json"
"581513","221281","2025-12-03","36.00","NZD","1760417722","23477/2025-12-03/1760417722.json"
"581514","221282","2025-12-03","36.00","NZD","1760417722","23477/2025-12-03/1760417722.json"
"512557","146154","2025-12-03","45.00","NZD","1760417722","23477/2025-12-03/1760417722.json"
"365170","146153","2025-12-03","48.00","NZD","1760417722","23477/2025-12-03/1760417722.json"
"510807","146155","2025-12-03","52.00","NZD","1760417722","23477/2025-12-03/1760417722.json"
"581513","221281","2025-12-05","36.00","NZD","1760417722","23477/2025-12-05/1760417722.json"
"581514","221282","2025-12-05","36.00","NZD","1760417722","23477/2025-12-05/1760417722.json"
"512557","146154","2025-12-05","45.00","NZD","1760417722","23477/2025-12-05/1760417722.json"
"365170","146153","2025-12-05","48.00","NZD","1760417722","23477/2025-12-05/1760417722.json"
"510807","146155","2025-12-05","52.00","NZD","1760417722","23477/2025-12-05/1760417722.json"
"581513","221281","2025-12-02","36.00","NZD","1760417722","23477/2025-12-02/1760417722.json"
"581514","221282","2025-12-02","36.00","NZD","1760417722","23477/2025-12-02/1760417722.json"
"512557","146154","2025-12-02","45.00","NZD","1760417722","23477/2025-12-02/1760417722.json"
"365170","146153","2025-12-02","48.00","NZD","1760417722","23477/2025-12-02/1760417722.json"
"510807","146155","2025-12-02","52.00","NZD","1760417722","23477/2025-12-02/1760417722.json"
"581513","221281","2025-12-07","36.00","NZD","1760417722","23477/2025-12-07/1760417722.json"
"581514","221282","2025-12-07","36.00","NZD","1760417722","23477/2025-12-07/1760417722.json"
"512557","146154","2025-12-07","45.00","NZD","1760417722","23477/2025-12-07/1760417722.json"
"365170","146153","2025-12-07","48.00","NZD","1760417722","23477/2025-12-07/1760417722.json"
"510807","146155","2025-12-07","52.00","NZD","1760417722","23477/2025-12-07/1760417722.json"
"581513","221281","2025-12-08","36.00","NZD","1760417722","23477/2025-12-08/1760417722.json"
"581514","221282","2025-12-08","36.00","NZD","1760417722","23477/2025-12-08/1760417722.json"
"512557","146154","2025-12-08","45.00","NZD","1760417722","23477/2025-12-08/1760417722.json"
"365170","146153","2025-12-08","48.00","NZD","1760417722","23477/2025-12-08/1760417722.json"
"510807","146155","2025-12-08","52.00","NZD","1760417722","23477/2025-12-08/1760417722.json"
"581513","221281","2025-12-06","36.00","NZD","1760417722","23477/2025-12-06/1760417722.json"
"581514","221282","2025-12-06","36.00","NZD","1760417722","23477/2025-12-06/1760417722.json"
"512557","146154","2025-12-06","45.00","NZD","1760417722","23477/2025-12-06/1760417722.json"
"365170","146153","2025-12-06","48.00","NZD","1760417722","23477/2025-12-06/1760417722.json"
"510807","146155","2025-12-06","52.00","NZD","1760417722","23477/2025-12-06/1760417722.json"
"581513","221281","2025-12-09","36.00","NZD","1760417722","23477/2025-12-09/1760417722.json"
"581514","221282","2025-12-09","36.00","NZD","1760417722","23477/2025-12-09/1760417722.json"
"512557","146154","2025-12-09","45.00","NZD","1760417722","23477/2025-12-09/1760417722.json"
"365170","146153","2025-12-09","48.00","NZD","1760417722","23477/2025-12-09/1760417722.json"
"510807","146155","2025-12-09","52.00","NZD","1760417722","23477/2025-12-09/1760417722.json"
"581513","221281","2025-12-10","36.00","NZD","1760417722","23477/2025-12-10/1760417722.json"
"581514","221282","2025-12-10","36.00","NZD","1760417722","23477/2025-12-10/1760417722.json"
"512557","146154","2025-12-10","45.00","NZD","1760417722","23477/2025-12-10/1760417722.json"
"365170","146153","2025-12-10","48.00","NZD","1760417722","23477/2025-12-10/1760417722.json"
"510807","146155","2025-12-10","52.00","NZD","1760417722","23477/2025-12-10/1760417722.json"
"581513","221281","2025-12-12","36.00","NZD","1760417722","23477/2025-12-12/1760417722.json"
"581514","221282","2025-12-12","36.00","NZD","1760417722","23477/2025-12-12/1760417722.json"
"512557","146154","2025-12-12","45.00","NZD","1760417722","23477/2025-12-12/1760417722.json"
"365170","146153","2025-12-12","48.00","NZD","1760417722","23477/2025-12-12/1760417722.json"
"510807","146155","2025-12-12","52.00","NZD","1760417722","23477/2025-12-12/1760417722.json"
"581513","221281","2025-12-13","36.00","NZD","1760417722","23477/2025-12-13/1760417722.json"
"581514","221282","2025-12-13","36.00","NZD","1760417722","23477/2025-12-13/1760417722.json"
"512557","146154","2025-12-13","45.00","NZD","1760417722","23477/2025-12-13/1760417722.json"
"365170","146153","2025-12-13","48.00","NZD","1760417722","23477/2025-12-13/1760417722.json"
"510807","146155","2025-12-13","52.00","NZD","1760417722","23477/2025-12-13/1760417722.json"
"581513","221281","2025-12-11","36.00","NZD","1760417722","23477/2025-12-11/1760417722.json"
"581514","221282","2025-12-11","36.00","NZD","1760417722","23477/2025-12-11/1760417722.json"
"512557","146154","2025-12-11","45.00","NZD","1760417722","23477/2025-12-11/1760417722.json"
"365170","146153","2025-12-11","48.00","NZD","1760417722","23477/2025-12-11/1760417722.json"
"510807","146155","2025-12-11","52.00","NZD","1760417722","23477/2025-12-11/1760417722.json"
"581513","221281","2025-10-15","36.00","NZD","1760432604","23477/2025-10-15/1760432604.json"
"581514","221282","2025-10-15","36.00","NZD","1760432604","23477/2025-10-15/1760432604.json"
"512557","146154","2025-10-15","45.00","NZD","1760432604","23477/2025-10-15/1760432604.json"
"365170","146153","2025-10-15","48.00","NZD","1760432604","23477/2025-10-15/1760432604.json"
"510807","146155","2025-10-15","52.00","NZD","1760432604","23477/2025-10-15/1760432604.json"
"581513","221281","2025-10-16","36.00","NZD","1760432604","23477/2025-10-16/1760432604.json"
"581514","221282","2025-10-16","36.00","NZD","1760432604","23477/2025-10-16/1760432604.json"
"512557","146154","2025-10-16","45.00","NZD","1760432604","23477/2025-10-16/1760432604.json"
"365170","146153","2025-10-16","48.00","NZD","1760432604","23477/2025-10-16/1760432604.json"
"510807","146155","2025-10-16","52.00","NZD","1760432604","23477/2025-10-16/1760432604.json"
"581513","221281","2025-10-17","36.00","NZD","1760432604","23477/2025-10-17/1760432604.json"
"581514","221282","2025-10-17","36.00","NZD","1760432604","23477/2025-10-17/1760432604.json"
"512557","146154","2025-10-17","45.00","NZD","1760432604","23477/2025-10-17/1760432604.json"
"365170","146153","2025-10-17","48.00","NZD","1760432604","23477/2025-10-17/1760432604.json"
"510807","146155","2025-10-17","52.00","NZD","1760432604","23477/2025-10-17/1760432604.json"
"581513","221281","2025-10-14","36.00","NZD","1760432604","23477/2025-10-14/1760432604.json"
"581514","221282","2025-10-14","36.00","NZD","1760432604","23477/2025-10-14/1760432604.json"
"512557","146154","2025-10-14","45.00","NZD","1760432604","23477/2025-10-14/1760432604.json"
"365170","146153","2025-10-14","48.00","NZD","1760432604","23477/2025-10-14/1760432604.json"
"510807","146155","2025-10-14","52.00","NZD","1760432604","23477/2025-10-14/1760432604.json"
"581513","221281","2025-10-18","36.00","NZD","1760432604","23477/2025-10-18/1760432604.json"
"581514","221282","2025-10-18","36.00","NZD","1760432604","23477/2025-10-18/1760432604.json"
"512557","146154","2025-10-18","45.00","NZD","1760432604","23477/2025-10-18/1760432604.json"
"365170","146153","2025-10-18","48.00","NZD","1760432604","23477/2025-10-18/1760432604.json"
"510807","146155","2025-10-18","52.00","NZD","1760432604","23477/2025-10-18/1760432604.json"
"581513","221281","2025-10-19","36.00","NZD","1760432604","23477/2025-10-19/1760432604.json"
"581514","221282","2025-10-19","36.00","NZD","1760432604","23477/2025-10-19/1760432604.json"
"512557","146154","2025-10-19","45.00","NZD","1760432604","23477/2025-10-19/1760432604.json"
"365170","146153","2025-10-19","48.00","NZD","1760432604","23477/2025-10-19/1760432604.json"
"510807","146155","2025-10-19","52.00","NZD","1760432604","23477/2025-10-19/1760432604.json"
"581513","221281","2025-10-20","36.00","NZD","1760432604","23477/2025-10-20/1760432604.json"
"581514","221282","2025-10-20","36.00","NZD","1760432604","23477/2025-10-20/1760432604.json"
"512557","146154","2025-10-20","45.00","NZD","1760432604","23477/2025-10-20/1760432604.json"
"365170","146153","2025-10-20","48.00","NZD","1760432604","23477/2025-10-20/1760432604.json"
"510807","146155","2025-10-20","52.00","NZD","1760432604","23477/2025-10-20/1760432604.json"
"581513","221281","2025-10-21","36.00","NZD","1760432604","23477/2025-10-21/1760432604.json"
"581514","221282","2025-10-21","36.00","NZD","1760432604","23477/2025-10-21/1760432604.json"
"512557","146154","2025-10-21","45.00","NZD","1760432604","23477/2025-10-21/1760432604.json"
"365170","146153","2025-10-21","48.00","NZD","1760432604","23477/2025-10-21/1760432604.json"
"510807","146155","2025-10-21","52.00","NZD","1760432604","23477/2025-10-21/1760432604.json"
"581513","221281","2025-10-23","36.00","NZD","1760432604","23477/2025-10-23/1760432604.json"
"581514","221282","2025-10-23","36.00","NZD","1760432604","23477/2025-10-23/1760432604.json"
"512557","146154","2025-10-23","45.00","NZD","1760432604","23477/2025-10-23/1760432604.json"
"365170","146153","2025-10-23","48.00","NZD","1760432604","23477/2025-10-23/1760432604.json"
"510807","146155","2025-10-23","52.00","NZD","1760432604","23477/2025-10-23/1760432604.json"
"581513","221281","2025-10-22","36.00","NZD","1760432604","23477/2025-10-22/1760432604.json"
"581514","221282","2025-10-22","36.00","NZD","1760432604","23477/2025-10-22/1760432604.json"
"512557","146154","2025-10-22","45.00","NZD","1760432604","23477/2025-10-22/1760432604.json"
"365170","146153","2025-10-22","48.00","NZD","1760432604","23477/2025-10-22/1760432604.json"
"510807","146155","2025-10-22","52.00","NZD","1760432604","23477/2025-10-22/1760432604.json"
"581513","221281","2025-10-24","36.00","NZD","1760432604","23477/2025-10-24/1760432604.json"
"581514","221282","2025-10-24","36.00","NZD","1760432604","23477/2025-10-24/1760432604.json"
"512557","146154","2025-10-24","45.00","NZD","1760432604","23477/2025-10-24/1760432604.json"
"365170","146153","2025-10-24","48.00","NZD","1760432604","23477/2025-10-24/1760432604.json"
"510807","146155","2025-10-24","52.00","NZD","1760432604","23477/2025-10-24/1760432604.json"
"581513","221281","2025-10-25","38.00","NZD","1760432604","23477/2025-10-25/1760432604.json"
"581514","221282","2025-10-25","38.00","NZD","1760432604","23477/2025-10-25/1760432604.json"
"512557","146154","2025-10-25","45.00","NZD","1760432604","23477/2025-10-25/1760432604.json"
"581513","221281","2025-10-26","38.00","NZD","1760432604","23477/2025-10-26/1760432604.json"
"581514","221282","2025-10-26","38.00","NZD","1760432604","23477/2025-10-26/1760432604.json"
"512557","146154","2025-10-26","45.00","NZD","1760432604","23477/2025-10-26/1760432604.json"
"581513","221281","2025-10-28","36.00","NZD","1760432604","23477/2025-10-28/1760432604.json"
"581514","221282","2025-10-28","36.00","NZD","1760432604","23477/2025-10-28/1760432604.json"
"512557","146154","2025-10-28","45.00","NZD","1760432604","23477/2025-10-28/1760432604.json"
"365170","146153","2025-10-28","48.00","NZD","1760432604","23477/2025-10-28/1760432604.json"
"510807","146155","2025-10-28","52.00","NZD","1760432604","23477/2025-10-28/1760432604.json"
"581513","221281","2025-10-27","38.00","NZD","1760432604","23477/2025-10-27/1760432604.json"
"581514","221282","2025-10-27","38.00","NZD","1760432604","23477/2025-10-27/1760432604.json"
"512557","146154","2025-10-27","45.00","NZD","1760432604","23477/2025-10-27/1760432604.json"
"365170","146153","2025-10-27","48.00","NZD","1760432604","23477/2025-10-27/1760432604.json"
"510807","146155","2025-10-27","52.00","NZD","1760432604","23477/2025-10-27/1760432604.json"
"581513","221281","2025-10-29","36.00","NZD","1760432604","23477/2025-10-29/1760432604.json"
"581514","221282","2025-10-29","36.00","NZD","1760432604","23477/2025-10-29/1760432604.json"
"512557","146154","2025-10-29","45.00","NZD","1760432604","23477/2025-10-29/1760432604.json"
"365170","146153","2025-10-29","48.00","NZD","1760432604","23477/2025-10-29/1760432604.json"
"510807","146155","2025-10-29","52.00","NZD","1760432604","23477/2025-10-29/1760432604.json"
"581513","221281","2025-10-31","36.00","NZD","1760432604","23477/2025-10-31/1760432604.json"
"581514","221282","2025-10-31","36.00","NZD","1760432604","23477/2025-10-31/1760432604.json"
"512557","146154","2025-10-31","45.00","NZD","1760432604","23477/2025-10-31/1760432604.json"
"365170","146153","2025-10-31","48.00","NZD","1760432604","23477/2025-10-31/1760432604.json"
"510807","146155","2025-10-31","52.00","NZD","1760432604","23477/2025-10-31/1760432604.json"
"581513","221281","2025-11-01","36.00","NZD","1760432604","23477/2025-11-01/1760432604.json"
"581514","221282","2025-11-01","36.00","NZD","1760432604","23477/2025-11-01/1760432604.json"
"512557","146154","2025-11-01","45.00","NZD","1760432604","23477/2025-11-01/1760432604.json"
"365170","146153","2025-11-01","48.00","NZD","1760432604","23477/2025-11-01/1760432604.json"
"510807","146155","2025-11-01","52.00","NZD","1760432604","23477/2025-11-01/1760432604.json"
"581513","221281","2025-10-30","36.00","NZD","1760432604","23477/2025-10-30/1760432604.json"
"581514","221282","2025-10-30","36.00","NZD","1760432604","23477/2025-10-30/1760432604.json"
"512557","146154","2025-10-30","45.00","NZD","1760432604","23477/2025-10-30/1760432604.json"
"365170","146153","2025-10-30","48.00","NZD","1760432604","23477/2025-10-30/1760432604.json"
"510807","146155","2025-10-30","52.00","NZD","1760432604","23477/2025-10-30/1760432604.json"
"581513","221281","2025-11-02","36.00","NZD","1760432604","23477/2025-11-02/1760432604.json"
"581514","221282","2025-11-02","36.00","NZD","1760432604","23477/2025-11-02/1760432604.json"
"512557","146154","2025-11-02","45.00","NZD","1760432604","23477/2025-11-02/1760432604.json"
"365170","146153","2025-11-02","48.00","NZD","1760432604","23477/2025-11-02/1760432604.json"
"510807","146155","2025-11-02","52.00","NZD","1760432604","23477/2025-11-02/1760432604.json"
"581513","221281","2025-11-05","36.00","NZD","1760432604","23477/2025-11-05/1760432604.json"
"581514","221282","2025-11-05","36.00","NZD","1760432604","23477/2025-11-05/1760432604.json"
"512557","146154","2025-11-05","45.00","NZD","1760432604","23477/2025-11-05/1760432604.json"
"365170","146153","2025-11-05","48.00","NZD","1760432604","23477/2025-11-05/1760432604.json"
"510807","146155","2025-11-05","52.00","NZD","1760432604","23477/2025-11-05/1760432604.json"
"581513","221281","2025-11-03","36.00","NZD","1760432604","23477/2025-11-03/1760432604.json"
"581514","221282","2025-11-03","36.00","NZD","1760432604","23477/2025-11-03/1760432604.json"
"512557","146154","2025-11-03","45.00","NZD","1760432604","23477/2025-11-03/1760432604.json"
"365170","146153","2025-11-03","48.00","NZD","1760432604","23477/2025-11-03/1760432604.json"
"510807","146155","2025-11-03","52.00","NZD","1760432604","23477/2025-11-03/1760432604.json"
"581513","221281","2025-11-04","36.00","NZD","1760432604","23477/2025-11-04/1760432604.json"
"581514","221282","2025-11-04","36.00","NZD","1760432604","23477/2025-11-04/1760432604.json"
"512557","146154","2025-11-04","45.00","NZD","1760432604","23477/2025-11-04/1760432604.json"
"365170","146153","2025-11-04","48.00","NZD","1760432604","23477/2025-11-04/1760432604.json"
"510807","146155","2025-11-04","52.00","NZD","1760432604","23477/2025-11-04/1760432604.json"
"581513","221281","2025-11-06","36.00","NZD","1760432604","23477/2025-11-06/1760432604.json"
"581514","221282","2025-11-06","36.00","NZD","1760432604","23477/2025-11-06/1760432604.json"
"512557","146154","2025-11-06","45.00","NZD","1760432604","23477/2025-11-06/1760432604.json"
"365170","146153","2025-11-06","48.00","NZD","1760432604","23477/2025-11-06/1760432604.json"
"510807","146155","2025-11-06","52.00","NZD","1760432604","23477/2025-11-06/1760432604.json"
"581513","221281","2025-11-07","36.00","NZD","1760432604","23477/2025-11-07/1760432604.json"
"581514","221282","2025-11-07","36.00","NZD","1760432604","23477/2025-11-07/1760432604.json"
"512557","146154","2025-11-07","45.00","NZD","1760432604","23477/2025-11-07/1760432604.json"
"365170","146153","2025-11-07","48.00","NZD","1760432604","23477/2025-11-07/1760432604.json"
"510807","146155","2025-11-07","52.00","NZD","1760432604","23477/2025-11-07/1760432604.json"
"581513","221281","2025-11-09","36.00","NZD","1760432604","23477/2025-11-09/1760432604.json"
"581514","221282","2025-11-09","36.00","NZD","1760432604","23477/2025-11-09/1760432604.json"
"512557","146154","2025-11-09","45.00","NZD","1760432604","23477/2025-11-09/1760432604.json"
"365170","146153","2025-11-09","48.00","NZD","1760432604","23477/2025-11-09/1760432604.json"
"510807","146155","2025-11-09","52.00","NZD","1760432604","23477/2025-11-09/1760432604.json"
"581513","221281","2025-11-10","36.00","NZD","1760432604","23477/2025-11-10/1760432604.json"
"581514","221282","2025-11-10","36.00","NZD","1760432604","23477/2025-11-10/1760432604.json"
"512557","146154","2025-11-10","45.00","NZD","1760432604","23477/2025-11-10/1760432604.json"
"365170","146153","2025-11-10","48.00","NZD","1760432604","23477/2025-11-10/1760432604.json"
"510807","146155","2025-11-10","52.00","NZD","1760432604","23477/2025-11-10/1760432604.json"
"581513","221281","2025-11-08","36.00","NZD","1760432604","23477/2025-11-08/1760432604.json"
"581514","221282","2025-11-08","36.00","NZD","1760432604","23477/2025-11-08/1760432604.json"
"512557","146154","2025-11-08","45.00","NZD","1760432604","23477/2025-11-08/1760432604.json"
"365170","146153","2025-11-08","48.00","NZD","1760432604","23477/2025-11-08/1760432604.json"
"510807","146155","2025-11-08","52.00","NZD","1760432604","23477/2025-11-08/1760432604.json"
"581513","221281","2025-11-11","36.00","NZD","1760432604","23477/2025-11-11/1760432604.json"
"581514","221282","2025-11-11","36.00","NZD","1760432604","23477/2025-11-11/1760432604.json"
"512557","146154","2025-11-11","45.00","NZD","1760432604","23477/2025-11-11/1760432604.json"
"365170","146153","2025-11-11","48.00","NZD","1760432604","23477/2025-11-11/1760432604.json"
"510807","146155","2025-11-11","52.00","NZD","1760432604","23477/2025-11-11/1760432604.json"
"581513","221281","2025-11-12","36.00","NZD","1760432604","23477/2025-11-12/1760432604.json"
"581514","221282","2025-11-12","36.00","NZD","1760432604","23477/2025-11-12/1760432604.json"
"512557","146154","2025-11-12","45.00","NZD","1760432604","23477/2025-11-12/1760432604.json"
"365170","146153","2025-11-12","48.00","NZD","1760432604","23477/2025-11-12/1760432604.json"
"510807","146155","2025-11-12","52.00","NZD","1760432604","23477/2025-11-12/1760432604.json"
"581513","221281","2025-11-14","36.00","NZD","1760432604","23477/2025-11-14/1760432604.json"
"581514","221282","2025-11-14","36.00","NZD","1760432604","23477/2025-11-14/1760432604.json"
"512557","146154","2025-11-14","45.00","NZD","1760432604","23477/2025-11-14/1760432604.json"
"365170","146153","2025-11-14","48.00","NZD","1760432604","23477/2025-11-14/1760432604.json"
"510807","146155","2025-11-14","52.00","NZD","1760432604","23477/2025-11-14/1760432604.json"
"581513","221281","2025-11-13","36.00","NZD","1760432604","23477/2025-11-13/1760432604.json"
"581514","221282","2025-11-13","36.00","NZD","1760432604","23477/2025-11-13/1760432604.json"
"512557","146154","2025-11-13","45.00","NZD","1760432604","23477/2025-11-13/1760432604.json"
"365170","146153","2025-11-13","48.00","NZD","1760432604","23477/2025-11-13/1760432604.json"
"510807","146155","2025-11-13","52.00","NZD","1760432604","23477/2025-11-13/1760432604.json"
"581513","221281","2025-11-15","36.00","NZD","1760432604","23477/2025-11-15/1760432604.json"
"581514","221282","2025-11-15","36.00","NZD","1760432604","23477/2025-11-15/1760432604.json"
"512557","146154","2025-11-15","45.00","NZD","1760432604","23477/2025-11-15/1760432604.json"
"365170","146153","2025-11-15","48.00","NZD","1760432604","23477/2025-11-15/1760432604.json"
"510807","146155","2025-11-15","52.00","NZD","1760432604","23477/2025-11-15/1760432604.json"
"581513","221281","2025-11-17","36.00","NZD","1760432604","23477/2025-11-17/1760432604.json"
"581514","221282","2025-11-17","36.00","NZD","1760432604","23477/2025-11-17/1760432604.json"
"512557","146154","2025-11-17","45.00","NZD","1760432604","23477/2025-11-17/1760432604.json"
"365170","146153","2025-11-17","48.00","NZD","1760432604","23477/2025-11-17/1760432604.json"
"510807","146155","2025-11-17","52.00","NZD","1760432604","23477/2025-11-17/1760432604.json"
"581513","221281","2025-11-16","36.00","NZD","1760432604","23477/2025-11-16/1760432604.json"
"581514","221282","2025-11-16","36.00","NZD","1760432604","23477/2025-11-16/1760432604.json"
"512557","146154","2025-11-16","45.00","NZD","1760432604","23477/2025-11-16/1760432604.json"
"365170","146153","2025-11-16","48.00","NZD","1760432604","23477/2025-11-16/1760432604.json"
"510807","146155","2025-11-16","52.00","NZD","1760432604","23477/2025-11-16/1760432604.json"
"581513","221281","2025-11-18","36.00","NZD","1760432604","23477/2025-11-18/1760432604.json"
"581514","221282","2025-11-18","36.00","NZD","1760432604","23477/2025-11-18/1760432604.json"
"512557","146154","2025-11-18","45.00","NZD","1760432604","23477/2025-11-18/1760432604.json"
"365170","146153","2025-11-18","48.00","NZD","1760432604","23477/2025-11-18/1760432604.json"
"510807","146155","2025-11-18","52.00","NZD","1760432604","23477/2025-11-18/1760432604.json"
"581513","221281","2025-11-19","36.00","NZD","1760432604","23477/2025-11-19/1760432604.json"
"581514","221282","2025-11-19","36.00","NZD","1760432604","23477/2025-11-19/1760432604.json"
"512557","146154","2025-11-19","45.00","NZD","1760432604","23477/2025-11-19/1760432604.json"
"365170","146153","2025-11-19","48.00","NZD","1760432604","23477/2025-11-19/1760432604.json"
"510807","146155","2025-11-19","52.00","NZD","1760432604","23477/2025-11-19/1760432604.json"
"581513","221281","2025-11-20","36.00","NZD","1760432604","23477/2025-11-20/1760432604.json"
"581514","221282","2025-11-20","36.00","NZD","1760432604","23477/2025-11-20/1760432604.json"
"512557","146154","2025-11-20","45.00","NZD","1760432604","23477/2025-11-20/1760432604.json"
"581513","221281","2025-11-21","36.00","NZD","1760432604","23477/2025-11-21/1760432604.json"
"581514","221282","2025-11-21","36.00","NZD","1760432604","23477/2025-11-21/1760432604.json"
"512557","146154","2025-11-21","45.00","NZD","1760432604","23477/2025-11-21/1760432604.json"
"365170","146153","2025-11-21","48.00","NZD","1760432604","23477/2025-11-21/1760432604.json"
"510807","146155","2025-11-21","52.00","NZD","1760432604","23477/2025-11-21/1760432604.json"
"581513","221281","2025-11-22","36.00","NZD","1760432604","23477/2025-11-22/1760432604.json"
"581514","221282","2025-11-22","36.00","NZD","1760432604","23477/2025-11-22/1760432604.json"
"512557","146154","2025-11-22","45.00","NZD","1760432604","23477/2025-11-22/1760432604.json"
"365170","146153","2025-11-22","48.00","NZD","1760432604","23477/2025-11-22/1760432604.json"
"510807","146155","2025-11-22","52.00","NZD","1760432604","23477/2025-11-22/1760432604.json"
"581513","221281","2025-11-23","36.00","NZD","1760432604","23477/2025-11-23/1760432604.json"
"581514","221282","2025-11-23","36.00","NZD","1760432604","23477/2025-11-23/1760432604.json"
"512557","146154","2025-11-23","45.00","NZD","1760432604","23477/2025-11-23/1760432604.json"
"365170","146153","2025-11-23","48.00","NZD","1760432604","23477/2025-11-23/1760432604.json"
"510807","146155","2025-11-23","52.00","NZD","1760432604","23477/2025-11-23/1760432604.json"
"581513","221281","2025-11-25","36.00","NZD","1760432604","23477/2025-11-25/1760432604.json"
"581514","221282","2025-11-25","36.00","NZD","1760432604","23477/2025-11-25/1760432604.json"
"512557","146154","2025-11-25","45.00","NZD","1760432604","23477/2025-11-25/1760432604.json"
"365170","146153","2025-11-25","48.00","NZD","1760432604","23477/2025-11-25/1760432604.json"
"510807","146155","2025-11-25","52.00","NZD","1760432604","23477/2025-11-25/1760432604.json"
"581513","221281","2025-11-24","36.00","NZD","1760432604","23477/2025-11-24/1760432604.json"
"581514","221282","2025-11-24","36.00","NZD","1760432604","23477/2025-11-24/1760432604.json"
"512557","146154","2025-11-24","45.00","NZD","1760432604","23477/2025-11-24/1760432604.json"
"365170","146153","2025-11-24","48.00","NZD","1760432604","23477/2025-11-24/1760432604.json"
"510807","146155","2025-11-24","52.00","NZD","1760432604","23477/2025-11-24/1760432604.json"
"581513","221281","2025-11-26","36.00","NZD","1760432604","23477/2025-11-26/1760432604.json"
"581514","221282","2025-11-26","36.00","NZD","1760432604","23477/2025-11-26/1760432604.json"
"512557","146154","2025-11-26","45.00","NZD","1760432604","23477/2025-11-26/1760432604.json"
"365170","146153","2025-11-26","48.00","NZD","1760432604","23477/2025-11-26/1760432604.json"
"510807","146155","2025-11-26","52.00","NZD","1760432604","23477/2025-11-26/1760432604.json"
"581513","221281","2025-11-27","36.00","NZD","1760432604","23477/2025-11-27/1760432604.json"
"581514","221282","2025-11-27","36.00","NZD","1760432604","23477/2025-11-27/1760432604.json"
"512557","146154","2025-11-27","45.00","NZD","1760432604","23477/2025-11-27/1760432604.json"
"365170","146153","2025-11-27","48.00","NZD","1760432604","23477/2025-11-27/1760432604.json"
"510807","146155","2025-11-27","52.00","NZD","1760432604","23477/2025-11-27/1760432604.json"
"581513","221281","2025-11-29","36.00","NZD","1760432604","23477/2025-11-29/1760432604.json"
"581514","221282","2025-11-29","36.00","NZD","1760432604","23477/2025-11-29/1760432604.json"
"512557","146154","2025-11-29","45.00","NZD","1760432604","23477/2025-11-29/1760432604.json"
"365170","146153","2025-11-29","48.00","NZD","1760432604","23477/2025-11-29/1760432604.json"
"510807","146155","2025-11-29","52.00","NZD","1760432604","23477/2025-11-29/1760432604.json"
"581513","221281","2025-11-30","36.00","NZD","1760432604","23477/2025-11-30/1760432604.json"
"581514","221282","2025-11-30","36.00","NZD","1760432604","23477/2025-11-30/1760432604.json"
"512557","146154","2025-11-30","45.00","NZD","1760432604","23477/2025-11-30/1760432604.json"
"365170","146153","2025-11-30","48.00","NZD","1760432604","23477/2025-11-30/1760432604.json"
"510807","146155","2025-11-30","52.00","NZD","1760432604","23477/2025-11-30/1760432604.json"
"581513","221281","2025-11-28","36.00","NZD","1760432604","23477/2025-11-28/1760432604.json"
"581514","221282","2025-11-28","36.00","NZD","1760432604","23477/2025-11-28/1760432604.json"
"512557","146154","2025-11-28","45.00","NZD","1760432604","23477/2025-11-28/1760432604.json"
"365170","146153","2025-11-28","48.00","NZD","1760432604","23477/2025-11-28/1760432604.json"
"510807","146155","2025-11-28","52.00","NZD","1760432604","23477/2025-11-28/1760432604.json"
"581513","221281","2025-12-02","36.00","NZD","1760432604","23477/2025-12-02/1760432604.json"
"581514","221282","2025-12-02","36.00","NZD","1760432604","23477/2025-12-02/1760432604.json"
"512557","146154","2025-12-02","45.00","NZD","1760432604","23477/2025-12-02/1760432604.json"
"365170","146153","2025-12-02","48.00","NZD","1760432604","23477/2025-12-02/1760432604.json"
"510807","146155","2025-12-02","52.00","NZD","1760432604","23477/2025-12-02/1760432604.json"
"581513","221281","2025-12-01","36.00","NZD","1760432604","23477/2025-12-01/1760432604.json"
"581514","221282","2025-12-01","36.00","NZD","1760432604","23477/2025-12-01/1760432604.json"
"512557","146154","2025-12-01","45.00","NZD","1760432604","23477/2025-12-01/1760432604.json"
"365170","146153","2025-12-01","48.00","NZD","1760432604","23477/2025-12-01/1760432604.json"
"510807","146155","2025-12-01","52.00","NZD","1760432604","23477/2025-12-01/1760432604.json"
"581513","221281","2025-12-03","36.00","NZD","1760432604","23477/2025-12-03/1760432604.json"
"581514","221282","2025-12-03","36.00","NZD","1760432604","23477/2025-12-03/1760432604.json"
"512557","146154","2025-12-03","45.00","NZD","1760432604","23477/2025-12-03/1760432604.json"
"365170","146153","2025-12-03","48.00","NZD","1760432604","23477/2025-12-03/1760432604.json"
"510807","146155","2025-12-03","52.00","NZD","1760432604","23477/2025-12-03/1760432604.json"
"581513","221281","2025-12-04","36.00","NZD","1760432604","23477/2025-12-04/1760432604.json"
"581514","221282","2025-12-04","36.00","NZD","1760432604","23477/2025-12-04/1760432604.json"
"512557","146154","2025-12-04","45.00","NZD","1760432604","23477/2025-12-04/1760432604.json"
"365170","146153","2025-12-04","48.00","NZD","1760432604","23477/2025-12-04/1760432604.json"
"510807","146155","2025-12-04","52.00","NZD","1760432604","23477/2025-12-04/1760432604.json"
"581513","221281","2025-12-05","36.00","NZD","1760432604","23477/2025-12-05/1760432604.json"
"581514","221282","2025-12-05","36.00","NZD","1760432604","23477/2025-12-05/1760432604.json"
"512557","146154","2025-12-05","45.00","NZD","1760432604","23477/2025-12-05/1760432604.json"
"365170","146153","2025-12-05","48.00","NZD","1760432604","23477/2025-12-05/1760432604.json"
"510807","146155","2025-12-05","52.00","NZD","1760432604","23477/2025-12-05/1760432604.json"
"581513","221281","2025-12-06","36.00","NZD","1760432604","23477/2025-12-06/1760432604.json"
"581514","221282","2025-12-06","36.00","NZD","1760432604","23477/2025-12-06/1760432604.json"
"512557","146154","2025-12-06","45.00","NZD","1760432604","23477/2025-12-06/1760432604.json"
"365170","146153","2025-12-06","48.00","NZD","1760432604","23477/2025-12-06/1760432604.json"
"510807","146155","2025-12-06","52.00","NZD","1760432604","23477/2025-12-06/1760432604.json"
"581513","221281","2025-12-07","36.00","NZD","1760432604","23477/2025-12-07/1760432604.json"
"581514","221282","2025-12-07","36.00","NZD","1760432604","23477/2025-12-07/1760432604.json"
"512557","146154","2025-12-07","45.00","NZD","1760432604","23477/2025-12-07/1760432604.json"
"365170","146153","2025-12-07","48.00","NZD","1760432604","23477/2025-12-07/1760432604.json"
"510807","146155","2025-12-07","52.00","NZD","1760432604","23477/2025-12-07/1760432604.json"
"581513","221281","2025-12-08","36.00","NZD","1760432604","23477/2025-12-08/1760432604.json"
"581514","221282","2025-12-08","36.00","NZD","1760432604","23477/2025-12-08/1760432604.json"
"512557","146154","2025-12-08","45.00","NZD","1760432604","23477/2025-12-08/1760432604.json"
"365170","146153","2025-12-08","48.00","NZD","1760432604","23477/2025-12-08/1760432604.json"
"510807","146155","2025-12-08","52.00","NZD","1760432604","23477/2025-12-08/1760432604.json"
"581513","221281","2025-12-09","36.00","NZD","1760432604","23477/2025-12-09/1760432604.json"
"581514","221282","2025-12-09","36.00","NZD","1760432604","23477/2025-12-09/1760432604.json"
"512557","146154","2025-12-09","45.00","NZD","1760432604","23477/2025-12-09/1760432604.json"
"365170","146153","2025-12-09","48.00","NZD","1760432604","23477/2025-12-09/1760432604.json"
"510807","146155","2025-12-09","52.00","NZD","1760432604","23477/2025-12-09/1760432604.json"
"581513","221281","2025-12-10","36.00","NZD","1760432604","23477/2025-12-10/1760432604.json"
"581514","221282","2025-12-10","36.00","NZD","1760432604","23477/2025-12-10/1760432604.json"
"512557","146154","2025-12-10","45.00","NZD","1760432604","23477/2025-12-10/1760432604.json"
"365170","146153","2025-12-10","48.00","NZD","1760432604","23477/2025-12-10/1760432604.json"
"510807","146155","2025-12-10","52.00","NZD","1760432604","23477/2025-12-10/1760432604.json"
"581513","221281","2025-12-11","36.00","NZD","1760432604","23477/2025-12-11/1760432604.json"
"581514","221282","2025-12-11","36.00","NZD","1760432604","23477/2025-12-11/1760432604.json"
"512557","146154","2025-12-11","45.00","NZD","1760432604","23477/2025-12-11/1760432604.json"
"365170","146153","2025-12-11","48.00","NZD","1760432604","23477/2025-12-11/1760432604.json"
"510807","146155","2025-12-11","52.00","NZD","1760432604","23477/2025-12-11/1760432604.json"
"581513","221281","2025-12-12","36.00","NZD","1760432604","23477/2025-12-12/1760432604.json"
"581514","221282","2025-12-12","36.00","NZD","1760432604","23477/2025-12-12/1760432604.json"
"512557","146154","2025-12-12","45.00","NZD","1760432604","23477/2025-12-12/1760432604.json"
"365170","146153","2025-12-12","48.00","NZD","1760432604","23477/2025-12-12/1760432604.json"
"510807","146155","2025-12-12","52.00","NZD","1760432604","23477/2025-12-12/1760432604.json"
"581513","221281","2025-12-13","36.00","NZD","1760432604","23477/2025-12-13/1760432604.json"
"581514","221282","2025-12-13","36.00","NZD","1760432604","23477/2025-12-13/1760432604.json"
"512557","146154","2025-12-13","45.00","NZD","1760432604","23477/2025-12-13/1760432604.json"
"365170","146153","2025-12-13","48.00","NZD","1760432604","23477/2025-12-13/1760432604.json"
"510807","146155","2025-12-13","52.00","NZD","1760432604","23477/2025-12-13/1760432604.json"
"581513","221281","2025-10-17","36.00","NZD","1760449944","23477/2025-10-17/1760449944.json"
"581514","221282","2025-10-17","36.00","NZD","1760449944","23477/2025-10-17/1760449944.json"
"512557","146154","2025-10-17","45.00","NZD","1760449944","23477/2025-10-17/1760449944.json"
"365170","146153","2025-10-17","48.00","NZD","1760449944","23477/2025-10-17/1760449944.json"
"510807","146155","2025-10-17","52.00","NZD","1760449944","23477/2025-10-17/1760449944.json"
"581513","221281","2025-10-16","36.00","NZD","1760449944","23477/2025-10-16/1760449944.json"
"581514","221282","2025-10-16","36.00","NZD","1760449944","23477/2025-10-16/1760449944.json"
"512557","146154","2025-10-16","45.00","NZD","1760449944","23477/2025-10-16/1760449944.json"
"365170","146153","2025-10-16","48.00","NZD","1760449944","23477/2025-10-16/1760449944.json"
"510807","146155","2025-10-16","52.00","NZD","1760449944","23477/2025-10-16/1760449944.json"
"581513","221281","2025-10-15","36.00","NZD","1760449944","23477/2025-10-15/1760449944.json"
"581514","221282","2025-10-15","36.00","NZD","1760449944","23477/2025-10-15/1760449944.json"
"512557","146154","2025-10-15","45.00","NZD","1760449944","23477/2025-10-15/1760449944.json"
"365170","146153","2025-10-15","48.00","NZD","1760449944","23477/2025-10-15/1760449944.json"
"510807","146155","2025-10-15","52.00","NZD","1760449944","23477/2025-10-15/1760449944.json"
"581513","221281","2025-10-18","36.00","NZD","1760449944","23477/2025-10-18/1760449944.json"
"581514","221282","2025-10-18","36.00","NZD","1760449944","23477/2025-10-18/1760449944.json"
"512557","146154","2025-10-18","45.00","NZD","1760449944","23477/2025-10-18/1760449944.json"
"365170","146153","2025-10-18","48.00","NZD","1760449944","23477/2025-10-18/1760449944.json"
"510807","146155","2025-10-18","52.00","NZD","1760449944","23477/2025-10-18/1760449944.json"
"581513","221281","2025-10-19","36.00","NZD","1760449944","23477/2025-10-19/1760449944.json"
"581514","221282","2025-10-19","36.00","NZD","1760449944","23477/2025-10-19/1760449944.json"
"512557","146154","2025-10-19","45.00","NZD","1760449944","23477/2025-10-19/1760449944.json"
"365170","146153","2025-10-19","48.00","NZD","1760449944","23477/2025-10-19/1760449944.json"
"510807","146155","2025-10-19","52.00","NZD","1760449944","23477/2025-10-19/1760449944.json"
"581513","221281","2025-10-21","36.00","NZD","1760449944","23477/2025-10-21/1760449944.json"
"581514","221282","2025-10-21","36.00","NZD","1760449944","23477/2025-10-21/1760449944.json"
"512557","146154","2025-10-21","45.00","NZD","1760449944","23477/2025-10-21/1760449944.json"
"365170","146153","2025-10-21","48.00","NZD","1760449944","23477/2025-10-21/1760449944.json"
"510807","146155","2025-10-21","52.00","NZD","1760449944","23477/2025-10-21/1760449944.json"
"581513","221281","2025-10-20","36.00","NZD","1760449944","23477/2025-10-20/1760449944.json"
"581514","221282","2025-10-20","36.00","NZD","1760449944","23477/2025-10-20/1760449944.json"
"512557","146154","2025-10-20","45.00","NZD","1760449944","23477/2025-10-20/1760449944.json"
"365170","146153","2025-10-20","48.00","NZD","1760449944","23477/2025-10-20/1760449944.json"
"510807","146155","2025-10-20","52.00","NZD","1760449944","23477/2025-10-20/1760449944.json"
"581513","221281","2025-10-22","36.00","NZD","1760449944","23477/2025-10-22/1760449944.json"
"581514","221282","2025-10-22","36.00","NZD","1760449944","23477/2025-10-22/1760449944.json"
"512557","146154","2025-10-22","45.00","NZD","1760449944","23477/2025-10-22/1760449944.json"
"365170","146153","2025-10-22","48.00","NZD","1760449944","23477/2025-10-22/1760449944.json"
"510807","146155","2025-10-22","52.00","NZD","1760449944","23477/2025-10-22/1760449944.json"
"581513","221281","2025-10-24","36.00","NZD","1760449944","23477/2025-10-24/1760449944.json"
"581514","221282","2025-10-24","36.00","NZD","1760449944","23477/2025-10-24/1760449944.json"
"512557","146154","2025-10-24","45.00","NZD","1760449944","23477/2025-10-24/1760449944.json"
"365170","146153","2025-10-24","48.00","NZD","1760449944","23477/2025-10-24/1760449944.json"
"510807","146155","2025-10-24","52.00","NZD","1760449944","23477/2025-10-24/1760449944.json"
"581513","221281","2025-10-25","38.00","NZD","1760449944","23477/2025-10-25/1760449944.json"
"581514","221282","2025-10-25","38.00","NZD","1760449944","23477/2025-10-25/1760449944.json"
"512557","146154","2025-10-25","45.00","NZD","1760449944","23477/2025-10-25/1760449944.json"
"581513","221281","2025-10-26","38.00","NZD","1760449944","23477/2025-10-26/1760449944.json"
"581514","221282","2025-10-26","38.00","NZD","1760449944","23477/2025-10-26/1760449944.json"
"512557","146154","2025-10-26","45.00","NZD","1760449944","23477/2025-10-26/1760449944.json"
"581513","221281","2025-10-23","36.00","NZD","1760449944","23477/2025-10-23/1760449944.json"
"581514","221282","2025-10-23","36.00","NZD","1760449944","23477/2025-10-23/1760449944.json"
"512557","146154","2025-10-23","45.00","NZD","1760449944","23477/2025-10-23/1760449944.json"
"365170","146153","2025-10-23","48.00","NZD","1760449944","23477/2025-10-23/1760449944.json"
"510807","146155","2025-10-23","52.00","NZD","1760449944","23477/2025-10-23/1760449944.json"
"581513","221281","2025-10-27","38.00","NZD","1760449944","23477/2025-10-27/1760449944.json"
"581514","221282","2025-10-27","38.00","NZD","1760449944","23477/2025-10-27/1760449944.json"
"512557","146154","2025-10-27","45.00","NZD","1760449944","23477/2025-10-27/1760449944.json"
"365170","146153","2025-10-27","48.00","NZD","1760449944","23477/2025-10-27/1760449944.json"
"510807","146155","2025-10-27","52.00","NZD","1760449944","23477/2025-10-27/1760449944.json"
"581513","221281","2025-10-28","36.00","NZD","1760449944","23477/2025-10-28/1760449944.json"
"581514","221282","2025-10-28","36.00","NZD","1760449944","23477/2025-10-28/1760449944.json"
"512557","146154","2025-10-28","45.00","NZD","1760449944","23477/2025-10-28/1760449944.json"
"365170","146153","2025-10-28","48.00","NZD","1760449944","23477/2025-10-28/1760449944.json"
"510807","146155","2025-10-28","52.00","NZD","1760449944","23477/2025-10-28/1760449944.json"
"581513","221281","2025-10-29","36.00","NZD","1760449944","23477/2025-10-29/1760449944.json"
"581514","221282","2025-10-29","36.00","NZD","1760449944","23477/2025-10-29/1760449944.json"
"512557","146154","2025-10-29","45.00","NZD","1760449944","23477/2025-10-29/1760449944.json"
"365170","146153","2025-10-29","48.00","NZD","1760449944","23477/2025-10-29/1760449944.json"
"510807","146155","2025-10-29","52.00","NZD","1760449944","23477/2025-10-29/1760449944.json"
"581513","221281","2025-10-30","36.00","NZD","1760449944","23477/2025-10-30/1760449944.json"
"581514","221282","2025-10-30","36.00","NZD","1760449944","23477/2025-10-30/1760449944.json"
"512557","146154","2025-10-30","45.00","NZD","1760449944","23477/2025-10-30/1760449944.json"
"365170","146153","2025-10-30","48.00","NZD","1760449944","23477/2025-10-30/1760449944.json"
"510807","146155","2025-10-30","52.00","NZD","1760449944","23477/2025-10-30/1760449944.json"
"581513","221281","2025-10-31","36.00","NZD","1760449944","23477/2025-10-31/1760449944.json"
"581514","221282","2025-10-31","36.00","NZD","1760449944","23477/2025-10-31/1760449944.json"
"512557","146154","2025-10-31","45.00","NZD","1760449944","23477/2025-10-31/1760449944.json"
"365170","146153","2025-10-31","48.00","NZD","1760449944","23477/2025-10-31/1760449944.json"
"510807","146155","2025-10-31","52.00","NZD","1760449944","23477/2025-10-31/1760449944.json"
"581513","221281","2025-11-01","36.00","NZD","1760449944","23477/2025-11-01/1760449944.json"
"581514","221282","2025-11-01","36.00","NZD","1760449944","23477/2025-11-01/1760449944.json"
"512557","146154","2025-11-01","45.00","NZD","1760449944","23477/2025-11-01/1760449944.json"
"365170","146153","2025-11-01","48.00","NZD","1760449944","23477/2025-11-01/1760449944.json"
"510807","146155","2025-11-01","52.00","NZD","1760449944","23477/2025-11-01/1760449944.json"
"581513","221281","2025-11-02","36.00","NZD","1760449944","23477/2025-11-02/1760449944.json"
"581514","221282","2025-11-02","36.00","NZD","1760449944","23477/2025-11-02/1760449944.json"
"512557","146154","2025-11-02","45.00","NZD","1760449944","23477/2025-11-02/1760449944.json"
"365170","146153","2025-11-02","48.00","NZD","1760449944","23477/2025-11-02/1760449944.json"
"510807","146155","2025-11-02","52.00","NZD","1760449944","23477/2025-11-02/1760449944.json"
"581513","221281","2025-11-03","36.00","NZD","1760449944","23477/2025-11-03/1760449944.json"
"581514","221282","2025-11-03","36.00","NZD","1760449944","23477/2025-11-03/1760449944.json"
"512557","146154","2025-11-03","45.00","NZD","1760449944","23477/2025-11-03/1760449944.json"
"365170","146153","2025-11-03","48.00","NZD","1760449944","23477/2025-11-03/1760449944.json"
"510807","146155","2025-11-03","52.00","NZD","1760449944","23477/2025-11-03/1760449944.json"
"581513","221281","2025-11-04","36.00","NZD","1760449944","23477/2025-11-04/1760449944.json"
"581514","221282","2025-11-04","36.00","NZD","1760449944","23477/2025-11-04/1760449944.json"
"512557","146154","2025-11-04","45.00","NZD","1760449944","23477/2025-11-04/1760449944.json"
"365170","146153","2025-11-04","48.00","NZD","1760449944","23477/2025-11-04/1760449944.json"
"510807","146155","2025-11-04","52.00","NZD","1760449944","23477/2025-11-04/1760449944.json"
"581513","221281","2025-11-07","36.00","NZD","1760449944","23477/2025-11-07/1760449944.json"
"581514","221282","2025-11-07","36.00","NZD","1760449944","23477/2025-11-07/1760449944.json"
"512557","146154","2025-11-07","45.00","NZD","1760449944","23477/2025-11-07/1760449944.json"
"365170","146153","2025-11-07","48.00","NZD","1760449944","23477/2025-11-07/1760449944.json"
"510807","146155","2025-11-07","52.00","NZD","1760449944","23477/2025-11-07/1760449944.json"
"581513","221281","2025-11-06","36.00","NZD","1760449944","23477/2025-11-06/1760449944.json"
"581514","221282","2025-11-06","36.00","NZD","1760449944","23477/2025-11-06/1760449944.json"
"512557","146154","2025-11-06","45.00","NZD","1760449944","23477/2025-11-06/1760449944.json"
"365170","146153","2025-11-06","48.00","NZD","1760449944","23477/2025-11-06/1760449944.json"
"510807","146155","2025-11-06","52.00","NZD","1760449944","23477/2025-11-06/1760449944.json"
"581513","221281","2025-11-05","36.00","NZD","1760449944","23477/2025-11-05/1760449944.json"
"581514","221282","2025-11-05","36.00","NZD","1760449944","23477/2025-11-05/1760449944.json"
"512557","146154","2025-11-05","45.00","NZD","1760449944","23477/2025-11-05/1760449944.json"
"365170","146153","2025-11-05","48.00","NZD","1760449944","23477/2025-11-05/1760449944.json"
"510807","146155","2025-11-05","52.00","NZD","1760449944","23477/2025-11-05/1760449944.json"
"581513","221281","2025-11-08","36.00","NZD","1760449944","23477/2025-11-08/1760449944.json"
"581514","221282","2025-11-08","36.00","NZD","1760449944","23477/2025-11-08/1760449944.json"
"512557","146154","2025-11-08","45.00","NZD","1760449944","23477/2025-11-08/1760449944.json"
"365170","146153","2025-11-08","48.00","NZD","1760449944","23477/2025-11-08/1760449944.json"
"510807","146155","2025-11-08","52.00","NZD","1760449944","23477/2025-11-08/1760449944.json"
"581513","221281","2025-11-09","36.00","NZD","1760449944","23477/2025-11-09/1760449944.json"
"581514","221282","2025-11-09","36.00","NZD","1760449944","23477/2025-11-09/1760449944.json"
"512557","146154","2025-11-09","45.00","NZD","1760449944","23477/2025-11-09/1760449944.json"
"365170","146153","2025-11-09","48.00","NZD","1760449944","23477/2025-11-09/1760449944.json"
"510807","146155","2025-11-09","52.00","NZD","1760449944","23477/2025-11-09/1760449944.json"
"581513","221281","2025-11-10","36.00","NZD","1760449944","23477/2025-11-10/1760449944.json"
"581514","221282","2025-11-10","36.00","NZD","1760449944","23477/2025-11-10/1760449944.json"
"512557","146154","2025-11-10","45.00","NZD","1760449944","23477/2025-11-10/1760449944.json"
"365170","146153","2025-11-10","48.00","NZD","1760449944","23477/2025-11-10/1760449944.json"
"510807","146155","2025-11-10","52.00","NZD","1760449944","23477/2025-11-10/1760449944.json"
"581513","221281","2025-11-11","36.00","NZD","1760449944","23477/2025-11-11/1760449944.json"
"581513","221281","2025-11-12","36.00","NZD","1760449944","23477/2025-11-12/1760449944.json"
"581514","221282","2025-11-11","36.00","NZD","1760449944","23477/2025-11-11/1760449944.json"
"581514","221282","2025-11-12","36.00","NZD","1760449944","23477/2025-11-12/1760449944.json"
"512557","146154","2025-11-11","45.00","NZD","1760449944","23477/2025-11-11/1760449944.json"
"512557","146154","2025-11-12","45.00","NZD","1760449944","23477/2025-11-12/1760449944.json"
"365170","146153","2025-11-12","48.00","NZD","1760449944","23477/2025-11-12/1760449944.json"
"365170","146153","2025-11-11","48.00","NZD","1760449944","23477/2025-11-11/1760449944.json"
"510807","146155","2025-11-12","52.00","NZD","1760449944","23477/2025-11-12/1760449944.json"
"510807","146155","2025-11-11","52.00","NZD","1760449944","23477/2025-11-11/1760449944.json"
"581513","221281","2025-11-13","36.00","NZD","1760449944","23477/2025-11-13/1760449944.json"
"581514","221282","2025-11-13","36.00","NZD","1760449944","23477/2025-11-13/1760449944.json"
"512557","146154","2025-11-13","45.00","NZD","1760449944","23477/2025-11-13/1760449944.json"
"365170","146153","2025-11-13","48.00","NZD","1760449944","23477/2025-11-13/1760449944.json"
"510807","146155","2025-11-13","52.00","NZD","1760449944","23477/2025-11-13/1760449944.json"
"581513","221281","2025-11-15","36.00","NZD","1760449944","23477/2025-11-15/1760449944.json"
"581514","221282","2025-11-15","36.00","NZD","1760449944","23477/2025-11-15/1760449944.json"
"512557","146154","2025-11-15","45.00","NZD","1760449944","23477/2025-11-15/1760449944.json"
"365170","146153","2025-11-15","48.00","NZD","1760449944","23477/2025-11-15/1760449944.json"
"510807","146155","2025-11-15","52.00","NZD","1760449944","23477/2025-11-15/1760449944.json"
"581513","221281","2025-11-14","36.00","NZD","1760449944","23477/2025-11-14/1760449944.json"
"581514","221282","2025-11-14","36.00","NZD","1760449944","23477/2025-11-14/1760449944.json"
"512557","146154","2025-11-14","45.00","NZD","1760449944","23477/2025-11-14/1760449944.json"
"365170","146153","2025-11-14","48.00","NZD","1760449944","23477/2025-11-14/1760449944.json"
"510807","146155","2025-11-14","52.00","NZD","1760449944","23477/2025-11-14/1760449944.json"
"581513","221281","2025-11-16","36.00","NZD","1760449944","23477/2025-11-16/1760449944.json"
"581514","221282","2025-11-16","36.00","NZD","1760449944","23477/2025-11-16/1760449944.json"
"512557","146154","2025-11-16","45.00","NZD","1760449944","23477/2025-11-16/1760449944.json"
"365170","146153","2025-11-16","48.00","NZD","1760449944","23477/2025-11-16/1760449944.json"
"510807","146155","2025-11-16","52.00","NZD","1760449944","23477/2025-11-16/1760449944.json"
"581513","221281","2025-11-17","36.00","NZD","1760449944","23477/2025-11-17/1760449944.json"
"581514","221282","2025-11-17","36.00","NZD","1760449944","23477/2025-11-17/1760449944.json"
"512557","146154","2025-11-17","45.00","NZD","1760449944","23477/2025-11-17/1760449944.json"
"365170","146153","2025-11-17","48.00","NZD","1760449944","23477/2025-11-17/1760449944.json"
"510807","146155","2025-11-17","52.00","NZD","1760449944","23477/2025-11-17/1760449944.json"
"581513","221281","2025-11-18","36.00","NZD","1760449944","23477/2025-11-18/1760449944.json"
"581514","221282","2025-11-18","36.00","NZD","1760449944","23477/2025-11-18/1760449944.json"
"512557","146154","2025-11-18","45.00","NZD","1760449944","23477/2025-11-18/1760449944.json"
"365170","146153","2025-11-18","48.00","NZD","1760449944","23477/2025-11-18/1760449944.json"
"510807","146155","2025-11-18","52.00","NZD","1760449944","23477/2025-11-18/1760449944.json"
"581513","221281","2025-11-20","36.00","NZD","1760449944","23477/2025-11-20/1760449944.json"
"581514","221282","2025-11-20","36.00","NZD","1760449944","23477/2025-11-20/1760449944.json"
"512557","146154","2025-11-20","45.00","NZD","1760449944","23477/2025-11-20/1760449944.json"
"581513","221281","2025-11-19","36.00","NZD","1760449944","23477/2025-11-19/1760449944.json"
"581514","221282","2025-11-19","36.00","NZD","1760449944","23477/2025-11-19/1760449944.json"
"512557","146154","2025-11-19","45.00","NZD","1760449944","23477/2025-11-19/1760449944.json"
"365170","146153","2025-11-19","48.00","NZD","1760449944","23477/2025-11-19/1760449944.json"
"510807","146155","2025-11-19","52.00","NZD","1760449944","23477/2025-11-19/1760449944.json"
"581513","221281","2025-11-21","36.00","NZD","1760449944","23477/2025-11-21/1760449944.json"
"581514","221282","2025-11-21","36.00","NZD","1760449944","23477/2025-11-21/1760449944.json"
"512557","146154","2025-11-21","45.00","NZD","1760449944","23477/2025-11-21/1760449944.json"
"365170","146153","2025-11-21","48.00","NZD","1760449944","23477/2025-11-21/1760449944.json"
"510807","146155","2025-11-21","52.00","NZD","1760449944","23477/2025-11-21/1760449944.json"
"581513","221281","2025-11-24","36.00","NZD","1760449944","23477/2025-11-24/1760449944.json"
"581514","221282","2025-11-24","36.00","NZD","1760449944","23477/2025-11-24/1760449944.json"
"512557","146154","2025-11-24","45.00","NZD","1760449944","23477/2025-11-24/1760449944.json"
"365170","146153","2025-11-24","48.00","NZD","1760449944","23477/2025-11-24/1760449944.json"
"510807","146155","2025-11-24","52.00","NZD","1760449944","23477/2025-11-24/1760449944.json"
"581513","221281","2025-11-23","36.00","NZD","1760449944","23477/2025-11-23/1760449944.json"
"581514","221282","2025-11-23","36.00","NZD","1760449944","23477/2025-11-23/1760449944.json"
"512557","146154","2025-11-23","45.00","NZD","1760449944","23477/2025-11-23/1760449944.json"
"365170","146153","2025-11-23","48.00","NZD","1760449944","23477/2025-11-23/1760449944.json"
"510807","146155","2025-11-23","52.00","NZD","1760449944","23477/2025-11-23/1760449944.json"
"581513","221281","2025-11-22","36.00","NZD","1760449944","23477/2025-11-22/1760449944.json"
"581514","221282","2025-11-22","36.00","NZD","1760449944","23477/2025-11-22/1760449944.json"
"512557","146154","2025-11-22","45.00","NZD","1760449944","23477/2025-11-22/1760449944.json"
"365170","146153","2025-11-22","48.00","NZD","1760449944","23477/2025-11-22/1760449944.json"
"510807","146155","2025-11-22","52.00","NZD","1760449944","23477/2025-11-22/1760449944.json"
"581513","221281","2025-11-25","36.00","NZD","1760449944","23477/2025-11-25/1760449944.json"
"581514","221282","2025-11-25","36.00","NZD","1760449944","23477/2025-11-25/1760449944.json"
"512557","146154","2025-11-25","45.00","NZD","1760449944","23477/2025-11-25/1760449944.json"
"365170","146153","2025-11-25","48.00","NZD","1760449944","23477/2025-11-25/1760449944.json"
"510807","146155","2025-11-25","52.00","NZD","1760449944","23477/2025-11-25/1760449944.json"
"581513","221281","2025-11-27","36.00","NZD","1760449944","23477/2025-11-27/1760449944.json"
"581514","221282","2025-11-27","36.00","NZD","1760449944","23477/2025-11-27/1760449944.json"
"512557","146154","2025-11-27","45.00","NZD","1760449944","23477/2025-11-27/1760449944.json"
"365170","146153","2025-11-27","48.00","NZD","1760449944","23477/2025-11-27/1760449944.json"
"510807","146155","2025-11-27","52.00","NZD","1760449944","23477/2025-11-27/1760449944.json"
"581513","221281","2025-11-26","36.00","NZD","1760449944","23477/2025-11-26/1760449944.json"
"581514","221282","2025-11-26","36.00","NZD","1760449944","23477/2025-11-26/1760449944.json"
"512557","146154","2025-11-26","45.00","NZD","1760449944","23477/2025-11-26/1760449944.json"
"365170","146153","2025-11-26","48.00","NZD","1760449944","23477/2025-11-26/1760449944.json"
"510807","146155","2025-11-26","52.00","NZD","1760449944","23477/2025-11-26/1760449944.json"
"581513","221281","2025-11-28","36.00","NZD","1760449944","23477/2025-11-28/1760449944.json"
"581514","221282","2025-11-28","36.00","NZD","1760449944","23477/2025-11-28/1760449944.json"
"512557","146154","2025-11-28","45.00","NZD","1760449944","23477/2025-11-28/1760449944.json"
"365170","146153","2025-11-28","48.00","NZD","1760449944","23477/2025-11-28/1760449944.json"
"510807","146155","2025-11-28","52.00","NZD","1760449944","23477/2025-11-28/1760449944.json"
"581513","221281","2025-12-01","36.00","NZD","1760449944","23477/2025-12-01/1760449944.json"
"581514","221282","2025-12-01","36.00","NZD","1760449944","23477/2025-12-01/1760449944.json"
"512557","146154","2025-12-01","45.00","NZD","1760449944","23477/2025-12-01/1760449944.json"
"365170","146153","2025-12-01","48.00","NZD","1760449944","23477/2025-12-01/1760449944.json"
"510807","146155","2025-12-01","52.00","NZD","1760449944","23477/2025-12-01/1760449944.json"
"581513","221281","2025-11-30","36.00","NZD","1760449944","23477/2025-11-30/1760449944.json"
"581514","221282","2025-11-30","36.00","NZD","1760449944","23477/2025-11-30/1760449944.json"
"512557","146154","2025-11-30","45.00","NZD","1760449944","23477/2025-11-30/1760449944.json"
"365170","146153","2025-11-30","48.00","NZD","1760449944","23477/2025-11-30/1760449944.json"
"510807","146155","2025-11-30","52.00","NZD","1760449944","23477/2025-11-30/1760449944.json"
"581513","221281","2025-11-29","36.00","NZD","1760449944","23477/2025-11-29/1760449944.json"
"581514","221282","2025-11-29","36.00","NZD","1760449944","23477/2025-11-29/1760449944.json"
"512557","146154","2025-11-29","45.00","NZD","1760449944","23477/2025-11-29/1760449944.json"
"365170","146153","2025-11-29","48.00","NZD","1760449944","23477/2025-11-29/1760449944.json"
"510807","146155","2025-11-29","52.00","NZD","1760449944","23477/2025-11-29/1760449944.json"
"581513","221281","2025-12-02","36.00","NZD","1760449944","23477/2025-12-02/1760449944.json"
"581514","221282","2025-12-02","36.00","NZD","1760449944","23477/2025-12-02/1760449944.json"
"512557","146154","2025-12-02","45.00","NZD","1760449944","23477/2025-12-02/1760449944.json"
"365170","146153","2025-12-02","48.00","NZD","1760449944","23477/2025-12-02/1760449944.json"
"510807","146155","2025-12-02","52.00","NZD","1760449944","23477/2025-12-02/1760449944.json"
"581513","221281","2025-12-03","36.00","NZD","1760449944","23477/2025-12-03/1760449944.json"
"581514","221282","2025-12-03","36.00","NZD","1760449944","23477/2025-12-03/1760449944.json"
"512557","146154","2025-12-03","45.00","NZD","1760449944","23477/2025-12-03/1760449944.json"
"365170","146153","2025-12-03","48.00","NZD","1760449944","23477/2025-12-03/1760449944.json"
"510807","146155","2025-12-03","52.00","NZD","1760449944","23477/2025-12-03/1760449944.json"
"581513","221281","2025-12-04","36.00","NZD","1760449944","23477/2025-12-04/1760449944.json"
"581514","221282","2025-12-04","36.00","NZD","1760449944","23477/2025-12-04/1760449944.json"
"512557","146154","2025-12-04","45.00","NZD","1760449944","23477/2025-12-04/1760449944.json"
"365170","146153","2025-12-04","48.00","NZD","1760449944","23477/2025-12-04/1760449944.json"
"510807","146155","2025-12-04","52.00","NZD","1760449944","23477/2025-12-04/1760449944.json"
"581513","221281","2025-12-05","36.00","NZD","1760449944","23477/2025-12-05/1760449944.json"
"581514","221282","2025-12-05","36.00","NZD","1760449944","23477/2025-12-05/1760449944.json"
"512557","146154","2025-12-05","45.00","NZD","1760449944","23477/2025-12-05/1760449944.json"
"365170","146153","2025-12-05","48.00","NZD","1760449944","23477/2025-12-05/1760449944.json"
"510807","146155","2025-12-05","52.00","NZD","1760449944","23477/2025-12-05/1760449944.json"
"581513","221281","2025-12-07","36.00","NZD","1760449944","23477/2025-12-07/1760449944.json"
"581514","221282","2025-12-07","36.00","NZD","1760449944","23477/2025-12-07/1760449944.json"
"512557","146154","2025-12-07","45.00","NZD","1760449944","23477/2025-12-07/1760449944.json"
"365170","146153","2025-12-07","48.00","NZD","1760449944","23477/2025-12-07/1760449944.json"
"510807","146155","2025-12-07","52.00","NZD","1760449944","23477/2025-12-07/1760449944.json"
"581513","221281","2025-12-06","36.00","NZD","1760449944","23477/2025-12-06/1760449944.json"
"581514","221282","2025-12-06","36.00","NZD","1760449944","23477/2025-12-06/1760449944.json"
"512557","146154","2025-12-06","45.00","NZD","1760449944","23477/2025-12-06/1760449944.json"
"365170","146153","2025-12-06","48.00","NZD","1760449944","23477/2025-12-06/1760449944.json"
"510807","146155","2025-12-06","52.00","NZD","1760449944","23477/2025-12-06/1760449944.json"
"581513","221281","2025-12-09","36.00","NZD","1760449944","23477/2025-12-09/1760449944.json"
"581514","221282","2025-12-09","36.00","NZD","1760449944","23477/2025-12-09/1760449944.json"
"512557","146154","2025-12-09","45.00","NZD","1760449944","23477/2025-12-09/1760449944.json"
"365170","146153","2025-12-09","48.00","NZD","1760449944","23477/2025-12-09/1760449944.json"
"510807","146155","2025-12-09","52.00","NZD","1760449944","23477/2025-12-09/1760449944.json"
"581513","221281","2025-12-08","36.00","NZD","1760449944","23477/2025-12-08/1760449944.json"
"581514","221282","2025-12-08","36.00","NZD","1760449944","23477/2025-12-08/1760449944.json"
"512557","146154","2025-12-08","45.00","NZD","1760449944","23477/2025-12-08/1760449944.json"
"365170","146153","2025-12-08","48.00","NZD","1760449944","23477/2025-12-08/1760449944.json"
"510807","146155","2025-12-08","52.00","NZD","1760449944","23477/2025-12-08/1760449944.json"
"581513","221281","2025-12-10","36.00","NZD","1760449944","23477/2025-12-10/1760449944.json"
"581514","221282","2025-12-10","36.00","NZD","1760449944","23477/2025-12-10/1760449944.json"
"512557","146154","2025-12-10","45.00","NZD","1760449944","23477/2025-12-10/1760449944.json"
"365170","146153","2025-12-10","48.00","NZD","1760449944","23477/2025-12-10/1760449944.json"
"510807","146155","2025-12-10","52.00","NZD","1760449944","23477/2025-12-10/1760449944.json"
"581513","221281","2025-12-12","36.00","NZD","1760449944","23477/2025-12-12/1760449944.json"
"581514","221282","2025-12-12","36.00","NZD","1760449944","23477/2025-12-12/1760449944.json"
"512557","146154","2025-12-12","45.00","NZD","1760449944","23477/2025-12-12/1760449944.json"
"365170","146153","2025-12-12","48.00","NZD","1760449944","23477/2025-12-12/1760449944.json"
"510807","146155","2025-12-12","52.00","NZD","1760449944","23477/2025-12-12/1760449944.json"
"581513","221281","2025-12-11","36.00","NZD","1760449944","23477/2025-12-11/1760449944.json"
"581514","221282","2025-12-11","36.00","NZD","1760449944","23477/2025-12-11/1760449944.json"
"512557","146154","2025-12-11","45.00","NZD","1760449944","23477/2025-12-11/1760449944.json"
"365170","146153","2025-12-11","48.00","NZD","1760449944","23477/2025-12-11/1760449944.json"
"510807","146155","2025-12-11","52.00","NZD","1760449944","23477/2025-12-11/1760449944.json"
"581513","221281","2025-12-13","36.00","NZD","1760449944","23477/2025-12-13/1760449944.json"
"581514","221282","2025-12-13","36.00","NZD","1760449944","23477/2025-12-13/1760449944.json"
"512557","146154","2025-12-13","45.00","NZD","1760449944","23477/2025-12-13/1760449944.json"
"365170","146153","2025-12-13","48.00","NZD","1760449944","23477/2025-12-13/1760449944.json"
"510807","146155","2025-12-13","52.00","NZD","1760449944","23477/2025-12-13/1760449944.json"
"581513","221281","2025-10-16","36.00","NZD","1760461397","23477/2025-10-16/1760461397.json"
"581514","221282","2025-10-16","36.00","NZD","1760461397","23477/2025-10-16/1760461397.json"
"512557","146154","2025-10-16","45.00","NZD","1760461397","23477/2025-10-16/1760461397.json"
"365170","146153","2025-10-16","48.00","NZD","1760461397","23477/2025-10-16/1760461397.json"
"510807","146155","2025-10-16","52.00","NZD","1760461397","23477/2025-10-16/1760461397.json"
"581513","221281","2025-10-17","36.00","NZD","1760461397","23477/2025-10-17/1760461397.json"
"581514","221282","2025-10-17","36.00","NZD","1760461397","23477/2025-10-17/1760461397.json"
"512557","146154","2025-10-17","45.00","NZD","1760461397","23477/2025-10-17/1760461397.json"
"365170","146153","2025-10-17","48.00","NZD","1760461397","23477/2025-10-17/1760461397.json"
"510807","146155","2025-10-17","52.00","NZD","1760461397","23477/2025-10-17/1760461397.json"
"581513","221281","2025-10-15","36.00","NZD","1760461397","23477/2025-10-15/1760461397.json"
"581514","221282","2025-10-15","36.00","NZD","1760461397","23477/2025-10-15/1760461397.json"
"512557","146154","2025-10-15","45.00","NZD","1760461397","23477/2025-10-15/1760461397.json"
"365170","146153","2025-10-15","48.00","NZD","1760461397","23477/2025-10-15/1760461397.json"
"510807","146155","2025-10-15","52.00","NZD","1760461397","23477/2025-10-15/1760461397.json"
"581513","221281","2025-10-18","36.00","NZD","1760461397","23477/2025-10-18/1760461397.json"
"581514","221282","2025-10-18","36.00","NZD","1760461397","23477/2025-10-18/1760461397.json"
"512557","146154","2025-10-18","45.00","NZD","1760461397","23477/2025-10-18/1760461397.json"
"365170","146153","2025-10-18","48.00","NZD","1760461397","23477/2025-10-18/1760461397.json"
"510807","146155","2025-10-18","52.00","NZD","1760461397","23477/2025-10-18/1760461397.json"
"581513","221281","2025-10-21","36.00","NZD","1760461397","23477/2025-10-21/1760461397.json"
"581514","221282","2025-10-21","36.00","NZD","1760461397","23477/2025-10-21/1760461397.json"
"512557","146154","2025-10-21","45.00","NZD","1760461397","23477/2025-10-21/1760461397.json"
"365170","146153","2025-10-21","48.00","NZD","1760461397","23477/2025-10-21/1760461397.json"
"510807","146155","2025-10-21","52.00","NZD","1760461397","23477/2025-10-21/1760461397.json"
"581513","221281","2025-10-19","36.00","NZD","1760461397","23477/2025-10-19/1760461397.json"
"581514","221282","2025-10-19","36.00","NZD","1760461397","23477/2025-10-19/1760461397.json"
"512557","146154","2025-10-19","45.00","NZD","1760461397","23477/2025-10-19/1760461397.json"
"365170","146153","2025-10-19","48.00","NZD","1760461397","23477/2025-10-19/1760461397.json"
"510807","146155","2025-10-19","52.00","NZD","1760461397","23477/2025-10-19/1760461397.json"
"581513","221281","2025-10-22","36.00","NZD","1760461397","23477/2025-10-22/1760461397.json"
"581514","221282","2025-10-22","36.00","NZD","1760461397","23477/2025-10-22/1760461397.json"
"512557","146154","2025-10-22","45.00","NZD","1760461397","23477/2025-10-22/1760461397.json"
"365170","146153","2025-10-22","48.00","NZD","1760461397","23477/2025-10-22/1760461397.json"
"510807","146155","2025-10-22","52.00","NZD","1760461397","23477/2025-10-22/1760461397.json"
"581513","221281","2025-10-20","36.00","NZD","1760461397","23477/2025-10-20/1760461397.json"
"581514","221282","2025-10-20","36.00","NZD","1760461397","23477/2025-10-20/1760461397.json"
"512557","146154","2025-10-20","45.00","NZD","1760461397","23477/2025-10-20/1760461397.json"
"365170","146153","2025-10-20","48.00","NZD","1760461397","23477/2025-10-20/1760461397.json"
"510807","146155","2025-10-20","52.00","NZD","1760461397","23477/2025-10-20/1760461397.json"
"581513","221281","2025-10-23","36.00","NZD","1760461397","23477/2025-10-23/1760461397.json"
"581514","221282","2025-10-23","36.00","NZD","1760461397","23477/2025-10-23/1760461397.json"
"512557","146154","2025-10-23","45.00","NZD","1760461397","23477/2025-10-23/1760461397.json"
"365170","146153","2025-10-23","48.00","NZD","1760461397","23477/2025-10-23/1760461397.json"
"510807","146155","2025-10-23","52.00","NZD","1760461397","23477/2025-10-23/1760461397.json"
"581513","221281","2025-10-24","36.00","NZD","1760461397","23477/2025-10-24/1760461397.json"
"581514","221282","2025-10-24","36.00","NZD","1760461397","23477/2025-10-24/1760461397.json"
"512557","146154","2025-10-24","45.00","NZD","1760461397","23477/2025-10-24/1760461397.json"
"365170","146153","2025-10-24","48.00","NZD","1760461397","23477/2025-10-24/1760461397.json"
"510807","146155","2025-10-24","52.00","NZD","1760461397","23477/2025-10-24/1760461397.json"
"581513","221281","2025-10-26","38.00","NZD","1760461397","23477/2025-10-26/1760461397.json"
"581514","221282","2025-10-26","38.00","NZD","1760461397","23477/2025-10-26/1760461397.json"
"512557","146154","2025-10-26","45.00","NZD","1760461397","23477/2025-10-26/1760461397.json"
"581513","221281","2025-10-25","38.00","NZD","1760461397","23477/2025-10-25/1760461397.json"
"581514","221282","2025-10-25","38.00","NZD","1760461397","23477/2025-10-25/1760461397.json"
"512557","146154","2025-10-25","45.00","NZD","1760461397","23477/2025-10-25/1760461397.json"
"581513","221281","2025-10-29","36.00","NZD","1760461397","23477/2025-10-29/1760461397.json"
"581513","221281","2025-10-28","36.00","NZD","1760461397","23477/2025-10-28/1760461397.json"
"581514","221282","2025-10-28","36.00","NZD","1760461397","23477/2025-10-28/1760461397.json"
"581514","221282","2025-10-29","36.00","NZD","1760461397","23477/2025-10-29/1760461397.json"
"512557","146154","2025-10-28","45.00","NZD","1760461397","23477/2025-10-28/1760461397.json"
"365170","146153","2025-10-28","48.00","NZD","1760461397","23477/2025-10-28/1760461397.json"
"512557","146154","2025-10-29","45.00","NZD","1760461397","23477/2025-10-29/1760461397.json"
"510807","146155","2025-10-28","52.00","NZD","1760461397","23477/2025-10-28/1760461397.json"
"365170","146153","2025-10-29","48.00","NZD","1760461397","23477/2025-10-29/1760461397.json"
"510807","146155","2025-10-29","52.00","NZD","1760461397","23477/2025-10-29/1760461397.json"
"581513","221281","2025-10-30","36.00","NZD","1760461397","23477/2025-10-30/1760461397.json"
"581514","221282","2025-10-30","36.00","NZD","1760461397","23477/2025-10-30/1760461397.json"
"512557","146154","2025-10-30","45.00","NZD","1760461397","23477/2025-10-30/1760461397.json"
"365170","146153","2025-10-30","48.00","NZD","1760461397","23477/2025-10-30/1760461397.json"
"510807","146155","2025-10-30","52.00","NZD","1760461397","23477/2025-10-30/1760461397.json"
"581513","221281","2025-10-31","36.00","NZD","1760461397","23477/2025-10-31/1760461397.json"
"581514","221282","2025-10-31","36.00","NZD","1760461397","23477/2025-10-31/1760461397.json"
"512557","146154","2025-10-31","45.00","NZD","1760461397","23477/2025-10-31/1760461397.json"
"365170","146153","2025-10-31","48.00","NZD","1760461397","23477/2025-10-31/1760461397.json"
"510807","146155","2025-10-31","52.00","NZD","1760461397","23477/2025-10-31/1760461397.json"
"581513","221281","2025-11-01","36.00","NZD","1760461397","23477/2025-11-01/1760461397.json"
"581514","221282","2025-11-01","36.00","NZD","1760461397","23477/2025-11-01/1760461397.json"
"512557","146154","2025-11-01","45.00","NZD","1760461397","23477/2025-11-01/1760461397.json"
"365170","146153","2025-11-01","48.00","NZD","1760461397","23477/2025-11-01/1760461397.json"
"510807","146155","2025-11-01","52.00","NZD","1760461397","23477/2025-11-01/1760461397.json"
"581513","221281","2025-11-02","36.00","NZD","1760461397","23477/2025-11-02/1760461397.json"
"581514","221282","2025-11-02","36.00","NZD","1760461397","23477/2025-11-02/1760461397.json"
"512557","146154","2025-11-02","45.00","NZD","1760461397","23477/2025-11-02/1760461397.json"
"365170","146153","2025-11-02","48.00","NZD","1760461397","23477/2025-11-02/1760461397.json"
"510807","146155","2025-11-02","52.00","NZD","1760461397","23477/2025-11-02/1760461397.json"
"581513","221281","2025-10-27","38.00","NZD","1760461397","23477/2025-10-27/1760461397.json"
"581514","221282","2025-10-27","38.00","NZD","1760461397","23477/2025-10-27/1760461397.json"
"512557","146154","2025-10-27","45.00","NZD","1760461397","23477/2025-10-27/1760461397.json"
"365170","146153","2025-10-27","48.00","NZD","1760461397","23477/2025-10-27/1760461397.json"
"510807","146155","2025-10-27","52.00","NZD","1760461397","23477/2025-10-27/1760461397.json"
"581513","221281","2025-11-03","36.00","NZD","1760461397","23477/2025-11-03/1760461397.json"
"581514","221282","2025-11-03","36.00","NZD","1760461397","23477/2025-11-03/1760461397.json"
"512557","146154","2025-11-03","45.00","NZD","1760461397","23477/2025-11-03/1760461397.json"
"365170","146153","2025-11-03","48.00","NZD","1760461397","23477/2025-11-03/1760461397.json"
"510807","146155","2025-11-03","52.00","NZD","1760461397","23477/2025-11-03/1760461397.json"
"581513","221281","2025-11-04","36.00","NZD","1760461397","23477/2025-11-04/1760461397.json"
"581514","221282","2025-11-04","36.00","NZD","1760461397","23477/2025-11-04/1760461397.json"
"512557","146154","2025-11-04","45.00","NZD","1760461397","23477/2025-11-04/1760461397.json"
"365170","146153","2025-11-04","48.00","NZD","1760461397","23477/2025-11-04/1760461397.json"
"510807","146155","2025-11-04","52.00","NZD","1760461397","23477/2025-11-04/1760461397.json"
"581513","221281","2025-11-05","36.00","NZD","1760461397","23477/2025-11-05/1760461397.json"
"581514","221282","2025-11-05","36.00","NZD","1760461397","23477/2025-11-05/1760461397.json"
"512557","146154","2025-11-05","45.00","NZD","1760461397","23477/2025-11-05/1760461397.json"
"365170","146153","2025-11-05","48.00","NZD","1760461397","23477/2025-11-05/1760461397.json"
"510807","146155","2025-11-05","52.00","NZD","1760461397","23477/2025-11-05/1760461397.json"
"581513","221281","2025-11-07","36.00","NZD","1760461397","23477/2025-11-07/1760461397.json"
"581514","221282","2025-11-07","36.00","NZD","1760461397","23477/2025-11-07/1760461397.json"
"512557","146154","2025-11-07","45.00","NZD","1760461397","23477/2025-11-07/1760461397.json"
"365170","146153","2025-11-07","48.00","NZD","1760461397","23477/2025-11-07/1760461397.json"
"510807","146155","2025-11-07","52.00","NZD","1760461397","23477/2025-11-07/1760461397.json"
"581513","221281","2025-11-08","36.00","NZD","1760461397","23477/2025-11-08/1760461397.json"
"581514","221282","2025-11-08","36.00","NZD","1760461397","23477/2025-11-08/1760461397.json"
"512557","146154","2025-11-08","45.00","NZD","1760461397","23477/2025-11-08/1760461397.json"
"365170","146153","2025-11-08","48.00","NZD","1760461397","23477/2025-11-08/1760461397.json"
"510807","146155","2025-11-08","52.00","NZD","1760461397","23477/2025-11-08/1760461397.json"
"581513","221281","2025-11-09","36.00","NZD","1760461397","23477/2025-11-09/1760461397.json"
"581514","221282","2025-11-09","36.00","NZD","1760461397","23477/2025-11-09/1760461397.json"
"512557","146154","2025-11-09","45.00","NZD","1760461397","23477/2025-11-09/1760461397.json"
"365170","146153","2025-11-09","48.00","NZD","1760461397","23477/2025-11-09/1760461397.json"
"510807","146155","2025-11-09","52.00","NZD","1760461397","23477/2025-11-09/1760461397.json"
"581513","221281","2025-11-10","36.00","NZD","1760461397","23477/2025-11-10/1760461397.json"
"581514","221282","2025-11-10","36.00","NZD","1760461397","23477/2025-11-10/1760461397.json"
"512557","146154","2025-11-10","45.00","NZD","1760461397","23477/2025-11-10/1760461397.json"
"365170","146153","2025-11-10","48.00","NZD","1760461397","23477/2025-11-10/1760461397.json"
"510807","146155","2025-11-10","52.00","NZD","1760461397","23477/2025-11-10/1760461397.json"
"581513","221281","2025-11-11","36.00","NZD","1760461397","23477/2025-11-11/1760461397.json"
"581514","221282","2025-11-11","36.00","NZD","1760461397","23477/2025-11-11/1760461397.json"
"512557","146154","2025-11-11","45.00","NZD","1760461397","23477/2025-11-11/1760461397.json"
"365170","146153","2025-11-11","48.00","NZD","1760461397","23477/2025-11-11/1760461397.json"
"510807","146155","2025-11-11","52.00","NZD","1760461397","23477/2025-11-11/1760461397.json"
"581513","221281","2025-11-12","36.00","NZD","1760461397","23477/2025-11-12/1760461397.json"
"581514","221282","2025-11-12","36.00","NZD","1760461397","23477/2025-11-12/1760461397.json"
"512557","146154","2025-11-12","45.00","NZD","1760461397","23477/2025-11-12/1760461397.json"
"365170","146153","2025-11-12","48.00","NZD","1760461397","23477/2025-11-12/1760461397.json"
"510807","146155","2025-11-12","52.00","NZD","1760461397","23477/2025-11-12/1760461397.json"
"581513","221281","2025-11-13","36.00","NZD","1760461397","23477/2025-11-13/1760461397.json"
"581514","221282","2025-11-13","36.00","NZD","1760461397","23477/2025-11-13/1760461397.json"
"512557","146154","2025-11-13","45.00","NZD","1760461397","23477/2025-11-13/1760461397.json"
"365170","146153","2025-11-13","48.00","NZD","1760461397","23477/2025-11-13/1760461397.json"
"510807","146155","2025-11-13","52.00","NZD","1760461397","23477/2025-11-13/1760461397.json"
"581513","221281","2025-11-14","36.00","NZD","1760461397","23477/2025-11-14/1760461397.json"
"581514","221282","2025-11-14","36.00","NZD","1760461397","23477/2025-11-14/1760461397.json"
"512557","146154","2025-11-14","45.00","NZD","1760461397","23477/2025-11-14/1760461397.json"
"365170","146153","2025-11-14","48.00","NZD","1760461397","23477/2025-11-14/1760461397.json"
"510807","146155","2025-11-14","52.00","NZD","1760461397","23477/2025-11-14/1760461397.json"
"581513","221281","2025-11-15","36.00","NZD","1760461397","23477/2025-11-15/1760461397.json"
"581514","221282","2025-11-15","36.00","NZD","1760461397","23477/2025-11-15/1760461397.json"
"512557","146154","2025-11-15","45.00","NZD","1760461397","23477/2025-11-15/1760461397.json"
"365170","146153","2025-11-15","48.00","NZD","1760461397","23477/2025-11-15/1760461397.json"
"510807","146155","2025-11-15","52.00","NZD","1760461397","23477/2025-11-15/1760461397.json"
"581513","221281","2025-11-16","36.00","NZD","1760461397","23477/2025-11-16/1760461397.json"
"581514","221282","2025-11-16","36.00","NZD","1760461397","23477/2025-11-16/1760461397.json"
"512557","146154","2025-11-16","45.00","NZD","1760461397","23477/2025-11-16/1760461397.json"
"365170","146153","2025-11-16","48.00","NZD","1760461397","23477/2025-11-16/1760461397.json"
"510807","146155","2025-11-16","52.00","NZD","1760461397","23477/2025-11-16/1760461397.json"
"581513","221281","2025-11-18","36.00","NZD","1760461397","23477/2025-11-18/1760461397.json"
"581514","221282","2025-11-18","36.00","NZD","1760461397","23477/2025-11-18/1760461397.json"
"512557","146154","2025-11-18","45.00","NZD","1760461397","23477/2025-11-18/1760461397.json"
"365170","146153","2025-11-18","48.00","NZD","1760461397","23477/2025-11-18/1760461397.json"
"510807","146155","2025-11-18","52.00","NZD","1760461397","23477/2025-11-18/1760461397.json"
"581513","221281","2025-11-17","36.00","NZD","1760461397","23477/2025-11-17/1760461397.json"
"581514","221282","2025-11-17","36.00","NZD","1760461397","23477/2025-11-17/1760461397.json"
"512557","146154","2025-11-17","45.00","NZD","1760461397","23477/2025-11-17/1760461397.json"
"365170","146153","2025-11-17","48.00","NZD","1760461397","23477/2025-11-17/1760461397.json"
"510807","146155","2025-11-17","52.00","NZD","1760461397","23477/2025-11-17/1760461397.json"
"581513","221281","2025-11-06","36.00","NZD","1760461397","23477/2025-11-06/1760461397.json"
"581514","221282","2025-11-06","36.00","NZD","1760461397","23477/2025-11-06/1760461397.json"
"512557","146154","2025-11-06","45.00","NZD","1760461397","23477/2025-11-06/1760461397.json"
"365170","146153","2025-11-06","48.00","NZD","1760461397","23477/2025-11-06/1760461397.json"
"510807","146155","2025-11-06","52.00","NZD","1760461397","23477/2025-11-06/1760461397.json"
"581513","221281","2025-11-19","36.00","NZD","1760461397","23477/2025-11-19/1760461397.json"
"581514","221282","2025-11-19","36.00","NZD","1760461397","23477/2025-11-19/1760461397.json"
"512557","146154","2025-11-19","45.00","NZD","1760461397","23477/2025-11-19/1760461397.json"
"365170","146153","2025-11-19","48.00","NZD","1760461397","23477/2025-11-19/1760461397.json"
"510807","146155","2025-11-19","52.00","NZD","1760461397","23477/2025-11-19/1760461397.json"
"581513","221281","2025-11-20","36.00","NZD","1760461397","23477/2025-11-20/1760461397.json"
"581514","221282","2025-11-20","36.00","NZD","1760461397","23477/2025-11-20/1760461397.json"
"512557","146154","2025-11-20","45.00","NZD","1760461397","23477/2025-11-20/1760461397.json"
"581513","221281","2025-11-21","36.00","NZD","1760461397","23477/2025-11-21/1760461397.json"
"581514","221282","2025-11-21","36.00","NZD","1760461397","23477/2025-11-21/1760461397.json"
"512557","146154","2025-11-21","45.00","NZD","1760461397","23477/2025-11-21/1760461397.json"
"365170","146153","2025-11-21","48.00","NZD","1760461397","23477/2025-11-21/1760461397.json"
"510807","146155","2025-11-21","52.00","NZD","1760461397","23477/2025-11-21/1760461397.json"
"581513","221281","2025-11-22","36.00","NZD","1760461397","23477/2025-11-22/1760461397.json"
"581514","221282","2025-11-22","36.00","NZD","1760461397","23477/2025-11-22/1760461397.json"
"512557","146154","2025-11-22","45.00","NZD","1760461397","23477/2025-11-22/1760461397.json"
"365170","146153","2025-11-22","48.00","NZD","1760461397","23477/2025-11-22/1760461397.json"
"510807","146155","2025-11-22","52.00","NZD","1760461397","23477/2025-11-22/1760461397.json"
"581513","221281","2025-11-23","36.00","NZD","1760461397","23477/2025-11-23/1760461397.json"
"581514","221282","2025-11-23","36.00","NZD","1760461397","23477/2025-11-23/1760461397.json"
"512557","146154","2025-11-23","45.00","NZD","1760461397","23477/2025-11-23/1760461397.json"
"365170","146153","2025-11-23","48.00","NZD","1760461397","23477/2025-11-23/1760461397.json"
"510807","146155","2025-11-23","52.00","NZD","1760461397","23477/2025-11-23/1760461397.json"
"581513","221281","2025-11-24","36.00","NZD","1760461397","23477/2025-11-24/1760461397.json"
"581514","221282","2025-11-24","36.00","NZD","1760461397","23477/2025-11-24/1760461397.json"
"512557","146154","2025-11-24","45.00","NZD","1760461397","23477/2025-11-24/1760461397.json"
"365170","146153","2025-11-24","48.00","NZD","1760461397","23477/2025-11-24/1760461397.json"
"510807","146155","2025-11-24","52.00","NZD","1760461397","23477/2025-11-24/1760461397.json"
"581513","221281","2025-11-25","36.00","NZD","1760461397","23477/2025-11-25/1760461397.json"
"581514","221282","2025-11-25","36.00","NZD","1760461397","23477/2025-11-25/1760461397.json"
"512557","146154","2025-11-25","45.00","NZD","1760461397","23477/2025-11-25/1760461397.json"
"365170","146153","2025-11-25","48.00","NZD","1760461397","23477/2025-11-25/1760461397.json"
"510807","146155","2025-11-25","52.00","NZD","1760461397","23477/2025-11-25/1760461397.json"
"581513","221281","2025-11-26","36.00","NZD","1760461397","23477/2025-11-26/1760461397.json"
"581514","221282","2025-11-26","36.00","NZD","1760461397","23477/2025-11-26/1760461397.json"
"512557","146154","2025-11-26","45.00","NZD","1760461397","23477/2025-11-26/1760461397.json"
"365170","146153","2025-11-26","48.00","NZD","1760461397","23477/2025-11-26/1760461397.json"
"510807","146155","2025-11-26","52.00","NZD","1760461397","23477/2025-11-26/1760461397.json"
"581513","221281","2025-11-27","36.00","NZD","1760461397","23477/2025-11-27/1760461397.json"
"581514","221282","2025-11-27","36.00","NZD","1760461397","23477/2025-11-27/1760461397.json"
"512557","146154","2025-11-27","45.00","NZD","1760461397","23477/2025-11-27/1760461397.json"
"365170","146153","2025-11-27","48.00","NZD","1760461397","23477/2025-11-27/1760461397.json"
"510807","146155","2025-11-27","52.00","NZD","1760461397","23477/2025-11-27/1760461397.json"
"581513","221281","2025-11-28","36.00","NZD","1760461397","23477/2025-11-28/1760461397.json"
"581514","221282","2025-11-28","36.00","NZD","1760461397","23477/2025-11-28/1760461397.json"
"512557","146154","2025-11-28","45.00","NZD","1760461397","23477/2025-11-28/1760461397.json"
"365170","146153","2025-11-28","48.00","NZD","1760461397","23477/2025-11-28/1760461397.json"
"510807","146155","2025-11-28","52.00","NZD","1760461397","23477/2025-11-28/1760461397.json"
"581513","221281","2025-11-29","36.00","NZD","1760461397","23477/2025-11-29/1760461397.json"
"581514","221282","2025-11-29","36.00","NZD","1760461397","23477/2025-11-29/1760461397.json"
"512557","146154","2025-11-29","45.00","NZD","1760461397","23477/2025-11-29/1760461397.json"
"365170","146153","2025-11-29","48.00","NZD","1760461397","23477/2025-11-29/1760461397.json"
"510807","146155","2025-11-29","52.00","NZD","1760461397","23477/2025-11-29/1760461397.json"
"581513","221281","2025-12-01","36.00","NZD","1760461397","23477/2025-12-01/1760461397.json"
"581514","221282","2025-12-01","36.00","NZD","1760461397","23477/2025-12-01/1760461397.json"
"512557","146154","2025-12-01","45.00","NZD","1760461397","23477/2025-12-01/1760461397.json"
"365170","146153","2025-12-01","48.00","NZD","1760461397","23477/2025-12-01/1760461397.json"
"510807","146155","2025-12-01","52.00","NZD","1760461397","23477/2025-12-01/1760461397.json"
"581513","221281","2025-11-30","36.00","NZD","1760461397","23477/2025-11-30/1760461397.json"
"581514","221282","2025-11-30","36.00","NZD","1760461397","23477/2025-11-30/1760461397.json"
"512557","146154","2025-11-30","45.00","NZD","1760461397","23477/2025-11-30/1760461397.json"
"365170","146153","2025-11-30","48.00","NZD","1760461397","23477/2025-11-30/1760461397.json"
"510807","146155","2025-11-30","52.00","NZD","1760461397","23477/2025-11-30/1760461397.json"
"581513","221281","2025-12-03","36.00","NZD","1760461397","23477/2025-12-03/1760461397.json"
"581514","221282","2025-12-03","36.00","NZD","1760461397","23477/2025-12-03/1760461397.json"
"512557","146154","2025-12-03","45.00","NZD","1760461397","23477/2025-12-03/1760461397.json"
"365170","146153","2025-12-03","48.00","NZD","1760461397","23477/2025-12-03/1760461397.json"
"510807","146155","2025-12-03","52.00","NZD","1760461397","23477/2025-12-03/1760461397.json"
"581513","221281","2025-12-02","36.00","NZD","1760461397","23477/2025-12-02/1760461397.json"
"581514","221282","2025-12-02","36.00","NZD","1760461397","23477/2025-12-02/1760461397.json"
"512557","146154","2025-12-02","45.00","NZD","1760461397","23477/2025-12-02/1760461397.json"
"365170","146153","2025-12-02","48.00","NZD","1760461397","23477/2025-12-02/1760461397.json"
"510807","146155","2025-12-02","52.00","NZD","1760461397","23477/2025-12-02/1760461397.json"
"581513","221281","2025-12-04","36.00","NZD","1760461397","23477/2025-12-04/1760461397.json"
"581514","221282","2025-12-04","36.00","NZD","1760461397","23477/2025-12-04/1760461397.json"
"512557","146154","2025-12-04","45.00","NZD","1760461397","23477/2025-12-04/1760461397.json"
"365170","146153","2025-12-04","48.00","NZD","1760461397","23477/2025-12-04/1760461397.json"
"510807","146155","2025-12-04","52.00","NZD","1760461397","23477/2025-12-04/1760461397.json"
"581513","221281","2025-12-05","36.00","NZD","1760461397","23477/2025-12-05/1760461397.json"
"581514","221282","2025-12-05","36.00","NZD","1760461397","23477/2025-12-05/1760461397.json"
"512557","146154","2025-12-05","45.00","NZD","1760461397","23477/2025-12-05/1760461397.json"
"365170","146153","2025-12-05","48.00","NZD","1760461397","23477/2025-12-05/1760461397.json"
"510807","146155","2025-12-05","52.00","NZD","1760461397","23477/2025-12-05/1760461397.json"
"581513","221281","2025-12-06","36.00","NZD","1760461397","23477/2025-12-06/1760461397.json"
"581514","221282","2025-12-06","36.00","NZD","1760461397","23477/2025-12-06/1760461397.json"
"512557","146154","2025-12-06","45.00","NZD","1760461397","23477/2025-12-06/1760461397.json"
"365170","146153","2025-12-06","48.00","NZD","1760461397","23477/2025-12-06/1760461397.json"
"510807","146155","2025-12-06","52.00","NZD","1760461397","23477/2025-12-06/1760461397.json"
"581513","221281","2025-12-07","36.00","NZD","1760461397","23477/2025-12-07/1760461397.json"
"581514","221282","2025-12-07","36.00","NZD","1760461397","23477/2025-12-07/1760461397.json"
"512557","146154","2025-12-07","45.00","NZD","1760461397","23477/2025-12-07/1760461397.json"
"365170","146153","2025-12-07","48.00","NZD","1760461397","23477/2025-12-07/1760461397.json"
"510807","146155","2025-12-07","52.00","NZD","1760461397","23477/2025-12-07/1760461397.json"
"581513","221281","2025-12-08","36.00","NZD","1760461397","23477/2025-12-08/1760461397.json"
"581514","221282","2025-12-08","36.00","NZD","1760461397","23477/2025-12-08/1760461397.json"
"512557","146154","2025-12-08","45.00","NZD","1760461397","23477/2025-12-08/1760461397.json"
"365170","146153","2025-12-08","48.00","NZD","1760461397","23477/2025-12-08/1760461397.json"
"510807","146155","2025-12-08","52.00","NZD","1760461397","23477/2025-12-08/1760461397.json"
"581513","221281","2025-12-09","36.00","NZD","1760461397","23477/2025-12-09/1760461397.json"
"581514","221282","2025-12-09","36.00","NZD","1760461397","23477/2025-12-09/1760461397.json"
"512557","146154","2025-12-09","45.00","NZD","1760461397","23477/2025-12-09/1760461397.json"
"365170","146153","2025-12-09","48.00","NZD","1760461397","23477/2025-12-09/1760461397.json"
"510807","146155","2025-12-09","52.00","NZD","1760461397","23477/2025-12-09/1760461397.json"
"581513","221281","2025-12-10","36.00","NZD","1760461397","23477/2025-12-10/1760461397.json"
"581514","221282","2025-12-10","36.00","NZD","1760461397","23477/2025-12-10/1760461397.json"
"512557","146154","2025-12-10","45.00","NZD","1760461397","23477/2025-12-10/1760461397.json"
"365170","146153","2025-12-10","48.00","NZD","1760461397","23477/2025-12-10/1760461397.json"
"510807","146155","2025-12-10","52.00","NZD","1760461397","23477/2025-12-10/1760461397.json"
"581513","221281","2025-12-11","36.00","NZD","1760461397","23477/2025-12-11/1760461397.json"
"581514","221282","2025-12-11","36.00","NZD","1760461397","23477/2025-12-11/1760461397.json"
"512557","146154","2025-12-11","45.00","NZD","1760461397","23477/2025-12-11/1760461397.json"
"365170","146153","2025-12-11","48.00","NZD","1760461397","23477/2025-12-11/1760461397.json"
"510807","146155","2025-12-11","52.00","NZD","1760461397","23477/2025-12-11/1760461397.json"
"581513","221281","2025-12-12","36.00","NZD","1760461397","23477/2025-12-12/1760461397.json"
"581514","221282","2025-12-12","36.00","NZD","1760461397","23477/2025-12-12/1760461397.json"
"512557","146154","2025-12-12","45.00","NZD","1760461397","23477/2025-12-12/1760461397.json"
"365170","146153","2025-12-12","48.00","NZD","1760461397","23477/2025-12-12/1760461397.json"
"510807","146155","2025-12-12","52.00","NZD","1760461397","23477/2025-12-12/1760461397.json"
"581513","221281","2025-12-13","36.00","NZD","1760461397","23477/2025-12-13/1760461397.json"
"581514","221282","2025-12-13","36.00","NZD","1760461397","23477/2025-12-13/1760461397.json"
"512557","146154","2025-12-13","45.00","NZD","1760461397","23477/2025-12-13/1760461397.json"
"365170","146153","2025-12-13","48.00","NZD","1760461397","23477/2025-12-13/1760461397.json"
"510807","146155","2025-12-13","52.00","NZD","1760461397","23477/2025-12-13/1760461397.json"
"581513","221281","2025-10-16","36.00","NZD","1760475062","23477/2025-10-16/1760475062.json"
"581514","221282","2025-10-16","36.00","NZD","1760475062","23477/2025-10-16/1760475062.json"
"512557","146154","2025-10-16","45.00","NZD","1760475062","23477/2025-10-16/1760475062.json"
"365170","146153","2025-10-16","48.00","NZD","1760475062","23477/2025-10-16/1760475062.json"
"510807","146155","2025-10-16","52.00","NZD","1760475062","23477/2025-10-16/1760475062.json"
"581513","221281","2025-10-17","36.00","NZD","1760475062","23477/2025-10-17/1760475062.json"
"581514","221282","2025-10-17","36.00","NZD","1760475062","23477/2025-10-17/1760475062.json"
"512557","146154","2025-10-17","45.00","NZD","1760475062","23477/2025-10-17/1760475062.json"
"365170","146153","2025-10-17","48.00","NZD","1760475062","23477/2025-10-17/1760475062.json"
"510807","146155","2025-10-17","52.00","NZD","1760475062","23477/2025-10-17/1760475062.json"
"581513","221281","2025-10-15","36.00","NZD","1760475062","23477/2025-10-15/1760475062.json"
"581514","221282","2025-10-15","36.00","NZD","1760475062","23477/2025-10-15/1760475062.json"
"512557","146154","2025-10-15","45.00","NZD","1760475062","23477/2025-10-15/1760475062.json"
"365170","146153","2025-10-15","48.00","NZD","1760475062","23477/2025-10-15/1760475062.json"
"510807","146155","2025-10-15","52.00","NZD","1760475062","23477/2025-10-15/1760475062.json"
"581513","221281","2025-10-18","36.00","NZD","1760475062","23477/2025-10-18/1760475062.json"
"581514","221282","2025-10-18","36.00","NZD","1760475062","23477/2025-10-18/1760475062.json"
"512557","146154","2025-10-18","45.00","NZD","1760475062","23477/2025-10-18/1760475062.json"
"365170","146153","2025-10-18","48.00","NZD","1760475062","23477/2025-10-18/1760475062.json"
"510807","146155","2025-10-18","52.00","NZD","1760475062","23477/2025-10-18/1760475062.json"
"581513","221281","2025-10-20","36.00","NZD","1760475062","23477/2025-10-20/1760475062.json"
"581514","221282","2025-10-20","36.00","NZD","1760475062","23477/2025-10-20/1760475062.json"
"512557","146154","2025-10-20","45.00","NZD","1760475062","23477/2025-10-20/1760475062.json"
"581513","221281","2025-10-21","36.00","NZD","1760475062","23477/2025-10-21/1760475062.json"
"365170","146153","2025-10-20","48.00","NZD","1760475062","23477/2025-10-20/1760475062.json"
"581514","221282","2025-10-21","36.00","NZD","1760475062","23477/2025-10-21/1760475062.json"
"512557","146154","2025-10-21","45.00","NZD","1760475062","23477/2025-10-21/1760475062.json"
"365170","146153","2025-10-21","48.00","NZD","1760475062","23477/2025-10-21/1760475062.json"
"510807","146155","2025-10-21","52.00","NZD","1760475062","23477/2025-10-21/1760475062.json"
"510807","146155","2025-10-20","52.00","NZD","1760475062","23477/2025-10-20/1760475062.json"
"581513","221281","2025-10-19","36.00","NZD","1760475062","23477/2025-10-19/1760475062.json"
"581514","221282","2025-10-19","36.00","NZD","1760475062","23477/2025-10-19/1760475062.json"
"512557","146154","2025-10-19","45.00","NZD","1760475062","23477/2025-10-19/1760475062.json"
"365170","146153","2025-10-19","48.00","NZD","1760475062","23477/2025-10-19/1760475062.json"
"510807","146155","2025-10-19","52.00","NZD","1760475062","23477/2025-10-19/1760475062.json"
"581513","221281","2025-10-22","36.00","NZD","1760475062","23477/2025-10-22/1760475062.json"
"581514","221282","2025-10-22","36.00","NZD","1760475062","23477/2025-10-22/1760475062.json"
"512557","146154","2025-10-22","45.00","NZD","1760475062","23477/2025-10-22/1760475062.json"
"365170","146153","2025-10-22","48.00","NZD","1760475062","23477/2025-10-22/1760475062.json"
"510807","146155","2025-10-22","52.00","NZD","1760475062","23477/2025-10-22/1760475062.json"
"581513","221281","2025-10-23","36.00","NZD","1760475062","23477/2025-10-23/1760475062.json"
"581514","221282","2025-10-23","36.00","NZD","1760475062","23477/2025-10-23/1760475062.json"
"512557","146154","2025-10-23","45.00","NZD","1760475062","23477/2025-10-23/1760475062.json"
"365170","146153","2025-10-23","48.00","NZD","1760475062","23477/2025-10-23/1760475062.json"
"510807","146155","2025-10-23","52.00","NZD","1760475062","23477/2025-10-23/1760475062.json"
"581513","221281","2025-10-25","38.00","NZD","1760475062","23477/2025-10-25/1760475062.json"
"581514","221282","2025-10-25","38.00","NZD","1760475062","23477/2025-10-25/1760475062.json"
"512557","146154","2025-10-25","45.00","NZD","1760475062","23477/2025-10-25/1760475062.json"
"581513","221281","2025-10-24","36.00","NZD","1760475062","23477/2025-10-24/1760475062.json"
"581514","221282","2025-10-24","36.00","NZD","1760475062","23477/2025-10-24/1760475062.json"
"512557","146154","2025-10-24","45.00","NZD","1760475062","23477/2025-10-24/1760475062.json"
"365170","146153","2025-10-24","48.00","NZD","1760475062","23477/2025-10-24/1760475062.json"
"510807","146155","2025-10-24","52.00","NZD","1760475062","23477/2025-10-24/1760475062.json"
"581513","221281","2025-10-26","38.00","NZD","1760475062","23477/2025-10-26/1760475062.json"
"581514","221282","2025-10-26","38.00","NZD","1760475062","23477/2025-10-26/1760475062.json"
"512557","146154","2025-10-26","45.00","NZD","1760475062","23477/2025-10-26/1760475062.json"
"581513","221281","2025-10-27","38.00","NZD","1760475062","23477/2025-10-27/1760475062.json"
"581514","221282","2025-10-27","38.00","NZD","1760475062","23477/2025-10-27/1760475062.json"
"512557","146154","2025-10-27","45.00","NZD","1760475062","23477/2025-10-27/1760475062.json"
"365170","146153","2025-10-27","48.00","NZD","1760475062","23477/2025-10-27/1760475062.json"
"510807","146155","2025-10-27","52.00","NZD","1760475062","23477/2025-10-27/1760475062.json"
"581513","221281","2025-10-28","36.00","NZD","1760475062","23477/2025-10-28/1760475062.json"
"581514","221282","2025-10-28","36.00","NZD","1760475062","23477/2025-10-28/1760475062.json"
"512557","146154","2025-10-28","45.00","NZD","1760475062","23477/2025-10-28/1760475062.json"
"365170","146153","2025-10-28","48.00","NZD","1760475062","23477/2025-10-28/1760475062.json"
"510807","146155","2025-10-28","52.00","NZD","1760475062","23477/2025-10-28/1760475062.json"
"581513","221281","2025-10-29","36.00","NZD","1760475062","23477/2025-10-29/1760475062.json"
"581514","221282","2025-10-29","36.00","NZD","1760475062","23477/2025-10-29/1760475062.json"
"512557","146154","2025-10-29","45.00","NZD","1760475062","23477/2025-10-29/1760475062.json"
"365170","146153","2025-10-29","48.00","NZD","1760475062","23477/2025-10-29/1760475062.json"
"510807","146155","2025-10-29","52.00","NZD","1760475062","23477/2025-10-29/1760475062.json"
"581513","221281","2025-10-30","36.00","NZD","1760475062","23477/2025-10-30/1760475062.json"
"581514","221282","2025-10-30","36.00","NZD","1760475062","23477/2025-10-30/1760475062.json"
"512557","146154","2025-10-30","45.00","NZD","1760475062","23477/2025-10-30/1760475062.json"
"365170","146153","2025-10-30","48.00","NZD","1760475062","23477/2025-10-30/1760475062.json"
"510807","146155","2025-10-30","52.00","NZD","1760475062","23477/2025-10-30/1760475062.json"
"581513","221281","2025-11-01","36.00","NZD","1760475062","23477/2025-11-01/1760475062.json"
"581514","221282","2025-11-01","36.00","NZD","1760475062","23477/2025-11-01/1760475062.json"
"512557","146154","2025-11-01","45.00","NZD","1760475062","23477/2025-11-01/1760475062.json"
"365170","146153","2025-11-01","48.00","NZD","1760475062","23477/2025-11-01/1760475062.json"
"510807","146155","2025-11-01","52.00","NZD","1760475062","23477/2025-11-01/1760475062.json"
"581513","221281","2025-10-31","36.00","NZD","1760475062","23477/2025-10-31/1760475062.json"
"581514","221282","2025-10-31","36.00","NZD","1760475062","23477/2025-10-31/1760475062.json"
"512557","146154","2025-10-31","45.00","NZD","1760475062","23477/2025-10-31/1760475062.json"
"365170","146153","2025-10-31","48.00","NZD","1760475062","23477/2025-10-31/1760475062.json"
"510807","146155","2025-10-31","52.00","NZD","1760475062","23477/2025-10-31/1760475062.json"
"581513","221281","2025-11-02","36.00","NZD","1760475062","23477/2025-11-02/1760475062.json"
"581514","221282","2025-11-02","36.00","NZD","1760475062","23477/2025-11-02/1760475062.json"
"512557","146154","2025-11-02","45.00","NZD","1760475062","23477/2025-11-02/1760475062.json"
"365170","146153","2025-11-02","48.00","NZD","1760475062","23477/2025-11-02/1760475062.json"
"510807","146155","2025-11-02","52.00","NZD","1760475062","23477/2025-11-02/1760475062.json"
"581513","221281","2025-11-03","36.00","NZD","1760475062","23477/2025-11-03/1760475062.json"
"581514","221282","2025-11-03","36.00","NZD","1760475062","23477/2025-11-03/1760475062.json"
"512557","146154","2025-11-03","45.00","NZD","1760475062","23477/2025-11-03/1760475062.json"
"365170","146153","2025-11-03","48.00","NZD","1760475062","23477/2025-11-03/1760475062.json"
"510807","146155","2025-11-03","52.00","NZD","1760475062","23477/2025-11-03/1760475062.json"
"581513","221281","2025-11-05","36.00","NZD","1760475062","23477/2025-11-05/1760475062.json"
"581514","221282","2025-11-05","36.00","NZD","1760475062","23477/2025-11-05/1760475062.json"
"512557","146154","2025-11-05","45.00","NZD","1760475062","23477/2025-11-05/1760475062.json"
"365170","146153","2025-11-05","48.00","NZD","1760475062","23477/2025-11-05/1760475062.json"
"510807","146155","2025-11-05","52.00","NZD","1760475062","23477/2025-11-05/1760475062.json"
"581513","221281","2025-11-06","36.00","NZD","1760475062","23477/2025-11-06/1760475062.json"
"581514","221282","2025-11-06","36.00","NZD","1760475062","23477/2025-11-06/1760475062.json"
"512557","146154","2025-11-06","45.00","NZD","1760475062","23477/2025-11-06/1760475062.json"
"365170","146153","2025-11-06","48.00","NZD","1760475062","23477/2025-11-06/1760475062.json"
"510807","146155","2025-11-06","52.00","NZD","1760475062","23477/2025-11-06/1760475062.json"
"581513","221281","2025-11-07","36.00","NZD","1760475062","23477/2025-11-07/1760475062.json"
"581514","221282","2025-11-07","36.00","NZD","1760475062","23477/2025-11-07/1760475062.json"
"512557","146154","2025-11-07","45.00","NZD","1760475062","23477/2025-11-07/1760475062.json"
"365170","146153","2025-11-07","48.00","NZD","1760475062","23477/2025-11-07/1760475062.json"
"510807","146155","2025-11-07","52.00","NZD","1760475062","23477/2025-11-07/1760475062.json"
"581513","221281","2025-11-04","36.00","NZD","1760475062","23477/2025-11-04/1760475062.json"
"581514","221282","2025-11-04","36.00","NZD","1760475062","23477/2025-11-04/1760475062.json"
"512557","146154","2025-11-04","45.00","NZD","1760475062","23477/2025-11-04/1760475062.json"
"365170","146153","2025-11-04","48.00","NZD","1760475062","23477/2025-11-04/1760475062.json"
"510807","146155","2025-11-04","52.00","NZD","1760475062","23477/2025-11-04/1760475062.json"
"581513","221281","2025-11-08","36.00","NZD","1760475062","23477/2025-11-08/1760475062.json"
"581514","221282","2025-11-08","36.00","NZD","1760475062","23477/2025-11-08/1760475062.json"
"512557","146154","2025-11-08","45.00","NZD","1760475062","23477/2025-11-08/1760475062.json"
"365170","146153","2025-11-08","48.00","NZD","1760475062","23477/2025-11-08/1760475062.json"
"510807","146155","2025-11-08","52.00","NZD","1760475062","23477/2025-11-08/1760475062.json"
"581513","221281","2025-11-09","36.00","NZD","1760475062","23477/2025-11-09/1760475062.json"
"581514","221282","2025-11-09","36.00","NZD","1760475062","23477/2025-11-09/1760475062.json"
"512557","146154","2025-11-09","45.00","NZD","1760475062","23477/2025-11-09/1760475062.json"
"365170","146153","2025-11-09","48.00","NZD","1760475062","23477/2025-11-09/1760475062.json"
"510807","146155","2025-11-09","52.00","NZD","1760475062","23477/2025-11-09/1760475062.json"
"581513","221281","2025-11-10","36.00","NZD","1760475062","23477/2025-11-10/1760475062.json"
"581514","221282","2025-11-10","36.00","NZD","1760475062","23477/2025-11-10/1760475062.json"
"512557","146154","2025-11-10","45.00","NZD","1760475062","23477/2025-11-10/1760475062.json"
"365170","146153","2025-11-10","48.00","NZD","1760475062","23477/2025-11-10/1760475062.json"
"510807","146155","2025-11-10","52.00","NZD","1760475062","23477/2025-11-10/1760475062.json"
"581513","221281","2025-11-11","36.00","NZD","1760475062","23477/2025-11-11/1760475062.json"
"581514","221282","2025-11-11","36.00","NZD","1760475062","23477/2025-11-11/1760475062.json"
"512557","146154","2025-11-11","45.00","NZD","1760475062","23477/2025-11-11/1760475062.json"
"365170","146153","2025-11-11","48.00","NZD","1760475062","23477/2025-11-11/1760475062.json"
"510807","146155","2025-11-11","52.00","NZD","1760475062","23477/2025-11-11/1760475062.json"
"581513","221281","2025-11-12","36.00","NZD","1760475062","23477/2025-11-12/1760475062.json"
"581514","221282","2025-11-12","36.00","NZD","1760475062","23477/2025-11-12/1760475062.json"
"512557","146154","2025-11-12","45.00","NZD","1760475062","23477/2025-11-12/1760475062.json"
"365170","146153","2025-11-12","48.00","NZD","1760475062","23477/2025-11-12/1760475062.json"
"510807","146155","2025-11-12","52.00","NZD","1760475062","23477/2025-11-12/1760475062.json"
"581513","221281","2025-11-13","36.00","NZD","1760475062","23477/2025-11-13/1760475062.json"
"581514","221282","2025-11-13","36.00","NZD","1760475062","23477/2025-11-13/1760475062.json"
"512557","146154","2025-11-13","45.00","NZD","1760475062","23477/2025-11-13/1760475062.json"
"365170","146153","2025-11-13","48.00","NZD","1760475062","23477/2025-11-13/1760475062.json"
"510807","146155","2025-11-13","52.00","NZD","1760475062","23477/2025-11-13/1760475062.json"
"581513","221281","2025-11-14","36.00","NZD","1760475062","23477/2025-11-14/1760475062.json"
"581514","221282","2025-11-14","36.00","NZD","1760475062","23477/2025-11-14/1760475062.json"
"512557","146154","2025-11-14","45.00","NZD","1760475062","23477/2025-11-14/1760475062.json"
"365170","146153","2025-11-14","48.00","NZD","1760475062","23477/2025-11-14/1760475062.json"
"510807","146155","2025-11-14","52.00","NZD","1760475062","23477/2025-11-14/1760475062.json"
"581513","221281","2025-11-15","36.00","NZD","1760475062","23477/2025-11-15/1760475062.json"
"581514","221282","2025-11-15","36.00","NZD","1760475062","23477/2025-11-15/1760475062.json"
"512557","146154","2025-11-15","45.00","NZD","1760475062","23477/2025-11-15/1760475062.json"
"365170","146153","2025-11-15","48.00","NZD","1760475062","23477/2025-11-15/1760475062.json"
"510807","146155","2025-11-15","52.00","NZD","1760475062","23477/2025-11-15/1760475062.json"
"581513","221281","2025-11-16","36.00","NZD","1760475062","23477/2025-11-16/1760475062.json"
"581514","221282","2025-11-16","36.00","NZD","1760475062","23477/2025-11-16/1760475062.json"
"512557","146154","2025-11-16","45.00","NZD","1760475062","23477/2025-11-16/1760475062.json"
"365170","146153","2025-11-16","48.00","NZD","1760475062","23477/2025-11-16/1760475062.json"
"510807","146155","2025-11-16","52.00","NZD","1760475062","23477/2025-11-16/1760475062.json"
"581513","221281","2025-11-17","36.00","NZD","1760475062","23477/2025-11-17/1760475062.json"
"581514","221282","2025-11-17","36.00","NZD","1760475062","23477/2025-11-17/1760475062.json"
"512557","146154","2025-11-17","45.00","NZD","1760475062","23477/2025-11-17/1760475062.json"
"365170","146153","2025-11-17","48.00","NZD","1760475062","23477/2025-11-17/1760475062.json"
"510807","146155","2025-11-17","52.00","NZD","1760475062","23477/2025-11-17/1760475062.json"
"581513","221281","2025-11-18","36.00","NZD","1760475062","23477/2025-11-18/1760475062.json"
"581514","221282","2025-11-18","36.00","NZD","1760475062","23477/2025-11-18/1760475062.json"
"512557","146154","2025-11-18","45.00","NZD","1760475062","23477/2025-11-18/1760475062.json"
"365170","146153","2025-11-18","48.00","NZD","1760475062","23477/2025-11-18/1760475062.json"
"510807","146155","2025-11-18","52.00","NZD","1760475062","23477/2025-11-18/1760475062.json"
"581513","221281","2025-11-19","36.00","NZD","1760475062","23477/2025-11-19/1760475062.json"
"581514","221282","2025-11-19","36.00","NZD","1760475062","23477/2025-11-19/1760475062.json"
"512557","146154","2025-11-19","45.00","NZD","1760475062","23477/2025-11-19/1760475062.json"
"365170","146153","2025-11-19","48.00","NZD","1760475062","23477/2025-11-19/1760475062.json"
"510807","146155","2025-11-19","52.00","NZD","1760475062","23477/2025-11-19/1760475062.json"
"581513","221281","2025-11-20","36.00","NZD","1760475062","23477/2025-11-20/1760475062.json"
"581514","221282","2025-11-20","36.00","NZD","1760475062","23477/2025-11-20/1760475062.json"
"512557","146154","2025-11-20","45.00","NZD","1760475062","23477/2025-11-20/1760475062.json"
"581513","221281","2025-11-21","36.00","NZD","1760475062","23477/2025-11-21/1760475062.json"
"581514","221282","2025-11-21","36.00","NZD","1760475062","23477/2025-11-21/1760475062.json"
"512557","146154","2025-11-21","45.00","NZD","1760475062","23477/2025-11-21/1760475062.json"
"365170","146153","2025-11-21","48.00","NZD","1760475062","23477/2025-11-21/1760475062.json"
"510807","146155","2025-11-21","52.00","NZD","1760475062","23477/2025-11-21/1760475062.json"
"581513","221281","2025-11-22","36.00","NZD","1760475062","23477/2025-11-22/1760475062.json"
"581514","221282","2025-11-22","36.00","NZD","1760475062","23477/2025-11-22/1760475062.json"
"512557","146154","2025-11-22","45.00","NZD","1760475062","23477/2025-11-22/1760475062.json"
"365170","146153","2025-11-22","48.00","NZD","1760475062","23477/2025-11-22/1760475062.json"
"510807","146155","2025-11-22","52.00","NZD","1760475062","23477/2025-11-22/1760475062.json"
"581513","221281","2025-11-23","36.00","NZD","1760475062","23477/2025-11-23/1760475062.json"
"581514","221282","2025-11-23","36.00","NZD","1760475062","23477/2025-11-23/1760475062.json"
"512557","146154","2025-11-23","45.00","NZD","1760475062","23477/2025-11-23/1760475062.json"
"365170","146153","2025-11-23","48.00","NZD","1760475062","23477/2025-11-23/1760475062.json"
"510807","146155","2025-11-23","52.00","NZD","1760475062","23477/2025-11-23/1760475062.json"
"581513","221281","2025-11-25","36.00","NZD","1760475062","23477/2025-11-25/1760475062.json"
"581514","221282","2025-11-25","36.00","NZD","1760475062","23477/2025-11-25/1760475062.json"
"512557","146154","2025-11-25","45.00","NZD","1760475062","23477/2025-11-25/1760475062.json"
"365170","146153","2025-11-25","48.00","NZD","1760475062","23477/2025-11-25/1760475062.json"
"510807","146155","2025-11-25","52.00","NZD","1760475062","23477/2025-11-25/1760475062.json"
"581513","221281","2025-11-24","36.00","NZD","1760475062","23477/2025-11-24/1760475062.json"
"581514","221282","2025-11-24","36.00","NZD","1760475062","23477/2025-11-24/1760475062.json"
"512557","146154","2025-11-24","45.00","NZD","1760475062","23477/2025-11-24/1760475062.json"
"365170","146153","2025-11-24","48.00","NZD","1760475062","23477/2025-11-24/1760475062.json"
"510807","146155","2025-11-24","52.00","NZD","1760475062","23477/2025-11-24/1760475062.json"
"581513","221281","2025-11-27","36.00","NZD","1760475062","23477/2025-11-27/1760475062.json"
"581514","221282","2025-11-27","36.00","NZD","1760475062","23477/2025-11-27/1760475062.json"
"512557","146154","2025-11-27","45.00","NZD","1760475062","23477/2025-11-27/1760475062.json"
"365170","146153","2025-11-27","48.00","NZD","1760475062","23477/2025-11-27/1760475062.json"
"510807","146155","2025-11-27","52.00","NZD","1760475062","23477/2025-11-27/1760475062.json"
"581513","221281","2025-11-28","36.00","NZD","1760475062","23477/2025-11-28/1760475062.json"
"581514","221282","2025-11-28","36.00","NZD","1760475062","23477/2025-11-28/1760475062.json"
"512557","146154","2025-11-28","45.00","NZD","1760475062","23477/2025-11-28/1760475062.json"
"365170","146153","2025-11-28","48.00","NZD","1760475062","23477/2025-11-28/1760475062.json"
"510807","146155","2025-11-28","52.00","NZD","1760475062","23477/2025-11-28/1760475062.json"
"581513","221281","2025-11-26","36.00","NZD","1760475062","23477/2025-11-26/1760475062.json"
"581514","221282","2025-11-26","36.00","NZD","1760475062","23477/2025-11-26/1760475062.json"
"512557","146154","2025-11-26","45.00","NZD","1760475062","23477/2025-11-26/1760475062.json"
"365170","146153","2025-11-26","48.00","NZD","1760475062","23477/2025-11-26/1760475062.json"
"510807","146155","2025-11-26","52.00","NZD","1760475062","23477/2025-11-26/1760475062.json"
"581513","221281","2025-11-29","36.00","NZD","1760475062","23477/2025-11-29/1760475062.json"
"581514","221282","2025-11-29","36.00","NZD","1760475062","23477/2025-11-29/1760475062.json"
"512557","146154","2025-11-29","45.00","NZD","1760475062","23477/2025-11-29/1760475062.json"
"365170","146153","2025-11-29","48.00","NZD","1760475062","23477/2025-11-29/1760475062.json"
"510807","146155","2025-11-29","52.00","NZD","1760475062","23477/2025-11-29/1760475062.json"
"581513","221281","2025-11-30","36.00","NZD","1760475062","23477/2025-11-30/1760475062.json"
"581514","221282","2025-11-30","36.00","NZD","1760475062","23477/2025-11-30/1760475062.json"
"512557","146154","2025-11-30","45.00","NZD","1760475062","23477/2025-11-30/1760475062.json"
"365170","146153","2025-11-30","48.00","NZD","1760475062","23477/2025-11-30/1760475062.json"
"510807","146155","2025-11-30","52.00","NZD","1760475062","23477/2025-11-30/1760475062.json"
"581513","221281","2025-12-02","36.00","NZD","1760475062","23477/2025-12-02/1760475062.json"
"581514","221282","2025-12-02","36.00","NZD","1760475062","23477/2025-12-02/1760475062.json"
"512557","146154","2025-12-02","45.00","NZD","1760475062","23477/2025-12-02/1760475062.json"
"365170","146153","2025-12-02","48.00","NZD","1760475062","23477/2025-12-02/1760475062.json"
"510807","146155","2025-12-02","52.00","NZD","1760475062","23477/2025-12-02/1760475062.json"
"581513","221281","2025-12-01","36.00","NZD","1760475062","23477/2025-12-01/1760475062.json"
"581514","221282","2025-12-01","36.00","NZD","1760475062","23477/2025-12-01/1760475062.json"
"512557","146154","2025-12-01","45.00","NZD","1760475062","23477/2025-12-01/1760475062.json"
"365170","146153","2025-12-01","48.00","NZD","1760475062","23477/2025-12-01/1760475062.json"
"510807","146155","2025-12-01","52.00","NZD","1760475062","23477/2025-12-01/1760475062.json"
"581513","221281","2025-12-03","36.00","NZD","1760475062","23477/2025-12-03/1760475062.json"
"581514","221282","2025-12-03","36.00","NZD","1760475062","23477/2025-12-03/1760475062.json"
"512557","146154","2025-12-03","45.00","NZD","1760475062","23477/2025-12-03/1760475062.json"
"365170","146153","2025-12-03","48.00","NZD","1760475062","23477/2025-12-03/1760475062.json"
"510807","146155","2025-12-03","52.00","NZD","1760475062","23477/2025-12-03/1760475062.json"
"581513","221281","2025-12-04","36.00","NZD","1760475062","23477/2025-12-04/1760475062.json"
"581514","221282","2025-12-04","36.00","NZD","1760475062","23477/2025-12-04/1760475062.json"
"512557","146154","2025-12-04","45.00","NZD","1760475062","23477/2025-12-04/1760475062.json"
"365170","146153","2025-12-04","48.00","NZD","1760475062","23477/2025-12-04/1760475062.json"
"510807","146155","2025-12-04","52.00","NZD","1760475062","23477/2025-12-04/1760475062.json"
"581513","221281","2025-12-05","36.00","NZD","1760475062","23477/2025-12-05/1760475062.json"
"581514","221282","2025-12-05","36.00","NZD","1760475062","23477/2025-12-05/1760475062.json"
"512557","146154","2025-12-05","45.00","NZD","1760475062","23477/2025-12-05/1760475062.json"
"365170","146153","2025-12-05","48.00","NZD","1760475062","23477/2025-12-05/1760475062.json"
"510807","146155","2025-12-05","52.00","NZD","1760475062","23477/2025-12-05/1760475062.json"
"581513","221281","2025-12-06","36.00","NZD","1760475062","23477/2025-12-06/1760475062.json"
"581514","221282","2025-12-06","36.00","NZD","1760475062","23477/2025-12-06/1760475062.json"
"512557","146154","2025-12-06","45.00","NZD","1760475062","23477/2025-12-06/1760475062.json"
"365170","146153","2025-12-06","48.00","NZD","1760475062","23477/2025-12-06/1760475062.json"
"510807","146155","2025-12-06","52.00","NZD","1760475062","23477/2025-12-06/1760475062.json"
"581513","221281","2025-12-07","36.00","NZD","1760475062","23477/2025-12-07/1760475062.json"
"581514","221282","2025-12-07","36.00","NZD","1760475062","23477/2025-12-07/1760475062.json"
"512557","146154","2025-12-07","45.00","NZD","1760475062","23477/2025-12-07/1760475062.json"
"365170","146153","2025-12-07","48.00","NZD","1760475062","23477/2025-12-07/1760475062.json"
"510807","146155","2025-12-07","52.00","NZD","1760475062","23477/2025-12-07/1760475062.json"
"581513","221281","2025-12-09","36.00","NZD","1760475062","23477/2025-12-09/1760475062.json"
"581514","221282","2025-12-09","36.00","NZD","1760475062","23477/2025-12-09/1760475062.json"
"512557","146154","2025-12-09","45.00","NZD","1760475062","23477/2025-12-09/1760475062.json"
"365170","146153","2025-12-09","48.00","NZD","1760475062","23477/2025-12-09/1760475062.json"
"510807","146155","2025-12-09","52.00","NZD","1760475062","23477/2025-12-09/1760475062.json"
"581513","221281","2025-12-08","36.00","NZD","1760475062","23477/2025-12-08/1760475062.json"
"581514","221282","2025-12-08","36.00","NZD","1760475062","23477/2025-12-08/1760475062.json"
"512557","146154","2025-12-08","45.00","NZD","1760475062","23477/2025-12-08/1760475062.json"
"365170","146153","2025-12-08","48.00","NZD","1760475062","23477/2025-12-08/1760475062.json"
"510807","146155","2025-12-08","52.00","NZD","1760475062","23477/2025-12-08/1760475062.json"
"581513","221281","2025-12-10","36.00","NZD","1760475062","23477/2025-12-10/1760475062.json"
"581514","221282","2025-12-10","36.00","NZD","1760475062","23477/2025-12-10/1760475062.json"
"512557","146154","2025-12-10","45.00","NZD","1760475062","23477/2025-12-10/1760475062.json"
"365170","146153","2025-12-10","48.00","NZD","1760475062","23477/2025-12-10/1760475062.json"
"510807","146155","2025-12-10","52.00","NZD","1760475062","23477/2025-12-10/1760475062.json"
"581513","221281","2025-12-11","36.00","NZD","1760475062","23477/2025-12-11/1760475062.json"
"581514","221282","2025-12-11","36.00","NZD","1760475062","23477/2025-12-11/1760475062.json"
"512557","146154","2025-12-11","45.00","NZD","1760475062","23477/2025-12-11/1760475062.json"
"365170","146153","2025-12-11","48.00","NZD","1760475062","23477/2025-12-11/1760475062.json"
"510807","146155","2025-12-11","52.00","NZD","1760475062","23477/2025-12-11/1760475062.json"
"581513","221281","2025-12-12","36.00","NZD","1760475062","23477/2025-12-12/1760475062.json"
"581514","221282","2025-12-12","36.00","NZD","1760475062","23477/2025-12-12/1760475062.json"
"512557","146154","2025-12-12","45.00","NZD","1760475062","23477/2025-12-12/1760475062.json"
"365170","146153","2025-12-12","48.00","NZD","1760475062","23477/2025-12-12/1760475062.json"
"510807","146155","2025-12-12","52.00","NZD","1760475062","23477/2025-12-12/1760475062.json"
"581513","221281","2025-12-13","36.00","NZD","1760475062","23477/2025-12-13/1760475062.json"
"581514","221282","2025-12-13","36.00","NZD","1760475062","23477/2025-12-13/1760475062.json"
"512557","146154","2025-12-13","45.00","NZD","1760475062","23477/2025-12-13/1760475062.json"
"365170","146153","2025-12-13","48.00","NZD","1760475062","23477/2025-12-13/1760475062.json"
"510807","146155","2025-12-13","52.00","NZD","1760475062","23477/2025-12-13/1760475062.json"
"581513","221281","2025-10-18","36.00","NZD","1760499003","23477/2025-10-18/1760499003.json"
"581514","221282","2025-10-18","36.00","NZD","1760499003","23477/2025-10-18/1760499003.json"
"512557","146154","2025-10-18","45.00","NZD","1760499003","23477/2025-10-18/1760499003.json"
"365170","146153","2025-10-18","48.00","NZD","1760499003","23477/2025-10-18/1760499003.json"
"510807","146155","2025-10-18","52.00","NZD","1760499003","23477/2025-10-18/1760499003.json"
"581513","221281","2025-10-17","36.00","NZD","1760499003","23477/2025-10-17/1760499003.json"
"581514","221282","2025-10-17","36.00","NZD","1760499003","23477/2025-10-17/1760499003.json"
"512557","146154","2025-10-17","45.00","NZD","1760499003","23477/2025-10-17/1760499003.json"
"365170","146153","2025-10-17","48.00","NZD","1760499003","23477/2025-10-17/1760499003.json"
"510807","146155","2025-10-17","52.00","NZD","1760499003","23477/2025-10-17/1760499003.json"
"581513","221281","2025-10-16","36.00","NZD","1760499003","23477/2025-10-16/1760499003.json"
"581514","221282","2025-10-16","36.00","NZD","1760499003","23477/2025-10-16/1760499003.json"
"512557","146154","2025-10-16","45.00","NZD","1760499003","23477/2025-10-16/1760499003.json"
"365170","146153","2025-10-16","48.00","NZD","1760499003","23477/2025-10-16/1760499003.json"
"510807","146155","2025-10-16","52.00","NZD","1760499003","23477/2025-10-16/1760499003.json"
"581513","221281","2025-10-15","36.00","NZD","1760499003","23477/2025-10-15/1760499003.json"
"581514","221282","2025-10-15","36.00","NZD","1760499003","23477/2025-10-15/1760499003.json"
"512557","146154","2025-10-15","45.00","NZD","1760499003","23477/2025-10-15/1760499003.json"
"365170","146153","2025-10-15","48.00","NZD","1760499003","23477/2025-10-15/1760499003.json"
"510807","146155","2025-10-15","52.00","NZD","1760499003","23477/2025-10-15/1760499003.json"
"581513","221281","2025-10-20","36.00","NZD","1760499003","23477/2025-10-20/1760499003.json"
"581514","221282","2025-10-20","36.00","NZD","1760499003","23477/2025-10-20/1760499003.json"
"512557","146154","2025-10-20","45.00","NZD","1760499003","23477/2025-10-20/1760499003.json"
"365170","146153","2025-10-20","48.00","NZD","1760499003","23477/2025-10-20/1760499003.json"
"510807","146155","2025-10-20","52.00","NZD","1760499003","23477/2025-10-20/1760499003.json"
"581513","221281","2025-10-19","36.00","NZD","1760499003","23477/2025-10-19/1760499003.json"
"581514","221282","2025-10-19","36.00","NZD","1760499003","23477/2025-10-19/1760499003.json"
"512557","146154","2025-10-19","45.00","NZD","1760499003","23477/2025-10-19/1760499003.json"
"365170","146153","2025-10-19","48.00","NZD","1760499003","23477/2025-10-19/1760499003.json"
"510807","146155","2025-10-19","52.00","NZD","1760499003","23477/2025-10-19/1760499003.json"
"581513","221281","2025-10-21","36.00","NZD","1760499003","23477/2025-10-21/1760499003.json"
"581514","221282","2025-10-21","36.00","NZD","1760499003","23477/2025-10-21/1760499003.json"
"512557","146154","2025-10-21","45.00","NZD","1760499003","23477/2025-10-21/1760499003.json"
"365170","146153","2025-10-21","48.00","NZD","1760499003","23477/2025-10-21/1760499003.json"
"510807","146155","2025-10-21","52.00","NZD","1760499003","23477/2025-10-21/1760499003.json"
"581513","221281","2025-10-22","36.00","NZD","1760499003","23477/2025-10-22/1760499003.json"
"581514","221282","2025-10-22","36.00","NZD","1760499003","23477/2025-10-22/1760499003.json"
"512557","146154","2025-10-22","45.00","NZD","1760499003","23477/2025-10-22/1760499003.json"
"365170","146153","2025-10-22","48.00","NZD","1760499003","23477/2025-10-22/1760499003.json"
"510807","146155","2025-10-22","52.00","NZD","1760499003","23477/2025-10-22/1760499003.json"
"581513","221281","2025-10-24","36.00","NZD","1760499003","23477/2025-10-24/1760499003.json"
"581514","221282","2025-10-24","36.00","NZD","1760499003","23477/2025-10-24/1760499003.json"
"512557","146154","2025-10-24","45.00","NZD","1760499003","23477/2025-10-24/1760499003.json"
"365170","146153","2025-10-24","48.00","NZD","1760499003","23477/2025-10-24/1760499003.json"
"510807","146155","2025-10-24","52.00","NZD","1760499003","23477/2025-10-24/1760499003.json"
"581513","221281","2025-10-26","38.00","NZD","1760499003","23477/2025-10-26/1760499003.json"
"581514","221282","2025-10-26","38.00","NZD","1760499003","23477/2025-10-26/1760499003.json"
"512557","146154","2025-10-26","45.00","NZD","1760499003","23477/2025-10-26/1760499003.json"
"581513","221281","2025-10-25","38.00","NZD","1760499003","23477/2025-10-25/1760499003.json"
"581514","221282","2025-10-25","38.00","NZD","1760499003","23477/2025-10-25/1760499003.json"
"512557","146154","2025-10-25","45.00","NZD","1760499003","23477/2025-10-25/1760499003.json"
"581513","221281","2025-10-23","36.00","NZD","1760499003","23477/2025-10-23/1760499003.json"
"581514","221282","2025-10-23","36.00","NZD","1760499003","23477/2025-10-23/1760499003.json"
"512557","146154","2025-10-23","45.00","NZD","1760499003","23477/2025-10-23/1760499003.json"
"365170","146153","2025-10-23","48.00","NZD","1760499003","23477/2025-10-23/1760499003.json"
"510807","146155","2025-10-23","52.00","NZD","1760499003","23477/2025-10-23/1760499003.json"
"581513","221281","2025-10-28","36.00","NZD","1760499003","23477/2025-10-28/1760499003.json"
"581514","221282","2025-10-28","36.00","NZD","1760499003","23477/2025-10-28/1760499003.json"
"512557","146154","2025-10-28","45.00","NZD","1760499003","23477/2025-10-28/1760499003.json"
"365170","146153","2025-10-28","48.00","NZD","1760499003","23477/2025-10-28/1760499003.json"
"510807","146155","2025-10-28","52.00","NZD","1760499003","23477/2025-10-28/1760499003.json"
"581513","221281","2025-10-29","36.00","NZD","1760499003","23477/2025-10-29/1760499003.json"
"581514","221282","2025-10-29","36.00","NZD","1760499003","23477/2025-10-29/1760499003.json"
"512557","146154","2025-10-29","45.00","NZD","1760499003","23477/2025-10-29/1760499003.json"
"365170","146153","2025-10-29","48.00","NZD","1760499003","23477/2025-10-29/1760499003.json"
"510807","146155","2025-10-29","52.00","NZD","1760499003","23477/2025-10-29/1760499003.json"
"581513","221281","2025-10-30","36.00","NZD","1760499003","23477/2025-10-30/1760499003.json"
"581514","221282","2025-10-30","36.00","NZD","1760499003","23477/2025-10-30/1760499003.json"
"512557","146154","2025-10-30","45.00","NZD","1760499003","23477/2025-10-30/1760499003.json"
"365170","146153","2025-10-30","48.00","NZD","1760499003","23477/2025-10-30/1760499003.json"
"510807","146155","2025-10-30","52.00","NZD","1760499003","23477/2025-10-30/1760499003.json"
"581513","221281","2025-10-27","38.00","NZD","1760499003","23477/2025-10-27/1760499003.json"
"581514","221282","2025-10-27","38.00","NZD","1760499003","23477/2025-10-27/1760499003.json"
"512557","146154","2025-10-27","45.00","NZD","1760499003","23477/2025-10-27/1760499003.json"
"365170","146153","2025-10-27","48.00","NZD","1760499003","23477/2025-10-27/1760499003.json"
"510807","146155","2025-10-27","52.00","NZD","1760499003","23477/2025-10-27/1760499003.json"
"581513","221281","2025-10-31","36.00","NZD","1760499003","23477/2025-10-31/1760499003.json"
"581514","221282","2025-10-31","36.00","NZD","1760499003","23477/2025-10-31/1760499003.json"
"512557","146154","2025-10-31","45.00","NZD","1760499003","23477/2025-10-31/1760499003.json"
"365170","146153","2025-10-31","48.00","NZD","1760499003","23477/2025-10-31/1760499003.json"
"510807","146155","2025-10-31","52.00","NZD","1760499003","23477/2025-10-31/1760499003.json"
"581513","221281","2025-11-01","36.00","NZD","1760499003","23477/2025-11-01/1760499003.json"
"581514","221282","2025-11-01","36.00","NZD","1760499003","23477/2025-11-01/1760499003.json"
"512557","146154","2025-11-01","45.00","NZD","1760499003","23477/2025-11-01/1760499003.json"
"365170","146153","2025-11-01","48.00","NZD","1760499003","23477/2025-11-01/1760499003.json"
"510807","146155","2025-11-01","52.00","NZD","1760499003","23477/2025-11-01/1760499003.json"
"581513","221281","2025-11-03","36.00","NZD","1760499003","23477/2025-11-03/1760499003.json"
"581514","221282","2025-11-03","36.00","NZD","1760499003","23477/2025-11-03/1760499003.json"
"512557","146154","2025-11-03","45.00","NZD","1760499003","23477/2025-11-03/1760499003.json"
"365170","146153","2025-11-03","48.00","NZD","1760499003","23477/2025-11-03/1760499003.json"
"510807","146155","2025-11-03","52.00","NZD","1760499003","23477/2025-11-03/1760499003.json"
"581513","221281","2025-11-02","36.00","NZD","1760499003","23477/2025-11-02/1760499003.json"
"581514","221282","2025-11-02","36.00","NZD","1760499003","23477/2025-11-02/1760499003.json"
"512557","146154","2025-11-02","45.00","NZD","1760499003","23477/2025-11-02/1760499003.json"
"365170","146153","2025-11-02","48.00","NZD","1760499003","23477/2025-11-02/1760499003.json"
"510807","146155","2025-11-02","52.00","NZD","1760499003","23477/2025-11-02/1760499003.json"
"581513","221281","2025-11-04","36.00","NZD","1760499003","23477/2025-11-04/1760499003.json"
"581514","221282","2025-11-04","36.00","NZD","1760499003","23477/2025-11-04/1760499003.json"
"512557","146154","2025-11-04","45.00","NZD","1760499003","23477/2025-11-04/1760499003.json"
"365170","146153","2025-11-04","48.00","NZD","1760499003","23477/2025-11-04/1760499003.json"
"510807","146155","2025-11-04","52.00","NZD","1760499003","23477/2025-11-04/1760499003.json"
"581513","221281","2025-11-05","36.00","NZD","1760499003","23477/2025-11-05/1760499003.json"
"581514","221282","2025-11-05","36.00","NZD","1760499003","23477/2025-11-05/1760499003.json"
"512557","146154","2025-11-05","45.00","NZD","1760499003","23477/2025-11-05/1760499003.json"
"365170","146153","2025-11-05","48.00","NZD","1760499003","23477/2025-11-05/1760499003.json"
"510807","146155","2025-11-05","52.00","NZD","1760499003","23477/2025-11-05/1760499003.json"
"581513","221281","2025-11-07","36.00","NZD","1760499003","23477/2025-11-07/1760499003.json"
"581514","221282","2025-11-07","36.00","NZD","1760499003","23477/2025-11-07/1760499003.json"
"512557","146154","2025-11-07","45.00","NZD","1760499003","23477/2025-11-07/1760499003.json"
"365170","146153","2025-11-07","48.00","NZD","1760499003","23477/2025-11-07/1760499003.json"
"510807","146155","2025-11-07","52.00","NZD","1760499003","23477/2025-11-07/1760499003.json"
"581513","221281","2025-11-08","36.00","NZD","1760499003","23477/2025-11-08/1760499003.json"
"581514","221282","2025-11-08","36.00","NZD","1760499003","23477/2025-11-08/1760499003.json"
"512557","146154","2025-11-08","45.00","NZD","1760499003","23477/2025-11-08/1760499003.json"
"365170","146153","2025-11-08","48.00","NZD","1760499003","23477/2025-11-08/1760499003.json"
"510807","146155","2025-11-08","52.00","NZD","1760499003","23477/2025-11-08/1760499003.json"
"581513","221281","2025-11-06","36.00","NZD","1760499003","23477/2025-11-06/1760499003.json"
"581514","221282","2025-11-06","36.00","NZD","1760499003","23477/2025-11-06/1760499003.json"
"512557","146154","2025-11-06","45.00","NZD","1760499003","23477/2025-11-06/1760499003.json"
"365170","146153","2025-11-06","48.00","NZD","1760499003","23477/2025-11-06/1760499003.json"
"510807","146155","2025-11-06","52.00","NZD","1760499003","23477/2025-11-06/1760499003.json"
"581513","221281","2025-11-10","36.00","NZD","1760499003","23477/2025-11-10/1760499003.json"
"581514","221282","2025-11-10","36.00","NZD","1760499003","23477/2025-11-10/1760499003.json"
"512557","146154","2025-11-10","45.00","NZD","1760499003","23477/2025-11-10/1760499003.json"
"365170","146153","2025-11-10","48.00","NZD","1760499003","23477/2025-11-10/1760499003.json"
"510807","146155","2025-11-10","52.00","NZD","1760499003","23477/2025-11-10/1760499003.json"
"581513","221281","2025-11-12","36.00","NZD","1760499003","23477/2025-11-12/1760499003.json"
"581514","221282","2025-11-12","36.00","NZD","1760499003","23477/2025-11-12/1760499003.json"
"512557","146154","2025-11-12","45.00","NZD","1760499003","23477/2025-11-12/1760499003.json"
"365170","146153","2025-11-12","48.00","NZD","1760499003","23477/2025-11-12/1760499003.json"
"510807","146155","2025-11-12","52.00","NZD","1760499003","23477/2025-11-12/1760499003.json"
"581513","221281","2025-11-11","36.00","NZD","1760499003","23477/2025-11-11/1760499003.json"
"581514","221282","2025-11-11","36.00","NZD","1760499003","23477/2025-11-11/1760499003.json"
"512557","146154","2025-11-11","45.00","NZD","1760499003","23477/2025-11-11/1760499003.json"
"365170","146153","2025-11-11","48.00","NZD","1760499003","23477/2025-11-11/1760499003.json"
"510807","146155","2025-11-11","52.00","NZD","1760499003","23477/2025-11-11/1760499003.json"
"581513","221281","2025-11-13","36.00","NZD","1760499003","23477/2025-11-13/1760499003.json"
"581514","221282","2025-11-13","36.00","NZD","1760499003","23477/2025-11-13/1760499003.json"
"512557","146154","2025-11-13","45.00","NZD","1760499003","23477/2025-11-13/1760499003.json"
"365170","146153","2025-11-13","48.00","NZD","1760499003","23477/2025-11-13/1760499003.json"
"510807","146155","2025-11-13","52.00","NZD","1760499003","23477/2025-11-13/1760499003.json"
"581513","221281","2025-11-14","36.00","NZD","1760499003","23477/2025-11-14/1760499003.json"
"581514","221282","2025-11-14","36.00","NZD","1760499003","23477/2025-11-14/1760499003.json"
"512557","146154","2025-11-14","45.00","NZD","1760499003","23477/2025-11-14/1760499003.json"
"365170","146153","2025-11-14","48.00","NZD","1760499003","23477/2025-11-14/1760499003.json"
"510807","146155","2025-11-14","52.00","NZD","1760499003","23477/2025-11-14/1760499003.json"
"581513","221281","2025-11-15","36.00","NZD","1760499003","23477/2025-11-15/1760499003.json"
"581514","221282","2025-11-15","36.00","NZD","1760499003","23477/2025-11-15/1760499003.json"
"512557","146154","2025-11-15","45.00","NZD","1760499003","23477/2025-11-15/1760499003.json"
"365170","146153","2025-11-15","48.00","NZD","1760499003","23477/2025-11-15/1760499003.json"
"510807","146155","2025-11-15","52.00","NZD","1760499003","23477/2025-11-15/1760499003.json"
"581513","221281","2025-11-16","36.00","NZD","1760499003","23477/2025-11-16/1760499003.json"
"581514","221282","2025-11-16","36.00","NZD","1760499003","23477/2025-11-16/1760499003.json"
"512557","146154","2025-11-16","45.00","NZD","1760499003","23477/2025-11-16/1760499003.json"
"365170","146153","2025-11-16","48.00","NZD","1760499003","23477/2025-11-16/1760499003.json"
"510807","146155","2025-11-16","52.00","NZD","1760499003","23477/2025-11-16/1760499003.json"
"581513","221281","2025-11-17","36.00","NZD","1760499003","23477/2025-11-17/1760499003.json"
"581514","221282","2025-11-17","36.00","NZD","1760499003","23477/2025-11-17/1760499003.json"
"512557","146154","2025-11-17","45.00","NZD","1760499003","23477/2025-11-17/1760499003.json"
"365170","146153","2025-11-17","48.00","NZD","1760499003","23477/2025-11-17/1760499003.json"
"510807","146155","2025-11-17","52.00","NZD","1760499003","23477/2025-11-17/1760499003.json"
"581513","221281","2025-11-18","36.00","NZD","1760499003","23477/2025-11-18/1760499003.json"
"581514","221282","2025-11-18","36.00","NZD","1760499003","23477/2025-11-18/1760499003.json"
"512557","146154","2025-11-18","45.00","NZD","1760499003","23477/2025-11-18/1760499003.json"
"365170","146153","2025-11-18","48.00","NZD","1760499003","23477/2025-11-18/1760499003.json"
"510807","146155","2025-11-18","52.00","NZD","1760499003","23477/2025-11-18/1760499003.json"
"581513","221281","2025-11-09","36.00","NZD","1760499003","23477/2025-11-09/1760499003.json"
"581514","221282","2025-11-09","36.00","NZD","1760499003","23477/2025-11-09/1760499003.json"
"512557","146154","2025-11-09","45.00","NZD","1760499003","23477/2025-11-09/1760499003.json"
"365170","146153","2025-11-09","48.00","NZD","1760499003","23477/2025-11-09/1760499003.json"
"510807","146155","2025-11-09","52.00","NZD","1760499003","23477/2025-11-09/1760499003.json"
"581513","221281","2025-11-19","36.00","NZD","1760499003","23477/2025-11-19/1760499003.json"
"581514","221282","2025-11-19","36.00","NZD","1760499003","23477/2025-11-19/1760499003.json"
"512557","146154","2025-11-19","45.00","NZD","1760499003","23477/2025-11-19/1760499003.json"
"365170","146153","2025-11-19","48.00","NZD","1760499003","23477/2025-11-19/1760499003.json"
"510807","146155","2025-11-19","52.00","NZD","1760499003","23477/2025-11-19/1760499003.json"
"581513","221281","2025-11-20","36.00","NZD","1760499003","23477/2025-11-20/1760499003.json"
"581514","221282","2025-11-20","36.00","NZD","1760499003","23477/2025-11-20/1760499003.json"
"512557","146154","2025-11-20","45.00","NZD","1760499003","23477/2025-11-20/1760499003.json"
"581513","221281","2025-11-23","36.00","NZD","1760499003","23477/2025-11-23/1760499003.json"
"581514","221282","2025-11-23","36.00","NZD","1760499003","23477/2025-11-23/1760499003.json"
"512557","146154","2025-11-23","45.00","NZD","1760499003","23477/2025-11-23/1760499003.json"
"365170","146153","2025-11-23","48.00","NZD","1760499003","23477/2025-11-23/1760499003.json"
"510807","146155","2025-11-23","52.00","NZD","1760499003","23477/2025-11-23/1760499003.json"
"581513","221281","2025-11-22","36.00","NZD","1760499003","23477/2025-11-22/1760499003.json"
"581514","221282","2025-11-22","36.00","NZD","1760499003","23477/2025-11-22/1760499003.json"
"512557","146154","2025-11-22","45.00","NZD","1760499003","23477/2025-11-22/1760499003.json"
"365170","146153","2025-11-22","48.00","NZD","1760499003","23477/2025-11-22/1760499003.json"
"510807","146155","2025-11-22","52.00","NZD","1760499003","23477/2025-11-22/1760499003.json"
"581513","221281","2025-11-21","36.00","NZD","1760499003","23477/2025-11-21/1760499003.json"
"581514","221282","2025-11-21","36.00","NZD","1760499003","23477/2025-11-21/1760499003.json"
"512557","146154","2025-11-21","45.00","NZD","1760499003","23477/2025-11-21/1760499003.json"
"365170","146153","2025-11-21","48.00","NZD","1760499003","23477/2025-11-21/1760499003.json"
"510807","146155","2025-11-21","52.00","NZD","1760499003","23477/2025-11-21/1760499003.json"
"581513","221281","2025-11-24","36.00","NZD","1760499003","23477/2025-11-24/1760499003.json"
"581514","221282","2025-11-24","36.00","NZD","1760499003","23477/2025-11-24/1760499003.json"
"512557","146154","2025-11-24","45.00","NZD","1760499003","23477/2025-11-24/1760499003.json"
"365170","146153","2025-11-24","48.00","NZD","1760499003","23477/2025-11-24/1760499003.json"
"510807","146155","2025-11-24","52.00","NZD","1760499003","23477/2025-11-24/1760499003.json"
"581513","221281","2025-11-25","36.00","NZD","1760499003","23477/2025-11-25/1760499003.json"
"581514","221282","2025-11-25","36.00","NZD","1760499003","23477/2025-11-25/1760499003.json"
"512557","146154","2025-11-25","45.00","NZD","1760499003","23477/2025-11-25/1760499003.json"
"365170","146153","2025-11-25","48.00","NZD","1760499003","23477/2025-11-25/1760499003.json"
"510807","146155","2025-11-25","52.00","NZD","1760499003","23477/2025-11-25/1760499003.json"
"581513","221281","2025-11-27","36.00","NZD","1760499003","23477/2025-11-27/1760499003.json"
"581514","221282","2025-11-27","36.00","NZD","1760499003","23477/2025-11-27/1760499003.json"
"512557","146154","2025-11-27","45.00","NZD","1760499003","23477/2025-11-27/1760499003.json"
"365170","146153","2025-11-27","48.00","NZD","1760499003","23477/2025-11-27/1760499003.json"
"510807","146155","2025-11-27","52.00","NZD","1760499003","23477/2025-11-27/1760499003.json"
"581513","221281","2025-11-26","36.00","NZD","1760499003","23477/2025-11-26/1760499003.json"
"581514","221282","2025-11-26","36.00","NZD","1760499003","23477/2025-11-26/1760499003.json"
"512557","146154","2025-11-26","45.00","NZD","1760499003","23477/2025-11-26/1760499003.json"
"365170","146153","2025-11-26","48.00","NZD","1760499003","23477/2025-11-26/1760499003.json"
"510807","146155","2025-11-26","52.00","NZD","1760499003","23477/2025-11-26/1760499003.json"
"581513","221281","2025-11-28","36.00","NZD","1760499003","23477/2025-11-28/1760499003.json"
"581514","221282","2025-11-28","36.00","NZD","1760499003","23477/2025-11-28/1760499003.json"
"512557","146154","2025-11-28","45.00","NZD","1760499003","23477/2025-11-28/1760499003.json"
"365170","146153","2025-11-28","48.00","NZD","1760499003","23477/2025-11-28/1760499003.json"
"510807","146155","2025-11-28","52.00","NZD","1760499003","23477/2025-11-28/1760499003.json"
"581513","221281","2025-12-01","36.00","NZD","1760499003","23477/2025-12-01/1760499003.json"
"581514","221282","2025-12-01","36.00","NZD","1760499003","23477/2025-12-01/1760499003.json"
"512557","146154","2025-12-01","45.00","NZD","1760499003","23477/2025-12-01/1760499003.json"
"365170","146153","2025-12-01","48.00","NZD","1760499003","23477/2025-12-01/1760499003.json"
"510807","146155","2025-12-01","52.00","NZD","1760499003","23477/2025-12-01/1760499003.json"
"581513","221281","2025-11-29","36.00","NZD","1760499003","23477/2025-11-29/1760499003.json"
"581514","221282","2025-11-29","36.00","NZD","1760499003","23477/2025-11-29/1760499003.json"
"512557","146154","2025-11-29","45.00","NZD","1760499003","23477/2025-11-29/1760499003.json"
"365170","146153","2025-11-29","48.00","NZD","1760499003","23477/2025-11-29/1760499003.json"
"510807","146155","2025-11-29","52.00","NZD","1760499003","23477/2025-11-29/1760499003.json"
"581513","221281","2025-11-30","36.00","NZD","1760499003","23477/2025-11-30/1760499003.json"
"581514","221282","2025-11-30","36.00","NZD","1760499003","23477/2025-11-30/1760499003.json"
"512557","146154","2025-11-30","45.00","NZD","1760499003","23477/2025-11-30/1760499003.json"
"365170","146153","2025-11-30","48.00","NZD","1760499003","23477/2025-11-30/1760499003.json"
"510807","146155","2025-11-30","52.00","NZD","1760499003","23477/2025-11-30/1760499003.json"
"581513","221281","2025-12-02","36.00","NZD","1760499003","23477/2025-12-02/1760499003.json"
"581514","221282","2025-12-02","36.00","NZD","1760499003","23477/2025-12-02/1760499003.json"
"512557","146154","2025-12-02","45.00","NZD","1760499003","23477/2025-12-02/1760499003.json"
"365170","146153","2025-12-02","48.00","NZD","1760499003","23477/2025-12-02/1760499003.json"
"510807","146155","2025-12-02","52.00","NZD","1760499003","23477/2025-12-02/1760499003.json"
"581513","221281","2025-12-03","36.00","NZD","1760499003","23477/2025-12-03/1760499003.json"
"581514","221282","2025-12-03","36.00","NZD","1760499003","23477/2025-12-03/1760499003.json"
"512557","146154","2025-12-03","45.00","NZD","1760499003","23477/2025-12-03/1760499003.json"
"365170","146153","2025-12-03","48.00","NZD","1760499003","23477/2025-12-03/1760499003.json"
"510807","146155","2025-12-03","52.00","NZD","1760499003","23477/2025-12-03/1760499003.json"
"581513","221281","2025-12-05","36.00","NZD","1760499003","23477/2025-12-05/1760499003.json"
"581514","221282","2025-12-05","36.00","NZD","1760499003","23477/2025-12-05/1760499003.json"
"512557","146154","2025-12-05","45.00","NZD","1760499003","23477/2025-12-05/1760499003.json"
"365170","146153","2025-12-05","48.00","NZD","1760499003","23477/2025-12-05/1760499003.json"
"510807","146155","2025-12-05","52.00","NZD","1760499003","23477/2025-12-05/1760499003.json"
"581513","221281","2025-12-04","36.00","NZD","1760499003","23477/2025-12-04/1760499003.json"
"581514","221282","2025-12-04","36.00","NZD","1760499003","23477/2025-12-04/1760499003.json"
"512557","146154","2025-12-04","45.00","NZD","1760499003","23477/2025-12-04/1760499003.json"
"365170","146153","2025-12-04","48.00","NZD","1760499003","23477/2025-12-04/1760499003.json"
"510807","146155","2025-12-04","52.00","NZD","1760499003","23477/2025-12-04/1760499003.json"
"581513","221281","2025-12-06","36.00","NZD","1760499003","23477/2025-12-06/1760499003.json"
"581514","221282","2025-12-06","36.00","NZD","1760499003","23477/2025-12-06/1760499003.json"
"512557","146154","2025-12-06","45.00","NZD","1760499003","23477/2025-12-06/1760499003.json"
"365170","146153","2025-12-06","48.00","NZD","1760499003","23477/2025-12-06/1760499003.json"
"510807","146155","2025-12-06","52.00","NZD","1760499003","23477/2025-12-06/1760499003.json"
"581513","221281","2025-12-07","36.00","NZD","1760499003","23477/2025-12-07/1760499003.json"
"581514","221282","2025-12-07","36.00","NZD","1760499003","23477/2025-12-07/1760499003.json"
"512557","146154","2025-12-07","45.00","NZD","1760499003","23477/2025-12-07/1760499003.json"
"365170","146153","2025-12-07","48.00","NZD","1760499003","23477/2025-12-07/1760499003.json"
"510807","146155","2025-12-07","52.00","NZD","1760499003","23477/2025-12-07/1760499003.json"
"581513","221281","2025-12-09","36.00","NZD","1760499003","23477/2025-12-09/1760499003.json"
"581514","221282","2025-12-09","36.00","NZD","1760499003","23477/2025-12-09/1760499003.json"
"512557","146154","2025-12-09","45.00","NZD","1760499003","23477/2025-12-09/1760499003.json"
"365170","146153","2025-12-09","48.00","NZD","1760499003","23477/2025-12-09/1760499003.json"
"510807","146155","2025-12-09","52.00","NZD","1760499003","23477/2025-12-09/1760499003.json"
"581513","221281","2025-12-08","36.00","NZD","1760499003","23477/2025-12-08/1760499003.json"
"581514","221282","2025-12-08","36.00","NZD","1760499003","23477/2025-12-08/1760499003.json"
"512557","146154","2025-12-08","45.00","NZD","1760499003","23477/2025-12-08/1760499003.json"
"365170","146153","2025-12-08","48.00","NZD","1760499003","23477/2025-12-08/1760499003.json"
"510807","146155","2025-12-08","52.00","NZD","1760499003","23477/2025-12-08/1760499003.json"
"581513","221281","2025-12-10","36.00","NZD","1760499003","23477/2025-12-10/1760499003.json"
"581514","221282","2025-12-10","36.00","NZD","1760499003","23477/2025-12-10/1760499003.json"
"512557","146154","2025-12-10","45.00","NZD","1760499003","23477/2025-12-10/1760499003.json"
"365170","146153","2025-12-10","48.00","NZD","1760499003","23477/2025-12-10/1760499003.json"
"510807","146155","2025-12-10","52.00","NZD","1760499003","23477/2025-12-10/1760499003.json"
"581513","221281","2025-12-11","36.00","NZD","1760499003","23477/2025-12-11/1760499003.json"
"581514","221282","2025-12-11","36.00","NZD","1760499003","23477/2025-12-11/1760499003.json"
"512557","146154","2025-12-11","45.00","NZD","1760499003","23477/2025-12-11/1760499003.json"
"365170","146153","2025-12-11","48.00","NZD","1760499003","23477/2025-12-11/1760499003.json"
"510807","146155","2025-12-11","52.00","NZD","1760499003","23477/2025-12-11/1760499003.json"
"581513","221281","2025-12-12","36.00","NZD","1760499003","23477/2025-12-12/1760499003.json"
"581514","221282","2025-12-12","36.00","NZD","1760499003","23477/2025-12-12/1760499003.json"
"512557","146154","2025-12-12","45.00","NZD","1760499003","23477/2025-12-12/1760499003.json"
"365170","146153","2025-12-12","48.00","NZD","1760499003","23477/2025-12-12/1760499003.json"
"510807","146155","2025-12-12","52.00","NZD","1760499003","23477/2025-12-12/1760499003.json"
"581513","221281","2025-12-13","36.00","NZD","1760499003","23477/2025-12-13/1760499003.json"
"581514","221282","2025-12-13","36.00","NZD","1760499003","23477/2025-12-13/1760499003.json"
"512557","146154","2025-12-13","45.00","NZD","1760499003","23477/2025-12-13/1760499003.json"
"365170","146153","2025-12-13","48.00","NZD","1760499003","23477/2025-12-13/1760499003.json"
"510807","146155","2025-12-13","52.00","NZD","1760499003","23477/2025-12-13/1760499003.json"
"581513","221281","2025-12-14","36.00","NZD","1760499003","23477/2025-12-14/1760499003.json"
"581514","221282","2025-12-14","36.00","NZD","1760499003","23477/2025-12-14/1760499003.json"
"512557","146154","2025-12-14","45.00","NZD","1760499003","23477/2025-12-14/1760499003.json"
"365170","146153","2025-12-14","48.00","NZD","1760499003","23477/2025-12-14/1760499003.json"
"510807","146155","2025-12-14","52.00","NZD","1760499003","23477/2025-12-14/1760499003.json"
"581513","221281","2025-10-17","36.00","NZD","1760504246","23477/2025-10-17/1760504246.json"
"581514","221282","2025-10-17","36.00","NZD","1760504246","23477/2025-10-17/1760504246.json"
"512557","146154","2025-10-17","45.00","NZD","1760504246","23477/2025-10-17/1760504246.json"
"365170","146153","2025-10-17","48.00","NZD","1760504246","23477/2025-10-17/1760504246.json"
"510807","146155","2025-10-17","52.00","NZD","1760504246","23477/2025-10-17/1760504246.json"
"581513","221281","2025-10-15","36.00","NZD","1760504246","23477/2025-10-15/1760504246.json"
"581514","221282","2025-10-15","36.00","NZD","1760504246","23477/2025-10-15/1760504246.json"
"512557","146154","2025-10-15","45.00","NZD","1760504246","23477/2025-10-15/1760504246.json"
"365170","146153","2025-10-15","48.00","NZD","1760504246","23477/2025-10-15/1760504246.json"
"510807","146155","2025-10-15","52.00","NZD","1760504246","23477/2025-10-15/1760504246.json"
"581513","221281","2025-10-18","36.00","NZD","1760504246","23477/2025-10-18/1760504246.json"
"581514","221282","2025-10-18","36.00","NZD","1760504246","23477/2025-10-18/1760504246.json"
"512557","146154","2025-10-18","45.00","NZD","1760504246","23477/2025-10-18/1760504246.json"
"365170","146153","2025-10-18","48.00","NZD","1760504246","23477/2025-10-18/1760504246.json"
"510807","146155","2025-10-18","52.00","NZD","1760504246","23477/2025-10-18/1760504246.json"
"581513","221281","2025-10-16","36.00","NZD","1760504246","23477/2025-10-16/1760504246.json"
"581514","221282","2025-10-16","36.00","NZD","1760504246","23477/2025-10-16/1760504246.json"
"512557","146154","2025-10-16","45.00","NZD","1760504246","23477/2025-10-16/1760504246.json"
"365170","146153","2025-10-16","48.00","NZD","1760504246","23477/2025-10-16/1760504246.json"
"510807","146155","2025-10-16","52.00","NZD","1760504246","23477/2025-10-16/1760504246.json"
"581513","221281","2025-10-19","36.00","NZD","1760504246","23477/2025-10-19/1760504246.json"
"581514","221282","2025-10-19","36.00","NZD","1760504246","23477/2025-10-19/1760504246.json"
"512557","146154","2025-10-19","45.00","NZD","1760504246","23477/2025-10-19/1760504246.json"
"365170","146153","2025-10-19","48.00","NZD","1760504246","23477/2025-10-19/1760504246.json"
"510807","146155","2025-10-19","52.00","NZD","1760504246","23477/2025-10-19/1760504246.json"
"581513","221281","2025-10-20","36.00","NZD","1760504246","23477/2025-10-20/1760504246.json"
"581514","221282","2025-10-20","36.00","NZD","1760504246","23477/2025-10-20/1760504246.json"
"512557","146154","2025-10-20","45.00","NZD","1760504246","23477/2025-10-20/1760504246.json"
"365170","146153","2025-10-20","48.00","NZD","1760504246","23477/2025-10-20/1760504246.json"
"510807","146155","2025-10-20","52.00","NZD","1760504246","23477/2025-10-20/1760504246.json"
"581513","221281","2025-10-21","36.00","NZD","1760504246","23477/2025-10-21/1760504246.json"
"581514","221282","2025-10-21","36.00","NZD","1760504246","23477/2025-10-21/1760504246.json"
"512557","146154","2025-10-21","45.00","NZD","1760504246","23477/2025-10-21/1760504246.json"
"365170","146153","2025-10-21","48.00","NZD","1760504246","23477/2025-10-21/1760504246.json"
"510807","146155","2025-10-21","52.00","NZD","1760504246","23477/2025-10-21/1760504246.json"
"581513","221281","2025-10-23","36.00","NZD","1760504246","23477/2025-10-23/1760504246.json"
"581514","221282","2025-10-23","36.00","NZD","1760504246","23477/2025-10-23/1760504246.json"
"512557","146154","2025-10-23","45.00","NZD","1760504246","23477/2025-10-23/1760504246.json"
"365170","146153","2025-10-23","48.00","NZD","1760504246","23477/2025-10-23/1760504246.json"
"510807","146155","2025-10-23","52.00","NZD","1760504246","23477/2025-10-23/1760504246.json"
"581513","221281","2025-10-22","36.00","NZD","1760504246","23477/2025-10-22/1760504246.json"
"581514","221282","2025-10-22","36.00","NZD","1760504246","23477/2025-10-22/1760504246.json"
"512557","146154","2025-10-22","45.00","NZD","1760504246","23477/2025-10-22/1760504246.json"
"365170","146153","2025-10-22","48.00","NZD","1760504246","23477/2025-10-22/1760504246.json"
"510807","146155","2025-10-22","52.00","NZD","1760504246","23477/2025-10-22/1760504246.json"
"581513","221281","2025-10-24","36.00","NZD","1760504246","23477/2025-10-24/1760504246.json"
"581514","221282","2025-10-24","36.00","NZD","1760504246","23477/2025-10-24/1760504246.json"
"512557","146154","2025-10-24","45.00","NZD","1760504246","23477/2025-10-24/1760504246.json"
"365170","146153","2025-10-24","48.00","NZD","1760504246","23477/2025-10-24/1760504246.json"
"510807","146155","2025-10-24","52.00","NZD","1760504246","23477/2025-10-24/1760504246.json"
"581513","221281","2025-10-25","38.00","NZD","1760504246","23477/2025-10-25/1760504246.json"
"581514","221282","2025-10-25","38.00","NZD","1760504246","23477/2025-10-25/1760504246.json"
"512557","146154","2025-10-25","45.00","NZD","1760504246","23477/2025-10-25/1760504246.json"
"581513","221281","2025-10-26","38.00","NZD","1760504246","23477/2025-10-26/1760504246.json"
"581514","221282","2025-10-26","38.00","NZD","1760504246","23477/2025-10-26/1760504246.json"
"512557","146154","2025-10-26","45.00","NZD","1760504246","23477/2025-10-26/1760504246.json"
"581513","221281","2025-10-28","36.00","NZD","1760504246","23477/2025-10-28/1760504246.json"
"581514","221282","2025-10-28","36.00","NZD","1760504246","23477/2025-10-28/1760504246.json"
"512557","146154","2025-10-28","45.00","NZD","1760504246","23477/2025-10-28/1760504246.json"
"365170","146153","2025-10-28","48.00","NZD","1760504246","23477/2025-10-28/1760504246.json"
"510807","146155","2025-10-28","52.00","NZD","1760504246","23477/2025-10-28/1760504246.json"
"581513","221281","2025-10-27","38.00","NZD","1760504246","23477/2025-10-27/1760504246.json"
"581514","221282","2025-10-27","38.00","NZD","1760504246","23477/2025-10-27/1760504246.json"
"512557","146154","2025-10-27","45.00","NZD","1760504246","23477/2025-10-27/1760504246.json"
"365170","146153","2025-10-27","48.00","NZD","1760504246","23477/2025-10-27/1760504246.json"
"510807","146155","2025-10-27","52.00","NZD","1760504246","23477/2025-10-27/1760504246.json"
"581513","221281","2025-10-29","36.00","NZD","1760504246","23477/2025-10-29/1760504246.json"
"581514","221282","2025-10-29","36.00","NZD","1760504246","23477/2025-10-29/1760504246.json"
"512557","146154","2025-10-29","45.00","NZD","1760504246","23477/2025-10-29/1760504246.json"
"365170","146153","2025-10-29","48.00","NZD","1760504246","23477/2025-10-29/1760504246.json"
"510807","146155","2025-10-29","52.00","NZD","1760504246","23477/2025-10-29/1760504246.json"
"581513","221281","2025-10-30","36.00","NZD","1760504246","23477/2025-10-30/1760504246.json"
"581514","221282","2025-10-30","36.00","NZD","1760504246","23477/2025-10-30/1760504246.json"
"512557","146154","2025-10-30","45.00","NZD","1760504246","23477/2025-10-30/1760504246.json"
"365170","146153","2025-10-30","48.00","NZD","1760504246","23477/2025-10-30/1760504246.json"
"510807","146155","2025-10-30","52.00","NZD","1760504246","23477/2025-10-30/1760504246.json"
"581513","221281","2025-11-01","36.00","NZD","1760504246","23477/2025-11-01/1760504246.json"
"581514","221282","2025-11-01","36.00","NZD","1760504246","23477/2025-11-01/1760504246.json"
"512557","146154","2025-11-01","45.00","NZD","1760504246","23477/2025-11-01/1760504246.json"
"365170","146153","2025-11-01","48.00","NZD","1760504246","23477/2025-11-01/1760504246.json"
"510807","146155","2025-11-01","52.00","NZD","1760504246","23477/2025-11-01/1760504246.json"
"581513","221281","2025-11-02","36.00","NZD","1760504246","23477/2025-11-02/1760504246.json"
"581514","221282","2025-11-02","36.00","NZD","1760504246","23477/2025-11-02/1760504246.json"
"512557","146154","2025-11-02","45.00","NZD","1760504246","23477/2025-11-02/1760504246.json"
"365170","146153","2025-11-02","48.00","NZD","1760504246","23477/2025-11-02/1760504246.json"
"510807","146155","2025-11-02","52.00","NZD","1760504246","23477/2025-11-02/1760504246.json"
"581513","221281","2025-10-31","36.00","NZD","1760504246","23477/2025-10-31/1760504246.json"
"581514","221282","2025-10-31","36.00","NZD","1760504246","23477/2025-10-31/1760504246.json"
"512557","146154","2025-10-31","45.00","NZD","1760504246","23477/2025-10-31/1760504246.json"
"365170","146153","2025-10-31","48.00","NZD","1760504246","23477/2025-10-31/1760504246.json"
"510807","146155","2025-10-31","52.00","NZD","1760504246","23477/2025-10-31/1760504246.json"
"581513","221281","2025-11-04","36.00","NZD","1760504246","23477/2025-11-04/1760504246.json"
"581513","221281","2025-11-03","36.00","NZD","1760504246","23477/2025-11-03/1760504246.json"
"581514","221282","2025-11-04","36.00","NZD","1760504246","23477/2025-11-04/1760504246.json"
"581514","221282","2025-11-03","36.00","NZD","1760504246","23477/2025-11-03/1760504246.json"
"512557","146154","2025-11-04","45.00","NZD","1760504246","23477/2025-11-04/1760504246.json"
"512557","146154","2025-11-03","45.00","NZD","1760504246","23477/2025-11-03/1760504246.json"
"365170","146153","2025-11-04","48.00","NZD","1760504246","23477/2025-11-04/1760504246.json"
"365170","146153","2025-11-03","48.00","NZD","1760504246","23477/2025-11-03/1760504246.json"
"510807","146155","2025-11-04","52.00","NZD","1760504246","23477/2025-11-04/1760504246.json"
"510807","146155","2025-11-03","52.00","NZD","1760504246","23477/2025-11-03/1760504246.json"
"581513","221281","2025-11-05","36.00","NZD","1760504246","23477/2025-11-05/1760504246.json"
"581514","221282","2025-11-05","36.00","NZD","1760504246","23477/2025-11-05/1760504246.json"
"512557","146154","2025-11-05","45.00","NZD","1760504246","23477/2025-11-05/1760504246.json"
"365170","146153","2025-11-05","48.00","NZD","1760504246","23477/2025-11-05/1760504246.json"
"510807","146155","2025-11-05","52.00","NZD","1760504246","23477/2025-11-05/1760504246.json"
"581513","221281","2025-11-06","36.00","NZD","1760504246","23477/2025-11-06/1760504246.json"
"581514","221282","2025-11-06","36.00","NZD","1760504246","23477/2025-11-06/1760504246.json"
"512557","146154","2025-11-06","45.00","NZD","1760504246","23477/2025-11-06/1760504246.json"
"365170","146153","2025-11-06","48.00","NZD","1760504246","23477/2025-11-06/1760504246.json"
"510807","146155","2025-11-06","52.00","NZD","1760504246","23477/2025-11-06/1760504246.json"
"581513","221281","2025-11-08","36.00","NZD","1760504246","23477/2025-11-08/1760504246.json"
"581513","221281","2025-11-07","36.00","NZD","1760504246","23477/2025-11-07/1760504246.json"
"581514","221282","2025-11-07","36.00","NZD","1760504246","23477/2025-11-07/1760504246.json"
"581514","221282","2025-11-08","36.00","NZD","1760504246","23477/2025-11-08/1760504246.json"
"512557","146154","2025-11-07","45.00","NZD","1760504246","23477/2025-11-07/1760504246.json"
"512557","146154","2025-11-08","45.00","NZD","1760504246","23477/2025-11-08/1760504246.json"
"365170","146153","2025-11-07","48.00","NZD","1760504246","23477/2025-11-07/1760504246.json"
"510807","146155","2025-11-07","52.00","NZD","1760504246","23477/2025-11-07/1760504246.json"
"365170","146153","2025-11-08","48.00","NZD","1760504246","23477/2025-11-08/1760504246.json"
"510807","146155","2025-11-08","52.00","NZD","1760504246","23477/2025-11-08/1760504246.json"
"581513","221281","2025-11-10","36.00","NZD","1760504246","23477/2025-11-10/1760504246.json"
"581514","221282","2025-11-10","36.00","NZD","1760504246","23477/2025-11-10/1760504246.json"
"512557","146154","2025-11-10","45.00","NZD","1760504246","23477/2025-11-10/1760504246.json"
"365170","146153","2025-11-10","48.00","NZD","1760504246","23477/2025-11-10/1760504246.json"
"510807","146155","2025-11-10","52.00","NZD","1760504246","23477/2025-11-10/1760504246.json"
"581513","221281","2025-11-09","36.00","NZD","1760504246","23477/2025-11-09/1760504246.json"
"581514","221282","2025-11-09","36.00","NZD","1760504246","23477/2025-11-09/1760504246.json"
"512557","146154","2025-11-09","45.00","NZD","1760504246","23477/2025-11-09/1760504246.json"
"365170","146153","2025-11-09","48.00","NZD","1760504246","23477/2025-11-09/1760504246.json"
"510807","146155","2025-11-09","52.00","NZD","1760504246","23477/2025-11-09/1760504246.json"
"581513","221281","2025-11-11","36.00","NZD","1760504246","23477/2025-11-11/1760504246.json"
"581514","221282","2025-11-11","36.00","NZD","1760504246","23477/2025-11-11/1760504246.json"
"512557","146154","2025-11-11","45.00","NZD","1760504246","23477/2025-11-11/1760504246.json"
"365170","146153","2025-11-11","48.00","NZD","1760504246","23477/2025-11-11/1760504246.json"
"510807","146155","2025-11-11","52.00","NZD","1760504246","23477/2025-11-11/1760504246.json"
"581513","221281","2025-11-12","36.00","NZD","1760504246","23477/2025-11-12/1760504246.json"
"581514","221282","2025-11-12","36.00","NZD","1760504246","23477/2025-11-12/1760504246.json"
"512557","146154","2025-11-12","45.00","NZD","1760504246","23477/2025-11-12/1760504246.json"
"365170","146153","2025-11-12","48.00","NZD","1760504246","23477/2025-11-12/1760504246.json"
"510807","146155","2025-11-12","52.00","NZD","1760504246","23477/2025-11-12/1760504246.json"
"581513","221281","2025-11-13","36.00","NZD","1760504246","23477/2025-11-13/1760504246.json"
"581514","221282","2025-11-13","36.00","NZD","1760504246","23477/2025-11-13/1760504246.json"
"512557","146154","2025-11-13","45.00","NZD","1760504246","23477/2025-11-13/1760504246.json"
"365170","146153","2025-11-13","48.00","NZD","1760504246","23477/2025-11-13/1760504246.json"
"510807","146155","2025-11-13","52.00","NZD","1760504246","23477/2025-11-13/1760504246.json"
"581513","221281","2025-11-14","36.00","NZD","1760504246","23477/2025-11-14/1760504246.json"
"581514","221282","2025-11-14","36.00","NZD","1760504246","23477/2025-11-14/1760504246.json"
"512557","146154","2025-11-14","45.00","NZD","1760504246","23477/2025-11-14/1760504246.json"
"365170","146153","2025-11-14","48.00","NZD","1760504246","23477/2025-11-14/1760504246.json"
"510807","146155","2025-11-14","52.00","NZD","1760504246","23477/2025-11-14/1760504246.json"
"581513","221281","2025-11-15","36.00","NZD","1760504246","23477/2025-11-15/1760504246.json"
"581514","221282","2025-11-15","36.00","NZD","1760504246","23477/2025-11-15/1760504246.json"
"512557","146154","2025-11-15","45.00","NZD","1760504246","23477/2025-11-15/1760504246.json"
"365170","146153","2025-11-15","48.00","NZD","1760504246","23477/2025-11-15/1760504246.json"
"510807","146155","2025-11-15","52.00","NZD","1760504246","23477/2025-11-15/1760504246.json"
"581513","221281","2025-11-16","36.00","NZD","1760504246","23477/2025-11-16/1760504246.json"
"581514","221282","2025-11-16","36.00","NZD","1760504246","23477/2025-11-16/1760504246.json"
"512557","146154","2025-11-16","45.00","NZD","1760504246","23477/2025-11-16/1760504246.json"
"365170","146153","2025-11-16","48.00","NZD","1760504246","23477/2025-11-16/1760504246.json"
"510807","146155","2025-11-16","52.00","NZD","1760504246","23477/2025-11-16/1760504246.json"
"581513","221281","2025-11-17","36.00","NZD","1760504246","23477/2025-11-17/1760504246.json"
"581514","221282","2025-11-17","36.00","NZD","1760504246","23477/2025-11-17/1760504246.json"
"512557","146154","2025-11-17","45.00","NZD","1760504246","23477/2025-11-17/1760504246.json"
"365170","146153","2025-11-17","48.00","NZD","1760504246","23477/2025-11-17/1760504246.json"
"510807","146155","2025-11-17","52.00","NZD","1760504246","23477/2025-11-17/1760504246.json"
"581513","221281","2025-11-18","36.00","NZD","1760504246","23477/2025-11-18/1760504246.json"
"581514","221282","2025-11-18","36.00","NZD","1760504246","23477/2025-11-18/1760504246.json"
"512557","146154","2025-11-18","45.00","NZD","1760504246","23477/2025-11-18/1760504246.json"
"365170","146153","2025-11-18","48.00","NZD","1760504246","23477/2025-11-18/1760504246.json"
"510807","146155","2025-11-18","52.00","NZD","1760504246","23477/2025-11-18/1760504246.json"
"581513","221281","2025-11-20","36.00","NZD","1760504246","23477/2025-11-20/1760504246.json"
"581514","221282","2025-11-20","36.00","NZD","1760504246","23477/2025-11-20/1760504246.json"
"512557","146154","2025-11-20","45.00","NZD","1760504246","23477/2025-11-20/1760504246.json"
"581513","221281","2025-11-19","36.00","NZD","1760504246","23477/2025-11-19/1760504246.json"
"581514","221282","2025-11-19","36.00","NZD","1760504246","23477/2025-11-19/1760504246.json"
"512557","146154","2025-11-19","45.00","NZD","1760504246","23477/2025-11-19/1760504246.json"
"365170","146153","2025-11-19","48.00","NZD","1760504246","23477/2025-11-19/1760504246.json"
"510807","146155","2025-11-19","52.00","NZD","1760504246","23477/2025-11-19/1760504246.json"
"581513","221281","2025-11-22","36.00","NZD","1760504246","23477/2025-11-22/1760504246.json"
"581514","221282","2025-11-22","36.00","NZD","1760504246","23477/2025-11-22/1760504246.json"
"512557","146154","2025-11-22","45.00","NZD","1760504246","23477/2025-11-22/1760504246.json"
"365170","146153","2025-11-22","48.00","NZD","1760504246","23477/2025-11-22/1760504246.json"
"510807","146155","2025-11-22","52.00","NZD","1760504246","23477/2025-11-22/1760504246.json"
"581513","221281","2025-11-21","36.00","NZD","1760504246","23477/2025-11-21/1760504246.json"
"581514","221282","2025-11-21","36.00","NZD","1760504246","23477/2025-11-21/1760504246.json"
"512557","146154","2025-11-21","45.00","NZD","1760504246","23477/2025-11-21/1760504246.json"
"365170","146153","2025-11-21","48.00","NZD","1760504246","23477/2025-11-21/1760504246.json"
"510807","146155","2025-11-21","52.00","NZD","1760504246","23477/2025-11-21/1760504246.json"
"581513","221281","2025-11-23","36.00","NZD","1760504246","23477/2025-11-23/1760504246.json"
"581514","221282","2025-11-23","36.00","NZD","1760504246","23477/2025-11-23/1760504246.json"
"512557","146154","2025-11-23","45.00","NZD","1760504246","23477/2025-11-23/1760504246.json"
"365170","146153","2025-11-23","48.00","NZD","1760504246","23477/2025-11-23/1760504246.json"
"510807","146155","2025-11-23","52.00","NZD","1760504246","23477/2025-11-23/1760504246.json"
"581513","221281","2025-11-24","36.00","NZD","1760504246","23477/2025-11-24/1760504246.json"
"581514","221282","2025-11-24","36.00","NZD","1760504246","23477/2025-11-24/1760504246.json"
"512557","146154","2025-11-24","45.00","NZD","1760504246","23477/2025-11-24/1760504246.json"
"365170","146153","2025-11-24","48.00","NZD","1760504246","23477/2025-11-24/1760504246.json"
"510807","146155","2025-11-24","52.00","NZD","1760504246","23477/2025-11-24/1760504246.json"
"581513","221281","2025-11-26","36.00","NZD","1760504246","23477/2025-11-26/1760504246.json"
"581514","221282","2025-11-26","36.00","NZD","1760504246","23477/2025-11-26/1760504246.json"
"512557","146154","2025-11-26","45.00","NZD","1760504246","23477/2025-11-26/1760504246.json"
"365170","146153","2025-11-26","48.00","NZD","1760504246","23477/2025-11-26/1760504246.json"
"510807","146155","2025-11-26","52.00","NZD","1760504246","23477/2025-11-26/1760504246.json"
"581513","221281","2025-11-25","36.00","NZD","1760504246","23477/2025-11-25/1760504246.json"
"581514","221282","2025-11-25","36.00","NZD","1760504246","23477/2025-11-25/1760504246.json"
"512557","146154","2025-11-25","45.00","NZD","1760504246","23477/2025-11-25/1760504246.json"
"365170","146153","2025-11-25","48.00","NZD","1760504246","23477/2025-11-25/1760504246.json"
"510807","146155","2025-11-25","52.00","NZD","1760504246","23477/2025-11-25/1760504246.json"
"581513","221281","2025-11-27","36.00","NZD","1760504246","23477/2025-11-27/1760504246.json"
"581514","221282","2025-11-27","36.00","NZD","1760504246","23477/2025-11-27/1760504246.json"
"512557","146154","2025-11-27","45.00","NZD","1760504246","23477/2025-11-27/1760504246.json"
"365170","146153","2025-11-27","48.00","NZD","1760504246","23477/2025-11-27/1760504246.json"
"510807","146155","2025-11-27","52.00","NZD","1760504246","23477/2025-11-27/1760504246.json"
"581513","221281","2025-11-29","36.00","NZD","1760504246","23477/2025-11-29/1760504246.json"
"581514","221282","2025-11-29","36.00","NZD","1760504246","23477/2025-11-29/1760504246.json"
"512557","146154","2025-11-29","45.00","NZD","1760504246","23477/2025-11-29/1760504246.json"
"365170","146153","2025-11-29","48.00","NZD","1760504246","23477/2025-11-29/1760504246.json"
"510807","146155","2025-11-29","52.00","NZD","1760504246","23477/2025-11-29/1760504246.json"
"581513","221281","2025-11-30","36.00","NZD","1760504246","23477/2025-11-30/1760504246.json"
"581514","221282","2025-11-30","36.00","NZD","1760504246","23477/2025-11-30/1760504246.json"
"512557","146154","2025-11-30","45.00","NZD","1760504246","23477/2025-11-30/1760504246.json"
"365170","146153","2025-11-30","48.00","NZD","1760504246","23477/2025-11-30/1760504246.json"
"510807","146155","2025-11-30","52.00","NZD","1760504246","23477/2025-11-30/1760504246.json"
"581513","221281","2025-12-01","36.00","NZD","1760504246","23477/2025-12-01/1760504246.json"
"581514","221282","2025-12-01","36.00","NZD","1760504246","23477/2025-12-01/1760504246.json"
"512557","146154","2025-12-01","45.00","NZD","1760504246","23477/2025-12-01/1760504246.json"
"365170","146153","2025-12-01","48.00","NZD","1760504246","23477/2025-12-01/1760504246.json"
"510807","146155","2025-12-01","52.00","NZD","1760504246","23477/2025-12-01/1760504246.json"
"581513","221281","2025-11-28","36.00","NZD","1760504246","23477/2025-11-28/1760504246.json"
"581514","221282","2025-11-28","36.00","NZD","1760504246","23477/2025-11-28/1760504246.json"
"512557","146154","2025-11-28","45.00","NZD","1760504246","23477/2025-11-28/1760504246.json"
"365170","146153","2025-11-28","48.00","NZD","1760504246","23477/2025-11-28/1760504246.json"
"510807","146155","2025-11-28","52.00","NZD","1760504246","23477/2025-11-28/1760504246.json"
"581513","221281","2025-12-02","36.00","NZD","1760504246","23477/2025-12-02/1760504246.json"
"581513","221281","2025-12-04","36.00","NZD","1760504246","23477/2025-12-04/1760504246.json"
"581514","221282","2025-12-02","36.00","NZD","1760504246","23477/2025-12-02/1760504246.json"
"581514","221282","2025-12-04","36.00","NZD","1760504246","23477/2025-12-04/1760504246.json"
"512557","146154","2025-12-02","45.00","NZD","1760504246","23477/2025-12-02/1760504246.json"
"512557","146154","2025-12-04","45.00","NZD","1760504246","23477/2025-12-04/1760504246.json"
"365170","146153","2025-12-02","48.00","NZD","1760504246","23477/2025-12-02/1760504246.json"
"365170","146153","2025-12-04","48.00","NZD","1760504246","23477/2025-12-04/1760504246.json"
"510807","146155","2025-12-02","52.00","NZD","1760504246","23477/2025-12-02/1760504246.json"
"510807","146155","2025-12-04","52.00","NZD","1760504246","23477/2025-12-04/1760504246.json"
"581513","221281","2025-12-03","36.00","NZD","1760504246","23477/2025-12-03/1760504246.json"
"581514","221282","2025-12-03","36.00","NZD","1760504246","23477/2025-12-03/1760504246.json"
"512557","146154","2025-12-03","45.00","NZD","1760504246","23477/2025-12-03/1760504246.json"
"365170","146153","2025-12-03","48.00","NZD","1760504246","23477/2025-12-03/1760504246.json"
"510807","146155","2025-12-03","52.00","NZD","1760504246","23477/2025-12-03/1760504246.json"
"581513","221281","2025-12-05","36.00","NZD","1760504246","23477/2025-12-05/1760504246.json"
"581514","221282","2025-12-05","36.00","NZD","1760504246","23477/2025-12-05/1760504246.json"
"512557","146154","2025-12-05","45.00","NZD","1760504246","23477/2025-12-05/1760504246.json"
"365170","146153","2025-12-05","48.00","NZD","1760504246","23477/2025-12-05/1760504246.json"
"510807","146155","2025-12-05","52.00","NZD","1760504246","23477/2025-12-05/1760504246.json"
"581513","221281","2025-12-06","36.00","NZD","1760504246","23477/2025-12-06/1760504246.json"
"581514","221282","2025-12-06","36.00","NZD","1760504246","23477/2025-12-06/1760504246.json"
"512557","146154","2025-12-06","45.00","NZD","1760504246","23477/2025-12-06/1760504246.json"
"365170","146153","2025-12-06","48.00","NZD","1760504246","23477/2025-12-06/1760504246.json"
"510807","146155","2025-12-06","52.00","NZD","1760504246","23477/2025-12-06/1760504246.json"
"581513","221281","2025-12-07","36.00","NZD","1760504246","23477/2025-12-07/1760504246.json"
"581514","221282","2025-12-07","36.00","NZD","1760504246","23477/2025-12-07/1760504246.json"
"512557","146154","2025-12-07","45.00","NZD","1760504246","23477/2025-12-07/1760504246.json"
"365170","146153","2025-12-07","48.00","NZD","1760504246","23477/2025-12-07/1760504246.json"
"510807","146155","2025-12-07","52.00","NZD","1760504246","23477/2025-12-07/1760504246.json"
"581513","221281","2025-12-09","36.00","NZD","1760504246","23477/2025-12-09/1760504246.json"
"581514","221282","2025-12-09","36.00","NZD","1760504246","23477/2025-12-09/1760504246.json"
"512557","146154","2025-12-09","45.00","NZD","1760504246","23477/2025-12-09/1760504246.json"
"365170","146153","2025-12-09","48.00","NZD","1760504246","23477/2025-12-09/1760504246.json"
"510807","146155","2025-12-09","52.00","NZD","1760504246","23477/2025-12-09/1760504246.json"
"581513","221281","2025-12-08","36.00","NZD","1760504246","23477/2025-12-08/1760504246.json"
"581514","221282","2025-12-08","36.00","NZD","1760504246","23477/2025-12-08/1760504246.json"
"512557","146154","2025-12-08","45.00","NZD","1760504246","23477/2025-12-08/1760504246.json"
"365170","146153","2025-12-08","48.00","NZD","1760504246","23477/2025-12-08/1760504246.json"
"510807","146155","2025-12-08","52.00","NZD","1760504246","23477/2025-12-08/1760504246.json"
"581513","221281","2025-12-10","36.00","NZD","1760504246","23477/2025-12-10/1760504246.json"
"581514","221282","2025-12-10","36.00","NZD","1760504246","23477/2025-12-10/1760504246.json"
"512557","146154","2025-12-10","45.00","NZD","1760504246","23477/2025-12-10/1760504246.json"
"365170","146153","2025-12-10","48.00","NZD","1760504246","23477/2025-12-10/1760504246.json"
"510807","146155","2025-12-10","52.00","NZD","1760504246","23477/2025-12-10/1760504246.json"
"581513","221281","2025-12-11","36.00","NZD","1760504246","23477/2025-12-11/1760504246.json"
"581514","221282","2025-12-11","36.00","NZD","1760504246","23477/2025-12-11/1760504246.json"
"512557","146154","2025-12-11","45.00","NZD","1760504246","23477/2025-12-11/1760504246.json"
"365170","146153","2025-12-11","48.00","NZD","1760504246","23477/2025-12-11/1760504246.json"
"510807","146155","2025-12-11","52.00","NZD","1760504246","23477/2025-12-11/1760504246.json"
"581513","221281","2025-12-12","36.00","NZD","1760504246","23477/2025-12-12/1760504246.json"
"581514","221282","2025-12-12","36.00","NZD","1760504246","23477/2025-12-12/1760504246.json"
"512557","146154","2025-12-12","45.00","NZD","1760504246","23477/2025-12-12/1760504246.json"
"365170","146153","2025-12-12","48.00","NZD","1760504246","23477/2025-12-12/1760504246.json"
"510807","146155","2025-12-12","52.00","NZD","1760504246","23477/2025-12-12/1760504246.json"
"581513","221281","2025-12-13","36.00","NZD","1760504246","23477/2025-12-13/1760504246.json"
"581514","221282","2025-12-13","36.00","NZD","1760504246","23477/2025-12-13/1760504246.json"
"512557","146154","2025-12-13","45.00","NZD","1760504246","23477/2025-12-13/1760504246.json"
"365170","146153","2025-12-13","48.00","NZD","1760504246","23477/2025-12-13/1760504246.json"
"510807","146155","2025-12-13","52.00","NZD","1760504246","23477/2025-12-13/1760504246.json"
"581513","221281","2025-12-14","36.00","NZD","1760504246","23477/2025-12-14/1760504246.json"
"581514","221282","2025-12-14","36.00","NZD","1760504246","23477/2025-12-14/1760504246.json"
"512557","146154","2025-12-14","45.00","NZD","1760504246","23477/2025-12-14/1760504246.json"
"365170","146153","2025-12-14","48.00","NZD","1760504246","23477/2025-12-14/1760504246.json"
"510807","146155","2025-12-14","52.00","NZD","1760504246","23477/2025-12-14/1760504246.json"
"581513","221281","2025-10-16","36.00","NZD","1760519346","23477/2025-10-16/1760519346.json"
"581514","221282","2025-10-16","36.00","NZD","1760519346","23477/2025-10-16/1760519346.json"
"512557","146154","2025-10-16","45.00","NZD","1760519346","23477/2025-10-16/1760519346.json"
"365170","146153","2025-10-16","48.00","NZD","1760519346","23477/2025-10-16/1760519346.json"
"510807","146155","2025-10-16","52.00","NZD","1760519346","23477/2025-10-16/1760519346.json"
"581513","221281","2025-10-17","36.00","NZD","1760519346","23477/2025-10-17/1760519346.json"
"581514","221282","2025-10-17","36.00","NZD","1760519346","23477/2025-10-17/1760519346.json"
"512557","146154","2025-10-17","45.00","NZD","1760519346","23477/2025-10-17/1760519346.json"
"365170","146153","2025-10-17","48.00","NZD","1760519346","23477/2025-10-17/1760519346.json"
"510807","146155","2025-10-17","52.00","NZD","1760519346","23477/2025-10-17/1760519346.json"
"581513","221281","2025-10-18","36.00","NZD","1760519346","23477/2025-10-18/1760519346.json"
"581514","221282","2025-10-18","36.00","NZD","1760519346","23477/2025-10-18/1760519346.json"
"512557","146154","2025-10-18","45.00","NZD","1760519346","23477/2025-10-18/1760519346.json"
"365170","146153","2025-10-18","48.00","NZD","1760519346","23477/2025-10-18/1760519346.json"
"510807","146155","2025-10-18","52.00","NZD","1760519346","23477/2025-10-18/1760519346.json"
"581513","221281","2025-10-15","36.00","NZD","1760519346","23477/2025-10-15/1760519346.json"
"581514","221282","2025-10-15","36.00","NZD","1760519346","23477/2025-10-15/1760519346.json"
"512557","146154","2025-10-15","45.00","NZD","1760519346","23477/2025-10-15/1760519346.json"
"365170","146153","2025-10-15","48.00","NZD","1760519346","23477/2025-10-15/1760519346.json"
"510807","146155","2025-10-15","52.00","NZD","1760519346","23477/2025-10-15/1760519346.json"
"581513","221281","2025-10-19","36.00","NZD","1760519346","23477/2025-10-19/1760519346.json"
"581514","221282","2025-10-19","36.00","NZD","1760519346","23477/2025-10-19/1760519346.json"
"512557","146154","2025-10-19","45.00","NZD","1760519346","23477/2025-10-19/1760519346.json"
"365170","146153","2025-10-19","48.00","NZD","1760519346","23477/2025-10-19/1760519346.json"
"510807","146155","2025-10-19","52.00","NZD","1760519346","23477/2025-10-19/1760519346.json"
"581513","221281","2025-10-20","36.00","NZD","1760519346","23477/2025-10-20/1760519346.json"
"581514","221282","2025-10-20","36.00","NZD","1760519346","23477/2025-10-20/1760519346.json"
"512557","146154","2025-10-20","45.00","NZD","1760519346","23477/2025-10-20/1760519346.json"
"365170","146153","2025-10-20","48.00","NZD","1760519346","23477/2025-10-20/1760519346.json"
"510807","146155","2025-10-20","52.00","NZD","1760519346","23477/2025-10-20/1760519346.json"
"581513","221281","2025-10-22","36.00","NZD","1760519346","23477/2025-10-22/1760519346.json"
"581514","221282","2025-10-22","36.00","NZD","1760519346","23477/2025-10-22/1760519346.json"
"512557","146154","2025-10-22","45.00","NZD","1760519346","23477/2025-10-22/1760519346.json"
"365170","146153","2025-10-22","48.00","NZD","1760519346","23477/2025-10-22/1760519346.json"
"510807","146155","2025-10-22","52.00","NZD","1760519346","23477/2025-10-22/1760519346.json"
"581513","221281","2025-10-21","36.00","NZD","1760519346","23477/2025-10-21/1760519346.json"
"581514","221282","2025-10-21","36.00","NZD","1760519346","23477/2025-10-21/1760519346.json"
"512557","146154","2025-10-21","45.00","NZD","1760519346","23477/2025-10-21/1760519346.json"
"365170","146153","2025-10-21","48.00","NZD","1760519346","23477/2025-10-21/1760519346.json"
"510807","146155","2025-10-21","52.00","NZD","1760519346","23477/2025-10-21/1760519346.json"
"581513","221281","2025-10-23","36.00","NZD","1760519346","23477/2025-10-23/1760519346.json"
"581514","221282","2025-10-23","36.00","NZD","1760519346","23477/2025-10-23/1760519346.json"
"512557","146154","2025-10-23","45.00","NZD","1760519346","23477/2025-10-23/1760519346.json"
"365170","146153","2025-10-23","48.00","NZD","1760519346","23477/2025-10-23/1760519346.json"
"510807","146155","2025-10-23","52.00","NZD","1760519346","23477/2025-10-23/1760519346.json"
"581513","221281","2025-10-26","38.00","NZD","1760519346","23477/2025-10-26/1760519346.json"
"581514","221282","2025-10-26","38.00","NZD","1760519346","23477/2025-10-26/1760519346.json"
"512557","146154","2025-10-26","45.00","NZD","1760519346","23477/2025-10-26/1760519346.json"
"581513","221281","2025-10-25","38.00","NZD","1760519346","23477/2025-10-25/1760519346.json"
"581514","221282","2025-10-25","38.00","NZD","1760519346","23477/2025-10-25/1760519346.json"
"512557","146154","2025-10-25","45.00","NZD","1760519346","23477/2025-10-25/1760519346.json"
"581513","221281","2025-10-24","36.00","NZD","1760519346","23477/2025-10-24/1760519346.json"
"581514","221282","2025-10-24","36.00","NZD","1760519346","23477/2025-10-24/1760519346.json"
"512557","146154","2025-10-24","45.00","NZD","1760519346","23477/2025-10-24/1760519346.json"
"365170","146153","2025-10-24","48.00","NZD","1760519346","23477/2025-10-24/1760519346.json"
"510807","146155","2025-10-24","52.00","NZD","1760519346","23477/2025-10-24/1760519346.json"
"581513","221281","2025-10-27","38.00","NZD","1760519346","23477/2025-10-27/1760519346.json"
"581514","221282","2025-10-27","38.00","NZD","1760519346","23477/2025-10-27/1760519346.json"
"512557","146154","2025-10-27","45.00","NZD","1760519346","23477/2025-10-27/1760519346.json"
"365170","146153","2025-10-27","48.00","NZD","1760519346","23477/2025-10-27/1760519346.json"
"510807","146155","2025-10-27","52.00","NZD","1760519346","23477/2025-10-27/1760519346.json"
"581513","221281","2025-10-28","36.00","NZD","1760519346","23477/2025-10-28/1760519346.json"
"581514","221282","2025-10-28","36.00","NZD","1760519346","23477/2025-10-28/1760519346.json"
"512557","146154","2025-10-28","45.00","NZD","1760519346","23477/2025-10-28/1760519346.json"
"365170","146153","2025-10-28","48.00","NZD","1760519346","23477/2025-10-28/1760519346.json"
"510807","146155","2025-10-28","52.00","NZD","1760519346","23477/2025-10-28/1760519346.json"
"581513","221281","2025-10-29","36.00","NZD","1760519346","23477/2025-10-29/1760519346.json"
"581514","221282","2025-10-29","36.00","NZD","1760519346","23477/2025-10-29/1760519346.json"
"512557","146154","2025-10-29","45.00","NZD","1760519346","23477/2025-10-29/1760519346.json"
"365170","146153","2025-10-29","48.00","NZD","1760519346","23477/2025-10-29/1760519346.json"
"510807","146155","2025-10-29","52.00","NZD","1760519346","23477/2025-10-29/1760519346.json"
"581513","221281","2025-10-30","36.00","NZD","1760519346","23477/2025-10-30/1760519346.json"
"581514","221282","2025-10-30","36.00","NZD","1760519346","23477/2025-10-30/1760519346.json"
"512557","146154","2025-10-30","45.00","NZD","1760519346","23477/2025-10-30/1760519346.json"
"365170","146153","2025-10-30","48.00","NZD","1760519346","23477/2025-10-30/1760519346.json"
"510807","146155","2025-10-30","52.00","NZD","1760519346","23477/2025-10-30/1760519346.json"
"581513","221281","2025-10-31","36.00","NZD","1760519346","23477/2025-10-31/1760519346.json"
"581514","221282","2025-10-31","36.00","NZD","1760519346","23477/2025-10-31/1760519346.json"
"512557","146154","2025-10-31","45.00","NZD","1760519346","23477/2025-10-31/1760519346.json"
"365170","146153","2025-10-31","48.00","NZD","1760519346","23477/2025-10-31/1760519346.json"
"510807","146155","2025-10-31","52.00","NZD","1760519346","23477/2025-10-31/1760519346.json"
"581513","221281","2025-11-01","36.00","NZD","1760519346","23477/2025-11-01/1760519346.json"
"581514","221282","2025-11-01","36.00","NZD","1760519346","23477/2025-11-01/1760519346.json"
"512557","146154","2025-11-01","45.00","NZD","1760519346","23477/2025-11-01/1760519346.json"
"365170","146153","2025-11-01","48.00","NZD","1760519346","23477/2025-11-01/1760519346.json"
"510807","146155","2025-11-01","52.00","NZD","1760519346","23477/2025-11-01/1760519346.json"
"581513","221281","2025-11-02","36.00","NZD","1760519346","23477/2025-11-02/1760519346.json"
"581514","221282","2025-11-02","36.00","NZD","1760519346","23477/2025-11-02/1760519346.json"
"512557","146154","2025-11-02","45.00","NZD","1760519346","23477/2025-11-02/1760519346.json"
"365170","146153","2025-11-02","48.00","NZD","1760519346","23477/2025-11-02/1760519346.json"
"510807","146155","2025-11-02","52.00","NZD","1760519346","23477/2025-11-02/1760519346.json"
"581513","221281","2025-11-03","36.00","NZD","1760519346","23477/2025-11-03/1760519346.json"
"581514","221282","2025-11-03","36.00","NZD","1760519346","23477/2025-11-03/1760519346.json"
"512557","146154","2025-11-03","45.00","NZD","1760519346","23477/2025-11-03/1760519346.json"
"365170","146153","2025-11-03","48.00","NZD","1760519346","23477/2025-11-03/1760519346.json"
"510807","146155","2025-11-03","52.00","NZD","1760519346","23477/2025-11-03/1760519346.json"
"581513","221281","2025-11-04","36.00","NZD","1760519346","23477/2025-11-04/1760519346.json"
"581514","221282","2025-11-04","36.00","NZD","1760519346","23477/2025-11-04/1760519346.json"
"512557","146154","2025-11-04","45.00","NZD","1760519346","23477/2025-11-04/1760519346.json"
"365170","146153","2025-11-04","48.00","NZD","1760519346","23477/2025-11-04/1760519346.json"
"510807","146155","2025-11-04","52.00","NZD","1760519346","23477/2025-11-04/1760519346.json"
"581513","221281","2025-11-06","36.00","NZD","1760519346","23477/2025-11-06/1760519346.json"
"581514","221282","2025-11-06","36.00","NZD","1760519346","23477/2025-11-06/1760519346.json"
"512557","146154","2025-11-06","45.00","NZD","1760519346","23477/2025-11-06/1760519346.json"
"365170","146153","2025-11-06","48.00","NZD","1760519346","23477/2025-11-06/1760519346.json"
"510807","146155","2025-11-06","52.00","NZD","1760519346","23477/2025-11-06/1760519346.json"
"581513","221281","2025-11-08","36.00","NZD","1760519346","23477/2025-11-08/1760519346.json"
"581514","221282","2025-11-08","36.00","NZD","1760519346","23477/2025-11-08/1760519346.json"
"512557","146154","2025-11-08","45.00","NZD","1760519346","23477/2025-11-08/1760519346.json"
"365170","146153","2025-11-08","48.00","NZD","1760519346","23477/2025-11-08/1760519346.json"
"510807","146155","2025-11-08","52.00","NZD","1760519346","23477/2025-11-08/1760519346.json"
"581513","221281","2025-11-07","36.00","NZD","1760519346","23477/2025-11-07/1760519346.json"
"581514","221282","2025-11-07","36.00","NZD","1760519346","23477/2025-11-07/1760519346.json"
"512557","146154","2025-11-07","45.00","NZD","1760519346","23477/2025-11-07/1760519346.json"
"365170","146153","2025-11-07","48.00","NZD","1760519346","23477/2025-11-07/1760519346.json"
"510807","146155","2025-11-07","52.00","NZD","1760519346","23477/2025-11-07/1760519346.json"
"581513","221281","2025-11-05","36.00","NZD","1760519346","23477/2025-11-05/1760519346.json"
"581514","221282","2025-11-05","36.00","NZD","1760519346","23477/2025-11-05/1760519346.json"
"512557","146154","2025-11-05","45.00","NZD","1760519346","23477/2025-11-05/1760519346.json"
"365170","146153","2025-11-05","48.00","NZD","1760519346","23477/2025-11-05/1760519346.json"
"510807","146155","2025-11-05","52.00","NZD","1760519346","23477/2025-11-05/1760519346.json"
"581513","221281","2025-11-09","36.00","NZD","1760519346","23477/2025-11-09/1760519346.json"
"581514","221282","2025-11-09","36.00","NZD","1760519346","23477/2025-11-09/1760519346.json"
"512557","146154","2025-11-09","45.00","NZD","1760519346","23477/2025-11-09/1760519346.json"
"365170","146153","2025-11-09","48.00","NZD","1760519346","23477/2025-11-09/1760519346.json"
"510807","146155","2025-11-09","52.00","NZD","1760519346","23477/2025-11-09/1760519346.json"
"581513","221281","2025-11-12","36.00","NZD","1760519346","23477/2025-11-12/1760519346.json"
"581514","221282","2025-11-12","36.00","NZD","1760519346","23477/2025-11-12/1760519346.json"
"512557","146154","2025-11-12","45.00","NZD","1760519346","23477/2025-11-12/1760519346.json"
"365170","146153","2025-11-12","48.00","NZD","1760519346","23477/2025-11-12/1760519346.json"
"510807","146155","2025-11-12","52.00","NZD","1760519346","23477/2025-11-12/1760519346.json"
"581513","221281","2025-11-11","36.00","NZD","1760519346","23477/2025-11-11/1760519346.json"
"581514","221282","2025-11-11","36.00","NZD","1760519346","23477/2025-11-11/1760519346.json"
"512557","146154","2025-11-11","45.00","NZD","1760519346","23477/2025-11-11/1760519346.json"
"365170","146153","2025-11-11","48.00","NZD","1760519346","23477/2025-11-11/1760519346.json"
"510807","146155","2025-11-11","52.00","NZD","1760519346","23477/2025-11-11/1760519346.json"
"581513","221281","2025-11-10","36.00","NZD","1760519346","23477/2025-11-10/1760519346.json"
"581514","221282","2025-11-10","36.00","NZD","1760519346","23477/2025-11-10/1760519346.json"
"512557","146154","2025-11-10","45.00","NZD","1760519346","23477/2025-11-10/1760519346.json"
"365170","146153","2025-11-10","48.00","NZD","1760519346","23477/2025-11-10/1760519346.json"
"510807","146155","2025-11-10","52.00","NZD","1760519346","23477/2025-11-10/1760519346.json"
"581513","221281","2025-11-13","36.00","NZD","1760519346","23477/2025-11-13/1760519346.json"
"581514","221282","2025-11-13","36.00","NZD","1760519346","23477/2025-11-13/1760519346.json"
"512557","146154","2025-11-13","45.00","NZD","1760519346","23477/2025-11-13/1760519346.json"
"365170","146153","2025-11-13","48.00","NZD","1760519346","23477/2025-11-13/1760519346.json"
"510807","146155","2025-11-13","52.00","NZD","1760519346","23477/2025-11-13/1760519346.json"
"581513","221281","2025-11-15","36.00","NZD","1760519346","23477/2025-11-15/1760519346.json"
"581514","221282","2025-11-15","36.00","NZD","1760519346","23477/2025-11-15/1760519346.json"
"512557","146154","2025-11-15","45.00","NZD","1760519346","23477/2025-11-15/1760519346.json"
"365170","146153","2025-11-15","48.00","NZD","1760519346","23477/2025-11-15/1760519346.json"
"510807","146155","2025-11-15","52.00","NZD","1760519346","23477/2025-11-15/1760519346.json"
"581513","221281","2025-11-14","36.00","NZD","1760519346","23477/2025-11-14/1760519346.json"
"581514","221282","2025-11-14","36.00","NZD","1760519346","23477/2025-11-14/1760519346.json"
"512557","146154","2025-11-14","45.00","NZD","1760519346","23477/2025-11-14/1760519346.json"
"365170","146153","2025-11-14","48.00","NZD","1760519346","23477/2025-11-14/1760519346.json"
"510807","146155","2025-11-14","52.00","NZD","1760519346","23477/2025-11-14/1760519346.json"
"581513","221281","2025-11-17","36.00","NZD","1760519346","23477/2025-11-17/1760519346.json"
"581514","221282","2025-11-17","36.00","NZD","1760519346","23477/2025-11-17/1760519346.json"
"512557","146154","2025-11-17","45.00","NZD","1760519346","23477/2025-11-17/1760519346.json"
"365170","146153","2025-11-17","48.00","NZD","1760519346","23477/2025-11-17/1760519346.json"
"510807","146155","2025-11-17","52.00","NZD","1760519346","23477/2025-11-17/1760519346.json"
"581513","221281","2025-11-16","36.00","NZD","1760519346","23477/2025-11-16/1760519346.json"
"581514","221282","2025-11-16","36.00","NZD","1760519346","23477/2025-11-16/1760519346.json"
"512557","146154","2025-11-16","45.00","NZD","1760519346","23477/2025-11-16/1760519346.json"
"365170","146153","2025-11-16","48.00","NZD","1760519346","23477/2025-11-16/1760519346.json"
"510807","146155","2025-11-16","52.00","NZD","1760519346","23477/2025-11-16/1760519346.json"
"581513","221281","2025-11-18","36.00","NZD","1760519346","23477/2025-11-18/1760519346.json"
"581514","221282","2025-11-18","36.00","NZD","1760519346","23477/2025-11-18/1760519346.json"
"512557","146154","2025-11-18","45.00","NZD","1760519346","23477/2025-11-18/1760519346.json"
"365170","146153","2025-11-18","48.00","NZD","1760519346","23477/2025-11-18/1760519346.json"
"510807","146155","2025-11-18","52.00","NZD","1760519346","23477/2025-11-18/1760519346.json"
"581513","221281","2025-11-19","36.00","NZD","1760519346","23477/2025-11-19/1760519346.json"
"581514","221282","2025-11-19","36.00","NZD","1760519346","23477/2025-11-19/1760519346.json"
"512557","146154","2025-11-19","45.00","NZD","1760519346","23477/2025-11-19/1760519346.json"
"365170","146153","2025-11-19","48.00","NZD","1760519346","23477/2025-11-19/1760519346.json"
"510807","146155","2025-11-19","52.00","NZD","1760519346","23477/2025-11-19/1760519346.json"
"581513","221281","2025-11-20","36.00","NZD","1760519346","23477/2025-11-20/1760519346.json"
"581514","221282","2025-11-20","36.00","NZD","1760519346","23477/2025-11-20/1760519346.json"
"512557","146154","2025-11-20","45.00","NZD","1760519346","23477/2025-11-20/1760519346.json"
"581513","221281","2025-11-21","36.00","NZD","1760519346","23477/2025-11-21/1760519346.json"
"581514","221282","2025-11-21","36.00","NZD","1760519346","23477/2025-11-21/1760519346.json"
"512557","146154","2025-11-21","45.00","NZD","1760519346","23477/2025-11-21/1760519346.json"
"365170","146153","2025-11-21","48.00","NZD","1760519346","23477/2025-11-21/1760519346.json"
"510807","146155","2025-11-21","52.00","NZD","1760519346","23477/2025-11-21/1760519346.json"
"581513","221281","2025-11-22","36.00","NZD","1760519346","23477/2025-11-22/1760519346.json"
"581514","221282","2025-11-22","36.00","NZD","1760519346","23477/2025-11-22/1760519346.json"
"512557","146154","2025-11-22","45.00","NZD","1760519346","23477/2025-11-22/1760519346.json"
"365170","146153","2025-11-22","48.00","NZD","1760519346","23477/2025-11-22/1760519346.json"
"510807","146155","2025-11-22","52.00","NZD","1760519346","23477/2025-11-22/1760519346.json"
"581513","221281","2025-11-23","36.00","NZD","1760519346","23477/2025-11-23/1760519346.json"
"581514","221282","2025-11-23","36.00","NZD","1760519346","23477/2025-11-23/1760519346.json"
"512557","146154","2025-11-23","45.00","NZD","1760519346","23477/2025-11-23/1760519346.json"
"365170","146153","2025-11-23","48.00","NZD","1760519346","23477/2025-11-23/1760519346.json"
"510807","146155","2025-11-23","52.00","NZD","1760519346","23477/2025-11-23/1760519346.json"
"581513","221281","2025-11-24","36.00","NZD","1760519346","23477/2025-11-24/1760519346.json"
"581514","221282","2025-11-24","36.00","NZD","1760519346","23477/2025-11-24/1760519346.json"
"512557","146154","2025-11-24","45.00","NZD","1760519346","23477/2025-11-24/1760519346.json"
"365170","146153","2025-11-24","48.00","NZD","1760519346","23477/2025-11-24/1760519346.json"
"510807","146155","2025-11-24","52.00","NZD","1760519346","23477/2025-11-24/1760519346.json"
"581513","221281","2025-11-25","36.00","NZD","1760519346","23477/2025-11-25/1760519346.json"
"581514","221282","2025-11-25","36.00","NZD","1760519346","23477/2025-11-25/1760519346.json"
"512557","146154","2025-11-25","45.00","NZD","1760519346","23477/2025-11-25/1760519346.json"
"365170","146153","2025-11-25","48.00","NZD","1760519346","23477/2025-11-25/1760519346.json"
"510807","146155","2025-11-25","52.00","NZD","1760519346","23477/2025-11-25/1760519346.json"
"581513","221281","2025-11-26","36.00","NZD","1760519346","23477/2025-11-26/1760519346.json"
"581514","221282","2025-11-26","36.00","NZD","1760519346","23477/2025-11-26/1760519346.json"
"512557","146154","2025-11-26","45.00","NZD","1760519346","23477/2025-11-26/1760519346.json"
"365170","146153","2025-11-26","48.00","NZD","1760519346","23477/2025-11-26/1760519346.json"
"510807","146155","2025-11-26","52.00","NZD","1760519346","23477/2025-11-26/1760519346.json"
"581513","221281","2025-11-28","36.00","NZD","1760519346","23477/2025-11-28/1760519346.json"
"581514","221282","2025-11-28","36.00","NZD","1760519346","23477/2025-11-28/1760519346.json"
"512557","146154","2025-11-28","45.00","NZD","1760519346","23477/2025-11-28/1760519346.json"
"365170","146153","2025-11-28","48.00","NZD","1760519346","23477/2025-11-28/1760519346.json"
"510807","146155","2025-11-28","52.00","NZD","1760519346","23477/2025-11-28/1760519346.json"
"581513","221281","2025-11-29","36.00","NZD","1760519346","23477/2025-11-29/1760519346.json"
"581514","221282","2025-11-29","36.00","NZD","1760519346","23477/2025-11-29/1760519346.json"
"512557","146154","2025-11-29","45.00","NZD","1760519346","23477/2025-11-29/1760519346.json"
"365170","146153","2025-11-29","48.00","NZD","1760519346","23477/2025-11-29/1760519346.json"
"510807","146155","2025-11-29","52.00","NZD","1760519346","23477/2025-11-29/1760519346.json"
"581513","221281","2025-11-30","36.00","NZD","1760519346","23477/2025-11-30/1760519346.json"
"581514","221282","2025-11-30","36.00","NZD","1760519346","23477/2025-11-30/1760519346.json"
"512557","146154","2025-11-30","45.00","NZD","1760519346","23477/2025-11-30/1760519346.json"
"365170","146153","2025-11-30","48.00","NZD","1760519346","23477/2025-11-30/1760519346.json"
"510807","146155","2025-11-30","52.00","NZD","1760519346","23477/2025-11-30/1760519346.json"
"581513","221281","2025-11-27","36.00","NZD","1760519346","23477/2025-11-27/1760519346.json"
"581514","221282","2025-11-27","36.00","NZD","1760519346","23477/2025-11-27/1760519346.json"
"512557","146154","2025-11-27","45.00","NZD","1760519346","23477/2025-11-27/1760519346.json"
"365170","146153","2025-11-27","48.00","NZD","1760519346","23477/2025-11-27/1760519346.json"
"510807","146155","2025-11-27","52.00","NZD","1760519346","23477/2025-11-27/1760519346.json"
"581513","221281","2025-12-01","36.00","NZD","1760519346","23477/2025-12-01/1760519346.json"
"581514","221282","2025-12-01","36.00","NZD","1760519346","23477/2025-12-01/1760519346.json"
"512557","146154","2025-12-01","45.00","NZD","1760519346","23477/2025-12-01/1760519346.json"
"365170","146153","2025-12-01","48.00","NZD","1760519346","23477/2025-12-01/1760519346.json"
"510807","146155","2025-12-01","52.00","NZD","1760519346","23477/2025-12-01/1760519346.json"
"581513","221281","2025-12-03","36.00","NZD","1760519346","23477/2025-12-03/1760519346.json"
"581514","221282","2025-12-03","36.00","NZD","1760519346","23477/2025-12-03/1760519346.json"
"512557","146154","2025-12-03","45.00","NZD","1760519346","23477/2025-12-03/1760519346.json"
"365170","146153","2025-12-03","48.00","NZD","1760519346","23477/2025-12-03/1760519346.json"
"510807","146155","2025-12-03","52.00","NZD","1760519346","23477/2025-12-03/1760519346.json"
"581513","221281","2025-12-02","36.00","NZD","1760519346","23477/2025-12-02/1760519346.json"
"581514","221282","2025-12-02","36.00","NZD","1760519346","23477/2025-12-02/1760519346.json"
"512557","146154","2025-12-02","45.00","NZD","1760519346","23477/2025-12-02/1760519346.json"
"365170","146153","2025-12-02","48.00","NZD","1760519346","23477/2025-12-02/1760519346.json"
"510807","146155","2025-12-02","52.00","NZD","1760519346","23477/2025-12-02/1760519346.json"
"581513","221281","2025-12-04","36.00","NZD","1760519346","23477/2025-12-04/1760519346.json"
"581514","221282","2025-12-04","36.00","NZD","1760519346","23477/2025-12-04/1760519346.json"
"512557","146154","2025-12-04","45.00","NZD","1760519346","23477/2025-12-04/1760519346.json"
"365170","146153","2025-12-04","48.00","NZD","1760519346","23477/2025-12-04/1760519346.json"
"510807","146155","2025-12-04","52.00","NZD","1760519346","23477/2025-12-04/1760519346.json"
"581513","221281","2025-12-05","36.00","NZD","1760519346","23477/2025-12-05/1760519346.json"
"581514","221282","2025-12-05","36.00","NZD","1760519346","23477/2025-12-05/1760519346.json"
"512557","146154","2025-12-05","45.00","NZD","1760519346","23477/2025-12-05/1760519346.json"
"365170","146153","2025-12-05","48.00","NZD","1760519346","23477/2025-12-05/1760519346.json"
"510807","146155","2025-12-05","52.00","NZD","1760519346","23477/2025-12-05/1760519346.json"
"581513","221281","2025-12-06","36.00","NZD","1760519346","23477/2025-12-06/1760519346.json"
"581514","221282","2025-12-06","36.00","NZD","1760519346","23477/2025-12-06/1760519346.json"
"512557","146154","2025-12-06","45.00","NZD","1760519346","23477/2025-12-06/1760519346.json"
"365170","146153","2025-12-06","48.00","NZD","1760519346","23477/2025-12-06/1760519346.json"
"510807","146155","2025-12-06","52.00","NZD","1760519346","23477/2025-12-06/1760519346.json"
"581513","221281","2025-12-07","36.00","NZD","1760519346","23477/2025-12-07/1760519346.json"
"581514","221282","2025-12-07","36.00","NZD","1760519346","23477/2025-12-07/1760519346.json"
"512557","146154","2025-12-07","45.00","NZD","1760519346","23477/2025-12-07/1760519346.json"
"365170","146153","2025-12-07","48.00","NZD","1760519346","23477/2025-12-07/1760519346.json"
"510807","146155","2025-12-07","52.00","NZD","1760519346","23477/2025-12-07/1760519346.json"
"581513","221281","2025-12-08","36.00","NZD","1760519346","23477/2025-12-08/1760519346.json"
"581514","221282","2025-12-08","36.00","NZD","1760519346","23477/2025-12-08/1760519346.json"
"512557","146154","2025-12-08","45.00","NZD","1760519346","23477/2025-12-08/1760519346.json"
"365170","146153","2025-12-08","48.00","NZD","1760519346","23477/2025-12-08/1760519346.json"
"510807","146155","2025-12-08","52.00","NZD","1760519346","23477/2025-12-08/1760519346.json"
"581513","221281","2025-12-09","36.00","NZD","1760519346","23477/2025-12-09/1760519346.json"
"581514","221282","2025-12-09","36.00","NZD","1760519346","23477/2025-12-09/1760519346.json"
"512557","146154","2025-12-09","45.00","NZD","1760519346","23477/2025-12-09/1760519346.json"
"365170","146153","2025-12-09","48.00","NZD","1760519346","23477/2025-12-09/1760519346.json"
"510807","146155","2025-12-09","52.00","NZD","1760519346","23477/2025-12-09/1760519346.json"
"581513","221281","2025-12-10","36.00","NZD","1760519346","23477/2025-12-10/1760519346.json"
"581514","221282","2025-12-10","36.00","NZD","1760519346","23477/2025-12-10/1760519346.json"
"512557","146154","2025-12-10","45.00","NZD","1760519346","23477/2025-12-10/1760519346.json"
"365170","146153","2025-12-10","48.00","NZD","1760519346","23477/2025-12-10/1760519346.json"
"510807","146155","2025-12-10","52.00","NZD","1760519346","23477/2025-12-10/1760519346.json"
"581513","221281","2025-12-12","36.00","NZD","1760519346","23477/2025-12-12/1760519346.json"
"581514","221282","2025-12-12","36.00","NZD","1760519346","23477/2025-12-12/1760519346.json"
"512557","146154","2025-12-12","45.00","NZD","1760519346","23477/2025-12-12/1760519346.json"
"365170","146153","2025-12-12","48.00","NZD","1760519346","23477/2025-12-12/1760519346.json"
"510807","146155","2025-12-12","52.00","NZD","1760519346","23477/2025-12-12/1760519346.json"
"581513","221281","2025-12-11","36.00","NZD","1760519346","23477/2025-12-11/1760519346.json"
"581514","221282","2025-12-11","36.00","NZD","1760519346","23477/2025-12-11/1760519346.json"
"512557","146154","2025-12-11","45.00","NZD","1760519346","23477/2025-12-11/1760519346.json"
"365170","146153","2025-12-11","48.00","NZD","1760519346","23477/2025-12-11/1760519346.json"
"510807","146155","2025-12-11","52.00","NZD","1760519346","23477/2025-12-11/1760519346.json"
"581513","221281","2025-12-13","36.00","NZD","1760519346","23477/2025-12-13/1760519346.json"
"581514","221282","2025-12-13","36.00","NZD","1760519346","23477/2025-12-13/1760519346.json"
"512557","146154","2025-12-13","45.00","NZD","1760519346","23477/2025-12-13/1760519346.json"
"365170","146153","2025-12-13","48.00","NZD","1760519346","23477/2025-12-13/1760519346.json"
"510807","146155","2025-12-13","52.00","NZD","1760519346","23477/2025-12-13/1760519346.json"
"581513","221281","2025-12-14","36.00","NZD","1760519346","23477/2025-12-14/1760519346.json"
"581514","221282","2025-12-14","36.00","NZD","1760519346","23477/2025-12-14/1760519346.json"
"512557","146154","2025-12-14","45.00","NZD","1760519346","23477/2025-12-14/1760519346.json"
"365170","146153","2025-12-14","48.00","NZD","1760519346","23477/2025-12-14/1760519346.json"
"510807","146155","2025-12-14","52.00","NZD","1760519346","23477/2025-12-14/1760519346.json"
"581513","221281","2025-10-18","36.00","NZD","1760536786","23477/2025-10-18/1760536786.json"
"581513","221281","2025-10-16","36.00","NZD","1760536786","23477/2025-10-16/1760536786.json"
"581514","221282","2025-10-16","36.00","NZD","1760536786","23477/2025-10-16/1760536786.json"
"512557","146154","2025-10-16","45.00","NZD","1760536786","23477/2025-10-16/1760536786.json"
"365170","146153","2025-10-16","48.00","NZD","1760536786","23477/2025-10-16/1760536786.json"
"510807","146155","2025-10-16","52.00","NZD","1760536786","23477/2025-10-16/1760536786.json"
"581514","221282","2025-10-18","36.00","NZD","1760536786","23477/2025-10-18/1760536786.json"
"512557","146154","2025-10-18","45.00","NZD","1760536786","23477/2025-10-18/1760536786.json"
"365170","146153","2025-10-18","48.00","NZD","1760536786","23477/2025-10-18/1760536786.json"
"510807","146155","2025-10-18","52.00","NZD","1760536786","23477/2025-10-18/1760536786.json"
"581513","221281","2025-10-17","36.00","NZD","1760536786","23477/2025-10-17/1760536786.json"
"581514","221282","2025-10-17","36.00","NZD","1760536786","23477/2025-10-17/1760536786.json"
"512557","146154","2025-10-17","45.00","NZD","1760536786","23477/2025-10-17/1760536786.json"
"365170","146153","2025-10-17","48.00","NZD","1760536786","23477/2025-10-17/1760536786.json"
"510807","146155","2025-10-17","52.00","NZD","1760536786","23477/2025-10-17/1760536786.json"
"581513","221281","2025-10-19","36.00","NZD","1760536786","23477/2025-10-19/1760536786.json"
"581514","221282","2025-10-19","36.00","NZD","1760536786","23477/2025-10-19/1760536786.json"
"512557","146154","2025-10-19","45.00","NZD","1760536786","23477/2025-10-19/1760536786.json"
"365170","146153","2025-10-19","48.00","NZD","1760536786","23477/2025-10-19/1760536786.json"
"510807","146155","2025-10-19","52.00","NZD","1760536786","23477/2025-10-19/1760536786.json"
"581513","221281","2025-10-22","36.00","NZD","1760536786","23477/2025-10-22/1760536786.json"
"581514","221282","2025-10-22","36.00","NZD","1760536786","23477/2025-10-22/1760536786.json"
"512557","146154","2025-10-22","45.00","NZD","1760536786","23477/2025-10-22/1760536786.json"
"365170","146153","2025-10-22","48.00","NZD","1760536786","23477/2025-10-22/1760536786.json"
"510807","146155","2025-10-22","52.00","NZD","1760536786","23477/2025-10-22/1760536786.json"
"581513","221281","2025-10-21","36.00","NZD","1760536786","23477/2025-10-21/1760536786.json"
"581514","221282","2025-10-21","36.00","NZD","1760536786","23477/2025-10-21/1760536786.json"
"512557","146154","2025-10-21","45.00","NZD","1760536786","23477/2025-10-21/1760536786.json"
"365170","146153","2025-10-21","48.00","NZD","1760536786","23477/2025-10-21/1760536786.json"
"510807","146155","2025-10-21","52.00","NZD","1760536786","23477/2025-10-21/1760536786.json"
"581513","221281","2025-10-20","36.00","NZD","1760536786","23477/2025-10-20/1760536786.json"
"581514","221282","2025-10-20","36.00","NZD","1760536786","23477/2025-10-20/1760536786.json"
"512557","146154","2025-10-20","45.00","NZD","1760536786","23477/2025-10-20/1760536786.json"
"365170","146153","2025-10-20","48.00","NZD","1760536786","23477/2025-10-20/1760536786.json"
"510807","146155","2025-10-20","52.00","NZD","1760536786","23477/2025-10-20/1760536786.json"
"581513","221281","2025-10-23","36.00","NZD","1760536786","23477/2025-10-23/1760536786.json"
"581514","221282","2025-10-23","36.00","NZD","1760536786","23477/2025-10-23/1760536786.json"
"512557","146154","2025-10-23","45.00","NZD","1760536786","23477/2025-10-23/1760536786.json"
"365170","146153","2025-10-23","48.00","NZD","1760536786","23477/2025-10-23/1760536786.json"
"510807","146155","2025-10-23","52.00","NZD","1760536786","23477/2025-10-23/1760536786.json"
"581513","221281","2025-10-24","36.00","NZD","1760536786","23477/2025-10-24/1760536786.json"
"581514","221282","2025-10-24","36.00","NZD","1760536786","23477/2025-10-24/1760536786.json"
"512557","146154","2025-10-24","45.00","NZD","1760536786","23477/2025-10-24/1760536786.json"
"365170","146153","2025-10-24","48.00","NZD","1760536786","23477/2025-10-24/1760536786.json"
"510807","146155","2025-10-24","52.00","NZD","1760536786","23477/2025-10-24/1760536786.json"
"581513","221281","2025-10-27","38.00","NZD","1760536786","23477/2025-10-27/1760536786.json"
"581514","221282","2025-10-27","38.00","NZD","1760536786","23477/2025-10-27/1760536786.json"
"512557","146154","2025-10-27","45.00","NZD","1760536786","23477/2025-10-27/1760536786.json"
"365170","146153","2025-10-27","48.00","NZD","1760536786","23477/2025-10-27/1760536786.json"
"510807","146155","2025-10-27","52.00","NZD","1760536786","23477/2025-10-27/1760536786.json"
"581513","221281","2025-10-25","38.00","NZD","1760536786","23477/2025-10-25/1760536786.json"
"581514","221282","2025-10-25","38.00","NZD","1760536786","23477/2025-10-25/1760536786.json"
"512557","146154","2025-10-25","45.00","NZD","1760536786","23477/2025-10-25/1760536786.json"
"581513","221281","2025-10-26","38.00","NZD","1760536786","23477/2025-10-26/1760536786.json"
"581514","221282","2025-10-26","38.00","NZD","1760536786","23477/2025-10-26/1760536786.json"
"512557","146154","2025-10-26","45.00","NZD","1760536786","23477/2025-10-26/1760536786.json"
"581513","221281","2025-10-30","36.00","NZD","1760536786","23477/2025-10-30/1760536786.json"
"581514","221282","2025-10-30","36.00","NZD","1760536786","23477/2025-10-30/1760536786.json"
"512557","146154","2025-10-30","45.00","NZD","1760536786","23477/2025-10-30/1760536786.json"
"365170","146153","2025-10-30","48.00","NZD","1760536786","23477/2025-10-30/1760536786.json"
"510807","146155","2025-10-30","52.00","NZD","1760536786","23477/2025-10-30/1760536786.json"
"581513","221281","2025-10-28","36.00","NZD","1760536786","23477/2025-10-28/1760536786.json"
"581514","221282","2025-10-28","36.00","NZD","1760536786","23477/2025-10-28/1760536786.json"
"512557","146154","2025-10-28","45.00","NZD","1760536786","23477/2025-10-28/1760536786.json"
"365170","146153","2025-10-28","48.00","NZD","1760536786","23477/2025-10-28/1760536786.json"
"510807","146155","2025-10-28","52.00","NZD","1760536786","23477/2025-10-28/1760536786.json"
"581513","221281","2025-10-31","36.00","NZD","1760536786","23477/2025-10-31/1760536786.json"
"581514","221282","2025-10-31","36.00","NZD","1760536786","23477/2025-10-31/1760536786.json"
"512557","146154","2025-10-31","45.00","NZD","1760536786","23477/2025-10-31/1760536786.json"
"365170","146153","2025-10-31","48.00","NZD","1760536786","23477/2025-10-31/1760536786.json"
"510807","146155","2025-10-31","52.00","NZD","1760536786","23477/2025-10-31/1760536786.json"
"581513","221281","2025-10-29","36.00","NZD","1760536786","23477/2025-10-29/1760536786.json"
"581514","221282","2025-10-29","36.00","NZD","1760536786","23477/2025-10-29/1760536786.json"
"512557","146154","2025-10-29","45.00","NZD","1760536786","23477/2025-10-29/1760536786.json"
"365170","146153","2025-10-29","48.00","NZD","1760536786","23477/2025-10-29/1760536786.json"
"510807","146155","2025-10-29","52.00","NZD","1760536786","23477/2025-10-29/1760536786.json"
"581513","221281","2025-11-02","36.00","NZD","1760536786","23477/2025-11-02/1760536786.json"
"581514","221282","2025-11-02","36.00","NZD","1760536786","23477/2025-11-02/1760536786.json"
"512557","146154","2025-11-02","45.00","NZD","1760536786","23477/2025-11-02/1760536786.json"
"365170","146153","2025-11-02","48.00","NZD","1760536786","23477/2025-11-02/1760536786.json"
"510807","146155","2025-11-02","52.00","NZD","1760536786","23477/2025-11-02/1760536786.json"
"581513","221281","2025-11-01","36.00","NZD","1760536786","23477/2025-11-01/1760536786.json"
"581514","221282","2025-11-01","36.00","NZD","1760536786","23477/2025-11-01/1760536786.json"
"512557","146154","2025-11-01","45.00","NZD","1760536786","23477/2025-11-01/1760536786.json"
"365170","146153","2025-11-01","48.00","NZD","1760536786","23477/2025-11-01/1760536786.json"
"510807","146155","2025-11-01","52.00","NZD","1760536786","23477/2025-11-01/1760536786.json"
"581513","221281","2025-11-03","36.00","NZD","1760536786","23477/2025-11-03/1760536786.json"
"581514","221282","2025-11-03","36.00","NZD","1760536786","23477/2025-11-03/1760536786.json"
"512557","146154","2025-11-03","45.00","NZD","1760536786","23477/2025-11-03/1760536786.json"
"365170","146153","2025-11-03","48.00","NZD","1760536786","23477/2025-11-03/1760536786.json"
"510807","146155","2025-11-03","52.00","NZD","1760536786","23477/2025-11-03/1760536786.json"
"581513","221281","2025-11-04","36.00","NZD","1760536786","23477/2025-11-04/1760536786.json"
"581514","221282","2025-11-04","36.00","NZD","1760536786","23477/2025-11-04/1760536786.json"
"512557","146154","2025-11-04","45.00","NZD","1760536786","23477/2025-11-04/1760536786.json"
"365170","146153","2025-11-04","48.00","NZD","1760536786","23477/2025-11-04/1760536786.json"
"510807","146155","2025-11-04","52.00","NZD","1760536786","23477/2025-11-04/1760536786.json"
"581513","221281","2025-11-05","36.00","NZD","1760536786","23477/2025-11-05/1760536786.json"
"581514","221282","2025-11-05","36.00","NZD","1760536786","23477/2025-11-05/1760536786.json"
"512557","146154","2025-11-05","45.00","NZD","1760536786","23477/2025-11-05/1760536786.json"
"365170","146153","2025-11-05","48.00","NZD","1760536786","23477/2025-11-05/1760536786.json"
"510807","146155","2025-11-05","52.00","NZD","1760536786","23477/2025-11-05/1760536786.json"
"581513","221281","2025-11-06","36.00","NZD","1760536786","23477/2025-11-06/1760536786.json"
"581514","221282","2025-11-06","36.00","NZD","1760536786","23477/2025-11-06/1760536786.json"
"512557","146154","2025-11-06","45.00","NZD","1760536786","23477/2025-11-06/1760536786.json"
"365170","146153","2025-11-06","48.00","NZD","1760536786","23477/2025-11-06/1760536786.json"
"510807","146155","2025-11-06","52.00","NZD","1760536786","23477/2025-11-06/1760536786.json"
"581513","221281","2025-11-07","36.00","NZD","1760536786","23477/2025-11-07/1760536786.json"
"581514","221282","2025-11-07","36.00","NZD","1760536786","23477/2025-11-07/1760536786.json"
"512557","146154","2025-11-07","45.00","NZD","1760536786","23477/2025-11-07/1760536786.json"
"365170","146153","2025-11-07","48.00","NZD","1760536786","23477/2025-11-07/1760536786.json"
"510807","146155","2025-11-07","52.00","NZD","1760536786","23477/2025-11-07/1760536786.json"
"581513","221281","2025-11-08","36.00","NZD","1760536786","23477/2025-11-08/1760536786.json"
"581514","221282","2025-11-08","36.00","NZD","1760536786","23477/2025-11-08/1760536786.json"
"512557","146154","2025-11-08","45.00","NZD","1760536786","23477/2025-11-08/1760536786.json"
"365170","146153","2025-11-08","48.00","NZD","1760536786","23477/2025-11-08/1760536786.json"
"510807","146155","2025-11-08","52.00","NZD","1760536786","23477/2025-11-08/1760536786.json"
"581513","221281","2025-11-10","36.00","NZD","1760536786","23477/2025-11-10/1760536786.json"
"581514","221282","2025-11-10","36.00","NZD","1760536786","23477/2025-11-10/1760536786.json"
"512557","146154","2025-11-10","45.00","NZD","1760536786","23477/2025-11-10/1760536786.json"
"365170","146153","2025-11-10","48.00","NZD","1760536786","23477/2025-11-10/1760536786.json"
"510807","146155","2025-11-10","52.00","NZD","1760536786","23477/2025-11-10/1760536786.json"
"581513","221281","2025-11-09","36.00","NZD","1760536786","23477/2025-11-09/1760536786.json"
"581514","221282","2025-11-09","36.00","NZD","1760536786","23477/2025-11-09/1760536786.json"
"512557","146154","2025-11-09","45.00","NZD","1760536786","23477/2025-11-09/1760536786.json"
"365170","146153","2025-11-09","48.00","NZD","1760536786","23477/2025-11-09/1760536786.json"
"510807","146155","2025-11-09","52.00","NZD","1760536786","23477/2025-11-09/1760536786.json"
"581513","221281","2025-11-11","36.00","NZD","1760536786","23477/2025-11-11/1760536786.json"
"581514","221282","2025-11-11","36.00","NZD","1760536786","23477/2025-11-11/1760536786.json"
"512557","146154","2025-11-11","45.00","NZD","1760536786","23477/2025-11-11/1760536786.json"
"365170","146153","2025-11-11","48.00","NZD","1760536786","23477/2025-11-11/1760536786.json"
"510807","146155","2025-11-11","52.00","NZD","1760536786","23477/2025-11-11/1760536786.json"
"581513","221281","2025-11-12","36.00","NZD","1760536786","23477/2025-11-12/1760536786.json"
"581514","221282","2025-11-12","36.00","NZD","1760536786","23477/2025-11-12/1760536786.json"
"512557","146154","2025-11-12","45.00","NZD","1760536786","23477/2025-11-12/1760536786.json"
"365170","146153","2025-11-12","48.00","NZD","1760536786","23477/2025-11-12/1760536786.json"
"510807","146155","2025-11-12","52.00","NZD","1760536786","23477/2025-11-12/1760536786.json"
"581513","221281","2025-11-14","36.00","NZD","1760536786","23477/2025-11-14/1760536786.json"
"581514","221282","2025-11-14","36.00","NZD","1760536786","23477/2025-11-14/1760536786.json"
"512557","146154","2025-11-14","45.00","NZD","1760536786","23477/2025-11-14/1760536786.json"
"365170","146153","2025-11-14","48.00","NZD","1760536786","23477/2025-11-14/1760536786.json"
"510807","146155","2025-11-14","52.00","NZD","1760536786","23477/2025-11-14/1760536786.json"
"581513","221281","2025-11-13","36.00","NZD","1760536786","23477/2025-11-13/1760536786.json"
"581514","221282","2025-11-13","36.00","NZD","1760536786","23477/2025-11-13/1760536786.json"
"512557","146154","2025-11-13","45.00","NZD","1760536786","23477/2025-11-13/1760536786.json"
"365170","146153","2025-11-13","48.00","NZD","1760536786","23477/2025-11-13/1760536786.json"
"510807","146155","2025-11-13","52.00","NZD","1760536786","23477/2025-11-13/1760536786.json"
"581513","221281","2025-11-16","36.00","NZD","1760536786","23477/2025-11-16/1760536786.json"
"581514","221282","2025-11-16","36.00","NZD","1760536786","23477/2025-11-16/1760536786.json"
"512557","146154","2025-11-16","45.00","NZD","1760536786","23477/2025-11-16/1760536786.json"
"365170","146153","2025-11-16","48.00","NZD","1760536786","23477/2025-11-16/1760536786.json"
"510807","146155","2025-11-16","52.00","NZD","1760536786","23477/2025-11-16/1760536786.json"
"581513","221281","2025-11-15","36.00","NZD","1760536786","23477/2025-11-15/1760536786.json"
"581514","221282","2025-11-15","36.00","NZD","1760536786","23477/2025-11-15/1760536786.json"
"512557","146154","2025-11-15","45.00","NZD","1760536786","23477/2025-11-15/1760536786.json"
"365170","146153","2025-11-15","48.00","NZD","1760536786","23477/2025-11-15/1760536786.json"
"510807","146155","2025-11-15","52.00","NZD","1760536786","23477/2025-11-15/1760536786.json"
"581513","221281","2025-11-18","36.00","NZD","1760536786","23477/2025-11-18/1760536786.json"
"581514","221282","2025-11-18","36.00","NZD","1760536786","23477/2025-11-18/1760536786.json"
"512557","146154","2025-11-18","45.00","NZD","1760536786","23477/2025-11-18/1760536786.json"
"365170","146153","2025-11-18","48.00","NZD","1760536786","23477/2025-11-18/1760536786.json"
"510807","146155","2025-11-18","52.00","NZD","1760536786","23477/2025-11-18/1760536786.json"
"581513","221281","2025-11-19","36.00","NZD","1760536786","23477/2025-11-19/1760536786.json"
"581514","221282","2025-11-19","36.00","NZD","1760536786","23477/2025-11-19/1760536786.json"
"512557","146154","2025-11-19","45.00","NZD","1760536786","23477/2025-11-19/1760536786.json"
"365170","146153","2025-11-19","48.00","NZD","1760536786","23477/2025-11-19/1760536786.json"
"510807","146155","2025-11-19","52.00","NZD","1760536786","23477/2025-11-19/1760536786.json"
"581513","221281","2025-11-20","36.00","NZD","1760536786","23477/2025-11-20/1760536786.json"
"581514","221282","2025-11-20","36.00","NZD","1760536786","23477/2025-11-20/1760536786.json"
"512557","146154","2025-11-20","45.00","NZD","1760536786","23477/2025-11-20/1760536786.json"
"581513","221281","2025-11-17","36.00","NZD","1760536786","23477/2025-11-17/1760536786.json"
"581514","221282","2025-11-17","36.00","NZD","1760536786","23477/2025-11-17/1760536786.json"
"512557","146154","2025-11-17","45.00","NZD","1760536786","23477/2025-11-17/1760536786.json"
"365170","146153","2025-11-17","48.00","NZD","1760536786","23477/2025-11-17/1760536786.json"
"510807","146155","2025-11-17","52.00","NZD","1760536786","23477/2025-11-17/1760536786.json"
"581513","221281","2025-11-21","36.00","NZD","1760536786","23477/2025-11-21/1760536786.json"
"581514","221282","2025-11-21","36.00","NZD","1760536786","23477/2025-11-21/1760536786.json"
"512557","146154","2025-11-21","45.00","NZD","1760536786","23477/2025-11-21/1760536786.json"
"365170","146153","2025-11-21","48.00","NZD","1760536786","23477/2025-11-21/1760536786.json"
"510807","146155","2025-11-21","52.00","NZD","1760536786","23477/2025-11-21/1760536786.json"
"581513","221281","2025-11-24","36.00","NZD","1760536786","23477/2025-11-24/1760536786.json"
"581514","221282","2025-11-24","36.00","NZD","1760536786","23477/2025-11-24/1760536786.json"
"581513","221281","2025-11-22","36.00","NZD","1760536786","23477/2025-11-22/1760536786.json"
"512557","146154","2025-11-24","45.00","NZD","1760536786","23477/2025-11-24/1760536786.json"
"581514","221282","2025-11-22","36.00","NZD","1760536786","23477/2025-11-22/1760536786.json"
"512557","146154","2025-11-22","45.00","NZD","1760536786","23477/2025-11-22/1760536786.json"
"365170","146153","2025-11-24","48.00","NZD","1760536786","23477/2025-11-24/1760536786.json"
"365170","146153","2025-11-22","48.00","NZD","1760536786","23477/2025-11-22/1760536786.json"
"510807","146155","2025-11-24","52.00","NZD","1760536786","23477/2025-11-24/1760536786.json"
"510807","146155","2025-11-22","52.00","NZD","1760536786","23477/2025-11-22/1760536786.json"
"581513","221281","2025-11-23","36.00","NZD","1760536786","23477/2025-11-23/1760536786.json"
"581514","221282","2025-11-23","36.00","NZD","1760536786","23477/2025-11-23/1760536786.json"
"512557","146154","2025-11-23","45.00","NZD","1760536786","23477/2025-11-23/1760536786.json"
"365170","146153","2025-11-23","48.00","NZD","1760536786","23477/2025-11-23/1760536786.json"
"510807","146155","2025-11-23","52.00","NZD","1760536786","23477/2025-11-23/1760536786.json"
"581513","221281","2025-11-25","36.00","NZD","1760536786","23477/2025-11-25/1760536786.json"
"581514","221282","2025-11-25","36.00","NZD","1760536786","23477/2025-11-25/1760536786.json"
"512557","146154","2025-11-25","45.00","NZD","1760536786","23477/2025-11-25/1760536786.json"
"365170","146153","2025-11-25","48.00","NZD","1760536786","23477/2025-11-25/1760536786.json"
"510807","146155","2025-11-25","52.00","NZD","1760536786","23477/2025-11-25/1760536786.json"
"581513","221281","2025-11-26","36.00","NZD","1760536786","23477/2025-11-26/1760536786.json"
"581514","221282","2025-11-26","36.00","NZD","1760536786","23477/2025-11-26/1760536786.json"
"512557","146154","2025-11-26","45.00","NZD","1760536786","23477/2025-11-26/1760536786.json"
"365170","146153","2025-11-26","48.00","NZD","1760536786","23477/2025-11-26/1760536786.json"
"510807","146155","2025-11-26","52.00","NZD","1760536786","23477/2025-11-26/1760536786.json"
"581513","221281","2025-11-27","36.00","NZD","1760536786","23477/2025-11-27/1760536786.json"
"581514","221282","2025-11-27","36.00","NZD","1760536786","23477/2025-11-27/1760536786.json"
"512557","146154","2025-11-27","45.00","NZD","1760536786","23477/2025-11-27/1760536786.json"
"365170","146153","2025-11-27","48.00","NZD","1760536786","23477/2025-11-27/1760536786.json"
"510807","146155","2025-11-27","52.00","NZD","1760536786","23477/2025-11-27/1760536786.json"
"581513","221281","2025-11-30","36.00","NZD","1760536786","23477/2025-11-30/1760536786.json"
"581514","221282","2025-11-30","36.00","NZD","1760536786","23477/2025-11-30/1760536786.json"
"512557","146154","2025-11-30","45.00","NZD","1760536786","23477/2025-11-30/1760536786.json"
"365170","146153","2025-11-30","48.00","NZD","1760536786","23477/2025-11-30/1760536786.json"
"510807","146155","2025-11-30","52.00","NZD","1760536786","23477/2025-11-30/1760536786.json"
"581513","221281","2025-11-29","36.00","NZD","1760536786","23477/2025-11-29/1760536786.json"
"581514","221282","2025-11-29","36.00","NZD","1760536786","23477/2025-11-29/1760536786.json"
"512557","146154","2025-11-29","45.00","NZD","1760536786","23477/2025-11-29/1760536786.json"
"365170","146153","2025-11-29","48.00","NZD","1760536786","23477/2025-11-29/1760536786.json"
"510807","146155","2025-11-29","52.00","NZD","1760536786","23477/2025-11-29/1760536786.json"
"581513","221281","2025-11-28","36.00","NZD","1760536786","23477/2025-11-28/1760536786.json"
"581514","221282","2025-11-28","36.00","NZD","1760536786","23477/2025-11-28/1760536786.json"
"512557","146154","2025-11-28","45.00","NZD","1760536786","23477/2025-11-28/1760536786.json"
"365170","146153","2025-11-28","48.00","NZD","1760536786","23477/2025-11-28/1760536786.json"
"510807","146155","2025-11-28","52.00","NZD","1760536786","23477/2025-11-28/1760536786.json"
"581513","221281","2025-12-01","36.00","NZD","1760536786","23477/2025-12-01/1760536786.json"
"581514","221282","2025-12-01","36.00","NZD","1760536786","23477/2025-12-01/1760536786.json"
"512557","146154","2025-12-01","45.00","NZD","1760536786","23477/2025-12-01/1760536786.json"
"365170","146153","2025-12-01","48.00","NZD","1760536786","23477/2025-12-01/1760536786.json"
"510807","146155","2025-12-01","52.00","NZD","1760536786","23477/2025-12-01/1760536786.json"
"581513","221281","2025-12-02","36.00","NZD","1760536786","23477/2025-12-02/1760536786.json"
"581514","221282","2025-12-02","36.00","NZD","1760536786","23477/2025-12-02/1760536786.json"
"512557","146154","2025-12-02","45.00","NZD","1760536786","23477/2025-12-02/1760536786.json"
"365170","146153","2025-12-02","48.00","NZD","1760536786","23477/2025-12-02/1760536786.json"
"510807","146155","2025-12-02","52.00","NZD","1760536786","23477/2025-12-02/1760536786.json"
"581513","221281","2025-12-04","36.00","NZD","1760536786","23477/2025-12-04/1760536786.json"
"581514","221282","2025-12-04","36.00","NZD","1760536786","23477/2025-12-04/1760536786.json"
"512557","146154","2025-12-04","45.00","NZD","1760536786","23477/2025-12-04/1760536786.json"
"365170","146153","2025-12-04","48.00","NZD","1760536786","23477/2025-12-04/1760536786.json"
"510807","146155","2025-12-04","52.00","NZD","1760536786","23477/2025-12-04/1760536786.json"
"581513","221281","2025-12-03","36.00","NZD","1760536786","23477/2025-12-03/1760536786.json"
"581514","221282","2025-12-03","36.00","NZD","1760536786","23477/2025-12-03/1760536786.json"
"512557","146154","2025-12-03","45.00","NZD","1760536786","23477/2025-12-03/1760536786.json"
"365170","146153","2025-12-03","48.00","NZD","1760536786","23477/2025-12-03/1760536786.json"
"510807","146155","2025-12-03","52.00","NZD","1760536786","23477/2025-12-03/1760536786.json"
"581513","221281","2025-12-05","36.00","NZD","1760536786","23477/2025-12-05/1760536786.json"
"581514","221282","2025-12-05","36.00","NZD","1760536786","23477/2025-12-05/1760536786.json"
"512557","146154","2025-12-05","45.00","NZD","1760536786","23477/2025-12-05/1760536786.json"
"365170","146153","2025-12-05","48.00","NZD","1760536786","23477/2025-12-05/1760536786.json"
"510807","146155","2025-12-05","52.00","NZD","1760536786","23477/2025-12-05/1760536786.json"
"581513","221281","2025-12-06","36.00","NZD","1760536786","23477/2025-12-06/1760536786.json"
"581514","221282","2025-12-06","36.00","NZD","1760536786","23477/2025-12-06/1760536786.json"
"512557","146154","2025-12-06","45.00","NZD","1760536786","23477/2025-12-06/1760536786.json"
"365170","146153","2025-12-06","48.00","NZD","1760536786","23477/2025-12-06/1760536786.json"
"510807","146155","2025-12-06","52.00","NZD","1760536786","23477/2025-12-06/1760536786.json"
"581513","221281","2025-12-07","36.00","NZD","1760536786","23477/2025-12-07/1760536786.json"
"581514","221282","2025-12-07","36.00","NZD","1760536786","23477/2025-12-07/1760536786.json"
"512557","146154","2025-12-07","45.00","NZD","1760536786","23477/2025-12-07/1760536786.json"
"365170","146153","2025-12-07","48.00","NZD","1760536786","23477/2025-12-07/1760536786.json"
"510807","146155","2025-12-07","52.00","NZD","1760536786","23477/2025-12-07/1760536786.json"
"581513","221281","2025-12-08","36.00","NZD","1760536786","23477/2025-12-08/1760536786.json"
"581514","221282","2025-12-08","36.00","NZD","1760536786","23477/2025-12-08/1760536786.json"
"512557","146154","2025-12-08","45.00","NZD","1760536786","23477/2025-12-08/1760536786.json"
"365170","146153","2025-12-08","48.00","NZD","1760536786","23477/2025-12-08/1760536786.json"
"510807","146155","2025-12-08","52.00","NZD","1760536786","23477/2025-12-08/1760536786.json"
"581513","221281","2025-12-11","36.00","NZD","1760536786","23477/2025-12-11/1760536786.json"
"581514","221282","2025-12-11","36.00","NZD","1760536786","23477/2025-12-11/1760536786.json"
"512557","146154","2025-12-11","45.00","NZD","1760536786","23477/2025-12-11/1760536786.json"
"365170","146153","2025-12-11","48.00","NZD","1760536786","23477/2025-12-11/1760536786.json"
"510807","146155","2025-12-11","52.00","NZD","1760536786","23477/2025-12-11/1760536786.json"
"581513","221281","2025-12-09","36.00","NZD","1760536786","23477/2025-12-09/1760536786.json"
"581514","221282","2025-12-09","36.00","NZD","1760536786","23477/2025-12-09/1760536786.json"
"512557","146154","2025-12-09","45.00","NZD","1760536786","23477/2025-12-09/1760536786.json"
"365170","146153","2025-12-09","48.00","NZD","1760536786","23477/2025-12-09/1760536786.json"
"510807","146155","2025-12-09","52.00","NZD","1760536786","23477/2025-12-09/1760536786.json"
"581513","221281","2025-12-10","36.00","NZD","1760536786","23477/2025-12-10/1760536786.json"
"581514","221282","2025-12-10","36.00","NZD","1760536786","23477/2025-12-10/1760536786.json"
"512557","146154","2025-12-10","45.00","NZD","1760536786","23477/2025-12-10/1760536786.json"
"365170","146153","2025-12-10","48.00","NZD","1760536786","23477/2025-12-10/1760536786.json"
"510807","146155","2025-12-10","52.00","NZD","1760536786","23477/2025-12-10/1760536786.json"
"581513","221281","2025-12-12","36.00","NZD","1760536786","23477/2025-12-12/1760536786.json"
"581514","221282","2025-12-12","36.00","NZD","1760536786","23477/2025-12-12/1760536786.json"
"512557","146154","2025-12-12","45.00","NZD","1760536786","23477/2025-12-12/1760536786.json"
"365170","146153","2025-12-12","48.00","NZD","1760536786","23477/2025-12-12/1760536786.json"
"510807","146155","2025-12-12","52.00","NZD","1760536786","23477/2025-12-12/1760536786.json"
"581513","221281","2025-12-13","36.00","NZD","1760536786","23477/2025-12-13/1760536786.json"
"581514","221282","2025-12-13","36.00","NZD","1760536786","23477/2025-12-13/1760536786.json"
"512557","146154","2025-12-13","45.00","NZD","1760536786","23477/2025-12-13/1760536786.json"
"365170","146153","2025-12-13","48.00","NZD","1760536786","23477/2025-12-13/1760536786.json"
"510807","146155","2025-12-13","52.00","NZD","1760536786","23477/2025-12-13/1760536786.json"
"581513","221281","2025-12-14","36.00","NZD","1760536786","23477/2025-12-14/1760536786.json"
"581514","221282","2025-12-14","36.00","NZD","1760536786","23477/2025-12-14/1760536786.json"
"512557","146154","2025-12-14","45.00","NZD","1760536786","23477/2025-12-14/1760536786.json"
"365170","146153","2025-12-14","48.00","NZD","1760536786","23477/2025-12-14/1760536786.json"
"510807","146155","2025-12-14","52.00","NZD","1760536786","23477/2025-12-14/1760536786.json"
"581513","221281","2025-10-17","36.00","NZD","1760547599","23477/2025-10-17/1760547599.json"
"581514","221282","2025-10-17","36.00","NZD","1760547599","23477/2025-10-17/1760547599.json"
"512557","146154","2025-10-17","45.00","NZD","1760547599","23477/2025-10-17/1760547599.json"
"365170","146153","2025-10-17","48.00","NZD","1760547599","23477/2025-10-17/1760547599.json"
"510807","146155","2025-10-17","52.00","NZD","1760547599","23477/2025-10-17/1760547599.json"
"581513","221281","2025-10-16","36.00","NZD","1760547599","23477/2025-10-16/1760547599.json"
"581514","221282","2025-10-16","36.00","NZD","1760547599","23477/2025-10-16/1760547599.json"
"512557","146154","2025-10-16","45.00","NZD","1760547599","23477/2025-10-16/1760547599.json"
"365170","146153","2025-10-16","48.00","NZD","1760547599","23477/2025-10-16/1760547599.json"
"510807","146155","2025-10-16","52.00","NZD","1760547599","23477/2025-10-16/1760547599.json"
"581513","221281","2025-10-18","36.00","NZD","1760547599","23477/2025-10-18/1760547599.json"
"581514","221282","2025-10-18","36.00","NZD","1760547599","23477/2025-10-18/1760547599.json"
"512557","146154","2025-10-18","45.00","NZD","1760547599","23477/2025-10-18/1760547599.json"
"365170","146153","2025-10-18","48.00","NZD","1760547599","23477/2025-10-18/1760547599.json"
"510807","146155","2025-10-18","52.00","NZD","1760547599","23477/2025-10-18/1760547599.json"
"581513","221281","2025-10-19","36.00","NZD","1760547599","23477/2025-10-19/1760547599.json"
"581514","221282","2025-10-19","36.00","NZD","1760547599","23477/2025-10-19/1760547599.json"
"512557","146154","2025-10-19","45.00","NZD","1760547599","23477/2025-10-19/1760547599.json"
"365170","146153","2025-10-19","48.00","NZD","1760547599","23477/2025-10-19/1760547599.json"
"510807","146155","2025-10-19","52.00","NZD","1760547599","23477/2025-10-19/1760547599.json"
"581513","221281","2025-10-20","36.00","NZD","1760547599","23477/2025-10-20/1760547599.json"
"581514","221282","2025-10-20","36.00","NZD","1760547599","23477/2025-10-20/1760547599.json"
"512557","146154","2025-10-20","45.00","NZD","1760547599","23477/2025-10-20/1760547599.json"
"365170","146153","2025-10-20","48.00","NZD","1760547599","23477/2025-10-20/1760547599.json"
"510807","146155","2025-10-20","52.00","NZD","1760547599","23477/2025-10-20/1760547599.json"
"581513","221281","2025-10-21","36.00","NZD","1760547599","23477/2025-10-21/1760547599.json"
"581514","221282","2025-10-21","36.00","NZD","1760547599","23477/2025-10-21/1760547599.json"
"512557","146154","2025-10-21","45.00","NZD","1760547599","23477/2025-10-21/1760547599.json"
"365170","146153","2025-10-21","48.00","NZD","1760547599","23477/2025-10-21/1760547599.json"
"510807","146155","2025-10-21","52.00","NZD","1760547599","23477/2025-10-21/1760547599.json"
"581513","221281","2025-10-22","36.00","NZD","1760547599","23477/2025-10-22/1760547599.json"
"581514","221282","2025-10-22","36.00","NZD","1760547599","23477/2025-10-22/1760547599.json"
"512557","146154","2025-10-22","45.00","NZD","1760547599","23477/2025-10-22/1760547599.json"
"365170","146153","2025-10-22","48.00","NZD","1760547599","23477/2025-10-22/1760547599.json"
"510807","146155","2025-10-22","52.00","NZD","1760547599","23477/2025-10-22/1760547599.json"
"581513","221281","2025-10-23","36.00","NZD","1760547599","23477/2025-10-23/1760547599.json"
"581514","221282","2025-10-23","36.00","NZD","1760547599","23477/2025-10-23/1760547599.json"
"512557","146154","2025-10-23","45.00","NZD","1760547599","23477/2025-10-23/1760547599.json"
"365170","146153","2025-10-23","48.00","NZD","1760547599","23477/2025-10-23/1760547599.json"
"510807","146155","2025-10-23","52.00","NZD","1760547599","23477/2025-10-23/1760547599.json"
"581513","221281","2025-10-25","38.00","NZD","1760547599","23477/2025-10-25/1760547599.json"
"581514","221282","2025-10-25","38.00","NZD","1760547599","23477/2025-10-25/1760547599.json"
"512557","146154","2025-10-25","45.00","NZD","1760547599","23477/2025-10-25/1760547599.json"
"581513","221281","2025-10-26","38.00","NZD","1760547599","23477/2025-10-26/1760547599.json"
"581514","221282","2025-10-26","38.00","NZD","1760547599","23477/2025-10-26/1760547599.json"
"512557","146154","2025-10-26","45.00","NZD","1760547599","23477/2025-10-26/1760547599.json"
"581513","221281","2025-10-24","36.00","NZD","1760547599","23477/2025-10-24/1760547599.json"
"581514","221282","2025-10-24","36.00","NZD","1760547599","23477/2025-10-24/1760547599.json"
"512557","146154","2025-10-24","45.00","NZD","1760547599","23477/2025-10-24/1760547599.json"
"365170","146153","2025-10-24","48.00","NZD","1760547599","23477/2025-10-24/1760547599.json"
"510807","146155","2025-10-24","52.00","NZD","1760547599","23477/2025-10-24/1760547599.json"
"581513","221281","2025-10-27","38.00","NZD","1760547599","23477/2025-10-27/1760547599.json"
"581514","221282","2025-10-27","38.00","NZD","1760547599","23477/2025-10-27/1760547599.json"
"512557","146154","2025-10-27","45.00","NZD","1760547599","23477/2025-10-27/1760547599.json"
"365170","146153","2025-10-27","48.00","NZD","1760547599","23477/2025-10-27/1760547599.json"
"510807","146155","2025-10-27","52.00","NZD","1760547599","23477/2025-10-27/1760547599.json"
"581513","221281","2025-10-28","36.00","NZD","1760547599","23477/2025-10-28/1760547599.json"
"581514","221282","2025-10-28","36.00","NZD","1760547599","23477/2025-10-28/1760547599.json"
"512557","146154","2025-10-28","45.00","NZD","1760547599","23477/2025-10-28/1760547599.json"
"365170","146153","2025-10-28","48.00","NZD","1760547599","23477/2025-10-28/1760547599.json"
"510807","146155","2025-10-28","52.00","NZD","1760547599","23477/2025-10-28/1760547599.json"
"581513","221281","2025-10-31","36.00","NZD","1760547599","23477/2025-10-31/1760547599.json"
"581514","221282","2025-10-31","36.00","NZD","1760547599","23477/2025-10-31/1760547599.json"
"512557","146154","2025-10-31","45.00","NZD","1760547599","23477/2025-10-31/1760547599.json"
"365170","146153","2025-10-31","48.00","NZD","1760547599","23477/2025-10-31/1760547599.json"
"510807","146155","2025-10-31","52.00","NZD","1760547599","23477/2025-10-31/1760547599.json"
"581513","221281","2025-10-29","36.00","NZD","1760547599","23477/2025-10-29/1760547599.json"
"581514","221282","2025-10-29","36.00","NZD","1760547599","23477/2025-10-29/1760547599.json"
"512557","146154","2025-10-29","45.00","NZD","1760547599","23477/2025-10-29/1760547599.json"
"365170","146153","2025-10-29","48.00","NZD","1760547599","23477/2025-10-29/1760547599.json"
"510807","146155","2025-10-29","52.00","NZD","1760547599","23477/2025-10-29/1760547599.json"
"581513","221281","2025-10-30","36.00","NZD","1760547599","23477/2025-10-30/1760547599.json"
"581514","221282","2025-10-30","36.00","NZD","1760547599","23477/2025-10-30/1760547599.json"
"512557","146154","2025-10-30","45.00","NZD","1760547599","23477/2025-10-30/1760547599.json"
"365170","146153","2025-10-30","48.00","NZD","1760547599","23477/2025-10-30/1760547599.json"
"510807","146155","2025-10-30","52.00","NZD","1760547599","23477/2025-10-30/1760547599.json"
"581513","221281","2025-11-01","36.00","NZD","1760547599","23477/2025-11-01/1760547599.json"
"581514","221282","2025-11-01","36.00","NZD","1760547599","23477/2025-11-01/1760547599.json"
"512557","146154","2025-11-01","45.00","NZD","1760547599","23477/2025-11-01/1760547599.json"
"365170","146153","2025-11-01","48.00","NZD","1760547599","23477/2025-11-01/1760547599.json"
"510807","146155","2025-11-01","52.00","NZD","1760547599","23477/2025-11-01/1760547599.json"
"581513","221281","2025-11-02","36.00","NZD","1760547599","23477/2025-11-02/1760547599.json"
"581514","221282","2025-11-02","36.00","NZD","1760547599","23477/2025-11-02/1760547599.json"
"512557","146154","2025-11-02","45.00","NZD","1760547599","23477/2025-11-02/1760547599.json"
"365170","146153","2025-11-02","48.00","NZD","1760547599","23477/2025-11-02/1760547599.json"
"510807","146155","2025-11-02","52.00","NZD","1760547599","23477/2025-11-02/1760547599.json"
"581513","221281","2025-11-03","36.00","NZD","1760547599","23477/2025-11-03/1760547599.json"
"581514","221282","2025-11-03","36.00","NZD","1760547599","23477/2025-11-03/1760547599.json"
"512557","146154","2025-11-03","45.00","NZD","1760547599","23477/2025-11-03/1760547599.json"
"365170","146153","2025-11-03","48.00","NZD","1760547599","23477/2025-11-03/1760547599.json"
"510807","146155","2025-11-03","52.00","NZD","1760547599","23477/2025-11-03/1760547599.json"
"581513","221281","2025-11-04","36.00","NZD","1760547599","23477/2025-11-04/1760547599.json"
"581514","221282","2025-11-04","36.00","NZD","1760547599","23477/2025-11-04/1760547599.json"
"512557","146154","2025-11-04","45.00","NZD","1760547599","23477/2025-11-04/1760547599.json"
"365170","146153","2025-11-04","48.00","NZD","1760547599","23477/2025-11-04/1760547599.json"
"510807","146155","2025-11-04","52.00","NZD","1760547599","23477/2025-11-04/1760547599.json"
"581513","221281","2025-11-05","36.00","NZD","1760547599","23477/2025-11-05/1760547599.json"
"581514","221282","2025-11-05","36.00","NZD","1760547599","23477/2025-11-05/1760547599.json"
"512557","146154","2025-11-05","45.00","NZD","1760547599","23477/2025-11-05/1760547599.json"
"365170","146153","2025-11-05","48.00","NZD","1760547599","23477/2025-11-05/1760547599.json"
"510807","146155","2025-11-05","52.00","NZD","1760547599","23477/2025-11-05/1760547599.json"
"581513","221281","2025-11-06","36.00","NZD","1760547599","23477/2025-11-06/1760547599.json"
"581514","221282","2025-11-06","36.00","NZD","1760547599","23477/2025-11-06/1760547599.json"
"512557","146154","2025-11-06","45.00","NZD","1760547599","23477/2025-11-06/1760547599.json"
"365170","146153","2025-11-06","48.00","NZD","1760547599","23477/2025-11-06/1760547599.json"
"510807","146155","2025-11-06","52.00","NZD","1760547599","23477/2025-11-06/1760547599.json"
"581513","221281","2025-11-07","36.00","NZD","1760547599","23477/2025-11-07/1760547599.json"
"581514","221282","2025-11-07","36.00","NZD","1760547599","23477/2025-11-07/1760547599.json"
"512557","146154","2025-11-07","45.00","NZD","1760547599","23477/2025-11-07/1760547599.json"
"365170","146153","2025-11-07","48.00","NZD","1760547599","23477/2025-11-07/1760547599.json"
"510807","146155","2025-11-07","52.00","NZD","1760547599","23477/2025-11-07/1760547599.json"
"581513","221281","2025-11-08","36.00","NZD","1760547599","23477/2025-11-08/1760547599.json"
"581514","221282","2025-11-08","36.00","NZD","1760547599","23477/2025-11-08/1760547599.json"
"512557","146154","2025-11-08","45.00","NZD","1760547599","23477/2025-11-08/1760547599.json"
"365170","146153","2025-11-08","48.00","NZD","1760547599","23477/2025-11-08/1760547599.json"
"510807","146155","2025-11-08","52.00","NZD","1760547599","23477/2025-11-08/1760547599.json"
"581513","221281","2025-11-10","36.00","NZD","1760547599","23477/2025-11-10/1760547599.json"
"581514","221282","2025-11-10","36.00","NZD","1760547599","23477/2025-11-10/1760547599.json"
"512557","146154","2025-11-10","45.00","NZD","1760547599","23477/2025-11-10/1760547599.json"
"365170","146153","2025-11-10","48.00","NZD","1760547599","23477/2025-11-10/1760547599.json"
"510807","146155","2025-11-10","52.00","NZD","1760547599","23477/2025-11-10/1760547599.json"
"581513","221281","2025-11-09","36.00","NZD","1760547599","23477/2025-11-09/1760547599.json"
"581514","221282","2025-11-09","36.00","NZD","1760547599","23477/2025-11-09/1760547599.json"
"512557","146154","2025-11-09","45.00","NZD","1760547599","23477/2025-11-09/1760547599.json"
"365170","146153","2025-11-09","48.00","NZD","1760547599","23477/2025-11-09/1760547599.json"
"510807","146155","2025-11-09","52.00","NZD","1760547599","23477/2025-11-09/1760547599.json"
"581513","221281","2025-11-11","36.00","NZD","1760547599","23477/2025-11-11/1760547599.json"
"581514","221282","2025-11-11","36.00","NZD","1760547599","23477/2025-11-11/1760547599.json"
"512557","146154","2025-11-11","45.00","NZD","1760547599","23477/2025-11-11/1760547599.json"
"365170","146153","2025-11-11","48.00","NZD","1760547599","23477/2025-11-11/1760547599.json"
"510807","146155","2025-11-11","52.00","NZD","1760547599","23477/2025-11-11/1760547599.json"
"581513","221281","2025-11-12","36.00","NZD","1760547599","23477/2025-11-12/1760547599.json"
"581514","221282","2025-11-12","36.00","NZD","1760547599","23477/2025-11-12/1760547599.json"
"512557","146154","2025-11-12","45.00","NZD","1760547599","23477/2025-11-12/1760547599.json"
"365170","146153","2025-11-12","48.00","NZD","1760547599","23477/2025-11-12/1760547599.json"
"510807","146155","2025-11-12","52.00","NZD","1760547599","23477/2025-11-12/1760547599.json"
"581513","221281","2025-11-13","36.00","NZD","1760547599","23477/2025-11-13/1760547599.json"
"581514","221282","2025-11-13","36.00","NZD","1760547599","23477/2025-11-13/1760547599.json"
"512557","146154","2025-11-13","45.00","NZD","1760547599","23477/2025-11-13/1760547599.json"
"365170","146153","2025-11-13","48.00","NZD","1760547599","23477/2025-11-13/1760547599.json"
"510807","146155","2025-11-13","52.00","NZD","1760547599","23477/2025-11-13/1760547599.json"
"581513","221281","2025-11-15","36.00","NZD","1760547599","23477/2025-11-15/1760547599.json"
"581514","221282","2025-11-15","36.00","NZD","1760547599","23477/2025-11-15/1760547599.json"
"512557","146154","2025-11-15","45.00","NZD","1760547599","23477/2025-11-15/1760547599.json"
"365170","146153","2025-11-15","48.00","NZD","1760547599","23477/2025-11-15/1760547599.json"
"510807","146155","2025-11-15","52.00","NZD","1760547599","23477/2025-11-15/1760547599.json"
"581513","221281","2025-11-14","36.00","NZD","1760547599","23477/2025-11-14/1760547599.json"
"581514","221282","2025-11-14","36.00","NZD","1760547599","23477/2025-11-14/1760547599.json"
"512557","146154","2025-11-14","45.00","NZD","1760547599","23477/2025-11-14/1760547599.json"
"365170","146153","2025-11-14","48.00","NZD","1760547599","23477/2025-11-14/1760547599.json"
"510807","146155","2025-11-14","52.00","NZD","1760547599","23477/2025-11-14/1760547599.json"
"581513","221281","2025-11-16","36.00","NZD","1760547599","23477/2025-11-16/1760547599.json"
"581514","221282","2025-11-16","36.00","NZD","1760547599","23477/2025-11-16/1760547599.json"
"512557","146154","2025-11-16","45.00","NZD","1760547599","23477/2025-11-16/1760547599.json"
"365170","146153","2025-11-16","48.00","NZD","1760547599","23477/2025-11-16/1760547599.json"
"510807","146155","2025-11-16","52.00","NZD","1760547599","23477/2025-11-16/1760547599.json"
"581513","221281","2025-11-17","36.00","NZD","1760547599","23477/2025-11-17/1760547599.json"
"581514","221282","2025-11-17","36.00","NZD","1760547599","23477/2025-11-17/1760547599.json"
"512557","146154","2025-11-17","45.00","NZD","1760547599","23477/2025-11-17/1760547599.json"
"365170","146153","2025-11-17","48.00","NZD","1760547599","23477/2025-11-17/1760547599.json"
"510807","146155","2025-11-17","52.00","NZD","1760547599","23477/2025-11-17/1760547599.json"
"581513","221281","2025-11-18","36.00","NZD","1760547599","23477/2025-11-18/1760547599.json"
"581514","221282","2025-11-18","36.00","NZD","1760547599","23477/2025-11-18/1760547599.json"
"512557","146154","2025-11-18","45.00","NZD","1760547599","23477/2025-11-18/1760547599.json"
"365170","146153","2025-11-18","48.00","NZD","1760547599","23477/2025-11-18/1760547599.json"
"510807","146155","2025-11-18","52.00","NZD","1760547599","23477/2025-11-18/1760547599.json"
"581513","221281","2025-11-19","36.00","NZD","1760547599","23477/2025-11-19/1760547599.json"
"581514","221282","2025-11-19","36.00","NZD","1760547599","23477/2025-11-19/1760547599.json"
"512557","146154","2025-11-19","45.00","NZD","1760547599","23477/2025-11-19/1760547599.json"
"365170","146153","2025-11-19","48.00","NZD","1760547599","23477/2025-11-19/1760547599.json"
"510807","146155","2025-11-19","52.00","NZD","1760547599","23477/2025-11-19/1760547599.json"
"581513","221281","2025-11-20","36.00","NZD","1760547599","23477/2025-11-20/1760547599.json"
"581514","221282","2025-11-20","36.00","NZD","1760547599","23477/2025-11-20/1760547599.json"
"512557","146154","2025-11-20","45.00","NZD","1760547599","23477/2025-11-20/1760547599.json"
"581513","221281","2025-11-21","36.00","NZD","1760547599","23477/2025-11-21/1760547599.json"
"581514","221282","2025-11-21","36.00","NZD","1760547599","23477/2025-11-21/1760547599.json"
"512557","146154","2025-11-21","45.00","NZD","1760547599","23477/2025-11-21/1760547599.json"
"365170","146153","2025-11-21","48.00","NZD","1760547599","23477/2025-11-21/1760547599.json"
"510807","146155","2025-11-21","52.00","NZD","1760547599","23477/2025-11-21/1760547599.json"
"581513","221281","2025-11-23","36.00","NZD","1760547599","23477/2025-11-23/1760547599.json"
"581514","221282","2025-11-23","36.00","NZD","1760547599","23477/2025-11-23/1760547599.json"
"512557","146154","2025-11-23","45.00","NZD","1760547599","23477/2025-11-23/1760547599.json"
"365170","146153","2025-11-23","48.00","NZD","1760547599","23477/2025-11-23/1760547599.json"
"510807","146155","2025-11-23","52.00","NZD","1760547599","23477/2025-11-23/1760547599.json"
"581513","221281","2025-11-22","36.00","NZD","1760547599","23477/2025-11-22/1760547599.json"
"581514","221282","2025-11-22","36.00","NZD","1760547599","23477/2025-11-22/1760547599.json"
"512557","146154","2025-11-22","45.00","NZD","1760547599","23477/2025-11-22/1760547599.json"
"365170","146153","2025-11-22","48.00","NZD","1760547599","23477/2025-11-22/1760547599.json"
"510807","146155","2025-11-22","52.00","NZD","1760547599","23477/2025-11-22/1760547599.json"
"581513","221281","2025-11-24","36.00","NZD","1760547599","23477/2025-11-24/1760547599.json"
"581514","221282","2025-11-24","36.00","NZD","1760547599","23477/2025-11-24/1760547599.json"
"512557","146154","2025-11-24","45.00","NZD","1760547599","23477/2025-11-24/1760547599.json"
"365170","146153","2025-11-24","48.00","NZD","1760547599","23477/2025-11-24/1760547599.json"
"510807","146155","2025-11-24","52.00","NZD","1760547599","23477/2025-11-24/1760547599.json"
"581513","221281","2025-11-26","36.00","NZD","1760547599","23477/2025-11-26/1760547599.json"
"581514","221282","2025-11-26","36.00","NZD","1760547599","23477/2025-11-26/1760547599.json"
"512557","146154","2025-11-26","45.00","NZD","1760547599","23477/2025-11-26/1760547599.json"
"365170","146153","2025-11-26","48.00","NZD","1760547599","23477/2025-11-26/1760547599.json"
"510807","146155","2025-11-26","52.00","NZD","1760547599","23477/2025-11-26/1760547599.json"
"581513","221281","2025-11-25","36.00","NZD","1760547599","23477/2025-11-25/1760547599.json"
"581514","221282","2025-11-25","36.00","NZD","1760547599","23477/2025-11-25/1760547599.json"
"512557","146154","2025-11-25","45.00","NZD","1760547599","23477/2025-11-25/1760547599.json"
"365170","146153","2025-11-25","48.00","NZD","1760547599","23477/2025-11-25/1760547599.json"
"510807","146155","2025-11-25","52.00","NZD","1760547599","23477/2025-11-25/1760547599.json"
"581513","221281","2025-11-28","36.00","NZD","1760547599","23477/2025-11-28/1760547599.json"
"581514","221282","2025-11-28","36.00","NZD","1760547599","23477/2025-11-28/1760547599.json"
"512557","146154","2025-11-28","45.00","NZD","1760547599","23477/2025-11-28/1760547599.json"
"365170","146153","2025-11-28","48.00","NZD","1760547599","23477/2025-11-28/1760547599.json"
"510807","146155","2025-11-28","52.00","NZD","1760547599","23477/2025-11-28/1760547599.json"
"581513","221281","2025-11-27","36.00","NZD","1760547599","23477/2025-11-27/1760547599.json"
"581514","221282","2025-11-27","36.00","NZD","1760547599","23477/2025-11-27/1760547599.json"
"512557","146154","2025-11-27","45.00","NZD","1760547599","23477/2025-11-27/1760547599.json"
"365170","146153","2025-11-27","48.00","NZD","1760547599","23477/2025-11-27/1760547599.json"
"510807","146155","2025-11-27","52.00","NZD","1760547599","23477/2025-11-27/1760547599.json"
"581513","221281","2025-11-29","36.00","NZD","1760547599","23477/2025-11-29/1760547599.json"
"581514","221282","2025-11-29","36.00","NZD","1760547599","23477/2025-11-29/1760547599.json"
"512557","146154","2025-11-29","45.00","NZD","1760547599","23477/2025-11-29/1760547599.json"
"365170","146153","2025-11-29","48.00","NZD","1760547599","23477/2025-11-29/1760547599.json"
"510807","146155","2025-11-29","52.00","NZD","1760547599","23477/2025-11-29/1760547599.json"
"581513","221281","2025-11-30","36.00","NZD","1760547599","23477/2025-11-30/1760547599.json"
"581514","221282","2025-11-30","36.00","NZD","1760547599","23477/2025-11-30/1760547599.json"
"512557","146154","2025-11-30","45.00","NZD","1760547599","23477/2025-11-30/1760547599.json"
"365170","146153","2025-11-30","48.00","NZD","1760547599","23477/2025-11-30/1760547599.json"
"510807","146155","2025-11-30","52.00","NZD","1760547599","23477/2025-11-30/1760547599.json"
"581513","221281","2025-12-01","36.00","NZD","1760547599","23477/2025-12-01/1760547599.json"
"581514","221282","2025-12-01","36.00","NZD","1760547599","23477/2025-12-01/1760547599.json"
"512557","146154","2025-12-01","45.00","NZD","1760547599","23477/2025-12-01/1760547599.json"
"365170","146153","2025-12-01","48.00","NZD","1760547599","23477/2025-12-01/1760547599.json"
"510807","146155","2025-12-01","52.00","NZD","1760547599","23477/2025-12-01/1760547599.json"
"581513","221281","2025-12-02","36.00","NZD","1760547599","23477/2025-12-02/1760547599.json"
"581514","221282","2025-12-02","36.00","NZD","1760547599","23477/2025-12-02/1760547599.json"
"512557","146154","2025-12-02","45.00","NZD","1760547599","23477/2025-12-02/1760547599.json"
"365170","146153","2025-12-02","48.00","NZD","1760547599","23477/2025-12-02/1760547599.json"
"510807","146155","2025-12-02","52.00","NZD","1760547599","23477/2025-12-02/1760547599.json"
"581513","221281","2025-12-03","36.00","NZD","1760547599","23477/2025-12-03/1760547599.json"
"581514","221282","2025-12-03","36.00","NZD","1760547599","23477/2025-12-03/1760547599.json"
"512557","146154","2025-12-03","45.00","NZD","1760547599","23477/2025-12-03/1760547599.json"
"365170","146153","2025-12-03","48.00","NZD","1760547599","23477/2025-12-03/1760547599.json"
"510807","146155","2025-12-03","52.00","NZD","1760547599","23477/2025-12-03/1760547599.json"
"581513","221281","2025-12-04","36.00","NZD","1760547599","23477/2025-12-04/1760547599.json"
"581514","221282","2025-12-04","36.00","NZD","1760547599","23477/2025-12-04/1760547599.json"
"512557","146154","2025-12-04","45.00","NZD","1760547599","23477/2025-12-04/1760547599.json"
"365170","146153","2025-12-04","48.00","NZD","1760547599","23477/2025-12-04/1760547599.json"
"510807","146155","2025-12-04","52.00","NZD","1760547599","23477/2025-12-04/1760547599.json"
"581513","221281","2025-12-05","36.00","NZD","1760547599","23477/2025-12-05/1760547599.json"
"581514","221282","2025-12-05","36.00","NZD","1760547599","23477/2025-12-05/1760547599.json"
"512557","146154","2025-12-05","45.00","NZD","1760547599","23477/2025-12-05/1760547599.json"
"365170","146153","2025-12-05","48.00","NZD","1760547599","23477/2025-12-05/1760547599.json"
"510807","146155","2025-12-05","52.00","NZD","1760547599","23477/2025-12-05/1760547599.json"
"581513","221281","2025-12-06","36.00","NZD","1760547599","23477/2025-12-06/1760547599.json"
"581514","221282","2025-12-06","36.00","NZD","1760547599","23477/2025-12-06/1760547599.json"
"512557","146154","2025-12-06","45.00","NZD","1760547599","23477/2025-12-06/1760547599.json"
"365170","146153","2025-12-06","48.00","NZD","1760547599","23477/2025-12-06/1760547599.json"
"510807","146155","2025-12-06","52.00","NZD","1760547599","23477/2025-12-06/1760547599.json"
"581513","221281","2025-12-07","36.00","NZD","1760547599","23477/2025-12-07/1760547599.json"
"581514","221282","2025-12-07","36.00","NZD","1760547599","23477/2025-12-07/1760547599.json"
"512557","146154","2025-12-07","45.00","NZD","1760547599","23477/2025-12-07/1760547599.json"
"365170","146153","2025-12-07","48.00","NZD","1760547599","23477/2025-12-07/1760547599.json"
"510807","146155","2025-12-07","52.00","NZD","1760547599","23477/2025-12-07/1760547599.json"
"581513","221281","2025-12-08","36.00","NZD","1760547599","23477/2025-12-08/1760547599.json"
"581514","221282","2025-12-08","36.00","NZD","1760547599","23477/2025-12-08/1760547599.json"
"512557","146154","2025-12-08","45.00","NZD","1760547599","23477/2025-12-08/1760547599.json"
"365170","146153","2025-12-08","48.00","NZD","1760547599","23477/2025-12-08/1760547599.json"
"510807","146155","2025-12-08","52.00","NZD","1760547599","23477/2025-12-08/1760547599.json"
"581513","221281","2025-12-09","36.00","NZD","1760547599","23477/2025-12-09/1760547599.json"
"581514","221282","2025-12-09","36.00","NZD","1760547599","23477/2025-12-09/1760547599.json"
"512557","146154","2025-12-09","45.00","NZD","1760547599","23477/2025-12-09/1760547599.json"
"365170","146153","2025-12-09","48.00","NZD","1760547599","23477/2025-12-09/1760547599.json"
"510807","146155","2025-12-09","52.00","NZD","1760547599","23477/2025-12-09/1760547599.json"
"581513","221281","2025-12-10","36.00","NZD","1760547599","23477/2025-12-10/1760547599.json"
"581514","221282","2025-12-10","36.00","NZD","1760547599","23477/2025-12-10/1760547599.json"
"512557","146154","2025-12-10","45.00","NZD","1760547599","23477/2025-12-10/1760547599.json"
"365170","146153","2025-12-10","48.00","NZD","1760547599","23477/2025-12-10/1760547599.json"
"510807","146155","2025-12-10","52.00","NZD","1760547599","23477/2025-12-10/1760547599.json"
"581513","221281","2025-12-11","36.00","NZD","1760547599","23477/2025-12-11/1760547599.json"
"581514","221282","2025-12-11","36.00","NZD","1760547599","23477/2025-12-11/1760547599.json"
"512557","146154","2025-12-11","45.00","NZD","1760547599","23477/2025-12-11/1760547599.json"
"365170","146153","2025-12-11","48.00","NZD","1760547599","23477/2025-12-11/1760547599.json"
"510807","146155","2025-12-11","52.00","NZD","1760547599","23477/2025-12-11/1760547599.json"
"581513","221281","2025-12-12","36.00","NZD","1760547599","23477/2025-12-12/1760547599.json"
"581514","221282","2025-12-12","36.00","NZD","1760547599","23477/2025-12-12/1760547599.json"
"512557","146154","2025-12-12","45.00","NZD","1760547599","23477/2025-12-12/1760547599.json"
"365170","146153","2025-12-12","48.00","NZD","1760547599","23477/2025-12-12/1760547599.json"
"510807","146155","2025-12-12","52.00","NZD","1760547599","23477/2025-12-12/1760547599.json"
"581513","221281","2025-12-13","36.00","NZD","1760547599","23477/2025-12-13/1760547599.json"
"581514","221282","2025-12-13","36.00","NZD","1760547599","23477/2025-12-13/1760547599.json"
"512557","146154","2025-12-13","45.00","NZD","1760547599","23477/2025-12-13/1760547599.json"
"365170","146153","2025-12-13","48.00","NZD","1760547599","23477/2025-12-13/1760547599.json"
"510807","146155","2025-12-13","52.00","NZD","1760547599","23477/2025-12-13/1760547599.json"
"581513","221281","2025-12-14","36.00","NZD","1760547599","23477/2025-12-14/1760547599.json"
"581514","221282","2025-12-14","36.00","NZD","1760547599","23477/2025-12-14/1760547599.json"
"512557","146154","2025-12-14","45.00","NZD","1760547599","23477/2025-12-14/1760547599.json"
"365170","146153","2025-12-14","48.00","NZD","1760547599","23477/2025-12-14/1760547599.json"
"510807","146155","2025-12-14","52.00","NZD","1760547599","23477/2025-12-14/1760547599.json"
"581513","221281","2025-10-18","36.00","NZD","1760561701","23477/2025-10-18/1760561701.json"
"581514","221282","2025-10-18","36.00","NZD","1760561701","23477/2025-10-18/1760561701.json"
"512557","146154","2025-10-18","45.00","NZD","1760561701","23477/2025-10-18/1760561701.json"
"365170","146153","2025-10-18","48.00","NZD","1760561701","23477/2025-10-18/1760561701.json"
"510807","146155","2025-10-18","52.00","NZD","1760561701","23477/2025-10-18/1760561701.json"
"581513","221281","2025-10-16","36.00","NZD","1760561701","23477/2025-10-16/1760561701.json"
"581514","221282","2025-10-16","36.00","NZD","1760561701","23477/2025-10-16/1760561701.json"
"512557","146154","2025-10-16","45.00","NZD","1760561701","23477/2025-10-16/1760561701.json"
"365170","146153","2025-10-16","48.00","NZD","1760561701","23477/2025-10-16/1760561701.json"
"510807","146155","2025-10-16","52.00","NZD","1760561701","23477/2025-10-16/1760561701.json"
"581513","221281","2025-10-17","36.00","NZD","1760561701","23477/2025-10-17/1760561701.json"
"581514","221282","2025-10-17","36.00","NZD","1760561701","23477/2025-10-17/1760561701.json"
"512557","146154","2025-10-17","45.00","NZD","1760561701","23477/2025-10-17/1760561701.json"
"365170","146153","2025-10-17","48.00","NZD","1760561701","23477/2025-10-17/1760561701.json"
"510807","146155","2025-10-17","52.00","NZD","1760561701","23477/2025-10-17/1760561701.json"
"581513","221281","2025-10-19","36.00","NZD","1760561701","23477/2025-10-19/1760561701.json"
"581514","221282","2025-10-19","36.00","NZD","1760561701","23477/2025-10-19/1760561701.json"
"512557","146154","2025-10-19","45.00","NZD","1760561701","23477/2025-10-19/1760561701.json"
"365170","146153","2025-10-19","48.00","NZD","1760561701","23477/2025-10-19/1760561701.json"
"510807","146155","2025-10-19","52.00","NZD","1760561701","23477/2025-10-19/1760561701.json"
"581513","221281","2025-10-20","36.00","NZD","1760561701","23477/2025-10-20/1760561701.json"
"581514","221282","2025-10-20","36.00","NZD","1760561701","23477/2025-10-20/1760561701.json"
"512557","146154","2025-10-20","45.00","NZD","1760561701","23477/2025-10-20/1760561701.json"
"365170","146153","2025-10-20","48.00","NZD","1760561701","23477/2025-10-20/1760561701.json"
"510807","146155","2025-10-20","52.00","NZD","1760561701","23477/2025-10-20/1760561701.json"
"581513","221281","2025-10-22","36.00","NZD","1760561701","23477/2025-10-22/1760561701.json"
"581513","221281","2025-10-21","36.00","NZD","1760561701","23477/2025-10-21/1760561701.json"
"581514","221282","2025-10-22","36.00","NZD","1760561701","23477/2025-10-22/1760561701.json"
"512557","146154","2025-10-22","45.00","NZD","1760561701","23477/2025-10-22/1760561701.json"
"581514","221282","2025-10-21","36.00","NZD","1760561701","23477/2025-10-21/1760561701.json"
"365170","146153","2025-10-22","48.00","NZD","1760561701","23477/2025-10-22/1760561701.json"
"512557","146154","2025-10-21","45.00","NZD","1760561701","23477/2025-10-21/1760561701.json"
"510807","146155","2025-10-22","52.00","NZD","1760561701","23477/2025-10-22/1760561701.json"
"365170","146153","2025-10-21","48.00","NZD","1760561701","23477/2025-10-21/1760561701.json"
"510807","146155","2025-10-21","52.00","NZD","1760561701","23477/2025-10-21/1760561701.json"
"581513","221281","2025-10-23","36.00","NZD","1760561701","23477/2025-10-23/1760561701.json"
"581514","221282","2025-10-23","36.00","NZD","1760561701","23477/2025-10-23/1760561701.json"
"512557","146154","2025-10-23","45.00","NZD","1760561701","23477/2025-10-23/1760561701.json"
"365170","146153","2025-10-23","48.00","NZD","1760561701","23477/2025-10-23/1760561701.json"
"510807","146155","2025-10-23","52.00","NZD","1760561701","23477/2025-10-23/1760561701.json"
"581513","221281","2025-10-24","36.00","NZD","1760561701","23477/2025-10-24/1760561701.json"
"581514","221282","2025-10-24","36.00","NZD","1760561701","23477/2025-10-24/1760561701.json"
"512557","146154","2025-10-24","45.00","NZD","1760561701","23477/2025-10-24/1760561701.json"
"365170","146153","2025-10-24","48.00","NZD","1760561701","23477/2025-10-24/1760561701.json"
"510807","146155","2025-10-24","52.00","NZD","1760561701","23477/2025-10-24/1760561701.json"
"581513","221281","2025-10-26","38.00","NZD","1760561701","23477/2025-10-26/1760561701.json"
"581514","221282","2025-10-26","38.00","NZD","1760561701","23477/2025-10-26/1760561701.json"
"512557","146154","2025-10-26","45.00","NZD","1760561701","23477/2025-10-26/1760561701.json"
"581513","221281","2025-10-25","38.00","NZD","1760561701","23477/2025-10-25/1760561701.json"
"581514","221282","2025-10-25","38.00","NZD","1760561701","23477/2025-10-25/1760561701.json"
"512557","146154","2025-10-25","45.00","NZD","1760561701","23477/2025-10-25/1760561701.json"
"581513","221281","2025-10-27","38.00","NZD","1760561701","23477/2025-10-27/1760561701.json"
"581514","221282","2025-10-27","38.00","NZD","1760561701","23477/2025-10-27/1760561701.json"
"512557","146154","2025-10-27","45.00","NZD","1760561701","23477/2025-10-27/1760561701.json"
"365170","146153","2025-10-27","48.00","NZD","1760561701","23477/2025-10-27/1760561701.json"
"510807","146155","2025-10-27","52.00","NZD","1760561701","23477/2025-10-27/1760561701.json"
"581513","221281","2025-10-28","36.00","NZD","1760561701","23477/2025-10-28/1760561701.json"
"581514","221282","2025-10-28","36.00","NZD","1760561701","23477/2025-10-28/1760561701.json"
"512557","146154","2025-10-28","45.00","NZD","1760561701","23477/2025-10-28/1760561701.json"
"365170","146153","2025-10-28","48.00","NZD","1760561701","23477/2025-10-28/1760561701.json"
"510807","146155","2025-10-28","52.00","NZD","1760561701","23477/2025-10-28/1760561701.json"
"581513","221281","2025-10-29","36.00","NZD","1760561701","23477/2025-10-29/1760561701.json"
"581514","221282","2025-10-29","36.00","NZD","1760561701","23477/2025-10-29/1760561701.json"
"512557","146154","2025-10-29","45.00","NZD","1760561701","23477/2025-10-29/1760561701.json"
"365170","146153","2025-10-29","48.00","NZD","1760561701","23477/2025-10-29/1760561701.json"
"510807","146155","2025-10-29","52.00","NZD","1760561701","23477/2025-10-29/1760561701.json"
"581513","221281","2025-10-30","36.00","NZD","1760561701","23477/2025-10-30/1760561701.json"
"581514","221282","2025-10-30","36.00","NZD","1760561701","23477/2025-10-30/1760561701.json"
"512557","146154","2025-10-30","45.00","NZD","1760561701","23477/2025-10-30/1760561701.json"
"365170","146153","2025-10-30","48.00","NZD","1760561701","23477/2025-10-30/1760561701.json"
"510807","146155","2025-10-30","52.00","NZD","1760561701","23477/2025-10-30/1760561701.json"
"581513","221281","2025-11-02","36.00","NZD","1760561701","23477/2025-11-02/1760561701.json"
"581514","221282","2025-11-02","36.00","NZD","1760561701","23477/2025-11-02/1760561701.json"
"512557","146154","2025-11-02","45.00","NZD","1760561701","23477/2025-11-02/1760561701.json"
"365170","146153","2025-11-02","48.00","NZD","1760561701","23477/2025-11-02/1760561701.json"
"510807","146155","2025-11-02","52.00","NZD","1760561701","23477/2025-11-02/1760561701.json"
"581513","221281","2025-11-01","36.00","NZD","1760561701","23477/2025-11-01/1760561701.json"
"581514","221282","2025-11-01","36.00","NZD","1760561701","23477/2025-11-01/1760561701.json"
"512557","146154","2025-11-01","45.00","NZD","1760561701","23477/2025-11-01/1760561701.json"
"365170","146153","2025-11-01","48.00","NZD","1760561701","23477/2025-11-01/1760561701.json"
"510807","146155","2025-11-01","52.00","NZD","1760561701","23477/2025-11-01/1760561701.json"
"581513","221281","2025-11-03","36.00","NZD","1760561701","23477/2025-11-03/1760561701.json"
"581514","221282","2025-11-03","36.00","NZD","1760561701","23477/2025-11-03/1760561701.json"
"512557","146154","2025-11-03","45.00","NZD","1760561701","23477/2025-11-03/1760561701.json"
"365170","146153","2025-11-03","48.00","NZD","1760561701","23477/2025-11-03/1760561701.json"
"510807","146155","2025-11-03","52.00","NZD","1760561701","23477/2025-11-03/1760561701.json"
"581513","221281","2025-10-31","36.00","NZD","1760561701","23477/2025-10-31/1760561701.json"
"581514","221282","2025-10-31","36.00","NZD","1760561701","23477/2025-10-31/1760561701.json"
"512557","146154","2025-10-31","45.00","NZD","1760561701","23477/2025-10-31/1760561701.json"
"365170","146153","2025-10-31","48.00","NZD","1760561701","23477/2025-10-31/1760561701.json"
"510807","146155","2025-10-31","52.00","NZD","1760561701","23477/2025-10-31/1760561701.json"
"581513","221281","2025-11-04","36.00","NZD","1760561701","23477/2025-11-04/1760561701.json"
"581514","221282","2025-11-04","36.00","NZD","1760561701","23477/2025-11-04/1760561701.json"
"512557","146154","2025-11-04","45.00","NZD","1760561701","23477/2025-11-04/1760561701.json"
"365170","146153","2025-11-04","48.00","NZD","1760561701","23477/2025-11-04/1760561701.json"
"510807","146155","2025-11-04","52.00","NZD","1760561701","23477/2025-11-04/1760561701.json"
"581513","221281","2025-11-05","36.00","NZD","1760561701","23477/2025-11-05/1760561701.json"
"581514","221282","2025-11-05","36.00","NZD","1760561701","23477/2025-11-05/1760561701.json"
"512557","146154","2025-11-05","45.00","NZD","1760561701","23477/2025-11-05/1760561701.json"
"365170","146153","2025-11-05","48.00","NZD","1760561701","23477/2025-11-05/1760561701.json"
"510807","146155","2025-11-05","52.00","NZD","1760561701","23477/2025-11-05/1760561701.json"
"581513","221281","2025-11-06","36.00","NZD","1760561701","23477/2025-11-06/1760561701.json"
"581514","221282","2025-11-06","36.00","NZD","1760561701","23477/2025-11-06/1760561701.json"
"512557","146154","2025-11-06","45.00","NZD","1760561701","23477/2025-11-06/1760561701.json"
"365170","146153","2025-11-06","48.00","NZD","1760561701","23477/2025-11-06/1760561701.json"
"510807","146155","2025-11-06","52.00","NZD","1760561701","23477/2025-11-06/1760561701.json"
"581513","221281","2025-11-07","36.00","NZD","1760561701","23477/2025-11-07/1760561701.json"
"581514","221282","2025-11-07","36.00","NZD","1760561701","23477/2025-11-07/1760561701.json"
"512557","146154","2025-11-07","45.00","NZD","1760561701","23477/2025-11-07/1760561701.json"
"365170","146153","2025-11-07","48.00","NZD","1760561701","23477/2025-11-07/1760561701.json"
"510807","146155","2025-11-07","52.00","NZD","1760561701","23477/2025-11-07/1760561701.json"
"581513","221281","2025-11-08","36.00","NZD","1760561701","23477/2025-11-08/1760561701.json"
"581514","221282","2025-11-08","36.00","NZD","1760561701","23477/2025-11-08/1760561701.json"
"512557","146154","2025-11-08","45.00","NZD","1760561701","23477/2025-11-08/1760561701.json"
"365170","146153","2025-11-08","48.00","NZD","1760561701","23477/2025-11-08/1760561701.json"
"510807","146155","2025-11-08","52.00","NZD","1760561701","23477/2025-11-08/1760561701.json"
"581513","221281","2025-11-10","36.00","NZD","1760561701","23477/2025-11-10/1760561701.json"
"581513","221281","2025-11-09","36.00","NZD","1760561701","23477/2025-11-09/1760561701.json"
"581514","221282","2025-11-10","36.00","NZD","1760561701","23477/2025-11-10/1760561701.json"
"581514","221282","2025-11-09","36.00","NZD","1760561701","23477/2025-11-09/1760561701.json"
"512557","146154","2025-11-10","45.00","NZD","1760561701","23477/2025-11-10/1760561701.json"
"512557","146154","2025-11-09","45.00","NZD","1760561701","23477/2025-11-09/1760561701.json"
"365170","146153","2025-11-09","48.00","NZD","1760561701","23477/2025-11-09/1760561701.json"
"365170","146153","2025-11-10","48.00","NZD","1760561701","23477/2025-11-10/1760561701.json"
"510807","146155","2025-11-09","52.00","NZD","1760561701","23477/2025-11-09/1760561701.json"
"510807","146155","2025-11-10","52.00","NZD","1760561701","23477/2025-11-10/1760561701.json"
"581513","221281","2025-11-11","36.00","NZD","1760561701","23477/2025-11-11/1760561701.json"
"581514","221282","2025-11-11","36.00","NZD","1760561701","23477/2025-11-11/1760561701.json"
"512557","146154","2025-11-11","45.00","NZD","1760561701","23477/2025-11-11/1760561701.json"
"365170","146153","2025-11-11","48.00","NZD","1760561701","23477/2025-11-11/1760561701.json"
"510807","146155","2025-11-11","52.00","NZD","1760561701","23477/2025-11-11/1760561701.json"
"581513","221281","2025-11-12","36.00","NZD","1760561701","23477/2025-11-12/1760561701.json"
"581514","221282","2025-11-12","36.00","NZD","1760561701","23477/2025-11-12/1760561701.json"
"512557","146154","2025-11-12","45.00","NZD","1760561701","23477/2025-11-12/1760561701.json"
"365170","146153","2025-11-12","48.00","NZD","1760561701","23477/2025-11-12/1760561701.json"
"510807","146155","2025-11-12","52.00","NZD","1760561701","23477/2025-11-12/1760561701.json"
"581513","221281","2025-11-14","36.00","NZD","1760561701","23477/2025-11-14/1760561701.json"
"581514","221282","2025-11-14","36.00","NZD","1760561701","23477/2025-11-14/1760561701.json"
"512557","146154","2025-11-14","45.00","NZD","1760561701","23477/2025-11-14/1760561701.json"
"365170","146153","2025-11-14","48.00","NZD","1760561701","23477/2025-11-14/1760561701.json"
"510807","146155","2025-11-14","52.00","NZD","1760561701","23477/2025-11-14/1760561701.json"
"581513","221281","2025-11-15","36.00","NZD","1760561701","23477/2025-11-15/1760561701.json"
"581514","221282","2025-11-15","36.00","NZD","1760561701","23477/2025-11-15/1760561701.json"
"512557","146154","2025-11-15","45.00","NZD","1760561701","23477/2025-11-15/1760561701.json"
"365170","146153","2025-11-15","48.00","NZD","1760561701","23477/2025-11-15/1760561701.json"
"510807","146155","2025-11-15","52.00","NZD","1760561701","23477/2025-11-15/1760561701.json"
"581513","221281","2025-11-13","36.00","NZD","1760561701","23477/2025-11-13/1760561701.json"
"581514","221282","2025-11-13","36.00","NZD","1760561701","23477/2025-11-13/1760561701.json"
"512557","146154","2025-11-13","45.00","NZD","1760561701","23477/2025-11-13/1760561701.json"
"365170","146153","2025-11-13","48.00","NZD","1760561701","23477/2025-11-13/1760561701.json"
"510807","146155","2025-11-13","52.00","NZD","1760561701","23477/2025-11-13/1760561701.json"
"581513","221281","2025-11-18","36.00","NZD","1760561701","23477/2025-11-18/1760561701.json"
"581514","221282","2025-11-18","36.00","NZD","1760561701","23477/2025-11-18/1760561701.json"
"512557","146154","2025-11-18","45.00","NZD","1760561701","23477/2025-11-18/1760561701.json"
"365170","146153","2025-11-18","48.00","NZD","1760561701","23477/2025-11-18/1760561701.json"
"510807","146155","2025-11-18","52.00","NZD","1760561701","23477/2025-11-18/1760561701.json"
"581513","221281","2025-11-16","36.00","NZD","1760561701","23477/2025-11-16/1760561701.json"
"581514","221282","2025-11-16","36.00","NZD","1760561701","23477/2025-11-16/1760561701.json"
"512557","146154","2025-11-16","45.00","NZD","1760561701","23477/2025-11-16/1760561701.json"
"365170","146153","2025-11-16","48.00","NZD","1760561701","23477/2025-11-16/1760561701.json"
"510807","146155","2025-11-16","52.00","NZD","1760561701","23477/2025-11-16/1760561701.json"
"581513","221281","2025-11-17","36.00","NZD","1760561701","23477/2025-11-17/1760561701.json"
"581514","221282","2025-11-17","36.00","NZD","1760561701","23477/2025-11-17/1760561701.json"
"512557","146154","2025-11-17","45.00","NZD","1760561701","23477/2025-11-17/1760561701.json"
"365170","146153","2025-11-17","48.00","NZD","1760561701","23477/2025-11-17/1760561701.json"
"510807","146155","2025-11-17","52.00","NZD","1760561701","23477/2025-11-17/1760561701.json"
"581513","221281","2025-11-19","36.00","NZD","1760561701","23477/2025-11-19/1760561701.json"
"581514","221282","2025-11-19","36.00","NZD","1760561701","23477/2025-11-19/1760561701.json"
"512557","146154","2025-11-19","45.00","NZD","1760561701","23477/2025-11-19/1760561701.json"
"365170","146153","2025-11-19","48.00","NZD","1760561701","23477/2025-11-19/1760561701.json"
"510807","146155","2025-11-19","52.00","NZD","1760561701","23477/2025-11-19/1760561701.json"
"581513","221281","2025-11-21","36.00","NZD","1760561701","23477/2025-11-21/1760561701.json"
"581514","221282","2025-11-21","36.00","NZD","1760561701","23477/2025-11-21/1760561701.json"
"512557","146154","2025-11-21","45.00","NZD","1760561701","23477/2025-11-21/1760561701.json"
"365170","146153","2025-11-21","48.00","NZD","1760561701","23477/2025-11-21/1760561701.json"
"510807","146155","2025-11-21","52.00","NZD","1760561701","23477/2025-11-21/1760561701.json"
"581513","221281","2025-11-20","36.00","NZD","1760561701","23477/2025-11-20/1760561701.json"
"581514","221282","2025-11-20","36.00","NZD","1760561701","23477/2025-11-20/1760561701.json"
"512557","146154","2025-11-20","45.00","NZD","1760561701","23477/2025-11-20/1760561701.json"
"581513","221281","2025-11-23","36.00","NZD","1760561701","23477/2025-11-23/1760561701.json"
"581514","221282","2025-11-23","36.00","NZD","1760561701","23477/2025-11-23/1760561701.json"
"512557","146154","2025-11-23","45.00","NZD","1760561701","23477/2025-11-23/1760561701.json"
"365170","146153","2025-11-23","48.00","NZD","1760561701","23477/2025-11-23/1760561701.json"
"510807","146155","2025-11-23","52.00","NZD","1760561701","23477/2025-11-23/1760561701.json"
"581513","221281","2025-11-22","36.00","NZD","1760561701","23477/2025-11-22/1760561701.json"
"581514","221282","2025-11-22","36.00","NZD","1760561701","23477/2025-11-22/1760561701.json"
"512557","146154","2025-11-22","45.00","NZD","1760561701","23477/2025-11-22/1760561701.json"
"365170","146153","2025-11-22","48.00","NZD","1760561701","23477/2025-11-22/1760561701.json"
"510807","146155","2025-11-22","52.00","NZD","1760561701","23477/2025-11-22/1760561701.json"
"581513","221281","2025-11-24","36.00","NZD","1760561701","23477/2025-11-24/1760561701.json"
"581514","221282","2025-11-24","36.00","NZD","1760561701","23477/2025-11-24/1760561701.json"
"512557","146154","2025-11-24","45.00","NZD","1760561701","23477/2025-11-24/1760561701.json"
"365170","146153","2025-11-24","48.00","NZD","1760561701","23477/2025-11-24/1760561701.json"
"510807","146155","2025-11-24","52.00","NZD","1760561701","23477/2025-11-24/1760561701.json"
"581513","221281","2025-11-25","36.00","NZD","1760561701","23477/2025-11-25/1760561701.json"
"581514","221282","2025-11-25","36.00","NZD","1760561701","23477/2025-11-25/1760561701.json"
"512557","146154","2025-11-25","45.00","NZD","1760561701","23477/2025-11-25/1760561701.json"
"365170","146153","2025-11-25","48.00","NZD","1760561701","23477/2025-11-25/1760561701.json"
"510807","146155","2025-11-25","52.00","NZD","1760561701","23477/2025-11-25/1760561701.json"
"581513","221281","2025-11-26","36.00","NZD","1760561701","23477/2025-11-26/1760561701.json"
"581514","221282","2025-11-26","36.00","NZD","1760561701","23477/2025-11-26/1760561701.json"
"512557","146154","2025-11-26","45.00","NZD","1760561701","23477/2025-11-26/1760561701.json"
"365170","146153","2025-11-26","48.00","NZD","1760561701","23477/2025-11-26/1760561701.json"
"510807","146155","2025-11-26","52.00","NZD","1760561701","23477/2025-11-26/1760561701.json"
"581513","221281","2025-11-27","36.00","NZD","1760561701","23477/2025-11-27/1760561701.json"
"581514","221282","2025-11-27","36.00","NZD","1760561701","23477/2025-11-27/1760561701.json"
"512557","146154","2025-11-27","45.00","NZD","1760561701","23477/2025-11-27/1760561701.json"
"365170","146153","2025-11-27","48.00","NZD","1760561701","23477/2025-11-27/1760561701.json"
"510807","146155","2025-11-27","52.00","NZD","1760561701","23477/2025-11-27/1760561701.json"
"581513","221281","2025-11-29","36.00","NZD","1760561701","23477/2025-11-29/1760561701.json"
"581514","221282","2025-11-29","36.00","NZD","1760561701","23477/2025-11-29/1760561701.json"
"512557","146154","2025-11-29","45.00","NZD","1760561701","23477/2025-11-29/1760561701.json"
"365170","146153","2025-11-29","48.00","NZD","1760561701","23477/2025-11-29/1760561701.json"
"510807","146155","2025-11-29","52.00","NZD","1760561701","23477/2025-11-29/1760561701.json"
"581513","221281","2025-11-28","36.00","NZD","1760561701","23477/2025-11-28/1760561701.json"
"581514","221282","2025-11-28","36.00","NZD","1760561701","23477/2025-11-28/1760561701.json"
"512557","146154","2025-11-28","45.00","NZD","1760561701","23477/2025-11-28/1760561701.json"
"365170","146153","2025-11-28","48.00","NZD","1760561701","23477/2025-11-28/1760561701.json"
"510807","146155","2025-11-28","52.00","NZD","1760561701","23477/2025-11-28/1760561701.json"
"581513","221281","2025-11-30","36.00","NZD","1760561701","23477/2025-11-30/1760561701.json"
"581514","221282","2025-11-30","36.00","NZD","1760561701","23477/2025-11-30/1760561701.json"
"512557","146154","2025-11-30","45.00","NZD","1760561701","23477/2025-11-30/1760561701.json"
"365170","146153","2025-11-30","48.00","NZD","1760561701","23477/2025-11-30/1760561701.json"
"510807","146155","2025-11-30","52.00","NZD","1760561701","23477/2025-11-30/1760561701.json"
"581513","221281","2025-12-01","36.00","NZD","1760561701","23477/2025-12-01/1760561701.json"
"581514","221282","2025-12-01","36.00","NZD","1760561701","23477/2025-12-01/1760561701.json"
"512557","146154","2025-12-01","45.00","NZD","1760561701","23477/2025-12-01/1760561701.json"
"365170","146153","2025-12-01","48.00","NZD","1760561701","23477/2025-12-01/1760561701.json"
"510807","146155","2025-12-01","52.00","NZD","1760561701","23477/2025-12-01/1760561701.json"
"581513","221281","2025-12-02","36.00","NZD","1760561701","23477/2025-12-02/1760561701.json"
"581514","221282","2025-12-02","36.00","NZD","1760561701","23477/2025-12-02/1760561701.json"
"512557","146154","2025-12-02","45.00","NZD","1760561701","23477/2025-12-02/1760561701.json"
"365170","146153","2025-12-02","48.00","NZD","1760561701","23477/2025-12-02/1760561701.json"
"510807","146155","2025-12-02","52.00","NZD","1760561701","23477/2025-12-02/1760561701.json"
"581513","221281","2025-12-04","36.00","NZD","1760561701","23477/2025-12-04/1760561701.json"
"581514","221282","2025-12-04","36.00","NZD","1760561701","23477/2025-12-04/1760561701.json"
"512557","146154","2025-12-04","45.00","NZD","1760561701","23477/2025-12-04/1760561701.json"
"365170","146153","2025-12-04","48.00","NZD","1760561701","23477/2025-12-04/1760561701.json"
"510807","146155","2025-12-04","52.00","NZD","1760561701","23477/2025-12-04/1760561701.json"
"581513","221281","2025-12-05","36.00","NZD","1760561701","23477/2025-12-05/1760561701.json"
"581514","221282","2025-12-05","36.00","NZD","1760561701","23477/2025-12-05/1760561701.json"
"512557","146154","2025-12-05","45.00","NZD","1760561701","23477/2025-12-05/1760561701.json"
"365170","146153","2025-12-05","48.00","NZD","1760561701","23477/2025-12-05/1760561701.json"
"510807","146155","2025-12-05","52.00","NZD","1760561701","23477/2025-12-05/1760561701.json"
"581513","221281","2025-12-06","36.00","NZD","1760561701","23477/2025-12-06/1760561701.json"
"581514","221282","2025-12-06","36.00","NZD","1760561701","23477/2025-12-06/1760561701.json"
"512557","146154","2025-12-06","45.00","NZD","1760561701","23477/2025-12-06/1760561701.json"
"365170","146153","2025-12-06","48.00","NZD","1760561701","23477/2025-12-06/1760561701.json"
"510807","146155","2025-12-06","52.00","NZD","1760561701","23477/2025-12-06/1760561701.json"
"581513","221281","2025-12-07","36.00","NZD","1760561701","23477/2025-12-07/1760561701.json"
"581514","221282","2025-12-07","36.00","NZD","1760561701","23477/2025-12-07/1760561701.json"
"512557","146154","2025-12-07","45.00","NZD","1760561701","23477/2025-12-07/1760561701.json"
"365170","146153","2025-12-07","48.00","NZD","1760561701","23477/2025-12-07/1760561701.json"
"510807","146155","2025-12-07","52.00","NZD","1760561701","23477/2025-12-07/1760561701.json"
"581513","221281","2025-12-08","36.00","NZD","1760561701","23477/2025-12-08/1760561701.json"
"581514","221282","2025-12-08","36.00","NZD","1760561701","23477/2025-12-08/1760561701.json"
"512557","146154","2025-12-08","45.00","NZD","1760561701","23477/2025-12-08/1760561701.json"
"365170","146153","2025-12-08","48.00","NZD","1760561701","23477/2025-12-08/1760561701.json"
"510807","146155","2025-12-08","52.00","NZD","1760561701","23477/2025-12-08/1760561701.json"
"581513","221281","2025-12-03","36.00","NZD","1760561701","23477/2025-12-03/1760561701.json"
"581514","221282","2025-12-03","36.00","NZD","1760561701","23477/2025-12-03/1760561701.json"
"512557","146154","2025-12-03","45.00","NZD","1760561701","23477/2025-12-03/1760561701.json"
"365170","146153","2025-12-03","48.00","NZD","1760561701","23477/2025-12-03/1760561701.json"
"510807","146155","2025-12-03","52.00","NZD","1760561701","23477/2025-12-03/1760561701.json"
"581513","221281","2025-12-09","36.00","NZD","1760561701","23477/2025-12-09/1760561701.json"
"581514","221282","2025-12-09","36.00","NZD","1760561701","23477/2025-12-09/1760561701.json"
"512557","146154","2025-12-09","45.00","NZD","1760561701","23477/2025-12-09/1760561701.json"
"365170","146153","2025-12-09","48.00","NZD","1760561701","23477/2025-12-09/1760561701.json"
"510807","146155","2025-12-09","52.00","NZD","1760561701","23477/2025-12-09/1760561701.json"
"581513","221281","2025-12-10","36.00","NZD","1760561701","23477/2025-12-10/1760561701.json"
"581514","221282","2025-12-10","36.00","NZD","1760561701","23477/2025-12-10/1760561701.json"
"512557","146154","2025-12-10","45.00","NZD","1760561701","23477/2025-12-10/1760561701.json"
"365170","146153","2025-12-10","48.00","NZD","1760561701","23477/2025-12-10/1760561701.json"
"510807","146155","2025-12-10","52.00","NZD","1760561701","23477/2025-12-10/1760561701.json"
"581513","221281","2025-12-11","36.00","NZD","1760561701","23477/2025-12-11/1760561701.json"
"581514","221282","2025-12-11","36.00","NZD","1760561701","23477/2025-12-11/1760561701.json"
"512557","146154","2025-12-11","45.00","NZD","1760561701","23477/2025-12-11/1760561701.json"
"365170","146153","2025-12-11","48.00","NZD","1760561701","23477/2025-12-11/1760561701.json"
"510807","146155","2025-12-11","52.00","NZD","1760561701","23477/2025-12-11/1760561701.json"
"581513","221281","2025-12-12","36.00","NZD","1760561701","23477/2025-12-12/1760561701.json"
"581514","221282","2025-12-12","36.00","NZD","1760561701","23477/2025-12-12/1760561701.json"
"512557","146154","2025-12-12","45.00","NZD","1760561701","23477/2025-12-12/1760561701.json"
"365170","146153","2025-12-12","48.00","NZD","1760561701","23477/2025-12-12/1760561701.json"
"510807","146155","2025-12-12","52.00","NZD","1760561701","23477/2025-12-12/1760561701.json"
"581513","221281","2025-12-14","36.00","NZD","1760561701","23477/2025-12-14/1760561701.json"
"581514","221282","2025-12-14","36.00","NZD","1760561701","23477/2025-12-14/1760561701.json"
"512557","146154","2025-12-14","45.00","NZD","1760561701","23477/2025-12-14/1760561701.json"
"365170","146153","2025-12-14","48.00","NZD","1760561701","23477/2025-12-14/1760561701.json"
"510807","146155","2025-12-14","52.00","NZD","1760561701","23477/2025-12-14/1760561701.json"
"581513","221281","2025-12-13","36.00","NZD","1760561701","23477/2025-12-13/1760561701.json"
"581514","221282","2025-12-13","36.00","NZD","1760561701","23477/2025-12-13/1760561701.json"
"512557","146154","2025-12-13","45.00","NZD","1760561701","23477/2025-12-13/1760561701.json"
"365170","146153","2025-12-13","48.00","NZD","1760561701","23477/2025-12-13/1760561701.json"
"510807","146155","2025-12-13","52.00","NZD","1760561701","23477/2025-12-13/1760561701.json"
"581513","221281","2025-10-18","36.00","NZD","1760585375","23477/2025-10-18/1760585375.json"
"581514","221282","2025-10-18","36.00","NZD","1760585375","23477/2025-10-18/1760585375.json"
"512557","146154","2025-10-18","45.00","NZD","1760585375","23477/2025-10-18/1760585375.json"
"365170","146153","2025-10-18","48.00","NZD","1760585375","23477/2025-10-18/1760585375.json"
"510807","146155","2025-10-18","52.00","NZD","1760585375","23477/2025-10-18/1760585375.json"
"581513","221281","2025-10-17","36.00","NZD","1760585375","23477/2025-10-17/1760585375.json"
"581514","221282","2025-10-17","36.00","NZD","1760585375","23477/2025-10-17/1760585375.json"
"512557","146154","2025-10-17","45.00","NZD","1760585375","23477/2025-10-17/1760585375.json"
"365170","146153","2025-10-17","48.00","NZD","1760585375","23477/2025-10-17/1760585375.json"
"510807","146155","2025-10-17","52.00","NZD","1760585375","23477/2025-10-17/1760585375.json"
"581513","221281","2025-10-19","36.00","NZD","1760585375","23477/2025-10-19/1760585375.json"
"581514","221282","2025-10-19","36.00","NZD","1760585375","23477/2025-10-19/1760585375.json"
"512557","146154","2025-10-19","45.00","NZD","1760585375","23477/2025-10-19/1760585375.json"
"365170","146153","2025-10-19","48.00","NZD","1760585375","23477/2025-10-19/1760585375.json"
"510807","146155","2025-10-19","52.00","NZD","1760585375","23477/2025-10-19/1760585375.json"
"581513","221281","2025-10-16","36.00","NZD","1760585375","23477/2025-10-16/1760585375.json"
"581514","221282","2025-10-16","36.00","NZD","1760585375","23477/2025-10-16/1760585375.json"
"512557","146154","2025-10-16","45.00","NZD","1760585375","23477/2025-10-16/1760585375.json"
"365170","146153","2025-10-16","48.00","NZD","1760585375","23477/2025-10-16/1760585375.json"
"510807","146155","2025-10-16","52.00","NZD","1760585375","23477/2025-10-16/1760585375.json"
"581513","221281","2025-10-20","36.00","NZD","1760585375","23477/2025-10-20/1760585375.json"
"581514","221282","2025-10-20","36.00","NZD","1760585375","23477/2025-10-20/1760585375.json"
"512557","146154","2025-10-20","45.00","NZD","1760585375","23477/2025-10-20/1760585375.json"
"365170","146153","2025-10-20","48.00","NZD","1760585375","23477/2025-10-20/1760585375.json"
"510807","146155","2025-10-20","52.00","NZD","1760585375","23477/2025-10-20/1760585375.json"
"581513","221281","2025-10-21","36.00","NZD","1760585375","23477/2025-10-21/1760585375.json"
"581514","221282","2025-10-21","36.00","NZD","1760585375","23477/2025-10-21/1760585375.json"
"512557","146154","2025-10-21","45.00","NZD","1760585375","23477/2025-10-21/1760585375.json"
"365170","146153","2025-10-21","48.00","NZD","1760585375","23477/2025-10-21/1760585375.json"
"510807","146155","2025-10-21","52.00","NZD","1760585375","23477/2025-10-21/1760585375.json"
"581513","221281","2025-10-22","36.00","NZD","1760585375","23477/2025-10-22/1760585375.json"
"581514","221282","2025-10-22","36.00","NZD","1760585375","23477/2025-10-22/1760585375.json"
"512557","146154","2025-10-22","45.00","NZD","1760585375","23477/2025-10-22/1760585375.json"
"365170","146153","2025-10-22","48.00","NZD","1760585375","23477/2025-10-22/1760585375.json"
"510807","146155","2025-10-22","52.00","NZD","1760585375","23477/2025-10-22/1760585375.json"
"581513","221281","2025-10-23","36.00","NZD","1760585375","23477/2025-10-23/1760585375.json"
"581514","221282","2025-10-23","36.00","NZD","1760585375","23477/2025-10-23/1760585375.json"
"512557","146154","2025-10-23","45.00","NZD","1760585375","23477/2025-10-23/1760585375.json"
"365170","146153","2025-10-23","48.00","NZD","1760585375","23477/2025-10-23/1760585375.json"
"510807","146155","2025-10-23","52.00","NZD","1760585375","23477/2025-10-23/1760585375.json"
"581513","221281","2025-10-25","38.00","NZD","1760585375","23477/2025-10-25/1760585375.json"
"581514","221282","2025-10-25","38.00","NZD","1760585375","23477/2025-10-25/1760585375.json"
"512557","146154","2025-10-25","45.00","NZD","1760585375","23477/2025-10-25/1760585375.json"
"581513","221281","2025-10-24","36.00","NZD","1760585375","23477/2025-10-24/1760585375.json"
"581514","221282","2025-10-24","36.00","NZD","1760585375","23477/2025-10-24/1760585375.json"
"512557","146154","2025-10-24","45.00","NZD","1760585375","23477/2025-10-24/1760585375.json"
"365170","146153","2025-10-24","48.00","NZD","1760585375","23477/2025-10-24/1760585375.json"
"510807","146155","2025-10-24","52.00","NZD","1760585375","23477/2025-10-24/1760585375.json"
"581513","221281","2025-10-27","38.00","NZD","1760585375","23477/2025-10-27/1760585375.json"
"581514","221282","2025-10-27","38.00","NZD","1760585375","23477/2025-10-27/1760585375.json"
"512557","146154","2025-10-27","45.00","NZD","1760585375","23477/2025-10-27/1760585375.json"
"365170","146153","2025-10-27","48.00","NZD","1760585375","23477/2025-10-27/1760585375.json"
"510807","146155","2025-10-27","52.00","NZD","1760585375","23477/2025-10-27/1760585375.json"
"581513","221281","2025-10-26","38.00","NZD","1760585375","23477/2025-10-26/1760585375.json"
"581514","221282","2025-10-26","38.00","NZD","1760585375","23477/2025-10-26/1760585375.json"
"512557","146154","2025-10-26","45.00","NZD","1760585375","23477/2025-10-26/1760585375.json"
"581513","221281","2025-10-29","36.00","NZD","1760585375","23477/2025-10-29/1760585375.json"
"581514","221282","2025-10-29","36.00","NZD","1760585375","23477/2025-10-29/1760585375.json"
"512557","146154","2025-10-29","45.00","NZD","1760585375","23477/2025-10-29/1760585375.json"
"365170","146153","2025-10-29","48.00","NZD","1760585375","23477/2025-10-29/1760585375.json"
"510807","146155","2025-10-29","52.00","NZD","1760585375","23477/2025-10-29/1760585375.json"
"581513","221281","2025-10-28","36.00","NZD","1760585375","23477/2025-10-28/1760585375.json"
"581514","221282","2025-10-28","36.00","NZD","1760585375","23477/2025-10-28/1760585375.json"
"512557","146154","2025-10-28","45.00","NZD","1760585375","23477/2025-10-28/1760585375.json"
"365170","146153","2025-10-28","48.00","NZD","1760585375","23477/2025-10-28/1760585375.json"
"510807","146155","2025-10-28","52.00","NZD","1760585375","23477/2025-10-28/1760585375.json"
"581513","221281","2025-10-30","36.00","NZD","1760585375","23477/2025-10-30/1760585375.json"
"581514","221282","2025-10-30","36.00","NZD","1760585375","23477/2025-10-30/1760585375.json"
"512557","146154","2025-10-30","45.00","NZD","1760585375","23477/2025-10-30/1760585375.json"
"365170","146153","2025-10-30","48.00","NZD","1760585375","23477/2025-10-30/1760585375.json"
"510807","146155","2025-10-30","52.00","NZD","1760585375","23477/2025-10-30/1760585375.json"
"581513","221281","2025-10-31","36.00","NZD","1760585375","23477/2025-10-31/1760585375.json"
"581514","221282","2025-10-31","36.00","NZD","1760585375","23477/2025-10-31/1760585375.json"
"512557","146154","2025-10-31","45.00","NZD","1760585375","23477/2025-10-31/1760585375.json"
"365170","146153","2025-10-31","48.00","NZD","1760585375","23477/2025-10-31/1760585375.json"
"510807","146155","2025-10-31","52.00","NZD","1760585375","23477/2025-10-31/1760585375.json"
"581513","221281","2025-11-02","36.00","NZD","1760585375","23477/2025-11-02/1760585375.json"
"581514","221282","2025-11-02","36.00","NZD","1760585375","23477/2025-11-02/1760585375.json"
"512557","146154","2025-11-02","45.00","NZD","1760585375","23477/2025-11-02/1760585375.json"
"365170","146153","2025-11-02","48.00","NZD","1760585375","23477/2025-11-02/1760585375.json"
"510807","146155","2025-11-02","52.00","NZD","1760585375","23477/2025-11-02/1760585375.json"
"581513","221281","2025-11-01","36.00","NZD","1760585375","23477/2025-11-01/1760585375.json"
"581514","221282","2025-11-01","36.00","NZD","1760585375","23477/2025-11-01/1760585375.json"
"512557","146154","2025-11-01","45.00","NZD","1760585375","23477/2025-11-01/1760585375.json"
"365170","146153","2025-11-01","48.00","NZD","1760585375","23477/2025-11-01/1760585375.json"
"510807","146155","2025-11-01","52.00","NZD","1760585375","23477/2025-11-01/1760585375.json"
"581513","221281","2025-11-03","36.00","NZD","1760585375","23477/2025-11-03/1760585375.json"
"581514","221282","2025-11-03","36.00","NZD","1760585375","23477/2025-11-03/1760585375.json"
"512557","146154","2025-11-03","45.00","NZD","1760585375","23477/2025-11-03/1760585375.json"
"365170","146153","2025-11-03","48.00","NZD","1760585375","23477/2025-11-03/1760585375.json"
"510807","146155","2025-11-03","52.00","NZD","1760585375","23477/2025-11-03/1760585375.json"
"581513","221281","2025-11-04","36.00","NZD","1760585375","23477/2025-11-04/1760585375.json"
"581514","221282","2025-11-04","36.00","NZD","1760585375","23477/2025-11-04/1760585375.json"
"512557","146154","2025-11-04","45.00","NZD","1760585375","23477/2025-11-04/1760585375.json"
"365170","146153","2025-11-04","48.00","NZD","1760585375","23477/2025-11-04/1760585375.json"
"510807","146155","2025-11-04","52.00","NZD","1760585375","23477/2025-11-04/1760585375.json"
"581513","221281","2025-11-05","36.00","NZD","1760585375","23477/2025-11-05/1760585375.json"
"581514","221282","2025-11-05","36.00","NZD","1760585375","23477/2025-11-05/1760585375.json"
"512557","146154","2025-11-05","45.00","NZD","1760585375","23477/2025-11-05/1760585375.json"
"365170","146153","2025-11-05","48.00","NZD","1760585375","23477/2025-11-05/1760585375.json"
"510807","146155","2025-11-05","52.00","NZD","1760585375","23477/2025-11-05/1760585375.json"
"581513","221281","2025-11-06","36.00","NZD","1760585375","23477/2025-11-06/1760585375.json"
"581514","221282","2025-11-06","36.00","NZD","1760585375","23477/2025-11-06/1760585375.json"
"512557","146154","2025-11-06","45.00","NZD","1760585375","23477/2025-11-06/1760585375.json"
"365170","146153","2025-11-06","48.00","NZD","1760585375","23477/2025-11-06/1760585375.json"
"510807","146155","2025-11-06","52.00","NZD","1760585375","23477/2025-11-06/1760585375.json"
"581513","221281","2025-11-07","36.00","NZD","1760585375","23477/2025-11-07/1760585375.json"
"581514","221282","2025-11-07","36.00","NZD","1760585375","23477/2025-11-07/1760585375.json"
"512557","146154","2025-11-07","45.00","NZD","1760585375","23477/2025-11-07/1760585375.json"
"365170","146153","2025-11-07","48.00","NZD","1760585375","23477/2025-11-07/1760585375.json"
"510807","146155","2025-11-07","52.00","NZD","1760585375","23477/2025-11-07/1760585375.json"
"581513","221281","2025-11-08","36.00","NZD","1760585375","23477/2025-11-08/1760585375.json"
"581514","221282","2025-11-08","36.00","NZD","1760585375","23477/2025-11-08/1760585375.json"
"512557","146154","2025-11-08","45.00","NZD","1760585375","23477/2025-11-08/1760585375.json"
"365170","146153","2025-11-08","48.00","NZD","1760585375","23477/2025-11-08/1760585375.json"
"510807","146155","2025-11-08","52.00","NZD","1760585375","23477/2025-11-08/1760585375.json"
"581513","221281","2025-11-11","36.00","NZD","1760585375","23477/2025-11-11/1760585375.json"
"581514","221282","2025-11-11","36.00","NZD","1760585375","23477/2025-11-11/1760585375.json"
"512557","146154","2025-11-11","45.00","NZD","1760585375","23477/2025-11-11/1760585375.json"
"365170","146153","2025-11-11","48.00","NZD","1760585375","23477/2025-11-11/1760585375.json"
"510807","146155","2025-11-11","52.00","NZD","1760585375","23477/2025-11-11/1760585375.json"
"581513","221281","2025-11-10","36.00","NZD","1760585375","23477/2025-11-10/1760585375.json"
"581514","221282","2025-11-10","36.00","NZD","1760585375","23477/2025-11-10/1760585375.json"
"512557","146154","2025-11-10","45.00","NZD","1760585375","23477/2025-11-10/1760585375.json"
"365170","146153","2025-11-10","48.00","NZD","1760585375","23477/2025-11-10/1760585375.json"
"510807","146155","2025-11-10","52.00","NZD","1760585375","23477/2025-11-10/1760585375.json"
"581513","221281","2025-11-09","36.00","NZD","1760585375","23477/2025-11-09/1760585375.json"
"581514","221282","2025-11-09","36.00","NZD","1760585375","23477/2025-11-09/1760585375.json"
"512557","146154","2025-11-09","45.00","NZD","1760585375","23477/2025-11-09/1760585375.json"
"365170","146153","2025-11-09","48.00","NZD","1760585375","23477/2025-11-09/1760585375.json"
"510807","146155","2025-11-09","52.00","NZD","1760585375","23477/2025-11-09/1760585375.json"
"581513","221281","2025-11-12","36.00","NZD","1760585375","23477/2025-11-12/1760585375.json"
"581514","221282","2025-11-12","36.00","NZD","1760585375","23477/2025-11-12/1760585375.json"
"512557","146154","2025-11-12","45.00","NZD","1760585375","23477/2025-11-12/1760585375.json"
"365170","146153","2025-11-12","48.00","NZD","1760585375","23477/2025-11-12/1760585375.json"
"510807","146155","2025-11-12","52.00","NZD","1760585375","23477/2025-11-12/1760585375.json"
"581513","221281","2025-11-13","36.00","NZD","1760585375","23477/2025-11-13/1760585375.json"
"581514","221282","2025-11-13","36.00","NZD","1760585375","23477/2025-11-13/1760585375.json"
"512557","146154","2025-11-13","45.00","NZD","1760585375","23477/2025-11-13/1760585375.json"
"365170","146153","2025-11-13","48.00","NZD","1760585375","23477/2025-11-13/1760585375.json"
"510807","146155","2025-11-13","52.00","NZD","1760585375","23477/2025-11-13/1760585375.json"
"581513","221281","2025-11-15","36.00","NZD","1760585375","23477/2025-11-15/1760585375.json"
"581514","221282","2025-11-15","36.00","NZD","1760585375","23477/2025-11-15/1760585375.json"
"512557","146154","2025-11-15","45.00","NZD","1760585375","23477/2025-11-15/1760585375.json"
"365170","146153","2025-11-15","48.00","NZD","1760585375","23477/2025-11-15/1760585375.json"
"510807","146155","2025-11-15","52.00","NZD","1760585375","23477/2025-11-15/1760585375.json"
"581513","221281","2025-11-14","36.00","NZD","1760585375","23477/2025-11-14/1760585375.json"
"581514","221282","2025-11-14","36.00","NZD","1760585375","23477/2025-11-14/1760585375.json"
"512557","146154","2025-11-14","45.00","NZD","1760585375","23477/2025-11-14/1760585375.json"
"365170","146153","2025-11-14","48.00","NZD","1760585375","23477/2025-11-14/1760585375.json"
"510807","146155","2025-11-14","52.00","NZD","1760585375","23477/2025-11-14/1760585375.json"
"581513","221281","2025-11-17","36.00","NZD","1760585375","23477/2025-11-17/1760585375.json"
"581514","221282","2025-11-17","36.00","NZD","1760585375","23477/2025-11-17/1760585375.json"
"512557","146154","2025-11-17","45.00","NZD","1760585375","23477/2025-11-17/1760585375.json"
"365170","146153","2025-11-17","48.00","NZD","1760585375","23477/2025-11-17/1760585375.json"
"510807","146155","2025-11-17","52.00","NZD","1760585375","23477/2025-11-17/1760585375.json"
"581513","221281","2025-11-19","36.00","NZD","1760585375","23477/2025-11-19/1760585375.json"
"581514","221282","2025-11-19","36.00","NZD","1760585375","23477/2025-11-19/1760585375.json"
"512557","146154","2025-11-19","45.00","NZD","1760585375","23477/2025-11-19/1760585375.json"
"365170","146153","2025-11-19","48.00","NZD","1760585375","23477/2025-11-19/1760585375.json"
"510807","146155","2025-11-19","52.00","NZD","1760585375","23477/2025-11-19/1760585375.json"
"581513","221281","2025-11-16","36.00","NZD","1760585375","23477/2025-11-16/1760585375.json"
"581514","221282","2025-11-16","36.00","NZD","1760585375","23477/2025-11-16/1760585375.json"
"512557","146154","2025-11-16","45.00","NZD","1760585375","23477/2025-11-16/1760585375.json"
"365170","146153","2025-11-16","48.00","NZD","1760585375","23477/2025-11-16/1760585375.json"
"510807","146155","2025-11-16","52.00","NZD","1760585375","23477/2025-11-16/1760585375.json"
"581513","221281","2025-11-18","36.00","NZD","1760585375","23477/2025-11-18/1760585375.json"
"581514","221282","2025-11-18","36.00","NZD","1760585375","23477/2025-11-18/1760585375.json"
"512557","146154","2025-11-18","45.00","NZD","1760585375","23477/2025-11-18/1760585375.json"
"365170","146153","2025-11-18","48.00","NZD","1760585375","23477/2025-11-18/1760585375.json"
"510807","146155","2025-11-18","52.00","NZD","1760585375","23477/2025-11-18/1760585375.json"
"581513","221281","2025-11-20","36.00","NZD","1760585375","23477/2025-11-20/1760585375.json"
"581514","221282","2025-11-20","36.00","NZD","1760585375","23477/2025-11-20/1760585375.json"
"512557","146154","2025-11-20","45.00","NZD","1760585375","23477/2025-11-20/1760585375.json"
"581513","221281","2025-11-21","36.00","NZD","1760585375","23477/2025-11-21/1760585375.json"
"581514","221282","2025-11-21","36.00","NZD","1760585375","23477/2025-11-21/1760585375.json"
"512557","146154","2025-11-21","45.00","NZD","1760585375","23477/2025-11-21/1760585375.json"
"365170","146153","2025-11-21","48.00","NZD","1760585375","23477/2025-11-21/1760585375.json"
"510807","146155","2025-11-21","52.00","NZD","1760585375","23477/2025-11-21/1760585375.json"
"581513","221281","2025-11-23","36.00","NZD","1760585375","23477/2025-11-23/1760585375.json"
"581514","221282","2025-11-23","36.00","NZD","1760585375","23477/2025-11-23/1760585375.json"
"512557","146154","2025-11-23","45.00","NZD","1760585375","23477/2025-11-23/1760585375.json"
"365170","146153","2025-11-23","48.00","NZD","1760585375","23477/2025-11-23/1760585375.json"
"510807","146155","2025-11-23","52.00","NZD","1760585375","23477/2025-11-23/1760585375.json"
"581513","221281","2025-11-22","36.00","NZD","1760585375","23477/2025-11-22/1760585375.json"
"581514","221282","2025-11-22","36.00","NZD","1760585375","23477/2025-11-22/1760585375.json"
"512557","146154","2025-11-22","45.00","NZD","1760585375","23477/2025-11-22/1760585375.json"
"365170","146153","2025-11-22","48.00","NZD","1760585375","23477/2025-11-22/1760585375.json"
"510807","146155","2025-11-22","52.00","NZD","1760585375","23477/2025-11-22/1760585375.json"
"581513","221281","2025-11-24","36.00","NZD","1760585375","23477/2025-11-24/1760585375.json"
"581514","221282","2025-11-24","36.00","NZD","1760585375","23477/2025-11-24/1760585375.json"
"512557","146154","2025-11-24","45.00","NZD","1760585375","23477/2025-11-24/1760585375.json"
"365170","146153","2025-11-24","48.00","NZD","1760585375","23477/2025-11-24/1760585375.json"
"510807","146155","2025-11-24","52.00","NZD","1760585375","23477/2025-11-24/1760585375.json"
"581513","221281","2025-11-25","36.00","NZD","1760585375","23477/2025-11-25/1760585375.json"
"581514","221282","2025-11-25","36.00","NZD","1760585375","23477/2025-11-25/1760585375.json"
"512557","146154","2025-11-25","45.00","NZD","1760585375","23477/2025-11-25/1760585375.json"
"365170","146153","2025-11-25","48.00","NZD","1760585375","23477/2025-11-25/1760585375.json"
"510807","146155","2025-11-25","52.00","NZD","1760585375","23477/2025-11-25/1760585375.json"
"581513","221281","2025-11-26","36.00","NZD","1760585375","23477/2025-11-26/1760585375.json"
"581514","221282","2025-11-26","36.00","NZD","1760585375","23477/2025-11-26/1760585375.json"
"512557","146154","2025-11-26","45.00","NZD","1760585375","23477/2025-11-26/1760585375.json"
"365170","146153","2025-11-26","48.00","NZD","1760585375","23477/2025-11-26/1760585375.json"
"510807","146155","2025-11-26","52.00","NZD","1760585375","23477/2025-11-26/1760585375.json"
"581513","221281","2025-11-27","36.00","NZD","1760585375","23477/2025-11-27/1760585375.json"
"581514","221282","2025-11-27","36.00","NZD","1760585375","23477/2025-11-27/1760585375.json"
"512557","146154","2025-11-27","45.00","NZD","1760585375","23477/2025-11-27/1760585375.json"
"365170","146153","2025-11-27","48.00","NZD","1760585375","23477/2025-11-27/1760585375.json"
"510807","146155","2025-11-27","52.00","NZD","1760585375","23477/2025-11-27/1760585375.json"
"581513","221281","2025-11-28","36.00","NZD","1760585375","23477/2025-11-28/1760585375.json"
"581514","221282","2025-11-28","36.00","NZD","1760585375","23477/2025-11-28/1760585375.json"
"512557","146154","2025-11-28","45.00","NZD","1760585375","23477/2025-11-28/1760585375.json"
"365170","146153","2025-11-28","48.00","NZD","1760585375","23477/2025-11-28/1760585375.json"
"510807","146155","2025-11-28","52.00","NZD","1760585375","23477/2025-11-28/1760585375.json"
"581513","221281","2025-11-29","36.00","NZD","1760585375","23477/2025-11-29/1760585375.json"
"581514","221282","2025-11-29","36.00","NZD","1760585375","23477/2025-11-29/1760585375.json"
"512557","146154","2025-11-29","45.00","NZD","1760585375","23477/2025-11-29/1760585375.json"
"365170","146153","2025-11-29","48.00","NZD","1760585375","23477/2025-11-29/1760585375.json"
"510807","146155","2025-11-29","52.00","NZD","1760585375","23477/2025-11-29/1760585375.json"
"581513","221281","2025-11-30","36.00","NZD","1760585375","23477/2025-11-30/1760585375.json"
"581514","221282","2025-11-30","36.00","NZD","1760585375","23477/2025-11-30/1760585375.json"
"512557","146154","2025-11-30","45.00","NZD","1760585375","23477/2025-11-30/1760585375.json"
"365170","146153","2025-11-30","48.00","NZD","1760585375","23477/2025-11-30/1760585375.json"
"510807","146155","2025-11-30","52.00","NZD","1760585375","23477/2025-11-30/1760585375.json"
"581513","221281","2025-12-01","36.00","NZD","1760585375","23477/2025-12-01/1760585375.json"
"581514","221282","2025-12-01","36.00","NZD","1760585375","23477/2025-12-01/1760585375.json"
"512557","146154","2025-12-01","45.00","NZD","1760585375","23477/2025-12-01/1760585375.json"
"365170","146153","2025-12-01","48.00","NZD","1760585375","23477/2025-12-01/1760585375.json"
"510807","146155","2025-12-01","52.00","NZD","1760585375","23477/2025-12-01/1760585375.json"
"581513","221281","2025-12-02","36.00","NZD","1760585375","23477/2025-12-02/1760585375.json"
"581514","221282","2025-12-02","36.00","NZD","1760585375","23477/2025-12-02/1760585375.json"
"512557","146154","2025-12-02","45.00","NZD","1760585375","23477/2025-12-02/1760585375.json"
"365170","146153","2025-12-02","48.00","NZD","1760585375","23477/2025-12-02/1760585375.json"
"510807","146155","2025-12-02","52.00","NZD","1760585375","23477/2025-12-02/1760585375.json"
"581513","221281","2025-12-03","36.00","NZD","1760585375","23477/2025-12-03/1760585375.json"
"581514","221282","2025-12-03","36.00","NZD","1760585375","23477/2025-12-03/1760585375.json"
"512557","146154","2025-12-03","45.00","NZD","1760585375","23477/2025-12-03/1760585375.json"
"365170","146153","2025-12-03","48.00","NZD","1760585375","23477/2025-12-03/1760585375.json"
"510807","146155","2025-12-03","52.00","NZD","1760585375","23477/2025-12-03/1760585375.json"
"581513","221281","2025-12-04","36.00","NZD","1760585375","23477/2025-12-04/1760585375.json"
"581514","221282","2025-12-04","36.00","NZD","1760585375","23477/2025-12-04/1760585375.json"
"512557","146154","2025-12-04","45.00","NZD","1760585375","23477/2025-12-04/1760585375.json"
"365170","146153","2025-12-04","48.00","NZD","1760585375","23477/2025-12-04/1760585375.json"
"510807","146155","2025-12-04","52.00","NZD","1760585375","23477/2025-12-04/1760585375.json"
"581513","221281","2025-12-05","36.00","NZD","1760585375","23477/2025-12-05/1760585375.json"
"581514","221282","2025-12-05","36.00","NZD","1760585375","23477/2025-12-05/1760585375.json"
"512557","146154","2025-12-05","45.00","NZD","1760585375","23477/2025-12-05/1760585375.json"
"365170","146153","2025-12-05","48.00","NZD","1760585375","23477/2025-12-05/1760585375.json"
"510807","146155","2025-12-05","52.00","NZD","1760585375","23477/2025-12-05/1760585375.json"
"581513","221281","2025-12-06","36.00","NZD","1760585375","23477/2025-12-06/1760585375.json"
"581514","221282","2025-12-06","36.00","NZD","1760585375","23477/2025-12-06/1760585375.json"
"512557","146154","2025-12-06","45.00","NZD","1760585375","23477/2025-12-06/1760585375.json"
"365170","146153","2025-12-06","48.00","NZD","1760585375","23477/2025-12-06/1760585375.json"
"510807","146155","2025-12-06","52.00","NZD","1760585375","23477/2025-12-06/1760585375.json"
"581513","221281","2025-12-07","36.00","NZD","1760585375","23477/2025-12-07/1760585375.json"
"581514","221282","2025-12-07","36.00","NZD","1760585375","23477/2025-12-07/1760585375.json"
"512557","146154","2025-12-07","45.00","NZD","1760585375","23477/2025-12-07/1760585375.json"
"365170","146153","2025-12-07","48.00","NZD","1760585375","23477/2025-12-07/1760585375.json"
"510807","146155","2025-12-07","52.00","NZD","1760585375","23477/2025-12-07/1760585375.json"
"581513","221281","2025-12-08","36.00","NZD","1760585375","23477/2025-12-08/1760585375.json"
"581514","221282","2025-12-08","36.00","NZD","1760585375","23477/2025-12-08/1760585375.json"
"512557","146154","2025-12-08","45.00","NZD","1760585375","23477/2025-12-08/1760585375.json"
"365170","146153","2025-12-08","48.00","NZD","1760585375","23477/2025-12-08/1760585375.json"
"510807","146155","2025-12-08","52.00","NZD","1760585375","23477/2025-12-08/1760585375.json"
"581513","221281","2025-12-09","36.00","NZD","1760585375","23477/2025-12-09/1760585375.json"
"581514","221282","2025-12-09","36.00","NZD","1760585375","23477/2025-12-09/1760585375.json"
"512557","146154","2025-12-09","45.00","NZD","1760585375","23477/2025-12-09/1760585375.json"
"365170","146153","2025-12-09","48.00","NZD","1760585375","23477/2025-12-09/1760585375.json"
"510807","146155","2025-12-09","52.00","NZD","1760585375","23477/2025-12-09/1760585375.json"
"581513","221281","2025-12-10","36.00","NZD","1760585375","23477/2025-12-10/1760585375.json"
"581514","221282","2025-12-10","36.00","NZD","1760585375","23477/2025-12-10/1760585375.json"
"512557","146154","2025-12-10","45.00","NZD","1760585375","23477/2025-12-10/1760585375.json"
"365170","146153","2025-12-10","48.00","NZD","1760585375","23477/2025-12-10/1760585375.json"
"510807","146155","2025-12-10","52.00","NZD","1760585375","23477/2025-12-10/1760585375.json"
"581513","221281","2025-12-11","36.00","NZD","1760585375","23477/2025-12-11/1760585375.json"
"581514","221282","2025-12-11","36.00","NZD","1760585375","23477/2025-12-11/1760585375.json"
"512557","146154","2025-12-11","45.00","NZD","1760585375","23477/2025-12-11/1760585375.json"
"365170","146153","2025-12-11","48.00","NZD","1760585375","23477/2025-12-11/1760585375.json"
"510807","146155","2025-12-11","52.00","NZD","1760585375","23477/2025-12-11/1760585375.json"
"581513","221281","2025-12-12","36.00","NZD","1760585375","23477/2025-12-12/1760585375.json"
"581514","221282","2025-12-12","36.00","NZD","1760585375","23477/2025-12-12/1760585375.json"
"512557","146154","2025-12-12","45.00","NZD","1760585375","23477/2025-12-12/1760585375.json"
"365170","146153","2025-12-12","48.00","NZD","1760585375","23477/2025-12-12/1760585375.json"
"510807","146155","2025-12-12","52.00","NZD","1760585375","23477/2025-12-12/1760585375.json"
"581513","221281","2025-12-13","36.00","NZD","1760585375","23477/2025-12-13/1760585375.json"
"581514","221282","2025-12-13","36.00","NZD","1760585375","23477/2025-12-13/1760585375.json"
"512557","146154","2025-12-13","45.00","NZD","1760585375","23477/2025-12-13/1760585375.json"
"365170","146153","2025-12-13","48.00","NZD","1760585375","23477/2025-12-13/1760585375.json"
"510807","146155","2025-12-13","52.00","NZD","1760585375","23477/2025-12-13/1760585375.json"
"581513","221281","2025-12-14","36.00","NZD","1760585375","23477/2025-12-14/1760585375.json"
"581514","221282","2025-12-14","36.00","NZD","1760585375","23477/2025-12-14/1760585375.json"
"512557","146154","2025-12-14","45.00","NZD","1760585375","23477/2025-12-14/1760585375.json"
"365170","146153","2025-12-14","48.00","NZD","1760585375","23477/2025-12-14/1760585375.json"
"510807","146155","2025-12-14","52.00","NZD","1760585375","23477/2025-12-14/1760585375.json"
"581513","221281","2025-12-15","36.00","NZD","1760585375","23477/2025-12-15/1760585375.json"
"581514","221282","2025-12-15","36.00","NZD","1760585375","23477/2025-12-15/1760585375.json"
"512557","146154","2025-12-15","45.00","NZD","1760585375","23477/2025-12-15/1760585375.json"
"365170","146153","2025-12-15","48.00","NZD","1760585375","23477/2025-12-15/1760585375.json"
"510807","146155","2025-12-15","52.00","NZD","1760585375","23477/2025-12-15/1760585375.json"
"581513","221281","2025-10-17","36.00","NZD","1760590498","23477/2025-10-17/1760590498.json"
"581514","221282","2025-10-17","36.00","NZD","1760590498","23477/2025-10-17/1760590498.json"
"512557","146154","2025-10-17","45.00","NZD","1760590498","23477/2025-10-17/1760590498.json"
"365170","146153","2025-10-17","48.00","NZD","1760590498","23477/2025-10-17/1760590498.json"
"510807","146155","2025-10-17","52.00","NZD","1760590498","23477/2025-10-17/1760590498.json"
"581513","221281","2025-10-18","36.00","NZD","1760590498","23477/2025-10-18/1760590498.json"
"581514","221282","2025-10-18","36.00","NZD","1760590498","23477/2025-10-18/1760590498.json"
"512557","146154","2025-10-18","45.00","NZD","1760590498","23477/2025-10-18/1760590498.json"
"365170","146153","2025-10-18","48.00","NZD","1760590498","23477/2025-10-18/1760590498.json"
"510807","146155","2025-10-18","52.00","NZD","1760590498","23477/2025-10-18/1760590498.json"
"581513","221281","2025-10-16","36.00","NZD","1760590498","23477/2025-10-16/1760590498.json"
"581514","221282","2025-10-16","36.00","NZD","1760590498","23477/2025-10-16/1760590498.json"
"512557","146154","2025-10-16","45.00","NZD","1760590498","23477/2025-10-16/1760590498.json"
"365170","146153","2025-10-16","48.00","NZD","1760590498","23477/2025-10-16/1760590498.json"
"510807","146155","2025-10-16","52.00","NZD","1760590498","23477/2025-10-16/1760590498.json"
"581513","221281","2025-10-19","36.00","NZD","1760590498","23477/2025-10-19/1760590498.json"
"581514","221282","2025-10-19","36.00","NZD","1760590498","23477/2025-10-19/1760590498.json"
"512557","146154","2025-10-19","45.00","NZD","1760590498","23477/2025-10-19/1760590498.json"
"365170","146153","2025-10-19","48.00","NZD","1760590498","23477/2025-10-19/1760590498.json"
"510807","146155","2025-10-19","52.00","NZD","1760590498","23477/2025-10-19/1760590498.json"
"581513","221281","2025-10-23","36.00","NZD","1760590498","23477/2025-10-23/1760590498.json"
"581514","221282","2025-10-23","36.00","NZD","1760590498","23477/2025-10-23/1760590498.json"
"512557","146154","2025-10-23","45.00","NZD","1760590498","23477/2025-10-23/1760590498.json"
"365170","146153","2025-10-23","48.00","NZD","1760590498","23477/2025-10-23/1760590498.json"
"510807","146155","2025-10-23","52.00","NZD","1760590498","23477/2025-10-23/1760590498.json"
"581513","221281","2025-10-22","36.00","NZD","1760590498","23477/2025-10-22/1760590498.json"
"581514","221282","2025-10-22","36.00","NZD","1760590498","23477/2025-10-22/1760590498.json"
"512557","146154","2025-10-22","45.00","NZD","1760590498","23477/2025-10-22/1760590498.json"
"365170","146153","2025-10-22","48.00","NZD","1760590498","23477/2025-10-22/1760590498.json"
"510807","146155","2025-10-22","52.00","NZD","1760590498","23477/2025-10-22/1760590498.json"
"581513","221281","2025-10-21","36.00","NZD","1760590498","23477/2025-10-21/1760590498.json"
"581514","221282","2025-10-21","36.00","NZD","1760590498","23477/2025-10-21/1760590498.json"
"512557","146154","2025-10-21","45.00","NZD","1760590498","23477/2025-10-21/1760590498.json"
"365170","146153","2025-10-21","48.00","NZD","1760590498","23477/2025-10-21/1760590498.json"
"510807","146155","2025-10-21","52.00","NZD","1760590498","23477/2025-10-21/1760590498.json"
"581513","221281","2025-10-20","36.00","NZD","1760590498","23477/2025-10-20/1760590498.json"
"581514","221282","2025-10-20","36.00","NZD","1760590498","23477/2025-10-20/1760590498.json"
"512557","146154","2025-10-20","45.00","NZD","1760590498","23477/2025-10-20/1760590498.json"
"365170","146153","2025-10-20","48.00","NZD","1760590498","23477/2025-10-20/1760590498.json"
"510807","146155","2025-10-20","52.00","NZD","1760590498","23477/2025-10-20/1760590498.json"
"581513","221281","2025-10-24","36.00","NZD","1760590498","23477/2025-10-24/1760590498.json"
"581514","221282","2025-10-24","36.00","NZD","1760590498","23477/2025-10-24/1760590498.json"
"512557","146154","2025-10-24","45.00","NZD","1760590498","23477/2025-10-24/1760590498.json"
"365170","146153","2025-10-24","48.00","NZD","1760590498","23477/2025-10-24/1760590498.json"
"510807","146155","2025-10-24","52.00","NZD","1760590498","23477/2025-10-24/1760590498.json"
"581513","221281","2025-10-26","38.00","NZD","1760590498","23477/2025-10-26/1760590498.json"
"581514","221282","2025-10-26","38.00","NZD","1760590498","23477/2025-10-26/1760590498.json"
"512557","146154","2025-10-26","45.00","NZD","1760590498","23477/2025-10-26/1760590498.json"
"581513","221281","2025-10-27","38.00","NZD","1760590498","23477/2025-10-27/1760590498.json"
"581514","221282","2025-10-27","38.00","NZD","1760590498","23477/2025-10-27/1760590498.json"
"512557","146154","2025-10-27","45.00","NZD","1760590498","23477/2025-10-27/1760590498.json"
"365170","146153","2025-10-27","48.00","NZD","1760590498","23477/2025-10-27/1760590498.json"
"510807","146155","2025-10-27","52.00","NZD","1760590498","23477/2025-10-27/1760590498.json"
"581513","221281","2025-10-25","38.00","NZD","1760590498","23477/2025-10-25/1760590498.json"
"581514","221282","2025-10-25","38.00","NZD","1760590498","23477/2025-10-25/1760590498.json"
"512557","146154","2025-10-25","45.00","NZD","1760590498","23477/2025-10-25/1760590498.json"
"581513","221281","2025-10-28","36.00","NZD","1760590498","23477/2025-10-28/1760590498.json"
"581514","221282","2025-10-28","36.00","NZD","1760590498","23477/2025-10-28/1760590498.json"
"512557","146154","2025-10-28","45.00","NZD","1760590498","23477/2025-10-28/1760590498.json"
"365170","146153","2025-10-28","48.00","NZD","1760590498","23477/2025-10-28/1760590498.json"
"510807","146155","2025-10-28","52.00","NZD","1760590498","23477/2025-10-28/1760590498.json"
"581513","221281","2025-10-29","36.00","NZD","1760590498","23477/2025-10-29/1760590498.json"
"581514","221282","2025-10-29","36.00","NZD","1760590498","23477/2025-10-29/1760590498.json"
"512557","146154","2025-10-29","45.00","NZD","1760590498","23477/2025-10-29/1760590498.json"
"365170","146153","2025-10-29","48.00","NZD","1760590498","23477/2025-10-29/1760590498.json"
"510807","146155","2025-10-29","52.00","NZD","1760590498","23477/2025-10-29/1760590498.json"
"581513","221281","2025-10-30","36.00","NZD","1760590498","23477/2025-10-30/1760590498.json"
"581514","221282","2025-10-30","36.00","NZD","1760590498","23477/2025-10-30/1760590498.json"
"512557","146154","2025-10-30","45.00","NZD","1760590498","23477/2025-10-30/1760590498.json"
"365170","146153","2025-10-30","48.00","NZD","1760590498","23477/2025-10-30/1760590498.json"
"510807","146155","2025-10-30","52.00","NZD","1760590498","23477/2025-10-30/1760590498.json"
"581513","221281","2025-10-31","36.00","NZD","1760590498","23477/2025-10-31/1760590498.json"
"581514","221282","2025-10-31","36.00","NZD","1760590498","23477/2025-10-31/1760590498.json"
"512557","146154","2025-10-31","45.00","NZD","1760590498","23477/2025-10-31/1760590498.json"
"365170","146153","2025-10-31","48.00","NZD","1760590498","23477/2025-10-31/1760590498.json"
"510807","146155","2025-10-31","52.00","NZD","1760590498","23477/2025-10-31/1760590498.json"
"581513","221281","2025-11-01","36.00","NZD","1760590498","23477/2025-11-01/1760590498.json"
"581514","221282","2025-11-01","36.00","NZD","1760590498","23477/2025-11-01/1760590498.json"
"512557","146154","2025-11-01","45.00","NZD","1760590498","23477/2025-11-01/1760590498.json"
"365170","146153","2025-11-01","48.00","NZD","1760590498","23477/2025-11-01/1760590498.json"
"510807","146155","2025-11-01","52.00","NZD","1760590498","23477/2025-11-01/1760590498.json"
"581513","221281","2025-11-02","36.00","NZD","1760590498","23477/2025-11-02/1760590498.json"
"581514","221282","2025-11-02","36.00","NZD","1760590498","23477/2025-11-02/1760590498.json"
"512557","146154","2025-11-02","45.00","NZD","1760590498","23477/2025-11-02/1760590498.json"
"365170","146153","2025-11-02","48.00","NZD","1760590498","23477/2025-11-02/1760590498.json"
"510807","146155","2025-11-02","52.00","NZD","1760590498","23477/2025-11-02/1760590498.json"
"581513","221281","2025-11-03","36.00","NZD","1760590498","23477/2025-11-03/1760590498.json"
"581514","221282","2025-11-03","36.00","NZD","1760590498","23477/2025-11-03/1760590498.json"
"512557","146154","2025-11-03","45.00","NZD","1760590498","23477/2025-11-03/1760590498.json"
"365170","146153","2025-11-03","48.00","NZD","1760590498","23477/2025-11-03/1760590498.json"
"510807","146155","2025-11-03","52.00","NZD","1760590498","23477/2025-11-03/1760590498.json"
"581513","221281","2025-11-04","36.00","NZD","1760590498","23477/2025-11-04/1760590498.json"
"581514","221282","2025-11-04","36.00","NZD","1760590498","23477/2025-11-04/1760590498.json"
"512557","146154","2025-11-04","45.00","NZD","1760590498","23477/2025-11-04/1760590498.json"
"365170","146153","2025-11-04","48.00","NZD","1760590498","23477/2025-11-04/1760590498.json"
"510807","146155","2025-11-04","52.00","NZD","1760590498","23477/2025-11-04/1760590498.json"
"581513","221281","2025-11-05","36.00","NZD","1760590498","23477/2025-11-05/1760590498.json"
"581514","221282","2025-11-05","36.00","NZD","1760590498","23477/2025-11-05/1760590498.json"
"512557","146154","2025-11-05","45.00","NZD","1760590498","23477/2025-11-05/1760590498.json"
"365170","146153","2025-11-05","48.00","NZD","1760590498","23477/2025-11-05/1760590498.json"
"510807","146155","2025-11-05","52.00","NZD","1760590498","23477/2025-11-05/1760590498.json"
"581513","221281","2025-11-06","36.00","NZD","1760590498","23477/2025-11-06/1760590498.json"
"581514","221282","2025-11-06","36.00","NZD","1760590498","23477/2025-11-06/1760590498.json"
"512557","146154","2025-11-06","45.00","NZD","1760590498","23477/2025-11-06/1760590498.json"
"365170","146153","2025-11-06","48.00","NZD","1760590498","23477/2025-11-06/1760590498.json"
"510807","146155","2025-11-06","52.00","NZD","1760590498","23477/2025-11-06/1760590498.json"
"581513","221281","2025-11-07","36.00","NZD","1760590498","23477/2025-11-07/1760590498.json"
"581514","221282","2025-11-07","36.00","NZD","1760590498","23477/2025-11-07/1760590498.json"
"512557","146154","2025-11-07","45.00","NZD","1760590498","23477/2025-11-07/1760590498.json"
"365170","146153","2025-11-07","48.00","NZD","1760590498","23477/2025-11-07/1760590498.json"
"510807","146155","2025-11-07","52.00","NZD","1760590498","23477/2025-11-07/1760590498.json"
"581513","221281","2025-11-09","36.00","NZD","1760590498","23477/2025-11-09/1760590498.json"
"581514","221282","2025-11-09","36.00","NZD","1760590498","23477/2025-11-09/1760590498.json"
"512557","146154","2025-11-09","45.00","NZD","1760590498","23477/2025-11-09/1760590498.json"
"365170","146153","2025-11-09","48.00","NZD","1760590498","23477/2025-11-09/1760590498.json"
"510807","146155","2025-11-09","52.00","NZD","1760590498","23477/2025-11-09/1760590498.json"
"581513","221281","2025-11-08","36.00","NZD","1760590498","23477/2025-11-08/1760590498.json"
"581514","221282","2025-11-08","36.00","NZD","1760590498","23477/2025-11-08/1760590498.json"
"512557","146154","2025-11-08","45.00","NZD","1760590498","23477/2025-11-08/1760590498.json"
"365170","146153","2025-11-08","48.00","NZD","1760590498","23477/2025-11-08/1760590498.json"
"510807","146155","2025-11-08","52.00","NZD","1760590498","23477/2025-11-08/1760590498.json"
"581513","221281","2025-11-10","36.00","NZD","1760590498","23477/2025-11-10/1760590498.json"
"581514","221282","2025-11-10","36.00","NZD","1760590498","23477/2025-11-10/1760590498.json"
"512557","146154","2025-11-10","45.00","NZD","1760590498","23477/2025-11-10/1760590498.json"
"365170","146153","2025-11-10","48.00","NZD","1760590498","23477/2025-11-10/1760590498.json"
"510807","146155","2025-11-10","52.00","NZD","1760590498","23477/2025-11-10/1760590498.json"
"581513","221281","2025-11-11","36.00","NZD","1760590498","23477/2025-11-11/1760590498.json"
"581514","221282","2025-11-11","36.00","NZD","1760590498","23477/2025-11-11/1760590498.json"
"512557","146154","2025-11-11","45.00","NZD","1760590498","23477/2025-11-11/1760590498.json"
"365170","146153","2025-11-11","48.00","NZD","1760590498","23477/2025-11-11/1760590498.json"
"510807","146155","2025-11-11","52.00","NZD","1760590498","23477/2025-11-11/1760590498.json"
"581513","221281","2025-11-12","36.00","NZD","1760590498","23477/2025-11-12/1760590498.json"
"581514","221282","2025-11-12","36.00","NZD","1760590498","23477/2025-11-12/1760590498.json"
"512557","146154","2025-11-12","45.00","NZD","1760590498","23477/2025-11-12/1760590498.json"
"365170","146153","2025-11-12","48.00","NZD","1760590498","23477/2025-11-12/1760590498.json"
"510807","146155","2025-11-12","52.00","NZD","1760590498","23477/2025-11-12/1760590498.json"
"581513","221281","2025-11-13","36.00","NZD","1760590498","23477/2025-11-13/1760590498.json"
"581514","221282","2025-11-13","36.00","NZD","1760590498","23477/2025-11-13/1760590498.json"
"512557","146154","2025-11-13","45.00","NZD","1760590498","23477/2025-11-13/1760590498.json"
"365170","146153","2025-11-13","48.00","NZD","1760590498","23477/2025-11-13/1760590498.json"
"510807","146155","2025-11-13","52.00","NZD","1760590498","23477/2025-11-13/1760590498.json"
"581513","221281","2025-11-14","36.00","NZD","1760590498","23477/2025-11-14/1760590498.json"
"581514","221282","2025-11-14","36.00","NZD","1760590498","23477/2025-11-14/1760590498.json"
"512557","146154","2025-11-14","45.00","NZD","1760590498","23477/2025-11-14/1760590498.json"
"365170","146153","2025-11-14","48.00","NZD","1760590498","23477/2025-11-14/1760590498.json"
"510807","146155","2025-11-14","52.00","NZD","1760590498","23477/2025-11-14/1760590498.json"
"581513","221281","2025-11-15","36.00","NZD","1760590498","23477/2025-11-15/1760590498.json"
"581514","221282","2025-11-15","36.00","NZD","1760590498","23477/2025-11-15/1760590498.json"
"512557","146154","2025-11-15","45.00","NZD","1760590498","23477/2025-11-15/1760590498.json"
"365170","146153","2025-11-15","48.00","NZD","1760590498","23477/2025-11-15/1760590498.json"
"510807","146155","2025-11-15","52.00","NZD","1760590498","23477/2025-11-15/1760590498.json"
"581513","221281","2025-11-16","36.00","NZD","1760590498","23477/2025-11-16/1760590498.json"
"581514","221282","2025-11-16","36.00","NZD","1760590498","23477/2025-11-16/1760590498.json"
"512557","146154","2025-11-16","45.00","NZD","1760590498","23477/2025-11-16/1760590498.json"
"365170","146153","2025-11-16","48.00","NZD","1760590498","23477/2025-11-16/1760590498.json"
"510807","146155","2025-11-16","52.00","NZD","1760590498","23477/2025-11-16/1760590498.json"
"581513","221281","2025-11-17","36.00","NZD","1760590498","23477/2025-11-17/1760590498.json"
"581514","221282","2025-11-17","36.00","NZD","1760590498","23477/2025-11-17/1760590498.json"
"512557","146154","2025-11-17","45.00","NZD","1760590498","23477/2025-11-17/1760590498.json"
"365170","146153","2025-11-17","48.00","NZD","1760590498","23477/2025-11-17/1760590498.json"
"510807","146155","2025-11-17","52.00","NZD","1760590498","23477/2025-11-17/1760590498.json"
"581513","221281","2025-11-19","36.00","NZD","1760590498","23477/2025-11-19/1760590498.json"
"581514","221282","2025-11-19","36.00","NZD","1760590498","23477/2025-11-19/1760590498.json"
"512557","146154","2025-11-19","45.00","NZD","1760590498","23477/2025-11-19/1760590498.json"
"365170","146153","2025-11-19","48.00","NZD","1760590498","23477/2025-11-19/1760590498.json"
"510807","146155","2025-11-19","52.00","NZD","1760590498","23477/2025-11-19/1760590498.json"
"581513","221281","2025-11-18","36.00","NZD","1760590498","23477/2025-11-18/1760590498.json"
"581514","221282","2025-11-18","36.00","NZD","1760590498","23477/2025-11-18/1760590498.json"
"512557","146154","2025-11-18","45.00","NZD","1760590498","23477/2025-11-18/1760590498.json"
"365170","146153","2025-11-18","48.00","NZD","1760590498","23477/2025-11-18/1760590498.json"
"510807","146155","2025-11-18","52.00","NZD","1760590498","23477/2025-11-18/1760590498.json"
"581513","221281","2025-11-20","36.00","NZD","1760590498","23477/2025-11-20/1760590498.json"
"581514","221282","2025-11-20","36.00","NZD","1760590498","23477/2025-11-20/1760590498.json"
"512557","146154","2025-11-20","45.00","NZD","1760590498","23477/2025-11-20/1760590498.json"
"581513","221281","2025-11-21","36.00","NZD","1760590498","23477/2025-11-21/1760590498.json"
"581514","221282","2025-11-21","36.00","NZD","1760590498","23477/2025-11-21/1760590498.json"
"512557","146154","2025-11-21","45.00","NZD","1760590498","23477/2025-11-21/1760590498.json"
"365170","146153","2025-11-21","48.00","NZD","1760590498","23477/2025-11-21/1760590498.json"
"510807","146155","2025-11-21","52.00","NZD","1760590498","23477/2025-11-21/1760590498.json"
"581513","221281","2025-11-22","36.00","NZD","1760590498","23477/2025-11-22/1760590498.json"
"581514","221282","2025-11-22","36.00","NZD","1760590498","23477/2025-11-22/1760590498.json"
"512557","146154","2025-11-22","45.00","NZD","1760590498","23477/2025-11-22/1760590498.json"
"365170","146153","2025-11-22","48.00","NZD","1760590498","23477/2025-11-22/1760590498.json"
"510807","146155","2025-11-22","52.00","NZD","1760590498","23477/2025-11-22/1760590498.json"
"581513","221281","2025-11-23","36.00","NZD","1760590498","23477/2025-11-23/1760590498.json"
"581514","221282","2025-11-23","36.00","NZD","1760590498","23477/2025-11-23/1760590498.json"
"512557","146154","2025-11-23","45.00","NZD","1760590498","23477/2025-11-23/1760590498.json"
"365170","146153","2025-11-23","48.00","NZD","1760590498","23477/2025-11-23/1760590498.json"
"510807","146155","2025-11-23","52.00","NZD","1760590498","23477/2025-11-23/1760590498.json"
"581513","221281","2025-11-24","36.00","NZD","1760590498","23477/2025-11-24/1760590498.json"
"581514","221282","2025-11-24","36.00","NZD","1760590498","23477/2025-11-24/1760590498.json"
"512557","146154","2025-11-24","45.00","NZD","1760590498","23477/2025-11-24/1760590498.json"
"365170","146153","2025-11-24","48.00","NZD","1760590498","23477/2025-11-24/1760590498.json"
"510807","146155","2025-11-24","52.00","NZD","1760590498","23477/2025-11-24/1760590498.json"
"581513","221281","2025-11-26","36.00","NZD","1760590498","23477/2025-11-26/1760590498.json"
"581514","221282","2025-11-26","36.00","NZD","1760590498","23477/2025-11-26/1760590498.json"
"512557","146154","2025-11-26","45.00","NZD","1760590498","23477/2025-11-26/1760590498.json"
"365170","146153","2025-11-26","48.00","NZD","1760590498","23477/2025-11-26/1760590498.json"
"510807","146155","2025-11-26","52.00","NZD","1760590498","23477/2025-11-26/1760590498.json"
"581513","221281","2025-11-25","36.00","NZD","1760590498","23477/2025-11-25/1760590498.json"
"581514","221282","2025-11-25","36.00","NZD","1760590498","23477/2025-11-25/1760590498.json"
"512557","146154","2025-11-25","45.00","NZD","1760590498","23477/2025-11-25/1760590498.json"
"365170","146153","2025-11-25","48.00","NZD","1760590498","23477/2025-11-25/1760590498.json"
"510807","146155","2025-11-25","52.00","NZD","1760590498","23477/2025-11-25/1760590498.json"
"581513","221281","2025-11-27","36.00","NZD","1760590498","23477/2025-11-27/1760590498.json"
"581514","221282","2025-11-27","36.00","NZD","1760590498","23477/2025-11-27/1760590498.json"
"512557","146154","2025-11-27","45.00","NZD","1760590498","23477/2025-11-27/1760590498.json"
"365170","146153","2025-11-27","48.00","NZD","1760590498","23477/2025-11-27/1760590498.json"
"510807","146155","2025-11-27","52.00","NZD","1760590498","23477/2025-11-27/1760590498.json"
"581513","221281","2025-11-28","36.00","NZD","1760590498","23477/2025-11-28/1760590498.json"
"581514","221282","2025-11-28","36.00","NZD","1760590498","23477/2025-11-28/1760590498.json"
"512557","146154","2025-11-28","45.00","NZD","1760590498","23477/2025-11-28/1760590498.json"
"365170","146153","2025-11-28","48.00","NZD","1760590498","23477/2025-11-28/1760590498.json"
"510807","146155","2025-11-28","52.00","NZD","1760590498","23477/2025-11-28/1760590498.json"
"581513","221281","2025-11-30","36.00","NZD","1760590498","23477/2025-11-30/1760590498.json"
"581514","221282","2025-11-30","36.00","NZD","1760590498","23477/2025-11-30/1760590498.json"
"512557","146154","2025-11-30","45.00","NZD","1760590498","23477/2025-11-30/1760590498.json"
"365170","146153","2025-11-30","48.00","NZD","1760590498","23477/2025-11-30/1760590498.json"
"510807","146155","2025-11-30","52.00","NZD","1760590498","23477/2025-11-30/1760590498.json"
"581513","221281","2025-11-29","36.00","NZD","1760590498","23477/2025-11-29/1760590498.json"
"581514","221282","2025-11-29","36.00","NZD","1760590498","23477/2025-11-29/1760590498.json"
"512557","146154","2025-11-29","45.00","NZD","1760590498","23477/2025-11-29/1760590498.json"
"365170","146153","2025-11-29","48.00","NZD","1760590498","23477/2025-11-29/1760590498.json"
"510807","146155","2025-11-29","52.00","NZD","1760590498","23477/2025-11-29/1760590498.json"
"581513","221281","2025-12-01","36.00","NZD","1760590498","23477/2025-12-01/1760590498.json"
"581514","221282","2025-12-01","36.00","NZD","1760590498","23477/2025-12-01/1760590498.json"
"512557","146154","2025-12-01","45.00","NZD","1760590498","23477/2025-12-01/1760590498.json"
"365170","146153","2025-12-01","48.00","NZD","1760590498","23477/2025-12-01/1760590498.json"
"510807","146155","2025-12-01","52.00","NZD","1760590498","23477/2025-12-01/1760590498.json"
"581513","221281","2025-12-02","36.00","NZD","1760590498","23477/2025-12-02/1760590498.json"
"581514","221282","2025-12-02","36.00","NZD","1760590498","23477/2025-12-02/1760590498.json"
"512557","146154","2025-12-02","45.00","NZD","1760590498","23477/2025-12-02/1760590498.json"
"365170","146153","2025-12-02","48.00","NZD","1760590498","23477/2025-12-02/1760590498.json"
"510807","146155","2025-12-02","52.00","NZD","1760590498","23477/2025-12-02/1760590498.json"
"581513","221281","2025-12-03","36.00","NZD","1760590498","23477/2025-12-03/1760590498.json"
"581514","221282","2025-12-03","36.00","NZD","1760590498","23477/2025-12-03/1760590498.json"
"512557","146154","2025-12-03","45.00","NZD","1760590498","23477/2025-12-03/1760590498.json"
"365170","146153","2025-12-03","48.00","NZD","1760590498","23477/2025-12-03/1760590498.json"
"510807","146155","2025-12-03","52.00","NZD","1760590498","23477/2025-12-03/1760590498.json"
"581513","221281","2025-12-05","36.00","NZD","1760590498","23477/2025-12-05/1760590498.json"
"581514","221282","2025-12-05","36.00","NZD","1760590498","23477/2025-12-05/1760590498.json"
"512557","146154","2025-12-05","45.00","NZD","1760590498","23477/2025-12-05/1760590498.json"
"365170","146153","2025-12-05","48.00","NZD","1760590498","23477/2025-12-05/1760590498.json"
"510807","146155","2025-12-05","52.00","NZD","1760590498","23477/2025-12-05/1760590498.json"
"581513","221281","2025-12-06","36.00","NZD","1760590498","23477/2025-12-06/1760590498.json"
"581514","221282","2025-12-06","36.00","NZD","1760590498","23477/2025-12-06/1760590498.json"
"512557","146154","2025-12-06","45.00","NZD","1760590498","23477/2025-12-06/1760590498.json"
"365170","146153","2025-12-06","48.00","NZD","1760590498","23477/2025-12-06/1760590498.json"
"510807","146155","2025-12-06","52.00","NZD","1760590498","23477/2025-12-06/1760590498.json"
"581513","221281","2025-12-04","36.00","NZD","1760590498","23477/2025-12-04/1760590498.json"
"581514","221282","2025-12-04","36.00","NZD","1760590498","23477/2025-12-04/1760590498.json"
"512557","146154","2025-12-04","45.00","NZD","1760590498","23477/2025-12-04/1760590498.json"
"365170","146153","2025-12-04","48.00","NZD","1760590498","23477/2025-12-04/1760590498.json"
"510807","146155","2025-12-04","52.00","NZD","1760590498","23477/2025-12-04/1760590498.json"
"581513","221281","2025-12-07","36.00","NZD","1760590498","23477/2025-12-07/1760590498.json"
"581514","221282","2025-12-07","36.00","NZD","1760590498","23477/2025-12-07/1760590498.json"
"512557","146154","2025-12-07","45.00","NZD","1760590498","23477/2025-12-07/1760590498.json"
"365170","146153","2025-12-07","48.00","NZD","1760590498","23477/2025-12-07/1760590498.json"
"510807","146155","2025-12-07","52.00","NZD","1760590498","23477/2025-12-07/1760590498.json"
"581513","221281","2025-12-08","36.00","NZD","1760590498","23477/2025-12-08/1760590498.json"
"581514","221282","2025-12-08","36.00","NZD","1760590498","23477/2025-12-08/1760590498.json"
"512557","146154","2025-12-08","45.00","NZD","1760590498","23477/2025-12-08/1760590498.json"
"365170","146153","2025-12-08","48.00","NZD","1760590498","23477/2025-12-08/1760590498.json"
"510807","146155","2025-12-08","52.00","NZD","1760590498","23477/2025-12-08/1760590498.json"
"581513","221281","2025-12-12","36.00","NZD","1760590498","23477/2025-12-12/1760590498.json"
"581514","221282","2025-12-12","36.00","NZD","1760590498","23477/2025-12-12/1760590498.json"
"512557","146154","2025-12-12","45.00","NZD","1760590498","23477/2025-12-12/1760590498.json"
"365170","146153","2025-12-12","48.00","NZD","1760590498","23477/2025-12-12/1760590498.json"
"510807","146155","2025-12-12","52.00","NZD","1760590498","23477/2025-12-12/1760590498.json"
"581513","221281","2025-12-09","36.00","NZD","1760590498","23477/2025-12-09/1760590498.json"
"581514","221282","2025-12-09","36.00","NZD","1760590498","23477/2025-12-09/1760590498.json"
"512557","146154","2025-12-09","45.00","NZD","1760590498","23477/2025-12-09/1760590498.json"
"365170","146153","2025-12-09","48.00","NZD","1760590498","23477/2025-12-09/1760590498.json"
"510807","146155","2025-12-09","52.00","NZD","1760590498","23477/2025-12-09/1760590498.json"
"581513","221281","2025-12-10","36.00","NZD","1760590498","23477/2025-12-10/1760590498.json"
"581514","221282","2025-12-10","36.00","NZD","1760590498","23477/2025-12-10/1760590498.json"
"512557","146154","2025-12-10","45.00","NZD","1760590498","23477/2025-12-10/1760590498.json"
"365170","146153","2025-12-10","48.00","NZD","1760590498","23477/2025-12-10/1760590498.json"
"510807","146155","2025-12-10","52.00","NZD","1760590498","23477/2025-12-10/1760590498.json"
"581513","221281","2025-12-11","36.00","NZD","1760590498","23477/2025-12-11/1760590498.json"
"581514","221282","2025-12-11","36.00","NZD","1760590498","23477/2025-12-11/1760590498.json"
"512557","146154","2025-12-11","45.00","NZD","1760590498","23477/2025-12-11/1760590498.json"
"365170","146153","2025-12-11","48.00","NZD","1760590498","23477/2025-12-11/1760590498.json"
"510807","146155","2025-12-11","52.00","NZD","1760590498","23477/2025-12-11/1760590498.json"
"581513","221281","2025-12-13","36.00","NZD","1760590498","23477/2025-12-13/1760590498.json"
"581514","221282","2025-12-13","36.00","NZD","1760590498","23477/2025-12-13/1760590498.json"
"512557","146154","2025-12-13","45.00","NZD","1760590498","23477/2025-12-13/1760590498.json"
"365170","146153","2025-12-13","48.00","NZD","1760590498","23477/2025-12-13/1760590498.json"
"510807","146155","2025-12-13","52.00","NZD","1760590498","23477/2025-12-13/1760590498.json"
"581513","221281","2025-12-15","36.00","NZD","1760590498","23477/2025-12-15/1760590498.json"
"581514","221282","2025-12-15","36.00","NZD","1760590498","23477/2025-12-15/1760590498.json"
"512557","146154","2025-12-15","45.00","NZD","1760590498","23477/2025-12-15/1760590498.json"
"365170","146153","2025-12-15","48.00","NZD","1760590498","23477/2025-12-15/1760590498.json"
"510807","146155","2025-12-15","52.00","NZD","1760590498","23477/2025-12-15/1760590498.json"
"581513","221281","2025-12-14","36.00","NZD","1760590498","23477/2025-12-14/1760590498.json"
"581514","221282","2025-12-14","36.00","NZD","1760590498","23477/2025-12-14/1760590498.json"
"512557","146154","2025-12-14","45.00","NZD","1760590498","23477/2025-12-14/1760590498.json"
"365170","146153","2025-12-14","48.00","NZD","1760590498","23477/2025-12-14/1760590498.json"
"510807","146155","2025-12-14","52.00","NZD","1760590498","23477/2025-12-14/1760590498.json"
"581513","221281","2025-10-19","36.00","NZD","1760605648","23477/2025-10-19/1760605648.json"
"581514","221282","2025-10-19","36.00","NZD","1760605648","23477/2025-10-19/1760605648.json"
"512557","146154","2025-10-19","45.00","NZD","1760605648","23477/2025-10-19/1760605648.json"
"365170","146153","2025-10-19","48.00","NZD","1760605648","23477/2025-10-19/1760605648.json"
"510807","146155","2025-10-19","52.00","NZD","1760605648","23477/2025-10-19/1760605648.json"
"581513","221281","2025-10-18","36.00","NZD","1760605648","23477/2025-10-18/1760605648.json"
"581514","221282","2025-10-18","36.00","NZD","1760605648","23477/2025-10-18/1760605648.json"
"512557","146154","2025-10-18","45.00","NZD","1760605648","23477/2025-10-18/1760605648.json"
"365170","146153","2025-10-18","48.00","NZD","1760605648","23477/2025-10-18/1760605648.json"
"510807","146155","2025-10-18","52.00","NZD","1760605648","23477/2025-10-18/1760605648.json"
"581513","221281","2025-10-17","36.00","NZD","1760605648","23477/2025-10-17/1760605648.json"
"581514","221282","2025-10-17","36.00","NZD","1760605648","23477/2025-10-17/1760605648.json"
"512557","146154","2025-10-17","45.00","NZD","1760605648","23477/2025-10-17/1760605648.json"
"365170","146153","2025-10-17","48.00","NZD","1760605648","23477/2025-10-17/1760605648.json"
"510807","146155","2025-10-17","52.00","NZD","1760605648","23477/2025-10-17/1760605648.json"
"581513","221281","2025-10-16","36.00","NZD","1760605648","23477/2025-10-16/1760605648.json"
"581514","221282","2025-10-16","36.00","NZD","1760605648","23477/2025-10-16/1760605648.json"
"512557","146154","2025-10-16","45.00","NZD","1760605648","23477/2025-10-16/1760605648.json"
"365170","146153","2025-10-16","48.00","NZD","1760605648","23477/2025-10-16/1760605648.json"
"510807","146155","2025-10-16","52.00","NZD","1760605648","23477/2025-10-16/1760605648.json"
"581513","221281","2025-10-20","36.00","NZD","1760605648","23477/2025-10-20/1760605648.json"
"581514","221282","2025-10-20","36.00","NZD","1760605648","23477/2025-10-20/1760605648.json"
"512557","146154","2025-10-20","45.00","NZD","1760605648","23477/2025-10-20/1760605648.json"
"365170","146153","2025-10-20","48.00","NZD","1760605648","23477/2025-10-20/1760605648.json"
"510807","146155","2025-10-20","52.00","NZD","1760605648","23477/2025-10-20/1760605648.json"
"581513","221281","2025-10-22","36.00","NZD","1760605648","23477/2025-10-22/1760605648.json"
"581514","221282","2025-10-22","36.00","NZD","1760605648","23477/2025-10-22/1760605648.json"
"512557","146154","2025-10-22","45.00","NZD","1760605648","23477/2025-10-22/1760605648.json"
"365170","146153","2025-10-22","48.00","NZD","1760605648","23477/2025-10-22/1760605648.json"
"510807","146155","2025-10-22","52.00","NZD","1760605648","23477/2025-10-22/1760605648.json"
"581513","221281","2025-10-23","36.00","NZD","1760605648","23477/2025-10-23/1760605648.json"
"581514","221282","2025-10-23","36.00","NZD","1760605648","23477/2025-10-23/1760605648.json"
"512557","146154","2025-10-23","45.00","NZD","1760605648","23477/2025-10-23/1760605648.json"
"365170","146153","2025-10-23","48.00","NZD","1760605648","23477/2025-10-23/1760605648.json"
"510807","146155","2025-10-23","52.00","NZD","1760605648","23477/2025-10-23/1760605648.json"
"581513","221281","2025-10-21","36.00","NZD","1760605648","23477/2025-10-21/1760605648.json"
"581514","221282","2025-10-21","36.00","NZD","1760605648","23477/2025-10-21/1760605648.json"
"512557","146154","2025-10-21","45.00","NZD","1760605648","23477/2025-10-21/1760605648.json"
"365170","146153","2025-10-21","48.00","NZD","1760605648","23477/2025-10-21/1760605648.json"
"510807","146155","2025-10-21","52.00","NZD","1760605648","23477/2025-10-21/1760605648.json"
"581513","221281","2025-10-24","36.00","NZD","1760605648","23477/2025-10-24/1760605648.json"
"581514","221282","2025-10-24","36.00","NZD","1760605648","23477/2025-10-24/1760605648.json"
"512557","146154","2025-10-24","45.00","NZD","1760605648","23477/2025-10-24/1760605648.json"
"365170","146153","2025-10-24","48.00","NZD","1760605648","23477/2025-10-24/1760605648.json"
"510807","146155","2025-10-24","52.00","NZD","1760605648","23477/2025-10-24/1760605648.json"
"581513","221281","2025-10-26","38.00","NZD","1760605648","23477/2025-10-26/1760605648.json"
"581513","221281","2025-10-25","38.00","NZD","1760605648","23477/2025-10-25/1760605648.json"
"581514","221282","2025-10-25","38.00","NZD","1760605648","23477/2025-10-25/1760605648.json"
"512557","146154","2025-10-25","45.00","NZD","1760605648","23477/2025-10-25/1760605648.json"
"581514","221282","2025-10-26","38.00","NZD","1760605648","23477/2025-10-26/1760605648.json"
"512557","146154","2025-10-26","45.00","NZD","1760605648","23477/2025-10-26/1760605648.json"
"581513","221281","2025-10-27","38.00","NZD","1760605648","23477/2025-10-27/1760605648.json"
"581514","221282","2025-10-27","38.00","NZD","1760605648","23477/2025-10-27/1760605648.json"
"512557","146154","2025-10-27","45.00","NZD","1760605648","23477/2025-10-27/1760605648.json"
"365170","146153","2025-10-27","48.00","NZD","1760605648","23477/2025-10-27/1760605648.json"
"510807","146155","2025-10-27","52.00","NZD","1760605648","23477/2025-10-27/1760605648.json"
"581513","221281","2025-10-28","36.00","NZD","1760605648","23477/2025-10-28/1760605648.json"
"581514","221282","2025-10-28","36.00","NZD","1760605648","23477/2025-10-28/1760605648.json"
"512557","146154","2025-10-28","45.00","NZD","1760605648","23477/2025-10-28/1760605648.json"
"365170","146153","2025-10-28","48.00","NZD","1760605648","23477/2025-10-28/1760605648.json"
"510807","146155","2025-10-28","52.00","NZD","1760605648","23477/2025-10-28/1760605648.json"
"581513","221281","2025-10-29","36.00","NZD","1760605648","23477/2025-10-29/1760605648.json"
"581514","221282","2025-10-29","36.00","NZD","1760605648","23477/2025-10-29/1760605648.json"
"512557","146154","2025-10-29","45.00","NZD","1760605648","23477/2025-10-29/1760605648.json"
"365170","146153","2025-10-29","48.00","NZD","1760605648","23477/2025-10-29/1760605648.json"
"510807","146155","2025-10-29","52.00","NZD","1760605648","23477/2025-10-29/1760605648.json"
"581513","221281","2025-10-30","36.00","NZD","1760605648","23477/2025-10-30/1760605648.json"
"581514","221282","2025-10-30","36.00","NZD","1760605648","23477/2025-10-30/1760605648.json"
"512557","146154","2025-10-30","45.00","NZD","1760605648","23477/2025-10-30/1760605648.json"
"365170","146153","2025-10-30","48.00","NZD","1760605648","23477/2025-10-30/1760605648.json"
"510807","146155","2025-10-30","52.00","NZD","1760605648","23477/2025-10-30/1760605648.json"
"581513","221281","2025-10-31","36.00","NZD","1760605648","23477/2025-10-31/1760605648.json"
"581514","221282","2025-10-31","36.00","NZD","1760605648","23477/2025-10-31/1760605648.json"
"512557","146154","2025-10-31","45.00","NZD","1760605648","23477/2025-10-31/1760605648.json"
"365170","146153","2025-10-31","48.00","NZD","1760605648","23477/2025-10-31/1760605648.json"
"510807","146155","2025-10-31","52.00","NZD","1760605648","23477/2025-10-31/1760605648.json"
"581513","221281","2025-11-01","36.00","NZD","1760605648","23477/2025-11-01/1760605648.json"
"581514","221282","2025-11-01","36.00","NZD","1760605648","23477/2025-11-01/1760605648.json"
"512557","146154","2025-11-01","45.00","NZD","1760605648","23477/2025-11-01/1760605648.json"
"365170","146153","2025-11-01","48.00","NZD","1760605648","23477/2025-11-01/1760605648.json"
"510807","146155","2025-11-01","52.00","NZD","1760605648","23477/2025-11-01/1760605648.json"
"581513","221281","2025-11-03","36.00","NZD","1760605648","23477/2025-11-03/1760605648.json"
"581514","221282","2025-11-03","36.00","NZD","1760605648","23477/2025-11-03/1760605648.json"
"512557","146154","2025-11-03","45.00","NZD","1760605648","23477/2025-11-03/1760605648.json"
"365170","146153","2025-11-03","48.00","NZD","1760605648","23477/2025-11-03/1760605648.json"
"510807","146155","2025-11-03","52.00","NZD","1760605648","23477/2025-11-03/1760605648.json"
"581513","221281","2025-11-04","36.00","NZD","1760605648","23477/2025-11-04/1760605648.json"
"581514","221282","2025-11-04","36.00","NZD","1760605648","23477/2025-11-04/1760605648.json"
"512557","146154","2025-11-04","45.00","NZD","1760605648","23477/2025-11-04/1760605648.json"
"365170","146153","2025-11-04","48.00","NZD","1760605648","23477/2025-11-04/1760605648.json"
"510807","146155","2025-11-04","52.00","NZD","1760605648","23477/2025-11-04/1760605648.json"
"581513","221281","2025-11-06","36.00","NZD","1760605648","23477/2025-11-06/1760605648.json"
"581514","221282","2025-11-06","36.00","NZD","1760605648","23477/2025-11-06/1760605648.json"
"512557","146154","2025-11-06","45.00","NZD","1760605648","23477/2025-11-06/1760605648.json"
"365170","146153","2025-11-06","48.00","NZD","1760605648","23477/2025-11-06/1760605648.json"
"510807","146155","2025-11-06","52.00","NZD","1760605648","23477/2025-11-06/1760605648.json"
"581513","221281","2025-11-05","36.00","NZD","1760605648","23477/2025-11-05/1760605648.json"
"581514","221282","2025-11-05","36.00","NZD","1760605648","23477/2025-11-05/1760605648.json"
"512557","146154","2025-11-05","45.00","NZD","1760605648","23477/2025-11-05/1760605648.json"
"365170","146153","2025-11-05","48.00","NZD","1760605648","23477/2025-11-05/1760605648.json"
"510807","146155","2025-11-05","52.00","NZD","1760605648","23477/2025-11-05/1760605648.json"
"581513","221281","2025-11-07","36.00","NZD","1760605648","23477/2025-11-07/1760605648.json"
"581514","221282","2025-11-07","36.00","NZD","1760605648","23477/2025-11-07/1760605648.json"
"512557","146154","2025-11-07","45.00","NZD","1760605648","23477/2025-11-07/1760605648.json"
"365170","146153","2025-11-07","48.00","NZD","1760605648","23477/2025-11-07/1760605648.json"
"510807","146155","2025-11-07","52.00","NZD","1760605648","23477/2025-11-07/1760605648.json"
"581513","221281","2025-11-02","36.00","NZD","1760605648","23477/2025-11-02/1760605648.json"
"581514","221282","2025-11-02","36.00","NZD","1760605648","23477/2025-11-02/1760605648.json"
"512557","146154","2025-11-02","45.00","NZD","1760605648","23477/2025-11-02/1760605648.json"
"365170","146153","2025-11-02","48.00","NZD","1760605648","23477/2025-11-02/1760605648.json"
"510807","146155","2025-11-02","52.00","NZD","1760605648","23477/2025-11-02/1760605648.json"
"581513","221281","2025-11-10","36.00","NZD","1760605648","23477/2025-11-10/1760605648.json"
"581514","221282","2025-11-10","36.00","NZD","1760605648","23477/2025-11-10/1760605648.json"
"512557","146154","2025-11-10","45.00","NZD","1760605648","23477/2025-11-10/1760605648.json"
"365170","146153","2025-11-10","48.00","NZD","1760605648","23477/2025-11-10/1760605648.json"
"510807","146155","2025-11-10","52.00","NZD","1760605648","23477/2025-11-10/1760605648.json"
"581513","221281","2025-11-09","36.00","NZD","1760605648","23477/2025-11-09/1760605648.json"
"581514","221282","2025-11-09","36.00","NZD","1760605648","23477/2025-11-09/1760605648.json"
"512557","146154","2025-11-09","45.00","NZD","1760605648","23477/2025-11-09/1760605648.json"
"365170","146153","2025-11-09","48.00","NZD","1760605648","23477/2025-11-09/1760605648.json"
"510807","146155","2025-11-09","52.00","NZD","1760605648","23477/2025-11-09/1760605648.json"
"581513","221281","2025-11-08","36.00","NZD","1760605648","23477/2025-11-08/1760605648.json"
"581514","221282","2025-11-08","36.00","NZD","1760605648","23477/2025-11-08/1760605648.json"
"512557","146154","2025-11-08","45.00","NZD","1760605648","23477/2025-11-08/1760605648.json"
"365170","146153","2025-11-08","48.00","NZD","1760605648","23477/2025-11-08/1760605648.json"
"510807","146155","2025-11-08","52.00","NZD","1760605648","23477/2025-11-08/1760605648.json"
"581513","221281","2025-11-11","36.00","NZD","1760605648","23477/2025-11-11/1760605648.json"
"581514","221282","2025-11-11","36.00","NZD","1760605648","23477/2025-11-11/1760605648.json"
"512557","146154","2025-11-11","45.00","NZD","1760605648","23477/2025-11-11/1760605648.json"
"365170","146153","2025-11-11","48.00","NZD","1760605648","23477/2025-11-11/1760605648.json"
"510807","146155","2025-11-11","52.00","NZD","1760605648","23477/2025-11-11/1760605648.json"
"581513","221281","2025-11-14","36.00","NZD","1760605648","23477/2025-11-14/1760605648.json"
"581514","221282","2025-11-14","36.00","NZD","1760605648","23477/2025-11-14/1760605648.json"
"512557","146154","2025-11-14","45.00","NZD","1760605648","23477/2025-11-14/1760605648.json"
"365170","146153","2025-11-14","48.00","NZD","1760605648","23477/2025-11-14/1760605648.json"
"510807","146155","2025-11-14","52.00","NZD","1760605648","23477/2025-11-14/1760605648.json"
"581513","221281","2025-11-13","36.00","NZD","1760605648","23477/2025-11-13/1760605648.json"
"581514","221282","2025-11-13","36.00","NZD","1760605648","23477/2025-11-13/1760605648.json"
"512557","146154","2025-11-13","45.00","NZD","1760605648","23477/2025-11-13/1760605648.json"
"365170","146153","2025-11-13","48.00","NZD","1760605648","23477/2025-11-13/1760605648.json"
"510807","146155","2025-11-13","52.00","NZD","1760605648","23477/2025-11-13/1760605648.json"
"581513","221281","2025-11-12","36.00","NZD","1760605648","23477/2025-11-12/1760605648.json"
"581514","221282","2025-11-12","36.00","NZD","1760605648","23477/2025-11-12/1760605648.json"
"512557","146154","2025-11-12","45.00","NZD","1760605648","23477/2025-11-12/1760605648.json"
"365170","146153","2025-11-12","48.00","NZD","1760605648","23477/2025-11-12/1760605648.json"
"510807","146155","2025-11-12","52.00","NZD","1760605648","23477/2025-11-12/1760605648.json"
"581513","221281","2025-11-15","36.00","NZD","1760605648","23477/2025-11-15/1760605648.json"
"581514","221282","2025-11-15","36.00","NZD","1760605648","23477/2025-11-15/1760605648.json"
"512557","146154","2025-11-15","45.00","NZD","1760605648","23477/2025-11-15/1760605648.json"
"365170","146153","2025-11-15","48.00","NZD","1760605648","23477/2025-11-15/1760605648.json"
"510807","146155","2025-11-15","52.00","NZD","1760605648","23477/2025-11-15/1760605648.json"
"581513","221281","2025-11-17","36.00","NZD","1760605648","23477/2025-11-17/1760605648.json"
"581513","221281","2025-11-16","36.00","NZD","1760605648","23477/2025-11-16/1760605648.json"
"581514","221282","2025-11-17","36.00","NZD","1760605648","23477/2025-11-17/1760605648.json"
"581514","221282","2025-11-16","36.00","NZD","1760605648","23477/2025-11-16/1760605648.json"
"512557","146154","2025-11-16","45.00","NZD","1760605648","23477/2025-11-16/1760605648.json"
"512557","146154","2025-11-17","45.00","NZD","1760605648","23477/2025-11-17/1760605648.json"
"365170","146153","2025-11-16","48.00","NZD","1760605648","23477/2025-11-16/1760605648.json"
"510807","146155","2025-11-16","52.00","NZD","1760605648","23477/2025-11-16/1760605648.json"
"365170","146153","2025-11-17","48.00","NZD","1760605648","23477/2025-11-17/1760605648.json"
"510807","146155","2025-11-17","52.00","NZD","1760605648","23477/2025-11-17/1760605648.json"
"581513","221281","2025-11-18","36.00","NZD","1760605648","23477/2025-11-18/1760605648.json"
"581514","221282","2025-11-18","36.00","NZD","1760605648","23477/2025-11-18/1760605648.json"
"512557","146154","2025-11-18","45.00","NZD","1760605648","23477/2025-11-18/1760605648.json"
"365170","146153","2025-11-18","48.00","NZD","1760605648","23477/2025-11-18/1760605648.json"
"510807","146155","2025-11-18","52.00","NZD","1760605648","23477/2025-11-18/1760605648.json"
"581513","221281","2025-11-19","36.00","NZD","1760605648","23477/2025-11-19/1760605648.json"
"581514","221282","2025-11-19","36.00","NZD","1760605648","23477/2025-11-19/1760605648.json"
"512557","146154","2025-11-19","45.00","NZD","1760605648","23477/2025-11-19/1760605648.json"
"365170","146153","2025-11-19","48.00","NZD","1760605648","23477/2025-11-19/1760605648.json"
"510807","146155","2025-11-19","52.00","NZD","1760605648","23477/2025-11-19/1760605648.json"
"581513","221281","2025-11-21","36.00","NZD","1760605648","23477/2025-11-21/1760605648.json"
"581514","221282","2025-11-21","36.00","NZD","1760605648","23477/2025-11-21/1760605648.json"
"512557","146154","2025-11-21","45.00","NZD","1760605648","23477/2025-11-21/1760605648.json"
"365170","146153","2025-11-21","48.00","NZD","1760605648","23477/2025-11-21/1760605648.json"
"510807","146155","2025-11-21","52.00","NZD","1760605648","23477/2025-11-21/1760605648.json"
"581513","221281","2025-11-22","36.00","NZD","1760605648","23477/2025-11-22/1760605648.json"
"581514","221282","2025-11-22","36.00","NZD","1760605648","23477/2025-11-22/1760605648.json"
"512557","146154","2025-11-22","45.00","NZD","1760605648","23477/2025-11-22/1760605648.json"
"365170","146153","2025-11-22","48.00","NZD","1760605648","23477/2025-11-22/1760605648.json"
"510807","146155","2025-11-22","52.00","NZD","1760605648","23477/2025-11-22/1760605648.json"
"581513","221281","2025-11-20","36.00","NZD","1760605648","23477/2025-11-20/1760605648.json"
"581514","221282","2025-11-20","36.00","NZD","1760605648","23477/2025-11-20/1760605648.json"
"512557","146154","2025-11-20","45.00","NZD","1760605648","23477/2025-11-20/1760605648.json"
"581513","221281","2025-11-23","36.00","NZD","1760605648","23477/2025-11-23/1760605648.json"
"581514","221282","2025-11-23","36.00","NZD","1760605648","23477/2025-11-23/1760605648.json"
"512557","146154","2025-11-23","45.00","NZD","1760605648","23477/2025-11-23/1760605648.json"
"365170","146153","2025-11-23","48.00","NZD","1760605648","23477/2025-11-23/1760605648.json"
"510807","146155","2025-11-23","52.00","NZD","1760605648","23477/2025-11-23/1760605648.json"
"581513","221281","2025-11-24","36.00","NZD","1760605648","23477/2025-11-24/1760605648.json"
"581514","221282","2025-11-24","36.00","NZD","1760605648","23477/2025-11-24/1760605648.json"
"512557","146154","2025-11-24","45.00","NZD","1760605648","23477/2025-11-24/1760605648.json"
"365170","146153","2025-11-24","48.00","NZD","1760605648","23477/2025-11-24/1760605648.json"
"510807","146155","2025-11-24","52.00","NZD","1760605648","23477/2025-11-24/1760605648.json"
"581513","221281","2025-11-25","36.00","NZD","1760605648","23477/2025-11-25/1760605648.json"
"581514","221282","2025-11-25","36.00","NZD","1760605648","23477/2025-11-25/1760605648.json"
"512557","146154","2025-11-25","45.00","NZD","1760605648","23477/2025-11-25/1760605648.json"
"365170","146153","2025-11-25","48.00","NZD","1760605648","23477/2025-11-25/1760605648.json"
"510807","146155","2025-11-25","52.00","NZD","1760605648","23477/2025-11-25/1760605648.json"
"581513","221281","2025-11-27","36.00","NZD","1760605648","23477/2025-11-27/1760605648.json"
"581514","221282","2025-11-27","36.00","NZD","1760605648","23477/2025-11-27/1760605648.json"
"512557","146154","2025-11-27","45.00","NZD","1760605648","23477/2025-11-27/1760605648.json"
"365170","146153","2025-11-27","48.00","NZD","1760605648","23477/2025-11-27/1760605648.json"
"510807","146155","2025-11-27","52.00","NZD","1760605648","23477/2025-11-27/1760605648.json"
"581513","221281","2025-11-26","36.00","NZD","1760605648","23477/2025-11-26/1760605648.json"
"581514","221282","2025-11-26","36.00","NZD","1760605648","23477/2025-11-26/1760605648.json"
"512557","146154","2025-11-26","45.00","NZD","1760605648","23477/2025-11-26/1760605648.json"
"365170","146153","2025-11-26","48.00","NZD","1760605648","23477/2025-11-26/1760605648.json"
"510807","146155","2025-11-26","52.00","NZD","1760605648","23477/2025-11-26/1760605648.json"
"581513","221281","2025-11-28","36.00","NZD","1760605648","23477/2025-11-28/1760605648.json"
"581514","221282","2025-11-28","36.00","NZD","1760605648","23477/2025-11-28/1760605648.json"
"512557","146154","2025-11-28","45.00","NZD","1760605648","23477/2025-11-28/1760605648.json"
"365170","146153","2025-11-28","48.00","NZD","1760605648","23477/2025-11-28/1760605648.json"
"510807","146155","2025-11-28","52.00","NZD","1760605648","23477/2025-11-28/1760605648.json"
"581513","221281","2025-11-30","36.00","NZD","1760605648","23477/2025-11-30/1760605648.json"
"581514","221282","2025-11-30","36.00","NZD","1760605648","23477/2025-11-30/1760605648.json"
"512557","146154","2025-11-30","45.00","NZD","1760605648","23477/2025-11-30/1760605648.json"
"365170","146153","2025-11-30","48.00","NZD","1760605648","23477/2025-11-30/1760605648.json"
"510807","146155","2025-11-30","52.00","NZD","1760605648","23477/2025-11-30/1760605648.json"
"581513","221281","2025-12-01","36.00","NZD","1760605648","23477/2025-12-01/1760605648.json"
"581514","221282","2025-12-01","36.00","NZD","1760605648","23477/2025-12-01/1760605648.json"
"512557","146154","2025-12-01","45.00","NZD","1760605648","23477/2025-12-01/1760605648.json"
"365170","146153","2025-12-01","48.00","NZD","1760605648","23477/2025-12-01/1760605648.json"
"510807","146155","2025-12-01","52.00","NZD","1760605648","23477/2025-12-01/1760605648.json"
"581513","221281","2025-12-03","36.00","NZD","1760605648","23477/2025-12-03/1760605648.json"
"581514","221282","2025-12-03","36.00","NZD","1760605648","23477/2025-12-03/1760605648.json"
"512557","146154","2025-12-03","45.00","NZD","1760605648","23477/2025-12-03/1760605648.json"
"365170","146153","2025-12-03","48.00","NZD","1760605648","23477/2025-12-03/1760605648.json"
"510807","146155","2025-12-03","52.00","NZD","1760605648","23477/2025-12-03/1760605648.json"
"581513","221281","2025-12-05","36.00","NZD","1760605648","23477/2025-12-05/1760605648.json"
"581514","221282","2025-12-05","36.00","NZD","1760605648","23477/2025-12-05/1760605648.json"
"512557","146154","2025-12-05","45.00","NZD","1760605648","23477/2025-12-05/1760605648.json"
"365170","146153","2025-12-05","48.00","NZD","1760605648","23477/2025-12-05/1760605648.json"
"510807","146155","2025-12-05","52.00","NZD","1760605648","23477/2025-12-05/1760605648.json"
"581513","221281","2025-12-04","36.00","NZD","1760605648","23477/2025-12-04/1760605648.json"
"581514","221282","2025-12-04","36.00","NZD","1760605648","23477/2025-12-04/1760605648.json"
"512557","146154","2025-12-04","45.00","NZD","1760605648","23477/2025-12-04/1760605648.json"
"365170","146153","2025-12-04","48.00","NZD","1760605648","23477/2025-12-04/1760605648.json"
"510807","146155","2025-12-04","52.00","NZD","1760605648","23477/2025-12-04/1760605648.json"
"581513","221281","2025-12-06","36.00","NZD","1760605648","23477/2025-12-06/1760605648.json"
"581514","221282","2025-12-06","36.00","NZD","1760605648","23477/2025-12-06/1760605648.json"
"512557","146154","2025-12-06","45.00","NZD","1760605648","23477/2025-12-06/1760605648.json"
"365170","146153","2025-12-06","48.00","NZD","1760605648","23477/2025-12-06/1760605648.json"
"510807","146155","2025-12-06","52.00","NZD","1760605648","23477/2025-12-06/1760605648.json"
"581513","221281","2025-12-07","36.00","NZD","1760605648","23477/2025-12-07/1760605648.json"
"581514","221282","2025-12-07","36.00","NZD","1760605648","23477/2025-12-07/1760605648.json"
"512557","146154","2025-12-07","45.00","NZD","1760605648","23477/2025-12-07/1760605648.json"
"365170","146153","2025-12-07","48.00","NZD","1760605648","23477/2025-12-07/1760605648.json"
"510807","146155","2025-12-07","52.00","NZD","1760605648","23477/2025-12-07/1760605648.json"
"581513","221281","2025-12-02","36.00","NZD","1760605648","23477/2025-12-02/1760605648.json"
"581514","221282","2025-12-02","36.00","NZD","1760605648","23477/2025-12-02/1760605648.json"
"512557","146154","2025-12-02","45.00","NZD","1760605648","23477/2025-12-02/1760605648.json"
"365170","146153","2025-12-02","48.00","NZD","1760605648","23477/2025-12-02/1760605648.json"
"510807","146155","2025-12-02","52.00","NZD","1760605648","23477/2025-12-02/1760605648.json"
"581513","221281","2025-11-29","36.00","NZD","1760605648","23477/2025-11-29/1760605648.json"
"581514","221282","2025-11-29","36.00","NZD","1760605648","23477/2025-11-29/1760605648.json"
"512557","146154","2025-11-29","45.00","NZD","1760605648","23477/2025-11-29/1760605648.json"
"365170","146153","2025-11-29","48.00","NZD","1760605648","23477/2025-11-29/1760605648.json"
"510807","146155","2025-11-29","52.00","NZD","1760605648","23477/2025-11-29/1760605648.json"
"581513","221281","2025-12-08","36.00","NZD","1760605648","23477/2025-12-08/1760605648.json"
"581514","221282","2025-12-08","36.00","NZD","1760605648","23477/2025-12-08/1760605648.json"
"512557","146154","2025-12-08","45.00","NZD","1760605648","23477/2025-12-08/1760605648.json"
"365170","146153","2025-12-08","48.00","NZD","1760605648","23477/2025-12-08/1760605648.json"
"510807","146155","2025-12-08","52.00","NZD","1760605648","23477/2025-12-08/1760605648.json"
"581513","221281","2025-12-09","36.00","NZD","1760605648","23477/2025-12-09/1760605648.json"
"581514","221282","2025-12-09","36.00","NZD","1760605648","23477/2025-12-09/1760605648.json"
"512557","146154","2025-12-09","45.00","NZD","1760605648","23477/2025-12-09/1760605648.json"
"365170","146153","2025-12-09","48.00","NZD","1760605648","23477/2025-12-09/1760605648.json"
"510807","146155","2025-12-09","52.00","NZD","1760605648","23477/2025-12-09/1760605648.json"
"581513","221281","2025-12-10","36.00","NZD","1760605648","23477/2025-12-10/1760605648.json"
"581514","221282","2025-12-10","36.00","NZD","1760605648","23477/2025-12-10/1760605648.json"
"512557","146154","2025-12-10","45.00","NZD","1760605648","23477/2025-12-10/1760605648.json"
"365170","146153","2025-12-10","48.00","NZD","1760605648","23477/2025-12-10/1760605648.json"
"510807","146155","2025-12-10","52.00","NZD","1760605648","23477/2025-12-10/1760605648.json"
"581513","221281","2025-12-11","36.00","NZD","1760605648","23477/2025-12-11/1760605648.json"
"581514","221282","2025-12-11","36.00","NZD","1760605648","23477/2025-12-11/1760605648.json"
"512557","146154","2025-12-11","45.00","NZD","1760605648","23477/2025-12-11/1760605648.json"
"365170","146153","2025-12-11","48.00","NZD","1760605648","23477/2025-12-11/1760605648.json"
"510807","146155","2025-12-11","52.00","NZD","1760605648","23477/2025-12-11/1760605648.json"
"581513","221281","2025-12-13","36.00","NZD","1760605648","23477/2025-12-13/1760605648.json"
"581514","221282","2025-12-13","36.00","NZD","1760605648","23477/2025-12-13/1760605648.json"
"512557","146154","2025-12-13","45.00","NZD","1760605648","23477/2025-12-13/1760605648.json"
"365170","146153","2025-12-13","48.00","NZD","1760605648","23477/2025-12-13/1760605648.json"
"510807","146155","2025-12-13","52.00","NZD","1760605648","23477/2025-12-13/1760605648.json"
"581513","221281","2025-12-12","36.00","NZD","1760605648","23477/2025-12-12/1760605648.json"
"581514","221282","2025-12-12","36.00","NZD","1760605648","23477/2025-12-12/1760605648.json"
"512557","146154","2025-12-12","45.00","NZD","1760605648","23477/2025-12-12/1760605648.json"
"365170","146153","2025-12-12","48.00","NZD","1760605648","23477/2025-12-12/1760605648.json"
"510807","146155","2025-12-12","52.00","NZD","1760605648","23477/2025-12-12/1760605648.json"
"581513","221281","2025-12-14","36.00","NZD","1760605648","23477/2025-12-14/1760605648.json"
"581514","221282","2025-12-14","36.00","NZD","1760605648","23477/2025-12-14/1760605648.json"
"512557","146154","2025-12-14","45.00","NZD","1760605648","23477/2025-12-14/1760605648.json"
"365170","146153","2025-12-14","48.00","NZD","1760605648","23477/2025-12-14/1760605648.json"
"510807","146155","2025-12-14","52.00","NZD","1760605648","23477/2025-12-14/1760605648.json"
"581513","221281","2025-12-15","36.00","NZD","1760605648","23477/2025-12-15/1760605648.json"
"581514","221282","2025-12-15","36.00","NZD","1760605648","23477/2025-12-15/1760605648.json"
"512557","146154","2025-12-15","45.00","NZD","1760605648","23477/2025-12-15/1760605648.json"
"365170","146153","2025-12-15","48.00","NZD","1760605648","23477/2025-12-15/1760605648.json"
"510807","146155","2025-12-15","52.00","NZD","1760605648","23477/2025-12-15/1760605648.json"
"581513","221281","2025-10-19","36.00","NZD","1760623036","23477/2025-10-19/1760623036.json"
"581514","221282","2025-10-19","36.00","NZD","1760623036","23477/2025-10-19/1760623036.json"
"512557","146154","2025-10-19","45.00","NZD","1760623036","23477/2025-10-19/1760623036.json"
"365170","146153","2025-10-19","48.00","NZD","1760623036","23477/2025-10-19/1760623036.json"
"510807","146155","2025-10-19","52.00","NZD","1760623036","23477/2025-10-19/1760623036.json"
"581513","221281","2025-10-20","36.00","NZD","1760623036","23477/2025-10-20/1760623036.json"
"581514","221282","2025-10-20","36.00","NZD","1760623036","23477/2025-10-20/1760623036.json"
"512557","146154","2025-10-20","45.00","NZD","1760623036","23477/2025-10-20/1760623036.json"
"365170","146153","2025-10-20","48.00","NZD","1760623036","23477/2025-10-20/1760623036.json"
"510807","146155","2025-10-20","52.00","NZD","1760623036","23477/2025-10-20/1760623036.json"
"581513","221281","2025-10-18","36.00","NZD","1760623036","23477/2025-10-18/1760623036.json"
"581514","221282","2025-10-18","36.00","NZD","1760623036","23477/2025-10-18/1760623036.json"
"512557","146154","2025-10-18","45.00","NZD","1760623036","23477/2025-10-18/1760623036.json"
"365170","146153","2025-10-18","48.00","NZD","1760623036","23477/2025-10-18/1760623036.json"
"510807","146155","2025-10-18","52.00","NZD","1760623036","23477/2025-10-18/1760623036.json"
"581513","221281","2025-10-17","36.00","NZD","1760623036","23477/2025-10-17/1760623036.json"
"581514","221282","2025-10-17","36.00","NZD","1760623036","23477/2025-10-17/1760623036.json"
"512557","146154","2025-10-17","45.00","NZD","1760623036","23477/2025-10-17/1760623036.json"
"365170","146153","2025-10-17","48.00","NZD","1760623036","23477/2025-10-17/1760623036.json"
"510807","146155","2025-10-17","52.00","NZD","1760623036","23477/2025-10-17/1760623036.json"
"581513","221281","2025-10-21","36.00","NZD","1760623036","23477/2025-10-21/1760623036.json"
"581514","221282","2025-10-21","36.00","NZD","1760623036","23477/2025-10-21/1760623036.json"
"512557","146154","2025-10-21","45.00","NZD","1760623036","23477/2025-10-21/1760623036.json"
"365170","146153","2025-10-21","48.00","NZD","1760623036","23477/2025-10-21/1760623036.json"
"510807","146155","2025-10-21","52.00","NZD","1760623036","23477/2025-10-21/1760623036.json"
"581513","221281","2025-10-23","36.00","NZD","1760623036","23477/2025-10-23/1760623036.json"
"581514","221282","2025-10-23","36.00","NZD","1760623036","23477/2025-10-23/1760623036.json"
"512557","146154","2025-10-23","45.00","NZD","1760623036","23477/2025-10-23/1760623036.json"
"365170","146153","2025-10-23","48.00","NZD","1760623036","23477/2025-10-23/1760623036.json"
"510807","146155","2025-10-23","52.00","NZD","1760623036","23477/2025-10-23/1760623036.json"
"581513","221281","2025-10-24","36.00","NZD","1760623036","23477/2025-10-24/1760623036.json"
"581514","221282","2025-10-24","36.00","NZD","1760623036","23477/2025-10-24/1760623036.json"
"512557","146154","2025-10-24","45.00","NZD","1760623036","23477/2025-10-24/1760623036.json"
"365170","146153","2025-10-24","48.00","NZD","1760623036","23477/2025-10-24/1760623036.json"
"510807","146155","2025-10-24","52.00","NZD","1760623036","23477/2025-10-24/1760623036.json"
"581513","221281","2025-10-25","38.00","NZD","1760623036","23477/2025-10-25/1760623036.json"
"581514","221282","2025-10-25","38.00","NZD","1760623036","23477/2025-10-25/1760623036.json"
"512557","146154","2025-10-25","45.00","NZD","1760623036","23477/2025-10-25/1760623036.json"
"581513","221281","2025-10-26","38.00","NZD","1760623036","23477/2025-10-26/1760623036.json"
"581514","221282","2025-10-26","38.00","NZD","1760623036","23477/2025-10-26/1760623036.json"
"512557","146154","2025-10-26","45.00","NZD","1760623036","23477/2025-10-26/1760623036.json"
"581513","221281","2025-10-27","38.00","NZD","1760623036","23477/2025-10-27/1760623036.json"
"581514","221282","2025-10-27","38.00","NZD","1760623036","23477/2025-10-27/1760623036.json"
"512557","146154","2025-10-27","45.00","NZD","1760623036","23477/2025-10-27/1760623036.json"
"365170","146153","2025-10-27","48.00","NZD","1760623036","23477/2025-10-27/1760623036.json"
"510807","146155","2025-10-27","52.00","NZD","1760623036","23477/2025-10-27/1760623036.json"
"581513","221281","2025-10-22","36.00","NZD","1760623036","23477/2025-10-22/1760623036.json"
"581514","221282","2025-10-22","36.00","NZD","1760623036","23477/2025-10-22/1760623036.json"
"512557","146154","2025-10-22","45.00","NZD","1760623036","23477/2025-10-22/1760623036.json"
"365170","146153","2025-10-22","48.00","NZD","1760623036","23477/2025-10-22/1760623036.json"
"510807","146155","2025-10-22","52.00","NZD","1760623036","23477/2025-10-22/1760623036.json"
"581513","221281","2025-10-28","36.00","NZD","1760623036","23477/2025-10-28/1760623036.json"
"581514","221282","2025-10-28","36.00","NZD","1760623036","23477/2025-10-28/1760623036.json"
"512557","146154","2025-10-28","45.00","NZD","1760623036","23477/2025-10-28/1760623036.json"
"365170","146153","2025-10-28","48.00","NZD","1760623036","23477/2025-10-28/1760623036.json"
"510807","146155","2025-10-28","52.00","NZD","1760623036","23477/2025-10-28/1760623036.json"
"581513","221281","2025-10-29","36.00","NZD","1760623036","23477/2025-10-29/1760623036.json"
"581514","221282","2025-10-29","36.00","NZD","1760623036","23477/2025-10-29/1760623036.json"
"512557","146154","2025-10-29","45.00","NZD","1760623036","23477/2025-10-29/1760623036.json"
"365170","146153","2025-10-29","48.00","NZD","1760623036","23477/2025-10-29/1760623036.json"
"510807","146155","2025-10-29","52.00","NZD","1760623036","23477/2025-10-29/1760623036.json"
"581513","221281","2025-10-30","36.00","NZD","1760623036","23477/2025-10-30/1760623036.json"
"581514","221282","2025-10-30","36.00","NZD","1760623036","23477/2025-10-30/1760623036.json"
"512557","146154","2025-10-30","45.00","NZD","1760623036","23477/2025-10-30/1760623036.json"
"365170","146153","2025-10-30","48.00","NZD","1760623036","23477/2025-10-30/1760623036.json"
"510807","146155","2025-10-30","52.00","NZD","1760623036","23477/2025-10-30/1760623036.json"
"581513","221281","2025-10-31","36.00","NZD","1760623036","23477/2025-10-31/1760623036.json"
"581514","221282","2025-10-31","36.00","NZD","1760623036","23477/2025-10-31/1760623036.json"
"512557","146154","2025-10-31","45.00","NZD","1760623036","23477/2025-10-31/1760623036.json"
"365170","146153","2025-10-31","48.00","NZD","1760623036","23477/2025-10-31/1760623036.json"
"510807","146155","2025-10-31","52.00","NZD","1760623036","23477/2025-10-31/1760623036.json"
"581513","221281","2025-11-01","36.00","NZD","1760623036","23477/2025-11-01/1760623036.json"
"581514","221282","2025-11-01","36.00","NZD","1760623036","23477/2025-11-01/1760623036.json"
"512557","146154","2025-11-01","45.00","NZD","1760623036","23477/2025-11-01/1760623036.json"
"365170","146153","2025-11-01","48.00","NZD","1760623036","23477/2025-11-01/1760623036.json"
"510807","146155","2025-11-01","52.00","NZD","1760623036","23477/2025-11-01/1760623036.json"
"581513","221281","2025-11-02","36.00","NZD","1760623036","23477/2025-11-02/1760623036.json"
"581514","221282","2025-11-02","36.00","NZD","1760623036","23477/2025-11-02/1760623036.json"
"512557","146154","2025-11-02","45.00","NZD","1760623036","23477/2025-11-02/1760623036.json"
"365170","146153","2025-11-02","48.00","NZD","1760623036","23477/2025-11-02/1760623036.json"
"510807","146155","2025-11-02","52.00","NZD","1760623036","23477/2025-11-02/1760623036.json"
"581513","221281","2025-11-03","36.00","NZD","1760623036","23477/2025-11-03/1760623036.json"
"581514","221282","2025-11-03","36.00","NZD","1760623036","23477/2025-11-03/1760623036.json"
"512557","146154","2025-11-03","45.00","NZD","1760623036","23477/2025-11-03/1760623036.json"
"365170","146153","2025-11-03","48.00","NZD","1760623036","23477/2025-11-03/1760623036.json"
"510807","146155","2025-11-03","52.00","NZD","1760623036","23477/2025-11-03/1760623036.json"
"581513","221281","2025-11-04","36.00","NZD","1760623036","23477/2025-11-04/1760623036.json"
"581514","221282","2025-11-04","36.00","NZD","1760623036","23477/2025-11-04/1760623036.json"
"512557","146154","2025-11-04","45.00","NZD","1760623036","23477/2025-11-04/1760623036.json"
"365170","146153","2025-11-04","48.00","NZD","1760623036","23477/2025-11-04/1760623036.json"
"510807","146155","2025-11-04","52.00","NZD","1760623036","23477/2025-11-04/1760623036.json"
"581513","221281","2025-11-05","36.00","NZD","1760623036","23477/2025-11-05/1760623036.json"
"581514","221282","2025-11-05","36.00","NZD","1760623036","23477/2025-11-05/1760623036.json"
"512557","146154","2025-11-05","45.00","NZD","1760623036","23477/2025-11-05/1760623036.json"
"365170","146153","2025-11-05","48.00","NZD","1760623036","23477/2025-11-05/1760623036.json"
"510807","146155","2025-11-05","52.00","NZD","1760623036","23477/2025-11-05/1760623036.json"
"581513","221281","2025-11-06","36.00","NZD","1760623036","23477/2025-11-06/1760623036.json"
"581514","221282","2025-11-06","36.00","NZD","1760623036","23477/2025-11-06/1760623036.json"
"512557","146154","2025-11-06","45.00","NZD","1760623036","23477/2025-11-06/1760623036.json"
"365170","146153","2025-11-06","48.00","NZD","1760623036","23477/2025-11-06/1760623036.json"
"510807","146155","2025-11-06","52.00","NZD","1760623036","23477/2025-11-06/1760623036.json"
"581513","221281","2025-11-07","36.00","NZD","1760623036","23477/2025-11-07/1760623036.json"
"581514","221282","2025-11-07","36.00","NZD","1760623036","23477/2025-11-07/1760623036.json"
"512557","146154","2025-11-07","45.00","NZD","1760623036","23477/2025-11-07/1760623036.json"
"365170","146153","2025-11-07","48.00","NZD","1760623036","23477/2025-11-07/1760623036.json"
"510807","146155","2025-11-07","52.00","NZD","1760623036","23477/2025-11-07/1760623036.json"
"581513","221281","2025-11-09","36.00","NZD","1760623036","23477/2025-11-09/1760623036.json"
"581514","221282","2025-11-09","36.00","NZD","1760623036","23477/2025-11-09/1760623036.json"
"512557","146154","2025-11-09","45.00","NZD","1760623036","23477/2025-11-09/1760623036.json"
"365170","146153","2025-11-09","48.00","NZD","1760623036","23477/2025-11-09/1760623036.json"
"510807","146155","2025-11-09","52.00","NZD","1760623036","23477/2025-11-09/1760623036.json"
"581513","221281","2025-11-08","36.00","NZD","1760623036","23477/2025-11-08/1760623036.json"
"581514","221282","2025-11-08","36.00","NZD","1760623036","23477/2025-11-08/1760623036.json"
"512557","146154","2025-11-08","45.00","NZD","1760623036","23477/2025-11-08/1760623036.json"
"365170","146153","2025-11-08","48.00","NZD","1760623036","23477/2025-11-08/1760623036.json"
"510807","146155","2025-11-08","52.00","NZD","1760623036","23477/2025-11-08/1760623036.json"
"581513","221281","2025-11-10","36.00","NZD","1760623036","23477/2025-11-10/1760623036.json"
"581514","221282","2025-11-10","36.00","NZD","1760623036","23477/2025-11-10/1760623036.json"
"512557","146154","2025-11-10","45.00","NZD","1760623036","23477/2025-11-10/1760623036.json"
"365170","146153","2025-11-10","48.00","NZD","1760623036","23477/2025-11-10/1760623036.json"
"510807","146155","2025-11-10","52.00","NZD","1760623036","23477/2025-11-10/1760623036.json"
"581513","221281","2025-11-11","36.00","NZD","1760623036","23477/2025-11-11/1760623036.json"
"581514","221282","2025-11-11","36.00","NZD","1760623036","23477/2025-11-11/1760623036.json"
"512557","146154","2025-11-11","45.00","NZD","1760623036","23477/2025-11-11/1760623036.json"
"365170","146153","2025-11-11","48.00","NZD","1760623036","23477/2025-11-11/1760623036.json"
"510807","146155","2025-11-11","52.00","NZD","1760623036","23477/2025-11-11/1760623036.json"
"581513","221281","2025-11-12","36.00","NZD","1760623036","23477/2025-11-12/1760623036.json"
"581513","221281","2025-11-13","36.00","NZD","1760623036","23477/2025-11-13/1760623036.json"
"581514","221282","2025-11-12","36.00","NZD","1760623036","23477/2025-11-12/1760623036.json"
"581514","221282","2025-11-13","36.00","NZD","1760623036","23477/2025-11-13/1760623036.json"
"512557","146154","2025-11-13","45.00","NZD","1760623036","23477/2025-11-13/1760623036.json"
"512557","146154","2025-11-12","45.00","NZD","1760623036","23477/2025-11-12/1760623036.json"
"365170","146153","2025-11-13","48.00","NZD","1760623036","23477/2025-11-13/1760623036.json"
"510807","146155","2025-11-13","52.00","NZD","1760623036","23477/2025-11-13/1760623036.json"
"365170","146153","2025-11-12","48.00","NZD","1760623036","23477/2025-11-12/1760623036.json"
"510807","146155","2025-11-12","52.00","NZD","1760623036","23477/2025-11-12/1760623036.json"
"581513","221281","2025-11-14","36.00","NZD","1760623036","23477/2025-11-14/1760623036.json"
"581514","221282","2025-11-14","36.00","NZD","1760623036","23477/2025-11-14/1760623036.json"
"512557","146154","2025-11-14","45.00","NZD","1760623036","23477/2025-11-14/1760623036.json"
"365170","146153","2025-11-14","48.00","NZD","1760623036","23477/2025-11-14/1760623036.json"
"510807","146155","2025-11-14","52.00","NZD","1760623036","23477/2025-11-14/1760623036.json"
"581513","221281","2025-11-15","36.00","NZD","1760623036","23477/2025-11-15/1760623036.json"
"581514","221282","2025-11-15","36.00","NZD","1760623036","23477/2025-11-15/1760623036.json"
"512557","146154","2025-11-15","45.00","NZD","1760623036","23477/2025-11-15/1760623036.json"
"365170","146153","2025-11-15","48.00","NZD","1760623036","23477/2025-11-15/1760623036.json"
"510807","146155","2025-11-15","52.00","NZD","1760623036","23477/2025-11-15/1760623036.json"
"581513","221281","2025-11-16","36.00","NZD","1760623036","23477/2025-11-16/1760623036.json"
"581514","221282","2025-11-16","36.00","NZD","1760623036","23477/2025-11-16/1760623036.json"
"512557","146154","2025-11-16","45.00","NZD","1760623036","23477/2025-11-16/1760623036.json"
"365170","146153","2025-11-16","48.00","NZD","1760623036","23477/2025-11-16/1760623036.json"
"510807","146155","2025-11-16","52.00","NZD","1760623036","23477/2025-11-16/1760623036.json"
"581513","221281","2025-11-17","36.00","NZD","1760623036","23477/2025-11-17/1760623036.json"
"581514","221282","2025-11-17","36.00","NZD","1760623036","23477/2025-11-17/1760623036.json"
"512557","146154","2025-11-17","45.00","NZD","1760623036","23477/2025-11-17/1760623036.json"
"365170","146153","2025-11-17","48.00","NZD","1760623036","23477/2025-11-17/1760623036.json"
"510807","146155","2025-11-17","52.00","NZD","1760623036","23477/2025-11-17/1760623036.json"
"581513","221281","2025-11-18","36.00","NZD","1760623036","23477/2025-11-18/1760623036.json"
"581514","221282","2025-11-18","36.00","NZD","1760623036","23477/2025-11-18/1760623036.json"
"512557","146154","2025-11-18","45.00","NZD","1760623036","23477/2025-11-18/1760623036.json"
"365170","146153","2025-11-18","48.00","NZD","1760623036","23477/2025-11-18/1760623036.json"
"510807","146155","2025-11-18","52.00","NZD","1760623036","23477/2025-11-18/1760623036.json"
"581513","221281","2025-11-19","36.00","NZD","1760623036","23477/2025-11-19/1760623036.json"
"581514","221282","2025-11-19","36.00","NZD","1760623036","23477/2025-11-19/1760623036.json"
"512557","146154","2025-11-19","45.00","NZD","1760623036","23477/2025-11-19/1760623036.json"
"365170","146153","2025-11-19","48.00","NZD","1760623036","23477/2025-11-19/1760623036.json"
"510807","146155","2025-11-19","52.00","NZD","1760623036","23477/2025-11-19/1760623036.json"
"581513","221281","2025-11-21","36.00","NZD","1760623036","23477/2025-11-21/1760623036.json"
"581514","221282","2025-11-21","36.00","NZD","1760623036","23477/2025-11-21/1760623036.json"
"512557","146154","2025-11-21","45.00","NZD","1760623036","23477/2025-11-21/1760623036.json"
"365170","146153","2025-11-21","48.00","NZD","1760623036","23477/2025-11-21/1760623036.json"
"510807","146155","2025-11-21","52.00","NZD","1760623036","23477/2025-11-21/1760623036.json"
"581513","221281","2025-11-20","36.00","NZD","1760623036","23477/2025-11-20/1760623036.json"
"581514","221282","2025-11-20","36.00","NZD","1760623036","23477/2025-11-20/1760623036.json"
"512557","146154","2025-11-20","45.00","NZD","1760623036","23477/2025-11-20/1760623036.json"
"581513","221281","2025-11-22","36.00","NZD","1760623036","23477/2025-11-22/1760623036.json"
"581514","221282","2025-11-22","36.00","NZD","1760623036","23477/2025-11-22/1760623036.json"
"512557","146154","2025-11-22","45.00","NZD","1760623036","23477/2025-11-22/1760623036.json"
"365170","146153","2025-11-22","48.00","NZD","1760623036","23477/2025-11-22/1760623036.json"
"510807","146155","2025-11-22","52.00","NZD","1760623036","23477/2025-11-22/1760623036.json"
"581513","221281","2025-11-23","36.00","NZD","1760623036","23477/2025-11-23/1760623036.json"
"581514","221282","2025-11-23","36.00","NZD","1760623036","23477/2025-11-23/1760623036.json"
"512557","146154","2025-11-23","45.00","NZD","1760623036","23477/2025-11-23/1760623036.json"
"365170","146153","2025-11-23","48.00","NZD","1760623036","23477/2025-11-23/1760623036.json"
"510807","146155","2025-11-23","52.00","NZD","1760623036","23477/2025-11-23/1760623036.json"
"581513","221281","2025-11-24","36.00","NZD","1760623036","23477/2025-11-24/1760623036.json"
"581514","221282","2025-11-24","36.00","NZD","1760623036","23477/2025-11-24/1760623036.json"
"512557","146154","2025-11-24","45.00","NZD","1760623036","23477/2025-11-24/1760623036.json"
"365170","146153","2025-11-24","48.00","NZD","1760623036","23477/2025-11-24/1760623036.json"
"510807","146155","2025-11-24","52.00","NZD","1760623036","23477/2025-11-24/1760623036.json"
"581513","221281","2025-11-25","36.00","NZD","1760623036","23477/2025-11-25/1760623036.json"
"581514","221282","2025-11-25","36.00","NZD","1760623036","23477/2025-11-25/1760623036.json"
"512557","146154","2025-11-25","45.00","NZD","1760623036","23477/2025-11-25/1760623036.json"
"365170","146153","2025-11-25","48.00","NZD","1760623036","23477/2025-11-25/1760623036.json"
"510807","146155","2025-11-25","52.00","NZD","1760623036","23477/2025-11-25/1760623036.json"
"581513","221281","2025-11-26","36.00","NZD","1760623036","23477/2025-11-26/1760623036.json"
"581514","221282","2025-11-26","36.00","NZD","1760623036","23477/2025-11-26/1760623036.json"
"512557","146154","2025-11-26","45.00","NZD","1760623036","23477/2025-11-26/1760623036.json"
"365170","146153","2025-11-26","48.00","NZD","1760623036","23477/2025-11-26/1760623036.json"
"510807","146155","2025-11-26","52.00","NZD","1760623036","23477/2025-11-26/1760623036.json"
"581513","221281","2025-11-27","36.00","NZD","1760623036","23477/2025-11-27/1760623036.json"
"581514","221282","2025-11-27","36.00","NZD","1760623036","23477/2025-11-27/1760623036.json"
"512557","146154","2025-11-27","45.00","NZD","1760623036","23477/2025-11-27/1760623036.json"
"365170","146153","2025-11-27","48.00","NZD","1760623036","23477/2025-11-27/1760623036.json"
"510807","146155","2025-11-27","52.00","NZD","1760623036","23477/2025-11-27/1760623036.json"
"581513","221281","2025-11-29","36.00","NZD","1760623036","23477/2025-11-29/1760623036.json"
"581514","221282","2025-11-29","36.00","NZD","1760623036","23477/2025-11-29/1760623036.json"
"512557","146154","2025-11-29","45.00","NZD","1760623036","23477/2025-11-29/1760623036.json"
"365170","146153","2025-11-29","48.00","NZD","1760623036","23477/2025-11-29/1760623036.json"
"510807","146155","2025-11-29","52.00","NZD","1760623036","23477/2025-11-29/1760623036.json"
"581513","221281","2025-11-28","36.00","NZD","1760623036","23477/2025-11-28/1760623036.json"
"581514","221282","2025-11-28","36.00","NZD","1760623036","23477/2025-11-28/1760623036.json"
"512557","146154","2025-11-28","45.00","NZD","1760623036","23477/2025-11-28/1760623036.json"
"365170","146153","2025-11-28","48.00","NZD","1760623036","23477/2025-11-28/1760623036.json"
"510807","146155","2025-11-28","52.00","NZD","1760623036","23477/2025-11-28/1760623036.json"
"581513","221281","2025-11-30","36.00","NZD","1760623036","23477/2025-11-30/1760623036.json"
"581514","221282","2025-11-30","36.00","NZD","1760623036","23477/2025-11-30/1760623036.json"
"512557","146154","2025-11-30","45.00","NZD","1760623036","23477/2025-11-30/1760623036.json"
"365170","146153","2025-11-30","48.00","NZD","1760623036","23477/2025-11-30/1760623036.json"
"510807","146155","2025-11-30","52.00","NZD","1760623036","23477/2025-11-30/1760623036.json"
"581513","221281","2025-12-01","36.00","NZD","1760623036","23477/2025-12-01/1760623036.json"
"581514","221282","2025-12-01","36.00","NZD","1760623036","23477/2025-12-01/1760623036.json"
"512557","146154","2025-12-01","45.00","NZD","1760623036","23477/2025-12-01/1760623036.json"
"365170","146153","2025-12-01","48.00","NZD","1760623036","23477/2025-12-01/1760623036.json"
"510807","146155","2025-12-01","52.00","NZD","1760623036","23477/2025-12-01/1760623036.json"
"581513","221281","2025-12-02","36.00","NZD","1760623036","23477/2025-12-02/1760623036.json"
"581514","221282","2025-12-02","36.00","NZD","1760623036","23477/2025-12-02/1760623036.json"
"512557","146154","2025-12-02","45.00","NZD","1760623036","23477/2025-12-02/1760623036.json"
"365170","146153","2025-12-02","48.00","NZD","1760623036","23477/2025-12-02/1760623036.json"
"510807","146155","2025-12-02","52.00","NZD","1760623036","23477/2025-12-02/1760623036.json"
"581513","221281","2025-12-04","36.00","NZD","1760623036","23477/2025-12-04/1760623036.json"
"581514","221282","2025-12-04","36.00","NZD","1760623036","23477/2025-12-04/1760623036.json"
"512557","146154","2025-12-04","45.00","NZD","1760623036","23477/2025-12-04/1760623036.json"
"365170","146153","2025-12-04","48.00","NZD","1760623036","23477/2025-12-04/1760623036.json"
"510807","146155","2025-12-04","52.00","NZD","1760623036","23477/2025-12-04/1760623036.json"
"581513","221281","2025-12-03","36.00","NZD","1760623036","23477/2025-12-03/1760623036.json"
"581514","221282","2025-12-03","36.00","NZD","1760623036","23477/2025-12-03/1760623036.json"
"512557","146154","2025-12-03","45.00","NZD","1760623036","23477/2025-12-03/1760623036.json"
"365170","146153","2025-12-03","48.00","NZD","1760623036","23477/2025-12-03/1760623036.json"
"510807","146155","2025-12-03","52.00","NZD","1760623036","23477/2025-12-03/1760623036.json"
"581513","221281","2025-12-05","36.00","NZD","1760623036","23477/2025-12-05/1760623036.json"
"581514","221282","2025-12-05","36.00","NZD","1760623036","23477/2025-12-05/1760623036.json"
"512557","146154","2025-12-05","45.00","NZD","1760623036","23477/2025-12-05/1760623036.json"
"365170","146153","2025-12-05","48.00","NZD","1760623036","23477/2025-12-05/1760623036.json"
"510807","146155","2025-12-05","52.00","NZD","1760623036","23477/2025-12-05/1760623036.json"
"581513","221281","2025-12-06","36.00","NZD","1760623036","23477/2025-12-06/1760623036.json"
"581514","221282","2025-12-06","36.00","NZD","1760623036","23477/2025-12-06/1760623036.json"
"512557","146154","2025-12-06","45.00","NZD","1760623036","23477/2025-12-06/1760623036.json"
"365170","146153","2025-12-06","48.00","NZD","1760623036","23477/2025-12-06/1760623036.json"
"510807","146155","2025-12-06","52.00","NZD","1760623036","23477/2025-12-06/1760623036.json"
"581513","221281","2025-12-09","36.00","NZD","1760623036","23477/2025-12-09/1760623036.json"
"581514","221282","2025-12-09","36.00","NZD","1760623036","23477/2025-12-09/1760623036.json"
"512557","146154","2025-12-09","45.00","NZD","1760623036","23477/2025-12-09/1760623036.json"
"365170","146153","2025-12-09","48.00","NZD","1760623036","23477/2025-12-09/1760623036.json"
"510807","146155","2025-12-09","52.00","NZD","1760623036","23477/2025-12-09/1760623036.json"
"581513","221281","2025-12-08","36.00","NZD","1760623036","23477/2025-12-08/1760623036.json"
"581514","221282","2025-12-08","36.00","NZD","1760623036","23477/2025-12-08/1760623036.json"
"512557","146154","2025-12-08","45.00","NZD","1760623036","23477/2025-12-08/1760623036.json"
"365170","146153","2025-12-08","48.00","NZD","1760623036","23477/2025-12-08/1760623036.json"
"510807","146155","2025-12-08","52.00","NZD","1760623036","23477/2025-12-08/1760623036.json"
"581513","221281","2025-12-07","36.00","NZD","1760623036","23477/2025-12-07/1760623036.json"
"581514","221282","2025-12-07","36.00","NZD","1760623036","23477/2025-12-07/1760623036.json"
"512557","146154","2025-12-07","45.00","NZD","1760623036","23477/2025-12-07/1760623036.json"
"365170","146153","2025-12-07","48.00","NZD","1760623036","23477/2025-12-07/1760623036.json"
"510807","146155","2025-12-07","52.00","NZD","1760623036","23477/2025-12-07/1760623036.json"
"581513","221281","2025-12-10","36.00","NZD","1760623036","23477/2025-12-10/1760623036.json"
"581514","221282","2025-12-10","36.00","NZD","1760623036","23477/2025-12-10/1760623036.json"
"512557","146154","2025-12-10","45.00","NZD","1760623036","23477/2025-12-10/1760623036.json"
"365170","146153","2025-12-10","48.00","NZD","1760623036","23477/2025-12-10/1760623036.json"
"581513","221281","2025-12-11","36.00","NZD","1760623036","23477/2025-12-11/1760623036.json"
"581514","221282","2025-12-11","36.00","NZD","1760623036","23477/2025-12-11/1760623036.json"
"510807","146155","2025-12-10","52.00","NZD","1760623036","23477/2025-12-10/1760623036.json"
"512557","146154","2025-12-11","45.00","NZD","1760623036","23477/2025-12-11/1760623036.json"
"365170","146153","2025-12-11","48.00","NZD","1760623036","23477/2025-12-11/1760623036.json"
"510807","146155","2025-12-11","52.00","NZD","1760623036","23477/2025-12-11/1760623036.json"
"581513","221281","2025-12-12","36.00","NZD","1760623036","23477/2025-12-12/1760623036.json"
"581514","221282","2025-12-12","36.00","NZD","1760623036","23477/2025-12-12/1760623036.json"
"512557","146154","2025-12-12","45.00","NZD","1760623036","23477/2025-12-12/1760623036.json"
"365170","146153","2025-12-12","48.00","NZD","1760623036","23477/2025-12-12/1760623036.json"
"510807","146155","2025-12-12","52.00","NZD","1760623036","23477/2025-12-12/1760623036.json"
"581513","221281","2025-12-13","36.00","NZD","1760623036","23477/2025-12-13/1760623036.json"
"581514","221282","2025-12-13","36.00","NZD","1760623036","23477/2025-12-13/1760623036.json"
"512557","146154","2025-12-13","45.00","NZD","1760623036","23477/2025-12-13/1760623036.json"
"365170","146153","2025-12-13","48.00","NZD","1760623036","23477/2025-12-13/1760623036.json"
"510807","146155","2025-12-13","52.00","NZD","1760623036","23477/2025-12-13/1760623036.json"
"581513","221281","2025-12-15","36.00","NZD","1760623036","23477/2025-12-15/1760623036.json"
"581514","221282","2025-12-15","36.00","NZD","1760623036","23477/2025-12-15/1760623036.json"
"512557","146154","2025-12-15","45.00","NZD","1760623036","23477/2025-12-15/1760623036.json"
"365170","146153","2025-12-15","48.00","NZD","1760623036","23477/2025-12-15/1760623036.json"
"510807","146155","2025-12-15","52.00","NZD","1760623036","23477/2025-12-15/1760623036.json"
"581513","221281","2025-12-14","36.00","NZD","1760623036","23477/2025-12-14/1760623036.json"
"581514","221282","2025-12-14","36.00","NZD","1760623036","23477/2025-12-14/1760623036.json"
"512557","146154","2025-12-14","45.00","NZD","1760623036","23477/2025-12-14/1760623036.json"
"365170","146153","2025-12-14","48.00","NZD","1760623036","23477/2025-12-14/1760623036.json"
"510807","146155","2025-12-14","52.00","NZD","1760623036","23477/2025-12-14/1760623036.json"
"581513","221281","2025-10-17","36.00","NZD","1760634187","23477/2025-10-17/1760634187.json"
"581514","221282","2025-10-17","36.00","NZD","1760634187","23477/2025-10-17/1760634187.json"
"512557","146154","2025-10-17","45.00","NZD","1760634187","23477/2025-10-17/1760634187.json"
"365170","146153","2025-10-17","48.00","NZD","1760634187","23477/2025-10-17/1760634187.json"
"510807","146155","2025-10-17","52.00","NZD","1760634187","23477/2025-10-17/1760634187.json"
"581513","221281","2025-10-20","36.00","NZD","1760634187","23477/2025-10-20/1760634187.json"
"581514","221282","2025-10-20","36.00","NZD","1760634187","23477/2025-10-20/1760634187.json"
"512557","146154","2025-10-20","45.00","NZD","1760634187","23477/2025-10-20/1760634187.json"
"365170","146153","2025-10-20","48.00","NZD","1760634187","23477/2025-10-20/1760634187.json"
"510807","146155","2025-10-20","52.00","NZD","1760634187","23477/2025-10-20/1760634187.json"
"581513","221281","2025-10-19","36.00","NZD","1760634187","23477/2025-10-19/1760634187.json"
"581514","221282","2025-10-19","36.00","NZD","1760634187","23477/2025-10-19/1760634187.json"
"512557","146154","2025-10-19","45.00","NZD","1760634187","23477/2025-10-19/1760634187.json"
"365170","146153","2025-10-19","48.00","NZD","1760634187","23477/2025-10-19/1760634187.json"
"510807","146155","2025-10-19","52.00","NZD","1760634187","23477/2025-10-19/1760634187.json"
"581513","221281","2025-10-18","36.00","NZD","1760634187","23477/2025-10-18/1760634187.json"
"581514","221282","2025-10-18","36.00","NZD","1760634187","23477/2025-10-18/1760634187.json"
"512557","146154","2025-10-18","45.00","NZD","1760634187","23477/2025-10-18/1760634187.json"
"365170","146153","2025-10-18","48.00","NZD","1760634187","23477/2025-10-18/1760634187.json"
"510807","146155","2025-10-18","52.00","NZD","1760634187","23477/2025-10-18/1760634187.json"
"581513","221281","2025-10-22","36.00","NZD","1760634187","23477/2025-10-22/1760634187.json"
"581514","221282","2025-10-22","36.00","NZD","1760634187","23477/2025-10-22/1760634187.json"
"512557","146154","2025-10-22","45.00","NZD","1760634187","23477/2025-10-22/1760634187.json"
"365170","146153","2025-10-22","48.00","NZD","1760634187","23477/2025-10-22/1760634187.json"
"510807","146155","2025-10-22","52.00","NZD","1760634187","23477/2025-10-22/1760634187.json"
"581513","221281","2025-10-23","36.00","NZD","1760634187","23477/2025-10-23/1760634187.json"
"581514","221282","2025-10-23","36.00","NZD","1760634187","23477/2025-10-23/1760634187.json"
"512557","146154","2025-10-23","45.00","NZD","1760634187","23477/2025-10-23/1760634187.json"
"365170","146153","2025-10-23","48.00","NZD","1760634187","23477/2025-10-23/1760634187.json"
"510807","146155","2025-10-23","52.00","NZD","1760634187","23477/2025-10-23/1760634187.json"
"581513","221281","2025-10-24","36.00","NZD","1760634187","23477/2025-10-24/1760634187.json"
"581514","221282","2025-10-24","36.00","NZD","1760634187","23477/2025-10-24/1760634187.json"
"512557","146154","2025-10-24","45.00","NZD","1760634187","23477/2025-10-24/1760634187.json"
"365170","146153","2025-10-24","48.00","NZD","1760634187","23477/2025-10-24/1760634187.json"
"510807","146155","2025-10-24","52.00","NZD","1760634187","23477/2025-10-24/1760634187.json"
"581513","221281","2025-10-21","36.00","NZD","1760634187","23477/2025-10-21/1760634187.json"
"581514","221282","2025-10-21","36.00","NZD","1760634187","23477/2025-10-21/1760634187.json"
"512557","146154","2025-10-21","45.00","NZD","1760634187","23477/2025-10-21/1760634187.json"
"365170","146153","2025-10-21","48.00","NZD","1760634187","23477/2025-10-21/1760634187.json"
"510807","146155","2025-10-21","52.00","NZD","1760634187","23477/2025-10-21/1760634187.json"
"581513","221281","2025-10-25","38.00","NZD","1760634187","23477/2025-10-25/1760634187.json"
"581514","221282","2025-10-25","38.00","NZD","1760634187","23477/2025-10-25/1760634187.json"
"512557","146154","2025-10-25","45.00","NZD","1760634187","23477/2025-10-25/1760634187.json"
"581513","221281","2025-10-26","38.00","NZD","1760634187","23477/2025-10-26/1760634187.json"
"581514","221282","2025-10-26","38.00","NZD","1760634187","23477/2025-10-26/1760634187.json"
"512557","146154","2025-10-26","45.00","NZD","1760634187","23477/2025-10-26/1760634187.json"
"581513","221281","2025-10-27","38.00","NZD","1760634187","23477/2025-10-27/1760634187.json"
"581514","221282","2025-10-27","38.00","NZD","1760634187","23477/2025-10-27/1760634187.json"
"512557","146154","2025-10-27","45.00","NZD","1760634187","23477/2025-10-27/1760634187.json"
"365170","146153","2025-10-27","48.00","NZD","1760634187","23477/2025-10-27/1760634187.json"
"510807","146155","2025-10-27","52.00","NZD","1760634187","23477/2025-10-27/1760634187.json"
"581513","221281","2025-10-28","36.00","NZD","1760634187","23477/2025-10-28/1760634187.json"
"581514","221282","2025-10-28","36.00","NZD","1760634187","23477/2025-10-28/1760634187.json"
"512557","146154","2025-10-28","45.00","NZD","1760634187","23477/2025-10-28/1760634187.json"
"365170","146153","2025-10-28","48.00","NZD","1760634187","23477/2025-10-28/1760634187.json"
"510807","146155","2025-10-28","52.00","NZD","1760634187","23477/2025-10-28/1760634187.json"
"581513","221281","2025-10-29","36.00","NZD","1760634187","23477/2025-10-29/1760634187.json"
"581514","221282","2025-10-29","36.00","NZD","1760634187","23477/2025-10-29/1760634187.json"
"512557","146154","2025-10-29","45.00","NZD","1760634187","23477/2025-10-29/1760634187.json"
"365170","146153","2025-10-29","48.00","NZD","1760634187","23477/2025-10-29/1760634187.json"
"510807","146155","2025-10-29","52.00","NZD","1760634187","23477/2025-10-29/1760634187.json"
"581513","221281","2025-10-30","36.00","NZD","1760634187","23477/2025-10-30/1760634187.json"
"581514","221282","2025-10-30","36.00","NZD","1760634187","23477/2025-10-30/1760634187.json"
"512557","146154","2025-10-30","45.00","NZD","1760634187","23477/2025-10-30/1760634187.json"
"365170","146153","2025-10-30","48.00","NZD","1760634187","23477/2025-10-30/1760634187.json"
"510807","146155","2025-10-30","52.00","NZD","1760634187","23477/2025-10-30/1760634187.json"
"581513","221281","2025-10-31","36.00","NZD","1760634187","23477/2025-10-31/1760634187.json"
"581514","221282","2025-10-31","36.00","NZD","1760634187","23477/2025-10-31/1760634187.json"
"512557","146154","2025-10-31","45.00","NZD","1760634187","23477/2025-10-31/1760634187.json"
"365170","146153","2025-10-31","48.00","NZD","1760634187","23477/2025-10-31/1760634187.json"
"510807","146155","2025-10-31","52.00","NZD","1760634187","23477/2025-10-31/1760634187.json"
"581513","221281","2025-11-01","36.00","NZD","1760634187","23477/2025-11-01/1760634187.json"
"581514","221282","2025-11-01","36.00","NZD","1760634187","23477/2025-11-01/1760634187.json"
"512557","146154","2025-11-01","45.00","NZD","1760634187","23477/2025-11-01/1760634187.json"
"365170","146153","2025-11-01","48.00","NZD","1760634187","23477/2025-11-01/1760634187.json"
"510807","146155","2025-11-01","52.00","NZD","1760634187","23477/2025-11-01/1760634187.json"
"581513","221281","2025-11-02","36.00","NZD","1760634187","23477/2025-11-02/1760634187.json"
"581514","221282","2025-11-02","36.00","NZD","1760634187","23477/2025-11-02/1760634187.json"
"512557","146154","2025-11-02","45.00","NZD","1760634187","23477/2025-11-02/1760634187.json"
"365170","146153","2025-11-02","48.00","NZD","1760634187","23477/2025-11-02/1760634187.json"
"510807","146155","2025-11-02","52.00","NZD","1760634187","23477/2025-11-02/1760634187.json"
"581513","221281","2025-11-03","36.00","NZD","1760634187","23477/2025-11-03/1760634187.json"
"581514","221282","2025-11-03","36.00","NZD","1760634187","23477/2025-11-03/1760634187.json"
"512557","146154","2025-11-03","45.00","NZD","1760634187","23477/2025-11-03/1760634187.json"
"365170","146153","2025-11-03","48.00","NZD","1760634187","23477/2025-11-03/1760634187.json"
"510807","146155","2025-11-03","52.00","NZD","1760634187","23477/2025-11-03/1760634187.json"
"581513","221281","2025-11-04","36.00","NZD","1760634187","23477/2025-11-04/1760634187.json"
"581514","221282","2025-11-04","36.00","NZD","1760634187","23477/2025-11-04/1760634187.json"
"512557","146154","2025-11-04","45.00","NZD","1760634187","23477/2025-11-04/1760634187.json"
"365170","146153","2025-11-04","48.00","NZD","1760634187","23477/2025-11-04/1760634187.json"
"510807","146155","2025-11-04","52.00","NZD","1760634187","23477/2025-11-04/1760634187.json"
"581513","221281","2025-11-05","36.00","NZD","1760634187","23477/2025-11-05/1760634187.json"
"581514","221282","2025-11-05","36.00","NZD","1760634187","23477/2025-11-05/1760634187.json"
"512557","146154","2025-11-05","45.00","NZD","1760634187","23477/2025-11-05/1760634187.json"
"365170","146153","2025-11-05","48.00","NZD","1760634187","23477/2025-11-05/1760634187.json"
"510807","146155","2025-11-05","52.00","NZD","1760634187","23477/2025-11-05/1760634187.json"
"581513","221281","2025-11-07","36.00","NZD","1760634187","23477/2025-11-07/1760634187.json"
"581514","221282","2025-11-07","36.00","NZD","1760634187","23477/2025-11-07/1760634187.json"
"512557","146154","2025-11-07","45.00","NZD","1760634187","23477/2025-11-07/1760634187.json"
"365170","146153","2025-11-07","48.00","NZD","1760634187","23477/2025-11-07/1760634187.json"
"510807","146155","2025-11-07","52.00","NZD","1760634187","23477/2025-11-07/1760634187.json"
"581513","221281","2025-11-06","36.00","NZD","1760634187","23477/2025-11-06/1760634187.json"
"581514","221282","2025-11-06","36.00","NZD","1760634187","23477/2025-11-06/1760634187.json"
"512557","146154","2025-11-06","45.00","NZD","1760634187","23477/2025-11-06/1760634187.json"
"365170","146153","2025-11-06","48.00","NZD","1760634187","23477/2025-11-06/1760634187.json"
"510807","146155","2025-11-06","52.00","NZD","1760634187","23477/2025-11-06/1760634187.json"
"581513","221281","2025-11-08","36.00","NZD","1760634187","23477/2025-11-08/1760634187.json"
"581514","221282","2025-11-08","36.00","NZD","1760634187","23477/2025-11-08/1760634187.json"
"512557","146154","2025-11-08","45.00","NZD","1760634187","23477/2025-11-08/1760634187.json"
"365170","146153","2025-11-08","48.00","NZD","1760634187","23477/2025-11-08/1760634187.json"
"510807","146155","2025-11-08","52.00","NZD","1760634187","23477/2025-11-08/1760634187.json"
"581513","221281","2025-11-09","36.00","NZD","1760634187","23477/2025-11-09/1760634187.json"
"581514","221282","2025-11-09","36.00","NZD","1760634187","23477/2025-11-09/1760634187.json"
"512557","146154","2025-11-09","45.00","NZD","1760634187","23477/2025-11-09/1760634187.json"
"365170","146153","2025-11-09","48.00","NZD","1760634187","23477/2025-11-09/1760634187.json"
"510807","146155","2025-11-09","52.00","NZD","1760634187","23477/2025-11-09/1760634187.json"
"581513","221281","2025-11-11","36.00","NZD","1760634187","23477/2025-11-11/1760634187.json"
"581514","221282","2025-11-11","36.00","NZD","1760634187","23477/2025-11-11/1760634187.json"
"512557","146154","2025-11-11","45.00","NZD","1760634187","23477/2025-11-11/1760634187.json"
"365170","146153","2025-11-11","48.00","NZD","1760634187","23477/2025-11-11/1760634187.json"
"510807","146155","2025-11-11","52.00","NZD","1760634187","23477/2025-11-11/1760634187.json"
"581513","221281","2025-11-10","36.00","NZD","1760634187","23477/2025-11-10/1760634187.json"
"581514","221282","2025-11-10","36.00","NZD","1760634187","23477/2025-11-10/1760634187.json"
"512557","146154","2025-11-10","45.00","NZD","1760634187","23477/2025-11-10/1760634187.json"
"365170","146153","2025-11-10","48.00","NZD","1760634187","23477/2025-11-10/1760634187.json"
"510807","146155","2025-11-10","52.00","NZD","1760634187","23477/2025-11-10/1760634187.json"
"581513","221281","2025-11-12","36.00","NZD","1760634187","23477/2025-11-12/1760634187.json"
"581514","221282","2025-11-12","36.00","NZD","1760634187","23477/2025-11-12/1760634187.json"
"512557","146154","2025-11-12","45.00","NZD","1760634187","23477/2025-11-12/1760634187.json"
"365170","146153","2025-11-12","48.00","NZD","1760634187","23477/2025-11-12/1760634187.json"
"510807","146155","2025-11-12","52.00","NZD","1760634187","23477/2025-11-12/1760634187.json"
"581513","221281","2025-11-13","36.00","NZD","1760634187","23477/2025-11-13/1760634187.json"
"581514","221282","2025-11-13","36.00","NZD","1760634187","23477/2025-11-13/1760634187.json"
"512557","146154","2025-11-13","45.00","NZD","1760634187","23477/2025-11-13/1760634187.json"
"365170","146153","2025-11-13","48.00","NZD","1760634187","23477/2025-11-13/1760634187.json"
"510807","146155","2025-11-13","52.00","NZD","1760634187","23477/2025-11-13/1760634187.json"
"581513","221281","2025-11-14","36.00","NZD","1760634187","23477/2025-11-14/1760634187.json"
"581514","221282","2025-11-14","36.00","NZD","1760634187","23477/2025-11-14/1760634187.json"
"512557","146154","2025-11-14","45.00","NZD","1760634187","23477/2025-11-14/1760634187.json"
"365170","146153","2025-11-14","48.00","NZD","1760634187","23477/2025-11-14/1760634187.json"
"510807","146155","2025-11-14","52.00","NZD","1760634187","23477/2025-11-14/1760634187.json"
"581513","221281","2025-11-15","36.00","NZD","1760634187","23477/2025-11-15/1760634187.json"
"581514","221282","2025-11-15","36.00","NZD","1760634187","23477/2025-11-15/1760634187.json"
"512557","146154","2025-11-15","45.00","NZD","1760634187","23477/2025-11-15/1760634187.json"
"365170","146153","2025-11-15","48.00","NZD","1760634187","23477/2025-11-15/1760634187.json"
"510807","146155","2025-11-15","52.00","NZD","1760634187","23477/2025-11-15/1760634187.json"
"581513","221281","2025-11-16","36.00","NZD","1760634187","23477/2025-11-16/1760634187.json"
"581514","221282","2025-11-16","36.00","NZD","1760634187","23477/2025-11-16/1760634187.json"
"512557","146154","2025-11-16","45.00","NZD","1760634187","23477/2025-11-16/1760634187.json"
"365170","146153","2025-11-16","48.00","NZD","1760634187","23477/2025-11-16/1760634187.json"
"510807","146155","2025-11-16","52.00","NZD","1760634187","23477/2025-11-16/1760634187.json"
"581513","221281","2025-11-17","36.00","NZD","1760634187","23477/2025-11-17/1760634187.json"
"581514","221282","2025-11-17","36.00","NZD","1760634187","23477/2025-11-17/1760634187.json"
"512557","146154","2025-11-17","45.00","NZD","1760634187","23477/2025-11-17/1760634187.json"
"365170","146153","2025-11-17","48.00","NZD","1760634187","23477/2025-11-17/1760634187.json"
"510807","146155","2025-11-17","52.00","NZD","1760634187","23477/2025-11-17/1760634187.json"
"581513","221281","2025-11-18","36.00","NZD","1760634187","23477/2025-11-18/1760634187.json"
"581514","221282","2025-11-18","36.00","NZD","1760634187","23477/2025-11-18/1760634187.json"
"512557","146154","2025-11-18","45.00","NZD","1760634187","23477/2025-11-18/1760634187.json"
"365170","146153","2025-11-18","48.00","NZD","1760634187","23477/2025-11-18/1760634187.json"
"510807","146155","2025-11-18","52.00","NZD","1760634187","23477/2025-11-18/1760634187.json"
"581513","221281","2025-11-19","36.00","NZD","1760634187","23477/2025-11-19/1760634187.json"
"581514","221282","2025-11-19","36.00","NZD","1760634187","23477/2025-11-19/1760634187.json"
"512557","146154","2025-11-19","45.00","NZD","1760634187","23477/2025-11-19/1760634187.json"
"365170","146153","2025-11-19","48.00","NZD","1760634187","23477/2025-11-19/1760634187.json"
"510807","146155","2025-11-19","52.00","NZD","1760634187","23477/2025-11-19/1760634187.json"
"581513","221281","2025-11-20","36.00","NZD","1760634187","23477/2025-11-20/1760634187.json"
"581514","221282","2025-11-20","36.00","NZD","1760634187","23477/2025-11-20/1760634187.json"
"581513","221281","2025-11-21","36.00","NZD","1760634187","23477/2025-11-21/1760634187.json"
"512557","146154","2025-11-20","45.00","NZD","1760634187","23477/2025-11-20/1760634187.json"
"581514","221282","2025-11-21","36.00","NZD","1760634187","23477/2025-11-21/1760634187.json"
"512557","146154","2025-11-21","45.00","NZD","1760634187","23477/2025-11-21/1760634187.json"
"365170","146153","2025-11-21","48.00","NZD","1760634187","23477/2025-11-21/1760634187.json"
"510807","146155","2025-11-21","52.00","NZD","1760634187","23477/2025-11-21/1760634187.json"
"581513","221281","2025-11-23","36.00","NZD","1760634187","23477/2025-11-23/1760634187.json"
"581513","221281","2025-11-22","36.00","NZD","1760634187","23477/2025-11-22/1760634187.json"
"581514","221282","2025-11-22","36.00","NZD","1760634187","23477/2025-11-22/1760634187.json"
"512557","146154","2025-11-22","45.00","NZD","1760634187","23477/2025-11-22/1760634187.json"
"581514","221282","2025-11-23","36.00","NZD","1760634187","23477/2025-11-23/1760634187.json"
"365170","146153","2025-11-22","48.00","NZD","1760634187","23477/2025-11-22/1760634187.json"
"512557","146154","2025-11-23","45.00","NZD","1760634187","23477/2025-11-23/1760634187.json"
"510807","146155","2025-11-22","52.00","NZD","1760634187","23477/2025-11-22/1760634187.json"
"365170","146153","2025-11-23","48.00","NZD","1760634187","23477/2025-11-23/1760634187.json"
"510807","146155","2025-11-23","52.00","NZD","1760634187","23477/2025-11-23/1760634187.json"
"581513","221281","2025-11-25","36.00","NZD","1760634187","23477/2025-11-25/1760634187.json"
"581514","221282","2025-11-25","36.00","NZD","1760634187","23477/2025-11-25/1760634187.json"
"512557","146154","2025-11-25","45.00","NZD","1760634187","23477/2025-11-25/1760634187.json"
"365170","146153","2025-11-25","48.00","NZD","1760634187","23477/2025-11-25/1760634187.json"
"510807","146155","2025-11-25","52.00","NZD","1760634187","23477/2025-11-25/1760634187.json"
"581513","221281","2025-11-24","36.00","NZD","1760634187","23477/2025-11-24/1760634187.json"
"581514","221282","2025-11-24","36.00","NZD","1760634187","23477/2025-11-24/1760634187.json"
"512557","146154","2025-11-24","45.00","NZD","1760634187","23477/2025-11-24/1760634187.json"
"365170","146153","2025-11-24","48.00","NZD","1760634187","23477/2025-11-24/1760634187.json"
"510807","146155","2025-11-24","52.00","NZD","1760634187","23477/2025-11-24/1760634187.json"
"581513","221281","2025-11-26","36.00","NZD","1760634187","23477/2025-11-26/1760634187.json"
"581514","221282","2025-11-26","36.00","NZD","1760634187","23477/2025-11-26/1760634187.json"
"512557","146154","2025-11-26","45.00","NZD","1760634187","23477/2025-11-26/1760634187.json"
"365170","146153","2025-11-26","48.00","NZD","1760634187","23477/2025-11-26/1760634187.json"
"510807","146155","2025-11-26","52.00","NZD","1760634187","23477/2025-11-26/1760634187.json"
"581513","221281","2025-11-27","36.00","NZD","1760634187","23477/2025-11-27/1760634187.json"
"581514","221282","2025-11-27","36.00","NZD","1760634187","23477/2025-11-27/1760634187.json"
"512557","146154","2025-11-27","45.00","NZD","1760634187","23477/2025-11-27/1760634187.json"
"365170","146153","2025-11-27","48.00","NZD","1760634187","23477/2025-11-27/1760634187.json"
"510807","146155","2025-11-27","52.00","NZD","1760634187","23477/2025-11-27/1760634187.json"
"581513","221281","2025-11-28","36.00","NZD","1760634187","23477/2025-11-28/1760634187.json"
"581514","221282","2025-11-28","36.00","NZD","1760634187","23477/2025-11-28/1760634187.json"
"512557","146154","2025-11-28","45.00","NZD","1760634187","23477/2025-11-28/1760634187.json"
"365170","146153","2025-11-28","48.00","NZD","1760634187","23477/2025-11-28/1760634187.json"
"510807","146155","2025-11-28","52.00","NZD","1760634187","23477/2025-11-28/1760634187.json"
"581513","221281","2025-11-29","36.00","NZD","1760634187","23477/2025-11-29/1760634187.json"
"581514","221282","2025-11-29","36.00","NZD","1760634187","23477/2025-11-29/1760634187.json"
"512557","146154","2025-11-29","45.00","NZD","1760634187","23477/2025-11-29/1760634187.json"
"365170","146153","2025-11-29","48.00","NZD","1760634187","23477/2025-11-29/1760634187.json"
"510807","146155","2025-11-29","52.00","NZD","1760634187","23477/2025-11-29/1760634187.json"
"581513","221281","2025-11-30","36.00","NZD","1760634187","23477/2025-11-30/1760634187.json"
"581514","221282","2025-11-30","36.00","NZD","1760634187","23477/2025-11-30/1760634187.json"
"512557","146154","2025-11-30","45.00","NZD","1760634187","23477/2025-11-30/1760634187.json"
"365170","146153","2025-11-30","48.00","NZD","1760634187","23477/2025-11-30/1760634187.json"
"510807","146155","2025-11-30","52.00","NZD","1760634187","23477/2025-11-30/1760634187.json"
"581513","221281","2025-12-02","36.00","NZD","1760634187","23477/2025-12-02/1760634187.json"
"581513","221281","2025-12-01","36.00","NZD","1760634187","23477/2025-12-01/1760634187.json"
"581514","221282","2025-12-02","36.00","NZD","1760634187","23477/2025-12-02/1760634187.json"
"581514","221282","2025-12-01","36.00","NZD","1760634187","23477/2025-12-01/1760634187.json"
"512557","146154","2025-12-01","45.00","NZD","1760634187","23477/2025-12-01/1760634187.json"
"512557","146154","2025-12-02","45.00","NZD","1760634187","23477/2025-12-02/1760634187.json"
"365170","146153","2025-12-01","48.00","NZD","1760634187","23477/2025-12-01/1760634187.json"
"510807","146155","2025-12-01","52.00","NZD","1760634187","23477/2025-12-01/1760634187.json"
"365170","146153","2025-12-02","48.00","NZD","1760634187","23477/2025-12-02/1760634187.json"
"510807","146155","2025-12-02","52.00","NZD","1760634187","23477/2025-12-02/1760634187.json"
"581513","221281","2025-12-03","36.00","NZD","1760634187","23477/2025-12-03/1760634187.json"
"581514","221282","2025-12-03","36.00","NZD","1760634187","23477/2025-12-03/1760634187.json"
"512557","146154","2025-12-03","45.00","NZD","1760634187","23477/2025-12-03/1760634187.json"
"365170","146153","2025-12-03","48.00","NZD","1760634187","23477/2025-12-03/1760634187.json"
"510807","146155","2025-12-03","52.00","NZD","1760634187","23477/2025-12-03/1760634187.json"
"581513","221281","2025-12-07","36.00","NZD","1760634187","23477/2025-12-07/1760634187.json"
"581514","221282","2025-12-07","36.00","NZD","1760634187","23477/2025-12-07/1760634187.json"
"512557","146154","2025-12-07","45.00","NZD","1760634187","23477/2025-12-07/1760634187.json"
"365170","146153","2025-12-07","48.00","NZD","1760634187","23477/2025-12-07/1760634187.json"
"510807","146155","2025-12-07","52.00","NZD","1760634187","23477/2025-12-07/1760634187.json"
"581513","221281","2025-12-05","36.00","NZD","1760634187","23477/2025-12-05/1760634187.json"
"581514","221282","2025-12-05","36.00","NZD","1760634187","23477/2025-12-05/1760634187.json"
"512557","146154","2025-12-05","45.00","NZD","1760634187","23477/2025-12-05/1760634187.json"
"365170","146153","2025-12-05","48.00","NZD","1760634187","23477/2025-12-05/1760634187.json"
"510807","146155","2025-12-05","52.00","NZD","1760634187","23477/2025-12-05/1760634187.json"
"581513","221281","2025-12-04","36.00","NZD","1760634187","23477/2025-12-04/1760634187.json"
"581514","221282","2025-12-04","36.00","NZD","1760634187","23477/2025-12-04/1760634187.json"
"512557","146154","2025-12-04","45.00","NZD","1760634187","23477/2025-12-04/1760634187.json"
"365170","146153","2025-12-04","48.00","NZD","1760634187","23477/2025-12-04/1760634187.json"
"510807","146155","2025-12-04","52.00","NZD","1760634187","23477/2025-12-04/1760634187.json"
"581513","221281","2025-12-06","36.00","NZD","1760634187","23477/2025-12-06/1760634187.json"
"581514","221282","2025-12-06","36.00","NZD","1760634187","23477/2025-12-06/1760634187.json"
"512557","146154","2025-12-06","45.00","NZD","1760634187","23477/2025-12-06/1760634187.json"
"365170","146153","2025-12-06","48.00","NZD","1760634187","23477/2025-12-06/1760634187.json"
"510807","146155","2025-12-06","52.00","NZD","1760634187","23477/2025-12-06/1760634187.json"
"581513","221281","2025-12-08","36.00","NZD","1760634187","23477/2025-12-08/1760634187.json"
"581514","221282","2025-12-08","36.00","NZD","1760634187","23477/2025-12-08/1760634187.json"
"512557","146154","2025-12-08","45.00","NZD","1760634187","23477/2025-12-08/1760634187.json"
"365170","146153","2025-12-08","48.00","NZD","1760634187","23477/2025-12-08/1760634187.json"
"510807","146155","2025-12-08","52.00","NZD","1760634187","23477/2025-12-08/1760634187.json"
"581513","221281","2025-12-09","36.00","NZD","1760634187","23477/2025-12-09/1760634187.json"
"581514","221282","2025-12-09","36.00","NZD","1760634187","23477/2025-12-09/1760634187.json"
"512557","146154","2025-12-09","45.00","NZD","1760634187","23477/2025-12-09/1760634187.json"
"365170","146153","2025-12-09","48.00","NZD","1760634187","23477/2025-12-09/1760634187.json"
"510807","146155","2025-12-09","52.00","NZD","1760634187","23477/2025-12-09/1760634187.json"
"581513","221281","2025-12-10","36.00","NZD","1760634187","23477/2025-12-10/1760634187.json"
"581514","221282","2025-12-10","36.00","NZD","1760634187","23477/2025-12-10/1760634187.json"
"512557","146154","2025-12-10","45.00","NZD","1760634187","23477/2025-12-10/1760634187.json"
"365170","146153","2025-12-10","48.00","NZD","1760634187","23477/2025-12-10/1760634187.json"
"510807","146155","2025-12-10","52.00","NZD","1760634187","23477/2025-12-10/1760634187.json"
"581513","221281","2025-12-11","36.00","NZD","1760634187","23477/2025-12-11/1760634187.json"
"581514","221282","2025-12-11","36.00","NZD","1760634187","23477/2025-12-11/1760634187.json"
"512557","146154","2025-12-11","45.00","NZD","1760634187","23477/2025-12-11/1760634187.json"
"365170","146153","2025-12-11","48.00","NZD","1760634187","23477/2025-12-11/1760634187.json"
"510807","146155","2025-12-11","52.00","NZD","1760634187","23477/2025-12-11/1760634187.json"
"581513","221281","2025-12-12","36.00","NZD","1760634187","23477/2025-12-12/1760634187.json"
"581514","221282","2025-12-12","36.00","NZD","1760634187","23477/2025-12-12/1760634187.json"
"512557","146154","2025-12-12","45.00","NZD","1760634187","23477/2025-12-12/1760634187.json"
"365170","146153","2025-12-12","48.00","NZD","1760634187","23477/2025-12-12/1760634187.json"
"510807","146155","2025-12-12","52.00","NZD","1760634187","23477/2025-12-12/1760634187.json"
"581513","221281","2025-12-14","36.00","NZD","1760634187","23477/2025-12-14/1760634187.json"
"581514","221282","2025-12-14","36.00","NZD","1760634187","23477/2025-12-14/1760634187.json"
"512557","146154","2025-12-14","45.00","NZD","1760634187","23477/2025-12-14/1760634187.json"
"365170","146153","2025-12-14","48.00","NZD","1760634187","23477/2025-12-14/1760634187.json"
"510807","146155","2025-12-14","52.00","NZD","1760634187","23477/2025-12-14/1760634187.json"
"581513","221281","2025-12-13","36.00","NZD","1760634187","23477/2025-12-13/1760634187.json"
"581514","221282","2025-12-13","36.00","NZD","1760634187","23477/2025-12-13/1760634187.json"
"512557","146154","2025-12-13","45.00","NZD","1760634187","23477/2025-12-13/1760634187.json"
"365170","146153","2025-12-13","48.00","NZD","1760634187","23477/2025-12-13/1760634187.json"
"510807","146155","2025-12-13","52.00","NZD","1760634187","23477/2025-12-13/1760634187.json"
"581513","221281","2025-12-15","36.00","NZD","1760634187","23477/2025-12-15/1760634187.json"
"581514","221282","2025-12-15","36.00","NZD","1760634187","23477/2025-12-15/1760634187.json"
"512557","146154","2025-12-15","45.00","NZD","1760634187","23477/2025-12-15/1760634187.json"
"365170","146153","2025-12-15","48.00","NZD","1760634187","23477/2025-12-15/1760634187.json"
"510807","146155","2025-12-15","52.00","NZD","1760634187","23477/2025-12-15/1760634187.json"
"581513","221281","2025-10-17","36.00","NZD","1760647872","23477/2025-10-17/1760647872.json"
"581514","221282","2025-10-17","36.00","NZD","1760647872","23477/2025-10-17/1760647872.json"
"512557","146154","2025-10-17","45.00","NZD","1760647872","23477/2025-10-17/1760647872.json"
"365170","146153","2025-10-17","48.00","NZD","1760647872","23477/2025-10-17/1760647872.json"
"510807","146155","2025-10-17","52.00","NZD","1760647872","23477/2025-10-17/1760647872.json"
"581513","221281","2025-10-19","36.00","NZD","1760647872","23477/2025-10-19/1760647872.json"
"581514","221282","2025-10-19","36.00","NZD","1760647872","23477/2025-10-19/1760647872.json"
"512557","146154","2025-10-19","45.00","NZD","1760647872","23477/2025-10-19/1760647872.json"
"365170","146153","2025-10-19","48.00","NZD","1760647872","23477/2025-10-19/1760647872.json"
"510807","146155","2025-10-19","52.00","NZD","1760647872","23477/2025-10-19/1760647872.json"
"581513","221281","2025-10-18","36.00","NZD","1760647872","23477/2025-10-18/1760647872.json"
"581514","221282","2025-10-18","36.00","NZD","1760647872","23477/2025-10-18/1760647872.json"
"512557","146154","2025-10-18","45.00","NZD","1760647872","23477/2025-10-18/1760647872.json"
"365170","146153","2025-10-18","48.00","NZD","1760647872","23477/2025-10-18/1760647872.json"
"510807","146155","2025-10-18","52.00","NZD","1760647872","23477/2025-10-18/1760647872.json"
"581513","221281","2025-10-20","36.00","NZD","1760647872","23477/2025-10-20/1760647872.json"
"581514","221282","2025-10-20","36.00","NZD","1760647872","23477/2025-10-20/1760647872.json"
"512557","146154","2025-10-20","45.00","NZD","1760647872","23477/2025-10-20/1760647872.json"
"365170","146153","2025-10-20","48.00","NZD","1760647872","23477/2025-10-20/1760647872.json"
"510807","146155","2025-10-20","52.00","NZD","1760647872","23477/2025-10-20/1760647872.json"
"581513","221281","2025-10-21","36.00","NZD","1760647872","23477/2025-10-21/1760647872.json"
"581514","221282","2025-10-21","36.00","NZD","1760647872","23477/2025-10-21/1760647872.json"
"512557","146154","2025-10-21","45.00","NZD","1760647872","23477/2025-10-21/1760647872.json"
"365170","146153","2025-10-21","48.00","NZD","1760647872","23477/2025-10-21/1760647872.json"
"510807","146155","2025-10-21","52.00","NZD","1760647872","23477/2025-10-21/1760647872.json"
"581513","221281","2025-10-24","36.00","NZD","1760647872","23477/2025-10-24/1760647872.json"
"581514","221282","2025-10-24","36.00","NZD","1760647872","23477/2025-10-24/1760647872.json"
"512557","146154","2025-10-24","45.00","NZD","1760647872","23477/2025-10-24/1760647872.json"
"365170","146153","2025-10-24","48.00","NZD","1760647872","23477/2025-10-24/1760647872.json"
"510807","146155","2025-10-24","52.00","NZD","1760647872","23477/2025-10-24/1760647872.json"
"581513","221281","2025-10-23","36.00","NZD","1760647872","23477/2025-10-23/1760647872.json"
"581514","221282","2025-10-23","36.00","NZD","1760647872","23477/2025-10-23/1760647872.json"
"512557","146154","2025-10-23","45.00","NZD","1760647872","23477/2025-10-23/1760647872.json"
"365170","146153","2025-10-23","48.00","NZD","1760647872","23477/2025-10-23/1760647872.json"
"510807","146155","2025-10-23","52.00","NZD","1760647872","23477/2025-10-23/1760647872.json"
"581513","221281","2025-10-22","36.00","NZD","1760647872","23477/2025-10-22/1760647872.json"
"581514","221282","2025-10-22","36.00","NZD","1760647872","23477/2025-10-22/1760647872.json"
"512557","146154","2025-10-22","45.00","NZD","1760647872","23477/2025-10-22/1760647872.json"
"365170","146153","2025-10-22","48.00","NZD","1760647872","23477/2025-10-22/1760647872.json"
"510807","146155","2025-10-22","52.00","NZD","1760647872","23477/2025-10-22/1760647872.json"
"581513","221281","2025-10-26","38.00","NZD","1760647872","23477/2025-10-26/1760647872.json"
"581514","221282","2025-10-26","38.00","NZD","1760647872","23477/2025-10-26/1760647872.json"
"512557","146154","2025-10-26","45.00","NZD","1760647872","23477/2025-10-26/1760647872.json"
"581513","221281","2025-10-27","38.00","NZD","1760647872","23477/2025-10-27/1760647872.json"
"581514","221282","2025-10-27","38.00","NZD","1760647872","23477/2025-10-27/1760647872.json"
"512557","146154","2025-10-27","45.00","NZD","1760647872","23477/2025-10-27/1760647872.json"
"365170","146153","2025-10-27","48.00","NZD","1760647872","23477/2025-10-27/1760647872.json"
"510807","146155","2025-10-27","52.00","NZD","1760647872","23477/2025-10-27/1760647872.json"
"581513","221281","2025-10-25","38.00","NZD","1760647872","23477/2025-10-25/1760647872.json"
"581514","221282","2025-10-25","38.00","NZD","1760647872","23477/2025-10-25/1760647872.json"
"581513","221281","2025-10-28","36.00","NZD","1760647872","23477/2025-10-28/1760647872.json"
"512557","146154","2025-10-25","45.00","NZD","1760647872","23477/2025-10-25/1760647872.json"
"581514","221282","2025-10-28","36.00","NZD","1760647872","23477/2025-10-28/1760647872.json"
"512557","146154","2025-10-28","45.00","NZD","1760647872","23477/2025-10-28/1760647872.json"
"365170","146153","2025-10-28","48.00","NZD","1760647872","23477/2025-10-28/1760647872.json"
"510807","146155","2025-10-28","52.00","NZD","1760647872","23477/2025-10-28/1760647872.json"
"581513","221281","2025-10-29","36.00","NZD","1760647872","23477/2025-10-29/1760647872.json"
"581514","221282","2025-10-29","36.00","NZD","1760647872","23477/2025-10-29/1760647872.json"
"512557","146154","2025-10-29","45.00","NZD","1760647872","23477/2025-10-29/1760647872.json"
"365170","146153","2025-10-29","48.00","NZD","1760647872","23477/2025-10-29/1760647872.json"
"510807","146155","2025-10-29","52.00","NZD","1760647872","23477/2025-10-29/1760647872.json"
"581513","221281","2025-10-30","36.00","NZD","1760647872","23477/2025-10-30/1760647872.json"
"581514","221282","2025-10-30","36.00","NZD","1760647872","23477/2025-10-30/1760647872.json"
"512557","146154","2025-10-30","45.00","NZD","1760647872","23477/2025-10-30/1760647872.json"
"365170","146153","2025-10-30","48.00","NZD","1760647872","23477/2025-10-30/1760647872.json"
"510807","146155","2025-10-30","52.00","NZD","1760647872","23477/2025-10-30/1760647872.json"
"581513","221281","2025-11-01","36.00","NZD","1760647872","23477/2025-11-01/1760647872.json"
"581514","221282","2025-11-01","36.00","NZD","1760647872","23477/2025-11-01/1760647872.json"
"512557","146154","2025-11-01","45.00","NZD","1760647872","23477/2025-11-01/1760647872.json"
"365170","146153","2025-11-01","48.00","NZD","1760647872","23477/2025-11-01/1760647872.json"
"510807","146155","2025-11-01","52.00","NZD","1760647872","23477/2025-11-01/1760647872.json"
"581513","221281","2025-10-31","36.00","NZD","1760647872","23477/2025-10-31/1760647872.json"
"581514","221282","2025-10-31","36.00","NZD","1760647872","23477/2025-10-31/1760647872.json"
"512557","146154","2025-10-31","45.00","NZD","1760647872","23477/2025-10-31/1760647872.json"
"365170","146153","2025-10-31","48.00","NZD","1760647872","23477/2025-10-31/1760647872.json"
"510807","146155","2025-10-31","52.00","NZD","1760647872","23477/2025-10-31/1760647872.json"
"581513","221281","2025-11-02","36.00","NZD","1760647872","23477/2025-11-02/1760647872.json"
"581514","221282","2025-11-02","36.00","NZD","1760647872","23477/2025-11-02/1760647872.json"
"512557","146154","2025-11-02","45.00","NZD","1760647872","23477/2025-11-02/1760647872.json"
"365170","146153","2025-11-02","48.00","NZD","1760647872","23477/2025-11-02/1760647872.json"
"510807","146155","2025-11-02","52.00","NZD","1760647872","23477/2025-11-02/1760647872.json"
"581513","221281","2025-11-03","36.00","NZD","1760647872","23477/2025-11-03/1760647872.json"
"581514","221282","2025-11-03","36.00","NZD","1760647872","23477/2025-11-03/1760647872.json"
"512557","146154","2025-11-03","45.00","NZD","1760647872","23477/2025-11-03/1760647872.json"
"365170","146153","2025-11-03","48.00","NZD","1760647872","23477/2025-11-03/1760647872.json"
"510807","146155","2025-11-03","52.00","NZD","1760647872","23477/2025-11-03/1760647872.json"
"581513","221281","2025-11-04","36.00","NZD","1760647872","23477/2025-11-04/1760647872.json"
"581514","221282","2025-11-04","36.00","NZD","1760647872","23477/2025-11-04/1760647872.json"
"512557","146154","2025-11-04","45.00","NZD","1760647872","23477/2025-11-04/1760647872.json"
"365170","146153","2025-11-04","48.00","NZD","1760647872","23477/2025-11-04/1760647872.json"
"510807","146155","2025-11-04","52.00","NZD","1760647872","23477/2025-11-04/1760647872.json"
"581513","221281","2025-11-05","36.00","NZD","1760647872","23477/2025-11-05/1760647872.json"
"581514","221282","2025-11-05","36.00","NZD","1760647872","23477/2025-11-05/1760647872.json"
"512557","146154","2025-11-05","45.00","NZD","1760647872","23477/2025-11-05/1760647872.json"
"365170","146153","2025-11-05","48.00","NZD","1760647872","23477/2025-11-05/1760647872.json"
"510807","146155","2025-11-05","52.00","NZD","1760647872","23477/2025-11-05/1760647872.json"
"581513","221281","2025-11-06","36.00","NZD","1760647872","23477/2025-11-06/1760647872.json"
"581514","221282","2025-11-06","36.00","NZD","1760647872","23477/2025-11-06/1760647872.json"
"512557","146154","2025-11-06","45.00","NZD","1760647872","23477/2025-11-06/1760647872.json"
"365170","146153","2025-11-06","48.00","NZD","1760647872","23477/2025-11-06/1760647872.json"
"510807","146155","2025-11-06","52.00","NZD","1760647872","23477/2025-11-06/1760647872.json"
"581513","221281","2025-11-08","36.00","NZD","1760647872","23477/2025-11-08/1760647872.json"
"581514","221282","2025-11-08","36.00","NZD","1760647872","23477/2025-11-08/1760647872.json"
"512557","146154","2025-11-08","45.00","NZD","1760647872","23477/2025-11-08/1760647872.json"
"365170","146153","2025-11-08","48.00","NZD","1760647872","23477/2025-11-08/1760647872.json"
"510807","146155","2025-11-08","52.00","NZD","1760647872","23477/2025-11-08/1760647872.json"
"581513","221281","2025-11-07","36.00","NZD","1760647872","23477/2025-11-07/1760647872.json"
"581514","221282","2025-11-07","36.00","NZD","1760647872","23477/2025-11-07/1760647872.json"
"512557","146154","2025-11-07","45.00","NZD","1760647872","23477/2025-11-07/1760647872.json"
"365170","146153","2025-11-07","48.00","NZD","1760647872","23477/2025-11-07/1760647872.json"
"510807","146155","2025-11-07","52.00","NZD","1760647872","23477/2025-11-07/1760647872.json"
"581513","221281","2025-11-09","36.00","NZD","1760647872","23477/2025-11-09/1760647872.json"
"581514","221282","2025-11-09","36.00","NZD","1760647872","23477/2025-11-09/1760647872.json"
"512557","146154","2025-11-09","45.00","NZD","1760647872","23477/2025-11-09/1760647872.json"
"365170","146153","2025-11-09","48.00","NZD","1760647872","23477/2025-11-09/1760647872.json"
"510807","146155","2025-11-09","52.00","NZD","1760647872","23477/2025-11-09/1760647872.json"
"581513","221281","2025-11-10","36.00","NZD","1760647872","23477/2025-11-10/1760647872.json"
"581514","221282","2025-11-10","36.00","NZD","1760647872","23477/2025-11-10/1760647872.json"
"512557","146154","2025-11-10","45.00","NZD","1760647872","23477/2025-11-10/1760647872.json"
"365170","146153","2025-11-10","48.00","NZD","1760647872","23477/2025-11-10/1760647872.json"
"510807","146155","2025-11-10","52.00","NZD","1760647872","23477/2025-11-10/1760647872.json"
"581513","221281","2025-11-12","36.00","NZD","1760647872","23477/2025-11-12/1760647872.json"
"581514","221282","2025-11-12","36.00","NZD","1760647872","23477/2025-11-12/1760647872.json"
"512557","146154","2025-11-12","45.00","NZD","1760647872","23477/2025-11-12/1760647872.json"
"365170","146153","2025-11-12","48.00","NZD","1760647872","23477/2025-11-12/1760647872.json"
"510807","146155","2025-11-12","52.00","NZD","1760647872","23477/2025-11-12/1760647872.json"
"581513","221281","2025-11-11","36.00","NZD","1760647872","23477/2025-11-11/1760647872.json"
"581514","221282","2025-11-11","36.00","NZD","1760647872","23477/2025-11-11/1760647872.json"
"512557","146154","2025-11-11","45.00","NZD","1760647872","23477/2025-11-11/1760647872.json"
"365170","146153","2025-11-11","48.00","NZD","1760647872","23477/2025-11-11/1760647872.json"
"510807","146155","2025-11-11","52.00","NZD","1760647872","23477/2025-11-11/1760647872.json"
"581513","221281","2025-11-13","36.00","NZD","1760647872","23477/2025-11-13/1760647872.json"
"581514","221282","2025-11-13","36.00","NZD","1760647872","23477/2025-11-13/1760647872.json"
"512557","146154","2025-11-13","45.00","NZD","1760647872","23477/2025-11-13/1760647872.json"
"365170","146153","2025-11-13","48.00","NZD","1760647872","23477/2025-11-13/1760647872.json"
"510807","146155","2025-11-13","52.00","NZD","1760647872","23477/2025-11-13/1760647872.json"
"581513","221281","2025-11-14","36.00","NZD","1760647872","23477/2025-11-14/1760647872.json"
"581514","221282","2025-11-14","36.00","NZD","1760647872","23477/2025-11-14/1760647872.json"
"512557","146154","2025-11-14","45.00","NZD","1760647872","23477/2025-11-14/1760647872.json"
"365170","146153","2025-11-14","48.00","NZD","1760647872","23477/2025-11-14/1760647872.json"
"510807","146155","2025-11-14","52.00","NZD","1760647872","23477/2025-11-14/1760647872.json"
"581513","221281","2025-11-15","36.00","NZD","1760647872","23477/2025-11-15/1760647872.json"
"581514","221282","2025-11-15","36.00","NZD","1760647872","23477/2025-11-15/1760647872.json"
"512557","146154","2025-11-15","45.00","NZD","1760647872","23477/2025-11-15/1760647872.json"
"365170","146153","2025-11-15","48.00","NZD","1760647872","23477/2025-11-15/1760647872.json"
"510807","146155","2025-11-15","52.00","NZD","1760647872","23477/2025-11-15/1760647872.json"
"581513","221281","2025-11-16","36.00","NZD","1760647872","23477/2025-11-16/1760647872.json"
"581514","221282","2025-11-16","36.00","NZD","1760647872","23477/2025-11-16/1760647872.json"
"512557","146154","2025-11-16","45.00","NZD","1760647872","23477/2025-11-16/1760647872.json"
"365170","146153","2025-11-16","48.00","NZD","1760647872","23477/2025-11-16/1760647872.json"
"510807","146155","2025-11-16","52.00","NZD","1760647872","23477/2025-11-16/1760647872.json"
"581513","221281","2025-11-18","36.00","NZD","1760647872","23477/2025-11-18/1760647872.json"
"581514","221282","2025-11-18","36.00","NZD","1760647872","23477/2025-11-18/1760647872.json"
"512557","146154","2025-11-18","45.00","NZD","1760647872","23477/2025-11-18/1760647872.json"
"365170","146153","2025-11-18","48.00","NZD","1760647872","23477/2025-11-18/1760647872.json"
"510807","146155","2025-11-18","52.00","NZD","1760647872","23477/2025-11-18/1760647872.json"
"581513","221281","2025-11-17","36.00","NZD","1760647872","23477/2025-11-17/1760647872.json"
"581514","221282","2025-11-17","36.00","NZD","1760647872","23477/2025-11-17/1760647872.json"
"512557","146154","2025-11-17","45.00","NZD","1760647872","23477/2025-11-17/1760647872.json"
"365170","146153","2025-11-17","48.00","NZD","1760647872","23477/2025-11-17/1760647872.json"
"510807","146155","2025-11-17","52.00","NZD","1760647872","23477/2025-11-17/1760647872.json"
"581513","221281","2025-11-21","36.00","NZD","1760647872","23477/2025-11-21/1760647872.json"
"581514","221282","2025-11-21","36.00","NZD","1760647872","23477/2025-11-21/1760647872.json"
"512557","146154","2025-11-21","45.00","NZD","1760647872","23477/2025-11-21/1760647872.json"
"365170","146153","2025-11-21","48.00","NZD","1760647872","23477/2025-11-21/1760647872.json"
"510807","146155","2025-11-21","52.00","NZD","1760647872","23477/2025-11-21/1760647872.json"
"581513","221281","2025-11-19","36.00","NZD","1760647872","23477/2025-11-19/1760647872.json"
"581514","221282","2025-11-19","36.00","NZD","1760647872","23477/2025-11-19/1760647872.json"
"512557","146154","2025-11-19","45.00","NZD","1760647872","23477/2025-11-19/1760647872.json"
"365170","146153","2025-11-19","48.00","NZD","1760647872","23477/2025-11-19/1760647872.json"
"510807","146155","2025-11-19","52.00","NZD","1760647872","23477/2025-11-19/1760647872.json"
"581513","221281","2025-11-20","36.00","NZD","1760647872","23477/2025-11-20/1760647872.json"
"581514","221282","2025-11-20","36.00","NZD","1760647872","23477/2025-11-20/1760647872.json"
"512557","146154","2025-11-20","45.00","NZD","1760647872","23477/2025-11-20/1760647872.json"
"581513","221281","2025-11-22","36.00","NZD","1760647872","23477/2025-11-22/1760647872.json"
"581514","221282","2025-11-22","36.00","NZD","1760647872","23477/2025-11-22/1760647872.json"
"512557","146154","2025-11-22","45.00","NZD","1760647872","23477/2025-11-22/1760647872.json"
"365170","146153","2025-11-22","48.00","NZD","1760647872","23477/2025-11-22/1760647872.json"
"510807","146155","2025-11-22","52.00","NZD","1760647872","23477/2025-11-22/1760647872.json"
"581513","221281","2025-11-23","36.00","NZD","1760647872","23477/2025-11-23/1760647872.json"
"581514","221282","2025-11-23","36.00","NZD","1760647872","23477/2025-11-23/1760647872.json"
"512557","146154","2025-11-23","45.00","NZD","1760647872","23477/2025-11-23/1760647872.json"
"365170","146153","2025-11-23","48.00","NZD","1760647872","23477/2025-11-23/1760647872.json"
"510807","146155","2025-11-23","52.00","NZD","1760647872","23477/2025-11-23/1760647872.json"
"581513","221281","2025-11-24","36.00","NZD","1760647872","23477/2025-11-24/1760647872.json"
"581514","221282","2025-11-24","36.00","NZD","1760647872","23477/2025-11-24/1760647872.json"
"512557","146154","2025-11-24","45.00","NZD","1760647872","23477/2025-11-24/1760647872.json"
"365170","146153","2025-11-24","48.00","NZD","1760647872","23477/2025-11-24/1760647872.json"
"510807","146155","2025-11-24","52.00","NZD","1760647872","23477/2025-11-24/1760647872.json"
"581513","221281","2025-11-25","36.00","NZD","1760647872","23477/2025-11-25/1760647872.json"
"581514","221282","2025-11-25","36.00","NZD","1760647872","23477/2025-11-25/1760647872.json"
"512557","146154","2025-11-25","45.00","NZD","1760647872","23477/2025-11-25/1760647872.json"
"365170","146153","2025-11-25","48.00","NZD","1760647872","23477/2025-11-25/1760647872.json"
"510807","146155","2025-11-25","52.00","NZD","1760647872","23477/2025-11-25/1760647872.json"
"581513","221281","2025-11-26","36.00","NZD","1760647872","23477/2025-11-26/1760647872.json"
"581514","221282","2025-11-26","36.00","NZD","1760647872","23477/2025-11-26/1760647872.json"
"512557","146154","2025-11-26","45.00","NZD","1760647872","23477/2025-11-26/1760647872.json"
"365170","146153","2025-11-26","48.00","NZD","1760647872","23477/2025-11-26/1760647872.json"
"510807","146155","2025-11-26","52.00","NZD","1760647872","23477/2025-11-26/1760647872.json"
"581513","221281","2025-11-27","36.00","NZD","1760647872","23477/2025-11-27/1760647872.json"
"581514","221282","2025-11-27","36.00","NZD","1760647872","23477/2025-11-27/1760647872.json"
"512557","146154","2025-11-27","45.00","NZD","1760647872","23477/2025-11-27/1760647872.json"
"365170","146153","2025-11-27","48.00","NZD","1760647872","23477/2025-11-27/1760647872.json"
"510807","146155","2025-11-27","52.00","NZD","1760647872","23477/2025-11-27/1760647872.json"
"581513","221281","2025-11-28","36.00","NZD","1760647872","23477/2025-11-28/1760647872.json"
"581514","221282","2025-11-28","36.00","NZD","1760647872","23477/2025-11-28/1760647872.json"
"512557","146154","2025-11-28","45.00","NZD","1760647872","23477/2025-11-28/1760647872.json"
"365170","146153","2025-11-28","48.00","NZD","1760647872","23477/2025-11-28/1760647872.json"
"510807","146155","2025-11-28","52.00","NZD","1760647872","23477/2025-11-28/1760647872.json"
"581513","221281","2025-11-29","36.00","NZD","1760647872","23477/2025-11-29/1760647872.json"
"581514","221282","2025-11-29","36.00","NZD","1760647872","23477/2025-11-29/1760647872.json"
"512557","146154","2025-11-29","45.00","NZD","1760647872","23477/2025-11-29/1760647872.json"
"365170","146153","2025-11-29","48.00","NZD","1760647872","23477/2025-11-29/1760647872.json"
"510807","146155","2025-11-29","52.00","NZD","1760647872","23477/2025-11-29/1760647872.json"
"581513","221281","2025-11-30","36.00","NZD","1760647872","23477/2025-11-30/1760647872.json"
"581514","221282","2025-11-30","36.00","NZD","1760647872","23477/2025-11-30/1760647872.json"
"512557","146154","2025-11-30","45.00","NZD","1760647872","23477/2025-11-30/1760647872.json"
"365170","146153","2025-11-30","48.00","NZD","1760647872","23477/2025-11-30/1760647872.json"
"510807","146155","2025-11-30","52.00","NZD","1760647872","23477/2025-11-30/1760647872.json"
"581513","221281","2025-12-01","36.00","NZD","1760647872","23477/2025-12-01/1760647872.json"
"581514","221282","2025-12-01","36.00","NZD","1760647872","23477/2025-12-01/1760647872.json"
"512557","146154","2025-12-01","45.00","NZD","1760647872","23477/2025-12-01/1760647872.json"
"365170","146153","2025-12-01","48.00","NZD","1760647872","23477/2025-12-01/1760647872.json"
"510807","146155","2025-12-01","52.00","NZD","1760647872","23477/2025-12-01/1760647872.json"
"581513","221281","2025-12-02","36.00","NZD","1760647872","23477/2025-12-02/1760647872.json"
"581514","221282","2025-12-02","36.00","NZD","1760647872","23477/2025-12-02/1760647872.json"
"512557","146154","2025-12-02","45.00","NZD","1760647872","23477/2025-12-02/1760647872.json"
"365170","146153","2025-12-02","48.00","NZD","1760647872","23477/2025-12-02/1760647872.json"
"510807","146155","2025-12-02","52.00","NZD","1760647872","23477/2025-12-02/1760647872.json"
"581513","221281","2025-12-03","36.00","NZD","1760647872","23477/2025-12-03/1760647872.json"
"581514","221282","2025-12-03","36.00","NZD","1760647872","23477/2025-12-03/1760647872.json"
"512557","146154","2025-12-03","45.00","NZD","1760647872","23477/2025-12-03/1760647872.json"
"365170","146153","2025-12-03","48.00","NZD","1760647872","23477/2025-12-03/1760647872.json"
"510807","146155","2025-12-03","52.00","NZD","1760647872","23477/2025-12-03/1760647872.json"
"581513","221281","2025-12-04","36.00","NZD","1760647872","23477/2025-12-04/1760647872.json"
"581514","221282","2025-12-04","36.00","NZD","1760647872","23477/2025-12-04/1760647872.json"
"512557","146154","2025-12-04","45.00","NZD","1760647872","23477/2025-12-04/1760647872.json"
"365170","146153","2025-12-04","48.00","NZD","1760647872","23477/2025-12-04/1760647872.json"
"510807","146155","2025-12-04","52.00","NZD","1760647872","23477/2025-12-04/1760647872.json"
"581513","221281","2025-12-05","36.00","NZD","1760647872","23477/2025-12-05/1760647872.json"
"581514","221282","2025-12-05","36.00","NZD","1760647872","23477/2025-12-05/1760647872.json"
"512557","146154","2025-12-05","45.00","NZD","1760647872","23477/2025-12-05/1760647872.json"
"365170","146153","2025-12-05","48.00","NZD","1760647872","23477/2025-12-05/1760647872.json"
"510807","146155","2025-12-05","52.00","NZD","1760647872","23477/2025-12-05/1760647872.json"
"581513","221281","2025-12-06","36.00","NZD","1760647872","23477/2025-12-06/1760647872.json"
"581514","221282","2025-12-06","36.00","NZD","1760647872","23477/2025-12-06/1760647872.json"
"512557","146154","2025-12-06","45.00","NZD","1760647872","23477/2025-12-06/1760647872.json"
"365170","146153","2025-12-06","48.00","NZD","1760647872","23477/2025-12-06/1760647872.json"
"510807","146155","2025-12-06","52.00","NZD","1760647872","23477/2025-12-06/1760647872.json"
"581513","221281","2025-12-07","36.00","NZD","1760647872","23477/2025-12-07/1760647872.json"
"581514","221282","2025-12-07","36.00","NZD","1760647872","23477/2025-12-07/1760647872.json"
"512557","146154","2025-12-07","45.00","NZD","1760647872","23477/2025-12-07/1760647872.json"
"365170","146153","2025-12-07","48.00","NZD","1760647872","23477/2025-12-07/1760647872.json"
"510807","146155","2025-12-07","52.00","NZD","1760647872","23477/2025-12-07/1760647872.json"
"581513","221281","2025-12-08","36.00","NZD","1760647872","23477/2025-12-08/1760647872.json"
"581514","221282","2025-12-08","36.00","NZD","1760647872","23477/2025-12-08/1760647872.json"
"512557","146154","2025-12-08","45.00","NZD","1760647872","23477/2025-12-08/1760647872.json"
"365170","146153","2025-12-08","48.00","NZD","1760647872","23477/2025-12-08/1760647872.json"
"510807","146155","2025-12-08","52.00","NZD","1760647872","23477/2025-12-08/1760647872.json"
"581513","221281","2025-12-10","36.00","NZD","1760647872","23477/2025-12-10/1760647872.json"
"581514","221282","2025-12-10","36.00","NZD","1760647872","23477/2025-12-10/1760647872.json"
"512557","146154","2025-12-10","45.00","NZD","1760647872","23477/2025-12-10/1760647872.json"
"365170","146153","2025-12-10","48.00","NZD","1760647872","23477/2025-12-10/1760647872.json"
"510807","146155","2025-12-10","52.00","NZD","1760647872","23477/2025-12-10/1760647872.json"
"581513","221281","2025-12-09","36.00","NZD","1760647872","23477/2025-12-09/1760647872.json"
"581514","221282","2025-12-09","36.00","NZD","1760647872","23477/2025-12-09/1760647872.json"
"512557","146154","2025-12-09","45.00","NZD","1760647872","23477/2025-12-09/1760647872.json"
"365170","146153","2025-12-09","48.00","NZD","1760647872","23477/2025-12-09/1760647872.json"
"510807","146155","2025-12-09","52.00","NZD","1760647872","23477/2025-12-09/1760647872.json"
"581513","221281","2025-12-11","36.00","NZD","1760647872","23477/2025-12-11/1760647872.json"
"581514","221282","2025-12-11","36.00","NZD","1760647872","23477/2025-12-11/1760647872.json"
"512557","146154","2025-12-11","45.00","NZD","1760647872","23477/2025-12-11/1760647872.json"
"365170","146153","2025-12-11","48.00","NZD","1760647872","23477/2025-12-11/1760647872.json"
"510807","146155","2025-12-11","52.00","NZD","1760647872","23477/2025-12-11/1760647872.json"
"581513","221281","2025-12-12","36.00","NZD","1760647872","23477/2025-12-12/1760647872.json"
"581514","221282","2025-12-12","36.00","NZD","1760647872","23477/2025-12-12/1760647872.json"
"512557","146154","2025-12-12","45.00","NZD","1760647872","23477/2025-12-12/1760647872.json"
"365170","146153","2025-12-12","48.00","NZD","1760647872","23477/2025-12-12/1760647872.json"
"510807","146155","2025-12-12","52.00","NZD","1760647872","23477/2025-12-12/1760647872.json"
"581513","221281","2025-12-13","36.00","NZD","1760647872","23477/2025-12-13/1760647872.json"
"581514","221282","2025-12-13","36.00","NZD","1760647872","23477/2025-12-13/1760647872.json"
"512557","146154","2025-12-13","45.00","NZD","1760647872","23477/2025-12-13/1760647872.json"
"365170","146153","2025-12-13","48.00","NZD","1760647872","23477/2025-12-13/1760647872.json"
"510807","146155","2025-12-13","52.00","NZD","1760647872","23477/2025-12-13/1760647872.json"
"581513","221281","2025-12-14","36.00","NZD","1760647872","23477/2025-12-14/1760647872.json"
"581514","221282","2025-12-14","36.00","NZD","1760647872","23477/2025-12-14/1760647872.json"
"512557","146154","2025-12-14","45.00","NZD","1760647872","23477/2025-12-14/1760647872.json"
"365170","146153","2025-12-14","48.00","NZD","1760647872","23477/2025-12-14/1760647872.json"
"510807","146155","2025-12-14","52.00","NZD","1760647872","23477/2025-12-14/1760647872.json"
"581513","221281","2025-12-15","36.00","NZD","1760647872","23477/2025-12-15/1760647872.json"
"581514","221282","2025-12-15","36.00","NZD","1760647872","23477/2025-12-15/1760647872.json"
"512557","146154","2025-12-15","45.00","NZD","1760647872","23477/2025-12-15/1760647872.json"
"365170","146153","2025-12-15","48.00","NZD","1760647872","23477/2025-12-15/1760647872.json"
"510807","146155","2025-12-15","52.00","NZD","1760647872","23477/2025-12-15/1760647872.json"
"581513","221281","2025-10-17","36.00","NZD","1760671515","23477/2025-10-17/1760671515.json"
"581514","221282","2025-10-17","36.00","NZD","1760671515","23477/2025-10-17/1760671515.json"
"512557","146154","2025-10-17","45.00","NZD","1760671515","23477/2025-10-17/1760671515.json"
"581513","221281","2025-10-20","36.00","NZD","1760671515","23477/2025-10-20/1760671515.json"
"365170","146153","2025-10-17","48.00","NZD","1760671515","23477/2025-10-17/1760671515.json"
"581514","221282","2025-10-20","36.00","NZD","1760671515","23477/2025-10-20/1760671515.json"
"510807","146155","2025-10-17","52.00","NZD","1760671515","23477/2025-10-17/1760671515.json"
"581513","221281","2025-10-19","36.00","NZD","1760671515","23477/2025-10-19/1760671515.json"
"512557","146154","2025-10-20","45.00","NZD","1760671515","23477/2025-10-20/1760671515.json"
"581514","221282","2025-10-19","36.00","NZD","1760671515","23477/2025-10-19/1760671515.json"
"365170","146153","2025-10-20","48.00","NZD","1760671515","23477/2025-10-20/1760671515.json"
"512557","146154","2025-10-19","45.00","NZD","1760671515","23477/2025-10-19/1760671515.json"
"510807","146155","2025-10-20","52.00","NZD","1760671515","23477/2025-10-20/1760671515.json"
"365170","146153","2025-10-19","48.00","NZD","1760671515","23477/2025-10-19/1760671515.json"
"510807","146155","2025-10-19","52.00","NZD","1760671515","23477/2025-10-19/1760671515.json"
"581513","221281","2025-10-18","36.00","NZD","1760671515","23477/2025-10-18/1760671515.json"
"581514","221282","2025-10-18","36.00","NZD","1760671515","23477/2025-10-18/1760671515.json"
"512557","146154","2025-10-18","45.00","NZD","1760671515","23477/2025-10-18/1760671515.json"
"365170","146153","2025-10-18","48.00","NZD","1760671515","23477/2025-10-18/1760671515.json"
"510807","146155","2025-10-18","52.00","NZD","1760671515","23477/2025-10-18/1760671515.json"
"581513","221281","2025-10-23","36.00","NZD","1760671515","23477/2025-10-23/1760671515.json"
"581514","221282","2025-10-23","36.00","NZD","1760671515","23477/2025-10-23/1760671515.json"
"512557","146154","2025-10-23","45.00","NZD","1760671515","23477/2025-10-23/1760671515.json"
"365170","146153","2025-10-23","48.00","NZD","1760671515","23477/2025-10-23/1760671515.json"
"510807","146155","2025-10-23","52.00","NZD","1760671515","23477/2025-10-23/1760671515.json"
"581513","221281","2025-10-24","36.00","NZD","1760671515","23477/2025-10-24/1760671515.json"
"581514","221282","2025-10-24","36.00","NZD","1760671515","23477/2025-10-24/1760671515.json"
"512557","146154","2025-10-24","45.00","NZD","1760671515","23477/2025-10-24/1760671515.json"
"365170","146153","2025-10-24","48.00","NZD","1760671515","23477/2025-10-24/1760671515.json"
"510807","146155","2025-10-24","52.00","NZD","1760671515","23477/2025-10-24/1760671515.json"
"581513","221281","2025-10-25","38.00","NZD","1760671515","23477/2025-10-25/1760671515.json"
"581514","221282","2025-10-25","38.00","NZD","1760671515","23477/2025-10-25/1760671515.json"
"512557","146154","2025-10-25","45.00","NZD","1760671515","23477/2025-10-25/1760671515.json"
"581513","221281","2025-10-26","38.00","NZD","1760671515","23477/2025-10-26/1760671515.json"
"581514","221282","2025-10-26","38.00","NZD","1760671515","23477/2025-10-26/1760671515.json"
"512557","146154","2025-10-26","45.00","NZD","1760671515","23477/2025-10-26/1760671515.json"
"581513","221281","2025-10-22","36.00","NZD","1760671515","23477/2025-10-22/1760671515.json"
"581514","221282","2025-10-22","36.00","NZD","1760671515","23477/2025-10-22/1760671515.json"
"512557","146154","2025-10-22","45.00","NZD","1760671515","23477/2025-10-22/1760671515.json"
"365170","146153","2025-10-22","48.00","NZD","1760671515","23477/2025-10-22/1760671515.json"
"510807","146155","2025-10-22","52.00","NZD","1760671515","23477/2025-10-22/1760671515.json"
"581513","221281","2025-10-21","36.00","NZD","1760671515","23477/2025-10-21/1760671515.json"
"581514","221282","2025-10-21","36.00","NZD","1760671515","23477/2025-10-21/1760671515.json"
"512557","146154","2025-10-21","45.00","NZD","1760671515","23477/2025-10-21/1760671515.json"
"365170","146153","2025-10-21","48.00","NZD","1760671515","23477/2025-10-21/1760671515.json"
"510807","146155","2025-10-21","52.00","NZD","1760671515","23477/2025-10-21/1760671515.json"
"581513","221281","2025-10-29","36.00","NZD","1760671515","23477/2025-10-29/1760671515.json"
"581514","221282","2025-10-29","36.00","NZD","1760671515","23477/2025-10-29/1760671515.json"
"512557","146154","2025-10-29","45.00","NZD","1760671515","23477/2025-10-29/1760671515.json"
"365170","146153","2025-10-29","48.00","NZD","1760671515","23477/2025-10-29/1760671515.json"
"510807","146155","2025-10-29","52.00","NZD","1760671515","23477/2025-10-29/1760671515.json"
"581513","221281","2025-10-30","36.00","NZD","1760671515","23477/2025-10-30/1760671515.json"
"581514","221282","2025-10-30","36.00","NZD","1760671515","23477/2025-10-30/1760671515.json"
"512557","146154","2025-10-30","45.00","NZD","1760671515","23477/2025-10-30/1760671515.json"
"365170","146153","2025-10-30","48.00","NZD","1760671515","23477/2025-10-30/1760671515.json"
"510807","146155","2025-10-30","52.00","NZD","1760671515","23477/2025-10-30/1760671515.json"
"581513","221281","2025-10-28","36.00","NZD","1760671515","23477/2025-10-28/1760671515.json"
"581514","221282","2025-10-28","36.00","NZD","1760671515","23477/2025-10-28/1760671515.json"
"512557","146154","2025-10-28","45.00","NZD","1760671515","23477/2025-10-28/1760671515.json"
"365170","146153","2025-10-28","48.00","NZD","1760671515","23477/2025-10-28/1760671515.json"
"510807","146155","2025-10-28","52.00","NZD","1760671515","23477/2025-10-28/1760671515.json"
"581513","221281","2025-10-27","38.00","NZD","1760671515","23477/2025-10-27/1760671515.json"
"581514","221282","2025-10-27","38.00","NZD","1760671515","23477/2025-10-27/1760671515.json"
"512557","146154","2025-10-27","45.00","NZD","1760671515","23477/2025-10-27/1760671515.json"
"365170","146153","2025-10-27","48.00","NZD","1760671515","23477/2025-10-27/1760671515.json"
"510807","146155","2025-10-27","52.00","NZD","1760671515","23477/2025-10-27/1760671515.json"
"581513","221281","2025-11-03","36.00","NZD","1760671515","23477/2025-11-03/1760671515.json"
"581514","221282","2025-11-03","36.00","NZD","1760671515","23477/2025-11-03/1760671515.json"
"512557","146154","2025-11-03","45.00","NZD","1760671515","23477/2025-11-03/1760671515.json"
"365170","146153","2025-11-03","48.00","NZD","1760671515","23477/2025-11-03/1760671515.json"
"510807","146155","2025-11-03","52.00","NZD","1760671515","23477/2025-11-03/1760671515.json"
"581513","221281","2025-10-31","36.00","NZD","1760671515","23477/2025-10-31/1760671515.json"
"581514","221282","2025-10-31","36.00","NZD","1760671515","23477/2025-10-31/1760671515.json"
"512557","146154","2025-10-31","45.00","NZD","1760671515","23477/2025-10-31/1760671515.json"
"365170","146153","2025-10-31","48.00","NZD","1760671515","23477/2025-10-31/1760671515.json"
"510807","146155","2025-10-31","52.00","NZD","1760671515","23477/2025-10-31/1760671515.json"
"581513","221281","2025-11-01","36.00","NZD","1760671515","23477/2025-11-01/1760671515.json"
"581514","221282","2025-11-01","36.00","NZD","1760671515","23477/2025-11-01/1760671515.json"
"512557","146154","2025-11-01","45.00","NZD","1760671515","23477/2025-11-01/1760671515.json"
"365170","146153","2025-11-01","48.00","NZD","1760671515","23477/2025-11-01/1760671515.json"
"510807","146155","2025-11-01","52.00","NZD","1760671515","23477/2025-11-01/1760671515.json"
"581513","221281","2025-11-02","36.00","NZD","1760671515","23477/2025-11-02/1760671515.json"
"581514","221282","2025-11-02","36.00","NZD","1760671515","23477/2025-11-02/1760671515.json"
"512557","146154","2025-11-02","45.00","NZD","1760671515","23477/2025-11-02/1760671515.json"
"365170","146153","2025-11-02","48.00","NZD","1760671515","23477/2025-11-02/1760671515.json"
"510807","146155","2025-11-02","52.00","NZD","1760671515","23477/2025-11-02/1760671515.json"
"581513","221281","2025-11-04","36.00","NZD","1760671515","23477/2025-11-04/1760671515.json"
"581514","221282","2025-11-04","36.00","NZD","1760671515","23477/2025-11-04/1760671515.json"
"512557","146154","2025-11-04","45.00","NZD","1760671515","23477/2025-11-04/1760671515.json"
"365170","146153","2025-11-04","48.00","NZD","1760671515","23477/2025-11-04/1760671515.json"
"510807","146155","2025-11-04","52.00","NZD","1760671515","23477/2025-11-04/1760671515.json"
"581513","221281","2025-11-05","36.00","NZD","1760671515","23477/2025-11-05/1760671515.json"
"581514","221282","2025-11-05","36.00","NZD","1760671515","23477/2025-11-05/1760671515.json"
"512557","146154","2025-11-05","45.00","NZD","1760671515","23477/2025-11-05/1760671515.json"
"365170","146153","2025-11-05","48.00","NZD","1760671515","23477/2025-11-05/1760671515.json"
"510807","146155","2025-11-05","52.00","NZD","1760671515","23477/2025-11-05/1760671515.json"
"581513","221281","2025-11-07","36.00","NZD","1760671515","23477/2025-11-07/1760671515.json"
"581514","221282","2025-11-07","36.00","NZD","1760671515","23477/2025-11-07/1760671515.json"
"512557","146154","2025-11-07","45.00","NZD","1760671515","23477/2025-11-07/1760671515.json"
"365170","146153","2025-11-07","48.00","NZD","1760671515","23477/2025-11-07/1760671515.json"
"510807","146155","2025-11-07","52.00","NZD","1760671515","23477/2025-11-07/1760671515.json"
"581513","221281","2025-11-08","36.00","NZD","1760671515","23477/2025-11-08/1760671515.json"
"581514","221282","2025-11-08","36.00","NZD","1760671515","23477/2025-11-08/1760671515.json"
"512557","146154","2025-11-08","45.00","NZD","1760671515","23477/2025-11-08/1760671515.json"
"365170","146153","2025-11-08","48.00","NZD","1760671515","23477/2025-11-08/1760671515.json"
"510807","146155","2025-11-08","52.00","NZD","1760671515","23477/2025-11-08/1760671515.json"
"581513","221281","2025-11-10","36.00","NZD","1760671515","23477/2025-11-10/1760671515.json"
"581514","221282","2025-11-10","36.00","NZD","1760671515","23477/2025-11-10/1760671515.json"
"512557","146154","2025-11-10","45.00","NZD","1760671515","23477/2025-11-10/1760671515.json"
"365170","146153","2025-11-10","48.00","NZD","1760671515","23477/2025-11-10/1760671515.json"
"510807","146155","2025-11-10","52.00","NZD","1760671515","23477/2025-11-10/1760671515.json"
"581513","221281","2025-11-09","36.00","NZD","1760671515","23477/2025-11-09/1760671515.json"
"581514","221282","2025-11-09","36.00","NZD","1760671515","23477/2025-11-09/1760671515.json"
"512557","146154","2025-11-09","45.00","NZD","1760671515","23477/2025-11-09/1760671515.json"
"365170","146153","2025-11-09","48.00","NZD","1760671515","23477/2025-11-09/1760671515.json"
"510807","146155","2025-11-09","52.00","NZD","1760671515","23477/2025-11-09/1760671515.json"
"581513","221281","2025-11-06","36.00","NZD","1760671515","23477/2025-11-06/1760671515.json"
"581514","221282","2025-11-06","36.00","NZD","1760671515","23477/2025-11-06/1760671515.json"
"512557","146154","2025-11-06","45.00","NZD","1760671515","23477/2025-11-06/1760671515.json"
"365170","146153","2025-11-06","48.00","NZD","1760671515","23477/2025-11-06/1760671515.json"
"510807","146155","2025-11-06","52.00","NZD","1760671515","23477/2025-11-06/1760671515.json"
"581513","221281","2025-11-12","36.00","NZD","1760671515","23477/2025-11-12/1760671515.json"
"581514","221282","2025-11-12","36.00","NZD","1760671515","23477/2025-11-12/1760671515.json"
"512557","146154","2025-11-12","45.00","NZD","1760671515","23477/2025-11-12/1760671515.json"
"365170","146153","2025-11-12","48.00","NZD","1760671515","23477/2025-11-12/1760671515.json"
"510807","146155","2025-11-12","52.00","NZD","1760671515","23477/2025-11-12/1760671515.json"
"581513","221281","2025-11-13","36.00","NZD","1760671515","23477/2025-11-13/1760671515.json"
"581514","221282","2025-11-13","36.00","NZD","1760671515","23477/2025-11-13/1760671515.json"
"512557","146154","2025-11-13","45.00","NZD","1760671515","23477/2025-11-13/1760671515.json"
"365170","146153","2025-11-13","48.00","NZD","1760671515","23477/2025-11-13/1760671515.json"
"510807","146155","2025-11-13","52.00","NZD","1760671515","23477/2025-11-13/1760671515.json"
"581513","221281","2025-11-11","36.00","NZD","1760671515","23477/2025-11-11/1760671515.json"
"581514","221282","2025-11-11","36.00","NZD","1760671515","23477/2025-11-11/1760671515.json"
"512557","146154","2025-11-11","45.00","NZD","1760671515","23477/2025-11-11/1760671515.json"
"365170","146153","2025-11-11","48.00","NZD","1760671515","23477/2025-11-11/1760671515.json"
"510807","146155","2025-11-11","52.00","NZD","1760671515","23477/2025-11-11/1760671515.json"
"581513","221281","2025-11-14","36.00","NZD","1760671515","23477/2025-11-14/1760671515.json"
"581514","221282","2025-11-14","36.00","NZD","1760671515","23477/2025-11-14/1760671515.json"
"512557","146154","2025-11-14","45.00","NZD","1760671515","23477/2025-11-14/1760671515.json"
"365170","146153","2025-11-14","48.00","NZD","1760671515","23477/2025-11-14/1760671515.json"
"510807","146155","2025-11-14","52.00","NZD","1760671515","23477/2025-11-14/1760671515.json"
"581513","221281","2025-11-17","36.00","NZD","1760671515","23477/2025-11-17/1760671515.json"
"581514","221282","2025-11-17","36.00","NZD","1760671515","23477/2025-11-17/1760671515.json"
"512557","146154","2025-11-17","45.00","NZD","1760671515","23477/2025-11-17/1760671515.json"
"365170","146153","2025-11-17","48.00","NZD","1760671515","23477/2025-11-17/1760671515.json"
"510807","146155","2025-11-17","52.00","NZD","1760671515","23477/2025-11-17/1760671515.json"
"581513","221281","2025-11-16","36.00","NZD","1760671515","23477/2025-11-16/1760671515.json"
"581514","221282","2025-11-16","36.00","NZD","1760671515","23477/2025-11-16/1760671515.json"
"512557","146154","2025-11-16","45.00","NZD","1760671515","23477/2025-11-16/1760671515.json"
"365170","146153","2025-11-16","48.00","NZD","1760671515","23477/2025-11-16/1760671515.json"
"510807","146155","2025-11-16","52.00","NZD","1760671515","23477/2025-11-16/1760671515.json"
"581513","221281","2025-11-15","36.00","NZD","1760671515","23477/2025-11-15/1760671515.json"
"581514","221282","2025-11-15","36.00","NZD","1760671515","23477/2025-11-15/1760671515.json"
"512557","146154","2025-11-15","45.00","NZD","1760671515","23477/2025-11-15/1760671515.json"
"365170","146153","2025-11-15","48.00","NZD","1760671515","23477/2025-11-15/1760671515.json"
"510807","146155","2025-11-15","52.00","NZD","1760671515","23477/2025-11-15/1760671515.json"
"581513","221281","2025-11-18","36.00","NZD","1760671515","23477/2025-11-18/1760671515.json"
"581514","221282","2025-11-18","36.00","NZD","1760671515","23477/2025-11-18/1760671515.json"
"512557","146154","2025-11-18","45.00","NZD","1760671515","23477/2025-11-18/1760671515.json"
"365170","146153","2025-11-18","48.00","NZD","1760671515","23477/2025-11-18/1760671515.json"
"510807","146155","2025-11-18","52.00","NZD","1760671515","23477/2025-11-18/1760671515.json"
"581513","221281","2025-11-19","36.00","NZD","1760671515","23477/2025-11-19/1760671515.json"
"581513","221281","2025-11-21","36.00","NZD","1760671515","23477/2025-11-21/1760671515.json"
"581514","221282","2025-11-19","36.00","NZD","1760671515","23477/2025-11-19/1760671515.json"
"581514","221282","2025-11-21","36.00","NZD","1760671515","23477/2025-11-21/1760671515.json"
"512557","146154","2025-11-19","45.00","NZD","1760671515","23477/2025-11-19/1760671515.json"
"512557","146154","2025-11-21","45.00","NZD","1760671515","23477/2025-11-21/1760671515.json"
"365170","146153","2025-11-21","48.00","NZD","1760671515","23477/2025-11-21/1760671515.json"
"365170","146153","2025-11-19","48.00","NZD","1760671515","23477/2025-11-19/1760671515.json"
"510807","146155","2025-11-19","52.00","NZD","1760671515","23477/2025-11-19/1760671515.json"
"510807","146155","2025-11-21","52.00","NZD","1760671515","23477/2025-11-21/1760671515.json"
"581513","221281","2025-11-20","36.00","NZD","1760671515","23477/2025-11-20/1760671515.json"
"581514","221282","2025-11-20","36.00","NZD","1760671515","23477/2025-11-20/1760671515.json"
"512557","146154","2025-11-20","45.00","NZD","1760671515","23477/2025-11-20/1760671515.json"
"581513","221281","2025-11-22","36.00","NZD","1760671515","23477/2025-11-22/1760671515.json"
"581514","221282","2025-11-22","36.00","NZD","1760671515","23477/2025-11-22/1760671515.json"
"512557","146154","2025-11-22","45.00","NZD","1760671515","23477/2025-11-22/1760671515.json"
"365170","146153","2025-11-22","48.00","NZD","1760671515","23477/2025-11-22/1760671515.json"
"510807","146155","2025-11-22","52.00","NZD","1760671515","23477/2025-11-22/1760671515.json"
"581513","221281","2025-11-24","36.00","NZD","1760671515","23477/2025-11-24/1760671515.json"
"581514","221282","2025-11-24","36.00","NZD","1760671515","23477/2025-11-24/1760671515.json"
"512557","146154","2025-11-24","45.00","NZD","1760671515","23477/2025-11-24/1760671515.json"
"365170","146153","2025-11-24","48.00","NZD","1760671515","23477/2025-11-24/1760671515.json"
"510807","146155","2025-11-24","52.00","NZD","1760671515","23477/2025-11-24/1760671515.json"
"581513","221281","2025-11-23","36.00","NZD","1760671515","23477/2025-11-23/1760671515.json"
"581514","221282","2025-11-23","36.00","NZD","1760671515","23477/2025-11-23/1760671515.json"
"512557","146154","2025-11-23","45.00","NZD","1760671515","23477/2025-11-23/1760671515.json"
"365170","146153","2025-11-23","48.00","NZD","1760671515","23477/2025-11-23/1760671515.json"
"510807","146155","2025-11-23","52.00","NZD","1760671515","23477/2025-11-23/1760671515.json"
"581513","221281","2025-11-26","36.00","NZD","1760671515","23477/2025-11-26/1760671515.json"
"581514","221282","2025-11-26","36.00","NZD","1760671515","23477/2025-11-26/1760671515.json"
"512557","146154","2025-11-26","45.00","NZD","1760671515","23477/2025-11-26/1760671515.json"
"365170","146153","2025-11-26","48.00","NZD","1760671515","23477/2025-11-26/1760671515.json"
"510807","146155","2025-11-26","52.00","NZD","1760671515","23477/2025-11-26/1760671515.json"
"581513","221281","2025-11-25","36.00","NZD","1760671515","23477/2025-11-25/1760671515.json"
"581514","221282","2025-11-25","36.00","NZD","1760671515","23477/2025-11-25/1760671515.json"
"512557","146154","2025-11-25","45.00","NZD","1760671515","23477/2025-11-25/1760671515.json"
"365170","146153","2025-11-25","48.00","NZD","1760671515","23477/2025-11-25/1760671515.json"
"510807","146155","2025-11-25","52.00","NZD","1760671515","23477/2025-11-25/1760671515.json"
"581513","221281","2025-11-28","36.00","NZD","1760671515","23477/2025-11-28/1760671515.json"
"581514","221282","2025-11-28","36.00","NZD","1760671515","23477/2025-11-28/1760671515.json"
"512557","146154","2025-11-28","45.00","NZD","1760671515","23477/2025-11-28/1760671515.json"
"365170","146153","2025-11-28","48.00","NZD","1760671515","23477/2025-11-28/1760671515.json"
"510807","146155","2025-11-28","52.00","NZD","1760671515","23477/2025-11-28/1760671515.json"
"581513","221281","2025-11-29","36.00","NZD","1760671515","23477/2025-11-29/1760671515.json"
"581514","221282","2025-11-29","36.00","NZD","1760671515","23477/2025-11-29/1760671515.json"
"512557","146154","2025-11-29","45.00","NZD","1760671515","23477/2025-11-29/1760671515.json"
"365170","146153","2025-11-29","48.00","NZD","1760671515","23477/2025-11-29/1760671515.json"
"510807","146155","2025-11-29","52.00","NZD","1760671515","23477/2025-11-29/1760671515.json"
"581513","221281","2025-11-27","36.00","NZD","1760671515","23477/2025-11-27/1760671515.json"
"581514","221282","2025-11-27","36.00","NZD","1760671515","23477/2025-11-27/1760671515.json"
"512557","146154","2025-11-27","45.00","NZD","1760671515","23477/2025-11-27/1760671515.json"
"365170","146153","2025-11-27","48.00","NZD","1760671515","23477/2025-11-27/1760671515.json"
"510807","146155","2025-11-27","52.00","NZD","1760671515","23477/2025-11-27/1760671515.json"
"581513","221281","2025-11-30","36.00","NZD","1760671515","23477/2025-11-30/1760671515.json"
"581514","221282","2025-11-30","36.00","NZD","1760671515","23477/2025-11-30/1760671515.json"
"512557","146154","2025-11-30","45.00","NZD","1760671515","23477/2025-11-30/1760671515.json"
"365170","146153","2025-11-30","48.00","NZD","1760671515","23477/2025-11-30/1760671515.json"
"510807","146155","2025-11-30","52.00","NZD","1760671515","23477/2025-11-30/1760671515.json"
"581513","221281","2025-12-01","36.00","NZD","1760671515","23477/2025-12-01/1760671515.json"
"581514","221282","2025-12-01","36.00","NZD","1760671515","23477/2025-12-01/1760671515.json"
"512557","146154","2025-12-01","45.00","NZD","1760671515","23477/2025-12-01/1760671515.json"
"365170","146153","2025-12-01","48.00","NZD","1760671515","23477/2025-12-01/1760671515.json"
"510807","146155","2025-12-01","52.00","NZD","1760671515","23477/2025-12-01/1760671515.json"
"581513","221281","2025-12-02","36.00","NZD","1760671515","23477/2025-12-02/1760671515.json"
"581514","221282","2025-12-02","36.00","NZD","1760671515","23477/2025-12-02/1760671515.json"
"512557","146154","2025-12-02","45.00","NZD","1760671515","23477/2025-12-02/1760671515.json"
"365170","146153","2025-12-02","48.00","NZD","1760671515","23477/2025-12-02/1760671515.json"
"510807","146155","2025-12-02","52.00","NZD","1760671515","23477/2025-12-02/1760671515.json"
"581513","221281","2025-12-03","36.00","NZD","1760671515","23477/2025-12-03/1760671515.json"
"581514","221282","2025-12-03","36.00","NZD","1760671515","23477/2025-12-03/1760671515.json"
"512557","146154","2025-12-03","45.00","NZD","1760671515","23477/2025-12-03/1760671515.json"
"365170","146153","2025-12-03","48.00","NZD","1760671515","23477/2025-12-03/1760671515.json"
"510807","146155","2025-12-03","52.00","NZD","1760671515","23477/2025-12-03/1760671515.json"
"581513","221281","2025-12-04","36.00","NZD","1760671515","23477/2025-12-04/1760671515.json"
"581514","221282","2025-12-04","36.00","NZD","1760671515","23477/2025-12-04/1760671515.json"
"512557","146154","2025-12-04","45.00","NZD","1760671515","23477/2025-12-04/1760671515.json"
"365170","146153","2025-12-04","48.00","NZD","1760671515","23477/2025-12-04/1760671515.json"
"510807","146155","2025-12-04","52.00","NZD","1760671515","23477/2025-12-04/1760671515.json"
"581513","221281","2025-12-05","36.00","NZD","1760671515","23477/2025-12-05/1760671515.json"
"581514","221282","2025-12-05","36.00","NZD","1760671515","23477/2025-12-05/1760671515.json"
"512557","146154","2025-12-05","45.00","NZD","1760671515","23477/2025-12-05/1760671515.json"
"365170","146153","2025-12-05","48.00","NZD","1760671515","23477/2025-12-05/1760671515.json"
"510807","146155","2025-12-05","52.00","NZD","1760671515","23477/2025-12-05/1760671515.json"
"581513","221281","2025-12-07","36.00","NZD","1760671515","23477/2025-12-07/1760671515.json"
"581513","221281","2025-12-08","36.00","NZD","1760671515","23477/2025-12-08/1760671515.json"
"581514","221282","2025-12-07","36.00","NZD","1760671515","23477/2025-12-07/1760671515.json"
"581514","221282","2025-12-08","36.00","NZD","1760671515","23477/2025-12-08/1760671515.json"
"512557","146154","2025-12-08","45.00","NZD","1760671515","23477/2025-12-08/1760671515.json"
"512557","146154","2025-12-07","45.00","NZD","1760671515","23477/2025-12-07/1760671515.json"
"365170","146153","2025-12-08","48.00","NZD","1760671515","23477/2025-12-08/1760671515.json"
"510807","146155","2025-12-08","52.00","NZD","1760671515","23477/2025-12-08/1760671515.json"
"365170","146153","2025-12-07","48.00","NZD","1760671515","23477/2025-12-07/1760671515.json"
"510807","146155","2025-12-07","52.00","NZD","1760671515","23477/2025-12-07/1760671515.json"
"581513","221281","2025-12-06","36.00","NZD","1760671515","23477/2025-12-06/1760671515.json"
"581514","221282","2025-12-06","36.00","NZD","1760671515","23477/2025-12-06/1760671515.json"
"512557","146154","2025-12-06","45.00","NZD","1760671515","23477/2025-12-06/1760671515.json"
"365170","146153","2025-12-06","48.00","NZD","1760671515","23477/2025-12-06/1760671515.json"
"510807","146155","2025-12-06","52.00","NZD","1760671515","23477/2025-12-06/1760671515.json"
"581513","221281","2025-12-09","36.00","NZD","1760671515","23477/2025-12-09/1760671515.json"
"581514","221282","2025-12-09","36.00","NZD","1760671515","23477/2025-12-09/1760671515.json"
"512557","146154","2025-12-09","45.00","NZD","1760671515","23477/2025-12-09/1760671515.json"
"365170","146153","2025-12-09","48.00","NZD","1760671515","23477/2025-12-09/1760671515.json"
"510807","146155","2025-12-09","52.00","NZD","1760671515","23477/2025-12-09/1760671515.json"
"581513","221281","2025-12-11","36.00","NZD","1760671515","23477/2025-12-11/1760671515.json"
"581514","221282","2025-12-11","36.00","NZD","1760671515","23477/2025-12-11/1760671515.json"
"512557","146154","2025-12-11","45.00","NZD","1760671515","23477/2025-12-11/1760671515.json"
"365170","146153","2025-12-11","48.00","NZD","1760671515","23477/2025-12-11/1760671515.json"
"510807","146155","2025-12-11","52.00","NZD","1760671515","23477/2025-12-11/1760671515.json"
"581513","221281","2025-12-12","36.00","NZD","1760671515","23477/2025-12-12/1760671515.json"
"581514","221282","2025-12-12","36.00","NZD","1760671515","23477/2025-12-12/1760671515.json"
"512557","146154","2025-12-12","45.00","NZD","1760671515","23477/2025-12-12/1760671515.json"
"365170","146153","2025-12-12","48.00","NZD","1760671515","23477/2025-12-12/1760671515.json"
"510807","146155","2025-12-12","52.00","NZD","1760671515","23477/2025-12-12/1760671515.json"
"581513","221281","2025-12-10","36.00","NZD","1760671515","23477/2025-12-10/1760671515.json"
"581514","221282","2025-12-10","36.00","NZD","1760671515","23477/2025-12-10/1760671515.json"
"512557","146154","2025-12-10","45.00","NZD","1760671515","23477/2025-12-10/1760671515.json"
"365170","146153","2025-12-10","48.00","NZD","1760671515","23477/2025-12-10/1760671515.json"
"510807","146155","2025-12-10","52.00","NZD","1760671515","23477/2025-12-10/1760671515.json"
"581513","221281","2025-12-13","36.00","NZD","1760671515","23477/2025-12-13/1760671515.json"
"581514","221282","2025-12-13","36.00","NZD","1760671515","23477/2025-12-13/1760671515.json"
"512557","146154","2025-12-13","45.00","NZD","1760671515","23477/2025-12-13/1760671515.json"
"365170","146153","2025-12-13","48.00","NZD","1760671515","23477/2025-12-13/1760671515.json"
"510807","146155","2025-12-13","52.00","NZD","1760671515","23477/2025-12-13/1760671515.json"
"581513","221281","2025-12-14","36.00","NZD","1760671515","23477/2025-12-14/1760671515.json"
"581514","221282","2025-12-14","36.00","NZD","1760671515","23477/2025-12-14/1760671515.json"
"512557","146154","2025-12-14","45.00","NZD","1760671515","23477/2025-12-14/1760671515.json"
"365170","146153","2025-12-14","48.00","NZD","1760671515","23477/2025-12-14/1760671515.json"
"510807","146155","2025-12-14","52.00","NZD","1760671515","23477/2025-12-14/1760671515.json"
"581513","221281","2025-12-15","36.00","NZD","1760671515","23477/2025-12-15/1760671515.json"
"581514","221282","2025-12-15","36.00","NZD","1760671515","23477/2025-12-15/1760671515.json"
"512557","146154","2025-12-15","45.00","NZD","1760671515","23477/2025-12-15/1760671515.json"
"365170","146153","2025-12-15","48.00","NZD","1760671515","23477/2025-12-15/1760671515.json"
"510807","146155","2025-12-15","52.00","NZD","1760671515","23477/2025-12-15/1760671515.json"
"581513","221281","2025-12-16","36.00","NZD","1760671515","23477/2025-12-16/1760671515.json"
"581514","221282","2025-12-16","36.00","NZD","1760671515","23477/2025-12-16/1760671515.json"
"512557","146154","2025-12-16","45.00","NZD","1760671515","23477/2025-12-16/1760671515.json"
"365170","146153","2025-12-16","48.00","NZD","1760671515","23477/2025-12-16/1760671515.json"
"510807","146155","2025-12-16","52.00","NZD","1760671515","23477/2025-12-16/1760671515.json"
"581513","221281","2025-10-19","36.00","NZD","1760676876","23477/2025-10-19/1760676876.json"
"581514","221282","2025-10-19","36.00","NZD","1760676876","23477/2025-10-19/1760676876.json"
"512557","146154","2025-10-19","45.00","NZD","1760676876","23477/2025-10-19/1760676876.json"
"365170","146153","2025-10-19","48.00","NZD","1760676876","23477/2025-10-19/1760676876.json"
"510807","146155","2025-10-19","52.00","NZD","1760676876","23477/2025-10-19/1760676876.json"
"581513","221281","2025-10-17","36.00","NZD","1760676876","23477/2025-10-17/1760676876.json"
"581514","221282","2025-10-17","36.00","NZD","1760676876","23477/2025-10-17/1760676876.json"
"512557","146154","2025-10-17","45.00","NZD","1760676876","23477/2025-10-17/1760676876.json"
"365170","146153","2025-10-17","48.00","NZD","1760676876","23477/2025-10-17/1760676876.json"
"510807","146155","2025-10-17","52.00","NZD","1760676876","23477/2025-10-17/1760676876.json"
"581513","221281","2025-10-21","36.00","NZD","1760676876","23477/2025-10-21/1760676876.json"
"581514","221282","2025-10-21","36.00","NZD","1760676876","23477/2025-10-21/1760676876.json"
"512557","146154","2025-10-21","45.00","NZD","1760676876","23477/2025-10-21/1760676876.json"
"365170","146153","2025-10-21","48.00","NZD","1760676876","23477/2025-10-21/1760676876.json"
"510807","146155","2025-10-21","52.00","NZD","1760676876","23477/2025-10-21/1760676876.json"
"581513","221281","2025-10-22","36.00","NZD","1760676876","23477/2025-10-22/1760676876.json"
"581514","221282","2025-10-22","36.00","NZD","1760676876","23477/2025-10-22/1760676876.json"
"512557","146154","2025-10-22","45.00","NZD","1760676876","23477/2025-10-22/1760676876.json"
"365170","146153","2025-10-22","48.00","NZD","1760676876","23477/2025-10-22/1760676876.json"
"510807","146155","2025-10-22","52.00","NZD","1760676876","23477/2025-10-22/1760676876.json"
"581513","221281","2025-10-20","36.00","NZD","1760676876","23477/2025-10-20/1760676876.json"
"581514","221282","2025-10-20","36.00","NZD","1760676876","23477/2025-10-20/1760676876.json"
"512557","146154","2025-10-20","45.00","NZD","1760676876","23477/2025-10-20/1760676876.json"
"365170","146153","2025-10-20","48.00","NZD","1760676876","23477/2025-10-20/1760676876.json"
"510807","146155","2025-10-20","52.00","NZD","1760676876","23477/2025-10-20/1760676876.json"
"581513","221281","2025-10-23","36.00","NZD","1760676876","23477/2025-10-23/1760676876.json"
"581514","221282","2025-10-23","36.00","NZD","1760676876","23477/2025-10-23/1760676876.json"
"512557","146154","2025-10-23","45.00","NZD","1760676876","23477/2025-10-23/1760676876.json"
"365170","146153","2025-10-23","48.00","NZD","1760676876","23477/2025-10-23/1760676876.json"
"510807","146155","2025-10-23","52.00","NZD","1760676876","23477/2025-10-23/1760676876.json"
"581513","221281","2025-10-25","38.00","NZD","1760676876","23477/2025-10-25/1760676876.json"
"581514","221282","2025-10-25","38.00","NZD","1760676876","23477/2025-10-25/1760676876.json"
"512557","146154","2025-10-25","45.00","NZD","1760676876","23477/2025-10-25/1760676876.json"
"581513","221281","2025-10-24","36.00","NZD","1760676876","23477/2025-10-24/1760676876.json"
"581514","221282","2025-10-24","36.00","NZD","1760676876","23477/2025-10-24/1760676876.json"
"512557","146154","2025-10-24","45.00","NZD","1760676876","23477/2025-10-24/1760676876.json"
"365170","146153","2025-10-24","48.00","NZD","1760676876","23477/2025-10-24/1760676876.json"
"510807","146155","2025-10-24","52.00","NZD","1760676876","23477/2025-10-24/1760676876.json"
"581513","221281","2025-10-26","38.00","NZD","1760676876","23477/2025-10-26/1760676876.json"
"581514","221282","2025-10-26","38.00","NZD","1760676876","23477/2025-10-26/1760676876.json"
"512557","146154","2025-10-26","45.00","NZD","1760676876","23477/2025-10-26/1760676876.json"
"581513","221281","2025-10-27","38.00","NZD","1760676876","23477/2025-10-27/1760676876.json"
"581514","221282","2025-10-27","38.00","NZD","1760676876","23477/2025-10-27/1760676876.json"
"512557","146154","2025-10-27","45.00","NZD","1760676876","23477/2025-10-27/1760676876.json"
"365170","146153","2025-10-27","48.00","NZD","1760676876","23477/2025-10-27/1760676876.json"
"510807","146155","2025-10-27","52.00","NZD","1760676876","23477/2025-10-27/1760676876.json"
"581513","221281","2025-10-18","36.00","NZD","1760676876","23477/2025-10-18/1760676876.json"
"581514","221282","2025-10-18","36.00","NZD","1760676876","23477/2025-10-18/1760676876.json"
"512557","146154","2025-10-18","45.00","NZD","1760676876","23477/2025-10-18/1760676876.json"
"365170","146153","2025-10-18","48.00","NZD","1760676876","23477/2025-10-18/1760676876.json"
"510807","146155","2025-10-18","52.00","NZD","1760676876","23477/2025-10-18/1760676876.json"
"581513","221281","2025-10-28","36.00","NZD","1760676876","23477/2025-10-28/1760676876.json"
"581514","221282","2025-10-28","36.00","NZD","1760676876","23477/2025-10-28/1760676876.json"
"512557","146154","2025-10-28","45.00","NZD","1760676876","23477/2025-10-28/1760676876.json"
"365170","146153","2025-10-28","48.00","NZD","1760676876","23477/2025-10-28/1760676876.json"
"510807","146155","2025-10-28","52.00","NZD","1760676876","23477/2025-10-28/1760676876.json"
"581513","221281","2025-10-29","36.00","NZD","1760676876","23477/2025-10-29/1760676876.json"
"581514","221282","2025-10-29","36.00","NZD","1760676876","23477/2025-10-29/1760676876.json"
"512557","146154","2025-10-29","45.00","NZD","1760676876","23477/2025-10-29/1760676876.json"
"365170","146153","2025-10-29","48.00","NZD","1760676876","23477/2025-10-29/1760676876.json"
"510807","146155","2025-10-29","52.00","NZD","1760676876","23477/2025-10-29/1760676876.json"
"581513","221281","2025-10-31","36.00","NZD","1760676876","23477/2025-10-31/1760676876.json"
"581514","221282","2025-10-31","36.00","NZD","1760676876","23477/2025-10-31/1760676876.json"
"512557","146154","2025-10-31","45.00","NZD","1760676876","23477/2025-10-31/1760676876.json"
"365170","146153","2025-10-31","48.00","NZD","1760676876","23477/2025-10-31/1760676876.json"
"510807","146155","2025-10-31","52.00","NZD","1760676876","23477/2025-10-31/1760676876.json"
"581513","221281","2025-10-30","36.00","NZD","1760676876","23477/2025-10-30/1760676876.json"
"581514","221282","2025-10-30","36.00","NZD","1760676876","23477/2025-10-30/1760676876.json"
"512557","146154","2025-10-30","45.00","NZD","1760676876","23477/2025-10-30/1760676876.json"
"365170","146153","2025-10-30","48.00","NZD","1760676876","23477/2025-10-30/1760676876.json"
"510807","146155","2025-10-30","52.00","NZD","1760676876","23477/2025-10-30/1760676876.json"
"581513","221281","2025-11-01","36.00","NZD","1760676876","23477/2025-11-01/1760676876.json"
"581514","221282","2025-11-01","36.00","NZD","1760676876","23477/2025-11-01/1760676876.json"
"512557","146154","2025-11-01","45.00","NZD","1760676876","23477/2025-11-01/1760676876.json"
"365170","146153","2025-11-01","48.00","NZD","1760676876","23477/2025-11-01/1760676876.json"
"510807","146155","2025-11-01","52.00","NZD","1760676876","23477/2025-11-01/1760676876.json"
"581513","221281","2025-11-02","36.00","NZD","1760676876","23477/2025-11-02/1760676876.json"
"581514","221282","2025-11-02","36.00","NZD","1760676876","23477/2025-11-02/1760676876.json"
"512557","146154","2025-11-02","45.00","NZD","1760676876","23477/2025-11-02/1760676876.json"
"365170","146153","2025-11-02","48.00","NZD","1760676876","23477/2025-11-02/1760676876.json"
"510807","146155","2025-11-02","52.00","NZD","1760676876","23477/2025-11-02/1760676876.json"
"581513","221281","2025-11-04","36.00","NZD","1760676876","23477/2025-11-04/1760676876.json"
"581514","221282","2025-11-04","36.00","NZD","1760676876","23477/2025-11-04/1760676876.json"
"512557","146154","2025-11-04","45.00","NZD","1760676876","23477/2025-11-04/1760676876.json"
"365170","146153","2025-11-04","48.00","NZD","1760676876","23477/2025-11-04/1760676876.json"
"510807","146155","2025-11-04","52.00","NZD","1760676876","23477/2025-11-04/1760676876.json"
"581513","221281","2025-11-05","36.00","NZD","1760676876","23477/2025-11-05/1760676876.json"
"581514","221282","2025-11-05","36.00","NZD","1760676876","23477/2025-11-05/1760676876.json"
"512557","146154","2025-11-05","45.00","NZD","1760676876","23477/2025-11-05/1760676876.json"
"365170","146153","2025-11-05","48.00","NZD","1760676876","23477/2025-11-05/1760676876.json"
"510807","146155","2025-11-05","52.00","NZD","1760676876","23477/2025-11-05/1760676876.json"
"581513","221281","2025-11-06","36.00","NZD","1760676876","23477/2025-11-06/1760676876.json"
"581514","221282","2025-11-06","36.00","NZD","1760676876","23477/2025-11-06/1760676876.json"
"512557","146154","2025-11-06","45.00","NZD","1760676876","23477/2025-11-06/1760676876.json"
"365170","146153","2025-11-06","48.00","NZD","1760676876","23477/2025-11-06/1760676876.json"
"510807","146155","2025-11-06","52.00","NZD","1760676876","23477/2025-11-06/1760676876.json"
"581513","221281","2025-11-03","36.00","NZD","1760676876","23477/2025-11-03/1760676876.json"
"581514","221282","2025-11-03","36.00","NZD","1760676876","23477/2025-11-03/1760676876.json"
"512557","146154","2025-11-03","45.00","NZD","1760676876","23477/2025-11-03/1760676876.json"
"365170","146153","2025-11-03","48.00","NZD","1760676876","23477/2025-11-03/1760676876.json"
"510807","146155","2025-11-03","52.00","NZD","1760676876","23477/2025-11-03/1760676876.json"
"581513","221281","2025-11-07","36.00","NZD","1760676876","23477/2025-11-07/1760676876.json"
"581514","221282","2025-11-07","36.00","NZD","1760676876","23477/2025-11-07/1760676876.json"
"512557","146154","2025-11-07","45.00","NZD","1760676876","23477/2025-11-07/1760676876.json"
"365170","146153","2025-11-07","48.00","NZD","1760676876","23477/2025-11-07/1760676876.json"
"510807","146155","2025-11-07","52.00","NZD","1760676876","23477/2025-11-07/1760676876.json"
"581513","221281","2025-11-08","36.00","NZD","1760676876","23477/2025-11-08/1760676876.json"
"581514","221282","2025-11-08","36.00","NZD","1760676876","23477/2025-11-08/1760676876.json"
"512557","146154","2025-11-08","45.00","NZD","1760676876","23477/2025-11-08/1760676876.json"
"365170","146153","2025-11-08","48.00","NZD","1760676876","23477/2025-11-08/1760676876.json"
"510807","146155","2025-11-08","52.00","NZD","1760676876","23477/2025-11-08/1760676876.json"
"581513","221281","2025-11-09","36.00","NZD","1760676876","23477/2025-11-09/1760676876.json"
"581514","221282","2025-11-09","36.00","NZD","1760676876","23477/2025-11-09/1760676876.json"
"512557","146154","2025-11-09","45.00","NZD","1760676876","23477/2025-11-09/1760676876.json"
"365170","146153","2025-11-09","48.00","NZD","1760676876","23477/2025-11-09/1760676876.json"
"510807","146155","2025-11-09","52.00","NZD","1760676876","23477/2025-11-09/1760676876.json"
"581513","221281","2025-11-10","36.00","NZD","1760676876","23477/2025-11-10/1760676876.json"
"581514","221282","2025-11-10","36.00","NZD","1760676876","23477/2025-11-10/1760676876.json"
"512557","146154","2025-11-10","45.00","NZD","1760676876","23477/2025-11-10/1760676876.json"
"365170","146153","2025-11-10","48.00","NZD","1760676876","23477/2025-11-10/1760676876.json"
"510807","146155","2025-11-10","52.00","NZD","1760676876","23477/2025-11-10/1760676876.json"
"581513","221281","2025-11-11","36.00","NZD","1760676876","23477/2025-11-11/1760676876.json"
"581514","221282","2025-11-11","36.00","NZD","1760676876","23477/2025-11-11/1760676876.json"
"512557","146154","2025-11-11","45.00","NZD","1760676876","23477/2025-11-11/1760676876.json"
"365170","146153","2025-11-11","48.00","NZD","1760676876","23477/2025-11-11/1760676876.json"
"510807","146155","2025-11-11","52.00","NZD","1760676876","23477/2025-11-11/1760676876.json"
"581513","221281","2025-11-12","36.00","NZD","1760676876","23477/2025-11-12/1760676876.json"
"581514","221282","2025-11-12","36.00","NZD","1760676876","23477/2025-11-12/1760676876.json"
"512557","146154","2025-11-12","45.00","NZD","1760676876","23477/2025-11-12/1760676876.json"
"365170","146153","2025-11-12","48.00","NZD","1760676876","23477/2025-11-12/1760676876.json"
"510807","146155","2025-11-12","52.00","NZD","1760676876","23477/2025-11-12/1760676876.json"
"581513","221281","2025-11-13","36.00","NZD","1760676876","23477/2025-11-13/1760676876.json"
"581514","221282","2025-11-13","36.00","NZD","1760676876","23477/2025-11-13/1760676876.json"
"512557","146154","2025-11-13","45.00","NZD","1760676876","23477/2025-11-13/1760676876.json"
"365170","146153","2025-11-13","48.00","NZD","1760676876","23477/2025-11-13/1760676876.json"
"510807","146155","2025-11-13","52.00","NZD","1760676876","23477/2025-11-13/1760676876.json"
"581513","221281","2025-11-14","36.00","NZD","1760676876","23477/2025-11-14/1760676876.json"
"581514","221282","2025-11-14","36.00","NZD","1760676876","23477/2025-11-14/1760676876.json"
"512557","146154","2025-11-14","45.00","NZD","1760676876","23477/2025-11-14/1760676876.json"
"365170","146153","2025-11-14","48.00","NZD","1760676876","23477/2025-11-14/1760676876.json"
"510807","146155","2025-11-14","52.00","NZD","1760676876","23477/2025-11-14/1760676876.json"
"581513","221281","2025-11-15","36.00","NZD","1760676876","23477/2025-11-15/1760676876.json"
"581514","221282","2025-11-15","36.00","NZD","1760676876","23477/2025-11-15/1760676876.json"
"512557","146154","2025-11-15","45.00","NZD","1760676876","23477/2025-11-15/1760676876.json"
"365170","146153","2025-11-15","48.00","NZD","1760676876","23477/2025-11-15/1760676876.json"
"510807","146155","2025-11-15","52.00","NZD","1760676876","23477/2025-11-15/1760676876.json"
"581513","221281","2025-11-16","36.00","NZD","1760676876","23477/2025-11-16/1760676876.json"
"581514","221282","2025-11-16","36.00","NZD","1760676876","23477/2025-11-16/1760676876.json"
"512557","146154","2025-11-16","45.00","NZD","1760676876","23477/2025-11-16/1760676876.json"
"365170","146153","2025-11-16","48.00","NZD","1760676876","23477/2025-11-16/1760676876.json"
"510807","146155","2025-11-16","52.00","NZD","1760676876","23477/2025-11-16/1760676876.json"
"581513","221281","2025-11-17","36.00","NZD","1760676876","23477/2025-11-17/1760676876.json"
"581514","221282","2025-11-17","36.00","NZD","1760676876","23477/2025-11-17/1760676876.json"
"512557","146154","2025-11-17","45.00","NZD","1760676876","23477/2025-11-17/1760676876.json"
"365170","146153","2025-11-17","48.00","NZD","1760676876","23477/2025-11-17/1760676876.json"
"510807","146155","2025-11-17","52.00","NZD","1760676876","23477/2025-11-17/1760676876.json"
"581513","221281","2025-11-18","36.00","NZD","1760676876","23477/2025-11-18/1760676876.json"
"581514","221282","2025-11-18","36.00","NZD","1760676876","23477/2025-11-18/1760676876.json"
"512557","146154","2025-11-18","45.00","NZD","1760676876","23477/2025-11-18/1760676876.json"
"365170","146153","2025-11-18","48.00","NZD","1760676876","23477/2025-11-18/1760676876.json"
"510807","146155","2025-11-18","52.00","NZD","1760676876","23477/2025-11-18/1760676876.json"
"581513","221281","2025-11-19","36.00","NZD","1760676876","23477/2025-11-19/1760676876.json"
"581514","221282","2025-11-19","36.00","NZD","1760676876","23477/2025-11-19/1760676876.json"
"512557","146154","2025-11-19","45.00","NZD","1760676876","23477/2025-11-19/1760676876.json"
"365170","146153","2025-11-19","48.00","NZD","1760676876","23477/2025-11-19/1760676876.json"
"510807","146155","2025-11-19","52.00","NZD","1760676876","23477/2025-11-19/1760676876.json"
"581513","221281","2025-11-20","36.00","NZD","1760676876","23477/2025-11-20/1760676876.json"
"581514","221282","2025-11-20","36.00","NZD","1760676876","23477/2025-11-20/1760676876.json"
"512557","146154","2025-11-20","45.00","NZD","1760676876","23477/2025-11-20/1760676876.json"
"581513","221281","2025-11-21","36.00","NZD","1760676876","23477/2025-11-21/1760676876.json"
"581514","221282","2025-11-21","36.00","NZD","1760676876","23477/2025-11-21/1760676876.json"
"512557","146154","2025-11-21","45.00","NZD","1760676876","23477/2025-11-21/1760676876.json"
"365170","146153","2025-11-21","48.00","NZD","1760676876","23477/2025-11-21/1760676876.json"
"510807","146155","2025-11-21","52.00","NZD","1760676876","23477/2025-11-21/1760676876.json"
"581513","221281","2025-11-22","36.00","NZD","1760676876","23477/2025-11-22/1760676876.json"
"581514","221282","2025-11-22","36.00","NZD","1760676876","23477/2025-11-22/1760676876.json"
"512557","146154","2025-11-22","45.00","NZD","1760676876","23477/2025-11-22/1760676876.json"
"365170","146153","2025-11-22","48.00","NZD","1760676876","23477/2025-11-22/1760676876.json"
"510807","146155","2025-11-22","52.00","NZD","1760676876","23477/2025-11-22/1760676876.json"
"581513","221281","2025-11-23","36.00","NZD","1760676876","23477/2025-11-23/1760676876.json"
"581514","221282","2025-11-23","36.00","NZD","1760676876","23477/2025-11-23/1760676876.json"
"512557","146154","2025-11-23","45.00","NZD","1760676876","23477/2025-11-23/1760676876.json"
"365170","146153","2025-11-23","48.00","NZD","1760676876","23477/2025-11-23/1760676876.json"
"510807","146155","2025-11-23","52.00","NZD","1760676876","23477/2025-11-23/1760676876.json"
"581513","221281","2025-11-24","36.00","NZD","1760676876","23477/2025-11-24/1760676876.json"
"581514","221282","2025-11-24","36.00","NZD","1760676876","23477/2025-11-24/1760676876.json"
"512557","146154","2025-11-24","45.00","NZD","1760676876","23477/2025-11-24/1760676876.json"
"365170","146153","2025-11-24","48.00","NZD","1760676876","23477/2025-11-24/1760676876.json"
"510807","146155","2025-11-24","52.00","NZD","1760676876","23477/2025-11-24/1760676876.json"
"581513","221281","2025-11-25","36.00","NZD","1760676876","23477/2025-11-25/1760676876.json"
"581514","221282","2025-11-25","36.00","NZD","1760676876","23477/2025-11-25/1760676876.json"
"512557","146154","2025-11-25","45.00","NZD","1760676876","23477/2025-11-25/1760676876.json"
"365170","146153","2025-11-25","48.00","NZD","1760676876","23477/2025-11-25/1760676876.json"
"510807","146155","2025-11-25","52.00","NZD","1760676876","23477/2025-11-25/1760676876.json"
"581513","221281","2025-11-26","36.00","NZD","1760676876","23477/2025-11-26/1760676876.json"
"581514","221282","2025-11-26","36.00","NZD","1760676876","23477/2025-11-26/1760676876.json"
"512557","146154","2025-11-26","45.00","NZD","1760676876","23477/2025-11-26/1760676876.json"
"365170","146153","2025-11-26","48.00","NZD","1760676876","23477/2025-11-26/1760676876.json"
"510807","146155","2025-11-26","52.00","NZD","1760676876","23477/2025-11-26/1760676876.json"
"581513","221281","2025-11-27","36.00","NZD","1760676876","23477/2025-11-27/1760676876.json"
"581514","221282","2025-11-27","36.00","NZD","1760676876","23477/2025-11-27/1760676876.json"
"512557","146154","2025-11-27","45.00","NZD","1760676876","23477/2025-11-27/1760676876.json"
"365170","146153","2025-11-27","48.00","NZD","1760676876","23477/2025-11-27/1760676876.json"
"510807","146155","2025-11-27","52.00","NZD","1760676876","23477/2025-11-27/1760676876.json"
"581513","221281","2025-11-28","36.00","NZD","1760676876","23477/2025-11-28/1760676876.json"
"581514","221282","2025-11-28","36.00","NZD","1760676876","23477/2025-11-28/1760676876.json"
"512557","146154","2025-11-28","45.00","NZD","1760676876","23477/2025-11-28/1760676876.json"
"365170","146153","2025-11-28","48.00","NZD","1760676876","23477/2025-11-28/1760676876.json"
"510807","146155","2025-11-28","52.00","NZD","1760676876","23477/2025-11-28/1760676876.json"
"581513","221281","2025-11-29","36.00","NZD","1760676876","23477/2025-11-29/1760676876.json"
"581514","221282","2025-11-29","36.00","NZD","1760676876","23477/2025-11-29/1760676876.json"
"512557","146154","2025-11-29","45.00","NZD","1760676876","23477/2025-11-29/1760676876.json"
"365170","146153","2025-11-29","48.00","NZD","1760676876","23477/2025-11-29/1760676876.json"
"510807","146155","2025-11-29","52.00","NZD","1760676876","23477/2025-11-29/1760676876.json"
"581513","221281","2025-11-30","36.00","NZD","1760676876","23477/2025-11-30/1760676876.json"
"581514","221282","2025-11-30","36.00","NZD","1760676876","23477/2025-11-30/1760676876.json"
"512557","146154","2025-11-30","45.00","NZD","1760676876","23477/2025-11-30/1760676876.json"
"365170","146153","2025-11-30","48.00","NZD","1760676876","23477/2025-11-30/1760676876.json"
"510807","146155","2025-11-30","52.00","NZD","1760676876","23477/2025-11-30/1760676876.json"
"581513","221281","2025-12-03","36.00","NZD","1760676876","23477/2025-12-03/1760676876.json"
"581514","221282","2025-12-03","36.00","NZD","1760676876","23477/2025-12-03/1760676876.json"
"512557","146154","2025-12-03","45.00","NZD","1760676876","23477/2025-12-03/1760676876.json"
"365170","146153","2025-12-03","48.00","NZD","1760676876","23477/2025-12-03/1760676876.json"
"510807","146155","2025-12-03","52.00","NZD","1760676876","23477/2025-12-03/1760676876.json"
"581513","221281","2025-12-04","36.00","NZD","1760676876","23477/2025-12-04/1760676876.json"
"581514","221282","2025-12-04","36.00","NZD","1760676876","23477/2025-12-04/1760676876.json"
"512557","146154","2025-12-04","45.00","NZD","1760676876","23477/2025-12-04/1760676876.json"
"365170","146153","2025-12-04","48.00","NZD","1760676876","23477/2025-12-04/1760676876.json"
"510807","146155","2025-12-04","52.00","NZD","1760676876","23477/2025-12-04/1760676876.json"
"581513","221281","2025-12-01","36.00","NZD","1760676876","23477/2025-12-01/1760676876.json"
"581514","221282","2025-12-01","36.00","NZD","1760676876","23477/2025-12-01/1760676876.json"
"512557","146154","2025-12-01","45.00","NZD","1760676876","23477/2025-12-01/1760676876.json"
"365170","146153","2025-12-01","48.00","NZD","1760676876","23477/2025-12-01/1760676876.json"
"510807","146155","2025-12-01","52.00","NZD","1760676876","23477/2025-12-01/1760676876.json"
"581513","221281","2025-12-02","36.00","NZD","1760676876","23477/2025-12-02/1760676876.json"
"581514","221282","2025-12-02","36.00","NZD","1760676876","23477/2025-12-02/1760676876.json"
"512557","146154","2025-12-02","45.00","NZD","1760676876","23477/2025-12-02/1760676876.json"
"365170","146153","2025-12-02","48.00","NZD","1760676876","23477/2025-12-02/1760676876.json"
"510807","146155","2025-12-02","52.00","NZD","1760676876","23477/2025-12-02/1760676876.json"
"581513","221281","2025-12-05","36.00","NZD","1760676876","23477/2025-12-05/1760676876.json"
"581514","221282","2025-12-05","36.00","NZD","1760676876","23477/2025-12-05/1760676876.json"
"512557","146154","2025-12-05","45.00","NZD","1760676876","23477/2025-12-05/1760676876.json"
"365170","146153","2025-12-05","48.00","NZD","1760676876","23477/2025-12-05/1760676876.json"
"510807","146155","2025-12-05","52.00","NZD","1760676876","23477/2025-12-05/1760676876.json"
"581513","221281","2025-12-06","36.00","NZD","1760676876","23477/2025-12-06/1760676876.json"
"581514","221282","2025-12-06","36.00","NZD","1760676876","23477/2025-12-06/1760676876.json"
"512557","146154","2025-12-06","45.00","NZD","1760676876","23477/2025-12-06/1760676876.json"
"365170","146153","2025-12-06","48.00","NZD","1760676876","23477/2025-12-06/1760676876.json"
"510807","146155","2025-12-06","52.00","NZD","1760676876","23477/2025-12-06/1760676876.json"
"581513","221281","2025-12-08","36.00","NZD","1760676876","23477/2025-12-08/1760676876.json"
"581514","221282","2025-12-08","36.00","NZD","1760676876","23477/2025-12-08/1760676876.json"
"512557","146154","2025-12-08","45.00","NZD","1760676876","23477/2025-12-08/1760676876.json"
"365170","146153","2025-12-08","48.00","NZD","1760676876","23477/2025-12-08/1760676876.json"
"510807","146155","2025-12-08","52.00","NZD","1760676876","23477/2025-12-08/1760676876.json"
"581513","221281","2025-12-09","36.00","NZD","1760676876","23477/2025-12-09/1760676876.json"
"581514","221282","2025-12-09","36.00","NZD","1760676876","23477/2025-12-09/1760676876.json"
"512557","146154","2025-12-09","45.00","NZD","1760676876","23477/2025-12-09/1760676876.json"
"365170","146153","2025-12-09","48.00","NZD","1760676876","23477/2025-12-09/1760676876.json"
"510807","146155","2025-12-09","52.00","NZD","1760676876","23477/2025-12-09/1760676876.json"
"581513","221281","2025-12-07","36.00","NZD","1760676876","23477/2025-12-07/1760676876.json"
"581514","221282","2025-12-07","36.00","NZD","1760676876","23477/2025-12-07/1760676876.json"
"512557","146154","2025-12-07","45.00","NZD","1760676876","23477/2025-12-07/1760676876.json"
"365170","146153","2025-12-07","48.00","NZD","1760676876","23477/2025-12-07/1760676876.json"
"510807","146155","2025-12-07","52.00","NZD","1760676876","23477/2025-12-07/1760676876.json"
"581513","221281","2025-12-10","36.00","NZD","1760676876","23477/2025-12-10/1760676876.json"
"581514","221282","2025-12-10","36.00","NZD","1760676876","23477/2025-12-10/1760676876.json"
"512557","146154","2025-12-10","45.00","NZD","1760676876","23477/2025-12-10/1760676876.json"
"365170","146153","2025-12-10","48.00","NZD","1760676876","23477/2025-12-10/1760676876.json"
"510807","146155","2025-12-10","52.00","NZD","1760676876","23477/2025-12-10/1760676876.json"
"581513","221281","2025-12-11","36.00","NZD","1760676876","23477/2025-12-11/1760676876.json"
"581514","221282","2025-12-11","36.00","NZD","1760676876","23477/2025-12-11/1760676876.json"
"512557","146154","2025-12-11","45.00","NZD","1760676876","23477/2025-12-11/1760676876.json"
"365170","146153","2025-12-11","48.00","NZD","1760676876","23477/2025-12-11/1760676876.json"
"510807","146155","2025-12-11","52.00","NZD","1760676876","23477/2025-12-11/1760676876.json"
"581513","221281","2025-12-12","36.00","NZD","1760676876","23477/2025-12-12/1760676876.json"
"581514","221282","2025-12-12","36.00","NZD","1760676876","23477/2025-12-12/1760676876.json"
"512557","146154","2025-12-12","45.00","NZD","1760676876","23477/2025-12-12/1760676876.json"
"365170","146153","2025-12-12","48.00","NZD","1760676876","23477/2025-12-12/1760676876.json"
"510807","146155","2025-12-12","52.00","NZD","1760676876","23477/2025-12-12/1760676876.json"
"581513","221281","2025-12-13","36.00","NZD","1760676876","23477/2025-12-13/1760676876.json"
"581514","221282","2025-12-13","36.00","NZD","1760676876","23477/2025-12-13/1760676876.json"
"512557","146154","2025-12-13","45.00","NZD","1760676876","23477/2025-12-13/1760676876.json"
"365170","146153","2025-12-13","48.00","NZD","1760676876","23477/2025-12-13/1760676876.json"
"510807","146155","2025-12-13","52.00","NZD","1760676876","23477/2025-12-13/1760676876.json"
"581513","221281","2025-12-14","36.00","NZD","1760676876","23477/2025-12-14/1760676876.json"
"581514","221282","2025-12-14","36.00","NZD","1760676876","23477/2025-12-14/1760676876.json"
"512557","146154","2025-12-14","45.00","NZD","1760676876","23477/2025-12-14/1760676876.json"
"365170","146153","2025-12-14","48.00","NZD","1760676876","23477/2025-12-14/1760676876.json"
"510807","146155","2025-12-14","52.00","NZD","1760676876","23477/2025-12-14/1760676876.json"
"581513","221281","2025-12-15","36.00","NZD","1760676876","23477/2025-12-15/1760676876.json"
"581514","221282","2025-12-15","36.00","NZD","1760676876","23477/2025-12-15/1760676876.json"
"512557","146154","2025-12-15","45.00","NZD","1760676876","23477/2025-12-15/1760676876.json"
"365170","146153","2025-12-15","48.00","NZD","1760676876","23477/2025-12-15/1760676876.json"
"510807","146155","2025-12-15","52.00","NZD","1760676876","23477/2025-12-15/1760676876.json"
"581513","221281","2025-12-16","36.00","NZD","1760676876","23477/2025-12-16/1760676876.json"
"581514","221282","2025-12-16","36.00","NZD","1760676876","23477/2025-12-16/1760676876.json"
"512557","146154","2025-12-16","45.00","NZD","1760676876","23477/2025-12-16/1760676876.json"
"365170","146153","2025-12-16","48.00","NZD","1760676876","23477/2025-12-16/1760676876.json"
"510807","146155","2025-12-16","52.00","NZD","1760676876","23477/2025-12-16/1760676876.json"
"581513","221281","2025-10-19","36.00","NZD","1760691774","23477/2025-10-19/1760691774.json"
"581513","221281","2025-10-18","36.00","NZD","1760691774","23477/2025-10-18/1760691774.json"
"581514","221282","2025-10-19","36.00","NZD","1760691774","23477/2025-10-19/1760691774.json"
"581514","221282","2025-10-18","36.00","NZD","1760691774","23477/2025-10-18/1760691774.json"
"512557","146154","2025-10-19","45.00","NZD","1760691774","23477/2025-10-19/1760691774.json"
"512557","146154","2025-10-18","45.00","NZD","1760691774","23477/2025-10-18/1760691774.json"
"365170","146153","2025-10-19","48.00","NZD","1760691774","23477/2025-10-19/1760691774.json"
"365170","146153","2025-10-18","48.00","NZD","1760691774","23477/2025-10-18/1760691774.json"
"510807","146155","2025-10-19","52.00","NZD","1760691774","23477/2025-10-19/1760691774.json"
"510807","146155","2025-10-18","52.00","NZD","1760691774","23477/2025-10-18/1760691774.json"
"581513","221281","2025-10-20","36.00","NZD","1760691774","23477/2025-10-20/1760691774.json"
"581514","221282","2025-10-20","36.00","NZD","1760691774","23477/2025-10-20/1760691774.json"
"512557","146154","2025-10-20","45.00","NZD","1760691774","23477/2025-10-20/1760691774.json"
"365170","146153","2025-10-20","48.00","NZD","1760691774","23477/2025-10-20/1760691774.json"
"510807","146155","2025-10-20","52.00","NZD","1760691774","23477/2025-10-20/1760691774.json"
"581513","221281","2025-10-17","36.00","NZD","1760691774","23477/2025-10-17/1760691774.json"
"581514","221282","2025-10-17","36.00","NZD","1760691774","23477/2025-10-17/1760691774.json"
"512557","146154","2025-10-17","45.00","NZD","1760691774","23477/2025-10-17/1760691774.json"
"365170","146153","2025-10-17","48.00","NZD","1760691774","23477/2025-10-17/1760691774.json"
"510807","146155","2025-10-17","52.00","NZD","1760691774","23477/2025-10-17/1760691774.json"
"581513","221281","2025-10-21","36.00","NZD","1760691774","23477/2025-10-21/1760691774.json"
"581514","221282","2025-10-21","36.00","NZD","1760691774","23477/2025-10-21/1760691774.json"
"512557","146154","2025-10-21","45.00","NZD","1760691774","23477/2025-10-21/1760691774.json"
"365170","146153","2025-10-21","48.00","NZD","1760691774","23477/2025-10-21/1760691774.json"
"510807","146155","2025-10-21","52.00","NZD","1760691774","23477/2025-10-21/1760691774.json"
"581513","221281","2025-10-22","36.00","NZD","1760691774","23477/2025-10-22/1760691774.json"
"581514","221282","2025-10-22","36.00","NZD","1760691774","23477/2025-10-22/1760691774.json"
"512557","146154","2025-10-22","45.00","NZD","1760691774","23477/2025-10-22/1760691774.json"
"365170","146153","2025-10-22","48.00","NZD","1760691774","23477/2025-10-22/1760691774.json"
"510807","146155","2025-10-22","52.00","NZD","1760691774","23477/2025-10-22/1760691774.json"
"581513","221281","2025-10-24","36.00","NZD","1760691774","23477/2025-10-24/1760691774.json"
"581514","221282","2025-10-24","36.00","NZD","1760691774","23477/2025-10-24/1760691774.json"
"512557","146154","2025-10-24","45.00","NZD","1760691774","23477/2025-10-24/1760691774.json"
"365170","146153","2025-10-24","48.00","NZD","1760691774","23477/2025-10-24/1760691774.json"
"510807","146155","2025-10-24","52.00","NZD","1760691774","23477/2025-10-24/1760691774.json"
"581513","221281","2025-10-23","36.00","NZD","1760691774","23477/2025-10-23/1760691774.json"
"581514","221282","2025-10-23","36.00","NZD","1760691774","23477/2025-10-23/1760691774.json"
"512557","146154","2025-10-23","45.00","NZD","1760691774","23477/2025-10-23/1760691774.json"
"365170","146153","2025-10-23","48.00","NZD","1760691774","23477/2025-10-23/1760691774.json"
"510807","146155","2025-10-23","52.00","NZD","1760691774","23477/2025-10-23/1760691774.json"
"581513","221281","2025-10-26","38.00","NZD","1760691774","23477/2025-10-26/1760691774.json"
"581514","221282","2025-10-26","38.00","NZD","1760691774","23477/2025-10-26/1760691774.json"
"512557","146154","2025-10-26","45.00","NZD","1760691774","23477/2025-10-26/1760691774.json"
"581513","221281","2025-10-28","36.00","NZD","1760691774","23477/2025-10-28/1760691774.json"
"581514","221282","2025-10-28","36.00","NZD","1760691774","23477/2025-10-28/1760691774.json"
"512557","146154","2025-10-28","45.00","NZD","1760691774","23477/2025-10-28/1760691774.json"
"365170","146153","2025-10-28","48.00","NZD","1760691774","23477/2025-10-28/1760691774.json"
"510807","146155","2025-10-28","52.00","NZD","1760691774","23477/2025-10-28/1760691774.json"
"581513","221281","2025-10-25","38.00","NZD","1760691774","23477/2025-10-25/1760691774.json"
"581514","221282","2025-10-25","38.00","NZD","1760691774","23477/2025-10-25/1760691774.json"
"512557","146154","2025-10-25","45.00","NZD","1760691774","23477/2025-10-25/1760691774.json"
"581513","221281","2025-10-27","38.00","NZD","1760691774","23477/2025-10-27/1760691774.json"
"581514","221282","2025-10-27","38.00","NZD","1760691774","23477/2025-10-27/1760691774.json"
"512557","146154","2025-10-27","45.00","NZD","1760691774","23477/2025-10-27/1760691774.json"
"365170","146153","2025-10-27","48.00","NZD","1760691774","23477/2025-10-27/1760691774.json"
"510807","146155","2025-10-27","52.00","NZD","1760691774","23477/2025-10-27/1760691774.json"
"581513","221281","2025-10-29","36.00","NZD","1760691774","23477/2025-10-29/1760691774.json"
"581514","221282","2025-10-29","36.00","NZD","1760691774","23477/2025-10-29/1760691774.json"
"512557","146154","2025-10-29","45.00","NZD","1760691774","23477/2025-10-29/1760691774.json"
"365170","146153","2025-10-29","48.00","NZD","1760691774","23477/2025-10-29/1760691774.json"
"510807","146155","2025-10-29","52.00","NZD","1760691774","23477/2025-10-29/1760691774.json"
"581513","221281","2025-11-01","36.00","NZD","1760691774","23477/2025-11-01/1760691774.json"
"581514","221282","2025-11-01","36.00","NZD","1760691774","23477/2025-11-01/1760691774.json"
"512557","146154","2025-11-01","45.00","NZD","1760691774","23477/2025-11-01/1760691774.json"
"365170","146153","2025-11-01","48.00","NZD","1760691774","23477/2025-11-01/1760691774.json"
"510807","146155","2025-11-01","52.00","NZD","1760691774","23477/2025-11-01/1760691774.json"
"581513","221281","2025-10-31","36.00","NZD","1760691774","23477/2025-10-31/1760691774.json"
"581514","221282","2025-10-31","36.00","NZD","1760691774","23477/2025-10-31/1760691774.json"
"512557","146154","2025-10-31","45.00","NZD","1760691774","23477/2025-10-31/1760691774.json"
"365170","146153","2025-10-31","48.00","NZD","1760691774","23477/2025-10-31/1760691774.json"
"510807","146155","2025-10-31","52.00","NZD","1760691774","23477/2025-10-31/1760691774.json"
"581513","221281","2025-10-30","36.00","NZD","1760691774","23477/2025-10-30/1760691774.json"
"581514","221282","2025-10-30","36.00","NZD","1760691774","23477/2025-10-30/1760691774.json"
"512557","146154","2025-10-30","45.00","NZD","1760691774","23477/2025-10-30/1760691774.json"
"365170","146153","2025-10-30","48.00","NZD","1760691774","23477/2025-10-30/1760691774.json"
"510807","146155","2025-10-30","52.00","NZD","1760691774","23477/2025-10-30/1760691774.json"
"581513","221281","2025-11-03","36.00","NZD","1760691774","23477/2025-11-03/1760691774.json"
"581514","221282","2025-11-03","36.00","NZD","1760691774","23477/2025-11-03/1760691774.json"
"512557","146154","2025-11-03","45.00","NZD","1760691774","23477/2025-11-03/1760691774.json"
"365170","146153","2025-11-03","48.00","NZD","1760691774","23477/2025-11-03/1760691774.json"
"510807","146155","2025-11-03","52.00","NZD","1760691774","23477/2025-11-03/1760691774.json"
"581513","221281","2025-11-02","36.00","NZD","1760691774","23477/2025-11-02/1760691774.json"
"581514","221282","2025-11-02","36.00","NZD","1760691774","23477/2025-11-02/1760691774.json"
"581513","221281","2025-11-05","36.00","NZD","1760691774","23477/2025-11-05/1760691774.json"
"512557","146154","2025-11-02","45.00","NZD","1760691774","23477/2025-11-02/1760691774.json"
"581514","221282","2025-11-05","36.00","NZD","1760691774","23477/2025-11-05/1760691774.json"
"365170","146153","2025-11-02","48.00","NZD","1760691774","23477/2025-11-02/1760691774.json"
"512557","146154","2025-11-05","45.00","NZD","1760691774","23477/2025-11-05/1760691774.json"
"365170","146153","2025-11-05","48.00","NZD","1760691774","23477/2025-11-05/1760691774.json"
"510807","146155","2025-11-02","52.00","NZD","1760691774","23477/2025-11-02/1760691774.json"
"510807","146155","2025-11-05","52.00","NZD","1760691774","23477/2025-11-05/1760691774.json"
"581513","221281","2025-11-04","36.00","NZD","1760691774","23477/2025-11-04/1760691774.json"
"581514","221282","2025-11-04","36.00","NZD","1760691774","23477/2025-11-04/1760691774.json"
"512557","146154","2025-11-04","45.00","NZD","1760691774","23477/2025-11-04/1760691774.json"
"365170","146153","2025-11-04","48.00","NZD","1760691774","23477/2025-11-04/1760691774.json"
"510807","146155","2025-11-04","52.00","NZD","1760691774","23477/2025-11-04/1760691774.json"
"581513","221281","2025-11-06","36.00","NZD","1760691774","23477/2025-11-06/1760691774.json"
"581514","221282","2025-11-06","36.00","NZD","1760691774","23477/2025-11-06/1760691774.json"
"512557","146154","2025-11-06","45.00","NZD","1760691774","23477/2025-11-06/1760691774.json"
"365170","146153","2025-11-06","48.00","NZD","1760691774","23477/2025-11-06/1760691774.json"
"510807","146155","2025-11-06","52.00","NZD","1760691774","23477/2025-11-06/1760691774.json"
"581513","221281","2025-11-07","36.00","NZD","1760691774","23477/2025-11-07/1760691774.json"
"581514","221282","2025-11-07","36.00","NZD","1760691774","23477/2025-11-07/1760691774.json"
"512557","146154","2025-11-07","45.00","NZD","1760691774","23477/2025-11-07/1760691774.json"
"365170","146153","2025-11-07","48.00","NZD","1760691774","23477/2025-11-07/1760691774.json"
"510807","146155","2025-11-07","52.00","NZD","1760691774","23477/2025-11-07/1760691774.json"
"581513","221281","2025-11-09","36.00","NZD","1760691774","23477/2025-11-09/1760691774.json"
"581514","221282","2025-11-09","36.00","NZD","1760691774","23477/2025-11-09/1760691774.json"
"512557","146154","2025-11-09","45.00","NZD","1760691774","23477/2025-11-09/1760691774.json"
"365170","146153","2025-11-09","48.00","NZD","1760691774","23477/2025-11-09/1760691774.json"
"510807","146155","2025-11-09","52.00","NZD","1760691774","23477/2025-11-09/1760691774.json"
"581513","221281","2025-11-08","36.00","NZD","1760691774","23477/2025-11-08/1760691774.json"
"581514","221282","2025-11-08","36.00","NZD","1760691774","23477/2025-11-08/1760691774.json"
"512557","146154","2025-11-08","45.00","NZD","1760691774","23477/2025-11-08/1760691774.json"
"365170","146153","2025-11-08","48.00","NZD","1760691774","23477/2025-11-08/1760691774.json"
"510807","146155","2025-11-08","52.00","NZD","1760691774","23477/2025-11-08/1760691774.json"
"581513","221281","2025-11-10","36.00","NZD","1760691774","23477/2025-11-10/1760691774.json"
"581514","221282","2025-11-10","36.00","NZD","1760691774","23477/2025-11-10/1760691774.json"
"512557","146154","2025-11-10","45.00","NZD","1760691774","23477/2025-11-10/1760691774.json"
"365170","146153","2025-11-10","48.00","NZD","1760691774","23477/2025-11-10/1760691774.json"
"510807","146155","2025-11-10","52.00","NZD","1760691774","23477/2025-11-10/1760691774.json"
"581513","221281","2025-11-13","36.00","NZD","1760691774","23477/2025-11-13/1760691774.json"
"581514","221282","2025-11-13","36.00","NZD","1760691774","23477/2025-11-13/1760691774.json"
"512557","146154","2025-11-13","45.00","NZD","1760691774","23477/2025-11-13/1760691774.json"
"365170","146153","2025-11-13","48.00","NZD","1760691774","23477/2025-11-13/1760691774.json"
"510807","146155","2025-11-13","52.00","NZD","1760691774","23477/2025-11-13/1760691774.json"
"581513","221281","2025-11-11","36.00","NZD","1760691774","23477/2025-11-11/1760691774.json"
"581514","221282","2025-11-11","36.00","NZD","1760691774","23477/2025-11-11/1760691774.json"
"512557","146154","2025-11-11","45.00","NZD","1760691774","23477/2025-11-11/1760691774.json"
"365170","146153","2025-11-11","48.00","NZD","1760691774","23477/2025-11-11/1760691774.json"
"510807","146155","2025-11-11","52.00","NZD","1760691774","23477/2025-11-11/1760691774.json"
"581513","221281","2025-11-14","36.00","NZD","1760691774","23477/2025-11-14/1760691774.json"
"581514","221282","2025-11-14","36.00","NZD","1760691774","23477/2025-11-14/1760691774.json"
"512557","146154","2025-11-14","45.00","NZD","1760691774","23477/2025-11-14/1760691774.json"
"365170","146153","2025-11-14","48.00","NZD","1760691774","23477/2025-11-14/1760691774.json"
"510807","146155","2025-11-14","52.00","NZD","1760691774","23477/2025-11-14/1760691774.json"
"581513","221281","2025-11-12","36.00","NZD","1760691774","23477/2025-11-12/1760691774.json"
"581514","221282","2025-11-12","36.00","NZD","1760691774","23477/2025-11-12/1760691774.json"
"512557","146154","2025-11-12","45.00","NZD","1760691774","23477/2025-11-12/1760691774.json"
"365170","146153","2025-11-12","48.00","NZD","1760691774","23477/2025-11-12/1760691774.json"
"510807","146155","2025-11-12","52.00","NZD","1760691774","23477/2025-11-12/1760691774.json"
"581513","221281","2025-11-16","36.00","NZD","1760691774","23477/2025-11-16/1760691774.json"
"581514","221282","2025-11-16","36.00","NZD","1760691774","23477/2025-11-16/1760691774.json"
"512557","146154","2025-11-16","45.00","NZD","1760691774","23477/2025-11-16/1760691774.json"
"365170","146153","2025-11-16","48.00","NZD","1760691774","23477/2025-11-16/1760691774.json"
"510807","146155","2025-11-16","52.00","NZD","1760691774","23477/2025-11-16/1760691774.json"
"581513","221281","2025-11-15","36.00","NZD","1760691774","23477/2025-11-15/1760691774.json"
"581514","221282","2025-11-15","36.00","NZD","1760691774","23477/2025-11-15/1760691774.json"
"512557","146154","2025-11-15","45.00","NZD","1760691774","23477/2025-11-15/1760691774.json"
"365170","146153","2025-11-15","48.00","NZD","1760691774","23477/2025-11-15/1760691774.json"
"510807","146155","2025-11-15","52.00","NZD","1760691774","23477/2025-11-15/1760691774.json"
"581513","221281","2025-11-17","36.00","NZD","1760691774","23477/2025-11-17/1760691774.json"
"581514","221282","2025-11-17","36.00","NZD","1760691774","23477/2025-11-17/1760691774.json"
"512557","146154","2025-11-17","45.00","NZD","1760691774","23477/2025-11-17/1760691774.json"
"365170","146153","2025-11-17","48.00","NZD","1760691774","23477/2025-11-17/1760691774.json"
"510807","146155","2025-11-17","52.00","NZD","1760691774","23477/2025-11-17/1760691774.json"
"581513","221281","2025-11-20","36.00","NZD","1760691774","23477/2025-11-20/1760691774.json"
"581514","221282","2025-11-20","36.00","NZD","1760691774","23477/2025-11-20/1760691774.json"
"512557","146154","2025-11-20","45.00","NZD","1760691774","23477/2025-11-20/1760691774.json"
"581513","221281","2025-11-19","36.00","NZD","1760691774","23477/2025-11-19/1760691774.json"
"581514","221282","2025-11-19","36.00","NZD","1760691774","23477/2025-11-19/1760691774.json"
"512557","146154","2025-11-19","45.00","NZD","1760691774","23477/2025-11-19/1760691774.json"
"365170","146153","2025-11-19","48.00","NZD","1760691774","23477/2025-11-19/1760691774.json"
"510807","146155","2025-11-19","52.00","NZD","1760691774","23477/2025-11-19/1760691774.json"
"581513","221281","2025-11-18","36.00","NZD","1760691774","23477/2025-11-18/1760691774.json"
"581514","221282","2025-11-18","36.00","NZD","1760691774","23477/2025-11-18/1760691774.json"
"512557","146154","2025-11-18","45.00","NZD","1760691774","23477/2025-11-18/1760691774.json"
"365170","146153","2025-11-18","48.00","NZD","1760691774","23477/2025-11-18/1760691774.json"
"510807","146155","2025-11-18","52.00","NZD","1760691774","23477/2025-11-18/1760691774.json"
"581513","221281","2025-11-21","36.00","NZD","1760691774","23477/2025-11-21/1760691774.json"
"581514","221282","2025-11-21","36.00","NZD","1760691774","23477/2025-11-21/1760691774.json"
"512557","146154","2025-11-21","45.00","NZD","1760691774","23477/2025-11-21/1760691774.json"
"365170","146153","2025-11-21","48.00","NZD","1760691774","23477/2025-11-21/1760691774.json"
"510807","146155","2025-11-21","52.00","NZD","1760691774","23477/2025-11-21/1760691774.json"
"581513","221281","2025-11-22","36.00","NZD","1760691774","23477/2025-11-22/1760691774.json"
"581514","221282","2025-11-22","36.00","NZD","1760691774","23477/2025-11-22/1760691774.json"
"512557","146154","2025-11-22","45.00","NZD","1760691774","23477/2025-11-22/1760691774.json"
"365170","146153","2025-11-22","48.00","NZD","1760691774","23477/2025-11-22/1760691774.json"
"510807","146155","2025-11-22","52.00","NZD","1760691774","23477/2025-11-22/1760691774.json"
"581513","221281","2025-11-23","36.00","NZD","1760691774","23477/2025-11-23/1760691774.json"
"581514","221282","2025-11-23","36.00","NZD","1760691774","23477/2025-11-23/1760691774.json"
"512557","146154","2025-11-23","45.00","NZD","1760691774","23477/2025-11-23/1760691774.json"
"365170","146153","2025-11-23","48.00","NZD","1760691774","23477/2025-11-23/1760691774.json"
"510807","146155","2025-11-23","52.00","NZD","1760691774","23477/2025-11-23/1760691774.json"
"581513","221281","2025-11-24","36.00","NZD","1760691774","23477/2025-11-24/1760691774.json"
"581514","221282","2025-11-24","36.00","NZD","1760691774","23477/2025-11-24/1760691774.json"
"512557","146154","2025-11-24","45.00","NZD","1760691774","23477/2025-11-24/1760691774.json"
"365170","146153","2025-11-24","48.00","NZD","1760691774","23477/2025-11-24/1760691774.json"
"510807","146155","2025-11-24","52.00","NZD","1760691774","23477/2025-11-24/1760691774.json"
"581513","221281","2025-11-26","36.00","NZD","1760691774","23477/2025-11-26/1760691774.json"
"581514","221282","2025-11-26","36.00","NZD","1760691774","23477/2025-11-26/1760691774.json"
"512557","146154","2025-11-26","45.00","NZD","1760691774","23477/2025-11-26/1760691774.json"
"365170","146153","2025-11-26","48.00","NZD","1760691774","23477/2025-11-26/1760691774.json"
"510807","146155","2025-11-26","52.00","NZD","1760691774","23477/2025-11-26/1760691774.json"
"581513","221281","2025-11-25","36.00","NZD","1760691774","23477/2025-11-25/1760691774.json"
"581514","221282","2025-11-25","36.00","NZD","1760691774","23477/2025-11-25/1760691774.json"
"512557","146154","2025-11-25","45.00","NZD","1760691774","23477/2025-11-25/1760691774.json"
"365170","146153","2025-11-25","48.00","NZD","1760691774","23477/2025-11-25/1760691774.json"
"510807","146155","2025-11-25","52.00","NZD","1760691774","23477/2025-11-25/1760691774.json"
"581513","221281","2025-11-28","36.00","NZD","1760691774","23477/2025-11-28/1760691774.json"
"581514","221282","2025-11-28","36.00","NZD","1760691774","23477/2025-11-28/1760691774.json"
"512557","146154","2025-11-28","45.00","NZD","1760691774","23477/2025-11-28/1760691774.json"
"365170","146153","2025-11-28","48.00","NZD","1760691774","23477/2025-11-28/1760691774.json"
"510807","146155","2025-11-28","52.00","NZD","1760691774","23477/2025-11-28/1760691774.json"
"581513","221281","2025-11-27","36.00","NZD","1760691774","23477/2025-11-27/1760691774.json"
"581514","221282","2025-11-27","36.00","NZD","1760691774","23477/2025-11-27/1760691774.json"
"512557","146154","2025-11-27","45.00","NZD","1760691774","23477/2025-11-27/1760691774.json"
"365170","146153","2025-11-27","48.00","NZD","1760691774","23477/2025-11-27/1760691774.json"
"510807","146155","2025-11-27","52.00","NZD","1760691774","23477/2025-11-27/1760691774.json"
"581513","221281","2025-11-29","36.00","NZD","1760691774","23477/2025-11-29/1760691774.json"
"581514","221282","2025-11-29","36.00","NZD","1760691774","23477/2025-11-29/1760691774.json"
"512557","146154","2025-11-29","45.00","NZD","1760691774","23477/2025-11-29/1760691774.json"
"365170","146153","2025-11-29","48.00","NZD","1760691774","23477/2025-11-29/1760691774.json"
"510807","146155","2025-11-29","52.00","NZD","1760691774","23477/2025-11-29/1760691774.json"
"581513","221281","2025-12-01","36.00","NZD","1760691774","23477/2025-12-01/1760691774.json"
"581514","221282","2025-12-01","36.00","NZD","1760691774","23477/2025-12-01/1760691774.json"
"512557","146154","2025-12-01","45.00","NZD","1760691774","23477/2025-12-01/1760691774.json"
"365170","146153","2025-12-01","48.00","NZD","1760691774","23477/2025-12-01/1760691774.json"
"510807","146155","2025-12-01","52.00","NZD","1760691774","23477/2025-12-01/1760691774.json"
"581513","221281","2025-12-02","36.00","NZD","1760691774","23477/2025-12-02/1760691774.json"
"581514","221282","2025-12-02","36.00","NZD","1760691774","23477/2025-12-02/1760691774.json"
"512557","146154","2025-12-02","45.00","NZD","1760691774","23477/2025-12-02/1760691774.json"
"365170","146153","2025-12-02","48.00","NZD","1760691774","23477/2025-12-02/1760691774.json"
"510807","146155","2025-12-02","52.00","NZD","1760691774","23477/2025-12-02/1760691774.json"
"581513","221281","2025-11-30","36.00","NZD","1760691774","23477/2025-11-30/1760691774.json"
"581514","221282","2025-11-30","36.00","NZD","1760691774","23477/2025-11-30/1760691774.json"
"512557","146154","2025-11-30","45.00","NZD","1760691774","23477/2025-11-30/1760691774.json"
"365170","146153","2025-11-30","48.00","NZD","1760691774","23477/2025-11-30/1760691774.json"
"510807","146155","2025-11-30","52.00","NZD","1760691774","23477/2025-11-30/1760691774.json"
"581513","221281","2025-12-03","36.00","NZD","1760691774","23477/2025-12-03/1760691774.json"
"581514","221282","2025-12-03","36.00","NZD","1760691774","23477/2025-12-03/1760691774.json"
"512557","146154","2025-12-03","45.00","NZD","1760691774","23477/2025-12-03/1760691774.json"
"365170","146153","2025-12-03","48.00","NZD","1760691774","23477/2025-12-03/1760691774.json"
"510807","146155","2025-12-03","52.00","NZD","1760691774","23477/2025-12-03/1760691774.json"
"581513","221281","2025-12-04","36.00","NZD","1760691774","23477/2025-12-04/1760691774.json"
"581514","221282","2025-12-04","36.00","NZD","1760691774","23477/2025-12-04/1760691774.json"
"512557","146154","2025-12-04","45.00","NZD","1760691774","23477/2025-12-04/1760691774.json"
"365170","146153","2025-12-04","48.00","NZD","1760691774","23477/2025-12-04/1760691774.json"
"510807","146155","2025-12-04","52.00","NZD","1760691774","23477/2025-12-04/1760691774.json"
"581513","221281","2025-12-06","36.00","NZD","1760691774","23477/2025-12-06/1760691774.json"
"581514","221282","2025-12-06","36.00","NZD","1760691774","23477/2025-12-06/1760691774.json"
"512557","146154","2025-12-06","45.00","NZD","1760691774","23477/2025-12-06/1760691774.json"
"365170","146153","2025-12-06","48.00","NZD","1760691774","23477/2025-12-06/1760691774.json"
"510807","146155","2025-12-06","52.00","NZD","1760691774","23477/2025-12-06/1760691774.json"
"581513","221281","2025-12-07","36.00","NZD","1760691774","23477/2025-12-07/1760691774.json"
"581514","221282","2025-12-07","36.00","NZD","1760691774","23477/2025-12-07/1760691774.json"
"512557","146154","2025-12-07","45.00","NZD","1760691774","23477/2025-12-07/1760691774.json"
"365170","146153","2025-12-07","48.00","NZD","1760691774","23477/2025-12-07/1760691774.json"
"510807","146155","2025-12-07","52.00","NZD","1760691774","23477/2025-12-07/1760691774.json"
"581513","221281","2025-12-08","36.00","NZD","1760691774","23477/2025-12-08/1760691774.json"
"581513","221281","2025-12-05","36.00","NZD","1760691774","23477/2025-12-05/1760691774.json"
"581514","221282","2025-12-05","36.00","NZD","1760691774","23477/2025-12-05/1760691774.json"
"581514","221282","2025-12-08","36.00","NZD","1760691774","23477/2025-12-08/1760691774.json"
"512557","146154","2025-12-05","45.00","NZD","1760691774","23477/2025-12-05/1760691774.json"
"512557","146154","2025-12-08","45.00","NZD","1760691774","23477/2025-12-08/1760691774.json"
"365170","146153","2025-12-05","48.00","NZD","1760691774","23477/2025-12-05/1760691774.json"
"365170","146153","2025-12-08","48.00","NZD","1760691774","23477/2025-12-08/1760691774.json"
"510807","146155","2025-12-05","52.00","NZD","1760691774","23477/2025-12-05/1760691774.json"
"510807","146155","2025-12-08","52.00","NZD","1760691774","23477/2025-12-08/1760691774.json"
"581513","221281","2025-12-10","36.00","NZD","1760691774","23477/2025-12-10/1760691774.json"
"581514","221282","2025-12-10","36.00","NZD","1760691774","23477/2025-12-10/1760691774.json"
"512557","146154","2025-12-10","45.00","NZD","1760691774","23477/2025-12-10/1760691774.json"
"365170","146153","2025-12-10","48.00","NZD","1760691774","23477/2025-12-10/1760691774.json"
"510807","146155","2025-12-10","52.00","NZD","1760691774","23477/2025-12-10/1760691774.json"
"581513","221281","2025-12-09","36.00","NZD","1760691774","23477/2025-12-09/1760691774.json"
"581514","221282","2025-12-09","36.00","NZD","1760691774","23477/2025-12-09/1760691774.json"
"512557","146154","2025-12-09","45.00","NZD","1760691774","23477/2025-12-09/1760691774.json"
"365170","146153","2025-12-09","48.00","NZD","1760691774","23477/2025-12-09/1760691774.json"
"510807","146155","2025-12-09","52.00","NZD","1760691774","23477/2025-12-09/1760691774.json"
"581513","221281","2025-12-12","36.00","NZD","1760691774","23477/2025-12-12/1760691774.json"
"581514","221282","2025-12-12","36.00","NZD","1760691774","23477/2025-12-12/1760691774.json"
"512557","146154","2025-12-12","45.00","NZD","1760691774","23477/2025-12-12/1760691774.json"
"365170","146153","2025-12-12","48.00","NZD","1760691774","23477/2025-12-12/1760691774.json"
"510807","146155","2025-12-12","52.00","NZD","1760691774","23477/2025-12-12/1760691774.json"
"581513","221281","2025-12-11","36.00","NZD","1760691774","23477/2025-12-11/1760691774.json"
"581514","221282","2025-12-11","36.00","NZD","1760691774","23477/2025-12-11/1760691774.json"
"512557","146154","2025-12-11","45.00","NZD","1760691774","23477/2025-12-11/1760691774.json"
"365170","146153","2025-12-11","48.00","NZD","1760691774","23477/2025-12-11/1760691774.json"
"510807","146155","2025-12-11","52.00","NZD","1760691774","23477/2025-12-11/1760691774.json"
"581513","221281","2025-12-15","36.00","NZD","1760691774","23477/2025-12-15/1760691774.json"
"581514","221282","2025-12-15","36.00","NZD","1760691774","23477/2025-12-15/1760691774.json"
"512557","146154","2025-12-15","45.00","NZD","1760691774","23477/2025-12-15/1760691774.json"
"365170","146153","2025-12-15","48.00","NZD","1760691774","23477/2025-12-15/1760691774.json"
"510807","146155","2025-12-15","52.00","NZD","1760691774","23477/2025-12-15/1760691774.json"
"581513","221281","2025-12-14","36.00","NZD","1760691774","23477/2025-12-14/1760691774.json"
"581513","221281","2025-12-13","36.00","NZD","1760691774","23477/2025-12-13/1760691774.json"
"581514","221282","2025-12-14","36.00","NZD","1760691774","23477/2025-12-14/1760691774.json"
"581514","221282","2025-12-13","36.00","NZD","1760691774","23477/2025-12-13/1760691774.json"
"512557","146154","2025-12-14","45.00","NZD","1760691774","23477/2025-12-14/1760691774.json"
"512557","146154","2025-12-13","45.00","NZD","1760691774","23477/2025-12-13/1760691774.json"
"365170","146153","2025-12-13","48.00","NZD","1760691774","23477/2025-12-13/1760691774.json"
"365170","146153","2025-12-14","48.00","NZD","1760691774","23477/2025-12-14/1760691774.json"
"510807","146155","2025-12-14","52.00","NZD","1760691774","23477/2025-12-14/1760691774.json"
"510807","146155","2025-12-13","52.00","NZD","1760691774","23477/2025-12-13/1760691774.json"
"581513","221281","2025-12-16","36.00","NZD","1760691774","23477/2025-12-16/1760691774.json"
"581514","221282","2025-12-16","36.00","NZD","1760691774","23477/2025-12-16/1760691774.json"
"512557","146154","2025-12-16","45.00","NZD","1760691774","23477/2025-12-16/1760691774.json"
"365170","146153","2025-12-16","48.00","NZD","1760691774","23477/2025-12-16/1760691774.json"
"510807","146155","2025-12-16","52.00","NZD","1760691774","23477/2025-12-16/1760691774.json"
"581513","221281","2025-10-19","36.00","NZD","1760709075","23477/2025-10-19/1760709075.json"
"581514","221282","2025-10-19","36.00","NZD","1760709075","23477/2025-10-19/1760709075.json"
"512557","146154","2025-10-19","45.00","NZD","1760709075","23477/2025-10-19/1760709075.json"
"365170","146153","2025-10-19","48.00","NZD","1760709075","23477/2025-10-19/1760709075.json"
"510807","146155","2025-10-19","52.00","NZD","1760709075","23477/2025-10-19/1760709075.json"
"581513","221281","2025-10-21","36.00","NZD","1760709075","23477/2025-10-21/1760709075.json"
"581514","221282","2025-10-21","36.00","NZD","1760709075","23477/2025-10-21/1760709075.json"
"512557","146154","2025-10-21","45.00","NZD","1760709075","23477/2025-10-21/1760709075.json"
"365170","146153","2025-10-21","48.00","NZD","1760709075","23477/2025-10-21/1760709075.json"
"510807","146155","2025-10-21","52.00","NZD","1760709075","23477/2025-10-21/1760709075.json"
"581513","221281","2025-10-22","36.00","NZD","1760709075","23477/2025-10-22/1760709075.json"
"581514","221282","2025-10-22","36.00","NZD","1760709075","23477/2025-10-22/1760709075.json"
"512557","146154","2025-10-22","45.00","NZD","1760709075","23477/2025-10-22/1760709075.json"
"365170","146153","2025-10-22","48.00","NZD","1760709075","23477/2025-10-22/1760709075.json"
"510807","146155","2025-10-22","52.00","NZD","1760709075","23477/2025-10-22/1760709075.json"
"581513","221281","2025-10-23","36.00","NZD","1760709075","23477/2025-10-23/1760709075.json"
"581514","221282","2025-10-23","36.00","NZD","1760709075","23477/2025-10-23/1760709075.json"
"512557","146154","2025-10-23","45.00","NZD","1760709075","23477/2025-10-23/1760709075.json"
"365170","146153","2025-10-23","48.00","NZD","1760709075","23477/2025-10-23/1760709075.json"
"510807","146155","2025-10-23","52.00","NZD","1760709075","23477/2025-10-23/1760709075.json"
"581513","221281","2025-10-24","36.00","NZD","1760709075","23477/2025-10-24/1760709075.json"
"581514","221282","2025-10-24","36.00","NZD","1760709075","23477/2025-10-24/1760709075.json"
"512557","146154","2025-10-24","45.00","NZD","1760709075","23477/2025-10-24/1760709075.json"
"365170","146153","2025-10-24","48.00","NZD","1760709075","23477/2025-10-24/1760709075.json"
"510807","146155","2025-10-24","52.00","NZD","1760709075","23477/2025-10-24/1760709075.json"
"581513","221281","2025-10-25","38.00","NZD","1760709075","23477/2025-10-25/1760709075.json"
"581514","221282","2025-10-25","38.00","NZD","1760709075","23477/2025-10-25/1760709075.json"
"512557","146154","2025-10-25","45.00","NZD","1760709075","23477/2025-10-25/1760709075.json"
"581513","221281","2025-10-26","38.00","NZD","1760709075","23477/2025-10-26/1760709075.json"
"581514","221282","2025-10-26","38.00","NZD","1760709075","23477/2025-10-26/1760709075.json"
"512557","146154","2025-10-26","45.00","NZD","1760709075","23477/2025-10-26/1760709075.json"
"581513","221281","2025-10-27","38.00","NZD","1760709075","23477/2025-10-27/1760709075.json"
"581514","221282","2025-10-27","38.00","NZD","1760709075","23477/2025-10-27/1760709075.json"
"512557","146154","2025-10-27","45.00","NZD","1760709075","23477/2025-10-27/1760709075.json"
"365170","146153","2025-10-27","48.00","NZD","1760709075","23477/2025-10-27/1760709075.json"
"510807","146155","2025-10-27","52.00","NZD","1760709075","23477/2025-10-27/1760709075.json"
"581513","221281","2025-10-28","36.00","NZD","1760709075","23477/2025-10-28/1760709075.json"
"581514","221282","2025-10-28","36.00","NZD","1760709075","23477/2025-10-28/1760709075.json"
"512557","146154","2025-10-28","45.00","NZD","1760709075","23477/2025-10-28/1760709075.json"
"365170","146153","2025-10-28","48.00","NZD","1760709075","23477/2025-10-28/1760709075.json"
"510807","146155","2025-10-28","52.00","NZD","1760709075","23477/2025-10-28/1760709075.json"
"581513","221281","2025-10-20","36.00","NZD","1760709075","23477/2025-10-20/1760709075.json"
"581514","221282","2025-10-20","36.00","NZD","1760709075","23477/2025-10-20/1760709075.json"
"512557","146154","2025-10-20","45.00","NZD","1760709075","23477/2025-10-20/1760709075.json"
"365170","146153","2025-10-20","48.00","NZD","1760709075","23477/2025-10-20/1760709075.json"
"510807","146155","2025-10-20","52.00","NZD","1760709075","23477/2025-10-20/1760709075.json"
"581513","221281","2025-10-29","36.00","NZD","1760709075","23477/2025-10-29/1760709075.json"
"581513","221281","2025-10-18","36.00","NZD","1760709075","23477/2025-10-18/1760709075.json"
"581514","221282","2025-10-29","36.00","NZD","1760709075","23477/2025-10-29/1760709075.json"
"581514","221282","2025-10-18","36.00","NZD","1760709075","23477/2025-10-18/1760709075.json"
"512557","146154","2025-10-18","45.00","NZD","1760709075","23477/2025-10-18/1760709075.json"
"512557","146154","2025-10-29","45.00","NZD","1760709075","23477/2025-10-29/1760709075.json"
"365170","146153","2025-10-18","48.00","NZD","1760709075","23477/2025-10-18/1760709075.json"
"510807","146155","2025-10-18","52.00","NZD","1760709075","23477/2025-10-18/1760709075.json"
"365170","146153","2025-10-29","48.00","NZD","1760709075","23477/2025-10-29/1760709075.json"
"510807","146155","2025-10-29","52.00","NZD","1760709075","23477/2025-10-29/1760709075.json"
"581513","221281","2025-10-30","36.00","NZD","1760709075","23477/2025-10-30/1760709075.json"
"581514","221282","2025-10-30","36.00","NZD","1760709075","23477/2025-10-30/1760709075.json"
"512557","146154","2025-10-30","45.00","NZD","1760709075","23477/2025-10-30/1760709075.json"
"365170","146153","2025-10-30","48.00","NZD","1760709075","23477/2025-10-30/1760709075.json"
"510807","146155","2025-10-30","52.00","NZD","1760709075","23477/2025-10-30/1760709075.json"
"581513","221281","2025-10-31","36.00","NZD","1760709075","23477/2025-10-31/1760709075.json"
"581514","221282","2025-10-31","36.00","NZD","1760709075","23477/2025-10-31/1760709075.json"
"512557","146154","2025-10-31","45.00","NZD","1760709075","23477/2025-10-31/1760709075.json"
"365170","146153","2025-10-31","48.00","NZD","1760709075","23477/2025-10-31/1760709075.json"
"510807","146155","2025-10-31","52.00","NZD","1760709075","23477/2025-10-31/1760709075.json"
"581513","221281","2025-11-02","36.00","NZD","1760709075","23477/2025-11-02/1760709075.json"
"581514","221282","2025-11-02","36.00","NZD","1760709075","23477/2025-11-02/1760709075.json"
"512557","146154","2025-11-02","45.00","NZD","1760709075","23477/2025-11-02/1760709075.json"
"365170","146153","2025-11-02","48.00","NZD","1760709075","23477/2025-11-02/1760709075.json"
"510807","146155","2025-11-02","52.00","NZD","1760709075","23477/2025-11-02/1760709075.json"
"581513","221281","2025-11-01","36.00","NZD","1760709075","23477/2025-11-01/1760709075.json"
"581514","221282","2025-11-01","36.00","NZD","1760709075","23477/2025-11-01/1760709075.json"
"512557","146154","2025-11-01","45.00","NZD","1760709075","23477/2025-11-01/1760709075.json"
"365170","146153","2025-11-01","48.00","NZD","1760709075","23477/2025-11-01/1760709075.json"
"510807","146155","2025-11-01","52.00","NZD","1760709075","23477/2025-11-01/1760709075.json"
"581513","221281","2025-11-03","36.00","NZD","1760709075","23477/2025-11-03/1760709075.json"
"581514","221282","2025-11-03","36.00","NZD","1760709075","23477/2025-11-03/1760709075.json"
"512557","146154","2025-11-03","45.00","NZD","1760709075","23477/2025-11-03/1760709075.json"
"365170","146153","2025-11-03","48.00","NZD","1760709075","23477/2025-11-03/1760709075.json"
"510807","146155","2025-11-03","52.00","NZD","1760709075","23477/2025-11-03/1760709075.json"
"581513","221281","2025-11-04","36.00","NZD","1760709075","23477/2025-11-04/1760709075.json"
"581514","221282","2025-11-04","36.00","NZD","1760709075","23477/2025-11-04/1760709075.json"
"512557","146154","2025-11-04","45.00","NZD","1760709075","23477/2025-11-04/1760709075.json"
"365170","146153","2025-11-04","48.00","NZD","1760709075","23477/2025-11-04/1760709075.json"
"510807","146155","2025-11-04","52.00","NZD","1760709075","23477/2025-11-04/1760709075.json"
"581513","221281","2025-11-06","36.00","NZD","1760709075","23477/2025-11-06/1760709075.json"
"581514","221282","2025-11-06","36.00","NZD","1760709075","23477/2025-11-06/1760709075.json"
"512557","146154","2025-11-06","45.00","NZD","1760709075","23477/2025-11-06/1760709075.json"
"365170","146153","2025-11-06","48.00","NZD","1760709075","23477/2025-11-06/1760709075.json"
"510807","146155","2025-11-06","52.00","NZD","1760709075","23477/2025-11-06/1760709075.json"
"581513","221281","2025-11-05","36.00","NZD","1760709075","23477/2025-11-05/1760709075.json"
"581514","221282","2025-11-05","36.00","NZD","1760709075","23477/2025-11-05/1760709075.json"
"512557","146154","2025-11-05","45.00","NZD","1760709075","23477/2025-11-05/1760709075.json"
"365170","146153","2025-11-05","48.00","NZD","1760709075","23477/2025-11-05/1760709075.json"
"510807","146155","2025-11-05","52.00","NZD","1760709075","23477/2025-11-05/1760709075.json"
"581513","221281","2025-11-07","36.00","NZD","1760709075","23477/2025-11-07/1760709075.json"
"581514","221282","2025-11-07","36.00","NZD","1760709075","23477/2025-11-07/1760709075.json"
"512557","146154","2025-11-07","45.00","NZD","1760709075","23477/2025-11-07/1760709075.json"
"365170","146153","2025-11-07","48.00","NZD","1760709075","23477/2025-11-07/1760709075.json"
"510807","146155","2025-11-07","52.00","NZD","1760709075","23477/2025-11-07/1760709075.json"
"581513","221281","2025-11-08","36.00","NZD","1760709075","23477/2025-11-08/1760709075.json"
"581514","221282","2025-11-08","36.00","NZD","1760709075","23477/2025-11-08/1760709075.json"
"512557","146154","2025-11-08","45.00","NZD","1760709075","23477/2025-11-08/1760709075.json"
"365170","146153","2025-11-08","48.00","NZD","1760709075","23477/2025-11-08/1760709075.json"
"510807","146155","2025-11-08","52.00","NZD","1760709075","23477/2025-11-08/1760709075.json"
"581513","221281","2025-11-09","36.00","NZD","1760709075","23477/2025-11-09/1760709075.json"
"581514","221282","2025-11-09","36.00","NZD","1760709075","23477/2025-11-09/1760709075.json"
"512557","146154","2025-11-09","45.00","NZD","1760709075","23477/2025-11-09/1760709075.json"
"365170","146153","2025-11-09","48.00","NZD","1760709075","23477/2025-11-09/1760709075.json"
"510807","146155","2025-11-09","52.00","NZD","1760709075","23477/2025-11-09/1760709075.json"
"581513","221281","2025-11-10","36.00","NZD","1760709075","23477/2025-11-10/1760709075.json"
"581514","221282","2025-11-10","36.00","NZD","1760709075","23477/2025-11-10/1760709075.json"
"512557","146154","2025-11-10","45.00","NZD","1760709075","23477/2025-11-10/1760709075.json"
"365170","146153","2025-11-10","48.00","NZD","1760709075","23477/2025-11-10/1760709075.json"
"510807","146155","2025-11-10","52.00","NZD","1760709075","23477/2025-11-10/1760709075.json"
"581513","221281","2025-11-12","36.00","NZD","1760709075","23477/2025-11-12/1760709075.json"
"581514","221282","2025-11-12","36.00","NZD","1760709075","23477/2025-11-12/1760709075.json"
"512557","146154","2025-11-12","45.00","NZD","1760709075","23477/2025-11-12/1760709075.json"
"365170","146153","2025-11-12","48.00","NZD","1760709075","23477/2025-11-12/1760709075.json"
"510807","146155","2025-11-12","52.00","NZD","1760709075","23477/2025-11-12/1760709075.json"
"581513","221281","2025-11-11","36.00","NZD","1760709075","23477/2025-11-11/1760709075.json"
"581514","221282","2025-11-11","36.00","NZD","1760709075","23477/2025-11-11/1760709075.json"
"512557","146154","2025-11-11","45.00","NZD","1760709075","23477/2025-11-11/1760709075.json"
"365170","146153","2025-11-11","48.00","NZD","1760709075","23477/2025-11-11/1760709075.json"
"510807","146155","2025-11-11","52.00","NZD","1760709075","23477/2025-11-11/1760709075.json"
"581513","221281","2025-11-13","36.00","NZD","1760709075","23477/2025-11-13/1760709075.json"
"581514","221282","2025-11-13","36.00","NZD","1760709075","23477/2025-11-13/1760709075.json"
"512557","146154","2025-11-13","45.00","NZD","1760709075","23477/2025-11-13/1760709075.json"
"365170","146153","2025-11-13","48.00","NZD","1760709075","23477/2025-11-13/1760709075.json"
"510807","146155","2025-11-13","52.00","NZD","1760709075","23477/2025-11-13/1760709075.json"
"581513","221281","2025-11-14","36.00","NZD","1760709075","23477/2025-11-14/1760709075.json"
"581514","221282","2025-11-14","36.00","NZD","1760709075","23477/2025-11-14/1760709075.json"
"512557","146154","2025-11-14","45.00","NZD","1760709075","23477/2025-11-14/1760709075.json"
"365170","146153","2025-11-14","48.00","NZD","1760709075","23477/2025-11-14/1760709075.json"
"510807","146155","2025-11-14","52.00","NZD","1760709075","23477/2025-11-14/1760709075.json"
"581513","221281","2025-11-15","36.00","NZD","1760709075","23477/2025-11-15/1760709075.json"
"581514","221282","2025-11-15","36.00","NZD","1760709075","23477/2025-11-15/1760709075.json"
"512557","146154","2025-11-15","45.00","NZD","1760709075","23477/2025-11-15/1760709075.json"
"365170","146153","2025-11-15","48.00","NZD","1760709075","23477/2025-11-15/1760709075.json"
"510807","146155","2025-11-15","52.00","NZD","1760709075","23477/2025-11-15/1760709075.json"
"581513","221281","2025-11-17","36.00","NZD","1760709075","23477/2025-11-17/1760709075.json"
"581514","221282","2025-11-17","36.00","NZD","1760709075","23477/2025-11-17/1760709075.json"
"512557","146154","2025-11-17","45.00","NZD","1760709075","23477/2025-11-17/1760709075.json"
"365170","146153","2025-11-17","48.00","NZD","1760709075","23477/2025-11-17/1760709075.json"
"510807","146155","2025-11-17","52.00","NZD","1760709075","23477/2025-11-17/1760709075.json"
"581513","221281","2025-11-16","36.00","NZD","1760709075","23477/2025-11-16/1760709075.json"
"581514","221282","2025-11-16","36.00","NZD","1760709075","23477/2025-11-16/1760709075.json"
"512557","146154","2025-11-16","45.00","NZD","1760709075","23477/2025-11-16/1760709075.json"
"365170","146153","2025-11-16","48.00","NZD","1760709075","23477/2025-11-16/1760709075.json"
"510807","146155","2025-11-16","52.00","NZD","1760709075","23477/2025-11-16/1760709075.json"
"581513","221281","2025-11-18","36.00","NZD","1760709075","23477/2025-11-18/1760709075.json"
"581514","221282","2025-11-18","36.00","NZD","1760709075","23477/2025-11-18/1760709075.json"
"512557","146154","2025-11-18","45.00","NZD","1760709075","23477/2025-11-18/1760709075.json"
"365170","146153","2025-11-18","48.00","NZD","1760709075","23477/2025-11-18/1760709075.json"
"510807","146155","2025-11-18","52.00","NZD","1760709075","23477/2025-11-18/1760709075.json"
"581513","221281","2025-11-19","36.00","NZD","1760709075","23477/2025-11-19/1760709075.json"
"581514","221282","2025-11-19","36.00","NZD","1760709075","23477/2025-11-19/1760709075.json"
"512557","146154","2025-11-19","45.00","NZD","1760709075","23477/2025-11-19/1760709075.json"
"365170","146153","2025-11-19","48.00","NZD","1760709075","23477/2025-11-19/1760709075.json"
"510807","146155","2025-11-19","52.00","NZD","1760709075","23477/2025-11-19/1760709075.json"
"581513","221281","2025-11-20","36.00","NZD","1760709075","23477/2025-11-20/1760709075.json"
"581514","221282","2025-11-20","36.00","NZD","1760709075","23477/2025-11-20/1760709075.json"
"512557","146154","2025-11-20","45.00","NZD","1760709075","23477/2025-11-20/1760709075.json"
"581513","221281","2025-11-21","36.00","NZD","1760709075","23477/2025-11-21/1760709075.json"
"581514","221282","2025-11-21","36.00","NZD","1760709075","23477/2025-11-21/1760709075.json"
"512557","146154","2025-11-21","45.00","NZD","1760709075","23477/2025-11-21/1760709075.json"
"365170","146153","2025-11-21","48.00","NZD","1760709075","23477/2025-11-21/1760709075.json"
"510807","146155","2025-11-21","52.00","NZD","1760709075","23477/2025-11-21/1760709075.json"
"581513","221281","2025-11-23","36.00","NZD","1760709075","23477/2025-11-23/1760709075.json"
"581514","221282","2025-11-23","36.00","NZD","1760709075","23477/2025-11-23/1760709075.json"
"512557","146154","2025-11-23","45.00","NZD","1760709075","23477/2025-11-23/1760709075.json"
"365170","146153","2025-11-23","48.00","NZD","1760709075","23477/2025-11-23/1760709075.json"
"510807","146155","2025-11-23","52.00","NZD","1760709075","23477/2025-11-23/1760709075.json"
"581513","221281","2025-11-22","36.00","NZD","1760709075","23477/2025-11-22/1760709075.json"
"581514","221282","2025-11-22","36.00","NZD","1760709075","23477/2025-11-22/1760709075.json"
"512557","146154","2025-11-22","45.00","NZD","1760709075","23477/2025-11-22/1760709075.json"
"365170","146153","2025-11-22","48.00","NZD","1760709075","23477/2025-11-22/1760709075.json"
"510807","146155","2025-11-22","52.00","NZD","1760709075","23477/2025-11-22/1760709075.json"
"581513","221281","2025-11-24","36.00","NZD","1760709075","23477/2025-11-24/1760709075.json"
"581514","221282","2025-11-24","36.00","NZD","1760709075","23477/2025-11-24/1760709075.json"
"512557","146154","2025-11-24","45.00","NZD","1760709075","23477/2025-11-24/1760709075.json"
"365170","146153","2025-11-24","48.00","NZD","1760709075","23477/2025-11-24/1760709075.json"
"510807","146155","2025-11-24","52.00","NZD","1760709075","23477/2025-11-24/1760709075.json"
"581513","221281","2025-11-25","36.00","NZD","1760709075","23477/2025-11-25/1760709075.json"
"581514","221282","2025-11-25","36.00","NZD","1760709075","23477/2025-11-25/1760709075.json"
"512557","146154","2025-11-25","45.00","NZD","1760709075","23477/2025-11-25/1760709075.json"
"365170","146153","2025-11-25","48.00","NZD","1760709075","23477/2025-11-25/1760709075.json"
"510807","146155","2025-11-25","52.00","NZD","1760709075","23477/2025-11-25/1760709075.json"
"581513","221281","2025-11-27","36.00","NZD","1760709075","23477/2025-11-27/1760709075.json"
"581514","221282","2025-11-27","36.00","NZD","1760709075","23477/2025-11-27/1760709075.json"
"512557","146154","2025-11-27","45.00","NZD","1760709075","23477/2025-11-27/1760709075.json"
"365170","146153","2025-11-27","48.00","NZD","1760709075","23477/2025-11-27/1760709075.json"
"510807","146155","2025-11-27","52.00","NZD","1760709075","23477/2025-11-27/1760709075.json"
"581513","221281","2025-11-26","36.00","NZD","1760709075","23477/2025-11-26/1760709075.json"
"581514","221282","2025-11-26","36.00","NZD","1760709075","23477/2025-11-26/1760709075.json"
"512557","146154","2025-11-26","45.00","NZD","1760709075","23477/2025-11-26/1760709075.json"
"365170","146153","2025-11-26","48.00","NZD","1760709075","23477/2025-11-26/1760709075.json"
"510807","146155","2025-11-26","52.00","NZD","1760709075","23477/2025-11-26/1760709075.json"
"581513","221281","2025-11-28","36.00","NZD","1760709075","23477/2025-11-28/1760709075.json"
"581514","221282","2025-11-28","36.00","NZD","1760709075","23477/2025-11-28/1760709075.json"
"512557","146154","2025-11-28","45.00","NZD","1760709075","23477/2025-11-28/1760709075.json"
"365170","146153","2025-11-28","48.00","NZD","1760709075","23477/2025-11-28/1760709075.json"
"510807","146155","2025-11-28","52.00","NZD","1760709075","23477/2025-11-28/1760709075.json"
"581513","221281","2025-11-29","36.00","NZD","1760709075","23477/2025-11-29/1760709075.json"
"581514","221282","2025-11-29","36.00","NZD","1760709075","23477/2025-11-29/1760709075.json"
"512557","146154","2025-11-29","45.00","NZD","1760709075","23477/2025-11-29/1760709075.json"
"365170","146153","2025-11-29","48.00","NZD","1760709075","23477/2025-11-29/1760709075.json"
"510807","146155","2025-11-29","52.00","NZD","1760709075","23477/2025-11-29/1760709075.json"
"581513","221281","2025-12-01","36.00","NZD","1760709075","23477/2025-12-01/1760709075.json"
"581514","221282","2025-12-01","36.00","NZD","1760709075","23477/2025-12-01/1760709075.json"
"512557","146154","2025-12-01","45.00","NZD","1760709075","23477/2025-12-01/1760709075.json"
"365170","146153","2025-12-01","48.00","NZD","1760709075","23477/2025-12-01/1760709075.json"
"510807","146155","2025-12-01","52.00","NZD","1760709075","23477/2025-12-01/1760709075.json"
"581513","221281","2025-11-30","36.00","NZD","1760709075","23477/2025-11-30/1760709075.json"
"581514","221282","2025-11-30","36.00","NZD","1760709075","23477/2025-11-30/1760709075.json"
"512557","146154","2025-11-30","45.00","NZD","1760709075","23477/2025-11-30/1760709075.json"
"365170","146153","2025-11-30","48.00","NZD","1760709075","23477/2025-11-30/1760709075.json"
"510807","146155","2025-11-30","52.00","NZD","1760709075","23477/2025-11-30/1760709075.json"
"581513","221281","2025-12-02","36.00","NZD","1760709075","23477/2025-12-02/1760709075.json"
"581514","221282","2025-12-02","36.00","NZD","1760709075","23477/2025-12-02/1760709075.json"
"512557","146154","2025-12-02","45.00","NZD","1760709075","23477/2025-12-02/1760709075.json"
"365170","146153","2025-12-02","48.00","NZD","1760709075","23477/2025-12-02/1760709075.json"
"510807","146155","2025-12-02","52.00","NZD","1760709075","23477/2025-12-02/1760709075.json"
"581513","221281","2025-12-03","36.00","NZD","1760709075","23477/2025-12-03/1760709075.json"
"581514","221282","2025-12-03","36.00","NZD","1760709075","23477/2025-12-03/1760709075.json"
"512557","146154","2025-12-03","45.00","NZD","1760709075","23477/2025-12-03/1760709075.json"
"365170","146153","2025-12-03","48.00","NZD","1760709075","23477/2025-12-03/1760709075.json"
"510807","146155","2025-12-03","52.00","NZD","1760709075","23477/2025-12-03/1760709075.json"
"581513","221281","2025-12-05","36.00","NZD","1760709075","23477/2025-12-05/1760709075.json"
"581514","221282","2025-12-05","36.00","NZD","1760709075","23477/2025-12-05/1760709075.json"
"512557","146154","2025-12-05","45.00","NZD","1760709075","23477/2025-12-05/1760709075.json"
"365170","146153","2025-12-05","48.00","NZD","1760709075","23477/2025-12-05/1760709075.json"
"510807","146155","2025-12-05","52.00","NZD","1760709075","23477/2025-12-05/1760709075.json"
"581513","221281","2025-12-04","36.00","NZD","1760709075","23477/2025-12-04/1760709075.json"
"581514","221282","2025-12-04","36.00","NZD","1760709075","23477/2025-12-04/1760709075.json"
"512557","146154","2025-12-04","45.00","NZD","1760709075","23477/2025-12-04/1760709075.json"
"365170","146153","2025-12-04","48.00","NZD","1760709075","23477/2025-12-04/1760709075.json"
"510807","146155","2025-12-04","52.00","NZD","1760709075","23477/2025-12-04/1760709075.json"
"581513","221281","2025-12-06","36.00","NZD","1760709075","23477/2025-12-06/1760709075.json"
"581514","221282","2025-12-06","36.00","NZD","1760709075","23477/2025-12-06/1760709075.json"
"512557","146154","2025-12-06","45.00","NZD","1760709075","23477/2025-12-06/1760709075.json"
"365170","146153","2025-12-06","48.00","NZD","1760709075","23477/2025-12-06/1760709075.json"
"510807","146155","2025-12-06","52.00","NZD","1760709075","23477/2025-12-06/1760709075.json"
"581513","221281","2025-12-07","36.00","NZD","1760709075","23477/2025-12-07/1760709075.json"
"581514","221282","2025-12-07","36.00","NZD","1760709075","23477/2025-12-07/1760709075.json"
"512557","146154","2025-12-07","45.00","NZD","1760709075","23477/2025-12-07/1760709075.json"
"365170","146153","2025-12-07","48.00","NZD","1760709075","23477/2025-12-07/1760709075.json"
"510807","146155","2025-12-07","52.00","NZD","1760709075","23477/2025-12-07/1760709075.json"
"581513","221281","2025-12-09","36.00","NZD","1760709075","23477/2025-12-09/1760709075.json"
"581514","221282","2025-12-09","36.00","NZD","1760709075","23477/2025-12-09/1760709075.json"
"512557","146154","2025-12-09","45.00","NZD","1760709075","23477/2025-12-09/1760709075.json"
"365170","146153","2025-12-09","48.00","NZD","1760709075","23477/2025-12-09/1760709075.json"
"510807","146155","2025-12-09","52.00","NZD","1760709075","23477/2025-12-09/1760709075.json"
"581513","221281","2025-12-10","36.00","NZD","1760709075","23477/2025-12-10/1760709075.json"
"581514","221282","2025-12-10","36.00","NZD","1760709075","23477/2025-12-10/1760709075.json"
"512557","146154","2025-12-10","45.00","NZD","1760709075","23477/2025-12-10/1760709075.json"
"365170","146153","2025-12-10","48.00","NZD","1760709075","23477/2025-12-10/1760709075.json"
"510807","146155","2025-12-10","52.00","NZD","1760709075","23477/2025-12-10/1760709075.json"
"581513","221281","2025-12-11","36.00","NZD","1760709075","23477/2025-12-11/1760709075.json"
"581514","221282","2025-12-11","36.00","NZD","1760709075","23477/2025-12-11/1760709075.json"
"512557","146154","2025-12-11","45.00","NZD","1760709075","23477/2025-12-11/1760709075.json"
"365170","146153","2025-12-11","48.00","NZD","1760709075","23477/2025-12-11/1760709075.json"
"510807","146155","2025-12-11","52.00","NZD","1760709075","23477/2025-12-11/1760709075.json"
"581513","221281","2025-12-12","36.00","NZD","1760709075","23477/2025-12-12/1760709075.json"
"581514","221282","2025-12-12","36.00","NZD","1760709075","23477/2025-12-12/1760709075.json"
"512557","146154","2025-12-12","45.00","NZD","1760709075","23477/2025-12-12/1760709075.json"
"365170","146153","2025-12-12","48.00","NZD","1760709075","23477/2025-12-12/1760709075.json"
"510807","146155","2025-12-12","52.00","NZD","1760709075","23477/2025-12-12/1760709075.json"
"581513","221281","2025-12-13","36.00","NZD","1760709075","23477/2025-12-13/1760709075.json"
"581514","221282","2025-12-13","36.00","NZD","1760709075","23477/2025-12-13/1760709075.json"
"512557","146154","2025-12-13","45.00","NZD","1760709075","23477/2025-12-13/1760709075.json"
"365170","146153","2025-12-13","48.00","NZD","1760709075","23477/2025-12-13/1760709075.json"
"510807","146155","2025-12-13","52.00","NZD","1760709075","23477/2025-12-13/1760709075.json"
"581513","221281","2025-12-14","36.00","NZD","1760709075","23477/2025-12-14/1760709075.json"
"581514","221282","2025-12-14","36.00","NZD","1760709075","23477/2025-12-14/1760709075.json"
"512557","146154","2025-12-14","45.00","NZD","1760709075","23477/2025-12-14/1760709075.json"
"365170","146153","2025-12-14","48.00","NZD","1760709075","23477/2025-12-14/1760709075.json"
"510807","146155","2025-12-14","52.00","NZD","1760709075","23477/2025-12-14/1760709075.json"
"581513","221281","2025-12-15","36.00","NZD","1760709075","23477/2025-12-15/1760709075.json"
"581514","221282","2025-12-15","36.00","NZD","1760709075","23477/2025-12-15/1760709075.json"
"512557","146154","2025-12-15","45.00","NZD","1760709075","23477/2025-12-15/1760709075.json"
"365170","146153","2025-12-15","48.00","NZD","1760709075","23477/2025-12-15/1760709075.json"
"510807","146155","2025-12-15","52.00","NZD","1760709075","23477/2025-12-15/1760709075.json"
"581513","221281","2025-12-16","36.00","NZD","1760709075","23477/2025-12-16/1760709075.json"
"581514","221282","2025-12-16","36.00","NZD","1760709075","23477/2025-12-16/1760709075.json"
"512557","146154","2025-12-16","45.00","NZD","1760709075","23477/2025-12-16/1760709075.json"
"365170","146153","2025-12-16","48.00","NZD","1760709075","23477/2025-12-16/1760709075.json"
"510807","146155","2025-12-16","52.00","NZD","1760709075","23477/2025-12-16/1760709075.json"
"581513","221281","2025-12-08","36.00","NZD","1760709075","23477/2025-12-08/1760709075.json"
"581514","221282","2025-12-08","36.00","NZD","1760709075","23477/2025-12-08/1760709075.json"
"512557","146154","2025-12-08","45.00","NZD","1760709075","23477/2025-12-08/1760709075.json"
"365170","146153","2025-12-08","48.00","NZD","1760709075","23477/2025-12-08/1760709075.json"
"510807","146155","2025-12-08","52.00","NZD","1760709075","23477/2025-12-08/1760709075.json"
"581513","221281","2025-10-18","36.00","NZD","1760720576","23477/2025-10-18/1760720576.json"
"581514","221282","2025-10-18","36.00","NZD","1760720576","23477/2025-10-18/1760720576.json"
"512557","146154","2025-10-18","45.00","NZD","1760720576","23477/2025-10-18/1760720576.json"
"365170","146153","2025-10-18","48.00","NZD","1760720576","23477/2025-10-18/1760720576.json"
"510807","146155","2025-10-18","52.00","NZD","1760720576","23477/2025-10-18/1760720576.json"
"581513","221281","2025-10-20","36.00","NZD","1760720576","23477/2025-10-20/1760720576.json"
"581514","221282","2025-10-20","36.00","NZD","1760720576","23477/2025-10-20/1760720576.json"
"512557","146154","2025-10-20","45.00","NZD","1760720576","23477/2025-10-20/1760720576.json"
"365170","146153","2025-10-20","48.00","NZD","1760720576","23477/2025-10-20/1760720576.json"
"510807","146155","2025-10-20","52.00","NZD","1760720576","23477/2025-10-20/1760720576.json"
"581513","221281","2025-10-19","36.00","NZD","1760720576","23477/2025-10-19/1760720576.json"
"581514","221282","2025-10-19","36.00","NZD","1760720576","23477/2025-10-19/1760720576.json"
"512557","146154","2025-10-19","45.00","NZD","1760720576","23477/2025-10-19/1760720576.json"
"365170","146153","2025-10-19","48.00","NZD","1760720576","23477/2025-10-19/1760720576.json"
"510807","146155","2025-10-19","52.00","NZD","1760720576","23477/2025-10-19/1760720576.json"
"581513","221281","2025-10-21","36.00","NZD","1760720576","23477/2025-10-21/1760720576.json"
"581514","221282","2025-10-21","36.00","NZD","1760720576","23477/2025-10-21/1760720576.json"
"512557","146154","2025-10-21","45.00","NZD","1760720576","23477/2025-10-21/1760720576.json"
"365170","146153","2025-10-21","48.00","NZD","1760720576","23477/2025-10-21/1760720576.json"
"510807","146155","2025-10-21","52.00","NZD","1760720576","23477/2025-10-21/1760720576.json"
"581513","221281","2025-10-22","36.00","NZD","1760720576","23477/2025-10-22/1760720576.json"
"581514","221282","2025-10-22","36.00","NZD","1760720576","23477/2025-10-22/1760720576.json"
"512557","146154","2025-10-22","45.00","NZD","1760720576","23477/2025-10-22/1760720576.json"
"365170","146153","2025-10-22","48.00","NZD","1760720576","23477/2025-10-22/1760720576.json"
"510807","146155","2025-10-22","52.00","NZD","1760720576","23477/2025-10-22/1760720576.json"
"581513","221281","2025-10-23","36.00","NZD","1760720576","23477/2025-10-23/1760720576.json"
"581514","221282","2025-10-23","36.00","NZD","1760720576","23477/2025-10-23/1760720576.json"
"512557","146154","2025-10-23","45.00","NZD","1760720576","23477/2025-10-23/1760720576.json"
"365170","146153","2025-10-23","48.00","NZD","1760720576","23477/2025-10-23/1760720576.json"
"510807","146155","2025-10-23","52.00","NZD","1760720576","23477/2025-10-23/1760720576.json"
"581513","221281","2025-10-24","36.00","NZD","1760720576","23477/2025-10-24/1760720576.json"
"581514","221282","2025-10-24","36.00","NZD","1760720576","23477/2025-10-24/1760720576.json"
"512557","146154","2025-10-24","45.00","NZD","1760720576","23477/2025-10-24/1760720576.json"
"365170","146153","2025-10-24","48.00","NZD","1760720576","23477/2025-10-24/1760720576.json"
"510807","146155","2025-10-24","52.00","NZD","1760720576","23477/2025-10-24/1760720576.json"
"581513","221281","2025-10-25","38.00","NZD","1760720576","23477/2025-10-25/1760720576.json"
"581514","221282","2025-10-25","38.00","NZD","1760720576","23477/2025-10-25/1760720576.json"
"512557","146154","2025-10-25","45.00","NZD","1760720576","23477/2025-10-25/1760720576.json"
"581513","221281","2025-10-26","38.00","NZD","1760720576","23477/2025-10-26/1760720576.json"
"581514","221282","2025-10-26","38.00","NZD","1760720576","23477/2025-10-26/1760720576.json"
"512557","146154","2025-10-26","45.00","NZD","1760720576","23477/2025-10-26/1760720576.json"
"581513","221281","2025-10-28","36.00","NZD","1760720576","23477/2025-10-28/1760720576.json"
"581514","221282","2025-10-28","36.00","NZD","1760720576","23477/2025-10-28/1760720576.json"
"512557","146154","2025-10-28","45.00","NZD","1760720576","23477/2025-10-28/1760720576.json"
"365170","146153","2025-10-28","48.00","NZD","1760720576","23477/2025-10-28/1760720576.json"
"510807","146155","2025-10-28","52.00","NZD","1760720576","23477/2025-10-28/1760720576.json"
"581513","221281","2025-10-27","38.00","NZD","1760720576","23477/2025-10-27/1760720576.json"
"581514","221282","2025-10-27","38.00","NZD","1760720576","23477/2025-10-27/1760720576.json"
"512557","146154","2025-10-27","45.00","NZD","1760720576","23477/2025-10-27/1760720576.json"
"365170","146153","2025-10-27","48.00","NZD","1760720576","23477/2025-10-27/1760720576.json"
"510807","146155","2025-10-27","52.00","NZD","1760720576","23477/2025-10-27/1760720576.json"
"581513","221281","2025-10-30","36.00","NZD","1760720576","23477/2025-10-30/1760720576.json"
"581514","221282","2025-10-30","36.00","NZD","1760720576","23477/2025-10-30/1760720576.json"
"512557","146154","2025-10-30","45.00","NZD","1760720576","23477/2025-10-30/1760720576.json"
"365170","146153","2025-10-30","48.00","NZD","1760720576","23477/2025-10-30/1760720576.json"
"510807","146155","2025-10-30","52.00","NZD","1760720576","23477/2025-10-30/1760720576.json"
"581513","221281","2025-10-31","36.00","NZD","1760720576","23477/2025-10-31/1760720576.json"
"581514","221282","2025-10-31","36.00","NZD","1760720576","23477/2025-10-31/1760720576.json"
"512557","146154","2025-10-31","45.00","NZD","1760720576","23477/2025-10-31/1760720576.json"
"365170","146153","2025-10-31","48.00","NZD","1760720576","23477/2025-10-31/1760720576.json"
"510807","146155","2025-10-31","52.00","NZD","1760720576","23477/2025-10-31/1760720576.json"
"581513","221281","2025-11-01","36.00","NZD","1760720576","23477/2025-11-01/1760720576.json"
"581514","221282","2025-11-01","36.00","NZD","1760720576","23477/2025-11-01/1760720576.json"
"512557","146154","2025-11-01","45.00","NZD","1760720576","23477/2025-11-01/1760720576.json"
"365170","146153","2025-11-01","48.00","NZD","1760720576","23477/2025-11-01/1760720576.json"
"510807","146155","2025-11-01","52.00","NZD","1760720576","23477/2025-11-01/1760720576.json"
"581513","221281","2025-10-29","36.00","NZD","1760720576","23477/2025-10-29/1760720576.json"
"581514","221282","2025-10-29","36.00","NZD","1760720576","23477/2025-10-29/1760720576.json"
"512557","146154","2025-10-29","45.00","NZD","1760720576","23477/2025-10-29/1760720576.json"
"365170","146153","2025-10-29","48.00","NZD","1760720576","23477/2025-10-29/1760720576.json"
"510807","146155","2025-10-29","52.00","NZD","1760720576","23477/2025-10-29/1760720576.json"
"581513","221281","2025-11-02","36.00","NZD","1760720576","23477/2025-11-02/1760720576.json"
"581514","221282","2025-11-02","36.00","NZD","1760720576","23477/2025-11-02/1760720576.json"
"512557","146154","2025-11-02","45.00","NZD","1760720576","23477/2025-11-02/1760720576.json"
"365170","146153","2025-11-02","48.00","NZD","1760720576","23477/2025-11-02/1760720576.json"
"510807","146155","2025-11-02","52.00","NZD","1760720576","23477/2025-11-02/1760720576.json"
"581513","221281","2025-11-03","36.00","NZD","1760720576","23477/2025-11-03/1760720576.json"
"581514","221282","2025-11-03","36.00","NZD","1760720576","23477/2025-11-03/1760720576.json"
"512557","146154","2025-11-03","45.00","NZD","1760720576","23477/2025-11-03/1760720576.json"
"365170","146153","2025-11-03","48.00","NZD","1760720576","23477/2025-11-03/1760720576.json"
"510807","146155","2025-11-03","52.00","NZD","1760720576","23477/2025-11-03/1760720576.json"
"581513","221281","2025-11-04","36.00","NZD","1760720576","23477/2025-11-04/1760720576.json"
"581514","221282","2025-11-04","36.00","NZD","1760720576","23477/2025-11-04/1760720576.json"
"512557","146154","2025-11-04","45.00","NZD","1760720576","23477/2025-11-04/1760720576.json"
"365170","146153","2025-11-04","48.00","NZD","1760720576","23477/2025-11-04/1760720576.json"
"510807","146155","2025-11-04","52.00","NZD","1760720576","23477/2025-11-04/1760720576.json"
"581513","221281","2025-11-05","36.00","NZD","1760720576","23477/2025-11-05/1760720576.json"
"581514","221282","2025-11-05","36.00","NZD","1760720576","23477/2025-11-05/1760720576.json"
"512557","146154","2025-11-05","45.00","NZD","1760720576","23477/2025-11-05/1760720576.json"
"365170","146153","2025-11-05","48.00","NZD","1760720576","23477/2025-11-05/1760720576.json"
"510807","146155","2025-11-05","52.00","NZD","1760720576","23477/2025-11-05/1760720576.json"
"581513","221281","2025-11-06","36.00","NZD","1760720576","23477/2025-11-06/1760720576.json"
"581514","221282","2025-11-06","36.00","NZD","1760720576","23477/2025-11-06/1760720576.json"
"512557","146154","2025-11-06","45.00","NZD","1760720576","23477/2025-11-06/1760720576.json"
"365170","146153","2025-11-06","48.00","NZD","1760720576","23477/2025-11-06/1760720576.json"
"510807","146155","2025-11-06","52.00","NZD","1760720576","23477/2025-11-06/1760720576.json"
"581513","221281","2025-11-07","36.00","NZD","1760720576","23477/2025-11-07/1760720576.json"
"581514","221282","2025-11-07","36.00","NZD","1760720576","23477/2025-11-07/1760720576.json"
"512557","146154","2025-11-07","45.00","NZD","1760720576","23477/2025-11-07/1760720576.json"
"365170","146153","2025-11-07","48.00","NZD","1760720576","23477/2025-11-07/1760720576.json"
"510807","146155","2025-11-07","52.00","NZD","1760720576","23477/2025-11-07/1760720576.json"
"581513","221281","2025-11-08","36.00","NZD","1760720576","23477/2025-11-08/1760720576.json"
"581514","221282","2025-11-08","36.00","NZD","1760720576","23477/2025-11-08/1760720576.json"
"512557","146154","2025-11-08","45.00","NZD","1760720576","23477/2025-11-08/1760720576.json"
"365170","146153","2025-11-08","48.00","NZD","1760720576","23477/2025-11-08/1760720576.json"
"510807","146155","2025-11-08","52.00","NZD","1760720576","23477/2025-11-08/1760720576.json"
"581513","221281","2025-11-09","36.00","NZD","1760720576","23477/2025-11-09/1760720576.json"
"581514","221282","2025-11-09","36.00","NZD","1760720576","23477/2025-11-09/1760720576.json"
"512557","146154","2025-11-09","45.00","NZD","1760720576","23477/2025-11-09/1760720576.json"
"365170","146153","2025-11-09","48.00","NZD","1760720576","23477/2025-11-09/1760720576.json"
"510807","146155","2025-11-09","52.00","NZD","1760720576","23477/2025-11-09/1760720576.json"
"581513","221281","2025-11-10","36.00","NZD","1760720576","23477/2025-11-10/1760720576.json"
"581514","221282","2025-11-10","36.00","NZD","1760720576","23477/2025-11-10/1760720576.json"
"512557","146154","2025-11-10","45.00","NZD","1760720576","23477/2025-11-10/1760720576.json"
"365170","146153","2025-11-10","48.00","NZD","1760720576","23477/2025-11-10/1760720576.json"
"510807","146155","2025-11-10","52.00","NZD","1760720576","23477/2025-11-10/1760720576.json"
"581513","221281","2025-11-12","36.00","NZD","1760720576","23477/2025-11-12/1760720576.json"
"581514","221282","2025-11-12","36.00","NZD","1760720576","23477/2025-11-12/1760720576.json"
"512557","146154","2025-11-12","45.00","NZD","1760720576","23477/2025-11-12/1760720576.json"
"365170","146153","2025-11-12","48.00","NZD","1760720576","23477/2025-11-12/1760720576.json"
"510807","146155","2025-11-12","52.00","NZD","1760720576","23477/2025-11-12/1760720576.json"
"581513","221281","2025-11-11","36.00","NZD","1760720576","23477/2025-11-11/1760720576.json"
"581514","221282","2025-11-11","36.00","NZD","1760720576","23477/2025-11-11/1760720576.json"
"512557","146154","2025-11-11","45.00","NZD","1760720576","23477/2025-11-11/1760720576.json"
"365170","146153","2025-11-11","48.00","NZD","1760720576","23477/2025-11-11/1760720576.json"
"510807","146155","2025-11-11","52.00","NZD","1760720576","23477/2025-11-11/1760720576.json"
"581513","221281","2025-11-14","36.00","NZD","1760720576","23477/2025-11-14/1760720576.json"
"581514","221282","2025-11-14","36.00","NZD","1760720576","23477/2025-11-14/1760720576.json"
"512557","146154","2025-11-14","45.00","NZD","1760720576","23477/2025-11-14/1760720576.json"
"365170","146153","2025-11-14","48.00","NZD","1760720576","23477/2025-11-14/1760720576.json"
"510807","146155","2025-11-14","52.00","NZD","1760720576","23477/2025-11-14/1760720576.json"
"581513","221281","2025-11-13","36.00","NZD","1760720576","23477/2025-11-13/1760720576.json"
"581514","221282","2025-11-13","36.00","NZD","1760720576","23477/2025-11-13/1760720576.json"
"512557","146154","2025-11-13","45.00","NZD","1760720576","23477/2025-11-13/1760720576.json"
"365170","146153","2025-11-13","48.00","NZD","1760720576","23477/2025-11-13/1760720576.json"
"510807","146155","2025-11-13","52.00","NZD","1760720576","23477/2025-11-13/1760720576.json"
"581513","221281","2025-11-15","36.00","NZD","1760720576","23477/2025-11-15/1760720576.json"
"581514","221282","2025-11-15","36.00","NZD","1760720576","23477/2025-11-15/1760720576.json"
"512557","146154","2025-11-15","45.00","NZD","1760720576","23477/2025-11-15/1760720576.json"
"365170","146153","2025-11-15","48.00","NZD","1760720576","23477/2025-11-15/1760720576.json"
"510807","146155","2025-11-15","52.00","NZD","1760720576","23477/2025-11-15/1760720576.json"
"581513","221281","2025-11-18","36.00","NZD","1760720576","23477/2025-11-18/1760720576.json"
"581514","221282","2025-11-18","36.00","NZD","1760720576","23477/2025-11-18/1760720576.json"
"512557","146154","2025-11-18","45.00","NZD","1760720576","23477/2025-11-18/1760720576.json"
"365170","146153","2025-11-18","48.00","NZD","1760720576","23477/2025-11-18/1760720576.json"
"510807","146155","2025-11-18","52.00","NZD","1760720576","23477/2025-11-18/1760720576.json"
"581513","221281","2025-11-17","36.00","NZD","1760720576","23477/2025-11-17/1760720576.json"
"581514","221282","2025-11-17","36.00","NZD","1760720576","23477/2025-11-17/1760720576.json"
"512557","146154","2025-11-17","45.00","NZD","1760720576","23477/2025-11-17/1760720576.json"
"365170","146153","2025-11-17","48.00","NZD","1760720576","23477/2025-11-17/1760720576.json"
"510807","146155","2025-11-17","52.00","NZD","1760720576","23477/2025-11-17/1760720576.json"
"581513","221281","2025-11-16","36.00","NZD","1760720576","23477/2025-11-16/1760720576.json"
"581514","221282","2025-11-16","36.00","NZD","1760720576","23477/2025-11-16/1760720576.json"
"512557","146154","2025-11-16","45.00","NZD","1760720576","23477/2025-11-16/1760720576.json"
"365170","146153","2025-11-16","48.00","NZD","1760720576","23477/2025-11-16/1760720576.json"
"510807","146155","2025-11-16","52.00","NZD","1760720576","23477/2025-11-16/1760720576.json"
"581513","221281","2025-11-21","36.00","NZD","1760720576","23477/2025-11-21/1760720576.json"
"581514","221282","2025-11-21","36.00","NZD","1760720576","23477/2025-11-21/1760720576.json"
"512557","146154","2025-11-21","45.00","NZD","1760720576","23477/2025-11-21/1760720576.json"
"365170","146153","2025-11-21","48.00","NZD","1760720576","23477/2025-11-21/1760720576.json"
"510807","146155","2025-11-21","52.00","NZD","1760720576","23477/2025-11-21/1760720576.json"
"581513","221281","2025-11-19","36.00","NZD","1760720576","23477/2025-11-19/1760720576.json"
"581514","221282","2025-11-19","36.00","NZD","1760720576","23477/2025-11-19/1760720576.json"
"512557","146154","2025-11-19","45.00","NZD","1760720576","23477/2025-11-19/1760720576.json"
"365170","146153","2025-11-19","48.00","NZD","1760720576","23477/2025-11-19/1760720576.json"
"510807","146155","2025-11-19","52.00","NZD","1760720576","23477/2025-11-19/1760720576.json"
"581513","221281","2025-11-22","36.00","NZD","1760720576","23477/2025-11-22/1760720576.json"
"581514","221282","2025-11-22","36.00","NZD","1760720576","23477/2025-11-22/1760720576.json"
"512557","146154","2025-11-22","45.00","NZD","1760720576","23477/2025-11-22/1760720576.json"
"365170","146153","2025-11-22","48.00","NZD","1760720576","23477/2025-11-22/1760720576.json"
"510807","146155","2025-11-22","52.00","NZD","1760720576","23477/2025-11-22/1760720576.json"
"581513","221281","2025-11-20","36.00","NZD","1760720576","23477/2025-11-20/1760720576.json"
"581514","221282","2025-11-20","36.00","NZD","1760720576","23477/2025-11-20/1760720576.json"
"512557","146154","2025-11-20","45.00","NZD","1760720576","23477/2025-11-20/1760720576.json"
"581513","221281","2025-11-24","36.00","NZD","1760720576","23477/2025-11-24/1760720576.json"
"581514","221282","2025-11-24","36.00","NZD","1760720576","23477/2025-11-24/1760720576.json"
"512557","146154","2025-11-24","45.00","NZD","1760720576","23477/2025-11-24/1760720576.json"
"365170","146153","2025-11-24","48.00","NZD","1760720576","23477/2025-11-24/1760720576.json"
"510807","146155","2025-11-24","52.00","NZD","1760720576","23477/2025-11-24/1760720576.json"
"581513","221281","2025-11-23","36.00","NZD","1760720576","23477/2025-11-23/1760720576.json"
"581514","221282","2025-11-23","36.00","NZD","1760720576","23477/2025-11-23/1760720576.json"
"512557","146154","2025-11-23","45.00","NZD","1760720576","23477/2025-11-23/1760720576.json"
"365170","146153","2025-11-23","48.00","NZD","1760720576","23477/2025-11-23/1760720576.json"
"510807","146155","2025-11-23","52.00","NZD","1760720576","23477/2025-11-23/1760720576.json"
"581513","221281","2025-11-25","36.00","NZD","1760720576","23477/2025-11-25/1760720576.json"
"581514","221282","2025-11-25","36.00","NZD","1760720576","23477/2025-11-25/1760720576.json"
"512557","146154","2025-11-25","45.00","NZD","1760720576","23477/2025-11-25/1760720576.json"
"365170","146153","2025-11-25","48.00","NZD","1760720576","23477/2025-11-25/1760720576.json"
"510807","146155","2025-11-25","52.00","NZD","1760720576","23477/2025-11-25/1760720576.json"
"581513","221281","2025-11-26","36.00","NZD","1760720576","23477/2025-11-26/1760720576.json"
"581514","221282","2025-11-26","36.00","NZD","1760720576","23477/2025-11-26/1760720576.json"
"512557","146154","2025-11-26","45.00","NZD","1760720576","23477/2025-11-26/1760720576.json"
"365170","146153","2025-11-26","48.00","NZD","1760720576","23477/2025-11-26/1760720576.json"
"510807","146155","2025-11-26","52.00","NZD","1760720576","23477/2025-11-26/1760720576.json"
"581513","221281","2025-11-27","36.00","NZD","1760720576","23477/2025-11-27/1760720576.json"
"581514","221282","2025-11-27","36.00","NZD","1760720576","23477/2025-11-27/1760720576.json"
"512557","146154","2025-11-27","45.00","NZD","1760720576","23477/2025-11-27/1760720576.json"
"365170","146153","2025-11-27","48.00","NZD","1760720576","23477/2025-11-27/1760720576.json"
"510807","146155","2025-11-27","52.00","NZD","1760720576","23477/2025-11-27/1760720576.json"
"581513","221281","2025-11-28","36.00","NZD","1760720576","23477/2025-11-28/1760720576.json"
"581514","221282","2025-11-28","36.00","NZD","1760720576","23477/2025-11-28/1760720576.json"
"512557","146154","2025-11-28","45.00","NZD","1760720576","23477/2025-11-28/1760720576.json"
"365170","146153","2025-11-28","48.00","NZD","1760720576","23477/2025-11-28/1760720576.json"
"510807","146155","2025-11-28","52.00","NZD","1760720576","23477/2025-11-28/1760720576.json"
"581513","221281","2025-11-29","36.00","NZD","1760720576","23477/2025-11-29/1760720576.json"
"581514","221282","2025-11-29","36.00","NZD","1760720576","23477/2025-11-29/1760720576.json"
"512557","146154","2025-11-29","45.00","NZD","1760720576","23477/2025-11-29/1760720576.json"
"365170","146153","2025-11-29","48.00","NZD","1760720576","23477/2025-11-29/1760720576.json"
"510807","146155","2025-11-29","52.00","NZD","1760720576","23477/2025-11-29/1760720576.json"
"581513","221281","2025-11-30","36.00","NZD","1760720576","23477/2025-11-30/1760720576.json"
"581514","221282","2025-11-30","36.00","NZD","1760720576","23477/2025-11-30/1760720576.json"
"512557","146154","2025-11-30","45.00","NZD","1760720576","23477/2025-11-30/1760720576.json"
"365170","146153","2025-11-30","48.00","NZD","1760720576","23477/2025-11-30/1760720576.json"
"510807","146155","2025-11-30","52.00","NZD","1760720576","23477/2025-11-30/1760720576.json"
"581513","221281","2025-12-01","36.00","NZD","1760720576","23477/2025-12-01/1760720576.json"
"581514","221282","2025-12-01","36.00","NZD","1760720576","23477/2025-12-01/1760720576.json"
"512557","146154","2025-12-01","45.00","NZD","1760720576","23477/2025-12-01/1760720576.json"
"365170","146153","2025-12-01","48.00","NZD","1760720576","23477/2025-12-01/1760720576.json"
"510807","146155","2025-12-01","52.00","NZD","1760720576","23477/2025-12-01/1760720576.json"
"581513","221281","2025-12-02","36.00","NZD","1760720576","23477/2025-12-02/1760720576.json"
"581514","221282","2025-12-02","36.00","NZD","1760720576","23477/2025-12-02/1760720576.json"
"512557","146154","2025-12-02","45.00","NZD","1760720576","23477/2025-12-02/1760720576.json"
"365170","146153","2025-12-02","48.00","NZD","1760720576","23477/2025-12-02/1760720576.json"
"510807","146155","2025-12-02","52.00","NZD","1760720576","23477/2025-12-02/1760720576.json"
"581513","221281","2025-12-03","36.00","NZD","1760720576","23477/2025-12-03/1760720576.json"
"581514","221282","2025-12-03","36.00","NZD","1760720576","23477/2025-12-03/1760720576.json"
"512557","146154","2025-12-03","45.00","NZD","1760720576","23477/2025-12-03/1760720576.json"
"365170","146153","2025-12-03","48.00","NZD","1760720576","23477/2025-12-03/1760720576.json"
"510807","146155","2025-12-03","52.00","NZD","1760720576","23477/2025-12-03/1760720576.json"
"581513","221281","2025-12-04","36.00","NZD","1760720576","23477/2025-12-04/1760720576.json"
"581514","221282","2025-12-04","36.00","NZD","1760720576","23477/2025-12-04/1760720576.json"
"512557","146154","2025-12-04","45.00","NZD","1760720576","23477/2025-12-04/1760720576.json"
"365170","146153","2025-12-04","48.00","NZD","1760720576","23477/2025-12-04/1760720576.json"
"510807","146155","2025-12-04","52.00","NZD","1760720576","23477/2025-12-04/1760720576.json"
"581513","221281","2025-12-05","36.00","NZD","1760720576","23477/2025-12-05/1760720576.json"
"581514","221282","2025-12-05","36.00","NZD","1760720576","23477/2025-12-05/1760720576.json"
"512557","146154","2025-12-05","45.00","NZD","1760720576","23477/2025-12-05/1760720576.json"
"365170","146153","2025-12-05","48.00","NZD","1760720576","23477/2025-12-05/1760720576.json"
"510807","146155","2025-12-05","52.00","NZD","1760720576","23477/2025-12-05/1760720576.json"
"581513","221281","2025-12-06","36.00","NZD","1760720576","23477/2025-12-06/1760720576.json"
"581514","221282","2025-12-06","36.00","NZD","1760720576","23477/2025-12-06/1760720576.json"
"512557","146154","2025-12-06","45.00","NZD","1760720576","23477/2025-12-06/1760720576.json"
"365170","146153","2025-12-06","48.00","NZD","1760720576","23477/2025-12-06/1760720576.json"
"510807","146155","2025-12-06","52.00","NZD","1760720576","23477/2025-12-06/1760720576.json"
"581513","221281","2025-12-07","36.00","NZD","1760720576","23477/2025-12-07/1760720576.json"
"581514","221282","2025-12-07","36.00","NZD","1760720576","23477/2025-12-07/1760720576.json"
"512557","146154","2025-12-07","45.00","NZD","1760720576","23477/2025-12-07/1760720576.json"
"365170","146153","2025-12-07","48.00","NZD","1760720576","23477/2025-12-07/1760720576.json"
"510807","146155","2025-12-07","52.00","NZD","1760720576","23477/2025-12-07/1760720576.json"
"581513","221281","2025-12-08","36.00","NZD","1760720576","23477/2025-12-08/1760720576.json"
"581514","221282","2025-12-08","36.00","NZD","1760720576","23477/2025-12-08/1760720576.json"
"512557","146154","2025-12-08","45.00","NZD","1760720576","23477/2025-12-08/1760720576.json"
"365170","146153","2025-12-08","48.00","NZD","1760720576","23477/2025-12-08/1760720576.json"
"510807","146155","2025-12-08","52.00","NZD","1760720576","23477/2025-12-08/1760720576.json"
"581513","221281","2025-12-09","36.00","NZD","1760720576","23477/2025-12-09/1760720576.json"
"581514","221282","2025-12-09","36.00","NZD","1760720576","23477/2025-12-09/1760720576.json"
"512557","146154","2025-12-09","45.00","NZD","1760720576","23477/2025-12-09/1760720576.json"
"365170","146153","2025-12-09","48.00","NZD","1760720576","23477/2025-12-09/1760720576.json"
"510807","146155","2025-12-09","52.00","NZD","1760720576","23477/2025-12-09/1760720576.json"
"581513","221281","2025-12-10","36.00","NZD","1760720576","23477/2025-12-10/1760720576.json"
"581514","221282","2025-12-10","36.00","NZD","1760720576","23477/2025-12-10/1760720576.json"
"512557","146154","2025-12-10","45.00","NZD","1760720576","23477/2025-12-10/1760720576.json"
"365170","146153","2025-12-10","48.00","NZD","1760720576","23477/2025-12-10/1760720576.json"
"510807","146155","2025-12-10","52.00","NZD","1760720576","23477/2025-12-10/1760720576.json"
"581513","221281","2025-12-11","36.00","NZD","1760720576","23477/2025-12-11/1760720576.json"
"581514","221282","2025-12-11","36.00","NZD","1760720576","23477/2025-12-11/1760720576.json"
"512557","146154","2025-12-11","45.00","NZD","1760720576","23477/2025-12-11/1760720576.json"
"365170","146153","2025-12-11","48.00","NZD","1760720576","23477/2025-12-11/1760720576.json"
"510807","146155","2025-12-11","52.00","NZD","1760720576","23477/2025-12-11/1760720576.json"
"581513","221281","2025-12-12","36.00","NZD","1760720576","23477/2025-12-12/1760720576.json"
"581514","221282","2025-12-12","36.00","NZD","1760720576","23477/2025-12-12/1760720576.json"
"512557","146154","2025-12-12","45.00","NZD","1760720576","23477/2025-12-12/1760720576.json"
"365170","146153","2025-12-12","48.00","NZD","1760720576","23477/2025-12-12/1760720576.json"
"510807","146155","2025-12-12","52.00","NZD","1760720576","23477/2025-12-12/1760720576.json"
"581513","221281","2025-12-15","36.00","NZD","1760720576","23477/2025-12-15/1760720576.json"
"581514","221282","2025-12-15","36.00","NZD","1760720576","23477/2025-12-15/1760720576.json"
"512557","146154","2025-12-15","45.00","NZD","1760720576","23477/2025-12-15/1760720576.json"
"365170","146153","2025-12-15","48.00","NZD","1760720576","23477/2025-12-15/1760720576.json"
"510807","146155","2025-12-15","52.00","NZD","1760720576","23477/2025-12-15/1760720576.json"
"581513","221281","2025-12-13","36.00","NZD","1760720576","23477/2025-12-13/1760720576.json"
"581514","221282","2025-12-13","36.00","NZD","1760720576","23477/2025-12-13/1760720576.json"
"512557","146154","2025-12-13","45.00","NZD","1760720576","23477/2025-12-13/1760720576.json"
"365170","146153","2025-12-13","48.00","NZD","1760720576","23477/2025-12-13/1760720576.json"
"510807","146155","2025-12-13","52.00","NZD","1760720576","23477/2025-12-13/1760720576.json"
"581513","221281","2025-12-14","36.00","NZD","1760720576","23477/2025-12-14/1760720576.json"
"581514","221282","2025-12-14","36.00","NZD","1760720576","23477/2025-12-14/1760720576.json"
"512557","146154","2025-12-14","45.00","NZD","1760720576","23477/2025-12-14/1760720576.json"
"365170","146153","2025-12-14","48.00","NZD","1760720576","23477/2025-12-14/1760720576.json"
"510807","146155","2025-12-14","52.00","NZD","1760720576","23477/2025-12-14/1760720576.json"
"581513","221281","2025-12-16","36.00","NZD","1760720576","23477/2025-12-16/1760720576.json"
"581514","221282","2025-12-16","36.00","NZD","1760720576","23477/2025-12-16/1760720576.json"
"512557","146154","2025-12-16","45.00","NZD","1760720576","23477/2025-12-16/1760720576.json"
"365170","146153","2025-12-16","48.00","NZD","1760720576","23477/2025-12-16/1760720576.json"
"510807","146155","2025-12-16","52.00","NZD","1760720576","23477/2025-12-16/1760720576.json"
"581513","221281","2025-10-19","36.00","NZD","1760734293","23477/2025-10-19/1760734293.json"
"581513","221281","2025-10-20","36.00","NZD","1760734293","23477/2025-10-20/1760734293.json"
"581514","221282","2025-10-19","36.00","NZD","1760734293","23477/2025-10-19/1760734293.json"
"581514","221282","2025-10-20","36.00","NZD","1760734293","23477/2025-10-20/1760734293.json"
"512557","146154","2025-10-20","45.00","NZD","1760734293","23477/2025-10-20/1760734293.json"
"512557","146154","2025-10-19","45.00","NZD","1760734293","23477/2025-10-19/1760734293.json"
"365170","146153","2025-10-20","48.00","NZD","1760734293","23477/2025-10-20/1760734293.json"
"510807","146155","2025-10-20","52.00","NZD","1760734293","23477/2025-10-20/1760734293.json"
"365170","146153","2025-10-19","48.00","NZD","1760734293","23477/2025-10-19/1760734293.json"
"510807","146155","2025-10-19","52.00","NZD","1760734293","23477/2025-10-19/1760734293.json"
"581513","221281","2025-10-18","36.00","NZD","1760734293","23477/2025-10-18/1760734293.json"
"581514","221282","2025-10-18","36.00","NZD","1760734293","23477/2025-10-18/1760734293.json"
"512557","146154","2025-10-18","45.00","NZD","1760734293","23477/2025-10-18/1760734293.json"
"365170","146153","2025-10-18","48.00","NZD","1760734293","23477/2025-10-18/1760734293.json"
"510807","146155","2025-10-18","52.00","NZD","1760734293","23477/2025-10-18/1760734293.json"
"581513","221281","2025-10-21","36.00","NZD","1760734293","23477/2025-10-21/1760734293.json"
"581514","221282","2025-10-21","36.00","NZD","1760734293","23477/2025-10-21/1760734293.json"
"512557","146154","2025-10-21","45.00","NZD","1760734293","23477/2025-10-21/1760734293.json"
"365170","146153","2025-10-21","48.00","NZD","1760734293","23477/2025-10-21/1760734293.json"
"510807","146155","2025-10-21","52.00","NZD","1760734293","23477/2025-10-21/1760734293.json"
"581513","221281","2025-10-23","36.00","NZD","1760734293","23477/2025-10-23/1760734293.json"
"581514","221282","2025-10-23","36.00","NZD","1760734293","23477/2025-10-23/1760734293.json"
"512557","146154","2025-10-23","45.00","NZD","1760734293","23477/2025-10-23/1760734293.json"
"365170","146153","2025-10-23","48.00","NZD","1760734293","23477/2025-10-23/1760734293.json"
"510807","146155","2025-10-23","52.00","NZD","1760734293","23477/2025-10-23/1760734293.json"
"581513","221281","2025-10-24","36.00","NZD","1760734293","23477/2025-10-24/1760734293.json"
"581514","221282","2025-10-24","36.00","NZD","1760734293","23477/2025-10-24/1760734293.json"
"512557","146154","2025-10-24","45.00","NZD","1760734293","23477/2025-10-24/1760734293.json"
"365170","146153","2025-10-24","48.00","NZD","1760734293","23477/2025-10-24/1760734293.json"
"510807","146155","2025-10-24","52.00","NZD","1760734293","23477/2025-10-24/1760734293.json"
"581513","221281","2025-10-25","38.00","NZD","1760734293","23477/2025-10-25/1760734293.json"
"581514","221282","2025-10-25","38.00","NZD","1760734293","23477/2025-10-25/1760734293.json"
"512557","146154","2025-10-25","45.00","NZD","1760734293","23477/2025-10-25/1760734293.json"
"581513","221281","2025-10-26","38.00","NZD","1760734293","23477/2025-10-26/1760734293.json"
"581514","221282","2025-10-26","38.00","NZD","1760734293","23477/2025-10-26/1760734293.json"
"512557","146154","2025-10-26","45.00","NZD","1760734293","23477/2025-10-26/1760734293.json"
"581513","221281","2025-10-28","36.00","NZD","1760734293","23477/2025-10-28/1760734293.json"
"581514","221282","2025-10-28","36.00","NZD","1760734293","23477/2025-10-28/1760734293.json"
"512557","146154","2025-10-28","45.00","NZD","1760734293","23477/2025-10-28/1760734293.json"
"365170","146153","2025-10-28","48.00","NZD","1760734293","23477/2025-10-28/1760734293.json"
"510807","146155","2025-10-28","52.00","NZD","1760734293","23477/2025-10-28/1760734293.json"
"581513","221281","2025-10-29","36.00","NZD","1760734293","23477/2025-10-29/1760734293.json"
"581514","221282","2025-10-29","36.00","NZD","1760734293","23477/2025-10-29/1760734293.json"
"512557","146154","2025-10-29","45.00","NZD","1760734293","23477/2025-10-29/1760734293.json"
"365170","146153","2025-10-29","48.00","NZD","1760734293","23477/2025-10-29/1760734293.json"
"510807","146155","2025-10-29","52.00","NZD","1760734293","23477/2025-10-29/1760734293.json"
"581513","221281","2025-10-27","38.00","NZD","1760734293","23477/2025-10-27/1760734293.json"
"581514","221282","2025-10-27","38.00","NZD","1760734293","23477/2025-10-27/1760734293.json"
"512557","146154","2025-10-27","45.00","NZD","1760734293","23477/2025-10-27/1760734293.json"
"365170","146153","2025-10-27","48.00","NZD","1760734293","23477/2025-10-27/1760734293.json"
"510807","146155","2025-10-27","52.00","NZD","1760734293","23477/2025-10-27/1760734293.json"
"581513","221281","2025-10-22","36.00","NZD","1760734293","23477/2025-10-22/1760734293.json"
"581514","221282","2025-10-22","36.00","NZD","1760734293","23477/2025-10-22/1760734293.json"
"512557","146154","2025-10-22","45.00","NZD","1760734293","23477/2025-10-22/1760734293.json"
"365170","146153","2025-10-22","48.00","NZD","1760734293","23477/2025-10-22/1760734293.json"
"510807","146155","2025-10-22","52.00","NZD","1760734293","23477/2025-10-22/1760734293.json"
"581513","221281","2025-10-30","36.00","NZD","1760734293","23477/2025-10-30/1760734293.json"
"581514","221282","2025-10-30","36.00","NZD","1760734293","23477/2025-10-30/1760734293.json"
"512557","146154","2025-10-30","45.00","NZD","1760734293","23477/2025-10-30/1760734293.json"
"365170","146153","2025-10-30","48.00","NZD","1760734293","23477/2025-10-30/1760734293.json"
"510807","146155","2025-10-30","52.00","NZD","1760734293","23477/2025-10-30/1760734293.json"
"581513","221281","2025-10-31","36.00","NZD","1760734293","23477/2025-10-31/1760734293.json"
"581514","221282","2025-10-31","36.00","NZD","1760734293","23477/2025-10-31/1760734293.json"
"512557","146154","2025-10-31","45.00","NZD","1760734293","23477/2025-10-31/1760734293.json"
"365170","146153","2025-10-31","48.00","NZD","1760734293","23477/2025-10-31/1760734293.json"
"510807","146155","2025-10-31","52.00","NZD","1760734293","23477/2025-10-31/1760734293.json"
"581513","221281","2025-11-03","36.00","NZD","1760734293","23477/2025-11-03/1760734293.json"
"581514","221282","2025-11-03","36.00","NZD","1760734293","23477/2025-11-03/1760734293.json"
"512557","146154","2025-11-03","45.00","NZD","1760734293","23477/2025-11-03/1760734293.json"
"365170","146153","2025-11-03","48.00","NZD","1760734293","23477/2025-11-03/1760734293.json"
"510807","146155","2025-11-03","52.00","NZD","1760734293","23477/2025-11-03/1760734293.json"
"581513","221281","2025-11-02","36.00","NZD","1760734293","23477/2025-11-02/1760734293.json"
"581514","221282","2025-11-02","36.00","NZD","1760734293","23477/2025-11-02/1760734293.json"
"512557","146154","2025-11-02","45.00","NZD","1760734293","23477/2025-11-02/1760734293.json"
"365170","146153","2025-11-02","48.00","NZD","1760734293","23477/2025-11-02/1760734293.json"
"510807","146155","2025-11-02","52.00","NZD","1760734293","23477/2025-11-02/1760734293.json"
"581513","221281","2025-11-01","36.00","NZD","1760734293","23477/2025-11-01/1760734293.json"
"581514","221282","2025-11-01","36.00","NZD","1760734293","23477/2025-11-01/1760734293.json"
"512557","146154","2025-11-01","45.00","NZD","1760734293","23477/2025-11-01/1760734293.json"
"365170","146153","2025-11-01","48.00","NZD","1760734293","23477/2025-11-01/1760734293.json"
"510807","146155","2025-11-01","52.00","NZD","1760734293","23477/2025-11-01/1760734293.json"
"581513","221281","2025-11-04","36.00","NZD","1760734293","23477/2025-11-04/1760734293.json"
"581514","221282","2025-11-04","36.00","NZD","1760734293","23477/2025-11-04/1760734293.json"
"512557","146154","2025-11-04","45.00","NZD","1760734293","23477/2025-11-04/1760734293.json"
"365170","146153","2025-11-04","48.00","NZD","1760734293","23477/2025-11-04/1760734293.json"
"510807","146155","2025-11-04","52.00","NZD","1760734293","23477/2025-11-04/1760734293.json"
"581513","221281","2025-11-06","36.00","NZD","1760734293","23477/2025-11-06/1760734293.json"
"581513","221281","2025-11-07","36.00","NZD","1760734293","23477/2025-11-07/1760734293.json"
"581514","221282","2025-11-06","36.00","NZD","1760734293","23477/2025-11-06/1760734293.json"
"581514","221282","2025-11-07","36.00","NZD","1760734293","23477/2025-11-07/1760734293.json"
"512557","146154","2025-11-07","45.00","NZD","1760734293","23477/2025-11-07/1760734293.json"
"512557","146154","2025-11-06","45.00","NZD","1760734293","23477/2025-11-06/1760734293.json"
"365170","146153","2025-11-07","48.00","NZD","1760734293","23477/2025-11-07/1760734293.json"
"510807","146155","2025-11-07","52.00","NZD","1760734293","23477/2025-11-07/1760734293.json"
"365170","146153","2025-11-06","48.00","NZD","1760734293","23477/2025-11-06/1760734293.json"
"510807","146155","2025-11-06","52.00","NZD","1760734293","23477/2025-11-06/1760734293.json"
"581513","221281","2025-11-05","36.00","NZD","1760734293","23477/2025-11-05/1760734293.json"
"581514","221282","2025-11-05","36.00","NZD","1760734293","23477/2025-11-05/1760734293.json"
"512557","146154","2025-11-05","45.00","NZD","1760734293","23477/2025-11-05/1760734293.json"
"365170","146153","2025-11-05","48.00","NZD","1760734293","23477/2025-11-05/1760734293.json"
"510807","146155","2025-11-05","52.00","NZD","1760734293","23477/2025-11-05/1760734293.json"
"581513","221281","2025-11-08","36.00","NZD","1760734293","23477/2025-11-08/1760734293.json"
"581514","221282","2025-11-08","36.00","NZD","1760734293","23477/2025-11-08/1760734293.json"
"512557","146154","2025-11-08","45.00","NZD","1760734293","23477/2025-11-08/1760734293.json"
"365170","146153","2025-11-08","48.00","NZD","1760734293","23477/2025-11-08/1760734293.json"
"510807","146155","2025-11-08","52.00","NZD","1760734293","23477/2025-11-08/1760734293.json"
"581513","221281","2025-11-10","36.00","NZD","1760734293","23477/2025-11-10/1760734293.json"
"581514","221282","2025-11-10","36.00","NZD","1760734293","23477/2025-11-10/1760734293.json"
"512557","146154","2025-11-10","45.00","NZD","1760734293","23477/2025-11-10/1760734293.json"
"365170","146153","2025-11-10","48.00","NZD","1760734293","23477/2025-11-10/1760734293.json"
"510807","146155","2025-11-10","52.00","NZD","1760734293","23477/2025-11-10/1760734293.json"
"581513","221281","2025-11-09","36.00","NZD","1760734293","23477/2025-11-09/1760734293.json"
"581514","221282","2025-11-09","36.00","NZD","1760734293","23477/2025-11-09/1760734293.json"
"512557","146154","2025-11-09","45.00","NZD","1760734293","23477/2025-11-09/1760734293.json"
"365170","146153","2025-11-09","48.00","NZD","1760734293","23477/2025-11-09/1760734293.json"
"510807","146155","2025-11-09","52.00","NZD","1760734293","23477/2025-11-09/1760734293.json"
"581513","221281","2025-11-11","36.00","NZD","1760734293","23477/2025-11-11/1760734293.json"
"581514","221282","2025-11-11","36.00","NZD","1760734293","23477/2025-11-11/1760734293.json"
"512557","146154","2025-11-11","45.00","NZD","1760734293","23477/2025-11-11/1760734293.json"
"365170","146153","2025-11-11","48.00","NZD","1760734293","23477/2025-11-11/1760734293.json"
"510807","146155","2025-11-11","52.00","NZD","1760734293","23477/2025-11-11/1760734293.json"
"581513","221281","2025-11-13","36.00","NZD","1760734293","23477/2025-11-13/1760734293.json"
"581514","221282","2025-11-13","36.00","NZD","1760734293","23477/2025-11-13/1760734293.json"
"512557","146154","2025-11-13","45.00","NZD","1760734293","23477/2025-11-13/1760734293.json"
"365170","146153","2025-11-13","48.00","NZD","1760734293","23477/2025-11-13/1760734293.json"
"510807","146155","2025-11-13","52.00","NZD","1760734293","23477/2025-11-13/1760734293.json"
"581513","221281","2025-11-12","36.00","NZD","1760734293","23477/2025-11-12/1760734293.json"
"581514","221282","2025-11-12","36.00","NZD","1760734293","23477/2025-11-12/1760734293.json"
"512557","146154","2025-11-12","45.00","NZD","1760734293","23477/2025-11-12/1760734293.json"
"365170","146153","2025-11-12","48.00","NZD","1760734293","23477/2025-11-12/1760734293.json"
"510807","146155","2025-11-12","52.00","NZD","1760734293","23477/2025-11-12/1760734293.json"
"581513","221281","2025-11-14","36.00","NZD","1760734293","23477/2025-11-14/1760734293.json"
"581514","221282","2025-11-14","36.00","NZD","1760734293","23477/2025-11-14/1760734293.json"
"512557","146154","2025-11-14","45.00","NZD","1760734293","23477/2025-11-14/1760734293.json"
"365170","146153","2025-11-14","48.00","NZD","1760734293","23477/2025-11-14/1760734293.json"
"510807","146155","2025-11-14","52.00","NZD","1760734293","23477/2025-11-14/1760734293.json"
"581513","221281","2025-11-15","36.00","NZD","1760734293","23477/2025-11-15/1760734293.json"
"581514","221282","2025-11-15","36.00","NZD","1760734293","23477/2025-11-15/1760734293.json"
"512557","146154","2025-11-15","45.00","NZD","1760734293","23477/2025-11-15/1760734293.json"
"365170","146153","2025-11-15","48.00","NZD","1760734293","23477/2025-11-15/1760734293.json"
"510807","146155","2025-11-15","52.00","NZD","1760734293","23477/2025-11-15/1760734293.json"
"581513","221281","2025-11-17","36.00","NZD","1760734293","23477/2025-11-17/1760734293.json"
"581514","221282","2025-11-17","36.00","NZD","1760734293","23477/2025-11-17/1760734293.json"
"512557","146154","2025-11-17","45.00","NZD","1760734293","23477/2025-11-17/1760734293.json"
"365170","146153","2025-11-17","48.00","NZD","1760734293","23477/2025-11-17/1760734293.json"
"510807","146155","2025-11-17","52.00","NZD","1760734293","23477/2025-11-17/1760734293.json"
"581513","221281","2025-11-16","36.00","NZD","1760734293","23477/2025-11-16/1760734293.json"
"581514","221282","2025-11-16","36.00","NZD","1760734293","23477/2025-11-16/1760734293.json"
"512557","146154","2025-11-16","45.00","NZD","1760734293","23477/2025-11-16/1760734293.json"
"365170","146153","2025-11-16","48.00","NZD","1760734293","23477/2025-11-16/1760734293.json"
"510807","146155","2025-11-16","52.00","NZD","1760734293","23477/2025-11-16/1760734293.json"
"581513","221281","2025-11-18","36.00","NZD","1760734293","23477/2025-11-18/1760734293.json"
"581514","221282","2025-11-18","36.00","NZD","1760734293","23477/2025-11-18/1760734293.json"
"512557","146154","2025-11-18","45.00","NZD","1760734293","23477/2025-11-18/1760734293.json"
"365170","146153","2025-11-18","48.00","NZD","1760734293","23477/2025-11-18/1760734293.json"
"510807","146155","2025-11-18","52.00","NZD","1760734293","23477/2025-11-18/1760734293.json"
"581513","221281","2025-11-19","36.00","NZD","1760734293","23477/2025-11-19/1760734293.json"
"581514","221282","2025-11-19","36.00","NZD","1760734293","23477/2025-11-19/1760734293.json"
"512557","146154","2025-11-19","45.00","NZD","1760734293","23477/2025-11-19/1760734293.json"
"365170","146153","2025-11-19","48.00","NZD","1760734293","23477/2025-11-19/1760734293.json"
"510807","146155","2025-11-19","52.00","NZD","1760734293","23477/2025-11-19/1760734293.json"
"581513","221281","2025-11-20","36.00","NZD","1760734293","23477/2025-11-20/1760734293.json"
"581514","221282","2025-11-20","36.00","NZD","1760734293","23477/2025-11-20/1760734293.json"
"512557","146154","2025-11-20","45.00","NZD","1760734293","23477/2025-11-20/1760734293.json"
"581513","221281","2025-11-21","36.00","NZD","1760734293","23477/2025-11-21/1760734293.json"
"581514","221282","2025-11-21","36.00","NZD","1760734293","23477/2025-11-21/1760734293.json"
"512557","146154","2025-11-21","45.00","NZD","1760734293","23477/2025-11-21/1760734293.json"
"365170","146153","2025-11-21","48.00","NZD","1760734293","23477/2025-11-21/1760734293.json"
"510807","146155","2025-11-21","52.00","NZD","1760734293","23477/2025-11-21/1760734293.json"
"581513","221281","2025-11-22","36.00","NZD","1760734293","23477/2025-11-22/1760734293.json"
"581514","221282","2025-11-22","36.00","NZD","1760734293","23477/2025-11-22/1760734293.json"
"512557","146154","2025-11-22","45.00","NZD","1760734293","23477/2025-11-22/1760734293.json"
"365170","146153","2025-11-22","48.00","NZD","1760734293","23477/2025-11-22/1760734293.json"
"510807","146155","2025-11-22","52.00","NZD","1760734293","23477/2025-11-22/1760734293.json"
"581513","221281","2025-11-23","36.00","NZD","1760734293","23477/2025-11-23/1760734293.json"
"581514","221282","2025-11-23","36.00","NZD","1760734293","23477/2025-11-23/1760734293.json"
"512557","146154","2025-11-23","45.00","NZD","1760734293","23477/2025-11-23/1760734293.json"
"365170","146153","2025-11-23","48.00","NZD","1760734293","23477/2025-11-23/1760734293.json"
"510807","146155","2025-11-23","52.00","NZD","1760734293","23477/2025-11-23/1760734293.json"
"581513","221281","2025-11-24","36.00","NZD","1760734293","23477/2025-11-24/1760734293.json"
"581514","221282","2025-11-24","36.00","NZD","1760734293","23477/2025-11-24/1760734293.json"
"512557","146154","2025-11-24","45.00","NZD","1760734293","23477/2025-11-24/1760734293.json"
"365170","146153","2025-11-24","48.00","NZD","1760734293","23477/2025-11-24/1760734293.json"
"510807","146155","2025-11-24","52.00","NZD","1760734293","23477/2025-11-24/1760734293.json"
"581513","221281","2025-11-25","36.00","NZD","1760734293","23477/2025-11-25/1760734293.json"
"581514","221282","2025-11-25","36.00","NZD","1760734293","23477/2025-11-25/1760734293.json"
"512557","146154","2025-11-25","45.00","NZD","1760734293","23477/2025-11-25/1760734293.json"
"365170","146153","2025-11-25","48.00","NZD","1760734293","23477/2025-11-25/1760734293.json"
"510807","146155","2025-11-25","52.00","NZD","1760734293","23477/2025-11-25/1760734293.json"
"581513","221281","2025-11-26","36.00","NZD","1760734293","23477/2025-11-26/1760734293.json"
"581514","221282","2025-11-26","36.00","NZD","1760734293","23477/2025-11-26/1760734293.json"
"512557","146154","2025-11-26","45.00","NZD","1760734293","23477/2025-11-26/1760734293.json"
"365170","146153","2025-11-26","48.00","NZD","1760734293","23477/2025-11-26/1760734293.json"
"510807","146155","2025-11-26","52.00","NZD","1760734293","23477/2025-11-26/1760734293.json"
"581513","221281","2025-11-27","36.00","NZD","1760734293","23477/2025-11-27/1760734293.json"
"581514","221282","2025-11-27","36.00","NZD","1760734293","23477/2025-11-27/1760734293.json"
"512557","146154","2025-11-27","45.00","NZD","1760734293","23477/2025-11-27/1760734293.json"
"365170","146153","2025-11-27","48.00","NZD","1760734293","23477/2025-11-27/1760734293.json"
"510807","146155","2025-11-27","52.00","NZD","1760734293","23477/2025-11-27/1760734293.json"
"581513","221281","2025-11-29","36.00","NZD","1760734293","23477/2025-11-29/1760734293.json"
"581514","221282","2025-11-29","36.00","NZD","1760734293","23477/2025-11-29/1760734293.json"
"512557","146154","2025-11-29","45.00","NZD","1760734293","23477/2025-11-29/1760734293.json"
"365170","146153","2025-11-29","48.00","NZD","1760734293","23477/2025-11-29/1760734293.json"
"510807","146155","2025-11-29","52.00","NZD","1760734293","23477/2025-11-29/1760734293.json"
"581513","221281","2025-11-30","36.00","NZD","1760734293","23477/2025-11-30/1760734293.json"
"581514","221282","2025-11-30","36.00","NZD","1760734293","23477/2025-11-30/1760734293.json"
"512557","146154","2025-11-30","45.00","NZD","1760734293","23477/2025-11-30/1760734293.json"
"365170","146153","2025-11-30","48.00","NZD","1760734293","23477/2025-11-30/1760734293.json"
"510807","146155","2025-11-30","52.00","NZD","1760734293","23477/2025-11-30/1760734293.json"
"581513","221281","2025-12-01","36.00","NZD","1760734293","23477/2025-12-01/1760734293.json"
"581514","221282","2025-12-01","36.00","NZD","1760734293","23477/2025-12-01/1760734293.json"
"512557","146154","2025-12-01","45.00","NZD","1760734293","23477/2025-12-01/1760734293.json"
"365170","146153","2025-12-01","48.00","NZD","1760734293","23477/2025-12-01/1760734293.json"
"510807","146155","2025-12-01","52.00","NZD","1760734293","23477/2025-12-01/1760734293.json"
"581513","221281","2025-12-03","36.00","NZD","1760734293","23477/2025-12-03/1760734293.json"
"581514","221282","2025-12-03","36.00","NZD","1760734293","23477/2025-12-03/1760734293.json"
"512557","146154","2025-12-03","45.00","NZD","1760734293","23477/2025-12-03/1760734293.json"
"365170","146153","2025-12-03","48.00","NZD","1760734293","23477/2025-12-03/1760734293.json"
"510807","146155","2025-12-03","52.00","NZD","1760734293","23477/2025-12-03/1760734293.json"
"581513","221281","2025-12-02","36.00","NZD","1760734293","23477/2025-12-02/1760734293.json"
"581514","221282","2025-12-02","36.00","NZD","1760734293","23477/2025-12-02/1760734293.json"
"512557","146154","2025-12-02","45.00","NZD","1760734293","23477/2025-12-02/1760734293.json"
"365170","146153","2025-12-02","48.00","NZD","1760734293","23477/2025-12-02/1760734293.json"
"510807","146155","2025-12-02","52.00","NZD","1760734293","23477/2025-12-02/1760734293.json"
"581513","221281","2025-12-04","36.00","NZD","1760734293","23477/2025-12-04/1760734293.json"
"581514","221282","2025-12-04","36.00","NZD","1760734293","23477/2025-12-04/1760734293.json"
"512557","146154","2025-12-04","45.00","NZD","1760734293","23477/2025-12-04/1760734293.json"
"365170","146153","2025-12-04","48.00","NZD","1760734293","23477/2025-12-04/1760734293.json"
"510807","146155","2025-12-04","52.00","NZD","1760734293","23477/2025-12-04/1760734293.json"
"581513","221281","2025-12-05","36.00","NZD","1760734293","23477/2025-12-05/1760734293.json"
"581514","221282","2025-12-05","36.00","NZD","1760734293","23477/2025-12-05/1760734293.json"
"512557","146154","2025-12-05","45.00","NZD","1760734293","23477/2025-12-05/1760734293.json"
"365170","146153","2025-12-05","48.00","NZD","1760734293","23477/2025-12-05/1760734293.json"
"510807","146155","2025-12-05","52.00","NZD","1760734293","23477/2025-12-05/1760734293.json"
"581513","221281","2025-12-06","36.00","NZD","1760734293","23477/2025-12-06/1760734293.json"
"581514","221282","2025-12-06","36.00","NZD","1760734293","23477/2025-12-06/1760734293.json"
"512557","146154","2025-12-06","45.00","NZD","1760734293","23477/2025-12-06/1760734293.json"
"365170","146153","2025-12-06","48.00","NZD","1760734293","23477/2025-12-06/1760734293.json"
"510807","146155","2025-12-06","52.00","NZD","1760734293","23477/2025-12-06/1760734293.json"
"581513","221281","2025-11-28","36.00","NZD","1760734293","23477/2025-11-28/1760734293.json"
"581514","221282","2025-11-28","36.00","NZD","1760734293","23477/2025-11-28/1760734293.json"
"512557","146154","2025-11-28","45.00","NZD","1760734293","23477/2025-11-28/1760734293.json"
"365170","146153","2025-11-28","48.00","NZD","1760734293","23477/2025-11-28/1760734293.json"
"510807","146155","2025-11-28","52.00","NZD","1760734293","23477/2025-11-28/1760734293.json"
"581513","221281","2025-12-07","36.00","NZD","1760734293","23477/2025-12-07/1760734293.json"
"581514","221282","2025-12-07","36.00","NZD","1760734293","23477/2025-12-07/1760734293.json"
"512557","146154","2025-12-07","45.00","NZD","1760734293","23477/2025-12-07/1760734293.json"
"365170","146153","2025-12-07","48.00","NZD","1760734293","23477/2025-12-07/1760734293.json"
"510807","146155","2025-12-07","52.00","NZD","1760734293","23477/2025-12-07/1760734293.json"
"581513","221281","2025-12-08","36.00","NZD","1760734293","23477/2025-12-08/1760734293.json"
"581514","221282","2025-12-08","36.00","NZD","1760734293","23477/2025-12-08/1760734293.json"
"512557","146154","2025-12-08","45.00","NZD","1760734293","23477/2025-12-08/1760734293.json"
"365170","146153","2025-12-08","48.00","NZD","1760734293","23477/2025-12-08/1760734293.json"
"510807","146155","2025-12-08","52.00","NZD","1760734293","23477/2025-12-08/1760734293.json"
"581513","221281","2025-12-09","36.00","NZD","1760734293","23477/2025-12-09/1760734293.json"
"581514","221282","2025-12-09","36.00","NZD","1760734293","23477/2025-12-09/1760734293.json"
"512557","146154","2025-12-09","45.00","NZD","1760734293","23477/2025-12-09/1760734293.json"
"365170","146153","2025-12-09","48.00","NZD","1760734293","23477/2025-12-09/1760734293.json"
"510807","146155","2025-12-09","52.00","NZD","1760734293","23477/2025-12-09/1760734293.json"
"581513","221281","2025-12-10","36.00","NZD","1760734293","23477/2025-12-10/1760734293.json"
"581514","221282","2025-12-10","36.00","NZD","1760734293","23477/2025-12-10/1760734293.json"
"512557","146154","2025-12-10","45.00","NZD","1760734293","23477/2025-12-10/1760734293.json"
"365170","146153","2025-12-10","48.00","NZD","1760734293","23477/2025-12-10/1760734293.json"
"510807","146155","2025-12-10","52.00","NZD","1760734293","23477/2025-12-10/1760734293.json"
"581513","221281","2025-12-12","36.00","NZD","1760734293","23477/2025-12-12/1760734293.json"
"581514","221282","2025-12-12","36.00","NZD","1760734293","23477/2025-12-12/1760734293.json"
"512557","146154","2025-12-12","45.00","NZD","1760734293","23477/2025-12-12/1760734293.json"
"365170","146153","2025-12-12","48.00","NZD","1760734293","23477/2025-12-12/1760734293.json"
"510807","146155","2025-12-12","52.00","NZD","1760734293","23477/2025-12-12/1760734293.json"
"581513","221281","2025-12-11","36.00","NZD","1760734293","23477/2025-12-11/1760734293.json"
"581514","221282","2025-12-11","36.00","NZD","1760734293","23477/2025-12-11/1760734293.json"
"512557","146154","2025-12-11","45.00","NZD","1760734293","23477/2025-12-11/1760734293.json"
"365170","146153","2025-12-11","48.00","NZD","1760734293","23477/2025-12-11/1760734293.json"
"510807","146155","2025-12-11","52.00","NZD","1760734293","23477/2025-12-11/1760734293.json"
"581513","221281","2025-12-13","36.00","NZD","1760734293","23477/2025-12-13/1760734293.json"
"581514","221282","2025-12-13","36.00","NZD","1760734293","23477/2025-12-13/1760734293.json"
"512557","146154","2025-12-13","45.00","NZD","1760734293","23477/2025-12-13/1760734293.json"
"365170","146153","2025-12-13","48.00","NZD","1760734293","23477/2025-12-13/1760734293.json"
"510807","146155","2025-12-13","52.00","NZD","1760734293","23477/2025-12-13/1760734293.json"
"581513","221281","2025-12-14","36.00","NZD","1760734293","23477/2025-12-14/1760734293.json"
"581514","221282","2025-12-14","36.00","NZD","1760734293","23477/2025-12-14/1760734293.json"
"512557","146154","2025-12-14","45.00","NZD","1760734293","23477/2025-12-14/1760734293.json"
"365170","146153","2025-12-14","48.00","NZD","1760734293","23477/2025-12-14/1760734293.json"
"510807","146155","2025-12-14","52.00","NZD","1760734293","23477/2025-12-14/1760734293.json"
"581513","221281","2025-12-15","36.00","NZD","1760734293","23477/2025-12-15/1760734293.json"
"581514","221282","2025-12-15","36.00","NZD","1760734293","23477/2025-12-15/1760734293.json"
"512557","146154","2025-12-15","45.00","NZD","1760734293","23477/2025-12-15/1760734293.json"
"365170","146153","2025-12-15","48.00","NZD","1760734293","23477/2025-12-15/1760734293.json"
"510807","146155","2025-12-15","52.00","NZD","1760734293","23477/2025-12-15/1760734293.json"
"581513","221281","2025-12-16","36.00","NZD","1760734293","23477/2025-12-16/1760734293.json"
"581514","221282","2025-12-16","36.00","NZD","1760734293","23477/2025-12-16/1760734293.json"
"512557","146154","2025-12-16","45.00","NZD","1760734293","23477/2025-12-16/1760734293.json"
"365170","146153","2025-12-16","48.00","NZD","1760734293","23477/2025-12-16/1760734293.json"
"510807","146155","2025-12-16","52.00","NZD","1760734293","23477/2025-12-16/1760734293.json"
"581513","221281","2025-10-20","36.00","NZD","1760757475","23477/2025-10-20/1760757475.json"
"581514","221282","2025-10-20","36.00","NZD","1760757475","23477/2025-10-20/1760757475.json"
"512557","146154","2025-10-20","45.00","NZD","1760757475","23477/2025-10-20/1760757475.json"
"365170","146153","2025-10-20","48.00","NZD","1760757475","23477/2025-10-20/1760757475.json"
"510807","146155","2025-10-20","52.00","NZD","1760757475","23477/2025-10-20/1760757475.json"
"581513","221281","2025-10-19","36.00","NZD","1760757475","23477/2025-10-19/1760757475.json"
"581514","221282","2025-10-19","36.00","NZD","1760757475","23477/2025-10-19/1760757475.json"
"512557","146154","2025-10-19","45.00","NZD","1760757475","23477/2025-10-19/1760757475.json"
"581513","221281","2025-10-21","36.00","NZD","1760757475","23477/2025-10-21/1760757475.json"
"365170","146153","2025-10-19","48.00","NZD","1760757475","23477/2025-10-19/1760757475.json"
"510807","146155","2025-10-19","52.00","NZD","1760757475","23477/2025-10-19/1760757475.json"
"581514","221282","2025-10-21","36.00","NZD","1760757475","23477/2025-10-21/1760757475.json"
"512557","146154","2025-10-21","45.00","NZD","1760757475","23477/2025-10-21/1760757475.json"
"365170","146153","2025-10-21","48.00","NZD","1760757475","23477/2025-10-21/1760757475.json"
"510807","146155","2025-10-21","52.00","NZD","1760757475","23477/2025-10-21/1760757475.json"
"581513","221281","2025-10-18","36.00","NZD","1760757475","23477/2025-10-18/1760757475.json"
"581514","221282","2025-10-18","36.00","NZD","1760757475","23477/2025-10-18/1760757475.json"
"512557","146154","2025-10-18","45.00","NZD","1760757475","23477/2025-10-18/1760757475.json"
"365170","146153","2025-10-18","48.00","NZD","1760757475","23477/2025-10-18/1760757475.json"
"510807","146155","2025-10-18","52.00","NZD","1760757475","23477/2025-10-18/1760757475.json"
"581513","221281","2025-10-23","36.00","NZD","1760757475","23477/2025-10-23/1760757475.json"
"581514","221282","2025-10-23","36.00","NZD","1760757475","23477/2025-10-23/1760757475.json"
"512557","146154","2025-10-23","45.00","NZD","1760757475","23477/2025-10-23/1760757475.json"
"365170","146153","2025-10-23","48.00","NZD","1760757475","23477/2025-10-23/1760757475.json"
"510807","146155","2025-10-23","52.00","NZD","1760757475","23477/2025-10-23/1760757475.json"
"581513","221281","2025-10-25","38.00","NZD","1760757475","23477/2025-10-25/1760757475.json"
"581514","221282","2025-10-25","38.00","NZD","1760757475","23477/2025-10-25/1760757475.json"
"512557","146154","2025-10-25","45.00","NZD","1760757475","23477/2025-10-25/1760757475.json"
"581513","221281","2025-10-22","36.00","NZD","1760757475","23477/2025-10-22/1760757475.json"
"581514","221282","2025-10-22","36.00","NZD","1760757475","23477/2025-10-22/1760757475.json"
"512557","146154","2025-10-22","45.00","NZD","1760757475","23477/2025-10-22/1760757475.json"
"365170","146153","2025-10-22","48.00","NZD","1760757475","23477/2025-10-22/1760757475.json"
"510807","146155","2025-10-22","52.00","NZD","1760757475","23477/2025-10-22/1760757475.json"
"581513","221281","2025-10-24","36.00","NZD","1760757475","23477/2025-10-24/1760757475.json"
"581514","221282","2025-10-24","36.00","NZD","1760757475","23477/2025-10-24/1760757475.json"
"512557","146154","2025-10-24","45.00","NZD","1760757475","23477/2025-10-24/1760757475.json"
"365170","146153","2025-10-24","48.00","NZD","1760757475","23477/2025-10-24/1760757475.json"
"510807","146155","2025-10-24","52.00","NZD","1760757475","23477/2025-10-24/1760757475.json"
"581513","221281","2025-10-26","38.00","NZD","1760757475","23477/2025-10-26/1760757475.json"
"581514","221282","2025-10-26","38.00","NZD","1760757475","23477/2025-10-26/1760757475.json"
"512557","146154","2025-10-26","45.00","NZD","1760757475","23477/2025-10-26/1760757475.json"
"581513","221281","2025-10-28","36.00","NZD","1760757475","23477/2025-10-28/1760757475.json"
"581514","221282","2025-10-28","36.00","NZD","1760757475","23477/2025-10-28/1760757475.json"
"512557","146154","2025-10-28","45.00","NZD","1760757475","23477/2025-10-28/1760757475.json"
"365170","146153","2025-10-28","48.00","NZD","1760757475","23477/2025-10-28/1760757475.json"
"510807","146155","2025-10-28","52.00","NZD","1760757475","23477/2025-10-28/1760757475.json"
"581513","221281","2025-10-27","38.00","NZD","1760757475","23477/2025-10-27/1760757475.json"
"581514","221282","2025-10-27","38.00","NZD","1760757475","23477/2025-10-27/1760757475.json"
"512557","146154","2025-10-27","45.00","NZD","1760757475","23477/2025-10-27/1760757475.json"
"365170","146153","2025-10-27","48.00","NZD","1760757475","23477/2025-10-27/1760757475.json"
"510807","146155","2025-10-27","52.00","NZD","1760757475","23477/2025-10-27/1760757475.json"
"581513","221281","2025-10-29","36.00","NZD","1760757475","23477/2025-10-29/1760757475.json"
"581514","221282","2025-10-29","36.00","NZD","1760757475","23477/2025-10-29/1760757475.json"
"512557","146154","2025-10-29","45.00","NZD","1760757475","23477/2025-10-29/1760757475.json"
"365170","146153","2025-10-29","48.00","NZD","1760757475","23477/2025-10-29/1760757475.json"
"510807","146155","2025-10-29","52.00","NZD","1760757475","23477/2025-10-29/1760757475.json"
"581513","221281","2025-10-30","36.00","NZD","1760757475","23477/2025-10-30/1760757475.json"
"581514","221282","2025-10-30","36.00","NZD","1760757475","23477/2025-10-30/1760757475.json"
"512557","146154","2025-10-30","45.00","NZD","1760757475","23477/2025-10-30/1760757475.json"
"365170","146153","2025-10-30","48.00","NZD","1760757475","23477/2025-10-30/1760757475.json"
"510807","146155","2025-10-30","52.00","NZD","1760757475","23477/2025-10-30/1760757475.json"
"581513","221281","2025-10-31","36.00","NZD","1760757475","23477/2025-10-31/1760757475.json"
"581514","221282","2025-10-31","36.00","NZD","1760757475","23477/2025-10-31/1760757475.json"
"512557","146154","2025-10-31","45.00","NZD","1760757475","23477/2025-10-31/1760757475.json"
"365170","146153","2025-10-31","48.00","NZD","1760757475","23477/2025-10-31/1760757475.json"
"510807","146155","2025-10-31","52.00","NZD","1760757475","23477/2025-10-31/1760757475.json"
"581513","221281","2025-11-01","36.00","NZD","1760757475","23477/2025-11-01/1760757475.json"
"581514","221282","2025-11-01","36.00","NZD","1760757475","23477/2025-11-01/1760757475.json"
"512557","146154","2025-11-01","45.00","NZD","1760757475","23477/2025-11-01/1760757475.json"
"365170","146153","2025-11-01","48.00","NZD","1760757475","23477/2025-11-01/1760757475.json"
"510807","146155","2025-11-01","52.00","NZD","1760757475","23477/2025-11-01/1760757475.json"
"581513","221281","2025-11-03","36.00","NZD","1760757475","23477/2025-11-03/1760757475.json"
"581513","221281","2025-11-02","36.00","NZD","1760757475","23477/2025-11-02/1760757475.json"
"581514","221282","2025-11-02","36.00","NZD","1760757475","23477/2025-11-02/1760757475.json"
"512557","146154","2025-11-02","45.00","NZD","1760757475","23477/2025-11-02/1760757475.json"
"365170","146153","2025-11-02","48.00","NZD","1760757475","23477/2025-11-02/1760757475.json"
"581514","221282","2025-11-03","36.00","NZD","1760757475","23477/2025-11-03/1760757475.json"
"510807","146155","2025-11-02","52.00","NZD","1760757475","23477/2025-11-02/1760757475.json"
"512557","146154","2025-11-03","45.00","NZD","1760757475","23477/2025-11-03/1760757475.json"
"365170","146153","2025-11-03","48.00","NZD","1760757475","23477/2025-11-03/1760757475.json"
"510807","146155","2025-11-03","52.00","NZD","1760757475","23477/2025-11-03/1760757475.json"
"581513","221281","2025-11-04","36.00","NZD","1760757475","23477/2025-11-04/1760757475.json"
"581514","221282","2025-11-04","36.00","NZD","1760757475","23477/2025-11-04/1760757475.json"
"512557","146154","2025-11-04","45.00","NZD","1760757475","23477/2025-11-04/1760757475.json"
"365170","146153","2025-11-04","48.00","NZD","1760757475","23477/2025-11-04/1760757475.json"
"510807","146155","2025-11-04","52.00","NZD","1760757475","23477/2025-11-04/1760757475.json"
"581513","221281","2025-11-05","36.00","NZD","1760757475","23477/2025-11-05/1760757475.json"
"581514","221282","2025-11-05","36.00","NZD","1760757475","23477/2025-11-05/1760757475.json"
"512557","146154","2025-11-05","45.00","NZD","1760757475","23477/2025-11-05/1760757475.json"
"365170","146153","2025-11-05","48.00","NZD","1760757475","23477/2025-11-05/1760757475.json"
"510807","146155","2025-11-05","52.00","NZD","1760757475","23477/2025-11-05/1760757475.json"
"581513","221281","2025-11-06","36.00","NZD","1760757475","23477/2025-11-06/1760757475.json"
"581514","221282","2025-11-06","36.00","NZD","1760757475","23477/2025-11-06/1760757475.json"
"512557","146154","2025-11-06","45.00","NZD","1760757475","23477/2025-11-06/1760757475.json"
"365170","146153","2025-11-06","48.00","NZD","1760757475","23477/2025-11-06/1760757475.json"
"510807","146155","2025-11-06","52.00","NZD","1760757475","23477/2025-11-06/1760757475.json"
"581513","221281","2025-11-07","36.00","NZD","1760757475","23477/2025-11-07/1760757475.json"
"581514","221282","2025-11-07","36.00","NZD","1760757475","23477/2025-11-07/1760757475.json"
"512557","146154","2025-11-07","45.00","NZD","1760757475","23477/2025-11-07/1760757475.json"
"365170","146153","2025-11-07","48.00","NZD","1760757475","23477/2025-11-07/1760757475.json"
"510807","146155","2025-11-07","52.00","NZD","1760757475","23477/2025-11-07/1760757475.json"
"581513","221281","2025-11-08","36.00","NZD","1760757475","23477/2025-11-08/1760757475.json"
"581514","221282","2025-11-08","36.00","NZD","1760757475","23477/2025-11-08/1760757475.json"
"512557","146154","2025-11-08","45.00","NZD","1760757475","23477/2025-11-08/1760757475.json"
"365170","146153","2025-11-08","48.00","NZD","1760757475","23477/2025-11-08/1760757475.json"
"510807","146155","2025-11-08","52.00","NZD","1760757475","23477/2025-11-08/1760757475.json"
"581513","221281","2025-11-10","36.00","NZD","1760757475","23477/2025-11-10/1760757475.json"
"581514","221282","2025-11-10","36.00","NZD","1760757475","23477/2025-11-10/1760757475.json"
"512557","146154","2025-11-10","45.00","NZD","1760757475","23477/2025-11-10/1760757475.json"
"365170","146153","2025-11-10","48.00","NZD","1760757475","23477/2025-11-10/1760757475.json"
"510807","146155","2025-11-10","52.00","NZD","1760757475","23477/2025-11-10/1760757475.json"
"581513","221281","2025-11-09","36.00","NZD","1760757475","23477/2025-11-09/1760757475.json"
"581514","221282","2025-11-09","36.00","NZD","1760757475","23477/2025-11-09/1760757475.json"
"512557","146154","2025-11-09","45.00","NZD","1760757475","23477/2025-11-09/1760757475.json"
"365170","146153","2025-11-09","48.00","NZD","1760757475","23477/2025-11-09/1760757475.json"
"510807","146155","2025-11-09","52.00","NZD","1760757475","23477/2025-11-09/1760757475.json"
"581513","221281","2025-11-11","36.00","NZD","1760757475","23477/2025-11-11/1760757475.json"
"581514","221282","2025-11-11","36.00","NZD","1760757475","23477/2025-11-11/1760757475.json"
"512557","146154","2025-11-11","45.00","NZD","1760757475","23477/2025-11-11/1760757475.json"
"365170","146153","2025-11-11","48.00","NZD","1760757475","23477/2025-11-11/1760757475.json"
"510807","146155","2025-11-11","52.00","NZD","1760757475","23477/2025-11-11/1760757475.json"
"581513","221281","2025-11-12","36.00","NZD","1760757475","23477/2025-11-12/1760757475.json"
"581514","221282","2025-11-12","36.00","NZD","1760757475","23477/2025-11-12/1760757475.json"
"512557","146154","2025-11-12","45.00","NZD","1760757475","23477/2025-11-12/1760757475.json"
"365170","146153","2025-11-12","48.00","NZD","1760757475","23477/2025-11-12/1760757475.json"
"510807","146155","2025-11-12","52.00","NZD","1760757475","23477/2025-11-12/1760757475.json"
"581513","221281","2025-11-13","36.00","NZD","1760757475","23477/2025-11-13/1760757475.json"
"581514","221282","2025-11-13","36.00","NZD","1760757475","23477/2025-11-13/1760757475.json"
"512557","146154","2025-11-13","45.00","NZD","1760757475","23477/2025-11-13/1760757475.json"
"365170","146153","2025-11-13","48.00","NZD","1760757475","23477/2025-11-13/1760757475.json"
"510807","146155","2025-11-13","52.00","NZD","1760757475","23477/2025-11-13/1760757475.json"
"581513","221281","2025-11-14","36.00","NZD","1760757475","23477/2025-11-14/1760757475.json"
"581514","221282","2025-11-14","36.00","NZD","1760757475","23477/2025-11-14/1760757475.json"
"512557","146154","2025-11-14","45.00","NZD","1760757475","23477/2025-11-14/1760757475.json"
"365170","146153","2025-11-14","48.00","NZD","1760757475","23477/2025-11-14/1760757475.json"
"510807","146155","2025-11-14","52.00","NZD","1760757475","23477/2025-11-14/1760757475.json"
"581513","221281","2025-11-15","36.00","NZD","1760757475","23477/2025-11-15/1760757475.json"
"581514","221282","2025-11-15","36.00","NZD","1760757475","23477/2025-11-15/1760757475.json"
"512557","146154","2025-11-15","45.00","NZD","1760757475","23477/2025-11-15/1760757475.json"
"365170","146153","2025-11-15","48.00","NZD","1760757475","23477/2025-11-15/1760757475.json"
"510807","146155","2025-11-15","52.00","NZD","1760757475","23477/2025-11-15/1760757475.json"
"581513","221281","2025-11-17","36.00","NZD","1760757475","23477/2025-11-17/1760757475.json"
"581513","221281","2025-11-16","36.00","NZD","1760757475","23477/2025-11-16/1760757475.json"
"581514","221282","2025-11-17","36.00","NZD","1760757475","23477/2025-11-17/1760757475.json"
"581514","221282","2025-11-16","36.00","NZD","1760757475","23477/2025-11-16/1760757475.json"
"512557","146154","2025-11-16","45.00","NZD","1760757475","23477/2025-11-16/1760757475.json"
"512557","146154","2025-11-17","45.00","NZD","1760757475","23477/2025-11-17/1760757475.json"
"365170","146153","2025-11-16","48.00","NZD","1760757475","23477/2025-11-16/1760757475.json"
"510807","146155","2025-11-16","52.00","NZD","1760757475","23477/2025-11-16/1760757475.json"
"365170","146153","2025-11-17","48.00","NZD","1760757475","23477/2025-11-17/1760757475.json"
"510807","146155","2025-11-17","52.00","NZD","1760757475","23477/2025-11-17/1760757475.json"
"581513","221281","2025-11-18","36.00","NZD","1760757475","23477/2025-11-18/1760757475.json"
"581514","221282","2025-11-18","36.00","NZD","1760757475","23477/2025-11-18/1760757475.json"
"512557","146154","2025-11-18","45.00","NZD","1760757475","23477/2025-11-18/1760757475.json"
"365170","146153","2025-11-18","48.00","NZD","1760757475","23477/2025-11-18/1760757475.json"
"510807","146155","2025-11-18","52.00","NZD","1760757475","23477/2025-11-18/1760757475.json"
"581513","221281","2025-11-19","36.00","NZD","1760757475","23477/2025-11-19/1760757475.json"
"581514","221282","2025-11-19","36.00","NZD","1760757475","23477/2025-11-19/1760757475.json"
"512557","146154","2025-11-19","45.00","NZD","1760757475","23477/2025-11-19/1760757475.json"
"365170","146153","2025-11-19","48.00","NZD","1760757475","23477/2025-11-19/1760757475.json"
"510807","146155","2025-11-19","52.00","NZD","1760757475","23477/2025-11-19/1760757475.json"
"581513","221281","2025-11-20","36.00","NZD","1760757475","23477/2025-11-20/1760757475.json"
"581514","221282","2025-11-20","36.00","NZD","1760757475","23477/2025-11-20/1760757475.json"
"512557","146154","2025-11-20","45.00","NZD","1760757475","23477/2025-11-20/1760757475.json"
"581513","221281","2025-11-21","36.00","NZD","1760757475","23477/2025-11-21/1760757475.json"
"581514","221282","2025-11-21","36.00","NZD","1760757475","23477/2025-11-21/1760757475.json"
"512557","146154","2025-11-21","45.00","NZD","1760757475","23477/2025-11-21/1760757475.json"
"365170","146153","2025-11-21","48.00","NZD","1760757475","23477/2025-11-21/1760757475.json"
"510807","146155","2025-11-21","52.00","NZD","1760757475","23477/2025-11-21/1760757475.json"
"581513","221281","2025-11-22","36.00","NZD","1760757475","23477/2025-11-22/1760757475.json"
"581514","221282","2025-11-22","36.00","NZD","1760757475","23477/2025-11-22/1760757475.json"
"512557","146154","2025-11-22","45.00","NZD","1760757475","23477/2025-11-22/1760757475.json"
"365170","146153","2025-11-22","48.00","NZD","1760757475","23477/2025-11-22/1760757475.json"
"510807","146155","2025-11-22","52.00","NZD","1760757475","23477/2025-11-22/1760757475.json"
"581513","221281","2025-11-23","36.00","NZD","1760757475","23477/2025-11-23/1760757475.json"
"581514","221282","2025-11-23","36.00","NZD","1760757475","23477/2025-11-23/1760757475.json"
"512557","146154","2025-11-23","45.00","NZD","1760757475","23477/2025-11-23/1760757475.json"
"365170","146153","2025-11-23","48.00","NZD","1760757475","23477/2025-11-23/1760757475.json"
"510807","146155","2025-11-23","52.00","NZD","1760757475","23477/2025-11-23/1760757475.json"
"581513","221281","2025-11-25","36.00","NZD","1760757475","23477/2025-11-25/1760757475.json"
"581514","221282","2025-11-25","36.00","NZD","1760757475","23477/2025-11-25/1760757475.json"
"512557","146154","2025-11-25","45.00","NZD","1760757475","23477/2025-11-25/1760757475.json"
"365170","146153","2025-11-25","48.00","NZD","1760757475","23477/2025-11-25/1760757475.json"
"510807","146155","2025-11-25","52.00","NZD","1760757475","23477/2025-11-25/1760757475.json"
"581513","221281","2025-11-24","36.00","NZD","1760757475","23477/2025-11-24/1760757475.json"
"581514","221282","2025-11-24","36.00","NZD","1760757475","23477/2025-11-24/1760757475.json"
"512557","146154","2025-11-24","45.00","NZD","1760757475","23477/2025-11-24/1760757475.json"
"365170","146153","2025-11-24","48.00","NZD","1760757475","23477/2025-11-24/1760757475.json"
"510807","146155","2025-11-24","52.00","NZD","1760757475","23477/2025-11-24/1760757475.json"
"581513","221281","2025-11-26","36.00","NZD","1760757475","23477/2025-11-26/1760757475.json"
"581514","221282","2025-11-26","36.00","NZD","1760757475","23477/2025-11-26/1760757475.json"
"512557","146154","2025-11-26","45.00","NZD","1760757475","23477/2025-11-26/1760757475.json"
"365170","146153","2025-11-26","48.00","NZD","1760757475","23477/2025-11-26/1760757475.json"
"510807","146155","2025-11-26","52.00","NZD","1760757475","23477/2025-11-26/1760757475.json"
"581513","221281","2025-11-27","36.00","NZD","1760757475","23477/2025-11-27/1760757475.json"
"581514","221282","2025-11-27","36.00","NZD","1760757475","23477/2025-11-27/1760757475.json"
"512557","146154","2025-11-27","45.00","NZD","1760757475","23477/2025-11-27/1760757475.json"
"365170","146153","2025-11-27","48.00","NZD","1760757475","23477/2025-11-27/1760757475.json"
"510807","146155","2025-11-27","52.00","NZD","1760757475","23477/2025-11-27/1760757475.json"
"581513","221281","2025-11-28","36.00","NZD","1760757475","23477/2025-11-28/1760757475.json"
"581514","221282","2025-11-28","36.00","NZD","1760757475","23477/2025-11-28/1760757475.json"
"512557","146154","2025-11-28","45.00","NZD","1760757475","23477/2025-11-28/1760757475.json"
"365170","146153","2025-11-28","48.00","NZD","1760757475","23477/2025-11-28/1760757475.json"
"510807","146155","2025-11-28","52.00","NZD","1760757475","23477/2025-11-28/1760757475.json"
"581513","221281","2025-11-29","36.00","NZD","1760757475","23477/2025-11-29/1760757475.json"
"581514","221282","2025-11-29","36.00","NZD","1760757475","23477/2025-11-29/1760757475.json"
"512557","146154","2025-11-29","45.00","NZD","1760757475","23477/2025-11-29/1760757475.json"
"365170","146153","2025-11-29","48.00","NZD","1760757475","23477/2025-11-29/1760757475.json"
"510807","146155","2025-11-29","52.00","NZD","1760757475","23477/2025-11-29/1760757475.json"
"581513","221281","2025-12-01","36.00","NZD","1760757475","23477/2025-12-01/1760757475.json"
"581514","221282","2025-12-01","36.00","NZD","1760757475","23477/2025-12-01/1760757475.json"
"512557","146154","2025-12-01","45.00","NZD","1760757475","23477/2025-12-01/1760757475.json"
"365170","146153","2025-12-01","48.00","NZD","1760757475","23477/2025-12-01/1760757475.json"
"510807","146155","2025-12-01","52.00","NZD","1760757475","23477/2025-12-01/1760757475.json"
"581513","221281","2025-11-30","36.00","NZD","1760757475","23477/2025-11-30/1760757475.json"
"581514","221282","2025-11-30","36.00","NZD","1760757475","23477/2025-11-30/1760757475.json"
"512557","146154","2025-11-30","45.00","NZD","1760757475","23477/2025-11-30/1760757475.json"
"365170","146153","2025-11-30","48.00","NZD","1760757475","23477/2025-11-30/1760757475.json"
"510807","146155","2025-11-30","52.00","NZD","1760757475","23477/2025-11-30/1760757475.json"
"581513","221281","2025-12-02","36.00","NZD","1760757475","23477/2025-12-02/1760757475.json"
"581514","221282","2025-12-02","36.00","NZD","1760757475","23477/2025-12-02/1760757475.json"
"512557","146154","2025-12-02","45.00","NZD","1760757475","23477/2025-12-02/1760757475.json"
"365170","146153","2025-12-02","48.00","NZD","1760757475","23477/2025-12-02/1760757475.json"
"510807","146155","2025-12-02","52.00","NZD","1760757475","23477/2025-12-02/1760757475.json"
"581513","221281","2025-12-04","36.00","NZD","1760757475","23477/2025-12-04/1760757475.json"
"581514","221282","2025-12-04","36.00","NZD","1760757475","23477/2025-12-04/1760757475.json"
"512557","146154","2025-12-04","45.00","NZD","1760757475","23477/2025-12-04/1760757475.json"
"365170","146153","2025-12-04","48.00","NZD","1760757475","23477/2025-12-04/1760757475.json"
"510807","146155","2025-12-04","52.00","NZD","1760757475","23477/2025-12-04/1760757475.json"
"581513","221281","2025-12-03","36.00","NZD","1760757475","23477/2025-12-03/1760757475.json"
"581514","221282","2025-12-03","36.00","NZD","1760757475","23477/2025-12-03/1760757475.json"
"512557","146154","2025-12-03","45.00","NZD","1760757475","23477/2025-12-03/1760757475.json"
"365170","146153","2025-12-03","48.00","NZD","1760757475","23477/2025-12-03/1760757475.json"
"510807","146155","2025-12-03","52.00","NZD","1760757475","23477/2025-12-03/1760757475.json"
"581513","221281","2025-12-05","36.00","NZD","1760757475","23477/2025-12-05/1760757475.json"
"581514","221282","2025-12-05","36.00","NZD","1760757475","23477/2025-12-05/1760757475.json"
"512557","146154","2025-12-05","45.00","NZD","1760757475","23477/2025-12-05/1760757475.json"
"365170","146153","2025-12-05","48.00","NZD","1760757475","23477/2025-12-05/1760757475.json"
"510807","146155","2025-12-05","52.00","NZD","1760757475","23477/2025-12-05/1760757475.json"
"581513","221281","2025-12-06","36.00","NZD","1760757475","23477/2025-12-06/1760757475.json"
"581514","221282","2025-12-06","36.00","NZD","1760757475","23477/2025-12-06/1760757475.json"
"512557","146154","2025-12-06","45.00","NZD","1760757475","23477/2025-12-06/1760757475.json"
"365170","146153","2025-12-06","48.00","NZD","1760757475","23477/2025-12-06/1760757475.json"
"510807","146155","2025-12-06","52.00","NZD","1760757475","23477/2025-12-06/1760757475.json"
"581513","221281","2025-12-07","36.00","NZD","1760757475","23477/2025-12-07/1760757475.json"
"581514","221282","2025-12-07","36.00","NZD","1760757475","23477/2025-12-07/1760757475.json"
"512557","146154","2025-12-07","45.00","NZD","1760757475","23477/2025-12-07/1760757475.json"
"365170","146153","2025-12-07","48.00","NZD","1760757475","23477/2025-12-07/1760757475.json"
"510807","146155","2025-12-07","52.00","NZD","1760757475","23477/2025-12-07/1760757475.json"
"581513","221281","2025-12-08","36.00","NZD","1760757475","23477/2025-12-08/1760757475.json"
"581514","221282","2025-12-08","36.00","NZD","1760757475","23477/2025-12-08/1760757475.json"
"512557","146154","2025-12-08","45.00","NZD","1760757475","23477/2025-12-08/1760757475.json"
"365170","146153","2025-12-08","48.00","NZD","1760757475","23477/2025-12-08/1760757475.json"
"510807","146155","2025-12-08","52.00","NZD","1760757475","23477/2025-12-08/1760757475.json"
"581513","221281","2025-12-09","36.00","NZD","1760757475","23477/2025-12-09/1760757475.json"
"581514","221282","2025-12-09","36.00","NZD","1760757475","23477/2025-12-09/1760757475.json"
"512557","146154","2025-12-09","45.00","NZD","1760757475","23477/2025-12-09/1760757475.json"
"365170","146153","2025-12-09","48.00","NZD","1760757475","23477/2025-12-09/1760757475.json"
"510807","146155","2025-12-09","52.00","NZD","1760757475","23477/2025-12-09/1760757475.json"
"581513","221281","2025-12-10","36.00","NZD","1760757475","23477/2025-12-10/1760757475.json"
"581514","221282","2025-12-10","36.00","NZD","1760757475","23477/2025-12-10/1760757475.json"
"512557","146154","2025-12-10","45.00","NZD","1760757475","23477/2025-12-10/1760757475.json"
"365170","146153","2025-12-10","48.00","NZD","1760757475","23477/2025-12-10/1760757475.json"
"510807","146155","2025-12-10","52.00","NZD","1760757475","23477/2025-12-10/1760757475.json"
"581513","221281","2025-12-11","36.00","NZD","1760757475","23477/2025-12-11/1760757475.json"
"581514","221282","2025-12-11","36.00","NZD","1760757475","23477/2025-12-11/1760757475.json"
"512557","146154","2025-12-11","45.00","NZD","1760757475","23477/2025-12-11/1760757475.json"
"365170","146153","2025-12-11","48.00","NZD","1760757475","23477/2025-12-11/1760757475.json"
"510807","146155","2025-12-11","52.00","NZD","1760757475","23477/2025-12-11/1760757475.json"
"581513","221281","2025-12-14","36.00","NZD","1760757475","23477/2025-12-14/1760757475.json"
"581514","221282","2025-12-14","36.00","NZD","1760757475","23477/2025-12-14/1760757475.json"
"512557","146154","2025-12-14","45.00","NZD","1760757475","23477/2025-12-14/1760757475.json"
"365170","146153","2025-12-14","48.00","NZD","1760757475","23477/2025-12-14/1760757475.json"
"510807","146155","2025-12-14","52.00","NZD","1760757475","23477/2025-12-14/1760757475.json"
"581513","221281","2025-12-12","36.00","NZD","1760757475","23477/2025-12-12/1760757475.json"
"581514","221282","2025-12-12","36.00","NZD","1760757475","23477/2025-12-12/1760757475.json"
"512557","146154","2025-12-12","45.00","NZD","1760757475","23477/2025-12-12/1760757475.json"
"365170","146153","2025-12-12","48.00","NZD","1760757475","23477/2025-12-12/1760757475.json"
"510807","146155","2025-12-12","52.00","NZD","1760757475","23477/2025-12-12/1760757475.json"
"581513","221281","2025-12-13","36.00","NZD","1760757475","23477/2025-12-13/1760757475.json"
"581514","221282","2025-12-13","36.00","NZD","1760757475","23477/2025-12-13/1760757475.json"
"512557","146154","2025-12-13","45.00","NZD","1760757475","23477/2025-12-13/1760757475.json"
"365170","146153","2025-12-13","48.00","NZD","1760757475","23477/2025-12-13/1760757475.json"
"510807","146155","2025-12-13","52.00","NZD","1760757475","23477/2025-12-13/1760757475.json"
"581513","221281","2025-12-15","36.00","NZD","1760757475","23477/2025-12-15/1760757475.json"
"581514","221282","2025-12-15","36.00","NZD","1760757475","23477/2025-12-15/1760757475.json"
"512557","146154","2025-12-15","45.00","NZD","1760757475","23477/2025-12-15/1760757475.json"
"365170","146153","2025-12-15","48.00","NZD","1760757475","23477/2025-12-15/1760757475.json"
"510807","146155","2025-12-15","52.00","NZD","1760757475","23477/2025-12-15/1760757475.json"
"581513","221281","2025-12-16","36.00","NZD","1760757475","23477/2025-12-16/1760757475.json"
"581514","221282","2025-12-16","36.00","NZD","1760757475","23477/2025-12-16/1760757475.json"
"512557","146154","2025-12-16","45.00","NZD","1760757475","23477/2025-12-16/1760757475.json"
"365170","146153","2025-12-16","48.00","NZD","1760757475","23477/2025-12-16/1760757475.json"
"510807","146155","2025-12-16","52.00","NZD","1760757475","23477/2025-12-16/1760757475.json"
"581513","221281","2025-12-17","36.00","NZD","1760757475","23477/2025-12-17/1760757475.json"
"581514","221282","2025-12-17","36.00","NZD","1760757475","23477/2025-12-17/1760757475.json"
"512557","146154","2025-12-17","45.00","NZD","1760757475","23477/2025-12-17/1760757475.json"
"365170","146153","2025-12-17","48.00","NZD","1760757475","23477/2025-12-17/1760757475.json"
"510807","146155","2025-12-17","52.00","NZD","1760757475","23477/2025-12-17/1760757475.json"
"581513","221281","2025-10-18","36.00","NZD","1760763240","23477/2025-10-18/1760763240.json"
"581514","221282","2025-10-18","36.00","NZD","1760763240","23477/2025-10-18/1760763240.json"
"512557","146154","2025-10-18","45.00","NZD","1760763240","23477/2025-10-18/1760763240.json"
"365170","146153","2025-10-18","48.00","NZD","1760763240","23477/2025-10-18/1760763240.json"
"510807","146155","2025-10-18","52.00","NZD","1760763240","23477/2025-10-18/1760763240.json"
"581513","221281","2025-10-20","36.00","NZD","1760763240","23477/2025-10-20/1760763240.json"
"581514","221282","2025-10-20","36.00","NZD","1760763240","23477/2025-10-20/1760763240.json"
"512557","146154","2025-10-20","45.00","NZD","1760763240","23477/2025-10-20/1760763240.json"
"365170","146153","2025-10-20","48.00","NZD","1760763240","23477/2025-10-20/1760763240.json"
"510807","146155","2025-10-20","52.00","NZD","1760763240","23477/2025-10-20/1760763240.json"
"581513","221281","2025-10-21","36.00","NZD","1760763240","23477/2025-10-21/1760763240.json"
"581514","221282","2025-10-21","36.00","NZD","1760763240","23477/2025-10-21/1760763240.json"
"512557","146154","2025-10-21","45.00","NZD","1760763240","23477/2025-10-21/1760763240.json"
"365170","146153","2025-10-21","48.00","NZD","1760763240","23477/2025-10-21/1760763240.json"
"510807","146155","2025-10-21","52.00","NZD","1760763240","23477/2025-10-21/1760763240.json"
"581513","221281","2025-10-19","36.00","NZD","1760763240","23477/2025-10-19/1760763240.json"
"581514","221282","2025-10-19","36.00","NZD","1760763240","23477/2025-10-19/1760763240.json"
"512557","146154","2025-10-19","45.00","NZD","1760763240","23477/2025-10-19/1760763240.json"
"365170","146153","2025-10-19","48.00","NZD","1760763240","23477/2025-10-19/1760763240.json"
"510807","146155","2025-10-19","52.00","NZD","1760763240","23477/2025-10-19/1760763240.json"
"581513","221281","2025-10-22","36.00","NZD","1760763240","23477/2025-10-22/1760763240.json"
"581514","221282","2025-10-22","36.00","NZD","1760763240","23477/2025-10-22/1760763240.json"
"512557","146154","2025-10-22","45.00","NZD","1760763240","23477/2025-10-22/1760763240.json"
"365170","146153","2025-10-22","48.00","NZD","1760763240","23477/2025-10-22/1760763240.json"
"510807","146155","2025-10-22","52.00","NZD","1760763240","23477/2025-10-22/1760763240.json"
"581513","221281","2025-10-24","36.00","NZD","1760763240","23477/2025-10-24/1760763240.json"
"581514","221282","2025-10-24","36.00","NZD","1760763240","23477/2025-10-24/1760763240.json"
"512557","146154","2025-10-24","45.00","NZD","1760763240","23477/2025-10-24/1760763240.json"
"365170","146153","2025-10-24","48.00","NZD","1760763240","23477/2025-10-24/1760763240.json"
"510807","146155","2025-10-24","52.00","NZD","1760763240","23477/2025-10-24/1760763240.json"
"581513","221281","2025-10-23","36.00","NZD","1760763240","23477/2025-10-23/1760763240.json"
"581514","221282","2025-10-23","36.00","NZD","1760763240","23477/2025-10-23/1760763240.json"
"512557","146154","2025-10-23","45.00","NZD","1760763240","23477/2025-10-23/1760763240.json"
"365170","146153","2025-10-23","48.00","NZD","1760763240","23477/2025-10-23/1760763240.json"
"510807","146155","2025-10-23","52.00","NZD","1760763240","23477/2025-10-23/1760763240.json"
"581513","221281","2025-10-25","38.00","NZD","1760763240","23477/2025-10-25/1760763240.json"
"581514","221282","2025-10-25","38.00","NZD","1760763240","23477/2025-10-25/1760763240.json"
"512557","146154","2025-10-25","45.00","NZD","1760763240","23477/2025-10-25/1760763240.json"
"581513","221281","2025-10-26","38.00","NZD","1760763240","23477/2025-10-26/1760763240.json"
"581514","221282","2025-10-26","38.00","NZD","1760763240","23477/2025-10-26/1760763240.json"
"512557","146154","2025-10-26","45.00","NZD","1760763240","23477/2025-10-26/1760763240.json"
"581513","221281","2025-10-27","38.00","NZD","1760763240","23477/2025-10-27/1760763240.json"
"581514","221282","2025-10-27","38.00","NZD","1760763240","23477/2025-10-27/1760763240.json"
"512557","146154","2025-10-27","45.00","NZD","1760763240","23477/2025-10-27/1760763240.json"
"365170","146153","2025-10-27","48.00","NZD","1760763240","23477/2025-10-27/1760763240.json"
"510807","146155","2025-10-27","52.00","NZD","1760763240","23477/2025-10-27/1760763240.json"
"581513","221281","2025-10-29","36.00","NZD","1760763240","23477/2025-10-29/1760763240.json"
"581514","221282","2025-10-29","36.00","NZD","1760763240","23477/2025-10-29/1760763240.json"
"512557","146154","2025-10-29","45.00","NZD","1760763240","23477/2025-10-29/1760763240.json"
"365170","146153","2025-10-29","48.00","NZD","1760763240","23477/2025-10-29/1760763240.json"
"510807","146155","2025-10-29","52.00","NZD","1760763240","23477/2025-10-29/1760763240.json"
"581513","221281","2025-10-28","36.00","NZD","1760763240","23477/2025-10-28/1760763240.json"
"581514","221282","2025-10-28","36.00","NZD","1760763240","23477/2025-10-28/1760763240.json"
"512557","146154","2025-10-28","45.00","NZD","1760763240","23477/2025-10-28/1760763240.json"
"365170","146153","2025-10-28","48.00","NZD","1760763240","23477/2025-10-28/1760763240.json"
"510807","146155","2025-10-28","52.00","NZD","1760763240","23477/2025-10-28/1760763240.json"
"581513","221281","2025-11-01","36.00","NZD","1760763240","23477/2025-11-01/1760763240.json"
"581514","221282","2025-11-01","36.00","NZD","1760763240","23477/2025-11-01/1760763240.json"
"512557","146154","2025-11-01","45.00","NZD","1760763240","23477/2025-11-01/1760763240.json"
"365170","146153","2025-11-01","48.00","NZD","1760763240","23477/2025-11-01/1760763240.json"
"510807","146155","2025-11-01","52.00","NZD","1760763240","23477/2025-11-01/1760763240.json"
"581513","221281","2025-11-02","36.00","NZD","1760763240","23477/2025-11-02/1760763240.json"
"581514","221282","2025-11-02","36.00","NZD","1760763240","23477/2025-11-02/1760763240.json"
"512557","146154","2025-11-02","45.00","NZD","1760763240","23477/2025-11-02/1760763240.json"
"365170","146153","2025-11-02","48.00","NZD","1760763240","23477/2025-11-02/1760763240.json"
"510807","146155","2025-11-02","52.00","NZD","1760763240","23477/2025-11-02/1760763240.json"
"581513","221281","2025-10-31","36.00","NZD","1760763240","23477/2025-10-31/1760763240.json"
"581514","221282","2025-10-31","36.00","NZD","1760763240","23477/2025-10-31/1760763240.json"
"512557","146154","2025-10-31","45.00","NZD","1760763240","23477/2025-10-31/1760763240.json"
"365170","146153","2025-10-31","48.00","NZD","1760763240","23477/2025-10-31/1760763240.json"
"510807","146155","2025-10-31","52.00","NZD","1760763240","23477/2025-10-31/1760763240.json"
"581513","221281","2025-10-30","36.00","NZD","1760763240","23477/2025-10-30/1760763240.json"
"581514","221282","2025-10-30","36.00","NZD","1760763240","23477/2025-10-30/1760763240.json"
"512557","146154","2025-10-30","45.00","NZD","1760763240","23477/2025-10-30/1760763240.json"
"365170","146153","2025-10-30","48.00","NZD","1760763240","23477/2025-10-30/1760763240.json"
"510807","146155","2025-10-30","52.00","NZD","1760763240","23477/2025-10-30/1760763240.json"
"581513","221281","2025-11-03","36.00","NZD","1760763240","23477/2025-11-03/1760763240.json"
"581514","221282","2025-11-03","36.00","NZD","1760763240","23477/2025-11-03/1760763240.json"
"512557","146154","2025-11-03","45.00","NZD","1760763240","23477/2025-11-03/1760763240.json"
"365170","146153","2025-11-03","48.00","NZD","1760763240","23477/2025-11-03/1760763240.json"
"510807","146155","2025-11-03","52.00","NZD","1760763240","23477/2025-11-03/1760763240.json"
"581513","221281","2025-11-06","36.00","NZD","1760763240","23477/2025-11-06/1760763240.json"
"581514","221282","2025-11-06","36.00","NZD","1760763240","23477/2025-11-06/1760763240.json"
"512557","146154","2025-11-06","45.00","NZD","1760763240","23477/2025-11-06/1760763240.json"
"365170","146153","2025-11-06","48.00","NZD","1760763240","23477/2025-11-06/1760763240.json"
"510807","146155","2025-11-06","52.00","NZD","1760763240","23477/2025-11-06/1760763240.json"
"581513","221281","2025-11-05","36.00","NZD","1760763240","23477/2025-11-05/1760763240.json"
"581514","221282","2025-11-05","36.00","NZD","1760763240","23477/2025-11-05/1760763240.json"
"512557","146154","2025-11-05","45.00","NZD","1760763240","23477/2025-11-05/1760763240.json"
"365170","146153","2025-11-05","48.00","NZD","1760763240","23477/2025-11-05/1760763240.json"
"510807","146155","2025-11-05","52.00","NZD","1760763240","23477/2025-11-05/1760763240.json"
"581513","221281","2025-11-04","36.00","NZD","1760763240","23477/2025-11-04/1760763240.json"
"581514","221282","2025-11-04","36.00","NZD","1760763240","23477/2025-11-04/1760763240.json"
"512557","146154","2025-11-04","45.00","NZD","1760763240","23477/2025-11-04/1760763240.json"
"365170","146153","2025-11-04","48.00","NZD","1760763240","23477/2025-11-04/1760763240.json"
"510807","146155","2025-11-04","52.00","NZD","1760763240","23477/2025-11-04/1760763240.json"
"581513","221281","2025-11-08","36.00","NZD","1760763240","23477/2025-11-08/1760763240.json"
"581514","221282","2025-11-08","36.00","NZD","1760763240","23477/2025-11-08/1760763240.json"
"512557","146154","2025-11-08","45.00","NZD","1760763240","23477/2025-11-08/1760763240.json"
"365170","146153","2025-11-08","48.00","NZD","1760763240","23477/2025-11-08/1760763240.json"
"510807","146155","2025-11-08","52.00","NZD","1760763240","23477/2025-11-08/1760763240.json"
"581513","221281","2025-11-07","36.00","NZD","1760763240","23477/2025-11-07/1760763240.json"
"581514","221282","2025-11-07","36.00","NZD","1760763240","23477/2025-11-07/1760763240.json"
"512557","146154","2025-11-07","45.00","NZD","1760763240","23477/2025-11-07/1760763240.json"
"365170","146153","2025-11-07","48.00","NZD","1760763240","23477/2025-11-07/1760763240.json"
"510807","146155","2025-11-07","52.00","NZD","1760763240","23477/2025-11-07/1760763240.json"
"581513","221281","2025-11-09","36.00","NZD","1760763240","23477/2025-11-09/1760763240.json"
"581514","221282","2025-11-09","36.00","NZD","1760763240","23477/2025-11-09/1760763240.json"
"512557","146154","2025-11-09","45.00","NZD","1760763240","23477/2025-11-09/1760763240.json"
"365170","146153","2025-11-09","48.00","NZD","1760763240","23477/2025-11-09/1760763240.json"
"510807","146155","2025-11-09","52.00","NZD","1760763240","23477/2025-11-09/1760763240.json"
"581513","221281","2025-11-10","36.00","NZD","1760763240","23477/2025-11-10/1760763240.json"
"581514","221282","2025-11-10","36.00","NZD","1760763240","23477/2025-11-10/1760763240.json"
"512557","146154","2025-11-10","45.00","NZD","1760763240","23477/2025-11-10/1760763240.json"
"365170","146153","2025-11-10","48.00","NZD","1760763240","23477/2025-11-10/1760763240.json"
"510807","146155","2025-11-10","52.00","NZD","1760763240","23477/2025-11-10/1760763240.json"
"581513","221281","2025-11-12","36.00","NZD","1760763240","23477/2025-11-12/1760763240.json"
"581514","221282","2025-11-12","36.00","NZD","1760763240","23477/2025-11-12/1760763240.json"
"512557","146154","2025-11-12","45.00","NZD","1760763240","23477/2025-11-12/1760763240.json"
"365170","146153","2025-11-12","48.00","NZD","1760763240","23477/2025-11-12/1760763240.json"
"510807","146155","2025-11-12","52.00","NZD","1760763240","23477/2025-11-12/1760763240.json"
"581513","221281","2025-11-11","36.00","NZD","1760763240","23477/2025-11-11/1760763240.json"
"581514","221282","2025-11-11","36.00","NZD","1760763240","23477/2025-11-11/1760763240.json"
"512557","146154","2025-11-11","45.00","NZD","1760763240","23477/2025-11-11/1760763240.json"
"365170","146153","2025-11-11","48.00","NZD","1760763240","23477/2025-11-11/1760763240.json"
"510807","146155","2025-11-11","52.00","NZD","1760763240","23477/2025-11-11/1760763240.json"
"581513","221281","2025-11-14","36.00","NZD","1760763240","23477/2025-11-14/1760763240.json"
"581514","221282","2025-11-14","36.00","NZD","1760763240","23477/2025-11-14/1760763240.json"
"512557","146154","2025-11-14","45.00","NZD","1760763240","23477/2025-11-14/1760763240.json"
"365170","146153","2025-11-14","48.00","NZD","1760763240","23477/2025-11-14/1760763240.json"
"510807","146155","2025-11-14","52.00","NZD","1760763240","23477/2025-11-14/1760763240.json"
"581513","221281","2025-11-13","36.00","NZD","1760763240","23477/2025-11-13/1760763240.json"
"581514","221282","2025-11-13","36.00","NZD","1760763240","23477/2025-11-13/1760763240.json"
"512557","146154","2025-11-13","45.00","NZD","1760763240","23477/2025-11-13/1760763240.json"
"365170","146153","2025-11-13","48.00","NZD","1760763240","23477/2025-11-13/1760763240.json"
"510807","146155","2025-11-13","52.00","NZD","1760763240","23477/2025-11-13/1760763240.json"
"581513","221281","2025-11-16","36.00","NZD","1760763240","23477/2025-11-16/1760763240.json"
"581514","221282","2025-11-16","36.00","NZD","1760763240","23477/2025-11-16/1760763240.json"
"512557","146154","2025-11-16","45.00","NZD","1760763240","23477/2025-11-16/1760763240.json"
"365170","146153","2025-11-16","48.00","NZD","1760763240","23477/2025-11-16/1760763240.json"
"510807","146155","2025-11-16","52.00","NZD","1760763240","23477/2025-11-16/1760763240.json"
"581513","221281","2025-11-15","36.00","NZD","1760763240","23477/2025-11-15/1760763240.json"
"581514","221282","2025-11-15","36.00","NZD","1760763240","23477/2025-11-15/1760763240.json"
"512557","146154","2025-11-15","45.00","NZD","1760763240","23477/2025-11-15/1760763240.json"
"365170","146153","2025-11-15","48.00","NZD","1760763240","23477/2025-11-15/1760763240.json"
"510807","146155","2025-11-15","52.00","NZD","1760763240","23477/2025-11-15/1760763240.json"
"581513","221281","2025-11-18","36.00","NZD","1760763240","23477/2025-11-18/1760763240.json"
"581514","221282","2025-11-18","36.00","NZD","1760763240","23477/2025-11-18/1760763240.json"
"512557","146154","2025-11-18","45.00","NZD","1760763240","23477/2025-11-18/1760763240.json"
"365170","146153","2025-11-18","48.00","NZD","1760763240","23477/2025-11-18/1760763240.json"
"510807","146155","2025-11-18","52.00","NZD","1760763240","23477/2025-11-18/1760763240.json"
"581513","221281","2025-11-17","36.00","NZD","1760763240","23477/2025-11-17/1760763240.json"
"581514","221282","2025-11-17","36.00","NZD","1760763240","23477/2025-11-17/1760763240.json"
"512557","146154","2025-11-17","45.00","NZD","1760763240","23477/2025-11-17/1760763240.json"
"365170","146153","2025-11-17","48.00","NZD","1760763240","23477/2025-11-17/1760763240.json"
"510807","146155","2025-11-17","52.00","NZD","1760763240","23477/2025-11-17/1760763240.json"
"581513","221281","2025-11-20","36.00","NZD","1760763240","23477/2025-11-20/1760763240.json"
"581514","221282","2025-11-20","36.00","NZD","1760763240","23477/2025-11-20/1760763240.json"
"512557","146154","2025-11-20","45.00","NZD","1760763240","23477/2025-11-20/1760763240.json"
"581513","221281","2025-11-19","36.00","NZD","1760763240","23477/2025-11-19/1760763240.json"
"581514","221282","2025-11-19","36.00","NZD","1760763240","23477/2025-11-19/1760763240.json"
"512557","146154","2025-11-19","45.00","NZD","1760763240","23477/2025-11-19/1760763240.json"
"365170","146153","2025-11-19","48.00","NZD","1760763240","23477/2025-11-19/1760763240.json"
"510807","146155","2025-11-19","52.00","NZD","1760763240","23477/2025-11-19/1760763240.json"
"581513","221281","2025-11-21","36.00","NZD","1760763240","23477/2025-11-21/1760763240.json"
"581514","221282","2025-11-21","36.00","NZD","1760763240","23477/2025-11-21/1760763240.json"
"512557","146154","2025-11-21","45.00","NZD","1760763240","23477/2025-11-21/1760763240.json"
"365170","146153","2025-11-21","48.00","NZD","1760763240","23477/2025-11-21/1760763240.json"
"510807","146155","2025-11-21","52.00","NZD","1760763240","23477/2025-11-21/1760763240.json"
"581513","221281","2025-11-22","36.00","NZD","1760763240","23477/2025-11-22/1760763240.json"
"581514","221282","2025-11-22","36.00","NZD","1760763240","23477/2025-11-22/1760763240.json"
"512557","146154","2025-11-22","45.00","NZD","1760763240","23477/2025-11-22/1760763240.json"
"365170","146153","2025-11-22","48.00","NZD","1760763240","23477/2025-11-22/1760763240.json"
"510807","146155","2025-11-22","52.00","NZD","1760763240","23477/2025-11-22/1760763240.json"
"581513","221281","2025-11-23","36.00","NZD","1760763240","23477/2025-11-23/1760763240.json"
"581514","221282","2025-11-23","36.00","NZD","1760763240","23477/2025-11-23/1760763240.json"
"512557","146154","2025-11-23","45.00","NZD","1760763240","23477/2025-11-23/1760763240.json"
"365170","146153","2025-11-23","48.00","NZD","1760763240","23477/2025-11-23/1760763240.json"
"510807","146155","2025-11-23","52.00","NZD","1760763240","23477/2025-11-23/1760763240.json"
"581513","221281","2025-11-24","36.00","NZD","1760763240","23477/2025-11-24/1760763240.json"
"581514","221282","2025-11-24","36.00","NZD","1760763240","23477/2025-11-24/1760763240.json"
"512557","146154","2025-11-24","45.00","NZD","1760763240","23477/2025-11-24/1760763240.json"
"365170","146153","2025-11-24","48.00","NZD","1760763240","23477/2025-11-24/1760763240.json"
"510807","146155","2025-11-24","52.00","NZD","1760763240","23477/2025-11-24/1760763240.json"
"581513","221281","2025-11-25","36.00","NZD","1760763240","23477/2025-11-25/1760763240.json"
"581514","221282","2025-11-25","36.00","NZD","1760763240","23477/2025-11-25/1760763240.json"
"512557","146154","2025-11-25","45.00","NZD","1760763240","23477/2025-11-25/1760763240.json"
"365170","146153","2025-11-25","48.00","NZD","1760763240","23477/2025-11-25/1760763240.json"
"510807","146155","2025-11-25","52.00","NZD","1760763240","23477/2025-11-25/1760763240.json"
"581513","221281","2025-11-26","36.00","NZD","1760763240","23477/2025-11-26/1760763240.json"
"581514","221282","2025-11-26","36.00","NZD","1760763240","23477/2025-11-26/1760763240.json"
"512557","146154","2025-11-26","45.00","NZD","1760763240","23477/2025-11-26/1760763240.json"
"365170","146153","2025-11-26","48.00","NZD","1760763240","23477/2025-11-26/1760763240.json"
"510807","146155","2025-11-26","52.00","NZD","1760763240","23477/2025-11-26/1760763240.json"
"581513","221281","2025-11-27","36.00","NZD","1760763240","23477/2025-11-27/1760763240.json"
"581514","221282","2025-11-27","36.00","NZD","1760763240","23477/2025-11-27/1760763240.json"
"512557","146154","2025-11-27","45.00","NZD","1760763240","23477/2025-11-27/1760763240.json"
"365170","146153","2025-11-27","48.00","NZD","1760763240","23477/2025-11-27/1760763240.json"
"510807","146155","2025-11-27","52.00","NZD","1760763240","23477/2025-11-27/1760763240.json"
"581513","221281","2025-11-28","36.00","NZD","1760763240","23477/2025-11-28/1760763240.json"
"581514","221282","2025-11-28","36.00","NZD","1760763240","23477/2025-11-28/1760763240.json"
"512557","146154","2025-11-28","45.00","NZD","1760763240","23477/2025-11-28/1760763240.json"
"365170","146153","2025-11-28","48.00","NZD","1760763240","23477/2025-11-28/1760763240.json"
"510807","146155","2025-11-28","52.00","NZD","1760763240","23477/2025-11-28/1760763240.json"
"581513","221281","2025-11-29","36.00","NZD","1760763240","23477/2025-11-29/1760763240.json"
"581514","221282","2025-11-29","36.00","NZD","1760763240","23477/2025-11-29/1760763240.json"
"512557","146154","2025-11-29","45.00","NZD","1760763240","23477/2025-11-29/1760763240.json"
"365170","146153","2025-11-29","48.00","NZD","1760763240","23477/2025-11-29/1760763240.json"
"510807","146155","2025-11-29","52.00","NZD","1760763240","23477/2025-11-29/1760763240.json"
"581513","221281","2025-11-30","36.00","NZD","1760763240","23477/2025-11-30/1760763240.json"
"581514","221282","2025-11-30","36.00","NZD","1760763240","23477/2025-11-30/1760763240.json"
"512557","146154","2025-11-30","45.00","NZD","1760763240","23477/2025-11-30/1760763240.json"
"365170","146153","2025-11-30","48.00","NZD","1760763240","23477/2025-11-30/1760763240.json"
"510807","146155","2025-11-30","52.00","NZD","1760763240","23477/2025-11-30/1760763240.json"
"581513","221281","2025-12-01","36.00","NZD","1760763240","23477/2025-12-01/1760763240.json"
"581514","221282","2025-12-01","36.00","NZD","1760763240","23477/2025-12-01/1760763240.json"
"512557","146154","2025-12-01","45.00","NZD","1760763240","23477/2025-12-01/1760763240.json"
"365170","146153","2025-12-01","48.00","NZD","1760763240","23477/2025-12-01/1760763240.json"
"510807","146155","2025-12-01","52.00","NZD","1760763240","23477/2025-12-01/1760763240.json"
"581513","221281","2025-12-02","36.00","NZD","1760763240","23477/2025-12-02/1760763240.json"
"581514","221282","2025-12-02","36.00","NZD","1760763240","23477/2025-12-02/1760763240.json"
"512557","146154","2025-12-02","45.00","NZD","1760763240","23477/2025-12-02/1760763240.json"
"365170","146153","2025-12-02","48.00","NZD","1760763240","23477/2025-12-02/1760763240.json"
"510807","146155","2025-12-02","52.00","NZD","1760763240","23477/2025-12-02/1760763240.json"
"581513","221281","2025-12-03","36.00","NZD","1760763240","23477/2025-12-03/1760763240.json"
"581514","221282","2025-12-03","36.00","NZD","1760763240","23477/2025-12-03/1760763240.json"
"512557","146154","2025-12-03","45.00","NZD","1760763240","23477/2025-12-03/1760763240.json"
"365170","146153","2025-12-03","48.00","NZD","1760763240","23477/2025-12-03/1760763240.json"
"510807","146155","2025-12-03","52.00","NZD","1760763240","23477/2025-12-03/1760763240.json"
"581513","221281","2025-12-04","36.00","NZD","1760763240","23477/2025-12-04/1760763240.json"
"581514","221282","2025-12-04","36.00","NZD","1760763240","23477/2025-12-04/1760763240.json"
"512557","146154","2025-12-04","45.00","NZD","1760763240","23477/2025-12-04/1760763240.json"
"365170","146153","2025-12-04","48.00","NZD","1760763240","23477/2025-12-04/1760763240.json"
"510807","146155","2025-12-04","52.00","NZD","1760763240","23477/2025-12-04/1760763240.json"
"581513","221281","2025-12-05","36.00","NZD","1760763240","23477/2025-12-05/1760763240.json"
"581514","221282","2025-12-05","36.00","NZD","1760763240","23477/2025-12-05/1760763240.json"
"512557","146154","2025-12-05","45.00","NZD","1760763240","23477/2025-12-05/1760763240.json"
"365170","146153","2025-12-05","48.00","NZD","1760763240","23477/2025-12-05/1760763240.json"
"510807","146155","2025-12-05","52.00","NZD","1760763240","23477/2025-12-05/1760763240.json"
"581513","221281","2025-12-06","36.00","NZD","1760763240","23477/2025-12-06/1760763240.json"
"581514","221282","2025-12-06","36.00","NZD","1760763240","23477/2025-12-06/1760763240.json"
"512557","146154","2025-12-06","45.00","NZD","1760763240","23477/2025-12-06/1760763240.json"
"365170","146153","2025-12-06","48.00","NZD","1760763240","23477/2025-12-06/1760763240.json"
"510807","146155","2025-12-06","52.00","NZD","1760763240","23477/2025-12-06/1760763240.json"
"581513","221281","2025-12-07","36.00","NZD","1760763240","23477/2025-12-07/1760763240.json"
"581514","221282","2025-12-07","36.00","NZD","1760763240","23477/2025-12-07/1760763240.json"
"512557","146154","2025-12-07","45.00","NZD","1760763240","23477/2025-12-07/1760763240.json"
"365170","146153","2025-12-07","48.00","NZD","1760763240","23477/2025-12-07/1760763240.json"
"510807","146155","2025-12-07","52.00","NZD","1760763240","23477/2025-12-07/1760763240.json"
"581513","221281","2025-12-08","36.00","NZD","1760763240","23477/2025-12-08/1760763240.json"
"581514","221282","2025-12-08","36.00","NZD","1760763240","23477/2025-12-08/1760763240.json"
"512557","146154","2025-12-08","45.00","NZD","1760763240","23477/2025-12-08/1760763240.json"
"365170","146153","2025-12-08","48.00","NZD","1760763240","23477/2025-12-08/1760763240.json"
"510807","146155","2025-12-08","52.00","NZD","1760763240","23477/2025-12-08/1760763240.json"
"581513","221281","2025-12-09","36.00","NZD","1760763240","23477/2025-12-09/1760763240.json"
"581514","221282","2025-12-09","36.00","NZD","1760763240","23477/2025-12-09/1760763240.json"
"512557","146154","2025-12-09","45.00","NZD","1760763240","23477/2025-12-09/1760763240.json"
"365170","146153","2025-12-09","48.00","NZD","1760763240","23477/2025-12-09/1760763240.json"
"510807","146155","2025-12-09","52.00","NZD","1760763240","23477/2025-12-09/1760763240.json"
"581513","221281","2025-12-10","36.00","NZD","1760763240","23477/2025-12-10/1760763240.json"
"581514","221282","2025-12-10","36.00","NZD","1760763240","23477/2025-12-10/1760763240.json"
"512557","146154","2025-12-10","45.00","NZD","1760763240","23477/2025-12-10/1760763240.json"
"365170","146153","2025-12-10","48.00","NZD","1760763240","23477/2025-12-10/1760763240.json"
"510807","146155","2025-12-10","52.00","NZD","1760763240","23477/2025-12-10/1760763240.json"
"581513","221281","2025-12-11","36.00","NZD","1760763240","23477/2025-12-11/1760763240.json"
"581514","221282","2025-12-11","36.00","NZD","1760763240","23477/2025-12-11/1760763240.json"
"512557","146154","2025-12-11","45.00","NZD","1760763240","23477/2025-12-11/1760763240.json"
"365170","146153","2025-12-11","48.00","NZD","1760763240","23477/2025-12-11/1760763240.json"
"510807","146155","2025-12-11","52.00","NZD","1760763240","23477/2025-12-11/1760763240.json"
"581513","221281","2025-12-12","36.00","NZD","1760763240","23477/2025-12-12/1760763240.json"
"581514","221282","2025-12-12","36.00","NZD","1760763240","23477/2025-12-12/1760763240.json"
"512557","146154","2025-12-12","45.00","NZD","1760763240","23477/2025-12-12/1760763240.json"
"365170","146153","2025-12-12","48.00","NZD","1760763240","23477/2025-12-12/1760763240.json"
"510807","146155","2025-12-12","52.00","NZD","1760763240","23477/2025-12-12/1760763240.json"
"581513","221281","2025-12-13","36.00","NZD","1760763240","23477/2025-12-13/1760763240.json"
"581514","221282","2025-12-13","36.00","NZD","1760763240","23477/2025-12-13/1760763240.json"
"512557","146154","2025-12-13","45.00","NZD","1760763240","23477/2025-12-13/1760763240.json"
"365170","146153","2025-12-13","48.00","NZD","1760763240","23477/2025-12-13/1760763240.json"
"510807","146155","2025-12-13","52.00","NZD","1760763240","23477/2025-12-13/1760763240.json"
"581513","221281","2025-12-14","36.00","NZD","1760763240","23477/2025-12-14/1760763240.json"
"581514","221282","2025-12-14","36.00","NZD","1760763240","23477/2025-12-14/1760763240.json"
"512557","146154","2025-12-14","45.00","NZD","1760763240","23477/2025-12-14/1760763240.json"
"365170","146153","2025-12-14","48.00","NZD","1760763240","23477/2025-12-14/1760763240.json"
"510807","146155","2025-12-14","52.00","NZD","1760763240","23477/2025-12-14/1760763240.json"
"581513","221281","2025-12-15","36.00","NZD","1760763240","23477/2025-12-15/1760763240.json"
"581514","221282","2025-12-15","36.00","NZD","1760763240","23477/2025-12-15/1760763240.json"
"512557","146154","2025-12-15","45.00","NZD","1760763240","23477/2025-12-15/1760763240.json"
"365170","146153","2025-12-15","48.00","NZD","1760763240","23477/2025-12-15/1760763240.json"
"510807","146155","2025-12-15","52.00","NZD","1760763240","23477/2025-12-15/1760763240.json"
"581513","221281","2025-12-16","36.00","NZD","1760763240","23477/2025-12-16/1760763240.json"
"581514","221282","2025-12-16","36.00","NZD","1760763240","23477/2025-12-16/1760763240.json"
"512557","146154","2025-12-16","45.00","NZD","1760763240","23477/2025-12-16/1760763240.json"
"365170","146153","2025-12-16","48.00","NZD","1760763240","23477/2025-12-16/1760763240.json"
"510807","146155","2025-12-16","52.00","NZD","1760763240","23477/2025-12-16/1760763240.json"
"581513","221281","2025-12-17","36.00","NZD","1760763240","23477/2025-12-17/1760763240.json"
"581514","221282","2025-12-17","36.00","NZD","1760763240","23477/2025-12-17/1760763240.json"
"512557","146154","2025-12-17","45.00","NZD","1760763240","23477/2025-12-17/1760763240.json"
"365170","146153","2025-12-17","48.00","NZD","1760763240","23477/2025-12-17/1760763240.json"
"510807","146155","2025-12-17","52.00","NZD","1760763240","23477/2025-12-17/1760763240.json"
"581513","221281","2025-10-20","36.00","NZD","1760777810","23477/2025-10-20/1760777810.json"
"581514","221282","2025-10-20","36.00","NZD","1760777810","23477/2025-10-20/1760777810.json"
"512557","146154","2025-10-20","45.00","NZD","1760777810","23477/2025-10-20/1760777810.json"
"365170","146153","2025-10-20","48.00","NZD","1760777810","23477/2025-10-20/1760777810.json"
"510807","146155","2025-10-20","52.00","NZD","1760777810","23477/2025-10-20/1760777810.json"
"581513","221281","2025-10-21","36.00","NZD","1760777810","23477/2025-10-21/1760777810.json"
"581514","221282","2025-10-21","36.00","NZD","1760777810","23477/2025-10-21/1760777810.json"
"512557","146154","2025-10-21","45.00","NZD","1760777810","23477/2025-10-21/1760777810.json"
"365170","146153","2025-10-21","48.00","NZD","1760777810","23477/2025-10-21/1760777810.json"
"510807","146155","2025-10-21","52.00","NZD","1760777810","23477/2025-10-21/1760777810.json"
"581513","221281","2025-10-19","36.00","NZD","1760777810","23477/2025-10-19/1760777810.json"
"581514","221282","2025-10-19","36.00","NZD","1760777810","23477/2025-10-19/1760777810.json"
"512557","146154","2025-10-19","45.00","NZD","1760777810","23477/2025-10-19/1760777810.json"
"365170","146153","2025-10-19","48.00","NZD","1760777810","23477/2025-10-19/1760777810.json"
"510807","146155","2025-10-19","52.00","NZD","1760777810","23477/2025-10-19/1760777810.json"
"581513","221281","2025-10-18","36.00","NZD","1760777810","23477/2025-10-18/1760777810.json"
"581514","221282","2025-10-18","36.00","NZD","1760777810","23477/2025-10-18/1760777810.json"
"512557","146154","2025-10-18","45.00","NZD","1760777810","23477/2025-10-18/1760777810.json"
"365170","146153","2025-10-18","48.00","NZD","1760777810","23477/2025-10-18/1760777810.json"
"510807","146155","2025-10-18","52.00","NZD","1760777810","23477/2025-10-18/1760777810.json"
"581513","221281","2025-10-22","36.00","NZD","1760777810","23477/2025-10-22/1760777810.json"
"581514","221282","2025-10-22","36.00","NZD","1760777810","23477/2025-10-22/1760777810.json"
"512557","146154","2025-10-22","45.00","NZD","1760777810","23477/2025-10-22/1760777810.json"
"365170","146153","2025-10-22","48.00","NZD","1760777810","23477/2025-10-22/1760777810.json"
"510807","146155","2025-10-22","52.00","NZD","1760777810","23477/2025-10-22/1760777810.json"
"581513","221281","2025-10-25","38.00","NZD","1760777810","23477/2025-10-25/1760777810.json"
"581514","221282","2025-10-25","38.00","NZD","1760777810","23477/2025-10-25/1760777810.json"
"512557","146154","2025-10-25","45.00","NZD","1760777810","23477/2025-10-25/1760777810.json"
"581513","221281","2025-10-23","36.00","NZD","1760777810","23477/2025-10-23/1760777810.json"
"581514","221282","2025-10-23","36.00","NZD","1760777810","23477/2025-10-23/1760777810.json"
"512557","146154","2025-10-23","45.00","NZD","1760777810","23477/2025-10-23/1760777810.json"
"365170","146153","2025-10-23","48.00","NZD","1760777810","23477/2025-10-23/1760777810.json"
"510807","146155","2025-10-23","52.00","NZD","1760777810","23477/2025-10-23/1760777810.json"
"581513","221281","2025-10-27","38.00","NZD","1760777810","23477/2025-10-27/1760777810.json"
"581514","221282","2025-10-27","38.00","NZD","1760777810","23477/2025-10-27/1760777810.json"
"512557","146154","2025-10-27","45.00","NZD","1760777810","23477/2025-10-27/1760777810.json"
"365170","146153","2025-10-27","48.00","NZD","1760777810","23477/2025-10-27/1760777810.json"
"510807","146155","2025-10-27","52.00","NZD","1760777810","23477/2025-10-27/1760777810.json"
"581513","221281","2025-10-28","36.00","NZD","1760777810","23477/2025-10-28/1760777810.json"
"581514","221282","2025-10-28","36.00","NZD","1760777810","23477/2025-10-28/1760777810.json"
"512557","146154","2025-10-28","45.00","NZD","1760777810","23477/2025-10-28/1760777810.json"
"365170","146153","2025-10-28","48.00","NZD","1760777810","23477/2025-10-28/1760777810.json"
"510807","146155","2025-10-28","52.00","NZD","1760777810","23477/2025-10-28/1760777810.json"
"581513","221281","2025-10-26","38.00","NZD","1760777810","23477/2025-10-26/1760777810.json"
"581514","221282","2025-10-26","38.00","NZD","1760777810","23477/2025-10-26/1760777810.json"
"512557","146154","2025-10-26","45.00","NZD","1760777810","23477/2025-10-26/1760777810.json"
"581513","221281","2025-10-29","36.00","NZD","1760777810","23477/2025-10-29/1760777810.json"
"581514","221282","2025-10-29","36.00","NZD","1760777810","23477/2025-10-29/1760777810.json"
"512557","146154","2025-10-29","45.00","NZD","1760777810","23477/2025-10-29/1760777810.json"
"365170","146153","2025-10-29","48.00","NZD","1760777810","23477/2025-10-29/1760777810.json"
"510807","146155","2025-10-29","52.00","NZD","1760777810","23477/2025-10-29/1760777810.json"
"581513","221281","2025-10-31","36.00","NZD","1760777810","23477/2025-10-31/1760777810.json"
"581514","221282","2025-10-31","36.00","NZD","1760777810","23477/2025-10-31/1760777810.json"
"512557","146154","2025-10-31","45.00","NZD","1760777810","23477/2025-10-31/1760777810.json"
"365170","146153","2025-10-31","48.00","NZD","1760777810","23477/2025-10-31/1760777810.json"
"510807","146155","2025-10-31","52.00","NZD","1760777810","23477/2025-10-31/1760777810.json"
"581513","221281","2025-10-30","36.00","NZD","1760777810","23477/2025-10-30/1760777810.json"
"581514","221282","2025-10-30","36.00","NZD","1760777810","23477/2025-10-30/1760777810.json"
"512557","146154","2025-10-30","45.00","NZD","1760777810","23477/2025-10-30/1760777810.json"
"365170","146153","2025-10-30","48.00","NZD","1760777810","23477/2025-10-30/1760777810.json"
"510807","146155","2025-10-30","52.00","NZD","1760777810","23477/2025-10-30/1760777810.json"
"581513","221281","2025-10-24","36.00","NZD","1760777810","23477/2025-10-24/1760777810.json"
"581514","221282","2025-10-24","36.00","NZD","1760777810","23477/2025-10-24/1760777810.json"
"512557","146154","2025-10-24","45.00","NZD","1760777810","23477/2025-10-24/1760777810.json"
"365170","146153","2025-10-24","48.00","NZD","1760777810","23477/2025-10-24/1760777810.json"
"510807","146155","2025-10-24","52.00","NZD","1760777810","23477/2025-10-24/1760777810.json"
"581513","221281","2025-11-01","36.00","NZD","1760777810","23477/2025-11-01/1760777810.json"
"581514","221282","2025-11-01","36.00","NZD","1760777810","23477/2025-11-01/1760777810.json"
"512557","146154","2025-11-01","45.00","NZD","1760777810","23477/2025-11-01/1760777810.json"
"365170","146153","2025-11-01","48.00","NZD","1760777810","23477/2025-11-01/1760777810.json"
"510807","146155","2025-11-01","52.00","NZD","1760777810","23477/2025-11-01/1760777810.json"
"581513","221281","2025-11-02","36.00","NZD","1760777810","23477/2025-11-02/1760777810.json"
"581514","221282","2025-11-02","36.00","NZD","1760777810","23477/2025-11-02/1760777810.json"
"512557","146154","2025-11-02","45.00","NZD","1760777810","23477/2025-11-02/1760777810.json"
"365170","146153","2025-11-02","48.00","NZD","1760777810","23477/2025-11-02/1760777810.json"
"510807","146155","2025-11-02","52.00","NZD","1760777810","23477/2025-11-02/1760777810.json"
"581513","221281","2025-11-03","36.00","NZD","1760777810","23477/2025-11-03/1760777810.json"
"581514","221282","2025-11-03","36.00","NZD","1760777810","23477/2025-11-03/1760777810.json"
"512557","146154","2025-11-03","45.00","NZD","1760777810","23477/2025-11-03/1760777810.json"
"365170","146153","2025-11-03","48.00","NZD","1760777810","23477/2025-11-03/1760777810.json"
"510807","146155","2025-11-03","52.00","NZD","1760777810","23477/2025-11-03/1760777810.json"
"581513","221281","2025-11-05","36.00","NZD","1760777810","23477/2025-11-05/1760777810.json"
"581514","221282","2025-11-05","36.00","NZD","1760777810","23477/2025-11-05/1760777810.json"
"512557","146154","2025-11-05","45.00","NZD","1760777810","23477/2025-11-05/1760777810.json"
"365170","146153","2025-11-05","48.00","NZD","1760777810","23477/2025-11-05/1760777810.json"
"510807","146155","2025-11-05","52.00","NZD","1760777810","23477/2025-11-05/1760777810.json"
"581513","221281","2025-11-04","36.00","NZD","1760777810","23477/2025-11-04/1760777810.json"
"581514","221282","2025-11-04","36.00","NZD","1760777810","23477/2025-11-04/1760777810.json"
"512557","146154","2025-11-04","45.00","NZD","1760777810","23477/2025-11-04/1760777810.json"
"365170","146153","2025-11-04","48.00","NZD","1760777810","23477/2025-11-04/1760777810.json"
"510807","146155","2025-11-04","52.00","NZD","1760777810","23477/2025-11-04/1760777810.json"
"581513","221281","2025-11-06","36.00","NZD","1760777810","23477/2025-11-06/1760777810.json"
"581514","221282","2025-11-06","36.00","NZD","1760777810","23477/2025-11-06/1760777810.json"
"512557","146154","2025-11-06","45.00","NZD","1760777810","23477/2025-11-06/1760777810.json"
"365170","146153","2025-11-06","48.00","NZD","1760777810","23477/2025-11-06/1760777810.json"
"510807","146155","2025-11-06","52.00","NZD","1760777810","23477/2025-11-06/1760777810.json"
"581513","221281","2025-11-09","36.00","NZD","1760777810","23477/2025-11-09/1760777810.json"
"581514","221282","2025-11-09","36.00","NZD","1760777810","23477/2025-11-09/1760777810.json"
"512557","146154","2025-11-09","45.00","NZD","1760777810","23477/2025-11-09/1760777810.json"
"365170","146153","2025-11-09","48.00","NZD","1760777810","23477/2025-11-09/1760777810.json"
"510807","146155","2025-11-09","52.00","NZD","1760777810","23477/2025-11-09/1760777810.json"
"581513","221281","2025-11-08","36.00","NZD","1760777810","23477/2025-11-08/1760777810.json"
"581514","221282","2025-11-08","36.00","NZD","1760777810","23477/2025-11-08/1760777810.json"
"512557","146154","2025-11-08","45.00","NZD","1760777810","23477/2025-11-08/1760777810.json"
"365170","146153","2025-11-08","48.00","NZD","1760777810","23477/2025-11-08/1760777810.json"
"510807","146155","2025-11-08","52.00","NZD","1760777810","23477/2025-11-08/1760777810.json"
"581513","221281","2025-11-07","36.00","NZD","1760777810","23477/2025-11-07/1760777810.json"
"581514","221282","2025-11-07","36.00","NZD","1760777810","23477/2025-11-07/1760777810.json"
"512557","146154","2025-11-07","45.00","NZD","1760777810","23477/2025-11-07/1760777810.json"
"365170","146153","2025-11-07","48.00","NZD","1760777810","23477/2025-11-07/1760777810.json"
"510807","146155","2025-11-07","52.00","NZD","1760777810","23477/2025-11-07/1760777810.json"
"581513","221281","2025-11-10","36.00","NZD","1760777810","23477/2025-11-10/1760777810.json"
"581514","221282","2025-11-10","36.00","NZD","1760777810","23477/2025-11-10/1760777810.json"
"512557","146154","2025-11-10","45.00","NZD","1760777810","23477/2025-11-10/1760777810.json"
"365170","146153","2025-11-10","48.00","NZD","1760777810","23477/2025-11-10/1760777810.json"
"510807","146155","2025-11-10","52.00","NZD","1760777810","23477/2025-11-10/1760777810.json"
"581513","221281","2025-11-11","36.00","NZD","1760777810","23477/2025-11-11/1760777810.json"
"581514","221282","2025-11-11","36.00","NZD","1760777810","23477/2025-11-11/1760777810.json"
"512557","146154","2025-11-11","45.00","NZD","1760777810","23477/2025-11-11/1760777810.json"
"365170","146153","2025-11-11","48.00","NZD","1760777810","23477/2025-11-11/1760777810.json"
"510807","146155","2025-11-11","52.00","NZD","1760777810","23477/2025-11-11/1760777810.json"
"581513","221281","2025-11-12","36.00","NZD","1760777810","23477/2025-11-12/1760777810.json"
"581514","221282","2025-11-12","36.00","NZD","1760777810","23477/2025-11-12/1760777810.json"
"512557","146154","2025-11-12","45.00","NZD","1760777810","23477/2025-11-12/1760777810.json"
"365170","146153","2025-11-12","48.00","NZD","1760777810","23477/2025-11-12/1760777810.json"
"510807","146155","2025-11-12","52.00","NZD","1760777810","23477/2025-11-12/1760777810.json"
"581513","221281","2025-11-13","36.00","NZD","1760777810","23477/2025-11-13/1760777810.json"
"581514","221282","2025-11-13","36.00","NZD","1760777810","23477/2025-11-13/1760777810.json"
"512557","146154","2025-11-13","45.00","NZD","1760777810","23477/2025-11-13/1760777810.json"
"365170","146153","2025-11-13","48.00","NZD","1760777810","23477/2025-11-13/1760777810.json"
"510807","146155","2025-11-13","52.00","NZD","1760777810","23477/2025-11-13/1760777810.json"
"581513","221281","2025-11-14","36.00","NZD","1760777810","23477/2025-11-14/1760777810.json"
"581514","221282","2025-11-14","36.00","NZD","1760777810","23477/2025-11-14/1760777810.json"
"512557","146154","2025-11-14","45.00","NZD","1760777810","23477/2025-11-14/1760777810.json"
"365170","146153","2025-11-14","48.00","NZD","1760777810","23477/2025-11-14/1760777810.json"
"510807","146155","2025-11-14","52.00","NZD","1760777810","23477/2025-11-14/1760777810.json"
"581513","221281","2025-11-15","36.00","NZD","1760777810","23477/2025-11-15/1760777810.json"
"581514","221282","2025-11-15","36.00","NZD","1760777810","23477/2025-11-15/1760777810.json"
"512557","146154","2025-11-15","45.00","NZD","1760777810","23477/2025-11-15/1760777810.json"
"365170","146153","2025-11-15","48.00","NZD","1760777810","23477/2025-11-15/1760777810.json"
"510807","146155","2025-11-15","52.00","NZD","1760777810","23477/2025-11-15/1760777810.json"
"581513","221281","2025-11-16","36.00","NZD","1760777810","23477/2025-11-16/1760777810.json"
"581514","221282","2025-11-16","36.00","NZD","1760777810","23477/2025-11-16/1760777810.json"
"512557","146154","2025-11-16","45.00","NZD","1760777810","23477/2025-11-16/1760777810.json"
"365170","146153","2025-11-16","48.00","NZD","1760777810","23477/2025-11-16/1760777810.json"
"510807","146155","2025-11-16","52.00","NZD","1760777810","23477/2025-11-16/1760777810.json"
"581513","221281","2025-11-17","36.00","NZD","1760777810","23477/2025-11-17/1760777810.json"
"581514","221282","2025-11-17","36.00","NZD","1760777810","23477/2025-11-17/1760777810.json"
"512557","146154","2025-11-17","45.00","NZD","1760777810","23477/2025-11-17/1760777810.json"
"365170","146153","2025-11-17","48.00","NZD","1760777810","23477/2025-11-17/1760777810.json"
"510807","146155","2025-11-17","52.00","NZD","1760777810","23477/2025-11-17/1760777810.json"
"581513","221281","2025-11-18","36.00","NZD","1760777810","23477/2025-11-18/1760777810.json"
"581514","221282","2025-11-18","36.00","NZD","1760777810","23477/2025-11-18/1760777810.json"
"512557","146154","2025-11-18","45.00","NZD","1760777810","23477/2025-11-18/1760777810.json"
"365170","146153","2025-11-18","48.00","NZD","1760777810","23477/2025-11-18/1760777810.json"
"510807","146155","2025-11-18","52.00","NZD","1760777810","23477/2025-11-18/1760777810.json"
"581513","221281","2025-11-19","36.00","NZD","1760777810","23477/2025-11-19/1760777810.json"
"581514","221282","2025-11-19","36.00","NZD","1760777810","23477/2025-11-19/1760777810.json"
"512557","146154","2025-11-19","45.00","NZD","1760777810","23477/2025-11-19/1760777810.json"
"365170","146153","2025-11-19","48.00","NZD","1760777810","23477/2025-11-19/1760777810.json"
"510807","146155","2025-11-19","52.00","NZD","1760777810","23477/2025-11-19/1760777810.json"
"581513","221281","2025-11-20","36.00","NZD","1760777810","23477/2025-11-20/1760777810.json"
"581514","221282","2025-11-20","36.00","NZD","1760777810","23477/2025-11-20/1760777810.json"
"512557","146154","2025-11-20","45.00","NZD","1760777810","23477/2025-11-20/1760777810.json"
"581513","221281","2025-11-21","36.00","NZD","1760777810","23477/2025-11-21/1760777810.json"
"581514","221282","2025-11-21","36.00","NZD","1760777810","23477/2025-11-21/1760777810.json"
"512557","146154","2025-11-21","45.00","NZD","1760777810","23477/2025-11-21/1760777810.json"
"365170","146153","2025-11-21","48.00","NZD","1760777810","23477/2025-11-21/1760777810.json"
"510807","146155","2025-11-21","52.00","NZD","1760777810","23477/2025-11-21/1760777810.json"
"581513","221281","2025-11-22","36.00","NZD","1760777810","23477/2025-11-22/1760777810.json"
"581514","221282","2025-11-22","36.00","NZD","1760777810","23477/2025-11-22/1760777810.json"
"512557","146154","2025-11-22","45.00","NZD","1760777810","23477/2025-11-22/1760777810.json"
"365170","146153","2025-11-22","48.00","NZD","1760777810","23477/2025-11-22/1760777810.json"
"510807","146155","2025-11-22","52.00","NZD","1760777810","23477/2025-11-22/1760777810.json"
"581513","221281","2025-11-23","36.00","NZD","1760777810","23477/2025-11-23/1760777810.json"
"581514","221282","2025-11-23","36.00","NZD","1760777810","23477/2025-11-23/1760777810.json"
"512557","146154","2025-11-23","45.00","NZD","1760777810","23477/2025-11-23/1760777810.json"
"365170","146153","2025-11-23","48.00","NZD","1760777810","23477/2025-11-23/1760777810.json"
"510807","146155","2025-11-23","52.00","NZD","1760777810","23477/2025-11-23/1760777810.json"
"581513","221281","2025-11-25","36.00","NZD","1760777810","23477/2025-11-25/1760777810.json"
"581514","221282","2025-11-25","36.00","NZD","1760777810","23477/2025-11-25/1760777810.json"
"512557","146154","2025-11-25","45.00","NZD","1760777810","23477/2025-11-25/1760777810.json"
"365170","146153","2025-11-25","48.00","NZD","1760777810","23477/2025-11-25/1760777810.json"
"510807","146155","2025-11-25","52.00","NZD","1760777810","23477/2025-11-25/1760777810.json"
"581513","221281","2025-11-26","36.00","NZD","1760777810","23477/2025-11-26/1760777810.json"
"581514","221282","2025-11-26","36.00","NZD","1760777810","23477/2025-11-26/1760777810.json"
"512557","146154","2025-11-26","45.00","NZD","1760777810","23477/2025-11-26/1760777810.json"
"365170","146153","2025-11-26","48.00","NZD","1760777810","23477/2025-11-26/1760777810.json"
"510807","146155","2025-11-26","52.00","NZD","1760777810","23477/2025-11-26/1760777810.json"
"581513","221281","2025-11-27","36.00","NZD","1760777810","23477/2025-11-27/1760777810.json"
"581514","221282","2025-11-27","36.00","NZD","1760777810","23477/2025-11-27/1760777810.json"
"512557","146154","2025-11-27","45.00","NZD","1760777810","23477/2025-11-27/1760777810.json"
"365170","146153","2025-11-27","48.00","NZD","1760777810","23477/2025-11-27/1760777810.json"
"510807","146155","2025-11-27","52.00","NZD","1760777810","23477/2025-11-27/1760777810.json"
"581513","221281","2025-11-24","36.00","NZD","1760777810","23477/2025-11-24/1760777810.json"
"581514","221282","2025-11-24","36.00","NZD","1760777810","23477/2025-11-24/1760777810.json"
"512557","146154","2025-11-24","45.00","NZD","1760777810","23477/2025-11-24/1760777810.json"
"365170","146153","2025-11-24","48.00","NZD","1760777810","23477/2025-11-24/1760777810.json"
"510807","146155","2025-11-24","52.00","NZD","1760777810","23477/2025-11-24/1760777810.json"
"581513","221281","2025-11-29","36.00","NZD","1760777810","23477/2025-11-29/1760777810.json"
"581514","221282","2025-11-29","36.00","NZD","1760777810","23477/2025-11-29/1760777810.json"
"512557","146154","2025-11-29","45.00","NZD","1760777810","23477/2025-11-29/1760777810.json"
"365170","146153","2025-11-29","48.00","NZD","1760777810","23477/2025-11-29/1760777810.json"
"510807","146155","2025-11-29","52.00","NZD","1760777810","23477/2025-11-29/1760777810.json"
"581513","221281","2025-11-30","36.00","NZD","1760777810","23477/2025-11-30/1760777810.json"
"581514","221282","2025-11-30","36.00","NZD","1760777810","23477/2025-11-30/1760777810.json"
"512557","146154","2025-11-30","45.00","NZD","1760777810","23477/2025-11-30/1760777810.json"
"365170","146153","2025-11-30","48.00","NZD","1760777810","23477/2025-11-30/1760777810.json"
"510807","146155","2025-11-30","52.00","NZD","1760777810","23477/2025-11-30/1760777810.json"
"581513","221281","2025-12-01","36.00","NZD","1760777810","23477/2025-12-01/1760777810.json"
"581514","221282","2025-12-01","36.00","NZD","1760777810","23477/2025-12-01/1760777810.json"
"512557","146154","2025-12-01","45.00","NZD","1760777810","23477/2025-12-01/1760777810.json"
"365170","146153","2025-12-01","48.00","NZD","1760777810","23477/2025-12-01/1760777810.json"
"510807","146155","2025-12-01","52.00","NZD","1760777810","23477/2025-12-01/1760777810.json"
"581513","221281","2025-11-28","36.00","NZD","1760777810","23477/2025-11-28/1760777810.json"
"581514","221282","2025-11-28","36.00","NZD","1760777810","23477/2025-11-28/1760777810.json"
"512557","146154","2025-11-28","45.00","NZD","1760777810","23477/2025-11-28/1760777810.json"
"365170","146153","2025-11-28","48.00","NZD","1760777810","23477/2025-11-28/1760777810.json"
"510807","146155","2025-11-28","52.00","NZD","1760777810","23477/2025-11-28/1760777810.json"
"581513","221281","2025-12-02","36.00","NZD","1760777810","23477/2025-12-02/1760777810.json"
"581514","221282","2025-12-02","36.00","NZD","1760777810","23477/2025-12-02/1760777810.json"
"512557","146154","2025-12-02","45.00","NZD","1760777810","23477/2025-12-02/1760777810.json"
"365170","146153","2025-12-02","48.00","NZD","1760777810","23477/2025-12-02/1760777810.json"
"510807","146155","2025-12-02","52.00","NZD","1760777810","23477/2025-12-02/1760777810.json"
"581513","221281","2025-12-03","36.00","NZD","1760777810","23477/2025-12-03/1760777810.json"
"581514","221282","2025-12-03","36.00","NZD","1760777810","23477/2025-12-03/1760777810.json"
"512557","146154","2025-12-03","45.00","NZD","1760777810","23477/2025-12-03/1760777810.json"
"365170","146153","2025-12-03","48.00","NZD","1760777810","23477/2025-12-03/1760777810.json"
"510807","146155","2025-12-03","52.00","NZD","1760777810","23477/2025-12-03/1760777810.json"
"581513","221281","2025-12-04","36.00","NZD","1760777810","23477/2025-12-04/1760777810.json"
"581514","221282","2025-12-04","36.00","NZD","1760777810","23477/2025-12-04/1760777810.json"
"512557","146154","2025-12-04","45.00","NZD","1760777810","23477/2025-12-04/1760777810.json"
"365170","146153","2025-12-04","48.00","NZD","1760777810","23477/2025-12-04/1760777810.json"
"510807","146155","2025-12-04","52.00","NZD","1760777810","23477/2025-12-04/1760777810.json"
"581513","221281","2025-12-05","36.00","NZD","1760777810","23477/2025-12-05/1760777810.json"
"581514","221282","2025-12-05","36.00","NZD","1760777810","23477/2025-12-05/1760777810.json"
"512557","146154","2025-12-05","45.00","NZD","1760777810","23477/2025-12-05/1760777810.json"
"365170","146153","2025-12-05","48.00","NZD","1760777810","23477/2025-12-05/1760777810.json"
"510807","146155","2025-12-05","52.00","NZD","1760777810","23477/2025-12-05/1760777810.json"
"581513","221281","2025-12-06","36.00","NZD","1760777810","23477/2025-12-06/1760777810.json"
"581514","221282","2025-12-06","36.00","NZD","1760777810","23477/2025-12-06/1760777810.json"
"512557","146154","2025-12-06","45.00","NZD","1760777810","23477/2025-12-06/1760777810.json"
"365170","146153","2025-12-06","48.00","NZD","1760777810","23477/2025-12-06/1760777810.json"
"510807","146155","2025-12-06","52.00","NZD","1760777810","23477/2025-12-06/1760777810.json"
"581513","221281","2025-12-09","36.00","NZD","1760777810","23477/2025-12-09/1760777810.json"
"581514","221282","2025-12-09","36.00","NZD","1760777810","23477/2025-12-09/1760777810.json"
"512557","146154","2025-12-09","45.00","NZD","1760777810","23477/2025-12-09/1760777810.json"
"365170","146153","2025-12-09","48.00","NZD","1760777810","23477/2025-12-09/1760777810.json"
"510807","146155","2025-12-09","52.00","NZD","1760777810","23477/2025-12-09/1760777810.json"
"581513","221281","2025-12-07","36.00","NZD","1760777810","23477/2025-12-07/1760777810.json"
"581514","221282","2025-12-07","36.00","NZD","1760777810","23477/2025-12-07/1760777810.json"
"512557","146154","2025-12-07","45.00","NZD","1760777810","23477/2025-12-07/1760777810.json"
"365170","146153","2025-12-07","48.00","NZD","1760777810","23477/2025-12-07/1760777810.json"
"510807","146155","2025-12-07","52.00","NZD","1760777810","23477/2025-12-07/1760777810.json"
"581513","221281","2025-12-08","36.00","NZD","1760777810","23477/2025-12-08/1760777810.json"
"581514","221282","2025-12-08","36.00","NZD","1760777810","23477/2025-12-08/1760777810.json"
"512557","146154","2025-12-08","45.00","NZD","1760777810","23477/2025-12-08/1760777810.json"
"365170","146153","2025-12-08","48.00","NZD","1760777810","23477/2025-12-08/1760777810.json"
"510807","146155","2025-12-08","52.00","NZD","1760777810","23477/2025-12-08/1760777810.json"
"581513","221281","2025-12-10","36.00","NZD","1760777810","23477/2025-12-10/1760777810.json"
"581514","221282","2025-12-10","36.00","NZD","1760777810","23477/2025-12-10/1760777810.json"
"512557","146154","2025-12-10","45.00","NZD","1760777810","23477/2025-12-10/1760777810.json"
"365170","146153","2025-12-10","48.00","NZD","1760777810","23477/2025-12-10/1760777810.json"
"510807","146155","2025-12-10","52.00","NZD","1760777810","23477/2025-12-10/1760777810.json"
"581513","221281","2025-12-11","36.00","NZD","1760777810","23477/2025-12-11/1760777810.json"
"581514","221282","2025-12-11","36.00","NZD","1760777810","23477/2025-12-11/1760777810.json"
"512557","146154","2025-12-11","45.00","NZD","1760777810","23477/2025-12-11/1760777810.json"
"365170","146153","2025-12-11","48.00","NZD","1760777810","23477/2025-12-11/1760777810.json"
"510807","146155","2025-12-11","52.00","NZD","1760777810","23477/2025-12-11/1760777810.json"
"581513","221281","2025-12-12","36.00","NZD","1760777810","23477/2025-12-12/1760777810.json"
"581514","221282","2025-12-12","36.00","NZD","1760777810","23477/2025-12-12/1760777810.json"
"512557","146154","2025-12-12","45.00","NZD","1760777810","23477/2025-12-12/1760777810.json"
"365170","146153","2025-12-12","48.00","NZD","1760777810","23477/2025-12-12/1760777810.json"
"510807","146155","2025-12-12","52.00","NZD","1760777810","23477/2025-12-12/1760777810.json"
"581513","221281","2025-12-13","36.00","NZD","1760777810","23477/2025-12-13/1760777810.json"
"581514","221282","2025-12-13","36.00","NZD","1760777810","23477/2025-12-13/1760777810.json"
"512557","146154","2025-12-13","45.00","NZD","1760777810","23477/2025-12-13/1760777810.json"
"365170","146153","2025-12-13","48.00","NZD","1760777810","23477/2025-12-13/1760777810.json"
"510807","146155","2025-12-13","52.00","NZD","1760777810","23477/2025-12-13/1760777810.json"
"581513","221281","2025-12-14","36.00","NZD","1760777810","23477/2025-12-14/1760777810.json"
"581514","221282","2025-12-14","36.00","NZD","1760777810","23477/2025-12-14/1760777810.json"
"512557","146154","2025-12-14","45.00","NZD","1760777810","23477/2025-12-14/1760777810.json"
"365170","146153","2025-12-14","48.00","NZD","1760777810","23477/2025-12-14/1760777810.json"
"510807","146155","2025-12-14","52.00","NZD","1760777810","23477/2025-12-14/1760777810.json"
"581513","221281","2025-12-16","36.00","NZD","1760777810","23477/2025-12-16/1760777810.json"
"581514","221282","2025-12-16","36.00","NZD","1760777810","23477/2025-12-16/1760777810.json"
"512557","146154","2025-12-16","45.00","NZD","1760777810","23477/2025-12-16/1760777810.json"
"365170","146153","2025-12-16","48.00","NZD","1760777810","23477/2025-12-16/1760777810.json"
"510807","146155","2025-12-16","52.00","NZD","1760777810","23477/2025-12-16/1760777810.json"
"581513","221281","2025-12-15","36.00","NZD","1760777810","23477/2025-12-15/1760777810.json"
"581514","221282","2025-12-15","36.00","NZD","1760777810","23477/2025-12-15/1760777810.json"
"512557","146154","2025-12-15","45.00","NZD","1760777810","23477/2025-12-15/1760777810.json"
"365170","146153","2025-12-15","48.00","NZD","1760777810","23477/2025-12-15/1760777810.json"
"510807","146155","2025-12-15","52.00","NZD","1760777810","23477/2025-12-15/1760777810.json"
"581513","221281","2025-12-17","36.00","NZD","1760777810","23477/2025-12-17/1760777810.json"
"581514","221282","2025-12-17","36.00","NZD","1760777810","23477/2025-12-17/1760777810.json"
"512557","146154","2025-12-17","45.00","NZD","1760777810","23477/2025-12-17/1760777810.json"
"365170","146153","2025-12-17","48.00","NZD","1760777810","23477/2025-12-17/1760777810.json"
"510807","146155","2025-12-17","52.00","NZD","1760777810","23477/2025-12-17/1760777810.json"
"581513","221281","2025-10-19","36.00","NZD","1760793740","23477/2025-10-19/1760793740.json"
"581514","221282","2025-10-19","36.00","NZD","1760793740","23477/2025-10-19/1760793740.json"
"512557","146154","2025-10-19","45.00","NZD","1760793740","23477/2025-10-19/1760793740.json"
"365170","146153","2025-10-19","48.00","NZD","1760793740","23477/2025-10-19/1760793740.json"
"510807","146155","2025-10-19","52.00","NZD","1760793740","23477/2025-10-19/1760793740.json"
"581513","221281","2025-10-20","36.00","NZD","1760793740","23477/2025-10-20/1760793740.json"
"581514","221282","2025-10-20","36.00","NZD","1760793740","23477/2025-10-20/1760793740.json"
"512557","146154","2025-10-20","45.00","NZD","1760793740","23477/2025-10-20/1760793740.json"
"365170","146153","2025-10-20","48.00","NZD","1760793740","23477/2025-10-20/1760793740.json"
"510807","146155","2025-10-20","52.00","NZD","1760793740","23477/2025-10-20/1760793740.json"
"581513","221281","2025-10-21","36.00","NZD","1760793740","23477/2025-10-21/1760793740.json"
"581514","221282","2025-10-21","36.00","NZD","1760793740","23477/2025-10-21/1760793740.json"
"512557","146154","2025-10-21","45.00","NZD","1760793740","23477/2025-10-21/1760793740.json"
"365170","146153","2025-10-21","48.00","NZD","1760793740","23477/2025-10-21/1760793740.json"
"510807","146155","2025-10-21","52.00","NZD","1760793740","23477/2025-10-21/1760793740.json"
"581513","221281","2025-10-22","36.00","NZD","1760793740","23477/2025-10-22/1760793740.json"
"581514","221282","2025-10-22","36.00","NZD","1760793740","23477/2025-10-22/1760793740.json"
"512557","146154","2025-10-22","45.00","NZD","1760793740","23477/2025-10-22/1760793740.json"
"365170","146153","2025-10-22","48.00","NZD","1760793740","23477/2025-10-22/1760793740.json"
"510807","146155","2025-10-22","52.00","NZD","1760793740","23477/2025-10-22/1760793740.json"
"581513","221281","2025-10-25","38.00","NZD","1760793740","23477/2025-10-25/1760793740.json"
"581514","221282","2025-10-25","38.00","NZD","1760793740","23477/2025-10-25/1760793740.json"
"512557","146154","2025-10-25","45.00","NZD","1760793740","23477/2025-10-25/1760793740.json"
"581513","221281","2025-10-23","36.00","NZD","1760793740","23477/2025-10-23/1760793740.json"
"581514","221282","2025-10-23","36.00","NZD","1760793740","23477/2025-10-23/1760793740.json"
"512557","146154","2025-10-23","45.00","NZD","1760793740","23477/2025-10-23/1760793740.json"
"365170","146153","2025-10-23","48.00","NZD","1760793740","23477/2025-10-23/1760793740.json"
"510807","146155","2025-10-23","52.00","NZD","1760793740","23477/2025-10-23/1760793740.json"
"581513","221281","2025-10-24","36.00","NZD","1760793740","23477/2025-10-24/1760793740.json"
"581514","221282","2025-10-24","36.00","NZD","1760793740","23477/2025-10-24/1760793740.json"
"512557","146154","2025-10-24","45.00","NZD","1760793740","23477/2025-10-24/1760793740.json"
"365170","146153","2025-10-24","48.00","NZD","1760793740","23477/2025-10-24/1760793740.json"
"510807","146155","2025-10-24","52.00","NZD","1760793740","23477/2025-10-24/1760793740.json"
"581513","221281","2025-10-26","38.00","NZD","1760793740","23477/2025-10-26/1760793740.json"
"581514","221282","2025-10-26","38.00","NZD","1760793740","23477/2025-10-26/1760793740.json"
"512557","146154","2025-10-26","45.00","NZD","1760793740","23477/2025-10-26/1760793740.json"
"581513","221281","2025-10-30","36.00","NZD","1760793740","23477/2025-10-30/1760793740.json"
"581514","221282","2025-10-30","36.00","NZD","1760793740","23477/2025-10-30/1760793740.json"
"512557","146154","2025-10-30","45.00","NZD","1760793740","23477/2025-10-30/1760793740.json"
"365170","146153","2025-10-30","48.00","NZD","1760793740","23477/2025-10-30/1760793740.json"
"510807","146155","2025-10-30","52.00","NZD","1760793740","23477/2025-10-30/1760793740.json"
"581513","221281","2025-10-28","36.00","NZD","1760793740","23477/2025-10-28/1760793740.json"
"581514","221282","2025-10-28","36.00","NZD","1760793740","23477/2025-10-28/1760793740.json"
"512557","146154","2025-10-28","45.00","NZD","1760793740","23477/2025-10-28/1760793740.json"
"365170","146153","2025-10-28","48.00","NZD","1760793740","23477/2025-10-28/1760793740.json"
"510807","146155","2025-10-28","52.00","NZD","1760793740","23477/2025-10-28/1760793740.json"
"581513","221281","2025-10-29","36.00","NZD","1760793740","23477/2025-10-29/1760793740.json"
"581514","221282","2025-10-29","36.00","NZD","1760793740","23477/2025-10-29/1760793740.json"
"512557","146154","2025-10-29","45.00","NZD","1760793740","23477/2025-10-29/1760793740.json"
"365170","146153","2025-10-29","48.00","NZD","1760793740","23477/2025-10-29/1760793740.json"
"510807","146155","2025-10-29","52.00","NZD","1760793740","23477/2025-10-29/1760793740.json"
"581513","221281","2025-10-27","38.00","NZD","1760793740","23477/2025-10-27/1760793740.json"
"581514","221282","2025-10-27","38.00","NZD","1760793740","23477/2025-10-27/1760793740.json"
"512557","146154","2025-10-27","45.00","NZD","1760793740","23477/2025-10-27/1760793740.json"
"365170","146153","2025-10-27","48.00","NZD","1760793740","23477/2025-10-27/1760793740.json"
"510807","146155","2025-10-27","52.00","NZD","1760793740","23477/2025-10-27/1760793740.json"
"581513","221281","2025-11-01","36.00","NZD","1760793740","23477/2025-11-01/1760793740.json"
"581514","221282","2025-11-01","36.00","NZD","1760793740","23477/2025-11-01/1760793740.json"
"512557","146154","2025-11-01","45.00","NZD","1760793740","23477/2025-11-01/1760793740.json"
"365170","146153","2025-11-01","48.00","NZD","1760793740","23477/2025-11-01/1760793740.json"
"510807","146155","2025-11-01","52.00","NZD","1760793740","23477/2025-11-01/1760793740.json"
"581513","221281","2025-11-02","36.00","NZD","1760793740","23477/2025-11-02/1760793740.json"
"581514","221282","2025-11-02","36.00","NZD","1760793740","23477/2025-11-02/1760793740.json"
"512557","146154","2025-11-02","45.00","NZD","1760793740","23477/2025-11-02/1760793740.json"
"365170","146153","2025-11-02","48.00","NZD","1760793740","23477/2025-11-02/1760793740.json"
"510807","146155","2025-11-02","52.00","NZD","1760793740","23477/2025-11-02/1760793740.json"
"581513","221281","2025-11-03","36.00","NZD","1760793740","23477/2025-11-03/1760793740.json"
"581514","221282","2025-11-03","36.00","NZD","1760793740","23477/2025-11-03/1760793740.json"
"512557","146154","2025-11-03","45.00","NZD","1760793740","23477/2025-11-03/1760793740.json"
"365170","146153","2025-11-03","48.00","NZD","1760793740","23477/2025-11-03/1760793740.json"
"510807","146155","2025-11-03","52.00","NZD","1760793740","23477/2025-11-03/1760793740.json"
"581513","221281","2025-10-31","36.00","NZD","1760793740","23477/2025-10-31/1760793740.json"
"581514","221282","2025-10-31","36.00","NZD","1760793740","23477/2025-10-31/1760793740.json"
"512557","146154","2025-10-31","45.00","NZD","1760793740","23477/2025-10-31/1760793740.json"
"365170","146153","2025-10-31","48.00","NZD","1760793740","23477/2025-10-31/1760793740.json"
"510807","146155","2025-10-31","52.00","NZD","1760793740","23477/2025-10-31/1760793740.json"
"581513","221281","2025-11-04","36.00","NZD","1760793740","23477/2025-11-04/1760793740.json"
"581514","221282","2025-11-04","36.00","NZD","1760793740","23477/2025-11-04/1760793740.json"
"512557","146154","2025-11-04","45.00","NZD","1760793740","23477/2025-11-04/1760793740.json"
"365170","146153","2025-11-04","48.00","NZD","1760793740","23477/2025-11-04/1760793740.json"
"510807","146155","2025-11-04","52.00","NZD","1760793740","23477/2025-11-04/1760793740.json"
"581513","221281","2025-11-05","36.00","NZD","1760793740","23477/2025-11-05/1760793740.json"
"581513","221281","2025-11-06","36.00","NZD","1760793740","23477/2025-11-06/1760793740.json"
"581514","221282","2025-11-06","36.00","NZD","1760793740","23477/2025-11-06/1760793740.json"
"581514","221282","2025-11-05","36.00","NZD","1760793740","23477/2025-11-05/1760793740.json"
"512557","146154","2025-11-06","45.00","NZD","1760793740","23477/2025-11-06/1760793740.json"
"365170","146153","2025-11-06","48.00","NZD","1760793740","23477/2025-11-06/1760793740.json"
"512557","146154","2025-11-05","45.00","NZD","1760793740","23477/2025-11-05/1760793740.json"
"510807","146155","2025-11-06","52.00","NZD","1760793740","23477/2025-11-06/1760793740.json"
"365170","146153","2025-11-05","48.00","NZD","1760793740","23477/2025-11-05/1760793740.json"
"510807","146155","2025-11-05","52.00","NZD","1760793740","23477/2025-11-05/1760793740.json"
"581513","221281","2025-11-07","36.00","NZD","1760793740","23477/2025-11-07/1760793740.json"
"581514","221282","2025-11-07","36.00","NZD","1760793740","23477/2025-11-07/1760793740.json"
"512557","146154","2025-11-07","45.00","NZD","1760793740","23477/2025-11-07/1760793740.json"
"365170","146153","2025-11-07","48.00","NZD","1760793740","23477/2025-11-07/1760793740.json"
"510807","146155","2025-11-07","52.00","NZD","1760793740","23477/2025-11-07/1760793740.json"
"581513","221281","2025-11-09","36.00","NZD","1760793740","23477/2025-11-09/1760793740.json"
"581514","221282","2025-11-09","36.00","NZD","1760793740","23477/2025-11-09/1760793740.json"
"512557","146154","2025-11-09","45.00","NZD","1760793740","23477/2025-11-09/1760793740.json"
"365170","146153","2025-11-09","48.00","NZD","1760793740","23477/2025-11-09/1760793740.json"
"510807","146155","2025-11-09","52.00","NZD","1760793740","23477/2025-11-09/1760793740.json"
"581513","221281","2025-11-08","36.00","NZD","1760793740","23477/2025-11-08/1760793740.json"
"581514","221282","2025-11-08","36.00","NZD","1760793740","23477/2025-11-08/1760793740.json"
"512557","146154","2025-11-08","45.00","NZD","1760793740","23477/2025-11-08/1760793740.json"
"365170","146153","2025-11-08","48.00","NZD","1760793740","23477/2025-11-08/1760793740.json"
"510807","146155","2025-11-08","52.00","NZD","1760793740","23477/2025-11-08/1760793740.json"
"581513","221281","2025-11-10","36.00","NZD","1760793740","23477/2025-11-10/1760793740.json"
"581514","221282","2025-11-10","36.00","NZD","1760793740","23477/2025-11-10/1760793740.json"
"512557","146154","2025-11-10","45.00","NZD","1760793740","23477/2025-11-10/1760793740.json"
"365170","146153","2025-11-10","48.00","NZD","1760793740","23477/2025-11-10/1760793740.json"
"510807","146155","2025-11-10","52.00","NZD","1760793740","23477/2025-11-10/1760793740.json"
"581513","221281","2025-11-11","36.00","NZD","1760793740","23477/2025-11-11/1760793740.json"
"581514","221282","2025-11-11","36.00","NZD","1760793740","23477/2025-11-11/1760793740.json"
"512557","146154","2025-11-11","45.00","NZD","1760793740","23477/2025-11-11/1760793740.json"
"365170","146153","2025-11-11","48.00","NZD","1760793740","23477/2025-11-11/1760793740.json"
"510807","146155","2025-11-11","52.00","NZD","1760793740","23477/2025-11-11/1760793740.json"
"581513","221281","2025-11-12","36.00","NZD","1760793740","23477/2025-11-12/1760793740.json"
"581514","221282","2025-11-12","36.00","NZD","1760793740","23477/2025-11-12/1760793740.json"
"512557","146154","2025-11-12","45.00","NZD","1760793740","23477/2025-11-12/1760793740.json"
"365170","146153","2025-11-12","48.00","NZD","1760793740","23477/2025-11-12/1760793740.json"
"510807","146155","2025-11-12","52.00","NZD","1760793740","23477/2025-11-12/1760793740.json"
"581513","221281","2025-11-13","36.00","NZD","1760793740","23477/2025-11-13/1760793740.json"
"581514","221282","2025-11-13","36.00","NZD","1760793740","23477/2025-11-13/1760793740.json"
"512557","146154","2025-11-13","45.00","NZD","1760793740","23477/2025-11-13/1760793740.json"
"365170","146153","2025-11-13","48.00","NZD","1760793740","23477/2025-11-13/1760793740.json"
"510807","146155","2025-11-13","52.00","NZD","1760793740","23477/2025-11-13/1760793740.json"
"581513","221281","2025-11-15","36.00","NZD","1760793740","23477/2025-11-15/1760793740.json"
"581514","221282","2025-11-15","36.00","NZD","1760793740","23477/2025-11-15/1760793740.json"
"512557","146154","2025-11-15","45.00","NZD","1760793740","23477/2025-11-15/1760793740.json"
"365170","146153","2025-11-15","48.00","NZD","1760793740","23477/2025-11-15/1760793740.json"
"510807","146155","2025-11-15","52.00","NZD","1760793740","23477/2025-11-15/1760793740.json"
"581513","221281","2025-11-14","36.00","NZD","1760793740","23477/2025-11-14/1760793740.json"
"581514","221282","2025-11-14","36.00","NZD","1760793740","23477/2025-11-14/1760793740.json"
"512557","146154","2025-11-14","45.00","NZD","1760793740","23477/2025-11-14/1760793740.json"
"365170","146153","2025-11-14","48.00","NZD","1760793740","23477/2025-11-14/1760793740.json"
"510807","146155","2025-11-14","52.00","NZD","1760793740","23477/2025-11-14/1760793740.json"
"581513","221281","2025-11-17","36.00","NZD","1760793740","23477/2025-11-17/1760793740.json"
"581514","221282","2025-11-17","36.00","NZD","1760793740","23477/2025-11-17/1760793740.json"
"512557","146154","2025-11-17","45.00","NZD","1760793740","23477/2025-11-17/1760793740.json"
"365170","146153","2025-11-17","48.00","NZD","1760793740","23477/2025-11-17/1760793740.json"
"510807","146155","2025-11-17","52.00","NZD","1760793740","23477/2025-11-17/1760793740.json"
"581513","221281","2025-11-16","36.00","NZD","1760793740","23477/2025-11-16/1760793740.json"
"581514","221282","2025-11-16","36.00","NZD","1760793740","23477/2025-11-16/1760793740.json"
"512557","146154","2025-11-16","45.00","NZD","1760793740","23477/2025-11-16/1760793740.json"
"365170","146153","2025-11-16","48.00","NZD","1760793740","23477/2025-11-16/1760793740.json"
"510807","146155","2025-11-16","52.00","NZD","1760793740","23477/2025-11-16/1760793740.json"
"581513","221281","2025-11-19","36.00","NZD","1760793740","23477/2025-11-19/1760793740.json"
"581514","221282","2025-11-19","36.00","NZD","1760793740","23477/2025-11-19/1760793740.json"
"512557","146154","2025-11-19","45.00","NZD","1760793740","23477/2025-11-19/1760793740.json"
"365170","146153","2025-11-19","48.00","NZD","1760793740","23477/2025-11-19/1760793740.json"
"510807","146155","2025-11-19","52.00","NZD","1760793740","23477/2025-11-19/1760793740.json"
"581513","221281","2025-11-18","36.00","NZD","1760793740","23477/2025-11-18/1760793740.json"
"581514","221282","2025-11-18","36.00","NZD","1760793740","23477/2025-11-18/1760793740.json"
"512557","146154","2025-11-18","45.00","NZD","1760793740","23477/2025-11-18/1760793740.json"
"365170","146153","2025-11-18","48.00","NZD","1760793740","23477/2025-11-18/1760793740.json"
"510807","146155","2025-11-18","52.00","NZD","1760793740","23477/2025-11-18/1760793740.json"
"581513","221281","2025-11-21","36.00","NZD","1760793740","23477/2025-11-21/1760793740.json"
"581514","221282","2025-11-21","36.00","NZD","1760793740","23477/2025-11-21/1760793740.json"
"512557","146154","2025-11-21","45.00","NZD","1760793740","23477/2025-11-21/1760793740.json"
"365170","146153","2025-11-21","48.00","NZD","1760793740","23477/2025-11-21/1760793740.json"
"510807","146155","2025-11-21","52.00","NZD","1760793740","23477/2025-11-21/1760793740.json"
"581513","221281","2025-11-20","36.00","NZD","1760793740","23477/2025-11-20/1760793740.json"
"581514","221282","2025-11-20","36.00","NZD","1760793740","23477/2025-11-20/1760793740.json"
"512557","146154","2025-11-20","45.00","NZD","1760793740","23477/2025-11-20/1760793740.json"
"581513","221281","2025-11-22","36.00","NZD","1760793740","23477/2025-11-22/1760793740.json"
"581514","221282","2025-11-22","36.00","NZD","1760793740","23477/2025-11-22/1760793740.json"
"512557","146154","2025-11-22","45.00","NZD","1760793740","23477/2025-11-22/1760793740.json"
"365170","146153","2025-11-22","48.00","NZD","1760793740","23477/2025-11-22/1760793740.json"
"510807","146155","2025-11-22","52.00","NZD","1760793740","23477/2025-11-22/1760793740.json"
"581513","221281","2025-11-23","36.00","NZD","1760793740","23477/2025-11-23/1760793740.json"
"581514","221282","2025-11-23","36.00","NZD","1760793740","23477/2025-11-23/1760793740.json"
"512557","146154","2025-11-23","45.00","NZD","1760793740","23477/2025-11-23/1760793740.json"
"365170","146153","2025-11-23","48.00","NZD","1760793740","23477/2025-11-23/1760793740.json"
"510807","146155","2025-11-23","52.00","NZD","1760793740","23477/2025-11-23/1760793740.json"
"581513","221281","2025-11-24","36.00","NZD","1760793740","23477/2025-11-24/1760793740.json"
"581514","221282","2025-11-24","36.00","NZD","1760793740","23477/2025-11-24/1760793740.json"
"512557","146154","2025-11-24","45.00","NZD","1760793740","23477/2025-11-24/1760793740.json"
"365170","146153","2025-11-24","48.00","NZD","1760793740","23477/2025-11-24/1760793740.json"
"510807","146155","2025-11-24","52.00","NZD","1760793740","23477/2025-11-24/1760793740.json"
"581513","221281","2025-11-26","36.00","NZD","1760793740","23477/2025-11-26/1760793740.json"
"581514","221282","2025-11-26","36.00","NZD","1760793740","23477/2025-11-26/1760793740.json"
"512557","146154","2025-11-26","45.00","NZD","1760793740","23477/2025-11-26/1760793740.json"
"365170","146153","2025-11-26","48.00","NZD","1760793740","23477/2025-11-26/1760793740.json"
"510807","146155","2025-11-26","52.00","NZD","1760793740","23477/2025-11-26/1760793740.json"
"581513","221281","2025-11-27","36.00","NZD","1760793740","23477/2025-11-27/1760793740.json"
"581514","221282","2025-11-27","36.00","NZD","1760793740","23477/2025-11-27/1760793740.json"
"512557","146154","2025-11-27","45.00","NZD","1760793740","23477/2025-11-27/1760793740.json"
"365170","146153","2025-11-27","48.00","NZD","1760793740","23477/2025-11-27/1760793740.json"
"510807","146155","2025-11-27","52.00","NZD","1760793740","23477/2025-11-27/1760793740.json"
"581513","221281","2025-11-25","36.00","NZD","1760793740","23477/2025-11-25/1760793740.json"
"581514","221282","2025-11-25","36.00","NZD","1760793740","23477/2025-11-25/1760793740.json"
"512557","146154","2025-11-25","45.00","NZD","1760793740","23477/2025-11-25/1760793740.json"
"365170","146153","2025-11-25","48.00","NZD","1760793740","23477/2025-11-25/1760793740.json"
"510807","146155","2025-11-25","52.00","NZD","1760793740","23477/2025-11-25/1760793740.json"
"581513","221281","2025-11-28","36.00","NZD","1760793740","23477/2025-11-28/1760793740.json"
"581514","221282","2025-11-28","36.00","NZD","1760793740","23477/2025-11-28/1760793740.json"
"512557","146154","2025-11-28","45.00","NZD","1760793740","23477/2025-11-28/1760793740.json"
"365170","146153","2025-11-28","48.00","NZD","1760793740","23477/2025-11-28/1760793740.json"
"510807","146155","2025-11-28","52.00","NZD","1760793740","23477/2025-11-28/1760793740.json"
"581513","221281","2025-11-29","36.00","NZD","1760793740","23477/2025-11-29/1760793740.json"
"581514","221282","2025-11-29","36.00","NZD","1760793740","23477/2025-11-29/1760793740.json"
"512557","146154","2025-11-29","45.00","NZD","1760793740","23477/2025-11-29/1760793740.json"
"365170","146153","2025-11-29","48.00","NZD","1760793740","23477/2025-11-29/1760793740.json"
"510807","146155","2025-11-29","52.00","NZD","1760793740","23477/2025-11-29/1760793740.json"
"581513","221281","2025-11-30","36.00","NZD","1760793740","23477/2025-11-30/1760793740.json"
"581514","221282","2025-11-30","36.00","NZD","1760793740","23477/2025-11-30/1760793740.json"
"512557","146154","2025-11-30","45.00","NZD","1760793740","23477/2025-11-30/1760793740.json"
"365170","146153","2025-11-30","48.00","NZD","1760793740","23477/2025-11-30/1760793740.json"
"510807","146155","2025-11-30","52.00","NZD","1760793740","23477/2025-11-30/1760793740.json"
"581513","221281","2025-12-01","36.00","NZD","1760793740","23477/2025-12-01/1760793740.json"
"581514","221282","2025-12-01","36.00","NZD","1760793740","23477/2025-12-01/1760793740.json"
"512557","146154","2025-12-01","45.00","NZD","1760793740","23477/2025-12-01/1760793740.json"
"365170","146153","2025-12-01","48.00","NZD","1760793740","23477/2025-12-01/1760793740.json"
"510807","146155","2025-12-01","52.00","NZD","1760793740","23477/2025-12-01/1760793740.json"
"581513","221281","2025-12-03","36.00","NZD","1760793740","23477/2025-12-03/1760793740.json"
"581513","221281","2025-12-02","36.00","NZD","1760793740","23477/2025-12-02/1760793740.json"
"581514","221282","2025-12-03","36.00","NZD","1760793740","23477/2025-12-03/1760793740.json"
"581514","221282","2025-12-02","36.00","NZD","1760793740","23477/2025-12-02/1760793740.json"
"512557","146154","2025-12-02","45.00","NZD","1760793740","23477/2025-12-02/1760793740.json"
"512557","146154","2025-12-03","45.00","NZD","1760793740","23477/2025-12-03/1760793740.json"
"365170","146153","2025-12-02","48.00","NZD","1760793740","23477/2025-12-02/1760793740.json"
"510807","146155","2025-12-02","52.00","NZD","1760793740","23477/2025-12-02/1760793740.json"
"365170","146153","2025-12-03","48.00","NZD","1760793740","23477/2025-12-03/1760793740.json"
"510807","146155","2025-12-03","52.00","NZD","1760793740","23477/2025-12-03/1760793740.json"
"581513","221281","2025-12-04","36.00","NZD","1760793740","23477/2025-12-04/1760793740.json"
"581514","221282","2025-12-04","36.00","NZD","1760793740","23477/2025-12-04/1760793740.json"
"512557","146154","2025-12-04","45.00","NZD","1760793740","23477/2025-12-04/1760793740.json"
"365170","146153","2025-12-04","48.00","NZD","1760793740","23477/2025-12-04/1760793740.json"
"510807","146155","2025-12-04","52.00","NZD","1760793740","23477/2025-12-04/1760793740.json"
"581513","221281","2025-12-05","36.00","NZD","1760793740","23477/2025-12-05/1760793740.json"
"581514","221282","2025-12-05","36.00","NZD","1760793740","23477/2025-12-05/1760793740.json"
"512557","146154","2025-12-05","45.00","NZD","1760793740","23477/2025-12-05/1760793740.json"
"365170","146153","2025-12-05","48.00","NZD","1760793740","23477/2025-12-05/1760793740.json"
"510807","146155","2025-12-05","52.00","NZD","1760793740","23477/2025-12-05/1760793740.json"
"581513","221281","2025-12-06","36.00","NZD","1760793740","23477/2025-12-06/1760793740.json"
"581514","221282","2025-12-06","36.00","NZD","1760793740","23477/2025-12-06/1760793740.json"
"512557","146154","2025-12-06","45.00","NZD","1760793740","23477/2025-12-06/1760793740.json"
"365170","146153","2025-12-06","48.00","NZD","1760793740","23477/2025-12-06/1760793740.json"
"510807","146155","2025-12-06","52.00","NZD","1760793740","23477/2025-12-06/1760793740.json"
"581513","221281","2025-12-07","36.00","NZD","1760793740","23477/2025-12-07/1760793740.json"
"581514","221282","2025-12-07","36.00","NZD","1760793740","23477/2025-12-07/1760793740.json"
"512557","146154","2025-12-07","45.00","NZD","1760793740","23477/2025-12-07/1760793740.json"
"365170","146153","2025-12-07","48.00","NZD","1760793740","23477/2025-12-07/1760793740.json"
"510807","146155","2025-12-07","52.00","NZD","1760793740","23477/2025-12-07/1760793740.json"
"581513","221281","2025-12-09","36.00","NZD","1760793740","23477/2025-12-09/1760793740.json"
"581514","221282","2025-12-09","36.00","NZD","1760793740","23477/2025-12-09/1760793740.json"
"512557","146154","2025-12-09","45.00","NZD","1760793740","23477/2025-12-09/1760793740.json"
"365170","146153","2025-12-09","48.00","NZD","1760793740","23477/2025-12-09/1760793740.json"
"510807","146155","2025-12-09","52.00","NZD","1760793740","23477/2025-12-09/1760793740.json"
"581513","221281","2025-12-08","36.00","NZD","1760793740","23477/2025-12-08/1760793740.json"
"581514","221282","2025-12-08","36.00","NZD","1760793740","23477/2025-12-08/1760793740.json"
"512557","146154","2025-12-08","45.00","NZD","1760793740","23477/2025-12-08/1760793740.json"
"365170","146153","2025-12-08","48.00","NZD","1760793740","23477/2025-12-08/1760793740.json"
"510807","146155","2025-12-08","52.00","NZD","1760793740","23477/2025-12-08/1760793740.json"
"581513","221281","2025-12-11","36.00","NZD","1760793740","23477/2025-12-11/1760793740.json"
"581514","221282","2025-12-11","36.00","NZD","1760793740","23477/2025-12-11/1760793740.json"
"512557","146154","2025-12-11","45.00","NZD","1760793740","23477/2025-12-11/1760793740.json"
"365170","146153","2025-12-11","48.00","NZD","1760793740","23477/2025-12-11/1760793740.json"
"510807","146155","2025-12-11","52.00","NZD","1760793740","23477/2025-12-11/1760793740.json"
"581513","221281","2025-12-10","36.00","NZD","1760793740","23477/2025-12-10/1760793740.json"
"581514","221282","2025-12-10","36.00","NZD","1760793740","23477/2025-12-10/1760793740.json"
"512557","146154","2025-12-10","45.00","NZD","1760793740","23477/2025-12-10/1760793740.json"
"365170","146153","2025-12-10","48.00","NZD","1760793740","23477/2025-12-10/1760793740.json"
"510807","146155","2025-12-10","52.00","NZD","1760793740","23477/2025-12-10/1760793740.json"
"581513","221281","2025-12-13","36.00","NZD","1760793740","23477/2025-12-13/1760793740.json"
"581514","221282","2025-12-13","36.00","NZD","1760793740","23477/2025-12-13/1760793740.json"
"512557","146154","2025-12-13","45.00","NZD","1760793740","23477/2025-12-13/1760793740.json"
"365170","146153","2025-12-13","48.00","NZD","1760793740","23477/2025-12-13/1760793740.json"
"510807","146155","2025-12-13","52.00","NZD","1760793740","23477/2025-12-13/1760793740.json"
"581513","221281","2025-12-14","36.00","NZD","1760793740","23477/2025-12-14/1760793740.json"
"581514","221282","2025-12-14","36.00","NZD","1760793740","23477/2025-12-14/1760793740.json"
"512557","146154","2025-12-14","45.00","NZD","1760793740","23477/2025-12-14/1760793740.json"
"365170","146153","2025-12-14","48.00","NZD","1760793740","23477/2025-12-14/1760793740.json"
"510807","146155","2025-12-14","52.00","NZD","1760793740","23477/2025-12-14/1760793740.json"
"581513","221281","2025-12-12","36.00","NZD","1760793740","23477/2025-12-12/1760793740.json"
"581514","221282","2025-12-12","36.00","NZD","1760793740","23477/2025-12-12/1760793740.json"
"512557","146154","2025-12-12","45.00","NZD","1760793740","23477/2025-12-12/1760793740.json"
"365170","146153","2025-12-12","48.00","NZD","1760793740","23477/2025-12-12/1760793740.json"
"510807","146155","2025-12-12","52.00","NZD","1760793740","23477/2025-12-12/1760793740.json"
"581513","221281","2025-12-15","36.00","NZD","1760793740","23477/2025-12-15/1760793740.json"
"581514","221282","2025-12-15","36.00","NZD","1760793740","23477/2025-12-15/1760793740.json"
"512557","146154","2025-12-15","45.00","NZD","1760793740","23477/2025-12-15/1760793740.json"
"365170","146153","2025-12-15","48.00","NZD","1760793740","23477/2025-12-15/1760793740.json"
"510807","146155","2025-12-15","52.00","NZD","1760793740","23477/2025-12-15/1760793740.json"
"581513","221281","2025-12-16","36.00","NZD","1760793740","23477/2025-12-16/1760793740.json"
"581514","221282","2025-12-16","36.00","NZD","1760793740","23477/2025-12-16/1760793740.json"
"512557","146154","2025-12-16","45.00","NZD","1760793740","23477/2025-12-16/1760793740.json"
"365170","146153","2025-12-16","48.00","NZD","1760793740","23477/2025-12-16/1760793740.json"
"510807","146155","2025-12-16","52.00","NZD","1760793740","23477/2025-12-16/1760793740.json"
"581513","221281","2025-12-17","36.00","NZD","1760793740","23477/2025-12-17/1760793740.json"
"581514","221282","2025-12-17","36.00","NZD","1760793740","23477/2025-12-17/1760793740.json"
"512557","146154","2025-12-17","45.00","NZD","1760793740","23477/2025-12-17/1760793740.json"
"365170","146153","2025-12-17","48.00","NZD","1760793740","23477/2025-12-17/1760793740.json"
"510807","146155","2025-12-17","52.00","NZD","1760793740","23477/2025-12-17/1760793740.json"
"581513","221281","2025-10-19","36.00","NZD","1760806466","23477/2025-10-19/1760806466.json"
"581514","221282","2025-10-19","36.00","NZD","1760806466","23477/2025-10-19/1760806466.json"
"512557","146154","2025-10-19","45.00","NZD","1760806466","23477/2025-10-19/1760806466.json"
"365170","146153","2025-10-19","48.00","NZD","1760806466","23477/2025-10-19/1760806466.json"
"510807","146155","2025-10-19","52.00","NZD","1760806466","23477/2025-10-19/1760806466.json"
"581513","221281","2025-10-21","36.00","NZD","1760806466","23477/2025-10-21/1760806466.json"
"581514","221282","2025-10-21","36.00","NZD","1760806466","23477/2025-10-21/1760806466.json"
"512557","146154","2025-10-21","45.00","NZD","1760806466","23477/2025-10-21/1760806466.json"
"365170","146153","2025-10-21","48.00","NZD","1760806466","23477/2025-10-21/1760806466.json"
"510807","146155","2025-10-21","52.00","NZD","1760806466","23477/2025-10-21/1760806466.json"
"581513","221281","2025-10-20","36.00","NZD","1760806466","23477/2025-10-20/1760806466.json"
"581514","221282","2025-10-20","36.00","NZD","1760806466","23477/2025-10-20/1760806466.json"
"512557","146154","2025-10-20","45.00","NZD","1760806466","23477/2025-10-20/1760806466.json"
"365170","146153","2025-10-20","48.00","NZD","1760806466","23477/2025-10-20/1760806466.json"
"510807","146155","2025-10-20","52.00","NZD","1760806466","23477/2025-10-20/1760806466.json"
"581513","221281","2025-10-22","36.00","NZD","1760806466","23477/2025-10-22/1760806466.json"
"581514","221282","2025-10-22","36.00","NZD","1760806466","23477/2025-10-22/1760806466.json"
"512557","146154","2025-10-22","45.00","NZD","1760806466","23477/2025-10-22/1760806466.json"
"365170","146153","2025-10-22","48.00","NZD","1760806466","23477/2025-10-22/1760806466.json"
"510807","146155","2025-10-22","52.00","NZD","1760806466","23477/2025-10-22/1760806466.json"
"581513","221281","2025-10-25","38.00","NZD","1760806466","23477/2025-10-25/1760806466.json"
"581514","221282","2025-10-25","38.00","NZD","1760806466","23477/2025-10-25/1760806466.json"
"512557","146154","2025-10-25","45.00","NZD","1760806466","23477/2025-10-25/1760806466.json"
"581513","221281","2025-10-23","36.00","NZD","1760806466","23477/2025-10-23/1760806466.json"
"581514","221282","2025-10-23","36.00","NZD","1760806466","23477/2025-10-23/1760806466.json"
"512557","146154","2025-10-23","45.00","NZD","1760806466","23477/2025-10-23/1760806466.json"
"365170","146153","2025-10-23","48.00","NZD","1760806466","23477/2025-10-23/1760806466.json"
"510807","146155","2025-10-23","52.00","NZD","1760806466","23477/2025-10-23/1760806466.json"
"581513","221281","2025-10-24","36.00","NZD","1760806466","23477/2025-10-24/1760806466.json"
"581514","221282","2025-10-24","36.00","NZD","1760806466","23477/2025-10-24/1760806466.json"
"512557","146154","2025-10-24","45.00","NZD","1760806466","23477/2025-10-24/1760806466.json"
"365170","146153","2025-10-24","48.00","NZD","1760806466","23477/2025-10-24/1760806466.json"
"510807","146155","2025-10-24","52.00","NZD","1760806466","23477/2025-10-24/1760806466.json"
"581513","221281","2025-10-26","38.00","NZD","1760806466","23477/2025-10-26/1760806466.json"
"581514","221282","2025-10-26","38.00","NZD","1760806466","23477/2025-10-26/1760806466.json"
"512557","146154","2025-10-26","45.00","NZD","1760806466","23477/2025-10-26/1760806466.json"
"581513","221281","2025-10-29","36.00","NZD","1760806466","23477/2025-10-29/1760806466.json"
"581514","221282","2025-10-29","36.00","NZD","1760806466","23477/2025-10-29/1760806466.json"
"512557","146154","2025-10-29","45.00","NZD","1760806466","23477/2025-10-29/1760806466.json"
"365170","146153","2025-10-29","48.00","NZD","1760806466","23477/2025-10-29/1760806466.json"
"510807","146155","2025-10-29","52.00","NZD","1760806466","23477/2025-10-29/1760806466.json"
"581513","221281","2025-10-28","36.00","NZD","1760806466","23477/2025-10-28/1760806466.json"
"581514","221282","2025-10-28","36.00","NZD","1760806466","23477/2025-10-28/1760806466.json"
"512557","146154","2025-10-28","45.00","NZD","1760806466","23477/2025-10-28/1760806466.json"
"365170","146153","2025-10-28","48.00","NZD","1760806466","23477/2025-10-28/1760806466.json"
"510807","146155","2025-10-28","52.00","NZD","1760806466","23477/2025-10-28/1760806466.json"
"581513","221281","2025-10-30","36.00","NZD","1760806466","23477/2025-10-30/1760806466.json"
"581514","221282","2025-10-30","36.00","NZD","1760806466","23477/2025-10-30/1760806466.json"
"512557","146154","2025-10-30","45.00","NZD","1760806466","23477/2025-10-30/1760806466.json"
"365170","146153","2025-10-30","48.00","NZD","1760806466","23477/2025-10-30/1760806466.json"
"510807","146155","2025-10-30","52.00","NZD","1760806466","23477/2025-10-30/1760806466.json"
"581513","221281","2025-11-01","36.00","NZD","1760806466","23477/2025-11-01/1760806466.json"
"581514","221282","2025-11-01","36.00","NZD","1760806466","23477/2025-11-01/1760806466.json"
"512557","146154","2025-11-01","45.00","NZD","1760806466","23477/2025-11-01/1760806466.json"
"365170","146153","2025-11-01","48.00","NZD","1760806466","23477/2025-11-01/1760806466.json"
"510807","146155","2025-11-01","52.00","NZD","1760806466","23477/2025-11-01/1760806466.json"
"581513","221281","2025-10-31","36.00","NZD","1760806466","23477/2025-10-31/1760806466.json"
"581514","221282","2025-10-31","36.00","NZD","1760806466","23477/2025-10-31/1760806466.json"
"512557","146154","2025-10-31","45.00","NZD","1760806466","23477/2025-10-31/1760806466.json"
"365170","146153","2025-10-31","48.00","NZD","1760806466","23477/2025-10-31/1760806466.json"
"510807","146155","2025-10-31","52.00","NZD","1760806466","23477/2025-10-31/1760806466.json"
"581513","221281","2025-11-02","36.00","NZD","1760806466","23477/2025-11-02/1760806466.json"
"581514","221282","2025-11-02","36.00","NZD","1760806466","23477/2025-11-02/1760806466.json"
"512557","146154","2025-11-02","45.00","NZD","1760806466","23477/2025-11-02/1760806466.json"
"365170","146153","2025-11-02","48.00","NZD","1760806466","23477/2025-11-02/1760806466.json"
"510807","146155","2025-11-02","52.00","NZD","1760806466","23477/2025-11-02/1760806466.json"
"581513","221281","2025-11-03","36.00","NZD","1760806466","23477/2025-11-03/1760806466.json"
"581514","221282","2025-11-03","36.00","NZD","1760806466","23477/2025-11-03/1760806466.json"
"512557","146154","2025-11-03","45.00","NZD","1760806466","23477/2025-11-03/1760806466.json"
"365170","146153","2025-11-03","48.00","NZD","1760806466","23477/2025-11-03/1760806466.json"
"510807","146155","2025-11-03","52.00","NZD","1760806466","23477/2025-11-03/1760806466.json"
"581513","221281","2025-11-04","36.00","NZD","1760806466","23477/2025-11-04/1760806466.json"
"581514","221282","2025-11-04","36.00","NZD","1760806466","23477/2025-11-04/1760806466.json"
"512557","146154","2025-11-04","45.00","NZD","1760806466","23477/2025-11-04/1760806466.json"
"365170","146153","2025-11-04","48.00","NZD","1760806466","23477/2025-11-04/1760806466.json"
"510807","146155","2025-11-04","52.00","NZD","1760806466","23477/2025-11-04/1760806466.json"
"581513","221281","2025-11-05","36.00","NZD","1760806466","23477/2025-11-05/1760806466.json"
"581514","221282","2025-11-05","36.00","NZD","1760806466","23477/2025-11-05/1760806466.json"
"512557","146154","2025-11-05","45.00","NZD","1760806466","23477/2025-11-05/1760806466.json"
"365170","146153","2025-11-05","48.00","NZD","1760806466","23477/2025-11-05/1760806466.json"
"510807","146155","2025-11-05","52.00","NZD","1760806466","23477/2025-11-05/1760806466.json"
"581513","221281","2025-11-06","36.00","NZD","1760806466","23477/2025-11-06/1760806466.json"
"581514","221282","2025-11-06","36.00","NZD","1760806466","23477/2025-11-06/1760806466.json"
"512557","146154","2025-11-06","45.00","NZD","1760806466","23477/2025-11-06/1760806466.json"
"365170","146153","2025-11-06","48.00","NZD","1760806466","23477/2025-11-06/1760806466.json"
"510807","146155","2025-11-06","52.00","NZD","1760806466","23477/2025-11-06/1760806466.json"
"581513","221281","2025-10-27","38.00","NZD","1760806466","23477/2025-10-27/1760806466.json"
"581514","221282","2025-10-27","38.00","NZD","1760806466","23477/2025-10-27/1760806466.json"
"512557","146154","2025-10-27","45.00","NZD","1760806466","23477/2025-10-27/1760806466.json"
"365170","146153","2025-10-27","48.00","NZD","1760806466","23477/2025-10-27/1760806466.json"
"510807","146155","2025-10-27","52.00","NZD","1760806466","23477/2025-10-27/1760806466.json"
"581513","221281","2025-11-08","36.00","NZD","1760806466","23477/2025-11-08/1760806466.json"
"581514","221282","2025-11-08","36.00","NZD","1760806466","23477/2025-11-08/1760806466.json"
"512557","146154","2025-11-08","45.00","NZD","1760806466","23477/2025-11-08/1760806466.json"
"365170","146153","2025-11-08","48.00","NZD","1760806466","23477/2025-11-08/1760806466.json"
"510807","146155","2025-11-08","52.00","NZD","1760806466","23477/2025-11-08/1760806466.json"
"581513","221281","2025-11-09","36.00","NZD","1760806466","23477/2025-11-09/1760806466.json"
"581514","221282","2025-11-09","36.00","NZD","1760806466","23477/2025-11-09/1760806466.json"
"512557","146154","2025-11-09","45.00","NZD","1760806466","23477/2025-11-09/1760806466.json"
"365170","146153","2025-11-09","48.00","NZD","1760806466","23477/2025-11-09/1760806466.json"
"510807","146155","2025-11-09","52.00","NZD","1760806466","23477/2025-11-09/1760806466.json"
"581513","221281","2025-11-07","36.00","NZD","1760806466","23477/2025-11-07/1760806466.json"
"581514","221282","2025-11-07","36.00","NZD","1760806466","23477/2025-11-07/1760806466.json"
"512557","146154","2025-11-07","45.00","NZD","1760806466","23477/2025-11-07/1760806466.json"
"365170","146153","2025-11-07","48.00","NZD","1760806466","23477/2025-11-07/1760806466.json"
"510807","146155","2025-11-07","52.00","NZD","1760806466","23477/2025-11-07/1760806466.json"
"581513","221281","2025-11-10","36.00","NZD","1760806466","23477/2025-11-10/1760806466.json"
"581514","221282","2025-11-10","36.00","NZD","1760806466","23477/2025-11-10/1760806466.json"
"512557","146154","2025-11-10","45.00","NZD","1760806466","23477/2025-11-10/1760806466.json"
"365170","146153","2025-11-10","48.00","NZD","1760806466","23477/2025-11-10/1760806466.json"
"510807","146155","2025-11-10","52.00","NZD","1760806466","23477/2025-11-10/1760806466.json"
"581513","221281","2025-11-12","36.00","NZD","1760806466","23477/2025-11-12/1760806466.json"
"581514","221282","2025-11-12","36.00","NZD","1760806466","23477/2025-11-12/1760806466.json"
"512557","146154","2025-11-12","45.00","NZD","1760806466","23477/2025-11-12/1760806466.json"
"365170","146153","2025-11-12","48.00","NZD","1760806466","23477/2025-11-12/1760806466.json"
"510807","146155","2025-11-12","52.00","NZD","1760806466","23477/2025-11-12/1760806466.json"
"581513","221281","2025-11-11","36.00","NZD","1760806466","23477/2025-11-11/1760806466.json"
"581514","221282","2025-11-11","36.00","NZD","1760806466","23477/2025-11-11/1760806466.json"
"512557","146154","2025-11-11","45.00","NZD","1760806466","23477/2025-11-11/1760806466.json"
"365170","146153","2025-11-11","48.00","NZD","1760806466","23477/2025-11-11/1760806466.json"
"510807","146155","2025-11-11","52.00","NZD","1760806466","23477/2025-11-11/1760806466.json"
"581513","221281","2025-11-13","36.00","NZD","1760806466","23477/2025-11-13/1760806466.json"
"581514","221282","2025-11-13","36.00","NZD","1760806466","23477/2025-11-13/1760806466.json"
"512557","146154","2025-11-13","45.00","NZD","1760806466","23477/2025-11-13/1760806466.json"
"365170","146153","2025-11-13","48.00","NZD","1760806466","23477/2025-11-13/1760806466.json"
"510807","146155","2025-11-13","52.00","NZD","1760806466","23477/2025-11-13/1760806466.json"
"581513","221281","2025-11-14","36.00","NZD","1760806466","23477/2025-11-14/1760806466.json"
"581514","221282","2025-11-14","36.00","NZD","1760806466","23477/2025-11-14/1760806466.json"
"512557","146154","2025-11-14","45.00","NZD","1760806466","23477/2025-11-14/1760806466.json"
"365170","146153","2025-11-14","48.00","NZD","1760806466","23477/2025-11-14/1760806466.json"
"510807","146155","2025-11-14","52.00","NZD","1760806466","23477/2025-11-14/1760806466.json"
"581513","221281","2025-11-15","36.00","NZD","1760806466","23477/2025-11-15/1760806466.json"
"581514","221282","2025-11-15","36.00","NZD","1760806466","23477/2025-11-15/1760806466.json"
"512557","146154","2025-11-15","45.00","NZD","1760806466","23477/2025-11-15/1760806466.json"
"365170","146153","2025-11-15","48.00","NZD","1760806466","23477/2025-11-15/1760806466.json"
"510807","146155","2025-11-15","52.00","NZD","1760806466","23477/2025-11-15/1760806466.json"
"581513","221281","2025-11-17","36.00","NZD","1760806466","23477/2025-11-17/1760806466.json"
"581514","221282","2025-11-17","36.00","NZD","1760806466","23477/2025-11-17/1760806466.json"
"512557","146154","2025-11-17","45.00","NZD","1760806466","23477/2025-11-17/1760806466.json"
"365170","146153","2025-11-17","48.00","NZD","1760806466","23477/2025-11-17/1760806466.json"
"510807","146155","2025-11-17","52.00","NZD","1760806466","23477/2025-11-17/1760806466.json"
"581513","221281","2025-11-18","36.00","NZD","1760806466","23477/2025-11-18/1760806466.json"
"581514","221282","2025-11-18","36.00","NZD","1760806466","23477/2025-11-18/1760806466.json"
"512557","146154","2025-11-18","45.00","NZD","1760806466","23477/2025-11-18/1760806466.json"
"365170","146153","2025-11-18","48.00","NZD","1760806466","23477/2025-11-18/1760806466.json"
"510807","146155","2025-11-18","52.00","NZD","1760806466","23477/2025-11-18/1760806466.json"
"581513","221281","2025-11-20","36.00","NZD","1760806466","23477/2025-11-20/1760806466.json"
"581514","221282","2025-11-20","36.00","NZD","1760806466","23477/2025-11-20/1760806466.json"
"512557","146154","2025-11-20","45.00","NZD","1760806466","23477/2025-11-20/1760806466.json"
"581513","221281","2025-11-21","36.00","NZD","1760806466","23477/2025-11-21/1760806466.json"
"581514","221282","2025-11-21","36.00","NZD","1760806466","23477/2025-11-21/1760806466.json"
"512557","146154","2025-11-21","45.00","NZD","1760806466","23477/2025-11-21/1760806466.json"
"365170","146153","2025-11-21","48.00","NZD","1760806466","23477/2025-11-21/1760806466.json"
"510807","146155","2025-11-21","52.00","NZD","1760806466","23477/2025-11-21/1760806466.json"
"581513","221281","2025-11-19","36.00","NZD","1760806466","23477/2025-11-19/1760806466.json"
"581514","221282","2025-11-19","36.00","NZD","1760806466","23477/2025-11-19/1760806466.json"
"512557","146154","2025-11-19","45.00","NZD","1760806466","23477/2025-11-19/1760806466.json"
"365170","146153","2025-11-19","48.00","NZD","1760806466","23477/2025-11-19/1760806466.json"
"510807","146155","2025-11-19","52.00","NZD","1760806466","23477/2025-11-19/1760806466.json"
"581513","221281","2025-11-16","36.00","NZD","1760806466","23477/2025-11-16/1760806466.json"
"581514","221282","2025-11-16","36.00","NZD","1760806466","23477/2025-11-16/1760806466.json"
"512557","146154","2025-11-16","45.00","NZD","1760806466","23477/2025-11-16/1760806466.json"
"365170","146153","2025-11-16","48.00","NZD","1760806466","23477/2025-11-16/1760806466.json"
"510807","146155","2025-11-16","52.00","NZD","1760806466","23477/2025-11-16/1760806466.json"
"581513","221281","2025-11-22","36.00","NZD","1760806466","23477/2025-11-22/1760806466.json"
"581514","221282","2025-11-22","36.00","NZD","1760806466","23477/2025-11-22/1760806466.json"
"512557","146154","2025-11-22","45.00","NZD","1760806466","23477/2025-11-22/1760806466.json"
"365170","146153","2025-11-22","48.00","NZD","1760806466","23477/2025-11-22/1760806466.json"
"510807","146155","2025-11-22","52.00","NZD","1760806466","23477/2025-11-22/1760806466.json"
"581513","221281","2025-11-24","36.00","NZD","1760806466","23477/2025-11-24/1760806466.json"
"581514","221282","2025-11-24","36.00","NZD","1760806466","23477/2025-11-24/1760806466.json"
"512557","146154","2025-11-24","45.00","NZD","1760806466","23477/2025-11-24/1760806466.json"
"365170","146153","2025-11-24","48.00","NZD","1760806466","23477/2025-11-24/1760806466.json"
"510807","146155","2025-11-24","52.00","NZD","1760806466","23477/2025-11-24/1760806466.json"
"581513","221281","2025-11-23","36.00","NZD","1760806466","23477/2025-11-23/1760806466.json"
"581514","221282","2025-11-23","36.00","NZD","1760806466","23477/2025-11-23/1760806466.json"
"512557","146154","2025-11-23","45.00","NZD","1760806466","23477/2025-11-23/1760806466.json"
"365170","146153","2025-11-23","48.00","NZD","1760806466","23477/2025-11-23/1760806466.json"
"510807","146155","2025-11-23","52.00","NZD","1760806466","23477/2025-11-23/1760806466.json"
"581513","221281","2025-11-25","36.00","NZD","1760806466","23477/2025-11-25/1760806466.json"
"581514","221282","2025-11-25","36.00","NZD","1760806466","23477/2025-11-25/1760806466.json"
"512557","146154","2025-11-25","45.00","NZD","1760806466","23477/2025-11-25/1760806466.json"
"365170","146153","2025-11-25","48.00","NZD","1760806466","23477/2025-11-25/1760806466.json"
"510807","146155","2025-11-25","52.00","NZD","1760806466","23477/2025-11-25/1760806466.json"
"581513","221281","2025-11-27","36.00","NZD","1760806466","23477/2025-11-27/1760806466.json"
"581514","221282","2025-11-27","36.00","NZD","1760806466","23477/2025-11-27/1760806466.json"
"512557","146154","2025-11-27","45.00","NZD","1760806466","23477/2025-11-27/1760806466.json"
"365170","146153","2025-11-27","48.00","NZD","1760806466","23477/2025-11-27/1760806466.json"
"510807","146155","2025-11-27","52.00","NZD","1760806466","23477/2025-11-27/1760806466.json"
"581513","221281","2025-11-26","36.00","NZD","1760806466","23477/2025-11-26/1760806466.json"
"581514","221282","2025-11-26","36.00","NZD","1760806466","23477/2025-11-26/1760806466.json"
"512557","146154","2025-11-26","45.00","NZD","1760806466","23477/2025-11-26/1760806466.json"
"365170","146153","2025-11-26","48.00","NZD","1760806466","23477/2025-11-26/1760806466.json"
"510807","146155","2025-11-26","52.00","NZD","1760806466","23477/2025-11-26/1760806466.json"
"581513","221281","2025-11-29","36.00","NZD","1760806466","23477/2025-11-29/1760806466.json"
"581514","221282","2025-11-29","36.00","NZD","1760806466","23477/2025-11-29/1760806466.json"
"512557","146154","2025-11-29","45.00","NZD","1760806466","23477/2025-11-29/1760806466.json"
"365170","146153","2025-11-29","48.00","NZD","1760806466","23477/2025-11-29/1760806466.json"
"510807","146155","2025-11-29","52.00","NZD","1760806466","23477/2025-11-29/1760806466.json"
"581513","221281","2025-11-28","36.00","NZD","1760806466","23477/2025-11-28/1760806466.json"
"581514","221282","2025-11-28","36.00","NZD","1760806466","23477/2025-11-28/1760806466.json"
"512557","146154","2025-11-28","45.00","NZD","1760806466","23477/2025-11-28/1760806466.json"
"365170","146153","2025-11-28","48.00","NZD","1760806466","23477/2025-11-28/1760806466.json"
"510807","146155","2025-11-28","52.00","NZD","1760806466","23477/2025-11-28/1760806466.json"
"581513","221281","2025-11-30","36.00","NZD","1760806466","23477/2025-11-30/1760806466.json"
"581514","221282","2025-11-30","36.00","NZD","1760806466","23477/2025-11-30/1760806466.json"
"512557","146154","2025-11-30","45.00","NZD","1760806466","23477/2025-11-30/1760806466.json"
"365170","146153","2025-11-30","48.00","NZD","1760806466","23477/2025-11-30/1760806466.json"
"510807","146155","2025-11-30","52.00","NZD","1760806466","23477/2025-11-30/1760806466.json"
"581513","221281","2025-12-02","36.00","NZD","1760806466","23477/2025-12-02/1760806466.json"
"581514","221282","2025-12-02","36.00","NZD","1760806466","23477/2025-12-02/1760806466.json"
"512557","146154","2025-12-02","45.00","NZD","1760806466","23477/2025-12-02/1760806466.json"
"365170","146153","2025-12-02","48.00","NZD","1760806466","23477/2025-12-02/1760806466.json"
"510807","146155","2025-12-02","52.00","NZD","1760806466","23477/2025-12-02/1760806466.json"
"581513","221281","2025-12-01","36.00","NZD","1760806466","23477/2025-12-01/1760806466.json"
"581514","221282","2025-12-01","36.00","NZD","1760806466","23477/2025-12-01/1760806466.json"
"512557","146154","2025-12-01","45.00","NZD","1760806466","23477/2025-12-01/1760806466.json"
"365170","146153","2025-12-01","48.00","NZD","1760806466","23477/2025-12-01/1760806466.json"
"510807","146155","2025-12-01","52.00","NZD","1760806466","23477/2025-12-01/1760806466.json"
"581513","221281","2025-12-03","36.00","NZD","1760806466","23477/2025-12-03/1760806466.json"
"581514","221282","2025-12-03","36.00","NZD","1760806466","23477/2025-12-03/1760806466.json"
"512557","146154","2025-12-03","45.00","NZD","1760806466","23477/2025-12-03/1760806466.json"
"365170","146153","2025-12-03","48.00","NZD","1760806466","23477/2025-12-03/1760806466.json"
"510807","146155","2025-12-03","52.00","NZD","1760806466","23477/2025-12-03/1760806466.json"
"581513","221281","2025-12-05","36.00","NZD","1760806466","23477/2025-12-05/1760806466.json"
"581514","221282","2025-12-05","36.00","NZD","1760806466","23477/2025-12-05/1760806466.json"
"512557","146154","2025-12-05","45.00","NZD","1760806466","23477/2025-12-05/1760806466.json"
"365170","146153","2025-12-05","48.00","NZD","1760806466","23477/2025-12-05/1760806466.json"
"510807","146155","2025-12-05","52.00","NZD","1760806466","23477/2025-12-05/1760806466.json"
"581513","221281","2025-12-04","36.00","NZD","1760806466","23477/2025-12-04/1760806466.json"
"581514","221282","2025-12-04","36.00","NZD","1760806466","23477/2025-12-04/1760806466.json"
"512557","146154","2025-12-04","45.00","NZD","1760806466","23477/2025-12-04/1760806466.json"
"365170","146153","2025-12-04","48.00","NZD","1760806466","23477/2025-12-04/1760806466.json"
"510807","146155","2025-12-04","52.00","NZD","1760806466","23477/2025-12-04/1760806466.json"
"581513","221281","2025-12-06","36.00","NZD","1760806466","23477/2025-12-06/1760806466.json"
"581514","221282","2025-12-06","36.00","NZD","1760806466","23477/2025-12-06/1760806466.json"
"512557","146154","2025-12-06","45.00","NZD","1760806466","23477/2025-12-06/1760806466.json"
"365170","146153","2025-12-06","48.00","NZD","1760806466","23477/2025-12-06/1760806466.json"
"510807","146155","2025-12-06","52.00","NZD","1760806466","23477/2025-12-06/1760806466.json"
"581513","221281","2025-12-07","36.00","NZD","1760806466","23477/2025-12-07/1760806466.json"
"581514","221282","2025-12-07","36.00","NZD","1760806466","23477/2025-12-07/1760806466.json"
"512557","146154","2025-12-07","45.00","NZD","1760806466","23477/2025-12-07/1760806466.json"
"365170","146153","2025-12-07","48.00","NZD","1760806466","23477/2025-12-07/1760806466.json"
"510807","146155","2025-12-07","52.00","NZD","1760806466","23477/2025-12-07/1760806466.json"
"581513","221281","2025-12-09","36.00","NZD","1760806466","23477/2025-12-09/1760806466.json"
"581514","221282","2025-12-09","36.00","NZD","1760806466","23477/2025-12-09/1760806466.json"
"512557","146154","2025-12-09","45.00","NZD","1760806466","23477/2025-12-09/1760806466.json"
"365170","146153","2025-12-09","48.00","NZD","1760806466","23477/2025-12-09/1760806466.json"
"510807","146155","2025-12-09","52.00","NZD","1760806466","23477/2025-12-09/1760806466.json"
"581513","221281","2025-12-08","36.00","NZD","1760806466","23477/2025-12-08/1760806466.json"
"581514","221282","2025-12-08","36.00","NZD","1760806466","23477/2025-12-08/1760806466.json"
"512557","146154","2025-12-08","45.00","NZD","1760806466","23477/2025-12-08/1760806466.json"
"365170","146153","2025-12-08","48.00","NZD","1760806466","23477/2025-12-08/1760806466.json"
"510807","146155","2025-12-08","52.00","NZD","1760806466","23477/2025-12-08/1760806466.json"
"581513","221281","2025-12-10","36.00","NZD","1760806466","23477/2025-12-10/1760806466.json"
"581514","221282","2025-12-10","36.00","NZD","1760806466","23477/2025-12-10/1760806466.json"
"512557","146154","2025-12-10","45.00","NZD","1760806466","23477/2025-12-10/1760806466.json"
"365170","146153","2025-12-10","48.00","NZD","1760806466","23477/2025-12-10/1760806466.json"
"510807","146155","2025-12-10","52.00","NZD","1760806466","23477/2025-12-10/1760806466.json"
"581513","221281","2025-12-11","36.00","NZD","1760806466","23477/2025-12-11/1760806466.json"
"581514","221282","2025-12-11","36.00","NZD","1760806466","23477/2025-12-11/1760806466.json"
"512557","146154","2025-12-11","45.00","NZD","1760806466","23477/2025-12-11/1760806466.json"
"365170","146153","2025-12-11","48.00","NZD","1760806466","23477/2025-12-11/1760806466.json"
"510807","146155","2025-12-11","52.00","NZD","1760806466","23477/2025-12-11/1760806466.json"
"581513","221281","2025-12-12","36.00","NZD","1760806466","23477/2025-12-12/1760806466.json"
"581514","221282","2025-12-12","36.00","NZD","1760806466","23477/2025-12-12/1760806466.json"
"512557","146154","2025-12-12","45.00","NZD","1760806466","23477/2025-12-12/1760806466.json"
"365170","146153","2025-12-12","48.00","NZD","1760806466","23477/2025-12-12/1760806466.json"
"510807","146155","2025-12-12","52.00","NZD","1760806466","23477/2025-12-12/1760806466.json"
"581513","221281","2025-12-13","36.00","NZD","1760806466","23477/2025-12-13/1760806466.json"
"581514","221282","2025-12-13","36.00","NZD","1760806466","23477/2025-12-13/1760806466.json"
"512557","146154","2025-12-13","45.00","NZD","1760806466","23477/2025-12-13/1760806466.json"
"365170","146153","2025-12-13","48.00","NZD","1760806466","23477/2025-12-13/1760806466.json"
"510807","146155","2025-12-13","52.00","NZD","1760806466","23477/2025-12-13/1760806466.json"
"581513","221281","2025-12-14","36.00","NZD","1760806466","23477/2025-12-14/1760806466.json"
"581514","221282","2025-12-14","36.00","NZD","1760806466","23477/2025-12-14/1760806466.json"
"512557","146154","2025-12-14","45.00","NZD","1760806466","23477/2025-12-14/1760806466.json"
"365170","146153","2025-12-14","48.00","NZD","1760806466","23477/2025-12-14/1760806466.json"
"510807","146155","2025-12-14","52.00","NZD","1760806466","23477/2025-12-14/1760806466.json"
"581513","221281","2025-12-15","36.00","NZD","1760806466","23477/2025-12-15/1760806466.json"
"581514","221282","2025-12-15","36.00","NZD","1760806466","23477/2025-12-15/1760806466.json"
"512557","146154","2025-12-15","45.00","NZD","1760806466","23477/2025-12-15/1760806466.json"
"365170","146153","2025-12-15","48.00","NZD","1760806466","23477/2025-12-15/1760806466.json"
"510807","146155","2025-12-15","52.00","NZD","1760806466","23477/2025-12-15/1760806466.json"
"581513","221281","2025-12-16","36.00","NZD","1760806466","23477/2025-12-16/1760806466.json"
"581514","221282","2025-12-16","36.00","NZD","1760806466","23477/2025-12-16/1760806466.json"
"512557","146154","2025-12-16","45.00","NZD","1760806466","23477/2025-12-16/1760806466.json"
"365170","146153","2025-12-16","48.00","NZD","1760806466","23477/2025-12-16/1760806466.json"
"510807","146155","2025-12-16","52.00","NZD","1760806466","23477/2025-12-16/1760806466.json"
"581513","221281","2025-12-17","36.00","NZD","1760806466","23477/2025-12-17/1760806466.json"
"581514","221282","2025-12-17","36.00","NZD","1760806466","23477/2025-12-17/1760806466.json"
"512557","146154","2025-12-17","45.00","NZD","1760806466","23477/2025-12-17/1760806466.json"
"365170","146153","2025-12-17","48.00","NZD","1760806466","23477/2025-12-17/1760806466.json"
"510807","146155","2025-12-17","52.00","NZD","1760806466","23477/2025-12-17/1760806466.json"
"581513","221281","2025-10-19","36.00","NZD","1760820559","23477/2025-10-19/1760820559.json"
"581514","221282","2025-10-19","36.00","NZD","1760820559","23477/2025-10-19/1760820559.json"
"512557","146154","2025-10-19","45.00","NZD","1760820559","23477/2025-10-19/1760820559.json"
"365170","146153","2025-10-19","48.00","NZD","1760820559","23477/2025-10-19/1760820559.json"
"510807","146155","2025-10-19","52.00","NZD","1760820559","23477/2025-10-19/1760820559.json"
"581513","221281","2025-10-21","36.00","NZD","1760820559","23477/2025-10-21/1760820559.json"
"581514","221282","2025-10-21","36.00","NZD","1760820559","23477/2025-10-21/1760820559.json"
"512557","146154","2025-10-21","45.00","NZD","1760820559","23477/2025-10-21/1760820559.json"
"365170","146153","2025-10-21","48.00","NZD","1760820559","23477/2025-10-21/1760820559.json"
"510807","146155","2025-10-21","52.00","NZD","1760820559","23477/2025-10-21/1760820559.json"
"581513","221281","2025-10-20","36.00","NZD","1760820559","23477/2025-10-20/1760820559.json"
"581514","221282","2025-10-20","36.00","NZD","1760820559","23477/2025-10-20/1760820559.json"
"512557","146154","2025-10-20","45.00","NZD","1760820559","23477/2025-10-20/1760820559.json"
"365170","146153","2025-10-20","48.00","NZD","1760820559","23477/2025-10-20/1760820559.json"
"510807","146155","2025-10-20","52.00","NZD","1760820559","23477/2025-10-20/1760820559.json"
"581513","221281","2025-10-22","36.00","NZD","1760820559","23477/2025-10-22/1760820559.json"
"581514","221282","2025-10-22","36.00","NZD","1760820559","23477/2025-10-22/1760820559.json"
"512557","146154","2025-10-22","45.00","NZD","1760820559","23477/2025-10-22/1760820559.json"
"365170","146153","2025-10-22","48.00","NZD","1760820559","23477/2025-10-22/1760820559.json"
"510807","146155","2025-10-22","52.00","NZD","1760820559","23477/2025-10-22/1760820559.json"
"581513","221281","2025-10-25","38.00","NZD","1760820559","23477/2025-10-25/1760820559.json"
"581514","221282","2025-10-25","38.00","NZD","1760820559","23477/2025-10-25/1760820559.json"
"512557","146154","2025-10-25","45.00","NZD","1760820559","23477/2025-10-25/1760820559.json"
"581513","221281","2025-10-24","36.00","NZD","1760820559","23477/2025-10-24/1760820559.json"
"581514","221282","2025-10-24","36.00","NZD","1760820559","23477/2025-10-24/1760820559.json"
"512557","146154","2025-10-24","45.00","NZD","1760820559","23477/2025-10-24/1760820559.json"
"365170","146153","2025-10-24","48.00","NZD","1760820559","23477/2025-10-24/1760820559.json"
"510807","146155","2025-10-24","52.00","NZD","1760820559","23477/2025-10-24/1760820559.json"
"581513","221281","2025-10-23","36.00","NZD","1760820559","23477/2025-10-23/1760820559.json"
"581514","221282","2025-10-23","36.00","NZD","1760820559","23477/2025-10-23/1760820559.json"
"512557","146154","2025-10-23","45.00","NZD","1760820559","23477/2025-10-23/1760820559.json"
"365170","146153","2025-10-23","48.00","NZD","1760820559","23477/2025-10-23/1760820559.json"
"510807","146155","2025-10-23","52.00","NZD","1760820559","23477/2025-10-23/1760820559.json"
"581513","221281","2025-10-26","38.00","NZD","1760820559","23477/2025-10-26/1760820559.json"
"581514","221282","2025-10-26","38.00","NZD","1760820559","23477/2025-10-26/1760820559.json"
"512557","146154","2025-10-26","45.00","NZD","1760820559","23477/2025-10-26/1760820559.json"
"581513","221281","2025-10-27","38.00","NZD","1760820559","23477/2025-10-27/1760820559.json"
"581514","221282","2025-10-27","38.00","NZD","1760820559","23477/2025-10-27/1760820559.json"
"512557","146154","2025-10-27","45.00","NZD","1760820559","23477/2025-10-27/1760820559.json"
"365170","146153","2025-10-27","48.00","NZD","1760820559","23477/2025-10-27/1760820559.json"
"510807","146155","2025-10-27","52.00","NZD","1760820559","23477/2025-10-27/1760820559.json"
"581513","221281","2025-10-28","36.00","NZD","1760820559","23477/2025-10-28/1760820559.json"
"581514","221282","2025-10-28","36.00","NZD","1760820559","23477/2025-10-28/1760820559.json"
"512557","146154","2025-10-28","45.00","NZD","1760820559","23477/2025-10-28/1760820559.json"
"365170","146153","2025-10-28","48.00","NZD","1760820559","23477/2025-10-28/1760820559.json"
"510807","146155","2025-10-28","52.00","NZD","1760820559","23477/2025-10-28/1760820559.json"
"581513","221281","2025-10-29","36.00","NZD","1760820559","23477/2025-10-29/1760820559.json"
"581514","221282","2025-10-29","36.00","NZD","1760820559","23477/2025-10-29/1760820559.json"
"512557","146154","2025-10-29","45.00","NZD","1760820559","23477/2025-10-29/1760820559.json"
"365170","146153","2025-10-29","48.00","NZD","1760820559","23477/2025-10-29/1760820559.json"
"510807","146155","2025-10-29","52.00","NZD","1760820559","23477/2025-10-29/1760820559.json"
"581513","221281","2025-10-30","36.00","NZD","1760820559","23477/2025-10-30/1760820559.json"
"581514","221282","2025-10-30","36.00","NZD","1760820559","23477/2025-10-30/1760820559.json"
"512557","146154","2025-10-30","45.00","NZD","1760820559","23477/2025-10-30/1760820559.json"
"365170","146153","2025-10-30","48.00","NZD","1760820559","23477/2025-10-30/1760820559.json"
"510807","146155","2025-10-30","52.00","NZD","1760820559","23477/2025-10-30/1760820559.json"
"581513","221281","2025-10-31","36.00","NZD","1760820559","23477/2025-10-31/1760820559.json"
"581514","221282","2025-10-31","36.00","NZD","1760820559","23477/2025-10-31/1760820559.json"
"512557","146154","2025-10-31","45.00","NZD","1760820559","23477/2025-10-31/1760820559.json"
"365170","146153","2025-10-31","48.00","NZD","1760820559","23477/2025-10-31/1760820559.json"
"510807","146155","2025-10-31","52.00","NZD","1760820559","23477/2025-10-31/1760820559.json"
"581513","221281","2025-11-01","36.00","NZD","1760820559","23477/2025-11-01/1760820559.json"
"581514","221282","2025-11-01","36.00","NZD","1760820559","23477/2025-11-01/1760820559.json"
"512557","146154","2025-11-01","45.00","NZD","1760820559","23477/2025-11-01/1760820559.json"
"365170","146153","2025-11-01","48.00","NZD","1760820559","23477/2025-11-01/1760820559.json"
"510807","146155","2025-11-01","52.00","NZD","1760820559","23477/2025-11-01/1760820559.json"
"581513","221281","2025-11-02","36.00","NZD","1760820559","23477/2025-11-02/1760820559.json"
"581514","221282","2025-11-02","36.00","NZD","1760820559","23477/2025-11-02/1760820559.json"
"512557","146154","2025-11-02","45.00","NZD","1760820559","23477/2025-11-02/1760820559.json"
"365170","146153","2025-11-02","48.00","NZD","1760820559","23477/2025-11-02/1760820559.json"
"510807","146155","2025-11-02","52.00","NZD","1760820559","23477/2025-11-02/1760820559.json"
"581513","221281","2025-11-03","36.00","NZD","1760820559","23477/2025-11-03/1760820559.json"
"581514","221282","2025-11-03","36.00","NZD","1760820559","23477/2025-11-03/1760820559.json"
"512557","146154","2025-11-03","45.00","NZD","1760820559","23477/2025-11-03/1760820559.json"
"365170","146153","2025-11-03","48.00","NZD","1760820559","23477/2025-11-03/1760820559.json"
"510807","146155","2025-11-03","52.00","NZD","1760820559","23477/2025-11-03/1760820559.json"
"581513","221281","2025-11-04","36.00","NZD","1760820559","23477/2025-11-04/1760820559.json"
"581514","221282","2025-11-04","36.00","NZD","1760820559","23477/2025-11-04/1760820559.json"
"512557","146154","2025-11-04","45.00","NZD","1760820559","23477/2025-11-04/1760820559.json"
"365170","146153","2025-11-04","48.00","NZD","1760820559","23477/2025-11-04/1760820559.json"
"510807","146155","2025-11-04","52.00","NZD","1760820559","23477/2025-11-04/1760820559.json"
"581513","221281","2025-11-05","36.00","NZD","1760820559","23477/2025-11-05/1760820559.json"
"581514","221282","2025-11-05","36.00","NZD","1760820559","23477/2025-11-05/1760820559.json"
"512557","146154","2025-11-05","45.00","NZD","1760820559","23477/2025-11-05/1760820559.json"
"365170","146153","2025-11-05","48.00","NZD","1760820559","23477/2025-11-05/1760820559.json"
"510807","146155","2025-11-05","52.00","NZD","1760820559","23477/2025-11-05/1760820559.json"
"581513","221281","2025-11-06","36.00","NZD","1760820559","23477/2025-11-06/1760820559.json"
"581514","221282","2025-11-06","36.00","NZD","1760820559","23477/2025-11-06/1760820559.json"
"512557","146154","2025-11-06","45.00","NZD","1760820559","23477/2025-11-06/1760820559.json"
"365170","146153","2025-11-06","48.00","NZD","1760820559","23477/2025-11-06/1760820559.json"
"510807","146155","2025-11-06","52.00","NZD","1760820559","23477/2025-11-06/1760820559.json"
"581513","221281","2025-11-07","36.00","NZD","1760820559","23477/2025-11-07/1760820559.json"
"581514","221282","2025-11-07","36.00","NZD","1760820559","23477/2025-11-07/1760820559.json"
"512557","146154","2025-11-07","45.00","NZD","1760820559","23477/2025-11-07/1760820559.json"
"365170","146153","2025-11-07","48.00","NZD","1760820559","23477/2025-11-07/1760820559.json"
"510807","146155","2025-11-07","52.00","NZD","1760820559","23477/2025-11-07/1760820559.json"
"581513","221281","2025-11-08","36.00","NZD","1760820559","23477/2025-11-08/1760820559.json"
"581514","221282","2025-11-08","36.00","NZD","1760820559","23477/2025-11-08/1760820559.json"
"512557","146154","2025-11-08","45.00","NZD","1760820559","23477/2025-11-08/1760820559.json"
"365170","146153","2025-11-08","48.00","NZD","1760820559","23477/2025-11-08/1760820559.json"
"510807","146155","2025-11-08","52.00","NZD","1760820559","23477/2025-11-08/1760820559.json"
"581513","221281","2025-11-09","36.00","NZD","1760820559","23477/2025-11-09/1760820559.json"
"581514","221282","2025-11-09","36.00","NZD","1760820559","23477/2025-11-09/1760820559.json"
"512557","146154","2025-11-09","45.00","NZD","1760820559","23477/2025-11-09/1760820559.json"
"365170","146153","2025-11-09","48.00","NZD","1760820559","23477/2025-11-09/1760820559.json"
"510807","146155","2025-11-09","52.00","NZD","1760820559","23477/2025-11-09/1760820559.json"
"581513","221281","2025-11-10","36.00","NZD","1760820559","23477/2025-11-10/1760820559.json"
"581514","221282","2025-11-10","36.00","NZD","1760820559","23477/2025-11-10/1760820559.json"
"512557","146154","2025-11-10","45.00","NZD","1760820559","23477/2025-11-10/1760820559.json"
"365170","146153","2025-11-10","48.00","NZD","1760820559","23477/2025-11-10/1760820559.json"
"510807","146155","2025-11-10","52.00","NZD","1760820559","23477/2025-11-10/1760820559.json"
"581513","221281","2025-11-11","36.00","NZD","1760820559","23477/2025-11-11/1760820559.json"
"581514","221282","2025-11-11","36.00","NZD","1760820559","23477/2025-11-11/1760820559.json"
"512557","146154","2025-11-11","45.00","NZD","1760820559","23477/2025-11-11/1760820559.json"
"365170","146153","2025-11-11","48.00","NZD","1760820559","23477/2025-11-11/1760820559.json"
"510807","146155","2025-11-11","52.00","NZD","1760820559","23477/2025-11-11/1760820559.json"
"581513","221281","2025-11-12","36.00","NZD","1760820559","23477/2025-11-12/1760820559.json"
"581514","221282","2025-11-12","36.00","NZD","1760820559","23477/2025-11-12/1760820559.json"
"512557","146154","2025-11-12","45.00","NZD","1760820559","23477/2025-11-12/1760820559.json"
"365170","146153","2025-11-12","48.00","NZD","1760820559","23477/2025-11-12/1760820559.json"
"510807","146155","2025-11-12","52.00","NZD","1760820559","23477/2025-11-12/1760820559.json"
"581513","221281","2025-11-13","36.00","NZD","1760820559","23477/2025-11-13/1760820559.json"
"581514","221282","2025-11-13","36.00","NZD","1760820559","23477/2025-11-13/1760820559.json"
"512557","146154","2025-11-13","45.00","NZD","1760820559","23477/2025-11-13/1760820559.json"
"365170","146153","2025-11-13","48.00","NZD","1760820559","23477/2025-11-13/1760820559.json"
"510807","146155","2025-11-13","52.00","NZD","1760820559","23477/2025-11-13/1760820559.json"
"581513","221281","2025-11-14","36.00","NZD","1760820559","23477/2025-11-14/1760820559.json"
"581514","221282","2025-11-14","36.00","NZD","1760820559","23477/2025-11-14/1760820559.json"
"512557","146154","2025-11-14","45.00","NZD","1760820559","23477/2025-11-14/1760820559.json"
"365170","146153","2025-11-14","48.00","NZD","1760820559","23477/2025-11-14/1760820559.json"
"510807","146155","2025-11-14","52.00","NZD","1760820559","23477/2025-11-14/1760820559.json"
"581513","221281","2025-11-15","36.00","NZD","1760820559","23477/2025-11-15/1760820559.json"
"581514","221282","2025-11-15","36.00","NZD","1760820559","23477/2025-11-15/1760820559.json"
"512557","146154","2025-11-15","45.00","NZD","1760820559","23477/2025-11-15/1760820559.json"
"365170","146153","2025-11-15","48.00","NZD","1760820559","23477/2025-11-15/1760820559.json"
"510807","146155","2025-11-15","52.00","NZD","1760820559","23477/2025-11-15/1760820559.json"
"581513","221281","2025-11-16","36.00","NZD","1760820559","23477/2025-11-16/1760820559.json"
"581514","221282","2025-11-16","36.00","NZD","1760820559","23477/2025-11-16/1760820559.json"
"512557","146154","2025-11-16","45.00","NZD","1760820559","23477/2025-11-16/1760820559.json"
"365170","146153","2025-11-16","48.00","NZD","1760820559","23477/2025-11-16/1760820559.json"
"510807","146155","2025-11-16","52.00","NZD","1760820559","23477/2025-11-16/1760820559.json"
"581513","221281","2025-11-17","36.00","NZD","1760820559","23477/2025-11-17/1760820559.json"
"581514","221282","2025-11-17","36.00","NZD","1760820559","23477/2025-11-17/1760820559.json"
"512557","146154","2025-11-17","45.00","NZD","1760820559","23477/2025-11-17/1760820559.json"
"365170","146153","2025-11-17","48.00","NZD","1760820559","23477/2025-11-17/1760820559.json"
"510807","146155","2025-11-17","52.00","NZD","1760820559","23477/2025-11-17/1760820559.json"
"581513","221281","2025-11-18","36.00","NZD","1760820559","23477/2025-11-18/1760820559.json"
"581514","221282","2025-11-18","36.00","NZD","1760820559","23477/2025-11-18/1760820559.json"
"512557","146154","2025-11-18","45.00","NZD","1760820559","23477/2025-11-18/1760820559.json"
"365170","146153","2025-11-18","48.00","NZD","1760820559","23477/2025-11-18/1760820559.json"
"510807","146155","2025-11-18","52.00","NZD","1760820559","23477/2025-11-18/1760820559.json"
"581513","221281","2025-11-19","36.00","NZD","1760820559","23477/2025-11-19/1760820559.json"
"581514","221282","2025-11-19","36.00","NZD","1760820559","23477/2025-11-19/1760820559.json"
"512557","146154","2025-11-19","45.00","NZD","1760820559","23477/2025-11-19/1760820559.json"
"365170","146153","2025-11-19","48.00","NZD","1760820559","23477/2025-11-19/1760820559.json"
"510807","146155","2025-11-19","52.00","NZD","1760820559","23477/2025-11-19/1760820559.json"
"581513","221281","2025-11-20","36.00","NZD","1760820559","23477/2025-11-20/1760820559.json"
"581514","221282","2025-11-20","36.00","NZD","1760820559","23477/2025-11-20/1760820559.json"
"512557","146154","2025-11-20","45.00","NZD","1760820559","23477/2025-11-20/1760820559.json"
"581513","221281","2025-11-22","36.00","NZD","1760820559","23477/2025-11-22/1760820559.json"
"581514","221282","2025-11-22","36.00","NZD","1760820559","23477/2025-11-22/1760820559.json"
"512557","146154","2025-11-22","45.00","NZD","1760820559","23477/2025-11-22/1760820559.json"
"365170","146153","2025-11-22","48.00","NZD","1760820559","23477/2025-11-22/1760820559.json"
"510807","146155","2025-11-22","52.00","NZD","1760820559","23477/2025-11-22/1760820559.json"
"581513","221281","2025-11-21","36.00","NZD","1760820559","23477/2025-11-21/1760820559.json"
"581514","221282","2025-11-21","36.00","NZD","1760820559","23477/2025-11-21/1760820559.json"
"512557","146154","2025-11-21","45.00","NZD","1760820559","23477/2025-11-21/1760820559.json"
"365170","146153","2025-11-21","48.00","NZD","1760820559","23477/2025-11-21/1760820559.json"
"510807","146155","2025-11-21","52.00","NZD","1760820559","23477/2025-11-21/1760820559.json"
"581513","221281","2025-11-23","36.00","NZD","1760820559","23477/2025-11-23/1760820559.json"
"581514","221282","2025-11-23","36.00","NZD","1760820559","23477/2025-11-23/1760820559.json"
"512557","146154","2025-11-23","45.00","NZD","1760820559","23477/2025-11-23/1760820559.json"
"365170","146153","2025-11-23","48.00","NZD","1760820559","23477/2025-11-23/1760820559.json"
"510807","146155","2025-11-23","52.00","NZD","1760820559","23477/2025-11-23/1760820559.json"
"581513","221281","2025-11-24","36.00","NZD","1760820559","23477/2025-11-24/1760820559.json"
"581514","221282","2025-11-24","36.00","NZD","1760820559","23477/2025-11-24/1760820559.json"
"512557","146154","2025-11-24","45.00","NZD","1760820559","23477/2025-11-24/1760820559.json"
"365170","146153","2025-11-24","48.00","NZD","1760820559","23477/2025-11-24/1760820559.json"
"510807","146155","2025-11-24","52.00","NZD","1760820559","23477/2025-11-24/1760820559.json"
"581513","221281","2025-11-25","36.00","NZD","1760820559","23477/2025-11-25/1760820559.json"
"581514","221282","2025-11-25","36.00","NZD","1760820559","23477/2025-11-25/1760820559.json"
"512557","146154","2025-11-25","45.00","NZD","1760820559","23477/2025-11-25/1760820559.json"
"365170","146153","2025-11-25","48.00","NZD","1760820559","23477/2025-11-25/1760820559.json"
"510807","146155","2025-11-25","52.00","NZD","1760820559","23477/2025-11-25/1760820559.json"
"581513","221281","2025-11-27","36.00","NZD","1760820559","23477/2025-11-27/1760820559.json"
"581514","221282","2025-11-27","36.00","NZD","1760820559","23477/2025-11-27/1760820559.json"
"512557","146154","2025-11-27","45.00","NZD","1760820559","23477/2025-11-27/1760820559.json"
"365170","146153","2025-11-27","48.00","NZD","1760820559","23477/2025-11-27/1760820559.json"
"510807","146155","2025-11-27","52.00","NZD","1760820559","23477/2025-11-27/1760820559.json"
"581513","221281","2025-11-26","36.00","NZD","1760820559","23477/2025-11-26/1760820559.json"
"581514","221282","2025-11-26","36.00","NZD","1760820559","23477/2025-11-26/1760820559.json"
"512557","146154","2025-11-26","45.00","NZD","1760820559","23477/2025-11-26/1760820559.json"
"365170","146153","2025-11-26","48.00","NZD","1760820559","23477/2025-11-26/1760820559.json"
"510807","146155","2025-11-26","52.00","NZD","1760820559","23477/2025-11-26/1760820559.json"
"581513","221281","2025-11-28","36.00","NZD","1760820559","23477/2025-11-28/1760820559.json"
"581514","221282","2025-11-28","36.00","NZD","1760820559","23477/2025-11-28/1760820559.json"
"512557","146154","2025-11-28","45.00","NZD","1760820559","23477/2025-11-28/1760820559.json"
"365170","146153","2025-11-28","48.00","NZD","1760820559","23477/2025-11-28/1760820559.json"
"510807","146155","2025-11-28","52.00","NZD","1760820559","23477/2025-11-28/1760820559.json"
"581513","221281","2025-11-29","36.00","NZD","1760820559","23477/2025-11-29/1760820559.json"
"581514","221282","2025-11-29","36.00","NZD","1760820559","23477/2025-11-29/1760820559.json"
"512557","146154","2025-11-29","45.00","NZD","1760820559","23477/2025-11-29/1760820559.json"
"365170","146153","2025-11-29","48.00","NZD","1760820559","23477/2025-11-29/1760820559.json"
"510807","146155","2025-11-29","52.00","NZD","1760820559","23477/2025-11-29/1760820559.json"
"581513","221281","2025-11-30","36.00","NZD","1760820559","23477/2025-11-30/1760820559.json"
"581513","221281","2025-12-01","36.00","NZD","1760820559","23477/2025-12-01/1760820559.json"
"581514","221282","2025-11-30","36.00","NZD","1760820559","23477/2025-11-30/1760820559.json"
"581514","221282","2025-12-01","36.00","NZD","1760820559","23477/2025-12-01/1760820559.json"
"512557","146154","2025-12-01","45.00","NZD","1760820559","23477/2025-12-01/1760820559.json"
"512557","146154","2025-11-30","45.00","NZD","1760820559","23477/2025-11-30/1760820559.json"
"365170","146153","2025-12-01","48.00","NZD","1760820559","23477/2025-12-01/1760820559.json"
"510807","146155","2025-12-01","52.00","NZD","1760820559","23477/2025-12-01/1760820559.json"
"365170","146153","2025-11-30","48.00","NZD","1760820559","23477/2025-11-30/1760820559.json"
"510807","146155","2025-11-30","52.00","NZD","1760820559","23477/2025-11-30/1760820559.json"
"581513","221281","2025-12-02","36.00","NZD","1760820559","23477/2025-12-02/1760820559.json"
"581514","221282","2025-12-02","36.00","NZD","1760820559","23477/2025-12-02/1760820559.json"
"512557","146154","2025-12-02","45.00","NZD","1760820559","23477/2025-12-02/1760820559.json"
"365170","146153","2025-12-02","48.00","NZD","1760820559","23477/2025-12-02/1760820559.json"
"510807","146155","2025-12-02","52.00","NZD","1760820559","23477/2025-12-02/1760820559.json"
"581513","221281","2025-12-03","36.00","NZD","1760820559","23477/2025-12-03/1760820559.json"
"581514","221282","2025-12-03","36.00","NZD","1760820559","23477/2025-12-03/1760820559.json"
"512557","146154","2025-12-03","45.00","NZD","1760820559","23477/2025-12-03/1760820559.json"
"365170","146153","2025-12-03","48.00","NZD","1760820559","23477/2025-12-03/1760820559.json"
"510807","146155","2025-12-03","52.00","NZD","1760820559","23477/2025-12-03/1760820559.json"
"581513","221281","2025-12-04","36.00","NZD","1760820559","23477/2025-12-04/1760820559.json"
"581514","221282","2025-12-04","36.00","NZD","1760820559","23477/2025-12-04/1760820559.json"
"512557","146154","2025-12-04","45.00","NZD","1760820559","23477/2025-12-04/1760820559.json"
"365170","146153","2025-12-04","48.00","NZD","1760820559","23477/2025-12-04/1760820559.json"
"510807","146155","2025-12-04","52.00","NZD","1760820559","23477/2025-12-04/1760820559.json"
"581513","221281","2025-12-05","36.00","NZD","1760820559","23477/2025-12-05/1760820559.json"
"581514","221282","2025-12-05","36.00","NZD","1760820559","23477/2025-12-05/1760820559.json"
"512557","146154","2025-12-05","45.00","NZD","1760820559","23477/2025-12-05/1760820559.json"
"365170","146153","2025-12-05","48.00","NZD","1760820559","23477/2025-12-05/1760820559.json"
"510807","146155","2025-12-05","52.00","NZD","1760820559","23477/2025-12-05/1760820559.json"
"581513","221281","2025-12-07","36.00","NZD","1760820559","23477/2025-12-07/1760820559.json"
"581514","221282","2025-12-07","36.00","NZD","1760820559","23477/2025-12-07/1760820559.json"
"512557","146154","2025-12-07","45.00","NZD","1760820559","23477/2025-12-07/1760820559.json"
"365170","146153","2025-12-07","48.00","NZD","1760820559","23477/2025-12-07/1760820559.json"
"510807","146155","2025-12-07","52.00","NZD","1760820559","23477/2025-12-07/1760820559.json"
"581513","221281","2025-12-06","36.00","NZD","1760820559","23477/2025-12-06/1760820559.json"
"581514","221282","2025-12-06","36.00","NZD","1760820559","23477/2025-12-06/1760820559.json"
"512557","146154","2025-12-06","45.00","NZD","1760820559","23477/2025-12-06/1760820559.json"
"365170","146153","2025-12-06","48.00","NZD","1760820559","23477/2025-12-06/1760820559.json"
"510807","146155","2025-12-06","52.00","NZD","1760820559","23477/2025-12-06/1760820559.json"
"581513","221281","2025-12-08","36.00","NZD","1760820559","23477/2025-12-08/1760820559.json"
"581514","221282","2025-12-08","36.00","NZD","1760820559","23477/2025-12-08/1760820559.json"
"512557","146154","2025-12-08","45.00","NZD","1760820559","23477/2025-12-08/1760820559.json"
"365170","146153","2025-12-08","48.00","NZD","1760820559","23477/2025-12-08/1760820559.json"
"510807","146155","2025-12-08","52.00","NZD","1760820559","23477/2025-12-08/1760820559.json"
"581513","221281","2025-12-09","36.00","NZD","1760820559","23477/2025-12-09/1760820559.json"
"581514","221282","2025-12-09","36.00","NZD","1760820559","23477/2025-12-09/1760820559.json"
"512557","146154","2025-12-09","45.00","NZD","1760820559","23477/2025-12-09/1760820559.json"
"365170","146153","2025-12-09","48.00","NZD","1760820559","23477/2025-12-09/1760820559.json"
"510807","146155","2025-12-09","52.00","NZD","1760820559","23477/2025-12-09/1760820559.json"
"581513","221281","2025-12-10","36.00","NZD","1760820559","23477/2025-12-10/1760820559.json"
"581514","221282","2025-12-10","36.00","NZD","1760820559","23477/2025-12-10/1760820559.json"
"512557","146154","2025-12-10","45.00","NZD","1760820559","23477/2025-12-10/1760820559.json"
"365170","146153","2025-12-10","48.00","NZD","1760820559","23477/2025-12-10/1760820559.json"
"510807","146155","2025-12-10","52.00","NZD","1760820559","23477/2025-12-10/1760820559.json"
"581513","221281","2025-12-11","36.00","NZD","1760820559","23477/2025-12-11/1760820559.json"
"581514","221282","2025-12-11","36.00","NZD","1760820559","23477/2025-12-11/1760820559.json"
"512557","146154","2025-12-11","45.00","NZD","1760820559","23477/2025-12-11/1760820559.json"
"365170","146153","2025-12-11","48.00","NZD","1760820559","23477/2025-12-11/1760820559.json"
"510807","146155","2025-12-11","52.00","NZD","1760820559","23477/2025-12-11/1760820559.json"
"581513","221281","2025-12-12","36.00","NZD","1760820559","23477/2025-12-12/1760820559.json"
"581514","221282","2025-12-12","36.00","NZD","1760820559","23477/2025-12-12/1760820559.json"
"512557","146154","2025-12-12","45.00","NZD","1760820559","23477/2025-12-12/1760820559.json"
"365170","146153","2025-12-12","48.00","NZD","1760820559","23477/2025-12-12/1760820559.json"
"510807","146155","2025-12-12","52.00","NZD","1760820559","23477/2025-12-12/1760820559.json"
"581513","221281","2025-12-13","36.00","NZD","1760820559","23477/2025-12-13/1760820559.json"
"581514","221282","2025-12-13","36.00","NZD","1760820559","23477/2025-12-13/1760820559.json"
"512557","146154","2025-12-13","45.00","NZD","1760820559","23477/2025-12-13/1760820559.json"
"365170","146153","2025-12-13","48.00","NZD","1760820559","23477/2025-12-13/1760820559.json"
"510807","146155","2025-12-13","52.00","NZD","1760820559","23477/2025-12-13/1760820559.json"
"581513","221281","2025-12-16","36.00","NZD","1760820559","23477/2025-12-16/1760820559.json"
"581514","221282","2025-12-16","36.00","NZD","1760820559","23477/2025-12-16/1760820559.json"
"512557","146154","2025-12-16","45.00","NZD","1760820559","23477/2025-12-16/1760820559.json"
"365170","146153","2025-12-16","48.00","NZD","1760820559","23477/2025-12-16/1760820559.json"
"510807","146155","2025-12-16","52.00","NZD","1760820559","23477/2025-12-16/1760820559.json"
"581513","221281","2025-12-15","36.00","NZD","1760820559","23477/2025-12-15/1760820559.json"
"581514","221282","2025-12-15","36.00","NZD","1760820559","23477/2025-12-15/1760820559.json"
"512557","146154","2025-12-15","45.00","NZD","1760820559","23477/2025-12-15/1760820559.json"
"365170","146153","2025-12-15","48.00","NZD","1760820559","23477/2025-12-15/1760820559.json"
"510807","146155","2025-12-15","52.00","NZD","1760820559","23477/2025-12-15/1760820559.json"
"581513","221281","2025-12-14","36.00","NZD","1760820559","23477/2025-12-14/1760820559.json"
"581514","221282","2025-12-14","36.00","NZD","1760820559","23477/2025-12-14/1760820559.json"
"512557","146154","2025-12-14","45.00","NZD","1760820559","23477/2025-12-14/1760820559.json"
"365170","146153","2025-12-14","48.00","NZD","1760820559","23477/2025-12-14/1760820559.json"
"510807","146155","2025-12-14","52.00","NZD","1760820559","23477/2025-12-14/1760820559.json"
"581513","221281","2025-12-17","36.00","NZD","1760820559","23477/2025-12-17/1760820559.json"
"581514","221282","2025-12-17","36.00","NZD","1760820559","23477/2025-12-17/1760820559.json"
"512557","146154","2025-12-17","45.00","NZD","1760820559","23477/2025-12-17/1760820559.json"
"365170","146153","2025-12-17","48.00","NZD","1760820559","23477/2025-12-17/1760820559.json"
"510807","146155","2025-12-17","52.00","NZD","1760820559","23477/2025-12-17/1760820559.json"
"581513","221281","2025-10-21","36.00","NZD","1760845792","23477/2025-10-21/1760845792.json"
"581514","221282","2025-10-21","36.00","NZD","1760845792","23477/2025-10-21/1760845792.json"
"512557","146154","2025-10-21","45.00","NZD","1760845792","23477/2025-10-21/1760845792.json"
"365170","146153","2025-10-21","48.00","NZD","1760845792","23477/2025-10-21/1760845792.json"
"510807","146155","2025-10-21","52.00","NZD","1760845792","23477/2025-10-21/1760845792.json"
"581513","221281","2025-10-22","36.00","NZD","1760845792","23477/2025-10-22/1760845792.json"
"581514","221282","2025-10-22","36.00","NZD","1760845792","23477/2025-10-22/1760845792.json"
"512557","146154","2025-10-22","45.00","NZD","1760845792","23477/2025-10-22/1760845792.json"
"365170","146153","2025-10-22","48.00","NZD","1760845792","23477/2025-10-22/1760845792.json"
"510807","146155","2025-10-22","52.00","NZD","1760845792","23477/2025-10-22/1760845792.json"
"581513","221281","2025-10-19","36.00","NZD","1760845792","23477/2025-10-19/1760845792.json"
"581514","221282","2025-10-19","36.00","NZD","1760845792","23477/2025-10-19/1760845792.json"
"512557","146154","2025-10-19","45.00","NZD","1760845792","23477/2025-10-19/1760845792.json"
"365170","146153","2025-10-19","48.00","NZD","1760845792","23477/2025-10-19/1760845792.json"
"510807","146155","2025-10-19","52.00","NZD","1760845792","23477/2025-10-19/1760845792.json"
"581513","221281","2025-10-20","36.00","NZD","1760845792","23477/2025-10-20/1760845792.json"
"581514","221282","2025-10-20","36.00","NZD","1760845792","23477/2025-10-20/1760845792.json"
"512557","146154","2025-10-20","45.00","NZD","1760845792","23477/2025-10-20/1760845792.json"
"365170","146153","2025-10-20","48.00","NZD","1760845792","23477/2025-10-20/1760845792.json"
"510807","146155","2025-10-20","52.00","NZD","1760845792","23477/2025-10-20/1760845792.json"
"581513","221281","2025-10-23","36.00","NZD","1760845792","23477/2025-10-23/1760845792.json"
"581514","221282","2025-10-23","36.00","NZD","1760845792","23477/2025-10-23/1760845792.json"
"512557","146154","2025-10-23","45.00","NZD","1760845792","23477/2025-10-23/1760845792.json"
"365170","146153","2025-10-23","48.00","NZD","1760845792","23477/2025-10-23/1760845792.json"
"510807","146155","2025-10-23","52.00","NZD","1760845792","23477/2025-10-23/1760845792.json"
"581513","221281","2025-10-24","36.00","NZD","1760845792","23477/2025-10-24/1760845792.json"
"581514","221282","2025-10-24","36.00","NZD","1760845792","23477/2025-10-24/1760845792.json"
"512557","146154","2025-10-24","45.00","NZD","1760845792","23477/2025-10-24/1760845792.json"
"365170","146153","2025-10-24","48.00","NZD","1760845792","23477/2025-10-24/1760845792.json"
"510807","146155","2025-10-24","52.00","NZD","1760845792","23477/2025-10-24/1760845792.json"
"581513","221281","2025-10-26","38.00","NZD","1760845792","23477/2025-10-26/1760845792.json"
"581514","221282","2025-10-26","38.00","NZD","1760845792","23477/2025-10-26/1760845792.json"
"512557","146154","2025-10-26","45.00","NZD","1760845792","23477/2025-10-26/1760845792.json"
"581513","221281","2025-10-25","38.00","NZD","1760845792","23477/2025-10-25/1760845792.json"
"581514","221282","2025-10-25","38.00","NZD","1760845792","23477/2025-10-25/1760845792.json"
"512557","146154","2025-10-25","45.00","NZD","1760845792","23477/2025-10-25/1760845792.json"
"581513","221281","2025-10-27","38.00","NZD","1760845792","23477/2025-10-27/1760845792.json"
"581514","221282","2025-10-27","38.00","NZD","1760845792","23477/2025-10-27/1760845792.json"
"512557","146154","2025-10-27","45.00","NZD","1760845792","23477/2025-10-27/1760845792.json"
"365170","146153","2025-10-27","48.00","NZD","1760845792","23477/2025-10-27/1760845792.json"
"510807","146155","2025-10-27","52.00","NZD","1760845792","23477/2025-10-27/1760845792.json"
"581513","221281","2025-10-30","36.00","NZD","1760845792","23477/2025-10-30/1760845792.json"
"581514","221282","2025-10-30","36.00","NZD","1760845792","23477/2025-10-30/1760845792.json"
"512557","146154","2025-10-30","45.00","NZD","1760845792","23477/2025-10-30/1760845792.json"
"365170","146153","2025-10-30","48.00","NZD","1760845792","23477/2025-10-30/1760845792.json"
"510807","146155","2025-10-30","52.00","NZD","1760845792","23477/2025-10-30/1760845792.json"
"581513","221281","2025-10-28","36.00","NZD","1760845792","23477/2025-10-28/1760845792.json"
"581514","221282","2025-10-28","36.00","NZD","1760845792","23477/2025-10-28/1760845792.json"
"512557","146154","2025-10-28","45.00","NZD","1760845792","23477/2025-10-28/1760845792.json"
"365170","146153","2025-10-28","48.00","NZD","1760845792","23477/2025-10-28/1760845792.json"
"510807","146155","2025-10-28","52.00","NZD","1760845792","23477/2025-10-28/1760845792.json"
"581513","221281","2025-10-29","36.00","NZD","1760845792","23477/2025-10-29/1760845792.json"
"581514","221282","2025-10-29","36.00","NZD","1760845792","23477/2025-10-29/1760845792.json"
"512557","146154","2025-10-29","45.00","NZD","1760845792","23477/2025-10-29/1760845792.json"
"365170","146153","2025-10-29","48.00","NZD","1760845792","23477/2025-10-29/1760845792.json"
"510807","146155","2025-10-29","52.00","NZD","1760845792","23477/2025-10-29/1760845792.json"
"581513","221281","2025-10-31","36.00","NZD","1760845792","23477/2025-10-31/1760845792.json"
"581514","221282","2025-10-31","36.00","NZD","1760845792","23477/2025-10-31/1760845792.json"
"512557","146154","2025-10-31","45.00","NZD","1760845792","23477/2025-10-31/1760845792.json"
"365170","146153","2025-10-31","48.00","NZD","1760845792","23477/2025-10-31/1760845792.json"
"510807","146155","2025-10-31","52.00","NZD","1760845792","23477/2025-10-31/1760845792.json"
"581513","221281","2025-11-01","36.00","NZD","1760845792","23477/2025-11-01/1760845792.json"
"581514","221282","2025-11-01","36.00","NZD","1760845792","23477/2025-11-01/1760845792.json"
"512557","146154","2025-11-01","45.00","NZD","1760845792","23477/2025-11-01/1760845792.json"
"365170","146153","2025-11-01","48.00","NZD","1760845792","23477/2025-11-01/1760845792.json"
"510807","146155","2025-11-01","52.00","NZD","1760845792","23477/2025-11-01/1760845792.json"
"581513","221281","2025-11-02","36.00","NZD","1760845792","23477/2025-11-02/1760845792.json"
"581514","221282","2025-11-02","36.00","NZD","1760845792","23477/2025-11-02/1760845792.json"
"512557","146154","2025-11-02","45.00","NZD","1760845792","23477/2025-11-02/1760845792.json"
"365170","146153","2025-11-02","48.00","NZD","1760845792","23477/2025-11-02/1760845792.json"
"510807","146155","2025-11-02","52.00","NZD","1760845792","23477/2025-11-02/1760845792.json"
"581513","221281","2025-11-03","36.00","NZD","1760845792","23477/2025-11-03/1760845792.json"
"581514","221282","2025-11-03","36.00","NZD","1760845792","23477/2025-11-03/1760845792.json"
"512557","146154","2025-11-03","45.00","NZD","1760845792","23477/2025-11-03/1760845792.json"
"365170","146153","2025-11-03","48.00","NZD","1760845792","23477/2025-11-03/1760845792.json"
"510807","146155","2025-11-03","52.00","NZD","1760845792","23477/2025-11-03/1760845792.json"
"581513","221281","2025-11-04","36.00","NZD","1760845792","23477/2025-11-04/1760845792.json"
"581514","221282","2025-11-04","36.00","NZD","1760845792","23477/2025-11-04/1760845792.json"
"512557","146154","2025-11-04","45.00","NZD","1760845792","23477/2025-11-04/1760845792.json"
"365170","146153","2025-11-04","48.00","NZD","1760845792","23477/2025-11-04/1760845792.json"
"510807","146155","2025-11-04","52.00","NZD","1760845792","23477/2025-11-04/1760845792.json"
"581513","221281","2025-11-06","36.00","NZD","1760845792","23477/2025-11-06/1760845792.json"
"581514","221282","2025-11-06","36.00","NZD","1760845792","23477/2025-11-06/1760845792.json"
"512557","146154","2025-11-06","45.00","NZD","1760845792","23477/2025-11-06/1760845792.json"
"365170","146153","2025-11-06","48.00","NZD","1760845792","23477/2025-11-06/1760845792.json"
"510807","146155","2025-11-06","52.00","NZD","1760845792","23477/2025-11-06/1760845792.json"
"581513","221281","2025-11-07","36.00","NZD","1760845792","23477/2025-11-07/1760845792.json"
"581514","221282","2025-11-07","36.00","NZD","1760845792","23477/2025-11-07/1760845792.json"
"512557","146154","2025-11-07","45.00","NZD","1760845792","23477/2025-11-07/1760845792.json"
"365170","146153","2025-11-07","48.00","NZD","1760845792","23477/2025-11-07/1760845792.json"
"510807","146155","2025-11-07","52.00","NZD","1760845792","23477/2025-11-07/1760845792.json"
"581513","221281","2025-11-05","36.00","NZD","1760845792","23477/2025-11-05/1760845792.json"
"581514","221282","2025-11-05","36.00","NZD","1760845792","23477/2025-11-05/1760845792.json"
"512557","146154","2025-11-05","45.00","NZD","1760845792","23477/2025-11-05/1760845792.json"
"365170","146153","2025-11-05","48.00","NZD","1760845792","23477/2025-11-05/1760845792.json"
"510807","146155","2025-11-05","52.00","NZD","1760845792","23477/2025-11-05/1760845792.json"
"581513","221281","2025-11-08","36.00","NZD","1760845792","23477/2025-11-08/1760845792.json"
"581514","221282","2025-11-08","36.00","NZD","1760845792","23477/2025-11-08/1760845792.json"
"512557","146154","2025-11-08","45.00","NZD","1760845792","23477/2025-11-08/1760845792.json"
"365170","146153","2025-11-08","48.00","NZD","1760845792","23477/2025-11-08/1760845792.json"
"510807","146155","2025-11-08","52.00","NZD","1760845792","23477/2025-11-08/1760845792.json"
"581513","221281","2025-11-09","36.00","NZD","1760845792","23477/2025-11-09/1760845792.json"
"581514","221282","2025-11-09","36.00","NZD","1760845792","23477/2025-11-09/1760845792.json"
"512557","146154","2025-11-09","45.00","NZD","1760845792","23477/2025-11-09/1760845792.json"
"365170","146153","2025-11-09","48.00","NZD","1760845792","23477/2025-11-09/1760845792.json"
"510807","146155","2025-11-09","52.00","NZD","1760845792","23477/2025-11-09/1760845792.json"
"581513","221281","2025-11-10","36.00","NZD","1760845792","23477/2025-11-10/1760845792.json"
"581514","221282","2025-11-10","36.00","NZD","1760845792","23477/2025-11-10/1760845792.json"
"512557","146154","2025-11-10","45.00","NZD","1760845792","23477/2025-11-10/1760845792.json"
"365170","146153","2025-11-10","48.00","NZD","1760845792","23477/2025-11-10/1760845792.json"
"510807","146155","2025-11-10","52.00","NZD","1760845792","23477/2025-11-10/1760845792.json"
"581513","221281","2025-11-11","36.00","NZD","1760845792","23477/2025-11-11/1760845792.json"
"581514","221282","2025-11-11","36.00","NZD","1760845792","23477/2025-11-11/1760845792.json"
"512557","146154","2025-11-11","45.00","NZD","1760845792","23477/2025-11-11/1760845792.json"
"365170","146153","2025-11-11","48.00","NZD","1760845792","23477/2025-11-11/1760845792.json"
"510807","146155","2025-11-11","52.00","NZD","1760845792","23477/2025-11-11/1760845792.json"
"581513","221281","2025-11-12","36.00","NZD","1760845792","23477/2025-11-12/1760845792.json"
"581514","221282","2025-11-12","36.00","NZD","1760845792","23477/2025-11-12/1760845792.json"
"512557","146154","2025-11-12","45.00","NZD","1760845792","23477/2025-11-12/1760845792.json"
"365170","146153","2025-11-12","48.00","NZD","1760845792","23477/2025-11-12/1760845792.json"
"510807","146155","2025-11-12","52.00","NZD","1760845792","23477/2025-11-12/1760845792.json"
"581513","221281","2025-11-15","36.00","NZD","1760845792","23477/2025-11-15/1760845792.json"
"581514","221282","2025-11-15","36.00","NZD","1760845792","23477/2025-11-15/1760845792.json"
"512557","146154","2025-11-15","45.00","NZD","1760845792","23477/2025-11-15/1760845792.json"
"365170","146153","2025-11-15","48.00","NZD","1760845792","23477/2025-11-15/1760845792.json"
"510807","146155","2025-11-15","52.00","NZD","1760845792","23477/2025-11-15/1760845792.json"
"581513","221281","2025-11-13","36.00","NZD","1760845792","23477/2025-11-13/1760845792.json"
"581514","221282","2025-11-13","36.00","NZD","1760845792","23477/2025-11-13/1760845792.json"
"512557","146154","2025-11-13","45.00","NZD","1760845792","23477/2025-11-13/1760845792.json"
"365170","146153","2025-11-13","48.00","NZD","1760845792","23477/2025-11-13/1760845792.json"
"510807","146155","2025-11-13","52.00","NZD","1760845792","23477/2025-11-13/1760845792.json"
"581513","221281","2025-11-16","36.00","NZD","1760845792","23477/2025-11-16/1760845792.json"
"581514","221282","2025-11-16","36.00","NZD","1760845792","23477/2025-11-16/1760845792.json"
"512557","146154","2025-11-16","45.00","NZD","1760845792","23477/2025-11-16/1760845792.json"
"365170","146153","2025-11-16","48.00","NZD","1760845792","23477/2025-11-16/1760845792.json"
"510807","146155","2025-11-16","52.00","NZD","1760845792","23477/2025-11-16/1760845792.json"
"581513","221281","2025-11-17","36.00","NZD","1760845792","23477/2025-11-17/1760845792.json"
"581514","221282","2025-11-17","36.00","NZD","1760845792","23477/2025-11-17/1760845792.json"
"512557","146154","2025-11-17","45.00","NZD","1760845792","23477/2025-11-17/1760845792.json"
"365170","146153","2025-11-17","48.00","NZD","1760845792","23477/2025-11-17/1760845792.json"
"510807","146155","2025-11-17","52.00","NZD","1760845792","23477/2025-11-17/1760845792.json"
"581513","221281","2025-11-18","36.00","NZD","1760845792","23477/2025-11-18/1760845792.json"
"581514","221282","2025-11-18","36.00","NZD","1760845792","23477/2025-11-18/1760845792.json"
"512557","146154","2025-11-18","45.00","NZD","1760845792","23477/2025-11-18/1760845792.json"
"365170","146153","2025-11-18","48.00","NZD","1760845792","23477/2025-11-18/1760845792.json"
"510807","146155","2025-11-18","52.00","NZD","1760845792","23477/2025-11-18/1760845792.json"
"581513","221281","2025-11-14","36.00","NZD","1760845792","23477/2025-11-14/1760845792.json"
"581514","221282","2025-11-14","36.00","NZD","1760845792","23477/2025-11-14/1760845792.json"
"512557","146154","2025-11-14","45.00","NZD","1760845792","23477/2025-11-14/1760845792.json"
"365170","146153","2025-11-14","48.00","NZD","1760845792","23477/2025-11-14/1760845792.json"
"510807","146155","2025-11-14","52.00","NZD","1760845792","23477/2025-11-14/1760845792.json"
"581513","221281","2025-11-19","36.00","NZD","1760845792","23477/2025-11-19/1760845792.json"
"581514","221282","2025-11-19","36.00","NZD","1760845792","23477/2025-11-19/1760845792.json"
"512557","146154","2025-11-19","45.00","NZD","1760845792","23477/2025-11-19/1760845792.json"
"365170","146153","2025-11-19","48.00","NZD","1760845792","23477/2025-11-19/1760845792.json"
"510807","146155","2025-11-19","52.00","NZD","1760845792","23477/2025-11-19/1760845792.json"
"581513","221281","2025-11-20","36.00","NZD","1760845792","23477/2025-11-20/1760845792.json"
"581514","221282","2025-11-20","36.00","NZD","1760845792","23477/2025-11-20/1760845792.json"
"512557","146154","2025-11-20","45.00","NZD","1760845792","23477/2025-11-20/1760845792.json"
"581513","221281","2025-11-22","36.00","NZD","1760845792","23477/2025-11-22/1760845792.json"
"581514","221282","2025-11-22","36.00","NZD","1760845792","23477/2025-11-22/1760845792.json"
"512557","146154","2025-11-22","45.00","NZD","1760845792","23477/2025-11-22/1760845792.json"
"365170","146153","2025-11-22","48.00","NZD","1760845792","23477/2025-11-22/1760845792.json"
"510807","146155","2025-11-22","52.00","NZD","1760845792","23477/2025-11-22/1760845792.json"
"581513","221281","2025-11-23","36.00","NZD","1760845792","23477/2025-11-23/1760845792.json"
"581514","221282","2025-11-23","36.00","NZD","1760845792","23477/2025-11-23/1760845792.json"
"512557","146154","2025-11-23","45.00","NZD","1760845792","23477/2025-11-23/1760845792.json"
"365170","146153","2025-11-23","48.00","NZD","1760845792","23477/2025-11-23/1760845792.json"
"510807","146155","2025-11-23","52.00","NZD","1760845792","23477/2025-11-23/1760845792.json"
"581513","221281","2025-11-21","36.00","NZD","1760845792","23477/2025-11-21/1760845792.json"
"581514","221282","2025-11-21","36.00","NZD","1760845792","23477/2025-11-21/1760845792.json"
"512557","146154","2025-11-21","45.00","NZD","1760845792","23477/2025-11-21/1760845792.json"
"365170","146153","2025-11-21","48.00","NZD","1760845792","23477/2025-11-21/1760845792.json"
"510807","146155","2025-11-21","52.00","NZD","1760845792","23477/2025-11-21/1760845792.json"
"581513","221281","2025-11-24","36.00","NZD","1760845792","23477/2025-11-24/1760845792.json"
"581514","221282","2025-11-24","36.00","NZD","1760845792","23477/2025-11-24/1760845792.json"
"512557","146154","2025-11-24","45.00","NZD","1760845792","23477/2025-11-24/1760845792.json"
"365170","146153","2025-11-24","48.00","NZD","1760845792","23477/2025-11-24/1760845792.json"
"510807","146155","2025-11-24","52.00","NZD","1760845792","23477/2025-11-24/1760845792.json"
"581513","221281","2025-11-25","36.00","NZD","1760845792","23477/2025-11-25/1760845792.json"
"581514","221282","2025-11-25","36.00","NZD","1760845792","23477/2025-11-25/1760845792.json"
"512557","146154","2025-11-25","45.00","NZD","1760845792","23477/2025-11-25/1760845792.json"
"365170","146153","2025-11-25","48.00","NZD","1760845792","23477/2025-11-25/1760845792.json"
"510807","146155","2025-11-25","52.00","NZD","1760845792","23477/2025-11-25/1760845792.json"
"581513","221281","2025-11-27","36.00","NZD","1760845792","23477/2025-11-27/1760845792.json"
"581514","221282","2025-11-27","36.00","NZD","1760845792","23477/2025-11-27/1760845792.json"
"512557","146154","2025-11-27","45.00","NZD","1760845792","23477/2025-11-27/1760845792.json"
"365170","146153","2025-11-27","48.00","NZD","1760845792","23477/2025-11-27/1760845792.json"
"510807","146155","2025-11-27","52.00","NZD","1760845792","23477/2025-11-27/1760845792.json"
"581513","221281","2025-11-28","36.00","NZD","1760845792","23477/2025-11-28/1760845792.json"
"581514","221282","2025-11-28","36.00","NZD","1760845792","23477/2025-11-28/1760845792.json"
"512557","146154","2025-11-28","45.00","NZD","1760845792","23477/2025-11-28/1760845792.json"
"365170","146153","2025-11-28","48.00","NZD","1760845792","23477/2025-11-28/1760845792.json"
"510807","146155","2025-11-28","52.00","NZD","1760845792","23477/2025-11-28/1760845792.json"
"581513","221281","2025-11-26","36.00","NZD","1760845792","23477/2025-11-26/1760845792.json"
"581514","221282","2025-11-26","36.00","NZD","1760845792","23477/2025-11-26/1760845792.json"
"512557","146154","2025-11-26","45.00","NZD","1760845792","23477/2025-11-26/1760845792.json"
"365170","146153","2025-11-26","48.00","NZD","1760845792","23477/2025-11-26/1760845792.json"
"510807","146155","2025-11-26","52.00","NZD","1760845792","23477/2025-11-26/1760845792.json"
"581513","221281","2025-11-29","36.00","NZD","1760845792","23477/2025-11-29/1760845792.json"
"581514","221282","2025-11-29","36.00","NZD","1760845792","23477/2025-11-29/1760845792.json"
"512557","146154","2025-11-29","45.00","NZD","1760845792","23477/2025-11-29/1760845792.json"
"365170","146153","2025-11-29","48.00","NZD","1760845792","23477/2025-11-29/1760845792.json"
"510807","146155","2025-11-29","52.00","NZD","1760845792","23477/2025-11-29/1760845792.json"
"581513","221281","2025-11-30","36.00","NZD","1760845792","23477/2025-11-30/1760845792.json"
"581514","221282","2025-11-30","36.00","NZD","1760845792","23477/2025-11-30/1760845792.json"
"512557","146154","2025-11-30","45.00","NZD","1760845792","23477/2025-11-30/1760845792.json"
"365170","146153","2025-11-30","48.00","NZD","1760845792","23477/2025-11-30/1760845792.json"
"510807","146155","2025-11-30","52.00","NZD","1760845792","23477/2025-11-30/1760845792.json"
"581513","221281","2025-12-01","36.00","NZD","1760845792","23477/2025-12-01/1760845792.json"
"581514","221282","2025-12-01","36.00","NZD","1760845792","23477/2025-12-01/1760845792.json"
"512557","146154","2025-12-01","45.00","NZD","1760845792","23477/2025-12-01/1760845792.json"
"365170","146153","2025-12-01","48.00","NZD","1760845792","23477/2025-12-01/1760845792.json"
"510807","146155","2025-12-01","52.00","NZD","1760845792","23477/2025-12-01/1760845792.json"
"581513","221281","2025-12-03","36.00","NZD","1760845792","23477/2025-12-03/1760845792.json"
"581514","221282","2025-12-03","36.00","NZD","1760845792","23477/2025-12-03/1760845792.json"
"512557","146154","2025-12-03","45.00","NZD","1760845792","23477/2025-12-03/1760845792.json"
"365170","146153","2025-12-03","48.00","NZD","1760845792","23477/2025-12-03/1760845792.json"
"510807","146155","2025-12-03","52.00","NZD","1760845792","23477/2025-12-03/1760845792.json"
"581513","221281","2025-12-02","36.00","NZD","1760845792","23477/2025-12-02/1760845792.json"
"581514","221282","2025-12-02","36.00","NZD","1760845792","23477/2025-12-02/1760845792.json"
"512557","146154","2025-12-02","45.00","NZD","1760845792","23477/2025-12-02/1760845792.json"
"365170","146153","2025-12-02","48.00","NZD","1760845792","23477/2025-12-02/1760845792.json"
"510807","146155","2025-12-02","52.00","NZD","1760845792","23477/2025-12-02/1760845792.json"
"581513","221281","2025-12-04","36.00","NZD","1760845792","23477/2025-12-04/1760845792.json"
"581514","221282","2025-12-04","36.00","NZD","1760845792","23477/2025-12-04/1760845792.json"
"512557","146154","2025-12-04","45.00","NZD","1760845792","23477/2025-12-04/1760845792.json"
"365170","146153","2025-12-04","48.00","NZD","1760845792","23477/2025-12-04/1760845792.json"
"510807","146155","2025-12-04","52.00","NZD","1760845792","23477/2025-12-04/1760845792.json"
"581513","221281","2025-12-05","36.00","NZD","1760845792","23477/2025-12-05/1760845792.json"
"581514","221282","2025-12-05","36.00","NZD","1760845792","23477/2025-12-05/1760845792.json"
"512557","146154","2025-12-05","45.00","NZD","1760845792","23477/2025-12-05/1760845792.json"
"365170","146153","2025-12-05","48.00","NZD","1760845792","23477/2025-12-05/1760845792.json"
"510807","146155","2025-12-05","52.00","NZD","1760845792","23477/2025-12-05/1760845792.json"
"581513","221281","2025-12-06","36.00","NZD","1760845792","23477/2025-12-06/1760845792.json"
"581514","221282","2025-12-06","36.00","NZD","1760845792","23477/2025-12-06/1760845792.json"
"512557","146154","2025-12-06","45.00","NZD","1760845792","23477/2025-12-06/1760845792.json"
"365170","146153","2025-12-06","48.00","NZD","1760845792","23477/2025-12-06/1760845792.json"
"510807","146155","2025-12-06","52.00","NZD","1760845792","23477/2025-12-06/1760845792.json"
"581513","221281","2025-12-07","36.00","NZD","1760845792","23477/2025-12-07/1760845792.json"
"581514","221282","2025-12-07","36.00","NZD","1760845792","23477/2025-12-07/1760845792.json"
"512557","146154","2025-12-07","45.00","NZD","1760845792","23477/2025-12-07/1760845792.json"
"365170","146153","2025-12-07","48.00","NZD","1760845792","23477/2025-12-07/1760845792.json"
"510807","146155","2025-12-07","52.00","NZD","1760845792","23477/2025-12-07/1760845792.json"
"581513","221281","2025-12-08","36.00","NZD","1760845792","23477/2025-12-08/1760845792.json"
"581514","221282","2025-12-08","36.00","NZD","1760845792","23477/2025-12-08/1760845792.json"
"512557","146154","2025-12-08","45.00","NZD","1760845792","23477/2025-12-08/1760845792.json"
"365170","146153","2025-12-08","48.00","NZD","1760845792","23477/2025-12-08/1760845792.json"
"510807","146155","2025-12-08","52.00","NZD","1760845792","23477/2025-12-08/1760845792.json"
"581513","221281","2025-12-09","36.00","NZD","1760845792","23477/2025-12-09/1760845792.json"
"581514","221282","2025-12-09","36.00","NZD","1760845792","23477/2025-12-09/1760845792.json"
"512557","146154","2025-12-09","45.00","NZD","1760845792","23477/2025-12-09/1760845792.json"
"365170","146153","2025-12-09","48.00","NZD","1760845792","23477/2025-12-09/1760845792.json"
"510807","146155","2025-12-09","52.00","NZD","1760845792","23477/2025-12-09/1760845792.json"
"581513","221281","2025-12-10","36.00","NZD","1760845792","23477/2025-12-10/1760845792.json"
"581514","221282","2025-12-10","36.00","NZD","1760845792","23477/2025-12-10/1760845792.json"
"512557","146154","2025-12-10","45.00","NZD","1760845792","23477/2025-12-10/1760845792.json"
"365170","146153","2025-12-10","48.00","NZD","1760845792","23477/2025-12-10/1760845792.json"
"510807","146155","2025-12-10","52.00","NZD","1760845792","23477/2025-12-10/1760845792.json"
"581513","221281","2025-12-11","36.00","NZD","1760845792","23477/2025-12-11/1760845792.json"
"581514","221282","2025-12-11","36.00","NZD","1760845792","23477/2025-12-11/1760845792.json"
"512557","146154","2025-12-11","45.00","NZD","1760845792","23477/2025-12-11/1760845792.json"
"365170","146153","2025-12-11","48.00","NZD","1760845792","23477/2025-12-11/1760845792.json"
"510807","146155","2025-12-11","52.00","NZD","1760845792","23477/2025-12-11/1760845792.json"
"581513","221281","2025-12-12","36.00","NZD","1760845792","23477/2025-12-12/1760845792.json"
"581514","221282","2025-12-12","36.00","NZD","1760845792","23477/2025-12-12/1760845792.json"
"512557","146154","2025-12-12","45.00","NZD","1760845792","23477/2025-12-12/1760845792.json"
"365170","146153","2025-12-12","48.00","NZD","1760845792","23477/2025-12-12/1760845792.json"
"510807","146155","2025-12-12","52.00","NZD","1760845792","23477/2025-12-12/1760845792.json"
"581513","221281","2025-12-14","36.00","NZD","1760845792","23477/2025-12-14/1760845792.json"
"581514","221282","2025-12-14","36.00","NZD","1760845792","23477/2025-12-14/1760845792.json"
"512557","146154","2025-12-14","45.00","NZD","1760845792","23477/2025-12-14/1760845792.json"
"365170","146153","2025-12-14","48.00","NZD","1760845792","23477/2025-12-14/1760845792.json"
"510807","146155","2025-12-14","52.00","NZD","1760845792","23477/2025-12-14/1760845792.json"
"581513","221281","2025-12-13","36.00","NZD","1760845792","23477/2025-12-13/1760845792.json"
"581514","221282","2025-12-13","36.00","NZD","1760845792","23477/2025-12-13/1760845792.json"
"512557","146154","2025-12-13","45.00","NZD","1760845792","23477/2025-12-13/1760845792.json"
"365170","146153","2025-12-13","48.00","NZD","1760845792","23477/2025-12-13/1760845792.json"
"510807","146155","2025-12-13","52.00","NZD","1760845792","23477/2025-12-13/1760845792.json"
"581513","221281","2025-12-15","36.00","NZD","1760845792","23477/2025-12-15/1760845792.json"
"581514","221282","2025-12-15","36.00","NZD","1760845792","23477/2025-12-15/1760845792.json"
"512557","146154","2025-12-15","45.00","NZD","1760845792","23477/2025-12-15/1760845792.json"
"365170","146153","2025-12-15","48.00","NZD","1760845792","23477/2025-12-15/1760845792.json"
"510807","146155","2025-12-15","52.00","NZD","1760845792","23477/2025-12-15/1760845792.json"
"581513","221281","2025-12-16","36.00","NZD","1760845792","23477/2025-12-16/1760845792.json"
"581514","221282","2025-12-16","36.00","NZD","1760845792","23477/2025-12-16/1760845792.json"
"512557","146154","2025-12-16","45.00","NZD","1760845792","23477/2025-12-16/1760845792.json"
"365170","146153","2025-12-16","48.00","NZD","1760845792","23477/2025-12-16/1760845792.json"
"510807","146155","2025-12-16","52.00","NZD","1760845792","23477/2025-12-16/1760845792.json"
"581513","221281","2025-12-17","36.00","NZD","1760845792","23477/2025-12-17/1760845792.json"
"581513","221281","2025-12-18","36.00","NZD","1760845792","23477/2025-12-18/1760845792.json"
"581514","221282","2025-12-17","36.00","NZD","1760845792","23477/2025-12-17/1760845792.json"
"581514","221282","2025-12-18","36.00","NZD","1760845792","23477/2025-12-18/1760845792.json"
"512557","146154","2025-12-18","45.00","NZD","1760845792","23477/2025-12-18/1760845792.json"
"512557","146154","2025-12-17","45.00","NZD","1760845792","23477/2025-12-17/1760845792.json"
"365170","146153","2025-12-18","48.00","NZD","1760845792","23477/2025-12-18/1760845792.json"
"510807","146155","2025-12-18","52.00","NZD","1760845792","23477/2025-12-18/1760845792.json"
"365170","146153","2025-12-17","48.00","NZD","1760845792","23477/2025-12-17/1760845792.json"
"510807","146155","2025-12-17","52.00","NZD","1760845792","23477/2025-12-17/1760845792.json"
"581513","221281","2025-10-19","36.00","NZD","1760849907","23477/2025-10-19/1760849907.json"
"581514","221282","2025-10-19","36.00","NZD","1760849907","23477/2025-10-19/1760849907.json"
"512557","146154","2025-10-19","45.00","NZD","1760849907","23477/2025-10-19/1760849907.json"
"365170","146153","2025-10-19","48.00","NZD","1760849907","23477/2025-10-19/1760849907.json"
"510807","146155","2025-10-19","52.00","NZD","1760849907","23477/2025-10-19/1760849907.json"
"581513","221281","2025-10-21","36.00","NZD","1760849907","23477/2025-10-21/1760849907.json"
"581514","221282","2025-10-21","36.00","NZD","1760849907","23477/2025-10-21/1760849907.json"
"512557","146154","2025-10-21","45.00","NZD","1760849907","23477/2025-10-21/1760849907.json"
"365170","146153","2025-10-21","48.00","NZD","1760849907","23477/2025-10-21/1760849907.json"
"510807","146155","2025-10-21","52.00","NZD","1760849907","23477/2025-10-21/1760849907.json"
"581513","221281","2025-10-20","36.00","NZD","1760849907","23477/2025-10-20/1760849907.json"
"581514","221282","2025-10-20","36.00","NZD","1760849907","23477/2025-10-20/1760849907.json"
"512557","146154","2025-10-20","45.00","NZD","1760849907","23477/2025-10-20/1760849907.json"
"365170","146153","2025-10-20","48.00","NZD","1760849907","23477/2025-10-20/1760849907.json"
"510807","146155","2025-10-20","52.00","NZD","1760849907","23477/2025-10-20/1760849907.json"
"581513","221281","2025-10-22","36.00","NZD","1760849907","23477/2025-10-22/1760849907.json"
"581514","221282","2025-10-22","36.00","NZD","1760849907","23477/2025-10-22/1760849907.json"
"512557","146154","2025-10-22","45.00","NZD","1760849907","23477/2025-10-22/1760849907.json"
"365170","146153","2025-10-22","48.00","NZD","1760849907","23477/2025-10-22/1760849907.json"
"510807","146155","2025-10-22","52.00","NZD","1760849907","23477/2025-10-22/1760849907.json"
"581513","221281","2025-10-25","38.00","NZD","1760849907","23477/2025-10-25/1760849907.json"
"581514","221282","2025-10-25","38.00","NZD","1760849907","23477/2025-10-25/1760849907.json"
"512557","146154","2025-10-25","45.00","NZD","1760849907","23477/2025-10-25/1760849907.json"
"581513","221281","2025-10-23","36.00","NZD","1760849907","23477/2025-10-23/1760849907.json"
"581514","221282","2025-10-23","36.00","NZD","1760849907","23477/2025-10-23/1760849907.json"
"512557","146154","2025-10-23","45.00","NZD","1760849907","23477/2025-10-23/1760849907.json"
"365170","146153","2025-10-23","48.00","NZD","1760849907","23477/2025-10-23/1760849907.json"
"510807","146155","2025-10-23","52.00","NZD","1760849907","23477/2025-10-23/1760849907.json"
"581513","221281","2025-10-26","38.00","NZD","1760849907","23477/2025-10-26/1760849907.json"
"581514","221282","2025-10-26","38.00","NZD","1760849907","23477/2025-10-26/1760849907.json"
"512557","146154","2025-10-26","45.00","NZD","1760849907","23477/2025-10-26/1760849907.json"
"581513","221281","2025-10-24","36.00","NZD","1760849907","23477/2025-10-24/1760849907.json"
"581514","221282","2025-10-24","36.00","NZD","1760849907","23477/2025-10-24/1760849907.json"
"512557","146154","2025-10-24","45.00","NZD","1760849907","23477/2025-10-24/1760849907.json"
"365170","146153","2025-10-24","48.00","NZD","1760849907","23477/2025-10-24/1760849907.json"
"510807","146155","2025-10-24","52.00","NZD","1760849907","23477/2025-10-24/1760849907.json"
"581513","221281","2025-10-27","38.00","NZD","1760849907","23477/2025-10-27/1760849907.json"
"581514","221282","2025-10-27","38.00","NZD","1760849907","23477/2025-10-27/1760849907.json"
"512557","146154","2025-10-27","45.00","NZD","1760849907","23477/2025-10-27/1760849907.json"
"365170","146153","2025-10-27","48.00","NZD","1760849907","23477/2025-10-27/1760849907.json"
"510807","146155","2025-10-27","52.00","NZD","1760849907","23477/2025-10-27/1760849907.json"
"581513","221281","2025-10-28","36.00","NZD","1760849907","23477/2025-10-28/1760849907.json"
"581514","221282","2025-10-28","36.00","NZD","1760849907","23477/2025-10-28/1760849907.json"
"512557","146154","2025-10-28","45.00","NZD","1760849907","23477/2025-10-28/1760849907.json"
"365170","146153","2025-10-28","48.00","NZD","1760849907","23477/2025-10-28/1760849907.json"
"510807","146155","2025-10-28","52.00","NZD","1760849907","23477/2025-10-28/1760849907.json"
"581513","221281","2025-10-30","36.00","NZD","1760849907","23477/2025-10-30/1760849907.json"
"581514","221282","2025-10-30","36.00","NZD","1760849907","23477/2025-10-30/1760849907.json"
"512557","146154","2025-10-30","45.00","NZD","1760849907","23477/2025-10-30/1760849907.json"
"365170","146153","2025-10-30","48.00","NZD","1760849907","23477/2025-10-30/1760849907.json"
"510807","146155","2025-10-30","52.00","NZD","1760849907","23477/2025-10-30/1760849907.json"
"581513","221281","2025-10-29","36.00","NZD","1760849907","23477/2025-10-29/1760849907.json"
"581514","221282","2025-10-29","36.00","NZD","1760849907","23477/2025-10-29/1760849907.json"
"512557","146154","2025-10-29","45.00","NZD","1760849907","23477/2025-10-29/1760849907.json"
"365170","146153","2025-10-29","48.00","NZD","1760849907","23477/2025-10-29/1760849907.json"
"510807","146155","2025-10-29","52.00","NZD","1760849907","23477/2025-10-29/1760849907.json"
"581513","221281","2025-10-31","36.00","NZD","1760849907","23477/2025-10-31/1760849907.json"
"581514","221282","2025-10-31","36.00","NZD","1760849907","23477/2025-10-31/1760849907.json"
"512557","146154","2025-10-31","45.00","NZD","1760849907","23477/2025-10-31/1760849907.json"
"365170","146153","2025-10-31","48.00","NZD","1760849907","23477/2025-10-31/1760849907.json"
"510807","146155","2025-10-31","52.00","NZD","1760849907","23477/2025-10-31/1760849907.json"
"581513","221281","2025-11-01","36.00","NZD","1760849907","23477/2025-11-01/1760849907.json"
"581514","221282","2025-11-01","36.00","NZD","1760849907","23477/2025-11-01/1760849907.json"
"512557","146154","2025-11-01","45.00","NZD","1760849907","23477/2025-11-01/1760849907.json"
"365170","146153","2025-11-01","48.00","NZD","1760849907","23477/2025-11-01/1760849907.json"
"510807","146155","2025-11-01","52.00","NZD","1760849907","23477/2025-11-01/1760849907.json"
"581513","221281","2025-11-03","36.00","NZD","1760849907","23477/2025-11-03/1760849907.json"
"581514","221282","2025-11-03","36.00","NZD","1760849907","23477/2025-11-03/1760849907.json"
"512557","146154","2025-11-03","45.00","NZD","1760849907","23477/2025-11-03/1760849907.json"
"365170","146153","2025-11-03","48.00","NZD","1760849907","23477/2025-11-03/1760849907.json"
"510807","146155","2025-11-03","52.00","NZD","1760849907","23477/2025-11-03/1760849907.json"
"581513","221281","2025-11-02","36.00","NZD","1760849907","23477/2025-11-02/1760849907.json"
"581514","221282","2025-11-02","36.00","NZD","1760849907","23477/2025-11-02/1760849907.json"
"512557","146154","2025-11-02","45.00","NZD","1760849907","23477/2025-11-02/1760849907.json"
"365170","146153","2025-11-02","48.00","NZD","1760849907","23477/2025-11-02/1760849907.json"
"510807","146155","2025-11-02","52.00","NZD","1760849907","23477/2025-11-02/1760849907.json"
"581513","221281","2025-11-04","36.00","NZD","1760849907","23477/2025-11-04/1760849907.json"
"581514","221282","2025-11-04","36.00","NZD","1760849907","23477/2025-11-04/1760849907.json"
"512557","146154","2025-11-04","45.00","NZD","1760849907","23477/2025-11-04/1760849907.json"
"365170","146153","2025-11-04","48.00","NZD","1760849907","23477/2025-11-04/1760849907.json"
"510807","146155","2025-11-04","52.00","NZD","1760849907","23477/2025-11-04/1760849907.json"
"581513","221281","2025-11-05","36.00","NZD","1760849907","23477/2025-11-05/1760849907.json"
"581514","221282","2025-11-05","36.00","NZD","1760849907","23477/2025-11-05/1760849907.json"
"512557","146154","2025-11-05","45.00","NZD","1760849907","23477/2025-11-05/1760849907.json"
"365170","146153","2025-11-05","48.00","NZD","1760849907","23477/2025-11-05/1760849907.json"
"510807","146155","2025-11-05","52.00","NZD","1760849907","23477/2025-11-05/1760849907.json"
"581513","221281","2025-11-07","36.00","NZD","1760849907","23477/2025-11-07/1760849907.json"
"581514","221282","2025-11-07","36.00","NZD","1760849907","23477/2025-11-07/1760849907.json"
"512557","146154","2025-11-07","45.00","NZD","1760849907","23477/2025-11-07/1760849907.json"
"365170","146153","2025-11-07","48.00","NZD","1760849907","23477/2025-11-07/1760849907.json"
"510807","146155","2025-11-07","52.00","NZD","1760849907","23477/2025-11-07/1760849907.json"
"581513","221281","2025-11-06","36.00","NZD","1760849907","23477/2025-11-06/1760849907.json"
"581514","221282","2025-11-06","36.00","NZD","1760849907","23477/2025-11-06/1760849907.json"
"512557","146154","2025-11-06","45.00","NZD","1760849907","23477/2025-11-06/1760849907.json"
"365170","146153","2025-11-06","48.00","NZD","1760849907","23477/2025-11-06/1760849907.json"
"510807","146155","2025-11-06","52.00","NZD","1760849907","23477/2025-11-06/1760849907.json"
"581513","221281","2025-11-08","36.00","NZD","1760849907","23477/2025-11-08/1760849907.json"
"581514","221282","2025-11-08","36.00","NZD","1760849907","23477/2025-11-08/1760849907.json"
"512557","146154","2025-11-08","45.00","NZD","1760849907","23477/2025-11-08/1760849907.json"
"365170","146153","2025-11-08","48.00","NZD","1760849907","23477/2025-11-08/1760849907.json"
"510807","146155","2025-11-08","52.00","NZD","1760849907","23477/2025-11-08/1760849907.json"
"581513","221281","2025-11-09","36.00","NZD","1760849907","23477/2025-11-09/1760849907.json"
"581514","221282","2025-11-09","36.00","NZD","1760849907","23477/2025-11-09/1760849907.json"
"512557","146154","2025-11-09","45.00","NZD","1760849907","23477/2025-11-09/1760849907.json"
"365170","146153","2025-11-09","48.00","NZD","1760849907","23477/2025-11-09/1760849907.json"
"510807","146155","2025-11-09","52.00","NZD","1760849907","23477/2025-11-09/1760849907.json"
"581513","221281","2025-11-10","36.00","NZD","1760849907","23477/2025-11-10/1760849907.json"
"581514","221282","2025-11-10","36.00","NZD","1760849907","23477/2025-11-10/1760849907.json"
"512557","146154","2025-11-10","45.00","NZD","1760849907","23477/2025-11-10/1760849907.json"
"365170","146153","2025-11-10","48.00","NZD","1760849907","23477/2025-11-10/1760849907.json"
"510807","146155","2025-11-10","52.00","NZD","1760849907","23477/2025-11-10/1760849907.json"
"581513","221281","2025-11-11","36.00","NZD","1760849907","23477/2025-11-11/1760849907.json"
"581514","221282","2025-11-11","36.00","NZD","1760849907","23477/2025-11-11/1760849907.json"
"512557","146154","2025-11-11","45.00","NZD","1760849907","23477/2025-11-11/1760849907.json"
"365170","146153","2025-11-11","48.00","NZD","1760849907","23477/2025-11-11/1760849907.json"
"510807","146155","2025-11-11","52.00","NZD","1760849907","23477/2025-11-11/1760849907.json"
"581513","221281","2025-11-13","36.00","NZD","1760849907","23477/2025-11-13/1760849907.json"
"581514","221282","2025-11-13","36.00","NZD","1760849907","23477/2025-11-13/1760849907.json"
"512557","146154","2025-11-13","45.00","NZD","1760849907","23477/2025-11-13/1760849907.json"
"365170","146153","2025-11-13","48.00","NZD","1760849907","23477/2025-11-13/1760849907.json"
"510807","146155","2025-11-13","52.00","NZD","1760849907","23477/2025-11-13/1760849907.json"
"581513","221281","2025-11-12","36.00","NZD","1760849907","23477/2025-11-12/1760849907.json"
"581514","221282","2025-11-12","36.00","NZD","1760849907","23477/2025-11-12/1760849907.json"
"512557","146154","2025-11-12","45.00","NZD","1760849907","23477/2025-11-12/1760849907.json"
"365170","146153","2025-11-12","48.00","NZD","1760849907","23477/2025-11-12/1760849907.json"
"510807","146155","2025-11-12","52.00","NZD","1760849907","23477/2025-11-12/1760849907.json"
"581513","221281","2025-11-14","36.00","NZD","1760849907","23477/2025-11-14/1760849907.json"
"581514","221282","2025-11-14","36.00","NZD","1760849907","23477/2025-11-14/1760849907.json"
"512557","146154","2025-11-14","45.00","NZD","1760849907","23477/2025-11-14/1760849907.json"
"365170","146153","2025-11-14","48.00","NZD","1760849907","23477/2025-11-14/1760849907.json"
"510807","146155","2025-11-14","52.00","NZD","1760849907","23477/2025-11-14/1760849907.json"
"581513","221281","2025-11-16","36.00","NZD","1760849907","23477/2025-11-16/1760849907.json"
"581514","221282","2025-11-16","36.00","NZD","1760849907","23477/2025-11-16/1760849907.json"
"512557","146154","2025-11-16","45.00","NZD","1760849907","23477/2025-11-16/1760849907.json"
"365170","146153","2025-11-16","48.00","NZD","1760849907","23477/2025-11-16/1760849907.json"
"510807","146155","2025-11-16","52.00","NZD","1760849907","23477/2025-11-16/1760849907.json"
"581513","221281","2025-11-15","36.00","NZD","1760849907","23477/2025-11-15/1760849907.json"
"581514","221282","2025-11-15","36.00","NZD","1760849907","23477/2025-11-15/1760849907.json"
"512557","146154","2025-11-15","45.00","NZD","1760849907","23477/2025-11-15/1760849907.json"
"365170","146153","2025-11-15","48.00","NZD","1760849907","23477/2025-11-15/1760849907.json"
"510807","146155","2025-11-15","52.00","NZD","1760849907","23477/2025-11-15/1760849907.json"
"581513","221281","2025-11-17","36.00","NZD","1760849907","23477/2025-11-17/1760849907.json"
"581514","221282","2025-11-17","36.00","NZD","1760849907","23477/2025-11-17/1760849907.json"
"512557","146154","2025-11-17","45.00","NZD","1760849907","23477/2025-11-17/1760849907.json"
"365170","146153","2025-11-17","48.00","NZD","1760849907","23477/2025-11-17/1760849907.json"
"510807","146155","2025-11-17","52.00","NZD","1760849907","23477/2025-11-17/1760849907.json"
"581513","221281","2025-11-18","36.00","NZD","1760849907","23477/2025-11-18/1760849907.json"
"581514","221282","2025-11-18","36.00","NZD","1760849907","23477/2025-11-18/1760849907.json"
"512557","146154","2025-11-18","45.00","NZD","1760849907","23477/2025-11-18/1760849907.json"
"365170","146153","2025-11-18","48.00","NZD","1760849907","23477/2025-11-18/1760849907.json"
"510807","146155","2025-11-18","52.00","NZD","1760849907","23477/2025-11-18/1760849907.json"
"581513","221281","2025-11-19","36.00","NZD","1760849907","23477/2025-11-19/1760849907.json"
"581514","221282","2025-11-19","36.00","NZD","1760849907","23477/2025-11-19/1760849907.json"
"512557","146154","2025-11-19","45.00","NZD","1760849907","23477/2025-11-19/1760849907.json"
"365170","146153","2025-11-19","48.00","NZD","1760849907","23477/2025-11-19/1760849907.json"
"510807","146155","2025-11-19","52.00","NZD","1760849907","23477/2025-11-19/1760849907.json"
"581513","221281","2025-11-20","36.00","NZD","1760849907","23477/2025-11-20/1760849907.json"
"581514","221282","2025-11-20","36.00","NZD","1760849907","23477/2025-11-20/1760849907.json"
"512557","146154","2025-11-20","45.00","NZD","1760849907","23477/2025-11-20/1760849907.json"
"581513","221281","2025-11-21","36.00","NZD","1760849907","23477/2025-11-21/1760849907.json"
"581514","221282","2025-11-21","36.00","NZD","1760849907","23477/2025-11-21/1760849907.json"
"512557","146154","2025-11-21","45.00","NZD","1760849907","23477/2025-11-21/1760849907.json"
"365170","146153","2025-11-21","48.00","NZD","1760849907","23477/2025-11-21/1760849907.json"
"510807","146155","2025-11-21","52.00","NZD","1760849907","23477/2025-11-21/1760849907.json"
"581513","221281","2025-11-22","36.00","NZD","1760849907","23477/2025-11-22/1760849907.json"
"581514","221282","2025-11-22","36.00","NZD","1760849907","23477/2025-11-22/1760849907.json"
"512557","146154","2025-11-22","45.00","NZD","1760849907","23477/2025-11-22/1760849907.json"
"365170","146153","2025-11-22","48.00","NZD","1760849907","23477/2025-11-22/1760849907.json"
"510807","146155","2025-11-22","52.00","NZD","1760849907","23477/2025-11-22/1760849907.json"
"581513","221281","2025-11-23","36.00","NZD","1760849907","23477/2025-11-23/1760849907.json"
"581514","221282","2025-11-23","36.00","NZD","1760849907","23477/2025-11-23/1760849907.json"
"512557","146154","2025-11-23","45.00","NZD","1760849907","23477/2025-11-23/1760849907.json"
"365170","146153","2025-11-23","48.00","NZD","1760849907","23477/2025-11-23/1760849907.json"
"510807","146155","2025-11-23","52.00","NZD","1760849907","23477/2025-11-23/1760849907.json"
"581513","221281","2025-11-24","36.00","NZD","1760849907","23477/2025-11-24/1760849907.json"
"581514","221282","2025-11-24","36.00","NZD","1760849907","23477/2025-11-24/1760849907.json"
"512557","146154","2025-11-24","45.00","NZD","1760849907","23477/2025-11-24/1760849907.json"
"365170","146153","2025-11-24","48.00","NZD","1760849907","23477/2025-11-24/1760849907.json"
"510807","146155","2025-11-24","52.00","NZD","1760849907","23477/2025-11-24/1760849907.json"
"581513","221281","2025-11-25","36.00","NZD","1760849907","23477/2025-11-25/1760849907.json"
"581514","221282","2025-11-25","36.00","NZD","1760849907","23477/2025-11-25/1760849907.json"
"512557","146154","2025-11-25","45.00","NZD","1760849907","23477/2025-11-25/1760849907.json"
"365170","146153","2025-11-25","48.00","NZD","1760849907","23477/2025-11-25/1760849907.json"
"510807","146155","2025-11-25","52.00","NZD","1760849907","23477/2025-11-25/1760849907.json"
"581513","221281","2025-11-26","36.00","NZD","1760849907","23477/2025-11-26/1760849907.json"
"581514","221282","2025-11-26","36.00","NZD","1760849907","23477/2025-11-26/1760849907.json"
"512557","146154","2025-11-26","45.00","NZD","1760849907","23477/2025-11-26/1760849907.json"
"365170","146153","2025-11-26","48.00","NZD","1760849907","23477/2025-11-26/1760849907.json"
"510807","146155","2025-11-26","52.00","NZD","1760849907","23477/2025-11-26/1760849907.json"
"581513","221281","2025-11-27","36.00","NZD","1760849907","23477/2025-11-27/1760849907.json"
"581514","221282","2025-11-27","36.00","NZD","1760849907","23477/2025-11-27/1760849907.json"
"512557","146154","2025-11-27","45.00","NZD","1760849907","23477/2025-11-27/1760849907.json"
"365170","146153","2025-11-27","48.00","NZD","1760849907","23477/2025-11-27/1760849907.json"
"510807","146155","2025-11-27","52.00","NZD","1760849907","23477/2025-11-27/1760849907.json"
"581513","221281","2025-11-28","36.00","NZD","1760849907","23477/2025-11-28/1760849907.json"
"581514","221282","2025-11-28","36.00","NZD","1760849907","23477/2025-11-28/1760849907.json"
"512557","146154","2025-11-28","45.00","NZD","1760849907","23477/2025-11-28/1760849907.json"
"365170","146153","2025-11-28","48.00","NZD","1760849907","23477/2025-11-28/1760849907.json"
"510807","146155","2025-11-28","52.00","NZD","1760849907","23477/2025-11-28/1760849907.json"
"581513","221281","2025-11-29","36.00","NZD","1760849907","23477/2025-11-29/1760849907.json"
"581514","221282","2025-11-29","36.00","NZD","1760849907","23477/2025-11-29/1760849907.json"
"512557","146154","2025-11-29","45.00","NZD","1760849907","23477/2025-11-29/1760849907.json"
"365170","146153","2025-11-29","48.00","NZD","1760849907","23477/2025-11-29/1760849907.json"
"510807","146155","2025-11-29","52.00","NZD","1760849907","23477/2025-11-29/1760849907.json"
"581513","221281","2025-11-30","36.00","NZD","1760849907","23477/2025-11-30/1760849907.json"
"581514","221282","2025-11-30","36.00","NZD","1760849907","23477/2025-11-30/1760849907.json"
"512557","146154","2025-11-30","45.00","NZD","1760849907","23477/2025-11-30/1760849907.json"
"365170","146153","2025-11-30","48.00","NZD","1760849907","23477/2025-11-30/1760849907.json"
"510807","146155","2025-11-30","52.00","NZD","1760849907","23477/2025-11-30/1760849907.json"
"581513","221281","2025-12-01","36.00","NZD","1760849907","23477/2025-12-01/1760849907.json"
"581514","221282","2025-12-01","36.00","NZD","1760849907","23477/2025-12-01/1760849907.json"
"512557","146154","2025-12-01","45.00","NZD","1760849907","23477/2025-12-01/1760849907.json"
"365170","146153","2025-12-01","48.00","NZD","1760849907","23477/2025-12-01/1760849907.json"
"510807","146155","2025-12-01","52.00","NZD","1760849907","23477/2025-12-01/1760849907.json"
"581513","221281","2025-12-03","36.00","NZD","1760849907","23477/2025-12-03/1760849907.json"
"581514","221282","2025-12-03","36.00","NZD","1760849907","23477/2025-12-03/1760849907.json"
"512557","146154","2025-12-03","45.00","NZD","1760849907","23477/2025-12-03/1760849907.json"
"365170","146153","2025-12-03","48.00","NZD","1760849907","23477/2025-12-03/1760849907.json"
"510807","146155","2025-12-03","52.00","NZD","1760849907","23477/2025-12-03/1760849907.json"
"581513","221281","2025-12-04","36.00","NZD","1760849907","23477/2025-12-04/1760849907.json"
"581514","221282","2025-12-04","36.00","NZD","1760849907","23477/2025-12-04/1760849907.json"
"512557","146154","2025-12-04","45.00","NZD","1760849907","23477/2025-12-04/1760849907.json"
"365170","146153","2025-12-04","48.00","NZD","1760849907","23477/2025-12-04/1760849907.json"
"510807","146155","2025-12-04","52.00","NZD","1760849907","23477/2025-12-04/1760849907.json"
"581513","221281","2025-12-02","36.00","NZD","1760849907","23477/2025-12-02/1760849907.json"
"581514","221282","2025-12-02","36.00","NZD","1760849907","23477/2025-12-02/1760849907.json"
"512557","146154","2025-12-02","45.00","NZD","1760849907","23477/2025-12-02/1760849907.json"
"365170","146153","2025-12-02","48.00","NZD","1760849907","23477/2025-12-02/1760849907.json"
"510807","146155","2025-12-02","52.00","NZD","1760849907","23477/2025-12-02/1760849907.json"
"581513","221281","2025-12-05","36.00","NZD","1760849907","23477/2025-12-05/1760849907.json"
"581514","221282","2025-12-05","36.00","NZD","1760849907","23477/2025-12-05/1760849907.json"
"512557","146154","2025-12-05","45.00","NZD","1760849907","23477/2025-12-05/1760849907.json"
"365170","146153","2025-12-05","48.00","NZD","1760849907","23477/2025-12-05/1760849907.json"
"510807","146155","2025-12-05","52.00","NZD","1760849907","23477/2025-12-05/1760849907.json"
"581513","221281","2025-12-06","36.00","NZD","1760849907","23477/2025-12-06/1760849907.json"
"581514","221282","2025-12-06","36.00","NZD","1760849907","23477/2025-12-06/1760849907.json"
"512557","146154","2025-12-06","45.00","NZD","1760849907","23477/2025-12-06/1760849907.json"
"365170","146153","2025-12-06","48.00","NZD","1760849907","23477/2025-12-06/1760849907.json"
"510807","146155","2025-12-06","52.00","NZD","1760849907","23477/2025-12-06/1760849907.json"
"581513","221281","2025-12-07","36.00","NZD","1760849907","23477/2025-12-07/1760849907.json"
"581514","221282","2025-12-07","36.00","NZD","1760849907","23477/2025-12-07/1760849907.json"
"512557","146154","2025-12-07","45.00","NZD","1760849907","23477/2025-12-07/1760849907.json"
"365170","146153","2025-12-07","48.00","NZD","1760849907","23477/2025-12-07/1760849907.json"
"510807","146155","2025-12-07","52.00","NZD","1760849907","23477/2025-12-07/1760849907.json"
"581513","221281","2025-12-08","36.00","NZD","1760849907","23477/2025-12-08/1760849907.json"
"581514","221282","2025-12-08","36.00","NZD","1760849907","23477/2025-12-08/1760849907.json"
"512557","146154","2025-12-08","45.00","NZD","1760849907","23477/2025-12-08/1760849907.json"
"365170","146153","2025-12-08","48.00","NZD","1760849907","23477/2025-12-08/1760849907.json"
"510807","146155","2025-12-08","52.00","NZD","1760849907","23477/2025-12-08/1760849907.json"
"581513","221281","2025-12-09","36.00","NZD","1760849907","23477/2025-12-09/1760849907.json"
"581514","221282","2025-12-09","36.00","NZD","1760849907","23477/2025-12-09/1760849907.json"
"512557","146154","2025-12-09","45.00","NZD","1760849907","23477/2025-12-09/1760849907.json"
"365170","146153","2025-12-09","48.00","NZD","1760849907","23477/2025-12-09/1760849907.json"
"510807","146155","2025-12-09","52.00","NZD","1760849907","23477/2025-12-09/1760849907.json"
"581513","221281","2025-12-10","36.00","NZD","1760849907","23477/2025-12-10/1760849907.json"
"581514","221282","2025-12-10","36.00","NZD","1760849907","23477/2025-12-10/1760849907.json"
"512557","146154","2025-12-10","45.00","NZD","1760849907","23477/2025-12-10/1760849907.json"
"365170","146153","2025-12-10","48.00","NZD","1760849907","23477/2025-12-10/1760849907.json"
"510807","146155","2025-12-10","52.00","NZD","1760849907","23477/2025-12-10/1760849907.json"
"581513","221281","2025-12-11","36.00","NZD","1760849907","23477/2025-12-11/1760849907.json"
"581514","221282","2025-12-11","36.00","NZD","1760849907","23477/2025-12-11/1760849907.json"
"512557","146154","2025-12-11","45.00","NZD","1760849907","23477/2025-12-11/1760849907.json"
"365170","146153","2025-12-11","48.00","NZD","1760849907","23477/2025-12-11/1760849907.json"
"510807","146155","2025-12-11","52.00","NZD","1760849907","23477/2025-12-11/1760849907.json"
"581513","221281","2025-12-13","36.00","NZD","1760849907","23477/2025-12-13/1760849907.json"
"581514","221282","2025-12-13","36.00","NZD","1760849907","23477/2025-12-13/1760849907.json"
"512557","146154","2025-12-13","45.00","NZD","1760849907","23477/2025-12-13/1760849907.json"
"365170","146153","2025-12-13","48.00","NZD","1760849907","23477/2025-12-13/1760849907.json"
"510807","146155","2025-12-13","52.00","NZD","1760849907","23477/2025-12-13/1760849907.json"
"581513","221281","2025-12-12","36.00","NZD","1760849907","23477/2025-12-12/1760849907.json"
"581514","221282","2025-12-12","36.00","NZD","1760849907","23477/2025-12-12/1760849907.json"
"512557","146154","2025-12-12","45.00","NZD","1760849907","23477/2025-12-12/1760849907.json"
"365170","146153","2025-12-12","48.00","NZD","1760849907","23477/2025-12-12/1760849907.json"
"510807","146155","2025-12-12","52.00","NZD","1760849907","23477/2025-12-12/1760849907.json"
"581513","221281","2025-12-14","36.00","NZD","1760849907","23477/2025-12-14/1760849907.json"
"581514","221282","2025-12-14","36.00","NZD","1760849907","23477/2025-12-14/1760849907.json"
"512557","146154","2025-12-14","45.00","NZD","1760849907","23477/2025-12-14/1760849907.json"
"365170","146153","2025-12-14","48.00","NZD","1760849907","23477/2025-12-14/1760849907.json"
"510807","146155","2025-12-14","52.00","NZD","1760849907","23477/2025-12-14/1760849907.json"
"581513","221281","2025-12-16","36.00","NZD","1760849907","23477/2025-12-16/1760849907.json"
"581514","221282","2025-12-16","36.00","NZD","1760849907","23477/2025-12-16/1760849907.json"
"512557","146154","2025-12-16","45.00","NZD","1760849907","23477/2025-12-16/1760849907.json"
"365170","146153","2025-12-16","48.00","NZD","1760849907","23477/2025-12-16/1760849907.json"
"510807","146155","2025-12-16","52.00","NZD","1760849907","23477/2025-12-16/1760849907.json"
"581513","221281","2025-12-15","36.00","NZD","1760849907","23477/2025-12-15/1760849907.json"
"581514","221282","2025-12-15","36.00","NZD","1760849907","23477/2025-12-15/1760849907.json"
"512557","146154","2025-12-15","45.00","NZD","1760849907","23477/2025-12-15/1760849907.json"
"365170","146153","2025-12-15","48.00","NZD","1760849907","23477/2025-12-15/1760849907.json"
"510807","146155","2025-12-15","52.00","NZD","1760849907","23477/2025-12-15/1760849907.json"
"581513","221281","2025-12-17","36.00","NZD","1760849907","23477/2025-12-17/1760849907.json"
"581514","221282","2025-12-17","36.00","NZD","1760849907","23477/2025-12-17/1760849907.json"
"512557","146154","2025-12-17","45.00","NZD","1760849907","23477/2025-12-17/1760849907.json"
"365170","146153","2025-12-17","48.00","NZD","1760849907","23477/2025-12-17/1760849907.json"
"510807","146155","2025-12-17","52.00","NZD","1760849907","23477/2025-12-17/1760849907.json"
"581513","221281","2025-12-18","36.00","NZD","1760849907","23477/2025-12-18/1760849907.json"
"581514","221282","2025-12-18","36.00","NZD","1760849907","23477/2025-12-18/1760849907.json"
"512557","146154","2025-12-18","45.00","NZD","1760849907","23477/2025-12-18/1760849907.json"
"365170","146153","2025-12-18","48.00","NZD","1760849907","23477/2025-12-18/1760849907.json"
"510807","146155","2025-12-18","52.00","NZD","1760849907","23477/2025-12-18/1760849907.json"
"581513","221281","2025-10-21","36.00","NZD","1760864224","23477/2025-10-21/1760864224.json"
"581514","221282","2025-10-21","36.00","NZD","1760864224","23477/2025-10-21/1760864224.json"
"512557","146154","2025-10-21","45.00","NZD","1760864224","23477/2025-10-21/1760864224.json"
"365170","146153","2025-10-21","48.00","NZD","1760864224","23477/2025-10-21/1760864224.json"
"510807","146155","2025-10-21","52.00","NZD","1760864224","23477/2025-10-21/1760864224.json"
"581513","221281","2025-10-19","36.00","NZD","1760864224","23477/2025-10-19/1760864224.json"
"581514","221282","2025-10-19","36.00","NZD","1760864224","23477/2025-10-19/1760864224.json"
"512557","146154","2025-10-19","45.00","NZD","1760864224","23477/2025-10-19/1760864224.json"
"365170","146153","2025-10-19","48.00","NZD","1760864224","23477/2025-10-19/1760864224.json"
"510807","146155","2025-10-19","52.00","NZD","1760864224","23477/2025-10-19/1760864224.json"
"581513","221281","2025-10-22","36.00","NZD","1760864224","23477/2025-10-22/1760864224.json"
"581514","221282","2025-10-22","36.00","NZD","1760864224","23477/2025-10-22/1760864224.json"
"512557","146154","2025-10-22","45.00","NZD","1760864224","23477/2025-10-22/1760864224.json"
"365170","146153","2025-10-22","48.00","NZD","1760864224","23477/2025-10-22/1760864224.json"
"510807","146155","2025-10-22","52.00","NZD","1760864224","23477/2025-10-22/1760864224.json"
"581513","221281","2025-10-20","36.00","NZD","1760864224","23477/2025-10-20/1760864224.json"
"581514","221282","2025-10-20","36.00","NZD","1760864224","23477/2025-10-20/1760864224.json"
"512557","146154","2025-10-20","45.00","NZD","1760864224","23477/2025-10-20/1760864224.json"
"365170","146153","2025-10-20","48.00","NZD","1760864224","23477/2025-10-20/1760864224.json"
"510807","146155","2025-10-20","52.00","NZD","1760864224","23477/2025-10-20/1760864224.json"
"581513","221281","2025-10-24","36.00","NZD","1760864224","23477/2025-10-24/1760864224.json"
"581514","221282","2025-10-24","36.00","NZD","1760864224","23477/2025-10-24/1760864224.json"
"512557","146154","2025-10-24","45.00","NZD","1760864224","23477/2025-10-24/1760864224.json"
"365170","146153","2025-10-24","48.00","NZD","1760864224","23477/2025-10-24/1760864224.json"
"510807","146155","2025-10-24","52.00","NZD","1760864224","23477/2025-10-24/1760864224.json"
"581513","221281","2025-10-23","36.00","NZD","1760864224","23477/2025-10-23/1760864224.json"
"581514","221282","2025-10-23","36.00","NZD","1760864224","23477/2025-10-23/1760864224.json"
"512557","146154","2025-10-23","45.00","NZD","1760864224","23477/2025-10-23/1760864224.json"
"365170","146153","2025-10-23","48.00","NZD","1760864224","23477/2025-10-23/1760864224.json"
"510807","146155","2025-10-23","52.00","NZD","1760864224","23477/2025-10-23/1760864224.json"
"581513","221281","2025-10-26","38.00","NZD","1760864224","23477/2025-10-26/1760864224.json"
"581514","221282","2025-10-26","38.00","NZD","1760864224","23477/2025-10-26/1760864224.json"
"512557","146154","2025-10-26","45.00","NZD","1760864224","23477/2025-10-26/1760864224.json"
"581513","221281","2025-10-25","38.00","NZD","1760864224","23477/2025-10-25/1760864224.json"
"581514","221282","2025-10-25","38.00","NZD","1760864224","23477/2025-10-25/1760864224.json"
"512557","146154","2025-10-25","45.00","NZD","1760864224","23477/2025-10-25/1760864224.json"
"581513","221281","2025-10-28","36.00","NZD","1760864224","23477/2025-10-28/1760864224.json"
"581514","221282","2025-10-28","36.00","NZD","1760864224","23477/2025-10-28/1760864224.json"
"512557","146154","2025-10-28","45.00","NZD","1760864224","23477/2025-10-28/1760864224.json"
"365170","146153","2025-10-28","48.00","NZD","1760864224","23477/2025-10-28/1760864224.json"
"510807","146155","2025-10-28","52.00","NZD","1760864224","23477/2025-10-28/1760864224.json"
"581513","221281","2025-10-27","38.00","NZD","1760864224","23477/2025-10-27/1760864224.json"
"581514","221282","2025-10-27","38.00","NZD","1760864224","23477/2025-10-27/1760864224.json"
"512557","146154","2025-10-27","45.00","NZD","1760864224","23477/2025-10-27/1760864224.json"
"365170","146153","2025-10-27","48.00","NZD","1760864224","23477/2025-10-27/1760864224.json"
"510807","146155","2025-10-27","52.00","NZD","1760864224","23477/2025-10-27/1760864224.json"
"581513","221281","2025-10-29","36.00","NZD","1760864224","23477/2025-10-29/1760864224.json"
"581514","221282","2025-10-29","36.00","NZD","1760864224","23477/2025-10-29/1760864224.json"
"512557","146154","2025-10-29","45.00","NZD","1760864224","23477/2025-10-29/1760864224.json"
"365170","146153","2025-10-29","48.00","NZD","1760864224","23477/2025-10-29/1760864224.json"
"510807","146155","2025-10-29","52.00","NZD","1760864224","23477/2025-10-29/1760864224.json"
"581513","221281","2025-10-31","36.00","NZD","1760864224","23477/2025-10-31/1760864224.json"
"581514","221282","2025-10-31","36.00","NZD","1760864224","23477/2025-10-31/1760864224.json"
"512557","146154","2025-10-31","45.00","NZD","1760864224","23477/2025-10-31/1760864224.json"
"365170","146153","2025-10-31","48.00","NZD","1760864224","23477/2025-10-31/1760864224.json"
"510807","146155","2025-10-31","52.00","NZD","1760864224","23477/2025-10-31/1760864224.json"
"581513","221281","2025-11-02","36.00","NZD","1760864224","23477/2025-11-02/1760864224.json"
"581513","221281","2025-10-30","36.00","NZD","1760864224","23477/2025-10-30/1760864224.json"
"581514","221282","2025-11-02","36.00","NZD","1760864224","23477/2025-11-02/1760864224.json"
"512557","146154","2025-11-02","45.00","NZD","1760864224","23477/2025-11-02/1760864224.json"
"365170","146153","2025-11-02","48.00","NZD","1760864224","23477/2025-11-02/1760864224.json"
"581514","221282","2025-10-30","36.00","NZD","1760864224","23477/2025-10-30/1760864224.json"
"510807","146155","2025-11-02","52.00","NZD","1760864224","23477/2025-11-02/1760864224.json"
"512557","146154","2025-10-30","45.00","NZD","1760864224","23477/2025-10-30/1760864224.json"
"365170","146153","2025-10-30","48.00","NZD","1760864224","23477/2025-10-30/1760864224.json"
"510807","146155","2025-10-30","52.00","NZD","1760864224","23477/2025-10-30/1760864224.json"
"581513","221281","2025-11-01","36.00","NZD","1760864224","23477/2025-11-01/1760864224.json"
"581514","221282","2025-11-01","36.00","NZD","1760864224","23477/2025-11-01/1760864224.json"
"512557","146154","2025-11-01","45.00","NZD","1760864224","23477/2025-11-01/1760864224.json"
"365170","146153","2025-11-01","48.00","NZD","1760864224","23477/2025-11-01/1760864224.json"
"510807","146155","2025-11-01","52.00","NZD","1760864224","23477/2025-11-01/1760864224.json"
"581513","221281","2025-11-04","36.00","NZD","1760864224","23477/2025-11-04/1760864224.json"
"581514","221282","2025-11-04","36.00","NZD","1760864224","23477/2025-11-04/1760864224.json"
"512557","146154","2025-11-04","45.00","NZD","1760864224","23477/2025-11-04/1760864224.json"
"365170","146153","2025-11-04","48.00","NZD","1760864224","23477/2025-11-04/1760864224.json"
"510807","146155","2025-11-04","52.00","NZD","1760864224","23477/2025-11-04/1760864224.json"
"581513","221281","2025-11-05","36.00","NZD","1760864224","23477/2025-11-05/1760864224.json"
"581514","221282","2025-11-05","36.00","NZD","1760864224","23477/2025-11-05/1760864224.json"
"512557","146154","2025-11-05","45.00","NZD","1760864224","23477/2025-11-05/1760864224.json"
"365170","146153","2025-11-05","48.00","NZD","1760864224","23477/2025-11-05/1760864224.json"
"510807","146155","2025-11-05","52.00","NZD","1760864224","23477/2025-11-05/1760864224.json"
"581513","221281","2025-11-06","36.00","NZD","1760864224","23477/2025-11-06/1760864224.json"
"581514","221282","2025-11-06","36.00","NZD","1760864224","23477/2025-11-06/1760864224.json"
"512557","146154","2025-11-06","45.00","NZD","1760864224","23477/2025-11-06/1760864224.json"
"365170","146153","2025-11-06","48.00","NZD","1760864224","23477/2025-11-06/1760864224.json"
"510807","146155","2025-11-06","52.00","NZD","1760864224","23477/2025-11-06/1760864224.json"
"581513","221281","2025-11-03","36.00","NZD","1760864224","23477/2025-11-03/1760864224.json"
"581514","221282","2025-11-03","36.00","NZD","1760864224","23477/2025-11-03/1760864224.json"
"512557","146154","2025-11-03","45.00","NZD","1760864224","23477/2025-11-03/1760864224.json"
"365170","146153","2025-11-03","48.00","NZD","1760864224","23477/2025-11-03/1760864224.json"
"510807","146155","2025-11-03","52.00","NZD","1760864224","23477/2025-11-03/1760864224.json"
"581513","221281","2025-11-08","36.00","NZD","1760864224","23477/2025-11-08/1760864224.json"
"581514","221282","2025-11-08","36.00","NZD","1760864224","23477/2025-11-08/1760864224.json"
"512557","146154","2025-11-08","45.00","NZD","1760864224","23477/2025-11-08/1760864224.json"
"365170","146153","2025-11-08","48.00","NZD","1760864224","23477/2025-11-08/1760864224.json"
"510807","146155","2025-11-08","52.00","NZD","1760864224","23477/2025-11-08/1760864224.json"
"581513","221281","2025-11-07","36.00","NZD","1760864224","23477/2025-11-07/1760864224.json"
"581514","221282","2025-11-07","36.00","NZD","1760864224","23477/2025-11-07/1760864224.json"
"512557","146154","2025-11-07","45.00","NZD","1760864224","23477/2025-11-07/1760864224.json"
"365170","146153","2025-11-07","48.00","NZD","1760864224","23477/2025-11-07/1760864224.json"
"510807","146155","2025-11-07","52.00","NZD","1760864224","23477/2025-11-07/1760864224.json"
"581513","221281","2025-11-10","36.00","NZD","1760864224","23477/2025-11-10/1760864224.json"
"581514","221282","2025-11-10","36.00","NZD","1760864224","23477/2025-11-10/1760864224.json"
"512557","146154","2025-11-10","45.00","NZD","1760864224","23477/2025-11-10/1760864224.json"
"365170","146153","2025-11-10","48.00","NZD","1760864224","23477/2025-11-10/1760864224.json"
"510807","146155","2025-11-10","52.00","NZD","1760864224","23477/2025-11-10/1760864224.json"
"581513","221281","2025-11-09","36.00","NZD","1760864224","23477/2025-11-09/1760864224.json"
"581514","221282","2025-11-09","36.00","NZD","1760864224","23477/2025-11-09/1760864224.json"
"512557","146154","2025-11-09","45.00","NZD","1760864224","23477/2025-11-09/1760864224.json"
"365170","146153","2025-11-09","48.00","NZD","1760864224","23477/2025-11-09/1760864224.json"
"510807","146155","2025-11-09","52.00","NZD","1760864224","23477/2025-11-09/1760864224.json"
"581513","221281","2025-11-11","36.00","NZD","1760864224","23477/2025-11-11/1760864224.json"
"581514","221282","2025-11-11","36.00","NZD","1760864224","23477/2025-11-11/1760864224.json"
"512557","146154","2025-11-11","45.00","NZD","1760864224","23477/2025-11-11/1760864224.json"
"365170","146153","2025-11-11","48.00","NZD","1760864224","23477/2025-11-11/1760864224.json"
"510807","146155","2025-11-11","52.00","NZD","1760864224","23477/2025-11-11/1760864224.json"
"581513","221281","2025-11-12","36.00","NZD","1760864224","23477/2025-11-12/1760864224.json"
"581514","221282","2025-11-12","36.00","NZD","1760864224","23477/2025-11-12/1760864224.json"
"512557","146154","2025-11-12","45.00","NZD","1760864224","23477/2025-11-12/1760864224.json"
"365170","146153","2025-11-12","48.00","NZD","1760864224","23477/2025-11-12/1760864224.json"
"510807","146155","2025-11-12","52.00","NZD","1760864224","23477/2025-11-12/1760864224.json"
"581513","221281","2025-11-14","36.00","NZD","1760864224","23477/2025-11-14/1760864224.json"
"581513","221281","2025-11-13","36.00","NZD","1760864224","23477/2025-11-13/1760864224.json"
"581514","221282","2025-11-14","36.00","NZD","1760864224","23477/2025-11-14/1760864224.json"
"581514","221282","2025-11-13","36.00","NZD","1760864224","23477/2025-11-13/1760864224.json"
"512557","146154","2025-11-14","45.00","NZD","1760864224","23477/2025-11-14/1760864224.json"
"512557","146154","2025-11-13","45.00","NZD","1760864224","23477/2025-11-13/1760864224.json"
"365170","146153","2025-11-13","48.00","NZD","1760864224","23477/2025-11-13/1760864224.json"
"365170","146153","2025-11-14","48.00","NZD","1760864224","23477/2025-11-14/1760864224.json"
"510807","146155","2025-11-13","52.00","NZD","1760864224","23477/2025-11-13/1760864224.json"
"510807","146155","2025-11-14","52.00","NZD","1760864224","23477/2025-11-14/1760864224.json"
"581513","221281","2025-11-16","36.00","NZD","1760864224","23477/2025-11-16/1760864224.json"
"581514","221282","2025-11-16","36.00","NZD","1760864224","23477/2025-11-16/1760864224.json"
"512557","146154","2025-11-16","45.00","NZD","1760864224","23477/2025-11-16/1760864224.json"
"365170","146153","2025-11-16","48.00","NZD","1760864224","23477/2025-11-16/1760864224.json"
"510807","146155","2025-11-16","52.00","NZD","1760864224","23477/2025-11-16/1760864224.json"
"581513","221281","2025-11-15","36.00","NZD","1760864224","23477/2025-11-15/1760864224.json"
"581514","221282","2025-11-15","36.00","NZD","1760864224","23477/2025-11-15/1760864224.json"
"512557","146154","2025-11-15","45.00","NZD","1760864224","23477/2025-11-15/1760864224.json"
"365170","146153","2025-11-15","48.00","NZD","1760864224","23477/2025-11-15/1760864224.json"
"510807","146155","2025-11-15","52.00","NZD","1760864224","23477/2025-11-15/1760864224.json"
"581513","221281","2025-11-17","36.00","NZD","1760864224","23477/2025-11-17/1760864224.json"
"581514","221282","2025-11-17","36.00","NZD","1760864224","23477/2025-11-17/1760864224.json"
"512557","146154","2025-11-17","45.00","NZD","1760864224","23477/2025-11-17/1760864224.json"
"365170","146153","2025-11-17","48.00","NZD","1760864224","23477/2025-11-17/1760864224.json"
"510807","146155","2025-11-17","52.00","NZD","1760864224","23477/2025-11-17/1760864224.json"
"581513","221281","2025-11-18","36.00","NZD","1760864224","23477/2025-11-18/1760864224.json"
"581514","221282","2025-11-18","36.00","NZD","1760864224","23477/2025-11-18/1760864224.json"
"512557","146154","2025-11-18","45.00","NZD","1760864224","23477/2025-11-18/1760864224.json"
"365170","146153","2025-11-18","48.00","NZD","1760864224","23477/2025-11-18/1760864224.json"
"510807","146155","2025-11-18","52.00","NZD","1760864224","23477/2025-11-18/1760864224.json"
"581513","221281","2025-11-19","36.00","NZD","1760864224","23477/2025-11-19/1760864224.json"
"581514","221282","2025-11-19","36.00","NZD","1760864224","23477/2025-11-19/1760864224.json"
"512557","146154","2025-11-19","45.00","NZD","1760864224","23477/2025-11-19/1760864224.json"
"365170","146153","2025-11-19","48.00","NZD","1760864224","23477/2025-11-19/1760864224.json"
"510807","146155","2025-11-19","52.00","NZD","1760864224","23477/2025-11-19/1760864224.json"
"581513","221281","2025-11-20","36.00","NZD","1760864224","23477/2025-11-20/1760864224.json"
"581514","221282","2025-11-20","36.00","NZD","1760864224","23477/2025-11-20/1760864224.json"
"512557","146154","2025-11-20","45.00","NZD","1760864224","23477/2025-11-20/1760864224.json"
"581513","221281","2025-11-21","36.00","NZD","1760864224","23477/2025-11-21/1760864224.json"
"581514","221282","2025-11-21","36.00","NZD","1760864224","23477/2025-11-21/1760864224.json"
"512557","146154","2025-11-21","45.00","NZD","1760864224","23477/2025-11-21/1760864224.json"
"365170","146153","2025-11-21","48.00","NZD","1760864224","23477/2025-11-21/1760864224.json"
"510807","146155","2025-11-21","52.00","NZD","1760864224","23477/2025-11-21/1760864224.json"
"581513","221281","2025-11-22","36.00","NZD","1760864224","23477/2025-11-22/1760864224.json"
"581514","221282","2025-11-22","36.00","NZD","1760864224","23477/2025-11-22/1760864224.json"
"512557","146154","2025-11-22","45.00","NZD","1760864224","23477/2025-11-22/1760864224.json"
"365170","146153","2025-11-22","48.00","NZD","1760864224","23477/2025-11-22/1760864224.json"
"510807","146155","2025-11-22","52.00","NZD","1760864224","23477/2025-11-22/1760864224.json"
"581513","221281","2025-11-23","36.00","NZD","1760864224","23477/2025-11-23/1760864224.json"
"581514","221282","2025-11-23","36.00","NZD","1760864224","23477/2025-11-23/1760864224.json"
"512557","146154","2025-11-23","45.00","NZD","1760864224","23477/2025-11-23/1760864224.json"
"365170","146153","2025-11-23","48.00","NZD","1760864224","23477/2025-11-23/1760864224.json"
"510807","146155","2025-11-23","52.00","NZD","1760864224","23477/2025-11-23/1760864224.json"
"581513","221281","2025-11-24","36.00","NZD","1760864224","23477/2025-11-24/1760864224.json"
"581514","221282","2025-11-24","36.00","NZD","1760864224","23477/2025-11-24/1760864224.json"
"512557","146154","2025-11-24","45.00","NZD","1760864224","23477/2025-11-24/1760864224.json"
"365170","146153","2025-11-24","48.00","NZD","1760864224","23477/2025-11-24/1760864224.json"
"510807","146155","2025-11-24","52.00","NZD","1760864224","23477/2025-11-24/1760864224.json"
"581513","221281","2025-11-25","36.00","NZD","1760864224","23477/2025-11-25/1760864224.json"
"581514","221282","2025-11-25","36.00","NZD","1760864224","23477/2025-11-25/1760864224.json"
"512557","146154","2025-11-25","45.00","NZD","1760864224","23477/2025-11-25/1760864224.json"
"365170","146153","2025-11-25","48.00","NZD","1760864224","23477/2025-11-25/1760864224.json"
"510807","146155","2025-11-25","52.00","NZD","1760864224","23477/2025-11-25/1760864224.json"
"581513","221281","2025-11-26","36.00","NZD","1760864224","23477/2025-11-26/1760864224.json"
"581514","221282","2025-11-26","36.00","NZD","1760864224","23477/2025-11-26/1760864224.json"
"512557","146154","2025-11-26","45.00","NZD","1760864224","23477/2025-11-26/1760864224.json"
"365170","146153","2025-11-26","48.00","NZD","1760864224","23477/2025-11-26/1760864224.json"
"510807","146155","2025-11-26","52.00","NZD","1760864224","23477/2025-11-26/1760864224.json"
"581513","221281","2025-11-27","36.00","NZD","1760864224","23477/2025-11-27/1760864224.json"
"581514","221282","2025-11-27","36.00","NZD","1760864224","23477/2025-11-27/1760864224.json"
"512557","146154","2025-11-27","45.00","NZD","1760864224","23477/2025-11-27/1760864224.json"
"365170","146153","2025-11-27","48.00","NZD","1760864224","23477/2025-11-27/1760864224.json"
"510807","146155","2025-11-27","52.00","NZD","1760864224","23477/2025-11-27/1760864224.json"
"581513","221281","2025-11-28","36.00","NZD","1760864224","23477/2025-11-28/1760864224.json"
"581514","221282","2025-11-28","36.00","NZD","1760864224","23477/2025-11-28/1760864224.json"
"512557","146154","2025-11-28","45.00","NZD","1760864224","23477/2025-11-28/1760864224.json"
"365170","146153","2025-11-28","48.00","NZD","1760864224","23477/2025-11-28/1760864224.json"
"510807","146155","2025-11-28","52.00","NZD","1760864224","23477/2025-11-28/1760864224.json"
"581513","221281","2025-11-29","36.00","NZD","1760864224","23477/2025-11-29/1760864224.json"
"581514","221282","2025-11-29","36.00","NZD","1760864224","23477/2025-11-29/1760864224.json"
"512557","146154","2025-11-29","45.00","NZD","1760864224","23477/2025-11-29/1760864224.json"
"365170","146153","2025-11-29","48.00","NZD","1760864224","23477/2025-11-29/1760864224.json"
"510807","146155","2025-11-29","52.00","NZD","1760864224","23477/2025-11-29/1760864224.json"
"581513","221281","2025-11-30","36.00","NZD","1760864224","23477/2025-11-30/1760864224.json"
"581514","221282","2025-11-30","36.00","NZD","1760864224","23477/2025-11-30/1760864224.json"
"512557","146154","2025-11-30","45.00","NZD","1760864224","23477/2025-11-30/1760864224.json"
"365170","146153","2025-11-30","48.00","NZD","1760864224","23477/2025-11-30/1760864224.json"
"510807","146155","2025-11-30","52.00","NZD","1760864224","23477/2025-11-30/1760864224.json"
"581513","221281","2025-12-01","36.00","NZD","1760864224","23477/2025-12-01/1760864224.json"
"581514","221282","2025-12-01","36.00","NZD","1760864224","23477/2025-12-01/1760864224.json"
"512557","146154","2025-12-01","45.00","NZD","1760864224","23477/2025-12-01/1760864224.json"
"365170","146153","2025-12-01","48.00","NZD","1760864224","23477/2025-12-01/1760864224.json"
"510807","146155","2025-12-01","52.00","NZD","1760864224","23477/2025-12-01/1760864224.json"
"581513","221281","2025-12-02","36.00","NZD","1760864224","23477/2025-12-02/1760864224.json"
"581514","221282","2025-12-02","36.00","NZD","1760864224","23477/2025-12-02/1760864224.json"
"512557","146154","2025-12-02","45.00","NZD","1760864224","23477/2025-12-02/1760864224.json"
"365170","146153","2025-12-02","48.00","NZD","1760864224","23477/2025-12-02/1760864224.json"
"510807","146155","2025-12-02","52.00","NZD","1760864224","23477/2025-12-02/1760864224.json"
"581513","221281","2025-12-04","36.00","NZD","1760864224","23477/2025-12-04/1760864224.json"
"581514","221282","2025-12-04","36.00","NZD","1760864224","23477/2025-12-04/1760864224.json"
"512557","146154","2025-12-04","45.00","NZD","1760864224","23477/2025-12-04/1760864224.json"
"365170","146153","2025-12-04","48.00","NZD","1760864224","23477/2025-12-04/1760864224.json"
"510807","146155","2025-12-04","52.00","NZD","1760864224","23477/2025-12-04/1760864224.json"
"581513","221281","2025-12-03","36.00","NZD","1760864224","23477/2025-12-03/1760864224.json"
"581514","221282","2025-12-03","36.00","NZD","1760864224","23477/2025-12-03/1760864224.json"
"512557","146154","2025-12-03","45.00","NZD","1760864224","23477/2025-12-03/1760864224.json"
"365170","146153","2025-12-03","48.00","NZD","1760864224","23477/2025-12-03/1760864224.json"
"510807","146155","2025-12-03","52.00","NZD","1760864224","23477/2025-12-03/1760864224.json"
"581513","221281","2025-12-05","36.00","NZD","1760864224","23477/2025-12-05/1760864224.json"
"581514","221282","2025-12-05","36.00","NZD","1760864224","23477/2025-12-05/1760864224.json"
"512557","146154","2025-12-05","45.00","NZD","1760864224","23477/2025-12-05/1760864224.json"
"365170","146153","2025-12-05","48.00","NZD","1760864224","23477/2025-12-05/1760864224.json"
"510807","146155","2025-12-05","52.00","NZD","1760864224","23477/2025-12-05/1760864224.json"
"581513","221281","2025-12-07","36.00","NZD","1760864224","23477/2025-12-07/1760864224.json"
"581514","221282","2025-12-07","36.00","NZD","1760864224","23477/2025-12-07/1760864224.json"
"512557","146154","2025-12-07","45.00","NZD","1760864224","23477/2025-12-07/1760864224.json"
"365170","146153","2025-12-07","48.00","NZD","1760864224","23477/2025-12-07/1760864224.json"
"510807","146155","2025-12-07","52.00","NZD","1760864224","23477/2025-12-07/1760864224.json"
"581513","221281","2025-12-06","36.00","NZD","1760864224","23477/2025-12-06/1760864224.json"
"581514","221282","2025-12-06","36.00","NZD","1760864224","23477/2025-12-06/1760864224.json"
"512557","146154","2025-12-06","45.00","NZD","1760864224","23477/2025-12-06/1760864224.json"
"365170","146153","2025-12-06","48.00","NZD","1760864224","23477/2025-12-06/1760864224.json"
"510807","146155","2025-12-06","52.00","NZD","1760864224","23477/2025-12-06/1760864224.json"
"581513","221281","2025-12-08","36.00","NZD","1760864224","23477/2025-12-08/1760864224.json"
"581514","221282","2025-12-08","36.00","NZD","1760864224","23477/2025-12-08/1760864224.json"
"512557","146154","2025-12-08","45.00","NZD","1760864224","23477/2025-12-08/1760864224.json"
"365170","146153","2025-12-08","48.00","NZD","1760864224","23477/2025-12-08/1760864224.json"
"510807","146155","2025-12-08","52.00","NZD","1760864224","23477/2025-12-08/1760864224.json"
"581513","221281","2025-12-10","36.00","NZD","1760864224","23477/2025-12-10/1760864224.json"
"581514","221282","2025-12-10","36.00","NZD","1760864224","23477/2025-12-10/1760864224.json"
"512557","146154","2025-12-10","45.00","NZD","1760864224","23477/2025-12-10/1760864224.json"
"365170","146153","2025-12-10","48.00","NZD","1760864224","23477/2025-12-10/1760864224.json"
"510807","146155","2025-12-10","52.00","NZD","1760864224","23477/2025-12-10/1760864224.json"
"581513","221281","2025-12-12","36.00","NZD","1760864224","23477/2025-12-12/1760864224.json"
"581514","221282","2025-12-12","36.00","NZD","1760864224","23477/2025-12-12/1760864224.json"
"512557","146154","2025-12-12","45.00","NZD","1760864224","23477/2025-12-12/1760864224.json"
"365170","146153","2025-12-12","48.00","NZD","1760864224","23477/2025-12-12/1760864224.json"
"510807","146155","2025-12-12","52.00","NZD","1760864224","23477/2025-12-12/1760864224.json"
"581513","221281","2025-12-13","36.00","NZD","1760864224","23477/2025-12-13/1760864224.json"
"581514","221282","2025-12-13","36.00","NZD","1760864224","23477/2025-12-13/1760864224.json"
"512557","146154","2025-12-13","45.00","NZD","1760864224","23477/2025-12-13/1760864224.json"
"365170","146153","2025-12-13","48.00","NZD","1760864224","23477/2025-12-13/1760864224.json"
"510807","146155","2025-12-13","52.00","NZD","1760864224","23477/2025-12-13/1760864224.json"
"581513","221281","2025-12-14","36.00","NZD","1760864224","23477/2025-12-14/1760864224.json"
"581514","221282","2025-12-14","36.00","NZD","1760864224","23477/2025-12-14/1760864224.json"
"512557","146154","2025-12-14","45.00","NZD","1760864224","23477/2025-12-14/1760864224.json"
"365170","146153","2025-12-14","48.00","NZD","1760864224","23477/2025-12-14/1760864224.json"
"510807","146155","2025-12-14","52.00","NZD","1760864224","23477/2025-12-14/1760864224.json"
"581513","221281","2025-12-11","36.00","NZD","1760864224","23477/2025-12-11/1760864224.json"
"581514","221282","2025-12-11","36.00","NZD","1760864224","23477/2025-12-11/1760864224.json"
"512557","146154","2025-12-11","45.00","NZD","1760864224","23477/2025-12-11/1760864224.json"
"365170","146153","2025-12-11","48.00","NZD","1760864224","23477/2025-12-11/1760864224.json"
"510807","146155","2025-12-11","52.00","NZD","1760864224","23477/2025-12-11/1760864224.json"
"581513","221281","2025-12-15","36.00","NZD","1760864224","23477/2025-12-15/1760864224.json"
"581514","221282","2025-12-15","36.00","NZD","1760864224","23477/2025-12-15/1760864224.json"
"512557","146154","2025-12-15","45.00","NZD","1760864224","23477/2025-12-15/1760864224.json"
"365170","146153","2025-12-15","48.00","NZD","1760864224","23477/2025-12-15/1760864224.json"
"510807","146155","2025-12-15","52.00","NZD","1760864224","23477/2025-12-15/1760864224.json"
"581513","221281","2025-12-17","36.00","NZD","1760864224","23477/2025-12-17/1760864224.json"
"581514","221282","2025-12-17","36.00","NZD","1760864224","23477/2025-12-17/1760864224.json"
"512557","146154","2025-12-17","45.00","NZD","1760864224","23477/2025-12-17/1760864224.json"
"365170","146153","2025-12-17","48.00","NZD","1760864224","23477/2025-12-17/1760864224.json"
"510807","146155","2025-12-17","52.00","NZD","1760864224","23477/2025-12-17/1760864224.json"
"581513","221281","2025-12-16","36.00","NZD","1760864224","23477/2025-12-16/1760864224.json"
"581514","221282","2025-12-16","36.00","NZD","1760864224","23477/2025-12-16/1760864224.json"
"512557","146154","2025-12-16","45.00","NZD","1760864224","23477/2025-12-16/1760864224.json"
"365170","146153","2025-12-16","48.00","NZD","1760864224","23477/2025-12-16/1760864224.json"
"510807","146155","2025-12-16","52.00","NZD","1760864224","23477/2025-12-16/1760864224.json"
"581513","221281","2025-12-18","36.00","NZD","1760864224","23477/2025-12-18/1760864224.json"
"581514","221282","2025-12-18","36.00","NZD","1760864224","23477/2025-12-18/1760864224.json"
"512557","146154","2025-12-18","45.00","NZD","1760864224","23477/2025-12-18/1760864224.json"
"365170","146153","2025-12-18","48.00","NZD","1760864224","23477/2025-12-18/1760864224.json"
"510807","146155","2025-12-18","52.00","NZD","1760864224","23477/2025-12-18/1760864224.json"
"581513","221281","2025-12-09","36.00","NZD","1760864224","23477/2025-12-09/1760864224.json"
"581514","221282","2025-12-09","36.00","NZD","1760864224","23477/2025-12-09/1760864224.json"
"512557","146154","2025-12-09","45.00","NZD","1760864224","23477/2025-12-09/1760864224.json"
"365170","146153","2025-12-09","48.00","NZD","1760864224","23477/2025-12-09/1760864224.json"
"510807","146155","2025-12-09","52.00","NZD","1760864224","23477/2025-12-09/1760864224.json"
"581513","221281","2025-10-21","36.00","NZD","1760880023","23477/2025-10-21/1760880023.json"
"581514","221282","2025-10-21","36.00","NZD","1760880023","23477/2025-10-21/1760880023.json"
"512557","146154","2025-10-21","45.00","NZD","1760880023","23477/2025-10-21/1760880023.json"
"365170","146153","2025-10-21","48.00","NZD","1760880023","23477/2025-10-21/1760880023.json"
"510807","146155","2025-10-21","52.00","NZD","1760880023","23477/2025-10-21/1760880023.json"
"581513","221281","2025-10-20","36.00","NZD","1760880023","23477/2025-10-20/1760880023.json"
"581514","221282","2025-10-20","36.00","NZD","1760880023","23477/2025-10-20/1760880023.json"
"512557","146154","2025-10-20","45.00","NZD","1760880023","23477/2025-10-20/1760880023.json"
"365170","146153","2025-10-20","48.00","NZD","1760880023","23477/2025-10-20/1760880023.json"
"510807","146155","2025-10-20","52.00","NZD","1760880023","23477/2025-10-20/1760880023.json"
"581513","221281","2025-10-22","36.00","NZD","1760880023","23477/2025-10-22/1760880023.json"
"581514","221282","2025-10-22","36.00","NZD","1760880023","23477/2025-10-22/1760880023.json"
"512557","146154","2025-10-22","45.00","NZD","1760880023","23477/2025-10-22/1760880023.json"
"365170","146153","2025-10-22","48.00","NZD","1760880023","23477/2025-10-22/1760880023.json"
"510807","146155","2025-10-22","52.00","NZD","1760880023","23477/2025-10-22/1760880023.json"
"581513","221281","2025-10-23","36.00","NZD","1760880023","23477/2025-10-23/1760880023.json"
"581514","221282","2025-10-23","36.00","NZD","1760880023","23477/2025-10-23/1760880023.json"
"512557","146154","2025-10-23","45.00","NZD","1760880023","23477/2025-10-23/1760880023.json"
"365170","146153","2025-10-23","48.00","NZD","1760880023","23477/2025-10-23/1760880023.json"
"510807","146155","2025-10-23","52.00","NZD","1760880023","23477/2025-10-23/1760880023.json"
"581513","221281","2025-10-25","38.00","NZD","1760880023","23477/2025-10-25/1760880023.json"
"581514","221282","2025-10-25","38.00","NZD","1760880023","23477/2025-10-25/1760880023.json"
"512557","146154","2025-10-25","45.00","NZD","1760880023","23477/2025-10-25/1760880023.json"
"581513","221281","2025-10-26","38.00","NZD","1760880023","23477/2025-10-26/1760880023.json"
"581514","221282","2025-10-26","38.00","NZD","1760880023","23477/2025-10-26/1760880023.json"
"512557","146154","2025-10-26","45.00","NZD","1760880023","23477/2025-10-26/1760880023.json"
"581513","221281","2025-10-24","36.00","NZD","1760880023","23477/2025-10-24/1760880023.json"
"581514","221282","2025-10-24","36.00","NZD","1760880023","23477/2025-10-24/1760880023.json"
"512557","146154","2025-10-24","45.00","NZD","1760880023","23477/2025-10-24/1760880023.json"
"365170","146153","2025-10-24","48.00","NZD","1760880023","23477/2025-10-24/1760880023.json"
"510807","146155","2025-10-24","52.00","NZD","1760880023","23477/2025-10-24/1760880023.json"
"581513","221281","2025-10-27","38.00","NZD","1760880023","23477/2025-10-27/1760880023.json"
"581514","221282","2025-10-27","38.00","NZD","1760880023","23477/2025-10-27/1760880023.json"
"512557","146154","2025-10-27","45.00","NZD","1760880023","23477/2025-10-27/1760880023.json"
"365170","146153","2025-10-27","48.00","NZD","1760880023","23477/2025-10-27/1760880023.json"
"510807","146155","2025-10-27","52.00","NZD","1760880023","23477/2025-10-27/1760880023.json"
"581513","221281","2025-10-28","36.00","NZD","1760880023","23477/2025-10-28/1760880023.json"
"581514","221282","2025-10-28","36.00","NZD","1760880023","23477/2025-10-28/1760880023.json"
"512557","146154","2025-10-28","45.00","NZD","1760880023","23477/2025-10-28/1760880023.json"
"365170","146153","2025-10-28","48.00","NZD","1760880023","23477/2025-10-28/1760880023.json"
"510807","146155","2025-10-28","52.00","NZD","1760880023","23477/2025-10-28/1760880023.json"
"581513","221281","2025-10-29","36.00","NZD","1760880023","23477/2025-10-29/1760880023.json"
"581514","221282","2025-10-29","36.00","NZD","1760880023","23477/2025-10-29/1760880023.json"
"512557","146154","2025-10-29","45.00","NZD","1760880023","23477/2025-10-29/1760880023.json"
"365170","146153","2025-10-29","48.00","NZD","1760880023","23477/2025-10-29/1760880023.json"
"510807","146155","2025-10-29","52.00","NZD","1760880023","23477/2025-10-29/1760880023.json"
"581513","221281","2025-10-30","36.00","NZD","1760880023","23477/2025-10-30/1760880023.json"
"581514","221282","2025-10-30","36.00","NZD","1760880023","23477/2025-10-30/1760880023.json"
"512557","146154","2025-10-30","45.00","NZD","1760880023","23477/2025-10-30/1760880023.json"
"365170","146153","2025-10-30","48.00","NZD","1760880023","23477/2025-10-30/1760880023.json"
"510807","146155","2025-10-30","52.00","NZD","1760880023","23477/2025-10-30/1760880023.json"
"581513","221281","2025-11-01","36.00","NZD","1760880023","23477/2025-11-01/1760880023.json"
"581514","221282","2025-11-01","36.00","NZD","1760880023","23477/2025-11-01/1760880023.json"
"512557","146154","2025-11-01","45.00","NZD","1760880023","23477/2025-11-01/1760880023.json"
"365170","146153","2025-11-01","48.00","NZD","1760880023","23477/2025-11-01/1760880023.json"
"510807","146155","2025-11-01","52.00","NZD","1760880023","23477/2025-11-01/1760880023.json"
"581513","221281","2025-11-02","36.00","NZD","1760880023","23477/2025-11-02/1760880023.json"
"581514","221282","2025-11-02","36.00","NZD","1760880023","23477/2025-11-02/1760880023.json"
"512557","146154","2025-11-02","45.00","NZD","1760880023","23477/2025-11-02/1760880023.json"
"365170","146153","2025-11-02","48.00","NZD","1760880023","23477/2025-11-02/1760880023.json"
"510807","146155","2025-11-02","52.00","NZD","1760880023","23477/2025-11-02/1760880023.json"
"581513","221281","2025-10-31","36.00","NZD","1760880023","23477/2025-10-31/1760880023.json"
"581514","221282","2025-10-31","36.00","NZD","1760880023","23477/2025-10-31/1760880023.json"
"512557","146154","2025-10-31","45.00","NZD","1760880023","23477/2025-10-31/1760880023.json"
"365170","146153","2025-10-31","48.00","NZD","1760880023","23477/2025-10-31/1760880023.json"
"510807","146155","2025-10-31","52.00","NZD","1760880023","23477/2025-10-31/1760880023.json"
"581513","221281","2025-11-03","36.00","NZD","1760880023","23477/2025-11-03/1760880023.json"
"581514","221282","2025-11-03","36.00","NZD","1760880023","23477/2025-11-03/1760880023.json"
"512557","146154","2025-11-03","45.00","NZD","1760880023","23477/2025-11-03/1760880023.json"
"365170","146153","2025-11-03","48.00","NZD","1760880023","23477/2025-11-03/1760880023.json"
"510807","146155","2025-11-03","52.00","NZD","1760880023","23477/2025-11-03/1760880023.json"
"581513","221281","2025-11-04","36.00","NZD","1760880023","23477/2025-11-04/1760880023.json"
"581514","221282","2025-11-04","36.00","NZD","1760880023","23477/2025-11-04/1760880023.json"
"512557","146154","2025-11-04","45.00","NZD","1760880023","23477/2025-11-04/1760880023.json"
"365170","146153","2025-11-04","48.00","NZD","1760880023","23477/2025-11-04/1760880023.json"
"510807","146155","2025-11-04","52.00","NZD","1760880023","23477/2025-11-04/1760880023.json"
"581513","221281","2025-11-05","36.00","NZD","1760880023","23477/2025-11-05/1760880023.json"
"581514","221282","2025-11-05","36.00","NZD","1760880023","23477/2025-11-05/1760880023.json"
"512557","146154","2025-11-05","45.00","NZD","1760880023","23477/2025-11-05/1760880023.json"
"365170","146153","2025-11-05","48.00","NZD","1760880023","23477/2025-11-05/1760880023.json"
"510807","146155","2025-11-05","52.00","NZD","1760880023","23477/2025-11-05/1760880023.json"
"581513","221281","2025-11-06","36.00","NZD","1760880023","23477/2025-11-06/1760880023.json"
"581514","221282","2025-11-06","36.00","NZD","1760880023","23477/2025-11-06/1760880023.json"
"512557","146154","2025-11-06","45.00","NZD","1760880023","23477/2025-11-06/1760880023.json"
"365170","146153","2025-11-06","48.00","NZD","1760880023","23477/2025-11-06/1760880023.json"
"510807","146155","2025-11-06","52.00","NZD","1760880023","23477/2025-11-06/1760880023.json"
"581513","221281","2025-11-07","36.00","NZD","1760880023","23477/2025-11-07/1760880023.json"
"581514","221282","2025-11-07","36.00","NZD","1760880023","23477/2025-11-07/1760880023.json"
"512557","146154","2025-11-07","45.00","NZD","1760880023","23477/2025-11-07/1760880023.json"
"365170","146153","2025-11-07","48.00","NZD","1760880023","23477/2025-11-07/1760880023.json"
"510807","146155","2025-11-07","52.00","NZD","1760880023","23477/2025-11-07/1760880023.json"
"581513","221281","2025-11-08","36.00","NZD","1760880023","23477/2025-11-08/1760880023.json"
"581514","221282","2025-11-08","36.00","NZD","1760880023","23477/2025-11-08/1760880023.json"
"512557","146154","2025-11-08","45.00","NZD","1760880023","23477/2025-11-08/1760880023.json"
"365170","146153","2025-11-08","48.00","NZD","1760880023","23477/2025-11-08/1760880023.json"
"510807","146155","2025-11-08","52.00","NZD","1760880023","23477/2025-11-08/1760880023.json"
"581513","221281","2025-11-09","36.00","NZD","1760880023","23477/2025-11-09/1760880023.json"
"581514","221282","2025-11-09","36.00","NZD","1760880023","23477/2025-11-09/1760880023.json"
"512557","146154","2025-11-09","45.00","NZD","1760880023","23477/2025-11-09/1760880023.json"
"365170","146153","2025-11-09","48.00","NZD","1760880023","23477/2025-11-09/1760880023.json"
"510807","146155","2025-11-09","52.00","NZD","1760880023","23477/2025-11-09/1760880023.json"
"581513","221281","2025-11-10","36.00","NZD","1760880023","23477/2025-11-10/1760880023.json"
"581514","221282","2025-11-10","36.00","NZD","1760880023","23477/2025-11-10/1760880023.json"
"512557","146154","2025-11-10","45.00","NZD","1760880023","23477/2025-11-10/1760880023.json"
"365170","146153","2025-11-10","48.00","NZD","1760880023","23477/2025-11-10/1760880023.json"
"510807","146155","2025-11-10","52.00","NZD","1760880023","23477/2025-11-10/1760880023.json"
"581513","221281","2025-11-12","36.00","NZD","1760880023","23477/2025-11-12/1760880023.json"
"581514","221282","2025-11-12","36.00","NZD","1760880023","23477/2025-11-12/1760880023.json"
"512557","146154","2025-11-12","45.00","NZD","1760880023","23477/2025-11-12/1760880023.json"
"365170","146153","2025-11-12","48.00","NZD","1760880023","23477/2025-11-12/1760880023.json"
"510807","146155","2025-11-12","52.00","NZD","1760880023","23477/2025-11-12/1760880023.json"
"581513","221281","2025-11-11","36.00","NZD","1760880023","23477/2025-11-11/1760880023.json"
"581514","221282","2025-11-11","36.00","NZD","1760880023","23477/2025-11-11/1760880023.json"
"512557","146154","2025-11-11","45.00","NZD","1760880023","23477/2025-11-11/1760880023.json"
"365170","146153","2025-11-11","48.00","NZD","1760880023","23477/2025-11-11/1760880023.json"
"510807","146155","2025-11-11","52.00","NZD","1760880023","23477/2025-11-11/1760880023.json"
"581513","221281","2025-11-13","36.00","NZD","1760880023","23477/2025-11-13/1760880023.json"
"581514","221282","2025-11-13","36.00","NZD","1760880023","23477/2025-11-13/1760880023.json"
"512557","146154","2025-11-13","45.00","NZD","1760880023","23477/2025-11-13/1760880023.json"
"365170","146153","2025-11-13","48.00","NZD","1760880023","23477/2025-11-13/1760880023.json"
"510807","146155","2025-11-13","52.00","NZD","1760880023","23477/2025-11-13/1760880023.json"
"581513","221281","2025-11-14","36.00","NZD","1760880023","23477/2025-11-14/1760880023.json"
"581514","221282","2025-11-14","36.00","NZD","1760880023","23477/2025-11-14/1760880023.json"
"512557","146154","2025-11-14","45.00","NZD","1760880023","23477/2025-11-14/1760880023.json"
"365170","146153","2025-11-14","48.00","NZD","1760880023","23477/2025-11-14/1760880023.json"
"510807","146155","2025-11-14","52.00","NZD","1760880023","23477/2025-11-14/1760880023.json"
"581513","221281","2025-11-15","36.00","NZD","1760880023","23477/2025-11-15/1760880023.json"
"581514","221282","2025-11-15","36.00","NZD","1760880023","23477/2025-11-15/1760880023.json"
"512557","146154","2025-11-15","45.00","NZD","1760880023","23477/2025-11-15/1760880023.json"
"365170","146153","2025-11-15","48.00","NZD","1760880023","23477/2025-11-15/1760880023.json"
"510807","146155","2025-11-15","52.00","NZD","1760880023","23477/2025-11-15/1760880023.json"
"581513","221281","2025-11-16","36.00","NZD","1760880023","23477/2025-11-16/1760880023.json"
"581514","221282","2025-11-16","36.00","NZD","1760880023","23477/2025-11-16/1760880023.json"
"512557","146154","2025-11-16","45.00","NZD","1760880023","23477/2025-11-16/1760880023.json"
"365170","146153","2025-11-16","48.00","NZD","1760880023","23477/2025-11-16/1760880023.json"
"510807","146155","2025-11-16","52.00","NZD","1760880023","23477/2025-11-16/1760880023.json"
"581513","221281","2025-11-18","36.00","NZD","1760880023","23477/2025-11-18/1760880023.json"
"581514","221282","2025-11-18","36.00","NZD","1760880023","23477/2025-11-18/1760880023.json"
"512557","146154","2025-11-18","45.00","NZD","1760880023","23477/2025-11-18/1760880023.json"
"365170","146153","2025-11-18","48.00","NZD","1760880023","23477/2025-11-18/1760880023.json"
"510807","146155","2025-11-18","52.00","NZD","1760880023","23477/2025-11-18/1760880023.json"
"581513","221281","2025-11-17","36.00","NZD","1760880023","23477/2025-11-17/1760880023.json"
"581514","221282","2025-11-17","36.00","NZD","1760880023","23477/2025-11-17/1760880023.json"
"512557","146154","2025-11-17","45.00","NZD","1760880023","23477/2025-11-17/1760880023.json"
"365170","146153","2025-11-17","48.00","NZD","1760880023","23477/2025-11-17/1760880023.json"
"510807","146155","2025-11-17","52.00","NZD","1760880023","23477/2025-11-17/1760880023.json"
"581513","221281","2025-11-19","36.00","NZD","1760880023","23477/2025-11-19/1760880023.json"
"581514","221282","2025-11-19","36.00","NZD","1760880023","23477/2025-11-19/1760880023.json"
"512557","146154","2025-11-19","45.00","NZD","1760880023","23477/2025-11-19/1760880023.json"
"365170","146153","2025-11-19","48.00","NZD","1760880023","23477/2025-11-19/1760880023.json"
"510807","146155","2025-11-19","52.00","NZD","1760880023","23477/2025-11-19/1760880023.json"
"581513","221281","2025-11-20","36.00","NZD","1760880023","23477/2025-11-20/1760880023.json"
"581514","221282","2025-11-20","36.00","NZD","1760880023","23477/2025-11-20/1760880023.json"
"512557","146154","2025-11-20","45.00","NZD","1760880023","23477/2025-11-20/1760880023.json"
"581513","221281","2025-11-21","36.00","NZD","1760880023","23477/2025-11-21/1760880023.json"
"581514","221282","2025-11-21","36.00","NZD","1760880023","23477/2025-11-21/1760880023.json"
"512557","146154","2025-11-21","45.00","NZD","1760880023","23477/2025-11-21/1760880023.json"
"365170","146153","2025-11-21","48.00","NZD","1760880023","23477/2025-11-21/1760880023.json"
"510807","146155","2025-11-21","52.00","NZD","1760880023","23477/2025-11-21/1760880023.json"
"581513","221281","2025-11-22","36.00","NZD","1760880023","23477/2025-11-22/1760880023.json"
"581514","221282","2025-11-22","36.00","NZD","1760880023","23477/2025-11-22/1760880023.json"
"512557","146154","2025-11-22","45.00","NZD","1760880023","23477/2025-11-22/1760880023.json"
"365170","146153","2025-11-22","48.00","NZD","1760880023","23477/2025-11-22/1760880023.json"
"510807","146155","2025-11-22","52.00","NZD","1760880023","23477/2025-11-22/1760880023.json"
"581513","221281","2025-11-23","36.00","NZD","1760880023","23477/2025-11-23/1760880023.json"
"581514","221282","2025-11-23","36.00","NZD","1760880023","23477/2025-11-23/1760880023.json"
"512557","146154","2025-11-23","45.00","NZD","1760880023","23477/2025-11-23/1760880023.json"
"365170","146153","2025-11-23","48.00","NZD","1760880023","23477/2025-11-23/1760880023.json"
"510807","146155","2025-11-23","52.00","NZD","1760880023","23477/2025-11-23/1760880023.json"
"581513","221281","2025-11-24","36.00","NZD","1760880023","23477/2025-11-24/1760880023.json"
"581514","221282","2025-11-24","36.00","NZD","1760880023","23477/2025-11-24/1760880023.json"
"512557","146154","2025-11-24","45.00","NZD","1760880023","23477/2025-11-24/1760880023.json"
"365170","146153","2025-11-24","48.00","NZD","1760880023","23477/2025-11-24/1760880023.json"
"510807","146155","2025-11-24","52.00","NZD","1760880023","23477/2025-11-24/1760880023.json"
"581513","221281","2025-11-25","36.00","NZD","1760880023","23477/2025-11-25/1760880023.json"
"581514","221282","2025-11-25","36.00","NZD","1760880023","23477/2025-11-25/1760880023.json"
"512557","146154","2025-11-25","45.00","NZD","1760880023","23477/2025-11-25/1760880023.json"
"365170","146153","2025-11-25","48.00","NZD","1760880023","23477/2025-11-25/1760880023.json"
"510807","146155","2025-11-25","52.00","NZD","1760880023","23477/2025-11-25/1760880023.json"
"581513","221281","2025-11-26","36.00","NZD","1760880023","23477/2025-11-26/1760880023.json"
"581514","221282","2025-11-26","36.00","NZD","1760880023","23477/2025-11-26/1760880023.json"
"512557","146154","2025-11-26","45.00","NZD","1760880023","23477/2025-11-26/1760880023.json"
"365170","146153","2025-11-26","48.00","NZD","1760880023","23477/2025-11-26/1760880023.json"
"510807","146155","2025-11-26","52.00","NZD","1760880023","23477/2025-11-26/1760880023.json"
"581513","221281","2025-11-28","36.00","NZD","1760880023","23477/2025-11-28/1760880023.json"
"581514","221282","2025-11-28","36.00","NZD","1760880023","23477/2025-11-28/1760880023.json"
"512557","146154","2025-11-28","45.00","NZD","1760880023","23477/2025-11-28/1760880023.json"
"365170","146153","2025-11-28","48.00","NZD","1760880023","23477/2025-11-28/1760880023.json"
"510807","146155","2025-11-28","52.00","NZD","1760880023","23477/2025-11-28/1760880023.json"
"581513","221281","2025-11-27","36.00","NZD","1760880023","23477/2025-11-27/1760880023.json"
"581514","221282","2025-11-27","36.00","NZD","1760880023","23477/2025-11-27/1760880023.json"
"512557","146154","2025-11-27","45.00","NZD","1760880023","23477/2025-11-27/1760880023.json"
"365170","146153","2025-11-27","48.00","NZD","1760880023","23477/2025-11-27/1760880023.json"
"510807","146155","2025-11-27","52.00","NZD","1760880023","23477/2025-11-27/1760880023.json"
"581513","221281","2025-11-29","36.00","NZD","1760880023","23477/2025-11-29/1760880023.json"
"581514","221282","2025-11-29","36.00","NZD","1760880023","23477/2025-11-29/1760880023.json"
"512557","146154","2025-11-29","45.00","NZD","1760880023","23477/2025-11-29/1760880023.json"
"365170","146153","2025-11-29","48.00","NZD","1760880023","23477/2025-11-29/1760880023.json"
"510807","146155","2025-11-29","52.00","NZD","1760880023","23477/2025-11-29/1760880023.json"
"581513","221281","2025-11-30","36.00","NZD","1760880023","23477/2025-11-30/1760880023.json"
"581514","221282","2025-11-30","36.00","NZD","1760880023","23477/2025-11-30/1760880023.json"
"512557","146154","2025-11-30","45.00","NZD","1760880023","23477/2025-11-30/1760880023.json"
"365170","146153","2025-11-30","48.00","NZD","1760880023","23477/2025-11-30/1760880023.json"
"510807","146155","2025-11-30","52.00","NZD","1760880023","23477/2025-11-30/1760880023.json"
"581513","221281","2025-12-03","36.00","NZD","1760880023","23477/2025-12-03/1760880023.json"
"581514","221282","2025-12-03","36.00","NZD","1760880023","23477/2025-12-03/1760880023.json"
"512557","146154","2025-12-03","45.00","NZD","1760880023","23477/2025-12-03/1760880023.json"
"365170","146153","2025-12-03","48.00","NZD","1760880023","23477/2025-12-03/1760880023.json"
"510807","146155","2025-12-03","52.00","NZD","1760880023","23477/2025-12-03/1760880023.json"
"581513","221281","2025-12-01","36.00","NZD","1760880023","23477/2025-12-01/1760880023.json"
"581514","221282","2025-12-01","36.00","NZD","1760880023","23477/2025-12-01/1760880023.json"
"512557","146154","2025-12-01","45.00","NZD","1760880023","23477/2025-12-01/1760880023.json"
"365170","146153","2025-12-01","48.00","NZD","1760880023","23477/2025-12-01/1760880023.json"
"510807","146155","2025-12-01","52.00","NZD","1760880023","23477/2025-12-01/1760880023.json"
"581513","221281","2025-12-02","36.00","NZD","1760880023","23477/2025-12-02/1760880023.json"
"581514","221282","2025-12-02","36.00","NZD","1760880023","23477/2025-12-02/1760880023.json"
"512557","146154","2025-12-02","45.00","NZD","1760880023","23477/2025-12-02/1760880023.json"
"365170","146153","2025-12-02","48.00","NZD","1760880023","23477/2025-12-02/1760880023.json"
"510807","146155","2025-12-02","52.00","NZD","1760880023","23477/2025-12-02/1760880023.json"
"581513","221281","2025-12-04","36.00","NZD","1760880023","23477/2025-12-04/1760880023.json"
"581514","221282","2025-12-04","36.00","NZD","1760880023","23477/2025-12-04/1760880023.json"
"512557","146154","2025-12-04","45.00","NZD","1760880023","23477/2025-12-04/1760880023.json"
"365170","146153","2025-12-04","48.00","NZD","1760880023","23477/2025-12-04/1760880023.json"
"510807","146155","2025-12-04","52.00","NZD","1760880023","23477/2025-12-04/1760880023.json"
"581513","221281","2025-12-05","36.00","NZD","1760880023","23477/2025-12-05/1760880023.json"
"581514","221282","2025-12-05","36.00","NZD","1760880023","23477/2025-12-05/1760880023.json"
"512557","146154","2025-12-05","45.00","NZD","1760880023","23477/2025-12-05/1760880023.json"
"365170","146153","2025-12-05","48.00","NZD","1760880023","23477/2025-12-05/1760880023.json"
"510807","146155","2025-12-05","52.00","NZD","1760880023","23477/2025-12-05/1760880023.json"
"581513","221281","2025-12-06","36.00","NZD","1760880023","23477/2025-12-06/1760880023.json"
"581514","221282","2025-12-06","36.00","NZD","1760880023","23477/2025-12-06/1760880023.json"
"512557","146154","2025-12-06","45.00","NZD","1760880023","23477/2025-12-06/1760880023.json"
"365170","146153","2025-12-06","48.00","NZD","1760880023","23477/2025-12-06/1760880023.json"
"510807","146155","2025-12-06","52.00","NZD","1760880023","23477/2025-12-06/1760880023.json"
"581513","221281","2025-12-07","36.00","NZD","1760880023","23477/2025-12-07/1760880023.json"
"581514","221282","2025-12-07","36.00","NZD","1760880023","23477/2025-12-07/1760880023.json"
"512557","146154","2025-12-07","45.00","NZD","1760880023","23477/2025-12-07/1760880023.json"
"365170","146153","2025-12-07","48.00","NZD","1760880023","23477/2025-12-07/1760880023.json"
"510807","146155","2025-12-07","52.00","NZD","1760880023","23477/2025-12-07/1760880023.json"
"581513","221281","2025-12-08","36.00","NZD","1760880023","23477/2025-12-08/1760880023.json"
"581514","221282","2025-12-08","36.00","NZD","1760880023","23477/2025-12-08/1760880023.json"
"512557","146154","2025-12-08","45.00","NZD","1760880023","23477/2025-12-08/1760880023.json"
"365170","146153","2025-12-08","48.00","NZD","1760880023","23477/2025-12-08/1760880023.json"
"510807","146155","2025-12-08","52.00","NZD","1760880023","23477/2025-12-08/1760880023.json"
"581513","221281","2025-12-09","36.00","NZD","1760880023","23477/2025-12-09/1760880023.json"
"581514","221282","2025-12-09","36.00","NZD","1760880023","23477/2025-12-09/1760880023.json"
"512557","146154","2025-12-09","45.00","NZD","1760880023","23477/2025-12-09/1760880023.json"
"365170","146153","2025-12-09","48.00","NZD","1760880023","23477/2025-12-09/1760880023.json"
"510807","146155","2025-12-09","52.00","NZD","1760880023","23477/2025-12-09/1760880023.json"
"581513","221281","2025-12-10","36.00","NZD","1760880023","23477/2025-12-10/1760880023.json"
"581514","221282","2025-12-10","36.00","NZD","1760880023","23477/2025-12-10/1760880023.json"
"512557","146154","2025-12-10","45.00","NZD","1760880023","23477/2025-12-10/1760880023.json"
"365170","146153","2025-12-10","48.00","NZD","1760880023","23477/2025-12-10/1760880023.json"
"510807","146155","2025-12-10","52.00","NZD","1760880023","23477/2025-12-10/1760880023.json"
"581513","221281","2025-12-11","36.00","NZD","1760880023","23477/2025-12-11/1760880023.json"
"581514","221282","2025-12-11","36.00","NZD","1760880023","23477/2025-12-11/1760880023.json"
"512557","146154","2025-12-11","45.00","NZD","1760880023","23477/2025-12-11/1760880023.json"
"365170","146153","2025-12-11","48.00","NZD","1760880023","23477/2025-12-11/1760880023.json"
"510807","146155","2025-12-11","52.00","NZD","1760880023","23477/2025-12-11/1760880023.json"
"581513","221281","2025-12-12","36.00","NZD","1760880023","23477/2025-12-12/1760880023.json"
"581514","221282","2025-12-12","36.00","NZD","1760880023","23477/2025-12-12/1760880023.json"
"512557","146154","2025-12-12","45.00","NZD","1760880023","23477/2025-12-12/1760880023.json"
"365170","146153","2025-12-12","48.00","NZD","1760880023","23477/2025-12-12/1760880023.json"
"510807","146155","2025-12-12","52.00","NZD","1760880023","23477/2025-12-12/1760880023.json"
"581513","221281","2025-12-15","36.00","NZD","1760880023","23477/2025-12-15/1760880023.json"
"581514","221282","2025-12-15","36.00","NZD","1760880023","23477/2025-12-15/1760880023.json"
"512557","146154","2025-12-15","45.00","NZD","1760880023","23477/2025-12-15/1760880023.json"
"365170","146153","2025-12-15","48.00","NZD","1760880023","23477/2025-12-15/1760880023.json"
"510807","146155","2025-12-15","52.00","NZD","1760880023","23477/2025-12-15/1760880023.json"
"581513","221281","2025-12-13","36.00","NZD","1760880023","23477/2025-12-13/1760880023.json"
"581514","221282","2025-12-13","36.00","NZD","1760880023","23477/2025-12-13/1760880023.json"
"512557","146154","2025-12-13","45.00","NZD","1760880023","23477/2025-12-13/1760880023.json"
"365170","146153","2025-12-13","48.00","NZD","1760880023","23477/2025-12-13/1760880023.json"
"510807","146155","2025-12-13","52.00","NZD","1760880023","23477/2025-12-13/1760880023.json"
"581513","221281","2025-12-14","36.00","NZD","1760880023","23477/2025-12-14/1760880023.json"
"581514","221282","2025-12-14","36.00","NZD","1760880023","23477/2025-12-14/1760880023.json"
"512557","146154","2025-12-14","45.00","NZD","1760880023","23477/2025-12-14/1760880023.json"
"365170","146153","2025-12-14","48.00","NZD","1760880023","23477/2025-12-14/1760880023.json"
"510807","146155","2025-12-14","52.00","NZD","1760880023","23477/2025-12-14/1760880023.json"
"581513","221281","2025-12-16","36.00","NZD","1760880023","23477/2025-12-16/1760880023.json"
"581514","221282","2025-12-16","36.00","NZD","1760880023","23477/2025-12-16/1760880023.json"
"512557","146154","2025-12-16","45.00","NZD","1760880023","23477/2025-12-16/1760880023.json"
"365170","146153","2025-12-16","48.00","NZD","1760880023","23477/2025-12-16/1760880023.json"
"510807","146155","2025-12-16","52.00","NZD","1760880023","23477/2025-12-16/1760880023.json"
"581513","221281","2025-12-17","36.00","NZD","1760880023","23477/2025-12-17/1760880023.json"
"581514","221282","2025-12-17","36.00","NZD","1760880023","23477/2025-12-17/1760880023.json"
"512557","146154","2025-12-17","45.00","NZD","1760880023","23477/2025-12-17/1760880023.json"
"365170","146153","2025-12-17","48.00","NZD","1760880023","23477/2025-12-17/1760880023.json"
"510807","146155","2025-12-17","52.00","NZD","1760880023","23477/2025-12-17/1760880023.json"
"581513","221281","2025-12-18","36.00","NZD","1760880023","23477/2025-12-18/1760880023.json"
"581514","221282","2025-12-18","36.00","NZD","1760880023","23477/2025-12-18/1760880023.json"
"512557","146154","2025-12-18","45.00","NZD","1760880023","23477/2025-12-18/1760880023.json"
"365170","146153","2025-12-18","48.00","NZD","1760880023","23477/2025-12-18/1760880023.json"
"510807","146155","2025-12-18","52.00","NZD","1760880023","23477/2025-12-18/1760880023.json"
"581513","221281","2025-10-20","36.00","NZD","1760892984","23477/2025-10-20/1760892984.json"
"581513","221281","2025-10-21","36.00","NZD","1760892984","23477/2025-10-21/1760892984.json"
"581514","221282","2025-10-20","36.00","NZD","1760892984","23477/2025-10-20/1760892984.json"
"581514","221282","2025-10-21","36.00","NZD","1760892984","23477/2025-10-21/1760892984.json"
"512557","146154","2025-10-20","45.00","NZD","1760892984","23477/2025-10-20/1760892984.json"
"512557","146154","2025-10-21","45.00","NZD","1760892984","23477/2025-10-21/1760892984.json"
"365170","146153","2025-10-20","48.00","NZD","1760892984","23477/2025-10-20/1760892984.json"
"365170","146153","2025-10-21","48.00","NZD","1760892984","23477/2025-10-21/1760892984.json"
"510807","146155","2025-10-20","52.00","NZD","1760892984","23477/2025-10-20/1760892984.json"
"510807","146155","2025-10-21","52.00","NZD","1760892984","23477/2025-10-21/1760892984.json"
"581513","221281","2025-10-22","36.00","NZD","1760892984","23477/2025-10-22/1760892984.json"
"581514","221282","2025-10-22","36.00","NZD","1760892984","23477/2025-10-22/1760892984.json"
"512557","146154","2025-10-22","45.00","NZD","1760892984","23477/2025-10-22/1760892984.json"
"365170","146153","2025-10-22","48.00","NZD","1760892984","23477/2025-10-22/1760892984.json"
"510807","146155","2025-10-22","52.00","NZD","1760892984","23477/2025-10-22/1760892984.json"
"581513","221281","2025-10-23","36.00","NZD","1760892984","23477/2025-10-23/1760892984.json"
"581514","221282","2025-10-23","36.00","NZD","1760892984","23477/2025-10-23/1760892984.json"
"512557","146154","2025-10-23","45.00","NZD","1760892984","23477/2025-10-23/1760892984.json"
"365170","146153","2025-10-23","48.00","NZD","1760892984","23477/2025-10-23/1760892984.json"
"510807","146155","2025-10-23","52.00","NZD","1760892984","23477/2025-10-23/1760892984.json"
"581513","221281","2025-10-25","38.00","NZD","1760892984","23477/2025-10-25/1760892984.json"
"581514","221282","2025-10-25","38.00","NZD","1760892984","23477/2025-10-25/1760892984.json"
"512557","146154","2025-10-25","45.00","NZD","1760892984","23477/2025-10-25/1760892984.json"
"581513","221281","2025-10-26","38.00","NZD","1760892984","23477/2025-10-26/1760892984.json"
"581514","221282","2025-10-26","38.00","NZD","1760892984","23477/2025-10-26/1760892984.json"
"512557","146154","2025-10-26","45.00","NZD","1760892984","23477/2025-10-26/1760892984.json"
"581513","221281","2025-10-27","38.00","NZD","1760892984","23477/2025-10-27/1760892984.json"
"581514","221282","2025-10-27","38.00","NZD","1760892984","23477/2025-10-27/1760892984.json"
"512557","146154","2025-10-27","45.00","NZD","1760892984","23477/2025-10-27/1760892984.json"
"365170","146153","2025-10-27","48.00","NZD","1760892984","23477/2025-10-27/1760892984.json"
"510807","146155","2025-10-27","52.00","NZD","1760892984","23477/2025-10-27/1760892984.json"
"581513","221281","2025-10-24","36.00","NZD","1760892984","23477/2025-10-24/1760892984.json"
"581514","221282","2025-10-24","36.00","NZD","1760892984","23477/2025-10-24/1760892984.json"
"512557","146154","2025-10-24","45.00","NZD","1760892984","23477/2025-10-24/1760892984.json"
"365170","146153","2025-10-24","48.00","NZD","1760892984","23477/2025-10-24/1760892984.json"
"510807","146155","2025-10-24","52.00","NZD","1760892984","23477/2025-10-24/1760892984.json"
"581513","221281","2025-10-29","36.00","NZD","1760892984","23477/2025-10-29/1760892984.json"
"581513","221281","2025-10-31","36.00","NZD","1760892984","23477/2025-10-31/1760892984.json"
"581514","221282","2025-10-29","36.00","NZD","1760892984","23477/2025-10-29/1760892984.json"
"581514","221282","2025-10-31","36.00","NZD","1760892984","23477/2025-10-31/1760892984.json"
"512557","146154","2025-10-31","45.00","NZD","1760892984","23477/2025-10-31/1760892984.json"
"512557","146154","2025-10-29","45.00","NZD","1760892984","23477/2025-10-29/1760892984.json"
"365170","146153","2025-10-31","48.00","NZD","1760892984","23477/2025-10-31/1760892984.json"
"365170","146153","2025-10-29","48.00","NZD","1760892984","23477/2025-10-29/1760892984.json"
"510807","146155","2025-10-31","52.00","NZD","1760892984","23477/2025-10-31/1760892984.json"
"510807","146155","2025-10-29","52.00","NZD","1760892984","23477/2025-10-29/1760892984.json"
"581513","221281","2025-10-30","36.00","NZD","1760892984","23477/2025-10-30/1760892984.json"
"581514","221282","2025-10-30","36.00","NZD","1760892984","23477/2025-10-30/1760892984.json"
"512557","146154","2025-10-30","45.00","NZD","1760892984","23477/2025-10-30/1760892984.json"
"365170","146153","2025-10-30","48.00","NZD","1760892984","23477/2025-10-30/1760892984.json"
"510807","146155","2025-10-30","52.00","NZD","1760892984","23477/2025-10-30/1760892984.json"
"581513","221281","2025-10-28","36.00","NZD","1760892984","23477/2025-10-28/1760892984.json"
"581514","221282","2025-10-28","36.00","NZD","1760892984","23477/2025-10-28/1760892984.json"
"512557","146154","2025-10-28","45.00","NZD","1760892984","23477/2025-10-28/1760892984.json"
"365170","146153","2025-10-28","48.00","NZD","1760892984","23477/2025-10-28/1760892984.json"
"510807","146155","2025-10-28","52.00","NZD","1760892984","23477/2025-10-28/1760892984.json"
"581513","221281","2025-11-01","36.00","NZD","1760892984","23477/2025-11-01/1760892984.json"
"581514","221282","2025-11-01","36.00","NZD","1760892984","23477/2025-11-01/1760892984.json"
"512557","146154","2025-11-01","45.00","NZD","1760892984","23477/2025-11-01/1760892984.json"
"365170","146153","2025-11-01","48.00","NZD","1760892984","23477/2025-11-01/1760892984.json"
"510807","146155","2025-11-01","52.00","NZD","1760892984","23477/2025-11-01/1760892984.json"
"581513","221281","2025-11-02","36.00","NZD","1760892984","23477/2025-11-02/1760892984.json"
"581514","221282","2025-11-02","36.00","NZD","1760892984","23477/2025-11-02/1760892984.json"
"512557","146154","2025-11-02","45.00","NZD","1760892984","23477/2025-11-02/1760892984.json"
"365170","146153","2025-11-02","48.00","NZD","1760892984","23477/2025-11-02/1760892984.json"
"510807","146155","2025-11-02","52.00","NZD","1760892984","23477/2025-11-02/1760892984.json"
"581513","221281","2025-11-03","36.00","NZD","1760892984","23477/2025-11-03/1760892984.json"
"581514","221282","2025-11-03","36.00","NZD","1760892984","23477/2025-11-03/1760892984.json"
"512557","146154","2025-11-03","45.00","NZD","1760892984","23477/2025-11-03/1760892984.json"
"365170","146153","2025-11-03","48.00","NZD","1760892984","23477/2025-11-03/1760892984.json"
"510807","146155","2025-11-03","52.00","NZD","1760892984","23477/2025-11-03/1760892984.json"
"581513","221281","2025-11-04","36.00","NZD","1760892984","23477/2025-11-04/1760892984.json"
"581514","221282","2025-11-04","36.00","NZD","1760892984","23477/2025-11-04/1760892984.json"
"512557","146154","2025-11-04","45.00","NZD","1760892984","23477/2025-11-04/1760892984.json"
"365170","146153","2025-11-04","48.00","NZD","1760892984","23477/2025-11-04/1760892984.json"
"510807","146155","2025-11-04","52.00","NZD","1760892984","23477/2025-11-04/1760892984.json"
"581513","221281","2025-11-05","36.00","NZD","1760892984","23477/2025-11-05/1760892984.json"
"581514","221282","2025-11-05","36.00","NZD","1760892984","23477/2025-11-05/1760892984.json"
"512557","146154","2025-11-05","45.00","NZD","1760892984","23477/2025-11-05/1760892984.json"
"365170","146153","2025-11-05","48.00","NZD","1760892984","23477/2025-11-05/1760892984.json"
"510807","146155","2025-11-05","52.00","NZD","1760892984","23477/2025-11-05/1760892984.json"
"581513","221281","2025-11-06","36.00","NZD","1760892984","23477/2025-11-06/1760892984.json"
"581514","221282","2025-11-06","36.00","NZD","1760892984","23477/2025-11-06/1760892984.json"
"512557","146154","2025-11-06","45.00","NZD","1760892984","23477/2025-11-06/1760892984.json"
"365170","146153","2025-11-06","48.00","NZD","1760892984","23477/2025-11-06/1760892984.json"
"510807","146155","2025-11-06","52.00","NZD","1760892984","23477/2025-11-06/1760892984.json"
"581513","221281","2025-11-08","36.00","NZD","1760892984","23477/2025-11-08/1760892984.json"
"581514","221282","2025-11-08","36.00","NZD","1760892984","23477/2025-11-08/1760892984.json"
"512557","146154","2025-11-08","45.00","NZD","1760892984","23477/2025-11-08/1760892984.json"
"365170","146153","2025-11-08","48.00","NZD","1760892984","23477/2025-11-08/1760892984.json"
"510807","146155","2025-11-08","52.00","NZD","1760892984","23477/2025-11-08/1760892984.json"
"581513","221281","2025-11-09","36.00","NZD","1760892984","23477/2025-11-09/1760892984.json"
"581514","221282","2025-11-09","36.00","NZD","1760892984","23477/2025-11-09/1760892984.json"
"512557","146154","2025-11-09","45.00","NZD","1760892984","23477/2025-11-09/1760892984.json"
"365170","146153","2025-11-09","48.00","NZD","1760892984","23477/2025-11-09/1760892984.json"
"510807","146155","2025-11-09","52.00","NZD","1760892984","23477/2025-11-09/1760892984.json"
"581513","221281","2025-11-07","36.00","NZD","1760892984","23477/2025-11-07/1760892984.json"
"581514","221282","2025-11-07","36.00","NZD","1760892984","23477/2025-11-07/1760892984.json"
"512557","146154","2025-11-07","45.00","NZD","1760892984","23477/2025-11-07/1760892984.json"
"365170","146153","2025-11-07","48.00","NZD","1760892984","23477/2025-11-07/1760892984.json"
"510807","146155","2025-11-07","52.00","NZD","1760892984","23477/2025-11-07/1760892984.json"
"581513","221281","2025-11-10","36.00","NZD","1760892984","23477/2025-11-10/1760892984.json"
"581514","221282","2025-11-10","36.00","NZD","1760892984","23477/2025-11-10/1760892984.json"
"512557","146154","2025-11-10","45.00","NZD","1760892984","23477/2025-11-10/1760892984.json"
"365170","146153","2025-11-10","48.00","NZD","1760892984","23477/2025-11-10/1760892984.json"
"510807","146155","2025-11-10","52.00","NZD","1760892984","23477/2025-11-10/1760892984.json"
"581513","221281","2025-11-11","36.00","NZD","1760892984","23477/2025-11-11/1760892984.json"
"581514","221282","2025-11-11","36.00","NZD","1760892984","23477/2025-11-11/1760892984.json"
"512557","146154","2025-11-11","45.00","NZD","1760892984","23477/2025-11-11/1760892984.json"
"365170","146153","2025-11-11","48.00","NZD","1760892984","23477/2025-11-11/1760892984.json"
"510807","146155","2025-11-11","52.00","NZD","1760892984","23477/2025-11-11/1760892984.json"
"581513","221281","2025-11-12","36.00","NZD","1760892984","23477/2025-11-12/1760892984.json"
"581514","221282","2025-11-12","36.00","NZD","1760892984","23477/2025-11-12/1760892984.json"
"512557","146154","2025-11-12","45.00","NZD","1760892984","23477/2025-11-12/1760892984.json"
"365170","146153","2025-11-12","48.00","NZD","1760892984","23477/2025-11-12/1760892984.json"
"510807","146155","2025-11-12","52.00","NZD","1760892984","23477/2025-11-12/1760892984.json"
"581513","221281","2025-11-13","36.00","NZD","1760892984","23477/2025-11-13/1760892984.json"
"581514","221282","2025-11-13","36.00","NZD","1760892984","23477/2025-11-13/1760892984.json"
"512557","146154","2025-11-13","45.00","NZD","1760892984","23477/2025-11-13/1760892984.json"
"365170","146153","2025-11-13","48.00","NZD","1760892984","23477/2025-11-13/1760892984.json"
"510807","146155","2025-11-13","52.00","NZD","1760892984","23477/2025-11-13/1760892984.json"
"581513","221281","2025-11-15","36.00","NZD","1760892984","23477/2025-11-15/1760892984.json"
"581514","221282","2025-11-15","36.00","NZD","1760892984","23477/2025-11-15/1760892984.json"
"512557","146154","2025-11-15","45.00","NZD","1760892984","23477/2025-11-15/1760892984.json"
"365170","146153","2025-11-15","48.00","NZD","1760892984","23477/2025-11-15/1760892984.json"
"510807","146155","2025-11-15","52.00","NZD","1760892984","23477/2025-11-15/1760892984.json"
"581513","221281","2025-11-16","36.00","NZD","1760892984","23477/2025-11-16/1760892984.json"
"581514","221282","2025-11-16","36.00","NZD","1760892984","23477/2025-11-16/1760892984.json"
"512557","146154","2025-11-16","45.00","NZD","1760892984","23477/2025-11-16/1760892984.json"
"365170","146153","2025-11-16","48.00","NZD","1760892984","23477/2025-11-16/1760892984.json"
"510807","146155","2025-11-16","52.00","NZD","1760892984","23477/2025-11-16/1760892984.json"
"581513","221281","2025-11-14","36.00","NZD","1760892984","23477/2025-11-14/1760892984.json"
"581514","221282","2025-11-14","36.00","NZD","1760892984","23477/2025-11-14/1760892984.json"
"512557","146154","2025-11-14","45.00","NZD","1760892984","23477/2025-11-14/1760892984.json"
"365170","146153","2025-11-14","48.00","NZD","1760892984","23477/2025-11-14/1760892984.json"
"510807","146155","2025-11-14","52.00","NZD","1760892984","23477/2025-11-14/1760892984.json"
"581513","221281","2025-11-17","36.00","NZD","1760892984","23477/2025-11-17/1760892984.json"
"581514","221282","2025-11-17","36.00","NZD","1760892984","23477/2025-11-17/1760892984.json"
"512557","146154","2025-11-17","45.00","NZD","1760892984","23477/2025-11-17/1760892984.json"
"365170","146153","2025-11-17","48.00","NZD","1760892984","23477/2025-11-17/1760892984.json"
"510807","146155","2025-11-17","52.00","NZD","1760892984","23477/2025-11-17/1760892984.json"
"581513","221281","2025-11-18","36.00","NZD","1760892984","23477/2025-11-18/1760892984.json"
"581514","221282","2025-11-18","36.00","NZD","1760892984","23477/2025-11-18/1760892984.json"
"512557","146154","2025-11-18","45.00","NZD","1760892984","23477/2025-11-18/1760892984.json"
"365170","146153","2025-11-18","48.00","NZD","1760892984","23477/2025-11-18/1760892984.json"
"510807","146155","2025-11-18","52.00","NZD","1760892984","23477/2025-11-18/1760892984.json"
"581513","221281","2025-11-20","36.00","NZD","1760892984","23477/2025-11-20/1760892984.json"
"581514","221282","2025-11-20","36.00","NZD","1760892984","23477/2025-11-20/1760892984.json"
"512557","146154","2025-11-20","45.00","NZD","1760892984","23477/2025-11-20/1760892984.json"
"581513","221281","2025-11-22","36.00","NZD","1760892984","23477/2025-11-22/1760892984.json"
"581514","221282","2025-11-22","36.00","NZD","1760892984","23477/2025-11-22/1760892984.json"
"512557","146154","2025-11-22","45.00","NZD","1760892984","23477/2025-11-22/1760892984.json"
"365170","146153","2025-11-22","48.00","NZD","1760892984","23477/2025-11-22/1760892984.json"
"510807","146155","2025-11-22","52.00","NZD","1760892984","23477/2025-11-22/1760892984.json"
"581513","221281","2025-11-19","36.00","NZD","1760892984","23477/2025-11-19/1760892984.json"
"581514","221282","2025-11-19","36.00","NZD","1760892984","23477/2025-11-19/1760892984.json"
"512557","146154","2025-11-19","45.00","NZD","1760892984","23477/2025-11-19/1760892984.json"
"365170","146153","2025-11-19","48.00","NZD","1760892984","23477/2025-11-19/1760892984.json"
"510807","146155","2025-11-19","52.00","NZD","1760892984","23477/2025-11-19/1760892984.json"
"581513","221281","2025-11-21","36.00","NZD","1760892984","23477/2025-11-21/1760892984.json"
"581514","221282","2025-11-21","36.00","NZD","1760892984","23477/2025-11-21/1760892984.json"
"512557","146154","2025-11-21","45.00","NZD","1760892984","23477/2025-11-21/1760892984.json"
"365170","146153","2025-11-21","48.00","NZD","1760892984","23477/2025-11-21/1760892984.json"
"510807","146155","2025-11-21","52.00","NZD","1760892984","23477/2025-11-21/1760892984.json"
"581513","221281","2025-11-23","36.00","NZD","1760892984","23477/2025-11-23/1760892984.json"
"581514","221282","2025-11-23","36.00","NZD","1760892984","23477/2025-11-23/1760892984.json"
"512557","146154","2025-11-23","45.00","NZD","1760892984","23477/2025-11-23/1760892984.json"
"365170","146153","2025-11-23","48.00","NZD","1760892984","23477/2025-11-23/1760892984.json"
"510807","146155","2025-11-23","52.00","NZD","1760892984","23477/2025-11-23/1760892984.json"
"581513","221281","2025-11-24","36.00","NZD","1760892984","23477/2025-11-24/1760892984.json"
"581514","221282","2025-11-24","36.00","NZD","1760892984","23477/2025-11-24/1760892984.json"
"512557","146154","2025-11-24","45.00","NZD","1760892984","23477/2025-11-24/1760892984.json"
"365170","146153","2025-11-24","48.00","NZD","1760892984","23477/2025-11-24/1760892984.json"
"510807","146155","2025-11-24","52.00","NZD","1760892984","23477/2025-11-24/1760892984.json"
"581513","221281","2025-11-25","36.00","NZD","1760892984","23477/2025-11-25/1760892984.json"
"581514","221282","2025-11-25","36.00","NZD","1760892984","23477/2025-11-25/1760892984.json"
"512557","146154","2025-11-25","45.00","NZD","1760892984","23477/2025-11-25/1760892984.json"
"365170","146153","2025-11-25","48.00","NZD","1760892984","23477/2025-11-25/1760892984.json"
"510807","146155","2025-11-25","52.00","NZD","1760892984","23477/2025-11-25/1760892984.json"
"581513","221281","2025-11-27","36.00","NZD","1760892984","23477/2025-11-27/1760892984.json"
"581514","221282","2025-11-27","36.00","NZD","1760892984","23477/2025-11-27/1760892984.json"
"512557","146154","2025-11-27","45.00","NZD","1760892984","23477/2025-11-27/1760892984.json"
"365170","146153","2025-11-27","48.00","NZD","1760892984","23477/2025-11-27/1760892984.json"
"510807","146155","2025-11-27","52.00","NZD","1760892984","23477/2025-11-27/1760892984.json"
"581513","221281","2025-11-26","36.00","NZD","1760892984","23477/2025-11-26/1760892984.json"
"581514","221282","2025-11-26","36.00","NZD","1760892984","23477/2025-11-26/1760892984.json"
"512557","146154","2025-11-26","45.00","NZD","1760892984","23477/2025-11-26/1760892984.json"
"365170","146153","2025-11-26","48.00","NZD","1760892984","23477/2025-11-26/1760892984.json"
"510807","146155","2025-11-26","52.00","NZD","1760892984","23477/2025-11-26/1760892984.json"
"581513","221281","2025-11-29","36.00","NZD","1760892984","23477/2025-11-29/1760892984.json"
"581514","221282","2025-11-29","36.00","NZD","1760892984","23477/2025-11-29/1760892984.json"
"512557","146154","2025-11-29","45.00","NZD","1760892984","23477/2025-11-29/1760892984.json"
"365170","146153","2025-11-29","48.00","NZD","1760892984","23477/2025-11-29/1760892984.json"
"510807","146155","2025-11-29","52.00","NZD","1760892984","23477/2025-11-29/1760892984.json"
"581513","221281","2025-12-01","36.00","NZD","1760892984","23477/2025-12-01/1760892984.json"
"581514","221282","2025-12-01","36.00","NZD","1760892984","23477/2025-12-01/1760892984.json"
"512557","146154","2025-12-01","45.00","NZD","1760892984","23477/2025-12-01/1760892984.json"
"365170","146153","2025-12-01","48.00","NZD","1760892984","23477/2025-12-01/1760892984.json"
"510807","146155","2025-12-01","52.00","NZD","1760892984","23477/2025-12-01/1760892984.json"
"581513","221281","2025-11-30","36.00","NZD","1760892984","23477/2025-11-30/1760892984.json"
"581514","221282","2025-11-30","36.00","NZD","1760892984","23477/2025-11-30/1760892984.json"
"512557","146154","2025-11-30","45.00","NZD","1760892984","23477/2025-11-30/1760892984.json"
"365170","146153","2025-11-30","48.00","NZD","1760892984","23477/2025-11-30/1760892984.json"
"510807","146155","2025-11-30","52.00","NZD","1760892984","23477/2025-11-30/1760892984.json"
"581513","221281","2025-11-28","36.00","NZD","1760892984","23477/2025-11-28/1760892984.json"
"581514","221282","2025-11-28","36.00","NZD","1760892984","23477/2025-11-28/1760892984.json"
"512557","146154","2025-11-28","45.00","NZD","1760892984","23477/2025-11-28/1760892984.json"
"365170","146153","2025-11-28","48.00","NZD","1760892984","23477/2025-11-28/1760892984.json"
"510807","146155","2025-11-28","52.00","NZD","1760892984","23477/2025-11-28/1760892984.json"
"581513","221281","2025-12-02","36.00","NZD","1760892984","23477/2025-12-02/1760892984.json"
"581514","221282","2025-12-02","36.00","NZD","1760892984","23477/2025-12-02/1760892984.json"
"512557","146154","2025-12-02","45.00","NZD","1760892984","23477/2025-12-02/1760892984.json"
"365170","146153","2025-12-02","48.00","NZD","1760892984","23477/2025-12-02/1760892984.json"
"510807","146155","2025-12-02","52.00","NZD","1760892984","23477/2025-12-02/1760892984.json"
"581513","221281","2025-12-03","36.00","NZD","1760892984","23477/2025-12-03/1760892984.json"
"581514","221282","2025-12-03","36.00","NZD","1760892984","23477/2025-12-03/1760892984.json"
"512557","146154","2025-12-03","45.00","NZD","1760892984","23477/2025-12-03/1760892984.json"
"365170","146153","2025-12-03","48.00","NZD","1760892984","23477/2025-12-03/1760892984.json"
"510807","146155","2025-12-03","52.00","NZD","1760892984","23477/2025-12-03/1760892984.json"
"581513","221281","2025-12-04","36.00","NZD","1760892984","23477/2025-12-04/1760892984.json"
"581514","221282","2025-12-04","36.00","NZD","1760892984","23477/2025-12-04/1760892984.json"
"512557","146154","2025-12-04","45.00","NZD","1760892984","23477/2025-12-04/1760892984.json"
"365170","146153","2025-12-04","48.00","NZD","1760892984","23477/2025-12-04/1760892984.json"
"510807","146155","2025-12-04","52.00","NZD","1760892984","23477/2025-12-04/1760892984.json"
"581513","221281","2025-12-05","36.00","NZD","1760892984","23477/2025-12-05/1760892984.json"
"581514","221282","2025-12-05","36.00","NZD","1760892984","23477/2025-12-05/1760892984.json"
"512557","146154","2025-12-05","45.00","NZD","1760892984","23477/2025-12-05/1760892984.json"
"365170","146153","2025-12-05","48.00","NZD","1760892984","23477/2025-12-05/1760892984.json"
"510807","146155","2025-12-05","52.00","NZD","1760892984","23477/2025-12-05/1760892984.json"
"581513","221281","2025-12-06","36.00","NZD","1760892984","23477/2025-12-06/1760892984.json"
"581514","221282","2025-12-06","36.00","NZD","1760892984","23477/2025-12-06/1760892984.json"
"512557","146154","2025-12-06","45.00","NZD","1760892984","23477/2025-12-06/1760892984.json"
"365170","146153","2025-12-06","48.00","NZD","1760892984","23477/2025-12-06/1760892984.json"
"510807","146155","2025-12-06","52.00","NZD","1760892984","23477/2025-12-06/1760892984.json"
"581513","221281","2025-12-07","36.00","NZD","1760892984","23477/2025-12-07/1760892984.json"
"581514","221282","2025-12-07","36.00","NZD","1760892984","23477/2025-12-07/1760892984.json"
"512557","146154","2025-12-07","45.00","NZD","1760892984","23477/2025-12-07/1760892984.json"
"365170","146153","2025-12-07","48.00","NZD","1760892984","23477/2025-12-07/1760892984.json"
"510807","146155","2025-12-07","52.00","NZD","1760892984","23477/2025-12-07/1760892984.json"
"581513","221281","2025-12-09","36.00","NZD","1760892984","23477/2025-12-09/1760892984.json"
"581514","221282","2025-12-09","36.00","NZD","1760892984","23477/2025-12-09/1760892984.json"
"512557","146154","2025-12-09","45.00","NZD","1760892984","23477/2025-12-09/1760892984.json"
"365170","146153","2025-12-09","48.00","NZD","1760892984","23477/2025-12-09/1760892984.json"
"510807","146155","2025-12-09","52.00","NZD","1760892984","23477/2025-12-09/1760892984.json"
"581513","221281","2025-12-08","36.00","NZD","1760892984","23477/2025-12-08/1760892984.json"
"581514","221282","2025-12-08","36.00","NZD","1760892984","23477/2025-12-08/1760892984.json"
"512557","146154","2025-12-08","45.00","NZD","1760892984","23477/2025-12-08/1760892984.json"
"365170","146153","2025-12-08","48.00","NZD","1760892984","23477/2025-12-08/1760892984.json"
"510807","146155","2025-12-08","52.00","NZD","1760892984","23477/2025-12-08/1760892984.json"
"581513","221281","2025-12-10","36.00","NZD","1760892984","23477/2025-12-10/1760892984.json"
"581514","221282","2025-12-10","36.00","NZD","1760892984","23477/2025-12-10/1760892984.json"
"512557","146154","2025-12-10","45.00","NZD","1760892984","23477/2025-12-10/1760892984.json"
"365170","146153","2025-12-10","48.00","NZD","1760892984","23477/2025-12-10/1760892984.json"
"510807","146155","2025-12-10","52.00","NZD","1760892984","23477/2025-12-10/1760892984.json"
"581513","221281","2025-12-11","36.00","NZD","1760892984","23477/2025-12-11/1760892984.json"
"581514","221282","2025-12-11","36.00","NZD","1760892984","23477/2025-12-11/1760892984.json"
"512557","146154","2025-12-11","45.00","NZD","1760892984","23477/2025-12-11/1760892984.json"
"365170","146153","2025-12-11","48.00","NZD","1760892984","23477/2025-12-11/1760892984.json"
"510807","146155","2025-12-11","52.00","NZD","1760892984","23477/2025-12-11/1760892984.json"
"581513","221281","2025-12-12","36.00","NZD","1760892984","23477/2025-12-12/1760892984.json"
"581513","221281","2025-12-13","36.00","NZD","1760892984","23477/2025-12-13/1760892984.json"
"581514","221282","2025-12-12","36.00","NZD","1760892984","23477/2025-12-12/1760892984.json"
"581514","221282","2025-12-13","36.00","NZD","1760892984","23477/2025-12-13/1760892984.json"
"512557","146154","2025-12-13","45.00","NZD","1760892984","23477/2025-12-13/1760892984.json"
"512557","146154","2025-12-12","45.00","NZD","1760892984","23477/2025-12-12/1760892984.json"
"365170","146153","2025-12-13","48.00","NZD","1760892984","23477/2025-12-13/1760892984.json"
"510807","146155","2025-12-13","52.00","NZD","1760892984","23477/2025-12-13/1760892984.json"
"365170","146153","2025-12-12","48.00","NZD","1760892984","23477/2025-12-12/1760892984.json"
"510807","146155","2025-12-12","52.00","NZD","1760892984","23477/2025-12-12/1760892984.json"
"581513","221281","2025-12-16","36.00","NZD","1760892984","23477/2025-12-16/1760892984.json"
"581514","221282","2025-12-16","36.00","NZD","1760892984","23477/2025-12-16/1760892984.json"
"512557","146154","2025-12-16","45.00","NZD","1760892984","23477/2025-12-16/1760892984.json"
"365170","146153","2025-12-16","48.00","NZD","1760892984","23477/2025-12-16/1760892984.json"
"510807","146155","2025-12-16","52.00","NZD","1760892984","23477/2025-12-16/1760892984.json"
"581513","221281","2025-12-17","36.00","NZD","1760892984","23477/2025-12-17/1760892984.json"
"581514","221282","2025-12-17","36.00","NZD","1760892984","23477/2025-12-17/1760892984.json"
"512557","146154","2025-12-17","45.00","NZD","1760892984","23477/2025-12-17/1760892984.json"
"365170","146153","2025-12-17","48.00","NZD","1760892984","23477/2025-12-17/1760892984.json"
"510807","146155","2025-12-17","52.00","NZD","1760892984","23477/2025-12-17/1760892984.json"
"581513","221281","2025-12-15","36.00","NZD","1760892984","23477/2025-12-15/1760892984.json"
"581514","221282","2025-12-15","36.00","NZD","1760892984","23477/2025-12-15/1760892984.json"
"512557","146154","2025-12-15","45.00","NZD","1760892984","23477/2025-12-15/1760892984.json"
"365170","146153","2025-12-15","48.00","NZD","1760892984","23477/2025-12-15/1760892984.json"
"510807","146155","2025-12-15","52.00","NZD","1760892984","23477/2025-12-15/1760892984.json"
"581513","221281","2025-12-14","36.00","NZD","1760892984","23477/2025-12-14/1760892984.json"
"581514","221282","2025-12-14","36.00","NZD","1760892984","23477/2025-12-14/1760892984.json"
"512557","146154","2025-12-14","45.00","NZD","1760892984","23477/2025-12-14/1760892984.json"
"365170","146153","2025-12-14","48.00","NZD","1760892984","23477/2025-12-14/1760892984.json"
"510807","146155","2025-12-14","52.00","NZD","1760892984","23477/2025-12-14/1760892984.json"
"581513","221281","2025-12-18","36.00","NZD","1760892984","23477/2025-12-18/1760892984.json"
"581514","221282","2025-12-18","36.00","NZD","1760892984","23477/2025-12-18/1760892984.json"
"512557","146154","2025-12-18","45.00","NZD","1760892984","23477/2025-12-18/1760892984.json"
"365170","146153","2025-12-18","48.00","NZD","1760892984","23477/2025-12-18/1760892984.json"
"510807","146155","2025-12-18","52.00","NZD","1760892984","23477/2025-12-18/1760892984.json"
"581513","221281","2025-10-22","36.00","NZD","1760906883","23477/2025-10-22/1760906883.json"
"581514","221282","2025-10-22","36.00","NZD","1760906883","23477/2025-10-22/1760906883.json"
"512557","146154","2025-10-22","45.00","NZD","1760906883","23477/2025-10-22/1760906883.json"
"365170","146153","2025-10-22","48.00","NZD","1760906883","23477/2025-10-22/1760906883.json"
"510807","146155","2025-10-22","52.00","NZD","1760906883","23477/2025-10-22/1760906883.json"
"581513","221281","2025-10-20","36.00","NZD","1760906883","23477/2025-10-20/1760906883.json"
"581514","221282","2025-10-20","36.00","NZD","1760906883","23477/2025-10-20/1760906883.json"
"512557","146154","2025-10-20","45.00","NZD","1760906883","23477/2025-10-20/1760906883.json"
"365170","146153","2025-10-20","48.00","NZD","1760906883","23477/2025-10-20/1760906883.json"
"510807","146155","2025-10-20","52.00","NZD","1760906883","23477/2025-10-20/1760906883.json"
"581513","221281","2025-10-23","36.00","NZD","1760906883","23477/2025-10-23/1760906883.json"
"581514","221282","2025-10-23","36.00","NZD","1760906883","23477/2025-10-23/1760906883.json"
"512557","146154","2025-10-23","45.00","NZD","1760906883","23477/2025-10-23/1760906883.json"
"365170","146153","2025-10-23","48.00","NZD","1760906883","23477/2025-10-23/1760906883.json"
"510807","146155","2025-10-23","52.00","NZD","1760906883","23477/2025-10-23/1760906883.json"
"581513","221281","2025-10-25","38.00","NZD","1760906883","23477/2025-10-25/1760906883.json"
"581514","221282","2025-10-25","38.00","NZD","1760906883","23477/2025-10-25/1760906883.json"
"512557","146154","2025-10-25","45.00","NZD","1760906883","23477/2025-10-25/1760906883.json"
"581513","221281","2025-10-24","36.00","NZD","1760906883","23477/2025-10-24/1760906883.json"
"581514","221282","2025-10-24","36.00","NZD","1760906883","23477/2025-10-24/1760906883.json"
"512557","146154","2025-10-24","45.00","NZD","1760906883","23477/2025-10-24/1760906883.json"
"365170","146153","2025-10-24","48.00","NZD","1760906883","23477/2025-10-24/1760906883.json"
"510807","146155","2025-10-24","52.00","NZD","1760906883","23477/2025-10-24/1760906883.json"
"581513","221281","2025-10-26","38.00","NZD","1760906883","23477/2025-10-26/1760906883.json"
"581514","221282","2025-10-26","38.00","NZD","1760906883","23477/2025-10-26/1760906883.json"
"512557","146154","2025-10-26","45.00","NZD","1760906883","23477/2025-10-26/1760906883.json"
"581513","221281","2025-10-21","36.00","NZD","1760906883","23477/2025-10-21/1760906883.json"
"581514","221282","2025-10-21","36.00","NZD","1760906883","23477/2025-10-21/1760906883.json"
"512557","146154","2025-10-21","45.00","NZD","1760906883","23477/2025-10-21/1760906883.json"
"365170","146153","2025-10-21","48.00","NZD","1760906883","23477/2025-10-21/1760906883.json"
"510807","146155","2025-10-21","52.00","NZD","1760906883","23477/2025-10-21/1760906883.json"
"581513","221281","2025-10-27","38.00","NZD","1760906883","23477/2025-10-27/1760906883.json"
"581514","221282","2025-10-27","38.00","NZD","1760906883","23477/2025-10-27/1760906883.json"
"512557","146154","2025-10-27","45.00","NZD","1760906883","23477/2025-10-27/1760906883.json"
"365170","146153","2025-10-27","48.00","NZD","1760906883","23477/2025-10-27/1760906883.json"
"510807","146155","2025-10-27","52.00","NZD","1760906883","23477/2025-10-27/1760906883.json"
"581513","221281","2025-10-28","36.00","NZD","1760906883","23477/2025-10-28/1760906883.json"
"581514","221282","2025-10-28","36.00","NZD","1760906883","23477/2025-10-28/1760906883.json"
"512557","146154","2025-10-28","45.00","NZD","1760906883","23477/2025-10-28/1760906883.json"
"365170","146153","2025-10-28","48.00","NZD","1760906883","23477/2025-10-28/1760906883.json"
"510807","146155","2025-10-28","52.00","NZD","1760906883","23477/2025-10-28/1760906883.json"
"581513","221281","2025-10-29","36.00","NZD","1760906883","23477/2025-10-29/1760906883.json"
"581514","221282","2025-10-29","36.00","NZD","1760906883","23477/2025-10-29/1760906883.json"
"512557","146154","2025-10-29","45.00","NZD","1760906883","23477/2025-10-29/1760906883.json"
"365170","146153","2025-10-29","48.00","NZD","1760906883","23477/2025-10-29/1760906883.json"
"510807","146155","2025-10-29","52.00","NZD","1760906883","23477/2025-10-29/1760906883.json"
"581513","221281","2025-10-31","36.00","NZD","1760906883","23477/2025-10-31/1760906883.json"
"581514","221282","2025-10-31","36.00","NZD","1760906883","23477/2025-10-31/1760906883.json"
"512557","146154","2025-10-31","45.00","NZD","1760906883","23477/2025-10-31/1760906883.json"
"365170","146153","2025-10-31","48.00","NZD","1760906883","23477/2025-10-31/1760906883.json"
"510807","146155","2025-10-31","52.00","NZD","1760906883","23477/2025-10-31/1760906883.json"
"581513","221281","2025-10-30","36.00","NZD","1760906883","23477/2025-10-30/1760906883.json"
"581514","221282","2025-10-30","36.00","NZD","1760906883","23477/2025-10-30/1760906883.json"
"512557","146154","2025-10-30","45.00","NZD","1760906883","23477/2025-10-30/1760906883.json"
"365170","146153","2025-10-30","48.00","NZD","1760906883","23477/2025-10-30/1760906883.json"
"510807","146155","2025-10-30","52.00","NZD","1760906883","23477/2025-10-30/1760906883.json"
"581513","221281","2025-11-01","36.00","NZD","1760906883","23477/2025-11-01/1760906883.json"
"581514","221282","2025-11-01","36.00","NZD","1760906883","23477/2025-11-01/1760906883.json"
"512557","146154","2025-11-01","45.00","NZD","1760906883","23477/2025-11-01/1760906883.json"
"365170","146153","2025-11-01","48.00","NZD","1760906883","23477/2025-11-01/1760906883.json"
"510807","146155","2025-11-01","52.00","NZD","1760906883","23477/2025-11-01/1760906883.json"
"581513","221281","2025-11-02","36.00","NZD","1760906883","23477/2025-11-02/1760906883.json"
"581514","221282","2025-11-02","36.00","NZD","1760906883","23477/2025-11-02/1760906883.json"
"512557","146154","2025-11-02","45.00","NZD","1760906883","23477/2025-11-02/1760906883.json"
"365170","146153","2025-11-02","48.00","NZD","1760906883","23477/2025-11-02/1760906883.json"
"510807","146155","2025-11-02","52.00","NZD","1760906883","23477/2025-11-02/1760906883.json"
"581513","221281","2025-11-03","36.00","NZD","1760906883","23477/2025-11-03/1760906883.json"
"581514","221282","2025-11-03","36.00","NZD","1760906883","23477/2025-11-03/1760906883.json"
"512557","146154","2025-11-03","45.00","NZD","1760906883","23477/2025-11-03/1760906883.json"
"365170","146153","2025-11-03","48.00","NZD","1760906883","23477/2025-11-03/1760906883.json"
"510807","146155","2025-11-03","52.00","NZD","1760906883","23477/2025-11-03/1760906883.json"
"581513","221281","2025-11-04","36.00","NZD","1760906883","23477/2025-11-04/1760906883.json"
"581514","221282","2025-11-04","36.00","NZD","1760906883","23477/2025-11-04/1760906883.json"
"512557","146154","2025-11-04","45.00","NZD","1760906883","23477/2025-11-04/1760906883.json"
"365170","146153","2025-11-04","48.00","NZD","1760906883","23477/2025-11-04/1760906883.json"
"510807","146155","2025-11-04","52.00","NZD","1760906883","23477/2025-11-04/1760906883.json"
"581513","221281","2025-11-05","36.00","NZD","1760906883","23477/2025-11-05/1760906883.json"
"581514","221282","2025-11-05","36.00","NZD","1760906883","23477/2025-11-05/1760906883.json"
"512557","146154","2025-11-05","45.00","NZD","1760906883","23477/2025-11-05/1760906883.json"
"365170","146153","2025-11-05","48.00","NZD","1760906883","23477/2025-11-05/1760906883.json"
"510807","146155","2025-11-05","52.00","NZD","1760906883","23477/2025-11-05/1760906883.json"
"581513","221281","2025-11-06","36.00","NZD","1760906883","23477/2025-11-06/1760906883.json"
"581514","221282","2025-11-06","36.00","NZD","1760906883","23477/2025-11-06/1760906883.json"
"512557","146154","2025-11-06","45.00","NZD","1760906883","23477/2025-11-06/1760906883.json"
"365170","146153","2025-11-06","48.00","NZD","1760906883","23477/2025-11-06/1760906883.json"
"510807","146155","2025-11-06","52.00","NZD","1760906883","23477/2025-11-06/1760906883.json"
"581513","221281","2025-11-07","36.00","NZD","1760906883","23477/2025-11-07/1760906883.json"
"581514","221282","2025-11-07","36.00","NZD","1760906883","23477/2025-11-07/1760906883.json"
"512557","146154","2025-11-07","45.00","NZD","1760906883","23477/2025-11-07/1760906883.json"
"365170","146153","2025-11-07","48.00","NZD","1760906883","23477/2025-11-07/1760906883.json"
"510807","146155","2025-11-07","52.00","NZD","1760906883","23477/2025-11-07/1760906883.json"
"581513","221281","2025-11-08","36.00","NZD","1760906883","23477/2025-11-08/1760906883.json"
"581514","221282","2025-11-08","36.00","NZD","1760906883","23477/2025-11-08/1760906883.json"
"512557","146154","2025-11-08","45.00","NZD","1760906883","23477/2025-11-08/1760906883.json"
"365170","146153","2025-11-08","48.00","NZD","1760906883","23477/2025-11-08/1760906883.json"
"510807","146155","2025-11-08","52.00","NZD","1760906883","23477/2025-11-08/1760906883.json"
"581513","221281","2025-11-09","36.00","NZD","1760906883","23477/2025-11-09/1760906883.json"
"581514","221282","2025-11-09","36.00","NZD","1760906883","23477/2025-11-09/1760906883.json"
"512557","146154","2025-11-09","45.00","NZD","1760906883","23477/2025-11-09/1760906883.json"
"365170","146153","2025-11-09","48.00","NZD","1760906883","23477/2025-11-09/1760906883.json"
"510807","146155","2025-11-09","52.00","NZD","1760906883","23477/2025-11-09/1760906883.json"
"581513","221281","2025-11-11","36.00","NZD","1760906883","23477/2025-11-11/1760906883.json"
"581514","221282","2025-11-11","36.00","NZD","1760906883","23477/2025-11-11/1760906883.json"
"512557","146154","2025-11-11","45.00","NZD","1760906883","23477/2025-11-11/1760906883.json"
"365170","146153","2025-11-11","48.00","NZD","1760906883","23477/2025-11-11/1760906883.json"
"510807","146155","2025-11-11","52.00","NZD","1760906883","23477/2025-11-11/1760906883.json"
"581513","221281","2025-11-10","36.00","NZD","1760906883","23477/2025-11-10/1760906883.json"
"581514","221282","2025-11-10","36.00","NZD","1760906883","23477/2025-11-10/1760906883.json"
"512557","146154","2025-11-10","45.00","NZD","1760906883","23477/2025-11-10/1760906883.json"
"365170","146153","2025-11-10","48.00","NZD","1760906883","23477/2025-11-10/1760906883.json"
"510807","146155","2025-11-10","52.00","NZD","1760906883","23477/2025-11-10/1760906883.json"
"581513","221281","2025-11-14","36.00","NZD","1760906883","23477/2025-11-14/1760906883.json"
"581514","221282","2025-11-14","36.00","NZD","1760906883","23477/2025-11-14/1760906883.json"
"512557","146154","2025-11-14","45.00","NZD","1760906883","23477/2025-11-14/1760906883.json"
"365170","146153","2025-11-14","48.00","NZD","1760906883","23477/2025-11-14/1760906883.json"
"510807","146155","2025-11-14","52.00","NZD","1760906883","23477/2025-11-14/1760906883.json"
"581513","221281","2025-11-13","36.00","NZD","1760906883","23477/2025-11-13/1760906883.json"
"581514","221282","2025-11-13","36.00","NZD","1760906883","23477/2025-11-13/1760906883.json"
"512557","146154","2025-11-13","45.00","NZD","1760906883","23477/2025-11-13/1760906883.json"
"365170","146153","2025-11-13","48.00","NZD","1760906883","23477/2025-11-13/1760906883.json"
"510807","146155","2025-11-13","52.00","NZD","1760906883","23477/2025-11-13/1760906883.json"
"581513","221281","2025-11-15","36.00","NZD","1760906883","23477/2025-11-15/1760906883.json"
"581514","221282","2025-11-15","36.00","NZD","1760906883","23477/2025-11-15/1760906883.json"
"512557","146154","2025-11-15","45.00","NZD","1760906883","23477/2025-11-15/1760906883.json"
"365170","146153","2025-11-15","48.00","NZD","1760906883","23477/2025-11-15/1760906883.json"
"510807","146155","2025-11-15","52.00","NZD","1760906883","23477/2025-11-15/1760906883.json"
"581513","221281","2025-11-12","36.00","NZD","1760906883","23477/2025-11-12/1760906883.json"
"581514","221282","2025-11-12","36.00","NZD","1760906883","23477/2025-11-12/1760906883.json"
"512557","146154","2025-11-12","45.00","NZD","1760906883","23477/2025-11-12/1760906883.json"
"365170","146153","2025-11-12","48.00","NZD","1760906883","23477/2025-11-12/1760906883.json"
"510807","146155","2025-11-12","52.00","NZD","1760906883","23477/2025-11-12/1760906883.json"
"581513","221281","2025-11-17","36.00","NZD","1760906883","23477/2025-11-17/1760906883.json"
"581514","221282","2025-11-17","36.00","NZD","1760906883","23477/2025-11-17/1760906883.json"
"512557","146154","2025-11-17","45.00","NZD","1760906883","23477/2025-11-17/1760906883.json"
"365170","146153","2025-11-17","48.00","NZD","1760906883","23477/2025-11-17/1760906883.json"
"510807","146155","2025-11-17","52.00","NZD","1760906883","23477/2025-11-17/1760906883.json"
"581513","221281","2025-11-16","36.00","NZD","1760906883","23477/2025-11-16/1760906883.json"
"581514","221282","2025-11-16","36.00","NZD","1760906883","23477/2025-11-16/1760906883.json"
"512557","146154","2025-11-16","45.00","NZD","1760906883","23477/2025-11-16/1760906883.json"
"365170","146153","2025-11-16","48.00","NZD","1760906883","23477/2025-11-16/1760906883.json"
"510807","146155","2025-11-16","52.00","NZD","1760906883","23477/2025-11-16/1760906883.json"
"581513","221281","2025-11-18","36.00","NZD","1760906883","23477/2025-11-18/1760906883.json"
"581514","221282","2025-11-18","36.00","NZD","1760906883","23477/2025-11-18/1760906883.json"
"512557","146154","2025-11-18","45.00","NZD","1760906883","23477/2025-11-18/1760906883.json"
"365170","146153","2025-11-18","48.00","NZD","1760906883","23477/2025-11-18/1760906883.json"
"510807","146155","2025-11-18","52.00","NZD","1760906883","23477/2025-11-18/1760906883.json"
"581513","221281","2025-11-19","36.00","NZD","1760906883","23477/2025-11-19/1760906883.json"
"581514","221282","2025-11-19","36.00","NZD","1760906883","23477/2025-11-19/1760906883.json"
"512557","146154","2025-11-19","45.00","NZD","1760906883","23477/2025-11-19/1760906883.json"
"365170","146153","2025-11-19","48.00","NZD","1760906883","23477/2025-11-19/1760906883.json"
"510807","146155","2025-11-19","52.00","NZD","1760906883","23477/2025-11-19/1760906883.json"
"581513","221281","2025-11-20","36.00","NZD","1760906883","23477/2025-11-20/1760906883.json"
"581514","221282","2025-11-20","36.00","NZD","1760906883","23477/2025-11-20/1760906883.json"
"512557","146154","2025-11-20","45.00","NZD","1760906883","23477/2025-11-20/1760906883.json"
"581513","221281","2025-11-21","36.00","NZD","1760906883","23477/2025-11-21/1760906883.json"
"581514","221282","2025-11-21","36.00","NZD","1760906883","23477/2025-11-21/1760906883.json"
"512557","146154","2025-11-21","45.00","NZD","1760906883","23477/2025-11-21/1760906883.json"
"365170","146153","2025-11-21","48.00","NZD","1760906883","23477/2025-11-21/1760906883.json"
"510807","146155","2025-11-21","52.00","NZD","1760906883","23477/2025-11-21/1760906883.json"
"581513","221281","2025-11-23","36.00","NZD","1760906883","23477/2025-11-23/1760906883.json"
"581514","221282","2025-11-23","36.00","NZD","1760906883","23477/2025-11-23/1760906883.json"
"512557","146154","2025-11-23","45.00","NZD","1760906883","23477/2025-11-23/1760906883.json"
"365170","146153","2025-11-23","48.00","NZD","1760906883","23477/2025-11-23/1760906883.json"
"510807","146155","2025-11-23","52.00","NZD","1760906883","23477/2025-11-23/1760906883.json"
"581513","221281","2025-11-22","36.00","NZD","1760906883","23477/2025-11-22/1760906883.json"
"581514","221282","2025-11-22","36.00","NZD","1760906883","23477/2025-11-22/1760906883.json"
"512557","146154","2025-11-22","45.00","NZD","1760906883","23477/2025-11-22/1760906883.json"
"365170","146153","2025-11-22","48.00","NZD","1760906883","23477/2025-11-22/1760906883.json"
"510807","146155","2025-11-22","52.00","NZD","1760906883","23477/2025-11-22/1760906883.json"
"581513","221281","2025-11-24","36.00","NZD","1760906883","23477/2025-11-24/1760906883.json"
"581514","221282","2025-11-24","36.00","NZD","1760906883","23477/2025-11-24/1760906883.json"
"512557","146154","2025-11-24","45.00","NZD","1760906883","23477/2025-11-24/1760906883.json"
"365170","146153","2025-11-24","48.00","NZD","1760906883","23477/2025-11-24/1760906883.json"
"510807","146155","2025-11-24","52.00","NZD","1760906883","23477/2025-11-24/1760906883.json"
"581513","221281","2025-11-25","36.00","NZD","1760906883","23477/2025-11-25/1760906883.json"
"581514","221282","2025-11-25","36.00","NZD","1760906883","23477/2025-11-25/1760906883.json"
"512557","146154","2025-11-25","45.00","NZD","1760906883","23477/2025-11-25/1760906883.json"
"365170","146153","2025-11-25","48.00","NZD","1760906883","23477/2025-11-25/1760906883.json"
"510807","146155","2025-11-25","52.00","NZD","1760906883","23477/2025-11-25/1760906883.json"
"581513","221281","2025-11-26","36.00","NZD","1760906883","23477/2025-11-26/1760906883.json"
"581514","221282","2025-11-26","36.00","NZD","1760906883","23477/2025-11-26/1760906883.json"
"512557","146154","2025-11-26","45.00","NZD","1760906883","23477/2025-11-26/1760906883.json"
"365170","146153","2025-11-26","48.00","NZD","1760906883","23477/2025-11-26/1760906883.json"
"510807","146155","2025-11-26","52.00","NZD","1760906883","23477/2025-11-26/1760906883.json"
"581513","221281","2025-11-27","36.00","NZD","1760906883","23477/2025-11-27/1760906883.json"
"581514","221282","2025-11-27","36.00","NZD","1760906883","23477/2025-11-27/1760906883.json"
"512557","146154","2025-11-27","45.00","NZD","1760906883","23477/2025-11-27/1760906883.json"
"365170","146153","2025-11-27","48.00","NZD","1760906883","23477/2025-11-27/1760906883.json"
"510807","146155","2025-11-27","52.00","NZD","1760906883","23477/2025-11-27/1760906883.json"
"581513","221281","2025-11-28","36.00","NZD","1760906883","23477/2025-11-28/1760906883.json"
"581514","221282","2025-11-28","36.00","NZD","1760906883","23477/2025-11-28/1760906883.json"
"512557","146154","2025-11-28","45.00","NZD","1760906883","23477/2025-11-28/1760906883.json"
"365170","146153","2025-11-28","48.00","NZD","1760906883","23477/2025-11-28/1760906883.json"
"510807","146155","2025-11-28","52.00","NZD","1760906883","23477/2025-11-28/1760906883.json"
"581513","221281","2025-11-29","36.00","NZD","1760906883","23477/2025-11-29/1760906883.json"
"581514","221282","2025-11-29","36.00","NZD","1760906883","23477/2025-11-29/1760906883.json"
"512557","146154","2025-11-29","45.00","NZD","1760906883","23477/2025-11-29/1760906883.json"
"365170","146153","2025-11-29","48.00","NZD","1760906883","23477/2025-11-29/1760906883.json"
"510807","146155","2025-11-29","52.00","NZD","1760906883","23477/2025-11-29/1760906883.json"
"581513","221281","2025-11-30","36.00","NZD","1760906883","23477/2025-11-30/1760906883.json"
"581514","221282","2025-11-30","36.00","NZD","1760906883","23477/2025-11-30/1760906883.json"
"512557","146154","2025-11-30","45.00","NZD","1760906883","23477/2025-11-30/1760906883.json"
"365170","146153","2025-11-30","48.00","NZD","1760906883","23477/2025-11-30/1760906883.json"
"510807","146155","2025-11-30","52.00","NZD","1760906883","23477/2025-11-30/1760906883.json"
"581513","221281","2025-12-01","36.00","NZD","1760906883","23477/2025-12-01/1760906883.json"
"581514","221282","2025-12-01","36.00","NZD","1760906883","23477/2025-12-01/1760906883.json"
"512557","146154","2025-12-01","45.00","NZD","1760906883","23477/2025-12-01/1760906883.json"
"365170","146153","2025-12-01","48.00","NZD","1760906883","23477/2025-12-01/1760906883.json"
"510807","146155","2025-12-01","52.00","NZD","1760906883","23477/2025-12-01/1760906883.json"
"581513","221281","2025-12-02","36.00","NZD","1760906883","23477/2025-12-02/1760906883.json"
"581514","221282","2025-12-02","36.00","NZD","1760906883","23477/2025-12-02/1760906883.json"
"512557","146154","2025-12-02","45.00","NZD","1760906883","23477/2025-12-02/1760906883.json"
"365170","146153","2025-12-02","48.00","NZD","1760906883","23477/2025-12-02/1760906883.json"
"510807","146155","2025-12-02","52.00","NZD","1760906883","23477/2025-12-02/1760906883.json"
"581513","221281","2025-12-03","36.00","NZD","1760906883","23477/2025-12-03/1760906883.json"
"581514","221282","2025-12-03","36.00","NZD","1760906883","23477/2025-12-03/1760906883.json"
"512557","146154","2025-12-03","45.00","NZD","1760906883","23477/2025-12-03/1760906883.json"
"365170","146153","2025-12-03","48.00","NZD","1760906883","23477/2025-12-03/1760906883.json"
"510807","146155","2025-12-03","52.00","NZD","1760906883","23477/2025-12-03/1760906883.json"
"581513","221281","2025-12-04","36.00","NZD","1760906883","23477/2025-12-04/1760906883.json"
"581514","221282","2025-12-04","36.00","NZD","1760906883","23477/2025-12-04/1760906883.json"
"512557","146154","2025-12-04","45.00","NZD","1760906883","23477/2025-12-04/1760906883.json"
"365170","146153","2025-12-04","48.00","NZD","1760906883","23477/2025-12-04/1760906883.json"
"510807","146155","2025-12-04","52.00","NZD","1760906883","23477/2025-12-04/1760906883.json"
"581513","221281","2025-12-07","36.00","NZD","1760906883","23477/2025-12-07/1760906883.json"
"581514","221282","2025-12-07","36.00","NZD","1760906883","23477/2025-12-07/1760906883.json"
"512557","146154","2025-12-07","45.00","NZD","1760906883","23477/2025-12-07/1760906883.json"
"365170","146153","2025-12-07","48.00","NZD","1760906883","23477/2025-12-07/1760906883.json"
"510807","146155","2025-12-07","52.00","NZD","1760906883","23477/2025-12-07/1760906883.json"
"581513","221281","2025-12-06","36.00","NZD","1760906883","23477/2025-12-06/1760906883.json"
"581513","221281","2025-12-05","36.00","NZD","1760906883","23477/2025-12-05/1760906883.json"
"581514","221282","2025-12-06","36.00","NZD","1760906883","23477/2025-12-06/1760906883.json"
"581514","221282","2025-12-05","36.00","NZD","1760906883","23477/2025-12-05/1760906883.json"
"512557","146154","2025-12-05","45.00","NZD","1760906883","23477/2025-12-05/1760906883.json"
"512557","146154","2025-12-06","45.00","NZD","1760906883","23477/2025-12-06/1760906883.json"
"365170","146153","2025-12-05","48.00","NZD","1760906883","23477/2025-12-05/1760906883.json"
"510807","146155","2025-12-05","52.00","NZD","1760906883","23477/2025-12-05/1760906883.json"
"365170","146153","2025-12-06","48.00","NZD","1760906883","23477/2025-12-06/1760906883.json"
"510807","146155","2025-12-06","52.00","NZD","1760906883","23477/2025-12-06/1760906883.json"
"581513","221281","2025-12-08","36.00","NZD","1760906883","23477/2025-12-08/1760906883.json"
"581514","221282","2025-12-08","36.00","NZD","1760906883","23477/2025-12-08/1760906883.json"
"512557","146154","2025-12-08","45.00","NZD","1760906883","23477/2025-12-08/1760906883.json"
"365170","146153","2025-12-08","48.00","NZD","1760906883","23477/2025-12-08/1760906883.json"
"510807","146155","2025-12-08","52.00","NZD","1760906883","23477/2025-12-08/1760906883.json"
"581513","221281","2025-12-11","36.00","NZD","1760906883","23477/2025-12-11/1760906883.json"
"581514","221282","2025-12-11","36.00","NZD","1760906883","23477/2025-12-11/1760906883.json"
"512557","146154","2025-12-11","45.00","NZD","1760906883","23477/2025-12-11/1760906883.json"
"365170","146153","2025-12-11","48.00","NZD","1760906883","23477/2025-12-11/1760906883.json"
"510807","146155","2025-12-11","52.00","NZD","1760906883","23477/2025-12-11/1760906883.json"
"581513","221281","2025-12-10","36.00","NZD","1760906883","23477/2025-12-10/1760906883.json"
"581514","221282","2025-12-10","36.00","NZD","1760906883","23477/2025-12-10/1760906883.json"
"512557","146154","2025-12-10","45.00","NZD","1760906883","23477/2025-12-10/1760906883.json"
"365170","146153","2025-12-10","48.00","NZD","1760906883","23477/2025-12-10/1760906883.json"
"510807","146155","2025-12-10","52.00","NZD","1760906883","23477/2025-12-10/1760906883.json"
"581513","221281","2025-12-12","36.00","NZD","1760906883","23477/2025-12-12/1760906883.json"
"581514","221282","2025-12-12","36.00","NZD","1760906883","23477/2025-12-12/1760906883.json"
"512557","146154","2025-12-12","45.00","NZD","1760906883","23477/2025-12-12/1760906883.json"
"365170","146153","2025-12-12","48.00","NZD","1760906883","23477/2025-12-12/1760906883.json"
"510807","146155","2025-12-12","52.00","NZD","1760906883","23477/2025-12-12/1760906883.json"
"581513","221281","2025-12-13","36.00","NZD","1760906883","23477/2025-12-13/1760906883.json"
"581514","221282","2025-12-13","36.00","NZD","1760906883","23477/2025-12-13/1760906883.json"
"512557","146154","2025-12-13","45.00","NZD","1760906883","23477/2025-12-13/1760906883.json"
"365170","146153","2025-12-13","48.00","NZD","1760906883","23477/2025-12-13/1760906883.json"
"510807","146155","2025-12-13","52.00","NZD","1760906883","23477/2025-12-13/1760906883.json"
"581513","221281","2025-12-14","36.00","NZD","1760906883","23477/2025-12-14/1760906883.json"
"581514","221282","2025-12-14","36.00","NZD","1760906883","23477/2025-12-14/1760906883.json"
"512557","146154","2025-12-14","45.00","NZD","1760906883","23477/2025-12-14/1760906883.json"
"365170","146153","2025-12-14","48.00","NZD","1760906883","23477/2025-12-14/1760906883.json"
"510807","146155","2025-12-14","52.00","NZD","1760906883","23477/2025-12-14/1760906883.json"
"581513","221281","2025-12-15","36.00","NZD","1760906883","23477/2025-12-15/1760906883.json"
"581514","221282","2025-12-15","36.00","NZD","1760906883","23477/2025-12-15/1760906883.json"
"512557","146154","2025-12-15","45.00","NZD","1760906883","23477/2025-12-15/1760906883.json"
"365170","146153","2025-12-15","48.00","NZD","1760906883","23477/2025-12-15/1760906883.json"
"510807","146155","2025-12-15","52.00","NZD","1760906883","23477/2025-12-15/1760906883.json"
"581513","221281","2025-12-16","36.00","NZD","1760906883","23477/2025-12-16/1760906883.json"
"581514","221282","2025-12-16","36.00","NZD","1760906883","23477/2025-12-16/1760906883.json"
"512557","146154","2025-12-16","45.00","NZD","1760906883","23477/2025-12-16/1760906883.json"
"365170","146153","2025-12-16","48.00","NZD","1760906883","23477/2025-12-16/1760906883.json"
"510807","146155","2025-12-16","52.00","NZD","1760906883","23477/2025-12-16/1760906883.json"
"581513","221281","2025-12-17","36.00","NZD","1760906883","23477/2025-12-17/1760906883.json"
"581514","221282","2025-12-17","36.00","NZD","1760906883","23477/2025-12-17/1760906883.json"
"512557","146154","2025-12-17","45.00","NZD","1760906883","23477/2025-12-17/1760906883.json"
"365170","146153","2025-12-17","48.00","NZD","1760906883","23477/2025-12-17/1760906883.json"
"510807","146155","2025-12-17","52.00","NZD","1760906883","23477/2025-12-17/1760906883.json"
"581513","221281","2025-12-18","36.00","NZD","1760906883","23477/2025-12-18/1760906883.json"
"581514","221282","2025-12-18","36.00","NZD","1760906883","23477/2025-12-18/1760906883.json"
"512557","146154","2025-12-18","45.00","NZD","1760906883","23477/2025-12-18/1760906883.json"
"365170","146153","2025-12-18","48.00","NZD","1760906883","23477/2025-12-18/1760906883.json"
"510807","146155","2025-12-18","52.00","NZD","1760906883","23477/2025-12-18/1760906883.json"
"581513","221281","2025-12-09","36.00","NZD","1760906883","23477/2025-12-09/1760906883.json"
"581514","221282","2025-12-09","36.00","NZD","1760906883","23477/2025-12-09/1760906883.json"
"512557","146154","2025-12-09","45.00","NZD","1760906883","23477/2025-12-09/1760906883.json"
"365170","146153","2025-12-09","48.00","NZD","1760906883","23477/2025-12-09/1760906883.json"
"510807","146155","2025-12-09","52.00","NZD","1760906883","23477/2025-12-09/1760906883.json"
"581513","221281","2025-10-21","36.00","NZD","1760932348","23477/2025-10-21/1760932348.json"
"581514","221282","2025-10-21","36.00","NZD","1760932348","23477/2025-10-21/1760932348.json"
"512557","146154","2025-10-21","45.00","NZD","1760932348","23477/2025-10-21/1760932348.json"
"365170","146153","2025-10-21","48.00","NZD","1760932348","23477/2025-10-21/1760932348.json"
"510807","146155","2025-10-21","52.00","NZD","1760932348","23477/2025-10-21/1760932348.json"
"581513","221281","2025-10-22","36.00","NZD","1760932348","23477/2025-10-22/1760932348.json"
"581514","221282","2025-10-22","36.00","NZD","1760932348","23477/2025-10-22/1760932348.json"
"512557","146154","2025-10-22","45.00","NZD","1760932348","23477/2025-10-22/1760932348.json"
"365170","146153","2025-10-22","48.00","NZD","1760932348","23477/2025-10-22/1760932348.json"
"510807","146155","2025-10-22","52.00","NZD","1760932348","23477/2025-10-22/1760932348.json"
"581513","221281","2025-10-20","36.00","NZD","1760932348","23477/2025-10-20/1760932348.json"
"581514","221282","2025-10-20","36.00","NZD","1760932348","23477/2025-10-20/1760932348.json"
"512557","146154","2025-10-20","45.00","NZD","1760932348","23477/2025-10-20/1760932348.json"
"365170","146153","2025-10-20","48.00","NZD","1760932348","23477/2025-10-20/1760932348.json"
"510807","146155","2025-10-20","52.00","NZD","1760932348","23477/2025-10-20/1760932348.json"
"581513","221281","2025-10-23","36.00","NZD","1760932348","23477/2025-10-23/1760932348.json"
"581514","221282","2025-10-23","36.00","NZD","1760932348","23477/2025-10-23/1760932348.json"
"512557","146154","2025-10-23","45.00","NZD","1760932348","23477/2025-10-23/1760932348.json"
"365170","146153","2025-10-23","48.00","NZD","1760932348","23477/2025-10-23/1760932348.json"
"510807","146155","2025-10-23","52.00","NZD","1760932348","23477/2025-10-23/1760932348.json"
"581513","221281","2025-10-24","36.00","NZD","1760932348","23477/2025-10-24/1760932348.json"
"581514","221282","2025-10-24","36.00","NZD","1760932348","23477/2025-10-24/1760932348.json"
"512557","146154","2025-10-24","45.00","NZD","1760932348","23477/2025-10-24/1760932348.json"
"365170","146153","2025-10-24","48.00","NZD","1760932348","23477/2025-10-24/1760932348.json"
"510807","146155","2025-10-24","52.00","NZD","1760932348","23477/2025-10-24/1760932348.json"
"581513","221281","2025-10-27","38.00","NZD","1760932348","23477/2025-10-27/1760932348.json"
"581514","221282","2025-10-27","38.00","NZD","1760932348","23477/2025-10-27/1760932348.json"
"512557","146154","2025-10-27","45.00","NZD","1760932348","23477/2025-10-27/1760932348.json"
"365170","146153","2025-10-27","48.00","NZD","1760932348","23477/2025-10-27/1760932348.json"
"510807","146155","2025-10-27","52.00","NZD","1760932348","23477/2025-10-27/1760932348.json"
"581513","221281","2025-10-25","38.00","NZD","1760932348","23477/2025-10-25/1760932348.json"
"581514","221282","2025-10-25","38.00","NZD","1760932348","23477/2025-10-25/1760932348.json"
"512557","146154","2025-10-25","45.00","NZD","1760932348","23477/2025-10-25/1760932348.json"
"581513","221281","2025-10-26","38.00","NZD","1760932348","23477/2025-10-26/1760932348.json"
"581514","221282","2025-10-26","38.00","NZD","1760932348","23477/2025-10-26/1760932348.json"
"512557","146154","2025-10-26","45.00","NZD","1760932348","23477/2025-10-26/1760932348.json"
"581513","221281","2025-10-28","36.00","NZD","1760932348","23477/2025-10-28/1760932348.json"
"581514","221282","2025-10-28","36.00","NZD","1760932348","23477/2025-10-28/1760932348.json"
"512557","146154","2025-10-28","45.00","NZD","1760932348","23477/2025-10-28/1760932348.json"
"365170","146153","2025-10-28","48.00","NZD","1760932348","23477/2025-10-28/1760932348.json"
"510807","146155","2025-10-28","52.00","NZD","1760932348","23477/2025-10-28/1760932348.json"
"581513","221281","2025-10-29","36.00","NZD","1760932348","23477/2025-10-29/1760932348.json"
"581514","221282","2025-10-29","36.00","NZD","1760932348","23477/2025-10-29/1760932348.json"
"512557","146154","2025-10-29","45.00","NZD","1760932348","23477/2025-10-29/1760932348.json"
"365170","146153","2025-10-29","48.00","NZD","1760932348","23477/2025-10-29/1760932348.json"
"510807","146155","2025-10-29","52.00","NZD","1760932348","23477/2025-10-29/1760932348.json"
"581513","221281","2025-10-30","36.00","NZD","1760932348","23477/2025-10-30/1760932348.json"
"581514","221282","2025-10-30","36.00","NZD","1760932348","23477/2025-10-30/1760932348.json"
"512557","146154","2025-10-30","45.00","NZD","1760932348","23477/2025-10-30/1760932348.json"
"365170","146153","2025-10-30","48.00","NZD","1760932348","23477/2025-10-30/1760932348.json"
"510807","146155","2025-10-30","52.00","NZD","1760932348","23477/2025-10-30/1760932348.json"
"581513","221281","2025-10-31","36.00","NZD","1760932348","23477/2025-10-31/1760932348.json"
"581514","221282","2025-10-31","36.00","NZD","1760932348","23477/2025-10-31/1760932348.json"
"512557","146154","2025-10-31","45.00","NZD","1760932348","23477/2025-10-31/1760932348.json"
"365170","146153","2025-10-31","48.00","NZD","1760932348","23477/2025-10-31/1760932348.json"
"510807","146155","2025-10-31","52.00","NZD","1760932348","23477/2025-10-31/1760932348.json"
"581513","221281","2025-11-01","36.00","NZD","1760932348","23477/2025-11-01/1760932348.json"
"581514","221282","2025-11-01","36.00","NZD","1760932348","23477/2025-11-01/1760932348.json"
"512557","146154","2025-11-01","45.00","NZD","1760932348","23477/2025-11-01/1760932348.json"
"365170","146153","2025-11-01","48.00","NZD","1760932348","23477/2025-11-01/1760932348.json"
"510807","146155","2025-11-01","52.00","NZD","1760932348","23477/2025-11-01/1760932348.json"
"581513","221281","2025-11-02","36.00","NZD","1760932348","23477/2025-11-02/1760932348.json"
"581514","221282","2025-11-02","36.00","NZD","1760932348","23477/2025-11-02/1760932348.json"
"512557","146154","2025-11-02","45.00","NZD","1760932348","23477/2025-11-02/1760932348.json"
"365170","146153","2025-11-02","48.00","NZD","1760932348","23477/2025-11-02/1760932348.json"
"510807","146155","2025-11-02","52.00","NZD","1760932348","23477/2025-11-02/1760932348.json"
"581513","221281","2025-11-03","36.00","NZD","1760932348","23477/2025-11-03/1760932348.json"
"581514","221282","2025-11-03","36.00","NZD","1760932348","23477/2025-11-03/1760932348.json"
"512557","146154","2025-11-03","45.00","NZD","1760932348","23477/2025-11-03/1760932348.json"
"365170","146153","2025-11-03","48.00","NZD","1760932348","23477/2025-11-03/1760932348.json"
"510807","146155","2025-11-03","52.00","NZD","1760932348","23477/2025-11-03/1760932348.json"
"581513","221281","2025-11-04","36.00","NZD","1760932348","23477/2025-11-04/1760932348.json"
"581514","221282","2025-11-04","36.00","NZD","1760932348","23477/2025-11-04/1760932348.json"
"512557","146154","2025-11-04","45.00","NZD","1760932348","23477/2025-11-04/1760932348.json"
"365170","146153","2025-11-04","48.00","NZD","1760932348","23477/2025-11-04/1760932348.json"
"510807","146155","2025-11-04","52.00","NZD","1760932348","23477/2025-11-04/1760932348.json"
"581513","221281","2025-11-05","36.00","NZD","1760932348","23477/2025-11-05/1760932348.json"
"581514","221282","2025-11-05","36.00","NZD","1760932348","23477/2025-11-05/1760932348.json"
"512557","146154","2025-11-05","45.00","NZD","1760932348","23477/2025-11-05/1760932348.json"
"365170","146153","2025-11-05","48.00","NZD","1760932348","23477/2025-11-05/1760932348.json"
"510807","146155","2025-11-05","52.00","NZD","1760932348","23477/2025-11-05/1760932348.json"
"581513","221281","2025-11-06","36.00","NZD","1760932348","23477/2025-11-06/1760932348.json"
"581514","221282","2025-11-06","36.00","NZD","1760932348","23477/2025-11-06/1760932348.json"
"512557","146154","2025-11-06","45.00","NZD","1760932348","23477/2025-11-06/1760932348.json"
"365170","146153","2025-11-06","48.00","NZD","1760932348","23477/2025-11-06/1760932348.json"
"510807","146155","2025-11-06","52.00","NZD","1760932348","23477/2025-11-06/1760932348.json"
"581513","221281","2025-11-07","36.00","NZD","1760932348","23477/2025-11-07/1760932348.json"
"581514","221282","2025-11-07","36.00","NZD","1760932348","23477/2025-11-07/1760932348.json"
"512557","146154","2025-11-07","45.00","NZD","1760932348","23477/2025-11-07/1760932348.json"
"365170","146153","2025-11-07","48.00","NZD","1760932348","23477/2025-11-07/1760932348.json"
"510807","146155","2025-11-07","52.00","NZD","1760932348","23477/2025-11-07/1760932348.json"
"581513","221281","2025-11-08","36.00","NZD","1760932348","23477/2025-11-08/1760932348.json"
"581514","221282","2025-11-08","36.00","NZD","1760932348","23477/2025-11-08/1760932348.json"
"512557","146154","2025-11-08","45.00","NZD","1760932348","23477/2025-11-08/1760932348.json"
"365170","146153","2025-11-08","48.00","NZD","1760932348","23477/2025-11-08/1760932348.json"
"510807","146155","2025-11-08","52.00","NZD","1760932348","23477/2025-11-08/1760932348.json"
"581513","221281","2025-11-09","36.00","NZD","1760932348","23477/2025-11-09/1760932348.json"
"581514","221282","2025-11-09","36.00","NZD","1760932348","23477/2025-11-09/1760932348.json"
"512557","146154","2025-11-09","45.00","NZD","1760932348","23477/2025-11-09/1760932348.json"
"365170","146153","2025-11-09","48.00","NZD","1760932348","23477/2025-11-09/1760932348.json"
"510807","146155","2025-11-09","52.00","NZD","1760932348","23477/2025-11-09/1760932348.json"
"581513","221281","2025-11-10","36.00","NZD","1760932348","23477/2025-11-10/1760932348.json"
"581514","221282","2025-11-10","36.00","NZD","1760932348","23477/2025-11-10/1760932348.json"
"512557","146154","2025-11-10","45.00","NZD","1760932348","23477/2025-11-10/1760932348.json"
"365170","146153","2025-11-10","48.00","NZD","1760932348","23477/2025-11-10/1760932348.json"
"510807","146155","2025-11-10","52.00","NZD","1760932348","23477/2025-11-10/1760932348.json"
"581513","221281","2025-11-11","36.00","NZD","1760932348","23477/2025-11-11/1760932348.json"
"581514","221282","2025-11-11","36.00","NZD","1760932348","23477/2025-11-11/1760932348.json"
"512557","146154","2025-11-11","45.00","NZD","1760932348","23477/2025-11-11/1760932348.json"
"365170","146153","2025-11-11","48.00","NZD","1760932348","23477/2025-11-11/1760932348.json"
"510807","146155","2025-11-11","52.00","NZD","1760932348","23477/2025-11-11/1760932348.json"
"581513","221281","2025-11-12","36.00","NZD","1760932348","23477/2025-11-12/1760932348.json"
"581514","221282","2025-11-12","36.00","NZD","1760932348","23477/2025-11-12/1760932348.json"
"512557","146154","2025-11-12","45.00","NZD","1760932348","23477/2025-11-12/1760932348.json"
"365170","146153","2025-11-12","48.00","NZD","1760932348","23477/2025-11-12/1760932348.json"
"510807","146155","2025-11-12","52.00","NZD","1760932348","23477/2025-11-12/1760932348.json"
"581513","221281","2025-11-14","36.00","NZD","1760932348","23477/2025-11-14/1760932348.json"
"581514","221282","2025-11-14","36.00","NZD","1760932348","23477/2025-11-14/1760932348.json"
"512557","146154","2025-11-14","45.00","NZD","1760932348","23477/2025-11-14/1760932348.json"
"365170","146153","2025-11-14","48.00","NZD","1760932348","23477/2025-11-14/1760932348.json"
"510807","146155","2025-11-14","52.00","NZD","1760932348","23477/2025-11-14/1760932348.json"
"581513","221281","2025-11-15","36.00","NZD","1760932348","23477/2025-11-15/1760932348.json"
"581514","221282","2025-11-15","36.00","NZD","1760932348","23477/2025-11-15/1760932348.json"
"512557","146154","2025-11-15","45.00","NZD","1760932348","23477/2025-11-15/1760932348.json"
"365170","146153","2025-11-15","48.00","NZD","1760932348","23477/2025-11-15/1760932348.json"
"510807","146155","2025-11-15","52.00","NZD","1760932348","23477/2025-11-15/1760932348.json"
"581513","221281","2025-11-13","36.00","NZD","1760932348","23477/2025-11-13/1760932348.json"
"581514","221282","2025-11-13","36.00","NZD","1760932348","23477/2025-11-13/1760932348.json"
"512557","146154","2025-11-13","45.00","NZD","1760932348","23477/2025-11-13/1760932348.json"
"365170","146153","2025-11-13","48.00","NZD","1760932348","23477/2025-11-13/1760932348.json"
"510807","146155","2025-11-13","52.00","NZD","1760932348","23477/2025-11-13/1760932348.json"
"581513","221281","2025-11-16","36.00","NZD","1760932348","23477/2025-11-16/1760932348.json"
"581514","221282","2025-11-16","36.00","NZD","1760932348","23477/2025-11-16/1760932348.json"
"512557","146154","2025-11-16","45.00","NZD","1760932348","23477/2025-11-16/1760932348.json"
"365170","146153","2025-11-16","48.00","NZD","1760932348","23477/2025-11-16/1760932348.json"
"510807","146155","2025-11-16","52.00","NZD","1760932348","23477/2025-11-16/1760932348.json"
"581513","221281","2025-11-18","36.00","NZD","1760932348","23477/2025-11-18/1760932348.json"
"581514","221282","2025-11-18","36.00","NZD","1760932348","23477/2025-11-18/1760932348.json"
"512557","146154","2025-11-18","45.00","NZD","1760932348","23477/2025-11-18/1760932348.json"
"365170","146153","2025-11-18","48.00","NZD","1760932348","23477/2025-11-18/1760932348.json"
"510807","146155","2025-11-18","52.00","NZD","1760932348","23477/2025-11-18/1760932348.json"
"581513","221281","2025-11-17","36.00","NZD","1760932348","23477/2025-11-17/1760932348.json"
"581514","221282","2025-11-17","36.00","NZD","1760932348","23477/2025-11-17/1760932348.json"
"512557","146154","2025-11-17","45.00","NZD","1760932348","23477/2025-11-17/1760932348.json"
"365170","146153","2025-11-17","48.00","NZD","1760932348","23477/2025-11-17/1760932348.json"
"510807","146155","2025-11-17","52.00","NZD","1760932348","23477/2025-11-17/1760932348.json"
"581513","221281","2025-11-19","36.00","NZD","1760932348","23477/2025-11-19/1760932348.json"
"581514","221282","2025-11-19","36.00","NZD","1760932348","23477/2025-11-19/1760932348.json"
"512557","146154","2025-11-19","45.00","NZD","1760932348","23477/2025-11-19/1760932348.json"
"365170","146153","2025-11-19","48.00","NZD","1760932348","23477/2025-11-19/1760932348.json"
"510807","146155","2025-11-19","52.00","NZD","1760932348","23477/2025-11-19/1760932348.json"
"581513","221281","2025-11-20","36.00","NZD","1760932348","23477/2025-11-20/1760932348.json"
"581514","221282","2025-11-20","36.00","NZD","1760932348","23477/2025-11-20/1760932348.json"
"512557","146154","2025-11-20","45.00","NZD","1760932348","23477/2025-11-20/1760932348.json"
"581513","221281","2025-11-22","36.00","NZD","1760932348","23477/2025-11-22/1760932348.json"
"581514","221282","2025-11-22","36.00","NZD","1760932348","23477/2025-11-22/1760932348.json"
"512557","146154","2025-11-22","45.00","NZD","1760932348","23477/2025-11-22/1760932348.json"
"365170","146153","2025-11-22","48.00","NZD","1760932348","23477/2025-11-22/1760932348.json"
"510807","146155","2025-11-22","52.00","NZD","1760932348","23477/2025-11-22/1760932348.json"
"581513","221281","2025-11-21","36.00","NZD","1760932348","23477/2025-11-21/1760932348.json"
"581514","221282","2025-11-21","36.00","NZD","1760932348","23477/2025-11-21/1760932348.json"
"512557","146154","2025-11-21","45.00","NZD","1760932348","23477/2025-11-21/1760932348.json"
"365170","146153","2025-11-21","48.00","NZD","1760932348","23477/2025-11-21/1760932348.json"
"510807","146155","2025-11-21","52.00","NZD","1760932348","23477/2025-11-21/1760932348.json"
"581513","221281","2025-11-23","36.00","NZD","1760932348","23477/2025-11-23/1760932348.json"
"581514","221282","2025-11-23","36.00","NZD","1760932348","23477/2025-11-23/1760932348.json"
"512557","146154","2025-11-23","45.00","NZD","1760932348","23477/2025-11-23/1760932348.json"
"365170","146153","2025-11-23","48.00","NZD","1760932348","23477/2025-11-23/1760932348.json"
"510807","146155","2025-11-23","52.00","NZD","1760932348","23477/2025-11-23/1760932348.json"
"581513","221281","2025-11-24","36.00","NZD","1760932348","23477/2025-11-24/1760932348.json"
"581514","221282","2025-11-24","36.00","NZD","1760932348","23477/2025-11-24/1760932348.json"
"512557","146154","2025-11-24","45.00","NZD","1760932348","23477/2025-11-24/1760932348.json"
"365170","146153","2025-11-24","48.00","NZD","1760932348","23477/2025-11-24/1760932348.json"
"510807","146155","2025-11-24","52.00","NZD","1760932348","23477/2025-11-24/1760932348.json"
"581513","221281","2025-11-27","36.00","NZD","1760932348","23477/2025-11-27/1760932348.json"
"581514","221282","2025-11-27","36.00","NZD","1760932348","23477/2025-11-27/1760932348.json"
"512557","146154","2025-11-27","45.00","NZD","1760932348","23477/2025-11-27/1760932348.json"
"365170","146153","2025-11-27","48.00","NZD","1760932348","23477/2025-11-27/1760932348.json"
"510807","146155","2025-11-27","52.00","NZD","1760932348","23477/2025-11-27/1760932348.json"
"581513","221281","2025-11-26","36.00","NZD","1760932348","23477/2025-11-26/1760932348.json"
"581514","221282","2025-11-26","36.00","NZD","1760932348","23477/2025-11-26/1760932348.json"
"512557","146154","2025-11-26","45.00","NZD","1760932348","23477/2025-11-26/1760932348.json"
"581513","221281","2025-11-25","36.00","NZD","1760932348","23477/2025-11-25/1760932348.json"
"581514","221282","2025-11-25","36.00","NZD","1760932348","23477/2025-11-25/1760932348.json"
"512557","146154","2025-11-25","45.00","NZD","1760932348","23477/2025-11-25/1760932348.json"
"365170","146153","2025-11-25","48.00","NZD","1760932348","23477/2025-11-25/1760932348.json"
"510807","146155","2025-11-25","52.00","NZD","1760932348","23477/2025-11-25/1760932348.json"
"365170","146153","2025-11-26","48.00","NZD","1760932348","23477/2025-11-26/1760932348.json"
"510807","146155","2025-11-26","52.00","NZD","1760932348","23477/2025-11-26/1760932348.json"
"581513","221281","2025-11-28","36.00","NZD","1760932348","23477/2025-11-28/1760932348.json"
"581514","221282","2025-11-28","36.00","NZD","1760932348","23477/2025-11-28/1760932348.json"
"512557","146154","2025-11-28","45.00","NZD","1760932348","23477/2025-11-28/1760932348.json"
"365170","146153","2025-11-28","48.00","NZD","1760932348","23477/2025-11-28/1760932348.json"
"510807","146155","2025-11-28","52.00","NZD","1760932348","23477/2025-11-28/1760932348.json"
"581513","221281","2025-11-29","36.00","NZD","1760932348","23477/2025-11-29/1760932348.json"
"581514","221282","2025-11-29","36.00","NZD","1760932348","23477/2025-11-29/1760932348.json"
"512557","146154","2025-11-29","45.00","NZD","1760932348","23477/2025-11-29/1760932348.json"
"365170","146153","2025-11-29","48.00","NZD","1760932348","23477/2025-11-29/1760932348.json"
"510807","146155","2025-11-29","52.00","NZD","1760932348","23477/2025-11-29/1760932348.json"
"581513","221281","2025-12-01","36.00","NZD","1760932348","23477/2025-12-01/1760932348.json"
"581514","221282","2025-12-01","36.00","NZD","1760932348","23477/2025-12-01/1760932348.json"
"512557","146154","2025-12-01","45.00","NZD","1760932348","23477/2025-12-01/1760932348.json"
"365170","146153","2025-12-01","48.00","NZD","1760932348","23477/2025-12-01/1760932348.json"
"510807","146155","2025-12-01","52.00","NZD","1760932348","23477/2025-12-01/1760932348.json"
"581513","221281","2025-12-02","36.00","NZD","1760932348","23477/2025-12-02/1760932348.json"
"581514","221282","2025-12-02","36.00","NZD","1760932348","23477/2025-12-02/1760932348.json"
"512557","146154","2025-12-02","45.00","NZD","1760932348","23477/2025-12-02/1760932348.json"
"365170","146153","2025-12-02","48.00","NZD","1760932348","23477/2025-12-02/1760932348.json"
"510807","146155","2025-12-02","52.00","NZD","1760932348","23477/2025-12-02/1760932348.json"
"581513","221281","2025-11-30","36.00","NZD","1760932348","23477/2025-11-30/1760932348.json"
"581514","221282","2025-11-30","36.00","NZD","1760932348","23477/2025-11-30/1760932348.json"
"512557","146154","2025-11-30","45.00","NZD","1760932348","23477/2025-11-30/1760932348.json"
"365170","146153","2025-11-30","48.00","NZD","1760932348","23477/2025-11-30/1760932348.json"
"510807","146155","2025-11-30","52.00","NZD","1760932348","23477/2025-11-30/1760932348.json"
"581513","221281","2025-12-03","36.00","NZD","1760932348","23477/2025-12-03/1760932348.json"
"581514","221282","2025-12-03","36.00","NZD","1760932348","23477/2025-12-03/1760932348.json"
"512557","146154","2025-12-03","45.00","NZD","1760932348","23477/2025-12-03/1760932348.json"
"365170","146153","2025-12-03","48.00","NZD","1760932348","23477/2025-12-03/1760932348.json"
"510807","146155","2025-12-03","52.00","NZD","1760932348","23477/2025-12-03/1760932348.json"
"581513","221281","2025-12-04","36.00","NZD","1760932348","23477/2025-12-04/1760932348.json"
"581514","221282","2025-12-04","36.00","NZD","1760932348","23477/2025-12-04/1760932348.json"
"512557","146154","2025-12-04","45.00","NZD","1760932348","23477/2025-12-04/1760932348.json"
"365170","146153","2025-12-04","48.00","NZD","1760932348","23477/2025-12-04/1760932348.json"
"510807","146155","2025-12-04","52.00","NZD","1760932348","23477/2025-12-04/1760932348.json"
"581513","221281","2025-12-05","36.00","NZD","1760932348","23477/2025-12-05/1760932348.json"
"581513","221281","2025-12-07","36.00","NZD","1760932348","23477/2025-12-07/1760932348.json"
"581514","221282","2025-12-05","36.00","NZD","1760932348","23477/2025-12-05/1760932348.json"
"581514","221282","2025-12-07","36.00","NZD","1760932348","23477/2025-12-07/1760932348.json"
"512557","146154","2025-12-07","45.00","NZD","1760932348","23477/2025-12-07/1760932348.json"
"512557","146154","2025-12-05","45.00","NZD","1760932348","23477/2025-12-05/1760932348.json"
"365170","146153","2025-12-07","48.00","NZD","1760932348","23477/2025-12-07/1760932348.json"
"510807","146155","2025-12-07","52.00","NZD","1760932348","23477/2025-12-07/1760932348.json"
"365170","146153","2025-12-05","48.00","NZD","1760932348","23477/2025-12-05/1760932348.json"
"510807","146155","2025-12-05","52.00","NZD","1760932348","23477/2025-12-05/1760932348.json"
"581513","221281","2025-12-06","36.00","NZD","1760932348","23477/2025-12-06/1760932348.json"
"581514","221282","2025-12-06","36.00","NZD","1760932348","23477/2025-12-06/1760932348.json"
"512557","146154","2025-12-06","45.00","NZD","1760932348","23477/2025-12-06/1760932348.json"
"365170","146153","2025-12-06","48.00","NZD","1760932348","23477/2025-12-06/1760932348.json"
"510807","146155","2025-12-06","52.00","NZD","1760932348","23477/2025-12-06/1760932348.json"
"581513","221281","2025-12-08","36.00","NZD","1760932348","23477/2025-12-08/1760932348.json"
"581514","221282","2025-12-08","36.00","NZD","1760932348","23477/2025-12-08/1760932348.json"
"512557","146154","2025-12-08","45.00","NZD","1760932348","23477/2025-12-08/1760932348.json"
"365170","146153","2025-12-08","48.00","NZD","1760932348","23477/2025-12-08/1760932348.json"
"510807","146155","2025-12-08","52.00","NZD","1760932348","23477/2025-12-08/1760932348.json"
"581513","221281","2025-12-10","36.00","NZD","1760932348","23477/2025-12-10/1760932348.json"
"581514","221282","2025-12-10","36.00","NZD","1760932348","23477/2025-12-10/1760932348.json"
"512557","146154","2025-12-10","45.00","NZD","1760932348","23477/2025-12-10/1760932348.json"
"365170","146153","2025-12-10","48.00","NZD","1760932348","23477/2025-12-10/1760932348.json"
"510807","146155","2025-12-10","52.00","NZD","1760932348","23477/2025-12-10/1760932348.json"
"581513","221281","2025-12-09","36.00","NZD","1760932348","23477/2025-12-09/1760932348.json"
"581514","221282","2025-12-09","36.00","NZD","1760932348","23477/2025-12-09/1760932348.json"
"512557","146154","2025-12-09","45.00","NZD","1760932348","23477/2025-12-09/1760932348.json"
"365170","146153","2025-12-09","48.00","NZD","1760932348","23477/2025-12-09/1760932348.json"
"510807","146155","2025-12-09","52.00","NZD","1760932348","23477/2025-12-09/1760932348.json"
"581513","221281","2025-12-12","36.00","NZD","1760932348","23477/2025-12-12/1760932348.json"
"581514","221282","2025-12-12","36.00","NZD","1760932348","23477/2025-12-12/1760932348.json"
"512557","146154","2025-12-12","45.00","NZD","1760932348","23477/2025-12-12/1760932348.json"
"365170","146153","2025-12-12","48.00","NZD","1760932348","23477/2025-12-12/1760932348.json"
"510807","146155","2025-12-12","52.00","NZD","1760932348","23477/2025-12-12/1760932348.json"
"581513","221281","2025-12-14","36.00","NZD","1760932348","23477/2025-12-14/1760932348.json"
"581514","221282","2025-12-14","36.00","NZD","1760932348","23477/2025-12-14/1760932348.json"
"512557","146154","2025-12-14","45.00","NZD","1760932348","23477/2025-12-14/1760932348.json"
"365170","146153","2025-12-14","48.00","NZD","1760932348","23477/2025-12-14/1760932348.json"
"510807","146155","2025-12-14","52.00","NZD","1760932348","23477/2025-12-14/1760932348.json"
"581513","221281","2025-12-13","36.00","NZD","1760932348","23477/2025-12-13/1760932348.json"
"581514","221282","2025-12-13","36.00","NZD","1760932348","23477/2025-12-13/1760932348.json"
"512557","146154","2025-12-13","45.00","NZD","1760932348","23477/2025-12-13/1760932348.json"
"365170","146153","2025-12-13","48.00","NZD","1760932348","23477/2025-12-13/1760932348.json"
"510807","146155","2025-12-13","52.00","NZD","1760932348","23477/2025-12-13/1760932348.json"
"581513","221281","2025-12-15","36.00","NZD","1760932348","23477/2025-12-15/1760932348.json"
"581514","221282","2025-12-15","36.00","NZD","1760932348","23477/2025-12-15/1760932348.json"
"512557","146154","2025-12-15","45.00","NZD","1760932348","23477/2025-12-15/1760932348.json"
"365170","146153","2025-12-15","48.00","NZD","1760932348","23477/2025-12-15/1760932348.json"
"510807","146155","2025-12-15","52.00","NZD","1760932348","23477/2025-12-15/1760932348.json"
"581513","221281","2025-12-16","36.00","NZD","1760932348","23477/2025-12-16/1760932348.json"
"581514","221282","2025-12-16","36.00","NZD","1760932348","23477/2025-12-16/1760932348.json"
"512557","146154","2025-12-16","45.00","NZD","1760932348","23477/2025-12-16/1760932348.json"
"365170","146153","2025-12-16","48.00","NZD","1760932348","23477/2025-12-16/1760932348.json"
"510807","146155","2025-12-16","52.00","NZD","1760932348","23477/2025-12-16/1760932348.json"
"581513","221281","2025-12-17","36.00","NZD","1760932348","23477/2025-12-17/1760932348.json"
"581514","221282","2025-12-17","36.00","NZD","1760932348","23477/2025-12-17/1760932348.json"
"512557","146154","2025-12-17","45.00","NZD","1760932348","23477/2025-12-17/1760932348.json"
"365170","146153","2025-12-17","48.00","NZD","1760932348","23477/2025-12-17/1760932348.json"
"510807","146155","2025-12-17","52.00","NZD","1760932348","23477/2025-12-17/1760932348.json"
"581513","221281","2025-12-18","36.00","NZD","1760932348","23477/2025-12-18/1760932348.json"
"581514","221282","2025-12-18","36.00","NZD","1760932348","23477/2025-12-18/1760932348.json"
"512557","146154","2025-12-18","45.00","NZD","1760932348","23477/2025-12-18/1760932348.json"
"365170","146153","2025-12-18","48.00","NZD","1760932348","23477/2025-12-18/1760932348.json"
"510807","146155","2025-12-18","52.00","NZD","1760932348","23477/2025-12-18/1760932348.json"
"581513","221281","2025-12-19","36.00","NZD","1760932348","23477/2025-12-19/1760932348.json"
"581514","221282","2025-12-19","36.00","NZD","1760932348","23477/2025-12-19/1760932348.json"
"512557","146154","2025-12-19","45.00","NZD","1760932348","23477/2025-12-19/1760932348.json"
"365170","146153","2025-12-19","48.00","NZD","1760932348","23477/2025-12-19/1760932348.json"
"510807","146155","2025-12-19","52.00","NZD","1760932348","23477/2025-12-19/1760932348.json"
"581513","221281","2025-12-11","36.00","NZD","1760932348","23477/2025-12-11/1760932348.json"
"581514","221282","2025-12-11","36.00","NZD","1760932348","23477/2025-12-11/1760932348.json"
"512557","146154","2025-12-11","45.00","NZD","1760932348","23477/2025-12-11/1760932348.json"
"365170","146153","2025-12-11","48.00","NZD","1760932348","23477/2025-12-11/1760932348.json"
"510807","146155","2025-12-11","52.00","NZD","1760932348","23477/2025-12-11/1760932348.json"
"581513","221281","2025-10-22","36.00","NZD","1760936450","23477/2025-10-22/1760936450.json"
"581514","221282","2025-10-22","36.00","NZD","1760936450","23477/2025-10-22/1760936450.json"
"512557","146154","2025-10-22","45.00","NZD","1760936450","23477/2025-10-22/1760936450.json"
"365170","146153","2025-10-22","48.00","NZD","1760936450","23477/2025-10-22/1760936450.json"
"510807","146155","2025-10-22","52.00","NZD","1760936450","23477/2025-10-22/1760936450.json"
"581513","221281","2025-10-20","36.00","NZD","1760936450","23477/2025-10-20/1760936450.json"
"581514","221282","2025-10-20","36.00","NZD","1760936450","23477/2025-10-20/1760936450.json"
"512557","146154","2025-10-20","45.00","NZD","1760936450","23477/2025-10-20/1760936450.json"
"365170","146153","2025-10-20","48.00","NZD","1760936450","23477/2025-10-20/1760936450.json"
"510807","146155","2025-10-20","52.00","NZD","1760936450","23477/2025-10-20/1760936450.json"
"581513","221281","2025-10-23","36.00","NZD","1760936450","23477/2025-10-23/1760936450.json"
"581514","221282","2025-10-23","36.00","NZD","1760936450","23477/2025-10-23/1760936450.json"
"512557","146154","2025-10-23","45.00","NZD","1760936450","23477/2025-10-23/1760936450.json"
"365170","146153","2025-10-23","48.00","NZD","1760936450","23477/2025-10-23/1760936450.json"
"510807","146155","2025-10-23","52.00","NZD","1760936450","23477/2025-10-23/1760936450.json"
"581513","221281","2025-10-21","36.00","NZD","1760936450","23477/2025-10-21/1760936450.json"
"581514","221282","2025-10-21","36.00","NZD","1760936450","23477/2025-10-21/1760936450.json"
"512557","146154","2025-10-21","45.00","NZD","1760936450","23477/2025-10-21/1760936450.json"
"365170","146153","2025-10-21","48.00","NZD","1760936450","23477/2025-10-21/1760936450.json"
"510807","146155","2025-10-21","52.00","NZD","1760936450","23477/2025-10-21/1760936450.json"
"581513","221281","2025-10-25","38.00","NZD","1760936450","23477/2025-10-25/1760936450.json"
"581514","221282","2025-10-25","38.00","NZD","1760936450","23477/2025-10-25/1760936450.json"
"512557","146154","2025-10-25","45.00","NZD","1760936450","23477/2025-10-25/1760936450.json"
"581513","221281","2025-10-26","38.00","NZD","1760936450","23477/2025-10-26/1760936450.json"
"581514","221282","2025-10-26","38.00","NZD","1760936450","23477/2025-10-26/1760936450.json"
"512557","146154","2025-10-26","45.00","NZD","1760936450","23477/2025-10-26/1760936450.json"
"581513","221281","2025-10-27","38.00","NZD","1760936450","23477/2025-10-27/1760936450.json"
"581514","221282","2025-10-27","38.00","NZD","1760936450","23477/2025-10-27/1760936450.json"
"512557","146154","2025-10-27","45.00","NZD","1760936450","23477/2025-10-27/1760936450.json"
"365170","146153","2025-10-27","48.00","NZD","1760936450","23477/2025-10-27/1760936450.json"
"510807","146155","2025-10-27","52.00","NZD","1760936450","23477/2025-10-27/1760936450.json"
"581513","221281","2025-10-24","36.00","NZD","1760936450","23477/2025-10-24/1760936450.json"
"581514","221282","2025-10-24","36.00","NZD","1760936450","23477/2025-10-24/1760936450.json"
"512557","146154","2025-10-24","45.00","NZD","1760936450","23477/2025-10-24/1760936450.json"
"365170","146153","2025-10-24","48.00","NZD","1760936450","23477/2025-10-24/1760936450.json"
"510807","146155","2025-10-24","52.00","NZD","1760936450","23477/2025-10-24/1760936450.json"
"581513","221281","2025-10-28","36.00","NZD","1760936450","23477/2025-10-28/1760936450.json"
"581514","221282","2025-10-28","36.00","NZD","1760936450","23477/2025-10-28/1760936450.json"
"512557","146154","2025-10-28","45.00","NZD","1760936450","23477/2025-10-28/1760936450.json"
"365170","146153","2025-10-28","48.00","NZD","1760936450","23477/2025-10-28/1760936450.json"
"510807","146155","2025-10-28","52.00","NZD","1760936450","23477/2025-10-28/1760936450.json"
"581513","221281","2025-10-29","36.00","NZD","1760936450","23477/2025-10-29/1760936450.json"
"581514","221282","2025-10-29","36.00","NZD","1760936450","23477/2025-10-29/1760936450.json"
"512557","146154","2025-10-29","45.00","NZD","1760936450","23477/2025-10-29/1760936450.json"
"365170","146153","2025-10-29","48.00","NZD","1760936450","23477/2025-10-29/1760936450.json"
"510807","146155","2025-10-29","52.00","NZD","1760936450","23477/2025-10-29/1760936450.json"
"581513","221281","2025-10-30","36.00","NZD","1760936450","23477/2025-10-30/1760936450.json"
"581514","221282","2025-10-30","36.00","NZD","1760936450","23477/2025-10-30/1760936450.json"
"512557","146154","2025-10-30","45.00","NZD","1760936450","23477/2025-10-30/1760936450.json"
"365170","146153","2025-10-30","48.00","NZD","1760936450","23477/2025-10-30/1760936450.json"
"510807","146155","2025-10-30","52.00","NZD","1760936450","23477/2025-10-30/1760936450.json"
"581513","221281","2025-10-31","36.00","NZD","1760936450","23477/2025-10-31/1760936450.json"
"581514","221282","2025-10-31","36.00","NZD","1760936450","23477/2025-10-31/1760936450.json"
"512557","146154","2025-10-31","45.00","NZD","1760936450","23477/2025-10-31/1760936450.json"
"365170","146153","2025-10-31","48.00","NZD","1760936450","23477/2025-10-31/1760936450.json"
"510807","146155","2025-10-31","52.00","NZD","1760936450","23477/2025-10-31/1760936450.json"
"581513","221281","2025-11-01","36.00","NZD","1760936450","23477/2025-11-01/1760936450.json"
"581514","221282","2025-11-01","36.00","NZD","1760936450","23477/2025-11-01/1760936450.json"
"512557","146154","2025-11-01","45.00","NZD","1760936450","23477/2025-11-01/1760936450.json"
"365170","146153","2025-11-01","48.00","NZD","1760936450","23477/2025-11-01/1760936450.json"
"510807","146155","2025-11-01","52.00","NZD","1760936450","23477/2025-11-01/1760936450.json"
"581513","221281","2025-11-02","36.00","NZD","1760936450","23477/2025-11-02/1760936450.json"
"581514","221282","2025-11-02","36.00","NZD","1760936450","23477/2025-11-02/1760936450.json"
"512557","146154","2025-11-02","45.00","NZD","1760936450","23477/2025-11-02/1760936450.json"
"365170","146153","2025-11-02","48.00","NZD","1760936450","23477/2025-11-02/1760936450.json"
"510807","146155","2025-11-02","52.00","NZD","1760936450","23477/2025-11-02/1760936450.json"
"581513","221281","2025-11-06","36.00","NZD","1760936450","23477/2025-11-06/1760936450.json"
"581514","221282","2025-11-06","36.00","NZD","1760936450","23477/2025-11-06/1760936450.json"
"512557","146154","2025-11-06","45.00","NZD","1760936450","23477/2025-11-06/1760936450.json"
"365170","146153","2025-11-06","48.00","NZD","1760936450","23477/2025-11-06/1760936450.json"
"510807","146155","2025-11-06","52.00","NZD","1760936450","23477/2025-11-06/1760936450.json"
"581513","221281","2025-11-05","36.00","NZD","1760936450","23477/2025-11-05/1760936450.json"
"581514","221282","2025-11-05","36.00","NZD","1760936450","23477/2025-11-05/1760936450.json"
"512557","146154","2025-11-05","45.00","NZD","1760936450","23477/2025-11-05/1760936450.json"
"365170","146153","2025-11-05","48.00","NZD","1760936450","23477/2025-11-05/1760936450.json"
"510807","146155","2025-11-05","52.00","NZD","1760936450","23477/2025-11-05/1760936450.json"
"581513","221281","2025-11-04","36.00","NZD","1760936450","23477/2025-11-04/1760936450.json"
"581514","221282","2025-11-04","36.00","NZD","1760936450","23477/2025-11-04/1760936450.json"
"512557","146154","2025-11-04","45.00","NZD","1760936450","23477/2025-11-04/1760936450.json"
"365170","146153","2025-11-04","48.00","NZD","1760936450","23477/2025-11-04/1760936450.json"
"510807","146155","2025-11-04","52.00","NZD","1760936450","23477/2025-11-04/1760936450.json"
"581513","221281","2025-11-03","36.00","NZD","1760936450","23477/2025-11-03/1760936450.json"
"581514","221282","2025-11-03","36.00","NZD","1760936450","23477/2025-11-03/1760936450.json"
"512557","146154","2025-11-03","45.00","NZD","1760936450","23477/2025-11-03/1760936450.json"
"365170","146153","2025-11-03","48.00","NZD","1760936450","23477/2025-11-03/1760936450.json"
"510807","146155","2025-11-03","52.00","NZD","1760936450","23477/2025-11-03/1760936450.json"
"581513","221281","2025-11-07","36.00","NZD","1760936450","23477/2025-11-07/1760936450.json"
"581514","221282","2025-11-07","36.00","NZD","1760936450","23477/2025-11-07/1760936450.json"
"512557","146154","2025-11-07","45.00","NZD","1760936450","23477/2025-11-07/1760936450.json"
"365170","146153","2025-11-07","48.00","NZD","1760936450","23477/2025-11-07/1760936450.json"
"510807","146155","2025-11-07","52.00","NZD","1760936450","23477/2025-11-07/1760936450.json"
"581513","221281","2025-11-10","36.00","NZD","1760936450","23477/2025-11-10/1760936450.json"
"581514","221282","2025-11-10","36.00","NZD","1760936450","23477/2025-11-10/1760936450.json"
"512557","146154","2025-11-10","45.00","NZD","1760936450","23477/2025-11-10/1760936450.json"
"365170","146153","2025-11-10","48.00","NZD","1760936450","23477/2025-11-10/1760936450.json"
"510807","146155","2025-11-10","52.00","NZD","1760936450","23477/2025-11-10/1760936450.json"
"581513","221281","2025-11-09","36.00","NZD","1760936450","23477/2025-11-09/1760936450.json"
"581514","221282","2025-11-09","36.00","NZD","1760936450","23477/2025-11-09/1760936450.json"
"512557","146154","2025-11-09","45.00","NZD","1760936450","23477/2025-11-09/1760936450.json"
"365170","146153","2025-11-09","48.00","NZD","1760936450","23477/2025-11-09/1760936450.json"
"510807","146155","2025-11-09","52.00","NZD","1760936450","23477/2025-11-09/1760936450.json"
"581513","221281","2025-11-12","36.00","NZD","1760936450","23477/2025-11-12/1760936450.json"
"581514","221282","2025-11-12","36.00","NZD","1760936450","23477/2025-11-12/1760936450.json"
"581513","221281","2025-11-13","36.00","NZD","1760936450","23477/2025-11-13/1760936450.json"
"512557","146154","2025-11-12","45.00","NZD","1760936450","23477/2025-11-12/1760936450.json"
"581514","221282","2025-11-13","36.00","NZD","1760936450","23477/2025-11-13/1760936450.json"
"365170","146153","2025-11-12","48.00","NZD","1760936450","23477/2025-11-12/1760936450.json"
"512557","146154","2025-11-13","45.00","NZD","1760936450","23477/2025-11-13/1760936450.json"
"365170","146153","2025-11-13","48.00","NZD","1760936450","23477/2025-11-13/1760936450.json"
"510807","146155","2025-11-12","52.00","NZD","1760936450","23477/2025-11-12/1760936450.json"
"510807","146155","2025-11-13","52.00","NZD","1760936450","23477/2025-11-13/1760936450.json"
"581513","221281","2025-11-11","36.00","NZD","1760936450","23477/2025-11-11/1760936450.json"
"581514","221282","2025-11-11","36.00","NZD","1760936450","23477/2025-11-11/1760936450.json"
"512557","146154","2025-11-11","45.00","NZD","1760936450","23477/2025-11-11/1760936450.json"
"365170","146153","2025-11-11","48.00","NZD","1760936450","23477/2025-11-11/1760936450.json"
"510807","146155","2025-11-11","52.00","NZD","1760936450","23477/2025-11-11/1760936450.json"
"581513","221281","2025-11-14","36.00","NZD","1760936450","23477/2025-11-14/1760936450.json"
"581514","221282","2025-11-14","36.00","NZD","1760936450","23477/2025-11-14/1760936450.json"
"512557","146154","2025-11-14","45.00","NZD","1760936450","23477/2025-11-14/1760936450.json"
"365170","146153","2025-11-14","48.00","NZD","1760936450","23477/2025-11-14/1760936450.json"
"510807","146155","2025-11-14","52.00","NZD","1760936450","23477/2025-11-14/1760936450.json"
"581513","221281","2025-11-15","36.00","NZD","1760936450","23477/2025-11-15/1760936450.json"
"581514","221282","2025-11-15","36.00","NZD","1760936450","23477/2025-11-15/1760936450.json"
"512557","146154","2025-11-15","45.00","NZD","1760936450","23477/2025-11-15/1760936450.json"
"365170","146153","2025-11-15","48.00","NZD","1760936450","23477/2025-11-15/1760936450.json"
"510807","146155","2025-11-15","52.00","NZD","1760936450","23477/2025-11-15/1760936450.json"
"581513","221281","2025-11-16","36.00","NZD","1760936450","23477/2025-11-16/1760936450.json"
"581514","221282","2025-11-16","36.00","NZD","1760936450","23477/2025-11-16/1760936450.json"
"512557","146154","2025-11-16","45.00","NZD","1760936450","23477/2025-11-16/1760936450.json"
"365170","146153","2025-11-16","48.00","NZD","1760936450","23477/2025-11-16/1760936450.json"
"510807","146155","2025-11-16","52.00","NZD","1760936450","23477/2025-11-16/1760936450.json"
"581513","221281","2025-11-18","36.00","NZD","1760936450","23477/2025-11-18/1760936450.json"
"581513","221281","2025-11-19","36.00","NZD","1760936450","23477/2025-11-19/1760936450.json"
"581514","221282","2025-11-18","36.00","NZD","1760936450","23477/2025-11-18/1760936450.json"
"581514","221282","2025-11-19","36.00","NZD","1760936450","23477/2025-11-19/1760936450.json"
"512557","146154","2025-11-19","45.00","NZD","1760936450","23477/2025-11-19/1760936450.json"
"512557","146154","2025-11-18","45.00","NZD","1760936450","23477/2025-11-18/1760936450.json"
"365170","146153","2025-11-19","48.00","NZD","1760936450","23477/2025-11-19/1760936450.json"
"510807","146155","2025-11-19","52.00","NZD","1760936450","23477/2025-11-19/1760936450.json"
"365170","146153","2025-11-18","48.00","NZD","1760936450","23477/2025-11-18/1760936450.json"
"510807","146155","2025-11-18","52.00","NZD","1760936450","23477/2025-11-18/1760936450.json"
"581513","221281","2025-11-17","36.00","NZD","1760936450","23477/2025-11-17/1760936450.json"
"581514","221282","2025-11-17","36.00","NZD","1760936450","23477/2025-11-17/1760936450.json"
"512557","146154","2025-11-17","45.00","NZD","1760936450","23477/2025-11-17/1760936450.json"
"365170","146153","2025-11-17","48.00","NZD","1760936450","23477/2025-11-17/1760936450.json"
"510807","146155","2025-11-17","52.00","NZD","1760936450","23477/2025-11-17/1760936450.json"
"581513","221281","2025-11-21","36.00","NZD","1760936450","23477/2025-11-21/1760936450.json"
"581514","221282","2025-11-21","36.00","NZD","1760936450","23477/2025-11-21/1760936450.json"
"512557","146154","2025-11-21","45.00","NZD","1760936450","23477/2025-11-21/1760936450.json"
"365170","146153","2025-11-21","48.00","NZD","1760936450","23477/2025-11-21/1760936450.json"
"510807","146155","2025-11-21","52.00","NZD","1760936450","23477/2025-11-21/1760936450.json"
"581513","221281","2025-11-20","36.00","NZD","1760936450","23477/2025-11-20/1760936450.json"
"581514","221282","2025-11-20","36.00","NZD","1760936450","23477/2025-11-20/1760936450.json"
"512557","146154","2025-11-20","45.00","NZD","1760936450","23477/2025-11-20/1760936450.json"
"581513","221281","2025-11-22","36.00","NZD","1760936450","23477/2025-11-22/1760936450.json"
"581514","221282","2025-11-22","36.00","NZD","1760936450","23477/2025-11-22/1760936450.json"
"512557","146154","2025-11-22","45.00","NZD","1760936450","23477/2025-11-22/1760936450.json"
"365170","146153","2025-11-22","48.00","NZD","1760936450","23477/2025-11-22/1760936450.json"
"510807","146155","2025-11-22","52.00","NZD","1760936450","23477/2025-11-22/1760936450.json"
"581513","221281","2025-11-08","36.00","NZD","1760936450","23477/2025-11-08/1760936450.json"
"581514","221282","2025-11-08","36.00","NZD","1760936450","23477/2025-11-08/1760936450.json"
"512557","146154","2025-11-08","45.00","NZD","1760936450","23477/2025-11-08/1760936450.json"
"365170","146153","2025-11-08","48.00","NZD","1760936450","23477/2025-11-08/1760936450.json"
"510807","146155","2025-11-08","52.00","NZD","1760936450","23477/2025-11-08/1760936450.json"
"581513","221281","2025-11-23","36.00","NZD","1760936450","23477/2025-11-23/1760936450.json"
"581514","221282","2025-11-23","36.00","NZD","1760936450","23477/2025-11-23/1760936450.json"
"512557","146154","2025-11-23","45.00","NZD","1760936450","23477/2025-11-23/1760936450.json"
"365170","146153","2025-11-23","48.00","NZD","1760936450","23477/2025-11-23/1760936450.json"
"510807","146155","2025-11-23","52.00","NZD","1760936450","23477/2025-11-23/1760936450.json"
"581513","221281","2025-11-24","36.00","NZD","1760936450","23477/2025-11-24/1760936450.json"
"581514","221282","2025-11-24","36.00","NZD","1760936450","23477/2025-11-24/1760936450.json"
"512557","146154","2025-11-24","45.00","NZD","1760936450","23477/2025-11-24/1760936450.json"
"365170","146153","2025-11-24","48.00","NZD","1760936450","23477/2025-11-24/1760936450.json"
"510807","146155","2025-11-24","52.00","NZD","1760936450","23477/2025-11-24/1760936450.json"
"581513","221281","2025-11-25","36.00","NZD","1760936450","23477/2025-11-25/1760936450.json"
"581514","221282","2025-11-25","36.00","NZD","1760936450","23477/2025-11-25/1760936450.json"
"512557","146154","2025-11-25","45.00","NZD","1760936450","23477/2025-11-25/1760936450.json"
"365170","146153","2025-11-25","48.00","NZD","1760936450","23477/2025-11-25/1760936450.json"
"510807","146155","2025-11-25","52.00","NZD","1760936450","23477/2025-11-25/1760936450.json"
"581513","221281","2025-11-26","36.00","NZD","1760936450","23477/2025-11-26/1760936450.json"
"581514","221282","2025-11-26","36.00","NZD","1760936450","23477/2025-11-26/1760936450.json"
"512557","146154","2025-11-26","45.00","NZD","1760936450","23477/2025-11-26/1760936450.json"
"365170","146153","2025-11-26","48.00","NZD","1760936450","23477/2025-11-26/1760936450.json"
"510807","146155","2025-11-26","52.00","NZD","1760936450","23477/2025-11-26/1760936450.json"
"581513","221281","2025-11-28","36.00","NZD","1760936450","23477/2025-11-28/1760936450.json"
"581514","221282","2025-11-28","36.00","NZD","1760936450","23477/2025-11-28/1760936450.json"
"512557","146154","2025-11-28","45.00","NZD","1760936450","23477/2025-11-28/1760936450.json"
"365170","146153","2025-11-28","48.00","NZD","1760936450","23477/2025-11-28/1760936450.json"
"510807","146155","2025-11-28","52.00","NZD","1760936450","23477/2025-11-28/1760936450.json"
"581513","221281","2025-11-27","36.00","NZD","1760936450","23477/2025-11-27/1760936450.json"
"581514","221282","2025-11-27","36.00","NZD","1760936450","23477/2025-11-27/1760936450.json"
"512557","146154","2025-11-27","45.00","NZD","1760936450","23477/2025-11-27/1760936450.json"
"365170","146153","2025-11-27","48.00","NZD","1760936450","23477/2025-11-27/1760936450.json"
"510807","146155","2025-11-27","52.00","NZD","1760936450","23477/2025-11-27/1760936450.json"
"581513","221281","2025-11-29","36.00","NZD","1760936450","23477/2025-11-29/1760936450.json"
"581514","221282","2025-11-29","36.00","NZD","1760936450","23477/2025-11-29/1760936450.json"
"512557","146154","2025-11-29","45.00","NZD","1760936450","23477/2025-11-29/1760936450.json"
"365170","146153","2025-11-29","48.00","NZD","1760936450","23477/2025-11-29/1760936450.json"
"510807","146155","2025-11-29","52.00","NZD","1760936450","23477/2025-11-29/1760936450.json"
"581513","221281","2025-11-30","36.00","NZD","1760936450","23477/2025-11-30/1760936450.json"
"581514","221282","2025-11-30","36.00","NZD","1760936450","23477/2025-11-30/1760936450.json"
"512557","146154","2025-11-30","45.00","NZD","1760936450","23477/2025-11-30/1760936450.json"
"365170","146153","2025-11-30","48.00","NZD","1760936450","23477/2025-11-30/1760936450.json"
"510807","146155","2025-11-30","52.00","NZD","1760936450","23477/2025-11-30/1760936450.json"
"581513","221281","2025-12-02","36.00","NZD","1760936450","23477/2025-12-02/1760936450.json"
"581514","221282","2025-12-02","36.00","NZD","1760936450","23477/2025-12-02/1760936450.json"
"512557","146154","2025-12-02","45.00","NZD","1760936450","23477/2025-12-02/1760936450.json"
"365170","146153","2025-12-02","48.00","NZD","1760936450","23477/2025-12-02/1760936450.json"
"510807","146155","2025-12-02","52.00","NZD","1760936450","23477/2025-12-02/1760936450.json"
"581513","221281","2025-12-01","36.00","NZD","1760936450","23477/2025-12-01/1760936450.json"
"581514","221282","2025-12-01","36.00","NZD","1760936450","23477/2025-12-01/1760936450.json"
"512557","146154","2025-12-01","45.00","NZD","1760936450","23477/2025-12-01/1760936450.json"
"365170","146153","2025-12-01","48.00","NZD","1760936450","23477/2025-12-01/1760936450.json"
"510807","146155","2025-12-01","52.00","NZD","1760936450","23477/2025-12-01/1760936450.json"
"581513","221281","2025-12-03","36.00","NZD","1760936450","23477/2025-12-03/1760936450.json"
"581514","221282","2025-12-03","36.00","NZD","1760936450","23477/2025-12-03/1760936450.json"
"512557","146154","2025-12-03","45.00","NZD","1760936450","23477/2025-12-03/1760936450.json"
"365170","146153","2025-12-03","48.00","NZD","1760936450","23477/2025-12-03/1760936450.json"
"510807","146155","2025-12-03","52.00","NZD","1760936450","23477/2025-12-03/1760936450.json"
"581513","221281","2025-12-04","36.00","NZD","1760936450","23477/2025-12-04/1760936450.json"
"581514","221282","2025-12-04","36.00","NZD","1760936450","23477/2025-12-04/1760936450.json"
"512557","146154","2025-12-04","45.00","NZD","1760936450","23477/2025-12-04/1760936450.json"
"365170","146153","2025-12-04","48.00","NZD","1760936450","23477/2025-12-04/1760936450.json"
"510807","146155","2025-12-04","52.00","NZD","1760936450","23477/2025-12-04/1760936450.json"
"581513","221281","2025-12-06","36.00","NZD","1760936450","23477/2025-12-06/1760936450.json"
"581514","221282","2025-12-06","36.00","NZD","1760936450","23477/2025-12-06/1760936450.json"
"512557","146154","2025-12-06","45.00","NZD","1760936450","23477/2025-12-06/1760936450.json"
"365170","146153","2025-12-06","48.00","NZD","1760936450","23477/2025-12-06/1760936450.json"
"510807","146155","2025-12-06","52.00","NZD","1760936450","23477/2025-12-06/1760936450.json"
"581513","221281","2025-12-05","36.00","NZD","1760936450","23477/2025-12-05/1760936450.json"
"581514","221282","2025-12-05","36.00","NZD","1760936450","23477/2025-12-05/1760936450.json"
"512557","146154","2025-12-05","45.00","NZD","1760936450","23477/2025-12-05/1760936450.json"
"365170","146153","2025-12-05","48.00","NZD","1760936450","23477/2025-12-05/1760936450.json"
"510807","146155","2025-12-05","52.00","NZD","1760936450","23477/2025-12-05/1760936450.json"
"581513","221281","2025-12-07","36.00","NZD","1760936450","23477/2025-12-07/1760936450.json"
"581514","221282","2025-12-07","36.00","NZD","1760936450","23477/2025-12-07/1760936450.json"
"512557","146154","2025-12-07","45.00","NZD","1760936450","23477/2025-12-07/1760936450.json"
"365170","146153","2025-12-07","48.00","NZD","1760936450","23477/2025-12-07/1760936450.json"
"510807","146155","2025-12-07","52.00","NZD","1760936450","23477/2025-12-07/1760936450.json"
"581513","221281","2025-12-09","36.00","NZD","1760936450","23477/2025-12-09/1760936450.json"
"581514","221282","2025-12-09","36.00","NZD","1760936450","23477/2025-12-09/1760936450.json"
"512557","146154","2025-12-09","45.00","NZD","1760936450","23477/2025-12-09/1760936450.json"
"365170","146153","2025-12-09","48.00","NZD","1760936450","23477/2025-12-09/1760936450.json"
"510807","146155","2025-12-09","52.00","NZD","1760936450","23477/2025-12-09/1760936450.json"
"581513","221281","2025-12-11","36.00","NZD","1760936450","23477/2025-12-11/1760936450.json"
"581514","221282","2025-12-11","36.00","NZD","1760936450","23477/2025-12-11/1760936450.json"
"512557","146154","2025-12-11","45.00","NZD","1760936450","23477/2025-12-11/1760936450.json"
"365170","146153","2025-12-11","48.00","NZD","1760936450","23477/2025-12-11/1760936450.json"
"510807","146155","2025-12-11","52.00","NZD","1760936450","23477/2025-12-11/1760936450.json"
"581513","221281","2025-12-10","36.00","NZD","1760936450","23477/2025-12-10/1760936450.json"
"581514","221282","2025-12-10","36.00","NZD","1760936450","23477/2025-12-10/1760936450.json"
"512557","146154","2025-12-10","45.00","NZD","1760936450","23477/2025-12-10/1760936450.json"
"365170","146153","2025-12-10","48.00","NZD","1760936450","23477/2025-12-10/1760936450.json"
"510807","146155","2025-12-10","52.00","NZD","1760936450","23477/2025-12-10/1760936450.json"
"581513","221281","2025-12-08","36.00","NZD","1760936450","23477/2025-12-08/1760936450.json"
"581514","221282","2025-12-08","36.00","NZD","1760936450","23477/2025-12-08/1760936450.json"
"512557","146154","2025-12-08","45.00","NZD","1760936450","23477/2025-12-08/1760936450.json"
"365170","146153","2025-12-08","48.00","NZD","1760936450","23477/2025-12-08/1760936450.json"
"510807","146155","2025-12-08","52.00","NZD","1760936450","23477/2025-12-08/1760936450.json"
"581513","221281","2025-12-12","36.00","NZD","1760936450","23477/2025-12-12/1760936450.json"
"581514","221282","2025-12-12","36.00","NZD","1760936450","23477/2025-12-12/1760936450.json"
"512557","146154","2025-12-12","45.00","NZD","1760936450","23477/2025-12-12/1760936450.json"
"365170","146153","2025-12-12","48.00","NZD","1760936450","23477/2025-12-12/1760936450.json"
"510807","146155","2025-12-12","52.00","NZD","1760936450","23477/2025-12-12/1760936450.json"
"581513","221281","2025-12-14","36.00","NZD","1760936450","23477/2025-12-14/1760936450.json"
"581514","221282","2025-12-14","36.00","NZD","1760936450","23477/2025-12-14/1760936450.json"
"512557","146154","2025-12-14","45.00","NZD","1760936450","23477/2025-12-14/1760936450.json"
"365170","146153","2025-12-14","48.00","NZD","1760936450","23477/2025-12-14/1760936450.json"
"510807","146155","2025-12-14","52.00","NZD","1760936450","23477/2025-12-14/1760936450.json"
"581513","221281","2025-12-13","36.00","NZD","1760936450","23477/2025-12-13/1760936450.json"
"581514","221282","2025-12-13","36.00","NZD","1760936450","23477/2025-12-13/1760936450.json"
"512557","146154","2025-12-13","45.00","NZD","1760936450","23477/2025-12-13/1760936450.json"
"365170","146153","2025-12-13","48.00","NZD","1760936450","23477/2025-12-13/1760936450.json"
"510807","146155","2025-12-13","52.00","NZD","1760936450","23477/2025-12-13/1760936450.json"
"581513","221281","2025-12-15","36.00","NZD","1760936450","23477/2025-12-15/1760936450.json"
"581514","221282","2025-12-15","36.00","NZD","1760936450","23477/2025-12-15/1760936450.json"
"512557","146154","2025-12-15","45.00","NZD","1760936450","23477/2025-12-15/1760936450.json"
"365170","146153","2025-12-15","48.00","NZD","1760936450","23477/2025-12-15/1760936450.json"
"510807","146155","2025-12-15","52.00","NZD","1760936450","23477/2025-12-15/1760936450.json"
"581513","221281","2025-12-17","36.00","NZD","1760936450","23477/2025-12-17/1760936450.json"
"581514","221282","2025-12-17","36.00","NZD","1760936450","23477/2025-12-17/1760936450.json"
"512557","146154","2025-12-17","45.00","NZD","1760936450","23477/2025-12-17/1760936450.json"
"365170","146153","2025-12-17","48.00","NZD","1760936450","23477/2025-12-17/1760936450.json"
"510807","146155","2025-12-17","52.00","NZD","1760936450","23477/2025-12-17/1760936450.json"
"581513","221281","2025-12-16","36.00","NZD","1760936450","23477/2025-12-16/1760936450.json"
"581514","221282","2025-12-16","36.00","NZD","1760936450","23477/2025-12-16/1760936450.json"
"512557","146154","2025-12-16","45.00","NZD","1760936450","23477/2025-12-16/1760936450.json"
"365170","146153","2025-12-16","48.00","NZD","1760936450","23477/2025-12-16/1760936450.json"
"510807","146155","2025-12-16","52.00","NZD","1760936450","23477/2025-12-16/1760936450.json"
"581513","221281","2025-12-18","36.00","NZD","1760936450","23477/2025-12-18/1760936450.json"
"581514","221282","2025-12-18","36.00","NZD","1760936450","23477/2025-12-18/1760936450.json"
"512557","146154","2025-12-18","45.00","NZD","1760936450","23477/2025-12-18/1760936450.json"
"365170","146153","2025-12-18","48.00","NZD","1760936450","23477/2025-12-18/1760936450.json"
"510807","146155","2025-12-18","52.00","NZD","1760936450","23477/2025-12-18/1760936450.json"
"581513","221281","2025-12-19","36.00","NZD","1760936450","23477/2025-12-19/1760936450.json"
"581514","221282","2025-12-19","36.00","NZD","1760936450","23477/2025-12-19/1760936450.json"
"512557","146154","2025-12-19","45.00","NZD","1760936450","23477/2025-12-19/1760936450.json"
"365170","146153","2025-12-19","48.00","NZD","1760936450","23477/2025-12-19/1760936450.json"
"510807","146155","2025-12-19","52.00","NZD","1760936450","23477/2025-12-19/1760936450.json"
"581513","221281","2025-10-21","36.00","NZD","1760950970","23477/2025-10-21/1760950970.json"
"581514","221282","2025-10-21","36.00","NZD","1760950970","23477/2025-10-21/1760950970.json"
"512557","146154","2025-10-21","45.00","NZD","1760950970","23477/2025-10-21/1760950970.json"
"365170","146153","2025-10-21","48.00","NZD","1760950970","23477/2025-10-21/1760950970.json"
"510807","146155","2025-10-21","52.00","NZD","1760950970","23477/2025-10-21/1760950970.json"
"581513","221281","2025-10-22","36.00","NZD","1760950970","23477/2025-10-22/1760950970.json"
"581514","221282","2025-10-22","36.00","NZD","1760950970","23477/2025-10-22/1760950970.json"
"512557","146154","2025-10-22","45.00","NZD","1760950970","23477/2025-10-22/1760950970.json"
"365170","146153","2025-10-22","48.00","NZD","1760950970","23477/2025-10-22/1760950970.json"
"510807","146155","2025-10-22","52.00","NZD","1760950970","23477/2025-10-22/1760950970.json"
"581513","221281","2025-10-23","36.00","NZD","1760950970","23477/2025-10-23/1760950970.json"
"581514","221282","2025-10-23","36.00","NZD","1760950970","23477/2025-10-23/1760950970.json"
"512557","146154","2025-10-23","45.00","NZD","1760950970","23477/2025-10-23/1760950970.json"
"365170","146153","2025-10-23","48.00","NZD","1760950970","23477/2025-10-23/1760950970.json"
"510807","146155","2025-10-23","52.00","NZD","1760950970","23477/2025-10-23/1760950970.json"
"581513","221281","2025-10-20","36.00","NZD","1760950970","23477/2025-10-20/1760950970.json"
"581514","221282","2025-10-20","36.00","NZD","1760950970","23477/2025-10-20/1760950970.json"
"512557","146154","2025-10-20","45.00","NZD","1760950970","23477/2025-10-20/1760950970.json"
"365170","146153","2025-10-20","48.00","NZD","1760950970","23477/2025-10-20/1760950970.json"
"510807","146155","2025-10-20","52.00","NZD","1760950970","23477/2025-10-20/1760950970.json"
"581513","221281","2025-10-26","38.00","NZD","1760950970","23477/2025-10-26/1760950970.json"
"581514","221282","2025-10-26","38.00","NZD","1760950970","23477/2025-10-26/1760950970.json"
"512557","146154","2025-10-26","45.00","NZD","1760950970","23477/2025-10-26/1760950970.json"
"581513","221281","2025-10-27","38.00","NZD","1760950970","23477/2025-10-27/1760950970.json"
"581514","221282","2025-10-27","38.00","NZD","1760950970","23477/2025-10-27/1760950970.json"
"512557","146154","2025-10-27","45.00","NZD","1760950970","23477/2025-10-27/1760950970.json"
"365170","146153","2025-10-27","48.00","NZD","1760950970","23477/2025-10-27/1760950970.json"
"510807","146155","2025-10-27","52.00","NZD","1760950970","23477/2025-10-27/1760950970.json"
"581513","221281","2025-10-24","36.00","NZD","1760950970","23477/2025-10-24/1760950970.json"
"581514","221282","2025-10-24","36.00","NZD","1760950970","23477/2025-10-24/1760950970.json"
"512557","146154","2025-10-24","45.00","NZD","1760950970","23477/2025-10-24/1760950970.json"
"365170","146153","2025-10-24","48.00","NZD","1760950970","23477/2025-10-24/1760950970.json"
"510807","146155","2025-10-24","52.00","NZD","1760950970","23477/2025-10-24/1760950970.json"
"581513","221281","2025-10-25","38.00","NZD","1760950970","23477/2025-10-25/1760950970.json"
"581514","221282","2025-10-25","38.00","NZD","1760950970","23477/2025-10-25/1760950970.json"
"512557","146154","2025-10-25","45.00","NZD","1760950970","23477/2025-10-25/1760950970.json"
"581513","221281","2025-10-28","36.00","NZD","1760950970","23477/2025-10-28/1760950970.json"
"581514","221282","2025-10-28","36.00","NZD","1760950970","23477/2025-10-28/1760950970.json"
"512557","146154","2025-10-28","45.00","NZD","1760950970","23477/2025-10-28/1760950970.json"
"365170","146153","2025-10-28","48.00","NZD","1760950970","23477/2025-10-28/1760950970.json"
"510807","146155","2025-10-28","52.00","NZD","1760950970","23477/2025-10-28/1760950970.json"
"581513","221281","2025-10-29","36.00","NZD","1760950970","23477/2025-10-29/1760950970.json"
"581514","221282","2025-10-29","36.00","NZD","1760950970","23477/2025-10-29/1760950970.json"
"512557","146154","2025-10-29","45.00","NZD","1760950970","23477/2025-10-29/1760950970.json"
"365170","146153","2025-10-29","48.00","NZD","1760950970","23477/2025-10-29/1760950970.json"
"510807","146155","2025-10-29","52.00","NZD","1760950970","23477/2025-10-29/1760950970.json"
"581513","221281","2025-10-30","36.00","NZD","1760950970","23477/2025-10-30/1760950970.json"
"581514","221282","2025-10-30","36.00","NZD","1760950970","23477/2025-10-30/1760950970.json"
"512557","146154","2025-10-30","45.00","NZD","1760950970","23477/2025-10-30/1760950970.json"
"365170","146153","2025-10-30","48.00","NZD","1760950970","23477/2025-10-30/1760950970.json"
"510807","146155","2025-10-30","52.00","NZD","1760950970","23477/2025-10-30/1760950970.json"
"581513","221281","2025-10-31","36.00","NZD","1760950970","23477/2025-10-31/1760950970.json"
"581514","221282","2025-10-31","36.00","NZD","1760950970","23477/2025-10-31/1760950970.json"
"512557","146154","2025-10-31","45.00","NZD","1760950970","23477/2025-10-31/1760950970.json"
"365170","146153","2025-10-31","48.00","NZD","1760950970","23477/2025-10-31/1760950970.json"
"510807","146155","2025-10-31","52.00","NZD","1760950970","23477/2025-10-31/1760950970.json"
"581513","221281","2025-11-01","36.00","NZD","1760950970","23477/2025-11-01/1760950970.json"
"581514","221282","2025-11-01","36.00","NZD","1760950970","23477/2025-11-01/1760950970.json"
"512557","146154","2025-11-01","45.00","NZD","1760950970","23477/2025-11-01/1760950970.json"
"365170","146153","2025-11-01","48.00","NZD","1760950970","23477/2025-11-01/1760950970.json"
"510807","146155","2025-11-01","52.00","NZD","1760950970","23477/2025-11-01/1760950970.json"
"581513","221281","2025-11-02","36.00","NZD","1760950970","23477/2025-11-02/1760950970.json"
"581514","221282","2025-11-02","36.00","NZD","1760950970","23477/2025-11-02/1760950970.json"
"512557","146154","2025-11-02","45.00","NZD","1760950970","23477/2025-11-02/1760950970.json"
"365170","146153","2025-11-02","48.00","NZD","1760950970","23477/2025-11-02/1760950970.json"
"510807","146155","2025-11-02","52.00","NZD","1760950970","23477/2025-11-02/1760950970.json"
"581513","221281","2025-11-03","36.00","NZD","1760950970","23477/2025-11-03/1760950970.json"
"581514","221282","2025-11-03","36.00","NZD","1760950970","23477/2025-11-03/1760950970.json"
"512557","146154","2025-11-03","45.00","NZD","1760950970","23477/2025-11-03/1760950970.json"
"365170","146153","2025-11-03","48.00","NZD","1760950970","23477/2025-11-03/1760950970.json"
"510807","146155","2025-11-03","52.00","NZD","1760950970","23477/2025-11-03/1760950970.json"
"581513","221281","2025-11-04","36.00","NZD","1760950970","23477/2025-11-04/1760950970.json"
"581514","221282","2025-11-04","36.00","NZD","1760950970","23477/2025-11-04/1760950970.json"
"512557","146154","2025-11-04","45.00","NZD","1760950970","23477/2025-11-04/1760950970.json"
"365170","146153","2025-11-04","48.00","NZD","1760950970","23477/2025-11-04/1760950970.json"
"510807","146155","2025-11-04","52.00","NZD","1760950970","23477/2025-11-04/1760950970.json"
"581513","221281","2025-11-05","36.00","NZD","1760950970","23477/2025-11-05/1760950970.json"
"581514","221282","2025-11-05","36.00","NZD","1760950970","23477/2025-11-05/1760950970.json"
"512557","146154","2025-11-05","45.00","NZD","1760950970","23477/2025-11-05/1760950970.json"
"365170","146153","2025-11-05","48.00","NZD","1760950970","23477/2025-11-05/1760950970.json"
"510807","146155","2025-11-05","52.00","NZD","1760950970","23477/2025-11-05/1760950970.json"
"581513","221281","2025-11-06","36.00","NZD","1760950970","23477/2025-11-06/1760950970.json"
"581514","221282","2025-11-06","36.00","NZD","1760950970","23477/2025-11-06/1760950970.json"
"512557","146154","2025-11-06","45.00","NZD","1760950970","23477/2025-11-06/1760950970.json"
"365170","146153","2025-11-06","48.00","NZD","1760950970","23477/2025-11-06/1760950970.json"
"510807","146155","2025-11-06","52.00","NZD","1760950970","23477/2025-11-06/1760950970.json"
"581513","221281","2025-11-08","36.00","NZD","1760950970","23477/2025-11-08/1760950970.json"
"581514","221282","2025-11-08","36.00","NZD","1760950970","23477/2025-11-08/1760950970.json"
"512557","146154","2025-11-08","45.00","NZD","1760950970","23477/2025-11-08/1760950970.json"
"365170","146153","2025-11-08","48.00","NZD","1760950970","23477/2025-11-08/1760950970.json"
"510807","146155","2025-11-08","52.00","NZD","1760950970","23477/2025-11-08/1760950970.json"
"581513","221281","2025-11-09","36.00","NZD","1760950970","23477/2025-11-09/1760950970.json"
"581514","221282","2025-11-09","36.00","NZD","1760950970","23477/2025-11-09/1760950970.json"
"512557","146154","2025-11-09","45.00","NZD","1760950970","23477/2025-11-09/1760950970.json"
"365170","146153","2025-11-09","48.00","NZD","1760950970","23477/2025-11-09/1760950970.json"
"510807","146155","2025-11-09","52.00","NZD","1760950970","23477/2025-11-09/1760950970.json"
"581513","221281","2025-11-07","36.00","NZD","1760950970","23477/2025-11-07/1760950970.json"
"581514","221282","2025-11-07","36.00","NZD","1760950970","23477/2025-11-07/1760950970.json"
"512557","146154","2025-11-07","45.00","NZD","1760950970","23477/2025-11-07/1760950970.json"
"365170","146153","2025-11-07","48.00","NZD","1760950970","23477/2025-11-07/1760950970.json"
"510807","146155","2025-11-07","52.00","NZD","1760950970","23477/2025-11-07/1760950970.json"
"581513","221281","2025-11-10","36.00","NZD","1760950970","23477/2025-11-10/1760950970.json"
"581514","221282","2025-11-10","36.00","NZD","1760950970","23477/2025-11-10/1760950970.json"
"512557","146154","2025-11-10","45.00","NZD","1760950970","23477/2025-11-10/1760950970.json"
"365170","146153","2025-11-10","48.00","NZD","1760950970","23477/2025-11-10/1760950970.json"
"510807","146155","2025-11-10","52.00","NZD","1760950970","23477/2025-11-10/1760950970.json"
"581513","221281","2025-11-12","36.00","NZD","1760950970","23477/2025-11-12/1760950970.json"
"581514","221282","2025-11-12","36.00","NZD","1760950970","23477/2025-11-12/1760950970.json"
"512557","146154","2025-11-12","45.00","NZD","1760950970","23477/2025-11-12/1760950970.json"
"365170","146153","2025-11-12","48.00","NZD","1760950970","23477/2025-11-12/1760950970.json"
"510807","146155","2025-11-12","52.00","NZD","1760950970","23477/2025-11-12/1760950970.json"
"581513","221281","2025-11-13","36.00","NZD","1760950970","23477/2025-11-13/1760950970.json"
"581514","221282","2025-11-13","36.00","NZD","1760950970","23477/2025-11-13/1760950970.json"
"512557","146154","2025-11-13","45.00","NZD","1760950970","23477/2025-11-13/1760950970.json"
"365170","146153","2025-11-13","48.00","NZD","1760950970","23477/2025-11-13/1760950970.json"
"510807","146155","2025-11-13","52.00","NZD","1760950970","23477/2025-11-13/1760950970.json"
"581513","221281","2025-11-14","36.00","NZD","1760950970","23477/2025-11-14/1760950970.json"
"581514","221282","2025-11-14","36.00","NZD","1760950970","23477/2025-11-14/1760950970.json"
"512557","146154","2025-11-14","45.00","NZD","1760950970","23477/2025-11-14/1760950970.json"
"365170","146153","2025-11-14","48.00","NZD","1760950970","23477/2025-11-14/1760950970.json"
"510807","146155","2025-11-14","52.00","NZD","1760950970","23477/2025-11-14/1760950970.json"
"581513","221281","2025-11-16","36.00","NZD","1760950970","23477/2025-11-16/1760950970.json"
"581514","221282","2025-11-16","36.00","NZD","1760950970","23477/2025-11-16/1760950970.json"
"512557","146154","2025-11-16","45.00","NZD","1760950970","23477/2025-11-16/1760950970.json"
"365170","146153","2025-11-16","48.00","NZD","1760950970","23477/2025-11-16/1760950970.json"
"510807","146155","2025-11-16","52.00","NZD","1760950970","23477/2025-11-16/1760950970.json"
"581513","221281","2025-11-17","36.00","NZD","1760950970","23477/2025-11-17/1760950970.json"
"581514","221282","2025-11-17","36.00","NZD","1760950970","23477/2025-11-17/1760950970.json"
"512557","146154","2025-11-17","45.00","NZD","1760950970","23477/2025-11-17/1760950970.json"
"365170","146153","2025-11-17","48.00","NZD","1760950970","23477/2025-11-17/1760950970.json"
"510807","146155","2025-11-17","52.00","NZD","1760950970","23477/2025-11-17/1760950970.json"
"581513","221281","2025-11-11","36.00","NZD","1760950970","23477/2025-11-11/1760950970.json"
"581514","221282","2025-11-11","36.00","NZD","1760950970","23477/2025-11-11/1760950970.json"
"512557","146154","2025-11-11","45.00","NZD","1760950970","23477/2025-11-11/1760950970.json"
"365170","146153","2025-11-11","48.00","NZD","1760950970","23477/2025-11-11/1760950970.json"
"510807","146155","2025-11-11","52.00","NZD","1760950970","23477/2025-11-11/1760950970.json"
"581513","221281","2025-11-15","36.00","NZD","1760950970","23477/2025-11-15/1760950970.json"
"581514","221282","2025-11-15","36.00","NZD","1760950970","23477/2025-11-15/1760950970.json"
"512557","146154","2025-11-15","45.00","NZD","1760950970","23477/2025-11-15/1760950970.json"
"365170","146153","2025-11-15","48.00","NZD","1760950970","23477/2025-11-15/1760950970.json"
"510807","146155","2025-11-15","52.00","NZD","1760950970","23477/2025-11-15/1760950970.json"
"581513","221281","2025-11-18","36.00","NZD","1760950970","23477/2025-11-18/1760950970.json"
"581514","221282","2025-11-18","36.00","NZD","1760950970","23477/2025-11-18/1760950970.json"
"512557","146154","2025-11-18","45.00","NZD","1760950970","23477/2025-11-18/1760950970.json"
"365170","146153","2025-11-18","48.00","NZD","1760950970","23477/2025-11-18/1760950970.json"
"510807","146155","2025-11-18","52.00","NZD","1760950970","23477/2025-11-18/1760950970.json"
"581513","221281","2025-11-21","36.00","NZD","1760950970","23477/2025-11-21/1760950970.json"
"581514","221282","2025-11-21","36.00","NZD","1760950970","23477/2025-11-21/1760950970.json"
"512557","146154","2025-11-21","45.00","NZD","1760950970","23477/2025-11-21/1760950970.json"
"365170","146153","2025-11-21","48.00","NZD","1760950970","23477/2025-11-21/1760950970.json"
"510807","146155","2025-11-21","52.00","NZD","1760950970","23477/2025-11-21/1760950970.json"
"581513","221281","2025-11-20","36.00","NZD","1760950970","23477/2025-11-20/1760950970.json"
"581514","221282","2025-11-20","36.00","NZD","1760950970","23477/2025-11-20/1760950970.json"
"512557","146154","2025-11-20","45.00","NZD","1760950970","23477/2025-11-20/1760950970.json"
"581513","221281","2025-11-22","36.00","NZD","1760950970","23477/2025-11-22/1760950970.json"
"581514","221282","2025-11-22","36.00","NZD","1760950970","23477/2025-11-22/1760950970.json"
"512557","146154","2025-11-22","45.00","NZD","1760950970","23477/2025-11-22/1760950970.json"
"365170","146153","2025-11-22","48.00","NZD","1760950970","23477/2025-11-22/1760950970.json"
"510807","146155","2025-11-22","52.00","NZD","1760950970","23477/2025-11-22/1760950970.json"
"581513","221281","2025-11-19","36.00","NZD","1760950970","23477/2025-11-19/1760950970.json"
"581514","221282","2025-11-19","36.00","NZD","1760950970","23477/2025-11-19/1760950970.json"
"512557","146154","2025-11-19","45.00","NZD","1760950970","23477/2025-11-19/1760950970.json"
"365170","146153","2025-11-19","48.00","NZD","1760950970","23477/2025-11-19/1760950970.json"
"510807","146155","2025-11-19","52.00","NZD","1760950970","23477/2025-11-19/1760950970.json"
"581513","221281","2025-11-24","36.00","NZD","1760950970","23477/2025-11-24/1760950970.json"
"581514","221282","2025-11-24","36.00","NZD","1760950970","23477/2025-11-24/1760950970.json"
"512557","146154","2025-11-24","45.00","NZD","1760950970","23477/2025-11-24/1760950970.json"
"365170","146153","2025-11-24","48.00","NZD","1760950970","23477/2025-11-24/1760950970.json"
"510807","146155","2025-11-24","52.00","NZD","1760950970","23477/2025-11-24/1760950970.json"
"581513","221281","2025-11-25","36.00","NZD","1760950970","23477/2025-11-25/1760950970.json"
"581514","221282","2025-11-25","36.00","NZD","1760950970","23477/2025-11-25/1760950970.json"
"512557","146154","2025-11-25","45.00","NZD","1760950970","23477/2025-11-25/1760950970.json"
"365170","146153","2025-11-25","48.00","NZD","1760950970","23477/2025-11-25/1760950970.json"
"510807","146155","2025-11-25","52.00","NZD","1760950970","23477/2025-11-25/1760950970.json"
"581513","221281","2025-11-26","36.00","NZD","1760950970","23477/2025-11-26/1760950970.json"
"581514","221282","2025-11-26","36.00","NZD","1760950970","23477/2025-11-26/1760950970.json"
"512557","146154","2025-11-26","45.00","NZD","1760950970","23477/2025-11-26/1760950970.json"
"365170","146153","2025-11-26","48.00","NZD","1760950970","23477/2025-11-26/1760950970.json"
"510807","146155","2025-11-26","52.00","NZD","1760950970","23477/2025-11-26/1760950970.json"
"581513","221281","2025-11-23","36.00","NZD","1760950970","23477/2025-11-23/1760950970.json"
"581514","221282","2025-11-23","36.00","NZD","1760950970","23477/2025-11-23/1760950970.json"
"512557","146154","2025-11-23","45.00","NZD","1760950970","23477/2025-11-23/1760950970.json"
"365170","146153","2025-11-23","48.00","NZD","1760950970","23477/2025-11-23/1760950970.json"
"510807","146155","2025-11-23","52.00","NZD","1760950970","23477/2025-11-23/1760950970.json"
"581513","221281","2025-11-27","36.00","NZD","1760950970","23477/2025-11-27/1760950970.json"
"581514","221282","2025-11-27","36.00","NZD","1760950970","23477/2025-11-27/1760950970.json"
"512557","146154","2025-11-27","45.00","NZD","1760950970","23477/2025-11-27/1760950970.json"
"365170","146153","2025-11-27","48.00","NZD","1760950970","23477/2025-11-27/1760950970.json"
"510807","146155","2025-11-27","52.00","NZD","1760950970","23477/2025-11-27/1760950970.json"
"581513","221281","2025-11-28","36.00","NZD","1760950970","23477/2025-11-28/1760950970.json"
"581514","221282","2025-11-28","36.00","NZD","1760950970","23477/2025-11-28/1760950970.json"
"512557","146154","2025-11-28","45.00","NZD","1760950970","23477/2025-11-28/1760950970.json"
"365170","146153","2025-11-28","48.00","NZD","1760950970","23477/2025-11-28/1760950970.json"
"510807","146155","2025-11-28","52.00","NZD","1760950970","23477/2025-11-28/1760950970.json"
"581513","221281","2025-11-30","36.00","NZD","1760950970","23477/2025-11-30/1760950970.json"
"581514","221282","2025-11-30","36.00","NZD","1760950970","23477/2025-11-30/1760950970.json"
"512557","146154","2025-11-30","45.00","NZD","1760950970","23477/2025-11-30/1760950970.json"
"365170","146153","2025-11-30","48.00","NZD","1760950970","23477/2025-11-30/1760950970.json"
"510807","146155","2025-11-30","52.00","NZD","1760950970","23477/2025-11-30/1760950970.json"
"581513","221281","2025-11-29","36.00","NZD","1760950970","23477/2025-11-29/1760950970.json"
"581514","221282","2025-11-29","36.00","NZD","1760950970","23477/2025-11-29/1760950970.json"
"512557","146154","2025-11-29","45.00","NZD","1760950970","23477/2025-11-29/1760950970.json"
"365170","146153","2025-11-29","48.00","NZD","1760950970","23477/2025-11-29/1760950970.json"
"510807","146155","2025-11-29","52.00","NZD","1760950970","23477/2025-11-29/1760950970.json"
"581513","221281","2025-12-01","36.00","NZD","1760950970","23477/2025-12-01/1760950970.json"
"581514","221282","2025-12-01","36.00","NZD","1760950970","23477/2025-12-01/1760950970.json"
"512557","146154","2025-12-01","45.00","NZD","1760950970","23477/2025-12-01/1760950970.json"
"365170","146153","2025-12-01","48.00","NZD","1760950970","23477/2025-12-01/1760950970.json"
"510807","146155","2025-12-01","52.00","NZD","1760950970","23477/2025-12-01/1760950970.json"
"581513","221281","2025-12-02","36.00","NZD","1760950970","23477/2025-12-02/1760950970.json"
"581514","221282","2025-12-02","36.00","NZD","1760950970","23477/2025-12-02/1760950970.json"
"512557","146154","2025-12-02","45.00","NZD","1760950970","23477/2025-12-02/1760950970.json"
"365170","146153","2025-12-02","48.00","NZD","1760950970","23477/2025-12-02/1760950970.json"
"510807","146155","2025-12-02","52.00","NZD","1760950970","23477/2025-12-02/1760950970.json"
"581513","221281","2025-12-03","36.00","NZD","1760950970","23477/2025-12-03/1760950970.json"
"581514","221282","2025-12-03","36.00","NZD","1760950970","23477/2025-12-03/1760950970.json"
"512557","146154","2025-12-03","45.00","NZD","1760950970","23477/2025-12-03/1760950970.json"
"365170","146153","2025-12-03","48.00","NZD","1760950970","23477/2025-12-03/1760950970.json"
"510807","146155","2025-12-03","52.00","NZD","1760950970","23477/2025-12-03/1760950970.json"
"581513","221281","2025-12-04","36.00","NZD","1760950970","23477/2025-12-04/1760950970.json"
"581514","221282","2025-12-04","36.00","NZD","1760950970","23477/2025-12-04/1760950970.json"
"512557","146154","2025-12-04","45.00","NZD","1760950970","23477/2025-12-04/1760950970.json"
"365170","146153","2025-12-04","48.00","NZD","1760950970","23477/2025-12-04/1760950970.json"
"510807","146155","2025-12-04","52.00","NZD","1760950970","23477/2025-12-04/1760950970.json"
"581513","221281","2025-12-07","36.00","NZD","1760950970","23477/2025-12-07/1760950970.json"
"581514","221282","2025-12-07","36.00","NZD","1760950970","23477/2025-12-07/1760950970.json"
"512557","146154","2025-12-07","45.00","NZD","1760950970","23477/2025-12-07/1760950970.json"
"365170","146153","2025-12-07","48.00","NZD","1760950970","23477/2025-12-07/1760950970.json"
"510807","146155","2025-12-07","52.00","NZD","1760950970","23477/2025-12-07/1760950970.json"
"581513","221281","2025-12-08","36.00","NZD","1760950970","23477/2025-12-08/1760950970.json"
"581514","221282","2025-12-08","36.00","NZD","1760950970","23477/2025-12-08/1760950970.json"
"512557","146154","2025-12-08","45.00","NZD","1760950970","23477/2025-12-08/1760950970.json"
"365170","146153","2025-12-08","48.00","NZD","1760950970","23477/2025-12-08/1760950970.json"
"510807","146155","2025-12-08","52.00","NZD","1760950970","23477/2025-12-08/1760950970.json"
"581513","221281","2025-12-05","36.00","NZD","1760950970","23477/2025-12-05/1760950970.json"
"581514","221282","2025-12-05","36.00","NZD","1760950970","23477/2025-12-05/1760950970.json"
"512557","146154","2025-12-05","45.00","NZD","1760950970","23477/2025-12-05/1760950970.json"
"365170","146153","2025-12-05","48.00","NZD","1760950970","23477/2025-12-05/1760950970.json"
"510807","146155","2025-12-05","52.00","NZD","1760950970","23477/2025-12-05/1760950970.json"
"581513","221281","2025-12-06","36.00","NZD","1760950970","23477/2025-12-06/1760950970.json"
"581514","221282","2025-12-06","36.00","NZD","1760950970","23477/2025-12-06/1760950970.json"
"512557","146154","2025-12-06","45.00","NZD","1760950970","23477/2025-12-06/1760950970.json"
"365170","146153","2025-12-06","48.00","NZD","1760950970","23477/2025-12-06/1760950970.json"
"510807","146155","2025-12-06","52.00","NZD","1760950970","23477/2025-12-06/1760950970.json"
"581513","221281","2025-12-09","36.00","NZD","1760950970","23477/2025-12-09/1760950970.json"
"581514","221282","2025-12-09","36.00","NZD","1760950970","23477/2025-12-09/1760950970.json"
"512557","146154","2025-12-09","45.00","NZD","1760950970","23477/2025-12-09/1760950970.json"
"365170","146153","2025-12-09","48.00","NZD","1760950970","23477/2025-12-09/1760950970.json"
"510807","146155","2025-12-09","52.00","NZD","1760950970","23477/2025-12-09/1760950970.json"
"581513","221281","2025-12-10","36.00","NZD","1760950970","23477/2025-12-10/1760950970.json"
"581514","221282","2025-12-10","36.00","NZD","1760950970","23477/2025-12-10/1760950970.json"
"512557","146154","2025-12-10","45.00","NZD","1760950970","23477/2025-12-10/1760950970.json"
"365170","146153","2025-12-10","48.00","NZD","1760950970","23477/2025-12-10/1760950970.json"
"510807","146155","2025-12-10","52.00","NZD","1760950970","23477/2025-12-10/1760950970.json"
"581513","221281","2025-12-12","36.00","NZD","1760950970","23477/2025-12-12/1760950970.json"
"581514","221282","2025-12-12","36.00","NZD","1760950970","23477/2025-12-12/1760950970.json"
"512557","146154","2025-12-12","45.00","NZD","1760950970","23477/2025-12-12/1760950970.json"
"365170","146153","2025-12-12","48.00","NZD","1760950970","23477/2025-12-12/1760950970.json"
"510807","146155","2025-12-12","52.00","NZD","1760950970","23477/2025-12-12/1760950970.json"
"581513","221281","2025-12-11","36.00","NZD","1760950970","23477/2025-12-11/1760950970.json"
"581514","221282","2025-12-11","36.00","NZD","1760950970","23477/2025-12-11/1760950970.json"
"512557","146154","2025-12-11","45.00","NZD","1760950970","23477/2025-12-11/1760950970.json"
"365170","146153","2025-12-11","48.00","NZD","1760950970","23477/2025-12-11/1760950970.json"
"510807","146155","2025-12-11","52.00","NZD","1760950970","23477/2025-12-11/1760950970.json"
"581513","221281","2025-12-14","36.00","NZD","1760950970","23477/2025-12-14/1760950970.json"
"581514","221282","2025-12-14","36.00","NZD","1760950970","23477/2025-12-14/1760950970.json"
"512557","146154","2025-12-14","45.00","NZD","1760950970","23477/2025-12-14/1760950970.json"
"365170","146153","2025-12-14","48.00","NZD","1760950970","23477/2025-12-14/1760950970.json"
"510807","146155","2025-12-14","52.00","NZD","1760950970","23477/2025-12-14/1760950970.json"
"581513","221281","2025-12-13","36.00","NZD","1760950970","23477/2025-12-13/1760950970.json"
"581514","221282","2025-12-13","36.00","NZD","1760950970","23477/2025-12-13/1760950970.json"
"512557","146154","2025-12-13","45.00","NZD","1760950970","23477/2025-12-13/1760950970.json"
"365170","146153","2025-12-13","48.00","NZD","1760950970","23477/2025-12-13/1760950970.json"
"510807","146155","2025-12-13","52.00","NZD","1760950970","23477/2025-12-13/1760950970.json"
"581513","221281","2025-12-15","36.00","NZD","1760950970","23477/2025-12-15/1760950970.json"
"581514","221282","2025-12-15","36.00","NZD","1760950970","23477/2025-12-15/1760950970.json"
"512557","146154","2025-12-15","45.00","NZD","1760950970","23477/2025-12-15/1760950970.json"
"365170","146153","2025-12-15","48.00","NZD","1760950970","23477/2025-12-15/1760950970.json"
"510807","146155","2025-12-15","52.00","NZD","1760950970","23477/2025-12-15/1760950970.json"
"581513","221281","2025-12-16","36.00","NZD","1760950970","23477/2025-12-16/1760950970.json"
"581514","221282","2025-12-16","36.00","NZD","1760950970","23477/2025-12-16/1760950970.json"
"512557","146154","2025-12-16","45.00","NZD","1760950970","23477/2025-12-16/1760950970.json"
"365170","146153","2025-12-16","48.00","NZD","1760950970","23477/2025-12-16/1760950970.json"
"510807","146155","2025-12-16","52.00","NZD","1760950970","23477/2025-12-16/1760950970.json"
"581513","221281","2025-12-17","36.00","NZD","1760950970","23477/2025-12-17/1760950970.json"
"581514","221282","2025-12-17","36.00","NZD","1760950970","23477/2025-12-17/1760950970.json"
"512557","146154","2025-12-17","45.00","NZD","1760950970","23477/2025-12-17/1760950970.json"
"365170","146153","2025-12-17","48.00","NZD","1760950970","23477/2025-12-17/1760950970.json"
"510807","146155","2025-12-17","52.00","NZD","1760950970","23477/2025-12-17/1760950970.json"
"581513","221281","2025-12-18","36.00","NZD","1760950970","23477/2025-12-18/1760950970.json"
"581514","221282","2025-12-18","36.00","NZD","1760950970","23477/2025-12-18/1760950970.json"
"512557","146154","2025-12-18","45.00","NZD","1760950970","23477/2025-12-18/1760950970.json"
"365170","146153","2025-12-18","48.00","NZD","1760950970","23477/2025-12-18/1760950970.json"
"510807","146155","2025-12-18","52.00","NZD","1760950970","23477/2025-12-18/1760950970.json"
"581513","221281","2025-12-19","36.00","NZD","1760950970","23477/2025-12-19/1760950970.json"
"581514","221282","2025-12-19","36.00","NZD","1760950970","23477/2025-12-19/1760950970.json"
"512557","146154","2025-12-19","45.00","NZD","1760950970","23477/2025-12-19/1760950970.json"
"365170","146153","2025-12-19","48.00","NZD","1760950970","23477/2025-12-19/1760950970.json"
"510807","146155","2025-12-19","52.00","NZD","1760950970","23477/2025-12-19/1760950970.json"
"581513","221281","2025-10-23","36.00","NZD","1760968450","23477/2025-10-23/1760968450.json"
"581514","221282","2025-10-23","36.00","NZD","1760968450","23477/2025-10-23/1760968450.json"
"512557","146154","2025-10-23","45.00","NZD","1760968450","23477/2025-10-23/1760968450.json"
"365170","146153","2025-10-23","48.00","NZD","1760968450","23477/2025-10-23/1760968450.json"
"510807","146155","2025-10-23","52.00","NZD","1760968450","23477/2025-10-23/1760968450.json"
"581513","221281","2025-10-22","36.00","NZD","1760968450","23477/2025-10-22/1760968450.json"
"581514","221282","2025-10-22","36.00","NZD","1760968450","23477/2025-10-22/1760968450.json"
"512557","146154","2025-10-22","45.00","NZD","1760968450","23477/2025-10-22/1760968450.json"
"365170","146153","2025-10-22","48.00","NZD","1760968450","23477/2025-10-22/1760968450.json"
"510807","146155","2025-10-22","52.00","NZD","1760968450","23477/2025-10-22/1760968450.json"
"581513","221281","2025-10-21","36.00","NZD","1760968450","23477/2025-10-21/1760968450.json"
"581514","221282","2025-10-21","36.00","NZD","1760968450","23477/2025-10-21/1760968450.json"
"512557","146154","2025-10-21","45.00","NZD","1760968450","23477/2025-10-21/1760968450.json"
"365170","146153","2025-10-21","48.00","NZD","1760968450","23477/2025-10-21/1760968450.json"
"510807","146155","2025-10-21","52.00","NZD","1760968450","23477/2025-10-21/1760968450.json"
"581513","221281","2025-10-24","36.00","NZD","1760968450","23477/2025-10-24/1760968450.json"
"581514","221282","2025-10-24","36.00","NZD","1760968450","23477/2025-10-24/1760968450.json"
"512557","146154","2025-10-24","45.00","NZD","1760968450","23477/2025-10-24/1760968450.json"
"365170","146153","2025-10-24","48.00","NZD","1760968450","23477/2025-10-24/1760968450.json"
"510807","146155","2025-10-24","52.00","NZD","1760968450","23477/2025-10-24/1760968450.json"
"581513","221281","2025-10-25","38.00","NZD","1760968450","23477/2025-10-25/1760968450.json"
"581514","221282","2025-10-25","38.00","NZD","1760968450","23477/2025-10-25/1760968450.json"
"512557","146154","2025-10-25","45.00","NZD","1760968450","23477/2025-10-25/1760968450.json"
"581513","221281","2025-10-26","38.00","NZD","1760968450","23477/2025-10-26/1760968450.json"
"581514","221282","2025-10-26","38.00","NZD","1760968450","23477/2025-10-26/1760968450.json"
"512557","146154","2025-10-26","45.00","NZD","1760968450","23477/2025-10-26/1760968450.json"
"581513","221281","2025-10-28","36.00","NZD","1760968450","23477/2025-10-28/1760968450.json"
"581514","221282","2025-10-28","36.00","NZD","1760968450","23477/2025-10-28/1760968450.json"
"512557","146154","2025-10-28","45.00","NZD","1760968450","23477/2025-10-28/1760968450.json"
"365170","146153","2025-10-28","48.00","NZD","1760968450","23477/2025-10-28/1760968450.json"
"510807","146155","2025-10-28","52.00","NZD","1760968450","23477/2025-10-28/1760968450.json"
"581513","221281","2025-10-27","38.00","NZD","1760968450","23477/2025-10-27/1760968450.json"
"581514","221282","2025-10-27","38.00","NZD","1760968450","23477/2025-10-27/1760968450.json"
"512557","146154","2025-10-27","45.00","NZD","1760968450","23477/2025-10-27/1760968450.json"
"365170","146153","2025-10-27","48.00","NZD","1760968450","23477/2025-10-27/1760968450.json"
"510807","146155","2025-10-27","52.00","NZD","1760968450","23477/2025-10-27/1760968450.json"
"581513","221281","2025-10-29","36.00","NZD","1760968450","23477/2025-10-29/1760968450.json"
"581514","221282","2025-10-29","36.00","NZD","1760968450","23477/2025-10-29/1760968450.json"
"512557","146154","2025-10-29","45.00","NZD","1760968450","23477/2025-10-29/1760968450.json"
"365170","146153","2025-10-29","48.00","NZD","1760968450","23477/2025-10-29/1760968450.json"
"510807","146155","2025-10-29","52.00","NZD","1760968450","23477/2025-10-29/1760968450.json"
"581513","221281","2025-10-30","36.00","NZD","1760968450","23477/2025-10-30/1760968450.json"
"581514","221282","2025-10-30","36.00","NZD","1760968450","23477/2025-10-30/1760968450.json"
"512557","146154","2025-10-30","45.00","NZD","1760968450","23477/2025-10-30/1760968450.json"
"365170","146153","2025-10-30","48.00","NZD","1760968450","23477/2025-10-30/1760968450.json"
"510807","146155","2025-10-30","52.00","NZD","1760968450","23477/2025-10-30/1760968450.json"
"581513","221281","2025-11-01","36.00","NZD","1760968450","23477/2025-11-01/1760968450.json"
"581514","221282","2025-11-01","36.00","NZD","1760968450","23477/2025-11-01/1760968450.json"
"512557","146154","2025-11-01","45.00","NZD","1760968450","23477/2025-11-01/1760968450.json"
"365170","146153","2025-11-01","48.00","NZD","1760968450","23477/2025-11-01/1760968450.json"
"510807","146155","2025-11-01","52.00","NZD","1760968450","23477/2025-11-01/1760968450.json"
"581513","221281","2025-10-31","36.00","NZD","1760968450","23477/2025-10-31/1760968450.json"
"581514","221282","2025-10-31","36.00","NZD","1760968450","23477/2025-10-31/1760968450.json"
"512557","146154","2025-10-31","45.00","NZD","1760968450","23477/2025-10-31/1760968450.json"
"365170","146153","2025-10-31","48.00","NZD","1760968450","23477/2025-10-31/1760968450.json"
"510807","146155","2025-10-31","52.00","NZD","1760968450","23477/2025-10-31/1760968450.json"
"581513","221281","2025-11-02","36.00","NZD","1760968450","23477/2025-11-02/1760968450.json"
"581514","221282","2025-11-02","36.00","NZD","1760968450","23477/2025-11-02/1760968450.json"
"512557","146154","2025-11-02","45.00","NZD","1760968450","23477/2025-11-02/1760968450.json"
"365170","146153","2025-11-02","48.00","NZD","1760968450","23477/2025-11-02/1760968450.json"
"510807","146155","2025-11-02","52.00","NZD","1760968450","23477/2025-11-02/1760968450.json"
"581513","221281","2025-11-03","36.00","NZD","1760968450","23477/2025-11-03/1760968450.json"
"581514","221282","2025-11-03","36.00","NZD","1760968450","23477/2025-11-03/1760968450.json"
"512557","146154","2025-11-03","45.00","NZD","1760968450","23477/2025-11-03/1760968450.json"
"365170","146153","2025-11-03","48.00","NZD","1760968450","23477/2025-11-03/1760968450.json"
"510807","146155","2025-11-03","52.00","NZD","1760968450","23477/2025-11-03/1760968450.json"
"581513","221281","2025-11-04","36.00","NZD","1760968450","23477/2025-11-04/1760968450.json"
"581514","221282","2025-11-04","36.00","NZD","1760968450","23477/2025-11-04/1760968450.json"
"512557","146154","2025-11-04","45.00","NZD","1760968450","23477/2025-11-04/1760968450.json"
"365170","146153","2025-11-04","48.00","NZD","1760968450","23477/2025-11-04/1760968450.json"
"510807","146155","2025-11-04","52.00","NZD","1760968450","23477/2025-11-04/1760968450.json"
"581513","221281","2025-11-06","36.00","NZD","1760968450","23477/2025-11-06/1760968450.json"
"581514","221282","2025-11-06","36.00","NZD","1760968450","23477/2025-11-06/1760968450.json"
"512557","146154","2025-11-06","45.00","NZD","1760968450","23477/2025-11-06/1760968450.json"
"365170","146153","2025-11-06","48.00","NZD","1760968450","23477/2025-11-06/1760968450.json"
"510807","146155","2025-11-06","52.00","NZD","1760968450","23477/2025-11-06/1760968450.json"
"581513","221281","2025-11-05","36.00","NZD","1760968450","23477/2025-11-05/1760968450.json"
"581514","221282","2025-11-05","36.00","NZD","1760968450","23477/2025-11-05/1760968450.json"
"512557","146154","2025-11-05","45.00","NZD","1760968450","23477/2025-11-05/1760968450.json"
"365170","146153","2025-11-05","48.00","NZD","1760968450","23477/2025-11-05/1760968450.json"
"510807","146155","2025-11-05","52.00","NZD","1760968450","23477/2025-11-05/1760968450.json"
"581513","221281","2025-11-08","36.00","NZD","1760968450","23477/2025-11-08/1760968450.json"
"581513","221281","2025-11-07","36.00","NZD","1760968450","23477/2025-11-07/1760968450.json"
"581514","221282","2025-11-08","36.00","NZD","1760968450","23477/2025-11-08/1760968450.json"
"581514","221282","2025-11-07","36.00","NZD","1760968450","23477/2025-11-07/1760968450.json"
"512557","146154","2025-11-07","45.00","NZD","1760968450","23477/2025-11-07/1760968450.json"
"512557","146154","2025-11-08","45.00","NZD","1760968450","23477/2025-11-08/1760968450.json"
"365170","146153","2025-11-07","48.00","NZD","1760968450","23477/2025-11-07/1760968450.json"
"510807","146155","2025-11-07","52.00","NZD","1760968450","23477/2025-11-07/1760968450.json"
"365170","146153","2025-11-08","48.00","NZD","1760968450","23477/2025-11-08/1760968450.json"
"510807","146155","2025-11-08","52.00","NZD","1760968450","23477/2025-11-08/1760968450.json"
"581513","221281","2025-11-11","36.00","NZD","1760968450","23477/2025-11-11/1760968450.json"
"581514","221282","2025-11-11","36.00","NZD","1760968450","23477/2025-11-11/1760968450.json"
"512557","146154","2025-11-11","45.00","NZD","1760968450","23477/2025-11-11/1760968450.json"
"365170","146153","2025-11-11","48.00","NZD","1760968450","23477/2025-11-11/1760968450.json"
"510807","146155","2025-11-11","52.00","NZD","1760968450","23477/2025-11-11/1760968450.json"
"581513","221281","2025-11-09","36.00","NZD","1760968450","23477/2025-11-09/1760968450.json"
"581514","221282","2025-11-09","36.00","NZD","1760968450","23477/2025-11-09/1760968450.json"
"512557","146154","2025-11-09","45.00","NZD","1760968450","23477/2025-11-09/1760968450.json"
"365170","146153","2025-11-09","48.00","NZD","1760968450","23477/2025-11-09/1760968450.json"
"510807","146155","2025-11-09","52.00","NZD","1760968450","23477/2025-11-09/1760968450.json"
"581513","221281","2025-11-12","36.00","NZD","1760968450","23477/2025-11-12/1760968450.json"
"581514","221282","2025-11-12","36.00","NZD","1760968450","23477/2025-11-12/1760968450.json"
"512557","146154","2025-11-12","45.00","NZD","1760968450","23477/2025-11-12/1760968450.json"
"365170","146153","2025-11-12","48.00","NZD","1760968450","23477/2025-11-12/1760968450.json"
"510807","146155","2025-11-12","52.00","NZD","1760968450","23477/2025-11-12/1760968450.json"
"581513","221281","2025-11-10","36.00","NZD","1760968450","23477/2025-11-10/1760968450.json"
"581514","221282","2025-11-10","36.00","NZD","1760968450","23477/2025-11-10/1760968450.json"
"512557","146154","2025-11-10","45.00","NZD","1760968450","23477/2025-11-10/1760968450.json"
"365170","146153","2025-11-10","48.00","NZD","1760968450","23477/2025-11-10/1760968450.json"
"510807","146155","2025-11-10","52.00","NZD","1760968450","23477/2025-11-10/1760968450.json"
"581513","221281","2025-11-14","36.00","NZD","1760968450","23477/2025-11-14/1760968450.json"
"581514","221282","2025-11-14","36.00","NZD","1760968450","23477/2025-11-14/1760968450.json"
"512557","146154","2025-11-14","45.00","NZD","1760968450","23477/2025-11-14/1760968450.json"
"365170","146153","2025-11-14","48.00","NZD","1760968450","23477/2025-11-14/1760968450.json"
"510807","146155","2025-11-14","52.00","NZD","1760968450","23477/2025-11-14/1760968450.json"
"581513","221281","2025-11-15","36.00","NZD","1760968450","23477/2025-11-15/1760968450.json"
"581513","221281","2025-11-13","36.00","NZD","1760968450","23477/2025-11-13/1760968450.json"
"581514","221282","2025-11-15","36.00","NZD","1760968450","23477/2025-11-15/1760968450.json"
"581514","221282","2025-11-13","36.00","NZD","1760968450","23477/2025-11-13/1760968450.json"
"512557","146154","2025-11-15","45.00","NZD","1760968450","23477/2025-11-15/1760968450.json"
"512557","146154","2025-11-13","45.00","NZD","1760968450","23477/2025-11-13/1760968450.json"
"365170","146153","2025-11-13","48.00","NZD","1760968450","23477/2025-11-13/1760968450.json"
"365170","146153","2025-11-15","48.00","NZD","1760968450","23477/2025-11-15/1760968450.json"
"510807","146155","2025-11-13","52.00","NZD","1760968450","23477/2025-11-13/1760968450.json"
"510807","146155","2025-11-15","52.00","NZD","1760968450","23477/2025-11-15/1760968450.json"
"581513","221281","2025-11-16","36.00","NZD","1760968450","23477/2025-11-16/1760968450.json"
"581514","221282","2025-11-16","36.00","NZD","1760968450","23477/2025-11-16/1760968450.json"
"512557","146154","2025-11-16","45.00","NZD","1760968450","23477/2025-11-16/1760968450.json"
"365170","146153","2025-11-16","48.00","NZD","1760968450","23477/2025-11-16/1760968450.json"
"510807","146155","2025-11-16","52.00","NZD","1760968450","23477/2025-11-16/1760968450.json"
"581513","221281","2025-11-19","36.00","NZD","1760968450","23477/2025-11-19/1760968450.json"
"581514","221282","2025-11-19","36.00","NZD","1760968450","23477/2025-11-19/1760968450.json"
"512557","146154","2025-11-19","45.00","NZD","1760968450","23477/2025-11-19/1760968450.json"
"365170","146153","2025-11-19","48.00","NZD","1760968450","23477/2025-11-19/1760968450.json"
"510807","146155","2025-11-19","52.00","NZD","1760968450","23477/2025-11-19/1760968450.json"
"581513","221281","2025-11-17","36.00","NZD","1760968450","23477/2025-11-17/1760968450.json"
"581514","221282","2025-11-17","36.00","NZD","1760968450","23477/2025-11-17/1760968450.json"
"512557","146154","2025-11-17","45.00","NZD","1760968450","23477/2025-11-17/1760968450.json"
"365170","146153","2025-11-17","48.00","NZD","1760968450","23477/2025-11-17/1760968450.json"
"510807","146155","2025-11-17","52.00","NZD","1760968450","23477/2025-11-17/1760968450.json"
"581513","221281","2025-11-20","36.00","NZD","1760968450","23477/2025-11-20/1760968450.json"
"581514","221282","2025-11-20","36.00","NZD","1760968450","23477/2025-11-20/1760968450.json"
"512557","146154","2025-11-20","45.00","NZD","1760968450","23477/2025-11-20/1760968450.json"
"581513","221281","2025-11-22","36.00","NZD","1760968450","23477/2025-11-22/1760968450.json"
"581514","221282","2025-11-22","36.00","NZD","1760968450","23477/2025-11-22/1760968450.json"
"512557","146154","2025-11-22","45.00","NZD","1760968450","23477/2025-11-22/1760968450.json"
"365170","146153","2025-11-22","48.00","NZD","1760968450","23477/2025-11-22/1760968450.json"
"510807","146155","2025-11-22","52.00","NZD","1760968450","23477/2025-11-22/1760968450.json"
"581513","221281","2025-11-23","36.00","NZD","1760968450","23477/2025-11-23/1760968450.json"
"581514","221282","2025-11-23","36.00","NZD","1760968450","23477/2025-11-23/1760968450.json"
"512557","146154","2025-11-23","45.00","NZD","1760968450","23477/2025-11-23/1760968450.json"
"365170","146153","2025-11-23","48.00","NZD","1760968450","23477/2025-11-23/1760968450.json"
"510807","146155","2025-11-23","52.00","NZD","1760968450","23477/2025-11-23/1760968450.json"
"581513","221281","2025-11-21","36.00","NZD","1760968450","23477/2025-11-21/1760968450.json"
"581514","221282","2025-11-21","36.00","NZD","1760968450","23477/2025-11-21/1760968450.json"
"512557","146154","2025-11-21","45.00","NZD","1760968450","23477/2025-11-21/1760968450.json"
"365170","146153","2025-11-21","48.00","NZD","1760968450","23477/2025-11-21/1760968450.json"
"510807","146155","2025-11-21","52.00","NZD","1760968450","23477/2025-11-21/1760968450.json"
"581513","221281","2025-11-24","36.00","NZD","1760968450","23477/2025-11-24/1760968450.json"
"581514","221282","2025-11-24","36.00","NZD","1760968450","23477/2025-11-24/1760968450.json"
"512557","146154","2025-11-24","45.00","NZD","1760968450","23477/2025-11-24/1760968450.json"
"365170","146153","2025-11-24","48.00","NZD","1760968450","23477/2025-11-24/1760968450.json"
"510807","146155","2025-11-24","52.00","NZD","1760968450","23477/2025-11-24/1760968450.json"
"581513","221281","2025-11-26","36.00","NZD","1760968450","23477/2025-11-26/1760968450.json"
"581514","221282","2025-11-26","36.00","NZD","1760968450","23477/2025-11-26/1760968450.json"
"512557","146154","2025-11-26","45.00","NZD","1760968450","23477/2025-11-26/1760968450.json"
"365170","146153","2025-11-26","48.00","NZD","1760968450","23477/2025-11-26/1760968450.json"
"510807","146155","2025-11-26","52.00","NZD","1760968450","23477/2025-11-26/1760968450.json"
"581513","221281","2025-11-27","36.00","NZD","1760968450","23477/2025-11-27/1760968450.json"
"581514","221282","2025-11-27","36.00","NZD","1760968450","23477/2025-11-27/1760968450.json"
"512557","146154","2025-11-27","45.00","NZD","1760968450","23477/2025-11-27/1760968450.json"
"365170","146153","2025-11-27","48.00","NZD","1760968450","23477/2025-11-27/1760968450.json"
"510807","146155","2025-11-27","52.00","NZD","1760968450","23477/2025-11-27/1760968450.json"
"581513","221281","2025-11-25","36.00","NZD","1760968450","23477/2025-11-25/1760968450.json"
"581514","221282","2025-11-25","36.00","NZD","1760968450","23477/2025-11-25/1760968450.json"
"512557","146154","2025-11-25","45.00","NZD","1760968450","23477/2025-11-25/1760968450.json"
"365170","146153","2025-11-25","48.00","NZD","1760968450","23477/2025-11-25/1760968450.json"
"510807","146155","2025-11-25","52.00","NZD","1760968450","23477/2025-11-25/1760968450.json"
"581513","221281","2025-11-28","36.00","NZD","1760968450","23477/2025-11-28/1760968450.json"
"581514","221282","2025-11-28","36.00","NZD","1760968450","23477/2025-11-28/1760968450.json"
"512557","146154","2025-11-28","45.00","NZD","1760968450","23477/2025-11-28/1760968450.json"
"365170","146153","2025-11-28","48.00","NZD","1760968450","23477/2025-11-28/1760968450.json"
"510807","146155","2025-11-28","52.00","NZD","1760968450","23477/2025-11-28/1760968450.json"
"581513","221281","2025-11-18","36.00","NZD","1760968450","23477/2025-11-18/1760968450.json"
"581514","221282","2025-11-18","36.00","NZD","1760968450","23477/2025-11-18/1760968450.json"
"512557","146154","2025-11-18","45.00","NZD","1760968450","23477/2025-11-18/1760968450.json"
"365170","146153","2025-11-18","48.00","NZD","1760968450","23477/2025-11-18/1760968450.json"
"510807","146155","2025-11-18","52.00","NZD","1760968450","23477/2025-11-18/1760968450.json"
"581513","221281","2025-11-30","36.00","NZD","1760968450","23477/2025-11-30/1760968450.json"
"581514","221282","2025-11-30","36.00","NZD","1760968450","23477/2025-11-30/1760968450.json"
"512557","146154","2025-11-30","45.00","NZD","1760968450","23477/2025-11-30/1760968450.json"
"365170","146153","2025-11-30","48.00","NZD","1760968450","23477/2025-11-30/1760968450.json"
"510807","146155","2025-11-30","52.00","NZD","1760968450","23477/2025-11-30/1760968450.json"
"581513","221281","2025-12-01","36.00","NZD","1760968450","23477/2025-12-01/1760968450.json"
"581514","221282","2025-12-01","36.00","NZD","1760968450","23477/2025-12-01/1760968450.json"
"512557","146154","2025-12-01","45.00","NZD","1760968450","23477/2025-12-01/1760968450.json"
"365170","146153","2025-12-01","48.00","NZD","1760968450","23477/2025-12-01/1760968450.json"
"510807","146155","2025-12-01","52.00","NZD","1760968450","23477/2025-12-01/1760968450.json"
"581513","221281","2025-12-03","36.00","NZD","1760968450","23477/2025-12-03/1760968450.json"
"581514","221282","2025-12-03","36.00","NZD","1760968450","23477/2025-12-03/1760968450.json"
"512557","146154","2025-12-03","45.00","NZD","1760968450","23477/2025-12-03/1760968450.json"
"365170","146153","2025-12-03","48.00","NZD","1760968450","23477/2025-12-03/1760968450.json"
"510807","146155","2025-12-03","52.00","NZD","1760968450","23477/2025-12-03/1760968450.json"
"581513","221281","2025-12-02","36.00","NZD","1760968450","23477/2025-12-02/1760968450.json"
"581514","221282","2025-12-02","36.00","NZD","1760968450","23477/2025-12-02/1760968450.json"
"512557","146154","2025-12-02","45.00","NZD","1760968450","23477/2025-12-02/1760968450.json"
"365170","146153","2025-12-02","48.00","NZD","1760968450","23477/2025-12-02/1760968450.json"
"510807","146155","2025-12-02","52.00","NZD","1760968450","23477/2025-12-02/1760968450.json"
"581513","221281","2025-11-29","36.00","NZD","1760968450","23477/2025-11-29/1760968450.json"
"581514","221282","2025-11-29","36.00","NZD","1760968450","23477/2025-11-29/1760968450.json"
"512557","146154","2025-11-29","45.00","NZD","1760968450","23477/2025-11-29/1760968450.json"
"365170","146153","2025-11-29","48.00","NZD","1760968450","23477/2025-11-29/1760968450.json"
"510807","146155","2025-11-29","52.00","NZD","1760968450","23477/2025-11-29/1760968450.json"
"581513","221281","2025-12-04","36.00","NZD","1760968450","23477/2025-12-04/1760968450.json"
"581514","221282","2025-12-04","36.00","NZD","1760968450","23477/2025-12-04/1760968450.json"
"512557","146154","2025-12-04","45.00","NZD","1760968450","23477/2025-12-04/1760968450.json"
"365170","146153","2025-12-04","48.00","NZD","1760968450","23477/2025-12-04/1760968450.json"
"510807","146155","2025-12-04","52.00","NZD","1760968450","23477/2025-12-04/1760968450.json"
"581513","221281","2025-12-05","36.00","NZD","1760968450","23477/2025-12-05/1760968450.json"
"581514","221282","2025-12-05","36.00","NZD","1760968450","23477/2025-12-05/1760968450.json"
"512557","146154","2025-12-05","45.00","NZD","1760968450","23477/2025-12-05/1760968450.json"
"365170","146153","2025-12-05","48.00","NZD","1760968450","23477/2025-12-05/1760968450.json"
"510807","146155","2025-12-05","52.00","NZD","1760968450","23477/2025-12-05/1760968450.json"
"581513","221281","2025-12-06","36.00","NZD","1760968450","23477/2025-12-06/1760968450.json"
"581514","221282","2025-12-06","36.00","NZD","1760968450","23477/2025-12-06/1760968450.json"
"512557","146154","2025-12-06","45.00","NZD","1760968450","23477/2025-12-06/1760968450.json"
"365170","146153","2025-12-06","48.00","NZD","1760968450","23477/2025-12-06/1760968450.json"
"510807","146155","2025-12-06","52.00","NZD","1760968450","23477/2025-12-06/1760968450.json"
"581513","221281","2025-12-08","36.00","NZD","1760968450","23477/2025-12-08/1760968450.json"
"581514","221282","2025-12-08","36.00","NZD","1760968450","23477/2025-12-08/1760968450.json"
"512557","146154","2025-12-08","45.00","NZD","1760968450","23477/2025-12-08/1760968450.json"
"365170","146153","2025-12-08","48.00","NZD","1760968450","23477/2025-12-08/1760968450.json"
"510807","146155","2025-12-08","52.00","NZD","1760968450","23477/2025-12-08/1760968450.json"
"581513","221281","2025-12-07","36.00","NZD","1760968450","23477/2025-12-07/1760968450.json"
"581514","221282","2025-12-07","36.00","NZD","1760968450","23477/2025-12-07/1760968450.json"
"512557","146154","2025-12-07","45.00","NZD","1760968450","23477/2025-12-07/1760968450.json"
"365170","146153","2025-12-07","48.00","NZD","1760968450","23477/2025-12-07/1760968450.json"
"510807","146155","2025-12-07","52.00","NZD","1760968450","23477/2025-12-07/1760968450.json"
"581513","221281","2025-12-09","36.00","NZD","1760968450","23477/2025-12-09/1760968450.json"
"581514","221282","2025-12-09","36.00","NZD","1760968450","23477/2025-12-09/1760968450.json"
"512557","146154","2025-12-09","45.00","NZD","1760968450","23477/2025-12-09/1760968450.json"
"365170","146153","2025-12-09","48.00","NZD","1760968450","23477/2025-12-09/1760968450.json"
"510807","146155","2025-12-09","52.00","NZD","1760968450","23477/2025-12-09/1760968450.json"
"581513","221281","2025-12-10","36.00","NZD","1760968450","23477/2025-12-10/1760968450.json"
"581514","221282","2025-12-10","36.00","NZD","1760968450","23477/2025-12-10/1760968450.json"
"512557","146154","2025-12-10","45.00","NZD","1760968450","23477/2025-12-10/1760968450.json"
"365170","146153","2025-12-10","48.00","NZD","1760968450","23477/2025-12-10/1760968450.json"
"510807","146155","2025-12-10","52.00","NZD","1760968450","23477/2025-12-10/1760968450.json"
"581513","221281","2025-12-11","36.00","NZD","1760968450","23477/2025-12-11/1760968450.json"
"581514","221282","2025-12-11","36.00","NZD","1760968450","23477/2025-12-11/1760968450.json"
"512557","146154","2025-12-11","45.00","NZD","1760968450","23477/2025-12-11/1760968450.json"
"365170","146153","2025-12-11","48.00","NZD","1760968450","23477/2025-12-11/1760968450.json"
"510807","146155","2025-12-11","52.00","NZD","1760968450","23477/2025-12-11/1760968450.json"
"581513","221281","2025-12-12","36.00","NZD","1760968450","23477/2025-12-12/1760968450.json"
"581514","221282","2025-12-12","36.00","NZD","1760968450","23477/2025-12-12/1760968450.json"
"512557","146154","2025-12-12","45.00","NZD","1760968450","23477/2025-12-12/1760968450.json"
"365170","146153","2025-12-12","48.00","NZD","1760968450","23477/2025-12-12/1760968450.json"
"510807","146155","2025-12-12","52.00","NZD","1760968450","23477/2025-12-12/1760968450.json"
"581513","221281","2025-12-13","36.00","NZD","1760968450","23477/2025-12-13/1760968450.json"
"581514","221282","2025-12-13","36.00","NZD","1760968450","23477/2025-12-13/1760968450.json"
"512557","146154","2025-12-13","45.00","NZD","1760968450","23477/2025-12-13/1760968450.json"
"365170","146153","2025-12-13","48.00","NZD","1760968450","23477/2025-12-13/1760968450.json"
"510807","146155","2025-12-13","52.00","NZD","1760968450","23477/2025-12-13/1760968450.json"
"581513","221281","2025-12-14","36.00","NZD","1760968450","23477/2025-12-14/1760968450.json"
"581514","221282","2025-12-14","36.00","NZD","1760968450","23477/2025-12-14/1760968450.json"
"512557","146154","2025-12-14","45.00","NZD","1760968450","23477/2025-12-14/1760968450.json"
"365170","146153","2025-12-14","48.00","NZD","1760968450","23477/2025-12-14/1760968450.json"
"510807","146155","2025-12-14","52.00","NZD","1760968450","23477/2025-12-14/1760968450.json"
"581513","221281","2025-12-17","36.00","NZD","1760968450","23477/2025-12-17/1760968450.json"
"581514","221282","2025-12-17","36.00","NZD","1760968450","23477/2025-12-17/1760968450.json"
"512557","146154","2025-12-17","45.00","NZD","1760968450","23477/2025-12-17/1760968450.json"
"365170","146153","2025-12-17","48.00","NZD","1760968450","23477/2025-12-17/1760968450.json"
"510807","146155","2025-12-17","52.00","NZD","1760968450","23477/2025-12-17/1760968450.json"
"581513","221281","2025-12-15","36.00","NZD","1760968450","23477/2025-12-15/1760968450.json"
"581514","221282","2025-12-15","36.00","NZD","1760968450","23477/2025-12-15/1760968450.json"
"512557","146154","2025-12-15","45.00","NZD","1760968450","23477/2025-12-15/1760968450.json"
"365170","146153","2025-12-15","48.00","NZD","1760968450","23477/2025-12-15/1760968450.json"
"510807","146155","2025-12-15","52.00","NZD","1760968450","23477/2025-12-15/1760968450.json"
"581513","221281","2025-12-16","36.00","NZD","1760968450","23477/2025-12-16/1760968450.json"
"581514","221282","2025-12-16","36.00","NZD","1760968450","23477/2025-12-16/1760968450.json"
"512557","146154","2025-12-16","45.00","NZD","1760968450","23477/2025-12-16/1760968450.json"
"365170","146153","2025-12-16","48.00","NZD","1760968450","23477/2025-12-16/1760968450.json"
"510807","146155","2025-12-16","52.00","NZD","1760968450","23477/2025-12-16/1760968450.json"
"581513","221281","2025-12-18","36.00","NZD","1760968450","23477/2025-12-18/1760968450.json"
"581514","221282","2025-12-18","36.00","NZD","1760968450","23477/2025-12-18/1760968450.json"
"512557","146154","2025-12-18","45.00","NZD","1760968450","23477/2025-12-18/1760968450.json"
"365170","146153","2025-12-18","48.00","NZD","1760968450","23477/2025-12-18/1760968450.json"
"510807","146155","2025-12-18","52.00","NZD","1760968450","23477/2025-12-18/1760968450.json"
"581513","221281","2025-12-19","36.00","NZD","1760968450","23477/2025-12-19/1760968450.json"
"581514","221282","2025-12-19","36.00","NZD","1760968450","23477/2025-12-19/1760968450.json"
"512557","146154","2025-12-19","45.00","NZD","1760968450","23477/2025-12-19/1760968450.json"
"365170","146153","2025-12-19","48.00","NZD","1760968450","23477/2025-12-19/1760968450.json"
"510807","146155","2025-12-19","52.00","NZD","1760968450","23477/2025-12-19/1760968450.json"
"581513","221281","2025-10-23","36.00","NZD","1760979934","23477/2025-10-23/1760979934.json"
"581513","221281","2025-10-22","36.00","NZD","1760979934","23477/2025-10-22/1760979934.json"
"581514","221282","2025-10-22","36.00","NZD","1760979934","23477/2025-10-22/1760979934.json"
"581514","221282","2025-10-23","36.00","NZD","1760979934","23477/2025-10-23/1760979934.json"
"512557","146154","2025-10-22","45.00","NZD","1760979934","23477/2025-10-22/1760979934.json"
"365170","146153","2025-10-22","48.00","NZD","1760979934","23477/2025-10-22/1760979934.json"
"512557","146154","2025-10-23","45.00","NZD","1760979934","23477/2025-10-23/1760979934.json"
"510807","146155","2025-10-22","52.00","NZD","1760979934","23477/2025-10-22/1760979934.json"
"365170","146153","2025-10-23","48.00","NZD","1760979934","23477/2025-10-23/1760979934.json"
"510807","146155","2025-10-23","52.00","NZD","1760979934","23477/2025-10-23/1760979934.json"
"581513","221281","2025-10-21","36.00","NZD","1760979934","23477/2025-10-21/1760979934.json"
"581514","221282","2025-10-21","36.00","NZD","1760979934","23477/2025-10-21/1760979934.json"
"512557","146154","2025-10-21","45.00","NZD","1760979934","23477/2025-10-21/1760979934.json"
"365170","146153","2025-10-21","48.00","NZD","1760979934","23477/2025-10-21/1760979934.json"
"510807","146155","2025-10-21","52.00","NZD","1760979934","23477/2025-10-21/1760979934.json"
"581513","221281","2025-10-24","36.00","NZD","1760979934","23477/2025-10-24/1760979934.json"
"581514","221282","2025-10-24","36.00","NZD","1760979934","23477/2025-10-24/1760979934.json"
"512557","146154","2025-10-24","45.00","NZD","1760979934","23477/2025-10-24/1760979934.json"
"365170","146153","2025-10-24","48.00","NZD","1760979934","23477/2025-10-24/1760979934.json"
"510807","146155","2025-10-24","52.00","NZD","1760979934","23477/2025-10-24/1760979934.json"
"581513","221281","2025-10-26","38.00","NZD","1760979934","23477/2025-10-26/1760979934.json"
"581514","221282","2025-10-26","38.00","NZD","1760979934","23477/2025-10-26/1760979934.json"
"512557","146154","2025-10-26","45.00","NZD","1760979934","23477/2025-10-26/1760979934.json"
"581513","221281","2025-10-27","38.00","NZD","1760979934","23477/2025-10-27/1760979934.json"
"581514","221282","2025-10-27","38.00","NZD","1760979934","23477/2025-10-27/1760979934.json"
"512557","146154","2025-10-27","45.00","NZD","1760979934","23477/2025-10-27/1760979934.json"
"365170","146153","2025-10-27","48.00","NZD","1760979934","23477/2025-10-27/1760979934.json"
"510807","146155","2025-10-27","52.00","NZD","1760979934","23477/2025-10-27/1760979934.json"
"581513","221281","2025-10-28","36.00","NZD","1760979934","23477/2025-10-28/1760979934.json"
"581514","221282","2025-10-28","36.00","NZD","1760979934","23477/2025-10-28/1760979934.json"
"512557","146154","2025-10-28","45.00","NZD","1760979934","23477/2025-10-28/1760979934.json"
"365170","146153","2025-10-28","48.00","NZD","1760979934","23477/2025-10-28/1760979934.json"
"510807","146155","2025-10-28","52.00","NZD","1760979934","23477/2025-10-28/1760979934.json"
"581513","221281","2025-10-25","38.00","NZD","1760979934","23477/2025-10-25/1760979934.json"
"581514","221282","2025-10-25","38.00","NZD","1760979934","23477/2025-10-25/1760979934.json"
"512557","146154","2025-10-25","45.00","NZD","1760979934","23477/2025-10-25/1760979934.json"
"581513","221281","2025-10-29","36.00","NZD","1760979934","23477/2025-10-29/1760979934.json"
"581514","221282","2025-10-29","36.00","NZD","1760979934","23477/2025-10-29/1760979934.json"
"512557","146154","2025-10-29","45.00","NZD","1760979934","23477/2025-10-29/1760979934.json"
"365170","146153","2025-10-29","48.00","NZD","1760979934","23477/2025-10-29/1760979934.json"
"510807","146155","2025-10-29","52.00","NZD","1760979934","23477/2025-10-29/1760979934.json"
"581513","221281","2025-10-31","36.00","NZD","1760979934","23477/2025-10-31/1760979934.json"
"581514","221282","2025-10-31","36.00","NZD","1760979934","23477/2025-10-31/1760979934.json"
"512557","146154","2025-10-31","45.00","NZD","1760979934","23477/2025-10-31/1760979934.json"
"365170","146153","2025-10-31","48.00","NZD","1760979934","23477/2025-10-31/1760979934.json"
"510807","146155","2025-10-31","52.00","NZD","1760979934","23477/2025-10-31/1760979934.json"
"581513","221281","2025-11-01","36.00","NZD","1760979934","23477/2025-11-01/1760979934.json"
"581514","221282","2025-11-01","36.00","NZD","1760979934","23477/2025-11-01/1760979934.json"
"512557","146154","2025-11-01","45.00","NZD","1760979934","23477/2025-11-01/1760979934.json"
"365170","146153","2025-11-01","48.00","NZD","1760979934","23477/2025-11-01/1760979934.json"
"510807","146155","2025-11-01","52.00","NZD","1760979934","23477/2025-11-01/1760979934.json"
"581513","221281","2025-11-02","36.00","NZD","1760979934","23477/2025-11-02/1760979934.json"
"581514","221282","2025-11-02","36.00","NZD","1760979934","23477/2025-11-02/1760979934.json"
"512557","146154","2025-11-02","45.00","NZD","1760979934","23477/2025-11-02/1760979934.json"
"365170","146153","2025-11-02","48.00","NZD","1760979934","23477/2025-11-02/1760979934.json"
"510807","146155","2025-11-02","52.00","NZD","1760979934","23477/2025-11-02/1760979934.json"
"581513","221281","2025-10-30","36.00","NZD","1760979934","23477/2025-10-30/1760979934.json"
"581514","221282","2025-10-30","36.00","NZD","1760979934","23477/2025-10-30/1760979934.json"
"512557","146154","2025-10-30","45.00","NZD","1760979934","23477/2025-10-30/1760979934.json"
"365170","146153","2025-10-30","48.00","NZD","1760979934","23477/2025-10-30/1760979934.json"
"510807","146155","2025-10-30","52.00","NZD","1760979934","23477/2025-10-30/1760979934.json"
"581513","221281","2025-11-04","36.00","NZD","1760979934","23477/2025-11-04/1760979934.json"
"581514","221282","2025-11-04","36.00","NZD","1760979934","23477/2025-11-04/1760979934.json"
"512557","146154","2025-11-04","45.00","NZD","1760979934","23477/2025-11-04/1760979934.json"
"365170","146153","2025-11-04","48.00","NZD","1760979934","23477/2025-11-04/1760979934.json"
"510807","146155","2025-11-04","52.00","NZD","1760979934","23477/2025-11-04/1760979934.json"
"581513","221281","2025-11-05","36.00","NZD","1760979934","23477/2025-11-05/1760979934.json"
"581514","221282","2025-11-05","36.00","NZD","1760979934","23477/2025-11-05/1760979934.json"
"512557","146154","2025-11-05","45.00","NZD","1760979934","23477/2025-11-05/1760979934.json"
"365170","146153","2025-11-05","48.00","NZD","1760979934","23477/2025-11-05/1760979934.json"
"510807","146155","2025-11-05","52.00","NZD","1760979934","23477/2025-11-05/1760979934.json"
"581513","221281","2025-11-03","36.00","NZD","1760979934","23477/2025-11-03/1760979934.json"
"581514","221282","2025-11-03","36.00","NZD","1760979934","23477/2025-11-03/1760979934.json"
"512557","146154","2025-11-03","45.00","NZD","1760979934","23477/2025-11-03/1760979934.json"
"365170","146153","2025-11-03","48.00","NZD","1760979934","23477/2025-11-03/1760979934.json"
"510807","146155","2025-11-03","52.00","NZD","1760979934","23477/2025-11-03/1760979934.json"
"581513","221281","2025-11-06","36.00","NZD","1760979934","23477/2025-11-06/1760979934.json"
"581514","221282","2025-11-06","36.00","NZD","1760979934","23477/2025-11-06/1760979934.json"
"512557","146154","2025-11-06","45.00","NZD","1760979934","23477/2025-11-06/1760979934.json"
"365170","146153","2025-11-06","48.00","NZD","1760979934","23477/2025-11-06/1760979934.json"
"510807","146155","2025-11-06","52.00","NZD","1760979934","23477/2025-11-06/1760979934.json"
"581513","221281","2025-11-07","36.00","NZD","1760979934","23477/2025-11-07/1760979934.json"
"581514","221282","2025-11-07","36.00","NZD","1760979934","23477/2025-11-07/1760979934.json"
"512557","146154","2025-11-07","45.00","NZD","1760979934","23477/2025-11-07/1760979934.json"
"365170","146153","2025-11-07","48.00","NZD","1760979934","23477/2025-11-07/1760979934.json"
"510807","146155","2025-11-07","52.00","NZD","1760979934","23477/2025-11-07/1760979934.json"
"581513","221281","2025-11-08","36.00","NZD","1760979934","23477/2025-11-08/1760979934.json"
"581514","221282","2025-11-08","36.00","NZD","1760979934","23477/2025-11-08/1760979934.json"
"512557","146154","2025-11-08","45.00","NZD","1760979934","23477/2025-11-08/1760979934.json"
"365170","146153","2025-11-08","48.00","NZD","1760979934","23477/2025-11-08/1760979934.json"
"510807","146155","2025-11-08","52.00","NZD","1760979934","23477/2025-11-08/1760979934.json"
"581513","221281","2025-11-10","36.00","NZD","1760979934","23477/2025-11-10/1760979934.json"
"581514","221282","2025-11-10","36.00","NZD","1760979934","23477/2025-11-10/1760979934.json"
"512557","146154","2025-11-10","45.00","NZD","1760979934","23477/2025-11-10/1760979934.json"
"365170","146153","2025-11-10","48.00","NZD","1760979934","23477/2025-11-10/1760979934.json"
"510807","146155","2025-11-10","52.00","NZD","1760979934","23477/2025-11-10/1760979934.json"
"581513","221281","2025-11-09","36.00","NZD","1760979934","23477/2025-11-09/1760979934.json"
"581514","221282","2025-11-09","36.00","NZD","1760979934","23477/2025-11-09/1760979934.json"
"512557","146154","2025-11-09","45.00","NZD","1760979934","23477/2025-11-09/1760979934.json"
"365170","146153","2025-11-09","48.00","NZD","1760979934","23477/2025-11-09/1760979934.json"
"510807","146155","2025-11-09","52.00","NZD","1760979934","23477/2025-11-09/1760979934.json"
"581513","221281","2025-11-11","36.00","NZD","1760979934","23477/2025-11-11/1760979934.json"
"581514","221282","2025-11-11","36.00","NZD","1760979934","23477/2025-11-11/1760979934.json"
"512557","146154","2025-11-11","45.00","NZD","1760979934","23477/2025-11-11/1760979934.json"
"365170","146153","2025-11-11","48.00","NZD","1760979934","23477/2025-11-11/1760979934.json"
"510807","146155","2025-11-11","52.00","NZD","1760979934","23477/2025-11-11/1760979934.json"
"581513","221281","2025-11-12","36.00","NZD","1760979934","23477/2025-11-12/1760979934.json"
"581514","221282","2025-11-12","36.00","NZD","1760979934","23477/2025-11-12/1760979934.json"
"512557","146154","2025-11-12","45.00","NZD","1760979934","23477/2025-11-12/1760979934.json"
"365170","146153","2025-11-12","48.00","NZD","1760979934","23477/2025-11-12/1760979934.json"
"510807","146155","2025-11-12","52.00","NZD","1760979934","23477/2025-11-12/1760979934.json"
"581513","221281","2025-11-13","36.00","NZD","1760979934","23477/2025-11-13/1760979934.json"
"581514","221282","2025-11-13","36.00","NZD","1760979934","23477/2025-11-13/1760979934.json"
"512557","146154","2025-11-13","45.00","NZD","1760979934","23477/2025-11-13/1760979934.json"
"365170","146153","2025-11-13","48.00","NZD","1760979934","23477/2025-11-13/1760979934.json"
"510807","146155","2025-11-13","52.00","NZD","1760979934","23477/2025-11-13/1760979934.json"
"581513","221281","2025-11-14","36.00","NZD","1760979934","23477/2025-11-14/1760979934.json"
"581513","221281","2025-11-15","36.00","NZD","1760979934","23477/2025-11-15/1760979934.json"
"581514","221282","2025-11-14","36.00","NZD","1760979934","23477/2025-11-14/1760979934.json"
"581514","221282","2025-11-15","36.00","NZD","1760979934","23477/2025-11-15/1760979934.json"
"512557","146154","2025-11-15","45.00","NZD","1760979934","23477/2025-11-15/1760979934.json"
"512557","146154","2025-11-14","45.00","NZD","1760979934","23477/2025-11-14/1760979934.json"
"365170","146153","2025-11-15","48.00","NZD","1760979934","23477/2025-11-15/1760979934.json"
"510807","146155","2025-11-15","52.00","NZD","1760979934","23477/2025-11-15/1760979934.json"
"365170","146153","2025-11-14","48.00","NZD","1760979934","23477/2025-11-14/1760979934.json"
"510807","146155","2025-11-14","52.00","NZD","1760979934","23477/2025-11-14/1760979934.json"
"581513","221281","2025-11-17","36.00","NZD","1760979934","23477/2025-11-17/1760979934.json"
"581514","221282","2025-11-17","36.00","NZD","1760979934","23477/2025-11-17/1760979934.json"
"512557","146154","2025-11-17","45.00","NZD","1760979934","23477/2025-11-17/1760979934.json"
"365170","146153","2025-11-17","48.00","NZD","1760979934","23477/2025-11-17/1760979934.json"
"510807","146155","2025-11-17","52.00","NZD","1760979934","23477/2025-11-17/1760979934.json"
"581513","221281","2025-11-18","36.00","NZD","1760979934","23477/2025-11-18/1760979934.json"
"581514","221282","2025-11-18","36.00","NZD","1760979934","23477/2025-11-18/1760979934.json"
"512557","146154","2025-11-18","45.00","NZD","1760979934","23477/2025-11-18/1760979934.json"
"365170","146153","2025-11-18","48.00","NZD","1760979934","23477/2025-11-18/1760979934.json"
"510807","146155","2025-11-18","52.00","NZD","1760979934","23477/2025-11-18/1760979934.json"
"581513","221281","2025-11-16","36.00","NZD","1760979934","23477/2025-11-16/1760979934.json"
"581514","221282","2025-11-16","36.00","NZD","1760979934","23477/2025-11-16/1760979934.json"
"512557","146154","2025-11-16","45.00","NZD","1760979934","23477/2025-11-16/1760979934.json"
"365170","146153","2025-11-16","48.00","NZD","1760979934","23477/2025-11-16/1760979934.json"
"510807","146155","2025-11-16","52.00","NZD","1760979934","23477/2025-11-16/1760979934.json"
"581513","221281","2025-11-19","36.00","NZD","1760979934","23477/2025-11-19/1760979934.json"
"581514","221282","2025-11-19","36.00","NZD","1760979934","23477/2025-11-19/1760979934.json"
"512557","146154","2025-11-19","45.00","NZD","1760979934","23477/2025-11-19/1760979934.json"
"365170","146153","2025-11-19","48.00","NZD","1760979934","23477/2025-11-19/1760979934.json"
"510807","146155","2025-11-19","52.00","NZD","1760979934","23477/2025-11-19/1760979934.json"
"581513","221281","2025-11-20","36.00","NZD","1760979934","23477/2025-11-20/1760979934.json"
"581514","221282","2025-11-20","36.00","NZD","1760979934","23477/2025-11-20/1760979934.json"
"512557","146154","2025-11-20","45.00","NZD","1760979934","23477/2025-11-20/1760979934.json"
"581513","221281","2025-11-21","36.00","NZD","1760979934","23477/2025-11-21/1760979934.json"
"581514","221282","2025-11-21","36.00","NZD","1760979934","23477/2025-11-21/1760979934.json"
"512557","146154","2025-11-21","45.00","NZD","1760979934","23477/2025-11-21/1760979934.json"
"365170","146153","2025-11-21","48.00","NZD","1760979934","23477/2025-11-21/1760979934.json"
"510807","146155","2025-11-21","52.00","NZD","1760979934","23477/2025-11-21/1760979934.json"
"581513","221281","2025-11-22","36.00","NZD","1760979934","23477/2025-11-22/1760979934.json"
"581514","221282","2025-11-22","36.00","NZD","1760979934","23477/2025-11-22/1760979934.json"
"512557","146154","2025-11-22","45.00","NZD","1760979934","23477/2025-11-22/1760979934.json"
"365170","146153","2025-11-22","48.00","NZD","1760979934","23477/2025-11-22/1760979934.json"
"510807","146155","2025-11-22","52.00","NZD","1760979934","23477/2025-11-22/1760979934.json"
"581513","221281","2025-11-23","36.00","NZD","1760979934","23477/2025-11-23/1760979934.json"
"581514","221282","2025-11-23","36.00","NZD","1760979934","23477/2025-11-23/1760979934.json"
"512557","146154","2025-11-23","45.00","NZD","1760979934","23477/2025-11-23/1760979934.json"
"365170","146153","2025-11-23","48.00","NZD","1760979934","23477/2025-11-23/1760979934.json"
"510807","146155","2025-11-23","52.00","NZD","1760979934","23477/2025-11-23/1760979934.json"
"581513","221281","2025-11-24","36.00","NZD","1760979934","23477/2025-11-24/1760979934.json"
"581514","221282","2025-11-24","36.00","NZD","1760979934","23477/2025-11-24/1760979934.json"
"512557","146154","2025-11-24","45.00","NZD","1760979934","23477/2025-11-24/1760979934.json"
"365170","146153","2025-11-24","48.00","NZD","1760979934","23477/2025-11-24/1760979934.json"
"510807","146155","2025-11-24","52.00","NZD","1760979934","23477/2025-11-24/1760979934.json"
"581513","221281","2025-11-25","36.00","NZD","1760979934","23477/2025-11-25/1760979934.json"
"581514","221282","2025-11-25","36.00","NZD","1760979934","23477/2025-11-25/1760979934.json"
"512557","146154","2025-11-25","45.00","NZD","1760979934","23477/2025-11-25/1760979934.json"
"365170","146153","2025-11-25","48.00","NZD","1760979934","23477/2025-11-25/1760979934.json"
"510807","146155","2025-11-25","52.00","NZD","1760979934","23477/2025-11-25/1760979934.json"
"581513","221281","2025-11-26","36.00","NZD","1760979934","23477/2025-11-26/1760979934.json"
"581514","221282","2025-11-26","36.00","NZD","1760979934","23477/2025-11-26/1760979934.json"
"512557","146154","2025-11-26","45.00","NZD","1760979934","23477/2025-11-26/1760979934.json"
"365170","146153","2025-11-26","48.00","NZD","1760979934","23477/2025-11-26/1760979934.json"
"510807","146155","2025-11-26","52.00","NZD","1760979934","23477/2025-11-26/1760979934.json"
"581513","221281","2025-11-27","36.00","NZD","1760979934","23477/2025-11-27/1760979934.json"
"581514","221282","2025-11-27","36.00","NZD","1760979934","23477/2025-11-27/1760979934.json"
"512557","146154","2025-11-27","45.00","NZD","1760979934","23477/2025-11-27/1760979934.json"
"365170","146153","2025-11-27","48.00","NZD","1760979934","23477/2025-11-27/1760979934.json"
"510807","146155","2025-11-27","52.00","NZD","1760979934","23477/2025-11-27/1760979934.json"
"581513","221281","2025-11-28","36.00","NZD","1760979934","23477/2025-11-28/1760979934.json"
"581514","221282","2025-11-28","36.00","NZD","1760979934","23477/2025-11-28/1760979934.json"
"512557","146154","2025-11-28","45.00","NZD","1760979934","23477/2025-11-28/1760979934.json"
"365170","146153","2025-11-28","48.00","NZD","1760979934","23477/2025-11-28/1760979934.json"
"510807","146155","2025-11-28","52.00","NZD","1760979934","23477/2025-11-28/1760979934.json"
"581513","221281","2025-11-29","36.00","NZD","1760979934","23477/2025-11-29/1760979934.json"
"581514","221282","2025-11-29","36.00","NZD","1760979934","23477/2025-11-29/1760979934.json"
"512557","146154","2025-11-29","45.00","NZD","1760979934","23477/2025-11-29/1760979934.json"
"365170","146153","2025-11-29","48.00","NZD","1760979934","23477/2025-11-29/1760979934.json"
"510807","146155","2025-11-29","52.00","NZD","1760979934","23477/2025-11-29/1760979934.json"
"581513","221281","2025-11-30","36.00","NZD","1760979934","23477/2025-11-30/1760979934.json"
"581514","221282","2025-11-30","36.00","NZD","1760979934","23477/2025-11-30/1760979934.json"
"512557","146154","2025-11-30","45.00","NZD","1760979934","23477/2025-11-30/1760979934.json"
"365170","146153","2025-11-30","48.00","NZD","1760979934","23477/2025-11-30/1760979934.json"
"510807","146155","2025-11-30","52.00","NZD","1760979934","23477/2025-11-30/1760979934.json"
"581513","221281","2025-12-01","36.00","NZD","1760979934","23477/2025-12-01/1760979934.json"
"581514","221282","2025-12-01","36.00","NZD","1760979934","23477/2025-12-01/1760979934.json"
"512557","146154","2025-12-01","45.00","NZD","1760979934","23477/2025-12-01/1760979934.json"
"365170","146153","2025-12-01","48.00","NZD","1760979934","23477/2025-12-01/1760979934.json"
"510807","146155","2025-12-01","52.00","NZD","1760979934","23477/2025-12-01/1760979934.json"
"581513","221281","2025-12-02","36.00","NZD","1760979934","23477/2025-12-02/1760979934.json"
"581514","221282","2025-12-02","36.00","NZD","1760979934","23477/2025-12-02/1760979934.json"
"512557","146154","2025-12-02","45.00","NZD","1760979934","23477/2025-12-02/1760979934.json"
"365170","146153","2025-12-02","48.00","NZD","1760979934","23477/2025-12-02/1760979934.json"
"510807","146155","2025-12-02","52.00","NZD","1760979934","23477/2025-12-02/1760979934.json"
"581513","221281","2025-12-03","36.00","NZD","1760979934","23477/2025-12-03/1760979934.json"
"581514","221282","2025-12-03","36.00","NZD","1760979934","23477/2025-12-03/1760979934.json"
"512557","146154","2025-12-03","45.00","NZD","1760979934","23477/2025-12-03/1760979934.json"
"365170","146153","2025-12-03","48.00","NZD","1760979934","23477/2025-12-03/1760979934.json"
"510807","146155","2025-12-03","52.00","NZD","1760979934","23477/2025-12-03/1760979934.json"
"581513","221281","2025-12-04","36.00","NZD","1760979934","23477/2025-12-04/1760979934.json"
"581514","221282","2025-12-04","36.00","NZD","1760979934","23477/2025-12-04/1760979934.json"
"512557","146154","2025-12-04","45.00","NZD","1760979934","23477/2025-12-04/1760979934.json"
"365170","146153","2025-12-04","48.00","NZD","1760979934","23477/2025-12-04/1760979934.json"
"510807","146155","2025-12-04","52.00","NZD","1760979934","23477/2025-12-04/1760979934.json"
"581513","221281","2025-12-05","36.00","NZD","1760979934","23477/2025-12-05/1760979934.json"
"581514","221282","2025-12-05","36.00","NZD","1760979934","23477/2025-12-05/1760979934.json"
"512557","146154","2025-12-05","45.00","NZD","1760979934","23477/2025-12-05/1760979934.json"
"365170","146153","2025-12-05","48.00","NZD","1760979934","23477/2025-12-05/1760979934.json"
"510807","146155","2025-12-05","52.00","NZD","1760979934","23477/2025-12-05/1760979934.json"
"581513","221281","2025-12-06","36.00","NZD","1760979934","23477/2025-12-06/1760979934.json"
"581514","221282","2025-12-06","36.00","NZD","1760979934","23477/2025-12-06/1760979934.json"
"512557","146154","2025-12-06","45.00","NZD","1760979934","23477/2025-12-06/1760979934.json"
"365170","146153","2025-12-06","48.00","NZD","1760979934","23477/2025-12-06/1760979934.json"
"510807","146155","2025-12-06","52.00","NZD","1760979934","23477/2025-12-06/1760979934.json"
"581513","221281","2025-12-07","36.00","NZD","1760979934","23477/2025-12-07/1760979934.json"
"581514","221282","2025-12-07","36.00","NZD","1760979934","23477/2025-12-07/1760979934.json"
"512557","146154","2025-12-07","45.00","NZD","1760979934","23477/2025-12-07/1760979934.json"
"365170","146153","2025-12-07","48.00","NZD","1760979934","23477/2025-12-07/1760979934.json"
"510807","146155","2025-12-07","52.00","NZD","1760979934","23477/2025-12-07/1760979934.json"
"581513","221281","2025-12-08","36.00","NZD","1760979934","23477/2025-12-08/1760979934.json"
"581514","221282","2025-12-08","36.00","NZD","1760979934","23477/2025-12-08/1760979934.json"
"512557","146154","2025-12-08","45.00","NZD","1760979934","23477/2025-12-08/1760979934.json"
"365170","146153","2025-12-08","48.00","NZD","1760979934","23477/2025-12-08/1760979934.json"
"510807","146155","2025-12-08","52.00","NZD","1760979934","23477/2025-12-08/1760979934.json"
"581513","221281","2025-12-09","36.00","NZD","1760979934","23477/2025-12-09/1760979934.json"
"581514","221282","2025-12-09","36.00","NZD","1760979934","23477/2025-12-09/1760979934.json"
"512557","146154","2025-12-09","45.00","NZD","1760979934","23477/2025-12-09/1760979934.json"
"365170","146153","2025-12-09","48.00","NZD","1760979934","23477/2025-12-09/1760979934.json"
"510807","146155","2025-12-09","52.00","NZD","1760979934","23477/2025-12-09/1760979934.json"
"581513","221281","2025-12-10","36.00","NZD","1760979934","23477/2025-12-10/1760979934.json"
"581514","221282","2025-12-10","36.00","NZD","1760979934","23477/2025-12-10/1760979934.json"
"512557","146154","2025-12-10","45.00","NZD","1760979934","23477/2025-12-10/1760979934.json"
"365170","146153","2025-12-10","48.00","NZD","1760979934","23477/2025-12-10/1760979934.json"
"510807","146155","2025-12-10","52.00","NZD","1760979934","23477/2025-12-10/1760979934.json"
"581513","221281","2025-12-11","36.00","NZD","1760979934","23477/2025-12-11/1760979934.json"
"581514","221282","2025-12-11","36.00","NZD","1760979934","23477/2025-12-11/1760979934.json"
"512557","146154","2025-12-11","45.00","NZD","1760979934","23477/2025-12-11/1760979934.json"
"365170","146153","2025-12-11","48.00","NZD","1760979934","23477/2025-12-11/1760979934.json"
"510807","146155","2025-12-11","52.00","NZD","1760979934","23477/2025-12-11/1760979934.json"
"581513","221281","2025-12-12","36.00","NZD","1760979934","23477/2025-12-12/1760979934.json"
"581514","221282","2025-12-12","36.00","NZD","1760979934","23477/2025-12-12/1760979934.json"
"512557","146154","2025-12-12","45.00","NZD","1760979934","23477/2025-12-12/1760979934.json"
"365170","146153","2025-12-12","48.00","NZD","1760979934","23477/2025-12-12/1760979934.json"
"510807","146155","2025-12-12","52.00","NZD","1760979934","23477/2025-12-12/1760979934.json"
"581513","221281","2025-12-13","36.00","NZD","1760979934","23477/2025-12-13/1760979934.json"
"581514","221282","2025-12-13","36.00","NZD","1760979934","23477/2025-12-13/1760979934.json"
"512557","146154","2025-12-13","45.00","NZD","1760979934","23477/2025-12-13/1760979934.json"
"365170","146153","2025-12-13","48.00","NZD","1760979934","23477/2025-12-13/1760979934.json"
"510807","146155","2025-12-13","52.00","NZD","1760979934","23477/2025-12-13/1760979934.json"
"581513","221281","2025-12-14","36.00","NZD","1760979934","23477/2025-12-14/1760979934.json"
"581514","221282","2025-12-14","36.00","NZD","1760979934","23477/2025-12-14/1760979934.json"
"512557","146154","2025-12-14","45.00","NZD","1760979934","23477/2025-12-14/1760979934.json"
"365170","146153","2025-12-14","48.00","NZD","1760979934","23477/2025-12-14/1760979934.json"
"510807","146155","2025-12-14","52.00","NZD","1760979934","23477/2025-12-14/1760979934.json"
"581513","221281","2025-12-15","36.00","NZD","1760979934","23477/2025-12-15/1760979934.json"
"581514","221282","2025-12-15","36.00","NZD","1760979934","23477/2025-12-15/1760979934.json"
"512557","146154","2025-12-15","45.00","NZD","1760979934","23477/2025-12-15/1760979934.json"
"365170","146153","2025-12-15","48.00","NZD","1760979934","23477/2025-12-15/1760979934.json"
"510807","146155","2025-12-15","52.00","NZD","1760979934","23477/2025-12-15/1760979934.json"
"581513","221281","2025-12-16","36.00","NZD","1760979934","23477/2025-12-16/1760979934.json"
"581514","221282","2025-12-16","36.00","NZD","1760979934","23477/2025-12-16/1760979934.json"
"512557","146154","2025-12-16","45.00","NZD","1760979934","23477/2025-12-16/1760979934.json"
"365170","146153","2025-12-16","48.00","NZD","1760979934","23477/2025-12-16/1760979934.json"
"510807","146155","2025-12-16","52.00","NZD","1760979934","23477/2025-12-16/1760979934.json"
"581513","221281","2025-12-17","36.00","NZD","1760979934","23477/2025-12-17/1760979934.json"
"581514","221282","2025-12-17","36.00","NZD","1760979934","23477/2025-12-17/1760979934.json"
"512557","146154","2025-12-17","45.00","NZD","1760979934","23477/2025-12-17/1760979934.json"
"365170","146153","2025-12-17","48.00","NZD","1760979934","23477/2025-12-17/1760979934.json"
"510807","146155","2025-12-17","52.00","NZD","1760979934","23477/2025-12-17/1760979934.json"
"581513","221281","2025-12-19","36.00","NZD","1760979934","23477/2025-12-19/1760979934.json"
"581514","221282","2025-12-19","36.00","NZD","1760979934","23477/2025-12-19/1760979934.json"
"512557","146154","2025-12-19","45.00","NZD","1760979934","23477/2025-12-19/1760979934.json"
"365170","146153","2025-12-19","48.00","NZD","1760979934","23477/2025-12-19/1760979934.json"
"510807","146155","2025-12-19","52.00","NZD","1760979934","23477/2025-12-19/1760979934.json"
"581513","221281","2025-12-18","36.00","NZD","1760979934","23477/2025-12-18/1760979934.json"
"581514","221282","2025-12-18","36.00","NZD","1760979934","23477/2025-12-18/1760979934.json"
"512557","146154","2025-12-18","45.00","NZD","1760979934","23477/2025-12-18/1760979934.json"
"365170","146153","2025-12-18","48.00","NZD","1760979934","23477/2025-12-18/1760979934.json"
"510807","146155","2025-12-18","52.00","NZD","1760979934","23477/2025-12-18/1760979934.json"
"581513","221281","2025-10-22","36.00","NZD","1760993583","23477/2025-10-22/1760993583.json"
"581514","221282","2025-10-22","36.00","NZD","1760993583","23477/2025-10-22/1760993583.json"
"512557","146154","2025-10-22","45.00","NZD","1760993583","23477/2025-10-22/1760993583.json"
"365170","146153","2025-10-22","48.00","NZD","1760993583","23477/2025-10-22/1760993583.json"
"510807","146155","2025-10-22","52.00","NZD","1760993583","23477/2025-10-22/1760993583.json"
"581513","221281","2025-10-23","36.00","NZD","1760993583","23477/2025-10-23/1760993583.json"
"581514","221282","2025-10-23","36.00","NZD","1760993583","23477/2025-10-23/1760993583.json"
"512557","146154","2025-10-23","45.00","NZD","1760993583","23477/2025-10-23/1760993583.json"
"365170","146153","2025-10-23","48.00","NZD","1760993583","23477/2025-10-23/1760993583.json"
"510807","146155","2025-10-23","52.00","NZD","1760993583","23477/2025-10-23/1760993583.json"
"581513","221281","2025-10-21","36.00","NZD","1760993583","23477/2025-10-21/1760993583.json"
"581514","221282","2025-10-21","36.00","NZD","1760993583","23477/2025-10-21/1760993583.json"
"512557","146154","2025-10-21","45.00","NZD","1760993583","23477/2025-10-21/1760993583.json"
"365170","146153","2025-10-21","48.00","NZD","1760993583","23477/2025-10-21/1760993583.json"
"510807","146155","2025-10-21","52.00","NZD","1760993583","23477/2025-10-21/1760993583.json"
"581513","221281","2025-10-24","36.00","NZD","1760993583","23477/2025-10-24/1760993583.json"
"581514","221282","2025-10-24","36.00","NZD","1760993583","23477/2025-10-24/1760993583.json"
"512557","146154","2025-10-24","45.00","NZD","1760993583","23477/2025-10-24/1760993583.json"
"365170","146153","2025-10-24","48.00","NZD","1760993583","23477/2025-10-24/1760993583.json"
"510807","146155","2025-10-24","52.00","NZD","1760993583","23477/2025-10-24/1760993583.json"
"581513","221281","2025-10-25","38.00","NZD","1760993583","23477/2025-10-25/1760993583.json"
"581514","221282","2025-10-25","38.00","NZD","1760993583","23477/2025-10-25/1760993583.json"
"512557","146154","2025-10-25","45.00","NZD","1760993583","23477/2025-10-25/1760993583.json"
"581513","221281","2025-10-26","38.00","NZD","1760993583","23477/2025-10-26/1760993583.json"
"581514","221282","2025-10-26","38.00","NZD","1760993583","23477/2025-10-26/1760993583.json"
"512557","146154","2025-10-26","45.00","NZD","1760993583","23477/2025-10-26/1760993583.json"
"581513","221281","2025-10-27","38.00","NZD","1760993583","23477/2025-10-27/1760993583.json"
"581514","221282","2025-10-27","38.00","NZD","1760993583","23477/2025-10-27/1760993583.json"
"512557","146154","2025-10-27","45.00","NZD","1760993583","23477/2025-10-27/1760993583.json"
"365170","146153","2025-10-27","48.00","NZD","1760993583","23477/2025-10-27/1760993583.json"
"510807","146155","2025-10-27","52.00","NZD","1760993583","23477/2025-10-27/1760993583.json"
"581513","221281","2025-10-28","36.00","NZD","1760993583","23477/2025-10-28/1760993583.json"
"581514","221282","2025-10-28","36.00","NZD","1760993583","23477/2025-10-28/1760993583.json"
"512557","146154","2025-10-28","45.00","NZD","1760993583","23477/2025-10-28/1760993583.json"
"365170","146153","2025-10-28","48.00","NZD","1760993583","23477/2025-10-28/1760993583.json"
"510807","146155","2025-10-28","52.00","NZD","1760993583","23477/2025-10-28/1760993583.json"
"581513","221281","2025-10-30","36.00","NZD","1760993583","23477/2025-10-30/1760993583.json"
"581514","221282","2025-10-30","36.00","NZD","1760993583","23477/2025-10-30/1760993583.json"
"512557","146154","2025-10-30","45.00","NZD","1760993583","23477/2025-10-30/1760993583.json"
"365170","146153","2025-10-30","48.00","NZD","1760993583","23477/2025-10-30/1760993583.json"
"510807","146155","2025-10-30","52.00","NZD","1760993583","23477/2025-10-30/1760993583.json"
"581513","221281","2025-10-29","36.00","NZD","1760993583","23477/2025-10-29/1760993583.json"
"581514","221282","2025-10-29","36.00","NZD","1760993583","23477/2025-10-29/1760993583.json"
"512557","146154","2025-10-29","45.00","NZD","1760993583","23477/2025-10-29/1760993583.json"
"365170","146153","2025-10-29","48.00","NZD","1760993583","23477/2025-10-29/1760993583.json"
"510807","146155","2025-10-29","52.00","NZD","1760993583","23477/2025-10-29/1760993583.json"
"581513","221281","2025-10-31","36.00","NZD","1760993583","23477/2025-10-31/1760993583.json"
"581514","221282","2025-10-31","36.00","NZD","1760993583","23477/2025-10-31/1760993583.json"
"512557","146154","2025-10-31","45.00","NZD","1760993583","23477/2025-10-31/1760993583.json"
"365170","146153","2025-10-31","48.00","NZD","1760993583","23477/2025-10-31/1760993583.json"
"510807","146155","2025-10-31","52.00","NZD","1760993583","23477/2025-10-31/1760993583.json"
"581513","221281","2025-11-01","36.00","NZD","1760993583","23477/2025-11-01/1760993583.json"
"581514","221282","2025-11-01","36.00","NZD","1760993583","23477/2025-11-01/1760993583.json"
"512557","146154","2025-11-01","45.00","NZD","1760993583","23477/2025-11-01/1760993583.json"
"365170","146153","2025-11-01","48.00","NZD","1760993583","23477/2025-11-01/1760993583.json"
"510807","146155","2025-11-01","52.00","NZD","1760993583","23477/2025-11-01/1760993583.json"
"581513","221281","2025-11-02","36.00","NZD","1760993583","23477/2025-11-02/1760993583.json"
"581514","221282","2025-11-02","36.00","NZD","1760993583","23477/2025-11-02/1760993583.json"
"512557","146154","2025-11-02","45.00","NZD","1760993583","23477/2025-11-02/1760993583.json"
"365170","146153","2025-11-02","48.00","NZD","1760993583","23477/2025-11-02/1760993583.json"
"510807","146155","2025-11-02","52.00","NZD","1760993583","23477/2025-11-02/1760993583.json"
"581513","221281","2025-11-03","36.00","NZD","1760993583","23477/2025-11-03/1760993583.json"
"581514","221282","2025-11-03","36.00","NZD","1760993583","23477/2025-11-03/1760993583.json"
"512557","146154","2025-11-03","45.00","NZD","1760993583","23477/2025-11-03/1760993583.json"
"365170","146153","2025-11-03","48.00","NZD","1760993583","23477/2025-11-03/1760993583.json"
"510807","146155","2025-11-03","52.00","NZD","1760993583","23477/2025-11-03/1760993583.json"
"581513","221281","2025-11-04","36.00","NZD","1760993583","23477/2025-11-04/1760993583.json"
"581514","221282","2025-11-04","36.00","NZD","1760993583","23477/2025-11-04/1760993583.json"
"512557","146154","2025-11-04","45.00","NZD","1760993583","23477/2025-11-04/1760993583.json"
"365170","146153","2025-11-04","48.00","NZD","1760993583","23477/2025-11-04/1760993583.json"
"510807","146155","2025-11-04","52.00","NZD","1760993583","23477/2025-11-04/1760993583.json"
"581513","221281","2025-11-05","36.00","NZD","1760993583","23477/2025-11-05/1760993583.json"
"581514","221282","2025-11-05","36.00","NZD","1760993583","23477/2025-11-05/1760993583.json"
"512557","146154","2025-11-05","45.00","NZD","1760993583","23477/2025-11-05/1760993583.json"
"365170","146153","2025-11-05","48.00","NZD","1760993583","23477/2025-11-05/1760993583.json"
"510807","146155","2025-11-05","52.00","NZD","1760993583","23477/2025-11-05/1760993583.json"
"581513","221281","2025-11-07","36.00","NZD","1760993583","23477/2025-11-07/1760993583.json"
"581514","221282","2025-11-07","36.00","NZD","1760993583","23477/2025-11-07/1760993583.json"
"512557","146154","2025-11-07","45.00","NZD","1760993583","23477/2025-11-07/1760993583.json"
"365170","146153","2025-11-07","48.00","NZD","1760993583","23477/2025-11-07/1760993583.json"
"510807","146155","2025-11-07","52.00","NZD","1760993583","23477/2025-11-07/1760993583.json"
"581513","221281","2025-11-06","36.00","NZD","1760993583","23477/2025-11-06/1760993583.json"
"581514","221282","2025-11-06","36.00","NZD","1760993583","23477/2025-11-06/1760993583.json"
"512557","146154","2025-11-06","45.00","NZD","1760993583","23477/2025-11-06/1760993583.json"
"365170","146153","2025-11-06","48.00","NZD","1760993583","23477/2025-11-06/1760993583.json"
"510807","146155","2025-11-06","52.00","NZD","1760993583","23477/2025-11-06/1760993583.json"
"581513","221281","2025-11-08","36.00","NZD","1760993583","23477/2025-11-08/1760993583.json"
"581514","221282","2025-11-08","36.00","NZD","1760993583","23477/2025-11-08/1760993583.json"
"512557","146154","2025-11-08","45.00","NZD","1760993583","23477/2025-11-08/1760993583.json"
"365170","146153","2025-11-08","48.00","NZD","1760993583","23477/2025-11-08/1760993583.json"
"510807","146155","2025-11-08","52.00","NZD","1760993583","23477/2025-11-08/1760993583.json"
"581513","221281","2025-11-10","36.00","NZD","1760993583","23477/2025-11-10/1760993583.json"
"581514","221282","2025-11-10","36.00","NZD","1760993583","23477/2025-11-10/1760993583.json"
"512557","146154","2025-11-10","45.00","NZD","1760993583","23477/2025-11-10/1760993583.json"
"365170","146153","2025-11-10","48.00","NZD","1760993583","23477/2025-11-10/1760993583.json"
"510807","146155","2025-11-10","52.00","NZD","1760993583","23477/2025-11-10/1760993583.json"
"581513","221281","2025-11-09","36.00","NZD","1760993583","23477/2025-11-09/1760993583.json"
"581514","221282","2025-11-09","36.00","NZD","1760993583","23477/2025-11-09/1760993583.json"
"512557","146154","2025-11-09","45.00","NZD","1760993583","23477/2025-11-09/1760993583.json"
"365170","146153","2025-11-09","48.00","NZD","1760993583","23477/2025-11-09/1760993583.json"
"510807","146155","2025-11-09","52.00","NZD","1760993583","23477/2025-11-09/1760993583.json"
"581513","221281","2025-11-11","36.00","NZD","1760993583","23477/2025-11-11/1760993583.json"
"581514","221282","2025-11-11","36.00","NZD","1760993583","23477/2025-11-11/1760993583.json"
"512557","146154","2025-11-11","45.00","NZD","1760993583","23477/2025-11-11/1760993583.json"
"365170","146153","2025-11-11","48.00","NZD","1760993583","23477/2025-11-11/1760993583.json"
"510807","146155","2025-11-11","52.00","NZD","1760993583","23477/2025-11-11/1760993583.json"
"581513","221281","2025-11-12","36.00","NZD","1760993583","23477/2025-11-12/1760993583.json"
"581514","221282","2025-11-12","36.00","NZD","1760993583","23477/2025-11-12/1760993583.json"
"512557","146154","2025-11-12","45.00","NZD","1760993583","23477/2025-11-12/1760993583.json"
"365170","146153","2025-11-12","48.00","NZD","1760993583","23477/2025-11-12/1760993583.json"
"510807","146155","2025-11-12","52.00","NZD","1760993583","23477/2025-11-12/1760993583.json"
"581513","221281","2025-11-14","36.00","NZD","1760993583","23477/2025-11-14/1760993583.json"
"581514","221282","2025-11-14","36.00","NZD","1760993583","23477/2025-11-14/1760993583.json"
"512557","146154","2025-11-14","45.00","NZD","1760993583","23477/2025-11-14/1760993583.json"
"365170","146153","2025-11-14","48.00","NZD","1760993583","23477/2025-11-14/1760993583.json"
"510807","146155","2025-11-14","52.00","NZD","1760993583","23477/2025-11-14/1760993583.json"
"581513","221281","2025-11-13","36.00","NZD","1760993583","23477/2025-11-13/1760993583.json"
"581514","221282","2025-11-13","36.00","NZD","1760993583","23477/2025-11-13/1760993583.json"
"512557","146154","2025-11-13","45.00","NZD","1760993583","23477/2025-11-13/1760993583.json"
"365170","146153","2025-11-13","48.00","NZD","1760993583","23477/2025-11-13/1760993583.json"
"510807","146155","2025-11-13","52.00","NZD","1760993583","23477/2025-11-13/1760993583.json"
"581513","221281","2025-11-16","36.00","NZD","1760993583","23477/2025-11-16/1760993583.json"
"581514","221282","2025-11-16","36.00","NZD","1760993583","23477/2025-11-16/1760993583.json"
"512557","146154","2025-11-16","45.00","NZD","1760993583","23477/2025-11-16/1760993583.json"
"365170","146153","2025-11-16","48.00","NZD","1760993583","23477/2025-11-16/1760993583.json"
"510807","146155","2025-11-16","52.00","NZD","1760993583","23477/2025-11-16/1760993583.json"
"581513","221281","2025-11-15","36.00","NZD","1760993583","23477/2025-11-15/1760993583.json"
"581514","221282","2025-11-15","36.00","NZD","1760993583","23477/2025-11-15/1760993583.json"
"512557","146154","2025-11-15","45.00","NZD","1760993583","23477/2025-11-15/1760993583.json"
"365170","146153","2025-11-15","48.00","NZD","1760993583","23477/2025-11-15/1760993583.json"
"510807","146155","2025-11-15","52.00","NZD","1760993583","23477/2025-11-15/1760993583.json"
"581513","221281","2025-11-17","36.00","NZD","1760993583","23477/2025-11-17/1760993583.json"
"581514","221282","2025-11-17","36.00","NZD","1760993583","23477/2025-11-17/1760993583.json"
"512557","146154","2025-11-17","45.00","NZD","1760993583","23477/2025-11-17/1760993583.json"
"365170","146153","2025-11-17","48.00","NZD","1760993583","23477/2025-11-17/1760993583.json"
"510807","146155","2025-11-17","52.00","NZD","1760993583","23477/2025-11-17/1760993583.json"
"581513","221281","2025-11-20","36.00","NZD","1760993583","23477/2025-11-20/1760993583.json"
"581514","221282","2025-11-20","36.00","NZD","1760993583","23477/2025-11-20/1760993583.json"
"512557","146154","2025-11-20","45.00","NZD","1760993583","23477/2025-11-20/1760993583.json"
"581513","221281","2025-11-18","36.00","NZD","1760993583","23477/2025-11-18/1760993583.json"
"581514","221282","2025-11-18","36.00","NZD","1760993583","23477/2025-11-18/1760993583.json"
"512557","146154","2025-11-18","45.00","NZD","1760993583","23477/2025-11-18/1760993583.json"
"365170","146153","2025-11-18","48.00","NZD","1760993583","23477/2025-11-18/1760993583.json"
"510807","146155","2025-11-18","52.00","NZD","1760993583","23477/2025-11-18/1760993583.json"
"581513","221281","2025-11-19","36.00","NZD","1760993583","23477/2025-11-19/1760993583.json"
"581514","221282","2025-11-19","36.00","NZD","1760993583","23477/2025-11-19/1760993583.json"
"512557","146154","2025-11-19","45.00","NZD","1760993583","23477/2025-11-19/1760993583.json"
"365170","146153","2025-11-19","48.00","NZD","1760993583","23477/2025-11-19/1760993583.json"
"510807","146155","2025-11-19","52.00","NZD","1760993583","23477/2025-11-19/1760993583.json"
"581513","221281","2025-11-21","36.00","NZD","1760993583","23477/2025-11-21/1760993583.json"
"581514","221282","2025-11-21","36.00","NZD","1760993583","23477/2025-11-21/1760993583.json"
"512557","146154","2025-11-21","45.00","NZD","1760993583","23477/2025-11-21/1760993583.json"
"365170","146153","2025-11-21","48.00","NZD","1760993583","23477/2025-11-21/1760993583.json"
"510807","146155","2025-11-21","52.00","NZD","1760993583","23477/2025-11-21/1760993583.json"
"581513","221281","2025-11-22","36.00","NZD","1760993583","23477/2025-11-22/1760993583.json"
"581514","221282","2025-11-22","36.00","NZD","1760993583","23477/2025-11-22/1760993583.json"
"512557","146154","2025-11-22","45.00","NZD","1760993583","23477/2025-11-22/1760993583.json"
"365170","146153","2025-11-22","48.00","NZD","1760993583","23477/2025-11-22/1760993583.json"
"510807","146155","2025-11-22","52.00","NZD","1760993583","23477/2025-11-22/1760993583.json"
"581513","221281","2025-11-23","36.00","NZD","1760993583","23477/2025-11-23/1760993583.json"
"581514","221282","2025-11-23","36.00","NZD","1760993583","23477/2025-11-23/1760993583.json"
"512557","146154","2025-11-23","45.00","NZD","1760993583","23477/2025-11-23/1760993583.json"
"365170","146153","2025-11-23","48.00","NZD","1760993583","23477/2025-11-23/1760993583.json"
"510807","146155","2025-11-23","52.00","NZD","1760993583","23477/2025-11-23/1760993583.json"
"581513","221281","2025-11-27","36.00","NZD","1760993583","23477/2025-11-27/1760993583.json"
"581514","221282","2025-11-27","36.00","NZD","1760993583","23477/2025-11-27/1760993583.json"
"512557","146154","2025-11-27","45.00","NZD","1760993583","23477/2025-11-27/1760993583.json"
"365170","146153","2025-11-27","48.00","NZD","1760993583","23477/2025-11-27/1760993583.json"
"510807","146155","2025-11-27","52.00","NZD","1760993583","23477/2025-11-27/1760993583.json"
"581513","221281","2025-11-26","36.00","NZD","1760993583","23477/2025-11-26/1760993583.json"
"581514","221282","2025-11-26","36.00","NZD","1760993583","23477/2025-11-26/1760993583.json"
"512557","146154","2025-11-26","45.00","NZD","1760993583","23477/2025-11-26/1760993583.json"
"365170","146153","2025-11-26","48.00","NZD","1760993583","23477/2025-11-26/1760993583.json"
"510807","146155","2025-11-26","52.00","NZD","1760993583","23477/2025-11-26/1760993583.json"
"581513","221281","2025-11-25","36.00","NZD","1760993583","23477/2025-11-25/1760993583.json"
"581514","221282","2025-11-25","36.00","NZD","1760993583","23477/2025-11-25/1760993583.json"
"512557","146154","2025-11-25","45.00","NZD","1760993583","23477/2025-11-25/1760993583.json"
"365170","146153","2025-11-25","48.00","NZD","1760993583","23477/2025-11-25/1760993583.json"
"510807","146155","2025-11-25","52.00","NZD","1760993583","23477/2025-11-25/1760993583.json"
"581513","221281","2025-11-24","36.00","NZD","1760993583","23477/2025-11-24/1760993583.json"
"581514","221282","2025-11-24","36.00","NZD","1760993583","23477/2025-11-24/1760993583.json"
"512557","146154","2025-11-24","45.00","NZD","1760993583","23477/2025-11-24/1760993583.json"
"365170","146153","2025-11-24","48.00","NZD","1760993583","23477/2025-11-24/1760993583.json"
"510807","146155","2025-11-24","52.00","NZD","1760993583","23477/2025-11-24/1760993583.json"
"581513","221281","2025-11-28","36.00","NZD","1760993583","23477/2025-11-28/1760993583.json"
"581514","221282","2025-11-28","36.00","NZD","1760993583","23477/2025-11-28/1760993583.json"
"512557","146154","2025-11-28","45.00","NZD","1760993583","23477/2025-11-28/1760993583.json"
"365170","146153","2025-11-28","48.00","NZD","1760993583","23477/2025-11-28/1760993583.json"
"510807","146155","2025-11-28","52.00","NZD","1760993583","23477/2025-11-28/1760993583.json"
"581513","221281","2025-11-29","36.00","NZD","1760993583","23477/2025-11-29/1760993583.json"
"581514","221282","2025-11-29","36.00","NZD","1760993583","23477/2025-11-29/1760993583.json"
"512557","146154","2025-11-29","45.00","NZD","1760993583","23477/2025-11-29/1760993583.json"
"365170","146153","2025-11-29","48.00","NZD","1760993583","23477/2025-11-29/1760993583.json"
"510807","146155","2025-11-29","52.00","NZD","1760993583","23477/2025-11-29/1760993583.json"
"581513","221281","2025-11-30","36.00","NZD","1760993583","23477/2025-11-30/1760993583.json"
"581514","221282","2025-11-30","36.00","NZD","1760993583","23477/2025-11-30/1760993583.json"
"512557","146154","2025-11-30","45.00","NZD","1760993583","23477/2025-11-30/1760993583.json"
"365170","146153","2025-11-30","48.00","NZD","1760993583","23477/2025-11-30/1760993583.json"
"510807","146155","2025-11-30","52.00","NZD","1760993583","23477/2025-11-30/1760993583.json"
"581513","221281","2025-12-01","36.00","NZD","1760993583","23477/2025-12-01/1760993583.json"
"581514","221282","2025-12-01","36.00","NZD","1760993583","23477/2025-12-01/1760993583.json"
"512557","146154","2025-12-01","45.00","NZD","1760993583","23477/2025-12-01/1760993583.json"
"365170","146153","2025-12-01","48.00","NZD","1760993583","23477/2025-12-01/1760993583.json"
"510807","146155","2025-12-01","52.00","NZD","1760993583","23477/2025-12-01/1760993583.json"
"581513","221281","2025-12-03","36.00","NZD","1760993583","23477/2025-12-03/1760993583.json"
"581514","221282","2025-12-03","36.00","NZD","1760993583","23477/2025-12-03/1760993583.json"
"512557","146154","2025-12-03","45.00","NZD","1760993583","23477/2025-12-03/1760993583.json"
"365170","146153","2025-12-03","48.00","NZD","1760993583","23477/2025-12-03/1760993583.json"
"510807","146155","2025-12-03","52.00","NZD","1760993583","23477/2025-12-03/1760993583.json"
"581513","221281","2025-12-04","36.00","NZD","1760993583","23477/2025-12-04/1760993583.json"
"581514","221282","2025-12-04","36.00","NZD","1760993583","23477/2025-12-04/1760993583.json"
"512557","146154","2025-12-04","45.00","NZD","1760993583","23477/2025-12-04/1760993583.json"
"365170","146153","2025-12-04","48.00","NZD","1760993583","23477/2025-12-04/1760993583.json"
"510807","146155","2025-12-04","52.00","NZD","1760993583","23477/2025-12-04/1760993583.json"
"581513","221281","2025-12-05","36.00","NZD","1760993583","23477/2025-12-05/1760993583.json"
"581514","221282","2025-12-05","36.00","NZD","1760993583","23477/2025-12-05/1760993583.json"
"512557","146154","2025-12-05","45.00","NZD","1760993583","23477/2025-12-05/1760993583.json"
"365170","146153","2025-12-05","48.00","NZD","1760993583","23477/2025-12-05/1760993583.json"
"510807","146155","2025-12-05","52.00","NZD","1760993583","23477/2025-12-05/1760993583.json"
"581513","221281","2025-12-02","36.00","NZD","1760993583","23477/2025-12-02/1760993583.json"
"581514","221282","2025-12-02","36.00","NZD","1760993583","23477/2025-12-02/1760993583.json"
"512557","146154","2025-12-02","45.00","NZD","1760993583","23477/2025-12-02/1760993583.json"
"365170","146153","2025-12-02","48.00","NZD","1760993583","23477/2025-12-02/1760993583.json"
"510807","146155","2025-12-02","52.00","NZD","1760993583","23477/2025-12-02/1760993583.json"
"581513","221281","2025-12-09","36.00","NZD","1760993583","23477/2025-12-09/1760993583.json"
"581514","221282","2025-12-09","36.00","NZD","1760993583","23477/2025-12-09/1760993583.json"
"512557","146154","2025-12-09","45.00","NZD","1760993583","23477/2025-12-09/1760993583.json"
"365170","146153","2025-12-09","48.00","NZD","1760993583","23477/2025-12-09/1760993583.json"
"510807","146155","2025-12-09","52.00","NZD","1760993583","23477/2025-12-09/1760993583.json"
"581513","221281","2025-12-08","36.00","NZD","1760993583","23477/2025-12-08/1760993583.json"
"581514","221282","2025-12-08","36.00","NZD","1760993583","23477/2025-12-08/1760993583.json"
"512557","146154","2025-12-08","45.00","NZD","1760993583","23477/2025-12-08/1760993583.json"
"365170","146153","2025-12-08","48.00","NZD","1760993583","23477/2025-12-08/1760993583.json"
"510807","146155","2025-12-08","52.00","NZD","1760993583","23477/2025-12-08/1760993583.json"
"581513","221281","2025-12-06","36.00","NZD","1760993583","23477/2025-12-06/1760993583.json"
"581514","221282","2025-12-06","36.00","NZD","1760993583","23477/2025-12-06/1760993583.json"
"512557","146154","2025-12-06","45.00","NZD","1760993583","23477/2025-12-06/1760993583.json"
"365170","146153","2025-12-06","48.00","NZD","1760993583","23477/2025-12-06/1760993583.json"
"510807","146155","2025-12-06","52.00","NZD","1760993583","23477/2025-12-06/1760993583.json"
"581513","221281","2025-12-07","36.00","NZD","1760993583","23477/2025-12-07/1760993583.json"
"581514","221282","2025-12-07","36.00","NZD","1760993583","23477/2025-12-07/1760993583.json"
"512557","146154","2025-12-07","45.00","NZD","1760993583","23477/2025-12-07/1760993583.json"
"365170","146153","2025-12-07","48.00","NZD","1760993583","23477/2025-12-07/1760993583.json"
"510807","146155","2025-12-07","52.00","NZD","1760993583","23477/2025-12-07/1760993583.json"
"581513","221281","2025-12-10","36.00","NZD","1760993583","23477/2025-12-10/1760993583.json"
"581514","221282","2025-12-10","36.00","NZD","1760993583","23477/2025-12-10/1760993583.json"
"512557","146154","2025-12-10","45.00","NZD","1760993583","23477/2025-12-10/1760993583.json"
"365170","146153","2025-12-10","48.00","NZD","1760993583","23477/2025-12-10/1760993583.json"
"510807","146155","2025-12-10","52.00","NZD","1760993583","23477/2025-12-10/1760993583.json"
"581513","221281","2025-12-11","36.00","NZD","1760993583","23477/2025-12-11/1760993583.json"
"581514","221282","2025-12-11","36.00","NZD","1760993583","23477/2025-12-11/1760993583.json"
"512557","146154","2025-12-11","45.00","NZD","1760993583","23477/2025-12-11/1760993583.json"
"365170","146153","2025-12-11","48.00","NZD","1760993583","23477/2025-12-11/1760993583.json"
"510807","146155","2025-12-11","52.00","NZD","1760993583","23477/2025-12-11/1760993583.json"
"581513","221281","2025-12-13","36.00","NZD","1760993583","23477/2025-12-13/1760993583.json"
"581514","221282","2025-12-13","36.00","NZD","1760993583","23477/2025-12-13/1760993583.json"
"512557","146154","2025-12-13","45.00","NZD","1760993583","23477/2025-12-13/1760993583.json"
"365170","146153","2025-12-13","48.00","NZD","1760993583","23477/2025-12-13/1760993583.json"
"510807","146155","2025-12-13","52.00","NZD","1760993583","23477/2025-12-13/1760993583.json"
"581513","221281","2025-12-12","36.00","NZD","1760993583","23477/2025-12-12/1760993583.json"
"581514","221282","2025-12-12","36.00","NZD","1760993583","23477/2025-12-12/1760993583.json"
"512557","146154","2025-12-12","45.00","NZD","1760993583","23477/2025-12-12/1760993583.json"
"365170","146153","2025-12-12","48.00","NZD","1760993583","23477/2025-12-12/1760993583.json"
"510807","146155","2025-12-12","52.00","NZD","1760993583","23477/2025-12-12/1760993583.json"
"581513","221281","2025-12-15","36.00","NZD","1760993583","23477/2025-12-15/1760993583.json"
"581514","221282","2025-12-15","36.00","NZD","1760993583","23477/2025-12-15/1760993583.json"
"512557","146154","2025-12-15","45.00","NZD","1760993583","23477/2025-12-15/1760993583.json"
"365170","146153","2025-12-15","48.00","NZD","1760993583","23477/2025-12-15/1760993583.json"
"510807","146155","2025-12-15","52.00","NZD","1760993583","23477/2025-12-15/1760993583.json"
"581513","221281","2025-12-14","36.00","NZD","1760993583","23477/2025-12-14/1760993583.json"
"581514","221282","2025-12-14","36.00","NZD","1760993583","23477/2025-12-14/1760993583.json"
"512557","146154","2025-12-14","45.00","NZD","1760993583","23477/2025-12-14/1760993583.json"
"365170","146153","2025-12-14","48.00","NZD","1760993583","23477/2025-12-14/1760993583.json"
"510807","146155","2025-12-14","52.00","NZD","1760993583","23477/2025-12-14/1760993583.json"
"581513","221281","2025-12-16","36.00","NZD","1760993583","23477/2025-12-16/1760993583.json"
"581514","221282","2025-12-16","36.00","NZD","1760993583","23477/2025-12-16/1760993583.json"
"512557","146154","2025-12-16","45.00","NZD","1760993583","23477/2025-12-16/1760993583.json"
"365170","146153","2025-12-16","48.00","NZD","1760993583","23477/2025-12-16/1760993583.json"
"510807","146155","2025-12-16","52.00","NZD","1760993583","23477/2025-12-16/1760993583.json"
"581513","221281","2025-12-17","36.00","NZD","1760993583","23477/2025-12-17/1760993583.json"
"581514","221282","2025-12-17","36.00","NZD","1760993583","23477/2025-12-17/1760993583.json"
"512557","146154","2025-12-17","45.00","NZD","1760993583","23477/2025-12-17/1760993583.json"
"365170","146153","2025-12-17","48.00","NZD","1760993583","23477/2025-12-17/1760993583.json"
"510807","146155","2025-12-17","52.00","NZD","1760993583","23477/2025-12-17/1760993583.json"
"581513","221281","2025-12-18","36.00","NZD","1760993583","23477/2025-12-18/1760993583.json"
"581514","221282","2025-12-18","36.00","NZD","1760993583","23477/2025-12-18/1760993583.json"
"512557","146154","2025-12-18","45.00","NZD","1760993583","23477/2025-12-18/1760993583.json"
"365170","146153","2025-12-18","48.00","NZD","1760993583","23477/2025-12-18/1760993583.json"
"510807","146155","2025-12-18","52.00","NZD","1760993583","23477/2025-12-18/1760993583.json"
"581513","221281","2025-12-19","36.00","NZD","1760993583","23477/2025-12-19/1760993583.json"
"581514","221282","2025-12-19","36.00","NZD","1760993583","23477/2025-12-19/1760993583.json"
"512557","146154","2025-12-19","45.00","NZD","1760993583","23477/2025-12-19/1760993583.json"
"365170","146153","2025-12-19","48.00","NZD","1760993583","23477/2025-12-19/1760993583.json"
"510807","146155","2025-12-19","52.00","NZD","1760993583","23477/2025-12-19/1760993583.json"
"581513","221281","2025-10-21","36.00","NZD","1761017410","23477/2025-10-21/1761017410.json"
"581514","221282","2025-10-21","36.00","NZD","1761017410","23477/2025-10-21/1761017410.json"
"512557","146154","2025-10-21","45.00","NZD","1761017410","23477/2025-10-21/1761017410.json"
"365170","146153","2025-10-21","48.00","NZD","1761017410","23477/2025-10-21/1761017410.json"
"510807","146155","2025-10-21","52.00","NZD","1761017410","23477/2025-10-21/1761017410.json"
"581513","221281","2025-10-23","36.00","NZD","1761017410","23477/2025-10-23/1761017410.json"
"581514","221282","2025-10-23","36.00","NZD","1761017410","23477/2025-10-23/1761017410.json"
"512557","146154","2025-10-23","45.00","NZD","1761017410","23477/2025-10-23/1761017410.json"
"365170","146153","2025-10-23","48.00","NZD","1761017410","23477/2025-10-23/1761017410.json"
"510807","146155","2025-10-23","52.00","NZD","1761017410","23477/2025-10-23/1761017410.json"
"581513","221281","2025-10-24","36.00","NZD","1761017410","23477/2025-10-24/1761017410.json"
"581514","221282","2025-10-24","36.00","NZD","1761017410","23477/2025-10-24/1761017410.json"
"512557","146154","2025-10-24","45.00","NZD","1761017410","23477/2025-10-24/1761017410.json"
"365170","146153","2025-10-24","48.00","NZD","1761017410","23477/2025-10-24/1761017410.json"
"510807","146155","2025-10-24","52.00","NZD","1761017410","23477/2025-10-24/1761017410.json"
"581513","221281","2025-10-22","36.00","NZD","1761017410","23477/2025-10-22/1761017410.json"
"581514","221282","2025-10-22","36.00","NZD","1761017410","23477/2025-10-22/1761017410.json"
"512557","146154","2025-10-22","45.00","NZD","1761017410","23477/2025-10-22/1761017410.json"
"365170","146153","2025-10-22","48.00","NZD","1761017410","23477/2025-10-22/1761017410.json"
"510807","146155","2025-10-22","52.00","NZD","1761017410","23477/2025-10-22/1761017410.json"
"581513","221281","2025-10-26","38.00","NZD","1761017410","23477/2025-10-26/1761017410.json"
"581514","221282","2025-10-26","38.00","NZD","1761017410","23477/2025-10-26/1761017410.json"
"512557","146154","2025-10-26","45.00","NZD","1761017410","23477/2025-10-26/1761017410.json"
"581513","221281","2025-10-27","38.00","NZD","1761017410","23477/2025-10-27/1761017410.json"
"581514","221282","2025-10-27","38.00","NZD","1761017410","23477/2025-10-27/1761017410.json"
"512557","146154","2025-10-27","45.00","NZD","1761017410","23477/2025-10-27/1761017410.json"
"365170","146153","2025-10-27","48.00","NZD","1761017410","23477/2025-10-27/1761017410.json"
"510807","146155","2025-10-27","52.00","NZD","1761017410","23477/2025-10-27/1761017410.json"
"581513","221281","2025-10-28","36.00","NZD","1761017410","23477/2025-10-28/1761017410.json"
"581514","221282","2025-10-28","36.00","NZD","1761017410","23477/2025-10-28/1761017410.json"
"512557","146154","2025-10-28","45.00","NZD","1761017410","23477/2025-10-28/1761017410.json"
"365170","146153","2025-10-28","48.00","NZD","1761017410","23477/2025-10-28/1761017410.json"
"510807","146155","2025-10-28","52.00","NZD","1761017410","23477/2025-10-28/1761017410.json"
"581513","221281","2025-10-25","38.00","NZD","1761017410","23477/2025-10-25/1761017410.json"
"581514","221282","2025-10-25","38.00","NZD","1761017410","23477/2025-10-25/1761017410.json"
"512557","146154","2025-10-25","45.00","NZD","1761017410","23477/2025-10-25/1761017410.json"
"581513","221281","2025-10-30","36.00","NZD","1761017410","23477/2025-10-30/1761017410.json"
"581514","221282","2025-10-30","36.00","NZD","1761017410","23477/2025-10-30/1761017410.json"
"512557","146154","2025-10-30","45.00","NZD","1761017410","23477/2025-10-30/1761017410.json"
"365170","146153","2025-10-30","48.00","NZD","1761017410","23477/2025-10-30/1761017410.json"
"510807","146155","2025-10-30","52.00","NZD","1761017410","23477/2025-10-30/1761017410.json"
"581513","221281","2025-10-29","36.00","NZD","1761017410","23477/2025-10-29/1761017410.json"
"581514","221282","2025-10-29","36.00","NZD","1761017410","23477/2025-10-29/1761017410.json"
"512557","146154","2025-10-29","45.00","NZD","1761017410","23477/2025-10-29/1761017410.json"
"365170","146153","2025-10-29","48.00","NZD","1761017410","23477/2025-10-29/1761017410.json"
"510807","146155","2025-10-29","52.00","NZD","1761017410","23477/2025-10-29/1761017410.json"
"581513","221281","2025-10-31","36.00","NZD","1761017410","23477/2025-10-31/1761017410.json"
"581514","221282","2025-10-31","36.00","NZD","1761017410","23477/2025-10-31/1761017410.json"
"512557","146154","2025-10-31","45.00","NZD","1761017410","23477/2025-10-31/1761017410.json"
"365170","146153","2025-10-31","48.00","NZD","1761017410","23477/2025-10-31/1761017410.json"
"510807","146155","2025-10-31","52.00","NZD","1761017410","23477/2025-10-31/1761017410.json"
"581513","221281","2025-11-01","36.00","NZD","1761017410","23477/2025-11-01/1761017410.json"
"581514","221282","2025-11-01","36.00","NZD","1761017410","23477/2025-11-01/1761017410.json"
"512557","146154","2025-11-01","45.00","NZD","1761017410","23477/2025-11-01/1761017410.json"
"365170","146153","2025-11-01","48.00","NZD","1761017410","23477/2025-11-01/1761017410.json"
"510807","146155","2025-11-01","52.00","NZD","1761017410","23477/2025-11-01/1761017410.json"
"581513","221281","2025-11-02","36.00","NZD","1761017410","23477/2025-11-02/1761017410.json"
"581514","221282","2025-11-02","36.00","NZD","1761017410","23477/2025-11-02/1761017410.json"
"512557","146154","2025-11-02","45.00","NZD","1761017410","23477/2025-11-02/1761017410.json"
"365170","146153","2025-11-02","48.00","NZD","1761017410","23477/2025-11-02/1761017410.json"
"510807","146155","2025-11-02","52.00","NZD","1761017410","23477/2025-11-02/1761017410.json"
"581513","221281","2025-11-04","36.00","NZD","1761017410","23477/2025-11-04/1761017410.json"
"581514","221282","2025-11-04","36.00","NZD","1761017410","23477/2025-11-04/1761017410.json"
"581513","221281","2025-11-03","36.00","NZD","1761017410","23477/2025-11-03/1761017410.json"
"512557","146154","2025-11-04","45.00","NZD","1761017410","23477/2025-11-04/1761017410.json"
"365170","146153","2025-11-04","48.00","NZD","1761017410","23477/2025-11-04/1761017410.json"
"581514","221282","2025-11-03","36.00","NZD","1761017410","23477/2025-11-03/1761017410.json"
"510807","146155","2025-11-04","52.00","NZD","1761017410","23477/2025-11-04/1761017410.json"
"512557","146154","2025-11-03","45.00","NZD","1761017410","23477/2025-11-03/1761017410.json"
"365170","146153","2025-11-03","48.00","NZD","1761017410","23477/2025-11-03/1761017410.json"
"510807","146155","2025-11-03","52.00","NZD","1761017410","23477/2025-11-03/1761017410.json"
"581513","221281","2025-11-05","36.00","NZD","1761017410","23477/2025-11-05/1761017410.json"
"581514","221282","2025-11-05","36.00","NZD","1761017410","23477/2025-11-05/1761017410.json"
"512557","146154","2025-11-05","45.00","NZD","1761017410","23477/2025-11-05/1761017410.json"
"365170","146153","2025-11-05","48.00","NZD","1761017410","23477/2025-11-05/1761017410.json"
"510807","146155","2025-11-05","52.00","NZD","1761017410","23477/2025-11-05/1761017410.json"
"581513","221281","2025-11-08","36.00","NZD","1761017410","23477/2025-11-08/1761017410.json"
"581514","221282","2025-11-08","36.00","NZD","1761017410","23477/2025-11-08/1761017410.json"
"512557","146154","2025-11-08","45.00","NZD","1761017410","23477/2025-11-08/1761017410.json"
"365170","146153","2025-11-08","48.00","NZD","1761017410","23477/2025-11-08/1761017410.json"
"510807","146155","2025-11-08","52.00","NZD","1761017410","23477/2025-11-08/1761017410.json"
"581513","221281","2025-11-06","36.00","NZD","1761017410","23477/2025-11-06/1761017410.json"
"581514","221282","2025-11-06","36.00","NZD","1761017410","23477/2025-11-06/1761017410.json"
"512557","146154","2025-11-06","45.00","NZD","1761017410","23477/2025-11-06/1761017410.json"
"365170","146153","2025-11-06","48.00","NZD","1761017410","23477/2025-11-06/1761017410.json"
"510807","146155","2025-11-06","52.00","NZD","1761017410","23477/2025-11-06/1761017410.json"
"581513","221281","2025-11-07","36.00","NZD","1761017410","23477/2025-11-07/1761017410.json"
"581514","221282","2025-11-07","36.00","NZD","1761017410","23477/2025-11-07/1761017410.json"
"512557","146154","2025-11-07","45.00","NZD","1761017410","23477/2025-11-07/1761017410.json"
"365170","146153","2025-11-07","48.00","NZD","1761017410","23477/2025-11-07/1761017410.json"
"510807","146155","2025-11-07","52.00","NZD","1761017410","23477/2025-11-07/1761017410.json"
"581513","221281","2025-11-09","36.00","NZD","1761017410","23477/2025-11-09/1761017410.json"
"581514","221282","2025-11-09","36.00","NZD","1761017410","23477/2025-11-09/1761017410.json"
"512557","146154","2025-11-09","45.00","NZD","1761017410","23477/2025-11-09/1761017410.json"
"365170","146153","2025-11-09","48.00","NZD","1761017410","23477/2025-11-09/1761017410.json"
"510807","146155","2025-11-09","52.00","NZD","1761017410","23477/2025-11-09/1761017410.json"
"581513","221281","2025-11-11","36.00","NZD","1761017410","23477/2025-11-11/1761017410.json"
"581514","221282","2025-11-11","36.00","NZD","1761017410","23477/2025-11-11/1761017410.json"
"512557","146154","2025-11-11","45.00","NZD","1761017410","23477/2025-11-11/1761017410.json"
"365170","146153","2025-11-11","48.00","NZD","1761017410","23477/2025-11-11/1761017410.json"
"510807","146155","2025-11-11","52.00","NZD","1761017410","23477/2025-11-11/1761017410.json"
"581513","221281","2025-11-10","36.00","NZD","1761017410","23477/2025-11-10/1761017410.json"
"581514","221282","2025-11-10","36.00","NZD","1761017410","23477/2025-11-10/1761017410.json"
"512557","146154","2025-11-10","45.00","NZD","1761017410","23477/2025-11-10/1761017410.json"
"365170","146153","2025-11-10","48.00","NZD","1761017410","23477/2025-11-10/1761017410.json"
"510807","146155","2025-11-10","52.00","NZD","1761017410","23477/2025-11-10/1761017410.json"
"581513","221281","2025-11-12","36.00","NZD","1761017410","23477/2025-11-12/1761017410.json"
"581514","221282","2025-11-12","36.00","NZD","1761017410","23477/2025-11-12/1761017410.json"
"512557","146154","2025-11-12","45.00","NZD","1761017410","23477/2025-11-12/1761017410.json"
"365170","146153","2025-11-12","48.00","NZD","1761017410","23477/2025-11-12/1761017410.json"
"510807","146155","2025-11-12","52.00","NZD","1761017410","23477/2025-11-12/1761017410.json"
"581513","221281","2025-11-13","36.00","NZD","1761017410","23477/2025-11-13/1761017410.json"
"581514","221282","2025-11-13","36.00","NZD","1761017410","23477/2025-11-13/1761017410.json"
"512557","146154","2025-11-13","45.00","NZD","1761017410","23477/2025-11-13/1761017410.json"
"365170","146153","2025-11-13","48.00","NZD","1761017410","23477/2025-11-13/1761017410.json"
"510807","146155","2025-11-13","52.00","NZD","1761017410","23477/2025-11-13/1761017410.json"
"581513","221281","2025-11-17","36.00","NZD","1761017410","23477/2025-11-17/1761017410.json"
"581514","221282","2025-11-17","36.00","NZD","1761017410","23477/2025-11-17/1761017410.json"
"512557","146154","2025-11-17","45.00","NZD","1761017410","23477/2025-11-17/1761017410.json"
"365170","146153","2025-11-17","48.00","NZD","1761017410","23477/2025-11-17/1761017410.json"
"510807","146155","2025-11-17","52.00","NZD","1761017410","23477/2025-11-17/1761017410.json"
"581513","221281","2025-11-16","36.00","NZD","1761017410","23477/2025-11-16/1761017410.json"
"581514","221282","2025-11-16","36.00","NZD","1761017410","23477/2025-11-16/1761017410.json"
"512557","146154","2025-11-16","45.00","NZD","1761017410","23477/2025-11-16/1761017410.json"
"365170","146153","2025-11-16","48.00","NZD","1761017410","23477/2025-11-16/1761017410.json"
"510807","146155","2025-11-16","52.00","NZD","1761017410","23477/2025-11-16/1761017410.json"
"581513","221281","2025-11-14","36.00","NZD","1761017410","23477/2025-11-14/1761017410.json"
"581514","221282","2025-11-14","36.00","NZD","1761017410","23477/2025-11-14/1761017410.json"
"512557","146154","2025-11-14","45.00","NZD","1761017410","23477/2025-11-14/1761017410.json"
"365170","146153","2025-11-14","48.00","NZD","1761017410","23477/2025-11-14/1761017410.json"
"510807","146155","2025-11-14","52.00","NZD","1761017410","23477/2025-11-14/1761017410.json"
"581513","221281","2025-11-15","36.00","NZD","1761017410","23477/2025-11-15/1761017410.json"
"581514","221282","2025-11-15","36.00","NZD","1761017410","23477/2025-11-15/1761017410.json"
"512557","146154","2025-11-15","45.00","NZD","1761017410","23477/2025-11-15/1761017410.json"
"365170","146153","2025-11-15","48.00","NZD","1761017410","23477/2025-11-15/1761017410.json"
"510807","146155","2025-11-15","52.00","NZD","1761017410","23477/2025-11-15/1761017410.json"
"581513","221281","2025-11-18","36.00","NZD","1761017410","23477/2025-11-18/1761017410.json"
"581514","221282","2025-11-18","36.00","NZD","1761017410","23477/2025-11-18/1761017410.json"
"512557","146154","2025-11-18","45.00","NZD","1761017410","23477/2025-11-18/1761017410.json"
"365170","146153","2025-11-18","48.00","NZD","1761017410","23477/2025-11-18/1761017410.json"
"510807","146155","2025-11-18","52.00","NZD","1761017410","23477/2025-11-18/1761017410.json"
"581513","221281","2025-11-20","36.00","NZD","1761017410","23477/2025-11-20/1761017410.json"
"581514","221282","2025-11-20","36.00","NZD","1761017410","23477/2025-11-20/1761017410.json"
"512557","146154","2025-11-20","45.00","NZD","1761017410","23477/2025-11-20/1761017410.json"
"581513","221281","2025-11-21","36.00","NZD","1761017410","23477/2025-11-21/1761017410.json"
"581514","221282","2025-11-21","36.00","NZD","1761017410","23477/2025-11-21/1761017410.json"
"512557","146154","2025-11-21","45.00","NZD","1761017410","23477/2025-11-21/1761017410.json"
"365170","146153","2025-11-21","48.00","NZD","1761017410","23477/2025-11-21/1761017410.json"
"510807","146155","2025-11-21","52.00","NZD","1761017410","23477/2025-11-21/1761017410.json"
"581513","221281","2025-11-19","36.00","NZD","1761017410","23477/2025-11-19/1761017410.json"
"581514","221282","2025-11-19","36.00","NZD","1761017410","23477/2025-11-19/1761017410.json"
"512557","146154","2025-11-19","45.00","NZD","1761017410","23477/2025-11-19/1761017410.json"
"365170","146153","2025-11-19","48.00","NZD","1761017410","23477/2025-11-19/1761017410.json"
"510807","146155","2025-11-19","52.00","NZD","1761017410","23477/2025-11-19/1761017410.json"
"581513","221281","2025-11-23","36.00","NZD","1761017410","23477/2025-11-23/1761017410.json"
"581514","221282","2025-11-23","36.00","NZD","1761017410","23477/2025-11-23/1761017410.json"
"512557","146154","2025-11-23","45.00","NZD","1761017410","23477/2025-11-23/1761017410.json"
"365170","146153","2025-11-23","48.00","NZD","1761017410","23477/2025-11-23/1761017410.json"
"510807","146155","2025-11-23","52.00","NZD","1761017410","23477/2025-11-23/1761017410.json"
"581513","221281","2025-11-22","36.00","NZD","1761017410","23477/2025-11-22/1761017410.json"
"581514","221282","2025-11-22","36.00","NZD","1761017410","23477/2025-11-22/1761017410.json"
"512557","146154","2025-11-22","45.00","NZD","1761017410","23477/2025-11-22/1761017410.json"
"365170","146153","2025-11-22","48.00","NZD","1761017410","23477/2025-11-22/1761017410.json"
"510807","146155","2025-11-22","52.00","NZD","1761017410","23477/2025-11-22/1761017410.json"
"581513","221281","2025-11-24","36.00","NZD","1761017410","23477/2025-11-24/1761017410.json"
"581514","221282","2025-11-24","36.00","NZD","1761017410","23477/2025-11-24/1761017410.json"
"512557","146154","2025-11-24","45.00","NZD","1761017410","23477/2025-11-24/1761017410.json"
"365170","146153","2025-11-24","48.00","NZD","1761017410","23477/2025-11-24/1761017410.json"
"510807","146155","2025-11-24","52.00","NZD","1761017410","23477/2025-11-24/1761017410.json"
"581513","221281","2025-11-25","36.00","NZD","1761017410","23477/2025-11-25/1761017410.json"
"581514","221282","2025-11-25","36.00","NZD","1761017410","23477/2025-11-25/1761017410.json"
"512557","146154","2025-11-25","45.00","NZD","1761017410","23477/2025-11-25/1761017410.json"
"365170","146153","2025-11-25","48.00","NZD","1761017410","23477/2025-11-25/1761017410.json"
"510807","146155","2025-11-25","52.00","NZD","1761017410","23477/2025-11-25/1761017410.json"
"581513","221281","2025-11-29","36.00","NZD","1761017410","23477/2025-11-29/1761017410.json"
"581514","221282","2025-11-29","36.00","NZD","1761017410","23477/2025-11-29/1761017410.json"
"512557","146154","2025-11-29","45.00","NZD","1761017410","23477/2025-11-29/1761017410.json"
"365170","146153","2025-11-29","48.00","NZD","1761017410","23477/2025-11-29/1761017410.json"
"510807","146155","2025-11-29","52.00","NZD","1761017410","23477/2025-11-29/1761017410.json"
"581513","221281","2025-11-27","36.00","NZD","1761017410","23477/2025-11-27/1761017410.json"
"581514","221282","2025-11-27","36.00","NZD","1761017410","23477/2025-11-27/1761017410.json"
"512557","146154","2025-11-27","45.00","NZD","1761017410","23477/2025-11-27/1761017410.json"
"365170","146153","2025-11-27","48.00","NZD","1761017410","23477/2025-11-27/1761017410.json"
"510807","146155","2025-11-27","52.00","NZD","1761017410","23477/2025-11-27/1761017410.json"
"581513","221281","2025-11-26","36.00","NZD","1761017410","23477/2025-11-26/1761017410.json"
"581514","221282","2025-11-26","36.00","NZD","1761017410","23477/2025-11-26/1761017410.json"
"512557","146154","2025-11-26","45.00","NZD","1761017410","23477/2025-11-26/1761017410.json"
"365170","146153","2025-11-26","48.00","NZD","1761017410","23477/2025-11-26/1761017410.json"
"510807","146155","2025-11-26","52.00","NZD","1761017410","23477/2025-11-26/1761017410.json"
"581513","221281","2025-11-28","36.00","NZD","1761017410","23477/2025-11-28/1761017410.json"
"581514","221282","2025-11-28","36.00","NZD","1761017410","23477/2025-11-28/1761017410.json"
"512557","146154","2025-11-28","45.00","NZD","1761017410","23477/2025-11-28/1761017410.json"
"365170","146153","2025-11-28","48.00","NZD","1761017410","23477/2025-11-28/1761017410.json"
"510807","146155","2025-11-28","52.00","NZD","1761017410","23477/2025-11-28/1761017410.json"
"581513","221281","2025-11-30","36.00","NZD","1761017410","23477/2025-11-30/1761017410.json"
"581514","221282","2025-11-30","36.00","NZD","1761017410","23477/2025-11-30/1761017410.json"
"512557","146154","2025-11-30","45.00","NZD","1761017410","23477/2025-11-30/1761017410.json"
"365170","146153","2025-11-30","48.00","NZD","1761017410","23477/2025-11-30/1761017410.json"
"510807","146155","2025-11-30","52.00","NZD","1761017410","23477/2025-11-30/1761017410.json"
"581513","221281","2025-12-01","36.00","NZD","1761017410","23477/2025-12-01/1761017410.json"
"581514","221282","2025-12-01","36.00","NZD","1761017410","23477/2025-12-01/1761017410.json"
"512557","146154","2025-12-01","45.00","NZD","1761017410","23477/2025-12-01/1761017410.json"
"365170","146153","2025-12-01","48.00","NZD","1761017410","23477/2025-12-01/1761017410.json"
"510807","146155","2025-12-01","52.00","NZD","1761017410","23477/2025-12-01/1761017410.json"
"581513","221281","2025-12-02","36.00","NZD","1761017410","23477/2025-12-02/1761017410.json"
"581514","221282","2025-12-02","36.00","NZD","1761017410","23477/2025-12-02/1761017410.json"
"512557","146154","2025-12-02","45.00","NZD","1761017410","23477/2025-12-02/1761017410.json"
"365170","146153","2025-12-02","48.00","NZD","1761017410","23477/2025-12-02/1761017410.json"
"510807","146155","2025-12-02","52.00","NZD","1761017410","23477/2025-12-02/1761017410.json"
"581513","221281","2025-12-03","36.00","NZD","1761017410","23477/2025-12-03/1761017410.json"
"581514","221282","2025-12-03","36.00","NZD","1761017410","23477/2025-12-03/1761017410.json"
"512557","146154","2025-12-03","45.00","NZD","1761017410","23477/2025-12-03/1761017410.json"
"365170","146153","2025-12-03","48.00","NZD","1761017410","23477/2025-12-03/1761017410.json"
"510807","146155","2025-12-03","52.00","NZD","1761017410","23477/2025-12-03/1761017410.json"
"581513","221281","2025-12-04","36.00","NZD","1761017410","23477/2025-12-04/1761017410.json"
"581514","221282","2025-12-04","36.00","NZD","1761017410","23477/2025-12-04/1761017410.json"
"512557","146154","2025-12-04","45.00","NZD","1761017410","23477/2025-12-04/1761017410.json"
"365170","146153","2025-12-04","48.00","NZD","1761017410","23477/2025-12-04/1761017410.json"
"510807","146155","2025-12-04","52.00","NZD","1761017410","23477/2025-12-04/1761017410.json"
"581513","221281","2025-12-06","36.00","NZD","1761017410","23477/2025-12-06/1761017410.json"
"581514","221282","2025-12-06","36.00","NZD","1761017410","23477/2025-12-06/1761017410.json"
"512557","146154","2025-12-06","45.00","NZD","1761017410","23477/2025-12-06/1761017410.json"
"365170","146153","2025-12-06","48.00","NZD","1761017410","23477/2025-12-06/1761017410.json"
"510807","146155","2025-12-06","52.00","NZD","1761017410","23477/2025-12-06/1761017410.json"
"581513","221281","2025-12-05","36.00","NZD","1761017410","23477/2025-12-05/1761017410.json"
"581514","221282","2025-12-05","36.00","NZD","1761017410","23477/2025-12-05/1761017410.json"
"512557","146154","2025-12-05","45.00","NZD","1761017410","23477/2025-12-05/1761017410.json"
"365170","146153","2025-12-05","48.00","NZD","1761017410","23477/2025-12-05/1761017410.json"
"510807","146155","2025-12-05","52.00","NZD","1761017410","23477/2025-12-05/1761017410.json"
"581513","221281","2025-12-07","36.00","NZD","1761017410","23477/2025-12-07/1761017410.json"
"581514","221282","2025-12-07","36.00","NZD","1761017410","23477/2025-12-07/1761017410.json"
"512557","146154","2025-12-07","45.00","NZD","1761017410","23477/2025-12-07/1761017410.json"
"365170","146153","2025-12-07","48.00","NZD","1761017410","23477/2025-12-07/1761017410.json"
"510807","146155","2025-12-07","52.00","NZD","1761017410","23477/2025-12-07/1761017410.json"
"581513","221281","2025-12-08","36.00","NZD","1761017410","23477/2025-12-08/1761017410.json"
"581514","221282","2025-12-08","36.00","NZD","1761017410","23477/2025-12-08/1761017410.json"
"512557","146154","2025-12-08","45.00","NZD","1761017410","23477/2025-12-08/1761017410.json"
"365170","146153","2025-12-08","48.00","NZD","1761017410","23477/2025-12-08/1761017410.json"
"510807","146155","2025-12-08","52.00","NZD","1761017410","23477/2025-12-08/1761017410.json"
"581513","221281","2025-12-11","36.00","NZD","1761017410","23477/2025-12-11/1761017410.json"
"581514","221282","2025-12-11","36.00","NZD","1761017410","23477/2025-12-11/1761017410.json"
"512557","146154","2025-12-11","45.00","NZD","1761017410","23477/2025-12-11/1761017410.json"
"365170","146153","2025-12-11","48.00","NZD","1761017410","23477/2025-12-11/1761017410.json"
"510807","146155","2025-12-11","52.00","NZD","1761017410","23477/2025-12-11/1761017410.json"
"581513","221281","2025-12-09","36.00","NZD","1761017410","23477/2025-12-09/1761017410.json"
"581514","221282","2025-12-09","36.00","NZD","1761017410","23477/2025-12-09/1761017410.json"
"512557","146154","2025-12-09","45.00","NZD","1761017410","23477/2025-12-09/1761017410.json"
"365170","146153","2025-12-09","48.00","NZD","1761017410","23477/2025-12-09/1761017410.json"
"510807","146155","2025-12-09","52.00","NZD","1761017410","23477/2025-12-09/1761017410.json"
"581513","221281","2025-12-10","36.00","NZD","1761017410","23477/2025-12-10/1761017410.json"
"581514","221282","2025-12-10","36.00","NZD","1761017410","23477/2025-12-10/1761017410.json"
"512557","146154","2025-12-10","45.00","NZD","1761017410","23477/2025-12-10/1761017410.json"
"365170","146153","2025-12-10","48.00","NZD","1761017410","23477/2025-12-10/1761017410.json"
"510807","146155","2025-12-10","52.00","NZD","1761017410","23477/2025-12-10/1761017410.json"
"581513","221281","2025-12-12","36.00","NZD","1761017410","23477/2025-12-12/1761017410.json"
"581514","221282","2025-12-12","36.00","NZD","1761017410","23477/2025-12-12/1761017410.json"
"512557","146154","2025-12-12","45.00","NZD","1761017410","23477/2025-12-12/1761017410.json"
"365170","146153","2025-12-12","48.00","NZD","1761017410","23477/2025-12-12/1761017410.json"
"510807","146155","2025-12-12","52.00","NZD","1761017410","23477/2025-12-12/1761017410.json"
"581513","221281","2025-12-13","36.00","NZD","1761017410","23477/2025-12-13/1761017410.json"
"581514","221282","2025-12-13","36.00","NZD","1761017410","23477/2025-12-13/1761017410.json"
"512557","146154","2025-12-13","45.00","NZD","1761017410","23477/2025-12-13/1761017410.json"
"365170","146153","2025-12-13","48.00","NZD","1761017410","23477/2025-12-13/1761017410.json"
"510807","146155","2025-12-13","52.00","NZD","1761017410","23477/2025-12-13/1761017410.json"
"581513","221281","2025-12-14","36.00","NZD","1761017410","23477/2025-12-14/1761017410.json"
"581514","221282","2025-12-14","36.00","NZD","1761017410","23477/2025-12-14/1761017410.json"
"512557","146154","2025-12-14","45.00","NZD","1761017410","23477/2025-12-14/1761017410.json"
"365170","146153","2025-12-14","48.00","NZD","1761017410","23477/2025-12-14/1761017410.json"
"510807","146155","2025-12-14","52.00","NZD","1761017410","23477/2025-12-14/1761017410.json"
"581513","221281","2025-12-16","36.00","NZD","1761017410","23477/2025-12-16/1761017410.json"
"581514","221282","2025-12-16","36.00","NZD","1761017410","23477/2025-12-16/1761017410.json"
"512557","146154","2025-12-16","45.00","NZD","1761017410","23477/2025-12-16/1761017410.json"
"365170","146153","2025-12-16","48.00","NZD","1761017410","23477/2025-12-16/1761017410.json"
"510807","146155","2025-12-16","52.00","NZD","1761017410","23477/2025-12-16/1761017410.json"
"581513","221281","2025-12-15","36.00","NZD","1761017410","23477/2025-12-15/1761017410.json"
"581514","221282","2025-12-15","36.00","NZD","1761017410","23477/2025-12-15/1761017410.json"
"512557","146154","2025-12-15","45.00","NZD","1761017410","23477/2025-12-15/1761017410.json"
"365170","146153","2025-12-15","48.00","NZD","1761017410","23477/2025-12-15/1761017410.json"
"510807","146155","2025-12-15","52.00","NZD","1761017410","23477/2025-12-15/1761017410.json"
"581513","221281","2025-12-17","36.00","NZD","1761017410","23477/2025-12-17/1761017410.json"
"581514","221282","2025-12-17","36.00","NZD","1761017410","23477/2025-12-17/1761017410.json"
"512557","146154","2025-12-17","45.00","NZD","1761017410","23477/2025-12-17/1761017410.json"
"365170","146153","2025-12-17","48.00","NZD","1761017410","23477/2025-12-17/1761017410.json"
"510807","146155","2025-12-17","52.00","NZD","1761017410","23477/2025-12-17/1761017410.json"
"581513","221281","2025-12-18","36.00","NZD","1761017410","23477/2025-12-18/1761017410.json"
"581514","221282","2025-12-18","36.00","NZD","1761017410","23477/2025-12-18/1761017410.json"
"512557","146154","2025-12-18","45.00","NZD","1761017410","23477/2025-12-18/1761017410.json"
"365170","146153","2025-12-18","48.00","NZD","1761017410","23477/2025-12-18/1761017410.json"
"510807","146155","2025-12-18","52.00","NZD","1761017410","23477/2025-12-18/1761017410.json"
"581513","221281","2025-12-19","36.00","NZD","1761017410","23477/2025-12-19/1761017410.json"
"581514","221282","2025-12-19","36.00","NZD","1761017410","23477/2025-12-19/1761017410.json"
"512557","146154","2025-12-19","45.00","NZD","1761017410","23477/2025-12-19/1761017410.json"
"365170","146153","2025-12-19","48.00","NZD","1761017410","23477/2025-12-19/1761017410.json"
"510807","146155","2025-12-19","52.00","NZD","1761017410","23477/2025-12-19/1761017410.json"
"581513","221281","2025-12-20","36.00","NZD","1761017410","23477/2025-12-20/1761017410.json"
"581514","221282","2025-12-20","36.00","NZD","1761017410","23477/2025-12-20/1761017410.json"
"512557","146154","2025-12-20","45.00","NZD","1761017410","23477/2025-12-20/1761017410.json"
"365170","146153","2025-12-20","48.00","NZD","1761017410","23477/2025-12-20/1761017410.json"
"510807","146155","2025-12-20","52.00","NZD","1761017410","23477/2025-12-20/1761017410.json"
"581513","221281","2025-10-23","36.00","NZD","1761022623","23477/2025-10-23/1761022623.json"
"581513","221281","2025-10-21","36.00","NZD","1761022623","23477/2025-10-21/1761022623.json"
"581514","221282","2025-10-23","36.00","NZD","1761022623","23477/2025-10-23/1761022623.json"
"512557","146154","2025-10-23","45.00","NZD","1761022623","23477/2025-10-23/1761022623.json"
"581514","221282","2025-10-21","36.00","NZD","1761022623","23477/2025-10-21/1761022623.json"
"512557","146154","2025-10-21","45.00","NZD","1761022623","23477/2025-10-21/1761022623.json"
"365170","146153","2025-10-23","48.00","NZD","1761022623","23477/2025-10-23/1761022623.json"
"365170","146153","2025-10-21","48.00","NZD","1761022623","23477/2025-10-21/1761022623.json"
"510807","146155","2025-10-23","52.00","NZD","1761022623","23477/2025-10-23/1761022623.json"
"510807","146155","2025-10-21","52.00","NZD","1761022623","23477/2025-10-21/1761022623.json"
"581513","221281","2025-10-22","36.00","NZD","1761022623","23477/2025-10-22/1761022623.json"
"581514","221282","2025-10-22","36.00","NZD","1761022623","23477/2025-10-22/1761022623.json"
"512557","146154","2025-10-22","45.00","NZD","1761022623","23477/2025-10-22/1761022623.json"
"365170","146153","2025-10-22","48.00","NZD","1761022623","23477/2025-10-22/1761022623.json"
"510807","146155","2025-10-22","52.00","NZD","1761022623","23477/2025-10-22/1761022623.json"
"581513","221281","2025-10-24","36.00","NZD","1761022623","23477/2025-10-24/1761022623.json"
"581514","221282","2025-10-24","36.00","NZD","1761022623","23477/2025-10-24/1761022623.json"
"512557","146154","2025-10-24","45.00","NZD","1761022623","23477/2025-10-24/1761022623.json"
"365170","146153","2025-10-24","48.00","NZD","1761022623","23477/2025-10-24/1761022623.json"
"510807","146155","2025-10-24","52.00","NZD","1761022623","23477/2025-10-24/1761022623.json"
"581513","221281","2025-10-26","38.00","NZD","1761022623","23477/2025-10-26/1761022623.json"
"581514","221282","2025-10-26","38.00","NZD","1761022623","23477/2025-10-26/1761022623.json"
"512557","146154","2025-10-26","45.00","NZD","1761022623","23477/2025-10-26/1761022623.json"
"581513","221281","2025-10-27","38.00","NZD","1761022623","23477/2025-10-27/1761022623.json"
"581514","221282","2025-10-27","38.00","NZD","1761022623","23477/2025-10-27/1761022623.json"
"512557","146154","2025-10-27","45.00","NZD","1761022623","23477/2025-10-27/1761022623.json"
"365170","146153","2025-10-27","48.00","NZD","1761022623","23477/2025-10-27/1761022623.json"
"510807","146155","2025-10-27","52.00","NZD","1761022623","23477/2025-10-27/1761022623.json"
"581513","221281","2025-10-28","36.00","NZD","1761022623","23477/2025-10-28/1761022623.json"
"581514","221282","2025-10-28","36.00","NZD","1761022623","23477/2025-10-28/1761022623.json"
"512557","146154","2025-10-28","45.00","NZD","1761022623","23477/2025-10-28/1761022623.json"
"365170","146153","2025-10-28","48.00","NZD","1761022623","23477/2025-10-28/1761022623.json"
"510807","146155","2025-10-28","52.00","NZD","1761022623","23477/2025-10-28/1761022623.json"
"581513","221281","2025-10-25","38.00","NZD","1761022623","23477/2025-10-25/1761022623.json"
"581514","221282","2025-10-25","38.00","NZD","1761022623","23477/2025-10-25/1761022623.json"
"512557","146154","2025-10-25","45.00","NZD","1761022623","23477/2025-10-25/1761022623.json"
"581513","221281","2025-10-29","36.00","NZD","1761022623","23477/2025-10-29/1761022623.json"
"581514","221282","2025-10-29","36.00","NZD","1761022623","23477/2025-10-29/1761022623.json"
"512557","146154","2025-10-29","45.00","NZD","1761022623","23477/2025-10-29/1761022623.json"
"365170","146153","2025-10-29","48.00","NZD","1761022623","23477/2025-10-29/1761022623.json"
"510807","146155","2025-10-29","52.00","NZD","1761022623","23477/2025-10-29/1761022623.json"
"581513","221281","2025-10-30","36.00","NZD","1761022623","23477/2025-10-30/1761022623.json"
"581514","221282","2025-10-30","36.00","NZD","1761022623","23477/2025-10-30/1761022623.json"
"512557","146154","2025-10-30","45.00","NZD","1761022623","23477/2025-10-30/1761022623.json"
"365170","146153","2025-10-30","48.00","NZD","1761022623","23477/2025-10-30/1761022623.json"
"510807","146155","2025-10-30","52.00","NZD","1761022623","23477/2025-10-30/1761022623.json"
"581513","221281","2025-10-31","36.00","NZD","1761022623","23477/2025-10-31/1761022623.json"
"581514","221282","2025-10-31","36.00","NZD","1761022623","23477/2025-10-31/1761022623.json"
"512557","146154","2025-10-31","45.00","NZD","1761022623","23477/2025-10-31/1761022623.json"
"365170","146153","2025-10-31","48.00","NZD","1761022623","23477/2025-10-31/1761022623.json"
"510807","146155","2025-10-31","52.00","NZD","1761022623","23477/2025-10-31/1761022623.json"
"581513","221281","2025-11-01","36.00","NZD","1761022623","23477/2025-11-01/1761022623.json"
"581514","221282","2025-11-01","36.00","NZD","1761022623","23477/2025-11-01/1761022623.json"
"512557","146154","2025-11-01","45.00","NZD","1761022623","23477/2025-11-01/1761022623.json"
"365170","146153","2025-11-01","48.00","NZD","1761022623","23477/2025-11-01/1761022623.json"
"510807","146155","2025-11-01","52.00","NZD","1761022623","23477/2025-11-01/1761022623.json"
"581513","221281","2025-11-03","36.00","NZD","1761022623","23477/2025-11-03/1761022623.json"
"581514","221282","2025-11-03","36.00","NZD","1761022623","23477/2025-11-03/1761022623.json"
"512557","146154","2025-11-03","45.00","NZD","1761022623","23477/2025-11-03/1761022623.json"
"365170","146153","2025-11-03","48.00","NZD","1761022623","23477/2025-11-03/1761022623.json"
"510807","146155","2025-11-03","52.00","NZD","1761022623","23477/2025-11-03/1761022623.json"
"581513","221281","2025-11-04","36.00","NZD","1761022623","23477/2025-11-04/1761022623.json"
"581514","221282","2025-11-04","36.00","NZD","1761022623","23477/2025-11-04/1761022623.json"
"512557","146154","2025-11-04","45.00","NZD","1761022623","23477/2025-11-04/1761022623.json"
"365170","146153","2025-11-04","48.00","NZD","1761022623","23477/2025-11-04/1761022623.json"
"510807","146155","2025-11-04","52.00","NZD","1761022623","23477/2025-11-04/1761022623.json"
"581513","221281","2025-11-02","36.00","NZD","1761022623","23477/2025-11-02/1761022623.json"
"581514","221282","2025-11-02","36.00","NZD","1761022623","23477/2025-11-02/1761022623.json"
"512557","146154","2025-11-02","45.00","NZD","1761022623","23477/2025-11-02/1761022623.json"
"365170","146153","2025-11-02","48.00","NZD","1761022623","23477/2025-11-02/1761022623.json"
"510807","146155","2025-11-02","52.00","NZD","1761022623","23477/2025-11-02/1761022623.json"
"581513","221281","2025-11-05","36.00","NZD","1761022623","23477/2025-11-05/1761022623.json"
"581514","221282","2025-11-05","36.00","NZD","1761022623","23477/2025-11-05/1761022623.json"
"512557","146154","2025-11-05","45.00","NZD","1761022623","23477/2025-11-05/1761022623.json"
"365170","146153","2025-11-05","48.00","NZD","1761022623","23477/2025-11-05/1761022623.json"
"510807","146155","2025-11-05","52.00","NZD","1761022623","23477/2025-11-05/1761022623.json"
"581513","221281","2025-11-06","36.00","NZD","1761022623","23477/2025-11-06/1761022623.json"
"581514","221282","2025-11-06","36.00","NZD","1761022623","23477/2025-11-06/1761022623.json"
"512557","146154","2025-11-06","45.00","NZD","1761022623","23477/2025-11-06/1761022623.json"
"365170","146153","2025-11-06","48.00","NZD","1761022623","23477/2025-11-06/1761022623.json"
"510807","146155","2025-11-06","52.00","NZD","1761022623","23477/2025-11-06/1761022623.json"
"581513","221281","2025-11-07","36.00","NZD","1761022623","23477/2025-11-07/1761022623.json"
"581514","221282","2025-11-07","36.00","NZD","1761022623","23477/2025-11-07/1761022623.json"
"512557","146154","2025-11-07","45.00","NZD","1761022623","23477/2025-11-07/1761022623.json"
"365170","146153","2025-11-07","48.00","NZD","1761022623","23477/2025-11-07/1761022623.json"
"510807","146155","2025-11-07","52.00","NZD","1761022623","23477/2025-11-07/1761022623.json"
"581513","221281","2025-11-08","36.00","NZD","1761022623","23477/2025-11-08/1761022623.json"
"581514","221282","2025-11-08","36.00","NZD","1761022623","23477/2025-11-08/1761022623.json"
"512557","146154","2025-11-08","45.00","NZD","1761022623","23477/2025-11-08/1761022623.json"
"365170","146153","2025-11-08","48.00","NZD","1761022623","23477/2025-11-08/1761022623.json"
"510807","146155","2025-11-08","52.00","NZD","1761022623","23477/2025-11-08/1761022623.json"
"581513","221281","2025-11-09","36.00","NZD","1761022623","23477/2025-11-09/1761022623.json"
"581514","221282","2025-11-09","36.00","NZD","1761022623","23477/2025-11-09/1761022623.json"
"512557","146154","2025-11-09","45.00","NZD","1761022623","23477/2025-11-09/1761022623.json"
"365170","146153","2025-11-09","48.00","NZD","1761022623","23477/2025-11-09/1761022623.json"
"510807","146155","2025-11-09","52.00","NZD","1761022623","23477/2025-11-09/1761022623.json"
"581513","221281","2025-11-11","36.00","NZD","1761022623","23477/2025-11-11/1761022623.json"
"581514","221282","2025-11-11","36.00","NZD","1761022623","23477/2025-11-11/1761022623.json"
"512557","146154","2025-11-11","45.00","NZD","1761022623","23477/2025-11-11/1761022623.json"
"365170","146153","2025-11-11","48.00","NZD","1761022623","23477/2025-11-11/1761022623.json"
"510807","146155","2025-11-11","52.00","NZD","1761022623","23477/2025-11-11/1761022623.json"
"581513","221281","2025-11-10","36.00","NZD","1761022623","23477/2025-11-10/1761022623.json"
"581514","221282","2025-11-10","36.00","NZD","1761022623","23477/2025-11-10/1761022623.json"
"512557","146154","2025-11-10","45.00","NZD","1761022623","23477/2025-11-10/1761022623.json"
"365170","146153","2025-11-10","48.00","NZD","1761022623","23477/2025-11-10/1761022623.json"
"510807","146155","2025-11-10","52.00","NZD","1761022623","23477/2025-11-10/1761022623.json"
"581513","221281","2025-11-13","36.00","NZD","1761022623","23477/2025-11-13/1761022623.json"
"581514","221282","2025-11-13","36.00","NZD","1761022623","23477/2025-11-13/1761022623.json"
"512557","146154","2025-11-13","45.00","NZD","1761022623","23477/2025-11-13/1761022623.json"
"365170","146153","2025-11-13","48.00","NZD","1761022623","23477/2025-11-13/1761022623.json"
"510807","146155","2025-11-13","52.00","NZD","1761022623","23477/2025-11-13/1761022623.json"
"581513","221281","2025-11-15","36.00","NZD","1761022623","23477/2025-11-15/1761022623.json"
"581514","221282","2025-11-15","36.00","NZD","1761022623","23477/2025-11-15/1761022623.json"
"512557","146154","2025-11-15","45.00","NZD","1761022623","23477/2025-11-15/1761022623.json"
"365170","146153","2025-11-15","48.00","NZD","1761022623","23477/2025-11-15/1761022623.json"
"510807","146155","2025-11-15","52.00","NZD","1761022623","23477/2025-11-15/1761022623.json"
"581513","221281","2025-11-14","36.00","NZD","1761022623","23477/2025-11-14/1761022623.json"
"581514","221282","2025-11-14","36.00","NZD","1761022623","23477/2025-11-14/1761022623.json"
"512557","146154","2025-11-14","45.00","NZD","1761022623","23477/2025-11-14/1761022623.json"
"365170","146153","2025-11-14","48.00","NZD","1761022623","23477/2025-11-14/1761022623.json"
"510807","146155","2025-11-14","52.00","NZD","1761022623","23477/2025-11-14/1761022623.json"
"581513","221281","2025-11-16","36.00","NZD","1761022623","23477/2025-11-16/1761022623.json"
"581514","221282","2025-11-16","36.00","NZD","1761022623","23477/2025-11-16/1761022623.json"
"512557","146154","2025-11-16","45.00","NZD","1761022623","23477/2025-11-16/1761022623.json"
"365170","146153","2025-11-16","48.00","NZD","1761022623","23477/2025-11-16/1761022623.json"
"510807","146155","2025-11-16","52.00","NZD","1761022623","23477/2025-11-16/1761022623.json"
"581513","221281","2025-11-17","36.00","NZD","1761022623","23477/2025-11-17/1761022623.json"
"581514","221282","2025-11-17","36.00","NZD","1761022623","23477/2025-11-17/1761022623.json"
"512557","146154","2025-11-17","45.00","NZD","1761022623","23477/2025-11-17/1761022623.json"
"365170","146153","2025-11-17","48.00","NZD","1761022623","23477/2025-11-17/1761022623.json"
"510807","146155","2025-11-17","52.00","NZD","1761022623","23477/2025-11-17/1761022623.json"
"581513","221281","2025-11-18","36.00","NZD","1761022623","23477/2025-11-18/1761022623.json"
"581514","221282","2025-11-18","36.00","NZD","1761022623","23477/2025-11-18/1761022623.json"
"512557","146154","2025-11-18","45.00","NZD","1761022623","23477/2025-11-18/1761022623.json"
"365170","146153","2025-11-18","48.00","NZD","1761022623","23477/2025-11-18/1761022623.json"
"510807","146155","2025-11-18","52.00","NZD","1761022623","23477/2025-11-18/1761022623.json"
"581513","221281","2025-11-19","36.00","NZD","1761022623","23477/2025-11-19/1761022623.json"
"581514","221282","2025-11-19","36.00","NZD","1761022623","23477/2025-11-19/1761022623.json"
"512557","146154","2025-11-19","45.00","NZD","1761022623","23477/2025-11-19/1761022623.json"
"365170","146153","2025-11-19","48.00","NZD","1761022623","23477/2025-11-19/1761022623.json"
"510807","146155","2025-11-19","52.00","NZD","1761022623","23477/2025-11-19/1761022623.json"
"581513","221281","2025-11-12","36.00","NZD","1761022623","23477/2025-11-12/1761022623.json"
"581514","221282","2025-11-12","36.00","NZD","1761022623","23477/2025-11-12/1761022623.json"
"512557","146154","2025-11-12","45.00","NZD","1761022623","23477/2025-11-12/1761022623.json"
"365170","146153","2025-11-12","48.00","NZD","1761022623","23477/2025-11-12/1761022623.json"
"510807","146155","2025-11-12","52.00","NZD","1761022623","23477/2025-11-12/1761022623.json"
"581513","221281","2025-11-21","36.00","NZD","1761022623","23477/2025-11-21/1761022623.json"
"581514","221282","2025-11-21","36.00","NZD","1761022623","23477/2025-11-21/1761022623.json"
"512557","146154","2025-11-21","45.00","NZD","1761022623","23477/2025-11-21/1761022623.json"
"365170","146153","2025-11-21","48.00","NZD","1761022623","23477/2025-11-21/1761022623.json"
"510807","146155","2025-11-21","52.00","NZD","1761022623","23477/2025-11-21/1761022623.json"
"581513","221281","2025-11-20","36.00","NZD","1761022623","23477/2025-11-20/1761022623.json"
"581514","221282","2025-11-20","36.00","NZD","1761022623","23477/2025-11-20/1761022623.json"
"512557","146154","2025-11-20","45.00","NZD","1761022623","23477/2025-11-20/1761022623.json"
"581513","221281","2025-11-22","36.00","NZD","1761022623","23477/2025-11-22/1761022623.json"
"581514","221282","2025-11-22","36.00","NZD","1761022623","23477/2025-11-22/1761022623.json"
"512557","146154","2025-11-22","45.00","NZD","1761022623","23477/2025-11-22/1761022623.json"
"365170","146153","2025-11-22","48.00","NZD","1761022623","23477/2025-11-22/1761022623.json"
"510807","146155","2025-11-22","52.00","NZD","1761022623","23477/2025-11-22/1761022623.json"
"581513","221281","2025-11-24","36.00","NZD","1761022623","23477/2025-11-24/1761022623.json"
"581514","221282","2025-11-24","36.00","NZD","1761022623","23477/2025-11-24/1761022623.json"
"512557","146154","2025-11-24","45.00","NZD","1761022623","23477/2025-11-24/1761022623.json"
"365170","146153","2025-11-24","48.00","NZD","1761022623","23477/2025-11-24/1761022623.json"
"510807","146155","2025-11-24","52.00","NZD","1761022623","23477/2025-11-24/1761022623.json"
"581513","221281","2025-11-23","36.00","NZD","1761022623","23477/2025-11-23/1761022623.json"
"581514","221282","2025-11-23","36.00","NZD","1761022623","23477/2025-11-23/1761022623.json"
"512557","146154","2025-11-23","45.00","NZD","1761022623","23477/2025-11-23/1761022623.json"
"365170","146153","2025-11-23","48.00","NZD","1761022623","23477/2025-11-23/1761022623.json"
"510807","146155","2025-11-23","52.00","NZD","1761022623","23477/2025-11-23/1761022623.json"
"581513","221281","2025-11-25","36.00","NZD","1761022623","23477/2025-11-25/1761022623.json"
"581514","221282","2025-11-25","36.00","NZD","1761022623","23477/2025-11-25/1761022623.json"
"512557","146154","2025-11-25","45.00","NZD","1761022623","23477/2025-11-25/1761022623.json"
"365170","146153","2025-11-25","48.00","NZD","1761022623","23477/2025-11-25/1761022623.json"
"510807","146155","2025-11-25","52.00","NZD","1761022623","23477/2025-11-25/1761022623.json"
"581513","221281","2025-11-26","36.00","NZD","1761022623","23477/2025-11-26/1761022623.json"
"581514","221282","2025-11-26","36.00","NZD","1761022623","23477/2025-11-26/1761022623.json"
"512557","146154","2025-11-26","45.00","NZD","1761022623","23477/2025-11-26/1761022623.json"
"365170","146153","2025-11-26","48.00","NZD","1761022623","23477/2025-11-26/1761022623.json"
"510807","146155","2025-11-26","52.00","NZD","1761022623","23477/2025-11-26/1761022623.json"
"581513","221281","2025-11-27","36.00","NZD","1761022623","23477/2025-11-27/1761022623.json"
"581514","221282","2025-11-27","36.00","NZD","1761022623","23477/2025-11-27/1761022623.json"
"512557","146154","2025-11-27","45.00","NZD","1761022623","23477/2025-11-27/1761022623.json"
"365170","146153","2025-11-27","48.00","NZD","1761022623","23477/2025-11-27/1761022623.json"
"510807","146155","2025-11-27","52.00","NZD","1761022623","23477/2025-11-27/1761022623.json"
"581513","221281","2025-11-28","36.00","NZD","1761022623","23477/2025-11-28/1761022623.json"
"581514","221282","2025-11-28","36.00","NZD","1761022623","23477/2025-11-28/1761022623.json"
"512557","146154","2025-11-28","45.00","NZD","1761022623","23477/2025-11-28/1761022623.json"
"365170","146153","2025-11-28","48.00","NZD","1761022623","23477/2025-11-28/1761022623.json"
"510807","146155","2025-11-28","52.00","NZD","1761022623","23477/2025-11-28/1761022623.json"
"581513","221281","2025-11-29","36.00","NZD","1761022623","23477/2025-11-29/1761022623.json"
"581514","221282","2025-11-29","36.00","NZD","1761022623","23477/2025-11-29/1761022623.json"
"512557","146154","2025-11-29","45.00","NZD","1761022623","23477/2025-11-29/1761022623.json"
"365170","146153","2025-11-29","48.00","NZD","1761022623","23477/2025-11-29/1761022623.json"
"510807","146155","2025-11-29","52.00","NZD","1761022623","23477/2025-11-29/1761022623.json"
"581513","221281","2025-11-30","36.00","NZD","1761022623","23477/2025-11-30/1761022623.json"
"581514","221282","2025-11-30","36.00","NZD","1761022623","23477/2025-11-30/1761022623.json"
"512557","146154","2025-11-30","45.00","NZD","1761022623","23477/2025-11-30/1761022623.json"
"365170","146153","2025-11-30","48.00","NZD","1761022623","23477/2025-11-30/1761022623.json"
"510807","146155","2025-11-30","52.00","NZD","1761022623","23477/2025-11-30/1761022623.json"
"581513","221281","2025-12-03","36.00","NZD","1761022623","23477/2025-12-03/1761022623.json"
"581514","221282","2025-12-03","36.00","NZD","1761022623","23477/2025-12-03/1761022623.json"
"512557","146154","2025-12-03","45.00","NZD","1761022623","23477/2025-12-03/1761022623.json"
"365170","146153","2025-12-03","48.00","NZD","1761022623","23477/2025-12-03/1761022623.json"
"510807","146155","2025-12-03","52.00","NZD","1761022623","23477/2025-12-03/1761022623.json"
"581513","221281","2025-12-04","36.00","NZD","1761022623","23477/2025-12-04/1761022623.json"
"581514","221282","2025-12-04","36.00","NZD","1761022623","23477/2025-12-04/1761022623.json"
"512557","146154","2025-12-04","45.00","NZD","1761022623","23477/2025-12-04/1761022623.json"
"365170","146153","2025-12-04","48.00","NZD","1761022623","23477/2025-12-04/1761022623.json"
"510807","146155","2025-12-04","52.00","NZD","1761022623","23477/2025-12-04/1761022623.json"
"581513","221281","2025-12-01","36.00","NZD","1761022623","23477/2025-12-01/1761022623.json"
"581514","221282","2025-12-01","36.00","NZD","1761022623","23477/2025-12-01/1761022623.json"
"512557","146154","2025-12-01","45.00","NZD","1761022623","23477/2025-12-01/1761022623.json"
"365170","146153","2025-12-01","48.00","NZD","1761022623","23477/2025-12-01/1761022623.json"
"510807","146155","2025-12-01","52.00","NZD","1761022623","23477/2025-12-01/1761022623.json"
"581513","221281","2025-12-02","36.00","NZD","1761022623","23477/2025-12-02/1761022623.json"
"581514","221282","2025-12-02","36.00","NZD","1761022623","23477/2025-12-02/1761022623.json"
"512557","146154","2025-12-02","45.00","NZD","1761022623","23477/2025-12-02/1761022623.json"
"365170","146153","2025-12-02","48.00","NZD","1761022623","23477/2025-12-02/1761022623.json"
"510807","146155","2025-12-02","52.00","NZD","1761022623","23477/2025-12-02/1761022623.json"
"581513","221281","2025-12-06","36.00","NZD","1761022623","23477/2025-12-06/1761022623.json"
"581514","221282","2025-12-06","36.00","NZD","1761022623","23477/2025-12-06/1761022623.json"
"512557","146154","2025-12-06","45.00","NZD","1761022623","23477/2025-12-06/1761022623.json"
"365170","146153","2025-12-06","48.00","NZD","1761022623","23477/2025-12-06/1761022623.json"
"510807","146155","2025-12-06","52.00","NZD","1761022623","23477/2025-12-06/1761022623.json"
"581513","221281","2025-12-05","36.00","NZD","1761022623","23477/2025-12-05/1761022623.json"
"581514","221282","2025-12-05","36.00","NZD","1761022623","23477/2025-12-05/1761022623.json"
"512557","146154","2025-12-05","45.00","NZD","1761022623","23477/2025-12-05/1761022623.json"
"365170","146153","2025-12-05","48.00","NZD","1761022623","23477/2025-12-05/1761022623.json"
"510807","146155","2025-12-05","52.00","NZD","1761022623","23477/2025-12-05/1761022623.json"
"581513","221281","2025-12-07","36.00","NZD","1761022623","23477/2025-12-07/1761022623.json"
"581514","221282","2025-12-07","36.00","NZD","1761022623","23477/2025-12-07/1761022623.json"
"512557","146154","2025-12-07","45.00","NZD","1761022623","23477/2025-12-07/1761022623.json"
"365170","146153","2025-12-07","48.00","NZD","1761022623","23477/2025-12-07/1761022623.json"
"510807","146155","2025-12-07","52.00","NZD","1761022623","23477/2025-12-07/1761022623.json"
"581513","221281","2025-12-08","36.00","NZD","1761022623","23477/2025-12-08/1761022623.json"
"581514","221282","2025-12-08","36.00","NZD","1761022623","23477/2025-12-08/1761022623.json"
"512557","146154","2025-12-08","45.00","NZD","1761022623","23477/2025-12-08/1761022623.json"
"365170","146153","2025-12-08","48.00","NZD","1761022623","23477/2025-12-08/1761022623.json"
"510807","146155","2025-12-08","52.00","NZD","1761022623","23477/2025-12-08/1761022623.json"
"581513","221281","2025-12-10","36.00","NZD","1761022623","23477/2025-12-10/1761022623.json"
"581514","221282","2025-12-10","36.00","NZD","1761022623","23477/2025-12-10/1761022623.json"
"512557","146154","2025-12-10","45.00","NZD","1761022623","23477/2025-12-10/1761022623.json"
"365170","146153","2025-12-10","48.00","NZD","1761022623","23477/2025-12-10/1761022623.json"
"510807","146155","2025-12-10","52.00","NZD","1761022623","23477/2025-12-10/1761022623.json"
"581513","221281","2025-12-09","36.00","NZD","1761022623","23477/2025-12-09/1761022623.json"
"581514","221282","2025-12-09","36.00","NZD","1761022623","23477/2025-12-09/1761022623.json"
"512557","146154","2025-12-09","45.00","NZD","1761022623","23477/2025-12-09/1761022623.json"
"365170","146153","2025-12-09","48.00","NZD","1761022623","23477/2025-12-09/1761022623.json"
"510807","146155","2025-12-09","52.00","NZD","1761022623","23477/2025-12-09/1761022623.json"
"581513","221281","2025-12-11","36.00","NZD","1761022623","23477/2025-12-11/1761022623.json"
"581514","221282","2025-12-11","36.00","NZD","1761022623","23477/2025-12-11/1761022623.json"
"512557","146154","2025-12-11","45.00","NZD","1761022623","23477/2025-12-11/1761022623.json"
"365170","146153","2025-12-11","48.00","NZD","1761022623","23477/2025-12-11/1761022623.json"
"510807","146155","2025-12-11","52.00","NZD","1761022623","23477/2025-12-11/1761022623.json"
"581513","221281","2025-12-12","36.00","NZD","1761022623","23477/2025-12-12/1761022623.json"
"581514","221282","2025-12-12","36.00","NZD","1761022623","23477/2025-12-12/1761022623.json"
"512557","146154","2025-12-12","45.00","NZD","1761022623","23477/2025-12-12/1761022623.json"
"365170","146153","2025-12-12","48.00","NZD","1761022623","23477/2025-12-12/1761022623.json"
"510807","146155","2025-12-12","52.00","NZD","1761022623","23477/2025-12-12/1761022623.json"
"581513","221281","2025-12-13","36.00","NZD","1761022623","23477/2025-12-13/1761022623.json"
"581514","221282","2025-12-13","36.00","NZD","1761022623","23477/2025-12-13/1761022623.json"
"512557","146154","2025-12-13","45.00","NZD","1761022623","23477/2025-12-13/1761022623.json"
"365170","146153","2025-12-13","48.00","NZD","1761022623","23477/2025-12-13/1761022623.json"
"510807","146155","2025-12-13","52.00","NZD","1761022623","23477/2025-12-13/1761022623.json"
"581513","221281","2025-12-14","36.00","NZD","1761022623","23477/2025-12-14/1761022623.json"
"581514","221282","2025-12-14","36.00","NZD","1761022623","23477/2025-12-14/1761022623.json"
"512557","146154","2025-12-14","45.00","NZD","1761022623","23477/2025-12-14/1761022623.json"
"365170","146153","2025-12-14","48.00","NZD","1761022623","23477/2025-12-14/1761022623.json"
"510807","146155","2025-12-14","52.00","NZD","1761022623","23477/2025-12-14/1761022623.json"
"581513","221281","2025-12-15","36.00","NZD","1761022623","23477/2025-12-15/1761022623.json"
"581514","221282","2025-12-15","36.00","NZD","1761022623","23477/2025-12-15/1761022623.json"
"512557","146154","2025-12-15","45.00","NZD","1761022623","23477/2025-12-15/1761022623.json"
"365170","146153","2025-12-15","48.00","NZD","1761022623","23477/2025-12-15/1761022623.json"
"510807","146155","2025-12-15","52.00","NZD","1761022623","23477/2025-12-15/1761022623.json"
"581513","221281","2025-12-16","36.00","NZD","1761022623","23477/2025-12-16/1761022623.json"
"581514","221282","2025-12-16","36.00","NZD","1761022623","23477/2025-12-16/1761022623.json"
"512557","146154","2025-12-16","45.00","NZD","1761022623","23477/2025-12-16/1761022623.json"
"365170","146153","2025-12-16","48.00","NZD","1761022623","23477/2025-12-16/1761022623.json"
"510807","146155","2025-12-16","52.00","NZD","1761022623","23477/2025-12-16/1761022623.json"
"581513","221281","2025-12-17","36.00","NZD","1761022623","23477/2025-12-17/1761022623.json"
"581514","221282","2025-12-17","36.00","NZD","1761022623","23477/2025-12-17/1761022623.json"
"512557","146154","2025-12-17","45.00","NZD","1761022623","23477/2025-12-17/1761022623.json"
"365170","146153","2025-12-17","48.00","NZD","1761022623","23477/2025-12-17/1761022623.json"
"510807","146155","2025-12-17","52.00","NZD","1761022623","23477/2025-12-17/1761022623.json"
"581513","221281","2025-12-18","36.00","NZD","1761022623","23477/2025-12-18/1761022623.json"
"581514","221282","2025-12-18","36.00","NZD","1761022623","23477/2025-12-18/1761022623.json"
"512557","146154","2025-12-18","45.00","NZD","1761022623","23477/2025-12-18/1761022623.json"
"365170","146153","2025-12-18","48.00","NZD","1761022623","23477/2025-12-18/1761022623.json"
"510807","146155","2025-12-18","52.00","NZD","1761022623","23477/2025-12-18/1761022623.json"
"581513","221281","2025-12-19","36.00","NZD","1761022623","23477/2025-12-19/1761022623.json"
"581514","221282","2025-12-19","36.00","NZD","1761022623","23477/2025-12-19/1761022623.json"
"512557","146154","2025-12-19","45.00","NZD","1761022623","23477/2025-12-19/1761022623.json"
"365170","146153","2025-12-19","48.00","NZD","1761022623","23477/2025-12-19/1761022623.json"
"510807","146155","2025-12-19","52.00","NZD","1761022623","23477/2025-12-19/1761022623.json"
"581513","221281","2025-12-20","36.00","NZD","1761022623","23477/2025-12-20/1761022623.json"
"581514","221282","2025-12-20","36.00","NZD","1761022623","23477/2025-12-20/1761022623.json"
"512557","146154","2025-12-20","45.00","NZD","1761022623","23477/2025-12-20/1761022623.json"
"365170","146153","2025-12-20","48.00","NZD","1761022623","23477/2025-12-20/1761022623.json"
"510807","146155","2025-12-20","52.00","NZD","1761022623","23477/2025-12-20/1761022623.json"
"581513","221281","2025-10-21","36.00","NZD","1761037759","23477/2025-10-21/1761037759.json"
"581514","221282","2025-10-21","36.00","NZD","1761037759","23477/2025-10-21/1761037759.json"
"512557","146154","2025-10-21","45.00","NZD","1761037759","23477/2025-10-21/1761037759.json"
"365170","146153","2025-10-21","48.00","NZD","1761037759","23477/2025-10-21/1761037759.json"
"510807","146155","2025-10-21","52.00","NZD","1761037759","23477/2025-10-21/1761037759.json"
"581513","221281","2025-10-24","36.00","NZD","1761037759","23477/2025-10-24/1761037759.json"
"581514","221282","2025-10-24","36.00","NZD","1761037759","23477/2025-10-24/1761037759.json"
"512557","146154","2025-10-24","45.00","NZD","1761037759","23477/2025-10-24/1761037759.json"
"365170","146153","2025-10-24","48.00","NZD","1761037759","23477/2025-10-24/1761037759.json"
"510807","146155","2025-10-24","52.00","NZD","1761037759","23477/2025-10-24/1761037759.json"
"581513","221281","2025-10-22","36.00","NZD","1761037759","23477/2025-10-22/1761037759.json"
"581514","221282","2025-10-22","36.00","NZD","1761037759","23477/2025-10-22/1761037759.json"
"512557","146154","2025-10-22","45.00","NZD","1761037759","23477/2025-10-22/1761037759.json"
"365170","146153","2025-10-22","48.00","NZD","1761037759","23477/2025-10-22/1761037759.json"
"510807","146155","2025-10-22","52.00","NZD","1761037759","23477/2025-10-22/1761037759.json"
"581513","221281","2025-10-23","36.00","NZD","1761037759","23477/2025-10-23/1761037759.json"
"581514","221282","2025-10-23","36.00","NZD","1761037759","23477/2025-10-23/1761037759.json"
"512557","146154","2025-10-23","45.00","NZD","1761037759","23477/2025-10-23/1761037759.json"
"365170","146153","2025-10-23","48.00","NZD","1761037759","23477/2025-10-23/1761037759.json"
"510807","146155","2025-10-23","52.00","NZD","1761037759","23477/2025-10-23/1761037759.json"
"581513","221281","2025-10-27","38.00","NZD","1761037759","23477/2025-10-27/1761037759.json"
"581514","221282","2025-10-27","38.00","NZD","1761037759","23477/2025-10-27/1761037759.json"
"512557","146154","2025-10-27","45.00","NZD","1761037759","23477/2025-10-27/1761037759.json"
"365170","146153","2025-10-27","48.00","NZD","1761037759","23477/2025-10-27/1761037759.json"
"510807","146155","2025-10-27","52.00","NZD","1761037759","23477/2025-10-27/1761037759.json"
"581513","221281","2025-10-26","38.00","NZD","1761037759","23477/2025-10-26/1761037759.json"
"581514","221282","2025-10-26","38.00","NZD","1761037759","23477/2025-10-26/1761037759.json"
"512557","146154","2025-10-26","45.00","NZD","1761037759","23477/2025-10-26/1761037759.json"
"581513","221281","2025-10-25","38.00","NZD","1761037759","23477/2025-10-25/1761037759.json"
"581514","221282","2025-10-25","38.00","NZD","1761037759","23477/2025-10-25/1761037759.json"
"512557","146154","2025-10-25","45.00","NZD","1761037759","23477/2025-10-25/1761037759.json"
"581513","221281","2025-10-28","36.00","NZD","1761037759","23477/2025-10-28/1761037759.json"
"581514","221282","2025-10-28","36.00","NZD","1761037759","23477/2025-10-28/1761037759.json"
"512557","146154","2025-10-28","45.00","NZD","1761037759","23477/2025-10-28/1761037759.json"
"365170","146153","2025-10-28","48.00","NZD","1761037759","23477/2025-10-28/1761037759.json"
"510807","146155","2025-10-28","52.00","NZD","1761037759","23477/2025-10-28/1761037759.json"
"581513","221281","2025-10-29","36.00","NZD","1761037759","23477/2025-10-29/1761037759.json"
"581514","221282","2025-10-29","36.00","NZD","1761037759","23477/2025-10-29/1761037759.json"
"512557","146154","2025-10-29","45.00","NZD","1761037759","23477/2025-10-29/1761037759.json"
"365170","146153","2025-10-29","48.00","NZD","1761037759","23477/2025-10-29/1761037759.json"
"510807","146155","2025-10-29","52.00","NZD","1761037759","23477/2025-10-29/1761037759.json"
"581513","221281","2025-11-01","36.00","NZD","1761037759","23477/2025-11-01/1761037759.json"
"581514","221282","2025-11-01","36.00","NZD","1761037759","23477/2025-11-01/1761037759.json"
"512557","146154","2025-11-01","45.00","NZD","1761037759","23477/2025-11-01/1761037759.json"
"365170","146153","2025-11-01","48.00","NZD","1761037759","23477/2025-11-01/1761037759.json"
"510807","146155","2025-11-01","52.00","NZD","1761037759","23477/2025-11-01/1761037759.json"
"581513","221281","2025-10-31","36.00","NZD","1761037759","23477/2025-10-31/1761037759.json"
"581514","221282","2025-10-31","36.00","NZD","1761037759","23477/2025-10-31/1761037759.json"
"512557","146154","2025-10-31","45.00","NZD","1761037759","23477/2025-10-31/1761037759.json"
"365170","146153","2025-10-31","48.00","NZD","1761037759","23477/2025-10-31/1761037759.json"
"510807","146155","2025-10-31","52.00","NZD","1761037759","23477/2025-10-31/1761037759.json"
"581513","221281","2025-10-30","36.00","NZD","1761037759","23477/2025-10-30/1761037759.json"
"581514","221282","2025-10-30","36.00","NZD","1761037759","23477/2025-10-30/1761037759.json"
"512557","146154","2025-10-30","45.00","NZD","1761037759","23477/2025-10-30/1761037759.json"
"365170","146153","2025-10-30","48.00","NZD","1761037759","23477/2025-10-30/1761037759.json"
"510807","146155","2025-10-30","52.00","NZD","1761037759","23477/2025-10-30/1761037759.json"
"581513","221281","2025-11-02","36.00","NZD","1761037759","23477/2025-11-02/1761037759.json"
"581514","221282","2025-11-02","36.00","NZD","1761037759","23477/2025-11-02/1761037759.json"
"512557","146154","2025-11-02","45.00","NZD","1761037759","23477/2025-11-02/1761037759.json"
"365170","146153","2025-11-02","48.00","NZD","1761037759","23477/2025-11-02/1761037759.json"
"510807","146155","2025-11-02","52.00","NZD","1761037759","23477/2025-11-02/1761037759.json"
"581513","221281","2025-11-03","36.00","NZD","1761037759","23477/2025-11-03/1761037759.json"
"581514","221282","2025-11-03","36.00","NZD","1761037759","23477/2025-11-03/1761037759.json"
"512557","146154","2025-11-03","45.00","NZD","1761037759","23477/2025-11-03/1761037759.json"
"365170","146153","2025-11-03","48.00","NZD","1761037759","23477/2025-11-03/1761037759.json"
"510807","146155","2025-11-03","52.00","NZD","1761037759","23477/2025-11-03/1761037759.json"
"581513","221281","2025-11-04","36.00","NZD","1761037759","23477/2025-11-04/1761037759.json"
"581514","221282","2025-11-04","36.00","NZD","1761037759","23477/2025-11-04/1761037759.json"
"512557","146154","2025-11-04","45.00","NZD","1761037759","23477/2025-11-04/1761037759.json"
"365170","146153","2025-11-04","48.00","NZD","1761037759","23477/2025-11-04/1761037759.json"
"510807","146155","2025-11-04","52.00","NZD","1761037759","23477/2025-11-04/1761037759.json"
"581513","221281","2025-11-05","36.00","NZD","1761037759","23477/2025-11-05/1761037759.json"
"581514","221282","2025-11-05","36.00","NZD","1761037759","23477/2025-11-05/1761037759.json"
"512557","146154","2025-11-05","45.00","NZD","1761037759","23477/2025-11-05/1761037759.json"
"365170","146153","2025-11-05","48.00","NZD","1761037759","23477/2025-11-05/1761037759.json"
"510807","146155","2025-11-05","52.00","NZD","1761037759","23477/2025-11-05/1761037759.json"
"581513","221281","2025-11-06","36.00","NZD","1761037759","23477/2025-11-06/1761037759.json"
"581514","221282","2025-11-06","36.00","NZD","1761037759","23477/2025-11-06/1761037759.json"
"512557","146154","2025-11-06","45.00","NZD","1761037759","23477/2025-11-06/1761037759.json"
"365170","146153","2025-11-06","48.00","NZD","1761037759","23477/2025-11-06/1761037759.json"
"510807","146155","2025-11-06","52.00","NZD","1761037759","23477/2025-11-06/1761037759.json"
"581513","221281","2025-11-08","36.00","NZD","1761037759","23477/2025-11-08/1761037759.json"
"581514","221282","2025-11-08","36.00","NZD","1761037759","23477/2025-11-08/1761037759.json"
"512557","146154","2025-11-08","45.00","NZD","1761037759","23477/2025-11-08/1761037759.json"
"365170","146153","2025-11-08","48.00","NZD","1761037759","23477/2025-11-08/1761037759.json"
"510807","146155","2025-11-08","52.00","NZD","1761037759","23477/2025-11-08/1761037759.json"
"581513","221281","2025-11-09","36.00","NZD","1761037759","23477/2025-11-09/1761037759.json"
"581514","221282","2025-11-09","36.00","NZD","1761037759","23477/2025-11-09/1761037759.json"
"512557","146154","2025-11-09","45.00","NZD","1761037759","23477/2025-11-09/1761037759.json"
"365170","146153","2025-11-09","48.00","NZD","1761037759","23477/2025-11-09/1761037759.json"
"510807","146155","2025-11-09","52.00","NZD","1761037759","23477/2025-11-09/1761037759.json"
"581513","221281","2025-11-07","36.00","NZD","1761037759","23477/2025-11-07/1761037759.json"
"581514","221282","2025-11-07","36.00","NZD","1761037759","23477/2025-11-07/1761037759.json"
"512557","146154","2025-11-07","45.00","NZD","1761037759","23477/2025-11-07/1761037759.json"
"365170","146153","2025-11-07","48.00","NZD","1761037759","23477/2025-11-07/1761037759.json"
"510807","146155","2025-11-07","52.00","NZD","1761037759","23477/2025-11-07/1761037759.json"
"581513","221281","2025-11-10","36.00","NZD","1761037759","23477/2025-11-10/1761037759.json"
"581514","221282","2025-11-10","36.00","NZD","1761037759","23477/2025-11-10/1761037759.json"
"512557","146154","2025-11-10","45.00","NZD","1761037759","23477/2025-11-10/1761037759.json"
"365170","146153","2025-11-10","48.00","NZD","1761037759","23477/2025-11-10/1761037759.json"
"510807","146155","2025-11-10","52.00","NZD","1761037759","23477/2025-11-10/1761037759.json"
"581513","221281","2025-11-11","36.00","NZD","1761037759","23477/2025-11-11/1761037759.json"
"581514","221282","2025-11-11","36.00","NZD","1761037759","23477/2025-11-11/1761037759.json"
"512557","146154","2025-11-11","45.00","NZD","1761037759","23477/2025-11-11/1761037759.json"
"365170","146153","2025-11-11","48.00","NZD","1761037759","23477/2025-11-11/1761037759.json"
"510807","146155","2025-11-11","52.00","NZD","1761037759","23477/2025-11-11/1761037759.json"
"581513","221281","2025-11-12","36.00","NZD","1761037759","23477/2025-11-12/1761037759.json"
"581513","221281","2025-11-13","36.00","NZD","1761037759","23477/2025-11-13/1761037759.json"
"581514","221282","2025-11-12","36.00","NZD","1761037759","23477/2025-11-12/1761037759.json"
"581514","221282","2025-11-13","36.00","NZD","1761037759","23477/2025-11-13/1761037759.json"
"512557","146154","2025-11-13","45.00","NZD","1761037759","23477/2025-11-13/1761037759.json"
"512557","146154","2025-11-12","45.00","NZD","1761037759","23477/2025-11-12/1761037759.json"
"365170","146153","2025-11-12","48.00","NZD","1761037759","23477/2025-11-12/1761037759.json"
"365170","146153","2025-11-13","48.00","NZD","1761037759","23477/2025-11-13/1761037759.json"
"510807","146155","2025-11-12","52.00","NZD","1761037759","23477/2025-11-12/1761037759.json"
"510807","146155","2025-11-13","52.00","NZD","1761037759","23477/2025-11-13/1761037759.json"
"581513","221281","2025-11-14","36.00","NZD","1761037759","23477/2025-11-14/1761037759.json"
"581514","221282","2025-11-14","36.00","NZD","1761037759","23477/2025-11-14/1761037759.json"
"512557","146154","2025-11-14","45.00","NZD","1761037759","23477/2025-11-14/1761037759.json"
"365170","146153","2025-11-14","48.00","NZD","1761037759","23477/2025-11-14/1761037759.json"
"510807","146155","2025-11-14","52.00","NZD","1761037759","23477/2025-11-14/1761037759.json"
"581513","221281","2025-11-15","36.00","NZD","1761037759","23477/2025-11-15/1761037759.json"
"581514","221282","2025-11-15","36.00","NZD","1761037759","23477/2025-11-15/1761037759.json"
"512557","146154","2025-11-15","45.00","NZD","1761037759","23477/2025-11-15/1761037759.json"
"365170","146153","2025-11-15","48.00","NZD","1761037759","23477/2025-11-15/1761037759.json"
"510807","146155","2025-11-15","52.00","NZD","1761037759","23477/2025-11-15/1761037759.json"
"581513","221281","2025-11-16","36.00","NZD","1761037759","23477/2025-11-16/1761037759.json"
"581514","221282","2025-11-16","36.00","NZD","1761037759","23477/2025-11-16/1761037759.json"
"512557","146154","2025-11-16","45.00","NZD","1761037759","23477/2025-11-16/1761037759.json"
"365170","146153","2025-11-16","48.00","NZD","1761037759","23477/2025-11-16/1761037759.json"
"510807","146155","2025-11-16","52.00","NZD","1761037759","23477/2025-11-16/1761037759.json"
"581513","221281","2025-11-17","36.00","NZD","1761037759","23477/2025-11-17/1761037759.json"
"581514","221282","2025-11-17","36.00","NZD","1761037759","23477/2025-11-17/1761037759.json"
"512557","146154","2025-11-17","45.00","NZD","1761037759","23477/2025-11-17/1761037759.json"
"365170","146153","2025-11-17","48.00","NZD","1761037759","23477/2025-11-17/1761037759.json"
"510807","146155","2025-11-17","52.00","NZD","1761037759","23477/2025-11-17/1761037759.json"
"581513","221281","2025-11-18","36.00","NZD","1761037759","23477/2025-11-18/1761037759.json"
"581514","221282","2025-11-18","36.00","NZD","1761037759","23477/2025-11-18/1761037759.json"
"512557","146154","2025-11-18","45.00","NZD","1761037759","23477/2025-11-18/1761037759.json"
"365170","146153","2025-11-18","48.00","NZD","1761037759","23477/2025-11-18/1761037759.json"
"510807","146155","2025-11-18","52.00","NZD","1761037759","23477/2025-11-18/1761037759.json"
"581513","221281","2025-11-20","36.00","NZD","1761037759","23477/2025-11-20/1761037759.json"
"581514","221282","2025-11-20","36.00","NZD","1761037759","23477/2025-11-20/1761037759.json"
"512557","146154","2025-11-20","45.00","NZD","1761037759","23477/2025-11-20/1761037759.json"
"581513","221281","2025-11-19","36.00","NZD","1761037759","23477/2025-11-19/1761037759.json"
"581514","221282","2025-11-19","36.00","NZD","1761037759","23477/2025-11-19/1761037759.json"
"512557","146154","2025-11-19","45.00","NZD","1761037759","23477/2025-11-19/1761037759.json"
"365170","146153","2025-11-19","48.00","NZD","1761037759","23477/2025-11-19/1761037759.json"
"510807","146155","2025-11-19","52.00","NZD","1761037759","23477/2025-11-19/1761037759.json"
"581513","221281","2025-11-22","36.00","NZD","1761037759","23477/2025-11-22/1761037759.json"
"581514","221282","2025-11-22","36.00","NZD","1761037759","23477/2025-11-22/1761037759.json"
"512557","146154","2025-11-22","45.00","NZD","1761037759","23477/2025-11-22/1761037759.json"
"365170","146153","2025-11-22","48.00","NZD","1761037759","23477/2025-11-22/1761037759.json"
"510807","146155","2025-11-22","52.00","NZD","1761037759","23477/2025-11-22/1761037759.json"
"581513","221281","2025-11-23","36.00","NZD","1761037759","23477/2025-11-23/1761037759.json"
"581514","221282","2025-11-23","36.00","NZD","1761037759","23477/2025-11-23/1761037759.json"
"512557","146154","2025-11-23","45.00","NZD","1761037759","23477/2025-11-23/1761037759.json"
"365170","146153","2025-11-23","48.00","NZD","1761037759","23477/2025-11-23/1761037759.json"
"510807","146155","2025-11-23","52.00","NZD","1761037759","23477/2025-11-23/1761037759.json"
"581513","221281","2025-11-21","36.00","NZD","1761037759","23477/2025-11-21/1761037759.json"
"581514","221282","2025-11-21","36.00","NZD","1761037759","23477/2025-11-21/1761037759.json"
"512557","146154","2025-11-21","45.00","NZD","1761037759","23477/2025-11-21/1761037759.json"
"365170","146153","2025-11-21","48.00","NZD","1761037759","23477/2025-11-21/1761037759.json"
"510807","146155","2025-11-21","52.00","NZD","1761037759","23477/2025-11-21/1761037759.json"
"581513","221281","2025-11-24","36.00","NZD","1761037759","23477/2025-11-24/1761037759.json"
"581514","221282","2025-11-24","36.00","NZD","1761037759","23477/2025-11-24/1761037759.json"
"512557","146154","2025-11-24","45.00","NZD","1761037759","23477/2025-11-24/1761037759.json"
"365170","146153","2025-11-24","48.00","NZD","1761037759","23477/2025-11-24/1761037759.json"
"510807","146155","2025-11-24","52.00","NZD","1761037759","23477/2025-11-24/1761037759.json"
"581513","221281","2025-11-25","36.00","NZD","1761037759","23477/2025-11-25/1761037759.json"
"581514","221282","2025-11-25","36.00","NZD","1761037759","23477/2025-11-25/1761037759.json"
"512557","146154","2025-11-25","45.00","NZD","1761037759","23477/2025-11-25/1761037759.json"
"365170","146153","2025-11-25","48.00","NZD","1761037759","23477/2025-11-25/1761037759.json"
"510807","146155","2025-11-25","52.00","NZD","1761037759","23477/2025-11-25/1761037759.json"
"581513","221281","2025-11-27","36.00","NZD","1761037759","23477/2025-11-27/1761037759.json"
"581514","221282","2025-11-27","36.00","NZD","1761037759","23477/2025-11-27/1761037759.json"
"512557","146154","2025-11-27","45.00","NZD","1761037759","23477/2025-11-27/1761037759.json"
"365170","146153","2025-11-27","48.00","NZD","1761037759","23477/2025-11-27/1761037759.json"
"510807","146155","2025-11-27","52.00","NZD","1761037759","23477/2025-11-27/1761037759.json"
"581513","221281","2025-11-26","36.00","NZD","1761037759","23477/2025-11-26/1761037759.json"
"581514","221282","2025-11-26","36.00","NZD","1761037759","23477/2025-11-26/1761037759.json"
"512557","146154","2025-11-26","45.00","NZD","1761037759","23477/2025-11-26/1761037759.json"
"365170","146153","2025-11-26","48.00","NZD","1761037759","23477/2025-11-26/1761037759.json"
"510807","146155","2025-11-26","52.00","NZD","1761037759","23477/2025-11-26/1761037759.json"
"581513","221281","2025-11-28","36.00","NZD","1761037759","23477/2025-11-28/1761037759.json"
"581514","221282","2025-11-28","36.00","NZD","1761037759","23477/2025-11-28/1761037759.json"
"512557","146154","2025-11-28","45.00","NZD","1761037759","23477/2025-11-28/1761037759.json"
"365170","146153","2025-11-28","48.00","NZD","1761037759","23477/2025-11-28/1761037759.json"
"510807","146155","2025-11-28","52.00","NZD","1761037759","23477/2025-11-28/1761037759.json"
"581513","221281","2025-11-29","36.00","NZD","1761037759","23477/2025-11-29/1761037759.json"
"581514","221282","2025-11-29","36.00","NZD","1761037759","23477/2025-11-29/1761037759.json"
"512557","146154","2025-11-29","45.00","NZD","1761037759","23477/2025-11-29/1761037759.json"
"365170","146153","2025-11-29","48.00","NZD","1761037759","23477/2025-11-29/1761037759.json"
"510807","146155","2025-11-29","52.00","NZD","1761037759","23477/2025-11-29/1761037759.json"
"581513","221281","2025-11-30","36.00","NZD","1761037759","23477/2025-11-30/1761037759.json"
"581514","221282","2025-11-30","36.00","NZD","1761037759","23477/2025-11-30/1761037759.json"
"512557","146154","2025-11-30","45.00","NZD","1761037759","23477/2025-11-30/1761037759.json"
"365170","146153","2025-11-30","48.00","NZD","1761037759","23477/2025-11-30/1761037759.json"
"510807","146155","2025-11-30","52.00","NZD","1761037759","23477/2025-11-30/1761037759.json"
"581513","221281","2025-12-01","36.00","NZD","1761037759","23477/2025-12-01/1761037759.json"
"581514","221282","2025-12-01","36.00","NZD","1761037759","23477/2025-12-01/1761037759.json"
"512557","146154","2025-12-01","45.00","NZD","1761037759","23477/2025-12-01/1761037759.json"
"365170","146153","2025-12-01","48.00","NZD","1761037759","23477/2025-12-01/1761037759.json"
"510807","146155","2025-12-01","52.00","NZD","1761037759","23477/2025-12-01/1761037759.json"
"581513","221281","2025-12-02","36.00","NZD","1761037759","23477/2025-12-02/1761037759.json"
"581514","221282","2025-12-02","36.00","NZD","1761037759","23477/2025-12-02/1761037759.json"
"512557","146154","2025-12-02","45.00","NZD","1761037759","23477/2025-12-02/1761037759.json"
"365170","146153","2025-12-02","48.00","NZD","1761037759","23477/2025-12-02/1761037759.json"
"510807","146155","2025-12-02","52.00","NZD","1761037759","23477/2025-12-02/1761037759.json"
"581513","221281","2025-12-05","36.00","NZD","1761037759","23477/2025-12-05/1761037759.json"
"581513","221281","2025-12-03","36.00","NZD","1761037759","23477/2025-12-03/1761037759.json"
"581514","221282","2025-12-05","36.00","NZD","1761037759","23477/2025-12-05/1761037759.json"
"581514","221282","2025-12-03","36.00","NZD","1761037759","23477/2025-12-03/1761037759.json"
"512557","146154","2025-12-03","45.00","NZD","1761037759","23477/2025-12-03/1761037759.json"
"512557","146154","2025-12-05","45.00","NZD","1761037759","23477/2025-12-05/1761037759.json"
"365170","146153","2025-12-03","48.00","NZD","1761037759","23477/2025-12-03/1761037759.json"
"510807","146155","2025-12-03","52.00","NZD","1761037759","23477/2025-12-03/1761037759.json"
"365170","146153","2025-12-05","48.00","NZD","1761037759","23477/2025-12-05/1761037759.json"
"510807","146155","2025-12-05","52.00","NZD","1761037759","23477/2025-12-05/1761037759.json"
"581513","221281","2025-12-06","36.00","NZD","1761037759","23477/2025-12-06/1761037759.json"
"581514","221282","2025-12-06","36.00","NZD","1761037759","23477/2025-12-06/1761037759.json"
"512557","146154","2025-12-06","45.00","NZD","1761037759","23477/2025-12-06/1761037759.json"
"365170","146153","2025-12-06","48.00","NZD","1761037759","23477/2025-12-06/1761037759.json"
"510807","146155","2025-12-06","52.00","NZD","1761037759","23477/2025-12-06/1761037759.json"
"581513","221281","2025-12-04","36.00","NZD","1761037759","23477/2025-12-04/1761037759.json"
"581514","221282","2025-12-04","36.00","NZD","1761037759","23477/2025-12-04/1761037759.json"
"512557","146154","2025-12-04","45.00","NZD","1761037759","23477/2025-12-04/1761037759.json"
"365170","146153","2025-12-04","48.00","NZD","1761037759","23477/2025-12-04/1761037759.json"
"510807","146155","2025-12-04","52.00","NZD","1761037759","23477/2025-12-04/1761037759.json"
"581513","221281","2025-12-07","36.00","NZD","1761037759","23477/2025-12-07/1761037759.json"
"581514","221282","2025-12-07","36.00","NZD","1761037759","23477/2025-12-07/1761037759.json"
"512557","146154","2025-12-07","45.00","NZD","1761037759","23477/2025-12-07/1761037759.json"
"365170","146153","2025-12-07","48.00","NZD","1761037759","23477/2025-12-07/1761037759.json"
"510807","146155","2025-12-07","52.00","NZD","1761037759","23477/2025-12-07/1761037759.json"
"581513","221281","2025-12-08","36.00","NZD","1761037759","23477/2025-12-08/1761037759.json"
"581514","221282","2025-12-08","36.00","NZD","1761037759","23477/2025-12-08/1761037759.json"
"512557","146154","2025-12-08","45.00","NZD","1761037759","23477/2025-12-08/1761037759.json"
"365170","146153","2025-12-08","48.00","NZD","1761037759","23477/2025-12-08/1761037759.json"
"510807","146155","2025-12-08","52.00","NZD","1761037759","23477/2025-12-08/1761037759.json"
"581513","221281","2025-12-09","36.00","NZD","1761037759","23477/2025-12-09/1761037759.json"
"581514","221282","2025-12-09","36.00","NZD","1761037759","23477/2025-12-09/1761037759.json"
"512557","146154","2025-12-09","45.00","NZD","1761037759","23477/2025-12-09/1761037759.json"
"365170","146153","2025-12-09","48.00","NZD","1761037759","23477/2025-12-09/1761037759.json"
"510807","146155","2025-12-09","52.00","NZD","1761037759","23477/2025-12-09/1761037759.json"
"581513","221281","2025-12-10","36.00","NZD","1761037759","23477/2025-12-10/1761037759.json"
"581514","221282","2025-12-10","36.00","NZD","1761037759","23477/2025-12-10/1761037759.json"
"512557","146154","2025-12-10","45.00","NZD","1761037759","23477/2025-12-10/1761037759.json"
"365170","146153","2025-12-10","48.00","NZD","1761037759","23477/2025-12-10/1761037759.json"
"510807","146155","2025-12-10","52.00","NZD","1761037759","23477/2025-12-10/1761037759.json"
"581513","221281","2025-12-13","36.00","NZD","1761037759","23477/2025-12-13/1761037759.json"
"581514","221282","2025-12-13","36.00","NZD","1761037759","23477/2025-12-13/1761037759.json"
"512557","146154","2025-12-13","45.00","NZD","1761037759","23477/2025-12-13/1761037759.json"
"365170","146153","2025-12-13","48.00","NZD","1761037759","23477/2025-12-13/1761037759.json"
"510807","146155","2025-12-13","52.00","NZD","1761037759","23477/2025-12-13/1761037759.json"
"581513","221281","2025-12-14","36.00","NZD","1761037759","23477/2025-12-14/1761037759.json"
"581514","221282","2025-12-14","36.00","NZD","1761037759","23477/2025-12-14/1761037759.json"
"512557","146154","2025-12-14","45.00","NZD","1761037759","23477/2025-12-14/1761037759.json"
"365170","146153","2025-12-14","48.00","NZD","1761037759","23477/2025-12-14/1761037759.json"
"510807","146155","2025-12-14","52.00","NZD","1761037759","23477/2025-12-14/1761037759.json"
"581513","221281","2025-12-11","36.00","NZD","1761037759","23477/2025-12-11/1761037759.json"
"581514","221282","2025-12-11","36.00","NZD","1761037759","23477/2025-12-11/1761037759.json"
"512557","146154","2025-12-11","45.00","NZD","1761037759","23477/2025-12-11/1761037759.json"
"365170","146153","2025-12-11","48.00","NZD","1761037759","23477/2025-12-11/1761037759.json"
"510807","146155","2025-12-11","52.00","NZD","1761037759","23477/2025-12-11/1761037759.json"
"581513","221281","2025-12-12","36.00","NZD","1761037759","23477/2025-12-12/1761037759.json"
"581514","221282","2025-12-12","36.00","NZD","1761037759","23477/2025-12-12/1761037759.json"
"512557","146154","2025-12-12","45.00","NZD","1761037759","23477/2025-12-12/1761037759.json"
"365170","146153","2025-12-12","48.00","NZD","1761037759","23477/2025-12-12/1761037759.json"
"510807","146155","2025-12-12","52.00","NZD","1761037759","23477/2025-12-12/1761037759.json"
"581513","221281","2025-12-15","36.00","NZD","1761037759","23477/2025-12-15/1761037759.json"
"581514","221282","2025-12-15","36.00","NZD","1761037759","23477/2025-12-15/1761037759.json"
"512557","146154","2025-12-15","45.00","NZD","1761037759","23477/2025-12-15/1761037759.json"
"365170","146153","2025-12-15","48.00","NZD","1761037759","23477/2025-12-15/1761037759.json"
"510807","146155","2025-12-15","52.00","NZD","1761037759","23477/2025-12-15/1761037759.json"
"581513","221281","2025-12-16","36.00","NZD","1761037759","23477/2025-12-16/1761037759.json"
"581514","221282","2025-12-16","36.00","NZD","1761037759","23477/2025-12-16/1761037759.json"
"512557","146154","2025-12-16","45.00","NZD","1761037759","23477/2025-12-16/1761037759.json"
"365170","146153","2025-12-16","48.00","NZD","1761037759","23477/2025-12-16/1761037759.json"
"510807","146155","2025-12-16","52.00","NZD","1761037759","23477/2025-12-16/1761037759.json"
"581513","221281","2025-12-18","36.00","NZD","1761037759","23477/2025-12-18/1761037759.json"
"581514","221282","2025-12-18","36.00","NZD","1761037759","23477/2025-12-18/1761037759.json"
"512557","146154","2025-12-18","45.00","NZD","1761037759","23477/2025-12-18/1761037759.json"
"365170","146153","2025-12-18","48.00","NZD","1761037759","23477/2025-12-18/1761037759.json"
"510807","146155","2025-12-18","52.00","NZD","1761037759","23477/2025-12-18/1761037759.json"
"581513","221281","2025-12-17","36.00","NZD","1761037759","23477/2025-12-17/1761037759.json"
"581514","221282","2025-12-17","36.00","NZD","1761037759","23477/2025-12-17/1761037759.json"
"512557","146154","2025-12-17","45.00","NZD","1761037759","23477/2025-12-17/1761037759.json"
"365170","146153","2025-12-17","48.00","NZD","1761037759","23477/2025-12-17/1761037759.json"
"510807","146155","2025-12-17","52.00","NZD","1761037759","23477/2025-12-17/1761037759.json"
"581513","221281","2025-12-19","36.00","NZD","1761037759","23477/2025-12-19/1761037759.json"
"581514","221282","2025-12-19","36.00","NZD","1761037759","23477/2025-12-19/1761037759.json"
"512557","146154","2025-12-19","45.00","NZD","1761037759","23477/2025-12-19/1761037759.json"
"365170","146153","2025-12-19","48.00","NZD","1761037759","23477/2025-12-19/1761037759.json"
"510807","146155","2025-12-19","52.00","NZD","1761037759","23477/2025-12-19/1761037759.json"
"581513","221281","2025-12-20","36.00","NZD","1761037759","23477/2025-12-20/1761037759.json"
"581514","221282","2025-12-20","36.00","NZD","1761037759","23477/2025-12-20/1761037759.json"
"512557","146154","2025-12-20","45.00","NZD","1761037759","23477/2025-12-20/1761037759.json"
"365170","146153","2025-12-20","48.00","NZD","1761037759","23477/2025-12-20/1761037759.json"
"510807","146155","2025-12-20","52.00","NZD","1761037759","23477/2025-12-20/1761037759.json"
"581513","221281","2025-10-23","36.00","NZD","1761055443","23477/2025-10-23/1761055443.json"
"581514","221282","2025-10-23","36.00","NZD","1761055443","23477/2025-10-23/1761055443.json"
"512557","146154","2025-10-23","45.00","NZD","1761055443","23477/2025-10-23/1761055443.json"
"365170","146153","2025-10-23","48.00","NZD","1761055443","23477/2025-10-23/1761055443.json"
"510807","146155","2025-10-23","52.00","NZD","1761055443","23477/2025-10-23/1761055443.json"
"581513","221281","2025-10-24","36.00","NZD","1761055443","23477/2025-10-24/1761055443.json"
"581514","221282","2025-10-24","36.00","NZD","1761055443","23477/2025-10-24/1761055443.json"
"512557","146154","2025-10-24","45.00","NZD","1761055443","23477/2025-10-24/1761055443.json"
"365170","146153","2025-10-24","48.00","NZD","1761055443","23477/2025-10-24/1761055443.json"
"510807","146155","2025-10-24","52.00","NZD","1761055443","23477/2025-10-24/1761055443.json"
"581513","221281","2025-10-22","36.00","NZD","1761055443","23477/2025-10-22/1761055443.json"
"581514","221282","2025-10-22","36.00","NZD","1761055443","23477/2025-10-22/1761055443.json"
"512557","146154","2025-10-22","45.00","NZD","1761055443","23477/2025-10-22/1761055443.json"
"365170","146153","2025-10-22","48.00","NZD","1761055443","23477/2025-10-22/1761055443.json"
"510807","146155","2025-10-22","52.00","NZD","1761055443","23477/2025-10-22/1761055443.json"
"581513","221281","2025-10-25","38.00","NZD","1761055443","23477/2025-10-25/1761055443.json"
"581514","221282","2025-10-25","38.00","NZD","1761055443","23477/2025-10-25/1761055443.json"
"512557","146154","2025-10-25","45.00","NZD","1761055443","23477/2025-10-25/1761055443.json"
"581513","221281","2025-10-28","36.00","NZD","1761055443","23477/2025-10-28/1761055443.json"
"581514","221282","2025-10-28","36.00","NZD","1761055443","23477/2025-10-28/1761055443.json"
"512557","146154","2025-10-28","45.00","NZD","1761055443","23477/2025-10-28/1761055443.json"
"365170","146153","2025-10-28","48.00","NZD","1761055443","23477/2025-10-28/1761055443.json"
"510807","146155","2025-10-28","52.00","NZD","1761055443","23477/2025-10-28/1761055443.json"
"581513","221281","2025-10-29","36.00","NZD","1761055443","23477/2025-10-29/1761055443.json"
"581514","221282","2025-10-29","36.00","NZD","1761055443","23477/2025-10-29/1761055443.json"
"512557","146154","2025-10-29","45.00","NZD","1761055443","23477/2025-10-29/1761055443.json"
"365170","146153","2025-10-29","48.00","NZD","1761055443","23477/2025-10-29/1761055443.json"
"510807","146155","2025-10-29","52.00","NZD","1761055443","23477/2025-10-29/1761055443.json"
"581513","221281","2025-10-26","38.00","NZD","1761055443","23477/2025-10-26/1761055443.json"
"581514","221282","2025-10-26","38.00","NZD","1761055443","23477/2025-10-26/1761055443.json"
"512557","146154","2025-10-26","45.00","NZD","1761055443","23477/2025-10-26/1761055443.json"
"581513","221281","2025-10-30","36.00","NZD","1761055443","23477/2025-10-30/1761055443.json"
"581514","221282","2025-10-30","36.00","NZD","1761055443","23477/2025-10-30/1761055443.json"
"512557","146154","2025-10-30","45.00","NZD","1761055443","23477/2025-10-30/1761055443.json"
"365170","146153","2025-10-30","48.00","NZD","1761055443","23477/2025-10-30/1761055443.json"
"510807","146155","2025-10-30","52.00","NZD","1761055443","23477/2025-10-30/1761055443.json"
"581513","221281","2025-11-01","36.00","NZD","1761055443","23477/2025-11-01/1761055443.json"
"581514","221282","2025-11-01","36.00","NZD","1761055443","23477/2025-11-01/1761055443.json"
"512557","146154","2025-11-01","45.00","NZD","1761055443","23477/2025-11-01/1761055443.json"
"365170","146153","2025-11-01","48.00","NZD","1761055443","23477/2025-11-01/1761055443.json"
"510807","146155","2025-11-01","52.00","NZD","1761055443","23477/2025-11-01/1761055443.json"
"581513","221281","2025-10-31","36.00","NZD","1761055443","23477/2025-10-31/1761055443.json"
"581514","221282","2025-10-31","36.00","NZD","1761055443","23477/2025-10-31/1761055443.json"
"512557","146154","2025-10-31","45.00","NZD","1761055443","23477/2025-10-31/1761055443.json"
"365170","146153","2025-10-31","48.00","NZD","1761055443","23477/2025-10-31/1761055443.json"
"510807","146155","2025-10-31","52.00","NZD","1761055443","23477/2025-10-31/1761055443.json"
"581513","221281","2025-11-02","36.00","NZD","1761055443","23477/2025-11-02/1761055443.json"
"581514","221282","2025-11-02","36.00","NZD","1761055443","23477/2025-11-02/1761055443.json"
"512557","146154","2025-11-02","45.00","NZD","1761055443","23477/2025-11-02/1761055443.json"
"365170","146153","2025-11-02","48.00","NZD","1761055443","23477/2025-11-02/1761055443.json"
"510807","146155","2025-11-02","52.00","NZD","1761055443","23477/2025-11-02/1761055443.json"
"581513","221281","2025-11-03","36.00","NZD","1761055443","23477/2025-11-03/1761055443.json"
"581514","221282","2025-11-03","36.00","NZD","1761055443","23477/2025-11-03/1761055443.json"
"512557","146154","2025-11-03","45.00","NZD","1761055443","23477/2025-11-03/1761055443.json"
"365170","146153","2025-11-03","48.00","NZD","1761055443","23477/2025-11-03/1761055443.json"
"510807","146155","2025-11-03","52.00","NZD","1761055443","23477/2025-11-03/1761055443.json"
"581513","221281","2025-11-04","36.00","NZD","1761055443","23477/2025-11-04/1761055443.json"
"581514","221282","2025-11-04","36.00","NZD","1761055443","23477/2025-11-04/1761055443.json"
"512557","146154","2025-11-04","45.00","NZD","1761055443","23477/2025-11-04/1761055443.json"
"365170","146153","2025-11-04","48.00","NZD","1761055443","23477/2025-11-04/1761055443.json"
"510807","146155","2025-11-04","52.00","NZD","1761055443","23477/2025-11-04/1761055443.json"
"581513","221281","2025-10-27","38.00","NZD","1761055443","23477/2025-10-27/1761055443.json"
"581514","221282","2025-10-27","38.00","NZD","1761055443","23477/2025-10-27/1761055443.json"
"512557","146154","2025-10-27","45.00","NZD","1761055443","23477/2025-10-27/1761055443.json"
"365170","146153","2025-10-27","48.00","NZD","1761055443","23477/2025-10-27/1761055443.json"
"510807","146155","2025-10-27","52.00","NZD","1761055443","23477/2025-10-27/1761055443.json"
"581513","221281","2025-11-06","36.00","NZD","1761055443","23477/2025-11-06/1761055443.json"
"581514","221282","2025-11-06","36.00","NZD","1761055443","23477/2025-11-06/1761055443.json"
"512557","146154","2025-11-06","45.00","NZD","1761055443","23477/2025-11-06/1761055443.json"
"365170","146153","2025-11-06","48.00","NZD","1761055443","23477/2025-11-06/1761055443.json"
"510807","146155","2025-11-06","52.00","NZD","1761055443","23477/2025-11-06/1761055443.json"
"581513","221281","2025-11-05","36.00","NZD","1761055443","23477/2025-11-05/1761055443.json"
"581514","221282","2025-11-05","36.00","NZD","1761055443","23477/2025-11-05/1761055443.json"
"512557","146154","2025-11-05","45.00","NZD","1761055443","23477/2025-11-05/1761055443.json"
"365170","146153","2025-11-05","48.00","NZD","1761055443","23477/2025-11-05/1761055443.json"
"510807","146155","2025-11-05","52.00","NZD","1761055443","23477/2025-11-05/1761055443.json"
"581513","221281","2025-11-07","36.00","NZD","1761055443","23477/2025-11-07/1761055443.json"
"581514","221282","2025-11-07","36.00","NZD","1761055443","23477/2025-11-07/1761055443.json"
"512557","146154","2025-11-07","45.00","NZD","1761055443","23477/2025-11-07/1761055443.json"
"365170","146153","2025-11-07","48.00","NZD","1761055443","23477/2025-11-07/1761055443.json"
"510807","146155","2025-11-07","52.00","NZD","1761055443","23477/2025-11-07/1761055443.json"
"581513","221281","2025-11-08","36.00","NZD","1761055443","23477/2025-11-08/1761055443.json"
"581514","221282","2025-11-08","36.00","NZD","1761055443","23477/2025-11-08/1761055443.json"
"512557","146154","2025-11-08","45.00","NZD","1761055443","23477/2025-11-08/1761055443.json"
"365170","146153","2025-11-08","48.00","NZD","1761055443","23477/2025-11-08/1761055443.json"
"510807","146155","2025-11-08","52.00","NZD","1761055443","23477/2025-11-08/1761055443.json"
"581513","221281","2025-11-09","36.00","NZD","1761055443","23477/2025-11-09/1761055443.json"
"581514","221282","2025-11-09","36.00","NZD","1761055443","23477/2025-11-09/1761055443.json"
"512557","146154","2025-11-09","45.00","NZD","1761055443","23477/2025-11-09/1761055443.json"
"365170","146153","2025-11-09","48.00","NZD","1761055443","23477/2025-11-09/1761055443.json"
"510807","146155","2025-11-09","52.00","NZD","1761055443","23477/2025-11-09/1761055443.json"
"581513","221281","2025-11-10","36.00","NZD","1761055443","23477/2025-11-10/1761055443.json"
"581514","221282","2025-11-10","36.00","NZD","1761055443","23477/2025-11-10/1761055443.json"
"512557","146154","2025-11-10","45.00","NZD","1761055443","23477/2025-11-10/1761055443.json"
"365170","146153","2025-11-10","48.00","NZD","1761055443","23477/2025-11-10/1761055443.json"
"510807","146155","2025-11-10","52.00","NZD","1761055443","23477/2025-11-10/1761055443.json"
"581513","221281","2025-11-11","36.00","NZD","1761055443","23477/2025-11-11/1761055443.json"
"581514","221282","2025-11-11","36.00","NZD","1761055443","23477/2025-11-11/1761055443.json"
"512557","146154","2025-11-11","45.00","NZD","1761055443","23477/2025-11-11/1761055443.json"
"365170","146153","2025-11-11","48.00","NZD","1761055443","23477/2025-11-11/1761055443.json"
"510807","146155","2025-11-11","52.00","NZD","1761055443","23477/2025-11-11/1761055443.json"
"581513","221281","2025-11-13","36.00","NZD","1761055443","23477/2025-11-13/1761055443.json"
"581514","221282","2025-11-13","36.00","NZD","1761055443","23477/2025-11-13/1761055443.json"
"512557","146154","2025-11-13","45.00","NZD","1761055443","23477/2025-11-13/1761055443.json"
"365170","146153","2025-11-13","48.00","NZD","1761055443","23477/2025-11-13/1761055443.json"
"510807","146155","2025-11-13","52.00","NZD","1761055443","23477/2025-11-13/1761055443.json"
"581513","221281","2025-11-12","36.00","NZD","1761055443","23477/2025-11-12/1761055443.json"
"581514","221282","2025-11-12","36.00","NZD","1761055443","23477/2025-11-12/1761055443.json"
"512557","146154","2025-11-12","45.00","NZD","1761055443","23477/2025-11-12/1761055443.json"
"365170","146153","2025-11-12","48.00","NZD","1761055443","23477/2025-11-12/1761055443.json"
"510807","146155","2025-11-12","52.00","NZD","1761055443","23477/2025-11-12/1761055443.json"
"581513","221281","2025-11-14","36.00","NZD","1761055443","23477/2025-11-14/1761055443.json"
"581514","221282","2025-11-14","36.00","NZD","1761055443","23477/2025-11-14/1761055443.json"
"512557","146154","2025-11-14","45.00","NZD","1761055443","23477/2025-11-14/1761055443.json"
"365170","146153","2025-11-14","48.00","NZD","1761055443","23477/2025-11-14/1761055443.json"
"510807","146155","2025-11-14","52.00","NZD","1761055443","23477/2025-11-14/1761055443.json"
"581513","221281","2025-11-16","36.00","NZD","1761055443","23477/2025-11-16/1761055443.json"
"581514","221282","2025-11-16","36.00","NZD","1761055443","23477/2025-11-16/1761055443.json"
"512557","146154","2025-11-16","45.00","NZD","1761055443","23477/2025-11-16/1761055443.json"
"365170","146153","2025-11-16","48.00","NZD","1761055443","23477/2025-11-16/1761055443.json"
"510807","146155","2025-11-16","52.00","NZD","1761055443","23477/2025-11-16/1761055443.json"
"581513","221281","2025-11-17","36.00","NZD","1761055443","23477/2025-11-17/1761055443.json"
"581514","221282","2025-11-17","36.00","NZD","1761055443","23477/2025-11-17/1761055443.json"
"512557","146154","2025-11-17","45.00","NZD","1761055443","23477/2025-11-17/1761055443.json"
"365170","146153","2025-11-17","48.00","NZD","1761055443","23477/2025-11-17/1761055443.json"
"510807","146155","2025-11-17","52.00","NZD","1761055443","23477/2025-11-17/1761055443.json"
"581513","221281","2025-11-18","36.00","NZD","1761055443","23477/2025-11-18/1761055443.json"
"581514","221282","2025-11-18","36.00","NZD","1761055443","23477/2025-11-18/1761055443.json"
"512557","146154","2025-11-18","45.00","NZD","1761055443","23477/2025-11-18/1761055443.json"
"365170","146153","2025-11-18","48.00","NZD","1761055443","23477/2025-11-18/1761055443.json"
"510807","146155","2025-11-18","52.00","NZD","1761055443","23477/2025-11-18/1761055443.json"
"581513","221281","2025-11-19","36.00","NZD","1761055443","23477/2025-11-19/1761055443.json"
"581514","221282","2025-11-19","36.00","NZD","1761055443","23477/2025-11-19/1761055443.json"
"512557","146154","2025-11-19","45.00","NZD","1761055443","23477/2025-11-19/1761055443.json"
"365170","146153","2025-11-19","48.00","NZD","1761055443","23477/2025-11-19/1761055443.json"
"510807","146155","2025-11-19","52.00","NZD","1761055443","23477/2025-11-19/1761055443.json"
"581513","221281","2025-11-20","36.00","NZD","1761055443","23477/2025-11-20/1761055443.json"
"581514","221282","2025-11-20","36.00","NZD","1761055443","23477/2025-11-20/1761055443.json"
"512557","146154","2025-11-20","45.00","NZD","1761055443","23477/2025-11-20/1761055443.json"
"581513","221281","2025-11-22","36.00","NZD","1761055443","23477/2025-11-22/1761055443.json"
"581514","221282","2025-11-22","36.00","NZD","1761055443","23477/2025-11-22/1761055443.json"
"512557","146154","2025-11-22","45.00","NZD","1761055443","23477/2025-11-22/1761055443.json"
"365170","146153","2025-11-22","48.00","NZD","1761055443","23477/2025-11-22/1761055443.json"
"510807","146155","2025-11-22","52.00","NZD","1761055443","23477/2025-11-22/1761055443.json"
"581513","221281","2025-11-21","36.00","NZD","1761055443","23477/2025-11-21/1761055443.json"
"581514","221282","2025-11-21","36.00","NZD","1761055443","23477/2025-11-21/1761055443.json"
"512557","146154","2025-11-21","45.00","NZD","1761055443","23477/2025-11-21/1761055443.json"
"365170","146153","2025-11-21","48.00","NZD","1761055443","23477/2025-11-21/1761055443.json"
"510807","146155","2025-11-21","52.00","NZD","1761055443","23477/2025-11-21/1761055443.json"
"581513","221281","2025-11-23","36.00","NZD","1761055443","23477/2025-11-23/1761055443.json"
"581514","221282","2025-11-23","36.00","NZD","1761055443","23477/2025-11-23/1761055443.json"
"512557","146154","2025-11-23","45.00","NZD","1761055443","23477/2025-11-23/1761055443.json"
"365170","146153","2025-11-23","48.00","NZD","1761055443","23477/2025-11-23/1761055443.json"
"510807","146155","2025-11-23","52.00","NZD","1761055443","23477/2025-11-23/1761055443.json"
"581513","221281","2025-11-25","36.00","NZD","1761055443","23477/2025-11-25/1761055443.json"
"581514","221282","2025-11-25","36.00","NZD","1761055443","23477/2025-11-25/1761055443.json"
"512557","146154","2025-11-25","45.00","NZD","1761055443","23477/2025-11-25/1761055443.json"
"365170","146153","2025-11-25","48.00","NZD","1761055443","23477/2025-11-25/1761055443.json"
"510807","146155","2025-11-25","52.00","NZD","1761055443","23477/2025-11-25/1761055443.json"
"581513","221281","2025-11-26","36.00","NZD","1761055443","23477/2025-11-26/1761055443.json"
"581514","221282","2025-11-26","36.00","NZD","1761055443","23477/2025-11-26/1761055443.json"
"512557","146154","2025-11-26","45.00","NZD","1761055443","23477/2025-11-26/1761055443.json"
"365170","146153","2025-11-26","48.00","NZD","1761055443","23477/2025-11-26/1761055443.json"
"510807","146155","2025-11-26","52.00","NZD","1761055443","23477/2025-11-26/1761055443.json"
"581513","221281","2025-11-24","36.00","NZD","1761055443","23477/2025-11-24/1761055443.json"
"581514","221282","2025-11-24","36.00","NZD","1761055443","23477/2025-11-24/1761055443.json"
"512557","146154","2025-11-24","45.00","NZD","1761055443","23477/2025-11-24/1761055443.json"
"365170","146153","2025-11-24","48.00","NZD","1761055443","23477/2025-11-24/1761055443.json"
"510807","146155","2025-11-24","52.00","NZD","1761055443","23477/2025-11-24/1761055443.json"
"581513","221281","2025-11-29","36.00","NZD","1761055443","23477/2025-11-29/1761055443.json"
"581514","221282","2025-11-29","36.00","NZD","1761055443","23477/2025-11-29/1761055443.json"
"512557","146154","2025-11-29","45.00","NZD","1761055443","23477/2025-11-29/1761055443.json"
"365170","146153","2025-11-29","48.00","NZD","1761055443","23477/2025-11-29/1761055443.json"
"510807","146155","2025-11-29","52.00","NZD","1761055443","23477/2025-11-29/1761055443.json"
"581513","221281","2025-11-27","36.00","NZD","1761055443","23477/2025-11-27/1761055443.json"
"581514","221282","2025-11-27","36.00","NZD","1761055443","23477/2025-11-27/1761055443.json"
"512557","146154","2025-11-27","45.00","NZD","1761055443","23477/2025-11-27/1761055443.json"
"365170","146153","2025-11-27","48.00","NZD","1761055443","23477/2025-11-27/1761055443.json"
"510807","146155","2025-11-27","52.00","NZD","1761055443","23477/2025-11-27/1761055443.json"
"581513","221281","2025-11-28","36.00","NZD","1761055443","23477/2025-11-28/1761055443.json"
"581514","221282","2025-11-28","36.00","NZD","1761055443","23477/2025-11-28/1761055443.json"
"512557","146154","2025-11-28","45.00","NZD","1761055443","23477/2025-11-28/1761055443.json"
"365170","146153","2025-11-28","48.00","NZD","1761055443","23477/2025-11-28/1761055443.json"
"510807","146155","2025-11-28","52.00","NZD","1761055443","23477/2025-11-28/1761055443.json"
"581513","221281","2025-11-15","36.00","NZD","1761055443","23477/2025-11-15/1761055443.json"
"581514","221282","2025-11-15","36.00","NZD","1761055443","23477/2025-11-15/1761055443.json"
"512557","146154","2025-11-15","45.00","NZD","1761055443","23477/2025-11-15/1761055443.json"
"365170","146153","2025-11-15","48.00","NZD","1761055443","23477/2025-11-15/1761055443.json"
"510807","146155","2025-11-15","52.00","NZD","1761055443","23477/2025-11-15/1761055443.json"
"581513","221281","2025-11-30","36.00","NZD","1761055443","23477/2025-11-30/1761055443.json"
"581514","221282","2025-11-30","36.00","NZD","1761055443","23477/2025-11-30/1761055443.json"
"512557","146154","2025-11-30","45.00","NZD","1761055443","23477/2025-11-30/1761055443.json"
"365170","146153","2025-11-30","48.00","NZD","1761055443","23477/2025-11-30/1761055443.json"
"510807","146155","2025-11-30","52.00","NZD","1761055443","23477/2025-11-30/1761055443.json"
"581513","221281","2025-12-01","36.00","NZD","1761055443","23477/2025-12-01/1761055443.json"
"581514","221282","2025-12-01","36.00","NZD","1761055443","23477/2025-12-01/1761055443.json"
"512557","146154","2025-12-01","45.00","NZD","1761055443","23477/2025-12-01/1761055443.json"
"365170","146153","2025-12-01","48.00","NZD","1761055443","23477/2025-12-01/1761055443.json"
"510807","146155","2025-12-01","52.00","NZD","1761055443","23477/2025-12-01/1761055443.json"
"581513","221281","2025-12-02","36.00","NZD","1761055443","23477/2025-12-02/1761055443.json"
"581514","221282","2025-12-02","36.00","NZD","1761055443","23477/2025-12-02/1761055443.json"
"512557","146154","2025-12-02","45.00","NZD","1761055443","23477/2025-12-02/1761055443.json"
"365170","146153","2025-12-02","48.00","NZD","1761055443","23477/2025-12-02/1761055443.json"
"510807","146155","2025-12-02","52.00","NZD","1761055443","23477/2025-12-02/1761055443.json"
"581513","221281","2025-12-03","36.00","NZD","1761055443","23477/2025-12-03/1761055443.json"
"581514","221282","2025-12-03","36.00","NZD","1761055443","23477/2025-12-03/1761055443.json"
"512557","146154","2025-12-03","45.00","NZD","1761055443","23477/2025-12-03/1761055443.json"
"365170","146153","2025-12-03","48.00","NZD","1761055443","23477/2025-12-03/1761055443.json"
"510807","146155","2025-12-03","52.00","NZD","1761055443","23477/2025-12-03/1761055443.json"
"581513","221281","2025-12-04","36.00","NZD","1761055443","23477/2025-12-04/1761055443.json"
"581514","221282","2025-12-04","36.00","NZD","1761055443","23477/2025-12-04/1761055443.json"
"512557","146154","2025-12-04","45.00","NZD","1761055443","23477/2025-12-04/1761055443.json"
"365170","146153","2025-12-04","48.00","NZD","1761055443","23477/2025-12-04/1761055443.json"
"510807","146155","2025-12-04","52.00","NZD","1761055443","23477/2025-12-04/1761055443.json"
"581513","221281","2025-12-05","36.00","NZD","1761055443","23477/2025-12-05/1761055443.json"
"581514","221282","2025-12-05","36.00","NZD","1761055443","23477/2025-12-05/1761055443.json"
"512557","146154","2025-12-05","45.00","NZD","1761055443","23477/2025-12-05/1761055443.json"
"365170","146153","2025-12-05","48.00","NZD","1761055443","23477/2025-12-05/1761055443.json"
"510807","146155","2025-12-05","52.00","NZD","1761055443","23477/2025-12-05/1761055443.json"
"581513","221281","2025-12-06","36.00","NZD","1761055443","23477/2025-12-06/1761055443.json"
"581514","221282","2025-12-06","36.00","NZD","1761055443","23477/2025-12-06/1761055443.json"
"512557","146154","2025-12-06","45.00","NZD","1761055443","23477/2025-12-06/1761055443.json"
"365170","146153","2025-12-06","48.00","NZD","1761055443","23477/2025-12-06/1761055443.json"
"510807","146155","2025-12-06","52.00","NZD","1761055443","23477/2025-12-06/1761055443.json"
"581513","221281","2025-12-07","36.00","NZD","1761055443","23477/2025-12-07/1761055443.json"
"581514","221282","2025-12-07","36.00","NZD","1761055443","23477/2025-12-07/1761055443.json"
"512557","146154","2025-12-07","45.00","NZD","1761055443","23477/2025-12-07/1761055443.json"
"365170","146153","2025-12-07","48.00","NZD","1761055443","23477/2025-12-07/1761055443.json"
"510807","146155","2025-12-07","52.00","NZD","1761055443","23477/2025-12-07/1761055443.json"
"581513","221281","2025-12-08","36.00","NZD","1761055443","23477/2025-12-08/1761055443.json"
"581514","221282","2025-12-08","36.00","NZD","1761055443","23477/2025-12-08/1761055443.json"
"512557","146154","2025-12-08","45.00","NZD","1761055443","23477/2025-12-08/1761055443.json"
"365170","146153","2025-12-08","48.00","NZD","1761055443","23477/2025-12-08/1761055443.json"
"510807","146155","2025-12-08","52.00","NZD","1761055443","23477/2025-12-08/1761055443.json"
"581513","221281","2025-12-09","36.00","NZD","1761055443","23477/2025-12-09/1761055443.json"
"581514","221282","2025-12-09","36.00","NZD","1761055443","23477/2025-12-09/1761055443.json"
"512557","146154","2025-12-09","45.00","NZD","1761055443","23477/2025-12-09/1761055443.json"
"365170","146153","2025-12-09","48.00","NZD","1761055443","23477/2025-12-09/1761055443.json"
"510807","146155","2025-12-09","52.00","NZD","1761055443","23477/2025-12-09/1761055443.json"
"581513","221281","2025-12-10","36.00","NZD","1761055443","23477/2025-12-10/1761055443.json"
"581514","221282","2025-12-10","36.00","NZD","1761055443","23477/2025-12-10/1761055443.json"
"512557","146154","2025-12-10","45.00","NZD","1761055443","23477/2025-12-10/1761055443.json"
"365170","146153","2025-12-10","48.00","NZD","1761055443","23477/2025-12-10/1761055443.json"
"510807","146155","2025-12-10","52.00","NZD","1761055443","23477/2025-12-10/1761055443.json"
"581513","221281","2025-12-11","36.00","NZD","1761055443","23477/2025-12-11/1761055443.json"
"581514","221282","2025-12-11","36.00","NZD","1761055443","23477/2025-12-11/1761055443.json"
"512557","146154","2025-12-11","45.00","NZD","1761055443","23477/2025-12-11/1761055443.json"
"365170","146153","2025-12-11","48.00","NZD","1761055443","23477/2025-12-11/1761055443.json"
"510807","146155","2025-12-11","52.00","NZD","1761055443","23477/2025-12-11/1761055443.json"
"581513","221281","2025-12-12","36.00","NZD","1761055443","23477/2025-12-12/1761055443.json"
"581514","221282","2025-12-12","36.00","NZD","1761055443","23477/2025-12-12/1761055443.json"
"512557","146154","2025-12-12","45.00","NZD","1761055443","23477/2025-12-12/1761055443.json"
"365170","146153","2025-12-12","48.00","NZD","1761055443","23477/2025-12-12/1761055443.json"
"510807","146155","2025-12-12","52.00","NZD","1761055443","23477/2025-12-12/1761055443.json"
"581513","221281","2025-12-13","36.00","NZD","1761055443","23477/2025-12-13/1761055443.json"
"581514","221282","2025-12-13","36.00","NZD","1761055443","23477/2025-12-13/1761055443.json"
"512557","146154","2025-12-13","45.00","NZD","1761055443","23477/2025-12-13/1761055443.json"
"365170","146153","2025-12-13","48.00","NZD","1761055443","23477/2025-12-13/1761055443.json"
"510807","146155","2025-12-13","52.00","NZD","1761055443","23477/2025-12-13/1761055443.json"
"581513","221281","2025-12-14","36.00","NZD","1761055443","23477/2025-12-14/1761055443.json"
"581514","221282","2025-12-14","36.00","NZD","1761055443","23477/2025-12-14/1761055443.json"
"512557","146154","2025-12-14","45.00","NZD","1761055443","23477/2025-12-14/1761055443.json"
"365170","146153","2025-12-14","48.00","NZD","1761055443","23477/2025-12-14/1761055443.json"
"510807","146155","2025-12-14","52.00","NZD","1761055443","23477/2025-12-14/1761055443.json"
"581513","221281","2025-12-15","36.00","NZD","1761055443","23477/2025-12-15/1761055443.json"
"581514","221282","2025-12-15","36.00","NZD","1761055443","23477/2025-12-15/1761055443.json"
"512557","146154","2025-12-15","45.00","NZD","1761055443","23477/2025-12-15/1761055443.json"
"365170","146153","2025-12-15","48.00","NZD","1761055443","23477/2025-12-15/1761055443.json"
"510807","146155","2025-12-15","52.00","NZD","1761055443","23477/2025-12-15/1761055443.json"
"581513","221281","2025-12-16","36.00","NZD","1761055443","23477/2025-12-16/1761055443.json"
"581514","221282","2025-12-16","36.00","NZD","1761055443","23477/2025-12-16/1761055443.json"
"512557","146154","2025-12-16","45.00","NZD","1761055443","23477/2025-12-16/1761055443.json"
"365170","146153","2025-12-16","48.00","NZD","1761055443","23477/2025-12-16/1761055443.json"
"510807","146155","2025-12-16","52.00","NZD","1761055443","23477/2025-12-16/1761055443.json"
"581513","221281","2025-12-18","36.00","NZD","1761055443","23477/2025-12-18/1761055443.json"
"581514","221282","2025-12-18","36.00","NZD","1761055443","23477/2025-12-18/1761055443.json"
"512557","146154","2025-12-18","45.00","NZD","1761055443","23477/2025-12-18/1761055443.json"
"365170","146153","2025-12-18","48.00","NZD","1761055443","23477/2025-12-18/1761055443.json"
"510807","146155","2025-12-18","52.00","NZD","1761055443","23477/2025-12-18/1761055443.json"
"581513","221281","2025-12-17","36.00","NZD","1761055443","23477/2025-12-17/1761055443.json"
"581514","221282","2025-12-17","36.00","NZD","1761055443","23477/2025-12-17/1761055443.json"
"512557","146154","2025-12-17","45.00","NZD","1761055443","23477/2025-12-17/1761055443.json"
"365170","146153","2025-12-17","48.00","NZD","1761055443","23477/2025-12-17/1761055443.json"
"510807","146155","2025-12-17","52.00","NZD","1761055443","23477/2025-12-17/1761055443.json"
"581513","221281","2025-12-19","36.00","NZD","1761055443","23477/2025-12-19/1761055443.json"
"581514","221282","2025-12-19","36.00","NZD","1761055443","23477/2025-12-19/1761055443.json"
"512557","146154","2025-12-19","45.00","NZD","1761055443","23477/2025-12-19/1761055443.json"
"365170","146153","2025-12-19","48.00","NZD","1761055443","23477/2025-12-19/1761055443.json"
"510807","146155","2025-12-19","52.00","NZD","1761055443","23477/2025-12-19/1761055443.json"
"581513","221281","2025-12-20","36.00","NZD","1761055443","23477/2025-12-20/1761055443.json"
"581514","221282","2025-12-20","36.00","NZD","1761055443","23477/2025-12-20/1761055443.json"
"512557","146154","2025-12-20","45.00","NZD","1761055443","23477/2025-12-20/1761055443.json"
"365170","146153","2025-12-20","48.00","NZD","1761055443","23477/2025-12-20/1761055443.json"
"510807","146155","2025-12-20","52.00","NZD","1761055443","23477/2025-12-20/1761055443.json"
"581513","221281","2025-10-24","36.00","NZD","1761066116","23477/2025-10-24/1761066116.json"
"581514","221282","2025-10-24","36.00","NZD","1761066116","23477/2025-10-24/1761066116.json"
"512557","146154","2025-10-24","45.00","NZD","1761066116","23477/2025-10-24/1761066116.json"
"365170","146153","2025-10-24","48.00","NZD","1761066116","23477/2025-10-24/1761066116.json"
"510807","146155","2025-10-24","52.00","NZD","1761066116","23477/2025-10-24/1761066116.json"
"581513","221281","2025-10-22","36.00","NZD","1761066116","23477/2025-10-22/1761066116.json"
"581514","221282","2025-10-22","36.00","NZD","1761066116","23477/2025-10-22/1761066116.json"
"512557","146154","2025-10-22","45.00","NZD","1761066116","23477/2025-10-22/1761066116.json"
"365170","146153","2025-10-22","48.00","NZD","1761066116","23477/2025-10-22/1761066116.json"
"510807","146155","2025-10-22","52.00","NZD","1761066116","23477/2025-10-22/1761066116.json"
"581513","221281","2025-10-23","36.00","NZD","1761066116","23477/2025-10-23/1761066116.json"
"581514","221282","2025-10-23","36.00","NZD","1761066116","23477/2025-10-23/1761066116.json"
"512557","146154","2025-10-23","45.00","NZD","1761066116","23477/2025-10-23/1761066116.json"
"365170","146153","2025-10-23","48.00","NZD","1761066116","23477/2025-10-23/1761066116.json"
"510807","146155","2025-10-23","52.00","NZD","1761066116","23477/2025-10-23/1761066116.json"
"581513","221281","2025-10-25","38.00","NZD","1761066116","23477/2025-10-25/1761066116.json"
"581514","221282","2025-10-25","38.00","NZD","1761066116","23477/2025-10-25/1761066116.json"
"512557","146154","2025-10-25","45.00","NZD","1761066116","23477/2025-10-25/1761066116.json"
"581513","221281","2025-10-29","36.00","NZD","1761066116","23477/2025-10-29/1761066116.json"
"581514","221282","2025-10-29","36.00","NZD","1761066116","23477/2025-10-29/1761066116.json"
"512557","146154","2025-10-29","45.00","NZD","1761066116","23477/2025-10-29/1761066116.json"
"365170","146153","2025-10-29","48.00","NZD","1761066116","23477/2025-10-29/1761066116.json"
"510807","146155","2025-10-29","52.00","NZD","1761066116","23477/2025-10-29/1761066116.json"
"581513","221281","2025-10-27","38.00","NZD","1761066116","23477/2025-10-27/1761066116.json"
"581514","221282","2025-10-27","38.00","NZD","1761066116","23477/2025-10-27/1761066116.json"
"512557","146154","2025-10-27","45.00","NZD","1761066116","23477/2025-10-27/1761066116.json"
"365170","146153","2025-10-27","48.00","NZD","1761066116","23477/2025-10-27/1761066116.json"
"510807","146155","2025-10-27","52.00","NZD","1761066116","23477/2025-10-27/1761066116.json"
"581513","221281","2025-10-28","36.00","NZD","1761066116","23477/2025-10-28/1761066116.json"
"581514","221282","2025-10-28","36.00","NZD","1761066116","23477/2025-10-28/1761066116.json"
"512557","146154","2025-10-28","45.00","NZD","1761066116","23477/2025-10-28/1761066116.json"
"365170","146153","2025-10-28","48.00","NZD","1761066116","23477/2025-10-28/1761066116.json"
"510807","146155","2025-10-28","52.00","NZD","1761066116","23477/2025-10-28/1761066116.json"
"581513","221281","2025-10-26","38.00","NZD","1761066116","23477/2025-10-26/1761066116.json"
"581514","221282","2025-10-26","38.00","NZD","1761066116","23477/2025-10-26/1761066116.json"
"512557","146154","2025-10-26","45.00","NZD","1761066116","23477/2025-10-26/1761066116.json"
"581513","221281","2025-10-30","36.00","NZD","1761066116","23477/2025-10-30/1761066116.json"
"581514","221282","2025-10-30","36.00","NZD","1761066116","23477/2025-10-30/1761066116.json"
"512557","146154","2025-10-30","45.00","NZD","1761066116","23477/2025-10-30/1761066116.json"
"365170","146153","2025-10-30","48.00","NZD","1761066116","23477/2025-10-30/1761066116.json"
"510807","146155","2025-10-30","52.00","NZD","1761066116","23477/2025-10-30/1761066116.json"
"581513","221281","2025-10-31","36.00","NZD","1761066116","23477/2025-10-31/1761066116.json"
"581514","221282","2025-10-31","36.00","NZD","1761066116","23477/2025-10-31/1761066116.json"
"512557","146154","2025-10-31","45.00","NZD","1761066116","23477/2025-10-31/1761066116.json"
"365170","146153","2025-10-31","48.00","NZD","1761066116","23477/2025-10-31/1761066116.json"
"510807","146155","2025-10-31","52.00","NZD","1761066116","23477/2025-10-31/1761066116.json"
"581513","221281","2025-11-01","36.00","NZD","1761066116","23477/2025-11-01/1761066116.json"
"581514","221282","2025-11-01","36.00","NZD","1761066116","23477/2025-11-01/1761066116.json"
"512557","146154","2025-11-01","45.00","NZD","1761066116","23477/2025-11-01/1761066116.json"
"365170","146153","2025-11-01","48.00","NZD","1761066116","23477/2025-11-01/1761066116.json"
"510807","146155","2025-11-01","52.00","NZD","1761066116","23477/2025-11-01/1761066116.json"
"581513","221281","2025-11-02","36.00","NZD","1761066116","23477/2025-11-02/1761066116.json"
"581514","221282","2025-11-02","36.00","NZD","1761066116","23477/2025-11-02/1761066116.json"
"512557","146154","2025-11-02","45.00","NZD","1761066116","23477/2025-11-02/1761066116.json"
"365170","146153","2025-11-02","48.00","NZD","1761066116","23477/2025-11-02/1761066116.json"
"510807","146155","2025-11-02","52.00","NZD","1761066116","23477/2025-11-02/1761066116.json"
"581513","221281","2025-11-04","36.00","NZD","1761066116","23477/2025-11-04/1761066116.json"
"581514","221282","2025-11-04","36.00","NZD","1761066116","23477/2025-11-04/1761066116.json"
"512557","146154","2025-11-04","45.00","NZD","1761066116","23477/2025-11-04/1761066116.json"
"365170","146153","2025-11-04","48.00","NZD","1761066116","23477/2025-11-04/1761066116.json"
"510807","146155","2025-11-04","52.00","NZD","1761066116","23477/2025-11-04/1761066116.json"
"581513","221281","2025-11-03","36.00","NZD","1761066116","23477/2025-11-03/1761066116.json"
"581514","221282","2025-11-03","36.00","NZD","1761066116","23477/2025-11-03/1761066116.json"
"512557","146154","2025-11-03","45.00","NZD","1761066116","23477/2025-11-03/1761066116.json"
"365170","146153","2025-11-03","48.00","NZD","1761066116","23477/2025-11-03/1761066116.json"
"510807","146155","2025-11-03","52.00","NZD","1761066116","23477/2025-11-03/1761066116.json"
"581513","221281","2025-11-06","36.00","NZD","1761066116","23477/2025-11-06/1761066116.json"
"581514","221282","2025-11-06","36.00","NZD","1761066116","23477/2025-11-06/1761066116.json"
"512557","146154","2025-11-06","45.00","NZD","1761066116","23477/2025-11-06/1761066116.json"
"365170","146153","2025-11-06","48.00","NZD","1761066116","23477/2025-11-06/1761066116.json"
"510807","146155","2025-11-06","52.00","NZD","1761066116","23477/2025-11-06/1761066116.json"
"581513","221281","2025-11-05","36.00","NZD","1761066116","23477/2025-11-05/1761066116.json"
"581514","221282","2025-11-05","36.00","NZD","1761066116","23477/2025-11-05/1761066116.json"
"512557","146154","2025-11-05","45.00","NZD","1761066116","23477/2025-11-05/1761066116.json"
"365170","146153","2025-11-05","48.00","NZD","1761066116","23477/2025-11-05/1761066116.json"
"510807","146155","2025-11-05","52.00","NZD","1761066116","23477/2025-11-05/1761066116.json"
"581513","221281","2025-11-07","36.00","NZD","1761066116","23477/2025-11-07/1761066116.json"
"581514","221282","2025-11-07","36.00","NZD","1761066116","23477/2025-11-07/1761066116.json"
"512557","146154","2025-11-07","45.00","NZD","1761066116","23477/2025-11-07/1761066116.json"
"365170","146153","2025-11-07","48.00","NZD","1761066116","23477/2025-11-07/1761066116.json"
"510807","146155","2025-11-07","52.00","NZD","1761066116","23477/2025-11-07/1761066116.json"
"581513","221281","2025-11-10","36.00","NZD","1761066116","23477/2025-11-10/1761066116.json"
"581514","221282","2025-11-10","36.00","NZD","1761066116","23477/2025-11-10/1761066116.json"
"512557","146154","2025-11-10","45.00","NZD","1761066116","23477/2025-11-10/1761066116.json"
"365170","146153","2025-11-10","48.00","NZD","1761066116","23477/2025-11-10/1761066116.json"
"510807","146155","2025-11-10","52.00","NZD","1761066116","23477/2025-11-10/1761066116.json"
"581513","221281","2025-11-09","36.00","NZD","1761066116","23477/2025-11-09/1761066116.json"
"581514","221282","2025-11-09","36.00","NZD","1761066116","23477/2025-11-09/1761066116.json"
"512557","146154","2025-11-09","45.00","NZD","1761066116","23477/2025-11-09/1761066116.json"
"365170","146153","2025-11-09","48.00","NZD","1761066116","23477/2025-11-09/1761066116.json"
"510807","146155","2025-11-09","52.00","NZD","1761066116","23477/2025-11-09/1761066116.json"
"581513","221281","2025-11-08","36.00","NZD","1761066116","23477/2025-11-08/1761066116.json"
"581514","221282","2025-11-08","36.00","NZD","1761066116","23477/2025-11-08/1761066116.json"
"512557","146154","2025-11-08","45.00","NZD","1761066116","23477/2025-11-08/1761066116.json"
"365170","146153","2025-11-08","48.00","NZD","1761066116","23477/2025-11-08/1761066116.json"
"510807","146155","2025-11-08","52.00","NZD","1761066116","23477/2025-11-08/1761066116.json"
"581513","221281","2025-11-11","36.00","NZD","1761066116","23477/2025-11-11/1761066116.json"
"581514","221282","2025-11-11","36.00","NZD","1761066116","23477/2025-11-11/1761066116.json"
"512557","146154","2025-11-11","45.00","NZD","1761066116","23477/2025-11-11/1761066116.json"
"365170","146153","2025-11-11","48.00","NZD","1761066116","23477/2025-11-11/1761066116.json"
"510807","146155","2025-11-11","52.00","NZD","1761066116","23477/2025-11-11/1761066116.json"
"581513","221281","2025-11-12","36.00","NZD","1761066116","23477/2025-11-12/1761066116.json"
"581514","221282","2025-11-12","36.00","NZD","1761066116","23477/2025-11-12/1761066116.json"
"512557","146154","2025-11-12","45.00","NZD","1761066116","23477/2025-11-12/1761066116.json"
"365170","146153","2025-11-12","48.00","NZD","1761066116","23477/2025-11-12/1761066116.json"
"510807","146155","2025-11-12","52.00","NZD","1761066116","23477/2025-11-12/1761066116.json"
"581513","221281","2025-11-13","36.00","NZD","1761066116","23477/2025-11-13/1761066116.json"
"581514","221282","2025-11-13","36.00","NZD","1761066116","23477/2025-11-13/1761066116.json"
"512557","146154","2025-11-13","45.00","NZD","1761066116","23477/2025-11-13/1761066116.json"
"365170","146153","2025-11-13","48.00","NZD","1761066116","23477/2025-11-13/1761066116.json"
"510807","146155","2025-11-13","52.00","NZD","1761066116","23477/2025-11-13/1761066116.json"
"581513","221281","2025-11-14","36.00","NZD","1761066116","23477/2025-11-14/1761066116.json"
"581514","221282","2025-11-14","36.00","NZD","1761066116","23477/2025-11-14/1761066116.json"
"512557","146154","2025-11-14","45.00","NZD","1761066116","23477/2025-11-14/1761066116.json"
"365170","146153","2025-11-14","48.00","NZD","1761066116","23477/2025-11-14/1761066116.json"
"510807","146155","2025-11-14","52.00","NZD","1761066116","23477/2025-11-14/1761066116.json"
"581513","221281","2025-11-15","36.00","NZD","1761066116","23477/2025-11-15/1761066116.json"
"581514","221282","2025-11-15","36.00","NZD","1761066116","23477/2025-11-15/1761066116.json"
"512557","146154","2025-11-15","45.00","NZD","1761066116","23477/2025-11-15/1761066116.json"
"365170","146153","2025-11-15","48.00","NZD","1761066116","23477/2025-11-15/1761066116.json"
"510807","146155","2025-11-15","52.00","NZD","1761066116","23477/2025-11-15/1761066116.json"
"581513","221281","2025-11-16","36.00","NZD","1761066116","23477/2025-11-16/1761066116.json"
"581514","221282","2025-11-16","36.00","NZD","1761066116","23477/2025-11-16/1761066116.json"
"512557","146154","2025-11-16","45.00","NZD","1761066116","23477/2025-11-16/1761066116.json"
"365170","146153","2025-11-16","48.00","NZD","1761066116","23477/2025-11-16/1761066116.json"
"510807","146155","2025-11-16","52.00","NZD","1761066116","23477/2025-11-16/1761066116.json"
"581513","221281","2025-11-17","36.00","NZD","1761066116","23477/2025-11-17/1761066116.json"
"581514","221282","2025-11-17","36.00","NZD","1761066116","23477/2025-11-17/1761066116.json"
"512557","146154","2025-11-17","45.00","NZD","1761066116","23477/2025-11-17/1761066116.json"
"365170","146153","2025-11-17","48.00","NZD","1761066116","23477/2025-11-17/1761066116.json"
"510807","146155","2025-11-17","52.00","NZD","1761066116","23477/2025-11-17/1761066116.json"
"581513","221281","2025-11-18","36.00","NZD","1761066116","23477/2025-11-18/1761066116.json"
"581514","221282","2025-11-18","36.00","NZD","1761066116","23477/2025-11-18/1761066116.json"
"512557","146154","2025-11-18","45.00","NZD","1761066116","23477/2025-11-18/1761066116.json"
"365170","146153","2025-11-18","48.00","NZD","1761066116","23477/2025-11-18/1761066116.json"
"510807","146155","2025-11-18","52.00","NZD","1761066116","23477/2025-11-18/1761066116.json"
"581513","221281","2025-11-19","36.00","NZD","1761066116","23477/2025-11-19/1761066116.json"
"581514","221282","2025-11-19","36.00","NZD","1761066116","23477/2025-11-19/1761066116.json"
"512557","146154","2025-11-19","45.00","NZD","1761066116","23477/2025-11-19/1761066116.json"
"365170","146153","2025-11-19","48.00","NZD","1761066116","23477/2025-11-19/1761066116.json"
"510807","146155","2025-11-19","52.00","NZD","1761066116","23477/2025-11-19/1761066116.json"
"581513","221281","2025-11-21","36.00","NZD","1761066116","23477/2025-11-21/1761066116.json"
"581514","221282","2025-11-21","36.00","NZD","1761066116","23477/2025-11-21/1761066116.json"
"512557","146154","2025-11-21","45.00","NZD","1761066116","23477/2025-11-21/1761066116.json"
"365170","146153","2025-11-21","48.00","NZD","1761066116","23477/2025-11-21/1761066116.json"
"510807","146155","2025-11-21","52.00","NZD","1761066116","23477/2025-11-21/1761066116.json"
"581513","221281","2025-11-22","36.00","NZD","1761066116","23477/2025-11-22/1761066116.json"
"581514","221282","2025-11-22","36.00","NZD","1761066116","23477/2025-11-22/1761066116.json"
"512557","146154","2025-11-22","45.00","NZD","1761066116","23477/2025-11-22/1761066116.json"
"365170","146153","2025-11-22","48.00","NZD","1761066116","23477/2025-11-22/1761066116.json"
"510807","146155","2025-11-22","52.00","NZD","1761066116","23477/2025-11-22/1761066116.json"
"581513","221281","2025-11-20","36.00","NZD","1761066116","23477/2025-11-20/1761066116.json"
"581514","221282","2025-11-20","36.00","NZD","1761066116","23477/2025-11-20/1761066116.json"
"512557","146154","2025-11-20","45.00","NZD","1761066116","23477/2025-11-20/1761066116.json"
"581513","221281","2025-11-23","36.00","NZD","1761066116","23477/2025-11-23/1761066116.json"
"581514","221282","2025-11-23","36.00","NZD","1761066116","23477/2025-11-23/1761066116.json"
"512557","146154","2025-11-23","45.00","NZD","1761066116","23477/2025-11-23/1761066116.json"
"365170","146153","2025-11-23","48.00","NZD","1761066116","23477/2025-11-23/1761066116.json"
"510807","146155","2025-11-23","52.00","NZD","1761066116","23477/2025-11-23/1761066116.json"
"581513","221281","2025-11-25","36.00","NZD","1761066116","23477/2025-11-25/1761066116.json"
"581514","221282","2025-11-25","36.00","NZD","1761066116","23477/2025-11-25/1761066116.json"
"512557","146154","2025-11-25","45.00","NZD","1761066116","23477/2025-11-25/1761066116.json"
"365170","146153","2025-11-25","48.00","NZD","1761066116","23477/2025-11-25/1761066116.json"
"510807","146155","2025-11-25","52.00","NZD","1761066116","23477/2025-11-25/1761066116.json"
"581513","221281","2025-11-26","36.00","NZD","1761066116","23477/2025-11-26/1761066116.json"
"581514","221282","2025-11-26","36.00","NZD","1761066116","23477/2025-11-26/1761066116.json"
"512557","146154","2025-11-26","45.00","NZD","1761066116","23477/2025-11-26/1761066116.json"
"365170","146153","2025-11-26","48.00","NZD","1761066116","23477/2025-11-26/1761066116.json"
"510807","146155","2025-11-26","52.00","NZD","1761066116","23477/2025-11-26/1761066116.json"
"581513","221281","2025-11-27","36.00","NZD","1761066116","23477/2025-11-27/1761066116.json"
"581514","221282","2025-11-27","36.00","NZD","1761066116","23477/2025-11-27/1761066116.json"
"512557","146154","2025-11-27","45.00","NZD","1761066116","23477/2025-11-27/1761066116.json"
"365170","146153","2025-11-27","48.00","NZD","1761066116","23477/2025-11-27/1761066116.json"
"510807","146155","2025-11-27","52.00","NZD","1761066116","23477/2025-11-27/1761066116.json"
"581513","221281","2025-11-24","36.00","NZD","1761066116","23477/2025-11-24/1761066116.json"
"581514","221282","2025-11-24","36.00","NZD","1761066116","23477/2025-11-24/1761066116.json"
"512557","146154","2025-11-24","45.00","NZD","1761066116","23477/2025-11-24/1761066116.json"
"365170","146153","2025-11-24","48.00","NZD","1761066116","23477/2025-11-24/1761066116.json"
"510807","146155","2025-11-24","52.00","NZD","1761066116","23477/2025-11-24/1761066116.json"
"581513","221281","2025-11-28","36.00","NZD","1761066116","23477/2025-11-28/1761066116.json"
"581514","221282","2025-11-28","36.00","NZD","1761066116","23477/2025-11-28/1761066116.json"
"512557","146154","2025-11-28","45.00","NZD","1761066116","23477/2025-11-28/1761066116.json"
"365170","146153","2025-11-28","48.00","NZD","1761066116","23477/2025-11-28/1761066116.json"
"510807","146155","2025-11-28","52.00","NZD","1761066116","23477/2025-11-28/1761066116.json"
"581513","221281","2025-11-29","36.00","NZD","1761066116","23477/2025-11-29/1761066116.json"
"581514","221282","2025-11-29","36.00","NZD","1761066116","23477/2025-11-29/1761066116.json"
"512557","146154","2025-11-29","45.00","NZD","1761066116","23477/2025-11-29/1761066116.json"
"365170","146153","2025-11-29","48.00","NZD","1761066116","23477/2025-11-29/1761066116.json"
"510807","146155","2025-11-29","52.00","NZD","1761066116","23477/2025-11-29/1761066116.json"
"581513","221281","2025-11-30","36.00","NZD","1761066116","23477/2025-11-30/1761066116.json"
"581514","221282","2025-11-30","36.00","NZD","1761066116","23477/2025-11-30/1761066116.json"
"512557","146154","2025-11-30","45.00","NZD","1761066116","23477/2025-11-30/1761066116.json"
"365170","146153","2025-11-30","48.00","NZD","1761066116","23477/2025-11-30/1761066116.json"
"510807","146155","2025-11-30","52.00","NZD","1761066116","23477/2025-11-30/1761066116.json"
"581513","221281","2025-12-01","36.00","NZD","1761066116","23477/2025-12-01/1761066116.json"
"581514","221282","2025-12-01","36.00","NZD","1761066116","23477/2025-12-01/1761066116.json"
"512557","146154","2025-12-01","45.00","NZD","1761066116","23477/2025-12-01/1761066116.json"
"365170","146153","2025-12-01","48.00","NZD","1761066116","23477/2025-12-01/1761066116.json"
"510807","146155","2025-12-01","52.00","NZD","1761066116","23477/2025-12-01/1761066116.json"
"581513","221281","2025-12-02","36.00","NZD","1761066116","23477/2025-12-02/1761066116.json"
"581514","221282","2025-12-02","36.00","NZD","1761066116","23477/2025-12-02/1761066116.json"
"512557","146154","2025-12-02","45.00","NZD","1761066116","23477/2025-12-02/1761066116.json"
"365170","146153","2025-12-02","48.00","NZD","1761066116","23477/2025-12-02/1761066116.json"
"510807","146155","2025-12-02","52.00","NZD","1761066116","23477/2025-12-02/1761066116.json"
"581513","221281","2025-12-04","36.00","NZD","1761066116","23477/2025-12-04/1761066116.json"
"581514","221282","2025-12-04","36.00","NZD","1761066116","23477/2025-12-04/1761066116.json"
"512557","146154","2025-12-04","45.00","NZD","1761066116","23477/2025-12-04/1761066116.json"
"365170","146153","2025-12-04","48.00","NZD","1761066116","23477/2025-12-04/1761066116.json"
"510807","146155","2025-12-04","52.00","NZD","1761066116","23477/2025-12-04/1761066116.json"
"581513","221281","2025-12-03","36.00","NZD","1761066116","23477/2025-12-03/1761066116.json"
"581514","221282","2025-12-03","36.00","NZD","1761066116","23477/2025-12-03/1761066116.json"
"512557","146154","2025-12-03","45.00","NZD","1761066116","23477/2025-12-03/1761066116.json"
"365170","146153","2025-12-03","48.00","NZD","1761066116","23477/2025-12-03/1761066116.json"
"510807","146155","2025-12-03","52.00","NZD","1761066116","23477/2025-12-03/1761066116.json"
"581513","221281","2025-12-05","36.00","NZD","1761066116","23477/2025-12-05/1761066116.json"
"581514","221282","2025-12-05","36.00","NZD","1761066116","23477/2025-12-05/1761066116.json"
"512557","146154","2025-12-05","45.00","NZD","1761066116","23477/2025-12-05/1761066116.json"
"365170","146153","2025-12-05","48.00","NZD","1761066116","23477/2025-12-05/1761066116.json"
"510807","146155","2025-12-05","52.00","NZD","1761066116","23477/2025-12-05/1761066116.json"
"581513","221281","2025-12-07","36.00","NZD","1761066116","23477/2025-12-07/1761066116.json"
"581514","221282","2025-12-07","36.00","NZD","1761066116","23477/2025-12-07/1761066116.json"
"512557","146154","2025-12-07","45.00","NZD","1761066116","23477/2025-12-07/1761066116.json"
"365170","146153","2025-12-07","48.00","NZD","1761066116","23477/2025-12-07/1761066116.json"
"510807","146155","2025-12-07","52.00","NZD","1761066116","23477/2025-12-07/1761066116.json"
"581513","221281","2025-12-06","36.00","NZD","1761066116","23477/2025-12-06/1761066116.json"
"581514","221282","2025-12-06","36.00","NZD","1761066116","23477/2025-12-06/1761066116.json"
"512557","146154","2025-12-06","45.00","NZD","1761066116","23477/2025-12-06/1761066116.json"
"365170","146153","2025-12-06","48.00","NZD","1761066116","23477/2025-12-06/1761066116.json"
"510807","146155","2025-12-06","52.00","NZD","1761066116","23477/2025-12-06/1761066116.json"
"581513","221281","2025-12-08","36.00","NZD","1761066116","23477/2025-12-08/1761066116.json"
"581514","221282","2025-12-08","36.00","NZD","1761066116","23477/2025-12-08/1761066116.json"
"512557","146154","2025-12-08","45.00","NZD","1761066116","23477/2025-12-08/1761066116.json"
"365170","146153","2025-12-08","48.00","NZD","1761066116","23477/2025-12-08/1761066116.json"
"510807","146155","2025-12-08","52.00","NZD","1761066116","23477/2025-12-08/1761066116.json"
"581513","221281","2025-12-09","36.00","NZD","1761066116","23477/2025-12-09/1761066116.json"
"581514","221282","2025-12-09","36.00","NZD","1761066116","23477/2025-12-09/1761066116.json"
"512557","146154","2025-12-09","45.00","NZD","1761066116","23477/2025-12-09/1761066116.json"
"365170","146153","2025-12-09","48.00","NZD","1761066116","23477/2025-12-09/1761066116.json"
"510807","146155","2025-12-09","52.00","NZD","1761066116","23477/2025-12-09/1761066116.json"
"581513","221281","2025-12-10","36.00","NZD","1761066116","23477/2025-12-10/1761066116.json"
"581514","221282","2025-12-10","36.00","NZD","1761066116","23477/2025-12-10/1761066116.json"
"512557","146154","2025-12-10","45.00","NZD","1761066116","23477/2025-12-10/1761066116.json"
"365170","146153","2025-12-10","48.00","NZD","1761066116","23477/2025-12-10/1761066116.json"
"510807","146155","2025-12-10","52.00","NZD","1761066116","23477/2025-12-10/1761066116.json"
"581513","221281","2025-12-12","36.00","NZD","1761066116","23477/2025-12-12/1761066116.json"
"581514","221282","2025-12-12","36.00","NZD","1761066116","23477/2025-12-12/1761066116.json"
"512557","146154","2025-12-12","45.00","NZD","1761066116","23477/2025-12-12/1761066116.json"
"365170","146153","2025-12-12","48.00","NZD","1761066116","23477/2025-12-12/1761066116.json"
"510807","146155","2025-12-12","52.00","NZD","1761066116","23477/2025-12-12/1761066116.json"
"581513","221281","2025-12-13","36.00","NZD","1761066116","23477/2025-12-13/1761066116.json"
"581514","221282","2025-12-13","36.00","NZD","1761066116","23477/2025-12-13/1761066116.json"
"512557","146154","2025-12-13","45.00","NZD","1761066116","23477/2025-12-13/1761066116.json"
"365170","146153","2025-12-13","48.00","NZD","1761066116","23477/2025-12-13/1761066116.json"
"510807","146155","2025-12-13","52.00","NZD","1761066116","23477/2025-12-13/1761066116.json"
"581513","221281","2025-12-11","36.00","NZD","1761066116","23477/2025-12-11/1761066116.json"
"581514","221282","2025-12-11","36.00","NZD","1761066116","23477/2025-12-11/1761066116.json"
"512557","146154","2025-12-11","45.00","NZD","1761066116","23477/2025-12-11/1761066116.json"
"365170","146153","2025-12-11","48.00","NZD","1761066116","23477/2025-12-11/1761066116.json"
"510807","146155","2025-12-11","52.00","NZD","1761066116","23477/2025-12-11/1761066116.json"
"581513","221281","2025-12-14","36.00","NZD","1761066116","23477/2025-12-14/1761066116.json"
"581514","221282","2025-12-14","36.00","NZD","1761066116","23477/2025-12-14/1761066116.json"
"512557","146154","2025-12-14","45.00","NZD","1761066116","23477/2025-12-14/1761066116.json"
"365170","146153","2025-12-14","48.00","NZD","1761066116","23477/2025-12-14/1761066116.json"
"510807","146155","2025-12-14","52.00","NZD","1761066116","23477/2025-12-14/1761066116.json"
"581513","221281","2025-12-15","36.00","NZD","1761066116","23477/2025-12-15/1761066116.json"
"581514","221282","2025-12-15","36.00","NZD","1761066116","23477/2025-12-15/1761066116.json"
"512557","146154","2025-12-15","45.00","NZD","1761066116","23477/2025-12-15/1761066116.json"
"365170","146153","2025-12-15","48.00","NZD","1761066116","23477/2025-12-15/1761066116.json"
"510807","146155","2025-12-15","52.00","NZD","1761066116","23477/2025-12-15/1761066116.json"
"581513","221281","2025-12-16","36.00","NZD","1761066116","23477/2025-12-16/1761066116.json"
"581514","221282","2025-12-16","36.00","NZD","1761066116","23477/2025-12-16/1761066116.json"
"512557","146154","2025-12-16","45.00","NZD","1761066116","23477/2025-12-16/1761066116.json"
"365170","146153","2025-12-16","48.00","NZD","1761066116","23477/2025-12-16/1761066116.json"
"510807","146155","2025-12-16","52.00","NZD","1761066116","23477/2025-12-16/1761066116.json"
"581513","221281","2025-12-17","36.00","NZD","1761066116","23477/2025-12-17/1761066116.json"
"581514","221282","2025-12-17","36.00","NZD","1761066116","23477/2025-12-17/1761066116.json"
"512557","146154","2025-12-17","45.00","NZD","1761066116","23477/2025-12-17/1761066116.json"
"365170","146153","2025-12-17","48.00","NZD","1761066116","23477/2025-12-17/1761066116.json"
"510807","146155","2025-12-17","52.00","NZD","1761066116","23477/2025-12-17/1761066116.json"
"581513","221281","2025-12-18","36.00","NZD","1761066116","23477/2025-12-18/1761066116.json"
"581514","221282","2025-12-18","36.00","NZD","1761066116","23477/2025-12-18/1761066116.json"
"512557","146154","2025-12-18","45.00","NZD","1761066116","23477/2025-12-18/1761066116.json"
"365170","146153","2025-12-18","48.00","NZD","1761066116","23477/2025-12-18/1761066116.json"
"510807","146155","2025-12-18","52.00","NZD","1761066116","23477/2025-12-18/1761066116.json"
"581513","221281","2025-12-19","36.00","NZD","1761066116","23477/2025-12-19/1761066116.json"
"581514","221282","2025-12-19","36.00","NZD","1761066116","23477/2025-12-19/1761066116.json"
"512557","146154","2025-12-19","45.00","NZD","1761066116","23477/2025-12-19/1761066116.json"
"365170","146153","2025-12-19","48.00","NZD","1761066116","23477/2025-12-19/1761066116.json"
"510807","146155","2025-12-19","52.00","NZD","1761066116","23477/2025-12-19/1761066116.json"
"581513","221281","2025-12-20","36.00","NZD","1761066116","23477/2025-12-20/1761066116.json"
"581514","221282","2025-12-20","36.00","NZD","1761066116","23477/2025-12-20/1761066116.json"
"512557","146154","2025-12-20","45.00","NZD","1761066116","23477/2025-12-20/1761066116.json"
"365170","146153","2025-12-20","48.00","NZD","1761066116","23477/2025-12-20/1761066116.json"
"510807","146155","2025-12-20","52.00","NZD","1761066116","23477/2025-12-20/1761066116.json"
"581513","221281","2025-10-25","38.00","NZD","1761080158","23477/2025-10-25/1761080158.json"
"581513","221281","2025-10-24","36.00","NZD","1761080158","23477/2025-10-24/1761080158.json"
"581513","221281","2025-10-22","36.00","NZD","1761080158","23477/2025-10-22/1761080158.json"
"581514","221282","2025-10-25","38.00","NZD","1761080158","23477/2025-10-25/1761080158.json"
"581514","221282","2025-10-22","36.00","NZD","1761080158","23477/2025-10-22/1761080158.json"
"581514","221282","2025-10-24","36.00","NZD","1761080158","23477/2025-10-24/1761080158.json"
"512557","146154","2025-10-25","45.00","NZD","1761080158","23477/2025-10-25/1761080158.json"
"512557","146154","2025-10-22","45.00","NZD","1761080158","23477/2025-10-22/1761080158.json"
"365170","146153","2025-10-22","48.00","NZD","1761080158","23477/2025-10-22/1761080158.json"
"512557","146154","2025-10-24","45.00","NZD","1761080158","23477/2025-10-24/1761080158.json"
"510807","146155","2025-10-22","52.00","NZD","1761080158","23477/2025-10-22/1761080158.json"
"365170","146153","2025-10-24","48.00","NZD","1761080158","23477/2025-10-24/1761080158.json"
"510807","146155","2025-10-24","52.00","NZD","1761080158","23477/2025-10-24/1761080158.json"
"581513","221281","2025-10-23","36.00","NZD","1761080158","23477/2025-10-23/1761080158.json"
"581514","221282","2025-10-23","36.00","NZD","1761080158","23477/2025-10-23/1761080158.json"
"512557","146154","2025-10-23","45.00","NZD","1761080158","23477/2025-10-23/1761080158.json"
"365170","146153","2025-10-23","48.00","NZD","1761080158","23477/2025-10-23/1761080158.json"
"510807","146155","2025-10-23","52.00","NZD","1761080158","23477/2025-10-23/1761080158.json"
"581513","221281","2025-10-26","38.00","NZD","1761080158","23477/2025-10-26/1761080158.json"
"581514","221282","2025-10-26","38.00","NZD","1761080158","23477/2025-10-26/1761080158.json"
"512557","146154","2025-10-26","45.00","NZD","1761080158","23477/2025-10-26/1761080158.json"
"581513","221281","2025-10-27","38.00","NZD","1761080158","23477/2025-10-27/1761080158.json"
"581514","221282","2025-10-27","38.00","NZD","1761080158","23477/2025-10-27/1761080158.json"
"512557","146154","2025-10-27","45.00","NZD","1761080158","23477/2025-10-27/1761080158.json"
"365170","146153","2025-10-27","48.00","NZD","1761080158","23477/2025-10-27/1761080158.json"
"510807","146155","2025-10-27","52.00","NZD","1761080158","23477/2025-10-27/1761080158.json"
"581513","221281","2025-10-28","36.00","NZD","1761080158","23477/2025-10-28/1761080158.json"
"581514","221282","2025-10-28","36.00","NZD","1761080158","23477/2025-10-28/1761080158.json"
"512557","146154","2025-10-28","45.00","NZD","1761080158","23477/2025-10-28/1761080158.json"
"365170","146153","2025-10-28","48.00","NZD","1761080158","23477/2025-10-28/1761080158.json"
"510807","146155","2025-10-28","52.00","NZD","1761080158","23477/2025-10-28/1761080158.json"
"581513","221281","2025-10-29","36.00","NZD","1761080158","23477/2025-10-29/1761080158.json"
"581514","221282","2025-10-29","36.00","NZD","1761080158","23477/2025-10-29/1761080158.json"
"512557","146154","2025-10-29","45.00","NZD","1761080158","23477/2025-10-29/1761080158.json"
"365170","146153","2025-10-29","48.00","NZD","1761080158","23477/2025-10-29/1761080158.json"
"510807","146155","2025-10-29","52.00","NZD","1761080158","23477/2025-10-29/1761080158.json"
"581513","221281","2025-10-30","36.00","NZD","1761080158","23477/2025-10-30/1761080158.json"
"581514","221282","2025-10-30","36.00","NZD","1761080158","23477/2025-10-30/1761080158.json"
"512557","146154","2025-10-30","45.00","NZD","1761080158","23477/2025-10-30/1761080158.json"
"365170","146153","2025-10-30","48.00","NZD","1761080158","23477/2025-10-30/1761080158.json"
"510807","146155","2025-10-30","52.00","NZD","1761080158","23477/2025-10-30/1761080158.json"
"581513","221281","2025-10-31","36.00","NZD","1761080158","23477/2025-10-31/1761080158.json"
"581514","221282","2025-10-31","36.00","NZD","1761080158","23477/2025-10-31/1761080158.json"
"512557","146154","2025-10-31","45.00","NZD","1761080158","23477/2025-10-31/1761080158.json"
"365170","146153","2025-10-31","48.00","NZD","1761080158","23477/2025-10-31/1761080158.json"
"510807","146155","2025-10-31","52.00","NZD","1761080158","23477/2025-10-31/1761080158.json"
"581513","221281","2025-11-02","36.00","NZD","1761080158","23477/2025-11-02/1761080158.json"
"581514","221282","2025-11-02","36.00","NZD","1761080158","23477/2025-11-02/1761080158.json"
"512557","146154","2025-11-02","45.00","NZD","1761080158","23477/2025-11-02/1761080158.json"
"365170","146153","2025-11-02","48.00","NZD","1761080158","23477/2025-11-02/1761080158.json"
"510807","146155","2025-11-02","52.00","NZD","1761080158","23477/2025-11-02/1761080158.json"
"581513","221281","2025-11-03","36.00","NZD","1761080158","23477/2025-11-03/1761080158.json"
"581513","221281","2025-11-04","36.00","NZD","1761080158","23477/2025-11-04/1761080158.json"
"581514","221282","2025-11-03","36.00","NZD","1761080158","23477/2025-11-03/1761080158.json"
"581514","221282","2025-11-04","36.00","NZD","1761080158","23477/2025-11-04/1761080158.json"
"512557","146154","2025-11-04","45.00","NZD","1761080158","23477/2025-11-04/1761080158.json"
"512557","146154","2025-11-03","45.00","NZD","1761080158","23477/2025-11-03/1761080158.json"
"365170","146153","2025-11-04","48.00","NZD","1761080158","23477/2025-11-04/1761080158.json"
"510807","146155","2025-11-04","52.00","NZD","1761080158","23477/2025-11-04/1761080158.json"
"365170","146153","2025-11-03","48.00","NZD","1761080158","23477/2025-11-03/1761080158.json"
"510807","146155","2025-11-03","52.00","NZD","1761080158","23477/2025-11-03/1761080158.json"
"581513","221281","2025-11-05","36.00","NZD","1761080158","23477/2025-11-05/1761080158.json"
"581514","221282","2025-11-05","36.00","NZD","1761080158","23477/2025-11-05/1761080158.json"
"512557","146154","2025-11-05","45.00","NZD","1761080158","23477/2025-11-05/1761080158.json"
"365170","146153","2025-11-05","48.00","NZD","1761080158","23477/2025-11-05/1761080158.json"
"510807","146155","2025-11-05","52.00","NZD","1761080158","23477/2025-11-05/1761080158.json"
"581513","221281","2025-11-01","36.00","NZD","1761080158","23477/2025-11-01/1761080158.json"
"581514","221282","2025-11-01","36.00","NZD","1761080158","23477/2025-11-01/1761080158.json"
"512557","146154","2025-11-01","45.00","NZD","1761080158","23477/2025-11-01/1761080158.json"
"365170","146153","2025-11-01","48.00","NZD","1761080158","23477/2025-11-01/1761080158.json"
"510807","146155","2025-11-01","52.00","NZD","1761080158","23477/2025-11-01/1761080158.json"
"581513","221281","2025-11-07","36.00","NZD","1761080158","23477/2025-11-07/1761080158.json"
"581514","221282","2025-11-07","36.00","NZD","1761080158","23477/2025-11-07/1761080158.json"
"512557","146154","2025-11-07","45.00","NZD","1761080158","23477/2025-11-07/1761080158.json"
"365170","146153","2025-11-07","48.00","NZD","1761080158","23477/2025-11-07/1761080158.json"
"510807","146155","2025-11-07","52.00","NZD","1761080158","23477/2025-11-07/1761080158.json"
"581513","221281","2025-11-06","36.00","NZD","1761080158","23477/2025-11-06/1761080158.json"
"581514","221282","2025-11-06","36.00","NZD","1761080158","23477/2025-11-06/1761080158.json"
"512557","146154","2025-11-06","45.00","NZD","1761080158","23477/2025-11-06/1761080158.json"
"365170","146153","2025-11-06","48.00","NZD","1761080158","23477/2025-11-06/1761080158.json"
"510807","146155","2025-11-06","52.00","NZD","1761080158","23477/2025-11-06/1761080158.json"
"581513","221281","2025-11-08","36.00","NZD","1761080158","23477/2025-11-08/1761080158.json"
"581514","221282","2025-11-08","36.00","NZD","1761080158","23477/2025-11-08/1761080158.json"
"512557","146154","2025-11-08","45.00","NZD","1761080158","23477/2025-11-08/1761080158.json"
"365170","146153","2025-11-08","48.00","NZD","1761080158","23477/2025-11-08/1761080158.json"
"510807","146155","2025-11-08","52.00","NZD","1761080158","23477/2025-11-08/1761080158.json"
"581513","221281","2025-11-09","36.00","NZD","1761080158","23477/2025-11-09/1761080158.json"
"581514","221282","2025-11-09","36.00","NZD","1761080158","23477/2025-11-09/1761080158.json"
"512557","146154","2025-11-09","45.00","NZD","1761080158","23477/2025-11-09/1761080158.json"
"365170","146153","2025-11-09","48.00","NZD","1761080158","23477/2025-11-09/1761080158.json"
"510807","146155","2025-11-09","52.00","NZD","1761080158","23477/2025-11-09/1761080158.json"
"581513","221281","2025-11-10","36.00","NZD","1761080158","23477/2025-11-10/1761080158.json"
"581514","221282","2025-11-10","36.00","NZD","1761080158","23477/2025-11-10/1761080158.json"
"512557","146154","2025-11-10","45.00","NZD","1761080158","23477/2025-11-10/1761080158.json"
"365170","146153","2025-11-10","48.00","NZD","1761080158","23477/2025-11-10/1761080158.json"
"510807","146155","2025-11-10","52.00","NZD","1761080158","23477/2025-11-10/1761080158.json"
"581513","221281","2025-11-11","36.00","NZD","1761080158","23477/2025-11-11/1761080158.json"
"581514","221282","2025-11-11","36.00","NZD","1761080158","23477/2025-11-11/1761080158.json"
"512557","146154","2025-11-11","45.00","NZD","1761080158","23477/2025-11-11/1761080158.json"
"365170","146153","2025-11-11","48.00","NZD","1761080158","23477/2025-11-11/1761080158.json"
"510807","146155","2025-11-11","52.00","NZD","1761080158","23477/2025-11-11/1761080158.json"
"581513","221281","2025-11-13","36.00","NZD","1761080158","23477/2025-11-13/1761080158.json"
"581514","221282","2025-11-13","36.00","NZD","1761080158","23477/2025-11-13/1761080158.json"
"512557","146154","2025-11-13","45.00","NZD","1761080158","23477/2025-11-13/1761080158.json"
"365170","146153","2025-11-13","48.00","NZD","1761080158","23477/2025-11-13/1761080158.json"
"510807","146155","2025-11-13","52.00","NZD","1761080158","23477/2025-11-13/1761080158.json"
"581513","221281","2025-11-12","36.00","NZD","1761080158","23477/2025-11-12/1761080158.json"
"581514","221282","2025-11-12","36.00","NZD","1761080158","23477/2025-11-12/1761080158.json"
"512557","146154","2025-11-12","45.00","NZD","1761080158","23477/2025-11-12/1761080158.json"
"365170","146153","2025-11-12","48.00","NZD","1761080158","23477/2025-11-12/1761080158.json"
"510807","146155","2025-11-12","52.00","NZD","1761080158","23477/2025-11-12/1761080158.json"
"581513","221281","2025-11-14","36.00","NZD","1761080158","23477/2025-11-14/1761080158.json"
"581514","221282","2025-11-14","36.00","NZD","1761080158","23477/2025-11-14/1761080158.json"
"512557","146154","2025-11-14","45.00","NZD","1761080158","23477/2025-11-14/1761080158.json"
"365170","146153","2025-11-14","48.00","NZD","1761080158","23477/2025-11-14/1761080158.json"
"510807","146155","2025-11-14","52.00","NZD","1761080158","23477/2025-11-14/1761080158.json"
"581513","221281","2025-11-15","36.00","NZD","1761080158","23477/2025-11-15/1761080158.json"
"581514","221282","2025-11-15","36.00","NZD","1761080158","23477/2025-11-15/1761080158.json"
"512557","146154","2025-11-15","45.00","NZD","1761080158","23477/2025-11-15/1761080158.json"
"365170","146153","2025-11-15","48.00","NZD","1761080158","23477/2025-11-15/1761080158.json"
"510807","146155","2025-11-15","52.00","NZD","1761080158","23477/2025-11-15/1761080158.json"
"581513","221281","2025-11-16","36.00","NZD","1761080158","23477/2025-11-16/1761080158.json"
"581514","221282","2025-11-16","36.00","NZD","1761080158","23477/2025-11-16/1761080158.json"
"512557","146154","2025-11-16","45.00","NZD","1761080158","23477/2025-11-16/1761080158.json"
"365170","146153","2025-11-16","48.00","NZD","1761080158","23477/2025-11-16/1761080158.json"
"510807","146155","2025-11-16","52.00","NZD","1761080158","23477/2025-11-16/1761080158.json"
"581513","221281","2025-11-17","36.00","NZD","1761080158","23477/2025-11-17/1761080158.json"
"581514","221282","2025-11-17","36.00","NZD","1761080158","23477/2025-11-17/1761080158.json"
"512557","146154","2025-11-17","45.00","NZD","1761080158","23477/2025-11-17/1761080158.json"
"365170","146153","2025-11-17","48.00","NZD","1761080158","23477/2025-11-17/1761080158.json"
"510807","146155","2025-11-17","52.00","NZD","1761080158","23477/2025-11-17/1761080158.json"
"581513","221281","2025-11-18","36.00","NZD","1761080158","23477/2025-11-18/1761080158.json"
"581514","221282","2025-11-18","36.00","NZD","1761080158","23477/2025-11-18/1761080158.json"
"512557","146154","2025-11-18","45.00","NZD","1761080158","23477/2025-11-18/1761080158.json"
"365170","146153","2025-11-18","48.00","NZD","1761080158","23477/2025-11-18/1761080158.json"
"510807","146155","2025-11-18","52.00","NZD","1761080158","23477/2025-11-18/1761080158.json"
"581513","221281","2025-11-20","36.00","NZD","1761080158","23477/2025-11-20/1761080158.json"
"581514","221282","2025-11-20","36.00","NZD","1761080158","23477/2025-11-20/1761080158.json"
"512557","146154","2025-11-20","45.00","NZD","1761080158","23477/2025-11-20/1761080158.json"
"581513","221281","2025-11-19","36.00","NZD","1761080158","23477/2025-11-19/1761080158.json"
"581514","221282","2025-11-19","36.00","NZD","1761080158","23477/2025-11-19/1761080158.json"
"512557","146154","2025-11-19","45.00","NZD","1761080158","23477/2025-11-19/1761080158.json"
"365170","146153","2025-11-19","48.00","NZD","1761080158","23477/2025-11-19/1761080158.json"
"510807","146155","2025-11-19","52.00","NZD","1761080158","23477/2025-11-19/1761080158.json"
"581513","221281","2025-11-21","36.00","NZD","1761080158","23477/2025-11-21/1761080158.json"
"581514","221282","2025-11-21","36.00","NZD","1761080158","23477/2025-11-21/1761080158.json"
"512557","146154","2025-11-21","45.00","NZD","1761080158","23477/2025-11-21/1761080158.json"
"365170","146153","2025-11-21","48.00","NZD","1761080158","23477/2025-11-21/1761080158.json"
"510807","146155","2025-11-21","52.00","NZD","1761080158","23477/2025-11-21/1761080158.json"
"581513","221281","2025-11-22","36.00","NZD","1761080158","23477/2025-11-22/1761080158.json"
"581514","221282","2025-11-22","36.00","NZD","1761080158","23477/2025-11-22/1761080158.json"
"512557","146154","2025-11-22","45.00","NZD","1761080158","23477/2025-11-22/1761080158.json"
"365170","146153","2025-11-22","48.00","NZD","1761080158","23477/2025-11-22/1761080158.json"
"510807","146155","2025-11-22","52.00","NZD","1761080158","23477/2025-11-22/1761080158.json"
"581513","221281","2025-11-23","36.00","NZD","1761080158","23477/2025-11-23/1761080158.json"
"581514","221282","2025-11-23","36.00","NZD","1761080158","23477/2025-11-23/1761080158.json"
"512557","146154","2025-11-23","45.00","NZD","1761080158","23477/2025-11-23/1761080158.json"
"365170","146153","2025-11-23","48.00","NZD","1761080158","23477/2025-11-23/1761080158.json"
"510807","146155","2025-11-23","52.00","NZD","1761080158","23477/2025-11-23/1761080158.json"
"581513","221281","2025-11-25","36.00","NZD","1761080158","23477/2025-11-25/1761080158.json"
"581514","221282","2025-11-25","36.00","NZD","1761080158","23477/2025-11-25/1761080158.json"
"512557","146154","2025-11-25","45.00","NZD","1761080158","23477/2025-11-25/1761080158.json"
"365170","146153","2025-11-25","48.00","NZD","1761080158","23477/2025-11-25/1761080158.json"
"510807","146155","2025-11-25","52.00","NZD","1761080158","23477/2025-11-25/1761080158.json"
"581513","221281","2025-11-26","36.00","NZD","1761080158","23477/2025-11-26/1761080158.json"
"581514","221282","2025-11-26","36.00","NZD","1761080158","23477/2025-11-26/1761080158.json"
"512557","146154","2025-11-26","45.00","NZD","1761080158","23477/2025-11-26/1761080158.json"
"365170","146153","2025-11-26","48.00","NZD","1761080158","23477/2025-11-26/1761080158.json"
"510807","146155","2025-11-26","52.00","NZD","1761080158","23477/2025-11-26/1761080158.json"
"581513","221281","2025-11-24","36.00","NZD","1761080158","23477/2025-11-24/1761080158.json"
"581514","221282","2025-11-24","36.00","NZD","1761080158","23477/2025-11-24/1761080158.json"
"512557","146154","2025-11-24","45.00","NZD","1761080158","23477/2025-11-24/1761080158.json"
"365170","146153","2025-11-24","48.00","NZD","1761080158","23477/2025-11-24/1761080158.json"
"510807","146155","2025-11-24","52.00","NZD","1761080158","23477/2025-11-24/1761080158.json"
"581513","221281","2025-11-27","36.00","NZD","1761080158","23477/2025-11-27/1761080158.json"
"581514","221282","2025-11-27","36.00","NZD","1761080158","23477/2025-11-27/1761080158.json"
"512557","146154","2025-11-27","45.00","NZD","1761080158","23477/2025-11-27/1761080158.json"
"365170","146153","2025-11-27","48.00","NZD","1761080158","23477/2025-11-27/1761080158.json"
"510807","146155","2025-11-27","52.00","NZD","1761080158","23477/2025-11-27/1761080158.json"
"581513","221281","2025-11-28","36.00","NZD","1761080158","23477/2025-11-28/1761080158.json"
"581514","221282","2025-11-28","36.00","NZD","1761080158","23477/2025-11-28/1761080158.json"
"512557","146154","2025-11-28","45.00","NZD","1761080158","23477/2025-11-28/1761080158.json"
"365170","146153","2025-11-28","48.00","NZD","1761080158","23477/2025-11-28/1761080158.json"
"510807","146155","2025-11-28","52.00","NZD","1761080158","23477/2025-11-28/1761080158.json"
"581513","221281","2025-11-30","36.00","NZD","1761080158","23477/2025-11-30/1761080158.json"
"581514","221282","2025-11-30","36.00","NZD","1761080158","23477/2025-11-30/1761080158.json"
"512557","146154","2025-11-30","45.00","NZD","1761080158","23477/2025-11-30/1761080158.json"
"365170","146153","2025-11-30","48.00","NZD","1761080158","23477/2025-11-30/1761080158.json"
"510807","146155","2025-11-30","52.00","NZD","1761080158","23477/2025-11-30/1761080158.json"
"581513","221281","2025-11-29","36.00","NZD","1761080158","23477/2025-11-29/1761080158.json"
"581514","221282","2025-11-29","36.00","NZD","1761080158","23477/2025-11-29/1761080158.json"
"512557","146154","2025-11-29","45.00","NZD","1761080158","23477/2025-11-29/1761080158.json"
"365170","146153","2025-11-29","48.00","NZD","1761080158","23477/2025-11-29/1761080158.json"
"510807","146155","2025-11-29","52.00","NZD","1761080158","23477/2025-11-29/1761080158.json"
"581513","221281","2025-12-02","36.00","NZD","1761080158","23477/2025-12-02/1761080158.json"
"581514","221282","2025-12-02","36.00","NZD","1761080158","23477/2025-12-02/1761080158.json"
"512557","146154","2025-12-02","45.00","NZD","1761080158","23477/2025-12-02/1761080158.json"
"365170","146153","2025-12-02","48.00","NZD","1761080158","23477/2025-12-02/1761080158.json"
"510807","146155","2025-12-02","52.00","NZD","1761080158","23477/2025-12-02/1761080158.json"
"581513","221281","2025-12-01","36.00","NZD","1761080158","23477/2025-12-01/1761080158.json"
"581514","221282","2025-12-01","36.00","NZD","1761080158","23477/2025-12-01/1761080158.json"
"512557","146154","2025-12-01","45.00","NZD","1761080158","23477/2025-12-01/1761080158.json"
"365170","146153","2025-12-01","48.00","NZD","1761080158","23477/2025-12-01/1761080158.json"
"510807","146155","2025-12-01","52.00","NZD","1761080158","23477/2025-12-01/1761080158.json"
"581513","221281","2025-12-03","36.00","NZD","1761080158","23477/2025-12-03/1761080158.json"
"581514","221282","2025-12-03","36.00","NZD","1761080158","23477/2025-12-03/1761080158.json"
"512557","146154","2025-12-03","45.00","NZD","1761080158","23477/2025-12-03/1761080158.json"
"365170","146153","2025-12-03","48.00","NZD","1761080158","23477/2025-12-03/1761080158.json"
"510807","146155","2025-12-03","52.00","NZD","1761080158","23477/2025-12-03/1761080158.json"
"581513","221281","2025-12-04","36.00","NZD","1761080158","23477/2025-12-04/1761080158.json"
"581514","221282","2025-12-04","36.00","NZD","1761080158","23477/2025-12-04/1761080158.json"
"512557","146154","2025-12-04","45.00","NZD","1761080158","23477/2025-12-04/1761080158.json"
"365170","146153","2025-12-04","48.00","NZD","1761080158","23477/2025-12-04/1761080158.json"
"510807","146155","2025-12-04","52.00","NZD","1761080158","23477/2025-12-04/1761080158.json"
"581513","221281","2025-12-06","36.00","NZD","1761080158","23477/2025-12-06/1761080158.json"
"581514","221282","2025-12-06","36.00","NZD","1761080158","23477/2025-12-06/1761080158.json"
"581513","221281","2025-12-05","36.00","NZD","1761080158","23477/2025-12-05/1761080158.json"
"512557","146154","2025-12-06","45.00","NZD","1761080158","23477/2025-12-06/1761080158.json"
"581514","221282","2025-12-05","36.00","NZD","1761080158","23477/2025-12-05/1761080158.json"
"512557","146154","2025-12-05","45.00","NZD","1761080158","23477/2025-12-05/1761080158.json"
"365170","146153","2025-12-06","48.00","NZD","1761080158","23477/2025-12-06/1761080158.json"
"365170","146153","2025-12-05","48.00","NZD","1761080158","23477/2025-12-05/1761080158.json"
"510807","146155","2025-12-05","52.00","NZD","1761080158","23477/2025-12-05/1761080158.json"
"510807","146155","2025-12-06","52.00","NZD","1761080158","23477/2025-12-06/1761080158.json"
"581513","221281","2025-12-08","36.00","NZD","1761080158","23477/2025-12-08/1761080158.json"
"581514","221282","2025-12-08","36.00","NZD","1761080158","23477/2025-12-08/1761080158.json"
"512557","146154","2025-12-08","45.00","NZD","1761080158","23477/2025-12-08/1761080158.json"
"365170","146153","2025-12-08","48.00","NZD","1761080158","23477/2025-12-08/1761080158.json"
"510807","146155","2025-12-08","52.00","NZD","1761080158","23477/2025-12-08/1761080158.json"
"581513","221281","2025-12-10","36.00","NZD","1761080158","23477/2025-12-10/1761080158.json"
"581514","221282","2025-12-10","36.00","NZD","1761080158","23477/2025-12-10/1761080158.json"
"512557","146154","2025-12-10","45.00","NZD","1761080158","23477/2025-12-10/1761080158.json"
"365170","146153","2025-12-10","48.00","NZD","1761080158","23477/2025-12-10/1761080158.json"
"510807","146155","2025-12-10","52.00","NZD","1761080158","23477/2025-12-10/1761080158.json"
"581513","221281","2025-12-07","36.00","NZD","1761080158","23477/2025-12-07/1761080158.json"
"581514","221282","2025-12-07","36.00","NZD","1761080158","23477/2025-12-07/1761080158.json"
"512557","146154","2025-12-07","45.00","NZD","1761080158","23477/2025-12-07/1761080158.json"
"365170","146153","2025-12-07","48.00","NZD","1761080158","23477/2025-12-07/1761080158.json"
"510807","146155","2025-12-07","52.00","NZD","1761080158","23477/2025-12-07/1761080158.json"
"581513","221281","2025-12-09","36.00","NZD","1761080158","23477/2025-12-09/1761080158.json"
"581514","221282","2025-12-09","36.00","NZD","1761080158","23477/2025-12-09/1761080158.json"
"512557","146154","2025-12-09","45.00","NZD","1761080158","23477/2025-12-09/1761080158.json"
"365170","146153","2025-12-09","48.00","NZD","1761080158","23477/2025-12-09/1761080158.json"
"510807","146155","2025-12-09","52.00","NZD","1761080158","23477/2025-12-09/1761080158.json"
"581513","221281","2025-12-11","36.00","NZD","1761080158","23477/2025-12-11/1761080158.json"
"581514","221282","2025-12-11","36.00","NZD","1761080158","23477/2025-12-11/1761080158.json"
"512557","146154","2025-12-11","45.00","NZD","1761080158","23477/2025-12-11/1761080158.json"
"365170","146153","2025-12-11","48.00","NZD","1761080158","23477/2025-12-11/1761080158.json"
"510807","146155","2025-12-11","52.00","NZD","1761080158","23477/2025-12-11/1761080158.json"
"581513","221281","2025-12-14","36.00","NZD","1761080158","23477/2025-12-14/1761080158.json"
"581514","221282","2025-12-14","36.00","NZD","1761080158","23477/2025-12-14/1761080158.json"
"512557","146154","2025-12-14","45.00","NZD","1761080158","23477/2025-12-14/1761080158.json"
"365170","146153","2025-12-14","48.00","NZD","1761080158","23477/2025-12-14/1761080158.json"
"510807","146155","2025-12-14","52.00","NZD","1761080158","23477/2025-12-14/1761080158.json"
"581513","221281","2025-12-12","36.00","NZD","1761080158","23477/2025-12-12/1761080158.json"
"581514","221282","2025-12-12","36.00","NZD","1761080158","23477/2025-12-12/1761080158.json"
"512557","146154","2025-12-12","45.00","NZD","1761080158","23477/2025-12-12/1761080158.json"
"365170","146153","2025-12-12","48.00","NZD","1761080158","23477/2025-12-12/1761080158.json"
"510807","146155","2025-12-12","52.00","NZD","1761080158","23477/2025-12-12/1761080158.json"
"581513","221281","2025-12-15","36.00","NZD","1761080158","23477/2025-12-15/1761080158.json"
"581514","221282","2025-12-15","36.00","NZD","1761080158","23477/2025-12-15/1761080158.json"
"512557","146154","2025-12-15","45.00","NZD","1761080158","23477/2025-12-15/1761080158.json"
"365170","146153","2025-12-15","48.00","NZD","1761080158","23477/2025-12-15/1761080158.json"
"510807","146155","2025-12-15","52.00","NZD","1761080158","23477/2025-12-15/1761080158.json"
"581513","221281","2025-12-13","36.00","NZD","1761080158","23477/2025-12-13/1761080158.json"
"581514","221282","2025-12-13","36.00","NZD","1761080158","23477/2025-12-13/1761080158.json"
"512557","146154","2025-12-13","45.00","NZD","1761080158","23477/2025-12-13/1761080158.json"
"365170","146153","2025-12-13","48.00","NZD","1761080158","23477/2025-12-13/1761080158.json"
"510807","146155","2025-12-13","52.00","NZD","1761080158","23477/2025-12-13/1761080158.json"
"581513","221281","2025-12-16","36.00","NZD","1761080158","23477/2025-12-16/1761080158.json"
"581514","221282","2025-12-16","36.00","NZD","1761080158","23477/2025-12-16/1761080158.json"
"512557","146154","2025-12-16","45.00","NZD","1761080158","23477/2025-12-16/1761080158.json"
"365170","146153","2025-12-16","48.00","NZD","1761080158","23477/2025-12-16/1761080158.json"
"510807","146155","2025-12-16","52.00","NZD","1761080158","23477/2025-12-16/1761080158.json"
"581513","221281","2025-12-19","36.00","NZD","1761080158","23477/2025-12-19/1761080158.json"
"581514","221282","2025-12-19","36.00","NZD","1761080158","23477/2025-12-19/1761080158.json"
"512557","146154","2025-12-19","45.00","NZD","1761080158","23477/2025-12-19/1761080158.json"
"365170","146153","2025-12-19","48.00","NZD","1761080158","23477/2025-12-19/1761080158.json"
"510807","146155","2025-12-19","52.00","NZD","1761080158","23477/2025-12-19/1761080158.json"
"581513","221281","2025-12-17","36.00","NZD","1761080158","23477/2025-12-17/1761080158.json"
"581514","221282","2025-12-17","36.00","NZD","1761080158","23477/2025-12-17/1761080158.json"
"512557","146154","2025-12-17","45.00","NZD","1761080158","23477/2025-12-17/1761080158.json"
"365170","146153","2025-12-17","48.00","NZD","1761080158","23477/2025-12-17/1761080158.json"
"510807","146155","2025-12-17","52.00","NZD","1761080158","23477/2025-12-17/1761080158.json"
"581513","221281","2025-12-18","36.00","NZD","1761080158","23477/2025-12-18/1761080158.json"
"581514","221282","2025-12-18","36.00","NZD","1761080158","23477/2025-12-18/1761080158.json"
"512557","146154","2025-12-18","45.00","NZD","1761080158","23477/2025-12-18/1761080158.json"
"365170","146153","2025-12-18","48.00","NZD","1761080158","23477/2025-12-18/1761080158.json"
"510807","146155","2025-12-18","52.00","NZD","1761080158","23477/2025-12-18/1761080158.json"
"581513","221281","2025-12-20","36.00","NZD","1761080158","23477/2025-12-20/1761080158.json"
"581514","221282","2025-12-20","36.00","NZD","1761080158","23477/2025-12-20/1761080158.json"
"512557","146154","2025-12-20","45.00","NZD","1761080158","23477/2025-12-20/1761080158.json"
"365170","146153","2025-12-20","48.00","NZD","1761080158","23477/2025-12-20/1761080158.json"
"510807","146155","2025-12-20","52.00","NZD","1761080158","23477/2025-12-20/1761080158.json"
"581513","221281","2025-10-23","36.00","NZD","1761104862","23477/2025-10-23/1761104862.json"
"581514","221282","2025-10-23","36.00","NZD","1761104862","23477/2025-10-23/1761104862.json"
"512557","146154","2025-10-23","45.00","NZD","1761104862","23477/2025-10-23/1761104862.json"
"365170","146153","2025-10-23","48.00","NZD","1761104862","23477/2025-10-23/1761104862.json"
"510807","146155","2025-10-23","52.00","NZD","1761104862","23477/2025-10-23/1761104862.json"
"581513","221281","2025-10-22","36.00","NZD","1761104862","23477/2025-10-22/1761104862.json"
"581514","221282","2025-10-22","36.00","NZD","1761104862","23477/2025-10-22/1761104862.json"
"512557","146154","2025-10-22","45.00","NZD","1761104862","23477/2025-10-22/1761104862.json"
"365170","146153","2025-10-22","48.00","NZD","1761104862","23477/2025-10-22/1761104862.json"
"510807","146155","2025-10-22","52.00","NZD","1761104862","23477/2025-10-22/1761104862.json"
"581513","221281","2025-10-25","38.00","NZD","1761104862","23477/2025-10-25/1761104862.json"
"581513","221281","2025-10-24","36.00","NZD","1761104862","23477/2025-10-24/1761104862.json"
"581514","221282","2025-10-25","38.00","NZD","1761104862","23477/2025-10-25/1761104862.json"
"581514","221282","2025-10-24","36.00","NZD","1761104862","23477/2025-10-24/1761104862.json"
"512557","146154","2025-10-24","45.00","NZD","1761104862","23477/2025-10-24/1761104862.json"
"512557","146154","2025-10-25","45.00","NZD","1761104862","23477/2025-10-25/1761104862.json"
"365170","146153","2025-10-24","48.00","NZD","1761104862","23477/2025-10-24/1761104862.json"
"510807","146155","2025-10-24","52.00","NZD","1761104862","23477/2025-10-24/1761104862.json"
"581513","221281","2025-10-26","38.00","NZD","1761104862","23477/2025-10-26/1761104862.json"
"581514","221282","2025-10-26","38.00","NZD","1761104862","23477/2025-10-26/1761104862.json"
"512557","146154","2025-10-26","45.00","NZD","1761104862","23477/2025-10-26/1761104862.json"
"581513","221281","2025-10-27","38.00","NZD","1761104862","23477/2025-10-27/1761104862.json"
"581514","221282","2025-10-27","38.00","NZD","1761104862","23477/2025-10-27/1761104862.json"
"512557","146154","2025-10-27","45.00","NZD","1761104862","23477/2025-10-27/1761104862.json"
"365170","146153","2025-10-27","48.00","NZD","1761104862","23477/2025-10-27/1761104862.json"
"510807","146155","2025-10-27","52.00","NZD","1761104862","23477/2025-10-27/1761104862.json"
"581513","221281","2025-10-29","36.00","NZD","1761104862","23477/2025-10-29/1761104862.json"
"581513","221281","2025-10-28","36.00","NZD","1761104862","23477/2025-10-28/1761104862.json"
"581514","221282","2025-10-29","36.00","NZD","1761104862","23477/2025-10-29/1761104862.json"
"581514","221282","2025-10-28","36.00","NZD","1761104862","23477/2025-10-28/1761104862.json"
"512557","146154","2025-10-29","45.00","NZD","1761104862","23477/2025-10-29/1761104862.json"
"512557","146154","2025-10-28","45.00","NZD","1761104862","23477/2025-10-28/1761104862.json"
"365170","146153","2025-10-28","48.00","NZD","1761104862","23477/2025-10-28/1761104862.json"
"365170","146153","2025-10-29","48.00","NZD","1761104862","23477/2025-10-29/1761104862.json"
"510807","146155","2025-10-28","52.00","NZD","1761104862","23477/2025-10-28/1761104862.json"
"510807","146155","2025-10-29","52.00","NZD","1761104862","23477/2025-10-29/1761104862.json"
"581513","221281","2025-10-30","36.00","NZD","1761104862","23477/2025-10-30/1761104862.json"
"581514","221282","2025-10-30","36.00","NZD","1761104862","23477/2025-10-30/1761104862.json"
"512557","146154","2025-10-30","45.00","NZD","1761104862","23477/2025-10-30/1761104862.json"
"365170","146153","2025-10-30","48.00","NZD","1761104862","23477/2025-10-30/1761104862.json"
"510807","146155","2025-10-30","52.00","NZD","1761104862","23477/2025-10-30/1761104862.json"
"581513","221281","2025-10-31","36.00","NZD","1761104862","23477/2025-10-31/1761104862.json"
"581514","221282","2025-10-31","36.00","NZD","1761104862","23477/2025-10-31/1761104862.json"
"512557","146154","2025-10-31","45.00","NZD","1761104862","23477/2025-10-31/1761104862.json"
"365170","146153","2025-10-31","48.00","NZD","1761104862","23477/2025-10-31/1761104862.json"
"510807","146155","2025-10-31","52.00","NZD","1761104862","23477/2025-10-31/1761104862.json"
"581513","221281","2025-11-02","36.00","NZD","1761104862","23477/2025-11-02/1761104862.json"
"581514","221282","2025-11-02","36.00","NZD","1761104862","23477/2025-11-02/1761104862.json"
"512557","146154","2025-11-02","45.00","NZD","1761104862","23477/2025-11-02/1761104862.json"
"365170","146153","2025-11-02","48.00","NZD","1761104862","23477/2025-11-02/1761104862.json"
"510807","146155","2025-11-02","52.00","NZD","1761104862","23477/2025-11-02/1761104862.json"
"581513","221281","2025-11-01","36.00","NZD","1761104862","23477/2025-11-01/1761104862.json"
"581514","221282","2025-11-01","36.00","NZD","1761104862","23477/2025-11-01/1761104862.json"
"512557","146154","2025-11-01","45.00","NZD","1761104862","23477/2025-11-01/1761104862.json"
"365170","146153","2025-11-01","48.00","NZD","1761104862","23477/2025-11-01/1761104862.json"
"510807","146155","2025-11-01","52.00","NZD","1761104862","23477/2025-11-01/1761104862.json"
"581513","221281","2025-11-03","36.00","NZD","1761104862","23477/2025-11-03/1761104862.json"
"581514","221282","2025-11-03","36.00","NZD","1761104862","23477/2025-11-03/1761104862.json"
"512557","146154","2025-11-03","45.00","NZD","1761104862","23477/2025-11-03/1761104862.json"
"365170","146153","2025-11-03","48.00","NZD","1761104862","23477/2025-11-03/1761104862.json"
"510807","146155","2025-11-03","52.00","NZD","1761104862","23477/2025-11-03/1761104862.json"
"581513","221281","2025-11-06","36.00","NZD","1761104862","23477/2025-11-06/1761104862.json"
"581514","221282","2025-11-06","36.00","NZD","1761104862","23477/2025-11-06/1761104862.json"
"512557","146154","2025-11-06","45.00","NZD","1761104862","23477/2025-11-06/1761104862.json"
"365170","146153","2025-11-06","48.00","NZD","1761104862","23477/2025-11-06/1761104862.json"
"510807","146155","2025-11-06","52.00","NZD","1761104862","23477/2025-11-06/1761104862.json"
"581513","221281","2025-11-05","36.00","NZD","1761104862","23477/2025-11-05/1761104862.json"
"581514","221282","2025-11-05","36.00","NZD","1761104862","23477/2025-11-05/1761104862.json"
"512557","146154","2025-11-05","45.00","NZD","1761104862","23477/2025-11-05/1761104862.json"
"365170","146153","2025-11-05","48.00","NZD","1761104862","23477/2025-11-05/1761104862.json"
"510807","146155","2025-11-05","52.00","NZD","1761104862","23477/2025-11-05/1761104862.json"
"581513","221281","2025-11-04","36.00","NZD","1761104862","23477/2025-11-04/1761104862.json"
"581514","221282","2025-11-04","36.00","NZD","1761104862","23477/2025-11-04/1761104862.json"
"512557","146154","2025-11-04","45.00","NZD","1761104862","23477/2025-11-04/1761104862.json"
"365170","146153","2025-11-04","48.00","NZD","1761104862","23477/2025-11-04/1761104862.json"
"510807","146155","2025-11-04","52.00","NZD","1761104862","23477/2025-11-04/1761104862.json"
"581513","221281","2025-11-07","36.00","NZD","1761104862","23477/2025-11-07/1761104862.json"
"581514","221282","2025-11-07","36.00","NZD","1761104862","23477/2025-11-07/1761104862.json"
"512557","146154","2025-11-07","45.00","NZD","1761104862","23477/2025-11-07/1761104862.json"
"365170","146153","2025-11-07","48.00","NZD","1761104862","23477/2025-11-07/1761104862.json"
"510807","146155","2025-11-07","52.00","NZD","1761104862","23477/2025-11-07/1761104862.json"
"581513","221281","2025-11-08","36.00","NZD","1761104862","23477/2025-11-08/1761104862.json"
"581514","221282","2025-11-08","36.00","NZD","1761104862","23477/2025-11-08/1761104862.json"
"512557","146154","2025-11-08","45.00","NZD","1761104862","23477/2025-11-08/1761104862.json"
"365170","146153","2025-11-08","48.00","NZD","1761104862","23477/2025-11-08/1761104862.json"
"510807","146155","2025-11-08","52.00","NZD","1761104862","23477/2025-11-08/1761104862.json"
"581513","221281","2025-11-10","36.00","NZD","1761104862","23477/2025-11-10/1761104862.json"
"581514","221282","2025-11-10","36.00","NZD","1761104862","23477/2025-11-10/1761104862.json"
"512557","146154","2025-11-10","45.00","NZD","1761104862","23477/2025-11-10/1761104862.json"
"365170","146153","2025-11-10","48.00","NZD","1761104862","23477/2025-11-10/1761104862.json"
"510807","146155","2025-11-10","52.00","NZD","1761104862","23477/2025-11-10/1761104862.json"
"581513","221281","2025-11-09","36.00","NZD","1761104862","23477/2025-11-09/1761104862.json"
"581514","221282","2025-11-09","36.00","NZD","1761104862","23477/2025-11-09/1761104862.json"
"512557","146154","2025-11-09","45.00","NZD","1761104862","23477/2025-11-09/1761104862.json"
"365170","146153","2025-11-09","48.00","NZD","1761104862","23477/2025-11-09/1761104862.json"
"510807","146155","2025-11-09","52.00","NZD","1761104862","23477/2025-11-09/1761104862.json"
"581513","221281","2025-11-11","36.00","NZD","1761104862","23477/2025-11-11/1761104862.json"
"581514","221282","2025-11-11","36.00","NZD","1761104862","23477/2025-11-11/1761104862.json"
"512557","146154","2025-11-11","45.00","NZD","1761104862","23477/2025-11-11/1761104862.json"
"365170","146153","2025-11-11","48.00","NZD","1761104862","23477/2025-11-11/1761104862.json"
"510807","146155","2025-11-11","52.00","NZD","1761104862","23477/2025-11-11/1761104862.json"
"581513","221281","2025-11-12","36.00","NZD","1761104862","23477/2025-11-12/1761104862.json"
"581514","221282","2025-11-12","36.00","NZD","1761104862","23477/2025-11-12/1761104862.json"
"512557","146154","2025-11-12","45.00","NZD","1761104862","23477/2025-11-12/1761104862.json"
"365170","146153","2025-11-12","48.00","NZD","1761104862","23477/2025-11-12/1761104862.json"
"510807","146155","2025-11-12","52.00","NZD","1761104862","23477/2025-11-12/1761104862.json"
"581513","221281","2025-11-13","36.00","NZD","1761104862","23477/2025-11-13/1761104862.json"
"581513","221281","2025-11-14","36.00","NZD","1761104862","23477/2025-11-14/1761104862.json"
"581514","221282","2025-11-13","36.00","NZD","1761104862","23477/2025-11-13/1761104862.json"
"581514","221282","2025-11-14","36.00","NZD","1761104862","23477/2025-11-14/1761104862.json"
"512557","146154","2025-11-13","45.00","NZD","1761104862","23477/2025-11-13/1761104862.json"
"512557","146154","2025-11-14","45.00","NZD","1761104862","23477/2025-11-14/1761104862.json"
"365170","146153","2025-11-14","48.00","NZD","1761104862","23477/2025-11-14/1761104862.json"
"365170","146153","2025-11-13","48.00","NZD","1761104862","23477/2025-11-13/1761104862.json"
"510807","146155","2025-11-14","52.00","NZD","1761104862","23477/2025-11-14/1761104862.json"
"510807","146155","2025-11-13","52.00","NZD","1761104862","23477/2025-11-13/1761104862.json"
"581513","221281","2025-11-15","36.00","NZD","1761104862","23477/2025-11-15/1761104862.json"
"581514","221282","2025-11-15","36.00","NZD","1761104862","23477/2025-11-15/1761104862.json"
"512557","146154","2025-11-15","45.00","NZD","1761104862","23477/2025-11-15/1761104862.json"
"365170","146153","2025-11-15","48.00","NZD","1761104862","23477/2025-11-15/1761104862.json"
"510807","146155","2025-11-15","52.00","NZD","1761104862","23477/2025-11-15/1761104862.json"
"581513","221281","2025-11-16","36.00","NZD","1761104862","23477/2025-11-16/1761104862.json"
"581514","221282","2025-11-16","36.00","NZD","1761104862","23477/2025-11-16/1761104862.json"
"512557","146154","2025-11-16","45.00","NZD","1761104862","23477/2025-11-16/1761104862.json"
"365170","146153","2025-11-16","48.00","NZD","1761104862","23477/2025-11-16/1761104862.json"
"510807","146155","2025-11-16","52.00","NZD","1761104862","23477/2025-11-16/1761104862.json"
"581513","221281","2025-11-17","36.00","NZD","1761104862","23477/2025-11-17/1761104862.json"
"581514","221282","2025-11-17","36.00","NZD","1761104862","23477/2025-11-17/1761104862.json"
"512557","146154","2025-11-17","45.00","NZD","1761104862","23477/2025-11-17/1761104862.json"
"365170","146153","2025-11-17","48.00","NZD","1761104862","23477/2025-11-17/1761104862.json"
"510807","146155","2025-11-17","52.00","NZD","1761104862","23477/2025-11-17/1761104862.json"
"581513","221281","2025-11-18","36.00","NZD","1761104862","23477/2025-11-18/1761104862.json"
"581514","221282","2025-11-18","36.00","NZD","1761104862","23477/2025-11-18/1761104862.json"
"512557","146154","2025-11-18","45.00","NZD","1761104862","23477/2025-11-18/1761104862.json"
"365170","146153","2025-11-18","48.00","NZD","1761104862","23477/2025-11-18/1761104862.json"
"510807","146155","2025-11-18","52.00","NZD","1761104862","23477/2025-11-18/1761104862.json"
"581513","221281","2025-11-19","36.00","NZD","1761104862","23477/2025-11-19/1761104862.json"
"581514","221282","2025-11-19","36.00","NZD","1761104862","23477/2025-11-19/1761104862.json"
"512557","146154","2025-11-19","45.00","NZD","1761104862","23477/2025-11-19/1761104862.json"
"365170","146153","2025-11-19","48.00","NZD","1761104862","23477/2025-11-19/1761104862.json"
"510807","146155","2025-11-19","52.00","NZD","1761104862","23477/2025-11-19/1761104862.json"
"581513","221281","2025-11-20","36.00","NZD","1761104862","23477/2025-11-20/1761104862.json"
"581514","221282","2025-11-20","36.00","NZD","1761104862","23477/2025-11-20/1761104862.json"
"512557","146154","2025-11-20","45.00","NZD","1761104862","23477/2025-11-20/1761104862.json"
"581513","221281","2025-11-22","36.00","NZD","1761104862","23477/2025-11-22/1761104862.json"
"581514","221282","2025-11-22","36.00","NZD","1761104862","23477/2025-11-22/1761104862.json"
"512557","146154","2025-11-22","45.00","NZD","1761104862","23477/2025-11-22/1761104862.json"
"365170","146153","2025-11-22","48.00","NZD","1761104862","23477/2025-11-22/1761104862.json"
"510807","146155","2025-11-22","52.00","NZD","1761104862","23477/2025-11-22/1761104862.json"
"581513","221281","2025-11-23","36.00","NZD","1761104862","23477/2025-11-23/1761104862.json"
"581514","221282","2025-11-23","36.00","NZD","1761104862","23477/2025-11-23/1761104862.json"
"512557","146154","2025-11-23","45.00","NZD","1761104862","23477/2025-11-23/1761104862.json"
"365170","146153","2025-11-23","48.00","NZD","1761104862","23477/2025-11-23/1761104862.json"
"510807","146155","2025-11-23","52.00","NZD","1761104862","23477/2025-11-23/1761104862.json"
"581513","221281","2025-11-24","36.00","NZD","1761104862","23477/2025-11-24/1761104862.json"
"581514","221282","2025-11-24","36.00","NZD","1761104862","23477/2025-11-24/1761104862.json"
"512557","146154","2025-11-24","45.00","NZD","1761104862","23477/2025-11-24/1761104862.json"
"365170","146153","2025-11-24","48.00","NZD","1761104862","23477/2025-11-24/1761104862.json"
"510807","146155","2025-11-24","52.00","NZD","1761104862","23477/2025-11-24/1761104862.json"
"581513","221281","2025-11-21","36.00","NZD","1761104862","23477/2025-11-21/1761104862.json"
"581514","221282","2025-11-21","36.00","NZD","1761104862","23477/2025-11-21/1761104862.json"
"512557","146154","2025-11-21","45.00","NZD","1761104862","23477/2025-11-21/1761104862.json"
"365170","146153","2025-11-21","48.00","NZD","1761104862","23477/2025-11-21/1761104862.json"
"510807","146155","2025-11-21","52.00","NZD","1761104862","23477/2025-11-21/1761104862.json"
"581513","221281","2025-11-25","36.00","NZD","1761104862","23477/2025-11-25/1761104862.json"
"581514","221282","2025-11-25","36.00","NZD","1761104862","23477/2025-11-25/1761104862.json"
"512557","146154","2025-11-25","45.00","NZD","1761104862","23477/2025-11-25/1761104862.json"
"365170","146153","2025-11-25","48.00","NZD","1761104862","23477/2025-11-25/1761104862.json"
"510807","146155","2025-11-25","52.00","NZD","1761104862","23477/2025-11-25/1761104862.json"
"581513","221281","2025-11-27","36.00","NZD","1761104862","23477/2025-11-27/1761104862.json"
"581514","221282","2025-11-27","36.00","NZD","1761104862","23477/2025-11-27/1761104862.json"
"512557","146154","2025-11-27","45.00","NZD","1761104862","23477/2025-11-27/1761104862.json"
"365170","146153","2025-11-27","48.00","NZD","1761104862","23477/2025-11-27/1761104862.json"
"510807","146155","2025-11-27","52.00","NZD","1761104862","23477/2025-11-27/1761104862.json"
"581513","221281","2025-11-26","36.00","NZD","1761104862","23477/2025-11-26/1761104862.json"
"581514","221282","2025-11-26","36.00","NZD","1761104862","23477/2025-11-26/1761104862.json"
"512557","146154","2025-11-26","45.00","NZD","1761104862","23477/2025-11-26/1761104862.json"
"365170","146153","2025-11-26","48.00","NZD","1761104862","23477/2025-11-26/1761104862.json"
"510807","146155","2025-11-26","52.00","NZD","1761104862","23477/2025-11-26/1761104862.json"
"581513","221281","2025-11-28","36.00","NZD","1761104862","23477/2025-11-28/1761104862.json"
"581514","221282","2025-11-28","36.00","NZD","1761104862","23477/2025-11-28/1761104862.json"
"512557","146154","2025-11-28","45.00","NZD","1761104862","23477/2025-11-28/1761104862.json"
"365170","146153","2025-11-28","48.00","NZD","1761104862","23477/2025-11-28/1761104862.json"
"510807","146155","2025-11-28","52.00","NZD","1761104862","23477/2025-11-28/1761104862.json"
"581513","221281","2025-11-29","36.00","NZD","1761104862","23477/2025-11-29/1761104862.json"
"581514","221282","2025-11-29","36.00","NZD","1761104862","23477/2025-11-29/1761104862.json"
"512557","146154","2025-11-29","45.00","NZD","1761104862","23477/2025-11-29/1761104862.json"
"365170","146153","2025-11-29","48.00","NZD","1761104862","23477/2025-11-29/1761104862.json"
"510807","146155","2025-11-29","52.00","NZD","1761104862","23477/2025-11-29/1761104862.json"
"581513","221281","2025-12-01","36.00","NZD","1761104862","23477/2025-12-01/1761104862.json"
"581514","221282","2025-12-01","36.00","NZD","1761104862","23477/2025-12-01/1761104862.json"
"512557","146154","2025-12-01","45.00","NZD","1761104862","23477/2025-12-01/1761104862.json"
"365170","146153","2025-12-01","48.00","NZD","1761104862","23477/2025-12-01/1761104862.json"
"510807","146155","2025-12-01","52.00","NZD","1761104862","23477/2025-12-01/1761104862.json"
"581513","221281","2025-11-30","36.00","NZD","1761104862","23477/2025-11-30/1761104862.json"
"581514","221282","2025-11-30","36.00","NZD","1761104862","23477/2025-11-30/1761104862.json"
"512557","146154","2025-11-30","45.00","NZD","1761104862","23477/2025-11-30/1761104862.json"
"365170","146153","2025-11-30","48.00","NZD","1761104862","23477/2025-11-30/1761104862.json"
"510807","146155","2025-11-30","52.00","NZD","1761104862","23477/2025-11-30/1761104862.json"
"581513","221281","2025-12-02","36.00","NZD","1761104862","23477/2025-12-02/1761104862.json"
"581514","221282","2025-12-02","36.00","NZD","1761104862","23477/2025-12-02/1761104862.json"
"512557","146154","2025-12-02","45.00","NZD","1761104862","23477/2025-12-02/1761104862.json"
"365170","146153","2025-12-02","48.00","NZD","1761104862","23477/2025-12-02/1761104862.json"
"510807","146155","2025-12-02","52.00","NZD","1761104862","23477/2025-12-02/1761104862.json"
"581513","221281","2025-12-03","36.00","NZD","1761104862","23477/2025-12-03/1761104862.json"
"581514","221282","2025-12-03","36.00","NZD","1761104862","23477/2025-12-03/1761104862.json"
"512557","146154","2025-12-03","45.00","NZD","1761104862","23477/2025-12-03/1761104862.json"
"365170","146153","2025-12-03","48.00","NZD","1761104862","23477/2025-12-03/1761104862.json"
"510807","146155","2025-12-03","52.00","NZD","1761104862","23477/2025-12-03/1761104862.json"
"581513","221281","2025-12-05","36.00","NZD","1761104862","23477/2025-12-05/1761104862.json"
"581514","221282","2025-12-05","36.00","NZD","1761104862","23477/2025-12-05/1761104862.json"
"512557","146154","2025-12-05","45.00","NZD","1761104862","23477/2025-12-05/1761104862.json"
"365170","146153","2025-12-05","48.00","NZD","1761104862","23477/2025-12-05/1761104862.json"
"510807","146155","2025-12-05","52.00","NZD","1761104862","23477/2025-12-05/1761104862.json"
"581513","221281","2025-12-06","36.00","NZD","1761104862","23477/2025-12-06/1761104862.json"
"581514","221282","2025-12-06","36.00","NZD","1761104862","23477/2025-12-06/1761104862.json"
"512557","146154","2025-12-06","45.00","NZD","1761104862","23477/2025-12-06/1761104862.json"
"365170","146153","2025-12-06","48.00","NZD","1761104862","23477/2025-12-06/1761104862.json"
"510807","146155","2025-12-06","52.00","NZD","1761104862","23477/2025-12-06/1761104862.json"
"581513","221281","2025-12-04","36.00","NZD","1761104862","23477/2025-12-04/1761104862.json"
"581514","221282","2025-12-04","36.00","NZD","1761104862","23477/2025-12-04/1761104862.json"
"512557","146154","2025-12-04","45.00","NZD","1761104862","23477/2025-12-04/1761104862.json"
"365170","146153","2025-12-04","48.00","NZD","1761104862","23477/2025-12-04/1761104862.json"
"510807","146155","2025-12-04","52.00","NZD","1761104862","23477/2025-12-04/1761104862.json"
"581513","221281","2025-12-07","36.00","NZD","1761104862","23477/2025-12-07/1761104862.json"
"581514","221282","2025-12-07","36.00","NZD","1761104862","23477/2025-12-07/1761104862.json"
"512557","146154","2025-12-07","45.00","NZD","1761104862","23477/2025-12-07/1761104862.json"
"365170","146153","2025-12-07","48.00","NZD","1761104862","23477/2025-12-07/1761104862.json"
"510807","146155","2025-12-07","52.00","NZD","1761104862","23477/2025-12-07/1761104862.json"
"581513","221281","2025-12-10","36.00","NZD","1761104862","23477/2025-12-10/1761104862.json"
"581514","221282","2025-12-10","36.00","NZD","1761104862","23477/2025-12-10/1761104862.json"
"512557","146154","2025-12-10","45.00","NZD","1761104862","23477/2025-12-10/1761104862.json"
"365170","146153","2025-12-10","48.00","NZD","1761104862","23477/2025-12-10/1761104862.json"
"510807","146155","2025-12-10","52.00","NZD","1761104862","23477/2025-12-10/1761104862.json"
"581513","221281","2025-12-08","36.00","NZD","1761104862","23477/2025-12-08/1761104862.json"
"581514","221282","2025-12-08","36.00","NZD","1761104862","23477/2025-12-08/1761104862.json"
"512557","146154","2025-12-08","45.00","NZD","1761104862","23477/2025-12-08/1761104862.json"
"365170","146153","2025-12-08","48.00","NZD","1761104862","23477/2025-12-08/1761104862.json"
"510807","146155","2025-12-08","52.00","NZD","1761104862","23477/2025-12-08/1761104862.json"
"581513","221281","2025-12-09","36.00","NZD","1761104862","23477/2025-12-09/1761104862.json"
"581514","221282","2025-12-09","36.00","NZD","1761104862","23477/2025-12-09/1761104862.json"
"512557","146154","2025-12-09","45.00","NZD","1761104862","23477/2025-12-09/1761104862.json"
"365170","146153","2025-12-09","48.00","NZD","1761104862","23477/2025-12-09/1761104862.json"
"510807","146155","2025-12-09","52.00","NZD","1761104862","23477/2025-12-09/1761104862.json"
"581513","221281","2025-12-11","36.00","NZD","1761104862","23477/2025-12-11/1761104862.json"
"581514","221282","2025-12-11","36.00","NZD","1761104862","23477/2025-12-11/1761104862.json"
"512557","146154","2025-12-11","45.00","NZD","1761104862","23477/2025-12-11/1761104862.json"
"365170","146153","2025-12-11","48.00","NZD","1761104862","23477/2025-12-11/1761104862.json"
"510807","146155","2025-12-11","52.00","NZD","1761104862","23477/2025-12-11/1761104862.json"
"581513","221281","2025-12-13","36.00","NZD","1761104862","23477/2025-12-13/1761104862.json"
"581513","221281","2025-12-12","36.00","NZD","1761104862","23477/2025-12-12/1761104862.json"
"581514","221282","2025-12-12","36.00","NZD","1761104862","23477/2025-12-12/1761104862.json"
"581514","221282","2025-12-13","36.00","NZD","1761104862","23477/2025-12-13/1761104862.json"
"512557","146154","2025-12-12","45.00","NZD","1761104862","23477/2025-12-12/1761104862.json"
"365170","146153","2025-12-12","48.00","NZD","1761104862","23477/2025-12-12/1761104862.json"
"512557","146154","2025-12-13","45.00","NZD","1761104862","23477/2025-12-13/1761104862.json"
"510807","146155","2025-12-12","52.00","NZD","1761104862","23477/2025-12-12/1761104862.json"
"365170","146153","2025-12-13","48.00","NZD","1761104862","23477/2025-12-13/1761104862.json"
"510807","146155","2025-12-13","52.00","NZD","1761104862","23477/2025-12-13/1761104862.json"
"581513","221281","2025-12-14","36.00","NZD","1761104862","23477/2025-12-14/1761104862.json"
"581514","221282","2025-12-14","36.00","NZD","1761104862","23477/2025-12-14/1761104862.json"
"512557","146154","2025-12-14","45.00","NZD","1761104862","23477/2025-12-14/1761104862.json"
"365170","146153","2025-12-14","48.00","NZD","1761104862","23477/2025-12-14/1761104862.json"
"510807","146155","2025-12-14","52.00","NZD","1761104862","23477/2025-12-14/1761104862.json"
"581513","221281","2025-12-15","36.00","NZD","1761104862","23477/2025-12-15/1761104862.json"
"581514","221282","2025-12-15","36.00","NZD","1761104862","23477/2025-12-15/1761104862.json"
"512557","146154","2025-12-15","45.00","NZD","1761104862","23477/2025-12-15/1761104862.json"
"365170","146153","2025-12-15","48.00","NZD","1761104862","23477/2025-12-15/1761104862.json"
"510807","146155","2025-12-15","52.00","NZD","1761104862","23477/2025-12-15/1761104862.json"
"581513","221281","2025-12-17","36.00","NZD","1761104862","23477/2025-12-17/1761104862.json"
"581514","221282","2025-12-17","36.00","NZD","1761104862","23477/2025-12-17/1761104862.json"
"512557","146154","2025-12-17","45.00","NZD","1761104862","23477/2025-12-17/1761104862.json"
"365170","146153","2025-12-17","48.00","NZD","1761104862","23477/2025-12-17/1761104862.json"
"510807","146155","2025-12-17","52.00","NZD","1761104862","23477/2025-12-17/1761104862.json"
"581513","221281","2025-12-16","36.00","NZD","1761104862","23477/2025-12-16/1761104862.json"
"581514","221282","2025-12-16","36.00","NZD","1761104862","23477/2025-12-16/1761104862.json"
"512557","146154","2025-12-16","45.00","NZD","1761104862","23477/2025-12-16/1761104862.json"
"365170","146153","2025-12-16","48.00","NZD","1761104862","23477/2025-12-16/1761104862.json"
"510807","146155","2025-12-16","52.00","NZD","1761104862","23477/2025-12-16/1761104862.json"
"581513","221281","2025-12-18","36.00","NZD","1761104862","23477/2025-12-18/1761104862.json"
"581514","221282","2025-12-18","36.00","NZD","1761104862","23477/2025-12-18/1761104862.json"
"512557","146154","2025-12-18","45.00","NZD","1761104862","23477/2025-12-18/1761104862.json"
"365170","146153","2025-12-18","48.00","NZD","1761104862","23477/2025-12-18/1761104862.json"
"510807","146155","2025-12-18","52.00","NZD","1761104862","23477/2025-12-18/1761104862.json"
"581513","221281","2025-12-19","36.00","NZD","1761104862","23477/2025-12-19/1761104862.json"
"581514","221282","2025-12-19","36.00","NZD","1761104862","23477/2025-12-19/1761104862.json"
"512557","146154","2025-12-19","45.00","NZD","1761104862","23477/2025-12-19/1761104862.json"
"365170","146153","2025-12-19","48.00","NZD","1761104862","23477/2025-12-19/1761104862.json"
"510807","146155","2025-12-19","52.00","NZD","1761104862","23477/2025-12-19/1761104862.json"
"581513","221281","2025-12-20","36.00","NZD","1761104862","23477/2025-12-20/1761104862.json"
"581514","221282","2025-12-20","36.00","NZD","1761104862","23477/2025-12-20/1761104862.json"
"512557","146154","2025-12-20","45.00","NZD","1761104862","23477/2025-12-20/1761104862.json"
"365170","146153","2025-12-20","48.00","NZD","1761104862","23477/2025-12-20/1761104862.json"
"510807","146155","2025-12-20","52.00","NZD","1761104862","23477/2025-12-20/1761104862.json"
"581513","221281","2025-12-21","36.00","NZD","1761104862","23477/2025-12-21/1761104862.json"
"581514","221282","2025-12-21","36.00","NZD","1761104862","23477/2025-12-21/1761104862.json"
"512557","146154","2025-12-21","45.00","NZD","1761104862","23477/2025-12-21/1761104862.json"
"365170","146153","2025-12-21","48.00","NZD","1761104862","23477/2025-12-21/1761104862.json"
"510807","146155","2025-12-21","52.00","NZD","1761104862","23477/2025-12-21/1761104862.json"
"581513","221281","2025-10-25","38.00","NZD","1761109169","23477/2025-10-25/1761109169.json"
"581514","221282","2025-10-25","38.00","NZD","1761109169","23477/2025-10-25/1761109169.json"
"512557","146154","2025-10-25","45.00","NZD","1761109169","23477/2025-10-25/1761109169.json"
"581513","221281","2025-10-23","36.00","NZD","1761109169","23477/2025-10-23/1761109169.json"
"581514","221282","2025-10-23","36.00","NZD","1761109169","23477/2025-10-23/1761109169.json"
"512557","146154","2025-10-23","45.00","NZD","1761109169","23477/2025-10-23/1761109169.json"
"365170","146153","2025-10-23","48.00","NZD","1761109169","23477/2025-10-23/1761109169.json"
"510807","146155","2025-10-23","52.00","NZD","1761109169","23477/2025-10-23/1761109169.json"
"581513","221281","2025-10-22","36.00","NZD","1761109169","23477/2025-10-22/1761109169.json"
"581514","221282","2025-10-22","36.00","NZD","1761109169","23477/2025-10-22/1761109169.json"
"512557","146154","2025-10-22","45.00","NZD","1761109169","23477/2025-10-22/1761109169.json"
"365170","146153","2025-10-22","48.00","NZD","1761109169","23477/2025-10-22/1761109169.json"
"510807","146155","2025-10-22","52.00","NZD","1761109169","23477/2025-10-22/1761109169.json"
"581513","221281","2025-10-24","36.00","NZD","1761109169","23477/2025-10-24/1761109169.json"
"581514","221282","2025-10-24","36.00","NZD","1761109169","23477/2025-10-24/1761109169.json"
"512557","146154","2025-10-24","45.00","NZD","1761109169","23477/2025-10-24/1761109169.json"
"365170","146153","2025-10-24","48.00","NZD","1761109169","23477/2025-10-24/1761109169.json"
"510807","146155","2025-10-24","52.00","NZD","1761109169","23477/2025-10-24/1761109169.json"
"581513","221281","2025-10-28","36.00","NZD","1761109169","23477/2025-10-28/1761109169.json"
"581514","221282","2025-10-28","36.00","NZD","1761109169","23477/2025-10-28/1761109169.json"
"512557","146154","2025-10-28","45.00","NZD","1761109169","23477/2025-10-28/1761109169.json"
"365170","146153","2025-10-28","48.00","NZD","1761109169","23477/2025-10-28/1761109169.json"
"510807","146155","2025-10-28","52.00","NZD","1761109169","23477/2025-10-28/1761109169.json"
"581513","221281","2025-10-26","38.00","NZD","1761109169","23477/2025-10-26/1761109169.json"
"581514","221282","2025-10-26","38.00","NZD","1761109169","23477/2025-10-26/1761109169.json"
"512557","146154","2025-10-26","45.00","NZD","1761109169","23477/2025-10-26/1761109169.json"
"581513","221281","2025-10-29","36.00","NZD","1761109169","23477/2025-10-29/1761109169.json"
"581514","221282","2025-10-29","36.00","NZD","1761109169","23477/2025-10-29/1761109169.json"
"512557","146154","2025-10-29","45.00","NZD","1761109169","23477/2025-10-29/1761109169.json"
"365170","146153","2025-10-29","48.00","NZD","1761109169","23477/2025-10-29/1761109169.json"
"510807","146155","2025-10-29","52.00","NZD","1761109169","23477/2025-10-29/1761109169.json"
"581513","221281","2025-10-27","38.00","NZD","1761109169","23477/2025-10-27/1761109169.json"
"581514","221282","2025-10-27","38.00","NZD","1761109169","23477/2025-10-27/1761109169.json"
"512557","146154","2025-10-27","45.00","NZD","1761109169","23477/2025-10-27/1761109169.json"
"365170","146153","2025-10-27","48.00","NZD","1761109169","23477/2025-10-27/1761109169.json"
"510807","146155","2025-10-27","52.00","NZD","1761109169","23477/2025-10-27/1761109169.json"
"581513","221281","2025-11-01","36.00","NZD","1761109169","23477/2025-11-01/1761109169.json"
"581514","221282","2025-11-01","36.00","NZD","1761109169","23477/2025-11-01/1761109169.json"
"512557","146154","2025-11-01","45.00","NZD","1761109169","23477/2025-11-01/1761109169.json"
"365170","146153","2025-11-01","48.00","NZD","1761109169","23477/2025-11-01/1761109169.json"
"510807","146155","2025-11-01","52.00","NZD","1761109169","23477/2025-11-01/1761109169.json"
"581513","221281","2025-10-30","36.00","NZD","1761109169","23477/2025-10-30/1761109169.json"
"581514","221282","2025-10-30","36.00","NZD","1761109169","23477/2025-10-30/1761109169.json"
"512557","146154","2025-10-30","45.00","NZD","1761109169","23477/2025-10-30/1761109169.json"
"365170","146153","2025-10-30","48.00","NZD","1761109169","23477/2025-10-30/1761109169.json"
"510807","146155","2025-10-30","52.00","NZD","1761109169","23477/2025-10-30/1761109169.json"
"581513","221281","2025-10-31","36.00","NZD","1761109169","23477/2025-10-31/1761109169.json"
"581514","221282","2025-10-31","36.00","NZD","1761109169","23477/2025-10-31/1761109169.json"
"512557","146154","2025-10-31","45.00","NZD","1761109169","23477/2025-10-31/1761109169.json"
"365170","146153","2025-10-31","48.00","NZD","1761109169","23477/2025-10-31/1761109169.json"
"510807","146155","2025-10-31","52.00","NZD","1761109169","23477/2025-10-31/1761109169.json"
"581513","221281","2025-11-02","36.00","NZD","1761109169","23477/2025-11-02/1761109169.json"
"581514","221282","2025-11-02","36.00","NZD","1761109169","23477/2025-11-02/1761109169.json"
"512557","146154","2025-11-02","45.00","NZD","1761109169","23477/2025-11-02/1761109169.json"
"365170","146153","2025-11-02","48.00","NZD","1761109169","23477/2025-11-02/1761109169.json"
"510807","146155","2025-11-02","52.00","NZD","1761109169","23477/2025-11-02/1761109169.json"
"581513","221281","2025-11-04","36.00","NZD","1761109169","23477/2025-11-04/1761109169.json"
"581514","221282","2025-11-04","36.00","NZD","1761109169","23477/2025-11-04/1761109169.json"
"512557","146154","2025-11-04","45.00","NZD","1761109169","23477/2025-11-04/1761109169.json"
"365170","146153","2025-11-04","48.00","NZD","1761109169","23477/2025-11-04/1761109169.json"
"510807","146155","2025-11-04","52.00","NZD","1761109169","23477/2025-11-04/1761109169.json"
"581513","221281","2025-11-05","36.00","NZD","1761109169","23477/2025-11-05/1761109169.json"
"581513","221281","2025-11-06","36.00","NZD","1761109169","23477/2025-11-06/1761109169.json"
"581514","221282","2025-11-05","36.00","NZD","1761109169","23477/2025-11-05/1761109169.json"
"581514","221282","2025-11-06","36.00","NZD","1761109169","23477/2025-11-06/1761109169.json"
"512557","146154","2025-11-06","45.00","NZD","1761109169","23477/2025-11-06/1761109169.json"
"512557","146154","2025-11-05","45.00","NZD","1761109169","23477/2025-11-05/1761109169.json"
"365170","146153","2025-11-06","48.00","NZD","1761109169","23477/2025-11-06/1761109169.json"
"510807","146155","2025-11-06","52.00","NZD","1761109169","23477/2025-11-06/1761109169.json"
"365170","146153","2025-11-05","48.00","NZD","1761109169","23477/2025-11-05/1761109169.json"
"510807","146155","2025-11-05","52.00","NZD","1761109169","23477/2025-11-05/1761109169.json"
"581513","221281","2025-11-08","36.00","NZD","1761109169","23477/2025-11-08/1761109169.json"
"581514","221282","2025-11-08","36.00","NZD","1761109169","23477/2025-11-08/1761109169.json"
"512557","146154","2025-11-08","45.00","NZD","1761109169","23477/2025-11-08/1761109169.json"
"365170","146153","2025-11-08","48.00","NZD","1761109169","23477/2025-11-08/1761109169.json"
"510807","146155","2025-11-08","52.00","NZD","1761109169","23477/2025-11-08/1761109169.json"
"581513","221281","2025-11-09","36.00","NZD","1761109169","23477/2025-11-09/1761109169.json"
"581514","221282","2025-11-09","36.00","NZD","1761109169","23477/2025-11-09/1761109169.json"
"512557","146154","2025-11-09","45.00","NZD","1761109169","23477/2025-11-09/1761109169.json"
"365170","146153","2025-11-09","48.00","NZD","1761109169","23477/2025-11-09/1761109169.json"
"510807","146155","2025-11-09","52.00","NZD","1761109169","23477/2025-11-09/1761109169.json"
"581513","221281","2025-11-07","36.00","NZD","1761109169","23477/2025-11-07/1761109169.json"
"581514","221282","2025-11-07","36.00","NZD","1761109169","23477/2025-11-07/1761109169.json"
"512557","146154","2025-11-07","45.00","NZD","1761109169","23477/2025-11-07/1761109169.json"
"365170","146153","2025-11-07","48.00","NZD","1761109169","23477/2025-11-07/1761109169.json"
"510807","146155","2025-11-07","52.00","NZD","1761109169","23477/2025-11-07/1761109169.json"
"581513","221281","2025-11-10","36.00","NZD","1761109169","23477/2025-11-10/1761109169.json"
"581514","221282","2025-11-10","36.00","NZD","1761109169","23477/2025-11-10/1761109169.json"
"512557","146154","2025-11-10","45.00","NZD","1761109169","23477/2025-11-10/1761109169.json"
"365170","146153","2025-11-10","48.00","NZD","1761109169","23477/2025-11-10/1761109169.json"
"510807","146155","2025-11-10","52.00","NZD","1761109169","23477/2025-11-10/1761109169.json"
"581513","221281","2025-11-12","36.00","NZD","1761109169","23477/2025-11-12/1761109169.json"
"581514","221282","2025-11-12","36.00","NZD","1761109169","23477/2025-11-12/1761109169.json"
"512557","146154","2025-11-12","45.00","NZD","1761109169","23477/2025-11-12/1761109169.json"
"365170","146153","2025-11-12","48.00","NZD","1761109169","23477/2025-11-12/1761109169.json"
"510807","146155","2025-11-12","52.00","NZD","1761109169","23477/2025-11-12/1761109169.json"
"581513","221281","2025-11-11","36.00","NZD","1761109169","23477/2025-11-11/1761109169.json"
"581514","221282","2025-11-11","36.00","NZD","1761109169","23477/2025-11-11/1761109169.json"
"512557","146154","2025-11-11","45.00","NZD","1761109169","23477/2025-11-11/1761109169.json"
"365170","146153","2025-11-11","48.00","NZD","1761109169","23477/2025-11-11/1761109169.json"
"510807","146155","2025-11-11","52.00","NZD","1761109169","23477/2025-11-11/1761109169.json"
"581513","221281","2025-11-03","36.00","NZD","1761109169","23477/2025-11-03/1761109169.json"
"581514","221282","2025-11-03","36.00","NZD","1761109169","23477/2025-11-03/1761109169.json"
"512557","146154","2025-11-03","45.00","NZD","1761109169","23477/2025-11-03/1761109169.json"
"365170","146153","2025-11-03","48.00","NZD","1761109169","23477/2025-11-03/1761109169.json"
"510807","146155","2025-11-03","52.00","NZD","1761109169","23477/2025-11-03/1761109169.json"
"581513","221281","2025-11-14","36.00","NZD","1761109169","23477/2025-11-14/1761109169.json"
"581514","221282","2025-11-14","36.00","NZD","1761109169","23477/2025-11-14/1761109169.json"
"512557","146154","2025-11-14","45.00","NZD","1761109169","23477/2025-11-14/1761109169.json"
"365170","146153","2025-11-14","48.00","NZD","1761109169","23477/2025-11-14/1761109169.json"
"510807","146155","2025-11-14","52.00","NZD","1761109169","23477/2025-11-14/1761109169.json"
"581513","221281","2025-11-13","36.00","NZD","1761109169","23477/2025-11-13/1761109169.json"
"581514","221282","2025-11-13","36.00","NZD","1761109169","23477/2025-11-13/1761109169.json"
"512557","146154","2025-11-13","45.00","NZD","1761109169","23477/2025-11-13/1761109169.json"
"365170","146153","2025-11-13","48.00","NZD","1761109169","23477/2025-11-13/1761109169.json"
"510807","146155","2025-11-13","52.00","NZD","1761109169","23477/2025-11-13/1761109169.json"
"581513","221281","2025-11-15","36.00","NZD","1761109169","23477/2025-11-15/1761109169.json"
"581514","221282","2025-11-15","36.00","NZD","1761109169","23477/2025-11-15/1761109169.json"
"512557","146154","2025-11-15","45.00","NZD","1761109169","23477/2025-11-15/1761109169.json"
"365170","146153","2025-11-15","48.00","NZD","1761109169","23477/2025-11-15/1761109169.json"
"510807","146155","2025-11-15","52.00","NZD","1761109169","23477/2025-11-15/1761109169.json"
"581513","221281","2025-11-16","36.00","NZD","1761109169","23477/2025-11-16/1761109169.json"
"581514","221282","2025-11-16","36.00","NZD","1761109169","23477/2025-11-16/1761109169.json"
"512557","146154","2025-11-16","45.00","NZD","1761109169","23477/2025-11-16/1761109169.json"
"365170","146153","2025-11-16","48.00","NZD","1761109169","23477/2025-11-16/1761109169.json"
"510807","146155","2025-11-16","52.00","NZD","1761109169","23477/2025-11-16/1761109169.json"
"581513","221281","2025-11-17","36.00","NZD","1761109169","23477/2025-11-17/1761109169.json"
"581514","221282","2025-11-17","36.00","NZD","1761109169","23477/2025-11-17/1761109169.json"
"512557","146154","2025-11-17","45.00","NZD","1761109169","23477/2025-11-17/1761109169.json"
"365170","146153","2025-11-17","48.00","NZD","1761109169","23477/2025-11-17/1761109169.json"
"510807","146155","2025-11-17","52.00","NZD","1761109169","23477/2025-11-17/1761109169.json"
"581513","221281","2025-11-18","36.00","NZD","1761109169","23477/2025-11-18/1761109169.json"
"581514","221282","2025-11-18","36.00","NZD","1761109169","23477/2025-11-18/1761109169.json"
"512557","146154","2025-11-18","45.00","NZD","1761109169","23477/2025-11-18/1761109169.json"
"365170","146153","2025-11-18","48.00","NZD","1761109169","23477/2025-11-18/1761109169.json"
"510807","146155","2025-11-18","52.00","NZD","1761109169","23477/2025-11-18/1761109169.json"
"581513","221281","2025-11-20","36.00","NZD","1761109169","23477/2025-11-20/1761109169.json"
"581514","221282","2025-11-20","36.00","NZD","1761109169","23477/2025-11-20/1761109169.json"
"512557","146154","2025-11-20","45.00","NZD","1761109169","23477/2025-11-20/1761109169.json"
"581513","221281","2025-11-21","36.00","NZD","1761109169","23477/2025-11-21/1761109169.json"
"581514","221282","2025-11-21","36.00","NZD","1761109169","23477/2025-11-21/1761109169.json"
"512557","146154","2025-11-21","45.00","NZD","1761109169","23477/2025-11-21/1761109169.json"
"365170","146153","2025-11-21","48.00","NZD","1761109169","23477/2025-11-21/1761109169.json"
"510807","146155","2025-11-21","52.00","NZD","1761109169","23477/2025-11-21/1761109169.json"
"581513","221281","2025-11-19","36.00","NZD","1761109169","23477/2025-11-19/1761109169.json"
"581514","221282","2025-11-19","36.00","NZD","1761109169","23477/2025-11-19/1761109169.json"
"512557","146154","2025-11-19","45.00","NZD","1761109169","23477/2025-11-19/1761109169.json"
"365170","146153","2025-11-19","48.00","NZD","1761109169","23477/2025-11-19/1761109169.json"
"510807","146155","2025-11-19","52.00","NZD","1761109169","23477/2025-11-19/1761109169.json"
"581513","221281","2025-11-22","36.00","NZD","1761109169","23477/2025-11-22/1761109169.json"
"581514","221282","2025-11-22","36.00","NZD","1761109169","23477/2025-11-22/1761109169.json"
"512557","146154","2025-11-22","45.00","NZD","1761109169","23477/2025-11-22/1761109169.json"
"365170","146153","2025-11-22","48.00","NZD","1761109169","23477/2025-11-22/1761109169.json"
"510807","146155","2025-11-22","52.00","NZD","1761109169","23477/2025-11-22/1761109169.json"
"581513","221281","2025-11-23","36.00","NZD","1761109169","23477/2025-11-23/1761109169.json"
"581514","221282","2025-11-23","36.00","NZD","1761109169","23477/2025-11-23/1761109169.json"
"512557","146154","2025-11-23","45.00","NZD","1761109169","23477/2025-11-23/1761109169.json"
"365170","146153","2025-11-23","48.00","NZD","1761109169","23477/2025-11-23/1761109169.json"
"510807","146155","2025-11-23","52.00","NZD","1761109169","23477/2025-11-23/1761109169.json"
"581513","221281","2025-11-25","36.00","NZD","1761109169","23477/2025-11-25/1761109169.json"
"581514","221282","2025-11-25","36.00","NZD","1761109169","23477/2025-11-25/1761109169.json"
"512557","146154","2025-11-25","45.00","NZD","1761109169","23477/2025-11-25/1761109169.json"
"365170","146153","2025-11-25","48.00","NZD","1761109169","23477/2025-11-25/1761109169.json"
"510807","146155","2025-11-25","52.00","NZD","1761109169","23477/2025-11-25/1761109169.json"
"581513","221281","2025-11-24","36.00","NZD","1761109169","23477/2025-11-24/1761109169.json"
"581514","221282","2025-11-24","36.00","NZD","1761109169","23477/2025-11-24/1761109169.json"
"512557","146154","2025-11-24","45.00","NZD","1761109169","23477/2025-11-24/1761109169.json"
"365170","146153","2025-11-24","48.00","NZD","1761109169","23477/2025-11-24/1761109169.json"
"510807","146155","2025-11-24","52.00","NZD","1761109169","23477/2025-11-24/1761109169.json"
"581513","221281","2025-11-26","36.00","NZD","1761109169","23477/2025-11-26/1761109169.json"
"581514","221282","2025-11-26","36.00","NZD","1761109169","23477/2025-11-26/1761109169.json"
"512557","146154","2025-11-26","45.00","NZD","1761109169","23477/2025-11-26/1761109169.json"
"365170","146153","2025-11-26","48.00","NZD","1761109169","23477/2025-11-26/1761109169.json"
"510807","146155","2025-11-26","52.00","NZD","1761109169","23477/2025-11-26/1761109169.json"
"581513","221281","2025-11-27","36.00","NZD","1761109169","23477/2025-11-27/1761109169.json"
"581514","221282","2025-11-27","36.00","NZD","1761109169","23477/2025-11-27/1761109169.json"
"512557","146154","2025-11-27","45.00","NZD","1761109169","23477/2025-11-27/1761109169.json"
"365170","146153","2025-11-27","48.00","NZD","1761109169","23477/2025-11-27/1761109169.json"
"510807","146155","2025-11-27","52.00","NZD","1761109169","23477/2025-11-27/1761109169.json"
"581513","221281","2025-11-28","36.00","NZD","1761109169","23477/2025-11-28/1761109169.json"
"581514","221282","2025-11-28","36.00","NZD","1761109169","23477/2025-11-28/1761109169.json"
"512557","146154","2025-11-28","45.00","NZD","1761109169","23477/2025-11-28/1761109169.json"
"365170","146153","2025-11-28","48.00","NZD","1761109169","23477/2025-11-28/1761109169.json"
"510807","146155","2025-11-28","52.00","NZD","1761109169","23477/2025-11-28/1761109169.json"
"581513","221281","2025-11-29","36.00","NZD","1761109169","23477/2025-11-29/1761109169.json"
"581514","221282","2025-11-29","36.00","NZD","1761109169","23477/2025-11-29/1761109169.json"
"512557","146154","2025-11-29","45.00","NZD","1761109169","23477/2025-11-29/1761109169.json"
"365170","146153","2025-11-29","48.00","NZD","1761109169","23477/2025-11-29/1761109169.json"
"510807","146155","2025-11-29","52.00","NZD","1761109169","23477/2025-11-29/1761109169.json"
"581513","221281","2025-11-30","36.00","NZD","1761109169","23477/2025-11-30/1761109169.json"
"581514","221282","2025-11-30","36.00","NZD","1761109169","23477/2025-11-30/1761109169.json"
"512557","146154","2025-11-30","45.00","NZD","1761109169","23477/2025-11-30/1761109169.json"
"365170","146153","2025-11-30","48.00","NZD","1761109169","23477/2025-11-30/1761109169.json"
"510807","146155","2025-11-30","52.00","NZD","1761109169","23477/2025-11-30/1761109169.json"
"581513","221281","2025-12-03","36.00","NZD","1761109169","23477/2025-12-03/1761109169.json"
"581514","221282","2025-12-03","36.00","NZD","1761109169","23477/2025-12-03/1761109169.json"
"512557","146154","2025-12-03","45.00","NZD","1761109169","23477/2025-12-03/1761109169.json"
"365170","146153","2025-12-03","48.00","NZD","1761109169","23477/2025-12-03/1761109169.json"
"510807","146155","2025-12-03","52.00","NZD","1761109169","23477/2025-12-03/1761109169.json"
"581513","221281","2025-12-02","36.00","NZD","1761109169","23477/2025-12-02/1761109169.json"
"581514","221282","2025-12-02","36.00","NZD","1761109169","23477/2025-12-02/1761109169.json"
"512557","146154","2025-12-02","45.00","NZD","1761109169","23477/2025-12-02/1761109169.json"
"365170","146153","2025-12-02","48.00","NZD","1761109169","23477/2025-12-02/1761109169.json"
"510807","146155","2025-12-02","52.00","NZD","1761109169","23477/2025-12-02/1761109169.json"
"581513","221281","2025-12-04","36.00","NZD","1761109169","23477/2025-12-04/1761109169.json"
"581514","221282","2025-12-04","36.00","NZD","1761109169","23477/2025-12-04/1761109169.json"
"512557","146154","2025-12-04","45.00","NZD","1761109169","23477/2025-12-04/1761109169.json"
"365170","146153","2025-12-04","48.00","NZD","1761109169","23477/2025-12-04/1761109169.json"
"510807","146155","2025-12-04","52.00","NZD","1761109169","23477/2025-12-04/1761109169.json"
"581513","221281","2025-12-05","36.00","NZD","1761109169","23477/2025-12-05/1761109169.json"
"581514","221282","2025-12-05","36.00","NZD","1761109169","23477/2025-12-05/1761109169.json"
"512557","146154","2025-12-05","45.00","NZD","1761109169","23477/2025-12-05/1761109169.json"
"365170","146153","2025-12-05","48.00","NZD","1761109169","23477/2025-12-05/1761109169.json"
"510807","146155","2025-12-05","52.00","NZD","1761109169","23477/2025-12-05/1761109169.json"
"581513","221281","2025-12-06","36.00","NZD","1761109169","23477/2025-12-06/1761109169.json"
"581514","221282","2025-12-06","36.00","NZD","1761109169","23477/2025-12-06/1761109169.json"
"512557","146154","2025-12-06","45.00","NZD","1761109169","23477/2025-12-06/1761109169.json"
"365170","146153","2025-12-06","48.00","NZD","1761109169","23477/2025-12-06/1761109169.json"
"510807","146155","2025-12-06","52.00","NZD","1761109169","23477/2025-12-06/1761109169.json"
"581513","221281","2025-12-07","36.00","NZD","1761109169","23477/2025-12-07/1761109169.json"
"581514","221282","2025-12-07","36.00","NZD","1761109169","23477/2025-12-07/1761109169.json"
"512557","146154","2025-12-07","45.00","NZD","1761109169","23477/2025-12-07/1761109169.json"
"365170","146153","2025-12-07","48.00","NZD","1761109169","23477/2025-12-07/1761109169.json"
"510807","146155","2025-12-07","52.00","NZD","1761109169","23477/2025-12-07/1761109169.json"
"581513","221281","2025-12-08","36.00","NZD","1761109169","23477/2025-12-08/1761109169.json"
"581514","221282","2025-12-08","36.00","NZD","1761109169","23477/2025-12-08/1761109169.json"
"512557","146154","2025-12-08","45.00","NZD","1761109169","23477/2025-12-08/1761109169.json"
"365170","146153","2025-12-08","48.00","NZD","1761109169","23477/2025-12-08/1761109169.json"
"510807","146155","2025-12-08","52.00","NZD","1761109169","23477/2025-12-08/1761109169.json"
"581513","221281","2025-12-09","36.00","NZD","1761109169","23477/2025-12-09/1761109169.json"
"581514","221282","2025-12-09","36.00","NZD","1761109169","23477/2025-12-09/1761109169.json"
"512557","146154","2025-12-09","45.00","NZD","1761109169","23477/2025-12-09/1761109169.json"
"365170","146153","2025-12-09","48.00","NZD","1761109169","23477/2025-12-09/1761109169.json"
"510807","146155","2025-12-09","52.00","NZD","1761109169","23477/2025-12-09/1761109169.json"
"581513","221281","2025-12-10","36.00","NZD","1761109169","23477/2025-12-10/1761109169.json"
"581514","221282","2025-12-10","36.00","NZD","1761109169","23477/2025-12-10/1761109169.json"
"512557","146154","2025-12-10","45.00","NZD","1761109169","23477/2025-12-10/1761109169.json"
"365170","146153","2025-12-10","48.00","NZD","1761109169","23477/2025-12-10/1761109169.json"
"510807","146155","2025-12-10","52.00","NZD","1761109169","23477/2025-12-10/1761109169.json"
"581513","221281","2025-12-01","36.00","NZD","1761109169","23477/2025-12-01/1761109169.json"
"581514","221282","2025-12-01","36.00","NZD","1761109169","23477/2025-12-01/1761109169.json"
"512557","146154","2025-12-01","45.00","NZD","1761109169","23477/2025-12-01/1761109169.json"
"365170","146153","2025-12-01","48.00","NZD","1761109169","23477/2025-12-01/1761109169.json"
"510807","146155","2025-12-01","52.00","NZD","1761109169","23477/2025-12-01/1761109169.json"
"581513","221281","2025-12-11","36.00","NZD","1761109169","23477/2025-12-11/1761109169.json"
"581514","221282","2025-12-11","36.00","NZD","1761109169","23477/2025-12-11/1761109169.json"
"512557","146154","2025-12-11","45.00","NZD","1761109169","23477/2025-12-11/1761109169.json"
"365170","146153","2025-12-11","48.00","NZD","1761109169","23477/2025-12-11/1761109169.json"
"510807","146155","2025-12-11","52.00","NZD","1761109169","23477/2025-12-11/1761109169.json"
"581513","221281","2025-12-12","36.00","NZD","1761109169","23477/2025-12-12/1761109169.json"
"581514","221282","2025-12-12","36.00","NZD","1761109169","23477/2025-12-12/1761109169.json"
"512557","146154","2025-12-12","45.00","NZD","1761109169","23477/2025-12-12/1761109169.json"
"365170","146153","2025-12-12","48.00","NZD","1761109169","23477/2025-12-12/1761109169.json"
"510807","146155","2025-12-12","52.00","NZD","1761109169","23477/2025-12-12/1761109169.json"
"581513","221281","2025-12-13","36.00","NZD","1761109169","23477/2025-12-13/1761109169.json"
"581514","221282","2025-12-13","36.00","NZD","1761109169","23477/2025-12-13/1761109169.json"
"512557","146154","2025-12-13","45.00","NZD","1761109169","23477/2025-12-13/1761109169.json"
"365170","146153","2025-12-13","48.00","NZD","1761109169","23477/2025-12-13/1761109169.json"
"510807","146155","2025-12-13","52.00","NZD","1761109169","23477/2025-12-13/1761109169.json"
"581513","221281","2025-12-16","36.00","NZD","1761109169","23477/2025-12-16/1761109169.json"
"581513","221281","2025-12-15","36.00","NZD","1761109169","23477/2025-12-15/1761109169.json"
"581514","221282","2025-12-15","36.00","NZD","1761109169","23477/2025-12-15/1761109169.json"
"581514","221282","2025-12-16","36.00","NZD","1761109169","23477/2025-12-16/1761109169.json"
"512557","146154","2025-12-15","45.00","NZD","1761109169","23477/2025-12-15/1761109169.json"
"365170","146153","2025-12-15","48.00","NZD","1761109169","23477/2025-12-15/1761109169.json"
"510807","146155","2025-12-15","52.00","NZD","1761109169","23477/2025-12-15/1761109169.json"
"512557","146154","2025-12-16","45.00","NZD","1761109169","23477/2025-12-16/1761109169.json"
"365170","146153","2025-12-16","48.00","NZD","1761109169","23477/2025-12-16/1761109169.json"
"510807","146155","2025-12-16","52.00","NZD","1761109169","23477/2025-12-16/1761109169.json"
"581513","221281","2025-12-14","36.00","NZD","1761109169","23477/2025-12-14/1761109169.json"
"581514","221282","2025-12-14","36.00","NZD","1761109169","23477/2025-12-14/1761109169.json"
"512557","146154","2025-12-14","45.00","NZD","1761109169","23477/2025-12-14/1761109169.json"
"365170","146153","2025-12-14","48.00","NZD","1761109169","23477/2025-12-14/1761109169.json"
"510807","146155","2025-12-14","52.00","NZD","1761109169","23477/2025-12-14/1761109169.json"
"581513","221281","2025-12-19","36.00","NZD","1761109169","23477/2025-12-19/1761109169.json"
"581514","221282","2025-12-19","36.00","NZD","1761109169","23477/2025-12-19/1761109169.json"
"512557","146154","2025-12-19","45.00","NZD","1761109169","23477/2025-12-19/1761109169.json"
"365170","146153","2025-12-19","48.00","NZD","1761109169","23477/2025-12-19/1761109169.json"
"510807","146155","2025-12-19","52.00","NZD","1761109169","23477/2025-12-19/1761109169.json"
"581513","221281","2025-12-17","36.00","NZD","1761109169","23477/2025-12-17/1761109169.json"
"581514","221282","2025-12-17","36.00","NZD","1761109169","23477/2025-12-17/1761109169.json"
"512557","146154","2025-12-17","45.00","NZD","1761109169","23477/2025-12-17/1761109169.json"
"365170","146153","2025-12-17","48.00","NZD","1761109169","23477/2025-12-17/1761109169.json"
"510807","146155","2025-12-17","52.00","NZD","1761109169","23477/2025-12-17/1761109169.json"
"581513","221281","2025-12-20","36.00","NZD","1761109169","23477/2025-12-20/1761109169.json"
"581513","221281","2025-12-18","36.00","NZD","1761109169","23477/2025-12-18/1761109169.json"
"581514","221282","2025-12-20","36.00","NZD","1761109169","23477/2025-12-20/1761109169.json"
"581514","221282","2025-12-18","36.00","NZD","1761109169","23477/2025-12-18/1761109169.json"
"512557","146154","2025-12-18","45.00","NZD","1761109169","23477/2025-12-18/1761109169.json"
"512557","146154","2025-12-20","45.00","NZD","1761109169","23477/2025-12-20/1761109169.json"
"365170","146153","2025-12-18","48.00","NZD","1761109169","23477/2025-12-18/1761109169.json"
"510807","146155","2025-12-18","52.00","NZD","1761109169","23477/2025-12-18/1761109169.json"
"365170","146153","2025-12-20","48.00","NZD","1761109169","23477/2025-12-20/1761109169.json"
"510807","146155","2025-12-20","52.00","NZD","1761109169","23477/2025-12-20/1761109169.json"
"581513","221281","2025-12-21","36.00","NZD","1761109169","23477/2025-12-21/1761109169.json"
"581514","221282","2025-12-21","36.00","NZD","1761109169","23477/2025-12-21/1761109169.json"
"512557","146154","2025-12-21","45.00","NZD","1761109169","23477/2025-12-21/1761109169.json"
"365170","146153","2025-12-21","48.00","NZD","1761109169","23477/2025-12-21/1761109169.json"
"510807","146155","2025-12-21","52.00","NZD","1761109169","23477/2025-12-21/1761109169.json"
"581513","221281","2025-10-25","38.00","NZD","1761124123","23477/2025-10-25/1761124123.json"
"581514","221282","2025-10-25","38.00","NZD","1761124123","23477/2025-10-25/1761124123.json"
"512557","146154","2025-10-25","45.00","NZD","1761124123","23477/2025-10-25/1761124123.json"
"581513","221281","2025-10-24","36.00","NZD","1761124123","23477/2025-10-24/1761124123.json"
"581514","221282","2025-10-24","36.00","NZD","1761124123","23477/2025-10-24/1761124123.json"
"512557","146154","2025-10-24","45.00","NZD","1761124123","23477/2025-10-24/1761124123.json"
"365170","146153","2025-10-24","48.00","NZD","1761124123","23477/2025-10-24/1761124123.json"
"510807","146155","2025-10-24","52.00","NZD","1761124123","23477/2025-10-24/1761124123.json"
"581513","221281","2025-10-22","36.00","NZD","1761124123","23477/2025-10-22/1761124123.json"
"581514","221282","2025-10-22","36.00","NZD","1761124123","23477/2025-10-22/1761124123.json"
"512557","146154","2025-10-22","45.00","NZD","1761124123","23477/2025-10-22/1761124123.json"
"365170","146153","2025-10-22","48.00","NZD","1761124123","23477/2025-10-22/1761124123.json"
"510807","146155","2025-10-22","52.00","NZD","1761124123","23477/2025-10-22/1761124123.json"
"581513","221281","2025-10-27","38.00","NZD","1761124123","23477/2025-10-27/1761124123.json"
"581514","221282","2025-10-27","38.00","NZD","1761124123","23477/2025-10-27/1761124123.json"
"512557","146154","2025-10-27","45.00","NZD","1761124123","23477/2025-10-27/1761124123.json"
"365170","146153","2025-10-27","48.00","NZD","1761124123","23477/2025-10-27/1761124123.json"
"510807","146155","2025-10-27","52.00","NZD","1761124123","23477/2025-10-27/1761124123.json"
"581513","221281","2025-10-28","36.00","NZD","1761124123","23477/2025-10-28/1761124123.json"
"581514","221282","2025-10-28","36.00","NZD","1761124123","23477/2025-10-28/1761124123.json"
"512557","146154","2025-10-28","45.00","NZD","1761124123","23477/2025-10-28/1761124123.json"
"365170","146153","2025-10-28","48.00","NZD","1761124123","23477/2025-10-28/1761124123.json"
"510807","146155","2025-10-28","52.00","NZD","1761124123","23477/2025-10-28/1761124123.json"
"581513","221281","2025-10-26","38.00","NZD","1761124123","23477/2025-10-26/1761124123.json"
"581514","221282","2025-10-26","38.00","NZD","1761124123","23477/2025-10-26/1761124123.json"
"512557","146154","2025-10-26","45.00","NZD","1761124123","23477/2025-10-26/1761124123.json"
"581513","221281","2025-10-31","36.00","NZD","1761124123","23477/2025-10-31/1761124123.json"
"581514","221282","2025-10-31","36.00","NZD","1761124123","23477/2025-10-31/1761124123.json"
"512557","146154","2025-10-31","45.00","NZD","1761124123","23477/2025-10-31/1761124123.json"
"365170","146153","2025-10-31","48.00","NZD","1761124123","23477/2025-10-31/1761124123.json"
"510807","146155","2025-10-31","52.00","NZD","1761124123","23477/2025-10-31/1761124123.json"
"581513","221281","2025-10-30","36.00","NZD","1761124123","23477/2025-10-30/1761124123.json"
"581514","221282","2025-10-30","36.00","NZD","1761124123","23477/2025-10-30/1761124123.json"
"512557","146154","2025-10-30","45.00","NZD","1761124123","23477/2025-10-30/1761124123.json"
"365170","146153","2025-10-30","48.00","NZD","1761124123","23477/2025-10-30/1761124123.json"
"510807","146155","2025-10-30","52.00","NZD","1761124123","23477/2025-10-30/1761124123.json"
"581513","221281","2025-10-29","36.00","NZD","1761124123","23477/2025-10-29/1761124123.json"
"581514","221282","2025-10-29","36.00","NZD","1761124123","23477/2025-10-29/1761124123.json"
"512557","146154","2025-10-29","45.00","NZD","1761124123","23477/2025-10-29/1761124123.json"
"365170","146153","2025-10-29","48.00","NZD","1761124123","23477/2025-10-29/1761124123.json"
"510807","146155","2025-10-29","52.00","NZD","1761124123","23477/2025-10-29/1761124123.json"
"581513","221281","2025-11-02","36.00","NZD","1761124123","23477/2025-11-02/1761124123.json"
"581514","221282","2025-11-02","36.00","NZD","1761124123","23477/2025-11-02/1761124123.json"
"512557","146154","2025-11-02","45.00","NZD","1761124123","23477/2025-11-02/1761124123.json"
"365170","146153","2025-11-02","48.00","NZD","1761124123","23477/2025-11-02/1761124123.json"
"510807","146155","2025-11-02","52.00","NZD","1761124123","23477/2025-11-02/1761124123.json"
"581513","221281","2025-11-01","36.00","NZD","1761124123","23477/2025-11-01/1761124123.json"
"581514","221282","2025-11-01","36.00","NZD","1761124123","23477/2025-11-01/1761124123.json"
"512557","146154","2025-11-01","45.00","NZD","1761124123","23477/2025-11-01/1761124123.json"
"365170","146153","2025-11-01","48.00","NZD","1761124123","23477/2025-11-01/1761124123.json"
"510807","146155","2025-11-01","52.00","NZD","1761124123","23477/2025-11-01/1761124123.json"
"581513","221281","2025-11-03","36.00","NZD","1761124123","23477/2025-11-03/1761124123.json"
"581514","221282","2025-11-03","36.00","NZD","1761124123","23477/2025-11-03/1761124123.json"
"512557","146154","2025-11-03","45.00","NZD","1761124123","23477/2025-11-03/1761124123.json"
"365170","146153","2025-11-03","48.00","NZD","1761124123","23477/2025-11-03/1761124123.json"
"510807","146155","2025-11-03","52.00","NZD","1761124123","23477/2025-11-03/1761124123.json"
"581513","221281","2025-11-04","36.00","NZD","1761124123","23477/2025-11-04/1761124123.json"
"581514","221282","2025-11-04","36.00","NZD","1761124123","23477/2025-11-04/1761124123.json"
"512557","146154","2025-11-04","45.00","NZD","1761124123","23477/2025-11-04/1761124123.json"
"365170","146153","2025-11-04","48.00","NZD","1761124123","23477/2025-11-04/1761124123.json"
"510807","146155","2025-11-04","52.00","NZD","1761124123","23477/2025-11-04/1761124123.json"
"581513","221281","2025-11-05","36.00","NZD","1761124123","23477/2025-11-05/1761124123.json"
"581514","221282","2025-11-05","36.00","NZD","1761124123","23477/2025-11-05/1761124123.json"
"512557","146154","2025-11-05","45.00","NZD","1761124123","23477/2025-11-05/1761124123.json"
"365170","146153","2025-11-05","48.00","NZD","1761124123","23477/2025-11-05/1761124123.json"
"510807","146155","2025-11-05","52.00","NZD","1761124123","23477/2025-11-05/1761124123.json"
"581513","221281","2025-11-06","36.00","NZD","1761124123","23477/2025-11-06/1761124123.json"
"581514","221282","2025-11-06","36.00","NZD","1761124123","23477/2025-11-06/1761124123.json"
"512557","146154","2025-11-06","45.00","NZD","1761124123","23477/2025-11-06/1761124123.json"
"365170","146153","2025-11-06","48.00","NZD","1761124123","23477/2025-11-06/1761124123.json"
"510807","146155","2025-11-06","52.00","NZD","1761124123","23477/2025-11-06/1761124123.json"
"581513","221281","2025-10-23","36.00","NZD","1761124123","23477/2025-10-23/1761124123.json"
"581514","221282","2025-10-23","36.00","NZD","1761124123","23477/2025-10-23/1761124123.json"
"512557","146154","2025-10-23","45.00","NZD","1761124123","23477/2025-10-23/1761124123.json"
"365170","146153","2025-10-23","48.00","NZD","1761124123","23477/2025-10-23/1761124123.json"
"510807","146155","2025-10-23","52.00","NZD","1761124123","23477/2025-10-23/1761124123.json"
"581513","221281","2025-11-07","36.00","NZD","1761124123","23477/2025-11-07/1761124123.json"
"581514","221282","2025-11-07","36.00","NZD","1761124123","23477/2025-11-07/1761124123.json"
"512557","146154","2025-11-07","45.00","NZD","1761124123","23477/2025-11-07/1761124123.json"
"365170","146153","2025-11-07","48.00","NZD","1761124123","23477/2025-11-07/1761124123.json"
"510807","146155","2025-11-07","52.00","NZD","1761124123","23477/2025-11-07/1761124123.json"
"581513","221281","2025-11-08","36.00","NZD","1761124123","23477/2025-11-08/1761124123.json"
"581514","221282","2025-11-08","36.00","NZD","1761124123","23477/2025-11-08/1761124123.json"
"512557","146154","2025-11-08","45.00","NZD","1761124123","23477/2025-11-08/1761124123.json"
"365170","146153","2025-11-08","48.00","NZD","1761124123","23477/2025-11-08/1761124123.json"
"510807","146155","2025-11-08","52.00","NZD","1761124123","23477/2025-11-08/1761124123.json"
"581513","221281","2025-11-09","36.00","NZD","1761124123","23477/2025-11-09/1761124123.json"
"581514","221282","2025-11-09","36.00","NZD","1761124123","23477/2025-11-09/1761124123.json"
"512557","146154","2025-11-09","45.00","NZD","1761124123","23477/2025-11-09/1761124123.json"
"365170","146153","2025-11-09","48.00","NZD","1761124123","23477/2025-11-09/1761124123.json"
"510807","146155","2025-11-09","52.00","NZD","1761124123","23477/2025-11-09/1761124123.json"
"581513","221281","2025-11-10","36.00","NZD","1761124123","23477/2025-11-10/1761124123.json"
"581514","221282","2025-11-10","36.00","NZD","1761124123","23477/2025-11-10/1761124123.json"
"512557","146154","2025-11-10","45.00","NZD","1761124123","23477/2025-11-10/1761124123.json"
"365170","146153","2025-11-10","48.00","NZD","1761124123","23477/2025-11-10/1761124123.json"
"510807","146155","2025-11-10","52.00","NZD","1761124123","23477/2025-11-10/1761124123.json"
"581513","221281","2025-11-11","36.00","NZD","1761124123","23477/2025-11-11/1761124123.json"
"581514","221282","2025-11-11","36.00","NZD","1761124123","23477/2025-11-11/1761124123.json"
"512557","146154","2025-11-11","45.00","NZD","1761124123","23477/2025-11-11/1761124123.json"
"365170","146153","2025-11-11","48.00","NZD","1761124123","23477/2025-11-11/1761124123.json"
"510807","146155","2025-11-11","52.00","NZD","1761124123","23477/2025-11-11/1761124123.json"
"581513","221281","2025-11-12","36.00","NZD","1761124123","23477/2025-11-12/1761124123.json"
"581514","221282","2025-11-12","36.00","NZD","1761124123","23477/2025-11-12/1761124123.json"
"512557","146154","2025-11-12","45.00","NZD","1761124123","23477/2025-11-12/1761124123.json"
"365170","146153","2025-11-12","48.00","NZD","1761124123","23477/2025-11-12/1761124123.json"
"510807","146155","2025-11-12","52.00","NZD","1761124123","23477/2025-11-12/1761124123.json"
"581513","221281","2025-11-16","36.00","NZD","1761124123","23477/2025-11-16/1761124123.json"
"581514","221282","2025-11-16","36.00","NZD","1761124123","23477/2025-11-16/1761124123.json"
"512557","146154","2025-11-16","45.00","NZD","1761124123","23477/2025-11-16/1761124123.json"
"365170","146153","2025-11-16","48.00","NZD","1761124123","23477/2025-11-16/1761124123.json"
"510807","146155","2025-11-16","52.00","NZD","1761124123","23477/2025-11-16/1761124123.json"
"581513","221281","2025-11-13","36.00","NZD","1761124123","23477/2025-11-13/1761124123.json"
"581514","221282","2025-11-13","36.00","NZD","1761124123","23477/2025-11-13/1761124123.json"
"512557","146154","2025-11-13","45.00","NZD","1761124123","23477/2025-11-13/1761124123.json"
"365170","146153","2025-11-13","48.00","NZD","1761124123","23477/2025-11-13/1761124123.json"
"510807","146155","2025-11-13","52.00","NZD","1761124123","23477/2025-11-13/1761124123.json"
"581513","221281","2025-11-14","36.00","NZD","1761124123","23477/2025-11-14/1761124123.json"
"581514","221282","2025-11-14","36.00","NZD","1761124123","23477/2025-11-14/1761124123.json"
"512557","146154","2025-11-14","45.00","NZD","1761124123","23477/2025-11-14/1761124123.json"
"365170","146153","2025-11-14","48.00","NZD","1761124123","23477/2025-11-14/1761124123.json"
"510807","146155","2025-11-14","52.00","NZD","1761124123","23477/2025-11-14/1761124123.json"
"581513","221281","2025-11-15","36.00","NZD","1761124123","23477/2025-11-15/1761124123.json"
"581514","221282","2025-11-15","36.00","NZD","1761124123","23477/2025-11-15/1761124123.json"
"512557","146154","2025-11-15","45.00","NZD","1761124123","23477/2025-11-15/1761124123.json"
"365170","146153","2025-11-15","48.00","NZD","1761124123","23477/2025-11-15/1761124123.json"
"510807","146155","2025-11-15","52.00","NZD","1761124123","23477/2025-11-15/1761124123.json"
"581513","221281","2025-11-17","36.00","NZD","1761124123","23477/2025-11-17/1761124123.json"
"581514","221282","2025-11-17","36.00","NZD","1761124123","23477/2025-11-17/1761124123.json"
"512557","146154","2025-11-17","45.00","NZD","1761124123","23477/2025-11-17/1761124123.json"
"365170","146153","2025-11-17","48.00","NZD","1761124123","23477/2025-11-17/1761124123.json"
"510807","146155","2025-11-17","52.00","NZD","1761124123","23477/2025-11-17/1761124123.json"
"581513","221281","2025-11-18","36.00","NZD","1761124123","23477/2025-11-18/1761124123.json"
"581514","221282","2025-11-18","36.00","NZD","1761124123","23477/2025-11-18/1761124123.json"
"512557","146154","2025-11-18","45.00","NZD","1761124123","23477/2025-11-18/1761124123.json"
"365170","146153","2025-11-18","48.00","NZD","1761124123","23477/2025-11-18/1761124123.json"
"510807","146155","2025-11-18","52.00","NZD","1761124123","23477/2025-11-18/1761124123.json"
"581513","221281","2025-11-20","36.00","NZD","1761124123","23477/2025-11-20/1761124123.json"
"581514","221282","2025-11-20","36.00","NZD","1761124123","23477/2025-11-20/1761124123.json"
"512557","146154","2025-11-20","45.00","NZD","1761124123","23477/2025-11-20/1761124123.json"
"581513","221281","2025-11-21","36.00","NZD","1761124123","23477/2025-11-21/1761124123.json"
"581514","221282","2025-11-21","36.00","NZD","1761124123","23477/2025-11-21/1761124123.json"
"512557","146154","2025-11-21","45.00","NZD","1761124123","23477/2025-11-21/1761124123.json"
"365170","146153","2025-11-21","48.00","NZD","1761124123","23477/2025-11-21/1761124123.json"
"510807","146155","2025-11-21","52.00","NZD","1761124123","23477/2025-11-21/1761124123.json"
"581513","221281","2025-11-19","36.00","NZD","1761124123","23477/2025-11-19/1761124123.json"
"581514","221282","2025-11-19","36.00","NZD","1761124123","23477/2025-11-19/1761124123.json"
"512557","146154","2025-11-19","45.00","NZD","1761124123","23477/2025-11-19/1761124123.json"
"365170","146153","2025-11-19","48.00","NZD","1761124123","23477/2025-11-19/1761124123.json"
"510807","146155","2025-11-19","52.00","NZD","1761124123","23477/2025-11-19/1761124123.json"
"581513","221281","2025-11-22","36.00","NZD","1761124123","23477/2025-11-22/1761124123.json"
"581514","221282","2025-11-22","36.00","NZD","1761124123","23477/2025-11-22/1761124123.json"
"512557","146154","2025-11-22","45.00","NZD","1761124123","23477/2025-11-22/1761124123.json"
"365170","146153","2025-11-22","48.00","NZD","1761124123","23477/2025-11-22/1761124123.json"
"510807","146155","2025-11-22","52.00","NZD","1761124123","23477/2025-11-22/1761124123.json"
"581513","221281","2025-11-23","36.00","NZD","1761124123","23477/2025-11-23/1761124123.json"
"581514","221282","2025-11-23","36.00","NZD","1761124123","23477/2025-11-23/1761124123.json"
"512557","146154","2025-11-23","45.00","NZD","1761124123","23477/2025-11-23/1761124123.json"
"365170","146153","2025-11-23","48.00","NZD","1761124123","23477/2025-11-23/1761124123.json"
"510807","146155","2025-11-23","52.00","NZD","1761124123","23477/2025-11-23/1761124123.json"
"581513","221281","2025-11-24","36.00","NZD","1761124123","23477/2025-11-24/1761124123.json"
"581514","221282","2025-11-24","36.00","NZD","1761124123","23477/2025-11-24/1761124123.json"
"512557","146154","2025-11-24","45.00","NZD","1761124123","23477/2025-11-24/1761124123.json"
"365170","146153","2025-11-24","48.00","NZD","1761124123","23477/2025-11-24/1761124123.json"
"510807","146155","2025-11-24","52.00","NZD","1761124123","23477/2025-11-24/1761124123.json"
"581513","221281","2025-11-26","36.00","NZD","1761124123","23477/2025-11-26/1761124123.json"
"581514","221282","2025-11-26","36.00","NZD","1761124123","23477/2025-11-26/1761124123.json"
"512557","146154","2025-11-26","45.00","NZD","1761124123","23477/2025-11-26/1761124123.json"
"365170","146153","2025-11-26","48.00","NZD","1761124123","23477/2025-11-26/1761124123.json"
"510807","146155","2025-11-26","52.00","NZD","1761124123","23477/2025-11-26/1761124123.json"
"581513","221281","2025-11-25","36.00","NZD","1761124123","23477/2025-11-25/1761124123.json"
"581514","221282","2025-11-25","36.00","NZD","1761124123","23477/2025-11-25/1761124123.json"
"512557","146154","2025-11-25","45.00","NZD","1761124123","23477/2025-11-25/1761124123.json"
"365170","146153","2025-11-25","48.00","NZD","1761124123","23477/2025-11-25/1761124123.json"
"510807","146155","2025-11-25","52.00","NZD","1761124123","23477/2025-11-25/1761124123.json"
"581513","221281","2025-11-28","36.00","NZD","1761124123","23477/2025-11-28/1761124123.json"
"581514","221282","2025-11-28","36.00","NZD","1761124123","23477/2025-11-28/1761124123.json"
"512557","146154","2025-11-28","45.00","NZD","1761124123","23477/2025-11-28/1761124123.json"
"365170","146153","2025-11-28","48.00","NZD","1761124123","23477/2025-11-28/1761124123.json"
"510807","146155","2025-11-28","52.00","NZD","1761124123","23477/2025-11-28/1761124123.json"
"581513","221281","2025-11-27","36.00","NZD","1761124123","23477/2025-11-27/1761124123.json"
"581514","221282","2025-11-27","36.00","NZD","1761124123","23477/2025-11-27/1761124123.json"
"512557","146154","2025-11-27","45.00","NZD","1761124123","23477/2025-11-27/1761124123.json"
"365170","146153","2025-11-27","48.00","NZD","1761124123","23477/2025-11-27/1761124123.json"
"510807","146155","2025-11-27","52.00","NZD","1761124123","23477/2025-11-27/1761124123.json"
"581513","221281","2025-11-29","36.00","NZD","1761124123","23477/2025-11-29/1761124123.json"
"581514","221282","2025-11-29","36.00","NZD","1761124123","23477/2025-11-29/1761124123.json"
"512557","146154","2025-11-29","45.00","NZD","1761124123","23477/2025-11-29/1761124123.json"
"365170","146153","2025-11-29","48.00","NZD","1761124123","23477/2025-11-29/1761124123.json"
"510807","146155","2025-11-29","52.00","NZD","1761124123","23477/2025-11-29/1761124123.json"
"581513","221281","2025-11-30","36.00","NZD","1761124123","23477/2025-11-30/1761124123.json"
"581514","221282","2025-11-30","36.00","NZD","1761124123","23477/2025-11-30/1761124123.json"
"512557","146154","2025-11-30","45.00","NZD","1761124123","23477/2025-11-30/1761124123.json"
"365170","146153","2025-11-30","48.00","NZD","1761124123","23477/2025-11-30/1761124123.json"
"510807","146155","2025-11-30","52.00","NZD","1761124123","23477/2025-11-30/1761124123.json"
"581513","221281","2025-12-01","36.00","NZD","1761124123","23477/2025-12-01/1761124123.json"
"581514","221282","2025-12-01","36.00","NZD","1761124123","23477/2025-12-01/1761124123.json"
"512557","146154","2025-12-01","45.00","NZD","1761124123","23477/2025-12-01/1761124123.json"
"365170","146153","2025-12-01","48.00","NZD","1761124123","23477/2025-12-01/1761124123.json"
"510807","146155","2025-12-01","52.00","NZD","1761124123","23477/2025-12-01/1761124123.json"
"581513","221281","2025-12-02","36.00","NZD","1761124123","23477/2025-12-02/1761124123.json"
"581514","221282","2025-12-02","36.00","NZD","1761124123","23477/2025-12-02/1761124123.json"
"512557","146154","2025-12-02","45.00","NZD","1761124123","23477/2025-12-02/1761124123.json"
"365170","146153","2025-12-02","48.00","NZD","1761124123","23477/2025-12-02/1761124123.json"
"510807","146155","2025-12-02","52.00","NZD","1761124123","23477/2025-12-02/1761124123.json"
"581513","221281","2025-12-03","36.00","NZD","1761124123","23477/2025-12-03/1761124123.json"
"581514","221282","2025-12-03","36.00","NZD","1761124123","23477/2025-12-03/1761124123.json"
"512557","146154","2025-12-03","45.00","NZD","1761124123","23477/2025-12-03/1761124123.json"
"365170","146153","2025-12-03","48.00","NZD","1761124123","23477/2025-12-03/1761124123.json"
"510807","146155","2025-12-03","52.00","NZD","1761124123","23477/2025-12-03/1761124123.json"
"581513","221281","2025-12-04","36.00","NZD","1761124123","23477/2025-12-04/1761124123.json"
"581514","221282","2025-12-04","36.00","NZD","1761124123","23477/2025-12-04/1761124123.json"
"512557","146154","2025-12-04","45.00","NZD","1761124123","23477/2025-12-04/1761124123.json"
"365170","146153","2025-12-04","48.00","NZD","1761124123","23477/2025-12-04/1761124123.json"
"510807","146155","2025-12-04","52.00","NZD","1761124123","23477/2025-12-04/1761124123.json"
"581513","221281","2025-12-05","36.00","NZD","1761124123","23477/2025-12-05/1761124123.json"
"581514","221282","2025-12-05","36.00","NZD","1761124123","23477/2025-12-05/1761124123.json"
"512557","146154","2025-12-05","45.00","NZD","1761124123","23477/2025-12-05/1761124123.json"
"365170","146153","2025-12-05","48.00","NZD","1761124123","23477/2025-12-05/1761124123.json"
"510807","146155","2025-12-05","52.00","NZD","1761124123","23477/2025-12-05/1761124123.json"
"581513","221281","2025-12-06","36.00","NZD","1761124123","23477/2025-12-06/1761124123.json"
"581514","221282","2025-12-06","36.00","NZD","1761124123","23477/2025-12-06/1761124123.json"
"512557","146154","2025-12-06","45.00","NZD","1761124123","23477/2025-12-06/1761124123.json"
"365170","146153","2025-12-06","48.00","NZD","1761124123","23477/2025-12-06/1761124123.json"
"510807","146155","2025-12-06","52.00","NZD","1761124123","23477/2025-12-06/1761124123.json"
"581513","221281","2025-12-08","36.00","NZD","1761124123","23477/2025-12-08/1761124123.json"
"581514","221282","2025-12-08","36.00","NZD","1761124123","23477/2025-12-08/1761124123.json"
"512557","146154","2025-12-08","45.00","NZD","1761124123","23477/2025-12-08/1761124123.json"
"365170","146153","2025-12-08","48.00","NZD","1761124123","23477/2025-12-08/1761124123.json"
"510807","146155","2025-12-08","52.00","NZD","1761124123","23477/2025-12-08/1761124123.json"
"581513","221281","2025-12-07","36.00","NZD","1761124123","23477/2025-12-07/1761124123.json"
"581514","221282","2025-12-07","36.00","NZD","1761124123","23477/2025-12-07/1761124123.json"
"512557","146154","2025-12-07","45.00","NZD","1761124123","23477/2025-12-07/1761124123.json"
"365170","146153","2025-12-07","48.00","NZD","1761124123","23477/2025-12-07/1761124123.json"
"510807","146155","2025-12-07","52.00","NZD","1761124123","23477/2025-12-07/1761124123.json"
"581513","221281","2025-12-09","36.00","NZD","1761124123","23477/2025-12-09/1761124123.json"
"581514","221282","2025-12-09","36.00","NZD","1761124123","23477/2025-12-09/1761124123.json"
"512557","146154","2025-12-09","45.00","NZD","1761124123","23477/2025-12-09/1761124123.json"
"365170","146153","2025-12-09","48.00","NZD","1761124123","23477/2025-12-09/1761124123.json"
"510807","146155","2025-12-09","52.00","NZD","1761124123","23477/2025-12-09/1761124123.json"
"581513","221281","2025-12-10","36.00","NZD","1761124123","23477/2025-12-10/1761124123.json"
"581514","221282","2025-12-10","36.00","NZD","1761124123","23477/2025-12-10/1761124123.json"
"512557","146154","2025-12-10","45.00","NZD","1761124123","23477/2025-12-10/1761124123.json"
"365170","146153","2025-12-10","48.00","NZD","1761124123","23477/2025-12-10/1761124123.json"
"510807","146155","2025-12-10","52.00","NZD","1761124123","23477/2025-12-10/1761124123.json"
"581513","221281","2025-12-11","36.00","NZD","1761124123","23477/2025-12-11/1761124123.json"
"581514","221282","2025-12-11","36.00","NZD","1761124123","23477/2025-12-11/1761124123.json"
"512557","146154","2025-12-11","45.00","NZD","1761124123","23477/2025-12-11/1761124123.json"
"365170","146153","2025-12-11","48.00","NZD","1761124123","23477/2025-12-11/1761124123.json"
"510807","146155","2025-12-11","52.00","NZD","1761124123","23477/2025-12-11/1761124123.json"
"581513","221281","2025-12-12","36.00","NZD","1761124123","23477/2025-12-12/1761124123.json"
"581514","221282","2025-12-12","36.00","NZD","1761124123","23477/2025-12-12/1761124123.json"
"512557","146154","2025-12-12","45.00","NZD","1761124123","23477/2025-12-12/1761124123.json"
"365170","146153","2025-12-12","48.00","NZD","1761124123","23477/2025-12-12/1761124123.json"
"510807","146155","2025-12-12","52.00","NZD","1761124123","23477/2025-12-12/1761124123.json"
"581513","221281","2025-12-13","36.00","NZD","1761124123","23477/2025-12-13/1761124123.json"
"581514","221282","2025-12-13","36.00","NZD","1761124123","23477/2025-12-13/1761124123.json"
"512557","146154","2025-12-13","45.00","NZD","1761124123","23477/2025-12-13/1761124123.json"
"365170","146153","2025-12-13","48.00","NZD","1761124123","23477/2025-12-13/1761124123.json"
"510807","146155","2025-12-13","52.00","NZD","1761124123","23477/2025-12-13/1761124123.json"
"581513","221281","2025-12-14","36.00","NZD","1761124123","23477/2025-12-14/1761124123.json"
"581514","221282","2025-12-14","36.00","NZD","1761124123","23477/2025-12-14/1761124123.json"
"512557","146154","2025-12-14","45.00","NZD","1761124123","23477/2025-12-14/1761124123.json"
"365170","146153","2025-12-14","48.00","NZD","1761124123","23477/2025-12-14/1761124123.json"
"510807","146155","2025-12-14","52.00","NZD","1761124123","23477/2025-12-14/1761124123.json"
"581513","221281","2025-12-15","36.00","NZD","1761124123","23477/2025-12-15/1761124123.json"
"581514","221282","2025-12-15","36.00","NZD","1761124123","23477/2025-12-15/1761124123.json"
"512557","146154","2025-12-15","45.00","NZD","1761124123","23477/2025-12-15/1761124123.json"
"365170","146153","2025-12-15","48.00","NZD","1761124123","23477/2025-12-15/1761124123.json"
"510807","146155","2025-12-15","52.00","NZD","1761124123","23477/2025-12-15/1761124123.json"
"581513","221281","2025-12-17","36.00","NZD","1761124123","23477/2025-12-17/1761124123.json"
"581514","221282","2025-12-17","36.00","NZD","1761124123","23477/2025-12-17/1761124123.json"
"512557","146154","2025-12-17","45.00","NZD","1761124123","23477/2025-12-17/1761124123.json"
"365170","146153","2025-12-17","48.00","NZD","1761124123","23477/2025-12-17/1761124123.json"
"510807","146155","2025-12-17","52.00","NZD","1761124123","23477/2025-12-17/1761124123.json"
"581513","221281","2025-12-16","36.00","NZD","1761124123","23477/2025-12-16/1761124123.json"
"581514","221282","2025-12-16","36.00","NZD","1761124123","23477/2025-12-16/1761124123.json"
"512557","146154","2025-12-16","45.00","NZD","1761124123","23477/2025-12-16/1761124123.json"
"365170","146153","2025-12-16","48.00","NZD","1761124123","23477/2025-12-16/1761124123.json"
"510807","146155","2025-12-16","52.00","NZD","1761124123","23477/2025-12-16/1761124123.json"
"581513","221281","2025-12-18","36.00","NZD","1761124123","23477/2025-12-18/1761124123.json"
"581514","221282","2025-12-18","36.00","NZD","1761124123","23477/2025-12-18/1761124123.json"
"512557","146154","2025-12-18","45.00","NZD","1761124123","23477/2025-12-18/1761124123.json"
"365170","146153","2025-12-18","48.00","NZD","1761124123","23477/2025-12-18/1761124123.json"
"510807","146155","2025-12-18","52.00","NZD","1761124123","23477/2025-12-18/1761124123.json"
"581513","221281","2025-12-20","36.00","NZD","1761124123","23477/2025-12-20/1761124123.json"
"581514","221282","2025-12-20","36.00","NZD","1761124123","23477/2025-12-20/1761124123.json"
"512557","146154","2025-12-20","45.00","NZD","1761124123","23477/2025-12-20/1761124123.json"
"365170","146153","2025-12-20","48.00","NZD","1761124123","23477/2025-12-20/1761124123.json"
"510807","146155","2025-12-20","52.00","NZD","1761124123","23477/2025-12-20/1761124123.json"
"581513","221281","2025-12-19","36.00","NZD","1761124123","23477/2025-12-19/1761124123.json"
"581514","221282","2025-12-19","36.00","NZD","1761124123","23477/2025-12-19/1761124123.json"
"512557","146154","2025-12-19","45.00","NZD","1761124123","23477/2025-12-19/1761124123.json"
"365170","146153","2025-12-19","48.00","NZD","1761124123","23477/2025-12-19/1761124123.json"
"510807","146155","2025-12-19","52.00","NZD","1761124123","23477/2025-12-19/1761124123.json"
"581513","221281","2025-12-21","36.00","NZD","1761124123","23477/2025-12-21/1761124123.json"
"581514","221282","2025-12-21","36.00","NZD","1761124123","23477/2025-12-21/1761124123.json"
"512557","146154","2025-12-21","45.00","NZD","1761124123","23477/2025-12-21/1761124123.json"
"365170","146153","2025-12-21","48.00","NZD","1761124123","23477/2025-12-21/1761124123.json"
"510807","146155","2025-12-21","52.00","NZD","1761124123","23477/2025-12-21/1761124123.json"
"581513","221281","2025-10-23","36.00","NZD","1761141663","23477/2025-10-23/1761141663.json"
"581514","221282","2025-10-23","36.00","NZD","1761141663","23477/2025-10-23/1761141663.json"
"512557","146154","2025-10-23","45.00","NZD","1761141663","23477/2025-10-23/1761141663.json"
"365170","146153","2025-10-23","48.00","NZD","1761141663","23477/2025-10-23/1761141663.json"
"510807","146155","2025-10-23","52.00","NZD","1761141663","23477/2025-10-23/1761141663.json"
"581513","221281","2025-10-26","38.00","NZD","1761141663","23477/2025-10-26/1761141663.json"
"581514","221282","2025-10-26","38.00","NZD","1761141663","23477/2025-10-26/1761141663.json"
"512557","146154","2025-10-26","45.00","NZD","1761141663","23477/2025-10-26/1761141663.json"
"581513","221281","2025-10-24","36.00","NZD","1761141663","23477/2025-10-24/1761141663.json"
"581514","221282","2025-10-24","36.00","NZD","1761141663","23477/2025-10-24/1761141663.json"
"512557","146154","2025-10-24","45.00","NZD","1761141663","23477/2025-10-24/1761141663.json"
"365170","146153","2025-10-24","48.00","NZD","1761141663","23477/2025-10-24/1761141663.json"
"510807","146155","2025-10-24","52.00","NZD","1761141663","23477/2025-10-24/1761141663.json"
"581513","221281","2025-10-25","38.00","NZD","1761141663","23477/2025-10-25/1761141663.json"
"581514","221282","2025-10-25","38.00","NZD","1761141663","23477/2025-10-25/1761141663.json"
"512557","146154","2025-10-25","45.00","NZD","1761141663","23477/2025-10-25/1761141663.json"
"581513","221281","2025-10-27","38.00","NZD","1761141663","23477/2025-10-27/1761141663.json"
"581514","221282","2025-10-27","38.00","NZD","1761141663","23477/2025-10-27/1761141663.json"
"512557","146154","2025-10-27","45.00","NZD","1761141663","23477/2025-10-27/1761141663.json"
"365170","146153","2025-10-27","48.00","NZD","1761141663","23477/2025-10-27/1761141663.json"
"510807","146155","2025-10-27","52.00","NZD","1761141663","23477/2025-10-27/1761141663.json"
"581513","221281","2025-10-29","36.00","NZD","1761141663","23477/2025-10-29/1761141663.json"
"581514","221282","2025-10-29","36.00","NZD","1761141663","23477/2025-10-29/1761141663.json"
"512557","146154","2025-10-29","45.00","NZD","1761141663","23477/2025-10-29/1761141663.json"
"365170","146153","2025-10-29","48.00","NZD","1761141663","23477/2025-10-29/1761141663.json"
"510807","146155","2025-10-29","52.00","NZD","1761141663","23477/2025-10-29/1761141663.json"
"581513","221281","2025-10-28","36.00","NZD","1761141663","23477/2025-10-28/1761141663.json"
"581514","221282","2025-10-28","36.00","NZD","1761141663","23477/2025-10-28/1761141663.json"
"512557","146154","2025-10-28","45.00","NZD","1761141663","23477/2025-10-28/1761141663.json"
"365170","146153","2025-10-28","48.00","NZD","1761141663","23477/2025-10-28/1761141663.json"
"510807","146155","2025-10-28","52.00","NZD","1761141663","23477/2025-10-28/1761141663.json"
"581513","221281","2025-10-30","36.00","NZD","1761141663","23477/2025-10-30/1761141663.json"
"581514","221282","2025-10-30","36.00","NZD","1761141663","23477/2025-10-30/1761141663.json"
"512557","146154","2025-10-30","45.00","NZD","1761141663","23477/2025-10-30/1761141663.json"
"365170","146153","2025-10-30","48.00","NZD","1761141663","23477/2025-10-30/1761141663.json"
"510807","146155","2025-10-30","52.00","NZD","1761141663","23477/2025-10-30/1761141663.json"
"581513","221281","2025-10-31","36.00","NZD","1761141663","23477/2025-10-31/1761141663.json"
"581514","221282","2025-10-31","36.00","NZD","1761141663","23477/2025-10-31/1761141663.json"
"512557","146154","2025-10-31","45.00","NZD","1761141663","23477/2025-10-31/1761141663.json"
"365170","146153","2025-10-31","48.00","NZD","1761141663","23477/2025-10-31/1761141663.json"
"510807","146155","2025-10-31","52.00","NZD","1761141663","23477/2025-10-31/1761141663.json"
"581513","221281","2025-11-01","36.00","NZD","1761141663","23477/2025-11-01/1761141663.json"
"581514","221282","2025-11-01","36.00","NZD","1761141663","23477/2025-11-01/1761141663.json"
"512557","146154","2025-11-01","45.00","NZD","1761141663","23477/2025-11-01/1761141663.json"
"365170","146153","2025-11-01","48.00","NZD","1761141663","23477/2025-11-01/1761141663.json"
"510807","146155","2025-11-01","52.00","NZD","1761141663","23477/2025-11-01/1761141663.json"
"581513","221281","2025-11-02","36.00","NZD","1761141663","23477/2025-11-02/1761141663.json"
"581514","221282","2025-11-02","36.00","NZD","1761141663","23477/2025-11-02/1761141663.json"
"512557","146154","2025-11-02","45.00","NZD","1761141663","23477/2025-11-02/1761141663.json"
"365170","146153","2025-11-02","48.00","NZD","1761141663","23477/2025-11-02/1761141663.json"
"510807","146155","2025-11-02","52.00","NZD","1761141663","23477/2025-11-02/1761141663.json"
"581513","221281","2025-11-03","36.00","NZD","1761141663","23477/2025-11-03/1761141663.json"
"581514","221282","2025-11-03","36.00","NZD","1761141663","23477/2025-11-03/1761141663.json"
"512557","146154","2025-11-03","45.00","NZD","1761141663","23477/2025-11-03/1761141663.json"
"365170","146153","2025-11-03","48.00","NZD","1761141663","23477/2025-11-03/1761141663.json"
"510807","146155","2025-11-03","52.00","NZD","1761141663","23477/2025-11-03/1761141663.json"
"581513","221281","2025-11-04","36.00","NZD","1761141663","23477/2025-11-04/1761141663.json"
"581514","221282","2025-11-04","36.00","NZD","1761141663","23477/2025-11-04/1761141663.json"
"512557","146154","2025-11-04","45.00","NZD","1761141663","23477/2025-11-04/1761141663.json"
"365170","146153","2025-11-04","48.00","NZD","1761141663","23477/2025-11-04/1761141663.json"
"510807","146155","2025-11-04","52.00","NZD","1761141663","23477/2025-11-04/1761141663.json"
"581513","221281","2025-11-07","36.00","NZD","1761141663","23477/2025-11-07/1761141663.json"
"581514","221282","2025-11-07","36.00","NZD","1761141663","23477/2025-11-07/1761141663.json"
"512557","146154","2025-11-07","45.00","NZD","1761141663","23477/2025-11-07/1761141663.json"
"365170","146153","2025-11-07","48.00","NZD","1761141663","23477/2025-11-07/1761141663.json"
"510807","146155","2025-11-07","52.00","NZD","1761141663","23477/2025-11-07/1761141663.json"
"581513","221281","2025-11-05","36.00","NZD","1761141663","23477/2025-11-05/1761141663.json"
"581514","221282","2025-11-05","36.00","NZD","1761141663","23477/2025-11-05/1761141663.json"
"512557","146154","2025-11-05","45.00","NZD","1761141663","23477/2025-11-05/1761141663.json"
"365170","146153","2025-11-05","48.00","NZD","1761141663","23477/2025-11-05/1761141663.json"
"510807","146155","2025-11-05","52.00","NZD","1761141663","23477/2025-11-05/1761141663.json"
"581513","221281","2025-11-08","36.00","NZD","1761141663","23477/2025-11-08/1761141663.json"
"581514","221282","2025-11-08","36.00","NZD","1761141663","23477/2025-11-08/1761141663.json"
"512557","146154","2025-11-08","45.00","NZD","1761141663","23477/2025-11-08/1761141663.json"
"365170","146153","2025-11-08","48.00","NZD","1761141663","23477/2025-11-08/1761141663.json"
"510807","146155","2025-11-08","52.00","NZD","1761141663","23477/2025-11-08/1761141663.json"
"581513","221281","2025-11-06","36.00","NZD","1761141663","23477/2025-11-06/1761141663.json"
"581514","221282","2025-11-06","36.00","NZD","1761141663","23477/2025-11-06/1761141663.json"
"512557","146154","2025-11-06","45.00","NZD","1761141663","23477/2025-11-06/1761141663.json"
"365170","146153","2025-11-06","48.00","NZD","1761141663","23477/2025-11-06/1761141663.json"
"510807","146155","2025-11-06","52.00","NZD","1761141663","23477/2025-11-06/1761141663.json"
"581513","221281","2025-11-10","36.00","NZD","1761141663","23477/2025-11-10/1761141663.json"
"581514","221282","2025-11-10","36.00","NZD","1761141663","23477/2025-11-10/1761141663.json"
"512557","146154","2025-11-10","45.00","NZD","1761141663","23477/2025-11-10/1761141663.json"
"365170","146153","2025-11-10","48.00","NZD","1761141663","23477/2025-11-10/1761141663.json"
"510807","146155","2025-11-10","52.00","NZD","1761141663","23477/2025-11-10/1761141663.json"
"581513","221281","2025-11-12","36.00","NZD","1761141663","23477/2025-11-12/1761141663.json"
"581514","221282","2025-11-12","36.00","NZD","1761141663","23477/2025-11-12/1761141663.json"
"512557","146154","2025-11-12","45.00","NZD","1761141663","23477/2025-11-12/1761141663.json"
"365170","146153","2025-11-12","48.00","NZD","1761141663","23477/2025-11-12/1761141663.json"
"510807","146155","2025-11-12","52.00","NZD","1761141663","23477/2025-11-12/1761141663.json"
"581513","221281","2025-11-09","36.00","NZD","1761141663","23477/2025-11-09/1761141663.json"
"581514","221282","2025-11-09","36.00","NZD","1761141663","23477/2025-11-09/1761141663.json"
"512557","146154","2025-11-09","45.00","NZD","1761141663","23477/2025-11-09/1761141663.json"
"365170","146153","2025-11-09","48.00","NZD","1761141663","23477/2025-11-09/1761141663.json"
"510807","146155","2025-11-09","52.00","NZD","1761141663","23477/2025-11-09/1761141663.json"
"581513","221281","2025-11-11","36.00","NZD","1761141663","23477/2025-11-11/1761141663.json"
"581514","221282","2025-11-11","36.00","NZD","1761141663","23477/2025-11-11/1761141663.json"
"512557","146154","2025-11-11","45.00","NZD","1761141663","23477/2025-11-11/1761141663.json"
"365170","146153","2025-11-11","48.00","NZD","1761141663","23477/2025-11-11/1761141663.json"
"510807","146155","2025-11-11","52.00","NZD","1761141663","23477/2025-11-11/1761141663.json"
"581513","221281","2025-11-13","36.00","NZD","1761141663","23477/2025-11-13/1761141663.json"
"581514","221282","2025-11-13","36.00","NZD","1761141663","23477/2025-11-13/1761141663.json"
"512557","146154","2025-11-13","45.00","NZD","1761141663","23477/2025-11-13/1761141663.json"
"365170","146153","2025-11-13","48.00","NZD","1761141663","23477/2025-11-13/1761141663.json"
"510807","146155","2025-11-13","52.00","NZD","1761141663","23477/2025-11-13/1761141663.json"
"581513","221281","2025-11-16","36.00","NZD","1761141663","23477/2025-11-16/1761141663.json"
"581514","221282","2025-11-16","36.00","NZD","1761141663","23477/2025-11-16/1761141663.json"
"512557","146154","2025-11-16","45.00","NZD","1761141663","23477/2025-11-16/1761141663.json"
"365170","146153","2025-11-16","48.00","NZD","1761141663","23477/2025-11-16/1761141663.json"
"510807","146155","2025-11-16","52.00","NZD","1761141663","23477/2025-11-16/1761141663.json"
"581513","221281","2025-11-15","36.00","NZD","1761141663","23477/2025-11-15/1761141663.json"
"581514","221282","2025-11-15","36.00","NZD","1761141663","23477/2025-11-15/1761141663.json"
"512557","146154","2025-11-15","45.00","NZD","1761141663","23477/2025-11-15/1761141663.json"
"365170","146153","2025-11-15","48.00","NZD","1761141663","23477/2025-11-15/1761141663.json"
"510807","146155","2025-11-15","52.00","NZD","1761141663","23477/2025-11-15/1761141663.json"
"581513","221281","2025-11-14","36.00","NZD","1761141663","23477/2025-11-14/1761141663.json"
"581514","221282","2025-11-14","36.00","NZD","1761141663","23477/2025-11-14/1761141663.json"
"512557","146154","2025-11-14","45.00","NZD","1761141663","23477/2025-11-14/1761141663.json"
"365170","146153","2025-11-14","48.00","NZD","1761141663","23477/2025-11-14/1761141663.json"
"510807","146155","2025-11-14","52.00","NZD","1761141663","23477/2025-11-14/1761141663.json"
"581513","221281","2025-11-17","36.00","NZD","1761141663","23477/2025-11-17/1761141663.json"
"581514","221282","2025-11-17","36.00","NZD","1761141663","23477/2025-11-17/1761141663.json"
"512557","146154","2025-11-17","45.00","NZD","1761141663","23477/2025-11-17/1761141663.json"
"365170","146153","2025-11-17","48.00","NZD","1761141663","23477/2025-11-17/1761141663.json"
"510807","146155","2025-11-17","52.00","NZD","1761141663","23477/2025-11-17/1761141663.json"
"581513","221281","2025-11-19","36.00","NZD","1761141663","23477/2025-11-19/1761141663.json"
"581514","221282","2025-11-19","36.00","NZD","1761141663","23477/2025-11-19/1761141663.json"
"581513","221281","2025-11-18","36.00","NZD","1761141663","23477/2025-11-18/1761141663.json"
"512557","146154","2025-11-19","45.00","NZD","1761141663","23477/2025-11-19/1761141663.json"
"581514","221282","2025-11-18","36.00","NZD","1761141663","23477/2025-11-18/1761141663.json"
"365170","146153","2025-11-19","48.00","NZD","1761141663","23477/2025-11-19/1761141663.json"
"512557","146154","2025-11-18","45.00","NZD","1761141663","23477/2025-11-18/1761141663.json"
"510807","146155","2025-11-19","52.00","NZD","1761141663","23477/2025-11-19/1761141663.json"
"365170","146153","2025-11-18","48.00","NZD","1761141663","23477/2025-11-18/1761141663.json"
"510807","146155","2025-11-18","52.00","NZD","1761141663","23477/2025-11-18/1761141663.json"
"581513","221281","2025-11-21","36.00","NZD","1761141663","23477/2025-11-21/1761141663.json"
"581514","221282","2025-11-21","36.00","NZD","1761141663","23477/2025-11-21/1761141663.json"
"512557","146154","2025-11-21","45.00","NZD","1761141663","23477/2025-11-21/1761141663.json"
"365170","146153","2025-11-21","48.00","NZD","1761141663","23477/2025-11-21/1761141663.json"
"510807","146155","2025-11-21","52.00","NZD","1761141663","23477/2025-11-21/1761141663.json"
"581513","221281","2025-11-20","36.00","NZD","1761141663","23477/2025-11-20/1761141663.json"
"581514","221282","2025-11-20","36.00","NZD","1761141663","23477/2025-11-20/1761141663.json"
"512557","146154","2025-11-20","45.00","NZD","1761141663","23477/2025-11-20/1761141663.json"
"581513","221281","2025-11-22","36.00","NZD","1761141663","23477/2025-11-22/1761141663.json"
"581514","221282","2025-11-22","36.00","NZD","1761141663","23477/2025-11-22/1761141663.json"
"512557","146154","2025-11-22","45.00","NZD","1761141663","23477/2025-11-22/1761141663.json"
"365170","146153","2025-11-22","48.00","NZD","1761141663","23477/2025-11-22/1761141663.json"
"510807","146155","2025-11-22","52.00","NZD","1761141663","23477/2025-11-22/1761141663.json"
"581513","221281","2025-11-23","36.00","NZD","1761141663","23477/2025-11-23/1761141663.json"
"581514","221282","2025-11-23","36.00","NZD","1761141663","23477/2025-11-23/1761141663.json"
"512557","146154","2025-11-23","45.00","NZD","1761141663","23477/2025-11-23/1761141663.json"
"365170","146153","2025-11-23","48.00","NZD","1761141663","23477/2025-11-23/1761141663.json"
"510807","146155","2025-11-23","52.00","NZD","1761141663","23477/2025-11-23/1761141663.json"
"581513","221281","2025-11-24","36.00","NZD","1761141663","23477/2025-11-24/1761141663.json"
"581514","221282","2025-11-24","36.00","NZD","1761141663","23477/2025-11-24/1761141663.json"
"512557","146154","2025-11-24","45.00","NZD","1761141663","23477/2025-11-24/1761141663.json"
"365170","146153","2025-11-24","48.00","NZD","1761141663","23477/2025-11-24/1761141663.json"
"510807","146155","2025-11-24","52.00","NZD","1761141663","23477/2025-11-24/1761141663.json"
"581513","221281","2025-11-25","36.00","NZD","1761141663","23477/2025-11-25/1761141663.json"
"581514","221282","2025-11-25","36.00","NZD","1761141663","23477/2025-11-25/1761141663.json"
"512557","146154","2025-11-25","45.00","NZD","1761141663","23477/2025-11-25/1761141663.json"
"365170","146153","2025-11-25","48.00","NZD","1761141663","23477/2025-11-25/1761141663.json"
"510807","146155","2025-11-25","52.00","NZD","1761141663","23477/2025-11-25/1761141663.json"
"581513","221281","2025-11-26","36.00","NZD","1761141663","23477/2025-11-26/1761141663.json"
"581513","221281","2025-11-27","36.00","NZD","1761141663","23477/2025-11-27/1761141663.json"
"581514","221282","2025-11-26","36.00","NZD","1761141663","23477/2025-11-26/1761141663.json"
"581514","221282","2025-11-27","36.00","NZD","1761141663","23477/2025-11-27/1761141663.json"
"512557","146154","2025-11-27","45.00","NZD","1761141663","23477/2025-11-27/1761141663.json"
"512557","146154","2025-11-26","45.00","NZD","1761141663","23477/2025-11-26/1761141663.json"
"365170","146153","2025-11-27","48.00","NZD","1761141663","23477/2025-11-27/1761141663.json"
"510807","146155","2025-11-27","52.00","NZD","1761141663","23477/2025-11-27/1761141663.json"
"365170","146153","2025-11-26","48.00","NZD","1761141663","23477/2025-11-26/1761141663.json"
"510807","146155","2025-11-26","52.00","NZD","1761141663","23477/2025-11-26/1761141663.json"
"581513","221281","2025-11-29","36.00","NZD","1761141663","23477/2025-11-29/1761141663.json"
"581514","221282","2025-11-29","36.00","NZD","1761141663","23477/2025-11-29/1761141663.json"
"512557","146154","2025-11-29","45.00","NZD","1761141663","23477/2025-11-29/1761141663.json"
"365170","146153","2025-11-29","48.00","NZD","1761141663","23477/2025-11-29/1761141663.json"
"510807","146155","2025-11-29","52.00","NZD","1761141663","23477/2025-11-29/1761141663.json"
"581513","221281","2025-11-30","36.00","NZD","1761141663","23477/2025-11-30/1761141663.json"
"581514","221282","2025-11-30","36.00","NZD","1761141663","23477/2025-11-30/1761141663.json"
"512557","146154","2025-11-30","45.00","NZD","1761141663","23477/2025-11-30/1761141663.json"
"365170","146153","2025-11-30","48.00","NZD","1761141663","23477/2025-11-30/1761141663.json"
"510807","146155","2025-11-30","52.00","NZD","1761141663","23477/2025-11-30/1761141663.json"
"581513","221281","2025-12-01","36.00","NZD","1761141663","23477/2025-12-01/1761141663.json"
"581514","221282","2025-12-01","36.00","NZD","1761141663","23477/2025-12-01/1761141663.json"
"512557","146154","2025-12-01","45.00","NZD","1761141663","23477/2025-12-01/1761141663.json"
"365170","146153","2025-12-01","48.00","NZD","1761141663","23477/2025-12-01/1761141663.json"
"510807","146155","2025-12-01","52.00","NZD","1761141663","23477/2025-12-01/1761141663.json"
"581513","221281","2025-11-28","36.00","NZD","1761141663","23477/2025-11-28/1761141663.json"
"581514","221282","2025-11-28","36.00","NZD","1761141663","23477/2025-11-28/1761141663.json"
"512557","146154","2025-11-28","45.00","NZD","1761141663","23477/2025-11-28/1761141663.json"
"365170","146153","2025-11-28","48.00","NZD","1761141663","23477/2025-11-28/1761141663.json"
"510807","146155","2025-11-28","52.00","NZD","1761141663","23477/2025-11-28/1761141663.json"
"581513","221281","2025-12-02","36.00","NZD","1761141663","23477/2025-12-02/1761141663.json"
"581514","221282","2025-12-02","36.00","NZD","1761141663","23477/2025-12-02/1761141663.json"
"512557","146154","2025-12-02","45.00","NZD","1761141663","23477/2025-12-02/1761141663.json"
"365170","146153","2025-12-02","48.00","NZD","1761141663","23477/2025-12-02/1761141663.json"
"510807","146155","2025-12-02","52.00","NZD","1761141663","23477/2025-12-02/1761141663.json"
"581513","221281","2025-12-03","36.00","NZD","1761141663","23477/2025-12-03/1761141663.json"
"581514","221282","2025-12-03","36.00","NZD","1761141663","23477/2025-12-03/1761141663.json"
"512557","146154","2025-12-03","45.00","NZD","1761141663","23477/2025-12-03/1761141663.json"
"365170","146153","2025-12-03","48.00","NZD","1761141663","23477/2025-12-03/1761141663.json"
"510807","146155","2025-12-03","52.00","NZD","1761141663","23477/2025-12-03/1761141663.json"
"581513","221281","2025-12-04","36.00","NZD","1761141663","23477/2025-12-04/1761141663.json"
"581514","221282","2025-12-04","36.00","NZD","1761141663","23477/2025-12-04/1761141663.json"
"512557","146154","2025-12-04","45.00","NZD","1761141663","23477/2025-12-04/1761141663.json"
"365170","146153","2025-12-04","48.00","NZD","1761141663","23477/2025-12-04/1761141663.json"
"510807","146155","2025-12-04","52.00","NZD","1761141663","23477/2025-12-04/1761141663.json"
"581513","221281","2025-12-07","36.00","NZD","1761141663","23477/2025-12-07/1761141663.json"
"581514","221282","2025-12-07","36.00","NZD","1761141663","23477/2025-12-07/1761141663.json"
"512557","146154","2025-12-07","45.00","NZD","1761141663","23477/2025-12-07/1761141663.json"
"365170","146153","2025-12-07","48.00","NZD","1761141663","23477/2025-12-07/1761141663.json"
"510807","146155","2025-12-07","52.00","NZD","1761141663","23477/2025-12-07/1761141663.json"
"581513","221281","2025-12-06","36.00","NZD","1761141663","23477/2025-12-06/1761141663.json"
"581514","221282","2025-12-06","36.00","NZD","1761141663","23477/2025-12-06/1761141663.json"
"512557","146154","2025-12-06","45.00","NZD","1761141663","23477/2025-12-06/1761141663.json"
"365170","146153","2025-12-06","48.00","NZD","1761141663","23477/2025-12-06/1761141663.json"
"510807","146155","2025-12-06","52.00","NZD","1761141663","23477/2025-12-06/1761141663.json"
"581513","221281","2025-12-05","36.00","NZD","1761141663","23477/2025-12-05/1761141663.json"
"581514","221282","2025-12-05","36.00","NZD","1761141663","23477/2025-12-05/1761141663.json"
"512557","146154","2025-12-05","45.00","NZD","1761141663","23477/2025-12-05/1761141663.json"
"365170","146153","2025-12-05","48.00","NZD","1761141663","23477/2025-12-05/1761141663.json"
"510807","146155","2025-12-05","52.00","NZD","1761141663","23477/2025-12-05/1761141663.json"
"581513","221281","2025-12-08","36.00","NZD","1761141663","23477/2025-12-08/1761141663.json"
"581514","221282","2025-12-08","36.00","NZD","1761141663","23477/2025-12-08/1761141663.json"
"512557","146154","2025-12-08","45.00","NZD","1761141663","23477/2025-12-08/1761141663.json"
"365170","146153","2025-12-08","48.00","NZD","1761141663","23477/2025-12-08/1761141663.json"
"510807","146155","2025-12-08","52.00","NZD","1761141663","23477/2025-12-08/1761141663.json"
"581513","221281","2025-12-09","36.00","NZD","1761141663","23477/2025-12-09/1761141663.json"
"581514","221282","2025-12-09","36.00","NZD","1761141663","23477/2025-12-09/1761141663.json"
"512557","146154","2025-12-09","45.00","NZD","1761141663","23477/2025-12-09/1761141663.json"
"365170","146153","2025-12-09","48.00","NZD","1761141663","23477/2025-12-09/1761141663.json"
"510807","146155","2025-12-09","52.00","NZD","1761141663","23477/2025-12-09/1761141663.json"
"581513","221281","2025-12-10","36.00","NZD","1761141663","23477/2025-12-10/1761141663.json"
"581514","221282","2025-12-10","36.00","NZD","1761141663","23477/2025-12-10/1761141663.json"
"512557","146154","2025-12-10","45.00","NZD","1761141663","23477/2025-12-10/1761141663.json"
"365170","146153","2025-12-10","48.00","NZD","1761141663","23477/2025-12-10/1761141663.json"
"510807","146155","2025-12-10","52.00","NZD","1761141663","23477/2025-12-10/1761141663.json"
"581513","221281","2025-12-11","36.00","NZD","1761141663","23477/2025-12-11/1761141663.json"
"581514","221282","2025-12-11","36.00","NZD","1761141663","23477/2025-12-11/1761141663.json"
"512557","146154","2025-12-11","45.00","NZD","1761141663","23477/2025-12-11/1761141663.json"
"365170","146153","2025-12-11","48.00","NZD","1761141663","23477/2025-12-11/1761141663.json"
"510807","146155","2025-12-11","52.00","NZD","1761141663","23477/2025-12-11/1761141663.json"
"581513","221281","2025-12-12","36.00","NZD","1761141663","23477/2025-12-12/1761141663.json"
"581514","221282","2025-12-12","36.00","NZD","1761141663","23477/2025-12-12/1761141663.json"
"512557","146154","2025-12-12","45.00","NZD","1761141663","23477/2025-12-12/1761141663.json"
"365170","146153","2025-12-12","48.00","NZD","1761141663","23477/2025-12-12/1761141663.json"
"510807","146155","2025-12-12","52.00","NZD","1761141663","23477/2025-12-12/1761141663.json"
"581513","221281","2025-12-13","36.00","NZD","1761141663","23477/2025-12-13/1761141663.json"
"581514","221282","2025-12-13","36.00","NZD","1761141663","23477/2025-12-13/1761141663.json"
"512557","146154","2025-12-13","45.00","NZD","1761141663","23477/2025-12-13/1761141663.json"
"365170","146153","2025-12-13","48.00","NZD","1761141663","23477/2025-12-13/1761141663.json"
"510807","146155","2025-12-13","52.00","NZD","1761141663","23477/2025-12-13/1761141663.json"
"581513","221281","2025-12-14","36.00","NZD","1761141663","23477/2025-12-14/1761141663.json"
"581514","221282","2025-12-14","36.00","NZD","1761141663","23477/2025-12-14/1761141663.json"
"512557","146154","2025-12-14","45.00","NZD","1761141663","23477/2025-12-14/1761141663.json"
"365170","146153","2025-12-14","48.00","NZD","1761141663","23477/2025-12-14/1761141663.json"
"510807","146155","2025-12-14","52.00","NZD","1761141663","23477/2025-12-14/1761141663.json"
"581513","221281","2025-12-15","36.00","NZD","1761141663","23477/2025-12-15/1761141663.json"
"581514","221282","2025-12-15","36.00","NZD","1761141663","23477/2025-12-15/1761141663.json"
"512557","146154","2025-12-15","45.00","NZD","1761141663","23477/2025-12-15/1761141663.json"
"365170","146153","2025-12-15","48.00","NZD","1761141663","23477/2025-12-15/1761141663.json"
"510807","146155","2025-12-15","52.00","NZD","1761141663","23477/2025-12-15/1761141663.json"
"581513","221281","2025-12-16","36.00","NZD","1761141663","23477/2025-12-16/1761141663.json"
"581514","221282","2025-12-16","36.00","NZD","1761141663","23477/2025-12-16/1761141663.json"
"512557","146154","2025-12-16","45.00","NZD","1761141663","23477/2025-12-16/1761141663.json"
"365170","146153","2025-12-16","48.00","NZD","1761141663","23477/2025-12-16/1761141663.json"
"510807","146155","2025-12-16","52.00","NZD","1761141663","23477/2025-12-16/1761141663.json"
"581513","221281","2025-12-18","36.00","NZD","1761141663","23477/2025-12-18/1761141663.json"
"581514","221282","2025-12-18","36.00","NZD","1761141663","23477/2025-12-18/1761141663.json"
"512557","146154","2025-12-18","45.00","NZD","1761141663","23477/2025-12-18/1761141663.json"
"365170","146153","2025-12-18","48.00","NZD","1761141663","23477/2025-12-18/1761141663.json"
"510807","146155","2025-12-18","52.00","NZD","1761141663","23477/2025-12-18/1761141663.json"
"581513","221281","2025-12-19","36.00","NZD","1761141663","23477/2025-12-19/1761141663.json"
"581514","221282","2025-12-19","36.00","NZD","1761141663","23477/2025-12-19/1761141663.json"
"512557","146154","2025-12-19","45.00","NZD","1761141663","23477/2025-12-19/1761141663.json"
"365170","146153","2025-12-19","48.00","NZD","1761141663","23477/2025-12-19/1761141663.json"
"510807","146155","2025-12-19","52.00","NZD","1761141663","23477/2025-12-19/1761141663.json"
"581513","221281","2025-12-17","36.00","NZD","1761141663","23477/2025-12-17/1761141663.json"
"581514","221282","2025-12-17","36.00","NZD","1761141663","23477/2025-12-17/1761141663.json"
"512557","146154","2025-12-17","45.00","NZD","1761141663","23477/2025-12-17/1761141663.json"
"365170","146153","2025-12-17","48.00","NZD","1761141663","23477/2025-12-17/1761141663.json"
"510807","146155","2025-12-17","52.00","NZD","1761141663","23477/2025-12-17/1761141663.json"
"581513","221281","2025-12-20","36.00","NZD","1761141663","23477/2025-12-20/1761141663.json"
"581514","221282","2025-12-20","36.00","NZD","1761141663","23477/2025-12-20/1761141663.json"
"512557","146154","2025-12-20","45.00","NZD","1761141663","23477/2025-12-20/1761141663.json"
"365170","146153","2025-12-20","48.00","NZD","1761141663","23477/2025-12-20/1761141663.json"
"510807","146155","2025-12-20","52.00","NZD","1761141663","23477/2025-12-20/1761141663.json"
"581513","221281","2025-12-21","36.00","NZD","1761141663","23477/2025-12-21/1761141663.json"
"581514","221282","2025-12-21","36.00","NZD","1761141663","23477/2025-12-21/1761141663.json"
"512557","146154","2025-12-21","45.00","NZD","1761141663","23477/2025-12-21/1761141663.json"
"365170","146153","2025-12-21","48.00","NZD","1761141663","23477/2025-12-21/1761141663.json"
"510807","146155","2025-12-21","52.00","NZD","1761141663","23477/2025-12-21/1761141663.json"
"581513","221281","2025-10-23","36.00","NZD","1761152795","23477/2025-10-23/1761152795.json"
"581514","221282","2025-10-23","36.00","NZD","1761152795","23477/2025-10-23/1761152795.json"
"512557","146154","2025-10-23","45.00","NZD","1761152795","23477/2025-10-23/1761152795.json"
"365170","146153","2025-10-23","48.00","NZD","1761152795","23477/2025-10-23/1761152795.json"
"510807","146155","2025-10-23","52.00","NZD","1761152795","23477/2025-10-23/1761152795.json"
"581513","221281","2025-10-24","36.00","NZD","1761152795","23477/2025-10-24/1761152795.json"
"581514","221282","2025-10-24","36.00","NZD","1761152795","23477/2025-10-24/1761152795.json"
"512557","146154","2025-10-24","45.00","NZD","1761152795","23477/2025-10-24/1761152795.json"
"365170","146153","2025-10-24","48.00","NZD","1761152795","23477/2025-10-24/1761152795.json"
"510807","146155","2025-10-24","52.00","NZD","1761152795","23477/2025-10-24/1761152795.json"
"581513","221281","2025-10-25","38.00","NZD","1761152795","23477/2025-10-25/1761152795.json"
"581514","221282","2025-10-25","38.00","NZD","1761152795","23477/2025-10-25/1761152795.json"
"512557","146154","2025-10-25","45.00","NZD","1761152795","23477/2025-10-25/1761152795.json"
"581513","221281","2025-10-26","38.00","NZD","1761152795","23477/2025-10-26/1761152795.json"
"581514","221282","2025-10-26","38.00","NZD","1761152795","23477/2025-10-26/1761152795.json"
"512557","146154","2025-10-26","45.00","NZD","1761152795","23477/2025-10-26/1761152795.json"
"581513","221281","2025-10-28","36.00","NZD","1761152795","23477/2025-10-28/1761152795.json"
"581514","221282","2025-10-28","36.00","NZD","1761152795","23477/2025-10-28/1761152795.json"
"512557","146154","2025-10-28","45.00","NZD","1761152795","23477/2025-10-28/1761152795.json"
"365170","146153","2025-10-28","48.00","NZD","1761152795","23477/2025-10-28/1761152795.json"
"510807","146155","2025-10-28","52.00","NZD","1761152795","23477/2025-10-28/1761152795.json"
"581513","221281","2025-10-27","38.00","NZD","1761152795","23477/2025-10-27/1761152795.json"
"581514","221282","2025-10-27","38.00","NZD","1761152795","23477/2025-10-27/1761152795.json"
"512557","146154","2025-10-27","45.00","NZD","1761152795","23477/2025-10-27/1761152795.json"
"365170","146153","2025-10-27","48.00","NZD","1761152795","23477/2025-10-27/1761152795.json"
"510807","146155","2025-10-27","52.00","NZD","1761152795","23477/2025-10-27/1761152795.json"
"581513","221281","2025-10-29","36.00","NZD","1761152795","23477/2025-10-29/1761152795.json"
"581514","221282","2025-10-29","36.00","NZD","1761152795","23477/2025-10-29/1761152795.json"
"512557","146154","2025-10-29","45.00","NZD","1761152795","23477/2025-10-29/1761152795.json"
"365170","146153","2025-10-29","48.00","NZD","1761152795","23477/2025-10-29/1761152795.json"
"510807","146155","2025-10-29","52.00","NZD","1761152795","23477/2025-10-29/1761152795.json"
"581513","221281","2025-10-30","36.00","NZD","1761152795","23477/2025-10-30/1761152795.json"
"581514","221282","2025-10-30","36.00","NZD","1761152795","23477/2025-10-30/1761152795.json"
"512557","146154","2025-10-30","45.00","NZD","1761152795","23477/2025-10-30/1761152795.json"
"365170","146153","2025-10-30","48.00","NZD","1761152795","23477/2025-10-30/1761152795.json"
"510807","146155","2025-10-30","52.00","NZD","1761152795","23477/2025-10-30/1761152795.json"
"581513","221281","2025-10-31","36.00","NZD","1761152795","23477/2025-10-31/1761152795.json"
"581514","221282","2025-10-31","36.00","NZD","1761152795","23477/2025-10-31/1761152795.json"
"512557","146154","2025-10-31","45.00","NZD","1761152795","23477/2025-10-31/1761152795.json"
"365170","146153","2025-10-31","48.00","NZD","1761152795","23477/2025-10-31/1761152795.json"
"510807","146155","2025-10-31","52.00","NZD","1761152795","23477/2025-10-31/1761152795.json"
"581513","221281","2025-11-01","36.00","NZD","1761152795","23477/2025-11-01/1761152795.json"
"581514","221282","2025-11-01","36.00","NZD","1761152795","23477/2025-11-01/1761152795.json"
"512557","146154","2025-11-01","45.00","NZD","1761152795","23477/2025-11-01/1761152795.json"
"365170","146153","2025-11-01","48.00","NZD","1761152795","23477/2025-11-01/1761152795.json"
"510807","146155","2025-11-01","52.00","NZD","1761152795","23477/2025-11-01/1761152795.json"
"581513","221281","2025-11-03","36.00","NZD","1761152795","23477/2025-11-03/1761152795.json"
"581514","221282","2025-11-03","36.00","NZD","1761152795","23477/2025-11-03/1761152795.json"
"512557","146154","2025-11-03","45.00","NZD","1761152795","23477/2025-11-03/1761152795.json"
"365170","146153","2025-11-03","48.00","NZD","1761152795","23477/2025-11-03/1761152795.json"
"510807","146155","2025-11-03","52.00","NZD","1761152795","23477/2025-11-03/1761152795.json"
"581513","221281","2025-11-04","36.00","NZD","1761152795","23477/2025-11-04/1761152795.json"
"581514","221282","2025-11-04","36.00","NZD","1761152795","23477/2025-11-04/1761152795.json"
"512557","146154","2025-11-04","45.00","NZD","1761152795","23477/2025-11-04/1761152795.json"
"365170","146153","2025-11-04","48.00","NZD","1761152795","23477/2025-11-04/1761152795.json"
"510807","146155","2025-11-04","52.00","NZD","1761152795","23477/2025-11-04/1761152795.json"
"581513","221281","2025-11-05","36.00","NZD","1761152795","23477/2025-11-05/1761152795.json"
"581514","221282","2025-11-05","36.00","NZD","1761152795","23477/2025-11-05/1761152795.json"
"512557","146154","2025-11-05","45.00","NZD","1761152795","23477/2025-11-05/1761152795.json"
"365170","146153","2025-11-05","48.00","NZD","1761152795","23477/2025-11-05/1761152795.json"
"510807","146155","2025-11-05","52.00","NZD","1761152795","23477/2025-11-05/1761152795.json"
"581513","221281","2025-11-06","36.00","NZD","1761152795","23477/2025-11-06/1761152795.json"
"581514","221282","2025-11-06","36.00","NZD","1761152795","23477/2025-11-06/1761152795.json"
"512557","146154","2025-11-06","45.00","NZD","1761152795","23477/2025-11-06/1761152795.json"
"365170","146153","2025-11-06","48.00","NZD","1761152795","23477/2025-11-06/1761152795.json"
"510807","146155","2025-11-06","52.00","NZD","1761152795","23477/2025-11-06/1761152795.json"
"581513","221281","2025-11-08","36.00","NZD","1761152795","23477/2025-11-08/1761152795.json"
"581514","221282","2025-11-08","36.00","NZD","1761152795","23477/2025-11-08/1761152795.json"
"512557","146154","2025-11-08","45.00","NZD","1761152795","23477/2025-11-08/1761152795.json"
"365170","146153","2025-11-08","48.00","NZD","1761152795","23477/2025-11-08/1761152795.json"
"510807","146155","2025-11-08","52.00","NZD","1761152795","23477/2025-11-08/1761152795.json"
"581513","221281","2025-11-09","36.00","NZD","1761152795","23477/2025-11-09/1761152795.json"
"581514","221282","2025-11-09","36.00","NZD","1761152795","23477/2025-11-09/1761152795.json"
"512557","146154","2025-11-09","45.00","NZD","1761152795","23477/2025-11-09/1761152795.json"
"365170","146153","2025-11-09","48.00","NZD","1761152795","23477/2025-11-09/1761152795.json"
"510807","146155","2025-11-09","52.00","NZD","1761152795","23477/2025-11-09/1761152795.json"
"581513","221281","2025-11-02","36.00","NZD","1761152795","23477/2025-11-02/1761152795.json"
"581514","221282","2025-11-02","36.00","NZD","1761152795","23477/2025-11-02/1761152795.json"
"512557","146154","2025-11-02","45.00","NZD","1761152795","23477/2025-11-02/1761152795.json"
"365170","146153","2025-11-02","48.00","NZD","1761152795","23477/2025-11-02/1761152795.json"
"510807","146155","2025-11-02","52.00","NZD","1761152795","23477/2025-11-02/1761152795.json"
"581513","221281","2025-11-07","36.00","NZD","1761152795","23477/2025-11-07/1761152795.json"
"581514","221282","2025-11-07","36.00","NZD","1761152795","23477/2025-11-07/1761152795.json"
"512557","146154","2025-11-07","45.00","NZD","1761152795","23477/2025-11-07/1761152795.json"
"365170","146153","2025-11-07","48.00","NZD","1761152795","23477/2025-11-07/1761152795.json"
"510807","146155","2025-11-07","52.00","NZD","1761152795","23477/2025-11-07/1761152795.json"
"581513","221281","2025-11-10","36.00","NZD","1761152795","23477/2025-11-10/1761152795.json"
"581514","221282","2025-11-10","36.00","NZD","1761152795","23477/2025-11-10/1761152795.json"
"512557","146154","2025-11-10","45.00","NZD","1761152795","23477/2025-11-10/1761152795.json"
"365170","146153","2025-11-10","48.00","NZD","1761152795","23477/2025-11-10/1761152795.json"
"510807","146155","2025-11-10","52.00","NZD","1761152795","23477/2025-11-10/1761152795.json"
"581513","221281","2025-11-13","36.00","NZD","1761152795","23477/2025-11-13/1761152795.json"
"581514","221282","2025-11-13","36.00","NZD","1761152795","23477/2025-11-13/1761152795.json"
"512557","146154","2025-11-13","45.00","NZD","1761152795","23477/2025-11-13/1761152795.json"
"365170","146153","2025-11-13","48.00","NZD","1761152795","23477/2025-11-13/1761152795.json"
"510807","146155","2025-11-13","52.00","NZD","1761152795","23477/2025-11-13/1761152795.json"
"581513","221281","2025-11-12","36.00","NZD","1761152795","23477/2025-11-12/1761152795.json"
"581514","221282","2025-11-12","36.00","NZD","1761152795","23477/2025-11-12/1761152795.json"
"512557","146154","2025-11-12","45.00","NZD","1761152795","23477/2025-11-12/1761152795.json"
"365170","146153","2025-11-12","48.00","NZD","1761152795","23477/2025-11-12/1761152795.json"
"510807","146155","2025-11-12","52.00","NZD","1761152795","23477/2025-11-12/1761152795.json"
"581513","221281","2025-11-11","36.00","NZD","1761152795","23477/2025-11-11/1761152795.json"
"581514","221282","2025-11-11","36.00","NZD","1761152795","23477/2025-11-11/1761152795.json"
"512557","146154","2025-11-11","45.00","NZD","1761152795","23477/2025-11-11/1761152795.json"
"365170","146153","2025-11-11","48.00","NZD","1761152795","23477/2025-11-11/1761152795.json"
"510807","146155","2025-11-11","52.00","NZD","1761152795","23477/2025-11-11/1761152795.json"
"581513","221281","2025-11-14","36.00","NZD","1761152795","23477/2025-11-14/1761152795.json"
"581514","221282","2025-11-14","36.00","NZD","1761152795","23477/2025-11-14/1761152795.json"
"512557","146154","2025-11-14","45.00","NZD","1761152795","23477/2025-11-14/1761152795.json"
"365170","146153","2025-11-14","48.00","NZD","1761152795","23477/2025-11-14/1761152795.json"
"510807","146155","2025-11-14","52.00","NZD","1761152795","23477/2025-11-14/1761152795.json"
"581513","221281","2025-11-17","36.00","NZD","1761152795","23477/2025-11-17/1761152795.json"
"581514","221282","2025-11-17","36.00","NZD","1761152795","23477/2025-11-17/1761152795.json"
"512557","146154","2025-11-17","45.00","NZD","1761152795","23477/2025-11-17/1761152795.json"
"365170","146153","2025-11-17","48.00","NZD","1761152795","23477/2025-11-17/1761152795.json"
"510807","146155","2025-11-17","52.00","NZD","1761152795","23477/2025-11-17/1761152795.json"
"581513","221281","2025-11-16","36.00","NZD","1761152795","23477/2025-11-16/1761152795.json"
"581514","221282","2025-11-16","36.00","NZD","1761152795","23477/2025-11-16/1761152795.json"
"512557","146154","2025-11-16","45.00","NZD","1761152795","23477/2025-11-16/1761152795.json"
"365170","146153","2025-11-16","48.00","NZD","1761152795","23477/2025-11-16/1761152795.json"
"510807","146155","2025-11-16","52.00","NZD","1761152795","23477/2025-11-16/1761152795.json"
"581513","221281","2025-11-18","36.00","NZD","1761152795","23477/2025-11-18/1761152795.json"
"581514","221282","2025-11-18","36.00","NZD","1761152795","23477/2025-11-18/1761152795.json"
"512557","146154","2025-11-18","45.00","NZD","1761152795","23477/2025-11-18/1761152795.json"
"365170","146153","2025-11-18","48.00","NZD","1761152795","23477/2025-11-18/1761152795.json"
"510807","146155","2025-11-18","52.00","NZD","1761152795","23477/2025-11-18/1761152795.json"
"581513","221281","2025-11-15","36.00","NZD","1761152795","23477/2025-11-15/1761152795.json"
"581514","221282","2025-11-15","36.00","NZD","1761152795","23477/2025-11-15/1761152795.json"
"512557","146154","2025-11-15","45.00","NZD","1761152795","23477/2025-11-15/1761152795.json"
"365170","146153","2025-11-15","48.00","NZD","1761152795","23477/2025-11-15/1761152795.json"
"510807","146155","2025-11-15","52.00","NZD","1761152795","23477/2025-11-15/1761152795.json"
"581513","221281","2025-11-19","36.00","NZD","1761152795","23477/2025-11-19/1761152795.json"
"581514","221282","2025-11-19","36.00","NZD","1761152795","23477/2025-11-19/1761152795.json"
"512557","146154","2025-11-19","45.00","NZD","1761152795","23477/2025-11-19/1761152795.json"
"365170","146153","2025-11-19","48.00","NZD","1761152795","23477/2025-11-19/1761152795.json"
"510807","146155","2025-11-19","52.00","NZD","1761152795","23477/2025-11-19/1761152795.json"
"581513","221281","2025-11-20","36.00","NZD","1761152795","23477/2025-11-20/1761152795.json"
"581514","221282","2025-11-20","36.00","NZD","1761152795","23477/2025-11-20/1761152795.json"
"512557","146154","2025-11-20","45.00","NZD","1761152795","23477/2025-11-20/1761152795.json"
"581513","221281","2025-11-21","36.00","NZD","1761152795","23477/2025-11-21/1761152795.json"
"581514","221282","2025-11-21","36.00","NZD","1761152795","23477/2025-11-21/1761152795.json"
"512557","146154","2025-11-21","45.00","NZD","1761152795","23477/2025-11-21/1761152795.json"
"365170","146153","2025-11-21","48.00","NZD","1761152795","23477/2025-11-21/1761152795.json"
"510807","146155","2025-11-21","52.00","NZD","1761152795","23477/2025-11-21/1761152795.json"
"581513","221281","2025-11-22","36.00","NZD","1761152795","23477/2025-11-22/1761152795.json"
"581514","221282","2025-11-22","36.00","NZD","1761152795","23477/2025-11-22/1761152795.json"
"512557","146154","2025-11-22","45.00","NZD","1761152795","23477/2025-11-22/1761152795.json"
"365170","146153","2025-11-22","48.00","NZD","1761152795","23477/2025-11-22/1761152795.json"
"510807","146155","2025-11-22","52.00","NZD","1761152795","23477/2025-11-22/1761152795.json"
"581513","221281","2025-11-23","36.00","NZD","1761152795","23477/2025-11-23/1761152795.json"
"581514","221282","2025-11-23","36.00","NZD","1761152795","23477/2025-11-23/1761152795.json"
"512557","146154","2025-11-23","45.00","NZD","1761152795","23477/2025-11-23/1761152795.json"
"365170","146153","2025-11-23","48.00","NZD","1761152795","23477/2025-11-23/1761152795.json"
"510807","146155","2025-11-23","52.00","NZD","1761152795","23477/2025-11-23/1761152795.json"
"581513","221281","2025-11-25","36.00","NZD","1761152795","23477/2025-11-25/1761152795.json"
"581514","221282","2025-11-25","36.00","NZD","1761152795","23477/2025-11-25/1761152795.json"
"512557","146154","2025-11-25","45.00","NZD","1761152795","23477/2025-11-25/1761152795.json"
"365170","146153","2025-11-25","48.00","NZD","1761152795","23477/2025-11-25/1761152795.json"
"510807","146155","2025-11-25","52.00","NZD","1761152795","23477/2025-11-25/1761152795.json"
"581513","221281","2025-11-24","36.00","NZD","1761152795","23477/2025-11-24/1761152795.json"
"581514","221282","2025-11-24","36.00","NZD","1761152795","23477/2025-11-24/1761152795.json"
"512557","146154","2025-11-24","45.00","NZD","1761152795","23477/2025-11-24/1761152795.json"
"365170","146153","2025-11-24","48.00","NZD","1761152795","23477/2025-11-24/1761152795.json"
"510807","146155","2025-11-24","52.00","NZD","1761152795","23477/2025-11-24/1761152795.json"
"581513","221281","2025-11-29","36.00","NZD","1761152795","23477/2025-11-29/1761152795.json"
"581514","221282","2025-11-29","36.00","NZD","1761152795","23477/2025-11-29/1761152795.json"
"512557","146154","2025-11-29","45.00","NZD","1761152795","23477/2025-11-29/1761152795.json"
"365170","146153","2025-11-29","48.00","NZD","1761152795","23477/2025-11-29/1761152795.json"
"510807","146155","2025-11-29","52.00","NZD","1761152795","23477/2025-11-29/1761152795.json"
"581513","221281","2025-11-28","36.00","NZD","1761152795","23477/2025-11-28/1761152795.json"
"581514","221282","2025-11-28","36.00","NZD","1761152795","23477/2025-11-28/1761152795.json"
"512557","146154","2025-11-28","45.00","NZD","1761152795","23477/2025-11-28/1761152795.json"
"365170","146153","2025-11-28","48.00","NZD","1761152795","23477/2025-11-28/1761152795.json"
"510807","146155","2025-11-28","52.00","NZD","1761152795","23477/2025-11-28/1761152795.json"
"581513","221281","2025-11-26","36.00","NZD","1761152795","23477/2025-11-26/1761152795.json"
"581514","221282","2025-11-26","36.00","NZD","1761152795","23477/2025-11-26/1761152795.json"
"512557","146154","2025-11-26","45.00","NZD","1761152795","23477/2025-11-26/1761152795.json"
"365170","146153","2025-11-26","48.00","NZD","1761152795","23477/2025-11-26/1761152795.json"
"510807","146155","2025-11-26","52.00","NZD","1761152795","23477/2025-11-26/1761152795.json"
"581513","221281","2025-11-30","36.00","NZD","1761152795","23477/2025-11-30/1761152795.json"
"581514","221282","2025-11-30","36.00","NZD","1761152795","23477/2025-11-30/1761152795.json"
"512557","146154","2025-11-30","45.00","NZD","1761152795","23477/2025-11-30/1761152795.json"
"365170","146153","2025-11-30","48.00","NZD","1761152795","23477/2025-11-30/1761152795.json"
"510807","146155","2025-11-30","52.00","NZD","1761152795","23477/2025-11-30/1761152795.json"
"581513","221281","2025-12-01","36.00","NZD","1761152795","23477/2025-12-01/1761152795.json"
"581514","221282","2025-12-01","36.00","NZD","1761152795","23477/2025-12-01/1761152795.json"
"512557","146154","2025-12-01","45.00","NZD","1761152795","23477/2025-12-01/1761152795.json"
"365170","146153","2025-12-01","48.00","NZD","1761152795","23477/2025-12-01/1761152795.json"
"510807","146155","2025-12-01","52.00","NZD","1761152795","23477/2025-12-01/1761152795.json"
"581513","221281","2025-12-02","36.00","NZD","1761152795","23477/2025-12-02/1761152795.json"
"581514","221282","2025-12-02","36.00","NZD","1761152795","23477/2025-12-02/1761152795.json"
"512557","146154","2025-12-02","45.00","NZD","1761152795","23477/2025-12-02/1761152795.json"
"365170","146153","2025-12-02","48.00","NZD","1761152795","23477/2025-12-02/1761152795.json"
"510807","146155","2025-12-02","52.00","NZD","1761152795","23477/2025-12-02/1761152795.json"
"581513","221281","2025-11-27","36.00","NZD","1761152795","23477/2025-11-27/1761152795.json"
"581514","221282","2025-11-27","36.00","NZD","1761152795","23477/2025-11-27/1761152795.json"
"512557","146154","2025-11-27","45.00","NZD","1761152795","23477/2025-11-27/1761152795.json"
"365170","146153","2025-11-27","48.00","NZD","1761152795","23477/2025-11-27/1761152795.json"
"510807","146155","2025-11-27","52.00","NZD","1761152795","23477/2025-11-27/1761152795.json"
"581513","221281","2025-12-03","36.00","NZD","1761152795","23477/2025-12-03/1761152795.json"
"581514","221282","2025-12-03","36.00","NZD","1761152795","23477/2025-12-03/1761152795.json"
"512557","146154","2025-12-03","45.00","NZD","1761152795","23477/2025-12-03/1761152795.json"
"365170","146153","2025-12-03","48.00","NZD","1761152795","23477/2025-12-03/1761152795.json"
"510807","146155","2025-12-03","52.00","NZD","1761152795","23477/2025-12-03/1761152795.json"
"581513","221281","2025-12-04","36.00","NZD","1761152795","23477/2025-12-04/1761152795.json"
"581514","221282","2025-12-04","36.00","NZD","1761152795","23477/2025-12-04/1761152795.json"
"512557","146154","2025-12-04","45.00","NZD","1761152795","23477/2025-12-04/1761152795.json"
"365170","146153","2025-12-04","48.00","NZD","1761152795","23477/2025-12-04/1761152795.json"
"510807","146155","2025-12-04","52.00","NZD","1761152795","23477/2025-12-04/1761152795.json"
"581513","221281","2025-12-05","36.00","NZD","1761152795","23477/2025-12-05/1761152795.json"
"581514","221282","2025-12-05","36.00","NZD","1761152795","23477/2025-12-05/1761152795.json"
"512557","146154","2025-12-05","45.00","NZD","1761152795","23477/2025-12-05/1761152795.json"
"365170","146153","2025-12-05","48.00","NZD","1761152795","23477/2025-12-05/1761152795.json"
"510807","146155","2025-12-05","52.00","NZD","1761152795","23477/2025-12-05/1761152795.json"
"581513","221281","2025-12-06","36.00","NZD","1761152795","23477/2025-12-06/1761152795.json"
"581514","221282","2025-12-06","36.00","NZD","1761152795","23477/2025-12-06/1761152795.json"
"512557","146154","2025-12-06","45.00","NZD","1761152795","23477/2025-12-06/1761152795.json"
"365170","146153","2025-12-06","48.00","NZD","1761152795","23477/2025-12-06/1761152795.json"
"510807","146155","2025-12-06","52.00","NZD","1761152795","23477/2025-12-06/1761152795.json"
"581513","221281","2025-12-07","36.00","NZD","1761152795","23477/2025-12-07/1761152795.json"
"581514","221282","2025-12-07","36.00","NZD","1761152795","23477/2025-12-07/1761152795.json"
"581513","221281","2025-12-08","36.00","NZD","1761152795","23477/2025-12-08/1761152795.json"
"512557","146154","2025-12-07","45.00","NZD","1761152795","23477/2025-12-07/1761152795.json"
"365170","146153","2025-12-07","48.00","NZD","1761152795","23477/2025-12-07/1761152795.json"
"581514","221282","2025-12-08","36.00","NZD","1761152795","23477/2025-12-08/1761152795.json"
"510807","146155","2025-12-07","52.00","NZD","1761152795","23477/2025-12-07/1761152795.json"
"512557","146154","2025-12-08","45.00","NZD","1761152795","23477/2025-12-08/1761152795.json"
"365170","146153","2025-12-08","48.00","NZD","1761152795","23477/2025-12-08/1761152795.json"
"510807","146155","2025-12-08","52.00","NZD","1761152795","23477/2025-12-08/1761152795.json"
"581513","221281","2025-12-09","36.00","NZD","1761152795","23477/2025-12-09/1761152795.json"
"581514","221282","2025-12-09","36.00","NZD","1761152795","23477/2025-12-09/1761152795.json"
"512557","146154","2025-12-09","45.00","NZD","1761152795","23477/2025-12-09/1761152795.json"
"365170","146153","2025-12-09","48.00","NZD","1761152795","23477/2025-12-09/1761152795.json"
"510807","146155","2025-12-09","52.00","NZD","1761152795","23477/2025-12-09/1761152795.json"
"581513","221281","2025-12-10","36.00","NZD","1761152795","23477/2025-12-10/1761152795.json"
"581514","221282","2025-12-10","36.00","NZD","1761152795","23477/2025-12-10/1761152795.json"
"512557","146154","2025-12-10","45.00","NZD","1761152795","23477/2025-12-10/1761152795.json"
"365170","146153","2025-12-10","48.00","NZD","1761152795","23477/2025-12-10/1761152795.json"
"510807","146155","2025-12-10","52.00","NZD","1761152795","23477/2025-12-10/1761152795.json"
"581513","221281","2025-12-12","36.00","NZD","1761152795","23477/2025-12-12/1761152795.json"
"581514","221282","2025-12-12","36.00","NZD","1761152795","23477/2025-12-12/1761152795.json"
"512557","146154","2025-12-12","45.00","NZD","1761152795","23477/2025-12-12/1761152795.json"
"365170","146153","2025-12-12","48.00","NZD","1761152795","23477/2025-12-12/1761152795.json"
"510807","146155","2025-12-12","52.00","NZD","1761152795","23477/2025-12-12/1761152795.json"
"581513","221281","2025-12-11","36.00","NZD","1761152795","23477/2025-12-11/1761152795.json"
"581514","221282","2025-12-11","36.00","NZD","1761152795","23477/2025-12-11/1761152795.json"
"512557","146154","2025-12-11","45.00","NZD","1761152795","23477/2025-12-11/1761152795.json"
"365170","146153","2025-12-11","48.00","NZD","1761152795","23477/2025-12-11/1761152795.json"
"510807","146155","2025-12-11","52.00","NZD","1761152795","23477/2025-12-11/1761152795.json"
"581513","221281","2025-12-13","36.00","NZD","1761152795","23477/2025-12-13/1761152795.json"
"581514","221282","2025-12-13","36.00","NZD","1761152795","23477/2025-12-13/1761152795.json"
"512557","146154","2025-12-13","45.00","NZD","1761152795","23477/2025-12-13/1761152795.json"
"365170","146153","2025-12-13","48.00","NZD","1761152795","23477/2025-12-13/1761152795.json"
"510807","146155","2025-12-13","52.00","NZD","1761152795","23477/2025-12-13/1761152795.json"
"581513","221281","2025-12-15","36.00","NZD","1761152795","23477/2025-12-15/1761152795.json"
"581514","221282","2025-12-15","36.00","NZD","1761152795","23477/2025-12-15/1761152795.json"
"512557","146154","2025-12-15","45.00","NZD","1761152795","23477/2025-12-15/1761152795.json"
"365170","146153","2025-12-15","48.00","NZD","1761152795","23477/2025-12-15/1761152795.json"
"510807","146155","2025-12-15","52.00","NZD","1761152795","23477/2025-12-15/1761152795.json"
"581513","221281","2025-12-14","36.00","NZD","1761152795","23477/2025-12-14/1761152795.json"
"581514","221282","2025-12-14","36.00","NZD","1761152795","23477/2025-12-14/1761152795.json"
"512557","146154","2025-12-14","45.00","NZD","1761152795","23477/2025-12-14/1761152795.json"
"365170","146153","2025-12-14","48.00","NZD","1761152795","23477/2025-12-14/1761152795.json"
"510807","146155","2025-12-14","52.00","NZD","1761152795","23477/2025-12-14/1761152795.json"
"581513","221281","2025-12-16","36.00","NZD","1761152795","23477/2025-12-16/1761152795.json"
"581514","221282","2025-12-16","36.00","NZD","1761152795","23477/2025-12-16/1761152795.json"
"512557","146154","2025-12-16","45.00","NZD","1761152795","23477/2025-12-16/1761152795.json"
"365170","146153","2025-12-16","48.00","NZD","1761152795","23477/2025-12-16/1761152795.json"
"510807","146155","2025-12-16","52.00","NZD","1761152795","23477/2025-12-16/1761152795.json"
"581513","221281","2025-12-17","36.00","NZD","1761152795","23477/2025-12-17/1761152795.json"
"581514","221282","2025-12-17","36.00","NZD","1761152795","23477/2025-12-17/1761152795.json"
"512557","146154","2025-12-17","45.00","NZD","1761152795","23477/2025-12-17/1761152795.json"
"365170","146153","2025-12-17","48.00","NZD","1761152795","23477/2025-12-17/1761152795.json"
"510807","146155","2025-12-17","52.00","NZD","1761152795","23477/2025-12-17/1761152795.json"
"581513","221281","2025-12-20","36.00","NZD","1761152795","23477/2025-12-20/1761152795.json"
"581514","221282","2025-12-20","36.00","NZD","1761152795","23477/2025-12-20/1761152795.json"
"512557","146154","2025-12-20","45.00","NZD","1761152795","23477/2025-12-20/1761152795.json"
"365170","146153","2025-12-20","48.00","NZD","1761152795","23477/2025-12-20/1761152795.json"
"510807","146155","2025-12-20","52.00","NZD","1761152795","23477/2025-12-20/1761152795.json"
"581513","221281","2025-12-19","36.00","NZD","1761152795","23477/2025-12-19/1761152795.json"
"581514","221282","2025-12-19","36.00","NZD","1761152795","23477/2025-12-19/1761152795.json"
"512557","146154","2025-12-19","45.00","NZD","1761152795","23477/2025-12-19/1761152795.json"
"365170","146153","2025-12-19","48.00","NZD","1761152795","23477/2025-12-19/1761152795.json"
"510807","146155","2025-12-19","52.00","NZD","1761152795","23477/2025-12-19/1761152795.json"
"581513","221281","2025-12-21","36.00","NZD","1761152795","23477/2025-12-21/1761152795.json"
"581514","221282","2025-12-21","36.00","NZD","1761152795","23477/2025-12-21/1761152795.json"
"512557","146154","2025-12-21","45.00","NZD","1761152795","23477/2025-12-21/1761152795.json"
"365170","146153","2025-12-21","48.00","NZD","1761152795","23477/2025-12-21/1761152795.json"
"510807","146155","2025-12-21","52.00","NZD","1761152795","23477/2025-12-21/1761152795.json"
"581513","221281","2025-12-18","36.00","NZD","1761152795","23477/2025-12-18/1761152795.json"
"581514","221282","2025-12-18","36.00","NZD","1761152795","23477/2025-12-18/1761152795.json"
"512557","146154","2025-12-18","45.00","NZD","1761152795","23477/2025-12-18/1761152795.json"
"365170","146153","2025-12-18","48.00","NZD","1761152795","23477/2025-12-18/1761152795.json"
"510807","146155","2025-12-18","52.00","NZD","1761152795","23477/2025-12-18/1761152795.json"
"581513","221281","2025-10-25","38.00","NZD","1761166426","23477/2025-10-25/1761166426.json"
"581514","221282","2025-10-25","38.00","NZD","1761166426","23477/2025-10-25/1761166426.json"
"512557","146154","2025-10-25","45.00","NZD","1761166426","23477/2025-10-25/1761166426.json"
"581513","221281","2025-10-23","36.00","NZD","1761166426","23477/2025-10-23/1761166426.json"
"581514","221282","2025-10-23","36.00","NZD","1761166426","23477/2025-10-23/1761166426.json"
"512557","146154","2025-10-23","45.00","NZD","1761166426","23477/2025-10-23/1761166426.json"
"365170","146153","2025-10-23","48.00","NZD","1761166426","23477/2025-10-23/1761166426.json"
"510807","146155","2025-10-23","52.00","NZD","1761166426","23477/2025-10-23/1761166426.json"
"581513","221281","2025-10-24","36.00","NZD","1761166426","23477/2025-10-24/1761166426.json"
"581514","221282","2025-10-24","36.00","NZD","1761166426","23477/2025-10-24/1761166426.json"
"512557","146154","2025-10-24","45.00","NZD","1761166426","23477/2025-10-24/1761166426.json"
"365170","146153","2025-10-24","48.00","NZD","1761166426","23477/2025-10-24/1761166426.json"
"510807","146155","2025-10-24","52.00","NZD","1761166426","23477/2025-10-24/1761166426.json"
"581513","221281","2025-10-26","38.00","NZD","1761166426","23477/2025-10-26/1761166426.json"
"581514","221282","2025-10-26","38.00","NZD","1761166426","23477/2025-10-26/1761166426.json"
"512557","146154","2025-10-26","45.00","NZD","1761166426","23477/2025-10-26/1761166426.json"
"581513","221281","2025-10-28","36.00","NZD","1761166426","23477/2025-10-28/1761166426.json"
"581514","221282","2025-10-28","36.00","NZD","1761166426","23477/2025-10-28/1761166426.json"
"512557","146154","2025-10-28","45.00","NZD","1761166426","23477/2025-10-28/1761166426.json"
"365170","146153","2025-10-28","48.00","NZD","1761166426","23477/2025-10-28/1761166426.json"
"510807","146155","2025-10-28","52.00","NZD","1761166426","23477/2025-10-28/1761166426.json"
"581513","221281","2025-10-30","36.00","NZD","1761166426","23477/2025-10-30/1761166426.json"
"581514","221282","2025-10-30","36.00","NZD","1761166426","23477/2025-10-30/1761166426.json"
"512557","146154","2025-10-30","45.00","NZD","1761166426","23477/2025-10-30/1761166426.json"
"365170","146153","2025-10-30","48.00","NZD","1761166426","23477/2025-10-30/1761166426.json"
"510807","146155","2025-10-30","52.00","NZD","1761166426","23477/2025-10-30/1761166426.json"
"581513","221281","2025-10-27","38.00","NZD","1761166426","23477/2025-10-27/1761166426.json"
"581514","221282","2025-10-27","38.00","NZD","1761166426","23477/2025-10-27/1761166426.json"
"512557","146154","2025-10-27","45.00","NZD","1761166426","23477/2025-10-27/1761166426.json"
"365170","146153","2025-10-27","48.00","NZD","1761166426","23477/2025-10-27/1761166426.json"
"510807","146155","2025-10-27","52.00","NZD","1761166426","23477/2025-10-27/1761166426.json"
"581513","221281","2025-10-29","36.00","NZD","1761166426","23477/2025-10-29/1761166426.json"
"581514","221282","2025-10-29","36.00","NZD","1761166426","23477/2025-10-29/1761166426.json"
"512557","146154","2025-10-29","45.00","NZD","1761166426","23477/2025-10-29/1761166426.json"
"365170","146153","2025-10-29","48.00","NZD","1761166426","23477/2025-10-29/1761166426.json"
"510807","146155","2025-10-29","52.00","NZD","1761166426","23477/2025-10-29/1761166426.json"
"581513","221281","2025-10-31","36.00","NZD","1761166426","23477/2025-10-31/1761166426.json"
"581514","221282","2025-10-31","36.00","NZD","1761166426","23477/2025-10-31/1761166426.json"
"512557","146154","2025-10-31","45.00","NZD","1761166426","23477/2025-10-31/1761166426.json"
"365170","146153","2025-10-31","48.00","NZD","1761166426","23477/2025-10-31/1761166426.json"
"510807","146155","2025-10-31","52.00","NZD","1761166426","23477/2025-10-31/1761166426.json"
"581513","221281","2025-11-01","36.00","NZD","1761166426","23477/2025-11-01/1761166426.json"
"581513","221281","2025-11-02","36.00","NZD","1761166426","23477/2025-11-02/1761166426.json"
"581514","221282","2025-11-01","36.00","NZD","1761166426","23477/2025-11-01/1761166426.json"
"581514","221282","2025-11-02","36.00","NZD","1761166426","23477/2025-11-02/1761166426.json"
"512557","146154","2025-11-02","45.00","NZD","1761166426","23477/2025-11-02/1761166426.json"
"512557","146154","2025-11-01","45.00","NZD","1761166426","23477/2025-11-01/1761166426.json"
"365170","146153","2025-11-02","48.00","NZD","1761166426","23477/2025-11-02/1761166426.json"
"510807","146155","2025-11-02","52.00","NZD","1761166426","23477/2025-11-02/1761166426.json"
"365170","146153","2025-11-01","48.00","NZD","1761166426","23477/2025-11-01/1761166426.json"
"510807","146155","2025-11-01","52.00","NZD","1761166426","23477/2025-11-01/1761166426.json"
"581513","221281","2025-11-04","36.00","NZD","1761166426","23477/2025-11-04/1761166426.json"
"581514","221282","2025-11-04","36.00","NZD","1761166426","23477/2025-11-04/1761166426.json"
"512557","146154","2025-11-04","45.00","NZD","1761166426","23477/2025-11-04/1761166426.json"
"365170","146153","2025-11-04","48.00","NZD","1761166426","23477/2025-11-04/1761166426.json"
"510807","146155","2025-11-04","52.00","NZD","1761166426","23477/2025-11-04/1761166426.json"
"581513","221281","2025-11-03","36.00","NZD","1761166426","23477/2025-11-03/1761166426.json"
"581514","221282","2025-11-03","36.00","NZD","1761166426","23477/2025-11-03/1761166426.json"
"512557","146154","2025-11-03","45.00","NZD","1761166426","23477/2025-11-03/1761166426.json"
"365170","146153","2025-11-03","48.00","NZD","1761166426","23477/2025-11-03/1761166426.json"
"510807","146155","2025-11-03","52.00","NZD","1761166426","23477/2025-11-03/1761166426.json"
"581513","221281","2025-11-06","36.00","NZD","1761166426","23477/2025-11-06/1761166426.json"
"581514","221282","2025-11-06","36.00","NZD","1761166426","23477/2025-11-06/1761166426.json"
"512557","146154","2025-11-06","45.00","NZD","1761166426","23477/2025-11-06/1761166426.json"
"365170","146153","2025-11-06","48.00","NZD","1761166426","23477/2025-11-06/1761166426.json"
"510807","146155","2025-11-06","52.00","NZD","1761166426","23477/2025-11-06/1761166426.json"
"581513","221281","2025-11-05","36.00","NZD","1761166426","23477/2025-11-05/1761166426.json"
"581514","221282","2025-11-05","36.00","NZD","1761166426","23477/2025-11-05/1761166426.json"
"512557","146154","2025-11-05","45.00","NZD","1761166426","23477/2025-11-05/1761166426.json"
"365170","146153","2025-11-05","48.00","NZD","1761166426","23477/2025-11-05/1761166426.json"
"510807","146155","2025-11-05","52.00","NZD","1761166426","23477/2025-11-05/1761166426.json"
"581513","221281","2025-11-07","36.00","NZD","1761166426","23477/2025-11-07/1761166426.json"
"581514","221282","2025-11-07","36.00","NZD","1761166426","23477/2025-11-07/1761166426.json"
"512557","146154","2025-11-07","45.00","NZD","1761166426","23477/2025-11-07/1761166426.json"
"365170","146153","2025-11-07","48.00","NZD","1761166426","23477/2025-11-07/1761166426.json"
"510807","146155","2025-11-07","52.00","NZD","1761166426","23477/2025-11-07/1761166426.json"
"581513","221281","2025-11-08","36.00","NZD","1761166426","23477/2025-11-08/1761166426.json"
"581514","221282","2025-11-08","36.00","NZD","1761166426","23477/2025-11-08/1761166426.json"
"512557","146154","2025-11-08","45.00","NZD","1761166426","23477/2025-11-08/1761166426.json"
"365170","146153","2025-11-08","48.00","NZD","1761166426","23477/2025-11-08/1761166426.json"
"510807","146155","2025-11-08","52.00","NZD","1761166426","23477/2025-11-08/1761166426.json"
"581513","221281","2025-11-09","36.00","NZD","1761166426","23477/2025-11-09/1761166426.json"
"581514","221282","2025-11-09","36.00","NZD","1761166426","23477/2025-11-09/1761166426.json"
"512557","146154","2025-11-09","45.00","NZD","1761166426","23477/2025-11-09/1761166426.json"
"365170","146153","2025-11-09","48.00","NZD","1761166426","23477/2025-11-09/1761166426.json"
"510807","146155","2025-11-09","52.00","NZD","1761166426","23477/2025-11-09/1761166426.json"
"581513","221281","2025-11-10","36.00","NZD","1761166426","23477/2025-11-10/1761166426.json"
"581514","221282","2025-11-10","36.00","NZD","1761166426","23477/2025-11-10/1761166426.json"
"512557","146154","2025-11-10","45.00","NZD","1761166426","23477/2025-11-10/1761166426.json"
"365170","146153","2025-11-10","48.00","NZD","1761166426","23477/2025-11-10/1761166426.json"
"510807","146155","2025-11-10","52.00","NZD","1761166426","23477/2025-11-10/1761166426.json"
"581513","221281","2025-11-11","36.00","NZD","1761166426","23477/2025-11-11/1761166426.json"
"581514","221282","2025-11-11","36.00","NZD","1761166426","23477/2025-11-11/1761166426.json"
"512557","146154","2025-11-11","45.00","NZD","1761166426","23477/2025-11-11/1761166426.json"
"365170","146153","2025-11-11","48.00","NZD","1761166426","23477/2025-11-11/1761166426.json"
"510807","146155","2025-11-11","52.00","NZD","1761166426","23477/2025-11-11/1761166426.json"
"581513","221281","2025-11-13","36.00","NZD","1761166426","23477/2025-11-13/1761166426.json"
"581514","221282","2025-11-13","36.00","NZD","1761166426","23477/2025-11-13/1761166426.json"
"512557","146154","2025-11-13","45.00","NZD","1761166426","23477/2025-11-13/1761166426.json"
"365170","146153","2025-11-13","48.00","NZD","1761166426","23477/2025-11-13/1761166426.json"
"510807","146155","2025-11-13","52.00","NZD","1761166426","23477/2025-11-13/1761166426.json"
"581513","221281","2025-11-14","36.00","NZD","1761166426","23477/2025-11-14/1761166426.json"
"581514","221282","2025-11-14","36.00","NZD","1761166426","23477/2025-11-14/1761166426.json"
"512557","146154","2025-11-14","45.00","NZD","1761166426","23477/2025-11-14/1761166426.json"
"365170","146153","2025-11-14","48.00","NZD","1761166426","23477/2025-11-14/1761166426.json"
"510807","146155","2025-11-14","52.00","NZD","1761166426","23477/2025-11-14/1761166426.json"
"581513","221281","2025-11-12","36.00","NZD","1761166426","23477/2025-11-12/1761166426.json"
"581514","221282","2025-11-12","36.00","NZD","1761166426","23477/2025-11-12/1761166426.json"
"512557","146154","2025-11-12","45.00","NZD","1761166426","23477/2025-11-12/1761166426.json"
"365170","146153","2025-11-12","48.00","NZD","1761166426","23477/2025-11-12/1761166426.json"
"510807","146155","2025-11-12","52.00","NZD","1761166426","23477/2025-11-12/1761166426.json"
"581513","221281","2025-11-15","36.00","NZD","1761166426","23477/2025-11-15/1761166426.json"
"581514","221282","2025-11-15","36.00","NZD","1761166426","23477/2025-11-15/1761166426.json"
"512557","146154","2025-11-15","45.00","NZD","1761166426","23477/2025-11-15/1761166426.json"
"365170","146153","2025-11-15","48.00","NZD","1761166426","23477/2025-11-15/1761166426.json"
"510807","146155","2025-11-15","52.00","NZD","1761166426","23477/2025-11-15/1761166426.json"
"581513","221281","2025-11-16","36.00","NZD","1761166426","23477/2025-11-16/1761166426.json"
"581514","221282","2025-11-16","36.00","NZD","1761166426","23477/2025-11-16/1761166426.json"
"512557","146154","2025-11-16","45.00","NZD","1761166426","23477/2025-11-16/1761166426.json"
"365170","146153","2025-11-16","48.00","NZD","1761166426","23477/2025-11-16/1761166426.json"
"510807","146155","2025-11-16","52.00","NZD","1761166426","23477/2025-11-16/1761166426.json"
"581513","221281","2025-11-17","36.00","NZD","1761166426","23477/2025-11-17/1761166426.json"
"581514","221282","2025-11-17","36.00","NZD","1761166426","23477/2025-11-17/1761166426.json"
"512557","146154","2025-11-17","45.00","NZD","1761166426","23477/2025-11-17/1761166426.json"
"365170","146153","2025-11-17","48.00","NZD","1761166426","23477/2025-11-17/1761166426.json"
"510807","146155","2025-11-17","52.00","NZD","1761166426","23477/2025-11-17/1761166426.json"
"581513","221281","2025-11-19","36.00","NZD","1761166426","23477/2025-11-19/1761166426.json"
"581514","221282","2025-11-19","36.00","NZD","1761166426","23477/2025-11-19/1761166426.json"
"512557","146154","2025-11-19","45.00","NZD","1761166426","23477/2025-11-19/1761166426.json"
"365170","146153","2025-11-19","48.00","NZD","1761166426","23477/2025-11-19/1761166426.json"
"510807","146155","2025-11-19","52.00","NZD","1761166426","23477/2025-11-19/1761166426.json"
"581513","221281","2025-11-18","36.00","NZD","1761166426","23477/2025-11-18/1761166426.json"
"581514","221282","2025-11-18","36.00","NZD","1761166426","23477/2025-11-18/1761166426.json"
"512557","146154","2025-11-18","45.00","NZD","1761166426","23477/2025-11-18/1761166426.json"
"365170","146153","2025-11-18","48.00","NZD","1761166426","23477/2025-11-18/1761166426.json"
"510807","146155","2025-11-18","52.00","NZD","1761166426","23477/2025-11-18/1761166426.json"
"581513","221281","2025-11-20","36.00","NZD","1761166426","23477/2025-11-20/1761166426.json"
"581514","221282","2025-11-20","36.00","NZD","1761166426","23477/2025-11-20/1761166426.json"
"512557","146154","2025-11-20","45.00","NZD","1761166426","23477/2025-11-20/1761166426.json"
"581513","221281","2025-11-21","36.00","NZD","1761166426","23477/2025-11-21/1761166426.json"
"581514","221282","2025-11-21","36.00","NZD","1761166426","23477/2025-11-21/1761166426.json"
"512557","146154","2025-11-21","45.00","NZD","1761166426","23477/2025-11-21/1761166426.json"
"365170","146153","2025-11-21","48.00","NZD","1761166426","23477/2025-11-21/1761166426.json"
"510807","146155","2025-11-21","52.00","NZD","1761166426","23477/2025-11-21/1761166426.json"
"581513","221281","2025-11-22","36.00","NZD","1761166426","23477/2025-11-22/1761166426.json"
"581514","221282","2025-11-22","36.00","NZD","1761166426","23477/2025-11-22/1761166426.json"
"512557","146154","2025-11-22","45.00","NZD","1761166426","23477/2025-11-22/1761166426.json"
"365170","146153","2025-11-22","48.00","NZD","1761166426","23477/2025-11-22/1761166426.json"
"510807","146155","2025-11-22","52.00","NZD","1761166426","23477/2025-11-22/1761166426.json"
"581513","221281","2025-11-23","36.00","NZD","1761166426","23477/2025-11-23/1761166426.json"
"581514","221282","2025-11-23","36.00","NZD","1761166426","23477/2025-11-23/1761166426.json"
"512557","146154","2025-11-23","45.00","NZD","1761166426","23477/2025-11-23/1761166426.json"
"365170","146153","2025-11-23","48.00","NZD","1761166426","23477/2025-11-23/1761166426.json"
"510807","146155","2025-11-23","52.00","NZD","1761166426","23477/2025-11-23/1761166426.json"
"581513","221281","2025-11-26","36.00","NZD","1761166426","23477/2025-11-26/1761166426.json"
"581514","221282","2025-11-26","36.00","NZD","1761166426","23477/2025-11-26/1761166426.json"
"512557","146154","2025-11-26","45.00","NZD","1761166426","23477/2025-11-26/1761166426.json"
"365170","146153","2025-11-26","48.00","NZD","1761166426","23477/2025-11-26/1761166426.json"
"510807","146155","2025-11-26","52.00","NZD","1761166426","23477/2025-11-26/1761166426.json"
"581513","221281","2025-11-24","36.00","NZD","1761166426","23477/2025-11-24/1761166426.json"
"581514","221282","2025-11-24","36.00","NZD","1761166426","23477/2025-11-24/1761166426.json"
"512557","146154","2025-11-24","45.00","NZD","1761166426","23477/2025-11-24/1761166426.json"
"365170","146153","2025-11-24","48.00","NZD","1761166426","23477/2025-11-24/1761166426.json"
"510807","146155","2025-11-24","52.00","NZD","1761166426","23477/2025-11-24/1761166426.json"
"581513","221281","2025-11-25","36.00","NZD","1761166426","23477/2025-11-25/1761166426.json"
"581514","221282","2025-11-25","36.00","NZD","1761166426","23477/2025-11-25/1761166426.json"
"512557","146154","2025-11-25","45.00","NZD","1761166426","23477/2025-11-25/1761166426.json"
"365170","146153","2025-11-25","48.00","NZD","1761166426","23477/2025-11-25/1761166426.json"
"510807","146155","2025-11-25","52.00","NZD","1761166426","23477/2025-11-25/1761166426.json"
"581513","221281","2025-11-27","36.00","NZD","1761166426","23477/2025-11-27/1761166426.json"
"581514","221282","2025-11-27","36.00","NZD","1761166426","23477/2025-11-27/1761166426.json"
"512557","146154","2025-11-27","45.00","NZD","1761166426","23477/2025-11-27/1761166426.json"
"365170","146153","2025-11-27","48.00","NZD","1761166426","23477/2025-11-27/1761166426.json"
"510807","146155","2025-11-27","52.00","NZD","1761166426","23477/2025-11-27/1761166426.json"
"581513","221281","2025-11-29","36.00","NZD","1761166426","23477/2025-11-29/1761166426.json"
"581514","221282","2025-11-29","36.00","NZD","1761166426","23477/2025-11-29/1761166426.json"
"512557","146154","2025-11-29","45.00","NZD","1761166426","23477/2025-11-29/1761166426.json"
"365170","146153","2025-11-29","48.00","NZD","1761166426","23477/2025-11-29/1761166426.json"
"510807","146155","2025-11-29","52.00","NZD","1761166426","23477/2025-11-29/1761166426.json"
"581513","221281","2025-12-01","36.00","NZD","1761166426","23477/2025-12-01/1761166426.json"
"581514","221282","2025-12-01","36.00","NZD","1761166426","23477/2025-12-01/1761166426.json"
"512557","146154","2025-12-01","45.00","NZD","1761166426","23477/2025-12-01/1761166426.json"
"365170","146153","2025-12-01","48.00","NZD","1761166426","23477/2025-12-01/1761166426.json"
"510807","146155","2025-12-01","52.00","NZD","1761166426","23477/2025-12-01/1761166426.json"
"581513","221281","2025-11-30","36.00","NZD","1761166426","23477/2025-11-30/1761166426.json"
"581514","221282","2025-11-30","36.00","NZD","1761166426","23477/2025-11-30/1761166426.json"
"512557","146154","2025-11-30","45.00","NZD","1761166426","23477/2025-11-30/1761166426.json"
"365170","146153","2025-11-30","48.00","NZD","1761166426","23477/2025-11-30/1761166426.json"
"510807","146155","2025-11-30","52.00","NZD","1761166426","23477/2025-11-30/1761166426.json"
"581513","221281","2025-11-28","36.00","NZD","1761166426","23477/2025-11-28/1761166426.json"
"581514","221282","2025-11-28","36.00","NZD","1761166426","23477/2025-11-28/1761166426.json"
"512557","146154","2025-11-28","45.00","NZD","1761166426","23477/2025-11-28/1761166426.json"
"365170","146153","2025-11-28","48.00","NZD","1761166426","23477/2025-11-28/1761166426.json"
"510807","146155","2025-11-28","52.00","NZD","1761166426","23477/2025-11-28/1761166426.json"
"581513","221281","2025-12-03","36.00","NZD","1761166426","23477/2025-12-03/1761166426.json"
"581514","221282","2025-12-03","36.00","NZD","1761166426","23477/2025-12-03/1761166426.json"
"512557","146154","2025-12-03","45.00","NZD","1761166426","23477/2025-12-03/1761166426.json"
"365170","146153","2025-12-03","48.00","NZD","1761166426","23477/2025-12-03/1761166426.json"
"510807","146155","2025-12-03","52.00","NZD","1761166426","23477/2025-12-03/1761166426.json"
"581513","221281","2025-12-05","36.00","NZD","1761166426","23477/2025-12-05/1761166426.json"
"581514","221282","2025-12-05","36.00","NZD","1761166426","23477/2025-12-05/1761166426.json"
"512557","146154","2025-12-05","45.00","NZD","1761166426","23477/2025-12-05/1761166426.json"
"365170","146153","2025-12-05","48.00","NZD","1761166426","23477/2025-12-05/1761166426.json"
"510807","146155","2025-12-05","52.00","NZD","1761166426","23477/2025-12-05/1761166426.json"
"581513","221281","2025-12-04","36.00","NZD","1761166426","23477/2025-12-04/1761166426.json"
"581514","221282","2025-12-04","36.00","NZD","1761166426","23477/2025-12-04/1761166426.json"
"512557","146154","2025-12-04","45.00","NZD","1761166426","23477/2025-12-04/1761166426.json"
"365170","146153","2025-12-04","48.00","NZD","1761166426","23477/2025-12-04/1761166426.json"
"510807","146155","2025-12-04","52.00","NZD","1761166426","23477/2025-12-04/1761166426.json"
"581513","221281","2025-12-02","36.00","NZD","1761166426","23477/2025-12-02/1761166426.json"
"581514","221282","2025-12-02","36.00","NZD","1761166426","23477/2025-12-02/1761166426.json"
"512557","146154","2025-12-02","45.00","NZD","1761166426","23477/2025-12-02/1761166426.json"
"365170","146153","2025-12-02","48.00","NZD","1761166426","23477/2025-12-02/1761166426.json"
"510807","146155","2025-12-02","52.00","NZD","1761166426","23477/2025-12-02/1761166426.json"
"581513","221281","2025-12-06","36.00","NZD","1761166426","23477/2025-12-06/1761166426.json"
"581514","221282","2025-12-06","36.00","NZD","1761166426","23477/2025-12-06/1761166426.json"
"512557","146154","2025-12-06","45.00","NZD","1761166426","23477/2025-12-06/1761166426.json"
"365170","146153","2025-12-06","48.00","NZD","1761166426","23477/2025-12-06/1761166426.json"
"510807","146155","2025-12-06","52.00","NZD","1761166426","23477/2025-12-06/1761166426.json"
"581513","221281","2025-12-07","36.00","NZD","1761166426","23477/2025-12-07/1761166426.json"
"581514","221282","2025-12-07","36.00","NZD","1761166426","23477/2025-12-07/1761166426.json"
"512557","146154","2025-12-07","45.00","NZD","1761166426","23477/2025-12-07/1761166426.json"
"365170","146153","2025-12-07","48.00","NZD","1761166426","23477/2025-12-07/1761166426.json"
"510807","146155","2025-12-07","52.00","NZD","1761166426","23477/2025-12-07/1761166426.json"
"581513","221281","2025-12-08","36.00","NZD","1761166426","23477/2025-12-08/1761166426.json"
"581514","221282","2025-12-08","36.00","NZD","1761166426","23477/2025-12-08/1761166426.json"
"512557","146154","2025-12-08","45.00","NZD","1761166426","23477/2025-12-08/1761166426.json"
"365170","146153","2025-12-08","48.00","NZD","1761166426","23477/2025-12-08/1761166426.json"
"510807","146155","2025-12-08","52.00","NZD","1761166426","23477/2025-12-08/1761166426.json"
"581513","221281","2025-12-10","36.00","NZD","1761166426","23477/2025-12-10/1761166426.json"
"581514","221282","2025-12-10","36.00","NZD","1761166426","23477/2025-12-10/1761166426.json"
"512557","146154","2025-12-10","45.00","NZD","1761166426","23477/2025-12-10/1761166426.json"
"365170","146153","2025-12-10","48.00","NZD","1761166426","23477/2025-12-10/1761166426.json"
"510807","146155","2025-12-10","52.00","NZD","1761166426","23477/2025-12-10/1761166426.json"
"581513","221281","2025-12-09","36.00","NZD","1761166426","23477/2025-12-09/1761166426.json"
"581514","221282","2025-12-09","36.00","NZD","1761166426","23477/2025-12-09/1761166426.json"
"512557","146154","2025-12-09","45.00","NZD","1761166426","23477/2025-12-09/1761166426.json"
"365170","146153","2025-12-09","48.00","NZD","1761166426","23477/2025-12-09/1761166426.json"
"510807","146155","2025-12-09","52.00","NZD","1761166426","23477/2025-12-09/1761166426.json"
"581513","221281","2025-12-11","36.00","NZD","1761166426","23477/2025-12-11/1761166426.json"
"581514","221282","2025-12-11","36.00","NZD","1761166426","23477/2025-12-11/1761166426.json"
"512557","146154","2025-12-11","45.00","NZD","1761166426","23477/2025-12-11/1761166426.json"
"365170","146153","2025-12-11","48.00","NZD","1761166426","23477/2025-12-11/1761166426.json"
"510807","146155","2025-12-11","52.00","NZD","1761166426","23477/2025-12-11/1761166426.json"
"581513","221281","2025-12-12","36.00","NZD","1761166426","23477/2025-12-12/1761166426.json"
"581514","221282","2025-12-12","36.00","NZD","1761166426","23477/2025-12-12/1761166426.json"
"512557","146154","2025-12-12","45.00","NZD","1761166426","23477/2025-12-12/1761166426.json"
"365170","146153","2025-12-12","48.00","NZD","1761166426","23477/2025-12-12/1761166426.json"
"510807","146155","2025-12-12","52.00","NZD","1761166426","23477/2025-12-12/1761166426.json"
"581513","221281","2025-12-14","36.00","NZD","1761166426","23477/2025-12-14/1761166426.json"
"581514","221282","2025-12-14","36.00","NZD","1761166426","23477/2025-12-14/1761166426.json"
"512557","146154","2025-12-14","45.00","NZD","1761166426","23477/2025-12-14/1761166426.json"
"365170","146153","2025-12-14","48.00","NZD","1761166426","23477/2025-12-14/1761166426.json"
"510807","146155","2025-12-14","52.00","NZD","1761166426","23477/2025-12-14/1761166426.json"
"581513","221281","2025-12-13","36.00","NZD","1761166426","23477/2025-12-13/1761166426.json"
"581514","221282","2025-12-13","36.00","NZD","1761166426","23477/2025-12-13/1761166426.json"
"512557","146154","2025-12-13","45.00","NZD","1761166426","23477/2025-12-13/1761166426.json"
"365170","146153","2025-12-13","48.00","NZD","1761166426","23477/2025-12-13/1761166426.json"
"510807","146155","2025-12-13","52.00","NZD","1761166426","23477/2025-12-13/1761166426.json"
"581513","221281","2025-12-16","36.00","NZD","1761166426","23477/2025-12-16/1761166426.json"
"581514","221282","2025-12-16","36.00","NZD","1761166426","23477/2025-12-16/1761166426.json"
"512557","146154","2025-12-16","45.00","NZD","1761166426","23477/2025-12-16/1761166426.json"
"365170","146153","2025-12-16","48.00","NZD","1761166426","23477/2025-12-16/1761166426.json"
"510807","146155","2025-12-16","52.00","NZD","1761166426","23477/2025-12-16/1761166426.json"
"581513","221281","2025-12-15","36.00","NZD","1761166426","23477/2025-12-15/1761166426.json"
"581514","221282","2025-12-15","36.00","NZD","1761166426","23477/2025-12-15/1761166426.json"
"512557","146154","2025-12-15","45.00","NZD","1761166426","23477/2025-12-15/1761166426.json"
"365170","146153","2025-12-15","48.00","NZD","1761166426","23477/2025-12-15/1761166426.json"
"510807","146155","2025-12-15","52.00","NZD","1761166426","23477/2025-12-15/1761166426.json"
"581513","221281","2025-12-18","36.00","NZD","1761166426","23477/2025-12-18/1761166426.json"
"581514","221282","2025-12-18","36.00","NZD","1761166426","23477/2025-12-18/1761166426.json"
"512557","146154","2025-12-18","45.00","NZD","1761166426","23477/2025-12-18/1761166426.json"
"365170","146153","2025-12-18","48.00","NZD","1761166426","23477/2025-12-18/1761166426.json"
"510807","146155","2025-12-18","52.00","NZD","1761166426","23477/2025-12-18/1761166426.json"
"581513","221281","2025-12-17","36.00","NZD","1761166426","23477/2025-12-17/1761166426.json"
"581514","221282","2025-12-17","36.00","NZD","1761166426","23477/2025-12-17/1761166426.json"
"512557","146154","2025-12-17","45.00","NZD","1761166426","23477/2025-12-17/1761166426.json"
"365170","146153","2025-12-17","48.00","NZD","1761166426","23477/2025-12-17/1761166426.json"
"510807","146155","2025-12-17","52.00","NZD","1761166426","23477/2025-12-17/1761166426.json"
"581513","221281","2025-12-20","36.00","NZD","1761166426","23477/2025-12-20/1761166426.json"
"581514","221282","2025-12-20","36.00","NZD","1761166426","23477/2025-12-20/1761166426.json"
"512557","146154","2025-12-20","45.00","NZD","1761166426","23477/2025-12-20/1761166426.json"
"365170","146153","2025-12-20","48.00","NZD","1761166426","23477/2025-12-20/1761166426.json"
"510807","146155","2025-12-20","52.00","NZD","1761166426","23477/2025-12-20/1761166426.json"
"581513","221281","2025-12-19","36.00","NZD","1761166426","23477/2025-12-19/1761166426.json"
"581514","221282","2025-12-19","36.00","NZD","1761166426","23477/2025-12-19/1761166426.json"
"512557","146154","2025-12-19","45.00","NZD","1761166426","23477/2025-12-19/1761166426.json"
"365170","146153","2025-12-19","48.00","NZD","1761166426","23477/2025-12-19/1761166426.json"
"510807","146155","2025-12-19","52.00","NZD","1761166426","23477/2025-12-19/1761166426.json"
"581513","221281","2025-12-21","36.00","NZD","1761166426","23477/2025-12-21/1761166426.json"
"581514","221282","2025-12-21","36.00","NZD","1761166426","23477/2025-12-21/1761166426.json"
"512557","146154","2025-12-21","45.00","NZD","1761166426","23477/2025-12-21/1761166426.json"
"365170","146153","2025-12-21","48.00","NZD","1761166426","23477/2025-12-21/1761166426.json"
"510807","146155","2025-12-21","52.00","NZD","1761166426","23477/2025-12-21/1761166426.json"
"581513","221281","2025-10-26","38.00","NZD","1761190271","23477/2025-10-26/1761190271.json"
"581514","221282","2025-10-26","38.00","NZD","1761190271","23477/2025-10-26/1761190271.json"
"512557","146154","2025-10-26","45.00","NZD","1761190271","23477/2025-10-26/1761190271.json"
"581513","221281","2025-10-25","38.00","NZD","1761190271","23477/2025-10-25/1761190271.json"
"581514","221282","2025-10-25","38.00","NZD","1761190271","23477/2025-10-25/1761190271.json"
"512557","146154","2025-10-25","45.00","NZD","1761190271","23477/2025-10-25/1761190271.json"
"581513","221281","2025-10-24","36.00","NZD","1761190271","23477/2025-10-24/1761190271.json"
"581514","221282","2025-10-24","36.00","NZD","1761190271","23477/2025-10-24/1761190271.json"
"512557","146154","2025-10-24","45.00","NZD","1761190271","23477/2025-10-24/1761190271.json"
"365170","146153","2025-10-24","48.00","NZD","1761190271","23477/2025-10-24/1761190271.json"
"510807","146155","2025-10-24","52.00","NZD","1761190271","23477/2025-10-24/1761190271.json"
"581513","221281","2025-10-23","36.00","NZD","1761190271","23477/2025-10-23/1761190271.json"
"581514","221282","2025-10-23","36.00","NZD","1761190271","23477/2025-10-23/1761190271.json"
"512557","146154","2025-10-23","45.00","NZD","1761190271","23477/2025-10-23/1761190271.json"
"365170","146153","2025-10-23","48.00","NZD","1761190271","23477/2025-10-23/1761190271.json"
"510807","146155","2025-10-23","52.00","NZD","1761190271","23477/2025-10-23/1761190271.json"
"581513","221281","2025-10-30","36.00","NZD","1761190271","23477/2025-10-30/1761190271.json"
"581514","221282","2025-10-30","36.00","NZD","1761190271","23477/2025-10-30/1761190271.json"
"512557","146154","2025-10-30","45.00","NZD","1761190271","23477/2025-10-30/1761190271.json"
"365170","146153","2025-10-30","48.00","NZD","1761190271","23477/2025-10-30/1761190271.json"
"510807","146155","2025-10-30","52.00","NZD","1761190271","23477/2025-10-30/1761190271.json"
"581513","221281","2025-10-28","36.00","NZD","1761190271","23477/2025-10-28/1761190271.json"
"581514","221282","2025-10-28","36.00","NZD","1761190271","23477/2025-10-28/1761190271.json"
"512557","146154","2025-10-28","45.00","NZD","1761190271","23477/2025-10-28/1761190271.json"
"365170","146153","2025-10-28","48.00","NZD","1761190271","23477/2025-10-28/1761190271.json"
"510807","146155","2025-10-28","52.00","NZD","1761190271","23477/2025-10-28/1761190271.json"
"581513","221281","2025-10-27","38.00","NZD","1761190271","23477/2025-10-27/1761190271.json"
"581514","221282","2025-10-27","38.00","NZD","1761190271","23477/2025-10-27/1761190271.json"
"512557","146154","2025-10-27","45.00","NZD","1761190271","23477/2025-10-27/1761190271.json"
"365170","146153","2025-10-27","48.00","NZD","1761190271","23477/2025-10-27/1761190271.json"
"510807","146155","2025-10-27","52.00","NZD","1761190271","23477/2025-10-27/1761190271.json"
"581513","221281","2025-10-29","36.00","NZD","1761190271","23477/2025-10-29/1761190271.json"
"581514","221282","2025-10-29","36.00","NZD","1761190271","23477/2025-10-29/1761190271.json"
"512557","146154","2025-10-29","45.00","NZD","1761190271","23477/2025-10-29/1761190271.json"
"365170","146153","2025-10-29","48.00","NZD","1761190271","23477/2025-10-29/1761190271.json"
"510807","146155","2025-10-29","52.00","NZD","1761190271","23477/2025-10-29/1761190271.json"
"581513","221281","2025-10-31","36.00","NZD","1761190271","23477/2025-10-31/1761190271.json"
"581514","221282","2025-10-31","36.00","NZD","1761190271","23477/2025-10-31/1761190271.json"
"512557","146154","2025-10-31","45.00","NZD","1761190271","23477/2025-10-31/1761190271.json"
"365170","146153","2025-10-31","48.00","NZD","1761190271","23477/2025-10-31/1761190271.json"
"510807","146155","2025-10-31","52.00","NZD","1761190271","23477/2025-10-31/1761190271.json"
"581513","221281","2025-11-01","36.00","NZD","1761190271","23477/2025-11-01/1761190271.json"
"581514","221282","2025-11-01","36.00","NZD","1761190271","23477/2025-11-01/1761190271.json"
"512557","146154","2025-11-01","45.00","NZD","1761190271","23477/2025-11-01/1761190271.json"
"365170","146153","2025-11-01","48.00","NZD","1761190271","23477/2025-11-01/1761190271.json"
"510807","146155","2025-11-01","52.00","NZD","1761190271","23477/2025-11-01/1761190271.json"
"581513","221281","2025-11-03","36.00","NZD","1761190271","23477/2025-11-03/1761190271.json"
"581514","221282","2025-11-03","36.00","NZD","1761190271","23477/2025-11-03/1761190271.json"
"512557","146154","2025-11-03","45.00","NZD","1761190271","23477/2025-11-03/1761190271.json"
"365170","146153","2025-11-03","48.00","NZD","1761190271","23477/2025-11-03/1761190271.json"
"510807","146155","2025-11-03","52.00","NZD","1761190271","23477/2025-11-03/1761190271.json"
"581513","221281","2025-11-02","36.00","NZD","1761190271","23477/2025-11-02/1761190271.json"
"581514","221282","2025-11-02","36.00","NZD","1761190271","23477/2025-11-02/1761190271.json"
"512557","146154","2025-11-02","45.00","NZD","1761190271","23477/2025-11-02/1761190271.json"
"365170","146153","2025-11-02","48.00","NZD","1761190271","23477/2025-11-02/1761190271.json"
"510807","146155","2025-11-02","52.00","NZD","1761190271","23477/2025-11-02/1761190271.json"
"581513","221281","2025-11-04","36.00","NZD","1761190271","23477/2025-11-04/1761190271.json"
"581514","221282","2025-11-04","36.00","NZD","1761190271","23477/2025-11-04/1761190271.json"
"512557","146154","2025-11-04","45.00","NZD","1761190271","23477/2025-11-04/1761190271.json"
"365170","146153","2025-11-04","48.00","NZD","1761190271","23477/2025-11-04/1761190271.json"
"510807","146155","2025-11-04","52.00","NZD","1761190271","23477/2025-11-04/1761190271.json"
"581513","221281","2025-11-05","36.00","NZD","1761190271","23477/2025-11-05/1761190271.json"
"581514","221282","2025-11-05","36.00","NZD","1761190271","23477/2025-11-05/1761190271.json"
"512557","146154","2025-11-05","45.00","NZD","1761190271","23477/2025-11-05/1761190271.json"
"365170","146153","2025-11-05","48.00","NZD","1761190271","23477/2025-11-05/1761190271.json"
"510807","146155","2025-11-05","52.00","NZD","1761190271","23477/2025-11-05/1761190271.json"
"581513","221281","2025-11-07","36.00","NZD","1761190271","23477/2025-11-07/1761190271.json"
"581514","221282","2025-11-07","36.00","NZD","1761190271","23477/2025-11-07/1761190271.json"
"512557","146154","2025-11-07","45.00","NZD","1761190271","23477/2025-11-07/1761190271.json"
"365170","146153","2025-11-07","48.00","NZD","1761190271","23477/2025-11-07/1761190271.json"
"510807","146155","2025-11-07","52.00","NZD","1761190271","23477/2025-11-07/1761190271.json"
"581513","221281","2025-11-06","36.00","NZD","1761190271","23477/2025-11-06/1761190271.json"
"581514","221282","2025-11-06","36.00","NZD","1761190271","23477/2025-11-06/1761190271.json"
"512557","146154","2025-11-06","45.00","NZD","1761190271","23477/2025-11-06/1761190271.json"
"365170","146153","2025-11-06","48.00","NZD","1761190271","23477/2025-11-06/1761190271.json"
"510807","146155","2025-11-06","52.00","NZD","1761190271","23477/2025-11-06/1761190271.json"
"581513","221281","2025-11-08","36.00","NZD","1761190271","23477/2025-11-08/1761190271.json"
"581514","221282","2025-11-08","36.00","NZD","1761190271","23477/2025-11-08/1761190271.json"
"512557","146154","2025-11-08","45.00","NZD","1761190271","23477/2025-11-08/1761190271.json"
"365170","146153","2025-11-08","48.00","NZD","1761190271","23477/2025-11-08/1761190271.json"
"510807","146155","2025-11-08","52.00","NZD","1761190271","23477/2025-11-08/1761190271.json"
"581513","221281","2025-11-10","36.00","NZD","1761190271","23477/2025-11-10/1761190271.json"
"581514","221282","2025-11-10","36.00","NZD","1761190271","23477/2025-11-10/1761190271.json"
"512557","146154","2025-11-10","45.00","NZD","1761190271","23477/2025-11-10/1761190271.json"
"365170","146153","2025-11-10","48.00","NZD","1761190271","23477/2025-11-10/1761190271.json"
"510807","146155","2025-11-10","52.00","NZD","1761190271","23477/2025-11-10/1761190271.json"
"581513","221281","2025-11-11","36.00","NZD","1761190271","23477/2025-11-11/1761190271.json"
"581514","221282","2025-11-11","36.00","NZD","1761190271","23477/2025-11-11/1761190271.json"
"512557","146154","2025-11-11","45.00","NZD","1761190271","23477/2025-11-11/1761190271.json"
"365170","146153","2025-11-11","48.00","NZD","1761190271","23477/2025-11-11/1761190271.json"
"510807","146155","2025-11-11","52.00","NZD","1761190271","23477/2025-11-11/1761190271.json"
"581513","221281","2025-11-09","36.00","NZD","1761190271","23477/2025-11-09/1761190271.json"
"581514","221282","2025-11-09","36.00","NZD","1761190271","23477/2025-11-09/1761190271.json"
"512557","146154","2025-11-09","45.00","NZD","1761190271","23477/2025-11-09/1761190271.json"
"365170","146153","2025-11-09","48.00","NZD","1761190271","23477/2025-11-09/1761190271.json"
"510807","146155","2025-11-09","52.00","NZD","1761190271","23477/2025-11-09/1761190271.json"
"581513","221281","2025-11-13","36.00","NZD","1761190271","23477/2025-11-13/1761190271.json"
"581514","221282","2025-11-13","36.00","NZD","1761190271","23477/2025-11-13/1761190271.json"
"512557","146154","2025-11-13","45.00","NZD","1761190271","23477/2025-11-13/1761190271.json"
"365170","146153","2025-11-13","48.00","NZD","1761190271","23477/2025-11-13/1761190271.json"
"510807","146155","2025-11-13","52.00","NZD","1761190271","23477/2025-11-13/1761190271.json"
"581513","221281","2025-11-12","36.00","NZD","1761190271","23477/2025-11-12/1761190271.json"
"581514","221282","2025-11-12","36.00","NZD","1761190271","23477/2025-11-12/1761190271.json"
"512557","146154","2025-11-12","45.00","NZD","1761190271","23477/2025-11-12/1761190271.json"
"365170","146153","2025-11-12","48.00","NZD","1761190271","23477/2025-11-12/1761190271.json"
"510807","146155","2025-11-12","52.00","NZD","1761190271","23477/2025-11-12/1761190271.json"
"581513","221281","2025-11-15","36.00","NZD","1761190271","23477/2025-11-15/1761190271.json"
"581514","221282","2025-11-15","36.00","NZD","1761190271","23477/2025-11-15/1761190271.json"
"512557","146154","2025-11-15","45.00","NZD","1761190271","23477/2025-11-15/1761190271.json"
"365170","146153","2025-11-15","48.00","NZD","1761190271","23477/2025-11-15/1761190271.json"
"510807","146155","2025-11-15","52.00","NZD","1761190271","23477/2025-11-15/1761190271.json"
"581513","221281","2025-11-14","36.00","NZD","1761190271","23477/2025-11-14/1761190271.json"
"581514","221282","2025-11-14","36.00","NZD","1761190271","23477/2025-11-14/1761190271.json"
"512557","146154","2025-11-14","45.00","NZD","1761190271","23477/2025-11-14/1761190271.json"
"365170","146153","2025-11-14","48.00","NZD","1761190271","23477/2025-11-14/1761190271.json"
"510807","146155","2025-11-14","52.00","NZD","1761190271","23477/2025-11-14/1761190271.json"
"581513","221281","2025-11-16","36.00","NZD","1761190271","23477/2025-11-16/1761190271.json"
"581514","221282","2025-11-16","36.00","NZD","1761190271","23477/2025-11-16/1761190271.json"
"512557","146154","2025-11-16","45.00","NZD","1761190271","23477/2025-11-16/1761190271.json"
"365170","146153","2025-11-16","48.00","NZD","1761190271","23477/2025-11-16/1761190271.json"
"510807","146155","2025-11-16","52.00","NZD","1761190271","23477/2025-11-16/1761190271.json"
"581513","221281","2025-11-17","36.00","NZD","1761190271","23477/2025-11-17/1761190271.json"
"581514","221282","2025-11-17","36.00","NZD","1761190271","23477/2025-11-17/1761190271.json"
"512557","146154","2025-11-17","45.00","NZD","1761190271","23477/2025-11-17/1761190271.json"
"365170","146153","2025-11-17","48.00","NZD","1761190271","23477/2025-11-17/1761190271.json"
"510807","146155","2025-11-17","52.00","NZD","1761190271","23477/2025-11-17/1761190271.json"
"581513","221281","2025-11-18","36.00","NZD","1761190271","23477/2025-11-18/1761190271.json"
"581514","221282","2025-11-18","36.00","NZD","1761190271","23477/2025-11-18/1761190271.json"
"512557","146154","2025-11-18","45.00","NZD","1761190271","23477/2025-11-18/1761190271.json"
"365170","146153","2025-11-18","48.00","NZD","1761190271","23477/2025-11-18/1761190271.json"
"510807","146155","2025-11-18","52.00","NZD","1761190271","23477/2025-11-18/1761190271.json"
"581513","221281","2025-11-20","36.00","NZD","1761190271","23477/2025-11-20/1761190271.json"
"581514","221282","2025-11-20","36.00","NZD","1761190271","23477/2025-11-20/1761190271.json"
"512557","146154","2025-11-20","45.00","NZD","1761190271","23477/2025-11-20/1761190271.json"
"581513","221281","2025-11-19","36.00","NZD","1761190271","23477/2025-11-19/1761190271.json"
"581514","221282","2025-11-19","36.00","NZD","1761190271","23477/2025-11-19/1761190271.json"
"512557","146154","2025-11-19","45.00","NZD","1761190271","23477/2025-11-19/1761190271.json"
"365170","146153","2025-11-19","48.00","NZD","1761190271","23477/2025-11-19/1761190271.json"
"510807","146155","2025-11-19","52.00","NZD","1761190271","23477/2025-11-19/1761190271.json"
"581513","221281","2025-11-21","36.00","NZD","1761190271","23477/2025-11-21/1761190271.json"
"581514","221282","2025-11-21","36.00","NZD","1761190271","23477/2025-11-21/1761190271.json"
"512557","146154","2025-11-21","45.00","NZD","1761190271","23477/2025-11-21/1761190271.json"
"365170","146153","2025-11-21","48.00","NZD","1761190271","23477/2025-11-21/1761190271.json"
"510807","146155","2025-11-21","52.00","NZD","1761190271","23477/2025-11-21/1761190271.json"
"581513","221281","2025-11-22","36.00","NZD","1761190271","23477/2025-11-22/1761190271.json"
"581514","221282","2025-11-22","36.00","NZD","1761190271","23477/2025-11-22/1761190271.json"
"512557","146154","2025-11-22","45.00","NZD","1761190271","23477/2025-11-22/1761190271.json"
"365170","146153","2025-11-22","48.00","NZD","1761190271","23477/2025-11-22/1761190271.json"
"510807","146155","2025-11-22","52.00","NZD","1761190271","23477/2025-11-22/1761190271.json"
"581513","221281","2025-11-24","36.00","NZD","1761190271","23477/2025-11-24/1761190271.json"
"581514","221282","2025-11-24","36.00","NZD","1761190271","23477/2025-11-24/1761190271.json"
"512557","146154","2025-11-24","45.00","NZD","1761190271","23477/2025-11-24/1761190271.json"
"365170","146153","2025-11-24","48.00","NZD","1761190271","23477/2025-11-24/1761190271.json"
"510807","146155","2025-11-24","52.00","NZD","1761190271","23477/2025-11-24/1761190271.json"
"581513","221281","2025-11-23","36.00","NZD","1761190271","23477/2025-11-23/1761190271.json"
"581514","221282","2025-11-23","36.00","NZD","1761190271","23477/2025-11-23/1761190271.json"
"512557","146154","2025-11-23","45.00","NZD","1761190271","23477/2025-11-23/1761190271.json"
"365170","146153","2025-11-23","48.00","NZD","1761190271","23477/2025-11-23/1761190271.json"
"510807","146155","2025-11-23","52.00","NZD","1761190271","23477/2025-11-23/1761190271.json"
"581513","221281","2025-11-25","36.00","NZD","1761190271","23477/2025-11-25/1761190271.json"
"581514","221282","2025-11-25","36.00","NZD","1761190271","23477/2025-11-25/1761190271.json"
"512557","146154","2025-11-25","45.00","NZD","1761190271","23477/2025-11-25/1761190271.json"
"365170","146153","2025-11-25","48.00","NZD","1761190271","23477/2025-11-25/1761190271.json"
"510807","146155","2025-11-25","52.00","NZD","1761190271","23477/2025-11-25/1761190271.json"
"581513","221281","2025-11-26","36.00","NZD","1761190271","23477/2025-11-26/1761190271.json"
"581514","221282","2025-11-26","36.00","NZD","1761190271","23477/2025-11-26/1761190271.json"
"512557","146154","2025-11-26","45.00","NZD","1761190271","23477/2025-11-26/1761190271.json"
"365170","146153","2025-11-26","48.00","NZD","1761190271","23477/2025-11-26/1761190271.json"
"510807","146155","2025-11-26","52.00","NZD","1761190271","23477/2025-11-26/1761190271.json"
"581513","221281","2025-11-28","36.00","NZD","1761190271","23477/2025-11-28/1761190271.json"
"581514","221282","2025-11-28","36.00","NZD","1761190271","23477/2025-11-28/1761190271.json"
"512557","146154","2025-11-28","45.00","NZD","1761190271","23477/2025-11-28/1761190271.json"
"365170","146153","2025-11-28","48.00","NZD","1761190271","23477/2025-11-28/1761190271.json"
"510807","146155","2025-11-28","52.00","NZD","1761190271","23477/2025-11-28/1761190271.json"
"581513","221281","2025-11-27","36.00","NZD","1761190271","23477/2025-11-27/1761190271.json"
"581514","221282","2025-11-27","36.00","NZD","1761190271","23477/2025-11-27/1761190271.json"
"512557","146154","2025-11-27","45.00","NZD","1761190271","23477/2025-11-27/1761190271.json"
"365170","146153","2025-11-27","48.00","NZD","1761190271","23477/2025-11-27/1761190271.json"
"510807","146155","2025-11-27","52.00","NZD","1761190271","23477/2025-11-27/1761190271.json"
"581513","221281","2025-11-29","36.00","NZD","1761190271","23477/2025-11-29/1761190271.json"
"581514","221282","2025-11-29","36.00","NZD","1761190271","23477/2025-11-29/1761190271.json"
"512557","146154","2025-11-29","45.00","NZD","1761190271","23477/2025-11-29/1761190271.json"
"365170","146153","2025-11-29","48.00","NZD","1761190271","23477/2025-11-29/1761190271.json"
"510807","146155","2025-11-29","52.00","NZD","1761190271","23477/2025-11-29/1761190271.json"
"581513","221281","2025-11-30","36.00","NZD","1761190271","23477/2025-11-30/1761190271.json"
"581514","221282","2025-11-30","36.00","NZD","1761190271","23477/2025-11-30/1761190271.json"
"512557","146154","2025-11-30","45.00","NZD","1761190271","23477/2025-11-30/1761190271.json"
"365170","146153","2025-11-30","48.00","NZD","1761190271","23477/2025-11-30/1761190271.json"
"510807","146155","2025-11-30","52.00","NZD","1761190271","23477/2025-11-30/1761190271.json"
"581513","221281","2025-12-02","36.00","NZD","1761190271","23477/2025-12-02/1761190271.json"
"581514","221282","2025-12-02","36.00","NZD","1761190271","23477/2025-12-02/1761190271.json"
"512557","146154","2025-12-02","45.00","NZD","1761190271","23477/2025-12-02/1761190271.json"
"365170","146153","2025-12-02","48.00","NZD","1761190271","23477/2025-12-02/1761190271.json"
"510807","146155","2025-12-02","52.00","NZD","1761190271","23477/2025-12-02/1761190271.json"
"581513","221281","2025-12-03","36.00","NZD","1761190271","23477/2025-12-03/1761190271.json"
"581514","221282","2025-12-03","36.00","NZD","1761190271","23477/2025-12-03/1761190271.json"
"512557","146154","2025-12-03","45.00","NZD","1761190271","23477/2025-12-03/1761190271.json"
"365170","146153","2025-12-03","48.00","NZD","1761190271","23477/2025-12-03/1761190271.json"
"510807","146155","2025-12-03","52.00","NZD","1761190271","23477/2025-12-03/1761190271.json"
"581513","221281","2025-12-01","36.00","NZD","1761190271","23477/2025-12-01/1761190271.json"
"581514","221282","2025-12-01","36.00","NZD","1761190271","23477/2025-12-01/1761190271.json"
"512557","146154","2025-12-01","45.00","NZD","1761190271","23477/2025-12-01/1761190271.json"
"365170","146153","2025-12-01","48.00","NZD","1761190271","23477/2025-12-01/1761190271.json"
"510807","146155","2025-12-01","52.00","NZD","1761190271","23477/2025-12-01/1761190271.json"
"581513","221281","2025-12-04","36.00","NZD","1761190271","23477/2025-12-04/1761190271.json"
"581514","221282","2025-12-04","36.00","NZD","1761190271","23477/2025-12-04/1761190271.json"
"512557","146154","2025-12-04","45.00","NZD","1761190271","23477/2025-12-04/1761190271.json"
"365170","146153","2025-12-04","48.00","NZD","1761190271","23477/2025-12-04/1761190271.json"
"510807","146155","2025-12-04","52.00","NZD","1761190271","23477/2025-12-04/1761190271.json"
"581513","221281","2025-12-05","36.00","NZD","1761190271","23477/2025-12-05/1761190271.json"
"581514","221282","2025-12-05","36.00","NZD","1761190271","23477/2025-12-05/1761190271.json"
"512557","146154","2025-12-05","45.00","NZD","1761190271","23477/2025-12-05/1761190271.json"
"365170","146153","2025-12-05","48.00","NZD","1761190271","23477/2025-12-05/1761190271.json"
"510807","146155","2025-12-05","52.00","NZD","1761190271","23477/2025-12-05/1761190271.json"
"581513","221281","2025-12-06","36.00","NZD","1761190271","23477/2025-12-06/1761190271.json"
"581514","221282","2025-12-06","36.00","NZD","1761190271","23477/2025-12-06/1761190271.json"
"512557","146154","2025-12-06","45.00","NZD","1761190271","23477/2025-12-06/1761190271.json"
"365170","146153","2025-12-06","48.00","NZD","1761190271","23477/2025-12-06/1761190271.json"
"510807","146155","2025-12-06","52.00","NZD","1761190271","23477/2025-12-06/1761190271.json"
"581513","221281","2025-12-07","36.00","NZD","1761190271","23477/2025-12-07/1761190271.json"
"581514","221282","2025-12-07","36.00","NZD","1761190271","23477/2025-12-07/1761190271.json"
"512557","146154","2025-12-07","45.00","NZD","1761190271","23477/2025-12-07/1761190271.json"
"365170","146153","2025-12-07","48.00","NZD","1761190271","23477/2025-12-07/1761190271.json"
"510807","146155","2025-12-07","52.00","NZD","1761190271","23477/2025-12-07/1761190271.json"
"581513","221281","2025-12-08","36.00","NZD","1761190271","23477/2025-12-08/1761190271.json"
"581514","221282","2025-12-08","36.00","NZD","1761190271","23477/2025-12-08/1761190271.json"
"512557","146154","2025-12-08","45.00","NZD","1761190271","23477/2025-12-08/1761190271.json"
"365170","146153","2025-12-08","48.00","NZD","1761190271","23477/2025-12-08/1761190271.json"
"510807","146155","2025-12-08","52.00","NZD","1761190271","23477/2025-12-08/1761190271.json"
"581513","221281","2025-12-09","36.00","NZD","1761190271","23477/2025-12-09/1761190271.json"
"581514","221282","2025-12-09","36.00","NZD","1761190271","23477/2025-12-09/1761190271.json"
"512557","146154","2025-12-09","45.00","NZD","1761190271","23477/2025-12-09/1761190271.json"
"365170","146153","2025-12-09","48.00","NZD","1761190271","23477/2025-12-09/1761190271.json"
"510807","146155","2025-12-09","52.00","NZD","1761190271","23477/2025-12-09/1761190271.json"
"581513","221281","2025-12-10","36.00","NZD","1761190271","23477/2025-12-10/1761190271.json"
"581514","221282","2025-12-10","36.00","NZD","1761190271","23477/2025-12-10/1761190271.json"
"512557","146154","2025-12-10","45.00","NZD","1761190271","23477/2025-12-10/1761190271.json"
"365170","146153","2025-12-10","48.00","NZD","1761190271","23477/2025-12-10/1761190271.json"
"510807","146155","2025-12-10","52.00","NZD","1761190271","23477/2025-12-10/1761190271.json"
"581513","221281","2025-12-11","36.00","NZD","1761190271","23477/2025-12-11/1761190271.json"
"581514","221282","2025-12-11","36.00","NZD","1761190271","23477/2025-12-11/1761190271.json"
"512557","146154","2025-12-11","45.00","NZD","1761190271","23477/2025-12-11/1761190271.json"
"365170","146153","2025-12-11","48.00","NZD","1761190271","23477/2025-12-11/1761190271.json"
"510807","146155","2025-12-11","52.00","NZD","1761190271","23477/2025-12-11/1761190271.json"
"581513","221281","2025-12-12","36.00","NZD","1761190271","23477/2025-12-12/1761190271.json"
"581514","221282","2025-12-12","36.00","NZD","1761190271","23477/2025-12-12/1761190271.json"
"512557","146154","2025-12-12","45.00","NZD","1761190271","23477/2025-12-12/1761190271.json"
"365170","146153","2025-12-12","48.00","NZD","1761190271","23477/2025-12-12/1761190271.json"
"510807","146155","2025-12-12","52.00","NZD","1761190271","23477/2025-12-12/1761190271.json"
"581513","221281","2025-12-13","36.00","NZD","1761190271","23477/2025-12-13/1761190271.json"
"581514","221282","2025-12-13","36.00","NZD","1761190271","23477/2025-12-13/1761190271.json"
"512557","146154","2025-12-13","45.00","NZD","1761190271","23477/2025-12-13/1761190271.json"
"365170","146153","2025-12-13","48.00","NZD","1761190271","23477/2025-12-13/1761190271.json"
"510807","146155","2025-12-13","52.00","NZD","1761190271","23477/2025-12-13/1761190271.json"
"581513","221281","2025-12-14","36.00","NZD","1761190271","23477/2025-12-14/1761190271.json"
"581514","221282","2025-12-14","36.00","NZD","1761190271","23477/2025-12-14/1761190271.json"
"512557","146154","2025-12-14","45.00","NZD","1761190271","23477/2025-12-14/1761190271.json"
"365170","146153","2025-12-14","48.00","NZD","1761190271","23477/2025-12-14/1761190271.json"
"510807","146155","2025-12-14","52.00","NZD","1761190271","23477/2025-12-14/1761190271.json"
"581513","221281","2025-12-15","36.00","NZD","1761190271","23477/2025-12-15/1761190271.json"
"581514","221282","2025-12-15","36.00","NZD","1761190271","23477/2025-12-15/1761190271.json"
"512557","146154","2025-12-15","45.00","NZD","1761190271","23477/2025-12-15/1761190271.json"
"365170","146153","2025-12-15","48.00","NZD","1761190271","23477/2025-12-15/1761190271.json"
"510807","146155","2025-12-15","52.00","NZD","1761190271","23477/2025-12-15/1761190271.json"
"581513","221281","2025-12-16","36.00","NZD","1761190271","23477/2025-12-16/1761190271.json"
"581514","221282","2025-12-16","36.00","NZD","1761190271","23477/2025-12-16/1761190271.json"
"512557","146154","2025-12-16","45.00","NZD","1761190271","23477/2025-12-16/1761190271.json"
"365170","146153","2025-12-16","48.00","NZD","1761190271","23477/2025-12-16/1761190271.json"
"510807","146155","2025-12-16","52.00","NZD","1761190271","23477/2025-12-16/1761190271.json"
"581513","221281","2025-12-17","36.00","NZD","1761190271","23477/2025-12-17/1761190271.json"
"581514","221282","2025-12-17","36.00","NZD","1761190271","23477/2025-12-17/1761190271.json"
"512557","146154","2025-12-17","45.00","NZD","1761190271","23477/2025-12-17/1761190271.json"
"365170","146153","2025-12-17","48.00","NZD","1761190271","23477/2025-12-17/1761190271.json"
"510807","146155","2025-12-17","52.00","NZD","1761190271","23477/2025-12-17/1761190271.json"
"581513","221281","2025-12-18","36.00","NZD","1761190271","23477/2025-12-18/1761190271.json"
"581514","221282","2025-12-18","36.00","NZD","1761190271","23477/2025-12-18/1761190271.json"
"512557","146154","2025-12-18","45.00","NZD","1761190271","23477/2025-12-18/1761190271.json"
"365170","146153","2025-12-18","48.00","NZD","1761190271","23477/2025-12-18/1761190271.json"
"510807","146155","2025-12-18","52.00","NZD","1761190271","23477/2025-12-18/1761190271.json"
"581513","221281","2025-12-19","36.00","NZD","1761190271","23477/2025-12-19/1761190271.json"
"581514","221282","2025-12-19","36.00","NZD","1761190271","23477/2025-12-19/1761190271.json"
"512557","146154","2025-12-19","45.00","NZD","1761190271","23477/2025-12-19/1761190271.json"
"365170","146153","2025-12-19","48.00","NZD","1761190271","23477/2025-12-19/1761190271.json"
"510807","146155","2025-12-19","52.00","NZD","1761190271","23477/2025-12-19/1761190271.json"
"581513","221281","2025-12-20","36.00","NZD","1761190271","23477/2025-12-20/1761190271.json"
"581514","221282","2025-12-20","36.00","NZD","1761190271","23477/2025-12-20/1761190271.json"
"512557","146154","2025-12-20","45.00","NZD","1761190271","23477/2025-12-20/1761190271.json"
"365170","146153","2025-12-20","48.00","NZD","1761190271","23477/2025-12-20/1761190271.json"
"510807","146155","2025-12-20","52.00","NZD","1761190271","23477/2025-12-20/1761190271.json"
"581513","221281","2025-12-22","36.00","NZD","1761190271","23477/2025-12-22/1761190271.json"
"581514","221282","2025-12-22","36.00","NZD","1761190271","23477/2025-12-22/1761190271.json"
"512557","146154","2025-12-22","45.00","NZD","1761190271","23477/2025-12-22/1761190271.json"
"365170","146153","2025-12-22","48.00","NZD","1761190271","23477/2025-12-22/1761190271.json"
"510807","146155","2025-12-22","52.00","NZD","1761190271","23477/2025-12-22/1761190271.json"
"581513","221281","2025-12-21","36.00","NZD","1761190271","23477/2025-12-21/1761190271.json"
"581514","221282","2025-12-21","36.00","NZD","1761190271","23477/2025-12-21/1761190271.json"
"512557","146154","2025-12-21","45.00","NZD","1761190271","23477/2025-12-21/1761190271.json"
"365170","146153","2025-12-21","48.00","NZD","1761190271","23477/2025-12-21/1761190271.json"
"510807","146155","2025-12-21","52.00","NZD","1761190271","23477/2025-12-21/1761190271.json"
"581513","221281","2025-10-26","38.00","NZD","1761195292","23477/2025-10-26/1761195292.json"
"581514","221282","2025-10-26","38.00","NZD","1761195292","23477/2025-10-26/1761195292.json"
"512557","146154","2025-10-26","45.00","NZD","1761195292","23477/2025-10-26/1761195292.json"
"581513","221281","2025-10-23","36.00","NZD","1761195292","23477/2025-10-23/1761195292.json"
"581514","221282","2025-10-23","36.00","NZD","1761195292","23477/2025-10-23/1761195292.json"
"512557","146154","2025-10-23","45.00","NZD","1761195292","23477/2025-10-23/1761195292.json"
"365170","146153","2025-10-23","48.00","NZD","1761195292","23477/2025-10-23/1761195292.json"
"510807","146155","2025-10-23","52.00","NZD","1761195292","23477/2025-10-23/1761195292.json"
"581513","221281","2025-10-27","38.00","NZD","1761195292","23477/2025-10-27/1761195292.json"
"581514","221282","2025-10-27","38.00","NZD","1761195292","23477/2025-10-27/1761195292.json"
"512557","146154","2025-10-27","45.00","NZD","1761195292","23477/2025-10-27/1761195292.json"
"365170","146153","2025-10-27","48.00","NZD","1761195292","23477/2025-10-27/1761195292.json"
"510807","146155","2025-10-27","52.00","NZD","1761195292","23477/2025-10-27/1761195292.json"
"581513","221281","2025-10-28","36.00","NZD","1761195292","23477/2025-10-28/1761195292.json"
"581514","221282","2025-10-28","36.00","NZD","1761195292","23477/2025-10-28/1761195292.json"
"512557","146154","2025-10-28","45.00","NZD","1761195292","23477/2025-10-28/1761195292.json"
"365170","146153","2025-10-28","48.00","NZD","1761195292","23477/2025-10-28/1761195292.json"
"510807","146155","2025-10-28","52.00","NZD","1761195292","23477/2025-10-28/1761195292.json"
"581513","221281","2025-10-30","36.00","NZD","1761195292","23477/2025-10-30/1761195292.json"
"581514","221282","2025-10-30","36.00","NZD","1761195292","23477/2025-10-30/1761195292.json"
"512557","146154","2025-10-30","45.00","NZD","1761195292","23477/2025-10-30/1761195292.json"
"365170","146153","2025-10-30","48.00","NZD","1761195292","23477/2025-10-30/1761195292.json"
"510807","146155","2025-10-30","52.00","NZD","1761195292","23477/2025-10-30/1761195292.json"
"581513","221281","2025-10-25","38.00","NZD","1761195292","23477/2025-10-25/1761195292.json"
"581514","221282","2025-10-25","38.00","NZD","1761195292","23477/2025-10-25/1761195292.json"
"512557","146154","2025-10-25","45.00","NZD","1761195292","23477/2025-10-25/1761195292.json"
"581513","221281","2025-10-29","36.00","NZD","1761195292","23477/2025-10-29/1761195292.json"
"581514","221282","2025-10-29","36.00","NZD","1761195292","23477/2025-10-29/1761195292.json"
"512557","146154","2025-10-29","45.00","NZD","1761195292","23477/2025-10-29/1761195292.json"
"365170","146153","2025-10-29","48.00","NZD","1761195292","23477/2025-10-29/1761195292.json"
"510807","146155","2025-10-29","52.00","NZD","1761195292","23477/2025-10-29/1761195292.json"
"581513","221281","2025-10-24","36.00","NZD","1761195292","23477/2025-10-24/1761195292.json"
"581514","221282","2025-10-24","36.00","NZD","1761195292","23477/2025-10-24/1761195292.json"
"512557","146154","2025-10-24","45.00","NZD","1761195292","23477/2025-10-24/1761195292.json"
"365170","146153","2025-10-24","48.00","NZD","1761195292","23477/2025-10-24/1761195292.json"
"510807","146155","2025-10-24","52.00","NZD","1761195292","23477/2025-10-24/1761195292.json"
"581513","221281","2025-10-31","36.00","NZD","1761195292","23477/2025-10-31/1761195292.json"
"581514","221282","2025-10-31","36.00","NZD","1761195292","23477/2025-10-31/1761195292.json"
"512557","146154","2025-10-31","45.00","NZD","1761195292","23477/2025-10-31/1761195292.json"
"365170","146153","2025-10-31","48.00","NZD","1761195292","23477/2025-10-31/1761195292.json"
"510807","146155","2025-10-31","52.00","NZD","1761195292","23477/2025-10-31/1761195292.json"
"581513","221281","2025-11-01","36.00","NZD","1761195292","23477/2025-11-01/1761195292.json"
"581514","221282","2025-11-01","36.00","NZD","1761195292","23477/2025-11-01/1761195292.json"
"512557","146154","2025-11-01","45.00","NZD","1761195292","23477/2025-11-01/1761195292.json"
"365170","146153","2025-11-01","48.00","NZD","1761195292","23477/2025-11-01/1761195292.json"
"510807","146155","2025-11-01","52.00","NZD","1761195292","23477/2025-11-01/1761195292.json"
"581513","221281","2025-11-02","36.00","NZD","1761195292","23477/2025-11-02/1761195292.json"
"581514","221282","2025-11-02","36.00","NZD","1761195292","23477/2025-11-02/1761195292.json"
"512557","146154","2025-11-02","45.00","NZD","1761195292","23477/2025-11-02/1761195292.json"
"365170","146153","2025-11-02","48.00","NZD","1761195292","23477/2025-11-02/1761195292.json"
"510807","146155","2025-11-02","52.00","NZD","1761195292","23477/2025-11-02/1761195292.json"
"581513","221281","2025-11-03","36.00","NZD","1761195292","23477/2025-11-03/1761195292.json"
"581514","221282","2025-11-03","36.00","NZD","1761195292","23477/2025-11-03/1761195292.json"
"512557","146154","2025-11-03","45.00","NZD","1761195292","23477/2025-11-03/1761195292.json"
"365170","146153","2025-11-03","48.00","NZD","1761195292","23477/2025-11-03/1761195292.json"
"510807","146155","2025-11-03","52.00","NZD","1761195292","23477/2025-11-03/1761195292.json"
"581513","221281","2025-11-04","36.00","NZD","1761195292","23477/2025-11-04/1761195292.json"
"581514","221282","2025-11-04","36.00","NZD","1761195292","23477/2025-11-04/1761195292.json"
"512557","146154","2025-11-04","45.00","NZD","1761195292","23477/2025-11-04/1761195292.json"
"365170","146153","2025-11-04","48.00","NZD","1761195292","23477/2025-11-04/1761195292.json"
"510807","146155","2025-11-04","52.00","NZD","1761195292","23477/2025-11-04/1761195292.json"
"581513","221281","2025-11-05","36.00","NZD","1761195292","23477/2025-11-05/1761195292.json"
"581514","221282","2025-11-05","36.00","NZD","1761195292","23477/2025-11-05/1761195292.json"
"512557","146154","2025-11-05","45.00","NZD","1761195292","23477/2025-11-05/1761195292.json"
"365170","146153","2025-11-05","48.00","NZD","1761195292","23477/2025-11-05/1761195292.json"
"510807","146155","2025-11-05","52.00","NZD","1761195292","23477/2025-11-05/1761195292.json"
"581513","221281","2025-11-06","36.00","NZD","1761195292","23477/2025-11-06/1761195292.json"
"581514","221282","2025-11-06","36.00","NZD","1761195292","23477/2025-11-06/1761195292.json"
"512557","146154","2025-11-06","45.00","NZD","1761195292","23477/2025-11-06/1761195292.json"
"365170","146153","2025-11-06","48.00","NZD","1761195292","23477/2025-11-06/1761195292.json"
"510807","146155","2025-11-06","52.00","NZD","1761195292","23477/2025-11-06/1761195292.json"
"581513","221281","2025-11-09","36.00","NZD","1761195292","23477/2025-11-09/1761195292.json"
"581514","221282","2025-11-09","36.00","NZD","1761195292","23477/2025-11-09/1761195292.json"
"512557","146154","2025-11-09","45.00","NZD","1761195292","23477/2025-11-09/1761195292.json"
"365170","146153","2025-11-09","48.00","NZD","1761195292","23477/2025-11-09/1761195292.json"
"510807","146155","2025-11-09","52.00","NZD","1761195292","23477/2025-11-09/1761195292.json"
"581513","221281","2025-11-07","36.00","NZD","1761195292","23477/2025-11-07/1761195292.json"
"581514","221282","2025-11-07","36.00","NZD","1761195292","23477/2025-11-07/1761195292.json"
"512557","146154","2025-11-07","45.00","NZD","1761195292","23477/2025-11-07/1761195292.json"
"365170","146153","2025-11-07","48.00","NZD","1761195292","23477/2025-11-07/1761195292.json"
"510807","146155","2025-11-07","52.00","NZD","1761195292","23477/2025-11-07/1761195292.json"
"581513","221281","2025-11-08","36.00","NZD","1761195292","23477/2025-11-08/1761195292.json"
"581514","221282","2025-11-08","36.00","NZD","1761195292","23477/2025-11-08/1761195292.json"
"512557","146154","2025-11-08","45.00","NZD","1761195292","23477/2025-11-08/1761195292.json"
"365170","146153","2025-11-08","48.00","NZD","1761195292","23477/2025-11-08/1761195292.json"
"510807","146155","2025-11-08","52.00","NZD","1761195292","23477/2025-11-08/1761195292.json"
"581513","221281","2025-11-10","36.00","NZD","1761195292","23477/2025-11-10/1761195292.json"
"581514","221282","2025-11-10","36.00","NZD","1761195292","23477/2025-11-10/1761195292.json"
"512557","146154","2025-11-10","45.00","NZD","1761195292","23477/2025-11-10/1761195292.json"
"365170","146153","2025-11-10","48.00","NZD","1761195292","23477/2025-11-10/1761195292.json"
"510807","146155","2025-11-10","52.00","NZD","1761195292","23477/2025-11-10/1761195292.json"
"581513","221281","2025-11-12","36.00","NZD","1761195292","23477/2025-11-12/1761195292.json"
"581514","221282","2025-11-12","36.00","NZD","1761195292","23477/2025-11-12/1761195292.json"
"512557","146154","2025-11-12","45.00","NZD","1761195292","23477/2025-11-12/1761195292.json"
"365170","146153","2025-11-12","48.00","NZD","1761195292","23477/2025-11-12/1761195292.json"
"510807","146155","2025-11-12","52.00","NZD","1761195292","23477/2025-11-12/1761195292.json"
"581513","221281","2025-11-13","36.00","NZD","1761195292","23477/2025-11-13/1761195292.json"
"581514","221282","2025-11-13","36.00","NZD","1761195292","23477/2025-11-13/1761195292.json"
"512557","146154","2025-11-13","45.00","NZD","1761195292","23477/2025-11-13/1761195292.json"
"365170","146153","2025-11-13","48.00","NZD","1761195292","23477/2025-11-13/1761195292.json"
"510807","146155","2025-11-13","52.00","NZD","1761195292","23477/2025-11-13/1761195292.json"
"581513","221281","2025-11-14","36.00","NZD","1761195292","23477/2025-11-14/1761195292.json"
"581514","221282","2025-11-14","36.00","NZD","1761195292","23477/2025-11-14/1761195292.json"
"512557","146154","2025-11-14","45.00","NZD","1761195292","23477/2025-11-14/1761195292.json"
"365170","146153","2025-11-14","48.00","NZD","1761195292","23477/2025-11-14/1761195292.json"
"510807","146155","2025-11-14","52.00","NZD","1761195292","23477/2025-11-14/1761195292.json"
"581513","221281","2025-11-15","36.00","NZD","1761195292","23477/2025-11-15/1761195292.json"
"581514","221282","2025-11-15","36.00","NZD","1761195292","23477/2025-11-15/1761195292.json"
"512557","146154","2025-11-15","45.00","NZD","1761195292","23477/2025-11-15/1761195292.json"
"365170","146153","2025-11-15","48.00","NZD","1761195292","23477/2025-11-15/1761195292.json"
"510807","146155","2025-11-15","52.00","NZD","1761195292","23477/2025-11-15/1761195292.json"
"581513","221281","2025-11-16","36.00","NZD","1761195292","23477/2025-11-16/1761195292.json"
"581514","221282","2025-11-16","36.00","NZD","1761195292","23477/2025-11-16/1761195292.json"
"512557","146154","2025-11-16","45.00","NZD","1761195292","23477/2025-11-16/1761195292.json"
"365170","146153","2025-11-16","48.00","NZD","1761195292","23477/2025-11-16/1761195292.json"
"510807","146155","2025-11-16","52.00","NZD","1761195292","23477/2025-11-16/1761195292.json"
"581513","221281","2025-11-17","36.00","NZD","1761195292","23477/2025-11-17/1761195292.json"
"581514","221282","2025-11-17","36.00","NZD","1761195292","23477/2025-11-17/1761195292.json"
"512557","146154","2025-11-17","45.00","NZD","1761195292","23477/2025-11-17/1761195292.json"
"365170","146153","2025-11-17","48.00","NZD","1761195292","23477/2025-11-17/1761195292.json"
"510807","146155","2025-11-17","52.00","NZD","1761195292","23477/2025-11-17/1761195292.json"
"581513","221281","2025-11-18","36.00","NZD","1761195292","23477/2025-11-18/1761195292.json"
"581514","221282","2025-11-18","36.00","NZD","1761195292","23477/2025-11-18/1761195292.json"
"512557","146154","2025-11-18","45.00","NZD","1761195292","23477/2025-11-18/1761195292.json"
"365170","146153","2025-11-18","48.00","NZD","1761195292","23477/2025-11-18/1761195292.json"
"510807","146155","2025-11-18","52.00","NZD","1761195292","23477/2025-11-18/1761195292.json"
"581513","221281","2025-11-19","36.00","NZD","1761195292","23477/2025-11-19/1761195292.json"
"581514","221282","2025-11-19","36.00","NZD","1761195292","23477/2025-11-19/1761195292.json"
"512557","146154","2025-11-19","45.00","NZD","1761195292","23477/2025-11-19/1761195292.json"
"365170","146153","2025-11-19","48.00","NZD","1761195292","23477/2025-11-19/1761195292.json"
"510807","146155","2025-11-19","52.00","NZD","1761195292","23477/2025-11-19/1761195292.json"
"581513","221281","2025-11-20","36.00","NZD","1761195292","23477/2025-11-20/1761195292.json"
"581514","221282","2025-11-20","36.00","NZD","1761195292","23477/2025-11-20/1761195292.json"
"512557","146154","2025-11-20","45.00","NZD","1761195292","23477/2025-11-20/1761195292.json"
"581513","221281","2025-11-21","36.00","NZD","1761195292","23477/2025-11-21/1761195292.json"
"581514","221282","2025-11-21","36.00","NZD","1761195292","23477/2025-11-21/1761195292.json"
"512557","146154","2025-11-21","45.00","NZD","1761195292","23477/2025-11-21/1761195292.json"
"365170","146153","2025-11-21","48.00","NZD","1761195292","23477/2025-11-21/1761195292.json"
"510807","146155","2025-11-21","52.00","NZD","1761195292","23477/2025-11-21/1761195292.json"
"581513","221281","2025-11-22","36.00","NZD","1761195292","23477/2025-11-22/1761195292.json"
"581514","221282","2025-11-22","36.00","NZD","1761195292","23477/2025-11-22/1761195292.json"
"512557","146154","2025-11-22","45.00","NZD","1761195292","23477/2025-11-22/1761195292.json"
"365170","146153","2025-11-22","48.00","NZD","1761195292","23477/2025-11-22/1761195292.json"
"510807","146155","2025-11-22","52.00","NZD","1761195292","23477/2025-11-22/1761195292.json"
"581513","221281","2025-11-23","36.00","NZD","1761195292","23477/2025-11-23/1761195292.json"
"581514","221282","2025-11-23","36.00","NZD","1761195292","23477/2025-11-23/1761195292.json"
"512557","146154","2025-11-23","45.00","NZD","1761195292","23477/2025-11-23/1761195292.json"
"365170","146153","2025-11-23","48.00","NZD","1761195292","23477/2025-11-23/1761195292.json"
"510807","146155","2025-11-23","52.00","NZD","1761195292","23477/2025-11-23/1761195292.json"
"581513","221281","2025-11-24","36.00","NZD","1761195292","23477/2025-11-24/1761195292.json"
"581514","221282","2025-11-24","36.00","NZD","1761195292","23477/2025-11-24/1761195292.json"
"512557","146154","2025-11-24","45.00","NZD","1761195292","23477/2025-11-24/1761195292.json"
"365170","146153","2025-11-24","48.00","NZD","1761195292","23477/2025-11-24/1761195292.json"
"510807","146155","2025-11-24","52.00","NZD","1761195292","23477/2025-11-24/1761195292.json"
"581513","221281","2025-11-26","36.00","NZD","1761195292","23477/2025-11-26/1761195292.json"
"581514","221282","2025-11-26","36.00","NZD","1761195292","23477/2025-11-26/1761195292.json"
"512557","146154","2025-11-26","45.00","NZD","1761195292","23477/2025-11-26/1761195292.json"
"365170","146153","2025-11-26","48.00","NZD","1761195292","23477/2025-11-26/1761195292.json"
"510807","146155","2025-11-26","52.00","NZD","1761195292","23477/2025-11-26/1761195292.json"
"581513","221281","2025-11-27","36.00","NZD","1761195292","23477/2025-11-27/1761195292.json"
"581514","221282","2025-11-27","36.00","NZD","1761195292","23477/2025-11-27/1761195292.json"
"512557","146154","2025-11-27","45.00","NZD","1761195292","23477/2025-11-27/1761195292.json"
"365170","146153","2025-11-27","48.00","NZD","1761195292","23477/2025-11-27/1761195292.json"
"510807","146155","2025-11-27","52.00","NZD","1761195292","23477/2025-11-27/1761195292.json"
"581513","221281","2025-11-29","36.00","NZD","1761195292","23477/2025-11-29/1761195292.json"
"581514","221282","2025-11-29","36.00","NZD","1761195292","23477/2025-11-29/1761195292.json"
"512557","146154","2025-11-29","45.00","NZD","1761195292","23477/2025-11-29/1761195292.json"
"365170","146153","2025-11-29","48.00","NZD","1761195292","23477/2025-11-29/1761195292.json"
"510807","146155","2025-11-29","52.00","NZD","1761195292","23477/2025-11-29/1761195292.json"
"581513","221281","2025-11-28","36.00","NZD","1761195292","23477/2025-11-28/1761195292.json"
"581514","221282","2025-11-28","36.00","NZD","1761195292","23477/2025-11-28/1761195292.json"
"512557","146154","2025-11-28","45.00","NZD","1761195292","23477/2025-11-28/1761195292.json"
"365170","146153","2025-11-28","48.00","NZD","1761195292","23477/2025-11-28/1761195292.json"
"510807","146155","2025-11-28","52.00","NZD","1761195292","23477/2025-11-28/1761195292.json"
"581513","221281","2025-11-25","36.00","NZD","1761195292","23477/2025-11-25/1761195292.json"
"581514","221282","2025-11-25","36.00","NZD","1761195292","23477/2025-11-25/1761195292.json"
"512557","146154","2025-11-25","45.00","NZD","1761195292","23477/2025-11-25/1761195292.json"
"365170","146153","2025-11-25","48.00","NZD","1761195292","23477/2025-11-25/1761195292.json"
"510807","146155","2025-11-25","52.00","NZD","1761195292","23477/2025-11-25/1761195292.json"
"581513","221281","2025-11-30","36.00","NZD","1761195292","23477/2025-11-30/1761195292.json"
"581514","221282","2025-11-30","36.00","NZD","1761195292","23477/2025-11-30/1761195292.json"
"512557","146154","2025-11-30","45.00","NZD","1761195292","23477/2025-11-30/1761195292.json"
"365170","146153","2025-11-30","48.00","NZD","1761195292","23477/2025-11-30/1761195292.json"
"510807","146155","2025-11-30","52.00","NZD","1761195292","23477/2025-11-30/1761195292.json"
"581513","221281","2025-12-01","36.00","NZD","1761195292","23477/2025-12-01/1761195292.json"
"581514","221282","2025-12-01","36.00","NZD","1761195292","23477/2025-12-01/1761195292.json"
"512557","146154","2025-12-01","45.00","NZD","1761195292","23477/2025-12-01/1761195292.json"
"365170","146153","2025-12-01","48.00","NZD","1761195292","23477/2025-12-01/1761195292.json"
"510807","146155","2025-12-01","52.00","NZD","1761195292","23477/2025-12-01/1761195292.json"
"581513","221281","2025-11-11","36.00","NZD","1761195292","23477/2025-11-11/1761195292.json"
"581514","221282","2025-11-11","36.00","NZD","1761195292","23477/2025-11-11/1761195292.json"
"512557","146154","2025-11-11","45.00","NZD","1761195292","23477/2025-11-11/1761195292.json"
"365170","146153","2025-11-11","48.00","NZD","1761195292","23477/2025-11-11/1761195292.json"
"510807","146155","2025-11-11","52.00","NZD","1761195292","23477/2025-11-11/1761195292.json"
"581513","221281","2025-12-02","36.00","NZD","1761195292","23477/2025-12-02/1761195292.json"
"581514","221282","2025-12-02","36.00","NZD","1761195292","23477/2025-12-02/1761195292.json"
"512557","146154","2025-12-02","45.00","NZD","1761195292","23477/2025-12-02/1761195292.json"
"365170","146153","2025-12-02","48.00","NZD","1761195292","23477/2025-12-02/1761195292.json"
"510807","146155","2025-12-02","52.00","NZD","1761195292","23477/2025-12-02/1761195292.json"
"581513","221281","2025-12-03","36.00","NZD","1761195292","23477/2025-12-03/1761195292.json"
"581514","221282","2025-12-03","36.00","NZD","1761195292","23477/2025-12-03/1761195292.json"
"512557","146154","2025-12-03","45.00","NZD","1761195292","23477/2025-12-03/1761195292.json"
"365170","146153","2025-12-03","48.00","NZD","1761195292","23477/2025-12-03/1761195292.json"
"510807","146155","2025-12-03","52.00","NZD","1761195292","23477/2025-12-03/1761195292.json"
"581513","221281","2025-12-04","36.00","NZD","1761195292","23477/2025-12-04/1761195292.json"
"581514","221282","2025-12-04","36.00","NZD","1761195292","23477/2025-12-04/1761195292.json"
"512557","146154","2025-12-04","45.00","NZD","1761195292","23477/2025-12-04/1761195292.json"
"365170","146153","2025-12-04","48.00","NZD","1761195292","23477/2025-12-04/1761195292.json"
"510807","146155","2025-12-04","52.00","NZD","1761195292","23477/2025-12-04/1761195292.json"
"581513","221281","2025-12-06","36.00","NZD","1761195292","23477/2025-12-06/1761195292.json"
"581514","221282","2025-12-06","36.00","NZD","1761195292","23477/2025-12-06/1761195292.json"
"512557","146154","2025-12-06","45.00","NZD","1761195292","23477/2025-12-06/1761195292.json"
"365170","146153","2025-12-06","48.00","NZD","1761195292","23477/2025-12-06/1761195292.json"
"510807","146155","2025-12-06","52.00","NZD","1761195292","23477/2025-12-06/1761195292.json"
"581513","221281","2025-12-05","36.00","NZD","1761195292","23477/2025-12-05/1761195292.json"
"581514","221282","2025-12-05","36.00","NZD","1761195292","23477/2025-12-05/1761195292.json"
"512557","146154","2025-12-05","45.00","NZD","1761195292","23477/2025-12-05/1761195292.json"
"365170","146153","2025-12-05","48.00","NZD","1761195292","23477/2025-12-05/1761195292.json"
"510807","146155","2025-12-05","52.00","NZD","1761195292","23477/2025-12-05/1761195292.json"
"581513","221281","2025-12-07","36.00","NZD","1761195292","23477/2025-12-07/1761195292.json"
"581514","221282","2025-12-07","36.00","NZD","1761195292","23477/2025-12-07/1761195292.json"
"512557","146154","2025-12-07","45.00","NZD","1761195292","23477/2025-12-07/1761195292.json"
"365170","146153","2025-12-07","48.00","NZD","1761195292","23477/2025-12-07/1761195292.json"
"510807","146155","2025-12-07","52.00","NZD","1761195292","23477/2025-12-07/1761195292.json"
"581513","221281","2025-12-08","36.00","NZD","1761195292","23477/2025-12-08/1761195292.json"
"581514","221282","2025-12-08","36.00","NZD","1761195292","23477/2025-12-08/1761195292.json"
"512557","146154","2025-12-08","45.00","NZD","1761195292","23477/2025-12-08/1761195292.json"
"365170","146153","2025-12-08","48.00","NZD","1761195292","23477/2025-12-08/1761195292.json"
"510807","146155","2025-12-08","52.00","NZD","1761195292","23477/2025-12-08/1761195292.json"
"581513","221281","2025-12-09","36.00","NZD","1761195292","23477/2025-12-09/1761195292.json"
"581514","221282","2025-12-09","36.00","NZD","1761195292","23477/2025-12-09/1761195292.json"
"512557","146154","2025-12-09","45.00","NZD","1761195292","23477/2025-12-09/1761195292.json"
"365170","146153","2025-12-09","48.00","NZD","1761195292","23477/2025-12-09/1761195292.json"
"510807","146155","2025-12-09","52.00","NZD","1761195292","23477/2025-12-09/1761195292.json"
"581513","221281","2025-12-12","36.00","NZD","1761195292","23477/2025-12-12/1761195292.json"
"581514","221282","2025-12-12","36.00","NZD","1761195292","23477/2025-12-12/1761195292.json"
"512557","146154","2025-12-12","45.00","NZD","1761195292","23477/2025-12-12/1761195292.json"
"365170","146153","2025-12-12","48.00","NZD","1761195292","23477/2025-12-12/1761195292.json"
"510807","146155","2025-12-12","52.00","NZD","1761195292","23477/2025-12-12/1761195292.json"
"581513","221281","2025-12-11","36.00","NZD","1761195292","23477/2025-12-11/1761195292.json"
"581514","221282","2025-12-11","36.00","NZD","1761195292","23477/2025-12-11/1761195292.json"
"512557","146154","2025-12-11","45.00","NZD","1761195292","23477/2025-12-11/1761195292.json"
"365170","146153","2025-12-11","48.00","NZD","1761195292","23477/2025-12-11/1761195292.json"
"510807","146155","2025-12-11","52.00","NZD","1761195292","23477/2025-12-11/1761195292.json"
"581513","221281","2025-12-10","36.00","NZD","1761195292","23477/2025-12-10/1761195292.json"
"581514","221282","2025-12-10","36.00","NZD","1761195292","23477/2025-12-10/1761195292.json"
"512557","146154","2025-12-10","45.00","NZD","1761195292","23477/2025-12-10/1761195292.json"
"365170","146153","2025-12-10","48.00","NZD","1761195292","23477/2025-12-10/1761195292.json"
"510807","146155","2025-12-10","52.00","NZD","1761195292","23477/2025-12-10/1761195292.json"
"581513","221281","2025-12-13","36.00","NZD","1761195292","23477/2025-12-13/1761195292.json"
"581514","221282","2025-12-13","36.00","NZD","1761195292","23477/2025-12-13/1761195292.json"
"512557","146154","2025-12-13","45.00","NZD","1761195292","23477/2025-12-13/1761195292.json"
"365170","146153","2025-12-13","48.00","NZD","1761195292","23477/2025-12-13/1761195292.json"
"510807","146155","2025-12-13","52.00","NZD","1761195292","23477/2025-12-13/1761195292.json"
"581513","221281","2025-12-14","36.00","NZD","1761195292","23477/2025-12-14/1761195292.json"
"581514","221282","2025-12-14","36.00","NZD","1761195292","23477/2025-12-14/1761195292.json"
"512557","146154","2025-12-14","45.00","NZD","1761195292","23477/2025-12-14/1761195292.json"
"365170","146153","2025-12-14","48.00","NZD","1761195292","23477/2025-12-14/1761195292.json"
"510807","146155","2025-12-14","52.00","NZD","1761195292","23477/2025-12-14/1761195292.json"
"581513","221281","2025-12-15","36.00","NZD","1761195292","23477/2025-12-15/1761195292.json"
"581514","221282","2025-12-15","36.00","NZD","1761195292","23477/2025-12-15/1761195292.json"
"512557","146154","2025-12-15","45.00","NZD","1761195292","23477/2025-12-15/1761195292.json"
"365170","146153","2025-12-15","48.00","NZD","1761195292","23477/2025-12-15/1761195292.json"
"510807","146155","2025-12-15","52.00","NZD","1761195292","23477/2025-12-15/1761195292.json"
"581513","221281","2025-12-17","36.00","NZD","1761195292","23477/2025-12-17/1761195292.json"
"581514","221282","2025-12-17","36.00","NZD","1761195292","23477/2025-12-17/1761195292.json"
"512557","146154","2025-12-17","45.00","NZD","1761195292","23477/2025-12-17/1761195292.json"
"365170","146153","2025-12-17","48.00","NZD","1761195292","23477/2025-12-17/1761195292.json"
"510807","146155","2025-12-17","52.00","NZD","1761195292","23477/2025-12-17/1761195292.json"
"581513","221281","2025-12-16","36.00","NZD","1761195292","23477/2025-12-16/1761195292.json"
"581514","221282","2025-12-16","36.00","NZD","1761195292","23477/2025-12-16/1761195292.json"
"512557","146154","2025-12-16","45.00","NZD","1761195292","23477/2025-12-16/1761195292.json"
"365170","146153","2025-12-16","48.00","NZD","1761195292","23477/2025-12-16/1761195292.json"
"510807","146155","2025-12-16","52.00","NZD","1761195292","23477/2025-12-16/1761195292.json"
"581513","221281","2025-12-18","36.00","NZD","1761195292","23477/2025-12-18/1761195292.json"
"581514","221282","2025-12-18","36.00","NZD","1761195292","23477/2025-12-18/1761195292.json"
"512557","146154","2025-12-18","45.00","NZD","1761195292","23477/2025-12-18/1761195292.json"
"365170","146153","2025-12-18","48.00","NZD","1761195292","23477/2025-12-18/1761195292.json"
"510807","146155","2025-12-18","52.00","NZD","1761195292","23477/2025-12-18/1761195292.json"
"581513","221281","2025-12-19","36.00","NZD","1761195292","23477/2025-12-19/1761195292.json"
"581514","221282","2025-12-19","36.00","NZD","1761195292","23477/2025-12-19/1761195292.json"
"512557","146154","2025-12-19","45.00","NZD","1761195292","23477/2025-12-19/1761195292.json"
"365170","146153","2025-12-19","48.00","NZD","1761195292","23477/2025-12-19/1761195292.json"
"510807","146155","2025-12-19","52.00","NZD","1761195292","23477/2025-12-19/1761195292.json"
"581513","221281","2025-12-21","36.00","NZD","1761195292","23477/2025-12-21/1761195292.json"
"581514","221282","2025-12-21","36.00","NZD","1761195292","23477/2025-12-21/1761195292.json"
"512557","146154","2025-12-21","45.00","NZD","1761195292","23477/2025-12-21/1761195292.json"
"365170","146153","2025-12-21","48.00","NZD","1761195292","23477/2025-12-21/1761195292.json"
"510807","146155","2025-12-21","52.00","NZD","1761195292","23477/2025-12-21/1761195292.json"
"581513","221281","2025-12-20","36.00","NZD","1761195292","23477/2025-12-20/1761195292.json"
"581514","221282","2025-12-20","36.00","NZD","1761195292","23477/2025-12-20/1761195292.json"
"512557","146154","2025-12-20","45.00","NZD","1761195292","23477/2025-12-20/1761195292.json"
"365170","146153","2025-12-20","48.00","NZD","1761195292","23477/2025-12-20/1761195292.json"
"510807","146155","2025-12-20","52.00","NZD","1761195292","23477/2025-12-20/1761195292.json"
"581513","221281","2025-12-22","36.00","NZD","1761195292","23477/2025-12-22/1761195292.json"
"581514","221282","2025-12-22","36.00","NZD","1761195292","23477/2025-12-22/1761195292.json"
"512557","146154","2025-12-22","45.00","NZD","1761195292","23477/2025-12-22/1761195292.json"
"365170","146153","2025-12-22","48.00","NZD","1761195292","23477/2025-12-22/1761195292.json"
"510807","146155","2025-12-22","52.00","NZD","1761195292","23477/2025-12-22/1761195292.json"
"581513","221281","2025-10-26","38.00","NZD","1761210422","23477/2025-10-26/1761210422.json"
"581514","221282","2025-10-26","38.00","NZD","1761210422","23477/2025-10-26/1761210422.json"
"512557","146154","2025-10-26","45.00","NZD","1761210422","23477/2025-10-26/1761210422.json"
"581513","221281","2025-10-23","36.00","NZD","1761210422","23477/2025-10-23/1761210422.json"
"581514","221282","2025-10-23","36.00","NZD","1761210422","23477/2025-10-23/1761210422.json"
"512557","146154","2025-10-23","45.00","NZD","1761210422","23477/2025-10-23/1761210422.json"
"365170","146153","2025-10-23","48.00","NZD","1761210422","23477/2025-10-23/1761210422.json"
"510807","146155","2025-10-23","52.00","NZD","1761210422","23477/2025-10-23/1761210422.json"
"581513","221281","2025-10-25","38.00","NZD","1761210422","23477/2025-10-25/1761210422.json"
"581514","221282","2025-10-25","38.00","NZD","1761210422","23477/2025-10-25/1761210422.json"
"512557","146154","2025-10-25","45.00","NZD","1761210422","23477/2025-10-25/1761210422.json"
"581513","221281","2025-10-24","36.00","NZD","1761210422","23477/2025-10-24/1761210422.json"
"581514","221282","2025-10-24","36.00","NZD","1761210422","23477/2025-10-24/1761210422.json"
"512557","146154","2025-10-24","45.00","NZD","1761210422","23477/2025-10-24/1761210422.json"
"365170","146153","2025-10-24","48.00","NZD","1761210422","23477/2025-10-24/1761210422.json"
"510807","146155","2025-10-24","52.00","NZD","1761210422","23477/2025-10-24/1761210422.json"
"581513","221281","2025-10-27","38.00","NZD","1761210422","23477/2025-10-27/1761210422.json"
"581514","221282","2025-10-27","38.00","NZD","1761210422","23477/2025-10-27/1761210422.json"
"512557","146154","2025-10-27","45.00","NZD","1761210422","23477/2025-10-27/1761210422.json"
"365170","146153","2025-10-27","48.00","NZD","1761210422","23477/2025-10-27/1761210422.json"
"510807","146155","2025-10-27","52.00","NZD","1761210422","23477/2025-10-27/1761210422.json"
"581513","221281","2025-10-28","36.00","NZD","1761210422","23477/2025-10-28/1761210422.json"
"581514","221282","2025-10-28","36.00","NZD","1761210422","23477/2025-10-28/1761210422.json"
"512557","146154","2025-10-28","45.00","NZD","1761210422","23477/2025-10-28/1761210422.json"
"365170","146153","2025-10-28","48.00","NZD","1761210422","23477/2025-10-28/1761210422.json"
"510807","146155","2025-10-28","52.00","NZD","1761210422","23477/2025-10-28/1761210422.json"
"581513","221281","2025-10-29","36.00","NZD","1761210422","23477/2025-10-29/1761210422.json"
"581514","221282","2025-10-29","36.00","NZD","1761210422","23477/2025-10-29/1761210422.json"
"512557","146154","2025-10-29","45.00","NZD","1761210422","23477/2025-10-29/1761210422.json"
"365170","146153","2025-10-29","48.00","NZD","1761210422","23477/2025-10-29/1761210422.json"
"510807","146155","2025-10-29","52.00","NZD","1761210422","23477/2025-10-29/1761210422.json"
"581513","221281","2025-10-30","36.00","NZD","1761210422","23477/2025-10-30/1761210422.json"
"581514","221282","2025-10-30","36.00","NZD","1761210422","23477/2025-10-30/1761210422.json"
"512557","146154","2025-10-30","45.00","NZD","1761210422","23477/2025-10-30/1761210422.json"
"365170","146153","2025-10-30","48.00","NZD","1761210422","23477/2025-10-30/1761210422.json"
"510807","146155","2025-10-30","52.00","NZD","1761210422","23477/2025-10-30/1761210422.json"
"581513","221281","2025-11-01","36.00","NZD","1761210422","23477/2025-11-01/1761210422.json"
"581514","221282","2025-11-01","36.00","NZD","1761210422","23477/2025-11-01/1761210422.json"
"512557","146154","2025-11-01","45.00","NZD","1761210422","23477/2025-11-01/1761210422.json"
"365170","146153","2025-11-01","48.00","NZD","1761210422","23477/2025-11-01/1761210422.json"
"510807","146155","2025-11-01","52.00","NZD","1761210422","23477/2025-11-01/1761210422.json"
"581513","221281","2025-10-31","36.00","NZD","1761210422","23477/2025-10-31/1761210422.json"
"581514","221282","2025-10-31","36.00","NZD","1761210422","23477/2025-10-31/1761210422.json"
"512557","146154","2025-10-31","45.00","NZD","1761210422","23477/2025-10-31/1761210422.json"
"365170","146153","2025-10-31","48.00","NZD","1761210422","23477/2025-10-31/1761210422.json"
"510807","146155","2025-10-31","52.00","NZD","1761210422","23477/2025-10-31/1761210422.json"
"581513","221281","2025-11-03","36.00","NZD","1761210422","23477/2025-11-03/1761210422.json"
"581514","221282","2025-11-03","36.00","NZD","1761210422","23477/2025-11-03/1761210422.json"
"512557","146154","2025-11-03","45.00","NZD","1761210422","23477/2025-11-03/1761210422.json"
"365170","146153","2025-11-03","48.00","NZD","1761210422","23477/2025-11-03/1761210422.json"
"510807","146155","2025-11-03","52.00","NZD","1761210422","23477/2025-11-03/1761210422.json"
"581513","221281","2025-11-02","36.00","NZD","1761210422","23477/2025-11-02/1761210422.json"
"581514","221282","2025-11-02","36.00","NZD","1761210422","23477/2025-11-02/1761210422.json"
"512557","146154","2025-11-02","45.00","NZD","1761210422","23477/2025-11-02/1761210422.json"
"365170","146153","2025-11-02","48.00","NZD","1761210422","23477/2025-11-02/1761210422.json"
"510807","146155","2025-11-02","52.00","NZD","1761210422","23477/2025-11-02/1761210422.json"
"581513","221281","2025-11-04","36.00","NZD","1761210422","23477/2025-11-04/1761210422.json"
"581514","221282","2025-11-04","36.00","NZD","1761210422","23477/2025-11-04/1761210422.json"
"512557","146154","2025-11-04","45.00","NZD","1761210422","23477/2025-11-04/1761210422.json"
"365170","146153","2025-11-04","48.00","NZD","1761210422","23477/2025-11-04/1761210422.json"
"510807","146155","2025-11-04","52.00","NZD","1761210422","23477/2025-11-04/1761210422.json"
"581513","221281","2025-11-05","36.00","NZD","1761210422","23477/2025-11-05/1761210422.json"
"581514","221282","2025-11-05","36.00","NZD","1761210422","23477/2025-11-05/1761210422.json"
"512557","146154","2025-11-05","45.00","NZD","1761210422","23477/2025-11-05/1761210422.json"
"365170","146153","2025-11-05","48.00","NZD","1761210422","23477/2025-11-05/1761210422.json"
"510807","146155","2025-11-05","52.00","NZD","1761210422","23477/2025-11-05/1761210422.json"
"581513","221281","2025-11-06","36.00","NZD","1761210422","23477/2025-11-06/1761210422.json"
"581514","221282","2025-11-06","36.00","NZD","1761210422","23477/2025-11-06/1761210422.json"
"512557","146154","2025-11-06","45.00","NZD","1761210422","23477/2025-11-06/1761210422.json"
"365170","146153","2025-11-06","48.00","NZD","1761210422","23477/2025-11-06/1761210422.json"
"510807","146155","2025-11-06","52.00","NZD","1761210422","23477/2025-11-06/1761210422.json"
"581513","221281","2025-11-08","36.00","NZD","1761210422","23477/2025-11-08/1761210422.json"
"581514","221282","2025-11-08","36.00","NZD","1761210422","23477/2025-11-08/1761210422.json"
"512557","146154","2025-11-08","45.00","NZD","1761210422","23477/2025-11-08/1761210422.json"
"365170","146153","2025-11-08","48.00","NZD","1761210422","23477/2025-11-08/1761210422.json"
"510807","146155","2025-11-08","52.00","NZD","1761210422","23477/2025-11-08/1761210422.json"
"581513","221281","2025-11-09","36.00","NZD","1761210422","23477/2025-11-09/1761210422.json"
"581514","221282","2025-11-09","36.00","NZD","1761210422","23477/2025-11-09/1761210422.json"
"512557","146154","2025-11-09","45.00","NZD","1761210422","23477/2025-11-09/1761210422.json"
"365170","146153","2025-11-09","48.00","NZD","1761210422","23477/2025-11-09/1761210422.json"
"510807","146155","2025-11-09","52.00","NZD","1761210422","23477/2025-11-09/1761210422.json"
"581513","221281","2025-11-07","36.00","NZD","1761210422","23477/2025-11-07/1761210422.json"
"581514","221282","2025-11-07","36.00","NZD","1761210422","23477/2025-11-07/1761210422.json"
"512557","146154","2025-11-07","45.00","NZD","1761210422","23477/2025-11-07/1761210422.json"
"365170","146153","2025-11-07","48.00","NZD","1761210422","23477/2025-11-07/1761210422.json"
"510807","146155","2025-11-07","52.00","NZD","1761210422","23477/2025-11-07/1761210422.json"
"581513","221281","2025-11-10","36.00","NZD","1761210422","23477/2025-11-10/1761210422.json"
"581514","221282","2025-11-10","36.00","NZD","1761210422","23477/2025-11-10/1761210422.json"
"512557","146154","2025-11-10","45.00","NZD","1761210422","23477/2025-11-10/1761210422.json"
"365170","146153","2025-11-10","48.00","NZD","1761210422","23477/2025-11-10/1761210422.json"
"510807","146155","2025-11-10","52.00","NZD","1761210422","23477/2025-11-10/1761210422.json"
"581513","221281","2025-11-11","36.00","NZD","1761210422","23477/2025-11-11/1761210422.json"
"581514","221282","2025-11-11","36.00","NZD","1761210422","23477/2025-11-11/1761210422.json"
"512557","146154","2025-11-11","45.00","NZD","1761210422","23477/2025-11-11/1761210422.json"
"365170","146153","2025-11-11","48.00","NZD","1761210422","23477/2025-11-11/1761210422.json"
"510807","146155","2025-11-11","52.00","NZD","1761210422","23477/2025-11-11/1761210422.json"
"581513","221281","2025-11-12","36.00","NZD","1761210422","23477/2025-11-12/1761210422.json"
"581514","221282","2025-11-12","36.00","NZD","1761210422","23477/2025-11-12/1761210422.json"
"512557","146154","2025-11-12","45.00","NZD","1761210422","23477/2025-11-12/1761210422.json"
"365170","146153","2025-11-12","48.00","NZD","1761210422","23477/2025-11-12/1761210422.json"
"510807","146155","2025-11-12","52.00","NZD","1761210422","23477/2025-11-12/1761210422.json"
"581513","221281","2025-11-13","36.00","NZD","1761210422","23477/2025-11-13/1761210422.json"
"581514","221282","2025-11-13","36.00","NZD","1761210422","23477/2025-11-13/1761210422.json"
"512557","146154","2025-11-13","45.00","NZD","1761210422","23477/2025-11-13/1761210422.json"
"365170","146153","2025-11-13","48.00","NZD","1761210422","23477/2025-11-13/1761210422.json"
"510807","146155","2025-11-13","52.00","NZD","1761210422","23477/2025-11-13/1761210422.json"
"581513","221281","2025-11-14","36.00","NZD","1761210422","23477/2025-11-14/1761210422.json"
"581514","221282","2025-11-14","36.00","NZD","1761210422","23477/2025-11-14/1761210422.json"
"512557","146154","2025-11-14","45.00","NZD","1761210422","23477/2025-11-14/1761210422.json"
"365170","146153","2025-11-14","48.00","NZD","1761210422","23477/2025-11-14/1761210422.json"
"510807","146155","2025-11-14","52.00","NZD","1761210422","23477/2025-11-14/1761210422.json"
"581513","221281","2025-11-15","36.00","NZD","1761210422","23477/2025-11-15/1761210422.json"
"581514","221282","2025-11-15","36.00","NZD","1761210422","23477/2025-11-15/1761210422.json"
"512557","146154","2025-11-15","45.00","NZD","1761210422","23477/2025-11-15/1761210422.json"
"365170","146153","2025-11-15","48.00","NZD","1761210422","23477/2025-11-15/1761210422.json"
"510807","146155","2025-11-15","52.00","NZD","1761210422","23477/2025-11-15/1761210422.json"
"581513","221281","2025-11-16","36.00","NZD","1761210422","23477/2025-11-16/1761210422.json"
"581514","221282","2025-11-16","36.00","NZD","1761210422","23477/2025-11-16/1761210422.json"
"512557","146154","2025-11-16","45.00","NZD","1761210422","23477/2025-11-16/1761210422.json"
"365170","146153","2025-11-16","48.00","NZD","1761210422","23477/2025-11-16/1761210422.json"
"510807","146155","2025-11-16","52.00","NZD","1761210422","23477/2025-11-16/1761210422.json"
"581513","221281","2025-11-17","36.00","NZD","1761210422","23477/2025-11-17/1761210422.json"
"581514","221282","2025-11-17","36.00","NZD","1761210422","23477/2025-11-17/1761210422.json"
"512557","146154","2025-11-17","45.00","NZD","1761210422","23477/2025-11-17/1761210422.json"
"365170","146153","2025-11-17","48.00","NZD","1761210422","23477/2025-11-17/1761210422.json"
"510807","146155","2025-11-17","52.00","NZD","1761210422","23477/2025-11-17/1761210422.json"
"581513","221281","2025-11-18","36.00","NZD","1761210422","23477/2025-11-18/1761210422.json"
"581514","221282","2025-11-18","36.00","NZD","1761210422","23477/2025-11-18/1761210422.json"
"512557","146154","2025-11-18","45.00","NZD","1761210422","23477/2025-11-18/1761210422.json"
"365170","146153","2025-11-18","48.00","NZD","1761210422","23477/2025-11-18/1761210422.json"
"510807","146155","2025-11-18","52.00","NZD","1761210422","23477/2025-11-18/1761210422.json"
"581513","221281","2025-11-19","36.00","NZD","1761210422","23477/2025-11-19/1761210422.json"
"581514","221282","2025-11-19","36.00","NZD","1761210422","23477/2025-11-19/1761210422.json"
"512557","146154","2025-11-19","45.00","NZD","1761210422","23477/2025-11-19/1761210422.json"
"365170","146153","2025-11-19","48.00","NZD","1761210422","23477/2025-11-19/1761210422.json"
"510807","146155","2025-11-19","52.00","NZD","1761210422","23477/2025-11-19/1761210422.json"
"581513","221281","2025-11-20","36.00","NZD","1761210422","23477/2025-11-20/1761210422.json"
"581514","221282","2025-11-20","36.00","NZD","1761210422","23477/2025-11-20/1761210422.json"
"512557","146154","2025-11-20","45.00","NZD","1761210422","23477/2025-11-20/1761210422.json"
"581513","221281","2025-11-21","36.00","NZD","1761210422","23477/2025-11-21/1761210422.json"
"581514","221282","2025-11-21","36.00","NZD","1761210422","23477/2025-11-21/1761210422.json"
"512557","146154","2025-11-21","45.00","NZD","1761210422","23477/2025-11-21/1761210422.json"
"365170","146153","2025-11-21","48.00","NZD","1761210422","23477/2025-11-21/1761210422.json"
"510807","146155","2025-11-21","52.00","NZD","1761210422","23477/2025-11-21/1761210422.json"
"581513","221281","2025-11-22","36.00","NZD","1761210422","23477/2025-11-22/1761210422.json"
"581514","221282","2025-11-22","36.00","NZD","1761210422","23477/2025-11-22/1761210422.json"
"512557","146154","2025-11-22","45.00","NZD","1761210422","23477/2025-11-22/1761210422.json"
"365170","146153","2025-11-22","48.00","NZD","1761210422","23477/2025-11-22/1761210422.json"
"510807","146155","2025-11-22","52.00","NZD","1761210422","23477/2025-11-22/1761210422.json"
"581513","221281","2025-11-24","36.00","NZD","1761210422","23477/2025-11-24/1761210422.json"
"581514","221282","2025-11-24","36.00","NZD","1761210422","23477/2025-11-24/1761210422.json"
"512557","146154","2025-11-24","45.00","NZD","1761210422","23477/2025-11-24/1761210422.json"
"365170","146153","2025-11-24","48.00","NZD","1761210422","23477/2025-11-24/1761210422.json"
"510807","146155","2025-11-24","52.00","NZD","1761210422","23477/2025-11-24/1761210422.json"
"581513","221281","2025-11-23","36.00","NZD","1761210422","23477/2025-11-23/1761210422.json"
"581514","221282","2025-11-23","36.00","NZD","1761210422","23477/2025-11-23/1761210422.json"
"512557","146154","2025-11-23","45.00","NZD","1761210422","23477/2025-11-23/1761210422.json"
"365170","146153","2025-11-23","48.00","NZD","1761210422","23477/2025-11-23/1761210422.json"
"510807","146155","2025-11-23","52.00","NZD","1761210422","23477/2025-11-23/1761210422.json"
"581513","221281","2025-11-26","36.00","NZD","1761210422","23477/2025-11-26/1761210422.json"
"581514","221282","2025-11-26","36.00","NZD","1761210422","23477/2025-11-26/1761210422.json"
"512557","146154","2025-11-26","45.00","NZD","1761210422","23477/2025-11-26/1761210422.json"
"365170","146153","2025-11-26","48.00","NZD","1761210422","23477/2025-11-26/1761210422.json"
"510807","146155","2025-11-26","52.00","NZD","1761210422","23477/2025-11-26/1761210422.json"
"581513","221281","2025-11-25","36.00","NZD","1761210422","23477/2025-11-25/1761210422.json"
"581514","221282","2025-11-25","36.00","NZD","1761210422","23477/2025-11-25/1761210422.json"
"512557","146154","2025-11-25","45.00","NZD","1761210422","23477/2025-11-25/1761210422.json"
"365170","146153","2025-11-25","48.00","NZD","1761210422","23477/2025-11-25/1761210422.json"
"510807","146155","2025-11-25","52.00","NZD","1761210422","23477/2025-11-25/1761210422.json"
"581513","221281","2025-11-27","36.00","NZD","1761210422","23477/2025-11-27/1761210422.json"
"581514","221282","2025-11-27","36.00","NZD","1761210422","23477/2025-11-27/1761210422.json"
"512557","146154","2025-11-27","45.00","NZD","1761210422","23477/2025-11-27/1761210422.json"
"365170","146153","2025-11-27","48.00","NZD","1761210422","23477/2025-11-27/1761210422.json"
"510807","146155","2025-11-27","52.00","NZD","1761210422","23477/2025-11-27/1761210422.json"
"581513","221281","2025-11-28","36.00","NZD","1761210422","23477/2025-11-28/1761210422.json"
"581514","221282","2025-11-28","36.00","NZD","1761210422","23477/2025-11-28/1761210422.json"
"512557","146154","2025-11-28","45.00","NZD","1761210422","23477/2025-11-28/1761210422.json"
"365170","146153","2025-11-28","48.00","NZD","1761210422","23477/2025-11-28/1761210422.json"
"510807","146155","2025-11-28","52.00","NZD","1761210422","23477/2025-11-28/1761210422.json"
"581513","221281","2025-12-01","36.00","NZD","1761210422","23477/2025-12-01/1761210422.json"
"581514","221282","2025-12-01","36.00","NZD","1761210422","23477/2025-12-01/1761210422.json"
"512557","146154","2025-12-01","45.00","NZD","1761210422","23477/2025-12-01/1761210422.json"
"365170","146153","2025-12-01","48.00","NZD","1761210422","23477/2025-12-01/1761210422.json"
"510807","146155","2025-12-01","52.00","NZD","1761210422","23477/2025-12-01/1761210422.json"
"581513","221281","2025-11-30","36.00","NZD","1761210422","23477/2025-11-30/1761210422.json"
"581514","221282","2025-11-30","36.00","NZD","1761210422","23477/2025-11-30/1761210422.json"
"512557","146154","2025-11-30","45.00","NZD","1761210422","23477/2025-11-30/1761210422.json"
"365170","146153","2025-11-30","48.00","NZD","1761210422","23477/2025-11-30/1761210422.json"
"510807","146155","2025-11-30","52.00","NZD","1761210422","23477/2025-11-30/1761210422.json"
"581513","221281","2025-11-29","36.00","NZD","1761210422","23477/2025-11-29/1761210422.json"
"581514","221282","2025-11-29","36.00","NZD","1761210422","23477/2025-11-29/1761210422.json"
"512557","146154","2025-11-29","45.00","NZD","1761210422","23477/2025-11-29/1761210422.json"
"365170","146153","2025-11-29","48.00","NZD","1761210422","23477/2025-11-29/1761210422.json"
"510807","146155","2025-11-29","52.00","NZD","1761210422","23477/2025-11-29/1761210422.json"
"581513","221281","2025-12-02","36.00","NZD","1761210422","23477/2025-12-02/1761210422.json"
"581514","221282","2025-12-02","36.00","NZD","1761210422","23477/2025-12-02/1761210422.json"
"512557","146154","2025-12-02","45.00","NZD","1761210422","23477/2025-12-02/1761210422.json"
"365170","146153","2025-12-02","48.00","NZD","1761210422","23477/2025-12-02/1761210422.json"
"510807","146155","2025-12-02","52.00","NZD","1761210422","23477/2025-12-02/1761210422.json"
"581513","221281","2025-12-04","36.00","NZD","1761210422","23477/2025-12-04/1761210422.json"
"581514","221282","2025-12-04","36.00","NZD","1761210422","23477/2025-12-04/1761210422.json"
"512557","146154","2025-12-04","45.00","NZD","1761210422","23477/2025-12-04/1761210422.json"
"365170","146153","2025-12-04","48.00","NZD","1761210422","23477/2025-12-04/1761210422.json"
"510807","146155","2025-12-04","52.00","NZD","1761210422","23477/2025-12-04/1761210422.json"
"581513","221281","2025-12-03","36.00","NZD","1761210422","23477/2025-12-03/1761210422.json"
"581514","221282","2025-12-03","36.00","NZD","1761210422","23477/2025-12-03/1761210422.json"
"512557","146154","2025-12-03","45.00","NZD","1761210422","23477/2025-12-03/1761210422.json"
"365170","146153","2025-12-03","48.00","NZD","1761210422","23477/2025-12-03/1761210422.json"
"510807","146155","2025-12-03","52.00","NZD","1761210422","23477/2025-12-03/1761210422.json"
"581513","221281","2025-12-06","36.00","NZD","1761210422","23477/2025-12-06/1761210422.json"
"581514","221282","2025-12-06","36.00","NZD","1761210422","23477/2025-12-06/1761210422.json"
"512557","146154","2025-12-06","45.00","NZD","1761210422","23477/2025-12-06/1761210422.json"
"365170","146153","2025-12-06","48.00","NZD","1761210422","23477/2025-12-06/1761210422.json"
"510807","146155","2025-12-06","52.00","NZD","1761210422","23477/2025-12-06/1761210422.json"
"581513","221281","2025-12-05","36.00","NZD","1761210422","23477/2025-12-05/1761210422.json"
"581514","221282","2025-12-05","36.00","NZD","1761210422","23477/2025-12-05/1761210422.json"
"512557","146154","2025-12-05","45.00","NZD","1761210422","23477/2025-12-05/1761210422.json"
"365170","146153","2025-12-05","48.00","NZD","1761210422","23477/2025-12-05/1761210422.json"
"510807","146155","2025-12-05","52.00","NZD","1761210422","23477/2025-12-05/1761210422.json"
"581513","221281","2025-12-07","36.00","NZD","1761210422","23477/2025-12-07/1761210422.json"
"581514","221282","2025-12-07","36.00","NZD","1761210422","23477/2025-12-07/1761210422.json"
"512557","146154","2025-12-07","45.00","NZD","1761210422","23477/2025-12-07/1761210422.json"
"365170","146153","2025-12-07","48.00","NZD","1761210422","23477/2025-12-07/1761210422.json"
"510807","146155","2025-12-07","52.00","NZD","1761210422","23477/2025-12-07/1761210422.json"
"581513","221281","2025-12-10","36.00","NZD","1761210422","23477/2025-12-10/1761210422.json"
"581514","221282","2025-12-10","36.00","NZD","1761210422","23477/2025-12-10/1761210422.json"
"512557","146154","2025-12-10","45.00","NZD","1761210422","23477/2025-12-10/1761210422.json"
"365170","146153","2025-12-10","48.00","NZD","1761210422","23477/2025-12-10/1761210422.json"
"510807","146155","2025-12-10","52.00","NZD","1761210422","23477/2025-12-10/1761210422.json"
"581513","221281","2025-12-08","36.00","NZD","1761210422","23477/2025-12-08/1761210422.json"
"581514","221282","2025-12-08","36.00","NZD","1761210422","23477/2025-12-08/1761210422.json"
"512557","146154","2025-12-08","45.00","NZD","1761210422","23477/2025-12-08/1761210422.json"
"365170","146153","2025-12-08","48.00","NZD","1761210422","23477/2025-12-08/1761210422.json"
"510807","146155","2025-12-08","52.00","NZD","1761210422","23477/2025-12-08/1761210422.json"
"581513","221281","2025-12-09","36.00","NZD","1761210422","23477/2025-12-09/1761210422.json"
"581514","221282","2025-12-09","36.00","NZD","1761210422","23477/2025-12-09/1761210422.json"
"512557","146154","2025-12-09","45.00","NZD","1761210422","23477/2025-12-09/1761210422.json"
"365170","146153","2025-12-09","48.00","NZD","1761210422","23477/2025-12-09/1761210422.json"
"510807","146155","2025-12-09","52.00","NZD","1761210422","23477/2025-12-09/1761210422.json"
"581513","221281","2025-12-12","36.00","NZD","1761210422","23477/2025-12-12/1761210422.json"
"581514","221282","2025-12-12","36.00","NZD","1761210422","23477/2025-12-12/1761210422.json"
"512557","146154","2025-12-12","45.00","NZD","1761210422","23477/2025-12-12/1761210422.json"
"365170","146153","2025-12-12","48.00","NZD","1761210422","23477/2025-12-12/1761210422.json"
"510807","146155","2025-12-12","52.00","NZD","1761210422","23477/2025-12-12/1761210422.json"
"581513","221281","2025-12-11","36.00","NZD","1761210422","23477/2025-12-11/1761210422.json"
"581514","221282","2025-12-11","36.00","NZD","1761210422","23477/2025-12-11/1761210422.json"
"512557","146154","2025-12-11","45.00","NZD","1761210422","23477/2025-12-11/1761210422.json"
"365170","146153","2025-12-11","48.00","NZD","1761210422","23477/2025-12-11/1761210422.json"
"510807","146155","2025-12-11","52.00","NZD","1761210422","23477/2025-12-11/1761210422.json"
"581513","221281","2025-12-13","36.00","NZD","1761210422","23477/2025-12-13/1761210422.json"
"581514","221282","2025-12-13","36.00","NZD","1761210422","23477/2025-12-13/1761210422.json"
"512557","146154","2025-12-13","45.00","NZD","1761210422","23477/2025-12-13/1761210422.json"
"365170","146153","2025-12-13","48.00","NZD","1761210422","23477/2025-12-13/1761210422.json"
"510807","146155","2025-12-13","52.00","NZD","1761210422","23477/2025-12-13/1761210422.json"
"581513","221281","2025-12-14","36.00","NZD","1761210422","23477/2025-12-14/1761210422.json"
"581514","221282","2025-12-14","36.00","NZD","1761210422","23477/2025-12-14/1761210422.json"
"512557","146154","2025-12-14","45.00","NZD","1761210422","23477/2025-12-14/1761210422.json"
"365170","146153","2025-12-14","48.00","NZD","1761210422","23477/2025-12-14/1761210422.json"
"510807","146155","2025-12-14","52.00","NZD","1761210422","23477/2025-12-14/1761210422.json"
"581513","221281","2025-12-15","36.00","NZD","1761210422","23477/2025-12-15/1761210422.json"
"581514","221282","2025-12-15","36.00","NZD","1761210422","23477/2025-12-15/1761210422.json"
"512557","146154","2025-12-15","45.00","NZD","1761210422","23477/2025-12-15/1761210422.json"
"365170","146153","2025-12-15","48.00","NZD","1761210422","23477/2025-12-15/1761210422.json"
"510807","146155","2025-12-15","52.00","NZD","1761210422","23477/2025-12-15/1761210422.json"
"581513","221281","2025-12-16","36.00","NZD","1761210422","23477/2025-12-16/1761210422.json"
"581514","221282","2025-12-16","36.00","NZD","1761210422","23477/2025-12-16/1761210422.json"
"512557","146154","2025-12-16","45.00","NZD","1761210422","23477/2025-12-16/1761210422.json"
"365170","146153","2025-12-16","48.00","NZD","1761210422","23477/2025-12-16/1761210422.json"
"510807","146155","2025-12-16","52.00","NZD","1761210422","23477/2025-12-16/1761210422.json"
"581513","221281","2025-12-17","36.00","NZD","1761210422","23477/2025-12-17/1761210422.json"
"581514","221282","2025-12-17","36.00","NZD","1761210422","23477/2025-12-17/1761210422.json"
"512557","146154","2025-12-17","45.00","NZD","1761210422","23477/2025-12-17/1761210422.json"
"365170","146153","2025-12-17","48.00","NZD","1761210422","23477/2025-12-17/1761210422.json"
"510807","146155","2025-12-17","52.00","NZD","1761210422","23477/2025-12-17/1761210422.json"
"581513","221281","2025-12-18","36.00","NZD","1761210422","23477/2025-12-18/1761210422.json"
"581514","221282","2025-12-18","36.00","NZD","1761210422","23477/2025-12-18/1761210422.json"
"512557","146154","2025-12-18","45.00","NZD","1761210422","23477/2025-12-18/1761210422.json"
"365170","146153","2025-12-18","48.00","NZD","1761210422","23477/2025-12-18/1761210422.json"
"510807","146155","2025-12-18","52.00","NZD","1761210422","23477/2025-12-18/1761210422.json"
"581513","221281","2025-12-19","36.00","NZD","1761210422","23477/2025-12-19/1761210422.json"
"581514","221282","2025-12-19","36.00","NZD","1761210422","23477/2025-12-19/1761210422.json"
"512557","146154","2025-12-19","45.00","NZD","1761210422","23477/2025-12-19/1761210422.json"
"365170","146153","2025-12-19","48.00","NZD","1761210422","23477/2025-12-19/1761210422.json"
"510807","146155","2025-12-19","52.00","NZD","1761210422","23477/2025-12-19/1761210422.json"
"581513","221281","2025-12-21","36.00","NZD","1761210422","23477/2025-12-21/1761210422.json"
"581514","221282","2025-12-21","36.00","NZD","1761210422","23477/2025-12-21/1761210422.json"
"512557","146154","2025-12-21","45.00","NZD","1761210422","23477/2025-12-21/1761210422.json"
"365170","146153","2025-12-21","48.00","NZD","1761210422","23477/2025-12-21/1761210422.json"
"510807","146155","2025-12-21","52.00","NZD","1761210422","23477/2025-12-21/1761210422.json"
"581513","221281","2025-12-20","36.00","NZD","1761210422","23477/2025-12-20/1761210422.json"
"581514","221282","2025-12-20","36.00","NZD","1761210422","23477/2025-12-20/1761210422.json"
"512557","146154","2025-12-20","45.00","NZD","1761210422","23477/2025-12-20/1761210422.json"
"365170","146153","2025-12-20","48.00","NZD","1761210422","23477/2025-12-20/1761210422.json"
"510807","146155","2025-12-20","52.00","NZD","1761210422","23477/2025-12-20/1761210422.json"
"581513","221281","2025-12-22","36.00","NZD","1761210422","23477/2025-12-22/1761210422.json"
"581514","221282","2025-12-22","36.00","NZD","1761210422","23477/2025-12-22/1761210422.json"
"512557","146154","2025-12-22","45.00","NZD","1761210422","23477/2025-12-22/1761210422.json"
"365170","146153","2025-12-22","48.00","NZD","1761210422","23477/2025-12-22/1761210422.json"
"510807","146155","2025-12-22","52.00","NZD","1761210422","23477/2025-12-22/1761210422.json"
"581513","221281","2025-10-25","38.00","NZD","1761227923","23477/2025-10-25/1761227923.json"
"581514","221282","2025-10-25","38.00","NZD","1761227923","23477/2025-10-25/1761227923.json"
"512557","146154","2025-10-25","45.00","NZD","1761227923","23477/2025-10-25/1761227923.json"
"581513","221281","2025-10-24","36.00","NZD","1761227923","23477/2025-10-24/1761227923.json"
"581514","221282","2025-10-24","36.00","NZD","1761227923","23477/2025-10-24/1761227923.json"
"512557","146154","2025-10-24","45.00","NZD","1761227923","23477/2025-10-24/1761227923.json"
"365170","146153","2025-10-24","48.00","NZD","1761227923","23477/2025-10-24/1761227923.json"
"510807","146155","2025-10-24","52.00","NZD","1761227923","23477/2025-10-24/1761227923.json"
"581513","221281","2025-10-27","38.00","NZD","1761227923","23477/2025-10-27/1761227923.json"
"581514","221282","2025-10-27","38.00","NZD","1761227923","23477/2025-10-27/1761227923.json"
"512557","146154","2025-10-27","45.00","NZD","1761227923","23477/2025-10-27/1761227923.json"
"365170","146153","2025-10-27","48.00","NZD","1761227923","23477/2025-10-27/1761227923.json"
"510807","146155","2025-10-27","52.00","NZD","1761227923","23477/2025-10-27/1761227923.json"
"581513","221281","2025-10-26","38.00","NZD","1761227923","23477/2025-10-26/1761227923.json"
"581514","221282","2025-10-26","38.00","NZD","1761227923","23477/2025-10-26/1761227923.json"
"512557","146154","2025-10-26","45.00","NZD","1761227923","23477/2025-10-26/1761227923.json"
"581513","221281","2025-10-28","36.00","NZD","1761227923","23477/2025-10-28/1761227923.json"
"581514","221282","2025-10-28","36.00","NZD","1761227923","23477/2025-10-28/1761227923.json"
"512557","146154","2025-10-28","45.00","NZD","1761227923","23477/2025-10-28/1761227923.json"
"365170","146153","2025-10-28","48.00","NZD","1761227923","23477/2025-10-28/1761227923.json"
"510807","146155","2025-10-28","52.00","NZD","1761227923","23477/2025-10-28/1761227923.json"
"581513","221281","2025-10-29","36.00","NZD","1761227923","23477/2025-10-29/1761227923.json"
"581514","221282","2025-10-29","36.00","NZD","1761227923","23477/2025-10-29/1761227923.json"
"512557","146154","2025-10-29","45.00","NZD","1761227923","23477/2025-10-29/1761227923.json"
"365170","146153","2025-10-29","48.00","NZD","1761227923","23477/2025-10-29/1761227923.json"
"510807","146155","2025-10-29","52.00","NZD","1761227923","23477/2025-10-29/1761227923.json"
"581513","221281","2025-10-30","36.00","NZD","1761227923","23477/2025-10-30/1761227923.json"
"581514","221282","2025-10-30","36.00","NZD","1761227923","23477/2025-10-30/1761227923.json"
"512557","146154","2025-10-30","45.00","NZD","1761227923","23477/2025-10-30/1761227923.json"
"365170","146153","2025-10-30","48.00","NZD","1761227923","23477/2025-10-30/1761227923.json"
"510807","146155","2025-10-30","52.00","NZD","1761227923","23477/2025-10-30/1761227923.json"
"581513","221281","2025-10-31","36.00","NZD","1761227923","23477/2025-10-31/1761227923.json"
"581514","221282","2025-10-31","36.00","NZD","1761227923","23477/2025-10-31/1761227923.json"
"512557","146154","2025-10-31","45.00","NZD","1761227923","23477/2025-10-31/1761227923.json"
"365170","146153","2025-10-31","48.00","NZD","1761227923","23477/2025-10-31/1761227923.json"
"510807","146155","2025-10-31","52.00","NZD","1761227923","23477/2025-10-31/1761227923.json"
"581513","221281","2025-11-04","36.00","NZD","1761227923","23477/2025-11-04/1761227923.json"
"581514","221282","2025-11-04","36.00","NZD","1761227923","23477/2025-11-04/1761227923.json"
"512557","146154","2025-11-04","45.00","NZD","1761227923","23477/2025-11-04/1761227923.json"
"365170","146153","2025-11-04","48.00","NZD","1761227923","23477/2025-11-04/1761227923.json"
"510807","146155","2025-11-04","52.00","NZD","1761227923","23477/2025-11-04/1761227923.json"
"581513","221281","2025-11-03","36.00","NZD","1761227923","23477/2025-11-03/1761227923.json"
"581514","221282","2025-11-03","36.00","NZD","1761227923","23477/2025-11-03/1761227923.json"
"512557","146154","2025-11-03","45.00","NZD","1761227923","23477/2025-11-03/1761227923.json"
"365170","146153","2025-11-03","48.00","NZD","1761227923","23477/2025-11-03/1761227923.json"
"510807","146155","2025-11-03","52.00","NZD","1761227923","23477/2025-11-03/1761227923.json"
"581513","221281","2025-11-02","36.00","NZD","1761227923","23477/2025-11-02/1761227923.json"
"581514","221282","2025-11-02","36.00","NZD","1761227923","23477/2025-11-02/1761227923.json"
"512557","146154","2025-11-02","45.00","NZD","1761227923","23477/2025-11-02/1761227923.json"
"365170","146153","2025-11-02","48.00","NZD","1761227923","23477/2025-11-02/1761227923.json"
"510807","146155","2025-11-02","52.00","NZD","1761227923","23477/2025-11-02/1761227923.json"
"581513","221281","2025-11-01","36.00","NZD","1761227923","23477/2025-11-01/1761227923.json"
"581514","221282","2025-11-01","36.00","NZD","1761227923","23477/2025-11-01/1761227923.json"
"512557","146154","2025-11-01","45.00","NZD","1761227923","23477/2025-11-01/1761227923.json"
"365170","146153","2025-11-01","48.00","NZD","1761227923","23477/2025-11-01/1761227923.json"
"510807","146155","2025-11-01","52.00","NZD","1761227923","23477/2025-11-01/1761227923.json"
"581513","221281","2025-11-08","36.00","NZD","1761227923","23477/2025-11-08/1761227923.json"
"581514","221282","2025-11-08","36.00","NZD","1761227923","23477/2025-11-08/1761227923.json"
"512557","146154","2025-11-08","45.00","NZD","1761227923","23477/2025-11-08/1761227923.json"
"365170","146153","2025-11-08","48.00","NZD","1761227923","23477/2025-11-08/1761227923.json"
"510807","146155","2025-11-08","52.00","NZD","1761227923","23477/2025-11-08/1761227923.json"
"581513","221281","2025-11-06","36.00","NZD","1761227923","23477/2025-11-06/1761227923.json"
"581514","221282","2025-11-06","36.00","NZD","1761227923","23477/2025-11-06/1761227923.json"
"512557","146154","2025-11-06","45.00","NZD","1761227923","23477/2025-11-06/1761227923.json"
"365170","146153","2025-11-06","48.00","NZD","1761227923","23477/2025-11-06/1761227923.json"
"510807","146155","2025-11-06","52.00","NZD","1761227923","23477/2025-11-06/1761227923.json"
"581513","221281","2025-11-05","36.00","NZD","1761227923","23477/2025-11-05/1761227923.json"
"581514","221282","2025-11-05","36.00","NZD","1761227923","23477/2025-11-05/1761227923.json"
"512557","146154","2025-11-05","45.00","NZD","1761227923","23477/2025-11-05/1761227923.json"
"365170","146153","2025-11-05","48.00","NZD","1761227923","23477/2025-11-05/1761227923.json"
"510807","146155","2025-11-05","52.00","NZD","1761227923","23477/2025-11-05/1761227923.json"
"581513","221281","2025-11-07","36.00","NZD","1761227923","23477/2025-11-07/1761227923.json"
"581514","221282","2025-11-07","36.00","NZD","1761227923","23477/2025-11-07/1761227923.json"
"512557","146154","2025-11-07","45.00","NZD","1761227923","23477/2025-11-07/1761227923.json"
"365170","146153","2025-11-07","48.00","NZD","1761227923","23477/2025-11-07/1761227923.json"
"510807","146155","2025-11-07","52.00","NZD","1761227923","23477/2025-11-07/1761227923.json"
"581513","221281","2025-11-10","36.00","NZD","1761227923","23477/2025-11-10/1761227923.json"
"581514","221282","2025-11-10","36.00","NZD","1761227923","23477/2025-11-10/1761227923.json"
"512557","146154","2025-11-10","45.00","NZD","1761227923","23477/2025-11-10/1761227923.json"
"365170","146153","2025-11-10","48.00","NZD","1761227923","23477/2025-11-10/1761227923.json"
"510807","146155","2025-11-10","52.00","NZD","1761227923","23477/2025-11-10/1761227923.json"
"581513","221281","2025-11-12","36.00","NZD","1761227923","23477/2025-11-12/1761227923.json"
"581514","221282","2025-11-12","36.00","NZD","1761227923","23477/2025-11-12/1761227923.json"
"512557","146154","2025-11-12","45.00","NZD","1761227923","23477/2025-11-12/1761227923.json"
"365170","146153","2025-11-12","48.00","NZD","1761227923","23477/2025-11-12/1761227923.json"
"510807","146155","2025-11-12","52.00","NZD","1761227923","23477/2025-11-12/1761227923.json"
"581513","221281","2025-11-11","36.00","NZD","1761227923","23477/2025-11-11/1761227923.json"
"581514","221282","2025-11-11","36.00","NZD","1761227923","23477/2025-11-11/1761227923.json"
"512557","146154","2025-11-11","45.00","NZD","1761227923","23477/2025-11-11/1761227923.json"
"365170","146153","2025-11-11","48.00","NZD","1761227923","23477/2025-11-11/1761227923.json"
"510807","146155","2025-11-11","52.00","NZD","1761227923","23477/2025-11-11/1761227923.json"
"581513","221281","2025-11-09","36.00","NZD","1761227923","23477/2025-11-09/1761227923.json"
"581514","221282","2025-11-09","36.00","NZD","1761227923","23477/2025-11-09/1761227923.json"
"512557","146154","2025-11-09","45.00","NZD","1761227923","23477/2025-11-09/1761227923.json"
"365170","146153","2025-11-09","48.00","NZD","1761227923","23477/2025-11-09/1761227923.json"
"510807","146155","2025-11-09","52.00","NZD","1761227923","23477/2025-11-09/1761227923.json"
"581513","221281","2025-11-13","36.00","NZD","1761227923","23477/2025-11-13/1761227923.json"
"581514","221282","2025-11-13","36.00","NZD","1761227923","23477/2025-11-13/1761227923.json"
"512557","146154","2025-11-13","45.00","NZD","1761227923","23477/2025-11-13/1761227923.json"
"365170","146153","2025-11-13","48.00","NZD","1761227923","23477/2025-11-13/1761227923.json"
"510807","146155","2025-11-13","52.00","NZD","1761227923","23477/2025-11-13/1761227923.json"
"581513","221281","2025-11-15","36.00","NZD","1761227923","23477/2025-11-15/1761227923.json"
"581514","221282","2025-11-15","36.00","NZD","1761227923","23477/2025-11-15/1761227923.json"
"512557","146154","2025-11-15","45.00","NZD","1761227923","23477/2025-11-15/1761227923.json"
"365170","146153","2025-11-15","48.00","NZD","1761227923","23477/2025-11-15/1761227923.json"
"510807","146155","2025-11-15","52.00","NZD","1761227923","23477/2025-11-15/1761227923.json"
"581513","221281","2025-11-14","36.00","NZD","1761227923","23477/2025-11-14/1761227923.json"
"581514","221282","2025-11-14","36.00","NZD","1761227923","23477/2025-11-14/1761227923.json"
"512557","146154","2025-11-14","45.00","NZD","1761227923","23477/2025-11-14/1761227923.json"
"365170","146153","2025-11-14","48.00","NZD","1761227923","23477/2025-11-14/1761227923.json"
"510807","146155","2025-11-14","52.00","NZD","1761227923","23477/2025-11-14/1761227923.json"
"581513","221281","2025-11-16","36.00","NZD","1761227923","23477/2025-11-16/1761227923.json"
"581514","221282","2025-11-16","36.00","NZD","1761227923","23477/2025-11-16/1761227923.json"
"512557","146154","2025-11-16","45.00","NZD","1761227923","23477/2025-11-16/1761227923.json"
"365170","146153","2025-11-16","48.00","NZD","1761227923","23477/2025-11-16/1761227923.json"
"510807","146155","2025-11-16","52.00","NZD","1761227923","23477/2025-11-16/1761227923.json"
"581513","221281","2025-11-17","36.00","NZD","1761227923","23477/2025-11-17/1761227923.json"
"581514","221282","2025-11-17","36.00","NZD","1761227923","23477/2025-11-17/1761227923.json"
"512557","146154","2025-11-17","45.00","NZD","1761227923","23477/2025-11-17/1761227923.json"
"365170","146153","2025-11-17","48.00","NZD","1761227923","23477/2025-11-17/1761227923.json"
"510807","146155","2025-11-17","52.00","NZD","1761227923","23477/2025-11-17/1761227923.json"
"581513","221281","2025-11-18","36.00","NZD","1761227923","23477/2025-11-18/1761227923.json"
"581514","221282","2025-11-18","36.00","NZD","1761227923","23477/2025-11-18/1761227923.json"
"512557","146154","2025-11-18","45.00","NZD","1761227923","23477/2025-11-18/1761227923.json"
"365170","146153","2025-11-18","48.00","NZD","1761227923","23477/2025-11-18/1761227923.json"
"510807","146155","2025-11-18","52.00","NZD","1761227923","23477/2025-11-18/1761227923.json"
"581513","221281","2025-11-19","36.00","NZD","1761227923","23477/2025-11-19/1761227923.json"
"581514","221282","2025-11-19","36.00","NZD","1761227923","23477/2025-11-19/1761227923.json"
"512557","146154","2025-11-19","45.00","NZD","1761227923","23477/2025-11-19/1761227923.json"
"365170","146153","2025-11-19","48.00","NZD","1761227923","23477/2025-11-19/1761227923.json"
"510807","146155","2025-11-19","52.00","NZD","1761227923","23477/2025-11-19/1761227923.json"
"581513","221281","2025-11-20","36.00","NZD","1761227923","23477/2025-11-20/1761227923.json"
"581514","221282","2025-11-20","36.00","NZD","1761227923","23477/2025-11-20/1761227923.json"
"512557","146154","2025-11-20","45.00","NZD","1761227923","23477/2025-11-20/1761227923.json"
"581513","221281","2025-11-24","36.00","NZD","1761227923","23477/2025-11-24/1761227923.json"
"581514","221282","2025-11-24","36.00","NZD","1761227923","23477/2025-11-24/1761227923.json"
"512557","146154","2025-11-24","45.00","NZD","1761227923","23477/2025-11-24/1761227923.json"
"365170","146153","2025-11-24","48.00","NZD","1761227923","23477/2025-11-24/1761227923.json"
"510807","146155","2025-11-24","52.00","NZD","1761227923","23477/2025-11-24/1761227923.json"
"581513","221281","2025-11-23","36.00","NZD","1761227923","23477/2025-11-23/1761227923.json"
"581514","221282","2025-11-23","36.00","NZD","1761227923","23477/2025-11-23/1761227923.json"
"512557","146154","2025-11-23","45.00","NZD","1761227923","23477/2025-11-23/1761227923.json"
"365170","146153","2025-11-23","48.00","NZD","1761227923","23477/2025-11-23/1761227923.json"
"510807","146155","2025-11-23","52.00","NZD","1761227923","23477/2025-11-23/1761227923.json"
"581513","221281","2025-11-22","36.00","NZD","1761227923","23477/2025-11-22/1761227923.json"
"581514","221282","2025-11-22","36.00","NZD","1761227923","23477/2025-11-22/1761227923.json"
"512557","146154","2025-11-22","45.00","NZD","1761227923","23477/2025-11-22/1761227923.json"
"365170","146153","2025-11-22","48.00","NZD","1761227923","23477/2025-11-22/1761227923.json"
"510807","146155","2025-11-22","52.00","NZD","1761227923","23477/2025-11-22/1761227923.json"
"581513","221281","2025-11-21","36.00","NZD","1761227923","23477/2025-11-21/1761227923.json"
"581514","221282","2025-11-21","36.00","NZD","1761227923","23477/2025-11-21/1761227923.json"
"512557","146154","2025-11-21","45.00","NZD","1761227923","23477/2025-11-21/1761227923.json"
"365170","146153","2025-11-21","48.00","NZD","1761227923","23477/2025-11-21/1761227923.json"
"510807","146155","2025-11-21","52.00","NZD","1761227923","23477/2025-11-21/1761227923.json"
"581513","221281","2025-11-27","36.00","NZD","1761227923","23477/2025-11-27/1761227923.json"
"581514","221282","2025-11-27","36.00","NZD","1761227923","23477/2025-11-27/1761227923.json"
"512557","146154","2025-11-27","45.00","NZD","1761227923","23477/2025-11-27/1761227923.json"
"365170","146153","2025-11-27","48.00","NZD","1761227923","23477/2025-11-27/1761227923.json"
"510807","146155","2025-11-27","52.00","NZD","1761227923","23477/2025-11-27/1761227923.json"
"581513","221281","2025-11-25","36.00","NZD","1761227923","23477/2025-11-25/1761227923.json"
"581514","221282","2025-11-25","36.00","NZD","1761227923","23477/2025-11-25/1761227923.json"
"512557","146154","2025-11-25","45.00","NZD","1761227923","23477/2025-11-25/1761227923.json"
"365170","146153","2025-11-25","48.00","NZD","1761227923","23477/2025-11-25/1761227923.json"
"510807","146155","2025-11-25","52.00","NZD","1761227923","23477/2025-11-25/1761227923.json"
"581513","221281","2025-11-28","36.00","NZD","1761227923","23477/2025-11-28/1761227923.json"
"581513","221281","2025-11-26","36.00","NZD","1761227923","23477/2025-11-26/1761227923.json"
"581514","221282","2025-11-28","36.00","NZD","1761227923","23477/2025-11-28/1761227923.json"
"581514","221282","2025-11-26","36.00","NZD","1761227923","23477/2025-11-26/1761227923.json"
"512557","146154","2025-11-26","45.00","NZD","1761227923","23477/2025-11-26/1761227923.json"
"512557","146154","2025-11-28","45.00","NZD","1761227923","23477/2025-11-28/1761227923.json"
"365170","146153","2025-11-26","48.00","NZD","1761227923","23477/2025-11-26/1761227923.json"
"510807","146155","2025-11-26","52.00","NZD","1761227923","23477/2025-11-26/1761227923.json"
"365170","146153","2025-11-28","48.00","NZD","1761227923","23477/2025-11-28/1761227923.json"
"510807","146155","2025-11-28","52.00","NZD","1761227923","23477/2025-11-28/1761227923.json"
"581513","221281","2025-11-30","36.00","NZD","1761227923","23477/2025-11-30/1761227923.json"
"581514","221282","2025-11-30","36.00","NZD","1761227923","23477/2025-11-30/1761227923.json"
"512557","146154","2025-11-30","45.00","NZD","1761227923","23477/2025-11-30/1761227923.json"
"365170","146153","2025-11-30","48.00","NZD","1761227923","23477/2025-11-30/1761227923.json"
"510807","146155","2025-11-30","52.00","NZD","1761227923","23477/2025-11-30/1761227923.json"
"581513","221281","2025-12-01","36.00","NZD","1761227923","23477/2025-12-01/1761227923.json"
"581514","221282","2025-12-01","36.00","NZD","1761227923","23477/2025-12-01/1761227923.json"
"512557","146154","2025-12-01","45.00","NZD","1761227923","23477/2025-12-01/1761227923.json"
"365170","146153","2025-12-01","48.00","NZD","1761227923","23477/2025-12-01/1761227923.json"
"510807","146155","2025-12-01","52.00","NZD","1761227923","23477/2025-12-01/1761227923.json"
"581513","221281","2025-12-02","36.00","NZD","1761227923","23477/2025-12-02/1761227923.json"
"581514","221282","2025-12-02","36.00","NZD","1761227923","23477/2025-12-02/1761227923.json"
"512557","146154","2025-12-02","45.00","NZD","1761227923","23477/2025-12-02/1761227923.json"
"365170","146153","2025-12-02","48.00","NZD","1761227923","23477/2025-12-02/1761227923.json"
"510807","146155","2025-12-02","52.00","NZD","1761227923","23477/2025-12-02/1761227923.json"
"581513","221281","2025-11-29","36.00","NZD","1761227923","23477/2025-11-29/1761227923.json"
"581514","221282","2025-11-29","36.00","NZD","1761227923","23477/2025-11-29/1761227923.json"
"512557","146154","2025-11-29","45.00","NZD","1761227923","23477/2025-11-29/1761227923.json"
"365170","146153","2025-11-29","48.00","NZD","1761227923","23477/2025-11-29/1761227923.json"
"510807","146155","2025-11-29","52.00","NZD","1761227923","23477/2025-11-29/1761227923.json"
"581513","221281","2025-12-03","36.00","NZD","1761227923","23477/2025-12-03/1761227923.json"
"581514","221282","2025-12-03","36.00","NZD","1761227923","23477/2025-12-03/1761227923.json"
"512557","146154","2025-12-03","45.00","NZD","1761227923","23477/2025-12-03/1761227923.json"
"365170","146153","2025-12-03","48.00","NZD","1761227923","23477/2025-12-03/1761227923.json"
"510807","146155","2025-12-03","52.00","NZD","1761227923","23477/2025-12-03/1761227923.json"
"581513","221281","2025-12-04","36.00","NZD","1761227923","23477/2025-12-04/1761227923.json"
"581514","221282","2025-12-04","36.00","NZD","1761227923","23477/2025-12-04/1761227923.json"
"512557","146154","2025-12-04","45.00","NZD","1761227923","23477/2025-12-04/1761227923.json"
"365170","146153","2025-12-04","48.00","NZD","1761227923","23477/2025-12-04/1761227923.json"
"510807","146155","2025-12-04","52.00","NZD","1761227923","23477/2025-12-04/1761227923.json"
"581513","221281","2025-12-05","36.00","NZD","1761227923","23477/2025-12-05/1761227923.json"
"581514","221282","2025-12-05","36.00","NZD","1761227923","23477/2025-12-05/1761227923.json"
"512557","146154","2025-12-05","45.00","NZD","1761227923","23477/2025-12-05/1761227923.json"
"365170","146153","2025-12-05","48.00","NZD","1761227923","23477/2025-12-05/1761227923.json"
"510807","146155","2025-12-05","52.00","NZD","1761227923","23477/2025-12-05/1761227923.json"
"581513","221281","2025-12-06","36.00","NZD","1761227923","23477/2025-12-06/1761227923.json"
"581514","221282","2025-12-06","36.00","NZD","1761227923","23477/2025-12-06/1761227923.json"
"512557","146154","2025-12-06","45.00","NZD","1761227923","23477/2025-12-06/1761227923.json"
"365170","146153","2025-12-06","48.00","NZD","1761227923","23477/2025-12-06/1761227923.json"
"510807","146155","2025-12-06","52.00","NZD","1761227923","23477/2025-12-06/1761227923.json"
"581513","221281","2025-12-07","36.00","NZD","1761227923","23477/2025-12-07/1761227923.json"
"581514","221282","2025-12-07","36.00","NZD","1761227923","23477/2025-12-07/1761227923.json"
"512557","146154","2025-12-07","45.00","NZD","1761227923","23477/2025-12-07/1761227923.json"
"365170","146153","2025-12-07","48.00","NZD","1761227923","23477/2025-12-07/1761227923.json"
"510807","146155","2025-12-07","52.00","NZD","1761227923","23477/2025-12-07/1761227923.json"
"581513","221281","2025-12-08","36.00","NZD","1761227923","23477/2025-12-08/1761227923.json"
"581514","221282","2025-12-08","36.00","NZD","1761227923","23477/2025-12-08/1761227923.json"
"512557","146154","2025-12-08","45.00","NZD","1761227923","23477/2025-12-08/1761227923.json"
"365170","146153","2025-12-08","48.00","NZD","1761227923","23477/2025-12-08/1761227923.json"
"510807","146155","2025-12-08","52.00","NZD","1761227923","23477/2025-12-08/1761227923.json"
"581513","221281","2025-12-11","36.00","NZD","1761227923","23477/2025-12-11/1761227923.json"
"581514","221282","2025-12-11","36.00","NZD","1761227923","23477/2025-12-11/1761227923.json"
"512557","146154","2025-12-11","45.00","NZD","1761227923","23477/2025-12-11/1761227923.json"
"365170","146153","2025-12-11","48.00","NZD","1761227923","23477/2025-12-11/1761227923.json"
"510807","146155","2025-12-11","52.00","NZD","1761227923","23477/2025-12-11/1761227923.json"
"581513","221281","2025-12-10","36.00","NZD","1761227923","23477/2025-12-10/1761227923.json"
"581514","221282","2025-12-10","36.00","NZD","1761227923","23477/2025-12-10/1761227923.json"
"512557","146154","2025-12-10","45.00","NZD","1761227923","23477/2025-12-10/1761227923.json"
"365170","146153","2025-12-10","48.00","NZD","1761227923","23477/2025-12-10/1761227923.json"
"510807","146155","2025-12-10","52.00","NZD","1761227923","23477/2025-12-10/1761227923.json"
"581513","221281","2025-12-09","36.00","NZD","1761227923","23477/2025-12-09/1761227923.json"
"581514","221282","2025-12-09","36.00","NZD","1761227923","23477/2025-12-09/1761227923.json"
"512557","146154","2025-12-09","45.00","NZD","1761227923","23477/2025-12-09/1761227923.json"
"365170","146153","2025-12-09","48.00","NZD","1761227923","23477/2025-12-09/1761227923.json"
"510807","146155","2025-12-09","52.00","NZD","1761227923","23477/2025-12-09/1761227923.json"
"581513","221281","2025-12-12","36.00","NZD","1761227923","23477/2025-12-12/1761227923.json"
"581514","221282","2025-12-12","36.00","NZD","1761227923","23477/2025-12-12/1761227923.json"
"512557","146154","2025-12-12","45.00","NZD","1761227923","23477/2025-12-12/1761227923.json"
"365170","146153","2025-12-12","48.00","NZD","1761227923","23477/2025-12-12/1761227923.json"
"510807","146155","2025-12-12","52.00","NZD","1761227923","23477/2025-12-12/1761227923.json"
"581513","221281","2025-12-13","36.00","NZD","1761227923","23477/2025-12-13/1761227923.json"
"581514","221282","2025-12-13","36.00","NZD","1761227923","23477/2025-12-13/1761227923.json"
"512557","146154","2025-12-13","45.00","NZD","1761227923","23477/2025-12-13/1761227923.json"
"365170","146153","2025-12-13","48.00","NZD","1761227923","23477/2025-12-13/1761227923.json"
"510807","146155","2025-12-13","52.00","NZD","1761227923","23477/2025-12-13/1761227923.json"
"581513","221281","2025-12-15","36.00","NZD","1761227923","23477/2025-12-15/1761227923.json"
"581514","221282","2025-12-15","36.00","NZD","1761227923","23477/2025-12-15/1761227923.json"
"512557","146154","2025-12-15","45.00","NZD","1761227923","23477/2025-12-15/1761227923.json"
"365170","146153","2025-12-15","48.00","NZD","1761227923","23477/2025-12-15/1761227923.json"
"510807","146155","2025-12-15","52.00","NZD","1761227923","23477/2025-12-15/1761227923.json"
"581513","221281","2025-12-14","36.00","NZD","1761227923","23477/2025-12-14/1761227923.json"
"581514","221282","2025-12-14","36.00","NZD","1761227923","23477/2025-12-14/1761227923.json"
"512557","146154","2025-12-14","45.00","NZD","1761227923","23477/2025-12-14/1761227923.json"
"365170","146153","2025-12-14","48.00","NZD","1761227923","23477/2025-12-14/1761227923.json"
"510807","146155","2025-12-14","52.00","NZD","1761227923","23477/2025-12-14/1761227923.json"
"581513","221281","2025-12-16","36.00","NZD","1761227923","23477/2025-12-16/1761227923.json"
"581514","221282","2025-12-16","36.00","NZD","1761227923","23477/2025-12-16/1761227923.json"
"512557","146154","2025-12-16","45.00","NZD","1761227923","23477/2025-12-16/1761227923.json"
"365170","146153","2025-12-16","48.00","NZD","1761227923","23477/2025-12-16/1761227923.json"
"510807","146155","2025-12-16","52.00","NZD","1761227923","23477/2025-12-16/1761227923.json"
"581513","221281","2025-12-17","36.00","NZD","1761227923","23477/2025-12-17/1761227923.json"
"581514","221282","2025-12-17","36.00","NZD","1761227923","23477/2025-12-17/1761227923.json"
"512557","146154","2025-12-17","45.00","NZD","1761227923","23477/2025-12-17/1761227923.json"
"365170","146153","2025-12-17","48.00","NZD","1761227923","23477/2025-12-17/1761227923.json"
"510807","146155","2025-12-17","52.00","NZD","1761227923","23477/2025-12-17/1761227923.json"
"581513","221281","2025-12-18","36.00","NZD","1761227923","23477/2025-12-18/1761227923.json"
"581514","221282","2025-12-18","36.00","NZD","1761227923","23477/2025-12-18/1761227923.json"
"512557","146154","2025-12-18","45.00","NZD","1761227923","23477/2025-12-18/1761227923.json"
"365170","146153","2025-12-18","48.00","NZD","1761227923","23477/2025-12-18/1761227923.json"
"510807","146155","2025-12-18","52.00","NZD","1761227923","23477/2025-12-18/1761227923.json"
"581513","221281","2025-12-20","36.00","NZD","1761227923","23477/2025-12-20/1761227923.json"
"581514","221282","2025-12-20","36.00","NZD","1761227923","23477/2025-12-20/1761227923.json"
"512557","146154","2025-12-20","45.00","NZD","1761227923","23477/2025-12-20/1761227923.json"
"365170","146153","2025-12-20","48.00","NZD","1761227923","23477/2025-12-20/1761227923.json"
"510807","146155","2025-12-20","52.00","NZD","1761227923","23477/2025-12-20/1761227923.json"
"581513","221281","2025-12-19","36.00","NZD","1761227923","23477/2025-12-19/1761227923.json"
"581514","221282","2025-12-19","36.00","NZD","1761227923","23477/2025-12-19/1761227923.json"
"512557","146154","2025-12-19","45.00","NZD","1761227923","23477/2025-12-19/1761227923.json"
"365170","146153","2025-12-19","48.00","NZD","1761227923","23477/2025-12-19/1761227923.json"
"510807","146155","2025-12-19","52.00","NZD","1761227923","23477/2025-12-19/1761227923.json"
"581513","221281","2025-12-21","36.00","NZD","1761227923","23477/2025-12-21/1761227923.json"
"581514","221282","2025-12-21","36.00","NZD","1761227923","23477/2025-12-21/1761227923.json"
"512557","146154","2025-12-21","45.00","NZD","1761227923","23477/2025-12-21/1761227923.json"
"365170","146153","2025-12-21","48.00","NZD","1761227923","23477/2025-12-21/1761227923.json"
"510807","146155","2025-12-21","52.00","NZD","1761227923","23477/2025-12-21/1761227923.json"
"581513","221281","2025-12-22","36.00","NZD","1761227923","23477/2025-12-22/1761227923.json"
"581514","221282","2025-12-22","36.00","NZD","1761227923","23477/2025-12-22/1761227923.json"
"512557","146154","2025-12-22","45.00","NZD","1761227923","23477/2025-12-22/1761227923.json"
"365170","146153","2025-12-22","48.00","NZD","1761227923","23477/2025-12-22/1761227923.json"
"510807","146155","2025-12-22","52.00","NZD","1761227923","23477/2025-12-22/1761227923.json"
"581513","221281","2025-10-24","36.00","NZD","1761239052","23477/2025-10-24/1761239052.json"
"581514","221282","2025-10-24","36.00","NZD","1761239052","23477/2025-10-24/1761239052.json"
"512557","146154","2025-10-24","45.00","NZD","1761239052","23477/2025-10-24/1761239052.json"
"365170","146153","2025-10-24","48.00","NZD","1761239052","23477/2025-10-24/1761239052.json"
"510807","146155","2025-10-24","52.00","NZD","1761239052","23477/2025-10-24/1761239052.json"
"581513","221281","2025-10-25","38.00","NZD","1761239052","23477/2025-10-25/1761239052.json"
"581514","221282","2025-10-25","38.00","NZD","1761239052","23477/2025-10-25/1761239052.json"
"512557","146154","2025-10-25","45.00","NZD","1761239052","23477/2025-10-25/1761239052.json"
"581513","221281","2025-10-26","38.00","NZD","1761239052","23477/2025-10-26/1761239052.json"
"581514","221282","2025-10-26","38.00","NZD","1761239052","23477/2025-10-26/1761239052.json"
"512557","146154","2025-10-26","45.00","NZD","1761239052","23477/2025-10-26/1761239052.json"
"581513","221281","2025-10-27","38.00","NZD","1761239052","23477/2025-10-27/1761239052.json"
"581514","221282","2025-10-27","38.00","NZD","1761239052","23477/2025-10-27/1761239052.json"
"512557","146154","2025-10-27","45.00","NZD","1761239052","23477/2025-10-27/1761239052.json"
"365170","146153","2025-10-27","48.00","NZD","1761239052","23477/2025-10-27/1761239052.json"
"510807","146155","2025-10-27","52.00","NZD","1761239052","23477/2025-10-27/1761239052.json"
"581513","221281","2025-10-31","36.00","NZD","1761239052","23477/2025-10-31/1761239052.json"
"581514","221282","2025-10-31","36.00","NZD","1761239052","23477/2025-10-31/1761239052.json"
"512557","146154","2025-10-31","45.00","NZD","1761239052","23477/2025-10-31/1761239052.json"
"365170","146153","2025-10-31","48.00","NZD","1761239052","23477/2025-10-31/1761239052.json"
"510807","146155","2025-10-31","52.00","NZD","1761239052","23477/2025-10-31/1761239052.json"
"581513","221281","2025-10-28","36.00","NZD","1761239052","23477/2025-10-28/1761239052.json"
"581514","221282","2025-10-28","36.00","NZD","1761239052","23477/2025-10-28/1761239052.json"
"512557","146154","2025-10-28","45.00","NZD","1761239052","23477/2025-10-28/1761239052.json"
"365170","146153","2025-10-28","48.00","NZD","1761239052","23477/2025-10-28/1761239052.json"
"510807","146155","2025-10-28","52.00","NZD","1761239052","23477/2025-10-28/1761239052.json"
"581513","221281","2025-10-29","36.00","NZD","1761239052","23477/2025-10-29/1761239052.json"
"581514","221282","2025-10-29","36.00","NZD","1761239052","23477/2025-10-29/1761239052.json"
"512557","146154","2025-10-29","45.00","NZD","1761239052","23477/2025-10-29/1761239052.json"
"365170","146153","2025-10-29","48.00","NZD","1761239052","23477/2025-10-29/1761239052.json"
"510807","146155","2025-10-29","52.00","NZD","1761239052","23477/2025-10-29/1761239052.json"
"581513","221281","2025-10-30","36.00","NZD","1761239052","23477/2025-10-30/1761239052.json"
"581514","221282","2025-10-30","36.00","NZD","1761239052","23477/2025-10-30/1761239052.json"
"512557","146154","2025-10-30","45.00","NZD","1761239052","23477/2025-10-30/1761239052.json"
"365170","146153","2025-10-30","48.00","NZD","1761239052","23477/2025-10-30/1761239052.json"
"510807","146155","2025-10-30","52.00","NZD","1761239052","23477/2025-10-30/1761239052.json"
"581513","221281","2025-11-02","36.00","NZD","1761239052","23477/2025-11-02/1761239052.json"
"581514","221282","2025-11-02","36.00","NZD","1761239052","23477/2025-11-02/1761239052.json"
"512557","146154","2025-11-02","45.00","NZD","1761239052","23477/2025-11-02/1761239052.json"
"365170","146153","2025-11-02","48.00","NZD","1761239052","23477/2025-11-02/1761239052.json"
"510807","146155","2025-11-02","52.00","NZD","1761239052","23477/2025-11-02/1761239052.json"
"581513","221281","2025-11-01","36.00","NZD","1761239052","23477/2025-11-01/1761239052.json"
"581514","221282","2025-11-01","36.00","NZD","1761239052","23477/2025-11-01/1761239052.json"
"512557","146154","2025-11-01","45.00","NZD","1761239052","23477/2025-11-01/1761239052.json"
"365170","146153","2025-11-01","48.00","NZD","1761239052","23477/2025-11-01/1761239052.json"
"510807","146155","2025-11-01","52.00","NZD","1761239052","23477/2025-11-01/1761239052.json"
"581513","221281","2025-11-03","36.00","NZD","1761239052","23477/2025-11-03/1761239052.json"
"581514","221282","2025-11-03","36.00","NZD","1761239052","23477/2025-11-03/1761239052.json"
"512557","146154","2025-11-03","45.00","NZD","1761239052","23477/2025-11-03/1761239052.json"
"365170","146153","2025-11-03","48.00","NZD","1761239052","23477/2025-11-03/1761239052.json"
"510807","146155","2025-11-03","52.00","NZD","1761239052","23477/2025-11-03/1761239052.json"
"581513","221281","2025-11-04","36.00","NZD","1761239052","23477/2025-11-04/1761239052.json"
"581514","221282","2025-11-04","36.00","NZD","1761239052","23477/2025-11-04/1761239052.json"
"512557","146154","2025-11-04","45.00","NZD","1761239052","23477/2025-11-04/1761239052.json"
"365170","146153","2025-11-04","48.00","NZD","1761239052","23477/2025-11-04/1761239052.json"
"510807","146155","2025-11-04","52.00","NZD","1761239052","23477/2025-11-04/1761239052.json"
"581513","221281","2025-11-06","36.00","NZD","1761239052","23477/2025-11-06/1761239052.json"
"581514","221282","2025-11-06","36.00","NZD","1761239052","23477/2025-11-06/1761239052.json"
"512557","146154","2025-11-06","45.00","NZD","1761239052","23477/2025-11-06/1761239052.json"
"365170","146153","2025-11-06","48.00","NZD","1761239052","23477/2025-11-06/1761239052.json"
"510807","146155","2025-11-06","52.00","NZD","1761239052","23477/2025-11-06/1761239052.json"
"581513","221281","2025-11-07","36.00","NZD","1761239052","23477/2025-11-07/1761239052.json"
"581514","221282","2025-11-07","36.00","NZD","1761239052","23477/2025-11-07/1761239052.json"
"512557","146154","2025-11-07","45.00","NZD","1761239052","23477/2025-11-07/1761239052.json"
"365170","146153","2025-11-07","48.00","NZD","1761239052","23477/2025-11-07/1761239052.json"
"510807","146155","2025-11-07","52.00","NZD","1761239052","23477/2025-11-07/1761239052.json"
"581513","221281","2025-11-05","36.00","NZD","1761239052","23477/2025-11-05/1761239052.json"
"581514","221282","2025-11-05","36.00","NZD","1761239052","23477/2025-11-05/1761239052.json"
"512557","146154","2025-11-05","45.00","NZD","1761239052","23477/2025-11-05/1761239052.json"
"365170","146153","2025-11-05","48.00","NZD","1761239052","23477/2025-11-05/1761239052.json"
"510807","146155","2025-11-05","52.00","NZD","1761239052","23477/2025-11-05/1761239052.json"
"581513","221281","2025-11-08","36.00","NZD","1761239052","23477/2025-11-08/1761239052.json"
"581514","221282","2025-11-08","36.00","NZD","1761239052","23477/2025-11-08/1761239052.json"
"512557","146154","2025-11-08","45.00","NZD","1761239052","23477/2025-11-08/1761239052.json"
"365170","146153","2025-11-08","48.00","NZD","1761239052","23477/2025-11-08/1761239052.json"
"510807","146155","2025-11-08","52.00","NZD","1761239052","23477/2025-11-08/1761239052.json"
"581513","221281","2025-11-09","36.00","NZD","1761239052","23477/2025-11-09/1761239052.json"
"581514","221282","2025-11-09","36.00","NZD","1761239052","23477/2025-11-09/1761239052.json"
"512557","146154","2025-11-09","45.00","NZD","1761239052","23477/2025-11-09/1761239052.json"
"365170","146153","2025-11-09","48.00","NZD","1761239052","23477/2025-11-09/1761239052.json"
"510807","146155","2025-11-09","52.00","NZD","1761239052","23477/2025-11-09/1761239052.json"
"581513","221281","2025-11-10","36.00","NZD","1761239052","23477/2025-11-10/1761239052.json"
"581514","221282","2025-11-10","36.00","NZD","1761239052","23477/2025-11-10/1761239052.json"
"512557","146154","2025-11-10","45.00","NZD","1761239052","23477/2025-11-10/1761239052.json"
"365170","146153","2025-11-10","48.00","NZD","1761239052","23477/2025-11-10/1761239052.json"
"510807","146155","2025-11-10","52.00","NZD","1761239052","23477/2025-11-10/1761239052.json"
"581513","221281","2025-11-11","36.00","NZD","1761239052","23477/2025-11-11/1761239052.json"
"581514","221282","2025-11-11","36.00","NZD","1761239052","23477/2025-11-11/1761239052.json"
"512557","146154","2025-11-11","45.00","NZD","1761239052","23477/2025-11-11/1761239052.json"
"365170","146153","2025-11-11","48.00","NZD","1761239052","23477/2025-11-11/1761239052.json"
"510807","146155","2025-11-11","52.00","NZD","1761239052","23477/2025-11-11/1761239052.json"
"581513","221281","2025-11-12","36.00","NZD","1761239052","23477/2025-11-12/1761239052.json"
"581514","221282","2025-11-12","36.00","NZD","1761239052","23477/2025-11-12/1761239052.json"
"512557","146154","2025-11-12","45.00","NZD","1761239052","23477/2025-11-12/1761239052.json"
"365170","146153","2025-11-12","48.00","NZD","1761239052","23477/2025-11-12/1761239052.json"
"510807","146155","2025-11-12","52.00","NZD","1761239052","23477/2025-11-12/1761239052.json"
"581513","221281","2025-11-13","36.00","NZD","1761239052","23477/2025-11-13/1761239052.json"
"581514","221282","2025-11-13","36.00","NZD","1761239052","23477/2025-11-13/1761239052.json"
"512557","146154","2025-11-13","45.00","NZD","1761239052","23477/2025-11-13/1761239052.json"
"365170","146153","2025-11-13","48.00","NZD","1761239052","23477/2025-11-13/1761239052.json"
"510807","146155","2025-11-13","52.00","NZD","1761239052","23477/2025-11-13/1761239052.json"
"581513","221281","2025-11-14","36.00","NZD","1761239052","23477/2025-11-14/1761239052.json"
"581514","221282","2025-11-14","36.00","NZD","1761239052","23477/2025-11-14/1761239052.json"
"512557","146154","2025-11-14","45.00","NZD","1761239052","23477/2025-11-14/1761239052.json"
"365170","146153","2025-11-14","48.00","NZD","1761239052","23477/2025-11-14/1761239052.json"
"510807","146155","2025-11-14","52.00","NZD","1761239052","23477/2025-11-14/1761239052.json"
"581513","221281","2025-11-15","36.00","NZD","1761239052","23477/2025-11-15/1761239052.json"
"581514","221282","2025-11-15","36.00","NZD","1761239052","23477/2025-11-15/1761239052.json"
"512557","146154","2025-11-15","45.00","NZD","1761239052","23477/2025-11-15/1761239052.json"
"365170","146153","2025-11-15","48.00","NZD","1761239052","23477/2025-11-15/1761239052.json"
"510807","146155","2025-11-15","52.00","NZD","1761239052","23477/2025-11-15/1761239052.json"
"581513","221281","2025-11-16","36.00","NZD","1761239052","23477/2025-11-16/1761239052.json"
"581514","221282","2025-11-16","36.00","NZD","1761239052","23477/2025-11-16/1761239052.json"
"512557","146154","2025-11-16","45.00","NZD","1761239052","23477/2025-11-16/1761239052.json"
"365170","146153","2025-11-16","48.00","NZD","1761239052","23477/2025-11-16/1761239052.json"
"510807","146155","2025-11-16","52.00","NZD","1761239052","23477/2025-11-16/1761239052.json"
"581513","221281","2025-11-17","36.00","NZD","1761239052","23477/2025-11-17/1761239052.json"
"581514","221282","2025-11-17","36.00","NZD","1761239052","23477/2025-11-17/1761239052.json"
"512557","146154","2025-11-17","45.00","NZD","1761239052","23477/2025-11-17/1761239052.json"
"365170","146153","2025-11-17","48.00","NZD","1761239052","23477/2025-11-17/1761239052.json"
"510807","146155","2025-11-17","52.00","NZD","1761239052","23477/2025-11-17/1761239052.json"
"581513","221281","2025-11-19","36.00","NZD","1761239052","23477/2025-11-19/1761239052.json"
"581514","221282","2025-11-19","36.00","NZD","1761239052","23477/2025-11-19/1761239052.json"
"512557","146154","2025-11-19","45.00","NZD","1761239052","23477/2025-11-19/1761239052.json"
"365170","146153","2025-11-19","48.00","NZD","1761239052","23477/2025-11-19/1761239052.json"
"510807","146155","2025-11-19","52.00","NZD","1761239052","23477/2025-11-19/1761239052.json"
"581513","221281","2025-11-18","36.00","NZD","1761239052","23477/2025-11-18/1761239052.json"
"581514","221282","2025-11-18","36.00","NZD","1761239052","23477/2025-11-18/1761239052.json"
"512557","146154","2025-11-18","45.00","NZD","1761239052","23477/2025-11-18/1761239052.json"
"365170","146153","2025-11-18","48.00","NZD","1761239052","23477/2025-11-18/1761239052.json"
"510807","146155","2025-11-18","52.00","NZD","1761239052","23477/2025-11-18/1761239052.json"
"581513","221281","2025-11-21","36.00","NZD","1761239052","23477/2025-11-21/1761239052.json"
"581514","221282","2025-11-21","36.00","NZD","1761239052","23477/2025-11-21/1761239052.json"
"512557","146154","2025-11-21","45.00","NZD","1761239052","23477/2025-11-21/1761239052.json"
"365170","146153","2025-11-21","48.00","NZD","1761239052","23477/2025-11-21/1761239052.json"
"510807","146155","2025-11-21","52.00","NZD","1761239052","23477/2025-11-21/1761239052.json"
"581513","221281","2025-11-20","36.00","NZD","1761239052","23477/2025-11-20/1761239052.json"
"581514","221282","2025-11-20","36.00","NZD","1761239052","23477/2025-11-20/1761239052.json"
"512557","146154","2025-11-20","45.00","NZD","1761239052","23477/2025-11-20/1761239052.json"
"581513","221281","2025-11-24","36.00","NZD","1761239052","23477/2025-11-24/1761239052.json"
"581514","221282","2025-11-24","36.00","NZD","1761239052","23477/2025-11-24/1761239052.json"
"512557","146154","2025-11-24","45.00","NZD","1761239052","23477/2025-11-24/1761239052.json"
"365170","146153","2025-11-24","48.00","NZD","1761239052","23477/2025-11-24/1761239052.json"
"510807","146155","2025-11-24","52.00","NZD","1761239052","23477/2025-11-24/1761239052.json"
"581513","221281","2025-11-23","36.00","NZD","1761239052","23477/2025-11-23/1761239052.json"
"581514","221282","2025-11-23","36.00","NZD","1761239052","23477/2025-11-23/1761239052.json"
"512557","146154","2025-11-23","45.00","NZD","1761239052","23477/2025-11-23/1761239052.json"
"365170","146153","2025-11-23","48.00","NZD","1761239052","23477/2025-11-23/1761239052.json"
"510807","146155","2025-11-23","52.00","NZD","1761239052","23477/2025-11-23/1761239052.json"
"581513","221281","2025-11-25","36.00","NZD","1761239052","23477/2025-11-25/1761239052.json"
"581514","221282","2025-11-25","36.00","NZD","1761239052","23477/2025-11-25/1761239052.json"
"512557","146154","2025-11-25","45.00","NZD","1761239052","23477/2025-11-25/1761239052.json"
"365170","146153","2025-11-25","48.00","NZD","1761239052","23477/2025-11-25/1761239052.json"
"510807","146155","2025-11-25","52.00","NZD","1761239052","23477/2025-11-25/1761239052.json"
"581513","221281","2025-11-22","36.00","NZD","1761239052","23477/2025-11-22/1761239052.json"
"581514","221282","2025-11-22","36.00","NZD","1761239052","23477/2025-11-22/1761239052.json"
"512557","146154","2025-11-22","45.00","NZD","1761239052","23477/2025-11-22/1761239052.json"
"365170","146153","2025-11-22","48.00","NZD","1761239052","23477/2025-11-22/1761239052.json"
"510807","146155","2025-11-22","52.00","NZD","1761239052","23477/2025-11-22/1761239052.json"
"581513","221281","2025-11-27","36.00","NZD","1761239052","23477/2025-11-27/1761239052.json"
"581514","221282","2025-11-27","36.00","NZD","1761239052","23477/2025-11-27/1761239052.json"
"512557","146154","2025-11-27","45.00","NZD","1761239052","23477/2025-11-27/1761239052.json"
"365170","146153","2025-11-27","48.00","NZD","1761239052","23477/2025-11-27/1761239052.json"
"510807","146155","2025-11-27","52.00","NZD","1761239052","23477/2025-11-27/1761239052.json"
"581513","221281","2025-11-26","36.00","NZD","1761239052","23477/2025-11-26/1761239052.json"
"581514","221282","2025-11-26","36.00","NZD","1761239052","23477/2025-11-26/1761239052.json"
"512557","146154","2025-11-26","45.00","NZD","1761239052","23477/2025-11-26/1761239052.json"
"365170","146153","2025-11-26","48.00","NZD","1761239052","23477/2025-11-26/1761239052.json"
"510807","146155","2025-11-26","52.00","NZD","1761239052","23477/2025-11-26/1761239052.json"
"581513","221281","2025-11-28","36.00","NZD","1761239052","23477/2025-11-28/1761239052.json"
"581514","221282","2025-11-28","36.00","NZD","1761239052","23477/2025-11-28/1761239052.json"
"512557","146154","2025-11-28","45.00","NZD","1761239052","23477/2025-11-28/1761239052.json"
"365170","146153","2025-11-28","48.00","NZD","1761239052","23477/2025-11-28/1761239052.json"
"510807","146155","2025-11-28","52.00","NZD","1761239052","23477/2025-11-28/1761239052.json"
"581513","221281","2025-11-29","36.00","NZD","1761239052","23477/2025-11-29/1761239052.json"
"581514","221282","2025-11-29","36.00","NZD","1761239052","23477/2025-11-29/1761239052.json"
"512557","146154","2025-11-29","45.00","NZD","1761239052","23477/2025-11-29/1761239052.json"
"365170","146153","2025-11-29","48.00","NZD","1761239052","23477/2025-11-29/1761239052.json"
"510807","146155","2025-11-29","52.00","NZD","1761239052","23477/2025-11-29/1761239052.json"
"581513","221281","2025-11-30","36.00","NZD","1761239052","23477/2025-11-30/1761239052.json"
"581514","221282","2025-11-30","36.00","NZD","1761239052","23477/2025-11-30/1761239052.json"
"512557","146154","2025-11-30","45.00","NZD","1761239052","23477/2025-11-30/1761239052.json"
"365170","146153","2025-11-30","48.00","NZD","1761239052","23477/2025-11-30/1761239052.json"
"510807","146155","2025-11-30","52.00","NZD","1761239052","23477/2025-11-30/1761239052.json"
"581513","221281","2025-12-01","36.00","NZD","1761239052","23477/2025-12-01/1761239052.json"
"581513","221281","2025-12-02","36.00","NZD","1761239052","23477/2025-12-02/1761239052.json"
"581514","221282","2025-12-01","36.00","NZD","1761239052","23477/2025-12-01/1761239052.json"
"581514","221282","2025-12-02","36.00","NZD","1761239052","23477/2025-12-02/1761239052.json"
"512557","146154","2025-12-01","45.00","NZD","1761239052","23477/2025-12-01/1761239052.json"
"365170","146153","2025-12-01","48.00","NZD","1761239052","23477/2025-12-01/1761239052.json"
"512557","146154","2025-12-02","45.00","NZD","1761239052","23477/2025-12-02/1761239052.json"
"510807","146155","2025-12-01","52.00","NZD","1761239052","23477/2025-12-01/1761239052.json"
"365170","146153","2025-12-02","48.00","NZD","1761239052","23477/2025-12-02/1761239052.json"
"510807","146155","2025-12-02","52.00","NZD","1761239052","23477/2025-12-02/1761239052.json"
"581513","221281","2025-12-03","36.00","NZD","1761239052","23477/2025-12-03/1761239052.json"
"581514","221282","2025-12-03","36.00","NZD","1761239052","23477/2025-12-03/1761239052.json"
"512557","146154","2025-12-03","45.00","NZD","1761239052","23477/2025-12-03/1761239052.json"
"365170","146153","2025-12-03","48.00","NZD","1761239052","23477/2025-12-03/1761239052.json"
"510807","146155","2025-12-03","52.00","NZD","1761239052","23477/2025-12-03/1761239052.json"
"581513","221281","2025-12-04","36.00","NZD","1761239052","23477/2025-12-04/1761239052.json"
"581514","221282","2025-12-04","36.00","NZD","1761239052","23477/2025-12-04/1761239052.json"
"512557","146154","2025-12-04","45.00","NZD","1761239052","23477/2025-12-04/1761239052.json"
"365170","146153","2025-12-04","48.00","NZD","1761239052","23477/2025-12-04/1761239052.json"
"510807","146155","2025-12-04","52.00","NZD","1761239052","23477/2025-12-04/1761239052.json"
"581513","221281","2025-12-05","36.00","NZD","1761239052","23477/2025-12-05/1761239052.json"
"581514","221282","2025-12-05","36.00","NZD","1761239052","23477/2025-12-05/1761239052.json"
"512557","146154","2025-12-05","45.00","NZD","1761239052","23477/2025-12-05/1761239052.json"
"365170","146153","2025-12-05","48.00","NZD","1761239052","23477/2025-12-05/1761239052.json"
"510807","146155","2025-12-05","52.00","NZD","1761239052","23477/2025-12-05/1761239052.json"
"581513","221281","2025-12-06","36.00","NZD","1761239052","23477/2025-12-06/1761239052.json"
"581514","221282","2025-12-06","36.00","NZD","1761239052","23477/2025-12-06/1761239052.json"
"512557","146154","2025-12-06","45.00","NZD","1761239052","23477/2025-12-06/1761239052.json"
"365170","146153","2025-12-06","48.00","NZD","1761239052","23477/2025-12-06/1761239052.json"
"510807","146155","2025-12-06","52.00","NZD","1761239052","23477/2025-12-06/1761239052.json"
"581513","221281","2025-12-07","36.00","NZD","1761239052","23477/2025-12-07/1761239052.json"
"581514","221282","2025-12-07","36.00","NZD","1761239052","23477/2025-12-07/1761239052.json"
"512557","146154","2025-12-07","45.00","NZD","1761239052","23477/2025-12-07/1761239052.json"
"365170","146153","2025-12-07","48.00","NZD","1761239052","23477/2025-12-07/1761239052.json"
"510807","146155","2025-12-07","52.00","NZD","1761239052","23477/2025-12-07/1761239052.json"
"581513","221281","2025-12-08","36.00","NZD","1761239052","23477/2025-12-08/1761239052.json"
"581514","221282","2025-12-08","36.00","NZD","1761239052","23477/2025-12-08/1761239052.json"
"512557","146154","2025-12-08","45.00","NZD","1761239052","23477/2025-12-08/1761239052.json"
"365170","146153","2025-12-08","48.00","NZD","1761239052","23477/2025-12-08/1761239052.json"
"510807","146155","2025-12-08","52.00","NZD","1761239052","23477/2025-12-08/1761239052.json"
"581513","221281","2025-12-10","36.00","NZD","1761239052","23477/2025-12-10/1761239052.json"
"581514","221282","2025-12-10","36.00","NZD","1761239052","23477/2025-12-10/1761239052.json"
"512557","146154","2025-12-10","45.00","NZD","1761239052","23477/2025-12-10/1761239052.json"
"365170","146153","2025-12-10","48.00","NZD","1761239052","23477/2025-12-10/1761239052.json"
"510807","146155","2025-12-10","52.00","NZD","1761239052","23477/2025-12-10/1761239052.json"
"581513","221281","2025-12-11","36.00","NZD","1761239052","23477/2025-12-11/1761239052.json"
"581514","221282","2025-12-11","36.00","NZD","1761239052","23477/2025-12-11/1761239052.json"
"512557","146154","2025-12-11","45.00","NZD","1761239052","23477/2025-12-11/1761239052.json"
"365170","146153","2025-12-11","48.00","NZD","1761239052","23477/2025-12-11/1761239052.json"
"510807","146155","2025-12-11","52.00","NZD","1761239052","23477/2025-12-11/1761239052.json"
"581513","221281","2025-12-09","36.00","NZD","1761239052","23477/2025-12-09/1761239052.json"
"581514","221282","2025-12-09","36.00","NZD","1761239052","23477/2025-12-09/1761239052.json"
"512557","146154","2025-12-09","45.00","NZD","1761239052","23477/2025-12-09/1761239052.json"
"365170","146153","2025-12-09","48.00","NZD","1761239052","23477/2025-12-09/1761239052.json"
"510807","146155","2025-12-09","52.00","NZD","1761239052","23477/2025-12-09/1761239052.json"
"581513","221281","2025-12-12","36.00","NZD","1761239052","23477/2025-12-12/1761239052.json"
"581514","221282","2025-12-12","36.00","NZD","1761239052","23477/2025-12-12/1761239052.json"
"512557","146154","2025-12-12","45.00","NZD","1761239052","23477/2025-12-12/1761239052.json"
"365170","146153","2025-12-12","48.00","NZD","1761239052","23477/2025-12-12/1761239052.json"
"510807","146155","2025-12-12","52.00","NZD","1761239052","23477/2025-12-12/1761239052.json"
"581513","221281","2025-12-13","36.00","NZD","1761239052","23477/2025-12-13/1761239052.json"
"581514","221282","2025-12-13","36.00","NZD","1761239052","23477/2025-12-13/1761239052.json"
"512557","146154","2025-12-13","45.00","NZD","1761239052","23477/2025-12-13/1761239052.json"
"365170","146153","2025-12-13","48.00","NZD","1761239052","23477/2025-12-13/1761239052.json"
"510807","146155","2025-12-13","52.00","NZD","1761239052","23477/2025-12-13/1761239052.json"
"581513","221281","2025-12-14","36.00","NZD","1761239052","23477/2025-12-14/1761239052.json"
"581514","221282","2025-12-14","36.00","NZD","1761239052","23477/2025-12-14/1761239052.json"
"512557","146154","2025-12-14","45.00","NZD","1761239052","23477/2025-12-14/1761239052.json"
"365170","146153","2025-12-14","48.00","NZD","1761239052","23477/2025-12-14/1761239052.json"
"510807","146155","2025-12-14","52.00","NZD","1761239052","23477/2025-12-14/1761239052.json"
"581513","221281","2025-12-15","36.00","NZD","1761239052","23477/2025-12-15/1761239052.json"
"581514","221282","2025-12-15","36.00","NZD","1761239052","23477/2025-12-15/1761239052.json"
"512557","146154","2025-12-15","45.00","NZD","1761239052","23477/2025-12-15/1761239052.json"
"365170","146153","2025-12-15","48.00","NZD","1761239052","23477/2025-12-15/1761239052.json"
"510807","146155","2025-12-15","52.00","NZD","1761239052","23477/2025-12-15/1761239052.json"
"581513","221281","2025-12-17","36.00","NZD","1761239052","23477/2025-12-17/1761239052.json"
"581514","221282","2025-12-17","36.00","NZD","1761239052","23477/2025-12-17/1761239052.json"
"512557","146154","2025-12-17","45.00","NZD","1761239052","23477/2025-12-17/1761239052.json"
"365170","146153","2025-12-17","48.00","NZD","1761239052","23477/2025-12-17/1761239052.json"
"510807","146155","2025-12-17","52.00","NZD","1761239052","23477/2025-12-17/1761239052.json"
"581513","221281","2025-12-16","36.00","NZD","1761239052","23477/2025-12-16/1761239052.json"
"581514","221282","2025-12-16","36.00","NZD","1761239052","23477/2025-12-16/1761239052.json"
"512557","146154","2025-12-16","45.00","NZD","1761239052","23477/2025-12-16/1761239052.json"
"365170","146153","2025-12-16","48.00","NZD","1761239052","23477/2025-12-16/1761239052.json"
"510807","146155","2025-12-16","52.00","NZD","1761239052","23477/2025-12-16/1761239052.json"
"581513","221281","2025-12-18","36.00","NZD","1761239052","23477/2025-12-18/1761239052.json"
"581514","221282","2025-12-18","36.00","NZD","1761239052","23477/2025-12-18/1761239052.json"
"512557","146154","2025-12-18","45.00","NZD","1761239052","23477/2025-12-18/1761239052.json"
"365170","146153","2025-12-18","48.00","NZD","1761239052","23477/2025-12-18/1761239052.json"
"510807","146155","2025-12-18","52.00","NZD","1761239052","23477/2025-12-18/1761239052.json"
"581513","221281","2025-12-19","36.00","NZD","1761239052","23477/2025-12-19/1761239052.json"
"581514","221282","2025-12-19","36.00","NZD","1761239052","23477/2025-12-19/1761239052.json"
"512557","146154","2025-12-19","45.00","NZD","1761239052","23477/2025-12-19/1761239052.json"
"365170","146153","2025-12-19","48.00","NZD","1761239052","23477/2025-12-19/1761239052.json"
"510807","146155","2025-12-19","52.00","NZD","1761239052","23477/2025-12-19/1761239052.json"
"581513","221281","2025-12-20","36.00","NZD","1761239052","23477/2025-12-20/1761239052.json"
"581514","221282","2025-12-20","36.00","NZD","1761239052","23477/2025-12-20/1761239052.json"
"512557","146154","2025-12-20","45.00","NZD","1761239052","23477/2025-12-20/1761239052.json"
"365170","146153","2025-12-20","48.00","NZD","1761239052","23477/2025-12-20/1761239052.json"
"510807","146155","2025-12-20","52.00","NZD","1761239052","23477/2025-12-20/1761239052.json"
"581513","221281","2025-12-22","36.00","NZD","1761239052","23477/2025-12-22/1761239052.json"
"581514","221282","2025-12-22","36.00","NZD","1761239052","23477/2025-12-22/1761239052.json"
"512557","146154","2025-12-22","45.00","NZD","1761239052","23477/2025-12-22/1761239052.json"
"365170","146153","2025-12-22","48.00","NZD","1761239052","23477/2025-12-22/1761239052.json"
"510807","146155","2025-12-22","52.00","NZD","1761239052","23477/2025-12-22/1761239052.json"
"581513","221281","2025-12-21","36.00","NZD","1761239052","23477/2025-12-21/1761239052.json"
"581514","221282","2025-12-21","36.00","NZD","1761239052","23477/2025-12-21/1761239052.json"
"512557","146154","2025-12-21","45.00","NZD","1761239052","23477/2025-12-21/1761239052.json"
"365170","146153","2025-12-21","48.00","NZD","1761239052","23477/2025-12-21/1761239052.json"
"510807","146155","2025-12-21","52.00","NZD","1761239052","23477/2025-12-21/1761239052.json"
"581513","221281","2025-10-25","38.00","NZD","1761252636","23477/2025-10-25/1761252636.json"
"581514","221282","2025-10-25","38.00","NZD","1761252636","23477/2025-10-25/1761252636.json"
"512557","146154","2025-10-25","45.00","NZD","1761252636","23477/2025-10-25/1761252636.json"
"581513","221281","2025-10-24","36.00","NZD","1761252636","23477/2025-10-24/1761252636.json"
"581514","221282","2025-10-24","36.00","NZD","1761252636","23477/2025-10-24/1761252636.json"
"512557","146154","2025-10-24","45.00","NZD","1761252636","23477/2025-10-24/1761252636.json"
"365170","146153","2025-10-24","48.00","NZD","1761252636","23477/2025-10-24/1761252636.json"
"510807","146155","2025-10-24","52.00","NZD","1761252636","23477/2025-10-24/1761252636.json"
"581513","221281","2025-10-26","38.00","NZD","1761252636","23477/2025-10-26/1761252636.json"
"581514","221282","2025-10-26","38.00","NZD","1761252636","23477/2025-10-26/1761252636.json"
"512557","146154","2025-10-26","45.00","NZD","1761252636","23477/2025-10-26/1761252636.json"
"581513","221281","2025-10-27","38.00","NZD","1761252636","23477/2025-10-27/1761252636.json"
"581514","221282","2025-10-27","38.00","NZD","1761252636","23477/2025-10-27/1761252636.json"
"512557","146154","2025-10-27","45.00","NZD","1761252636","23477/2025-10-27/1761252636.json"
"365170","146153","2025-10-27","48.00","NZD","1761252636","23477/2025-10-27/1761252636.json"
"510807","146155","2025-10-27","52.00","NZD","1761252636","23477/2025-10-27/1761252636.json"
"581513","221281","2025-10-28","36.00","NZD","1761252636","23477/2025-10-28/1761252636.json"
"581514","221282","2025-10-28","36.00","NZD","1761252636","23477/2025-10-28/1761252636.json"
"512557","146154","2025-10-28","45.00","NZD","1761252636","23477/2025-10-28/1761252636.json"
"365170","146153","2025-10-28","48.00","NZD","1761252636","23477/2025-10-28/1761252636.json"
"510807","146155","2025-10-28","52.00","NZD","1761252636","23477/2025-10-28/1761252636.json"
"581513","221281","2025-10-29","36.00","NZD","1761252636","23477/2025-10-29/1761252636.json"
"581514","221282","2025-10-29","36.00","NZD","1761252636","23477/2025-10-29/1761252636.json"
"512557","146154","2025-10-29","45.00","NZD","1761252636","23477/2025-10-29/1761252636.json"
"365170","146153","2025-10-29","48.00","NZD","1761252636","23477/2025-10-29/1761252636.json"
"510807","146155","2025-10-29","52.00","NZD","1761252636","23477/2025-10-29/1761252636.json"
"581513","221281","2025-10-30","36.00","NZD","1761252636","23477/2025-10-30/1761252636.json"
"581514","221282","2025-10-30","36.00","NZD","1761252636","23477/2025-10-30/1761252636.json"
"512557","146154","2025-10-30","45.00","NZD","1761252636","23477/2025-10-30/1761252636.json"
"365170","146153","2025-10-30","48.00","NZD","1761252636","23477/2025-10-30/1761252636.json"
"510807","146155","2025-10-30","52.00","NZD","1761252636","23477/2025-10-30/1761252636.json"
"581513","221281","2025-11-02","36.00","NZD","1761252636","23477/2025-11-02/1761252636.json"
"581514","221282","2025-11-02","36.00","NZD","1761252636","23477/2025-11-02/1761252636.json"
"512557","146154","2025-11-02","45.00","NZD","1761252636","23477/2025-11-02/1761252636.json"
"365170","146153","2025-11-02","48.00","NZD","1761252636","23477/2025-11-02/1761252636.json"
"510807","146155","2025-11-02","52.00","NZD","1761252636","23477/2025-11-02/1761252636.json"
"581513","221281","2025-11-03","36.00","NZD","1761252636","23477/2025-11-03/1761252636.json"
"581514","221282","2025-11-03","36.00","NZD","1761252636","23477/2025-11-03/1761252636.json"
"512557","146154","2025-11-03","45.00","NZD","1761252636","23477/2025-11-03/1761252636.json"
"365170","146153","2025-11-03","48.00","NZD","1761252636","23477/2025-11-03/1761252636.json"
"510807","146155","2025-11-03","52.00","NZD","1761252636","23477/2025-11-03/1761252636.json"
"581513","221281","2025-10-31","36.00","NZD","1761252636","23477/2025-10-31/1761252636.json"
"581514","221282","2025-10-31","36.00","NZD","1761252636","23477/2025-10-31/1761252636.json"
"512557","146154","2025-10-31","45.00","NZD","1761252636","23477/2025-10-31/1761252636.json"
"365170","146153","2025-10-31","48.00","NZD","1761252636","23477/2025-10-31/1761252636.json"
"510807","146155","2025-10-31","52.00","NZD","1761252636","23477/2025-10-31/1761252636.json"
"581513","221281","2025-11-01","36.00","NZD","1761252636","23477/2025-11-01/1761252636.json"
"581514","221282","2025-11-01","36.00","NZD","1761252636","23477/2025-11-01/1761252636.json"
"512557","146154","2025-11-01","45.00","NZD","1761252636","23477/2025-11-01/1761252636.json"
"365170","146153","2025-11-01","48.00","NZD","1761252636","23477/2025-11-01/1761252636.json"
"510807","146155","2025-11-01","52.00","NZD","1761252636","23477/2025-11-01/1761252636.json"
"581513","221281","2025-11-05","36.00","NZD","1761252636","23477/2025-11-05/1761252636.json"
"581514","221282","2025-11-05","36.00","NZD","1761252636","23477/2025-11-05/1761252636.json"
"512557","146154","2025-11-05","45.00","NZD","1761252636","23477/2025-11-05/1761252636.json"
"365170","146153","2025-11-05","48.00","NZD","1761252636","23477/2025-11-05/1761252636.json"
"510807","146155","2025-11-05","52.00","NZD","1761252636","23477/2025-11-05/1761252636.json"
"581513","221281","2025-11-06","36.00","NZD","1761252636","23477/2025-11-06/1761252636.json"
"581514","221282","2025-11-06","36.00","NZD","1761252636","23477/2025-11-06/1761252636.json"
"512557","146154","2025-11-06","45.00","NZD","1761252636","23477/2025-11-06/1761252636.json"
"365170","146153","2025-11-06","48.00","NZD","1761252636","23477/2025-11-06/1761252636.json"
"510807","146155","2025-11-06","52.00","NZD","1761252636","23477/2025-11-06/1761252636.json"
"581513","221281","2025-11-04","36.00","NZD","1761252636","23477/2025-11-04/1761252636.json"
"581514","221282","2025-11-04","36.00","NZD","1761252636","23477/2025-11-04/1761252636.json"
"512557","146154","2025-11-04","45.00","NZD","1761252636","23477/2025-11-04/1761252636.json"
"365170","146153","2025-11-04","48.00","NZD","1761252636","23477/2025-11-04/1761252636.json"
"510807","146155","2025-11-04","52.00","NZD","1761252636","23477/2025-11-04/1761252636.json"
"581513","221281","2025-11-07","36.00","NZD","1761252636","23477/2025-11-07/1761252636.json"
"581514","221282","2025-11-07","36.00","NZD","1761252636","23477/2025-11-07/1761252636.json"
"512557","146154","2025-11-07","45.00","NZD","1761252636","23477/2025-11-07/1761252636.json"
"365170","146153","2025-11-07","48.00","NZD","1761252636","23477/2025-11-07/1761252636.json"
"510807","146155","2025-11-07","52.00","NZD","1761252636","23477/2025-11-07/1761252636.json"
"581513","221281","2025-11-09","36.00","NZD","1761252636","23477/2025-11-09/1761252636.json"
"581514","221282","2025-11-09","36.00","NZD","1761252636","23477/2025-11-09/1761252636.json"
"512557","146154","2025-11-09","45.00","NZD","1761252636","23477/2025-11-09/1761252636.json"
"365170","146153","2025-11-09","48.00","NZD","1761252636","23477/2025-11-09/1761252636.json"
"510807","146155","2025-11-09","52.00","NZD","1761252636","23477/2025-11-09/1761252636.json"
"581513","221281","2025-11-08","36.00","NZD","1761252636","23477/2025-11-08/1761252636.json"
"581514","221282","2025-11-08","36.00","NZD","1761252636","23477/2025-11-08/1761252636.json"
"512557","146154","2025-11-08","45.00","NZD","1761252636","23477/2025-11-08/1761252636.json"
"365170","146153","2025-11-08","48.00","NZD","1761252636","23477/2025-11-08/1761252636.json"
"510807","146155","2025-11-08","52.00","NZD","1761252636","23477/2025-11-08/1761252636.json"
"581513","221281","2025-11-10","36.00","NZD","1761252636","23477/2025-11-10/1761252636.json"
"581514","221282","2025-11-10","36.00","NZD","1761252636","23477/2025-11-10/1761252636.json"
"512557","146154","2025-11-10","45.00","NZD","1761252636","23477/2025-11-10/1761252636.json"
"365170","146153","2025-11-10","48.00","NZD","1761252636","23477/2025-11-10/1761252636.json"
"510807","146155","2025-11-10","52.00","NZD","1761252636","23477/2025-11-10/1761252636.json"
"581513","221281","2025-11-11","36.00","NZD","1761252636","23477/2025-11-11/1761252636.json"
"581514","221282","2025-11-11","36.00","NZD","1761252636","23477/2025-11-11/1761252636.json"
"512557","146154","2025-11-11","45.00","NZD","1761252636","23477/2025-11-11/1761252636.json"
"365170","146153","2025-11-11","48.00","NZD","1761252636","23477/2025-11-11/1761252636.json"
"510807","146155","2025-11-11","52.00","NZD","1761252636","23477/2025-11-11/1761252636.json"
"581513","221281","2025-11-12","36.00","NZD","1761252636","23477/2025-11-12/1761252636.json"
"581514","221282","2025-11-12","36.00","NZD","1761252636","23477/2025-11-12/1761252636.json"
"512557","146154","2025-11-12","45.00","NZD","1761252636","23477/2025-11-12/1761252636.json"
"365170","146153","2025-11-12","48.00","NZD","1761252636","23477/2025-11-12/1761252636.json"
"510807","146155","2025-11-12","52.00","NZD","1761252636","23477/2025-11-12/1761252636.json"
"581513","221281","2025-11-13","36.00","NZD","1761252636","23477/2025-11-13/1761252636.json"
"581514","221282","2025-11-13","36.00","NZD","1761252636","23477/2025-11-13/1761252636.json"
"512557","146154","2025-11-13","45.00","NZD","1761252636","23477/2025-11-13/1761252636.json"
"365170","146153","2025-11-13","48.00","NZD","1761252636","23477/2025-11-13/1761252636.json"
"510807","146155","2025-11-13","52.00","NZD","1761252636","23477/2025-11-13/1761252636.json"
"581513","221281","2025-11-14","36.00","NZD","1761252636","23477/2025-11-14/1761252636.json"
"581514","221282","2025-11-14","36.00","NZD","1761252636","23477/2025-11-14/1761252636.json"
"512557","146154","2025-11-14","45.00","NZD","1761252636","23477/2025-11-14/1761252636.json"
"365170","146153","2025-11-14","48.00","NZD","1761252636","23477/2025-11-14/1761252636.json"
"510807","146155","2025-11-14","52.00","NZD","1761252636","23477/2025-11-14/1761252636.json"
"581513","221281","2025-11-15","36.00","NZD","1761252636","23477/2025-11-15/1761252636.json"
"581514","221282","2025-11-15","36.00","NZD","1761252636","23477/2025-11-15/1761252636.json"
"512557","146154","2025-11-15","45.00","NZD","1761252636","23477/2025-11-15/1761252636.json"
"365170","146153","2025-11-15","48.00","NZD","1761252636","23477/2025-11-15/1761252636.json"
"510807","146155","2025-11-15","52.00","NZD","1761252636","23477/2025-11-15/1761252636.json"
"581513","221281","2025-11-17","36.00","NZD","1761252636","23477/2025-11-17/1761252636.json"
"581514","221282","2025-11-17","36.00","NZD","1761252636","23477/2025-11-17/1761252636.json"
"512557","146154","2025-11-17","45.00","NZD","1761252636","23477/2025-11-17/1761252636.json"
"365170","146153","2025-11-17","48.00","NZD","1761252636","23477/2025-11-17/1761252636.json"
"510807","146155","2025-11-17","52.00","NZD","1761252636","23477/2025-11-17/1761252636.json"
"581513","221281","2025-11-18","36.00","NZD","1761252636","23477/2025-11-18/1761252636.json"
"581514","221282","2025-11-18","36.00","NZD","1761252636","23477/2025-11-18/1761252636.json"
"512557","146154","2025-11-18","45.00","NZD","1761252636","23477/2025-11-18/1761252636.json"
"365170","146153","2025-11-18","48.00","NZD","1761252636","23477/2025-11-18/1761252636.json"
"510807","146155","2025-11-18","52.00","NZD","1761252636","23477/2025-11-18/1761252636.json"
"581513","221281","2025-11-16","36.00","NZD","1761252636","23477/2025-11-16/1761252636.json"
"581514","221282","2025-11-16","36.00","NZD","1761252636","23477/2025-11-16/1761252636.json"
"512557","146154","2025-11-16","45.00","NZD","1761252636","23477/2025-11-16/1761252636.json"
"365170","146153","2025-11-16","48.00","NZD","1761252636","23477/2025-11-16/1761252636.json"
"510807","146155","2025-11-16","52.00","NZD","1761252636","23477/2025-11-16/1761252636.json"
"581513","221281","2025-11-19","36.00","NZD","1761252636","23477/2025-11-19/1761252636.json"
"581514","221282","2025-11-19","36.00","NZD","1761252636","23477/2025-11-19/1761252636.json"
"512557","146154","2025-11-19","45.00","NZD","1761252636","23477/2025-11-19/1761252636.json"
"365170","146153","2025-11-19","48.00","NZD","1761252636","23477/2025-11-19/1761252636.json"
"510807","146155","2025-11-19","52.00","NZD","1761252636","23477/2025-11-19/1761252636.json"
"581513","221281","2025-11-20","36.00","NZD","1761252636","23477/2025-11-20/1761252636.json"
"581514","221282","2025-11-20","36.00","NZD","1761252636","23477/2025-11-20/1761252636.json"
"512557","146154","2025-11-20","45.00","NZD","1761252636","23477/2025-11-20/1761252636.json"
"581513","221281","2025-11-21","36.00","NZD","1761252636","23477/2025-11-21/1761252636.json"
"581514","221282","2025-11-21","36.00","NZD","1761252636","23477/2025-11-21/1761252636.json"
"512557","146154","2025-11-21","45.00","NZD","1761252636","23477/2025-11-21/1761252636.json"
"365170","146153","2025-11-21","48.00","NZD","1761252636","23477/2025-11-21/1761252636.json"
"510807","146155","2025-11-21","52.00","NZD","1761252636","23477/2025-11-21/1761252636.json"
"581513","221281","2025-11-22","36.00","NZD","1761252636","23477/2025-11-22/1761252636.json"
"581514","221282","2025-11-22","36.00","NZD","1761252636","23477/2025-11-22/1761252636.json"
"512557","146154","2025-11-22","45.00","NZD","1761252636","23477/2025-11-22/1761252636.json"
"365170","146153","2025-11-22","48.00","NZD","1761252636","23477/2025-11-22/1761252636.json"
"510807","146155","2025-11-22","52.00","NZD","1761252636","23477/2025-11-22/1761252636.json"
"581513","221281","2025-11-24","36.00","NZD","1761252636","23477/2025-11-24/1761252636.json"
"581514","221282","2025-11-24","36.00","NZD","1761252636","23477/2025-11-24/1761252636.json"
"512557","146154","2025-11-24","45.00","NZD","1761252636","23477/2025-11-24/1761252636.json"
"365170","146153","2025-11-24","48.00","NZD","1761252636","23477/2025-11-24/1761252636.json"
"510807","146155","2025-11-24","52.00","NZD","1761252636","23477/2025-11-24/1761252636.json"
"581513","221281","2025-11-23","36.00","NZD","1761252636","23477/2025-11-23/1761252636.json"
"581514","221282","2025-11-23","36.00","NZD","1761252636","23477/2025-11-23/1761252636.json"
"512557","146154","2025-11-23","45.00","NZD","1761252636","23477/2025-11-23/1761252636.json"
"365170","146153","2025-11-23","48.00","NZD","1761252636","23477/2025-11-23/1761252636.json"
"510807","146155","2025-11-23","52.00","NZD","1761252636","23477/2025-11-23/1761252636.json"
"581513","221281","2025-11-25","36.00","NZD","1761252636","23477/2025-11-25/1761252636.json"
"581514","221282","2025-11-25","36.00","NZD","1761252636","23477/2025-11-25/1761252636.json"
"512557","146154","2025-11-25","45.00","NZD","1761252636","23477/2025-11-25/1761252636.json"
"365170","146153","2025-11-25","48.00","NZD","1761252636","23477/2025-11-25/1761252636.json"
"510807","146155","2025-11-25","52.00","NZD","1761252636","23477/2025-11-25/1761252636.json"
"581513","221281","2025-11-26","36.00","NZD","1761252636","23477/2025-11-26/1761252636.json"
"581514","221282","2025-11-26","36.00","NZD","1761252636","23477/2025-11-26/1761252636.json"
"512557","146154","2025-11-26","45.00","NZD","1761252636","23477/2025-11-26/1761252636.json"
"365170","146153","2025-11-26","48.00","NZD","1761252636","23477/2025-11-26/1761252636.json"
"510807","146155","2025-11-26","52.00","NZD","1761252636","23477/2025-11-26/1761252636.json"
"581513","221281","2025-11-27","36.00","NZD","1761252636","23477/2025-11-27/1761252636.json"
"581514","221282","2025-11-27","36.00","NZD","1761252636","23477/2025-11-27/1761252636.json"
"512557","146154","2025-11-27","45.00","NZD","1761252636","23477/2025-11-27/1761252636.json"
"365170","146153","2025-11-27","48.00","NZD","1761252636","23477/2025-11-27/1761252636.json"
"510807","146155","2025-11-27","52.00","NZD","1761252636","23477/2025-11-27/1761252636.json"
"581513","221281","2025-11-28","36.00","NZD","1761252636","23477/2025-11-28/1761252636.json"
"581514","221282","2025-11-28","36.00","NZD","1761252636","23477/2025-11-28/1761252636.json"
"512557","146154","2025-11-28","45.00","NZD","1761252636","23477/2025-11-28/1761252636.json"
"365170","146153","2025-11-28","48.00","NZD","1761252636","23477/2025-11-28/1761252636.json"
"510807","146155","2025-11-28","52.00","NZD","1761252636","23477/2025-11-28/1761252636.json"
"581513","221281","2025-12-01","36.00","NZD","1761252636","23477/2025-12-01/1761252636.json"
"581514","221282","2025-12-01","36.00","NZD","1761252636","23477/2025-12-01/1761252636.json"
"512557","146154","2025-12-01","45.00","NZD","1761252636","23477/2025-12-01/1761252636.json"
"365170","146153","2025-12-01","48.00","NZD","1761252636","23477/2025-12-01/1761252636.json"
"510807","146155","2025-12-01","52.00","NZD","1761252636","23477/2025-12-01/1761252636.json"
"581513","221281","2025-11-30","36.00","NZD","1761252636","23477/2025-11-30/1761252636.json"
"581513","221281","2025-11-29","36.00","NZD","1761252636","23477/2025-11-29/1761252636.json"
"581514","221282","2025-11-30","36.00","NZD","1761252636","23477/2025-11-30/1761252636.json"
"512557","146154","2025-11-30","45.00","NZD","1761252636","23477/2025-11-30/1761252636.json"
"581514","221282","2025-11-29","36.00","NZD","1761252636","23477/2025-11-29/1761252636.json"
"365170","146153","2025-11-30","48.00","NZD","1761252636","23477/2025-11-30/1761252636.json"
"510807","146155","2025-11-30","52.00","NZD","1761252636","23477/2025-11-30/1761252636.json"
"512557","146154","2025-11-29","45.00","NZD","1761252636","23477/2025-11-29/1761252636.json"
"365170","146153","2025-11-29","48.00","NZD","1761252636","23477/2025-11-29/1761252636.json"
"510807","146155","2025-11-29","52.00","NZD","1761252636","23477/2025-11-29/1761252636.json"
"581513","221281","2025-12-02","36.00","NZD","1761252636","23477/2025-12-02/1761252636.json"
"581514","221282","2025-12-02","36.00","NZD","1761252636","23477/2025-12-02/1761252636.json"
"512557","146154","2025-12-02","45.00","NZD","1761252636","23477/2025-12-02/1761252636.json"
"365170","146153","2025-12-02","48.00","NZD","1761252636","23477/2025-12-02/1761252636.json"
"510807","146155","2025-12-02","52.00","NZD","1761252636","23477/2025-12-02/1761252636.json"
"581513","221281","2025-12-03","36.00","NZD","1761252636","23477/2025-12-03/1761252636.json"
"581514","221282","2025-12-03","36.00","NZD","1761252636","23477/2025-12-03/1761252636.json"
"512557","146154","2025-12-03","45.00","NZD","1761252636","23477/2025-12-03/1761252636.json"
"365170","146153","2025-12-03","48.00","NZD","1761252636","23477/2025-12-03/1761252636.json"
"510807","146155","2025-12-03","52.00","NZD","1761252636","23477/2025-12-03/1761252636.json"
"581513","221281","2025-12-05","36.00","NZD","1761252636","23477/2025-12-05/1761252636.json"
"581513","221281","2025-12-04","36.00","NZD","1761252636","23477/2025-12-04/1761252636.json"
"581514","221282","2025-12-05","36.00","NZD","1761252636","23477/2025-12-05/1761252636.json"
"581514","221282","2025-12-04","36.00","NZD","1761252636","23477/2025-12-04/1761252636.json"
"512557","146154","2025-12-04","45.00","NZD","1761252636","23477/2025-12-04/1761252636.json"
"512557","146154","2025-12-05","45.00","NZD","1761252636","23477/2025-12-05/1761252636.json"
"365170","146153","2025-12-04","48.00","NZD","1761252636","23477/2025-12-04/1761252636.json"
"510807","146155","2025-12-04","52.00","NZD","1761252636","23477/2025-12-04/1761252636.json"
"365170","146153","2025-12-05","48.00","NZD","1761252636","23477/2025-12-05/1761252636.json"
"510807","146155","2025-12-05","52.00","NZD","1761252636","23477/2025-12-05/1761252636.json"
"581513","221281","2025-12-06","36.00","NZD","1761252636","23477/2025-12-06/1761252636.json"
"581514","221282","2025-12-06","36.00","NZD","1761252636","23477/2025-12-06/1761252636.json"
"512557","146154","2025-12-06","45.00","NZD","1761252636","23477/2025-12-06/1761252636.json"
"365170","146153","2025-12-06","48.00","NZD","1761252636","23477/2025-12-06/1761252636.json"
"510807","146155","2025-12-06","52.00","NZD","1761252636","23477/2025-12-06/1761252636.json"
"581513","221281","2025-12-07","36.00","NZD","1761252636","23477/2025-12-07/1761252636.json"
"581514","221282","2025-12-07","36.00","NZD","1761252636","23477/2025-12-07/1761252636.json"
"512557","146154","2025-12-07","45.00","NZD","1761252636","23477/2025-12-07/1761252636.json"
"365170","146153","2025-12-07","48.00","NZD","1761252636","23477/2025-12-07/1761252636.json"
"510807","146155","2025-12-07","52.00","NZD","1761252636","23477/2025-12-07/1761252636.json"
"581513","221281","2025-12-09","36.00","NZD","1761252636","23477/2025-12-09/1761252636.json"
"581514","221282","2025-12-09","36.00","NZD","1761252636","23477/2025-12-09/1761252636.json"
"512557","146154","2025-12-09","45.00","NZD","1761252636","23477/2025-12-09/1761252636.json"
"365170","146153","2025-12-09","48.00","NZD","1761252636","23477/2025-12-09/1761252636.json"
"510807","146155","2025-12-09","52.00","NZD","1761252636","23477/2025-12-09/1761252636.json"
"581513","221281","2025-12-08","36.00","NZD","1761252636","23477/2025-12-08/1761252636.json"
"581514","221282","2025-12-08","36.00","NZD","1761252636","23477/2025-12-08/1761252636.json"
"512557","146154","2025-12-08","45.00","NZD","1761252636","23477/2025-12-08/1761252636.json"
"365170","146153","2025-12-08","48.00","NZD","1761252636","23477/2025-12-08/1761252636.json"
"510807","146155","2025-12-08","52.00","NZD","1761252636","23477/2025-12-08/1761252636.json"
"581513","221281","2025-12-10","36.00","NZD","1761252636","23477/2025-12-10/1761252636.json"
"581514","221282","2025-12-10","36.00","NZD","1761252636","23477/2025-12-10/1761252636.json"
"512557","146154","2025-12-10","45.00","NZD","1761252636","23477/2025-12-10/1761252636.json"
"365170","146153","2025-12-10","48.00","NZD","1761252636","23477/2025-12-10/1761252636.json"
"510807","146155","2025-12-10","52.00","NZD","1761252636","23477/2025-12-10/1761252636.json"
"581513","221281","2025-12-11","36.00","NZD","1761252636","23477/2025-12-11/1761252636.json"
"581514","221282","2025-12-11","36.00","NZD","1761252636","23477/2025-12-11/1761252636.json"
"512557","146154","2025-12-11","45.00","NZD","1761252636","23477/2025-12-11/1761252636.json"
"365170","146153","2025-12-11","48.00","NZD","1761252636","23477/2025-12-11/1761252636.json"
"510807","146155","2025-12-11","52.00","NZD","1761252636","23477/2025-12-11/1761252636.json"
"581513","221281","2025-12-12","36.00","NZD","1761252636","23477/2025-12-12/1761252636.json"
"581514","221282","2025-12-12","36.00","NZD","1761252636","23477/2025-12-12/1761252636.json"
"512557","146154","2025-12-12","45.00","NZD","1761252636","23477/2025-12-12/1761252636.json"
"365170","146153","2025-12-12","48.00","NZD","1761252636","23477/2025-12-12/1761252636.json"
"510807","146155","2025-12-12","52.00","NZD","1761252636","23477/2025-12-12/1761252636.json"
"581513","221281","2025-12-14","36.00","NZD","1761252636","23477/2025-12-14/1761252636.json"
"581514","221282","2025-12-14","36.00","NZD","1761252636","23477/2025-12-14/1761252636.json"
"512557","146154","2025-12-14","45.00","NZD","1761252636","23477/2025-12-14/1761252636.json"
"365170","146153","2025-12-14","48.00","NZD","1761252636","23477/2025-12-14/1761252636.json"
"510807","146155","2025-12-14","52.00","NZD","1761252636","23477/2025-12-14/1761252636.json"
"581513","221281","2025-12-15","36.00","NZD","1761252636","23477/2025-12-15/1761252636.json"
"581514","221282","2025-12-15","36.00","NZD","1761252636","23477/2025-12-15/1761252636.json"
"512557","146154","2025-12-15","45.00","NZD","1761252636","23477/2025-12-15/1761252636.json"
"365170","146153","2025-12-15","48.00","NZD","1761252636","23477/2025-12-15/1761252636.json"
"510807","146155","2025-12-15","52.00","NZD","1761252636","23477/2025-12-15/1761252636.json"
"581513","221281","2025-12-16","36.00","NZD","1761252636","23477/2025-12-16/1761252636.json"
"581514","221282","2025-12-16","36.00","NZD","1761252636","23477/2025-12-16/1761252636.json"
"512557","146154","2025-12-16","45.00","NZD","1761252636","23477/2025-12-16/1761252636.json"
"365170","146153","2025-12-16","48.00","NZD","1761252636","23477/2025-12-16/1761252636.json"
"510807","146155","2025-12-16","52.00","NZD","1761252636","23477/2025-12-16/1761252636.json"
"581513","221281","2025-12-17","36.00","NZD","1761252636","23477/2025-12-17/1761252636.json"
"581514","221282","2025-12-17","36.00","NZD","1761252636","23477/2025-12-17/1761252636.json"
"512557","146154","2025-12-17","45.00","NZD","1761252636","23477/2025-12-17/1761252636.json"
"365170","146153","2025-12-17","48.00","NZD","1761252636","23477/2025-12-17/1761252636.json"
"510807","146155","2025-12-17","52.00","NZD","1761252636","23477/2025-12-17/1761252636.json"
"581513","221281","2025-12-18","36.00","NZD","1761252636","23477/2025-12-18/1761252636.json"
"581514","221282","2025-12-18","36.00","NZD","1761252636","23477/2025-12-18/1761252636.json"
"512557","146154","2025-12-18","45.00","NZD","1761252636","23477/2025-12-18/1761252636.json"
"365170","146153","2025-12-18","48.00","NZD","1761252636","23477/2025-12-18/1761252636.json"
"510807","146155","2025-12-18","52.00","NZD","1761252636","23477/2025-12-18/1761252636.json"
"581513","221281","2025-12-19","36.00","NZD","1761252636","23477/2025-12-19/1761252636.json"
"581514","221282","2025-12-19","36.00","NZD","1761252636","23477/2025-12-19/1761252636.json"
"512557","146154","2025-12-19","45.00","NZD","1761252636","23477/2025-12-19/1761252636.json"
"365170","146153","2025-12-19","48.00","NZD","1761252636","23477/2025-12-19/1761252636.json"
"510807","146155","2025-12-19","52.00","NZD","1761252636","23477/2025-12-19/1761252636.json"
"581513","221281","2025-12-20","36.00","NZD","1761252636","23477/2025-12-20/1761252636.json"
"581514","221282","2025-12-20","36.00","NZD","1761252636","23477/2025-12-20/1761252636.json"
"512557","146154","2025-12-20","45.00","NZD","1761252636","23477/2025-12-20/1761252636.json"
"365170","146153","2025-12-20","48.00","NZD","1761252636","23477/2025-12-20/1761252636.json"
"510807","146155","2025-12-20","52.00","NZD","1761252636","23477/2025-12-20/1761252636.json"
"581513","221281","2025-12-13","36.00","NZD","1761252636","23477/2025-12-13/1761252636.json"
"581514","221282","2025-12-13","36.00","NZD","1761252636","23477/2025-12-13/1761252636.json"
"512557","146154","2025-12-13","45.00","NZD","1761252636","23477/2025-12-13/1761252636.json"
"365170","146153","2025-12-13","48.00","NZD","1761252636","23477/2025-12-13/1761252636.json"
"510807","146155","2025-12-13","52.00","NZD","1761252636","23477/2025-12-13/1761252636.json"
"581513","221281","2025-12-21","36.00","NZD","1761252636","23477/2025-12-21/1761252636.json"
"581514","221282","2025-12-21","36.00","NZD","1761252636","23477/2025-12-21/1761252636.json"
"512557","146154","2025-12-21","45.00","NZD","1761252636","23477/2025-12-21/1761252636.json"
"365170","146153","2025-12-21","48.00","NZD","1761252636","23477/2025-12-21/1761252636.json"
"510807","146155","2025-12-21","52.00","NZD","1761252636","23477/2025-12-21/1761252636.json"
"581513","221281","2025-12-22","36.00","NZD","1761252636","23477/2025-12-22/1761252636.json"
"581514","221282","2025-12-22","36.00","NZD","1761252636","23477/2025-12-22/1761252636.json"
"512557","146154","2025-12-22","45.00","NZD","1761252636","23477/2025-12-22/1761252636.json"
"365170","146153","2025-12-22","48.00","NZD","1761252636","23477/2025-12-22/1761252636.json"
"510807","146155","2025-12-22","52.00","NZD","1761252636","23477/2025-12-22/1761252636.json"
"581513","221281","2025-10-25","38.00","NZD","1761276405","23477/2025-10-25/1761276405.json"
"581514","221282","2025-10-25","38.00","NZD","1761276405","23477/2025-10-25/1761276405.json"
"512557","146154","2025-10-25","45.00","NZD","1761276405","23477/2025-10-25/1761276405.json"
"581513","221281","2025-10-26","38.00","NZD","1761276405","23477/2025-10-26/1761276405.json"
"581514","221282","2025-10-26","38.00","NZD","1761276405","23477/2025-10-26/1761276405.json"
"512557","146154","2025-10-26","45.00","NZD","1761276405","23477/2025-10-26/1761276405.json"
"581513","221281","2025-10-27","38.00","NZD","1761276405","23477/2025-10-27/1761276405.json"
"581514","221282","2025-10-27","38.00","NZD","1761276405","23477/2025-10-27/1761276405.json"
"512557","146154","2025-10-27","45.00","NZD","1761276405","23477/2025-10-27/1761276405.json"
"365170","146153","2025-10-27","48.00","NZD","1761276405","23477/2025-10-27/1761276405.json"
"510807","146155","2025-10-27","52.00","NZD","1761276405","23477/2025-10-27/1761276405.json"
"581513","221281","2025-10-24","36.00","NZD","1761276405","23477/2025-10-24/1761276405.json"
"581514","221282","2025-10-24","36.00","NZD","1761276405","23477/2025-10-24/1761276405.json"
"512557","146154","2025-10-24","45.00","NZD","1761276405","23477/2025-10-24/1761276405.json"
"365170","146153","2025-10-24","48.00","NZD","1761276405","23477/2025-10-24/1761276405.json"
"510807","146155","2025-10-24","52.00","NZD","1761276405","23477/2025-10-24/1761276405.json"
"581513","221281","2025-10-28","36.00","NZD","1761276405","23477/2025-10-28/1761276405.json"
"581514","221282","2025-10-28","36.00","NZD","1761276405","23477/2025-10-28/1761276405.json"
"512557","146154","2025-10-28","45.00","NZD","1761276405","23477/2025-10-28/1761276405.json"
"365170","146153","2025-10-28","48.00","NZD","1761276405","23477/2025-10-28/1761276405.json"
"510807","146155","2025-10-28","52.00","NZD","1761276405","23477/2025-10-28/1761276405.json"
"581513","221281","2025-10-31","36.00","NZD","1761276405","23477/2025-10-31/1761276405.json"
"581514","221282","2025-10-31","36.00","NZD","1761276405","23477/2025-10-31/1761276405.json"
"512557","146154","2025-10-31","45.00","NZD","1761276405","23477/2025-10-31/1761276405.json"
"365170","146153","2025-10-31","48.00","NZD","1761276405","23477/2025-10-31/1761276405.json"
"510807","146155","2025-10-31","52.00","NZD","1761276405","23477/2025-10-31/1761276405.json"
"581513","221281","2025-10-29","36.00","NZD","1761276405","23477/2025-10-29/1761276405.json"
"581514","221282","2025-10-29","36.00","NZD","1761276405","23477/2025-10-29/1761276405.json"
"512557","146154","2025-10-29","45.00","NZD","1761276405","23477/2025-10-29/1761276405.json"
"365170","146153","2025-10-29","48.00","NZD","1761276405","23477/2025-10-29/1761276405.json"
"510807","146155","2025-10-29","52.00","NZD","1761276405","23477/2025-10-29/1761276405.json"
"581513","221281","2025-10-30","36.00","NZD","1761276405","23477/2025-10-30/1761276405.json"
"581514","221282","2025-10-30","36.00","NZD","1761276405","23477/2025-10-30/1761276405.json"
"512557","146154","2025-10-30","45.00","NZD","1761276405","23477/2025-10-30/1761276405.json"
"365170","146153","2025-10-30","48.00","NZD","1761276405","23477/2025-10-30/1761276405.json"
"510807","146155","2025-10-30","52.00","NZD","1761276405","23477/2025-10-30/1761276405.json"
"581513","221281","2025-11-01","36.00","NZD","1761276405","23477/2025-11-01/1761276405.json"
"581514","221282","2025-11-01","36.00","NZD","1761276405","23477/2025-11-01/1761276405.json"
"512557","146154","2025-11-01","45.00","NZD","1761276405","23477/2025-11-01/1761276405.json"
"365170","146153","2025-11-01","48.00","NZD","1761276405","23477/2025-11-01/1761276405.json"
"510807","146155","2025-11-01","52.00","NZD","1761276405","23477/2025-11-01/1761276405.json"
"581513","221281","2025-11-02","36.00","NZD","1761276405","23477/2025-11-02/1761276405.json"
"581514","221282","2025-11-02","36.00","NZD","1761276405","23477/2025-11-02/1761276405.json"
"512557","146154","2025-11-02","45.00","NZD","1761276405","23477/2025-11-02/1761276405.json"
"365170","146153","2025-11-02","48.00","NZD","1761276405","23477/2025-11-02/1761276405.json"
"510807","146155","2025-11-02","52.00","NZD","1761276405","23477/2025-11-02/1761276405.json"
"581513","221281","2025-11-04","36.00","NZD","1761276405","23477/2025-11-04/1761276405.json"
"581514","221282","2025-11-04","36.00","NZD","1761276405","23477/2025-11-04/1761276405.json"
"512557","146154","2025-11-04","45.00","NZD","1761276405","23477/2025-11-04/1761276405.json"
"365170","146153","2025-11-04","48.00","NZD","1761276405","23477/2025-11-04/1761276405.json"
"510807","146155","2025-11-04","52.00","NZD","1761276405","23477/2025-11-04/1761276405.json"
"581513","221281","2025-11-03","36.00","NZD","1761276405","23477/2025-11-03/1761276405.json"
"581514","221282","2025-11-03","36.00","NZD","1761276405","23477/2025-11-03/1761276405.json"
"512557","146154","2025-11-03","45.00","NZD","1761276405","23477/2025-11-03/1761276405.json"
"365170","146153","2025-11-03","48.00","NZD","1761276405","23477/2025-11-03/1761276405.json"
"510807","146155","2025-11-03","52.00","NZD","1761276405","23477/2025-11-03/1761276405.json"
"581513","221281","2025-11-05","36.00","NZD","1761276405","23477/2025-11-05/1761276405.json"
"581514","221282","2025-11-05","36.00","NZD","1761276405","23477/2025-11-05/1761276405.json"
"512557","146154","2025-11-05","45.00","NZD","1761276405","23477/2025-11-05/1761276405.json"
"365170","146153","2025-11-05","48.00","NZD","1761276405","23477/2025-11-05/1761276405.json"
"510807","146155","2025-11-05","52.00","NZD","1761276405","23477/2025-11-05/1761276405.json"
"581513","221281","2025-11-06","36.00","NZD","1761276405","23477/2025-11-06/1761276405.json"
"581514","221282","2025-11-06","36.00","NZD","1761276405","23477/2025-11-06/1761276405.json"
"512557","146154","2025-11-06","45.00","NZD","1761276405","23477/2025-11-06/1761276405.json"
"365170","146153","2025-11-06","48.00","NZD","1761276405","23477/2025-11-06/1761276405.json"
"510807","146155","2025-11-06","52.00","NZD","1761276405","23477/2025-11-06/1761276405.json"
"581513","221281","2025-11-07","36.00","NZD","1761276405","23477/2025-11-07/1761276405.json"
"581514","221282","2025-11-07","36.00","NZD","1761276405","23477/2025-11-07/1761276405.json"
"512557","146154","2025-11-07","45.00","NZD","1761276405","23477/2025-11-07/1761276405.json"
"365170","146153","2025-11-07","48.00","NZD","1761276405","23477/2025-11-07/1761276405.json"
"510807","146155","2025-11-07","52.00","NZD","1761276405","23477/2025-11-07/1761276405.json"
"581513","221281","2025-11-09","36.00","NZD","1761276405","23477/2025-11-09/1761276405.json"
"581514","221282","2025-11-09","36.00","NZD","1761276405","23477/2025-11-09/1761276405.json"
"512557","146154","2025-11-09","45.00","NZD","1761276405","23477/2025-11-09/1761276405.json"
"365170","146153","2025-11-09","48.00","NZD","1761276405","23477/2025-11-09/1761276405.json"
"510807","146155","2025-11-09","52.00","NZD","1761276405","23477/2025-11-09/1761276405.json"
"581513","221281","2025-11-08","36.00","NZD","1761276405","23477/2025-11-08/1761276405.json"
"581514","221282","2025-11-08","36.00","NZD","1761276405","23477/2025-11-08/1761276405.json"
"512557","146154","2025-11-08","45.00","NZD","1761276405","23477/2025-11-08/1761276405.json"
"365170","146153","2025-11-08","48.00","NZD","1761276405","23477/2025-11-08/1761276405.json"
"510807","146155","2025-11-08","52.00","NZD","1761276405","23477/2025-11-08/1761276405.json"
"581513","221281","2025-11-10","36.00","NZD","1761276405","23477/2025-11-10/1761276405.json"
"581514","221282","2025-11-10","36.00","NZD","1761276405","23477/2025-11-10/1761276405.json"
"512557","146154","2025-11-10","45.00","NZD","1761276405","23477/2025-11-10/1761276405.json"
"365170","146153","2025-11-10","48.00","NZD","1761276405","23477/2025-11-10/1761276405.json"
"510807","146155","2025-11-10","52.00","NZD","1761276405","23477/2025-11-10/1761276405.json"
"581513","221281","2025-11-11","36.00","NZD","1761276405","23477/2025-11-11/1761276405.json"
"581514","221282","2025-11-11","36.00","NZD","1761276405","23477/2025-11-11/1761276405.json"
"512557","146154","2025-11-11","45.00","NZD","1761276405","23477/2025-11-11/1761276405.json"
"365170","146153","2025-11-11","48.00","NZD","1761276405","23477/2025-11-11/1761276405.json"
"510807","146155","2025-11-11","52.00","NZD","1761276405","23477/2025-11-11/1761276405.json"
"581513","221281","2025-11-12","36.00","NZD","1761276405","23477/2025-11-12/1761276405.json"
"581514","221282","2025-11-12","36.00","NZD","1761276405","23477/2025-11-12/1761276405.json"
"512557","146154","2025-11-12","45.00","NZD","1761276405","23477/2025-11-12/1761276405.json"
"365170","146153","2025-11-12","48.00","NZD","1761276405","23477/2025-11-12/1761276405.json"
"510807","146155","2025-11-12","52.00","NZD","1761276405","23477/2025-11-12/1761276405.json"
"581513","221281","2025-11-13","36.00","NZD","1761276405","23477/2025-11-13/1761276405.json"
"581514","221282","2025-11-13","36.00","NZD","1761276405","23477/2025-11-13/1761276405.json"
"512557","146154","2025-11-13","45.00","NZD","1761276405","23477/2025-11-13/1761276405.json"
"365170","146153","2025-11-13","48.00","NZD","1761276405","23477/2025-11-13/1761276405.json"
"510807","146155","2025-11-13","52.00","NZD","1761276405","23477/2025-11-13/1761276405.json"
"581513","221281","2025-11-14","36.00","NZD","1761276405","23477/2025-11-14/1761276405.json"
"581514","221282","2025-11-14","36.00","NZD","1761276405","23477/2025-11-14/1761276405.json"
"512557","146154","2025-11-14","45.00","NZD","1761276405","23477/2025-11-14/1761276405.json"
"365170","146153","2025-11-14","48.00","NZD","1761276405","23477/2025-11-14/1761276405.json"
"510807","146155","2025-11-14","52.00","NZD","1761276405","23477/2025-11-14/1761276405.json"
"581513","221281","2025-11-16","36.00","NZD","1761276405","23477/2025-11-16/1761276405.json"
"581514","221282","2025-11-16","36.00","NZD","1761276405","23477/2025-11-16/1761276405.json"
"512557","146154","2025-11-16","45.00","NZD","1761276405","23477/2025-11-16/1761276405.json"
"365170","146153","2025-11-16","48.00","NZD","1761276405","23477/2025-11-16/1761276405.json"
"510807","146155","2025-11-16","52.00","NZD","1761276405","23477/2025-11-16/1761276405.json"
"581513","221281","2025-11-15","36.00","NZD","1761276405","23477/2025-11-15/1761276405.json"
"581514","221282","2025-11-15","36.00","NZD","1761276405","23477/2025-11-15/1761276405.json"
"512557","146154","2025-11-15","45.00","NZD","1761276405","23477/2025-11-15/1761276405.json"
"365170","146153","2025-11-15","48.00","NZD","1761276405","23477/2025-11-15/1761276405.json"
"510807","146155","2025-11-15","52.00","NZD","1761276405","23477/2025-11-15/1761276405.json"
"581513","221281","2025-11-17","36.00","NZD","1761276405","23477/2025-11-17/1761276405.json"
"581514","221282","2025-11-17","36.00","NZD","1761276405","23477/2025-11-17/1761276405.json"
"512557","146154","2025-11-17","45.00","NZD","1761276405","23477/2025-11-17/1761276405.json"
"365170","146153","2025-11-17","48.00","NZD","1761276405","23477/2025-11-17/1761276405.json"
"510807","146155","2025-11-17","52.00","NZD","1761276405","23477/2025-11-17/1761276405.json"
"581513","221281","2025-11-19","36.00","NZD","1761276405","23477/2025-11-19/1761276405.json"
"581514","221282","2025-11-19","36.00","NZD","1761276405","23477/2025-11-19/1761276405.json"
"512557","146154","2025-11-19","45.00","NZD","1761276405","23477/2025-11-19/1761276405.json"
"365170","146153","2025-11-19","48.00","NZD","1761276405","23477/2025-11-19/1761276405.json"
"510807","146155","2025-11-19","52.00","NZD","1761276405","23477/2025-11-19/1761276405.json"
"581513","221281","2025-11-20","36.00","NZD","1761276405","23477/2025-11-20/1761276405.json"
"581514","221282","2025-11-20","36.00","NZD","1761276405","23477/2025-11-20/1761276405.json"
"512557","146154","2025-11-20","45.00","NZD","1761276405","23477/2025-11-20/1761276405.json"
"581513","221281","2025-11-18","36.00","NZD","1761276405","23477/2025-11-18/1761276405.json"
"581514","221282","2025-11-18","36.00","NZD","1761276405","23477/2025-11-18/1761276405.json"
"512557","146154","2025-11-18","45.00","NZD","1761276405","23477/2025-11-18/1761276405.json"
"365170","146153","2025-11-18","48.00","NZD","1761276405","23477/2025-11-18/1761276405.json"
"510807","146155","2025-11-18","52.00","NZD","1761276405","23477/2025-11-18/1761276405.json"
"581513","221281","2025-11-21","36.00","NZD","1761276405","23477/2025-11-21/1761276405.json"
"581514","221282","2025-11-21","36.00","NZD","1761276405","23477/2025-11-21/1761276405.json"
"512557","146154","2025-11-21","45.00","NZD","1761276405","23477/2025-11-21/1761276405.json"
"365170","146153","2025-11-21","48.00","NZD","1761276405","23477/2025-11-21/1761276405.json"
"510807","146155","2025-11-21","52.00","NZD","1761276405","23477/2025-11-21/1761276405.json"
"581513","221281","2025-11-22","36.00","NZD","1761276405","23477/2025-11-22/1761276405.json"
"581514","221282","2025-11-22","36.00","NZD","1761276405","23477/2025-11-22/1761276405.json"
"512557","146154","2025-11-22","45.00","NZD","1761276405","23477/2025-11-22/1761276405.json"
"365170","146153","2025-11-22","48.00","NZD","1761276405","23477/2025-11-22/1761276405.json"
"510807","146155","2025-11-22","52.00","NZD","1761276405","23477/2025-11-22/1761276405.json"
"581513","221281","2025-11-24","36.00","NZD","1761276405","23477/2025-11-24/1761276405.json"
"581514","221282","2025-11-24","36.00","NZD","1761276405","23477/2025-11-24/1761276405.json"
"512557","146154","2025-11-24","45.00","NZD","1761276405","23477/2025-11-24/1761276405.json"
"365170","146153","2025-11-24","48.00","NZD","1761276405","23477/2025-11-24/1761276405.json"
"510807","146155","2025-11-24","52.00","NZD","1761276405","23477/2025-11-24/1761276405.json"
"581513","221281","2025-11-25","36.00","NZD","1761276405","23477/2025-11-25/1761276405.json"
"581514","221282","2025-11-25","36.00","NZD","1761276405","23477/2025-11-25/1761276405.json"
"512557","146154","2025-11-25","45.00","NZD","1761276405","23477/2025-11-25/1761276405.json"
"365170","146153","2025-11-25","48.00","NZD","1761276405","23477/2025-11-25/1761276405.json"
"510807","146155","2025-11-25","52.00","NZD","1761276405","23477/2025-11-25/1761276405.json"
"581513","221281","2025-11-23","36.00","NZD","1761276405","23477/2025-11-23/1761276405.json"
"581514","221282","2025-11-23","36.00","NZD","1761276405","23477/2025-11-23/1761276405.json"
"512557","146154","2025-11-23","45.00","NZD","1761276405","23477/2025-11-23/1761276405.json"
"365170","146153","2025-11-23","48.00","NZD","1761276405","23477/2025-11-23/1761276405.json"
"510807","146155","2025-11-23","52.00","NZD","1761276405","23477/2025-11-23/1761276405.json"
"581513","221281","2025-11-26","36.00","NZD","1761276405","23477/2025-11-26/1761276405.json"
"581514","221282","2025-11-26","36.00","NZD","1761276405","23477/2025-11-26/1761276405.json"
"512557","146154","2025-11-26","45.00","NZD","1761276405","23477/2025-11-26/1761276405.json"
"365170","146153","2025-11-26","48.00","NZD","1761276405","23477/2025-11-26/1761276405.json"
"510807","146155","2025-11-26","52.00","NZD","1761276405","23477/2025-11-26/1761276405.json"
"581513","221281","2025-11-27","36.00","NZD","1761276405","23477/2025-11-27/1761276405.json"
"581514","221282","2025-11-27","36.00","NZD","1761276405","23477/2025-11-27/1761276405.json"
"512557","146154","2025-11-27","45.00","NZD","1761276405","23477/2025-11-27/1761276405.json"
"365170","146153","2025-11-27","48.00","NZD","1761276405","23477/2025-11-27/1761276405.json"
"510807","146155","2025-11-27","52.00","NZD","1761276405","23477/2025-11-27/1761276405.json"
"581513","221281","2025-11-29","36.00","NZD","1761276405","23477/2025-11-29/1761276405.json"
"581514","221282","2025-11-29","36.00","NZD","1761276405","23477/2025-11-29/1761276405.json"
"512557","146154","2025-11-29","45.00","NZD","1761276405","23477/2025-11-29/1761276405.json"
"365170","146153","2025-11-29","48.00","NZD","1761276405","23477/2025-11-29/1761276405.json"
"510807","146155","2025-11-29","52.00","NZD","1761276405","23477/2025-11-29/1761276405.json"
"581513","221281","2025-11-28","36.00","NZD","1761276405","23477/2025-11-28/1761276405.json"
"581514","221282","2025-11-28","36.00","NZD","1761276405","23477/2025-11-28/1761276405.json"
"512557","146154","2025-11-28","45.00","NZD","1761276405","23477/2025-11-28/1761276405.json"
"365170","146153","2025-11-28","48.00","NZD","1761276405","23477/2025-11-28/1761276405.json"
"510807","146155","2025-11-28","52.00","NZD","1761276405","23477/2025-11-28/1761276405.json"
"581513","221281","2025-12-01","36.00","NZD","1761276405","23477/2025-12-01/1761276405.json"
"581514","221282","2025-12-01","36.00","NZD","1761276405","23477/2025-12-01/1761276405.json"
"512557","146154","2025-12-01","45.00","NZD","1761276405","23477/2025-12-01/1761276405.json"
"365170","146153","2025-12-01","48.00","NZD","1761276405","23477/2025-12-01/1761276405.json"
"510807","146155","2025-12-01","52.00","NZD","1761276405","23477/2025-12-01/1761276405.json"
"581513","221281","2025-12-02","36.00","NZD","1761276405","23477/2025-12-02/1761276405.json"
"581514","221282","2025-12-02","36.00","NZD","1761276405","23477/2025-12-02/1761276405.json"
"512557","146154","2025-12-02","45.00","NZD","1761276405","23477/2025-12-02/1761276405.json"
"365170","146153","2025-12-02","48.00","NZD","1761276405","23477/2025-12-02/1761276405.json"
"510807","146155","2025-12-02","52.00","NZD","1761276405","23477/2025-12-02/1761276405.json"
"581513","221281","2025-12-03","36.00","NZD","1761276405","23477/2025-12-03/1761276405.json"
"581514","221282","2025-12-03","36.00","NZD","1761276405","23477/2025-12-03/1761276405.json"
"512557","146154","2025-12-03","45.00","NZD","1761276405","23477/2025-12-03/1761276405.json"
"365170","146153","2025-12-03","48.00","NZD","1761276405","23477/2025-12-03/1761276405.json"
"510807","146155","2025-12-03","52.00","NZD","1761276405","23477/2025-12-03/1761276405.json"
"581513","221281","2025-11-30","36.00","NZD","1761276405","23477/2025-11-30/1761276405.json"
"581514","221282","2025-11-30","36.00","NZD","1761276405","23477/2025-11-30/1761276405.json"
"512557","146154","2025-11-30","45.00","NZD","1761276405","23477/2025-11-30/1761276405.json"
"365170","146153","2025-11-30","48.00","NZD","1761276405","23477/2025-11-30/1761276405.json"
"510807","146155","2025-11-30","52.00","NZD","1761276405","23477/2025-11-30/1761276405.json"
"581513","221281","2025-12-04","36.00","NZD","1761276405","23477/2025-12-04/1761276405.json"
"581514","221282","2025-12-04","36.00","NZD","1761276405","23477/2025-12-04/1761276405.json"
"512557","146154","2025-12-04","45.00","NZD","1761276405","23477/2025-12-04/1761276405.json"
"365170","146153","2025-12-04","48.00","NZD","1761276405","23477/2025-12-04/1761276405.json"
"510807","146155","2025-12-04","52.00","NZD","1761276405","23477/2025-12-04/1761276405.json"
"581513","221281","2025-12-05","36.00","NZD","1761276405","23477/2025-12-05/1761276405.json"
"581514","221282","2025-12-05","36.00","NZD","1761276405","23477/2025-12-05/1761276405.json"
"512557","146154","2025-12-05","45.00","NZD","1761276405","23477/2025-12-05/1761276405.json"
"365170","146153","2025-12-05","48.00","NZD","1761276405","23477/2025-12-05/1761276405.json"
"510807","146155","2025-12-05","52.00","NZD","1761276405","23477/2025-12-05/1761276405.json"
"581513","221281","2025-12-06","36.00","NZD","1761276405","23477/2025-12-06/1761276405.json"
"581514","221282","2025-12-06","36.00","NZD","1761276405","23477/2025-12-06/1761276405.json"
"512557","146154","2025-12-06","45.00","NZD","1761276405","23477/2025-12-06/1761276405.json"
"365170","146153","2025-12-06","48.00","NZD","1761276405","23477/2025-12-06/1761276405.json"
"510807","146155","2025-12-06","52.00","NZD","1761276405","23477/2025-12-06/1761276405.json"
"581513","221281","2025-12-07","36.00","NZD","1761276405","23477/2025-12-07/1761276405.json"
"581514","221282","2025-12-07","36.00","NZD","1761276405","23477/2025-12-07/1761276405.json"
"512557","146154","2025-12-07","45.00","NZD","1761276405","23477/2025-12-07/1761276405.json"
"365170","146153","2025-12-07","48.00","NZD","1761276405","23477/2025-12-07/1761276405.json"
"510807","146155","2025-12-07","52.00","NZD","1761276405","23477/2025-12-07/1761276405.json"
"581513","221281","2025-12-08","36.00","NZD","1761276405","23477/2025-12-08/1761276405.json"
"581514","221282","2025-12-08","36.00","NZD","1761276405","23477/2025-12-08/1761276405.json"
"512557","146154","2025-12-08","45.00","NZD","1761276405","23477/2025-12-08/1761276405.json"
"365170","146153","2025-12-08","48.00","NZD","1761276405","23477/2025-12-08/1761276405.json"
"510807","146155","2025-12-08","52.00","NZD","1761276405","23477/2025-12-08/1761276405.json"
"581513","221281","2025-12-09","36.00","NZD","1761276405","23477/2025-12-09/1761276405.json"
"581514","221282","2025-12-09","36.00","NZD","1761276405","23477/2025-12-09/1761276405.json"
"512557","146154","2025-12-09","45.00","NZD","1761276405","23477/2025-12-09/1761276405.json"
"365170","146153","2025-12-09","48.00","NZD","1761276405","23477/2025-12-09/1761276405.json"
"510807","146155","2025-12-09","52.00","NZD","1761276405","23477/2025-12-09/1761276405.json"
"581513","221281","2025-12-10","36.00","NZD","1761276405","23477/2025-12-10/1761276405.json"
"581514","221282","2025-12-10","36.00","NZD","1761276405","23477/2025-12-10/1761276405.json"
"512557","146154","2025-12-10","45.00","NZD","1761276405","23477/2025-12-10/1761276405.json"
"365170","146153","2025-12-10","48.00","NZD","1761276405","23477/2025-12-10/1761276405.json"
"510807","146155","2025-12-10","52.00","NZD","1761276405","23477/2025-12-10/1761276405.json"
"581513","221281","2025-12-12","36.00","NZD","1761276405","23477/2025-12-12/1761276405.json"
"581514","221282","2025-12-12","36.00","NZD","1761276405","23477/2025-12-12/1761276405.json"
"512557","146154","2025-12-12","45.00","NZD","1761276405","23477/2025-12-12/1761276405.json"
"365170","146153","2025-12-12","48.00","NZD","1761276405","23477/2025-12-12/1761276405.json"
"510807","146155","2025-12-12","52.00","NZD","1761276405","23477/2025-12-12/1761276405.json"
"581513","221281","2025-12-11","36.00","NZD","1761276405","23477/2025-12-11/1761276405.json"
"581514","221282","2025-12-11","36.00","NZD","1761276405","23477/2025-12-11/1761276405.json"
"512557","146154","2025-12-11","45.00","NZD","1761276405","23477/2025-12-11/1761276405.json"
"365170","146153","2025-12-11","48.00","NZD","1761276405","23477/2025-12-11/1761276405.json"
"510807","146155","2025-12-11","52.00","NZD","1761276405","23477/2025-12-11/1761276405.json"
"581513","221281","2025-12-14","36.00","NZD","1761276405","23477/2025-12-14/1761276405.json"
"581514","221282","2025-12-14","36.00","NZD","1761276405","23477/2025-12-14/1761276405.json"
"512557","146154","2025-12-14","45.00","NZD","1761276405","23477/2025-12-14/1761276405.json"
"365170","146153","2025-12-14","48.00","NZD","1761276405","23477/2025-12-14/1761276405.json"
"510807","146155","2025-12-14","52.00","NZD","1761276405","23477/2025-12-14/1761276405.json"
"581513","221281","2025-12-13","36.00","NZD","1761276405","23477/2025-12-13/1761276405.json"
"581514","221282","2025-12-13","36.00","NZD","1761276405","23477/2025-12-13/1761276405.json"
"512557","146154","2025-12-13","45.00","NZD","1761276405","23477/2025-12-13/1761276405.json"
"365170","146153","2025-12-13","48.00","NZD","1761276405","23477/2025-12-13/1761276405.json"
"510807","146155","2025-12-13","52.00","NZD","1761276405","23477/2025-12-13/1761276405.json"
"581513","221281","2025-12-15","36.00","NZD","1761276405","23477/2025-12-15/1761276405.json"
"581514","221282","2025-12-15","36.00","NZD","1761276405","23477/2025-12-15/1761276405.json"
"512557","146154","2025-12-15","45.00","NZD","1761276405","23477/2025-12-15/1761276405.json"
"365170","146153","2025-12-15","48.00","NZD","1761276405","23477/2025-12-15/1761276405.json"
"510807","146155","2025-12-15","52.00","NZD","1761276405","23477/2025-12-15/1761276405.json"
"581513","221281","2025-12-16","36.00","NZD","1761276405","23477/2025-12-16/1761276405.json"
"581514","221282","2025-12-16","36.00","NZD","1761276405","23477/2025-12-16/1761276405.json"
"512557","146154","2025-12-16","45.00","NZD","1761276405","23477/2025-12-16/1761276405.json"
"365170","146153","2025-12-16","48.00","NZD","1761276405","23477/2025-12-16/1761276405.json"
"510807","146155","2025-12-16","52.00","NZD","1761276405","23477/2025-12-16/1761276405.json"
"581513","221281","2025-12-17","36.00","NZD","1761276405","23477/2025-12-17/1761276405.json"
"581514","221282","2025-12-17","36.00","NZD","1761276405","23477/2025-12-17/1761276405.json"
"512557","146154","2025-12-17","45.00","NZD","1761276405","23477/2025-12-17/1761276405.json"
"365170","146153","2025-12-17","48.00","NZD","1761276405","23477/2025-12-17/1761276405.json"
"510807","146155","2025-12-17","52.00","NZD","1761276405","23477/2025-12-17/1761276405.json"
"581513","221281","2025-12-18","36.00","NZD","1761276405","23477/2025-12-18/1761276405.json"
"581514","221282","2025-12-18","36.00","NZD","1761276405","23477/2025-12-18/1761276405.json"
"512557","146154","2025-12-18","45.00","NZD","1761276405","23477/2025-12-18/1761276405.json"
"365170","146153","2025-12-18","48.00","NZD","1761276405","23477/2025-12-18/1761276405.json"
"510807","146155","2025-12-18","52.00","NZD","1761276405","23477/2025-12-18/1761276405.json"
"581513","221281","2025-12-19","36.00","NZD","1761276405","23477/2025-12-19/1761276405.json"
"581514","221282","2025-12-19","36.00","NZD","1761276405","23477/2025-12-19/1761276405.json"
"512557","146154","2025-12-19","45.00","NZD","1761276405","23477/2025-12-19/1761276405.json"
"365170","146153","2025-12-19","48.00","NZD","1761276405","23477/2025-12-19/1761276405.json"
"510807","146155","2025-12-19","52.00","NZD","1761276405","23477/2025-12-19/1761276405.json"
"581513","221281","2025-12-20","36.00","NZD","1761276405","23477/2025-12-20/1761276405.json"
"581514","221282","2025-12-20","36.00","NZD","1761276405","23477/2025-12-20/1761276405.json"
"512557","146154","2025-12-20","45.00","NZD","1761276405","23477/2025-12-20/1761276405.json"
"365170","146153","2025-12-20","48.00","NZD","1761276405","23477/2025-12-20/1761276405.json"
"510807","146155","2025-12-20","52.00","NZD","1761276405","23477/2025-12-20/1761276405.json"
"581513","221281","2025-12-22","36.00","NZD","1761276405","23477/2025-12-22/1761276405.json"
"581513","221281","2025-12-21","36.00","NZD","1761276405","23477/2025-12-21/1761276405.json"
"581514","221282","2025-12-21","36.00","NZD","1761276405","23477/2025-12-21/1761276405.json"
"581514","221282","2025-12-22","36.00","NZD","1761276405","23477/2025-12-22/1761276405.json"
"512557","146154","2025-12-21","45.00","NZD","1761276405","23477/2025-12-21/1761276405.json"
"512557","146154","2025-12-22","45.00","NZD","1761276405","23477/2025-12-22/1761276405.json"
"365170","146153","2025-12-21","48.00","NZD","1761276405","23477/2025-12-21/1761276405.json"
"365170","146153","2025-12-22","48.00","NZD","1761276405","23477/2025-12-22/1761276405.json"
"510807","146155","2025-12-21","52.00","NZD","1761276405","23477/2025-12-21/1761276405.json"
"510807","146155","2025-12-22","52.00","NZD","1761276405","23477/2025-12-22/1761276405.json"
"581513","221281","2025-12-23","38.00","NZD","1761276405","23477/2025-12-23/1761276405.json"
"581514","221282","2025-12-23","38.00","NZD","1761276405","23477/2025-12-23/1761276405.json"
"512557","146154","2025-12-23","45.00","NZD","1761276405","23477/2025-12-23/1761276405.json"
"365170","146153","2025-12-23","48.00","NZD","1761276405","23477/2025-12-23/1761276405.json"
"510807","146155","2025-12-23","52.00","NZD","1761276405","23477/2025-12-23/1761276405.json"
"581513","221281","2025-10-25","38.00","NZD","1761281762","23477/2025-10-25/1761281762.json"
"581514","221282","2025-10-25","38.00","NZD","1761281762","23477/2025-10-25/1761281762.json"
"512557","146154","2025-10-25","45.00","NZD","1761281762","23477/2025-10-25/1761281762.json"
"581513","221281","2025-10-27","38.00","NZD","1761281762","23477/2025-10-27/1761281762.json"
"581514","221282","2025-10-27","38.00","NZD","1761281762","23477/2025-10-27/1761281762.json"
"512557","146154","2025-10-27","45.00","NZD","1761281762","23477/2025-10-27/1761281762.json"
"365170","146153","2025-10-27","48.00","NZD","1761281762","23477/2025-10-27/1761281762.json"
"510807","146155","2025-10-27","52.00","NZD","1761281762","23477/2025-10-27/1761281762.json"
"581513","221281","2025-10-26","38.00","NZD","1761281762","23477/2025-10-26/1761281762.json"
"581514","221282","2025-10-26","38.00","NZD","1761281762","23477/2025-10-26/1761281762.json"
"512557","146154","2025-10-26","45.00","NZD","1761281762","23477/2025-10-26/1761281762.json"
"581513","221281","2025-10-24","36.00","NZD","1761281762","23477/2025-10-24/1761281762.json"
"581514","221282","2025-10-24","36.00","NZD","1761281762","23477/2025-10-24/1761281762.json"
"512557","146154","2025-10-24","45.00","NZD","1761281762","23477/2025-10-24/1761281762.json"
"365170","146153","2025-10-24","48.00","NZD","1761281762","23477/2025-10-24/1761281762.json"
"510807","146155","2025-10-24","52.00","NZD","1761281762","23477/2025-10-24/1761281762.json"
"581513","221281","2025-10-28","36.00","NZD","1761281762","23477/2025-10-28/1761281762.json"
"581514","221282","2025-10-28","36.00","NZD","1761281762","23477/2025-10-28/1761281762.json"
"512557","146154","2025-10-28","45.00","NZD","1761281762","23477/2025-10-28/1761281762.json"
"365170","146153","2025-10-28","48.00","NZD","1761281762","23477/2025-10-28/1761281762.json"
"510807","146155","2025-10-28","52.00","NZD","1761281762","23477/2025-10-28/1761281762.json"
"581513","221281","2025-10-29","36.00","NZD","1761281762","23477/2025-10-29/1761281762.json"
"581514","221282","2025-10-29","36.00","NZD","1761281762","23477/2025-10-29/1761281762.json"
"512557","146154","2025-10-29","45.00","NZD","1761281762","23477/2025-10-29/1761281762.json"
"365170","146153","2025-10-29","48.00","NZD","1761281762","23477/2025-10-29/1761281762.json"
"510807","146155","2025-10-29","52.00","NZD","1761281762","23477/2025-10-29/1761281762.json"
"581513","221281","2025-10-31","36.00","NZD","1761281762","23477/2025-10-31/1761281762.json"
"581514","221282","2025-10-31","36.00","NZD","1761281762","23477/2025-10-31/1761281762.json"
"512557","146154","2025-10-31","45.00","NZD","1761281762","23477/2025-10-31/1761281762.json"
"365170","146153","2025-10-31","48.00","NZD","1761281762","23477/2025-10-31/1761281762.json"
"510807","146155","2025-10-31","52.00","NZD","1761281762","23477/2025-10-31/1761281762.json"
"581513","221281","2025-10-30","36.00","NZD","1761281762","23477/2025-10-30/1761281762.json"
"581514","221282","2025-10-30","36.00","NZD","1761281762","23477/2025-10-30/1761281762.json"
"512557","146154","2025-10-30","45.00","NZD","1761281762","23477/2025-10-30/1761281762.json"
"365170","146153","2025-10-30","48.00","NZD","1761281762","23477/2025-10-30/1761281762.json"
"510807","146155","2025-10-30","52.00","NZD","1761281762","23477/2025-10-30/1761281762.json"
"581513","221281","2025-11-01","36.00","NZD","1761281762","23477/2025-11-01/1761281762.json"
"581514","221282","2025-11-01","36.00","NZD","1761281762","23477/2025-11-01/1761281762.json"
"512557","146154","2025-11-01","45.00","NZD","1761281762","23477/2025-11-01/1761281762.json"
"365170","146153","2025-11-01","48.00","NZD","1761281762","23477/2025-11-01/1761281762.json"
"510807","146155","2025-11-01","52.00","NZD","1761281762","23477/2025-11-01/1761281762.json"
"581513","221281","2025-11-03","36.00","NZD","1761281762","23477/2025-11-03/1761281762.json"
"581514","221282","2025-11-03","36.00","NZD","1761281762","23477/2025-11-03/1761281762.json"
"512557","146154","2025-11-03","45.00","NZD","1761281762","23477/2025-11-03/1761281762.json"
"365170","146153","2025-11-03","48.00","NZD","1761281762","23477/2025-11-03/1761281762.json"
"510807","146155","2025-11-03","52.00","NZD","1761281762","23477/2025-11-03/1761281762.json"
"581513","221281","2025-11-02","36.00","NZD","1761281762","23477/2025-11-02/1761281762.json"
"581514","221282","2025-11-02","36.00","NZD","1761281762","23477/2025-11-02/1761281762.json"
"512557","146154","2025-11-02","45.00","NZD","1761281762","23477/2025-11-02/1761281762.json"
"365170","146153","2025-11-02","48.00","NZD","1761281762","23477/2025-11-02/1761281762.json"
"510807","146155","2025-11-02","52.00","NZD","1761281762","23477/2025-11-02/1761281762.json"
"581513","221281","2025-11-05","36.00","NZD","1761281762","23477/2025-11-05/1761281762.json"
"581514","221282","2025-11-05","36.00","NZD","1761281762","23477/2025-11-05/1761281762.json"
"512557","146154","2025-11-05","45.00","NZD","1761281762","23477/2025-11-05/1761281762.json"
"365170","146153","2025-11-05","48.00","NZD","1761281762","23477/2025-11-05/1761281762.json"
"510807","146155","2025-11-05","52.00","NZD","1761281762","23477/2025-11-05/1761281762.json"
"581513","221281","2025-11-04","36.00","NZD","1761281762","23477/2025-11-04/1761281762.json"
"581514","221282","2025-11-04","36.00","NZD","1761281762","23477/2025-11-04/1761281762.json"
"512557","146154","2025-11-04","45.00","NZD","1761281762","23477/2025-11-04/1761281762.json"
"365170","146153","2025-11-04","48.00","NZD","1761281762","23477/2025-11-04/1761281762.json"
"510807","146155","2025-11-04","52.00","NZD","1761281762","23477/2025-11-04/1761281762.json"
"581513","221281","2025-11-08","36.00","NZD","1761281762","23477/2025-11-08/1761281762.json"
"581514","221282","2025-11-08","36.00","NZD","1761281762","23477/2025-11-08/1761281762.json"
"512557","146154","2025-11-08","45.00","NZD","1761281762","23477/2025-11-08/1761281762.json"
"365170","146153","2025-11-08","48.00","NZD","1761281762","23477/2025-11-08/1761281762.json"
"510807","146155","2025-11-08","52.00","NZD","1761281762","23477/2025-11-08/1761281762.json"
"581513","221281","2025-11-07","36.00","NZD","1761281762","23477/2025-11-07/1761281762.json"
"581514","221282","2025-11-07","36.00","NZD","1761281762","23477/2025-11-07/1761281762.json"
"512557","146154","2025-11-07","45.00","NZD","1761281762","23477/2025-11-07/1761281762.json"
"365170","146153","2025-11-07","48.00","NZD","1761281762","23477/2025-11-07/1761281762.json"
"510807","146155","2025-11-07","52.00","NZD","1761281762","23477/2025-11-07/1761281762.json"
"581513","221281","2025-11-06","36.00","NZD","1761281762","23477/2025-11-06/1761281762.json"
"581514","221282","2025-11-06","36.00","NZD","1761281762","23477/2025-11-06/1761281762.json"
"512557","146154","2025-11-06","45.00","NZD","1761281762","23477/2025-11-06/1761281762.json"
"365170","146153","2025-11-06","48.00","NZD","1761281762","23477/2025-11-06/1761281762.json"
"510807","146155","2025-11-06","52.00","NZD","1761281762","23477/2025-11-06/1761281762.json"
"581513","221281","2025-11-09","36.00","NZD","1761281762","23477/2025-11-09/1761281762.json"
"581514","221282","2025-11-09","36.00","NZD","1761281762","23477/2025-11-09/1761281762.json"
"512557","146154","2025-11-09","45.00","NZD","1761281762","23477/2025-11-09/1761281762.json"
"365170","146153","2025-11-09","48.00","NZD","1761281762","23477/2025-11-09/1761281762.json"
"510807","146155","2025-11-09","52.00","NZD","1761281762","23477/2025-11-09/1761281762.json"
"581513","221281","2025-11-11","36.00","NZD","1761281762","23477/2025-11-11/1761281762.json"
"581514","221282","2025-11-11","36.00","NZD","1761281762","23477/2025-11-11/1761281762.json"
"512557","146154","2025-11-11","45.00","NZD","1761281762","23477/2025-11-11/1761281762.json"
"365170","146153","2025-11-11","48.00","NZD","1761281762","23477/2025-11-11/1761281762.json"
"510807","146155","2025-11-11","52.00","NZD","1761281762","23477/2025-11-11/1761281762.json"
"581513","221281","2025-11-10","36.00","NZD","1761281762","23477/2025-11-10/1761281762.json"
"581514","221282","2025-11-10","36.00","NZD","1761281762","23477/2025-11-10/1761281762.json"
"512557","146154","2025-11-10","45.00","NZD","1761281762","23477/2025-11-10/1761281762.json"
"365170","146153","2025-11-10","48.00","NZD","1761281762","23477/2025-11-10/1761281762.json"
"510807","146155","2025-11-10","52.00","NZD","1761281762","23477/2025-11-10/1761281762.json"
"581513","221281","2025-11-12","36.00","NZD","1761281762","23477/2025-11-12/1761281762.json"
"581514","221282","2025-11-12","36.00","NZD","1761281762","23477/2025-11-12/1761281762.json"
"512557","146154","2025-11-12","45.00","NZD","1761281762","23477/2025-11-12/1761281762.json"
"365170","146153","2025-11-12","48.00","NZD","1761281762","23477/2025-11-12/1761281762.json"
"510807","146155","2025-11-12","52.00","NZD","1761281762","23477/2025-11-12/1761281762.json"
"581513","221281","2025-11-13","36.00","NZD","1761281762","23477/2025-11-13/1761281762.json"
"581514","221282","2025-11-13","36.00","NZD","1761281762","23477/2025-11-13/1761281762.json"
"512557","146154","2025-11-13","45.00","NZD","1761281762","23477/2025-11-13/1761281762.json"
"365170","146153","2025-11-13","48.00","NZD","1761281762","23477/2025-11-13/1761281762.json"
"510807","146155","2025-11-13","52.00","NZD","1761281762","23477/2025-11-13/1761281762.json"
"581513","221281","2025-11-14","36.00","NZD","1761281762","23477/2025-11-14/1761281762.json"
"581514","221282","2025-11-14","36.00","NZD","1761281762","23477/2025-11-14/1761281762.json"
"512557","146154","2025-11-14","45.00","NZD","1761281762","23477/2025-11-14/1761281762.json"
"365170","146153","2025-11-14","48.00","NZD","1761281762","23477/2025-11-14/1761281762.json"
"510807","146155","2025-11-14","52.00","NZD","1761281762","23477/2025-11-14/1761281762.json"
"581513","221281","2025-11-16","36.00","NZD","1761281762","23477/2025-11-16/1761281762.json"
"581514","221282","2025-11-16","36.00","NZD","1761281762","23477/2025-11-16/1761281762.json"
"512557","146154","2025-11-16","45.00","NZD","1761281762","23477/2025-11-16/1761281762.json"
"365170","146153","2025-11-16","48.00","NZD","1761281762","23477/2025-11-16/1761281762.json"
"510807","146155","2025-11-16","52.00","NZD","1761281762","23477/2025-11-16/1761281762.json"
"581513","221281","2025-11-15","36.00","NZD","1761281762","23477/2025-11-15/1761281762.json"
"581514","221282","2025-11-15","36.00","NZD","1761281762","23477/2025-11-15/1761281762.json"
"512557","146154","2025-11-15","45.00","NZD","1761281762","23477/2025-11-15/1761281762.json"
"365170","146153","2025-11-15","48.00","NZD","1761281762","23477/2025-11-15/1761281762.json"
"510807","146155","2025-11-15","52.00","NZD","1761281762","23477/2025-11-15/1761281762.json"
"581513","221281","2025-11-17","36.00","NZD","1761281762","23477/2025-11-17/1761281762.json"
"581514","221282","2025-11-17","36.00","NZD","1761281762","23477/2025-11-17/1761281762.json"
"512557","146154","2025-11-17","45.00","NZD","1761281762","23477/2025-11-17/1761281762.json"
"365170","146153","2025-11-17","48.00","NZD","1761281762","23477/2025-11-17/1761281762.json"
"510807","146155","2025-11-17","52.00","NZD","1761281762","23477/2025-11-17/1761281762.json"
"581513","221281","2025-11-18","36.00","NZD","1761281762","23477/2025-11-18/1761281762.json"
"581514","221282","2025-11-18","36.00","NZD","1761281762","23477/2025-11-18/1761281762.json"
"512557","146154","2025-11-18","45.00","NZD","1761281762","23477/2025-11-18/1761281762.json"
"365170","146153","2025-11-18","48.00","NZD","1761281762","23477/2025-11-18/1761281762.json"
"510807","146155","2025-11-18","52.00","NZD","1761281762","23477/2025-11-18/1761281762.json"
"581513","221281","2025-11-20","36.00","NZD","1761281762","23477/2025-11-20/1761281762.json"
"581514","221282","2025-11-20","36.00","NZD","1761281762","23477/2025-11-20/1761281762.json"
"512557","146154","2025-11-20","45.00","NZD","1761281762","23477/2025-11-20/1761281762.json"
"581513","221281","2025-11-19","36.00","NZD","1761281762","23477/2025-11-19/1761281762.json"
"581514","221282","2025-11-19","36.00","NZD","1761281762","23477/2025-11-19/1761281762.json"
"512557","146154","2025-11-19","45.00","NZD","1761281762","23477/2025-11-19/1761281762.json"
"365170","146153","2025-11-19","48.00","NZD","1761281762","23477/2025-11-19/1761281762.json"
"510807","146155","2025-11-19","52.00","NZD","1761281762","23477/2025-11-19/1761281762.json"
"581513","221281","2025-11-21","36.00","NZD","1761281762","23477/2025-11-21/1761281762.json"
"581514","221282","2025-11-21","36.00","NZD","1761281762","23477/2025-11-21/1761281762.json"
"512557","146154","2025-11-21","45.00","NZD","1761281762","23477/2025-11-21/1761281762.json"
"365170","146153","2025-11-21","48.00","NZD","1761281762","23477/2025-11-21/1761281762.json"
"510807","146155","2025-11-21","52.00","NZD","1761281762","23477/2025-11-21/1761281762.json"
"581513","221281","2025-11-22","36.00","NZD","1761281762","23477/2025-11-22/1761281762.json"
"581514","221282","2025-11-22","36.00","NZD","1761281762","23477/2025-11-22/1761281762.json"
"512557","146154","2025-11-22","45.00","NZD","1761281762","23477/2025-11-22/1761281762.json"
"365170","146153","2025-11-22","48.00","NZD","1761281762","23477/2025-11-22/1761281762.json"
"510807","146155","2025-11-22","52.00","NZD","1761281762","23477/2025-11-22/1761281762.json"
"581513","221281","2025-11-23","36.00","NZD","1761281762","23477/2025-11-23/1761281762.json"
"581514","221282","2025-11-23","36.00","NZD","1761281762","23477/2025-11-23/1761281762.json"
"512557","146154","2025-11-23","45.00","NZD","1761281762","23477/2025-11-23/1761281762.json"
"365170","146153","2025-11-23","48.00","NZD","1761281762","23477/2025-11-23/1761281762.json"
"510807","146155","2025-11-23","52.00","NZD","1761281762","23477/2025-11-23/1761281762.json"
"581513","221281","2025-11-24","36.00","NZD","1761281762","23477/2025-11-24/1761281762.json"
"581514","221282","2025-11-24","36.00","NZD","1761281762","23477/2025-11-24/1761281762.json"
"512557","146154","2025-11-24","45.00","NZD","1761281762","23477/2025-11-24/1761281762.json"
"365170","146153","2025-11-24","48.00","NZD","1761281762","23477/2025-11-24/1761281762.json"
"510807","146155","2025-11-24","52.00","NZD","1761281762","23477/2025-11-24/1761281762.json"
"581513","221281","2025-11-25","36.00","NZD","1761281762","23477/2025-11-25/1761281762.json"
"581514","221282","2025-11-25","36.00","NZD","1761281762","23477/2025-11-25/1761281762.json"
"512557","146154","2025-11-25","45.00","NZD","1761281762","23477/2025-11-25/1761281762.json"
"365170","146153","2025-11-25","48.00","NZD","1761281762","23477/2025-11-25/1761281762.json"
"510807","146155","2025-11-25","52.00","NZD","1761281762","23477/2025-11-25/1761281762.json"
"581513","221281","2025-11-27","36.00","NZD","1761281762","23477/2025-11-27/1761281762.json"
"581514","221282","2025-11-27","36.00","NZD","1761281762","23477/2025-11-27/1761281762.json"
"512557","146154","2025-11-27","45.00","NZD","1761281762","23477/2025-11-27/1761281762.json"
"365170","146153","2025-11-27","48.00","NZD","1761281762","23477/2025-11-27/1761281762.json"
"510807","146155","2025-11-27","52.00","NZD","1761281762","23477/2025-11-27/1761281762.json"
"581513","221281","2025-11-26","36.00","NZD","1761281762","23477/2025-11-26/1761281762.json"
"581514","221282","2025-11-26","36.00","NZD","1761281762","23477/2025-11-26/1761281762.json"
"512557","146154","2025-11-26","45.00","NZD","1761281762","23477/2025-11-26/1761281762.json"
"365170","146153","2025-11-26","48.00","NZD","1761281762","23477/2025-11-26/1761281762.json"
"510807","146155","2025-11-26","52.00","NZD","1761281762","23477/2025-11-26/1761281762.json"
"581513","221281","2025-11-30","36.00","NZD","1761281762","23477/2025-11-30/1761281762.json"
"581514","221282","2025-11-30","36.00","NZD","1761281762","23477/2025-11-30/1761281762.json"
"512557","146154","2025-11-30","45.00","NZD","1761281762","23477/2025-11-30/1761281762.json"
"365170","146153","2025-11-30","48.00","NZD","1761281762","23477/2025-11-30/1761281762.json"
"510807","146155","2025-11-30","52.00","NZD","1761281762","23477/2025-11-30/1761281762.json"
"581513","221281","2025-11-29","36.00","NZD","1761281762","23477/2025-11-29/1761281762.json"
"581514","221282","2025-11-29","36.00","NZD","1761281762","23477/2025-11-29/1761281762.json"
"512557","146154","2025-11-29","45.00","NZD","1761281762","23477/2025-11-29/1761281762.json"
"365170","146153","2025-11-29","48.00","NZD","1761281762","23477/2025-11-29/1761281762.json"
"510807","146155","2025-11-29","52.00","NZD","1761281762","23477/2025-11-29/1761281762.json"
"581513","221281","2025-11-28","36.00","NZD","1761281762","23477/2025-11-28/1761281762.json"
"581514","221282","2025-11-28","36.00","NZD","1761281762","23477/2025-11-28/1761281762.json"
"512557","146154","2025-11-28","45.00","NZD","1761281762","23477/2025-11-28/1761281762.json"
"365170","146153","2025-11-28","48.00","NZD","1761281762","23477/2025-11-28/1761281762.json"
"510807","146155","2025-11-28","52.00","NZD","1761281762","23477/2025-11-28/1761281762.json"
"581513","221281","2025-12-01","36.00","NZD","1761281762","23477/2025-12-01/1761281762.json"
"581514","221282","2025-12-01","36.00","NZD","1761281762","23477/2025-12-01/1761281762.json"
"512557","146154","2025-12-01","45.00","NZD","1761281762","23477/2025-12-01/1761281762.json"
"365170","146153","2025-12-01","48.00","NZD","1761281762","23477/2025-12-01/1761281762.json"
"510807","146155","2025-12-01","52.00","NZD","1761281762","23477/2025-12-01/1761281762.json"
"581513","221281","2025-12-04","36.00","NZD","1761281762","23477/2025-12-04/1761281762.json"
"581514","221282","2025-12-04","36.00","NZD","1761281762","23477/2025-12-04/1761281762.json"
"512557","146154","2025-12-04","45.00","NZD","1761281762","23477/2025-12-04/1761281762.json"
"365170","146153","2025-12-04","48.00","NZD","1761281762","23477/2025-12-04/1761281762.json"
"510807","146155","2025-12-04","52.00","NZD","1761281762","23477/2025-12-04/1761281762.json"
"581513","221281","2025-12-02","36.00","NZD","1761281762","23477/2025-12-02/1761281762.json"
"581514","221282","2025-12-02","36.00","NZD","1761281762","23477/2025-12-02/1761281762.json"
"512557","146154","2025-12-02","45.00","NZD","1761281762","23477/2025-12-02/1761281762.json"
"365170","146153","2025-12-02","48.00","NZD","1761281762","23477/2025-12-02/1761281762.json"
"510807","146155","2025-12-02","52.00","NZD","1761281762","23477/2025-12-02/1761281762.json"
"581513","221281","2025-12-05","36.00","NZD","1761281762","23477/2025-12-05/1761281762.json"
"581514","221282","2025-12-05","36.00","NZD","1761281762","23477/2025-12-05/1761281762.json"
"512557","146154","2025-12-05","45.00","NZD","1761281762","23477/2025-12-05/1761281762.json"
"365170","146153","2025-12-05","48.00","NZD","1761281762","23477/2025-12-05/1761281762.json"
"510807","146155","2025-12-05","52.00","NZD","1761281762","23477/2025-12-05/1761281762.json"
"581513","221281","2025-12-03","36.00","NZD","1761281762","23477/2025-12-03/1761281762.json"
"581514","221282","2025-12-03","36.00","NZD","1761281762","23477/2025-12-03/1761281762.json"
"512557","146154","2025-12-03","45.00","NZD","1761281762","23477/2025-12-03/1761281762.json"
"365170","146153","2025-12-03","48.00","NZD","1761281762","23477/2025-12-03/1761281762.json"
"510807","146155","2025-12-03","52.00","NZD","1761281762","23477/2025-12-03/1761281762.json"
"581513","221281","2025-12-07","36.00","NZD","1761281762","23477/2025-12-07/1761281762.json"
"581514","221282","2025-12-07","36.00","NZD","1761281762","23477/2025-12-07/1761281762.json"
"512557","146154","2025-12-07","45.00","NZD","1761281762","23477/2025-12-07/1761281762.json"
"365170","146153","2025-12-07","48.00","NZD","1761281762","23477/2025-12-07/1761281762.json"
"510807","146155","2025-12-07","52.00","NZD","1761281762","23477/2025-12-07/1761281762.json"
"581513","221281","2025-12-06","36.00","NZD","1761281762","23477/2025-12-06/1761281762.json"
"581514","221282","2025-12-06","36.00","NZD","1761281762","23477/2025-12-06/1761281762.json"
"512557","146154","2025-12-06","45.00","NZD","1761281762","23477/2025-12-06/1761281762.json"
"365170","146153","2025-12-06","48.00","NZD","1761281762","23477/2025-12-06/1761281762.json"
"510807","146155","2025-12-06","52.00","NZD","1761281762","23477/2025-12-06/1761281762.json"
"581513","221281","2025-12-08","36.00","NZD","1761281762","23477/2025-12-08/1761281762.json"
"581514","221282","2025-12-08","36.00","NZD","1761281762","23477/2025-12-08/1761281762.json"
"512557","146154","2025-12-08","45.00","NZD","1761281762","23477/2025-12-08/1761281762.json"
"365170","146153","2025-12-08","48.00","NZD","1761281762","23477/2025-12-08/1761281762.json"
"510807","146155","2025-12-08","52.00","NZD","1761281762","23477/2025-12-08/1761281762.json"
"581513","221281","2025-12-09","36.00","NZD","1761281762","23477/2025-12-09/1761281762.json"
"581514","221282","2025-12-09","36.00","NZD","1761281762","23477/2025-12-09/1761281762.json"
"512557","146154","2025-12-09","45.00","NZD","1761281762","23477/2025-12-09/1761281762.json"
"365170","146153","2025-12-09","48.00","NZD","1761281762","23477/2025-12-09/1761281762.json"
"510807","146155","2025-12-09","52.00","NZD","1761281762","23477/2025-12-09/1761281762.json"
"581513","221281","2025-12-10","36.00","NZD","1761281762","23477/2025-12-10/1761281762.json"
"581514","221282","2025-12-10","36.00","NZD","1761281762","23477/2025-12-10/1761281762.json"
"512557","146154","2025-12-10","45.00","NZD","1761281762","23477/2025-12-10/1761281762.json"
"365170","146153","2025-12-10","48.00","NZD","1761281762","23477/2025-12-10/1761281762.json"
"510807","146155","2025-12-10","52.00","NZD","1761281762","23477/2025-12-10/1761281762.json"
"581513","221281","2025-12-11","36.00","NZD","1761281762","23477/2025-12-11/1761281762.json"
"581514","221282","2025-12-11","36.00","NZD","1761281762","23477/2025-12-11/1761281762.json"
"512557","146154","2025-12-11","45.00","NZD","1761281762","23477/2025-12-11/1761281762.json"
"365170","146153","2025-12-11","48.00","NZD","1761281762","23477/2025-12-11/1761281762.json"
"510807","146155","2025-12-11","52.00","NZD","1761281762","23477/2025-12-11/1761281762.json"
"581513","221281","2025-12-12","36.00","NZD","1761281762","23477/2025-12-12/1761281762.json"
"581514","221282","2025-12-12","36.00","NZD","1761281762","23477/2025-12-12/1761281762.json"
"512557","146154","2025-12-12","45.00","NZD","1761281762","23477/2025-12-12/1761281762.json"
"365170","146153","2025-12-12","48.00","NZD","1761281762","23477/2025-12-12/1761281762.json"
"510807","146155","2025-12-12","52.00","NZD","1761281762","23477/2025-12-12/1761281762.json"
"581513","221281","2025-12-15","36.00","NZD","1761281762","23477/2025-12-15/1761281762.json"
"581514","221282","2025-12-15","36.00","NZD","1761281762","23477/2025-12-15/1761281762.json"
"512557","146154","2025-12-15","45.00","NZD","1761281762","23477/2025-12-15/1761281762.json"
"365170","146153","2025-12-15","48.00","NZD","1761281762","23477/2025-12-15/1761281762.json"
"510807","146155","2025-12-15","52.00","NZD","1761281762","23477/2025-12-15/1761281762.json"
"581513","221281","2025-12-13","36.00","NZD","1761281762","23477/2025-12-13/1761281762.json"
"581514","221282","2025-12-13","36.00","NZD","1761281762","23477/2025-12-13/1761281762.json"
"512557","146154","2025-12-13","45.00","NZD","1761281762","23477/2025-12-13/1761281762.json"
"365170","146153","2025-12-13","48.00","NZD","1761281762","23477/2025-12-13/1761281762.json"
"510807","146155","2025-12-13","52.00","NZD","1761281762","23477/2025-12-13/1761281762.json"
"581513","221281","2025-12-14","36.00","NZD","1761281762","23477/2025-12-14/1761281762.json"
"581514","221282","2025-12-14","36.00","NZD","1761281762","23477/2025-12-14/1761281762.json"
"512557","146154","2025-12-14","45.00","NZD","1761281762","23477/2025-12-14/1761281762.json"
"365170","146153","2025-12-14","48.00","NZD","1761281762","23477/2025-12-14/1761281762.json"
"510807","146155","2025-12-14","52.00","NZD","1761281762","23477/2025-12-14/1761281762.json"
"581513","221281","2025-12-16","36.00","NZD","1761281762","23477/2025-12-16/1761281762.json"
"581514","221282","2025-12-16","36.00","NZD","1761281762","23477/2025-12-16/1761281762.json"
"512557","146154","2025-12-16","45.00","NZD","1761281762","23477/2025-12-16/1761281762.json"
"365170","146153","2025-12-16","48.00","NZD","1761281762","23477/2025-12-16/1761281762.json"
"510807","146155","2025-12-16","52.00","NZD","1761281762","23477/2025-12-16/1761281762.json"
"581513","221281","2025-12-18","36.00","NZD","1761281762","23477/2025-12-18/1761281762.json"
"581514","221282","2025-12-18","36.00","NZD","1761281762","23477/2025-12-18/1761281762.json"
"512557","146154","2025-12-18","45.00","NZD","1761281762","23477/2025-12-18/1761281762.json"
"365170","146153","2025-12-18","48.00","NZD","1761281762","23477/2025-12-18/1761281762.json"
"510807","146155","2025-12-18","52.00","NZD","1761281762","23477/2025-12-18/1761281762.json"
"581513","221281","2025-12-17","36.00","NZD","1761281762","23477/2025-12-17/1761281762.json"
"581514","221282","2025-12-17","36.00","NZD","1761281762","23477/2025-12-17/1761281762.json"
"512557","146154","2025-12-17","45.00","NZD","1761281762","23477/2025-12-17/1761281762.json"
"365170","146153","2025-12-17","48.00","NZD","1761281762","23477/2025-12-17/1761281762.json"
"510807","146155","2025-12-17","52.00","NZD","1761281762","23477/2025-12-17/1761281762.json"
"581513","221281","2025-12-19","36.00","NZD","1761281762","23477/2025-12-19/1761281762.json"
"581514","221282","2025-12-19","36.00","NZD","1761281762","23477/2025-12-19/1761281762.json"
"512557","146154","2025-12-19","45.00","NZD","1761281762","23477/2025-12-19/1761281762.json"
"365170","146153","2025-12-19","48.00","NZD","1761281762","23477/2025-12-19/1761281762.json"
"510807","146155","2025-12-19","52.00","NZD","1761281762","23477/2025-12-19/1761281762.json"
"581513","221281","2025-12-20","36.00","NZD","1761281762","23477/2025-12-20/1761281762.json"
"581514","221282","2025-12-20","36.00","NZD","1761281762","23477/2025-12-20/1761281762.json"
"512557","146154","2025-12-20","45.00","NZD","1761281762","23477/2025-12-20/1761281762.json"
"365170","146153","2025-12-20","48.00","NZD","1761281762","23477/2025-12-20/1761281762.json"
"510807","146155","2025-12-20","52.00","NZD","1761281762","23477/2025-12-20/1761281762.json"
"581513","221281","2025-12-21","36.00","NZD","1761281762","23477/2025-12-21/1761281762.json"
"581514","221282","2025-12-21","36.00","NZD","1761281762","23477/2025-12-21/1761281762.json"
"512557","146154","2025-12-21","45.00","NZD","1761281762","23477/2025-12-21/1761281762.json"
"365170","146153","2025-12-21","48.00","NZD","1761281762","23477/2025-12-21/1761281762.json"
"510807","146155","2025-12-21","52.00","NZD","1761281762","23477/2025-12-21/1761281762.json"
"581513","221281","2025-12-22","36.00","NZD","1761281762","23477/2025-12-22/1761281762.json"
"581514","221282","2025-12-22","36.00","NZD","1761281762","23477/2025-12-22/1761281762.json"
"512557","146154","2025-12-22","45.00","NZD","1761281762","23477/2025-12-22/1761281762.json"
"365170","146153","2025-12-22","48.00","NZD","1761281762","23477/2025-12-22/1761281762.json"
"510807","146155","2025-12-22","52.00","NZD","1761281762","23477/2025-12-22/1761281762.json"
"581513","221281","2025-12-23","38.00","NZD","1761281762","23477/2025-12-23/1761281762.json"
"581514","221282","2025-12-23","38.00","NZD","1761281762","23477/2025-12-23/1761281762.json"
"512557","146154","2025-12-23","45.00","NZD","1761281762","23477/2025-12-23/1761281762.json"
"365170","146153","2025-12-23","48.00","NZD","1761281762","23477/2025-12-23/1761281762.json"
"510807","146155","2025-12-23","52.00","NZD","1761281762","23477/2025-12-23/1761281762.json"
"581513","221281","2025-10-25","38.00","NZD","1761296788","23477/2025-10-25/1761296788.json"
"581514","221282","2025-10-25","38.00","NZD","1761296788","23477/2025-10-25/1761296788.json"
"512557","146154","2025-10-25","45.00","NZD","1761296788","23477/2025-10-25/1761296788.json"
"581513","221281","2025-10-26","38.00","NZD","1761296788","23477/2025-10-26/1761296788.json"
"581514","221282","2025-10-26","38.00","NZD","1761296788","23477/2025-10-26/1761296788.json"
"512557","146154","2025-10-26","45.00","NZD","1761296788","23477/2025-10-26/1761296788.json"
"581513","221281","2025-10-27","38.00","NZD","1761296788","23477/2025-10-27/1761296788.json"
"581514","221282","2025-10-27","38.00","NZD","1761296788","23477/2025-10-27/1761296788.json"
"512557","146154","2025-10-27","45.00","NZD","1761296788","23477/2025-10-27/1761296788.json"
"365170","146153","2025-10-27","48.00","NZD","1761296788","23477/2025-10-27/1761296788.json"
"510807","146155","2025-10-27","52.00","NZD","1761296788","23477/2025-10-27/1761296788.json"
"581513","221281","2025-10-24","36.00","NZD","1761296788","23477/2025-10-24/1761296788.json"
"581514","221282","2025-10-24","36.00","NZD","1761296788","23477/2025-10-24/1761296788.json"
"512557","146154","2025-10-24","45.00","NZD","1761296788","23477/2025-10-24/1761296788.json"
"365170","146153","2025-10-24","48.00","NZD","1761296788","23477/2025-10-24/1761296788.json"
"510807","146155","2025-10-24","52.00","NZD","1761296788","23477/2025-10-24/1761296788.json"
"581513","221281","2025-10-28","36.00","NZD","1761296788","23477/2025-10-28/1761296788.json"
"581514","221282","2025-10-28","36.00","NZD","1761296788","23477/2025-10-28/1761296788.json"
"512557","146154","2025-10-28","45.00","NZD","1761296788","23477/2025-10-28/1761296788.json"
"365170","146153","2025-10-28","48.00","NZD","1761296788","23477/2025-10-28/1761296788.json"
"510807","146155","2025-10-28","52.00","NZD","1761296788","23477/2025-10-28/1761296788.json"
"581513","221281","2025-10-29","36.00","NZD","1761296788","23477/2025-10-29/1761296788.json"
"581514","221282","2025-10-29","36.00","NZD","1761296788","23477/2025-10-29/1761296788.json"
"512557","146154","2025-10-29","45.00","NZD","1761296788","23477/2025-10-29/1761296788.json"
"365170","146153","2025-10-29","48.00","NZD","1761296788","23477/2025-10-29/1761296788.json"
"510807","146155","2025-10-29","52.00","NZD","1761296788","23477/2025-10-29/1761296788.json"
"581513","221281","2025-10-30","36.00","NZD","1761296788","23477/2025-10-30/1761296788.json"
"581514","221282","2025-10-30","36.00","NZD","1761296788","23477/2025-10-30/1761296788.json"
"512557","146154","2025-10-30","45.00","NZD","1761296788","23477/2025-10-30/1761296788.json"
"365170","146153","2025-10-30","48.00","NZD","1761296788","23477/2025-10-30/1761296788.json"
"510807","146155","2025-10-30","52.00","NZD","1761296788","23477/2025-10-30/1761296788.json"
"581513","221281","2025-10-31","36.00","NZD","1761296788","23477/2025-10-31/1761296788.json"
"581514","221282","2025-10-31","36.00","NZD","1761296788","23477/2025-10-31/1761296788.json"
"512557","146154","2025-10-31","45.00","NZD","1761296788","23477/2025-10-31/1761296788.json"
"365170","146153","2025-10-31","48.00","NZD","1761296788","23477/2025-10-31/1761296788.json"
"510807","146155","2025-10-31","52.00","NZD","1761296788","23477/2025-10-31/1761296788.json"
"581513","221281","2025-11-01","36.00","NZD","1761296788","23477/2025-11-01/1761296788.json"
"581514","221282","2025-11-01","36.00","NZD","1761296788","23477/2025-11-01/1761296788.json"
"512557","146154","2025-11-01","45.00","NZD","1761296788","23477/2025-11-01/1761296788.json"
"365170","146153","2025-11-01","48.00","NZD","1761296788","23477/2025-11-01/1761296788.json"
"510807","146155","2025-11-01","52.00","NZD","1761296788","23477/2025-11-01/1761296788.json"
"581513","221281","2025-11-02","36.00","NZD","1761296788","23477/2025-11-02/1761296788.json"
"581514","221282","2025-11-02","36.00","NZD","1761296788","23477/2025-11-02/1761296788.json"
"512557","146154","2025-11-02","45.00","NZD","1761296788","23477/2025-11-02/1761296788.json"
"365170","146153","2025-11-02","48.00","NZD","1761296788","23477/2025-11-02/1761296788.json"
"510807","146155","2025-11-02","52.00","NZD","1761296788","23477/2025-11-02/1761296788.json"
"581513","221281","2025-11-04","36.00","NZD","1761296788","23477/2025-11-04/1761296788.json"
"581514","221282","2025-11-04","36.00","NZD","1761296788","23477/2025-11-04/1761296788.json"
"512557","146154","2025-11-04","45.00","NZD","1761296788","23477/2025-11-04/1761296788.json"
"365170","146153","2025-11-04","48.00","NZD","1761296788","23477/2025-11-04/1761296788.json"
"510807","146155","2025-11-04","52.00","NZD","1761296788","23477/2025-11-04/1761296788.json"
"581513","221281","2025-11-03","36.00","NZD","1761296788","23477/2025-11-03/1761296788.json"
"581514","221282","2025-11-03","36.00","NZD","1761296788","23477/2025-11-03/1761296788.json"
"512557","146154","2025-11-03","45.00","NZD","1761296788","23477/2025-11-03/1761296788.json"
"365170","146153","2025-11-03","48.00","NZD","1761296788","23477/2025-11-03/1761296788.json"
"510807","146155","2025-11-03","52.00","NZD","1761296788","23477/2025-11-03/1761296788.json"
"581513","221281","2025-11-05","36.00","NZD","1761296788","23477/2025-11-05/1761296788.json"
"581514","221282","2025-11-05","36.00","NZD","1761296788","23477/2025-11-05/1761296788.json"
"512557","146154","2025-11-05","45.00","NZD","1761296788","23477/2025-11-05/1761296788.json"
"365170","146153","2025-11-05","48.00","NZD","1761296788","23477/2025-11-05/1761296788.json"
"510807","146155","2025-11-05","52.00","NZD","1761296788","23477/2025-11-05/1761296788.json"
"581513","221281","2025-11-06","36.00","NZD","1761296788","23477/2025-11-06/1761296788.json"
"581514","221282","2025-11-06","36.00","NZD","1761296788","23477/2025-11-06/1761296788.json"
"512557","146154","2025-11-06","45.00","NZD","1761296788","23477/2025-11-06/1761296788.json"
"365170","146153","2025-11-06","48.00","NZD","1761296788","23477/2025-11-06/1761296788.json"
"510807","146155","2025-11-06","52.00","NZD","1761296788","23477/2025-11-06/1761296788.json"
"581513","221281","2025-11-07","36.00","NZD","1761296788","23477/2025-11-07/1761296788.json"
"581514","221282","2025-11-07","36.00","NZD","1761296788","23477/2025-11-07/1761296788.json"
"512557","146154","2025-11-07","45.00","NZD","1761296788","23477/2025-11-07/1761296788.json"
"365170","146153","2025-11-07","48.00","NZD","1761296788","23477/2025-11-07/1761296788.json"
"510807","146155","2025-11-07","52.00","NZD","1761296788","23477/2025-11-07/1761296788.json"
"581513","221281","2025-11-08","36.00","NZD","1761296788","23477/2025-11-08/1761296788.json"
"581514","221282","2025-11-08","36.00","NZD","1761296788","23477/2025-11-08/1761296788.json"
"512557","146154","2025-11-08","45.00","NZD","1761296788","23477/2025-11-08/1761296788.json"
"365170","146153","2025-11-08","48.00","NZD","1761296788","23477/2025-11-08/1761296788.json"
"510807","146155","2025-11-08","52.00","NZD","1761296788","23477/2025-11-08/1761296788.json"
"581513","221281","2025-11-09","36.00","NZD","1761296788","23477/2025-11-09/1761296788.json"
"581514","221282","2025-11-09","36.00","NZD","1761296788","23477/2025-11-09/1761296788.json"
"512557","146154","2025-11-09","45.00","NZD","1761296788","23477/2025-11-09/1761296788.json"
"365170","146153","2025-11-09","48.00","NZD","1761296788","23477/2025-11-09/1761296788.json"
"510807","146155","2025-11-09","52.00","NZD","1761296788","23477/2025-11-09/1761296788.json"
"581513","221281","2025-11-10","36.00","NZD","1761296788","23477/2025-11-10/1761296788.json"
"581514","221282","2025-11-10","36.00","NZD","1761296788","23477/2025-11-10/1761296788.json"
"512557","146154","2025-11-10","45.00","NZD","1761296788","23477/2025-11-10/1761296788.json"
"365170","146153","2025-11-10","48.00","NZD","1761296788","23477/2025-11-10/1761296788.json"
"510807","146155","2025-11-10","52.00","NZD","1761296788","23477/2025-11-10/1761296788.json"
"581513","221281","2025-11-12","36.00","NZD","1761296788","23477/2025-11-12/1761296788.json"
"581514","221282","2025-11-12","36.00","NZD","1761296788","23477/2025-11-12/1761296788.json"
"512557","146154","2025-11-12","45.00","NZD","1761296788","23477/2025-11-12/1761296788.json"
"365170","146153","2025-11-12","48.00","NZD","1761296788","23477/2025-11-12/1761296788.json"
"510807","146155","2025-11-12","52.00","NZD","1761296788","23477/2025-11-12/1761296788.json"
"581513","221281","2025-11-11","36.00","NZD","1761296788","23477/2025-11-11/1761296788.json"
"581514","221282","2025-11-11","36.00","NZD","1761296788","23477/2025-11-11/1761296788.json"
"512557","146154","2025-11-11","45.00","NZD","1761296788","23477/2025-11-11/1761296788.json"
"365170","146153","2025-11-11","48.00","NZD","1761296788","23477/2025-11-11/1761296788.json"
"510807","146155","2025-11-11","52.00","NZD","1761296788","23477/2025-11-11/1761296788.json"
"581513","221281","2025-11-13","36.00","NZD","1761296788","23477/2025-11-13/1761296788.json"
"581514","221282","2025-11-13","36.00","NZD","1761296788","23477/2025-11-13/1761296788.json"
"512557","146154","2025-11-13","45.00","NZD","1761296788","23477/2025-11-13/1761296788.json"
"365170","146153","2025-11-13","48.00","NZD","1761296788","23477/2025-11-13/1761296788.json"
"510807","146155","2025-11-13","52.00","NZD","1761296788","23477/2025-11-13/1761296788.json"
"581513","221281","2025-11-14","36.00","NZD","1761296788","23477/2025-11-14/1761296788.json"
"581514","221282","2025-11-14","36.00","NZD","1761296788","23477/2025-11-14/1761296788.json"
"512557","146154","2025-11-14","45.00","NZD","1761296788","23477/2025-11-14/1761296788.json"
"365170","146153","2025-11-14","48.00","NZD","1761296788","23477/2025-11-14/1761296788.json"
"510807","146155","2025-11-14","52.00","NZD","1761296788","23477/2025-11-14/1761296788.json"
"581513","221281","2025-11-16","36.00","NZD","1761296788","23477/2025-11-16/1761296788.json"
"581514","221282","2025-11-16","36.00","NZD","1761296788","23477/2025-11-16/1761296788.json"
"512557","146154","2025-11-16","45.00","NZD","1761296788","23477/2025-11-16/1761296788.json"
"365170","146153","2025-11-16","48.00","NZD","1761296788","23477/2025-11-16/1761296788.json"
"510807","146155","2025-11-16","52.00","NZD","1761296788","23477/2025-11-16/1761296788.json"
"581513","221281","2025-11-15","36.00","NZD","1761296788","23477/2025-11-15/1761296788.json"
"581514","221282","2025-11-15","36.00","NZD","1761296788","23477/2025-11-15/1761296788.json"
"512557","146154","2025-11-15","45.00","NZD","1761296788","23477/2025-11-15/1761296788.json"
"365170","146153","2025-11-15","48.00","NZD","1761296788","23477/2025-11-15/1761296788.json"
"510807","146155","2025-11-15","52.00","NZD","1761296788","23477/2025-11-15/1761296788.json"
"581513","221281","2025-11-17","36.00","NZD","1761296788","23477/2025-11-17/1761296788.json"
"581514","221282","2025-11-17","36.00","NZD","1761296788","23477/2025-11-17/1761296788.json"
"512557","146154","2025-11-17","45.00","NZD","1761296788","23477/2025-11-17/1761296788.json"
"365170","146153","2025-11-17","48.00","NZD","1761296788","23477/2025-11-17/1761296788.json"
"510807","146155","2025-11-17","52.00","NZD","1761296788","23477/2025-11-17/1761296788.json"
"581513","221281","2025-11-18","36.00","NZD","1761296788","23477/2025-11-18/1761296788.json"
"581514","221282","2025-11-18","36.00","NZD","1761296788","23477/2025-11-18/1761296788.json"
"512557","146154","2025-11-18","45.00","NZD","1761296788","23477/2025-11-18/1761296788.json"
"365170","146153","2025-11-18","48.00","NZD","1761296788","23477/2025-11-18/1761296788.json"
"510807","146155","2025-11-18","52.00","NZD","1761296788","23477/2025-11-18/1761296788.json"
"581513","221281","2025-11-19","36.00","NZD","1761296788","23477/2025-11-19/1761296788.json"
"581514","221282","2025-11-19","36.00","NZD","1761296788","23477/2025-11-19/1761296788.json"
"512557","146154","2025-11-19","45.00","NZD","1761296788","23477/2025-11-19/1761296788.json"
"365170","146153","2025-11-19","48.00","NZD","1761296788","23477/2025-11-19/1761296788.json"
"510807","146155","2025-11-19","52.00","NZD","1761296788","23477/2025-11-19/1761296788.json"
"581513","221281","2025-11-20","36.00","NZD","1761296788","23477/2025-11-20/1761296788.json"
"581514","221282","2025-11-20","36.00","NZD","1761296788","23477/2025-11-20/1761296788.json"
"512557","146154","2025-11-20","45.00","NZD","1761296788","23477/2025-11-20/1761296788.json"
"581513","221281","2025-11-21","36.00","NZD","1761296788","23477/2025-11-21/1761296788.json"
"581514","221282","2025-11-21","36.00","NZD","1761296788","23477/2025-11-21/1761296788.json"
"512557","146154","2025-11-21","45.00","NZD","1761296788","23477/2025-11-21/1761296788.json"
"365170","146153","2025-11-21","48.00","NZD","1761296788","23477/2025-11-21/1761296788.json"
"510807","146155","2025-11-21","52.00","NZD","1761296788","23477/2025-11-21/1761296788.json"
"581513","221281","2025-11-22","36.00","NZD","1761296788","23477/2025-11-22/1761296788.json"
"581514","221282","2025-11-22","36.00","NZD","1761296788","23477/2025-11-22/1761296788.json"
"512557","146154","2025-11-22","45.00","NZD","1761296788","23477/2025-11-22/1761296788.json"
"365170","146153","2025-11-22","48.00","NZD","1761296788","23477/2025-11-22/1761296788.json"
"510807","146155","2025-11-22","52.00","NZD","1761296788","23477/2025-11-22/1761296788.json"
"581513","221281","2025-11-23","36.00","NZD","1761296788","23477/2025-11-23/1761296788.json"
"581514","221282","2025-11-23","36.00","NZD","1761296788","23477/2025-11-23/1761296788.json"
"512557","146154","2025-11-23","45.00","NZD","1761296788","23477/2025-11-23/1761296788.json"
"365170","146153","2025-11-23","48.00","NZD","1761296788","23477/2025-11-23/1761296788.json"
"510807","146155","2025-11-23","52.00","NZD","1761296788","23477/2025-11-23/1761296788.json"
"581513","221281","2025-11-25","36.00","NZD","1761296788","23477/2025-11-25/1761296788.json"
"581514","221282","2025-11-25","36.00","NZD","1761296788","23477/2025-11-25/1761296788.json"
"512557","146154","2025-11-25","45.00","NZD","1761296788","23477/2025-11-25/1761296788.json"
"365170","146153","2025-11-25","48.00","NZD","1761296788","23477/2025-11-25/1761296788.json"
"510807","146155","2025-11-25","52.00","NZD","1761296788","23477/2025-11-25/1761296788.json"
"581513","221281","2025-11-24","36.00","NZD","1761296788","23477/2025-11-24/1761296788.json"
"581514","221282","2025-11-24","36.00","NZD","1761296788","23477/2025-11-24/1761296788.json"
"512557","146154","2025-11-24","45.00","NZD","1761296788","23477/2025-11-24/1761296788.json"
"365170","146153","2025-11-24","48.00","NZD","1761296788","23477/2025-11-24/1761296788.json"
"510807","146155","2025-11-24","52.00","NZD","1761296788","23477/2025-11-24/1761296788.json"
"581513","221281","2025-11-26","36.00","NZD","1761296788","23477/2025-11-26/1761296788.json"
"581514","221282","2025-11-26","36.00","NZD","1761296788","23477/2025-11-26/1761296788.json"
"512557","146154","2025-11-26","45.00","NZD","1761296788","23477/2025-11-26/1761296788.json"
"365170","146153","2025-11-26","48.00","NZD","1761296788","23477/2025-11-26/1761296788.json"
"510807","146155","2025-11-26","52.00","NZD","1761296788","23477/2025-11-26/1761296788.json"
"581513","221281","2025-11-27","36.00","NZD","1761296788","23477/2025-11-27/1761296788.json"
"581514","221282","2025-11-27","36.00","NZD","1761296788","23477/2025-11-27/1761296788.json"
"512557","146154","2025-11-27","45.00","NZD","1761296788","23477/2025-11-27/1761296788.json"
"365170","146153","2025-11-27","48.00","NZD","1761296788","23477/2025-11-27/1761296788.json"
"510807","146155","2025-11-27","52.00","NZD","1761296788","23477/2025-11-27/1761296788.json"
"581513","221281","2025-11-28","36.00","NZD","1761296788","23477/2025-11-28/1761296788.json"
"581514","221282","2025-11-28","36.00","NZD","1761296788","23477/2025-11-28/1761296788.json"
"512557","146154","2025-11-28","45.00","NZD","1761296788","23477/2025-11-28/1761296788.json"
"365170","146153","2025-11-28","48.00","NZD","1761296788","23477/2025-11-28/1761296788.json"
"510807","146155","2025-11-28","52.00","NZD","1761296788","23477/2025-11-28/1761296788.json"
"581513","221281","2025-11-29","36.00","NZD","1761296788","23477/2025-11-29/1761296788.json"
"581514","221282","2025-11-29","36.00","NZD","1761296788","23477/2025-11-29/1761296788.json"
"512557","146154","2025-11-29","45.00","NZD","1761296788","23477/2025-11-29/1761296788.json"
"365170","146153","2025-11-29","48.00","NZD","1761296788","23477/2025-11-29/1761296788.json"
"510807","146155","2025-11-29","52.00","NZD","1761296788","23477/2025-11-29/1761296788.json"
"581513","221281","2025-11-30","36.00","NZD","1761296788","23477/2025-11-30/1761296788.json"
"581514","221282","2025-11-30","36.00","NZD","1761296788","23477/2025-11-30/1761296788.json"
"512557","146154","2025-11-30","45.00","NZD","1761296788","23477/2025-11-30/1761296788.json"
"365170","146153","2025-11-30","48.00","NZD","1761296788","23477/2025-11-30/1761296788.json"
"510807","146155","2025-11-30","52.00","NZD","1761296788","23477/2025-11-30/1761296788.json"
"581513","221281","2025-12-01","36.00","NZD","1761296788","23477/2025-12-01/1761296788.json"
"581514","221282","2025-12-01","36.00","NZD","1761296788","23477/2025-12-01/1761296788.json"
"512557","146154","2025-12-01","45.00","NZD","1761296788","23477/2025-12-01/1761296788.json"
"365170","146153","2025-12-01","48.00","NZD","1761296788","23477/2025-12-01/1761296788.json"
"510807","146155","2025-12-01","52.00","NZD","1761296788","23477/2025-12-01/1761296788.json"
"581513","221281","2025-12-02","36.00","NZD","1761296788","23477/2025-12-02/1761296788.json"
"581514","221282","2025-12-02","36.00","NZD","1761296788","23477/2025-12-02/1761296788.json"
"512557","146154","2025-12-02","45.00","NZD","1761296788","23477/2025-12-02/1761296788.json"
"365170","146153","2025-12-02","48.00","NZD","1761296788","23477/2025-12-02/1761296788.json"
"510807","146155","2025-12-02","52.00","NZD","1761296788","23477/2025-12-02/1761296788.json"
"581513","221281","2025-12-03","36.00","NZD","1761296788","23477/2025-12-03/1761296788.json"
"581514","221282","2025-12-03","36.00","NZD","1761296788","23477/2025-12-03/1761296788.json"
"512557","146154","2025-12-03","45.00","NZD","1761296788","23477/2025-12-03/1761296788.json"
"365170","146153","2025-12-03","48.00","NZD","1761296788","23477/2025-12-03/1761296788.json"
"510807","146155","2025-12-03","52.00","NZD","1761296788","23477/2025-12-03/1761296788.json"
"581513","221281","2025-12-04","36.00","NZD","1761296788","23477/2025-12-04/1761296788.json"
"581514","221282","2025-12-04","36.00","NZD","1761296788","23477/2025-12-04/1761296788.json"
"512557","146154","2025-12-04","45.00","NZD","1761296788","23477/2025-12-04/1761296788.json"
"365170","146153","2025-12-04","48.00","NZD","1761296788","23477/2025-12-04/1761296788.json"
"510807","146155","2025-12-04","52.00","NZD","1761296788","23477/2025-12-04/1761296788.json"
"581513","221281","2025-12-05","36.00","NZD","1761296788","23477/2025-12-05/1761296788.json"
"581514","221282","2025-12-05","36.00","NZD","1761296788","23477/2025-12-05/1761296788.json"
"512557","146154","2025-12-05","45.00","NZD","1761296788","23477/2025-12-05/1761296788.json"
"365170","146153","2025-12-05","48.00","NZD","1761296788","23477/2025-12-05/1761296788.json"
"510807","146155","2025-12-05","52.00","NZD","1761296788","23477/2025-12-05/1761296788.json"
"581513","221281","2025-12-06","36.00","NZD","1761296788","23477/2025-12-06/1761296788.json"
"581514","221282","2025-12-06","36.00","NZD","1761296788","23477/2025-12-06/1761296788.json"
"512557","146154","2025-12-06","45.00","NZD","1761296788","23477/2025-12-06/1761296788.json"
"365170","146153","2025-12-06","48.00","NZD","1761296788","23477/2025-12-06/1761296788.json"
"510807","146155","2025-12-06","52.00","NZD","1761296788","23477/2025-12-06/1761296788.json"
"581513","221281","2025-12-07","36.00","NZD","1761296788","23477/2025-12-07/1761296788.json"
"581514","221282","2025-12-07","36.00","NZD","1761296788","23477/2025-12-07/1761296788.json"
"512557","146154","2025-12-07","45.00","NZD","1761296788","23477/2025-12-07/1761296788.json"
"365170","146153","2025-12-07","48.00","NZD","1761296788","23477/2025-12-07/1761296788.json"
"510807","146155","2025-12-07","52.00","NZD","1761296788","23477/2025-12-07/1761296788.json"
"581513","221281","2025-12-08","36.00","NZD","1761296788","23477/2025-12-08/1761296788.json"
"581514","221282","2025-12-08","36.00","NZD","1761296788","23477/2025-12-08/1761296788.json"
"512557","146154","2025-12-08","45.00","NZD","1761296788","23477/2025-12-08/1761296788.json"
"365170","146153","2025-12-08","48.00","NZD","1761296788","23477/2025-12-08/1761296788.json"
"510807","146155","2025-12-08","52.00","NZD","1761296788","23477/2025-12-08/1761296788.json"
"581513","221281","2025-12-10","36.00","NZD","1761296788","23477/2025-12-10/1761296788.json"
"581514","221282","2025-12-10","36.00","NZD","1761296788","23477/2025-12-10/1761296788.json"
"512557","146154","2025-12-10","45.00","NZD","1761296788","23477/2025-12-10/1761296788.json"
"365170","146153","2025-12-10","48.00","NZD","1761296788","23477/2025-12-10/1761296788.json"
"510807","146155","2025-12-10","52.00","NZD","1761296788","23477/2025-12-10/1761296788.json"
"581513","221281","2025-12-09","36.00","NZD","1761296788","23477/2025-12-09/1761296788.json"
"581514","221282","2025-12-09","36.00","NZD","1761296788","23477/2025-12-09/1761296788.json"
"512557","146154","2025-12-09","45.00","NZD","1761296788","23477/2025-12-09/1761296788.json"
"365170","146153","2025-12-09","48.00","NZD","1761296788","23477/2025-12-09/1761296788.json"
"510807","146155","2025-12-09","52.00","NZD","1761296788","23477/2025-12-09/1761296788.json"
"581513","221281","2025-12-11","36.00","NZD","1761296788","23477/2025-12-11/1761296788.json"
"581514","221282","2025-12-11","36.00","NZD","1761296788","23477/2025-12-11/1761296788.json"
"512557","146154","2025-12-11","45.00","NZD","1761296788","23477/2025-12-11/1761296788.json"
"365170","146153","2025-12-11","48.00","NZD","1761296788","23477/2025-12-11/1761296788.json"
"510807","146155","2025-12-11","52.00","NZD","1761296788","23477/2025-12-11/1761296788.json"
"581513","221281","2025-12-12","36.00","NZD","1761296788","23477/2025-12-12/1761296788.json"
"581514","221282","2025-12-12","36.00","NZD","1761296788","23477/2025-12-12/1761296788.json"
"512557","146154","2025-12-12","45.00","NZD","1761296788","23477/2025-12-12/1761296788.json"
"365170","146153","2025-12-12","48.00","NZD","1761296788","23477/2025-12-12/1761296788.json"
"510807","146155","2025-12-12","52.00","NZD","1761296788","23477/2025-12-12/1761296788.json"
"581513","221281","2025-12-15","36.00","NZD","1761296788","23477/2025-12-15/1761296788.json"
"581514","221282","2025-12-15","36.00","NZD","1761296788","23477/2025-12-15/1761296788.json"
"512557","146154","2025-12-15","45.00","NZD","1761296788","23477/2025-12-15/1761296788.json"
"365170","146153","2025-12-15","48.00","NZD","1761296788","23477/2025-12-15/1761296788.json"
"510807","146155","2025-12-15","52.00","NZD","1761296788","23477/2025-12-15/1761296788.json"
"581513","221281","2025-12-14","36.00","NZD","1761296788","23477/2025-12-14/1761296788.json"
"581514","221282","2025-12-14","36.00","NZD","1761296788","23477/2025-12-14/1761296788.json"
"512557","146154","2025-12-14","45.00","NZD","1761296788","23477/2025-12-14/1761296788.json"
"365170","146153","2025-12-14","48.00","NZD","1761296788","23477/2025-12-14/1761296788.json"
"510807","146155","2025-12-14","52.00","NZD","1761296788","23477/2025-12-14/1761296788.json"
"581513","221281","2025-12-16","36.00","NZD","1761296788","23477/2025-12-16/1761296788.json"
"581514","221282","2025-12-16","36.00","NZD","1761296788","23477/2025-12-16/1761296788.json"
"512557","146154","2025-12-16","45.00","NZD","1761296788","23477/2025-12-16/1761296788.json"
"365170","146153","2025-12-16","48.00","NZD","1761296788","23477/2025-12-16/1761296788.json"
"510807","146155","2025-12-16","52.00","NZD","1761296788","23477/2025-12-16/1761296788.json"
"581513","221281","2025-12-13","36.00","NZD","1761296788","23477/2025-12-13/1761296788.json"
"581514","221282","2025-12-13","36.00","NZD","1761296788","23477/2025-12-13/1761296788.json"
"512557","146154","2025-12-13","45.00","NZD","1761296788","23477/2025-12-13/1761296788.json"
"365170","146153","2025-12-13","48.00","NZD","1761296788","23477/2025-12-13/1761296788.json"
"510807","146155","2025-12-13","52.00","NZD","1761296788","23477/2025-12-13/1761296788.json"
"581513","221281","2025-12-17","36.00","NZD","1761296788","23477/2025-12-17/1761296788.json"
"581514","221282","2025-12-17","36.00","NZD","1761296788","23477/2025-12-17/1761296788.json"
"512557","146154","2025-12-17","45.00","NZD","1761296788","23477/2025-12-17/1761296788.json"
"365170","146153","2025-12-17","48.00","NZD","1761296788","23477/2025-12-17/1761296788.json"
"510807","146155","2025-12-17","52.00","NZD","1761296788","23477/2025-12-17/1761296788.json"
"581513","221281","2025-12-19","36.00","NZD","1761296788","23477/2025-12-19/1761296788.json"
"581514","221282","2025-12-19","36.00","NZD","1761296788","23477/2025-12-19/1761296788.json"
"512557","146154","2025-12-19","45.00","NZD","1761296788","23477/2025-12-19/1761296788.json"
"365170","146153","2025-12-19","48.00","NZD","1761296788","23477/2025-12-19/1761296788.json"
"510807","146155","2025-12-19","52.00","NZD","1761296788","23477/2025-12-19/1761296788.json"
"581513","221281","2025-12-18","36.00","NZD","1761296788","23477/2025-12-18/1761296788.json"
"581514","221282","2025-12-18","36.00","NZD","1761296788","23477/2025-12-18/1761296788.json"
"512557","146154","2025-12-18","45.00","NZD","1761296788","23477/2025-12-18/1761296788.json"
"365170","146153","2025-12-18","48.00","NZD","1761296788","23477/2025-12-18/1761296788.json"
"510807","146155","2025-12-18","52.00","NZD","1761296788","23477/2025-12-18/1761296788.json"
"581513","221281","2025-12-20","36.00","NZD","1761296788","23477/2025-12-20/1761296788.json"
"581514","221282","2025-12-20","36.00","NZD","1761296788","23477/2025-12-20/1761296788.json"
"512557","146154","2025-12-20","45.00","NZD","1761296788","23477/2025-12-20/1761296788.json"
"365170","146153","2025-12-20","48.00","NZD","1761296788","23477/2025-12-20/1761296788.json"
"510807","146155","2025-12-20","52.00","NZD","1761296788","23477/2025-12-20/1761296788.json"
"581513","221281","2025-12-21","36.00","NZD","1761296788","23477/2025-12-21/1761296788.json"
"581514","221282","2025-12-21","36.00","NZD","1761296788","23477/2025-12-21/1761296788.json"
"512557","146154","2025-12-21","45.00","NZD","1761296788","23477/2025-12-21/1761296788.json"
"365170","146153","2025-12-21","48.00","NZD","1761296788","23477/2025-12-21/1761296788.json"
"510807","146155","2025-12-21","52.00","NZD","1761296788","23477/2025-12-21/1761296788.json"
"581513","221281","2025-12-23","38.00","NZD","1761296788","23477/2025-12-23/1761296788.json"
"581514","221282","2025-12-23","38.00","NZD","1761296788","23477/2025-12-23/1761296788.json"
"512557","146154","2025-12-23","45.00","NZD","1761296788","23477/2025-12-23/1761296788.json"
"365170","146153","2025-12-23","48.00","NZD","1761296788","23477/2025-12-23/1761296788.json"
"510807","146155","2025-12-23","52.00","NZD","1761296788","23477/2025-12-23/1761296788.json"
"581513","221281","2025-12-22","36.00","NZD","1761296788","23477/2025-12-22/1761296788.json"
"581514","221282","2025-12-22","36.00","NZD","1761296788","23477/2025-12-22/1761296788.json"
"512557","146154","2025-12-22","45.00","NZD","1761296788","23477/2025-12-22/1761296788.json"
"365170","146153","2025-12-22","48.00","NZD","1761296788","23477/2025-12-22/1761296788.json"
"510807","146155","2025-12-22","52.00","NZD","1761296788","23477/2025-12-22/1761296788.json"
"581513","221281","2025-10-26","38.00","NZD","1761314204","23477/2025-10-26/1761314204.json"
"581514","221282","2025-10-26","38.00","NZD","1761314204","23477/2025-10-26/1761314204.json"
"512557","146154","2025-10-26","45.00","NZD","1761314204","23477/2025-10-26/1761314204.json"
"581513","221281","2025-10-28","36.00","NZD","1761314204","23477/2025-10-28/1761314204.json"
"581514","221282","2025-10-28","36.00","NZD","1761314204","23477/2025-10-28/1761314204.json"
"512557","146154","2025-10-28","45.00","NZD","1761314204","23477/2025-10-28/1761314204.json"
"365170","146153","2025-10-28","48.00","NZD","1761314204","23477/2025-10-28/1761314204.json"
"510807","146155","2025-10-28","52.00","NZD","1761314204","23477/2025-10-28/1761314204.json"
"581513","221281","2025-10-27","38.00","NZD","1761314204","23477/2025-10-27/1761314204.json"
"581514","221282","2025-10-27","38.00","NZD","1761314204","23477/2025-10-27/1761314204.json"
"512557","146154","2025-10-27","45.00","NZD","1761314204","23477/2025-10-27/1761314204.json"
"365170","146153","2025-10-27","48.00","NZD","1761314204","23477/2025-10-27/1761314204.json"
"510807","146155","2025-10-27","52.00","NZD","1761314204","23477/2025-10-27/1761314204.json"
"581513","221281","2025-10-29","36.00","NZD","1761314204","23477/2025-10-29/1761314204.json"
"581514","221282","2025-10-29","36.00","NZD","1761314204","23477/2025-10-29/1761314204.json"
"512557","146154","2025-10-29","45.00","NZD","1761314204","23477/2025-10-29/1761314204.json"
"365170","146153","2025-10-29","48.00","NZD","1761314204","23477/2025-10-29/1761314204.json"
"510807","146155","2025-10-29","52.00","NZD","1761314204","23477/2025-10-29/1761314204.json"
"581513","221281","2025-10-25","38.00","NZD","1761314204","23477/2025-10-25/1761314204.json"
"581514","221282","2025-10-25","38.00","NZD","1761314204","23477/2025-10-25/1761314204.json"
"512557","146154","2025-10-25","45.00","NZD","1761314204","23477/2025-10-25/1761314204.json"
"581513","221281","2025-10-30","36.00","NZD","1761314204","23477/2025-10-30/1761314204.json"
"581514","221282","2025-10-30","36.00","NZD","1761314204","23477/2025-10-30/1761314204.json"
"512557","146154","2025-10-30","45.00","NZD","1761314204","23477/2025-10-30/1761314204.json"
"365170","146153","2025-10-30","48.00","NZD","1761314204","23477/2025-10-30/1761314204.json"
"510807","146155","2025-10-30","52.00","NZD","1761314204","23477/2025-10-30/1761314204.json"
"581513","221281","2025-10-31","36.00","NZD","1761314204","23477/2025-10-31/1761314204.json"
"581514","221282","2025-10-31","36.00","NZD","1761314204","23477/2025-10-31/1761314204.json"
"512557","146154","2025-10-31","45.00","NZD","1761314204","23477/2025-10-31/1761314204.json"
"365170","146153","2025-10-31","48.00","NZD","1761314204","23477/2025-10-31/1761314204.json"
"510807","146155","2025-10-31","52.00","NZD","1761314204","23477/2025-10-31/1761314204.json"
"581513","221281","2025-11-02","36.00","NZD","1761314204","23477/2025-11-02/1761314204.json"
"581514","221282","2025-11-02","36.00","NZD","1761314204","23477/2025-11-02/1761314204.json"
"512557","146154","2025-11-02","45.00","NZD","1761314204","23477/2025-11-02/1761314204.json"
"365170","146153","2025-11-02","48.00","NZD","1761314204","23477/2025-11-02/1761314204.json"
"510807","146155","2025-11-02","52.00","NZD","1761314204","23477/2025-11-02/1761314204.json"
"581513","221281","2025-11-01","36.00","NZD","1761314204","23477/2025-11-01/1761314204.json"
"581514","221282","2025-11-01","36.00","NZD","1761314204","23477/2025-11-01/1761314204.json"
"512557","146154","2025-11-01","45.00","NZD","1761314204","23477/2025-11-01/1761314204.json"
"365170","146153","2025-11-01","48.00","NZD","1761314204","23477/2025-11-01/1761314204.json"
"510807","146155","2025-11-01","52.00","NZD","1761314204","23477/2025-11-01/1761314204.json"
"581513","221281","2025-11-03","36.00","NZD","1761314204","23477/2025-11-03/1761314204.json"
"581514","221282","2025-11-03","36.00","NZD","1761314204","23477/2025-11-03/1761314204.json"
"512557","146154","2025-11-03","45.00","NZD","1761314204","23477/2025-11-03/1761314204.json"
"365170","146153","2025-11-03","48.00","NZD","1761314204","23477/2025-11-03/1761314204.json"
"510807","146155","2025-11-03","52.00","NZD","1761314204","23477/2025-11-03/1761314204.json"
"581513","221281","2025-11-04","36.00","NZD","1761314204","23477/2025-11-04/1761314204.json"
"581514","221282","2025-11-04","36.00","NZD","1761314204","23477/2025-11-04/1761314204.json"
"512557","146154","2025-11-04","45.00","NZD","1761314204","23477/2025-11-04/1761314204.json"
"365170","146153","2025-11-04","48.00","NZD","1761314204","23477/2025-11-04/1761314204.json"
"510807","146155","2025-11-04","52.00","NZD","1761314204","23477/2025-11-04/1761314204.json"
"581513","221281","2025-11-07","36.00","NZD","1761314204","23477/2025-11-07/1761314204.json"
"581514","221282","2025-11-07","36.00","NZD","1761314204","23477/2025-11-07/1761314204.json"
"512557","146154","2025-11-07","45.00","NZD","1761314204","23477/2025-11-07/1761314204.json"
"365170","146153","2025-11-07","48.00","NZD","1761314204","23477/2025-11-07/1761314204.json"
"510807","146155","2025-11-07","52.00","NZD","1761314204","23477/2025-11-07/1761314204.json"
"581513","221281","2025-11-06","36.00","NZD","1761314204","23477/2025-11-06/1761314204.json"
"581514","221282","2025-11-06","36.00","NZD","1761314204","23477/2025-11-06/1761314204.json"
"512557","146154","2025-11-06","45.00","NZD","1761314204","23477/2025-11-06/1761314204.json"
"365170","146153","2025-11-06","48.00","NZD","1761314204","23477/2025-11-06/1761314204.json"
"510807","146155","2025-11-06","52.00","NZD","1761314204","23477/2025-11-06/1761314204.json"
"581513","221281","2025-11-05","36.00","NZD","1761314204","23477/2025-11-05/1761314204.json"
"581514","221282","2025-11-05","36.00","NZD","1761314204","23477/2025-11-05/1761314204.json"
"512557","146154","2025-11-05","45.00","NZD","1761314204","23477/2025-11-05/1761314204.json"
"365170","146153","2025-11-05","48.00","NZD","1761314204","23477/2025-11-05/1761314204.json"
"510807","146155","2025-11-05","52.00","NZD","1761314204","23477/2025-11-05/1761314204.json"
"581513","221281","2025-11-09","36.00","NZD","1761314204","23477/2025-11-09/1761314204.json"
"581514","221282","2025-11-09","36.00","NZD","1761314204","23477/2025-11-09/1761314204.json"
"512557","146154","2025-11-09","45.00","NZD","1761314204","23477/2025-11-09/1761314204.json"
"365170","146153","2025-11-09","48.00","NZD","1761314204","23477/2025-11-09/1761314204.json"
"510807","146155","2025-11-09","52.00","NZD","1761314204","23477/2025-11-09/1761314204.json"
"581513","221281","2025-11-08","36.00","NZD","1761314204","23477/2025-11-08/1761314204.json"
"581514","221282","2025-11-08","36.00","NZD","1761314204","23477/2025-11-08/1761314204.json"
"512557","146154","2025-11-08","45.00","NZD","1761314204","23477/2025-11-08/1761314204.json"
"365170","146153","2025-11-08","48.00","NZD","1761314204","23477/2025-11-08/1761314204.json"
"510807","146155","2025-11-08","52.00","NZD","1761314204","23477/2025-11-08/1761314204.json"
"581513","221281","2025-11-10","36.00","NZD","1761314204","23477/2025-11-10/1761314204.json"
"581514","221282","2025-11-10","36.00","NZD","1761314204","23477/2025-11-10/1761314204.json"
"512557","146154","2025-11-10","45.00","NZD","1761314204","23477/2025-11-10/1761314204.json"
"365170","146153","2025-11-10","48.00","NZD","1761314204","23477/2025-11-10/1761314204.json"
"510807","146155","2025-11-10","52.00","NZD","1761314204","23477/2025-11-10/1761314204.json"
"581513","221281","2025-11-11","36.00","NZD","1761314204","23477/2025-11-11/1761314204.json"
"581514","221282","2025-11-11","36.00","NZD","1761314204","23477/2025-11-11/1761314204.json"
"512557","146154","2025-11-11","45.00","NZD","1761314204","23477/2025-11-11/1761314204.json"
"365170","146153","2025-11-11","48.00","NZD","1761314204","23477/2025-11-11/1761314204.json"
"510807","146155","2025-11-11","52.00","NZD","1761314204","23477/2025-11-11/1761314204.json"
"581513","221281","2025-11-12","36.00","NZD","1761314204","23477/2025-11-12/1761314204.json"
"581514","221282","2025-11-12","36.00","NZD","1761314204","23477/2025-11-12/1761314204.json"
"512557","146154","2025-11-12","45.00","NZD","1761314204","23477/2025-11-12/1761314204.json"
"365170","146153","2025-11-12","48.00","NZD","1761314204","23477/2025-11-12/1761314204.json"
"510807","146155","2025-11-12","52.00","NZD","1761314204","23477/2025-11-12/1761314204.json"
"581513","221281","2025-11-13","36.00","NZD","1761314204","23477/2025-11-13/1761314204.json"
"581514","221282","2025-11-13","36.00","NZD","1761314204","23477/2025-11-13/1761314204.json"
"512557","146154","2025-11-13","45.00","NZD","1761314204","23477/2025-11-13/1761314204.json"
"365170","146153","2025-11-13","48.00","NZD","1761314204","23477/2025-11-13/1761314204.json"
"510807","146155","2025-11-13","52.00","NZD","1761314204","23477/2025-11-13/1761314204.json"
"581513","221281","2025-11-15","36.00","NZD","1761314204","23477/2025-11-15/1761314204.json"
"581514","221282","2025-11-15","36.00","NZD","1761314204","23477/2025-11-15/1761314204.json"
"512557","146154","2025-11-15","45.00","NZD","1761314204","23477/2025-11-15/1761314204.json"
"365170","146153","2025-11-15","48.00","NZD","1761314204","23477/2025-11-15/1761314204.json"
"510807","146155","2025-11-15","52.00","NZD","1761314204","23477/2025-11-15/1761314204.json"
"581513","221281","2025-11-14","36.00","NZD","1761314204","23477/2025-11-14/1761314204.json"
"581514","221282","2025-11-14","36.00","NZD","1761314204","23477/2025-11-14/1761314204.json"
"512557","146154","2025-11-14","45.00","NZD","1761314204","23477/2025-11-14/1761314204.json"
"365170","146153","2025-11-14","48.00","NZD","1761314204","23477/2025-11-14/1761314204.json"
"510807","146155","2025-11-14","52.00","NZD","1761314204","23477/2025-11-14/1761314204.json"
"581513","221281","2025-11-17","36.00","NZD","1761314204","23477/2025-11-17/1761314204.json"
"581514","221282","2025-11-17","36.00","NZD","1761314204","23477/2025-11-17/1761314204.json"
"512557","146154","2025-11-17","45.00","NZD","1761314204","23477/2025-11-17/1761314204.json"
"365170","146153","2025-11-17","48.00","NZD","1761314204","23477/2025-11-17/1761314204.json"
"510807","146155","2025-11-17","52.00","NZD","1761314204","23477/2025-11-17/1761314204.json"
"581513","221281","2025-11-16","36.00","NZD","1761314204","23477/2025-11-16/1761314204.json"
"581514","221282","2025-11-16","36.00","NZD","1761314204","23477/2025-11-16/1761314204.json"
"512557","146154","2025-11-16","45.00","NZD","1761314204","23477/2025-11-16/1761314204.json"
"365170","146153","2025-11-16","48.00","NZD","1761314204","23477/2025-11-16/1761314204.json"
"510807","146155","2025-11-16","52.00","NZD","1761314204","23477/2025-11-16/1761314204.json"
"581513","221281","2025-11-19","36.00","NZD","1761314204","23477/2025-11-19/1761314204.json"
"581514","221282","2025-11-19","36.00","NZD","1761314204","23477/2025-11-19/1761314204.json"
"512557","146154","2025-11-19","45.00","NZD","1761314204","23477/2025-11-19/1761314204.json"
"365170","146153","2025-11-19","48.00","NZD","1761314204","23477/2025-11-19/1761314204.json"
"510807","146155","2025-11-19","52.00","NZD","1761314204","23477/2025-11-19/1761314204.json"
"581513","221281","2025-11-20","36.00","NZD","1761314204","23477/2025-11-20/1761314204.json"
"581514","221282","2025-11-20","36.00","NZD","1761314204","23477/2025-11-20/1761314204.json"
"512557","146154","2025-11-20","45.00","NZD","1761314204","23477/2025-11-20/1761314204.json"
"581513","221281","2025-11-18","36.00","NZD","1761314204","23477/2025-11-18/1761314204.json"
"581514","221282","2025-11-18","36.00","NZD","1761314204","23477/2025-11-18/1761314204.json"
"512557","146154","2025-11-18","45.00","NZD","1761314204","23477/2025-11-18/1761314204.json"
"365170","146153","2025-11-18","48.00","NZD","1761314204","23477/2025-11-18/1761314204.json"
"510807","146155","2025-11-18","52.00","NZD","1761314204","23477/2025-11-18/1761314204.json"
"581513","221281","2025-11-21","36.00","NZD","1761314204","23477/2025-11-21/1761314204.json"
"581514","221282","2025-11-21","36.00","NZD","1761314204","23477/2025-11-21/1761314204.json"
"512557","146154","2025-11-21","45.00","NZD","1761314204","23477/2025-11-21/1761314204.json"
"365170","146153","2025-11-21","48.00","NZD","1761314204","23477/2025-11-21/1761314204.json"
"510807","146155","2025-11-21","52.00","NZD","1761314204","23477/2025-11-21/1761314204.json"
"581513","221281","2025-11-22","36.00","NZD","1761314204","23477/2025-11-22/1761314204.json"
"581514","221282","2025-11-22","36.00","NZD","1761314204","23477/2025-11-22/1761314204.json"
"512557","146154","2025-11-22","45.00","NZD","1761314204","23477/2025-11-22/1761314204.json"
"365170","146153","2025-11-22","48.00","NZD","1761314204","23477/2025-11-22/1761314204.json"
"510807","146155","2025-11-22","52.00","NZD","1761314204","23477/2025-11-22/1761314204.json"
"581513","221281","2025-11-23","36.00","NZD","1761314204","23477/2025-11-23/1761314204.json"
"581514","221282","2025-11-23","36.00","NZD","1761314204","23477/2025-11-23/1761314204.json"
"512557","146154","2025-11-23","45.00","NZD","1761314204","23477/2025-11-23/1761314204.json"
"365170","146153","2025-11-23","48.00","NZD","1761314204","23477/2025-11-23/1761314204.json"
"510807","146155","2025-11-23","52.00","NZD","1761314204","23477/2025-11-23/1761314204.json"
"581513","221281","2025-11-24","36.00","NZD","1761314204","23477/2025-11-24/1761314204.json"
"581514","221282","2025-11-24","36.00","NZD","1761314204","23477/2025-11-24/1761314204.json"
"512557","146154","2025-11-24","45.00","NZD","1761314204","23477/2025-11-24/1761314204.json"
"365170","146153","2025-11-24","48.00","NZD","1761314204","23477/2025-11-24/1761314204.json"
"510807","146155","2025-11-24","52.00","NZD","1761314204","23477/2025-11-24/1761314204.json"
"581513","221281","2025-11-25","36.00","NZD","1761314204","23477/2025-11-25/1761314204.json"
"581514","221282","2025-11-25","36.00","NZD","1761314204","23477/2025-11-25/1761314204.json"
"512557","146154","2025-11-25","45.00","NZD","1761314204","23477/2025-11-25/1761314204.json"
"365170","146153","2025-11-25","48.00","NZD","1761314204","23477/2025-11-25/1761314204.json"
"510807","146155","2025-11-25","52.00","NZD","1761314204","23477/2025-11-25/1761314204.json"
"581513","221281","2025-11-26","36.00","NZD","1761314204","23477/2025-11-26/1761314204.json"
"581514","221282","2025-11-26","36.00","NZD","1761314204","23477/2025-11-26/1761314204.json"
"512557","146154","2025-11-26","45.00","NZD","1761314204","23477/2025-11-26/1761314204.json"
"365170","146153","2025-11-26","48.00","NZD","1761314204","23477/2025-11-26/1761314204.json"
"510807","146155","2025-11-26","52.00","NZD","1761314204","23477/2025-11-26/1761314204.json"
"581513","221281","2025-11-27","36.00","NZD","1761314204","23477/2025-11-27/1761314204.json"
"581514","221282","2025-11-27","36.00","NZD","1761314204","23477/2025-11-27/1761314204.json"
"512557","146154","2025-11-27","45.00","NZD","1761314204","23477/2025-11-27/1761314204.json"
"365170","146153","2025-11-27","48.00","NZD","1761314204","23477/2025-11-27/1761314204.json"
"510807","146155","2025-11-27","52.00","NZD","1761314204","23477/2025-11-27/1761314204.json"
"581513","221281","2025-11-28","36.00","NZD","1761314204","23477/2025-11-28/1761314204.json"
"581514","221282","2025-11-28","36.00","NZD","1761314204","23477/2025-11-28/1761314204.json"
"512557","146154","2025-11-28","45.00","NZD","1761314204","23477/2025-11-28/1761314204.json"
"365170","146153","2025-11-28","48.00","NZD","1761314204","23477/2025-11-28/1761314204.json"
"510807","146155","2025-11-28","52.00","NZD","1761314204","23477/2025-11-28/1761314204.json"
"581513","221281","2025-11-29","36.00","NZD","1761314204","23477/2025-11-29/1761314204.json"
"581514","221282","2025-11-29","36.00","NZD","1761314204","23477/2025-11-29/1761314204.json"
"512557","146154","2025-11-29","45.00","NZD","1761314204","23477/2025-11-29/1761314204.json"
"365170","146153","2025-11-29","48.00","NZD","1761314204","23477/2025-11-29/1761314204.json"
"510807","146155","2025-11-29","52.00","NZD","1761314204","23477/2025-11-29/1761314204.json"
"581513","221281","2025-11-30","36.00","NZD","1761314204","23477/2025-11-30/1761314204.json"
"581514","221282","2025-11-30","36.00","NZD","1761314204","23477/2025-11-30/1761314204.json"
"512557","146154","2025-11-30","45.00","NZD","1761314204","23477/2025-11-30/1761314204.json"
"365170","146153","2025-11-30","48.00","NZD","1761314204","23477/2025-11-30/1761314204.json"
"510807","146155","2025-11-30","52.00","NZD","1761314204","23477/2025-11-30/1761314204.json"
"581513","221281","2025-12-01","36.00","NZD","1761314204","23477/2025-12-01/1761314204.json"
"581514","221282","2025-12-01","36.00","NZD","1761314204","23477/2025-12-01/1761314204.json"
"512557","146154","2025-12-01","45.00","NZD","1761314204","23477/2025-12-01/1761314204.json"
"365170","146153","2025-12-01","48.00","NZD","1761314204","23477/2025-12-01/1761314204.json"
"510807","146155","2025-12-01","52.00","NZD","1761314204","23477/2025-12-01/1761314204.json"
"581513","221281","2025-12-02","36.00","NZD","1761314204","23477/2025-12-02/1761314204.json"
"581514","221282","2025-12-02","36.00","NZD","1761314204","23477/2025-12-02/1761314204.json"
"512557","146154","2025-12-02","45.00","NZD","1761314204","23477/2025-12-02/1761314204.json"
"365170","146153","2025-12-02","48.00","NZD","1761314204","23477/2025-12-02/1761314204.json"
"510807","146155","2025-12-02","52.00","NZD","1761314204","23477/2025-12-02/1761314204.json"
"581513","221281","2025-12-03","36.00","NZD","1761314204","23477/2025-12-03/1761314204.json"
"581514","221282","2025-12-03","36.00","NZD","1761314204","23477/2025-12-03/1761314204.json"
"512557","146154","2025-12-03","45.00","NZD","1761314204","23477/2025-12-03/1761314204.json"
"365170","146153","2025-12-03","48.00","NZD","1761314204","23477/2025-12-03/1761314204.json"
"510807","146155","2025-12-03","52.00","NZD","1761314204","23477/2025-12-03/1761314204.json"
"581513","221281","2025-12-04","36.00","NZD","1761314204","23477/2025-12-04/1761314204.json"
"581514","221282","2025-12-04","36.00","NZD","1761314204","23477/2025-12-04/1761314204.json"
"512557","146154","2025-12-04","45.00","NZD","1761314204","23477/2025-12-04/1761314204.json"
"365170","146153","2025-12-04","48.00","NZD","1761314204","23477/2025-12-04/1761314204.json"
"510807","146155","2025-12-04","52.00","NZD","1761314204","23477/2025-12-04/1761314204.json"
"581513","221281","2025-12-05","36.00","NZD","1761314204","23477/2025-12-05/1761314204.json"
"581514","221282","2025-12-05","36.00","NZD","1761314204","23477/2025-12-05/1761314204.json"
"512557","146154","2025-12-05","45.00","NZD","1761314204","23477/2025-12-05/1761314204.json"
"365170","146153","2025-12-05","48.00","NZD","1761314204","23477/2025-12-05/1761314204.json"
"510807","146155","2025-12-05","52.00","NZD","1761314204","23477/2025-12-05/1761314204.json"
"581513","221281","2025-12-06","36.00","NZD","1761314204","23477/2025-12-06/1761314204.json"
"581514","221282","2025-12-06","36.00","NZD","1761314204","23477/2025-12-06/1761314204.json"
"512557","146154","2025-12-06","45.00","NZD","1761314204","23477/2025-12-06/1761314204.json"
"365170","146153","2025-12-06","48.00","NZD","1761314204","23477/2025-12-06/1761314204.json"
"510807","146155","2025-12-06","52.00","NZD","1761314204","23477/2025-12-06/1761314204.json"
"581513","221281","2025-12-07","36.00","NZD","1761314204","23477/2025-12-07/1761314204.json"
"581514","221282","2025-12-07","36.00","NZD","1761314204","23477/2025-12-07/1761314204.json"
"512557","146154","2025-12-07","45.00","NZD","1761314204","23477/2025-12-07/1761314204.json"
"365170","146153","2025-12-07","48.00","NZD","1761314204","23477/2025-12-07/1761314204.json"
"510807","146155","2025-12-07","52.00","NZD","1761314204","23477/2025-12-07/1761314204.json"
"581513","221281","2025-12-08","36.00","NZD","1761314204","23477/2025-12-08/1761314204.json"
"581514","221282","2025-12-08","36.00","NZD","1761314204","23477/2025-12-08/1761314204.json"
"512557","146154","2025-12-08","45.00","NZD","1761314204","23477/2025-12-08/1761314204.json"
"365170","146153","2025-12-08","48.00","NZD","1761314204","23477/2025-12-08/1761314204.json"
"510807","146155","2025-12-08","52.00","NZD","1761314204","23477/2025-12-08/1761314204.json"
"581513","221281","2025-12-09","36.00","NZD","1761314204","23477/2025-12-09/1761314204.json"
"581514","221282","2025-12-09","36.00","NZD","1761314204","23477/2025-12-09/1761314204.json"
"512557","146154","2025-12-09","45.00","NZD","1761314204","23477/2025-12-09/1761314204.json"
"365170","146153","2025-12-09","48.00","NZD","1761314204","23477/2025-12-09/1761314204.json"
"510807","146155","2025-12-09","52.00","NZD","1761314204","23477/2025-12-09/1761314204.json"
"581513","221281","2025-12-10","36.00","NZD","1761314204","23477/2025-12-10/1761314204.json"
"581514","221282","2025-12-10","36.00","NZD","1761314204","23477/2025-12-10/1761314204.json"
"512557","146154","2025-12-10","45.00","NZD","1761314204","23477/2025-12-10/1761314204.json"
"365170","146153","2025-12-10","48.00","NZD","1761314204","23477/2025-12-10/1761314204.json"
"510807","146155","2025-12-10","52.00","NZD","1761314204","23477/2025-12-10/1761314204.json"
"581513","221281","2025-12-12","36.00","NZD","1761314204","23477/2025-12-12/1761314204.json"
"581514","221282","2025-12-12","36.00","NZD","1761314204","23477/2025-12-12/1761314204.json"
"512557","146154","2025-12-12","45.00","NZD","1761314204","23477/2025-12-12/1761314204.json"
"365170","146153","2025-12-12","48.00","NZD","1761314204","23477/2025-12-12/1761314204.json"
"510807","146155","2025-12-12","52.00","NZD","1761314204","23477/2025-12-12/1761314204.json"
"581513","221281","2025-12-11","36.00","NZD","1761314204","23477/2025-12-11/1761314204.json"
"581514","221282","2025-12-11","36.00","NZD","1761314204","23477/2025-12-11/1761314204.json"
"512557","146154","2025-12-11","45.00","NZD","1761314204","23477/2025-12-11/1761314204.json"
"365170","146153","2025-12-11","48.00","NZD","1761314204","23477/2025-12-11/1761314204.json"
"510807","146155","2025-12-11","52.00","NZD","1761314204","23477/2025-12-11/1761314204.json"
"581513","221281","2025-12-13","36.00","NZD","1761314204","23477/2025-12-13/1761314204.json"
"581514","221282","2025-12-13","36.00","NZD","1761314204","23477/2025-12-13/1761314204.json"
"512557","146154","2025-12-13","45.00","NZD","1761314204","23477/2025-12-13/1761314204.json"
"365170","146153","2025-12-13","48.00","NZD","1761314204","23477/2025-12-13/1761314204.json"
"510807","146155","2025-12-13","52.00","NZD","1761314204","23477/2025-12-13/1761314204.json"
"581513","221281","2025-12-14","36.00","NZD","1761314204","23477/2025-12-14/1761314204.json"
"581514","221282","2025-12-14","36.00","NZD","1761314204","23477/2025-12-14/1761314204.json"
"512557","146154","2025-12-14","45.00","NZD","1761314204","23477/2025-12-14/1761314204.json"
"365170","146153","2025-12-14","48.00","NZD","1761314204","23477/2025-12-14/1761314204.json"
"510807","146155","2025-12-14","52.00","NZD","1761314204","23477/2025-12-14/1761314204.json"
"581513","221281","2025-12-16","36.00","NZD","1761314204","23477/2025-12-16/1761314204.json"
"581514","221282","2025-12-16","36.00","NZD","1761314204","23477/2025-12-16/1761314204.json"
"512557","146154","2025-12-16","45.00","NZD","1761314204","23477/2025-12-16/1761314204.json"
"365170","146153","2025-12-16","48.00","NZD","1761314204","23477/2025-12-16/1761314204.json"
"510807","146155","2025-12-16","52.00","NZD","1761314204","23477/2025-12-16/1761314204.json"
"581513","221281","2025-12-17","36.00","NZD","1761314204","23477/2025-12-17/1761314204.json"
"581514","221282","2025-12-17","36.00","NZD","1761314204","23477/2025-12-17/1761314204.json"
"512557","146154","2025-12-17","45.00","NZD","1761314204","23477/2025-12-17/1761314204.json"
"365170","146153","2025-12-17","48.00","NZD","1761314204","23477/2025-12-17/1761314204.json"
"510807","146155","2025-12-17","52.00","NZD","1761314204","23477/2025-12-17/1761314204.json"
"581513","221281","2025-12-15","36.00","NZD","1761314204","23477/2025-12-15/1761314204.json"
"581514","221282","2025-12-15","36.00","NZD","1761314204","23477/2025-12-15/1761314204.json"
"512557","146154","2025-12-15","45.00","NZD","1761314204","23477/2025-12-15/1761314204.json"
"365170","146153","2025-12-15","48.00","NZD","1761314204","23477/2025-12-15/1761314204.json"
"510807","146155","2025-12-15","52.00","NZD","1761314204","23477/2025-12-15/1761314204.json"
"581513","221281","2025-12-19","36.00","NZD","1761314204","23477/2025-12-19/1761314204.json"
"581514","221282","2025-12-19","36.00","NZD","1761314204","23477/2025-12-19/1761314204.json"
"512557","146154","2025-12-19","45.00","NZD","1761314204","23477/2025-12-19/1761314204.json"
"365170","146153","2025-12-19","48.00","NZD","1761314204","23477/2025-12-19/1761314204.json"
"510807","146155","2025-12-19","52.00","NZD","1761314204","23477/2025-12-19/1761314204.json"
"581513","221281","2025-12-21","36.00","NZD","1761314204","23477/2025-12-21/1761314204.json"
"581514","221282","2025-12-21","36.00","NZD","1761314204","23477/2025-12-21/1761314204.json"
"512557","146154","2025-12-21","45.00","NZD","1761314204","23477/2025-12-21/1761314204.json"
"365170","146153","2025-12-21","48.00","NZD","1761314204","23477/2025-12-21/1761314204.json"
"510807","146155","2025-12-21","52.00","NZD","1761314204","23477/2025-12-21/1761314204.json"
"581513","221281","2025-12-20","36.00","NZD","1761314204","23477/2025-12-20/1761314204.json"
"581514","221282","2025-12-20","36.00","NZD","1761314204","23477/2025-12-20/1761314204.json"
"512557","146154","2025-12-20","45.00","NZD","1761314204","23477/2025-12-20/1761314204.json"
"365170","146153","2025-12-20","48.00","NZD","1761314204","23477/2025-12-20/1761314204.json"
"510807","146155","2025-12-20","52.00","NZD","1761314204","23477/2025-12-20/1761314204.json"
"581513","221281","2025-12-22","36.00","NZD","1761314204","23477/2025-12-22/1761314204.json"
"581514","221282","2025-12-22","36.00","NZD","1761314204","23477/2025-12-22/1761314204.json"
"512557","146154","2025-12-22","45.00","NZD","1761314204","23477/2025-12-22/1761314204.json"
"365170","146153","2025-12-22","48.00","NZD","1761314204","23477/2025-12-22/1761314204.json"
"510807","146155","2025-12-22","52.00","NZD","1761314204","23477/2025-12-22/1761314204.json"
"581513","221281","2025-12-23","38.00","NZD","1761314204","23477/2025-12-23/1761314204.json"
"581514","221282","2025-12-23","38.00","NZD","1761314204","23477/2025-12-23/1761314204.json"
"512557","146154","2025-12-23","45.00","NZD","1761314204","23477/2025-12-23/1761314204.json"
"365170","146153","2025-12-23","48.00","NZD","1761314204","23477/2025-12-23/1761314204.json"
"510807","146155","2025-12-23","52.00","NZD","1761314204","23477/2025-12-23/1761314204.json"
"581513","221281","2025-12-18","36.00","NZD","1761314204","23477/2025-12-18/1761314204.json"
"581514","221282","2025-12-18","36.00","NZD","1761314204","23477/2025-12-18/1761314204.json"
"512557","146154","2025-12-18","45.00","NZD","1761314204","23477/2025-12-18/1761314204.json"
"365170","146153","2025-12-18","48.00","NZD","1761314204","23477/2025-12-18/1761314204.json"
"510807","146155","2025-12-18","52.00","NZD","1761314204","23477/2025-12-18/1761314204.json"
"581513","221281","2025-10-26","38.00","NZD","1761325508","23477/2025-10-26/1761325508.json"
"581514","221282","2025-10-26","38.00","NZD","1761325508","23477/2025-10-26/1761325508.json"
"512557","146154","2025-10-26","45.00","NZD","1761325508","23477/2025-10-26/1761325508.json"
"581513","221281","2025-10-25","38.00","NZD","1761325508","23477/2025-10-25/1761325508.json"
"581514","221282","2025-10-25","38.00","NZD","1761325508","23477/2025-10-25/1761325508.json"
"512557","146154","2025-10-25","45.00","NZD","1761325508","23477/2025-10-25/1761325508.json"
"581513","221281","2025-10-27","38.00","NZD","1761325508","23477/2025-10-27/1761325508.json"
"581514","221282","2025-10-27","38.00","NZD","1761325508","23477/2025-10-27/1761325508.json"
"512557","146154","2025-10-27","45.00","NZD","1761325508","23477/2025-10-27/1761325508.json"
"365170","146153","2025-10-27","48.00","NZD","1761325508","23477/2025-10-27/1761325508.json"
"510807","146155","2025-10-27","52.00","NZD","1761325508","23477/2025-10-27/1761325508.json"
"581513","221281","2025-10-28","36.00","NZD","1761325508","23477/2025-10-28/1761325508.json"
"581514","221282","2025-10-28","36.00","NZD","1761325508","23477/2025-10-28/1761325508.json"
"512557","146154","2025-10-28","45.00","NZD","1761325508","23477/2025-10-28/1761325508.json"
"365170","146153","2025-10-28","48.00","NZD","1761325508","23477/2025-10-28/1761325508.json"
"510807","146155","2025-10-28","52.00","NZD","1761325508","23477/2025-10-28/1761325508.json"
"581513","221281","2025-10-31","36.00","NZD","1761325508","23477/2025-10-31/1761325508.json"
"581514","221282","2025-10-31","36.00","NZD","1761325508","23477/2025-10-31/1761325508.json"
"512557","146154","2025-10-31","45.00","NZD","1761325508","23477/2025-10-31/1761325508.json"
"365170","146153","2025-10-31","48.00","NZD","1761325508","23477/2025-10-31/1761325508.json"
"510807","146155","2025-10-31","52.00","NZD","1761325508","23477/2025-10-31/1761325508.json"
"581513","221281","2025-10-29","36.00","NZD","1761325508","23477/2025-10-29/1761325508.json"
"581514","221282","2025-10-29","36.00","NZD","1761325508","23477/2025-10-29/1761325508.json"
"512557","146154","2025-10-29","45.00","NZD","1761325508","23477/2025-10-29/1761325508.json"
"365170","146153","2025-10-29","48.00","NZD","1761325508","23477/2025-10-29/1761325508.json"
"510807","146155","2025-10-29","52.00","NZD","1761325508","23477/2025-10-29/1761325508.json"
"581513","221281","2025-10-30","36.00","NZD","1761325508","23477/2025-10-30/1761325508.json"
"581514","221282","2025-10-30","36.00","NZD","1761325508","23477/2025-10-30/1761325508.json"
"512557","146154","2025-10-30","45.00","NZD","1761325508","23477/2025-10-30/1761325508.json"
"365170","146153","2025-10-30","48.00","NZD","1761325508","23477/2025-10-30/1761325508.json"
"510807","146155","2025-10-30","52.00","NZD","1761325508","23477/2025-10-30/1761325508.json"
"581513","221281","2025-11-01","36.00","NZD","1761325508","23477/2025-11-01/1761325508.json"
"581514","221282","2025-11-01","36.00","NZD","1761325508","23477/2025-11-01/1761325508.json"
"512557","146154","2025-11-01","45.00","NZD","1761325508","23477/2025-11-01/1761325508.json"
"365170","146153","2025-11-01","48.00","NZD","1761325508","23477/2025-11-01/1761325508.json"
"510807","146155","2025-11-01","52.00","NZD","1761325508","23477/2025-11-01/1761325508.json"
"581513","221281","2025-11-02","36.00","NZD","1761325508","23477/2025-11-02/1761325508.json"
"581514","221282","2025-11-02","36.00","NZD","1761325508","23477/2025-11-02/1761325508.json"
"512557","146154","2025-11-02","45.00","NZD","1761325508","23477/2025-11-02/1761325508.json"
"365170","146153","2025-11-02","48.00","NZD","1761325508","23477/2025-11-02/1761325508.json"
"510807","146155","2025-11-02","52.00","NZD","1761325508","23477/2025-11-02/1761325508.json"
"581513","221281","2025-11-04","36.00","NZD","1761325508","23477/2025-11-04/1761325508.json"
"581514","221282","2025-11-04","36.00","NZD","1761325508","23477/2025-11-04/1761325508.json"
"512557","146154","2025-11-04","45.00","NZD","1761325508","23477/2025-11-04/1761325508.json"
"365170","146153","2025-11-04","48.00","NZD","1761325508","23477/2025-11-04/1761325508.json"
"510807","146155","2025-11-04","52.00","NZD","1761325508","23477/2025-11-04/1761325508.json"
"581513","221281","2025-11-03","36.00","NZD","1761325508","23477/2025-11-03/1761325508.json"
"581514","221282","2025-11-03","36.00","NZD","1761325508","23477/2025-11-03/1761325508.json"
"512557","146154","2025-11-03","45.00","NZD","1761325508","23477/2025-11-03/1761325508.json"
"365170","146153","2025-11-03","48.00","NZD","1761325508","23477/2025-11-03/1761325508.json"
"510807","146155","2025-11-03","52.00","NZD","1761325508","23477/2025-11-03/1761325508.json"
"581513","221281","2025-11-05","36.00","NZD","1761325508","23477/2025-11-05/1761325508.json"
"581514","221282","2025-11-05","36.00","NZD","1761325508","23477/2025-11-05/1761325508.json"
"512557","146154","2025-11-05","45.00","NZD","1761325508","23477/2025-11-05/1761325508.json"
"365170","146153","2025-11-05","48.00","NZD","1761325508","23477/2025-11-05/1761325508.json"
"510807","146155","2025-11-05","52.00","NZD","1761325508","23477/2025-11-05/1761325508.json"
"581513","221281","2025-11-06","36.00","NZD","1761325508","23477/2025-11-06/1761325508.json"
"581514","221282","2025-11-06","36.00","NZD","1761325508","23477/2025-11-06/1761325508.json"
"512557","146154","2025-11-06","45.00","NZD","1761325508","23477/2025-11-06/1761325508.json"
"365170","146153","2025-11-06","48.00","NZD","1761325508","23477/2025-11-06/1761325508.json"
"510807","146155","2025-11-06","52.00","NZD","1761325508","23477/2025-11-06/1761325508.json"
"581513","221281","2025-11-07","36.00","NZD","1761325508","23477/2025-11-07/1761325508.json"
"581514","221282","2025-11-07","36.00","NZD","1761325508","23477/2025-11-07/1761325508.json"
"512557","146154","2025-11-07","45.00","NZD","1761325508","23477/2025-11-07/1761325508.json"
"365170","146153","2025-11-07","48.00","NZD","1761325508","23477/2025-11-07/1761325508.json"
"510807","146155","2025-11-07","52.00","NZD","1761325508","23477/2025-11-07/1761325508.json"
"581513","221281","2025-11-09","36.00","NZD","1761325508","23477/2025-11-09/1761325508.json"
"581514","221282","2025-11-09","36.00","NZD","1761325508","23477/2025-11-09/1761325508.json"
"512557","146154","2025-11-09","45.00","NZD","1761325508","23477/2025-11-09/1761325508.json"
"365170","146153","2025-11-09","48.00","NZD","1761325508","23477/2025-11-09/1761325508.json"
"510807","146155","2025-11-09","52.00","NZD","1761325508","23477/2025-11-09/1761325508.json"
"581513","221281","2025-11-08","36.00","NZD","1761325508","23477/2025-11-08/1761325508.json"
"581514","221282","2025-11-08","36.00","NZD","1761325508","23477/2025-11-08/1761325508.json"
"512557","146154","2025-11-08","45.00","NZD","1761325508","23477/2025-11-08/1761325508.json"
"365170","146153","2025-11-08","48.00","NZD","1761325508","23477/2025-11-08/1761325508.json"
"510807","146155","2025-11-08","52.00","NZD","1761325508","23477/2025-11-08/1761325508.json"
"581513","221281","2025-11-10","36.00","NZD","1761325508","23477/2025-11-10/1761325508.json"
"581514","221282","2025-11-10","36.00","NZD","1761325508","23477/2025-11-10/1761325508.json"
"512557","146154","2025-11-10","45.00","NZD","1761325508","23477/2025-11-10/1761325508.json"
"365170","146153","2025-11-10","48.00","NZD","1761325508","23477/2025-11-10/1761325508.json"
"510807","146155","2025-11-10","52.00","NZD","1761325508","23477/2025-11-10/1761325508.json"
"581513","221281","2025-11-12","36.00","NZD","1761325508","23477/2025-11-12/1761325508.json"
"581514","221282","2025-11-12","36.00","NZD","1761325508","23477/2025-11-12/1761325508.json"
"512557","146154","2025-11-12","45.00","NZD","1761325508","23477/2025-11-12/1761325508.json"
"365170","146153","2025-11-12","48.00","NZD","1761325508","23477/2025-11-12/1761325508.json"
"510807","146155","2025-11-12","52.00","NZD","1761325508","23477/2025-11-12/1761325508.json"
"581513","221281","2025-11-11","36.00","NZD","1761325508","23477/2025-11-11/1761325508.json"
"581514","221282","2025-11-11","36.00","NZD","1761325508","23477/2025-11-11/1761325508.json"
"512557","146154","2025-11-11","45.00","NZD","1761325508","23477/2025-11-11/1761325508.json"
"365170","146153","2025-11-11","48.00","NZD","1761325508","23477/2025-11-11/1761325508.json"
"510807","146155","2025-11-11","52.00","NZD","1761325508","23477/2025-11-11/1761325508.json"
"581513","221281","2025-11-13","36.00","NZD","1761325508","23477/2025-11-13/1761325508.json"
"581514","221282","2025-11-13","36.00","NZD","1761325508","23477/2025-11-13/1761325508.json"
"512557","146154","2025-11-13","45.00","NZD","1761325508","23477/2025-11-13/1761325508.json"
"365170","146153","2025-11-13","48.00","NZD","1761325508","23477/2025-11-13/1761325508.json"
"510807","146155","2025-11-13","52.00","NZD","1761325508","23477/2025-11-13/1761325508.json"
"581513","221281","2025-11-14","36.00","NZD","1761325508","23477/2025-11-14/1761325508.json"
"581514","221282","2025-11-14","36.00","NZD","1761325508","23477/2025-11-14/1761325508.json"
"512557","146154","2025-11-14","45.00","NZD","1761325508","23477/2025-11-14/1761325508.json"
"365170","146153","2025-11-14","48.00","NZD","1761325508","23477/2025-11-14/1761325508.json"
"510807","146155","2025-11-14","52.00","NZD","1761325508","23477/2025-11-14/1761325508.json"
"581513","221281","2025-11-15","36.00","NZD","1761325508","23477/2025-11-15/1761325508.json"
"581514","221282","2025-11-15","36.00","NZD","1761325508","23477/2025-11-15/1761325508.json"
"512557","146154","2025-11-15","45.00","NZD","1761325508","23477/2025-11-15/1761325508.json"
"365170","146153","2025-11-15","48.00","NZD","1761325508","23477/2025-11-15/1761325508.json"
"510807","146155","2025-11-15","52.00","NZD","1761325508","23477/2025-11-15/1761325508.json"
"581513","221281","2025-11-16","36.00","NZD","1761325508","23477/2025-11-16/1761325508.json"
"581514","221282","2025-11-16","36.00","NZD","1761325508","23477/2025-11-16/1761325508.json"
"512557","146154","2025-11-16","45.00","NZD","1761325508","23477/2025-11-16/1761325508.json"
"365170","146153","2025-11-16","48.00","NZD","1761325508","23477/2025-11-16/1761325508.json"
"510807","146155","2025-11-16","52.00","NZD","1761325508","23477/2025-11-16/1761325508.json"
"581513","221281","2025-11-17","36.00","NZD","1761325508","23477/2025-11-17/1761325508.json"
"581514","221282","2025-11-17","36.00","NZD","1761325508","23477/2025-11-17/1761325508.json"
"512557","146154","2025-11-17","45.00","NZD","1761325508","23477/2025-11-17/1761325508.json"
"365170","146153","2025-11-17","48.00","NZD","1761325508","23477/2025-11-17/1761325508.json"
"510807","146155","2025-11-17","52.00","NZD","1761325508","23477/2025-11-17/1761325508.json"
"581513","221281","2025-11-18","36.00","NZD","1761325508","23477/2025-11-18/1761325508.json"
"581514","221282","2025-11-18","36.00","NZD","1761325508","23477/2025-11-18/1761325508.json"
"512557","146154","2025-11-18","45.00","NZD","1761325508","23477/2025-11-18/1761325508.json"
"365170","146153","2025-11-18","48.00","NZD","1761325508","23477/2025-11-18/1761325508.json"
"510807","146155","2025-11-18","52.00","NZD","1761325508","23477/2025-11-18/1761325508.json"
"581513","221281","2025-11-19","36.00","NZD","1761325508","23477/2025-11-19/1761325508.json"
"581514","221282","2025-11-19","36.00","NZD","1761325508","23477/2025-11-19/1761325508.json"
"512557","146154","2025-11-19","45.00","NZD","1761325508","23477/2025-11-19/1761325508.json"
"365170","146153","2025-11-19","48.00","NZD","1761325508","23477/2025-11-19/1761325508.json"
"510807","146155","2025-11-19","52.00","NZD","1761325508","23477/2025-11-19/1761325508.json"
"581513","221281","2025-11-20","36.00","NZD","1761325508","23477/2025-11-20/1761325508.json"
"581514","221282","2025-11-20","36.00","NZD","1761325508","23477/2025-11-20/1761325508.json"
"512557","146154","2025-11-20","45.00","NZD","1761325508","23477/2025-11-20/1761325508.json"
"581513","221281","2025-11-21","36.00","NZD","1761325508","23477/2025-11-21/1761325508.json"
"581514","221282","2025-11-21","36.00","NZD","1761325508","23477/2025-11-21/1761325508.json"
"512557","146154","2025-11-21","45.00","NZD","1761325508","23477/2025-11-21/1761325508.json"
"365170","146153","2025-11-21","48.00","NZD","1761325508","23477/2025-11-21/1761325508.json"
"510807","146155","2025-11-21","52.00","NZD","1761325508","23477/2025-11-21/1761325508.json"
"581513","221281","2025-11-22","36.00","NZD","1761325508","23477/2025-11-22/1761325508.json"
"581514","221282","2025-11-22","36.00","NZD","1761325508","23477/2025-11-22/1761325508.json"
"512557","146154","2025-11-22","45.00","NZD","1761325508","23477/2025-11-22/1761325508.json"
"365170","146153","2025-11-22","48.00","NZD","1761325508","23477/2025-11-22/1761325508.json"
"510807","146155","2025-11-22","52.00","NZD","1761325508","23477/2025-11-22/1761325508.json"
"581513","221281","2025-11-24","36.00","NZD","1761325508","23477/2025-11-24/1761325508.json"
"581514","221282","2025-11-24","36.00","NZD","1761325508","23477/2025-11-24/1761325508.json"
"512557","146154","2025-11-24","45.00","NZD","1761325508","23477/2025-11-24/1761325508.json"
"365170","146153","2025-11-24","48.00","NZD","1761325508","23477/2025-11-24/1761325508.json"
"510807","146155","2025-11-24","52.00","NZD","1761325508","23477/2025-11-24/1761325508.json"
"581513","221281","2025-11-23","36.00","NZD","1761325508","23477/2025-11-23/1761325508.json"
"581514","221282","2025-11-23","36.00","NZD","1761325508","23477/2025-11-23/1761325508.json"
"512557","146154","2025-11-23","45.00","NZD","1761325508","23477/2025-11-23/1761325508.json"
"365170","146153","2025-11-23","48.00","NZD","1761325508","23477/2025-11-23/1761325508.json"
"510807","146155","2025-11-23","52.00","NZD","1761325508","23477/2025-11-23/1761325508.json"
"581513","221281","2025-11-25","36.00","NZD","1761325508","23477/2025-11-25/1761325508.json"
"581514","221282","2025-11-25","36.00","NZD","1761325508","23477/2025-11-25/1761325508.json"
"512557","146154","2025-11-25","45.00","NZD","1761325508","23477/2025-11-25/1761325508.json"
"365170","146153","2025-11-25","48.00","NZD","1761325508","23477/2025-11-25/1761325508.json"
"510807","146155","2025-11-25","52.00","NZD","1761325508","23477/2025-11-25/1761325508.json"
"581513","221281","2025-11-26","36.00","NZD","1761325508","23477/2025-11-26/1761325508.json"
"581514","221282","2025-11-26","36.00","NZD","1761325508","23477/2025-11-26/1761325508.json"
"512557","146154","2025-11-26","45.00","NZD","1761325508","23477/2025-11-26/1761325508.json"
"365170","146153","2025-11-26","48.00","NZD","1761325508","23477/2025-11-26/1761325508.json"
"510807","146155","2025-11-26","52.00","NZD","1761325508","23477/2025-11-26/1761325508.json"
"581513","221281","2025-11-28","36.00","NZD","1761325508","23477/2025-11-28/1761325508.json"
"581513","221281","2025-11-29","36.00","NZD","1761325508","23477/2025-11-29/1761325508.json"
"581514","221282","2025-11-29","36.00","NZD","1761325508","23477/2025-11-29/1761325508.json"
"581514","221282","2025-11-28","36.00","NZD","1761325508","23477/2025-11-28/1761325508.json"
"512557","146154","2025-11-29","45.00","NZD","1761325508","23477/2025-11-29/1761325508.json"
"365170","146153","2025-11-29","48.00","NZD","1761325508","23477/2025-11-29/1761325508.json"
"512557","146154","2025-11-28","45.00","NZD","1761325508","23477/2025-11-28/1761325508.json"
"510807","146155","2025-11-29","52.00","NZD","1761325508","23477/2025-11-29/1761325508.json"
"365170","146153","2025-11-28","48.00","NZD","1761325508","23477/2025-11-28/1761325508.json"
"510807","146155","2025-11-28","52.00","NZD","1761325508","23477/2025-11-28/1761325508.json"
"581513","221281","2025-11-30","36.00","NZD","1761325508","23477/2025-11-30/1761325508.json"
"581513","221281","2025-11-27","36.00","NZD","1761325508","23477/2025-11-27/1761325508.json"
"581514","221282","2025-11-30","36.00","NZD","1761325508","23477/2025-11-30/1761325508.json"
"581514","221282","2025-11-27","36.00","NZD","1761325508","23477/2025-11-27/1761325508.json"
"512557","146154","2025-11-27","45.00","NZD","1761325508","23477/2025-11-27/1761325508.json"
"512557","146154","2025-11-30","45.00","NZD","1761325508","23477/2025-11-30/1761325508.json"
"365170","146153","2025-11-27","48.00","NZD","1761325508","23477/2025-11-27/1761325508.json"
"510807","146155","2025-11-27","52.00","NZD","1761325508","23477/2025-11-27/1761325508.json"
"365170","146153","2025-11-30","48.00","NZD","1761325508","23477/2025-11-30/1761325508.json"
"510807","146155","2025-11-30","52.00","NZD","1761325508","23477/2025-11-30/1761325508.json"
"581513","221281","2025-12-02","36.00","NZD","1761325508","23477/2025-12-02/1761325508.json"
"581514","221282","2025-12-02","36.00","NZD","1761325508","23477/2025-12-02/1761325508.json"
"512557","146154","2025-12-02","45.00","NZD","1761325508","23477/2025-12-02/1761325508.json"
"365170","146153","2025-12-02","48.00","NZD","1761325508","23477/2025-12-02/1761325508.json"
"510807","146155","2025-12-02","52.00","NZD","1761325508","23477/2025-12-02/1761325508.json"
"581513","221281","2025-12-01","36.00","NZD","1761325508","23477/2025-12-01/1761325508.json"
"581514","221282","2025-12-01","36.00","NZD","1761325508","23477/2025-12-01/1761325508.json"
"512557","146154","2025-12-01","45.00","NZD","1761325508","23477/2025-12-01/1761325508.json"
"365170","146153","2025-12-01","48.00","NZD","1761325508","23477/2025-12-01/1761325508.json"
"510807","146155","2025-12-01","52.00","NZD","1761325508","23477/2025-12-01/1761325508.json"
"581513","221281","2025-12-04","36.00","NZD","1761325508","23477/2025-12-04/1761325508.json"
"581514","221282","2025-12-04","36.00","NZD","1761325508","23477/2025-12-04/1761325508.json"
"512557","146154","2025-12-04","45.00","NZD","1761325508","23477/2025-12-04/1761325508.json"
"365170","146153","2025-12-04","48.00","NZD","1761325508","23477/2025-12-04/1761325508.json"
"510807","146155","2025-12-04","52.00","NZD","1761325508","23477/2025-12-04/1761325508.json"
"581513","221281","2025-12-03","36.00","NZD","1761325508","23477/2025-12-03/1761325508.json"
"581514","221282","2025-12-03","36.00","NZD","1761325508","23477/2025-12-03/1761325508.json"
"512557","146154","2025-12-03","45.00","NZD","1761325508","23477/2025-12-03/1761325508.json"
"365170","146153","2025-12-03","48.00","NZD","1761325508","23477/2025-12-03/1761325508.json"
"510807","146155","2025-12-03","52.00","NZD","1761325508","23477/2025-12-03/1761325508.json"
"581513","221281","2025-12-05","36.00","NZD","1761325508","23477/2025-12-05/1761325508.json"
"581514","221282","2025-12-05","36.00","NZD","1761325508","23477/2025-12-05/1761325508.json"
"512557","146154","2025-12-05","45.00","NZD","1761325508","23477/2025-12-05/1761325508.json"
"365170","146153","2025-12-05","48.00","NZD","1761325508","23477/2025-12-05/1761325508.json"
"510807","146155","2025-12-05","52.00","NZD","1761325508","23477/2025-12-05/1761325508.json"
"581513","221281","2025-12-07","36.00","NZD","1761325508","23477/2025-12-07/1761325508.json"
"581514","221282","2025-12-07","36.00","NZD","1761325508","23477/2025-12-07/1761325508.json"
"512557","146154","2025-12-07","45.00","NZD","1761325508","23477/2025-12-07/1761325508.json"
"365170","146153","2025-12-07","48.00","NZD","1761325508","23477/2025-12-07/1761325508.json"
"510807","146155","2025-12-07","52.00","NZD","1761325508","23477/2025-12-07/1761325508.json"
"581513","221281","2025-12-06","36.00","NZD","1761325508","23477/2025-12-06/1761325508.json"
"581514","221282","2025-12-06","36.00","NZD","1761325508","23477/2025-12-06/1761325508.json"
"512557","146154","2025-12-06","45.00","NZD","1761325508","23477/2025-12-06/1761325508.json"
"365170","146153","2025-12-06","48.00","NZD","1761325508","23477/2025-12-06/1761325508.json"
"510807","146155","2025-12-06","52.00","NZD","1761325508","23477/2025-12-06/1761325508.json"
"581513","221281","2025-12-08","36.00","NZD","1761325508","23477/2025-12-08/1761325508.json"
"581514","221282","2025-12-08","36.00","NZD","1761325508","23477/2025-12-08/1761325508.json"
"512557","146154","2025-12-08","45.00","NZD","1761325508","23477/2025-12-08/1761325508.json"
"365170","146153","2025-12-08","48.00","NZD","1761325508","23477/2025-12-08/1761325508.json"
"510807","146155","2025-12-08","52.00","NZD","1761325508","23477/2025-12-08/1761325508.json"
"581513","221281","2025-12-09","36.00","NZD","1761325508","23477/2025-12-09/1761325508.json"
"581514","221282","2025-12-09","36.00","NZD","1761325508","23477/2025-12-09/1761325508.json"
"512557","146154","2025-12-09","45.00","NZD","1761325508","23477/2025-12-09/1761325508.json"
"365170","146153","2025-12-09","48.00","NZD","1761325508","23477/2025-12-09/1761325508.json"
"510807","146155","2025-12-09","52.00","NZD","1761325508","23477/2025-12-09/1761325508.json"
"581513","221281","2025-12-10","36.00","NZD","1761325508","23477/2025-12-10/1761325508.json"
"581514","221282","2025-12-10","36.00","NZD","1761325508","23477/2025-12-10/1761325508.json"
"512557","146154","2025-12-10","45.00","NZD","1761325508","23477/2025-12-10/1761325508.json"
"365170","146153","2025-12-10","48.00","NZD","1761325508","23477/2025-12-10/1761325508.json"
"510807","146155","2025-12-10","52.00","NZD","1761325508","23477/2025-12-10/1761325508.json"
"581513","221281","2025-12-11","36.00","NZD","1761325508","23477/2025-12-11/1761325508.json"
"581514","221282","2025-12-11","36.00","NZD","1761325508","23477/2025-12-11/1761325508.json"
"512557","146154","2025-12-11","45.00","NZD","1761325508","23477/2025-12-11/1761325508.json"
"365170","146153","2025-12-11","48.00","NZD","1761325508","23477/2025-12-11/1761325508.json"
"510807","146155","2025-12-11","52.00","NZD","1761325508","23477/2025-12-11/1761325508.json"
"581513","221281","2025-12-12","36.00","NZD","1761325508","23477/2025-12-12/1761325508.json"
"581514","221282","2025-12-12","36.00","NZD","1761325508","23477/2025-12-12/1761325508.json"
"512557","146154","2025-12-12","45.00","NZD","1761325508","23477/2025-12-12/1761325508.json"
"365170","146153","2025-12-12","48.00","NZD","1761325508","23477/2025-12-12/1761325508.json"
"510807","146155","2025-12-12","52.00","NZD","1761325508","23477/2025-12-12/1761325508.json"
"581513","221281","2025-12-13","36.00","NZD","1761325508","23477/2025-12-13/1761325508.json"
"581514","221282","2025-12-13","36.00","NZD","1761325508","23477/2025-12-13/1761325508.json"
"512557","146154","2025-12-13","45.00","NZD","1761325508","23477/2025-12-13/1761325508.json"
"365170","146153","2025-12-13","48.00","NZD","1761325508","23477/2025-12-13/1761325508.json"
"510807","146155","2025-12-13","52.00","NZD","1761325508","23477/2025-12-13/1761325508.json"
"581513","221281","2025-12-14","36.00","NZD","1761325508","23477/2025-12-14/1761325508.json"
"581514","221282","2025-12-14","36.00","NZD","1761325508","23477/2025-12-14/1761325508.json"
"512557","146154","2025-12-14","45.00","NZD","1761325508","23477/2025-12-14/1761325508.json"
"365170","146153","2025-12-14","48.00","NZD","1761325508","23477/2025-12-14/1761325508.json"
"510807","146155","2025-12-14","52.00","NZD","1761325508","23477/2025-12-14/1761325508.json"
"581513","221281","2025-12-15","36.00","NZD","1761325508","23477/2025-12-15/1761325508.json"
"581514","221282","2025-12-15","36.00","NZD","1761325508","23477/2025-12-15/1761325508.json"
"512557","146154","2025-12-15","45.00","NZD","1761325508","23477/2025-12-15/1761325508.json"
"365170","146153","2025-12-15","48.00","NZD","1761325508","23477/2025-12-15/1761325508.json"
"510807","146155","2025-12-15","52.00","NZD","1761325508","23477/2025-12-15/1761325508.json"
"581513","221281","2025-12-18","36.00","NZD","1761325508","23477/2025-12-18/1761325508.json"
"581514","221282","2025-12-18","36.00","NZD","1761325508","23477/2025-12-18/1761325508.json"
"512557","146154","2025-12-18","45.00","NZD","1761325508","23477/2025-12-18/1761325508.json"
"365170","146153","2025-12-18","48.00","NZD","1761325508","23477/2025-12-18/1761325508.json"
"510807","146155","2025-12-18","52.00","NZD","1761325508","23477/2025-12-18/1761325508.json"
"581513","221281","2025-12-17","36.00","NZD","1761325508","23477/2025-12-17/1761325508.json"
"581514","221282","2025-12-17","36.00","NZD","1761325508","23477/2025-12-17/1761325508.json"
"512557","146154","2025-12-17","45.00","NZD","1761325508","23477/2025-12-17/1761325508.json"
"365170","146153","2025-12-17","48.00","NZD","1761325508","23477/2025-12-17/1761325508.json"
"510807","146155","2025-12-17","52.00","NZD","1761325508","23477/2025-12-17/1761325508.json"
"581513","221281","2025-12-19","36.00","NZD","1761325508","23477/2025-12-19/1761325508.json"
"581514","221282","2025-12-19","36.00","NZD","1761325508","23477/2025-12-19/1761325508.json"
"512557","146154","2025-12-19","45.00","NZD","1761325508","23477/2025-12-19/1761325508.json"
"365170","146153","2025-12-19","48.00","NZD","1761325508","23477/2025-12-19/1761325508.json"
"510807","146155","2025-12-19","52.00","NZD","1761325508","23477/2025-12-19/1761325508.json"
"581513","221281","2025-12-16","36.00","NZD","1761325508","23477/2025-12-16/1761325508.json"
"581514","221282","2025-12-16","36.00","NZD","1761325508","23477/2025-12-16/1761325508.json"
"512557","146154","2025-12-16","45.00","NZD","1761325508","23477/2025-12-16/1761325508.json"
"365170","146153","2025-12-16","48.00","NZD","1761325508","23477/2025-12-16/1761325508.json"
"510807","146155","2025-12-16","52.00","NZD","1761325508","23477/2025-12-16/1761325508.json"
"581513","221281","2025-12-20","36.00","NZD","1761325508","23477/2025-12-20/1761325508.json"
"581514","221282","2025-12-20","36.00","NZD","1761325508","23477/2025-12-20/1761325508.json"
"512557","146154","2025-12-20","45.00","NZD","1761325508","23477/2025-12-20/1761325508.json"
"365170","146153","2025-12-20","48.00","NZD","1761325508","23477/2025-12-20/1761325508.json"
"510807","146155","2025-12-20","52.00","NZD","1761325508","23477/2025-12-20/1761325508.json"
"581513","221281","2025-12-22","36.00","NZD","1761325508","23477/2025-12-22/1761325508.json"
"581514","221282","2025-12-22","36.00","NZD","1761325508","23477/2025-12-22/1761325508.json"
"512557","146154","2025-12-22","45.00","NZD","1761325508","23477/2025-12-22/1761325508.json"
"365170","146153","2025-12-22","48.00","NZD","1761325508","23477/2025-12-22/1761325508.json"
"510807","146155","2025-12-22","52.00","NZD","1761325508","23477/2025-12-22/1761325508.json"
"581513","221281","2025-12-21","36.00","NZD","1761325508","23477/2025-12-21/1761325508.json"
"581514","221282","2025-12-21","36.00","NZD","1761325508","23477/2025-12-21/1761325508.json"
"512557","146154","2025-12-21","45.00","NZD","1761325508","23477/2025-12-21/1761325508.json"
"365170","146153","2025-12-21","48.00","NZD","1761325508","23477/2025-12-21/1761325508.json"
"510807","146155","2025-12-21","52.00","NZD","1761325508","23477/2025-12-21/1761325508.json"
"581513","221281","2025-12-23","38.00","NZD","1761325508","23477/2025-12-23/1761325508.json"
"581514","221282","2025-12-23","38.00","NZD","1761325508","23477/2025-12-23/1761325508.json"
"512557","146154","2025-12-23","45.00","NZD","1761325508","23477/2025-12-23/1761325508.json"
"365170","146153","2025-12-23","48.00","NZD","1761325508","23477/2025-12-23/1761325508.json"
"510807","146155","2025-12-23","52.00","NZD","1761325508","23477/2025-12-23/1761325508.json"
"581513","221281","2025-10-27","38.00","NZD","1761339139","23477/2025-10-27/1761339139.json"
"581514","221282","2025-10-27","38.00","NZD","1761339139","23477/2025-10-27/1761339139.json"
"512557","146154","2025-10-27","45.00","NZD","1761339139","23477/2025-10-27/1761339139.json"
"365170","146153","2025-10-27","48.00","NZD","1761339139","23477/2025-10-27/1761339139.json"
"510807","146155","2025-10-27","52.00","NZD","1761339139","23477/2025-10-27/1761339139.json"
"581513","221281","2025-10-26","38.00","NZD","1761339139","23477/2025-10-26/1761339139.json"
"581514","221282","2025-10-26","38.00","NZD","1761339139","23477/2025-10-26/1761339139.json"
"512557","146154","2025-10-26","45.00","NZD","1761339139","23477/2025-10-26/1761339139.json"
"581513","221281","2025-10-25","38.00","NZD","1761339139","23477/2025-10-25/1761339139.json"
"581514","221282","2025-10-25","38.00","NZD","1761339139","23477/2025-10-25/1761339139.json"
"512557","146154","2025-10-25","45.00","NZD","1761339139","23477/2025-10-25/1761339139.json"
"581513","221281","2025-10-28","36.00","NZD","1761339139","23477/2025-10-28/1761339139.json"
"581514","221282","2025-10-28","36.00","NZD","1761339139","23477/2025-10-28/1761339139.json"
"512557","146154","2025-10-28","45.00","NZD","1761339139","23477/2025-10-28/1761339139.json"
"365170","146153","2025-10-28","48.00","NZD","1761339139","23477/2025-10-28/1761339139.json"
"510807","146155","2025-10-28","52.00","NZD","1761339139","23477/2025-10-28/1761339139.json"
"581513","221281","2025-11-01","36.00","NZD","1761339139","23477/2025-11-01/1761339139.json"
"581514","221282","2025-11-01","36.00","NZD","1761339139","23477/2025-11-01/1761339139.json"
"512557","146154","2025-11-01","45.00","NZD","1761339139","23477/2025-11-01/1761339139.json"
"365170","146153","2025-11-01","48.00","NZD","1761339139","23477/2025-11-01/1761339139.json"
"510807","146155","2025-11-01","52.00","NZD","1761339139","23477/2025-11-01/1761339139.json"
"581513","221281","2025-10-29","36.00","NZD","1761339139","23477/2025-10-29/1761339139.json"
"581514","221282","2025-10-29","36.00","NZD","1761339139","23477/2025-10-29/1761339139.json"
"512557","146154","2025-10-29","45.00","NZD","1761339139","23477/2025-10-29/1761339139.json"
"365170","146153","2025-10-29","48.00","NZD","1761339139","23477/2025-10-29/1761339139.json"
"510807","146155","2025-10-29","52.00","NZD","1761339139","23477/2025-10-29/1761339139.json"
"581513","221281","2025-10-31","36.00","NZD","1761339139","23477/2025-10-31/1761339139.json"
"581514","221282","2025-10-31","36.00","NZD","1761339139","23477/2025-10-31/1761339139.json"
"512557","146154","2025-10-31","45.00","NZD","1761339139","23477/2025-10-31/1761339139.json"
"365170","146153","2025-10-31","48.00","NZD","1761339139","23477/2025-10-31/1761339139.json"
"510807","146155","2025-10-31","52.00","NZD","1761339139","23477/2025-10-31/1761339139.json"
"581513","221281","2025-10-30","36.00","NZD","1761339139","23477/2025-10-30/1761339139.json"
"581514","221282","2025-10-30","36.00","NZD","1761339139","23477/2025-10-30/1761339139.json"
"512557","146154","2025-10-30","45.00","NZD","1761339139","23477/2025-10-30/1761339139.json"
"365170","146153","2025-10-30","48.00","NZD","1761339139","23477/2025-10-30/1761339139.json"
"510807","146155","2025-10-30","52.00","NZD","1761339139","23477/2025-10-30/1761339139.json"
"581513","221281","2025-11-05","36.00","NZD","1761339139","23477/2025-11-05/1761339139.json"
"581514","221282","2025-11-05","36.00","NZD","1761339139","23477/2025-11-05/1761339139.json"
"512557","146154","2025-11-05","45.00","NZD","1761339139","23477/2025-11-05/1761339139.json"
"365170","146153","2025-11-05","48.00","NZD","1761339139","23477/2025-11-05/1761339139.json"
"510807","146155","2025-11-05","52.00","NZD","1761339139","23477/2025-11-05/1761339139.json"
"581513","221281","2025-11-02","36.00","NZD","1761339139","23477/2025-11-02/1761339139.json"
"581514","221282","2025-11-02","36.00","NZD","1761339139","23477/2025-11-02/1761339139.json"
"512557","146154","2025-11-02","45.00","NZD","1761339139","23477/2025-11-02/1761339139.json"
"365170","146153","2025-11-02","48.00","NZD","1761339139","23477/2025-11-02/1761339139.json"
"510807","146155","2025-11-02","52.00","NZD","1761339139","23477/2025-11-02/1761339139.json"
"581513","221281","2025-11-03","36.00","NZD","1761339139","23477/2025-11-03/1761339139.json"
"581514","221282","2025-11-03","36.00","NZD","1761339139","23477/2025-11-03/1761339139.json"
"512557","146154","2025-11-03","45.00","NZD","1761339139","23477/2025-11-03/1761339139.json"
"365170","146153","2025-11-03","48.00","NZD","1761339139","23477/2025-11-03/1761339139.json"
"510807","146155","2025-11-03","52.00","NZD","1761339139","23477/2025-11-03/1761339139.json"
"581513","221281","2025-11-04","36.00","NZD","1761339139","23477/2025-11-04/1761339139.json"
"581514","221282","2025-11-04","36.00","NZD","1761339139","23477/2025-11-04/1761339139.json"
"512557","146154","2025-11-04","45.00","NZD","1761339139","23477/2025-11-04/1761339139.json"
"365170","146153","2025-11-04","48.00","NZD","1761339139","23477/2025-11-04/1761339139.json"
"510807","146155","2025-11-04","52.00","NZD","1761339139","23477/2025-11-04/1761339139.json"
"581513","221281","2025-11-09","36.00","NZD","1761339139","23477/2025-11-09/1761339139.json"
"581514","221282","2025-11-09","36.00","NZD","1761339139","23477/2025-11-09/1761339139.json"
"512557","146154","2025-11-09","45.00","NZD","1761339139","23477/2025-11-09/1761339139.json"
"365170","146153","2025-11-09","48.00","NZD","1761339139","23477/2025-11-09/1761339139.json"
"510807","146155","2025-11-09","52.00","NZD","1761339139","23477/2025-11-09/1761339139.json"
"581513","221281","2025-11-08","36.00","NZD","1761339139","23477/2025-11-08/1761339139.json"
"581514","221282","2025-11-08","36.00","NZD","1761339139","23477/2025-11-08/1761339139.json"
"512557","146154","2025-11-08","45.00","NZD","1761339139","23477/2025-11-08/1761339139.json"
"365170","146153","2025-11-08","48.00","NZD","1761339139","23477/2025-11-08/1761339139.json"
"510807","146155","2025-11-08","52.00","NZD","1761339139","23477/2025-11-08/1761339139.json"
"581513","221281","2025-11-07","36.00","NZD","1761339139","23477/2025-11-07/1761339139.json"
"581514","221282","2025-11-07","36.00","NZD","1761339139","23477/2025-11-07/1761339139.json"
"512557","146154","2025-11-07","45.00","NZD","1761339139","23477/2025-11-07/1761339139.json"
"365170","146153","2025-11-07","48.00","NZD","1761339139","23477/2025-11-07/1761339139.json"
"510807","146155","2025-11-07","52.00","NZD","1761339139","23477/2025-11-07/1761339139.json"
"581513","221281","2025-11-06","36.00","NZD","1761339139","23477/2025-11-06/1761339139.json"
"581514","221282","2025-11-06","36.00","NZD","1761339139","23477/2025-11-06/1761339139.json"
"512557","146154","2025-11-06","45.00","NZD","1761339139","23477/2025-11-06/1761339139.json"
"365170","146153","2025-11-06","48.00","NZD","1761339139","23477/2025-11-06/1761339139.json"
"510807","146155","2025-11-06","52.00","NZD","1761339139","23477/2025-11-06/1761339139.json"
"581513","221281","2025-11-11","36.00","NZD","1761339139","23477/2025-11-11/1761339139.json"
"581514","221282","2025-11-11","36.00","NZD","1761339139","23477/2025-11-11/1761339139.json"
"512557","146154","2025-11-11","45.00","NZD","1761339139","23477/2025-11-11/1761339139.json"
"365170","146153","2025-11-11","48.00","NZD","1761339139","23477/2025-11-11/1761339139.json"
"510807","146155","2025-11-11","52.00","NZD","1761339139","23477/2025-11-11/1761339139.json"
"581513","221281","2025-11-10","36.00","NZD","1761339139","23477/2025-11-10/1761339139.json"
"581514","221282","2025-11-10","36.00","NZD","1761339139","23477/2025-11-10/1761339139.json"
"512557","146154","2025-11-10","45.00","NZD","1761339139","23477/2025-11-10/1761339139.json"
"365170","146153","2025-11-10","48.00","NZD","1761339139","23477/2025-11-10/1761339139.json"
"510807","146155","2025-11-10","52.00","NZD","1761339139","23477/2025-11-10/1761339139.json"
"581513","221281","2025-11-13","36.00","NZD","1761339139","23477/2025-11-13/1761339139.json"
"581514","221282","2025-11-13","36.00","NZD","1761339139","23477/2025-11-13/1761339139.json"
"512557","146154","2025-11-13","45.00","NZD","1761339139","23477/2025-11-13/1761339139.json"
"365170","146153","2025-11-13","48.00","NZD","1761339139","23477/2025-11-13/1761339139.json"
"510807","146155","2025-11-13","52.00","NZD","1761339139","23477/2025-11-13/1761339139.json"
"581513","221281","2025-11-14","36.00","NZD","1761339139","23477/2025-11-14/1761339139.json"
"581514","221282","2025-11-14","36.00","NZD","1761339139","23477/2025-11-14/1761339139.json"
"512557","146154","2025-11-14","45.00","NZD","1761339139","23477/2025-11-14/1761339139.json"
"365170","146153","2025-11-14","48.00","NZD","1761339139","23477/2025-11-14/1761339139.json"
"510807","146155","2025-11-14","52.00","NZD","1761339139","23477/2025-11-14/1761339139.json"
"581513","221281","2025-11-15","36.00","NZD","1761339139","23477/2025-11-15/1761339139.json"
"581514","221282","2025-11-15","36.00","NZD","1761339139","23477/2025-11-15/1761339139.json"
"512557","146154","2025-11-15","45.00","NZD","1761339139","23477/2025-11-15/1761339139.json"
"365170","146153","2025-11-15","48.00","NZD","1761339139","23477/2025-11-15/1761339139.json"
"510807","146155","2025-11-15","52.00","NZD","1761339139","23477/2025-11-15/1761339139.json"
"581513","221281","2025-11-16","36.00","NZD","1761339139","23477/2025-11-16/1761339139.json"
"581514","221282","2025-11-16","36.00","NZD","1761339139","23477/2025-11-16/1761339139.json"
"512557","146154","2025-11-16","45.00","NZD","1761339139","23477/2025-11-16/1761339139.json"
"365170","146153","2025-11-16","48.00","NZD","1761339139","23477/2025-11-16/1761339139.json"
"510807","146155","2025-11-16","52.00","NZD","1761339139","23477/2025-11-16/1761339139.json"
"581513","221281","2025-11-12","36.00","NZD","1761339139","23477/2025-11-12/1761339139.json"
"581514","221282","2025-11-12","36.00","NZD","1761339139","23477/2025-11-12/1761339139.json"
"512557","146154","2025-11-12","45.00","NZD","1761339139","23477/2025-11-12/1761339139.json"
"365170","146153","2025-11-12","48.00","NZD","1761339139","23477/2025-11-12/1761339139.json"
"510807","146155","2025-11-12","52.00","NZD","1761339139","23477/2025-11-12/1761339139.json"
"581513","221281","2025-11-17","36.00","NZD","1761339139","23477/2025-11-17/1761339139.json"
"581514","221282","2025-11-17","36.00","NZD","1761339139","23477/2025-11-17/1761339139.json"
"512557","146154","2025-11-17","45.00","NZD","1761339139","23477/2025-11-17/1761339139.json"
"365170","146153","2025-11-17","48.00","NZD","1761339139","23477/2025-11-17/1761339139.json"
"510807","146155","2025-11-17","52.00","NZD","1761339139","23477/2025-11-17/1761339139.json"
"581513","221281","2025-11-18","36.00","NZD","1761339139","23477/2025-11-18/1761339139.json"
"581514","221282","2025-11-18","36.00","NZD","1761339139","23477/2025-11-18/1761339139.json"
"512557","146154","2025-11-18","45.00","NZD","1761339139","23477/2025-11-18/1761339139.json"
"365170","146153","2025-11-18","48.00","NZD","1761339139","23477/2025-11-18/1761339139.json"
"510807","146155","2025-11-18","52.00","NZD","1761339139","23477/2025-11-18/1761339139.json"
"581513","221281","2025-11-19","36.00","NZD","1761339139","23477/2025-11-19/1761339139.json"
"581514","221282","2025-11-19","36.00","NZD","1761339139","23477/2025-11-19/1761339139.json"
"512557","146154","2025-11-19","45.00","NZD","1761339139","23477/2025-11-19/1761339139.json"
"365170","146153","2025-11-19","48.00","NZD","1761339139","23477/2025-11-19/1761339139.json"
"510807","146155","2025-11-19","52.00","NZD","1761339139","23477/2025-11-19/1761339139.json"
"581513","221281","2025-11-20","36.00","NZD","1761339139","23477/2025-11-20/1761339139.json"
"581514","221282","2025-11-20","36.00","NZD","1761339139","23477/2025-11-20/1761339139.json"
"512557","146154","2025-11-20","45.00","NZD","1761339139","23477/2025-11-20/1761339139.json"
"581513","221281","2025-11-21","36.00","NZD","1761339139","23477/2025-11-21/1761339139.json"
"581514","221282","2025-11-21","36.00","NZD","1761339139","23477/2025-11-21/1761339139.json"
"512557","146154","2025-11-21","45.00","NZD","1761339139","23477/2025-11-21/1761339139.json"
"365170","146153","2025-11-21","48.00","NZD","1761339139","23477/2025-11-21/1761339139.json"
"510807","146155","2025-11-21","52.00","NZD","1761339139","23477/2025-11-21/1761339139.json"
"581513","221281","2025-11-22","36.00","NZD","1761339139","23477/2025-11-22/1761339139.json"
"581514","221282","2025-11-22","36.00","NZD","1761339139","23477/2025-11-22/1761339139.json"
"512557","146154","2025-11-22","45.00","NZD","1761339139","23477/2025-11-22/1761339139.json"
"365170","146153","2025-11-22","48.00","NZD","1761339139","23477/2025-11-22/1761339139.json"
"510807","146155","2025-11-22","52.00","NZD","1761339139","23477/2025-11-22/1761339139.json"
"581513","221281","2025-11-23","36.00","NZD","1761339139","23477/2025-11-23/1761339139.json"
"581514","221282","2025-11-23","36.00","NZD","1761339139","23477/2025-11-23/1761339139.json"
"512557","146154","2025-11-23","45.00","NZD","1761339139","23477/2025-11-23/1761339139.json"
"365170","146153","2025-11-23","48.00","NZD","1761339139","23477/2025-11-23/1761339139.json"
"510807","146155","2025-11-23","52.00","NZD","1761339139","23477/2025-11-23/1761339139.json"
"581513","221281","2025-11-24","36.00","NZD","1761339139","23477/2025-11-24/1761339139.json"
"581514","221282","2025-11-24","36.00","NZD","1761339139","23477/2025-11-24/1761339139.json"
"512557","146154","2025-11-24","45.00","NZD","1761339139","23477/2025-11-24/1761339139.json"
"365170","146153","2025-11-24","48.00","NZD","1761339139","23477/2025-11-24/1761339139.json"
"510807","146155","2025-11-24","52.00","NZD","1761339139","23477/2025-11-24/1761339139.json"
"581513","221281","2025-11-26","36.00","NZD","1761339139","23477/2025-11-26/1761339139.json"
"581514","221282","2025-11-26","36.00","NZD","1761339139","23477/2025-11-26/1761339139.json"
"512557","146154","2025-11-26","45.00","NZD","1761339139","23477/2025-11-26/1761339139.json"
"365170","146153","2025-11-26","48.00","NZD","1761339139","23477/2025-11-26/1761339139.json"
"510807","146155","2025-11-26","52.00","NZD","1761339139","23477/2025-11-26/1761339139.json"
"581513","221281","2025-11-25","36.00","NZD","1761339139","23477/2025-11-25/1761339139.json"
"581514","221282","2025-11-25","36.00","NZD","1761339139","23477/2025-11-25/1761339139.json"
"512557","146154","2025-11-25","45.00","NZD","1761339139","23477/2025-11-25/1761339139.json"
"365170","146153","2025-11-25","48.00","NZD","1761339139","23477/2025-11-25/1761339139.json"
"510807","146155","2025-11-25","52.00","NZD","1761339139","23477/2025-11-25/1761339139.json"
"581513","221281","2025-11-27","36.00","NZD","1761339139","23477/2025-11-27/1761339139.json"
"581514","221282","2025-11-27","36.00","NZD","1761339139","23477/2025-11-27/1761339139.json"
"512557","146154","2025-11-27","45.00","NZD","1761339139","23477/2025-11-27/1761339139.json"
"365170","146153","2025-11-27","48.00","NZD","1761339139","23477/2025-11-27/1761339139.json"
"510807","146155","2025-11-27","52.00","NZD","1761339139","23477/2025-11-27/1761339139.json"
"581513","221281","2025-11-28","36.00","NZD","1761339139","23477/2025-11-28/1761339139.json"
"581514","221282","2025-11-28","36.00","NZD","1761339139","23477/2025-11-28/1761339139.json"
"512557","146154","2025-11-28","45.00","NZD","1761339139","23477/2025-11-28/1761339139.json"
"365170","146153","2025-11-28","48.00","NZD","1761339139","23477/2025-11-28/1761339139.json"
"510807","146155","2025-11-28","52.00","NZD","1761339139","23477/2025-11-28/1761339139.json"
"581513","221281","2025-11-29","36.00","NZD","1761339139","23477/2025-11-29/1761339139.json"
"581514","221282","2025-11-29","36.00","NZD","1761339139","23477/2025-11-29/1761339139.json"
"512557","146154","2025-11-29","45.00","NZD","1761339139","23477/2025-11-29/1761339139.json"
"365170","146153","2025-11-29","48.00","NZD","1761339139","23477/2025-11-29/1761339139.json"
"510807","146155","2025-11-29","52.00","NZD","1761339139","23477/2025-11-29/1761339139.json"
"581513","221281","2025-12-01","36.00","NZD","1761339139","23477/2025-12-01/1761339139.json"
"581514","221282","2025-12-01","36.00","NZD","1761339139","23477/2025-12-01/1761339139.json"
"512557","146154","2025-12-01","45.00","NZD","1761339139","23477/2025-12-01/1761339139.json"
"365170","146153","2025-12-01","48.00","NZD","1761339139","23477/2025-12-01/1761339139.json"
"510807","146155","2025-12-01","52.00","NZD","1761339139","23477/2025-12-01/1761339139.json"
"581513","221281","2025-11-30","36.00","NZD","1761339139","23477/2025-11-30/1761339139.json"
"581514","221282","2025-11-30","36.00","NZD","1761339139","23477/2025-11-30/1761339139.json"
"512557","146154","2025-11-30","45.00","NZD","1761339139","23477/2025-11-30/1761339139.json"
"365170","146153","2025-11-30","48.00","NZD","1761339139","23477/2025-11-30/1761339139.json"
"510807","146155","2025-11-30","52.00","NZD","1761339139","23477/2025-11-30/1761339139.json"
"581513","221281","2025-12-02","36.00","NZD","1761339139","23477/2025-12-02/1761339139.json"
"581514","221282","2025-12-02","36.00","NZD","1761339139","23477/2025-12-02/1761339139.json"
"512557","146154","2025-12-02","45.00","NZD","1761339139","23477/2025-12-02/1761339139.json"
"365170","146153","2025-12-02","48.00","NZD","1761339139","23477/2025-12-02/1761339139.json"
"510807","146155","2025-12-02","52.00","NZD","1761339139","23477/2025-12-02/1761339139.json"
"581513","221281","2025-12-04","36.00","NZD","1761339139","23477/2025-12-04/1761339139.json"
"581514","221282","2025-12-04","36.00","NZD","1761339139","23477/2025-12-04/1761339139.json"
"512557","146154","2025-12-04","45.00","NZD","1761339139","23477/2025-12-04/1761339139.json"
"365170","146153","2025-12-04","48.00","NZD","1761339139","23477/2025-12-04/1761339139.json"
"510807","146155","2025-12-04","52.00","NZD","1761339139","23477/2025-12-04/1761339139.json"
"581513","221281","2025-12-03","36.00","NZD","1761339139","23477/2025-12-03/1761339139.json"
"581514","221282","2025-12-03","36.00","NZD","1761339139","23477/2025-12-03/1761339139.json"
"512557","146154","2025-12-03","45.00","NZD","1761339139","23477/2025-12-03/1761339139.json"
"581513","221281","2025-12-05","36.00","NZD","1761339139","23477/2025-12-05/1761339139.json"
"365170","146153","2025-12-03","48.00","NZD","1761339139","23477/2025-12-03/1761339139.json"
"581514","221282","2025-12-05","36.00","NZD","1761339139","23477/2025-12-05/1761339139.json"
"510807","146155","2025-12-03","52.00","NZD","1761339139","23477/2025-12-03/1761339139.json"
"512557","146154","2025-12-05","45.00","NZD","1761339139","23477/2025-12-05/1761339139.json"
"365170","146153","2025-12-05","48.00","NZD","1761339139","23477/2025-12-05/1761339139.json"
"510807","146155","2025-12-05","52.00","NZD","1761339139","23477/2025-12-05/1761339139.json"
"581513","221281","2025-12-06","36.00","NZD","1761339139","23477/2025-12-06/1761339139.json"
"581514","221282","2025-12-06","36.00","NZD","1761339139","23477/2025-12-06/1761339139.json"
"512557","146154","2025-12-06","45.00","NZD","1761339139","23477/2025-12-06/1761339139.json"
"365170","146153","2025-12-06","48.00","NZD","1761339139","23477/2025-12-06/1761339139.json"
"510807","146155","2025-12-06","52.00","NZD","1761339139","23477/2025-12-06/1761339139.json"
"581513","221281","2025-12-07","36.00","NZD","1761339139","23477/2025-12-07/1761339139.json"
"581514","221282","2025-12-07","36.00","NZD","1761339139","23477/2025-12-07/1761339139.json"
"512557","146154","2025-12-07","45.00","NZD","1761339139","23477/2025-12-07/1761339139.json"
"365170","146153","2025-12-07","48.00","NZD","1761339139","23477/2025-12-07/1761339139.json"
"510807","146155","2025-12-07","52.00","NZD","1761339139","23477/2025-12-07/1761339139.json"
"581513","221281","2025-12-08","36.00","NZD","1761339139","23477/2025-12-08/1761339139.json"
"581514","221282","2025-12-08","36.00","NZD","1761339139","23477/2025-12-08/1761339139.json"
"512557","146154","2025-12-08","45.00","NZD","1761339139","23477/2025-12-08/1761339139.json"
"365170","146153","2025-12-08","48.00","NZD","1761339139","23477/2025-12-08/1761339139.json"
"510807","146155","2025-12-08","52.00","NZD","1761339139","23477/2025-12-08/1761339139.json"
"581513","221281","2025-12-09","36.00","NZD","1761339139","23477/2025-12-09/1761339139.json"
"581514","221282","2025-12-09","36.00","NZD","1761339139","23477/2025-12-09/1761339139.json"
"512557","146154","2025-12-09","45.00","NZD","1761339139","23477/2025-12-09/1761339139.json"
"365170","146153","2025-12-09","48.00","NZD","1761339139","23477/2025-12-09/1761339139.json"
"510807","146155","2025-12-09","52.00","NZD","1761339139","23477/2025-12-09/1761339139.json"
"581513","221281","2025-12-10","36.00","NZD","1761339139","23477/2025-12-10/1761339139.json"
"581514","221282","2025-12-10","36.00","NZD","1761339139","23477/2025-12-10/1761339139.json"
"512557","146154","2025-12-10","45.00","NZD","1761339139","23477/2025-12-10/1761339139.json"
"365170","146153","2025-12-10","48.00","NZD","1761339139","23477/2025-12-10/1761339139.json"
"510807","146155","2025-12-10","52.00","NZD","1761339139","23477/2025-12-10/1761339139.json"
"581513","221281","2025-12-13","36.00","NZD","1761339139","23477/2025-12-13/1761339139.json"
"581514","221282","2025-12-13","36.00","NZD","1761339139","23477/2025-12-13/1761339139.json"
"512557","146154","2025-12-13","45.00","NZD","1761339139","23477/2025-12-13/1761339139.json"
"365170","146153","2025-12-13","48.00","NZD","1761339139","23477/2025-12-13/1761339139.json"
"510807","146155","2025-12-13","52.00","NZD","1761339139","23477/2025-12-13/1761339139.json"
"581513","221281","2025-12-11","36.00","NZD","1761339139","23477/2025-12-11/1761339139.json"
"581514","221282","2025-12-11","36.00","NZD","1761339139","23477/2025-12-11/1761339139.json"
"512557","146154","2025-12-11","45.00","NZD","1761339139","23477/2025-12-11/1761339139.json"
"365170","146153","2025-12-11","48.00","NZD","1761339139","23477/2025-12-11/1761339139.json"
"510807","146155","2025-12-11","52.00","NZD","1761339139","23477/2025-12-11/1761339139.json"
"581513","221281","2025-12-12","36.00","NZD","1761339139","23477/2025-12-12/1761339139.json"
"581514","221282","2025-12-12","36.00","NZD","1761339139","23477/2025-12-12/1761339139.json"
"512557","146154","2025-12-12","45.00","NZD","1761339139","23477/2025-12-12/1761339139.json"
"365170","146153","2025-12-12","48.00","NZD","1761339139","23477/2025-12-12/1761339139.json"
"510807","146155","2025-12-12","52.00","NZD","1761339139","23477/2025-12-12/1761339139.json"
"581513","221281","2025-12-16","36.00","NZD","1761339139","23477/2025-12-16/1761339139.json"
"581514","221282","2025-12-16","36.00","NZD","1761339139","23477/2025-12-16/1761339139.json"
"512557","146154","2025-12-16","45.00","NZD","1761339139","23477/2025-12-16/1761339139.json"
"365170","146153","2025-12-16","48.00","NZD","1761339139","23477/2025-12-16/1761339139.json"
"510807","146155","2025-12-16","52.00","NZD","1761339139","23477/2025-12-16/1761339139.json"
"581513","221281","2025-12-14","36.00","NZD","1761339139","23477/2025-12-14/1761339139.json"
"581514","221282","2025-12-14","36.00","NZD","1761339139","23477/2025-12-14/1761339139.json"
"512557","146154","2025-12-14","45.00","NZD","1761339139","23477/2025-12-14/1761339139.json"
"365170","146153","2025-12-14","48.00","NZD","1761339139","23477/2025-12-14/1761339139.json"
"510807","146155","2025-12-14","52.00","NZD","1761339139","23477/2025-12-14/1761339139.json"
"581513","221281","2025-12-17","36.00","NZD","1761339139","23477/2025-12-17/1761339139.json"
"581514","221282","2025-12-17","36.00","NZD","1761339139","23477/2025-12-17/1761339139.json"
"512557","146154","2025-12-17","45.00","NZD","1761339139","23477/2025-12-17/1761339139.json"
"365170","146153","2025-12-17","48.00","NZD","1761339139","23477/2025-12-17/1761339139.json"
"510807","146155","2025-12-17","52.00","NZD","1761339139","23477/2025-12-17/1761339139.json"
"581513","221281","2025-12-15","36.00","NZD","1761339139","23477/2025-12-15/1761339139.json"
"581514","221282","2025-12-15","36.00","NZD","1761339139","23477/2025-12-15/1761339139.json"
"512557","146154","2025-12-15","45.00","NZD","1761339139","23477/2025-12-15/1761339139.json"
"365170","146153","2025-12-15","48.00","NZD","1761339139","23477/2025-12-15/1761339139.json"
"510807","146155","2025-12-15","52.00","NZD","1761339139","23477/2025-12-15/1761339139.json"
"581513","221281","2025-12-18","36.00","NZD","1761339139","23477/2025-12-18/1761339139.json"
"581514","221282","2025-12-18","36.00","NZD","1761339139","23477/2025-12-18/1761339139.json"
"512557","146154","2025-12-18","45.00","NZD","1761339139","23477/2025-12-18/1761339139.json"
"365170","146153","2025-12-18","48.00","NZD","1761339139","23477/2025-12-18/1761339139.json"
"510807","146155","2025-12-18","52.00","NZD","1761339139","23477/2025-12-18/1761339139.json"
"581513","221281","2025-12-21","36.00","NZD","1761339139","23477/2025-12-21/1761339139.json"
"581514","221282","2025-12-21","36.00","NZD","1761339139","23477/2025-12-21/1761339139.json"
"512557","146154","2025-12-21","45.00","NZD","1761339139","23477/2025-12-21/1761339139.json"
"365170","146153","2025-12-21","48.00","NZD","1761339139","23477/2025-12-21/1761339139.json"
"510807","146155","2025-12-21","52.00","NZD","1761339139","23477/2025-12-21/1761339139.json"
"581513","221281","2025-12-20","36.00","NZD","1761339139","23477/2025-12-20/1761339139.json"
"581514","221282","2025-12-20","36.00","NZD","1761339139","23477/2025-12-20/1761339139.json"
"512557","146154","2025-12-20","45.00","NZD","1761339139","23477/2025-12-20/1761339139.json"
"365170","146153","2025-12-20","48.00","NZD","1761339139","23477/2025-12-20/1761339139.json"
"510807","146155","2025-12-20","52.00","NZD","1761339139","23477/2025-12-20/1761339139.json"
"581513","221281","2025-12-19","36.00","NZD","1761339139","23477/2025-12-19/1761339139.json"
"581514","221282","2025-12-19","36.00","NZD","1761339139","23477/2025-12-19/1761339139.json"
"512557","146154","2025-12-19","45.00","NZD","1761339139","23477/2025-12-19/1761339139.json"
"365170","146153","2025-12-19","48.00","NZD","1761339139","23477/2025-12-19/1761339139.json"
"510807","146155","2025-12-19","52.00","NZD","1761339139","23477/2025-12-19/1761339139.json"
"581513","221281","2025-12-22","36.00","NZD","1761339139","23477/2025-12-22/1761339139.json"
"581514","221282","2025-12-22","36.00","NZD","1761339139","23477/2025-12-22/1761339139.json"
"512557","146154","2025-12-22","45.00","NZD","1761339139","23477/2025-12-22/1761339139.json"
"365170","146153","2025-12-22","48.00","NZD","1761339139","23477/2025-12-22/1761339139.json"
"510807","146155","2025-12-22","52.00","NZD","1761339139","23477/2025-12-22/1761339139.json"
"581513","221281","2025-12-23","38.00","NZD","1761339139","23477/2025-12-23/1761339139.json"
"581514","221282","2025-12-23","38.00","NZD","1761339139","23477/2025-12-23/1761339139.json"
"512557","146154","2025-12-23","45.00","NZD","1761339139","23477/2025-12-23/1761339139.json"
"365170","146153","2025-12-23","48.00","NZD","1761339139","23477/2025-12-23/1761339139.json"
"510807","146155","2025-12-23","52.00","NZD","1761339139","23477/2025-12-23/1761339139.json"
"581513","221281","2025-10-27","38.00","NZD","1761363053","23477/2025-10-27/1761363053.json"
"581513","221281","2025-10-26","38.00","NZD","1761363053","23477/2025-10-26/1761363053.json"
"581514","221282","2025-10-27","38.00","NZD","1761363053","23477/2025-10-27/1761363053.json"
"581514","221282","2025-10-26","38.00","NZD","1761363053","23477/2025-10-26/1761363053.json"
"512557","146154","2025-10-27","45.00","NZD","1761363053","23477/2025-10-27/1761363053.json"
"512557","146154","2025-10-26","45.00","NZD","1761363053","23477/2025-10-26/1761363053.json"
"365170","146153","2025-10-27","48.00","NZD","1761363053","23477/2025-10-27/1761363053.json"
"510807","146155","2025-10-27","52.00","NZD","1761363053","23477/2025-10-27/1761363053.json"
"581513","221281","2025-10-25","38.00","NZD","1761363053","23477/2025-10-25/1761363053.json"
"581514","221282","2025-10-25","38.00","NZD","1761363053","23477/2025-10-25/1761363053.json"
"512557","146154","2025-10-25","45.00","NZD","1761363053","23477/2025-10-25/1761363053.json"
"581513","221281","2025-10-28","36.00","NZD","1761363053","23477/2025-10-28/1761363053.json"
"581514","221282","2025-10-28","36.00","NZD","1761363053","23477/2025-10-28/1761363053.json"
"512557","146154","2025-10-28","45.00","NZD","1761363053","23477/2025-10-28/1761363053.json"
"365170","146153","2025-10-28","48.00","NZD","1761363053","23477/2025-10-28/1761363053.json"
"510807","146155","2025-10-28","52.00","NZD","1761363053","23477/2025-10-28/1761363053.json"
"581513","221281","2025-10-31","36.00","NZD","1761363053","23477/2025-10-31/1761363053.json"
"581514","221282","2025-10-31","36.00","NZD","1761363053","23477/2025-10-31/1761363053.json"
"512557","146154","2025-10-31","45.00","NZD","1761363053","23477/2025-10-31/1761363053.json"
"365170","146153","2025-10-31","48.00","NZD","1761363053","23477/2025-10-31/1761363053.json"
"510807","146155","2025-10-31","52.00","NZD","1761363053","23477/2025-10-31/1761363053.json"
"581513","221281","2025-10-29","36.00","NZD","1761363053","23477/2025-10-29/1761363053.json"
"581514","221282","2025-10-29","36.00","NZD","1761363053","23477/2025-10-29/1761363053.json"
"512557","146154","2025-10-29","45.00","NZD","1761363053","23477/2025-10-29/1761363053.json"
"365170","146153","2025-10-29","48.00","NZD","1761363053","23477/2025-10-29/1761363053.json"
"510807","146155","2025-10-29","52.00","NZD","1761363053","23477/2025-10-29/1761363053.json"
"581513","221281","2025-10-30","36.00","NZD","1761363053","23477/2025-10-30/1761363053.json"
"581514","221282","2025-10-30","36.00","NZD","1761363053","23477/2025-10-30/1761363053.json"
"512557","146154","2025-10-30","45.00","NZD","1761363053","23477/2025-10-30/1761363053.json"
"365170","146153","2025-10-30","48.00","NZD","1761363053","23477/2025-10-30/1761363053.json"
"510807","146155","2025-10-30","52.00","NZD","1761363053","23477/2025-10-30/1761363053.json"
"581513","221281","2025-11-02","36.00","NZD","1761363053","23477/2025-11-02/1761363053.json"
"581514","221282","2025-11-02","36.00","NZD","1761363053","23477/2025-11-02/1761363053.json"
"512557","146154","2025-11-02","45.00","NZD","1761363053","23477/2025-11-02/1761363053.json"
"365170","146153","2025-11-02","48.00","NZD","1761363053","23477/2025-11-02/1761363053.json"
"510807","146155","2025-11-02","52.00","NZD","1761363053","23477/2025-11-02/1761363053.json"
"581513","221281","2025-11-01","36.00","NZD","1761363053","23477/2025-11-01/1761363053.json"
"581514","221282","2025-11-01","36.00","NZD","1761363053","23477/2025-11-01/1761363053.json"
"512557","146154","2025-11-01","45.00","NZD","1761363053","23477/2025-11-01/1761363053.json"
"365170","146153","2025-11-01","48.00","NZD","1761363053","23477/2025-11-01/1761363053.json"
"510807","146155","2025-11-01","52.00","NZD","1761363053","23477/2025-11-01/1761363053.json"
"581513","221281","2025-11-04","36.00","NZD","1761363053","23477/2025-11-04/1761363053.json"
"581514","221282","2025-11-04","36.00","NZD","1761363053","23477/2025-11-04/1761363053.json"
"512557","146154","2025-11-04","45.00","NZD","1761363053","23477/2025-11-04/1761363053.json"
"365170","146153","2025-11-04","48.00","NZD","1761363053","23477/2025-11-04/1761363053.json"
"510807","146155","2025-11-04","52.00","NZD","1761363053","23477/2025-11-04/1761363053.json"
"581513","221281","2025-11-03","36.00","NZD","1761363053","23477/2025-11-03/1761363053.json"
"581514","221282","2025-11-03","36.00","NZD","1761363053","23477/2025-11-03/1761363053.json"
"512557","146154","2025-11-03","45.00","NZD","1761363053","23477/2025-11-03/1761363053.json"
"365170","146153","2025-11-03","48.00","NZD","1761363053","23477/2025-11-03/1761363053.json"
"510807","146155","2025-11-03","52.00","NZD","1761363053","23477/2025-11-03/1761363053.json"
"581513","221281","2025-11-05","36.00","NZD","1761363053","23477/2025-11-05/1761363053.json"
"581514","221282","2025-11-05","36.00","NZD","1761363053","23477/2025-11-05/1761363053.json"
"512557","146154","2025-11-05","45.00","NZD","1761363053","23477/2025-11-05/1761363053.json"
"365170","146153","2025-11-05","48.00","NZD","1761363053","23477/2025-11-05/1761363053.json"
"510807","146155","2025-11-05","52.00","NZD","1761363053","23477/2025-11-05/1761363053.json"
"581513","221281","2025-11-06","36.00","NZD","1761363053","23477/2025-11-06/1761363053.json"
"581514","221282","2025-11-06","36.00","NZD","1761363053","23477/2025-11-06/1761363053.json"
"512557","146154","2025-11-06","45.00","NZD","1761363053","23477/2025-11-06/1761363053.json"
"365170","146153","2025-11-06","48.00","NZD","1761363053","23477/2025-11-06/1761363053.json"
"510807","146155","2025-11-06","52.00","NZD","1761363053","23477/2025-11-06/1761363053.json"
"581513","221281","2025-11-07","36.00","NZD","1761363053","23477/2025-11-07/1761363053.json"
"581514","221282","2025-11-07","36.00","NZD","1761363053","23477/2025-11-07/1761363053.json"
"512557","146154","2025-11-07","45.00","NZD","1761363053","23477/2025-11-07/1761363053.json"
"365170","146153","2025-11-07","48.00","NZD","1761363053","23477/2025-11-07/1761363053.json"
"510807","146155","2025-11-07","52.00","NZD","1761363053","23477/2025-11-07/1761363053.json"
"581513","221281","2025-11-08","36.00","NZD","1761363053","23477/2025-11-08/1761363053.json"
"581514","221282","2025-11-08","36.00","NZD","1761363053","23477/2025-11-08/1761363053.json"
"512557","146154","2025-11-08","45.00","NZD","1761363053","23477/2025-11-08/1761363053.json"
"365170","146153","2025-11-08","48.00","NZD","1761363053","23477/2025-11-08/1761363053.json"
"510807","146155","2025-11-08","52.00","NZD","1761363053","23477/2025-11-08/1761363053.json"
"581513","221281","2025-11-09","36.00","NZD","1761363053","23477/2025-11-09/1761363053.json"
"581514","221282","2025-11-09","36.00","NZD","1761363053","23477/2025-11-09/1761363053.json"
"512557","146154","2025-11-09","45.00","NZD","1761363053","23477/2025-11-09/1761363053.json"
"365170","146153","2025-11-09","48.00","NZD","1761363053","23477/2025-11-09/1761363053.json"
"510807","146155","2025-11-09","52.00","NZD","1761363053","23477/2025-11-09/1761363053.json"
"581513","221281","2025-11-11","36.00","NZD","1761363053","23477/2025-11-11/1761363053.json"
"581513","221281","2025-11-10","36.00","NZD","1761363053","23477/2025-11-10/1761363053.json"
"581514","221282","2025-11-11","36.00","NZD","1761363053","23477/2025-11-11/1761363053.json"
"512557","146154","2025-11-11","45.00","NZD","1761363053","23477/2025-11-11/1761363053.json"
"581514","221282","2025-11-10","36.00","NZD","1761363053","23477/2025-11-10/1761363053.json"
"365170","146153","2025-11-11","48.00","NZD","1761363053","23477/2025-11-11/1761363053.json"
"512557","146154","2025-11-10","45.00","NZD","1761363053","23477/2025-11-10/1761363053.json"
"510807","146155","2025-11-11","52.00","NZD","1761363053","23477/2025-11-11/1761363053.json"
"365170","146153","2025-11-10","48.00","NZD","1761363053","23477/2025-11-10/1761363053.json"
"510807","146155","2025-11-10","52.00","NZD","1761363053","23477/2025-11-10/1761363053.json"
"581513","221281","2025-11-12","36.00","NZD","1761363053","23477/2025-11-12/1761363053.json"
"581514","221282","2025-11-12","36.00","NZD","1761363053","23477/2025-11-12/1761363053.json"
"512557","146154","2025-11-12","45.00","NZD","1761363053","23477/2025-11-12/1761363053.json"
"365170","146153","2025-11-12","48.00","NZD","1761363053","23477/2025-11-12/1761363053.json"
"510807","146155","2025-11-12","52.00","NZD","1761363053","23477/2025-11-12/1761363053.json"
"581513","221281","2025-11-13","36.00","NZD","1761363053","23477/2025-11-13/1761363053.json"
"581514","221282","2025-11-13","36.00","NZD","1761363053","23477/2025-11-13/1761363053.json"
"512557","146154","2025-11-13","45.00","NZD","1761363053","23477/2025-11-13/1761363053.json"
"365170","146153","2025-11-13","48.00","NZD","1761363053","23477/2025-11-13/1761363053.json"
"510807","146155","2025-11-13","52.00","NZD","1761363053","23477/2025-11-13/1761363053.json"
"581513","221281","2025-11-15","36.00","NZD","1761363053","23477/2025-11-15/1761363053.json"
"581514","221282","2025-11-15","36.00","NZD","1761363053","23477/2025-11-15/1761363053.json"
"512557","146154","2025-11-15","45.00","NZD","1761363053","23477/2025-11-15/1761363053.json"
"365170","146153","2025-11-15","48.00","NZD","1761363053","23477/2025-11-15/1761363053.json"
"510807","146155","2025-11-15","52.00","NZD","1761363053","23477/2025-11-15/1761363053.json"
"581513","221281","2025-11-14","36.00","NZD","1761363053","23477/2025-11-14/1761363053.json"
"581514","221282","2025-11-14","36.00","NZD","1761363053","23477/2025-11-14/1761363053.json"
"512557","146154","2025-11-14","45.00","NZD","1761363053","23477/2025-11-14/1761363053.json"
"365170","146153","2025-11-14","48.00","NZD","1761363053","23477/2025-11-14/1761363053.json"
"510807","146155","2025-11-14","52.00","NZD","1761363053","23477/2025-11-14/1761363053.json"
"581513","221281","2025-11-16","36.00","NZD","1761363053","23477/2025-11-16/1761363053.json"
"581514","221282","2025-11-16","36.00","NZD","1761363053","23477/2025-11-16/1761363053.json"
"512557","146154","2025-11-16","45.00","NZD","1761363053","23477/2025-11-16/1761363053.json"
"365170","146153","2025-11-16","48.00","NZD","1761363053","23477/2025-11-16/1761363053.json"
"510807","146155","2025-11-16","52.00","NZD","1761363053","23477/2025-11-16/1761363053.json"
"581513","221281","2025-11-19","36.00","NZD","1761363053","23477/2025-11-19/1761363053.json"
"581514","221282","2025-11-19","36.00","NZD","1761363053","23477/2025-11-19/1761363053.json"
"512557","146154","2025-11-19","45.00","NZD","1761363053","23477/2025-11-19/1761363053.json"
"365170","146153","2025-11-19","48.00","NZD","1761363053","23477/2025-11-19/1761363053.json"
"510807","146155","2025-11-19","52.00","NZD","1761363053","23477/2025-11-19/1761363053.json"
"581513","221281","2025-11-17","36.00","NZD","1761363053","23477/2025-11-17/1761363053.json"
"581514","221282","2025-11-17","36.00","NZD","1761363053","23477/2025-11-17/1761363053.json"
"512557","146154","2025-11-17","45.00","NZD","1761363053","23477/2025-11-17/1761363053.json"
"365170","146153","2025-11-17","48.00","NZD","1761363053","23477/2025-11-17/1761363053.json"
"510807","146155","2025-11-17","52.00","NZD","1761363053","23477/2025-11-17/1761363053.json"
"581513","221281","2025-11-18","36.00","NZD","1761363053","23477/2025-11-18/1761363053.json"
"581514","221282","2025-11-18","36.00","NZD","1761363053","23477/2025-11-18/1761363053.json"
"512557","146154","2025-11-18","45.00","NZD","1761363053","23477/2025-11-18/1761363053.json"
"365170","146153","2025-11-18","48.00","NZD","1761363053","23477/2025-11-18/1761363053.json"
"510807","146155","2025-11-18","52.00","NZD","1761363053","23477/2025-11-18/1761363053.json"
"581513","221281","2025-11-21","36.00","NZD","1761363053","23477/2025-11-21/1761363053.json"
"581514","221282","2025-11-21","36.00","NZD","1761363053","23477/2025-11-21/1761363053.json"
"512557","146154","2025-11-21","45.00","NZD","1761363053","23477/2025-11-21/1761363053.json"
"365170","146153","2025-11-21","48.00","NZD","1761363053","23477/2025-11-21/1761363053.json"
"510807","146155","2025-11-21","52.00","NZD","1761363053","23477/2025-11-21/1761363053.json"
"581513","221281","2025-11-20","36.00","NZD","1761363053","23477/2025-11-20/1761363053.json"
"581514","221282","2025-11-20","36.00","NZD","1761363053","23477/2025-11-20/1761363053.json"
"512557","146154","2025-11-20","45.00","NZD","1761363053","23477/2025-11-20/1761363053.json"
"581513","221281","2025-11-22","36.00","NZD","1761363053","23477/2025-11-22/1761363053.json"
"581514","221282","2025-11-22","36.00","NZD","1761363053","23477/2025-11-22/1761363053.json"
"512557","146154","2025-11-22","45.00","NZD","1761363053","23477/2025-11-22/1761363053.json"
"365170","146153","2025-11-22","48.00","NZD","1761363053","23477/2025-11-22/1761363053.json"
"510807","146155","2025-11-22","52.00","NZD","1761363053","23477/2025-11-22/1761363053.json"
"581513","221281","2025-11-23","36.00","NZD","1761363053","23477/2025-11-23/1761363053.json"
"581514","221282","2025-11-23","36.00","NZD","1761363053","23477/2025-11-23/1761363053.json"
"512557","146154","2025-11-23","45.00","NZD","1761363053","23477/2025-11-23/1761363053.json"
"365170","146153","2025-11-23","48.00","NZD","1761363053","23477/2025-11-23/1761363053.json"
"510807","146155","2025-11-23","52.00","NZD","1761363053","23477/2025-11-23/1761363053.json"
"581513","221281","2025-11-24","36.00","NZD","1761363053","23477/2025-11-24/1761363053.json"
"581514","221282","2025-11-24","36.00","NZD","1761363053","23477/2025-11-24/1761363053.json"
"512557","146154","2025-11-24","45.00","NZD","1761363053","23477/2025-11-24/1761363053.json"
"365170","146153","2025-11-24","48.00","NZD","1761363053","23477/2025-11-24/1761363053.json"
"510807","146155","2025-11-24","52.00","NZD","1761363053","23477/2025-11-24/1761363053.json"
"581513","221281","2025-11-25","36.00","NZD","1761363053","23477/2025-11-25/1761363053.json"
"581514","221282","2025-11-25","36.00","NZD","1761363053","23477/2025-11-25/1761363053.json"
"512557","146154","2025-11-25","45.00","NZD","1761363053","23477/2025-11-25/1761363053.json"
"365170","146153","2025-11-25","48.00","NZD","1761363053","23477/2025-11-25/1761363053.json"
"510807","146155","2025-11-25","52.00","NZD","1761363053","23477/2025-11-25/1761363053.json"
"581513","221281","2025-11-26","36.00","NZD","1761363053","23477/2025-11-26/1761363053.json"
"581514","221282","2025-11-26","36.00","NZD","1761363053","23477/2025-11-26/1761363053.json"
"512557","146154","2025-11-26","45.00","NZD","1761363053","23477/2025-11-26/1761363053.json"
"365170","146153","2025-11-26","48.00","NZD","1761363053","23477/2025-11-26/1761363053.json"
"510807","146155","2025-11-26","52.00","NZD","1761363053","23477/2025-11-26/1761363053.json"
"581513","221281","2025-11-27","36.00","NZD","1761363053","23477/2025-11-27/1761363053.json"
"581514","221282","2025-11-27","36.00","NZD","1761363053","23477/2025-11-27/1761363053.json"
"512557","146154","2025-11-27","45.00","NZD","1761363053","23477/2025-11-27/1761363053.json"
"365170","146153","2025-11-27","48.00","NZD","1761363053","23477/2025-11-27/1761363053.json"
"510807","146155","2025-11-27","52.00","NZD","1761363053","23477/2025-11-27/1761363053.json"
"581513","221281","2025-11-29","36.00","NZD","1761363053","23477/2025-11-29/1761363053.json"
"581514","221282","2025-11-29","36.00","NZD","1761363053","23477/2025-11-29/1761363053.json"
"512557","146154","2025-11-29","45.00","NZD","1761363053","23477/2025-11-29/1761363053.json"
"365170","146153","2025-11-29","48.00","NZD","1761363053","23477/2025-11-29/1761363053.json"
"510807","146155","2025-11-29","52.00","NZD","1761363053","23477/2025-11-29/1761363053.json"
"581513","221281","2025-11-30","36.00","NZD","1761363053","23477/2025-11-30/1761363053.json"
"581514","221282","2025-11-30","36.00","NZD","1761363053","23477/2025-11-30/1761363053.json"
"512557","146154","2025-11-30","45.00","NZD","1761363053","23477/2025-11-30/1761363053.json"
"365170","146153","2025-11-30","48.00","NZD","1761363053","23477/2025-11-30/1761363053.json"
"510807","146155","2025-11-30","52.00","NZD","1761363053","23477/2025-11-30/1761363053.json"
"581513","221281","2025-11-28","36.00","NZD","1761363053","23477/2025-11-28/1761363053.json"
"581514","221282","2025-11-28","36.00","NZD","1761363053","23477/2025-11-28/1761363053.json"
"512557","146154","2025-11-28","45.00","NZD","1761363053","23477/2025-11-28/1761363053.json"
"365170","146153","2025-11-28","48.00","NZD","1761363053","23477/2025-11-28/1761363053.json"
"510807","146155","2025-11-28","52.00","NZD","1761363053","23477/2025-11-28/1761363053.json"
"581513","221281","2025-12-01","36.00","NZD","1761363053","23477/2025-12-01/1761363053.json"
"581514","221282","2025-12-01","36.00","NZD","1761363053","23477/2025-12-01/1761363053.json"
"512557","146154","2025-12-01","45.00","NZD","1761363053","23477/2025-12-01/1761363053.json"
"365170","146153","2025-12-01","48.00","NZD","1761363053","23477/2025-12-01/1761363053.json"
"510807","146155","2025-12-01","52.00","NZD","1761363053","23477/2025-12-01/1761363053.json"
"581513","221281","2025-12-02","36.00","NZD","1761363053","23477/2025-12-02/1761363053.json"
"581514","221282","2025-12-02","36.00","NZD","1761363053","23477/2025-12-02/1761363053.json"
"512557","146154","2025-12-02","45.00","NZD","1761363053","23477/2025-12-02/1761363053.json"
"365170","146153","2025-12-02","48.00","NZD","1761363053","23477/2025-12-02/1761363053.json"
"510807","146155","2025-12-02","52.00","NZD","1761363053","23477/2025-12-02/1761363053.json"
"581513","221281","2025-12-04","36.00","NZD","1761363053","23477/2025-12-04/1761363053.json"
"581514","221282","2025-12-04","36.00","NZD","1761363053","23477/2025-12-04/1761363053.json"
"512557","146154","2025-12-04","45.00","NZD","1761363053","23477/2025-12-04/1761363053.json"
"365170","146153","2025-12-04","48.00","NZD","1761363053","23477/2025-12-04/1761363053.json"
"510807","146155","2025-12-04","52.00","NZD","1761363053","23477/2025-12-04/1761363053.json"
"581513","221281","2025-12-03","36.00","NZD","1761363053","23477/2025-12-03/1761363053.json"
"581514","221282","2025-12-03","36.00","NZD","1761363053","23477/2025-12-03/1761363053.json"
"512557","146154","2025-12-03","45.00","NZD","1761363053","23477/2025-12-03/1761363053.json"
"365170","146153","2025-12-03","48.00","NZD","1761363053","23477/2025-12-03/1761363053.json"
"510807","146155","2025-12-03","52.00","NZD","1761363053","23477/2025-12-03/1761363053.json"
"581513","221281","2025-12-05","36.00","NZD","1761363053","23477/2025-12-05/1761363053.json"
"581514","221282","2025-12-05","36.00","NZD","1761363053","23477/2025-12-05/1761363053.json"
"512557","146154","2025-12-05","45.00","NZD","1761363053","23477/2025-12-05/1761363053.json"
"365170","146153","2025-12-05","48.00","NZD","1761363053","23477/2025-12-05/1761363053.json"
"510807","146155","2025-12-05","52.00","NZD","1761363053","23477/2025-12-05/1761363053.json"
"581513","221281","2025-12-06","36.00","NZD","1761363053","23477/2025-12-06/1761363053.json"
"581514","221282","2025-12-06","36.00","NZD","1761363053","23477/2025-12-06/1761363053.json"
"512557","146154","2025-12-06","45.00","NZD","1761363053","23477/2025-12-06/1761363053.json"
"365170","146153","2025-12-06","48.00","NZD","1761363053","23477/2025-12-06/1761363053.json"
"510807","146155","2025-12-06","52.00","NZD","1761363053","23477/2025-12-06/1761363053.json"
"581513","221281","2025-12-07","36.00","NZD","1761363053","23477/2025-12-07/1761363053.json"
"581514","221282","2025-12-07","36.00","NZD","1761363053","23477/2025-12-07/1761363053.json"
"512557","146154","2025-12-07","45.00","NZD","1761363053","23477/2025-12-07/1761363053.json"
"365170","146153","2025-12-07","48.00","NZD","1761363053","23477/2025-12-07/1761363053.json"
"510807","146155","2025-12-07","52.00","NZD","1761363053","23477/2025-12-07/1761363053.json"
"581513","221281","2025-12-08","36.00","NZD","1761363053","23477/2025-12-08/1761363053.json"
"581514","221282","2025-12-08","36.00","NZD","1761363053","23477/2025-12-08/1761363053.json"
"512557","146154","2025-12-08","45.00","NZD","1761363053","23477/2025-12-08/1761363053.json"
"365170","146153","2025-12-08","48.00","NZD","1761363053","23477/2025-12-08/1761363053.json"
"510807","146155","2025-12-08","52.00","NZD","1761363053","23477/2025-12-08/1761363053.json"
"581513","221281","2025-12-09","36.00","NZD","1761363053","23477/2025-12-09/1761363053.json"
"581514","221282","2025-12-09","36.00","NZD","1761363053","23477/2025-12-09/1761363053.json"
"512557","146154","2025-12-09","45.00","NZD","1761363053","23477/2025-12-09/1761363053.json"
"365170","146153","2025-12-09","48.00","NZD","1761363053","23477/2025-12-09/1761363053.json"
"510807","146155","2025-12-09","52.00","NZD","1761363053","23477/2025-12-09/1761363053.json"
"581513","221281","2025-12-10","36.00","NZD","1761363053","23477/2025-12-10/1761363053.json"
"581514","221282","2025-12-10","36.00","NZD","1761363053","23477/2025-12-10/1761363053.json"
"512557","146154","2025-12-10","45.00","NZD","1761363053","23477/2025-12-10/1761363053.json"
"365170","146153","2025-12-10","48.00","NZD","1761363053","23477/2025-12-10/1761363053.json"
"510807","146155","2025-12-10","52.00","NZD","1761363053","23477/2025-12-10/1761363053.json"
"581513","221281","2025-12-11","36.00","NZD","1761363053","23477/2025-12-11/1761363053.json"
"581514","221282","2025-12-11","36.00","NZD","1761363053","23477/2025-12-11/1761363053.json"
"512557","146154","2025-12-11","45.00","NZD","1761363053","23477/2025-12-11/1761363053.json"
"365170","146153","2025-12-11","48.00","NZD","1761363053","23477/2025-12-11/1761363053.json"
"510807","146155","2025-12-11","52.00","NZD","1761363053","23477/2025-12-11/1761363053.json"
"581513","221281","2025-12-12","36.00","NZD","1761363053","23477/2025-12-12/1761363053.json"
"581514","221282","2025-12-12","36.00","NZD","1761363053","23477/2025-12-12/1761363053.json"
"512557","146154","2025-12-12","45.00","NZD","1761363053","23477/2025-12-12/1761363053.json"
"365170","146153","2025-12-12","48.00","NZD","1761363053","23477/2025-12-12/1761363053.json"
"510807","146155","2025-12-12","52.00","NZD","1761363053","23477/2025-12-12/1761363053.json"
"581513","221281","2025-12-13","36.00","NZD","1761363053","23477/2025-12-13/1761363053.json"
"581514","221282","2025-12-13","36.00","NZD","1761363053","23477/2025-12-13/1761363053.json"
"512557","146154","2025-12-13","45.00","NZD","1761363053","23477/2025-12-13/1761363053.json"
"365170","146153","2025-12-13","48.00","NZD","1761363053","23477/2025-12-13/1761363053.json"
"510807","146155","2025-12-13","52.00","NZD","1761363053","23477/2025-12-13/1761363053.json"
"581513","221281","2025-12-14","36.00","NZD","1761363053","23477/2025-12-14/1761363053.json"
"581514","221282","2025-12-14","36.00","NZD","1761363053","23477/2025-12-14/1761363053.json"
"512557","146154","2025-12-14","45.00","NZD","1761363053","23477/2025-12-14/1761363053.json"
"365170","146153","2025-12-14","48.00","NZD","1761363053","23477/2025-12-14/1761363053.json"
"510807","146155","2025-12-14","52.00","NZD","1761363053","23477/2025-12-14/1761363053.json"
"581513","221281","2025-12-16","36.00","NZD","1761363053","23477/2025-12-16/1761363053.json"
"581514","221282","2025-12-16","36.00","NZD","1761363053","23477/2025-12-16/1761363053.json"
"512557","146154","2025-12-16","45.00","NZD","1761363053","23477/2025-12-16/1761363053.json"
"365170","146153","2025-12-16","48.00","NZD","1761363053","23477/2025-12-16/1761363053.json"
"510807","146155","2025-12-16","52.00","NZD","1761363053","23477/2025-12-16/1761363053.json"
"581513","221281","2025-12-15","36.00","NZD","1761363053","23477/2025-12-15/1761363053.json"
"581514","221282","2025-12-15","36.00","NZD","1761363053","23477/2025-12-15/1761363053.json"
"512557","146154","2025-12-15","45.00","NZD","1761363053","23477/2025-12-15/1761363053.json"
"365170","146153","2025-12-15","48.00","NZD","1761363053","23477/2025-12-15/1761363053.json"
"510807","146155","2025-12-15","52.00","NZD","1761363053","23477/2025-12-15/1761363053.json"
"581513","221281","2025-12-18","36.00","NZD","1761363053","23477/2025-12-18/1761363053.json"
"581514","221282","2025-12-18","36.00","NZD","1761363053","23477/2025-12-18/1761363053.json"
"512557","146154","2025-12-18","45.00","NZD","1761363053","23477/2025-12-18/1761363053.json"
"365170","146153","2025-12-18","48.00","NZD","1761363053","23477/2025-12-18/1761363053.json"
"510807","146155","2025-12-18","52.00","NZD","1761363053","23477/2025-12-18/1761363053.json"
"581513","221281","2025-12-17","36.00","NZD","1761363053","23477/2025-12-17/1761363053.json"
"581514","221282","2025-12-17","36.00","NZD","1761363053","23477/2025-12-17/1761363053.json"
"512557","146154","2025-12-17","45.00","NZD","1761363053","23477/2025-12-17/1761363053.json"
"365170","146153","2025-12-17","48.00","NZD","1761363053","23477/2025-12-17/1761363053.json"
"510807","146155","2025-12-17","52.00","NZD","1761363053","23477/2025-12-17/1761363053.json"
"581513","221281","2025-12-19","36.00","NZD","1761363053","23477/2025-12-19/1761363053.json"
"581514","221282","2025-12-19","36.00","NZD","1761363053","23477/2025-12-19/1761363053.json"
"512557","146154","2025-12-19","45.00","NZD","1761363053","23477/2025-12-19/1761363053.json"
"365170","146153","2025-12-19","48.00","NZD","1761363053","23477/2025-12-19/1761363053.json"
"510807","146155","2025-12-19","52.00","NZD","1761363053","23477/2025-12-19/1761363053.json"
"581513","221281","2025-12-20","36.00","NZD","1761363053","23477/2025-12-20/1761363053.json"
"581514","221282","2025-12-20","36.00","NZD","1761363053","23477/2025-12-20/1761363053.json"
"512557","146154","2025-12-20","45.00","NZD","1761363053","23477/2025-12-20/1761363053.json"
"365170","146153","2025-12-20","48.00","NZD","1761363053","23477/2025-12-20/1761363053.json"
"510807","146155","2025-12-20","52.00","NZD","1761363053","23477/2025-12-20/1761363053.json"
"581513","221281","2025-12-23","38.00","NZD","1761363053","23477/2025-12-23/1761363053.json"
"581514","221282","2025-12-23","38.00","NZD","1761363053","23477/2025-12-23/1761363053.json"
"512557","146154","2025-12-23","45.00","NZD","1761363053","23477/2025-12-23/1761363053.json"
"365170","146153","2025-12-23","48.00","NZD","1761363053","23477/2025-12-23/1761363053.json"
"510807","146155","2025-12-23","52.00","NZD","1761363053","23477/2025-12-23/1761363053.json"
"581513","221281","2025-12-21","36.00","NZD","1761363053","23477/2025-12-21/1761363053.json"
"581514","221282","2025-12-21","36.00","NZD","1761363053","23477/2025-12-21/1761363053.json"
"512557","146154","2025-12-21","45.00","NZD","1761363053","23477/2025-12-21/1761363053.json"
"365170","146153","2025-12-21","48.00","NZD","1761363053","23477/2025-12-21/1761363053.json"
"510807","146155","2025-12-21","52.00","NZD","1761363053","23477/2025-12-21/1761363053.json"
"581513","221281","2025-12-22","36.00","NZD","1761363053","23477/2025-12-22/1761363053.json"
"581514","221282","2025-12-22","36.00","NZD","1761363053","23477/2025-12-22/1761363053.json"
"512557","146154","2025-12-22","45.00","NZD","1761363053","23477/2025-12-22/1761363053.json"
"365170","146153","2025-12-22","48.00","NZD","1761363053","23477/2025-12-22/1761363053.json"
"510807","146155","2025-12-22","52.00","NZD","1761363053","23477/2025-12-22/1761363053.json"
"581513","221281","2025-12-24","38.00","NZD","1761363053","23477/2025-12-24/1761363053.json"
"581514","221282","2025-12-24","38.00","NZD","1761363053","23477/2025-12-24/1761363053.json"
"512557","146154","2025-12-24","45.00","NZD","1761363053","23477/2025-12-24/1761363053.json"
"365170","146153","2025-12-24","48.00","NZD","1761363053","23477/2025-12-24/1761363053.json"
"510807","146155","2025-12-24","52.00","NZD","1761363053","23477/2025-12-24/1761363053.json"
"581513","221281","2025-10-25","38.00","NZD","1761367987","23477/2025-10-25/1761367987.json"
"581514","221282","2025-10-25","38.00","NZD","1761367987","23477/2025-10-25/1761367987.json"
"512557","146154","2025-10-25","45.00","NZD","1761367987","23477/2025-10-25/1761367987.json"
"581513","221281","2025-10-26","38.00","NZD","1761367987","23477/2025-10-26/1761367987.json"
"581514","221282","2025-10-26","38.00","NZD","1761367987","23477/2025-10-26/1761367987.json"
"512557","146154","2025-10-26","45.00","NZD","1761367987","23477/2025-10-26/1761367987.json"
"581513","221281","2025-10-27","38.00","NZD","1761367987","23477/2025-10-27/1761367987.json"
"581514","221282","2025-10-27","38.00","NZD","1761367987","23477/2025-10-27/1761367987.json"
"512557","146154","2025-10-27","45.00","NZD","1761367987","23477/2025-10-27/1761367987.json"
"365170","146153","2025-10-27","48.00","NZD","1761367987","23477/2025-10-27/1761367987.json"
"510807","146155","2025-10-27","52.00","NZD","1761367987","23477/2025-10-27/1761367987.json"
"581513","221281","2025-10-28","36.00","NZD","1761367987","23477/2025-10-28/1761367987.json"
"581514","221282","2025-10-28","36.00","NZD","1761367987","23477/2025-10-28/1761367987.json"
"512557","146154","2025-10-28","45.00","NZD","1761367987","23477/2025-10-28/1761367987.json"
"365170","146153","2025-10-28","48.00","NZD","1761367987","23477/2025-10-28/1761367987.json"
"510807","146155","2025-10-28","52.00","NZD","1761367987","23477/2025-10-28/1761367987.json"
"581513","221281","2025-10-29","36.00","NZD","1761367987","23477/2025-10-29/1761367987.json"
"581514","221282","2025-10-29","36.00","NZD","1761367987","23477/2025-10-29/1761367987.json"
"512557","146154","2025-10-29","45.00","NZD","1761367987","23477/2025-10-29/1761367987.json"
"365170","146153","2025-10-29","48.00","NZD","1761367987","23477/2025-10-29/1761367987.json"
"510807","146155","2025-10-29","52.00","NZD","1761367987","23477/2025-10-29/1761367987.json"
"581513","221281","2025-10-30","36.00","NZD","1761367987","23477/2025-10-30/1761367987.json"
"581514","221282","2025-10-30","36.00","NZD","1761367987","23477/2025-10-30/1761367987.json"
"512557","146154","2025-10-30","45.00","NZD","1761367987","23477/2025-10-30/1761367987.json"
"365170","146153","2025-10-30","48.00","NZD","1761367987","23477/2025-10-30/1761367987.json"
"510807","146155","2025-10-30","52.00","NZD","1761367987","23477/2025-10-30/1761367987.json"
"581513","221281","2025-11-01","36.00","NZD","1761367987","23477/2025-11-01/1761367987.json"
"581514","221282","2025-11-01","36.00","NZD","1761367987","23477/2025-11-01/1761367987.json"
"512557","146154","2025-11-01","45.00","NZD","1761367987","23477/2025-11-01/1761367987.json"
"365170","146153","2025-11-01","48.00","NZD","1761367987","23477/2025-11-01/1761367987.json"
"510807","146155","2025-11-01","52.00","NZD","1761367987","23477/2025-11-01/1761367987.json"
"581513","221281","2025-10-31","36.00","NZD","1761367987","23477/2025-10-31/1761367987.json"
"581514","221282","2025-10-31","36.00","NZD","1761367987","23477/2025-10-31/1761367987.json"
"512557","146154","2025-10-31","45.00","NZD","1761367987","23477/2025-10-31/1761367987.json"
"365170","146153","2025-10-31","48.00","NZD","1761367987","23477/2025-10-31/1761367987.json"
"510807","146155","2025-10-31","52.00","NZD","1761367987","23477/2025-10-31/1761367987.json"
"581513","221281","2025-11-02","36.00","NZD","1761367987","23477/2025-11-02/1761367987.json"
"581514","221282","2025-11-02","36.00","NZD","1761367987","23477/2025-11-02/1761367987.json"
"512557","146154","2025-11-02","45.00","NZD","1761367987","23477/2025-11-02/1761367987.json"
"365170","146153","2025-11-02","48.00","NZD","1761367987","23477/2025-11-02/1761367987.json"
"510807","146155","2025-11-02","52.00","NZD","1761367987","23477/2025-11-02/1761367987.json"
"581513","221281","2025-11-03","36.00","NZD","1761367987","23477/2025-11-03/1761367987.json"
"581514","221282","2025-11-03","36.00","NZD","1761367987","23477/2025-11-03/1761367987.json"
"512557","146154","2025-11-03","45.00","NZD","1761367987","23477/2025-11-03/1761367987.json"
"365170","146153","2025-11-03","48.00","NZD","1761367987","23477/2025-11-03/1761367987.json"
"510807","146155","2025-11-03","52.00","NZD","1761367987","23477/2025-11-03/1761367987.json"
"581513","221281","2025-11-04","36.00","NZD","1761367987","23477/2025-11-04/1761367987.json"
"581514","221282","2025-11-04","36.00","NZD","1761367987","23477/2025-11-04/1761367987.json"
"512557","146154","2025-11-04","45.00","NZD","1761367987","23477/2025-11-04/1761367987.json"
"365170","146153","2025-11-04","48.00","NZD","1761367987","23477/2025-11-04/1761367987.json"
"510807","146155","2025-11-04","52.00","NZD","1761367987","23477/2025-11-04/1761367987.json"
"581513","221281","2025-11-05","36.00","NZD","1761367987","23477/2025-11-05/1761367987.json"
"581514","221282","2025-11-05","36.00","NZD","1761367987","23477/2025-11-05/1761367987.json"
"512557","146154","2025-11-05","45.00","NZD","1761367987","23477/2025-11-05/1761367987.json"
"365170","146153","2025-11-05","48.00","NZD","1761367987","23477/2025-11-05/1761367987.json"
"510807","146155","2025-11-05","52.00","NZD","1761367987","23477/2025-11-05/1761367987.json"
"581513","221281","2025-11-06","36.00","NZD","1761367987","23477/2025-11-06/1761367987.json"
"581514","221282","2025-11-06","36.00","NZD","1761367987","23477/2025-11-06/1761367987.json"
"512557","146154","2025-11-06","45.00","NZD","1761367987","23477/2025-11-06/1761367987.json"
"365170","146153","2025-11-06","48.00","NZD","1761367987","23477/2025-11-06/1761367987.json"
"510807","146155","2025-11-06","52.00","NZD","1761367987","23477/2025-11-06/1761367987.json"
"581513","221281","2025-11-07","36.00","NZD","1761367987","23477/2025-11-07/1761367987.json"
"581514","221282","2025-11-07","36.00","NZD","1761367987","23477/2025-11-07/1761367987.json"
"512557","146154","2025-11-07","45.00","NZD","1761367987","23477/2025-11-07/1761367987.json"
"365170","146153","2025-11-07","48.00","NZD","1761367987","23477/2025-11-07/1761367987.json"
"510807","146155","2025-11-07","52.00","NZD","1761367987","23477/2025-11-07/1761367987.json"
"581513","221281","2025-11-09","36.00","NZD","1761367987","23477/2025-11-09/1761367987.json"
"581514","221282","2025-11-09","36.00","NZD","1761367987","23477/2025-11-09/1761367987.json"
"512557","146154","2025-11-09","45.00","NZD","1761367987","23477/2025-11-09/1761367987.json"
"365170","146153","2025-11-09","48.00","NZD","1761367987","23477/2025-11-09/1761367987.json"
"510807","146155","2025-11-09","52.00","NZD","1761367987","23477/2025-11-09/1761367987.json"
"581513","221281","2025-11-11","36.00","NZD","1761367987","23477/2025-11-11/1761367987.json"
"581514","221282","2025-11-11","36.00","NZD","1761367987","23477/2025-11-11/1761367987.json"
"512557","146154","2025-11-11","45.00","NZD","1761367987","23477/2025-11-11/1761367987.json"
"365170","146153","2025-11-11","48.00","NZD","1761367987","23477/2025-11-11/1761367987.json"
"510807","146155","2025-11-11","52.00","NZD","1761367987","23477/2025-11-11/1761367987.json"
"581513","221281","2025-11-10","36.00","NZD","1761367987","23477/2025-11-10/1761367987.json"
"581514","221282","2025-11-10","36.00","NZD","1761367987","23477/2025-11-10/1761367987.json"
"512557","146154","2025-11-10","45.00","NZD","1761367987","23477/2025-11-10/1761367987.json"
"365170","146153","2025-11-10","48.00","NZD","1761367987","23477/2025-11-10/1761367987.json"
"510807","146155","2025-11-10","52.00","NZD","1761367987","23477/2025-11-10/1761367987.json"
"581513","221281","2025-11-08","36.00","NZD","1761367987","23477/2025-11-08/1761367987.json"
"581514","221282","2025-11-08","36.00","NZD","1761367987","23477/2025-11-08/1761367987.json"
"512557","146154","2025-11-08","45.00","NZD","1761367987","23477/2025-11-08/1761367987.json"
"365170","146153","2025-11-08","48.00","NZD","1761367987","23477/2025-11-08/1761367987.json"
"510807","146155","2025-11-08","52.00","NZD","1761367987","23477/2025-11-08/1761367987.json"
"581513","221281","2025-11-12","36.00","NZD","1761367987","23477/2025-11-12/1761367987.json"
"581514","221282","2025-11-12","36.00","NZD","1761367987","23477/2025-11-12/1761367987.json"
"512557","146154","2025-11-12","45.00","NZD","1761367987","23477/2025-11-12/1761367987.json"
"365170","146153","2025-11-12","48.00","NZD","1761367987","23477/2025-11-12/1761367987.json"
"510807","146155","2025-11-12","52.00","NZD","1761367987","23477/2025-11-12/1761367987.json"
"581513","221281","2025-11-13","36.00","NZD","1761367987","23477/2025-11-13/1761367987.json"
"581514","221282","2025-11-13","36.00","NZD","1761367987","23477/2025-11-13/1761367987.json"
"512557","146154","2025-11-13","45.00","NZD","1761367987","23477/2025-11-13/1761367987.json"
"365170","146153","2025-11-13","48.00","NZD","1761367987","23477/2025-11-13/1761367987.json"
"510807","146155","2025-11-13","52.00","NZD","1761367987","23477/2025-11-13/1761367987.json"
"581513","221281","2025-11-14","36.00","NZD","1761367987","23477/2025-11-14/1761367987.json"
"581514","221282","2025-11-14","36.00","NZD","1761367987","23477/2025-11-14/1761367987.json"
"512557","146154","2025-11-14","45.00","NZD","1761367987","23477/2025-11-14/1761367987.json"
"365170","146153","2025-11-14","48.00","NZD","1761367987","23477/2025-11-14/1761367987.json"
"510807","146155","2025-11-14","52.00","NZD","1761367987","23477/2025-11-14/1761367987.json"
"581513","221281","2025-11-16","36.00","NZD","1761367987","23477/2025-11-16/1761367987.json"
"581514","221282","2025-11-16","36.00","NZD","1761367987","23477/2025-11-16/1761367987.json"
"512557","146154","2025-11-16","45.00","NZD","1761367987","23477/2025-11-16/1761367987.json"
"365170","146153","2025-11-16","48.00","NZD","1761367987","23477/2025-11-16/1761367987.json"
"510807","146155","2025-11-16","52.00","NZD","1761367987","23477/2025-11-16/1761367987.json"
"581513","221281","2025-11-17","36.00","NZD","1761367987","23477/2025-11-17/1761367987.json"
"581514","221282","2025-11-17","36.00","NZD","1761367987","23477/2025-11-17/1761367987.json"
"512557","146154","2025-11-17","45.00","NZD","1761367987","23477/2025-11-17/1761367987.json"
"365170","146153","2025-11-17","48.00","NZD","1761367987","23477/2025-11-17/1761367987.json"
"510807","146155","2025-11-17","52.00","NZD","1761367987","23477/2025-11-17/1761367987.json"
"581513","221281","2025-11-18","36.00","NZD","1761367987","23477/2025-11-18/1761367987.json"
"581514","221282","2025-11-18","36.00","NZD","1761367987","23477/2025-11-18/1761367987.json"
"512557","146154","2025-11-18","45.00","NZD","1761367987","23477/2025-11-18/1761367987.json"
"365170","146153","2025-11-18","48.00","NZD","1761367987","23477/2025-11-18/1761367987.json"
"510807","146155","2025-11-18","52.00","NZD","1761367987","23477/2025-11-18/1761367987.json"
"581513","221281","2025-11-19","36.00","NZD","1761367987","23477/2025-11-19/1761367987.json"
"581514","221282","2025-11-19","36.00","NZD","1761367987","23477/2025-11-19/1761367987.json"
"512557","146154","2025-11-19","45.00","NZD","1761367987","23477/2025-11-19/1761367987.json"
"365170","146153","2025-11-19","48.00","NZD","1761367987","23477/2025-11-19/1761367987.json"
"510807","146155","2025-11-19","52.00","NZD","1761367987","23477/2025-11-19/1761367987.json"
"581513","221281","2025-11-20","36.00","NZD","1761367987","23477/2025-11-20/1761367987.json"
"581514","221282","2025-11-20","36.00","NZD","1761367987","23477/2025-11-20/1761367987.json"
"512557","146154","2025-11-20","45.00","NZD","1761367987","23477/2025-11-20/1761367987.json"
"581513","221281","2025-11-21","36.00","NZD","1761367987","23477/2025-11-21/1761367987.json"
"581514","221282","2025-11-21","36.00","NZD","1761367987","23477/2025-11-21/1761367987.json"
"512557","146154","2025-11-21","45.00","NZD","1761367987","23477/2025-11-21/1761367987.json"
"365170","146153","2025-11-21","48.00","NZD","1761367987","23477/2025-11-21/1761367987.json"
"510807","146155","2025-11-21","52.00","NZD","1761367987","23477/2025-11-21/1761367987.json"
"581513","221281","2025-11-22","36.00","NZD","1761367987","23477/2025-11-22/1761367987.json"
"581514","221282","2025-11-22","36.00","NZD","1761367987","23477/2025-11-22/1761367987.json"
"512557","146154","2025-11-22","45.00","NZD","1761367987","23477/2025-11-22/1761367987.json"
"365170","146153","2025-11-22","48.00","NZD","1761367987","23477/2025-11-22/1761367987.json"
"510807","146155","2025-11-22","52.00","NZD","1761367987","23477/2025-11-22/1761367987.json"
"581513","221281","2025-11-23","36.00","NZD","1761367987","23477/2025-11-23/1761367987.json"
"581514","221282","2025-11-23","36.00","NZD","1761367987","23477/2025-11-23/1761367987.json"
"512557","146154","2025-11-23","45.00","NZD","1761367987","23477/2025-11-23/1761367987.json"
"365170","146153","2025-11-23","48.00","NZD","1761367987","23477/2025-11-23/1761367987.json"
"510807","146155","2025-11-23","52.00","NZD","1761367987","23477/2025-11-23/1761367987.json"
"581513","221281","2025-11-15","36.00","NZD","1761367987","23477/2025-11-15/1761367987.json"
"581514","221282","2025-11-15","36.00","NZD","1761367987","23477/2025-11-15/1761367987.json"
"512557","146154","2025-11-15","45.00","NZD","1761367987","23477/2025-11-15/1761367987.json"
"365170","146153","2025-11-15","48.00","NZD","1761367987","23477/2025-11-15/1761367987.json"
"510807","146155","2025-11-15","52.00","NZD","1761367987","23477/2025-11-15/1761367987.json"
"581513","221281","2025-11-24","36.00","NZD","1761367987","23477/2025-11-24/1761367987.json"
"581514","221282","2025-11-24","36.00","NZD","1761367987","23477/2025-11-24/1761367987.json"
"512557","146154","2025-11-24","45.00","NZD","1761367987","23477/2025-11-24/1761367987.json"
"365170","146153","2025-11-24","48.00","NZD","1761367987","23477/2025-11-24/1761367987.json"
"510807","146155","2025-11-24","52.00","NZD","1761367987","23477/2025-11-24/1761367987.json"
"581513","221281","2025-11-26","36.00","NZD","1761367987","23477/2025-11-26/1761367987.json"
"581514","221282","2025-11-26","36.00","NZD","1761367987","23477/2025-11-26/1761367987.json"
"512557","146154","2025-11-26","45.00","NZD","1761367987","23477/2025-11-26/1761367987.json"
"365170","146153","2025-11-26","48.00","NZD","1761367987","23477/2025-11-26/1761367987.json"
"510807","146155","2025-11-26","52.00","NZD","1761367987","23477/2025-11-26/1761367987.json"
"581513","221281","2025-11-28","36.00","NZD","1761367987","23477/2025-11-28/1761367987.json"
"581514","221282","2025-11-28","36.00","NZD","1761367987","23477/2025-11-28/1761367987.json"
"512557","146154","2025-11-28","45.00","NZD","1761367987","23477/2025-11-28/1761367987.json"
"365170","146153","2025-11-28","48.00","NZD","1761367987","23477/2025-11-28/1761367987.json"
"510807","146155","2025-11-28","52.00","NZD","1761367987","23477/2025-11-28/1761367987.json"
"581513","221281","2025-11-25","36.00","NZD","1761367987","23477/2025-11-25/1761367987.json"
"581514","221282","2025-11-25","36.00","NZD","1761367987","23477/2025-11-25/1761367987.json"
"512557","146154","2025-11-25","45.00","NZD","1761367987","23477/2025-11-25/1761367987.json"
"365170","146153","2025-11-25","48.00","NZD","1761367987","23477/2025-11-25/1761367987.json"
"510807","146155","2025-11-25","52.00","NZD","1761367987","23477/2025-11-25/1761367987.json"
"581513","221281","2025-11-27","36.00","NZD","1761367987","23477/2025-11-27/1761367987.json"
"581514","221282","2025-11-27","36.00","NZD","1761367987","23477/2025-11-27/1761367987.json"
"512557","146154","2025-11-27","45.00","NZD","1761367987","23477/2025-11-27/1761367987.json"
"365170","146153","2025-11-27","48.00","NZD","1761367987","23477/2025-11-27/1761367987.json"
"510807","146155","2025-11-27","52.00","NZD","1761367987","23477/2025-11-27/1761367987.json"
"581513","221281","2025-11-29","36.00","NZD","1761367987","23477/2025-11-29/1761367987.json"
"581514","221282","2025-11-29","36.00","NZD","1761367987","23477/2025-11-29/1761367987.json"
"512557","146154","2025-11-29","45.00","NZD","1761367987","23477/2025-11-29/1761367987.json"
"365170","146153","2025-11-29","48.00","NZD","1761367987","23477/2025-11-29/1761367987.json"
"510807","146155","2025-11-29","52.00","NZD","1761367987","23477/2025-11-29/1761367987.json"
"581513","221281","2025-12-01","36.00","NZD","1761367987","23477/2025-12-01/1761367987.json"
"581514","221282","2025-12-01","36.00","NZD","1761367987","23477/2025-12-01/1761367987.json"
"512557","146154","2025-12-01","45.00","NZD","1761367987","23477/2025-12-01/1761367987.json"
"365170","146153","2025-12-01","48.00","NZD","1761367987","23477/2025-12-01/1761367987.json"
"510807","146155","2025-12-01","52.00","NZD","1761367987","23477/2025-12-01/1761367987.json"
"581513","221281","2025-11-30","36.00","NZD","1761367987","23477/2025-11-30/1761367987.json"
"581514","221282","2025-11-30","36.00","NZD","1761367987","23477/2025-11-30/1761367987.json"
"512557","146154","2025-11-30","45.00","NZD","1761367987","23477/2025-11-30/1761367987.json"
"365170","146153","2025-11-30","48.00","NZD","1761367987","23477/2025-11-30/1761367987.json"
"510807","146155","2025-11-30","52.00","NZD","1761367987","23477/2025-11-30/1761367987.json"
"581513","221281","2025-12-02","36.00","NZD","1761367987","23477/2025-12-02/1761367987.json"
"581514","221282","2025-12-02","36.00","NZD","1761367987","23477/2025-12-02/1761367987.json"
"512557","146154","2025-12-02","45.00","NZD","1761367987","23477/2025-12-02/1761367987.json"
"365170","146153","2025-12-02","48.00","NZD","1761367987","23477/2025-12-02/1761367987.json"
"510807","146155","2025-12-02","52.00","NZD","1761367987","23477/2025-12-02/1761367987.json"
"581513","221281","2025-12-03","36.00","NZD","1761367987","23477/2025-12-03/1761367987.json"
"581514","221282","2025-12-03","36.00","NZD","1761367987","23477/2025-12-03/1761367987.json"
"512557","146154","2025-12-03","45.00","NZD","1761367987","23477/2025-12-03/1761367987.json"
"365170","146153","2025-12-03","48.00","NZD","1761367987","23477/2025-12-03/1761367987.json"
"510807","146155","2025-12-03","52.00","NZD","1761367987","23477/2025-12-03/1761367987.json"
"581513","221281","2025-12-06","36.00","NZD","1761367987","23477/2025-12-06/1761367987.json"
"581514","221282","2025-12-06","36.00","NZD","1761367987","23477/2025-12-06/1761367987.json"
"512557","146154","2025-12-06","45.00","NZD","1761367987","23477/2025-12-06/1761367987.json"
"365170","146153","2025-12-06","48.00","NZD","1761367987","23477/2025-12-06/1761367987.json"
"510807","146155","2025-12-06","52.00","NZD","1761367987","23477/2025-12-06/1761367987.json"
"581513","221281","2025-12-05","36.00","NZD","1761367987","23477/2025-12-05/1761367987.json"
"581514","221282","2025-12-05","36.00","NZD","1761367987","23477/2025-12-05/1761367987.json"
"512557","146154","2025-12-05","45.00","NZD","1761367987","23477/2025-12-05/1761367987.json"
"365170","146153","2025-12-05","48.00","NZD","1761367987","23477/2025-12-05/1761367987.json"
"510807","146155","2025-12-05","52.00","NZD","1761367987","23477/2025-12-05/1761367987.json"
"581513","221281","2025-12-04","36.00","NZD","1761367987","23477/2025-12-04/1761367987.json"
"581514","221282","2025-12-04","36.00","NZD","1761367987","23477/2025-12-04/1761367987.json"
"512557","146154","2025-12-04","45.00","NZD","1761367987","23477/2025-12-04/1761367987.json"
"365170","146153","2025-12-04","48.00","NZD","1761367987","23477/2025-12-04/1761367987.json"
"510807","146155","2025-12-04","52.00","NZD","1761367987","23477/2025-12-04/1761367987.json"
"581513","221281","2025-12-09","36.00","NZD","1761367987","23477/2025-12-09/1761367987.json"
"581514","221282","2025-12-09","36.00","NZD","1761367987","23477/2025-12-09/1761367987.json"
"512557","146154","2025-12-09","45.00","NZD","1761367987","23477/2025-12-09/1761367987.json"
"365170","146153","2025-12-09","48.00","NZD","1761367987","23477/2025-12-09/1761367987.json"
"510807","146155","2025-12-09","52.00","NZD","1761367987","23477/2025-12-09/1761367987.json"
"581513","221281","2025-12-07","36.00","NZD","1761367987","23477/2025-12-07/1761367987.json"
"581514","221282","2025-12-07","36.00","NZD","1761367987","23477/2025-12-07/1761367987.json"
"512557","146154","2025-12-07","45.00","NZD","1761367987","23477/2025-12-07/1761367987.json"
"365170","146153","2025-12-07","48.00","NZD","1761367987","23477/2025-12-07/1761367987.json"
"510807","146155","2025-12-07","52.00","NZD","1761367987","23477/2025-12-07/1761367987.json"
"581513","221281","2025-12-11","36.00","NZD","1761367987","23477/2025-12-11/1761367987.json"
"581514","221282","2025-12-11","36.00","NZD","1761367987","23477/2025-12-11/1761367987.json"
"512557","146154","2025-12-11","45.00","NZD","1761367987","23477/2025-12-11/1761367987.json"
"365170","146153","2025-12-11","48.00","NZD","1761367987","23477/2025-12-11/1761367987.json"
"510807","146155","2025-12-11","52.00","NZD","1761367987","23477/2025-12-11/1761367987.json"
"581513","221281","2025-12-12","36.00","NZD","1761367987","23477/2025-12-12/1761367987.json"
"581514","221282","2025-12-12","36.00","NZD","1761367987","23477/2025-12-12/1761367987.json"
"512557","146154","2025-12-12","45.00","NZD","1761367987","23477/2025-12-12/1761367987.json"
"365170","146153","2025-12-12","48.00","NZD","1761367987","23477/2025-12-12/1761367987.json"
"510807","146155","2025-12-12","52.00","NZD","1761367987","23477/2025-12-12/1761367987.json"
"581513","221281","2025-12-08","36.00","NZD","1761367987","23477/2025-12-08/1761367987.json"
"581514","221282","2025-12-08","36.00","NZD","1761367987","23477/2025-12-08/1761367987.json"
"512557","146154","2025-12-08","45.00","NZD","1761367987","23477/2025-12-08/1761367987.json"
"365170","146153","2025-12-08","48.00","NZD","1761367987","23477/2025-12-08/1761367987.json"
"510807","146155","2025-12-08","52.00","NZD","1761367987","23477/2025-12-08/1761367987.json"
"581513","221281","2025-12-10","36.00","NZD","1761367987","23477/2025-12-10/1761367987.json"
"581514","221282","2025-12-10","36.00","NZD","1761367987","23477/2025-12-10/1761367987.json"
"512557","146154","2025-12-10","45.00","NZD","1761367987","23477/2025-12-10/1761367987.json"
"365170","146153","2025-12-10","48.00","NZD","1761367987","23477/2025-12-10/1761367987.json"
"510807","146155","2025-12-10","52.00","NZD","1761367987","23477/2025-12-10/1761367987.json"
"581513","221281","2025-12-13","36.00","NZD","1761367987","23477/2025-12-13/1761367987.json"
"581514","221282","2025-12-13","36.00","NZD","1761367987","23477/2025-12-13/1761367987.json"
"512557","146154","2025-12-13","45.00","NZD","1761367987","23477/2025-12-13/1761367987.json"
"365170","146153","2025-12-13","48.00","NZD","1761367987","23477/2025-12-13/1761367987.json"
"510807","146155","2025-12-13","52.00","NZD","1761367987","23477/2025-12-13/1761367987.json"
"581513","221281","2025-12-14","36.00","NZD","1761367987","23477/2025-12-14/1761367987.json"
"581514","221282","2025-12-14","36.00","NZD","1761367987","23477/2025-12-14/1761367987.json"
"512557","146154","2025-12-14","45.00","NZD","1761367987","23477/2025-12-14/1761367987.json"
"365170","146153","2025-12-14","48.00","NZD","1761367987","23477/2025-12-14/1761367987.json"
"510807","146155","2025-12-14","52.00","NZD","1761367987","23477/2025-12-14/1761367987.json"
"581513","221281","2025-12-15","36.00","NZD","1761367987","23477/2025-12-15/1761367987.json"
"581514","221282","2025-12-15","36.00","NZD","1761367987","23477/2025-12-15/1761367987.json"
"512557","146154","2025-12-15","45.00","NZD","1761367987","23477/2025-12-15/1761367987.json"
"365170","146153","2025-12-15","48.00","NZD","1761367987","23477/2025-12-15/1761367987.json"
"510807","146155","2025-12-15","52.00","NZD","1761367987","23477/2025-12-15/1761367987.json"
"581513","221281","2025-12-16","36.00","NZD","1761367987","23477/2025-12-16/1761367987.json"
"581514","221282","2025-12-16","36.00","NZD","1761367987","23477/2025-12-16/1761367987.json"
"512557","146154","2025-12-16","45.00","NZD","1761367987","23477/2025-12-16/1761367987.json"
"365170","146153","2025-12-16","48.00","NZD","1761367987","23477/2025-12-16/1761367987.json"
"510807","146155","2025-12-16","52.00","NZD","1761367987","23477/2025-12-16/1761367987.json"
"581513","221281","2025-12-17","36.00","NZD","1761367987","23477/2025-12-17/1761367987.json"
"581514","221282","2025-12-17","36.00","NZD","1761367987","23477/2025-12-17/1761367987.json"
"512557","146154","2025-12-17","45.00","NZD","1761367987","23477/2025-12-17/1761367987.json"
"365170","146153","2025-12-17","48.00","NZD","1761367987","23477/2025-12-17/1761367987.json"
"510807","146155","2025-12-17","52.00","NZD","1761367987","23477/2025-12-17/1761367987.json"
"581513","221281","2025-12-18","36.00","NZD","1761367987","23477/2025-12-18/1761367987.json"
"581514","221282","2025-12-18","36.00","NZD","1761367987","23477/2025-12-18/1761367987.json"
"512557","146154","2025-12-18","45.00","NZD","1761367987","23477/2025-12-18/1761367987.json"
"365170","146153","2025-12-18","48.00","NZD","1761367987","23477/2025-12-18/1761367987.json"
"510807","146155","2025-12-18","52.00","NZD","1761367987","23477/2025-12-18/1761367987.json"
"581513","221281","2025-12-19","36.00","NZD","1761367987","23477/2025-12-19/1761367987.json"
"581514","221282","2025-12-19","36.00","NZD","1761367987","23477/2025-12-19/1761367987.json"
"512557","146154","2025-12-19","45.00","NZD","1761367987","23477/2025-12-19/1761367987.json"
"365170","146153","2025-12-19","48.00","NZD","1761367987","23477/2025-12-19/1761367987.json"
"510807","146155","2025-12-19","52.00","NZD","1761367987","23477/2025-12-19/1761367987.json"
"581513","221281","2025-12-20","36.00","NZD","1761367987","23477/2025-12-20/1761367987.json"
"581514","221282","2025-12-20","36.00","NZD","1761367987","23477/2025-12-20/1761367987.json"
"512557","146154","2025-12-20","45.00","NZD","1761367987","23477/2025-12-20/1761367987.json"
"365170","146153","2025-12-20","48.00","NZD","1761367987","23477/2025-12-20/1761367987.json"
"510807","146155","2025-12-20","52.00","NZD","1761367987","23477/2025-12-20/1761367987.json"
"581513","221281","2025-12-21","36.00","NZD","1761367987","23477/2025-12-21/1761367987.json"
"581514","221282","2025-12-21","36.00","NZD","1761367987","23477/2025-12-21/1761367987.json"
"512557","146154","2025-12-21","45.00","NZD","1761367987","23477/2025-12-21/1761367987.json"
"365170","146153","2025-12-21","48.00","NZD","1761367987","23477/2025-12-21/1761367987.json"
"510807","146155","2025-12-21","52.00","NZD","1761367987","23477/2025-12-21/1761367987.json"
"581513","221281","2025-12-23","38.00","NZD","1761367987","23477/2025-12-23/1761367987.json"
"581514","221282","2025-12-23","38.00","NZD","1761367987","23477/2025-12-23/1761367987.json"
"512557","146154","2025-12-23","45.00","NZD","1761367987","23477/2025-12-23/1761367987.json"
"365170","146153","2025-12-23","48.00","NZD","1761367987","23477/2025-12-23/1761367987.json"
"510807","146155","2025-12-23","52.00","NZD","1761367987","23477/2025-12-23/1761367987.json"
"581513","221281","2025-12-24","38.00","NZD","1761367987","23477/2025-12-24/1761367987.json"
"581514","221282","2025-12-24","38.00","NZD","1761367987","23477/2025-12-24/1761367987.json"
"512557","146154","2025-12-24","45.00","NZD","1761367987","23477/2025-12-24/1761367987.json"
"365170","146153","2025-12-24","48.00","NZD","1761367987","23477/2025-12-24/1761367987.json"
"510807","146155","2025-12-24","52.00","NZD","1761367987","23477/2025-12-24/1761367987.json"
"581513","221281","2025-12-22","36.00","NZD","1761367987","23477/2025-12-22/1761367987.json"
"581514","221282","2025-12-22","36.00","NZD","1761367987","23477/2025-12-22/1761367987.json"
"512557","146154","2025-12-22","45.00","NZD","1761367987","23477/2025-12-22/1761367987.json"
"365170","146153","2025-12-22","48.00","NZD","1761367987","23477/2025-12-22/1761367987.json"
"510807","146155","2025-12-22","52.00","NZD","1761367987","23477/2025-12-22/1761367987.json"
"581513","221281","2025-10-26","38.00","NZD","1761382591","23477/2025-10-26/1761382591.json"
"581514","221282","2025-10-26","38.00","NZD","1761382591","23477/2025-10-26/1761382591.json"
"512557","146154","2025-10-26","45.00","NZD","1761382591","23477/2025-10-26/1761382591.json"
"581513","221281","2025-10-27","38.00","NZD","1761382591","23477/2025-10-27/1761382591.json"
"581514","221282","2025-10-27","38.00","NZD","1761382591","23477/2025-10-27/1761382591.json"
"512557","146154","2025-10-27","45.00","NZD","1761382591","23477/2025-10-27/1761382591.json"
"365170","146153","2025-10-27","48.00","NZD","1761382591","23477/2025-10-27/1761382591.json"
"510807","146155","2025-10-27","52.00","NZD","1761382591","23477/2025-10-27/1761382591.json"
"581513","221281","2025-10-25","38.00","NZD","1761382591","23477/2025-10-25/1761382591.json"
"581514","221282","2025-10-25","38.00","NZD","1761382591","23477/2025-10-25/1761382591.json"
"512557","146154","2025-10-25","45.00","NZD","1761382591","23477/2025-10-25/1761382591.json"
"581513","221281","2025-10-28","36.00","NZD","1761382591","23477/2025-10-28/1761382591.json"
"581514","221282","2025-10-28","36.00","NZD","1761382591","23477/2025-10-28/1761382591.json"
"512557","146154","2025-10-28","45.00","NZD","1761382591","23477/2025-10-28/1761382591.json"
"365170","146153","2025-10-28","48.00","NZD","1761382591","23477/2025-10-28/1761382591.json"
"510807","146155","2025-10-28","52.00","NZD","1761382591","23477/2025-10-28/1761382591.json"
"581513","221281","2025-10-29","36.00","NZD","1761382591","23477/2025-10-29/1761382591.json"
"581514","221282","2025-10-29","36.00","NZD","1761382591","23477/2025-10-29/1761382591.json"
"512557","146154","2025-10-29","45.00","NZD","1761382591","23477/2025-10-29/1761382591.json"
"365170","146153","2025-10-29","48.00","NZD","1761382591","23477/2025-10-29/1761382591.json"
"510807","146155","2025-10-29","52.00","NZD","1761382591","23477/2025-10-29/1761382591.json"
"581513","221281","2025-10-30","36.00","NZD","1761382591","23477/2025-10-30/1761382591.json"
"581514","221282","2025-10-30","36.00","NZD","1761382591","23477/2025-10-30/1761382591.json"
"512557","146154","2025-10-30","45.00","NZD","1761382591","23477/2025-10-30/1761382591.json"
"365170","146153","2025-10-30","48.00","NZD","1761382591","23477/2025-10-30/1761382591.json"
"510807","146155","2025-10-30","52.00","NZD","1761382591","23477/2025-10-30/1761382591.json"
"581513","221281","2025-10-31","36.00","NZD","1761382591","23477/2025-10-31/1761382591.json"
"581514","221282","2025-10-31","36.00","NZD","1761382591","23477/2025-10-31/1761382591.json"
"512557","146154","2025-10-31","45.00","NZD","1761382591","23477/2025-10-31/1761382591.json"
"365170","146153","2025-10-31","48.00","NZD","1761382591","23477/2025-10-31/1761382591.json"
"510807","146155","2025-10-31","52.00","NZD","1761382591","23477/2025-10-31/1761382591.json"
"581513","221281","2025-11-01","36.00","NZD","1761382591","23477/2025-11-01/1761382591.json"
"581514","221282","2025-11-01","36.00","NZD","1761382591","23477/2025-11-01/1761382591.json"
"512557","146154","2025-11-01","45.00","NZD","1761382591","23477/2025-11-01/1761382591.json"
"365170","146153","2025-11-01","48.00","NZD","1761382591","23477/2025-11-01/1761382591.json"
"510807","146155","2025-11-01","52.00","NZD","1761382591","23477/2025-11-01/1761382591.json"
"581513","221281","2025-11-02","36.00","NZD","1761382591","23477/2025-11-02/1761382591.json"
"581514","221282","2025-11-02","36.00","NZD","1761382591","23477/2025-11-02/1761382591.json"
"512557","146154","2025-11-02","45.00","NZD","1761382591","23477/2025-11-02/1761382591.json"
"365170","146153","2025-11-02","48.00","NZD","1761382591","23477/2025-11-02/1761382591.json"
"510807","146155","2025-11-02","52.00","NZD","1761382591","23477/2025-11-02/1761382591.json"
"581513","221281","2025-11-03","36.00","NZD","1761382591","23477/2025-11-03/1761382591.json"
"581514","221282","2025-11-03","36.00","NZD","1761382591","23477/2025-11-03/1761382591.json"
"512557","146154","2025-11-03","45.00","NZD","1761382591","23477/2025-11-03/1761382591.json"
"365170","146153","2025-11-03","48.00","NZD","1761382591","23477/2025-11-03/1761382591.json"
"510807","146155","2025-11-03","52.00","NZD","1761382591","23477/2025-11-03/1761382591.json"
"581513","221281","2025-11-04","36.00","NZD","1761382591","23477/2025-11-04/1761382591.json"
"581514","221282","2025-11-04","36.00","NZD","1761382591","23477/2025-11-04/1761382591.json"
"512557","146154","2025-11-04","45.00","NZD","1761382591","23477/2025-11-04/1761382591.json"
"365170","146153","2025-11-04","48.00","NZD","1761382591","23477/2025-11-04/1761382591.json"
"510807","146155","2025-11-04","52.00","NZD","1761382591","23477/2025-11-04/1761382591.json"
"581513","221281","2025-11-05","36.00","NZD","1761382591","23477/2025-11-05/1761382591.json"
"581514","221282","2025-11-05","36.00","NZD","1761382591","23477/2025-11-05/1761382591.json"
"512557","146154","2025-11-05","45.00","NZD","1761382591","23477/2025-11-05/1761382591.json"
"365170","146153","2025-11-05","48.00","NZD","1761382591","23477/2025-11-05/1761382591.json"
"510807","146155","2025-11-05","52.00","NZD","1761382591","23477/2025-11-05/1761382591.json"
"581513","221281","2025-11-06","36.00","NZD","1761382591","23477/2025-11-06/1761382591.json"
"581514","221282","2025-11-06","36.00","NZD","1761382591","23477/2025-11-06/1761382591.json"
"512557","146154","2025-11-06","45.00","NZD","1761382591","23477/2025-11-06/1761382591.json"
"365170","146153","2025-11-06","48.00","NZD","1761382591","23477/2025-11-06/1761382591.json"
"510807","146155","2025-11-06","52.00","NZD","1761382591","23477/2025-11-06/1761382591.json"
"581513","221281","2025-11-08","36.00","NZD","1761382591","23477/2025-11-08/1761382591.json"
"581514","221282","2025-11-08","36.00","NZD","1761382591","23477/2025-11-08/1761382591.json"
"512557","146154","2025-11-08","45.00","NZD","1761382591","23477/2025-11-08/1761382591.json"
"365170","146153","2025-11-08","48.00","NZD","1761382591","23477/2025-11-08/1761382591.json"
"510807","146155","2025-11-08","52.00","NZD","1761382591","23477/2025-11-08/1761382591.json"
"581513","221281","2025-11-07","36.00","NZD","1761382591","23477/2025-11-07/1761382591.json"
"581514","221282","2025-11-07","36.00","NZD","1761382591","23477/2025-11-07/1761382591.json"
"512557","146154","2025-11-07","45.00","NZD","1761382591","23477/2025-11-07/1761382591.json"
"365170","146153","2025-11-07","48.00","NZD","1761382591","23477/2025-11-07/1761382591.json"
"510807","146155","2025-11-07","52.00","NZD","1761382591","23477/2025-11-07/1761382591.json"
"581513","221281","2025-11-09","36.00","NZD","1761382591","23477/2025-11-09/1761382591.json"
"581514","221282","2025-11-09","36.00","NZD","1761382591","23477/2025-11-09/1761382591.json"
"512557","146154","2025-11-09","45.00","NZD","1761382591","23477/2025-11-09/1761382591.json"
"365170","146153","2025-11-09","48.00","NZD","1761382591","23477/2025-11-09/1761382591.json"
"510807","146155","2025-11-09","52.00","NZD","1761382591","23477/2025-11-09/1761382591.json"
"581513","221281","2025-11-11","36.00","NZD","1761382591","23477/2025-11-11/1761382591.json"
"581514","221282","2025-11-11","36.00","NZD","1761382591","23477/2025-11-11/1761382591.json"
"512557","146154","2025-11-11","45.00","NZD","1761382591","23477/2025-11-11/1761382591.json"
"365170","146153","2025-11-11","48.00","NZD","1761382591","23477/2025-11-11/1761382591.json"
"510807","146155","2025-11-11","52.00","NZD","1761382591","23477/2025-11-11/1761382591.json"
"581513","221281","2025-11-10","36.00","NZD","1761382591","23477/2025-11-10/1761382591.json"
"581514","221282","2025-11-10","36.00","NZD","1761382591","23477/2025-11-10/1761382591.json"
"512557","146154","2025-11-10","45.00","NZD","1761382591","23477/2025-11-10/1761382591.json"
"365170","146153","2025-11-10","48.00","NZD","1761382591","23477/2025-11-10/1761382591.json"
"510807","146155","2025-11-10","52.00","NZD","1761382591","23477/2025-11-10/1761382591.json"
"581513","221281","2025-11-13","36.00","NZD","1761382591","23477/2025-11-13/1761382591.json"
"581514","221282","2025-11-13","36.00","NZD","1761382591","23477/2025-11-13/1761382591.json"
"512557","146154","2025-11-13","45.00","NZD","1761382591","23477/2025-11-13/1761382591.json"
"365170","146153","2025-11-13","48.00","NZD","1761382591","23477/2025-11-13/1761382591.json"
"510807","146155","2025-11-13","52.00","NZD","1761382591","23477/2025-11-13/1761382591.json"
"581513","221281","2025-11-12","36.00","NZD","1761382591","23477/2025-11-12/1761382591.json"
"581514","221282","2025-11-12","36.00","NZD","1761382591","23477/2025-11-12/1761382591.json"
"512557","146154","2025-11-12","45.00","NZD","1761382591","23477/2025-11-12/1761382591.json"
"365170","146153","2025-11-12","48.00","NZD","1761382591","23477/2025-11-12/1761382591.json"
"510807","146155","2025-11-12","52.00","NZD","1761382591","23477/2025-11-12/1761382591.json"
"581513","221281","2025-11-14","36.00","NZD","1761382591","23477/2025-11-14/1761382591.json"
"581514","221282","2025-11-14","36.00","NZD","1761382591","23477/2025-11-14/1761382591.json"
"512557","146154","2025-11-14","45.00","NZD","1761382591","23477/2025-11-14/1761382591.json"
"365170","146153","2025-11-14","48.00","NZD","1761382591","23477/2025-11-14/1761382591.json"
"510807","146155","2025-11-14","52.00","NZD","1761382591","23477/2025-11-14/1761382591.json"
"581513","221281","2025-11-15","36.00","NZD","1761382591","23477/2025-11-15/1761382591.json"
"581514","221282","2025-11-15","36.00","NZD","1761382591","23477/2025-11-15/1761382591.json"
"512557","146154","2025-11-15","45.00","NZD","1761382591","23477/2025-11-15/1761382591.json"
"365170","146153","2025-11-15","48.00","NZD","1761382591","23477/2025-11-15/1761382591.json"
"510807","146155","2025-11-15","52.00","NZD","1761382591","23477/2025-11-15/1761382591.json"
"581513","221281","2025-11-16","36.00","NZD","1761382591","23477/2025-11-16/1761382591.json"
"581514","221282","2025-11-16","36.00","NZD","1761382591","23477/2025-11-16/1761382591.json"
"512557","146154","2025-11-16","45.00","NZD","1761382591","23477/2025-11-16/1761382591.json"
"365170","146153","2025-11-16","48.00","NZD","1761382591","23477/2025-11-16/1761382591.json"
"510807","146155","2025-11-16","52.00","NZD","1761382591","23477/2025-11-16/1761382591.json"
"581513","221281","2025-11-17","36.00","NZD","1761382591","23477/2025-11-17/1761382591.json"
"581514","221282","2025-11-17","36.00","NZD","1761382591","23477/2025-11-17/1761382591.json"
"512557","146154","2025-11-17","45.00","NZD","1761382591","23477/2025-11-17/1761382591.json"
"365170","146153","2025-11-17","48.00","NZD","1761382591","23477/2025-11-17/1761382591.json"
"510807","146155","2025-11-17","52.00","NZD","1761382591","23477/2025-11-17/1761382591.json"
"581513","221281","2025-11-18","36.00","NZD","1761382591","23477/2025-11-18/1761382591.json"
"581514","221282","2025-11-18","36.00","NZD","1761382591","23477/2025-11-18/1761382591.json"
"512557","146154","2025-11-18","45.00","NZD","1761382591","23477/2025-11-18/1761382591.json"
"365170","146153","2025-11-18","48.00","NZD","1761382591","23477/2025-11-18/1761382591.json"
"510807","146155","2025-11-18","52.00","NZD","1761382591","23477/2025-11-18/1761382591.json"
"581513","221281","2025-11-20","36.00","NZD","1761382591","23477/2025-11-20/1761382591.json"
"581514","221282","2025-11-20","36.00","NZD","1761382591","23477/2025-11-20/1761382591.json"
"512557","146154","2025-11-20","45.00","NZD","1761382591","23477/2025-11-20/1761382591.json"
"581513","221281","2025-11-19","36.00","NZD","1761382591","23477/2025-11-19/1761382591.json"
"581514","221282","2025-11-19","36.00","NZD","1761382591","23477/2025-11-19/1761382591.json"
"512557","146154","2025-11-19","45.00","NZD","1761382591","23477/2025-11-19/1761382591.json"
"365170","146153","2025-11-19","48.00","NZD","1761382591","23477/2025-11-19/1761382591.json"
"510807","146155","2025-11-19","52.00","NZD","1761382591","23477/2025-11-19/1761382591.json"
"581513","221281","2025-11-21","36.00","NZD","1761382591","23477/2025-11-21/1761382591.json"
"581514","221282","2025-11-21","36.00","NZD","1761382591","23477/2025-11-21/1761382591.json"
"512557","146154","2025-11-21","45.00","NZD","1761382591","23477/2025-11-21/1761382591.json"
"365170","146153","2025-11-21","48.00","NZD","1761382591","23477/2025-11-21/1761382591.json"
"510807","146155","2025-11-21","52.00","NZD","1761382591","23477/2025-11-21/1761382591.json"
"581513","221281","2025-11-22","36.00","NZD","1761382591","23477/2025-11-22/1761382591.json"
"581514","221282","2025-11-22","36.00","NZD","1761382591","23477/2025-11-22/1761382591.json"
"512557","146154","2025-11-22","45.00","NZD","1761382591","23477/2025-11-22/1761382591.json"
"365170","146153","2025-11-22","48.00","NZD","1761382591","23477/2025-11-22/1761382591.json"
"510807","146155","2025-11-22","52.00","NZD","1761382591","23477/2025-11-22/1761382591.json"
"581513","221281","2025-11-23","36.00","NZD","1761382591","23477/2025-11-23/1761382591.json"
"581514","221282","2025-11-23","36.00","NZD","1761382591","23477/2025-11-23/1761382591.json"
"512557","146154","2025-11-23","45.00","NZD","1761382591","23477/2025-11-23/1761382591.json"
"365170","146153","2025-11-23","48.00","NZD","1761382591","23477/2025-11-23/1761382591.json"
"510807","146155","2025-11-23","52.00","NZD","1761382591","23477/2025-11-23/1761382591.json"
"581513","221281","2025-11-25","36.00","NZD","1761382591","23477/2025-11-25/1761382591.json"
"581514","221282","2025-11-25","36.00","NZD","1761382591","23477/2025-11-25/1761382591.json"
"512557","146154","2025-11-25","45.00","NZD","1761382591","23477/2025-11-25/1761382591.json"
"365170","146153","2025-11-25","48.00","NZD","1761382591","23477/2025-11-25/1761382591.json"
"510807","146155","2025-11-25","52.00","NZD","1761382591","23477/2025-11-25/1761382591.json"
"581513","221281","2025-11-26","36.00","NZD","1761382591","23477/2025-11-26/1761382591.json"
"581514","221282","2025-11-26","36.00","NZD","1761382591","23477/2025-11-26/1761382591.json"
"512557","146154","2025-11-26","45.00","NZD","1761382591","23477/2025-11-26/1761382591.json"
"365170","146153","2025-11-26","48.00","NZD","1761382591","23477/2025-11-26/1761382591.json"
"510807","146155","2025-11-26","52.00","NZD","1761382591","23477/2025-11-26/1761382591.json"
"581513","221281","2025-11-27","36.00","NZD","1761382591","23477/2025-11-27/1761382591.json"
"581514","221282","2025-11-27","36.00","NZD","1761382591","23477/2025-11-27/1761382591.json"
"512557","146154","2025-11-27","45.00","NZD","1761382591","23477/2025-11-27/1761382591.json"
"365170","146153","2025-11-27","48.00","NZD","1761382591","23477/2025-11-27/1761382591.json"
"510807","146155","2025-11-27","52.00","NZD","1761382591","23477/2025-11-27/1761382591.json"
"581513","221281","2025-11-24","36.00","NZD","1761382591","23477/2025-11-24/1761382591.json"
"581514","221282","2025-11-24","36.00","NZD","1761382591","23477/2025-11-24/1761382591.json"
"512557","146154","2025-11-24","45.00","NZD","1761382591","23477/2025-11-24/1761382591.json"
"365170","146153","2025-11-24","48.00","NZD","1761382591","23477/2025-11-24/1761382591.json"
"510807","146155","2025-11-24","52.00","NZD","1761382591","23477/2025-11-24/1761382591.json"
"581513","221281","2025-11-28","36.00","NZD","1761382591","23477/2025-11-28/1761382591.json"
"581514","221282","2025-11-28","36.00","NZD","1761382591","23477/2025-11-28/1761382591.json"
"512557","146154","2025-11-28","45.00","NZD","1761382591","23477/2025-11-28/1761382591.json"
"365170","146153","2025-11-28","48.00","NZD","1761382591","23477/2025-11-28/1761382591.json"
"510807","146155","2025-11-28","52.00","NZD","1761382591","23477/2025-11-28/1761382591.json"
"581513","221281","2025-11-30","36.00","NZD","1761382591","23477/2025-11-30/1761382591.json"
"581514","221282","2025-11-30","36.00","NZD","1761382591","23477/2025-11-30/1761382591.json"
"512557","146154","2025-11-30","45.00","NZD","1761382591","23477/2025-11-30/1761382591.json"
"365170","146153","2025-11-30","48.00","NZD","1761382591","23477/2025-11-30/1761382591.json"
"510807","146155","2025-11-30","52.00","NZD","1761382591","23477/2025-11-30/1761382591.json"
"581513","221281","2025-11-29","36.00","NZD","1761382591","23477/2025-11-29/1761382591.json"
"581514","221282","2025-11-29","36.00","NZD","1761382591","23477/2025-11-29/1761382591.json"
"512557","146154","2025-11-29","45.00","NZD","1761382591","23477/2025-11-29/1761382591.json"
"365170","146153","2025-11-29","48.00","NZD","1761382591","23477/2025-11-29/1761382591.json"
"510807","146155","2025-11-29","52.00","NZD","1761382591","23477/2025-11-29/1761382591.json"
"581513","221281","2025-12-01","36.00","NZD","1761382591","23477/2025-12-01/1761382591.json"
"581513","221281","2025-12-02","36.00","NZD","1761382591","23477/2025-12-02/1761382591.json"
"581514","221282","2025-12-01","36.00","NZD","1761382591","23477/2025-12-01/1761382591.json"
"581514","221282","2025-12-02","36.00","NZD","1761382591","23477/2025-12-02/1761382591.json"
"512557","146154","2025-12-02","45.00","NZD","1761382591","23477/2025-12-02/1761382591.json"
"512557","146154","2025-12-01","45.00","NZD","1761382591","23477/2025-12-01/1761382591.json"
"365170","146153","2025-12-02","48.00","NZD","1761382591","23477/2025-12-02/1761382591.json"
"510807","146155","2025-12-02","52.00","NZD","1761382591","23477/2025-12-02/1761382591.json"
"365170","146153","2025-12-01","48.00","NZD","1761382591","23477/2025-12-01/1761382591.json"
"510807","146155","2025-12-01","52.00","NZD","1761382591","23477/2025-12-01/1761382591.json"
"581513","221281","2025-12-03","36.00","NZD","1761382591","23477/2025-12-03/1761382591.json"
"581514","221282","2025-12-03","36.00","NZD","1761382591","23477/2025-12-03/1761382591.json"
"512557","146154","2025-12-03","45.00","NZD","1761382591","23477/2025-12-03/1761382591.json"
"365170","146153","2025-12-03","48.00","NZD","1761382591","23477/2025-12-03/1761382591.json"
"510807","146155","2025-12-03","52.00","NZD","1761382591","23477/2025-12-03/1761382591.json"
"581513","221281","2025-12-06","36.00","NZD","1761382591","23477/2025-12-06/1761382591.json"
"581514","221282","2025-12-06","36.00","NZD","1761382591","23477/2025-12-06/1761382591.json"
"512557","146154","2025-12-06","45.00","NZD","1761382591","23477/2025-12-06/1761382591.json"
"365170","146153","2025-12-06","48.00","NZD","1761382591","23477/2025-12-06/1761382591.json"
"510807","146155","2025-12-06","52.00","NZD","1761382591","23477/2025-12-06/1761382591.json"
"581513","221281","2025-12-05","36.00","NZD","1761382591","23477/2025-12-05/1761382591.json"
"581514","221282","2025-12-05","36.00","NZD","1761382591","23477/2025-12-05/1761382591.json"
"512557","146154","2025-12-05","45.00","NZD","1761382591","23477/2025-12-05/1761382591.json"
"365170","146153","2025-12-05","48.00","NZD","1761382591","23477/2025-12-05/1761382591.json"
"510807","146155","2025-12-05","52.00","NZD","1761382591","23477/2025-12-05/1761382591.json"
"581513","221281","2025-12-04","36.00","NZD","1761382591","23477/2025-12-04/1761382591.json"
"581514","221282","2025-12-04","36.00","NZD","1761382591","23477/2025-12-04/1761382591.json"
"512557","146154","2025-12-04","45.00","NZD","1761382591","23477/2025-12-04/1761382591.json"
"365170","146153","2025-12-04","48.00","NZD","1761382591","23477/2025-12-04/1761382591.json"
"510807","146155","2025-12-04","52.00","NZD","1761382591","23477/2025-12-04/1761382591.json"
"581513","221281","2025-12-07","36.00","NZD","1761382591","23477/2025-12-07/1761382591.json"
"581514","221282","2025-12-07","36.00","NZD","1761382591","23477/2025-12-07/1761382591.json"
"512557","146154","2025-12-07","45.00","NZD","1761382591","23477/2025-12-07/1761382591.json"
"365170","146153","2025-12-07","48.00","NZD","1761382591","23477/2025-12-07/1761382591.json"
"510807","146155","2025-12-07","52.00","NZD","1761382591","23477/2025-12-07/1761382591.json"
"581513","221281","2025-12-10","36.00","NZD","1761382591","23477/2025-12-10/1761382591.json"
"581514","221282","2025-12-10","36.00","NZD","1761382591","23477/2025-12-10/1761382591.json"
"512557","146154","2025-12-10","45.00","NZD","1761382591","23477/2025-12-10/1761382591.json"
"365170","146153","2025-12-10","48.00","NZD","1761382591","23477/2025-12-10/1761382591.json"
"510807","146155","2025-12-10","52.00","NZD","1761382591","23477/2025-12-10/1761382591.json"
"581513","221281","2025-12-11","36.00","NZD","1761382591","23477/2025-12-11/1761382591.json"
"581514","221282","2025-12-11","36.00","NZD","1761382591","23477/2025-12-11/1761382591.json"
"512557","146154","2025-12-11","45.00","NZD","1761382591","23477/2025-12-11/1761382591.json"
"365170","146153","2025-12-11","48.00","NZD","1761382591","23477/2025-12-11/1761382591.json"
"510807","146155","2025-12-11","52.00","NZD","1761382591","23477/2025-12-11/1761382591.json"
"581513","221281","2025-12-09","36.00","NZD","1761382591","23477/2025-12-09/1761382591.json"
"581514","221282","2025-12-09","36.00","NZD","1761382591","23477/2025-12-09/1761382591.json"
"512557","146154","2025-12-09","45.00","NZD","1761382591","23477/2025-12-09/1761382591.json"
"365170","146153","2025-12-09","48.00","NZD","1761382591","23477/2025-12-09/1761382591.json"
"510807","146155","2025-12-09","52.00","NZD","1761382591","23477/2025-12-09/1761382591.json"
"581513","221281","2025-12-08","36.00","NZD","1761382591","23477/2025-12-08/1761382591.json"
"581514","221282","2025-12-08","36.00","NZD","1761382591","23477/2025-12-08/1761382591.json"
"512557","146154","2025-12-08","45.00","NZD","1761382591","23477/2025-12-08/1761382591.json"
"365170","146153","2025-12-08","48.00","NZD","1761382591","23477/2025-12-08/1761382591.json"
"510807","146155","2025-12-08","52.00","NZD","1761382591","23477/2025-12-08/1761382591.json"
"581513","221281","2025-12-12","36.00","NZD","1761382591","23477/2025-12-12/1761382591.json"
"581514","221282","2025-12-12","36.00","NZD","1761382591","23477/2025-12-12/1761382591.json"
"512557","146154","2025-12-12","45.00","NZD","1761382591","23477/2025-12-12/1761382591.json"
"365170","146153","2025-12-12","48.00","NZD","1761382591","23477/2025-12-12/1761382591.json"
"510807","146155","2025-12-12","52.00","NZD","1761382591","23477/2025-12-12/1761382591.json"
"581513","221281","2025-12-14","36.00","NZD","1761382591","23477/2025-12-14/1761382591.json"
"581514","221282","2025-12-14","36.00","NZD","1761382591","23477/2025-12-14/1761382591.json"
"512557","146154","2025-12-14","45.00","NZD","1761382591","23477/2025-12-14/1761382591.json"
"365170","146153","2025-12-14","48.00","NZD","1761382591","23477/2025-12-14/1761382591.json"
"510807","146155","2025-12-14","52.00","NZD","1761382591","23477/2025-12-14/1761382591.json"
"581513","221281","2025-12-13","36.00","NZD","1761382591","23477/2025-12-13/1761382591.json"
"581514","221282","2025-12-13","36.00","NZD","1761382591","23477/2025-12-13/1761382591.json"
"512557","146154","2025-12-13","45.00","NZD","1761382591","23477/2025-12-13/1761382591.json"
"365170","146153","2025-12-13","48.00","NZD","1761382591","23477/2025-12-13/1761382591.json"
"510807","146155","2025-12-13","52.00","NZD","1761382591","23477/2025-12-13/1761382591.json"
"581513","221281","2025-12-15","36.00","NZD","1761382591","23477/2025-12-15/1761382591.json"
"581514","221282","2025-12-15","36.00","NZD","1761382591","23477/2025-12-15/1761382591.json"
"512557","146154","2025-12-15","45.00","NZD","1761382591","23477/2025-12-15/1761382591.json"
"365170","146153","2025-12-15","48.00","NZD","1761382591","23477/2025-12-15/1761382591.json"
"510807","146155","2025-12-15","52.00","NZD","1761382591","23477/2025-12-15/1761382591.json"
"581513","221281","2025-12-16","36.00","NZD","1761382591","23477/2025-12-16/1761382591.json"
"581514","221282","2025-12-16","36.00","NZD","1761382591","23477/2025-12-16/1761382591.json"
"512557","146154","2025-12-16","45.00","NZD","1761382591","23477/2025-12-16/1761382591.json"
"365170","146153","2025-12-16","48.00","NZD","1761382591","23477/2025-12-16/1761382591.json"
"510807","146155","2025-12-16","52.00","NZD","1761382591","23477/2025-12-16/1761382591.json"
"581513","221281","2025-12-17","36.00","NZD","1761382591","23477/2025-12-17/1761382591.json"
"581514","221282","2025-12-17","36.00","NZD","1761382591","23477/2025-12-17/1761382591.json"
"512557","146154","2025-12-17","45.00","NZD","1761382591","23477/2025-12-17/1761382591.json"
"365170","146153","2025-12-17","48.00","NZD","1761382591","23477/2025-12-17/1761382591.json"
"510807","146155","2025-12-17","52.00","NZD","1761382591","23477/2025-12-17/1761382591.json"
"581513","221281","2025-12-19","36.00","NZD","1761382591","23477/2025-12-19/1761382591.json"
"581514","221282","2025-12-19","36.00","NZD","1761382591","23477/2025-12-19/1761382591.json"
"512557","146154","2025-12-19","45.00","NZD","1761382591","23477/2025-12-19/1761382591.json"
"365170","146153","2025-12-19","48.00","NZD","1761382591","23477/2025-12-19/1761382591.json"
"510807","146155","2025-12-19","52.00","NZD","1761382591","23477/2025-12-19/1761382591.json"
"581513","221281","2025-12-18","36.00","NZD","1761382591","23477/2025-12-18/1761382591.json"
"581514","221282","2025-12-18","36.00","NZD","1761382591","23477/2025-12-18/1761382591.json"
"512557","146154","2025-12-18","45.00","NZD","1761382591","23477/2025-12-18/1761382591.json"
"365170","146153","2025-12-18","48.00","NZD","1761382591","23477/2025-12-18/1761382591.json"
"510807","146155","2025-12-18","52.00","NZD","1761382591","23477/2025-12-18/1761382591.json"
"581513","221281","2025-12-20","36.00","NZD","1761382591","23477/2025-12-20/1761382591.json"
"581514","221282","2025-12-20","36.00","NZD","1761382591","23477/2025-12-20/1761382591.json"
"512557","146154","2025-12-20","45.00","NZD","1761382591","23477/2025-12-20/1761382591.json"
"365170","146153","2025-12-20","48.00","NZD","1761382591","23477/2025-12-20/1761382591.json"
"510807","146155","2025-12-20","52.00","NZD","1761382591","23477/2025-12-20/1761382591.json"
"581513","221281","2025-12-21","36.00","NZD","1761382591","23477/2025-12-21/1761382591.json"
"581514","221282","2025-12-21","36.00","NZD","1761382591","23477/2025-12-21/1761382591.json"
"512557","146154","2025-12-21","45.00","NZD","1761382591","23477/2025-12-21/1761382591.json"
"365170","146153","2025-12-21","48.00","NZD","1761382591","23477/2025-12-21/1761382591.json"
"510807","146155","2025-12-21","52.00","NZD","1761382591","23477/2025-12-21/1761382591.json"
"581513","221281","2025-12-22","36.00","NZD","1761382591","23477/2025-12-22/1761382591.json"
"581514","221282","2025-12-22","36.00","NZD","1761382591","23477/2025-12-22/1761382591.json"
"512557","146154","2025-12-22","45.00","NZD","1761382591","23477/2025-12-22/1761382591.json"
"365170","146153","2025-12-22","48.00","NZD","1761382591","23477/2025-12-22/1761382591.json"
"510807","146155","2025-12-22","52.00","NZD","1761382591","23477/2025-12-22/1761382591.json"
"581513","221281","2025-12-23","38.00","NZD","1761382591","23477/2025-12-23/1761382591.json"
"581513","221281","2025-12-24","38.00","NZD","1761382591","23477/2025-12-24/1761382591.json"
"581514","221282","2025-12-23","38.00","NZD","1761382591","23477/2025-12-23/1761382591.json"
"581514","221282","2025-12-24","38.00","NZD","1761382591","23477/2025-12-24/1761382591.json"
"512557","146154","2025-12-24","45.00","NZD","1761382591","23477/2025-12-24/1761382591.json"
"512557","146154","2025-12-23","45.00","NZD","1761382591","23477/2025-12-23/1761382591.json"
"365170","146153","2025-12-24","48.00","NZD","1761382591","23477/2025-12-24/1761382591.json"
"510807","146155","2025-12-24","52.00","NZD","1761382591","23477/2025-12-24/1761382591.json"
"365170","146153","2025-12-23","48.00","NZD","1761382591","23477/2025-12-23/1761382591.json"
"510807","146155","2025-12-23","52.00","NZD","1761382591","23477/2025-12-23/1761382591.json"
"581513","221281","2025-10-27","38.00","NZD","1761398335","23477/2025-10-27/1761398335.json"
"581514","221282","2025-10-27","38.00","NZD","1761398335","23477/2025-10-27/1761398335.json"
"512557","146154","2025-10-27","45.00","NZD","1761398335","23477/2025-10-27/1761398335.json"
"365170","146153","2025-10-27","48.00","NZD","1761398335","23477/2025-10-27/1761398335.json"
"510807","146155","2025-10-27","52.00","NZD","1761398335","23477/2025-10-27/1761398335.json"
"581513","221281","2025-10-26","38.00","NZD","1761398335","23477/2025-10-26/1761398335.json"
"581514","221282","2025-10-26","38.00","NZD","1761398335","23477/2025-10-26/1761398335.json"
"512557","146154","2025-10-26","45.00","NZD","1761398335","23477/2025-10-26/1761398335.json"
"581513","221281","2025-10-29","36.00","NZD","1761398335","23477/2025-10-29/1761398335.json"
"581514","221282","2025-10-29","36.00","NZD","1761398335","23477/2025-10-29/1761398335.json"
"512557","146154","2025-10-29","45.00","NZD","1761398335","23477/2025-10-29/1761398335.json"
"365170","146153","2025-10-29","48.00","NZD","1761398335","23477/2025-10-29/1761398335.json"
"510807","146155","2025-10-29","52.00","NZD","1761398335","23477/2025-10-29/1761398335.json"
"581513","221281","2025-10-28","36.00","NZD","1761398335","23477/2025-10-28/1761398335.json"
"581514","221282","2025-10-28","36.00","NZD","1761398335","23477/2025-10-28/1761398335.json"
"512557","146154","2025-10-28","45.00","NZD","1761398335","23477/2025-10-28/1761398335.json"
"365170","146153","2025-10-28","48.00","NZD","1761398335","23477/2025-10-28/1761398335.json"
"510807","146155","2025-10-28","52.00","NZD","1761398335","23477/2025-10-28/1761398335.json"
"581513","221281","2025-10-30","36.00","NZD","1761398335","23477/2025-10-30/1761398335.json"
"581514","221282","2025-10-30","36.00","NZD","1761398335","23477/2025-10-30/1761398335.json"
"512557","146154","2025-10-30","45.00","NZD","1761398335","23477/2025-10-30/1761398335.json"
"365170","146153","2025-10-30","48.00","NZD","1761398335","23477/2025-10-30/1761398335.json"
"510807","146155","2025-10-30","52.00","NZD","1761398335","23477/2025-10-30/1761398335.json"
"581513","221281","2025-11-02","36.00","NZD","1761398335","23477/2025-11-02/1761398335.json"
"581514","221282","2025-11-02","36.00","NZD","1761398335","23477/2025-11-02/1761398335.json"
"512557","146154","2025-11-02","45.00","NZD","1761398335","23477/2025-11-02/1761398335.json"
"365170","146153","2025-11-02","48.00","NZD","1761398335","23477/2025-11-02/1761398335.json"
"510807","146155","2025-11-02","52.00","NZD","1761398335","23477/2025-11-02/1761398335.json"
"581513","221281","2025-11-01","36.00","NZD","1761398335","23477/2025-11-01/1761398335.json"
"581514","221282","2025-11-01","36.00","NZD","1761398335","23477/2025-11-01/1761398335.json"
"512557","146154","2025-11-01","45.00","NZD","1761398335","23477/2025-11-01/1761398335.json"
"365170","146153","2025-11-01","48.00","NZD","1761398335","23477/2025-11-01/1761398335.json"
"510807","146155","2025-11-01","52.00","NZD","1761398335","23477/2025-11-01/1761398335.json"
"581513","221281","2025-10-31","36.00","NZD","1761398335","23477/2025-10-31/1761398335.json"
"581514","221282","2025-10-31","36.00","NZD","1761398335","23477/2025-10-31/1761398335.json"
"512557","146154","2025-10-31","45.00","NZD","1761398335","23477/2025-10-31/1761398335.json"
"365170","146153","2025-10-31","48.00","NZD","1761398335","23477/2025-10-31/1761398335.json"
"510807","146155","2025-10-31","52.00","NZD","1761398335","23477/2025-10-31/1761398335.json"
"581513","221281","2025-11-03","36.00","NZD","1761398335","23477/2025-11-03/1761398335.json"
"581514","221282","2025-11-03","36.00","NZD","1761398335","23477/2025-11-03/1761398335.json"
"512557","146154","2025-11-03","45.00","NZD","1761398335","23477/2025-11-03/1761398335.json"
"365170","146153","2025-11-03","48.00","NZD","1761398335","23477/2025-11-03/1761398335.json"
"510807","146155","2025-11-03","52.00","NZD","1761398335","23477/2025-11-03/1761398335.json"
"581513","221281","2025-11-06","36.00","NZD","1761398335","23477/2025-11-06/1761398335.json"
"581514","221282","2025-11-06","36.00","NZD","1761398335","23477/2025-11-06/1761398335.json"
"512557","146154","2025-11-06","45.00","NZD","1761398335","23477/2025-11-06/1761398335.json"
"365170","146153","2025-11-06","48.00","NZD","1761398335","23477/2025-11-06/1761398335.json"
"510807","146155","2025-11-06","52.00","NZD","1761398335","23477/2025-11-06/1761398335.json"
"581513","221281","2025-11-04","36.00","NZD","1761398335","23477/2025-11-04/1761398335.json"
"581514","221282","2025-11-04","36.00","NZD","1761398335","23477/2025-11-04/1761398335.json"
"512557","146154","2025-11-04","45.00","NZD","1761398335","23477/2025-11-04/1761398335.json"
"365170","146153","2025-11-04","48.00","NZD","1761398335","23477/2025-11-04/1761398335.json"
"510807","146155","2025-11-04","52.00","NZD","1761398335","23477/2025-11-04/1761398335.json"
"581513","221281","2025-11-05","36.00","NZD","1761398335","23477/2025-11-05/1761398335.json"
"581514","221282","2025-11-05","36.00","NZD","1761398335","23477/2025-11-05/1761398335.json"
"512557","146154","2025-11-05","45.00","NZD","1761398335","23477/2025-11-05/1761398335.json"
"365170","146153","2025-11-05","48.00","NZD","1761398335","23477/2025-11-05/1761398335.json"
"510807","146155","2025-11-05","52.00","NZD","1761398335","23477/2025-11-05/1761398335.json"
"581513","221281","2025-11-09","36.00","NZD","1761398335","23477/2025-11-09/1761398335.json"
"581514","221282","2025-11-09","36.00","NZD","1761398335","23477/2025-11-09/1761398335.json"
"512557","146154","2025-11-09","45.00","NZD","1761398335","23477/2025-11-09/1761398335.json"
"365170","146153","2025-11-09","48.00","NZD","1761398335","23477/2025-11-09/1761398335.json"
"510807","146155","2025-11-09","52.00","NZD","1761398335","23477/2025-11-09/1761398335.json"
"581513","221281","2025-11-08","36.00","NZD","1761398335","23477/2025-11-08/1761398335.json"
"581514","221282","2025-11-08","36.00","NZD","1761398335","23477/2025-11-08/1761398335.json"
"512557","146154","2025-11-08","45.00","NZD","1761398335","23477/2025-11-08/1761398335.json"
"365170","146153","2025-11-08","48.00","NZD","1761398335","23477/2025-11-08/1761398335.json"
"510807","146155","2025-11-08","52.00","NZD","1761398335","23477/2025-11-08/1761398335.json"
"581513","221281","2025-11-07","36.00","NZD","1761398335","23477/2025-11-07/1761398335.json"
"581514","221282","2025-11-07","36.00","NZD","1761398335","23477/2025-11-07/1761398335.json"
"512557","146154","2025-11-07","45.00","NZD","1761398335","23477/2025-11-07/1761398335.json"
"365170","146153","2025-11-07","48.00","NZD","1761398335","23477/2025-11-07/1761398335.json"
"510807","146155","2025-11-07","52.00","NZD","1761398335","23477/2025-11-07/1761398335.json"
"581513","221281","2025-11-10","36.00","NZD","1761398335","23477/2025-11-10/1761398335.json"
"581514","221282","2025-11-10","36.00","NZD","1761398335","23477/2025-11-10/1761398335.json"
"512557","146154","2025-11-10","45.00","NZD","1761398335","23477/2025-11-10/1761398335.json"
"365170","146153","2025-11-10","48.00","NZD","1761398335","23477/2025-11-10/1761398335.json"
"510807","146155","2025-11-10","52.00","NZD","1761398335","23477/2025-11-10/1761398335.json"
"581513","221281","2025-11-12","36.00","NZD","1761398335","23477/2025-11-12/1761398335.json"
"581514","221282","2025-11-12","36.00","NZD","1761398335","23477/2025-11-12/1761398335.json"
"512557","146154","2025-11-12","45.00","NZD","1761398335","23477/2025-11-12/1761398335.json"
"365170","146153","2025-11-12","48.00","NZD","1761398335","23477/2025-11-12/1761398335.json"
"510807","146155","2025-11-12","52.00","NZD","1761398335","23477/2025-11-12/1761398335.json"
"581513","221281","2025-11-13","36.00","NZD","1761398335","23477/2025-11-13/1761398335.json"
"581514","221282","2025-11-13","36.00","NZD","1761398335","23477/2025-11-13/1761398335.json"
"512557","146154","2025-11-13","45.00","NZD","1761398335","23477/2025-11-13/1761398335.json"
"365170","146153","2025-11-13","48.00","NZD","1761398335","23477/2025-11-13/1761398335.json"
"510807","146155","2025-11-13","52.00","NZD","1761398335","23477/2025-11-13/1761398335.json"
"581513","221281","2025-11-11","36.00","NZD","1761398335","23477/2025-11-11/1761398335.json"
"581514","221282","2025-11-11","36.00","NZD","1761398335","23477/2025-11-11/1761398335.json"
"512557","146154","2025-11-11","45.00","NZD","1761398335","23477/2025-11-11/1761398335.json"
"365170","146153","2025-11-11","48.00","NZD","1761398335","23477/2025-11-11/1761398335.json"
"510807","146155","2025-11-11","52.00","NZD","1761398335","23477/2025-11-11/1761398335.json"
"581513","221281","2025-11-14","36.00","NZD","1761398335","23477/2025-11-14/1761398335.json"
"581514","221282","2025-11-14","36.00","NZD","1761398335","23477/2025-11-14/1761398335.json"
"512557","146154","2025-11-14","45.00","NZD","1761398335","23477/2025-11-14/1761398335.json"
"365170","146153","2025-11-14","48.00","NZD","1761398335","23477/2025-11-14/1761398335.json"
"510807","146155","2025-11-14","52.00","NZD","1761398335","23477/2025-11-14/1761398335.json"
"581513","221281","2025-11-15","36.00","NZD","1761398335","23477/2025-11-15/1761398335.json"
"581514","221282","2025-11-15","36.00","NZD","1761398335","23477/2025-11-15/1761398335.json"
"512557","146154","2025-11-15","45.00","NZD","1761398335","23477/2025-11-15/1761398335.json"
"365170","146153","2025-11-15","48.00","NZD","1761398335","23477/2025-11-15/1761398335.json"
"510807","146155","2025-11-15","52.00","NZD","1761398335","23477/2025-11-15/1761398335.json"
"581513","221281","2025-11-16","36.00","NZD","1761398335","23477/2025-11-16/1761398335.json"
"581514","221282","2025-11-16","36.00","NZD","1761398335","23477/2025-11-16/1761398335.json"
"512557","146154","2025-11-16","45.00","NZD","1761398335","23477/2025-11-16/1761398335.json"
"365170","146153","2025-11-16","48.00","NZD","1761398335","23477/2025-11-16/1761398335.json"
"510807","146155","2025-11-16","52.00","NZD","1761398335","23477/2025-11-16/1761398335.json"
"581513","221281","2025-11-18","36.00","NZD","1761398335","23477/2025-11-18/1761398335.json"
"581514","221282","2025-11-18","36.00","NZD","1761398335","23477/2025-11-18/1761398335.json"
"512557","146154","2025-11-18","45.00","NZD","1761398335","23477/2025-11-18/1761398335.json"
"365170","146153","2025-11-18","48.00","NZD","1761398335","23477/2025-11-18/1761398335.json"
"510807","146155","2025-11-18","52.00","NZD","1761398335","23477/2025-11-18/1761398335.json"
"581513","221281","2025-11-17","36.00","NZD","1761398335","23477/2025-11-17/1761398335.json"
"581514","221282","2025-11-17","36.00","NZD","1761398335","23477/2025-11-17/1761398335.json"
"512557","146154","2025-11-17","45.00","NZD","1761398335","23477/2025-11-17/1761398335.json"
"365170","146153","2025-11-17","48.00","NZD","1761398335","23477/2025-11-17/1761398335.json"
"510807","146155","2025-11-17","52.00","NZD","1761398335","23477/2025-11-17/1761398335.json"
"581513","221281","2025-11-20","36.00","NZD","1761398335","23477/2025-11-20/1761398335.json"
"581514","221282","2025-11-20","36.00","NZD","1761398335","23477/2025-11-20/1761398335.json"
"512557","146154","2025-11-20","45.00","NZD","1761398335","23477/2025-11-20/1761398335.json"
"581513","221281","2025-11-19","36.00","NZD","1761398335","23477/2025-11-19/1761398335.json"
"581514","221282","2025-11-19","36.00","NZD","1761398335","23477/2025-11-19/1761398335.json"
"512557","146154","2025-11-19","45.00","NZD","1761398335","23477/2025-11-19/1761398335.json"
"365170","146153","2025-11-19","48.00","NZD","1761398335","23477/2025-11-19/1761398335.json"
"510807","146155","2025-11-19","52.00","NZD","1761398335","23477/2025-11-19/1761398335.json"
"581513","221281","2025-11-21","36.00","NZD","1761398335","23477/2025-11-21/1761398335.json"
"581514","221282","2025-11-21","36.00","NZD","1761398335","23477/2025-11-21/1761398335.json"
"512557","146154","2025-11-21","45.00","NZD","1761398335","23477/2025-11-21/1761398335.json"
"365170","146153","2025-11-21","48.00","NZD","1761398335","23477/2025-11-21/1761398335.json"
"510807","146155","2025-11-21","52.00","NZD","1761398335","23477/2025-11-21/1761398335.json"
"581513","221281","2025-11-22","36.00","NZD","1761398335","23477/2025-11-22/1761398335.json"
"581514","221282","2025-11-22","36.00","NZD","1761398335","23477/2025-11-22/1761398335.json"
"512557","146154","2025-11-22","45.00","NZD","1761398335","23477/2025-11-22/1761398335.json"
"365170","146153","2025-11-22","48.00","NZD","1761398335","23477/2025-11-22/1761398335.json"
"510807","146155","2025-11-22","52.00","NZD","1761398335","23477/2025-11-22/1761398335.json"
"581513","221281","2025-11-23","36.00","NZD","1761398335","23477/2025-11-23/1761398335.json"
"581514","221282","2025-11-23","36.00","NZD","1761398335","23477/2025-11-23/1761398335.json"
"512557","146154","2025-11-23","45.00","NZD","1761398335","23477/2025-11-23/1761398335.json"
"365170","146153","2025-11-23","48.00","NZD","1761398335","23477/2025-11-23/1761398335.json"
"510807","146155","2025-11-23","52.00","NZD","1761398335","23477/2025-11-23/1761398335.json"
"581513","221281","2025-11-24","36.00","NZD","1761398335","23477/2025-11-24/1761398335.json"
"581514","221282","2025-11-24","36.00","NZD","1761398335","23477/2025-11-24/1761398335.json"
"512557","146154","2025-11-24","45.00","NZD","1761398335","23477/2025-11-24/1761398335.json"
"365170","146153","2025-11-24","48.00","NZD","1761398335","23477/2025-11-24/1761398335.json"
"510807","146155","2025-11-24","52.00","NZD","1761398335","23477/2025-11-24/1761398335.json"
"581513","221281","2025-11-25","36.00","NZD","1761398335","23477/2025-11-25/1761398335.json"
"581514","221282","2025-11-25","36.00","NZD","1761398335","23477/2025-11-25/1761398335.json"
"512557","146154","2025-11-25","45.00","NZD","1761398335","23477/2025-11-25/1761398335.json"
"365170","146153","2025-11-25","48.00","NZD","1761398335","23477/2025-11-25/1761398335.json"
"510807","146155","2025-11-25","52.00","NZD","1761398335","23477/2025-11-25/1761398335.json"
"581513","221281","2025-11-26","36.00","NZD","1761398335","23477/2025-11-26/1761398335.json"
"581514","221282","2025-11-26","36.00","NZD","1761398335","23477/2025-11-26/1761398335.json"
"512557","146154","2025-11-26","45.00","NZD","1761398335","23477/2025-11-26/1761398335.json"
"365170","146153","2025-11-26","48.00","NZD","1761398335","23477/2025-11-26/1761398335.json"
"510807","146155","2025-11-26","52.00","NZD","1761398335","23477/2025-11-26/1761398335.json"
"581513","221281","2025-11-27","36.00","NZD","1761398335","23477/2025-11-27/1761398335.json"
"581514","221282","2025-11-27","36.00","NZD","1761398335","23477/2025-11-27/1761398335.json"
"512557","146154","2025-11-27","45.00","NZD","1761398335","23477/2025-11-27/1761398335.json"
"365170","146153","2025-11-27","48.00","NZD","1761398335","23477/2025-11-27/1761398335.json"
"510807","146155","2025-11-27","52.00","NZD","1761398335","23477/2025-11-27/1761398335.json"
"581513","221281","2025-11-28","36.00","NZD","1761398335","23477/2025-11-28/1761398335.json"
"581514","221282","2025-11-28","36.00","NZD","1761398335","23477/2025-11-28/1761398335.json"
"512557","146154","2025-11-28","45.00","NZD","1761398335","23477/2025-11-28/1761398335.json"
"365170","146153","2025-11-28","48.00","NZD","1761398335","23477/2025-11-28/1761398335.json"
"510807","146155","2025-11-28","52.00","NZD","1761398335","23477/2025-11-28/1761398335.json"
"581513","221281","2025-11-29","36.00","NZD","1761398335","23477/2025-11-29/1761398335.json"
"581514","221282","2025-11-29","36.00","NZD","1761398335","23477/2025-11-29/1761398335.json"
"512557","146154","2025-11-29","45.00","NZD","1761398335","23477/2025-11-29/1761398335.json"
"365170","146153","2025-11-29","48.00","NZD","1761398335","23477/2025-11-29/1761398335.json"
"510807","146155","2025-11-29","52.00","NZD","1761398335","23477/2025-11-29/1761398335.json"
"581513","221281","2025-11-30","36.00","NZD","1761398335","23477/2025-11-30/1761398335.json"
"581514","221282","2025-11-30","36.00","NZD","1761398335","23477/2025-11-30/1761398335.json"
"512557","146154","2025-11-30","45.00","NZD","1761398335","23477/2025-11-30/1761398335.json"
"365170","146153","2025-11-30","48.00","NZD","1761398335","23477/2025-11-30/1761398335.json"
"510807","146155","2025-11-30","52.00","NZD","1761398335","23477/2025-11-30/1761398335.json"
"581513","221281","2025-12-03","36.00","NZD","1761398335","23477/2025-12-03/1761398335.json"
"581514","221282","2025-12-03","36.00","NZD","1761398335","23477/2025-12-03/1761398335.json"
"512557","146154","2025-12-03","45.00","NZD","1761398335","23477/2025-12-03/1761398335.json"
"365170","146153","2025-12-03","48.00","NZD","1761398335","23477/2025-12-03/1761398335.json"
"510807","146155","2025-12-03","52.00","NZD","1761398335","23477/2025-12-03/1761398335.json"
"581513","221281","2025-12-02","36.00","NZD","1761398335","23477/2025-12-02/1761398335.json"
"581514","221282","2025-12-02","36.00","NZD","1761398335","23477/2025-12-02/1761398335.json"
"512557","146154","2025-12-02","45.00","NZD","1761398335","23477/2025-12-02/1761398335.json"
"365170","146153","2025-12-02","48.00","NZD","1761398335","23477/2025-12-02/1761398335.json"
"510807","146155","2025-12-02","52.00","NZD","1761398335","23477/2025-12-02/1761398335.json"
"581513","221281","2025-12-01","36.00","NZD","1761398335","23477/2025-12-01/1761398335.json"
"581514","221282","2025-12-01","36.00","NZD","1761398335","23477/2025-12-01/1761398335.json"
"512557","146154","2025-12-01","45.00","NZD","1761398335","23477/2025-12-01/1761398335.json"
"365170","146153","2025-12-01","48.00","NZD","1761398335","23477/2025-12-01/1761398335.json"
"510807","146155","2025-12-01","52.00","NZD","1761398335","23477/2025-12-01/1761398335.json"
"581513","221281","2025-12-04","36.00","NZD","1761398335","23477/2025-12-04/1761398335.json"
"581514","221282","2025-12-04","36.00","NZD","1761398335","23477/2025-12-04/1761398335.json"
"512557","146154","2025-12-04","45.00","NZD","1761398335","23477/2025-12-04/1761398335.json"
"365170","146153","2025-12-04","48.00","NZD","1761398335","23477/2025-12-04/1761398335.json"
"510807","146155","2025-12-04","52.00","NZD","1761398335","23477/2025-12-04/1761398335.json"
"581513","221281","2025-12-05","36.00","NZD","1761398335","23477/2025-12-05/1761398335.json"
"581514","221282","2025-12-05","36.00","NZD","1761398335","23477/2025-12-05/1761398335.json"
"512557","146154","2025-12-05","45.00","NZD","1761398335","23477/2025-12-05/1761398335.json"
"365170","146153","2025-12-05","48.00","NZD","1761398335","23477/2025-12-05/1761398335.json"
"510807","146155","2025-12-05","52.00","NZD","1761398335","23477/2025-12-05/1761398335.json"
"581513","221281","2025-12-06","36.00","NZD","1761398335","23477/2025-12-06/1761398335.json"
"581514","221282","2025-12-06","36.00","NZD","1761398335","23477/2025-12-06/1761398335.json"
"512557","146154","2025-12-06","45.00","NZD","1761398335","23477/2025-12-06/1761398335.json"
"365170","146153","2025-12-06","48.00","NZD","1761398335","23477/2025-12-06/1761398335.json"
"510807","146155","2025-12-06","52.00","NZD","1761398335","23477/2025-12-06/1761398335.json"
"581513","221281","2025-12-07","36.00","NZD","1761398335","23477/2025-12-07/1761398335.json"
"581514","221282","2025-12-07","36.00","NZD","1761398335","23477/2025-12-07/1761398335.json"
"512557","146154","2025-12-07","45.00","NZD","1761398335","23477/2025-12-07/1761398335.json"
"365170","146153","2025-12-07","48.00","NZD","1761398335","23477/2025-12-07/1761398335.json"
"510807","146155","2025-12-07","52.00","NZD","1761398335","23477/2025-12-07/1761398335.json"
"581513","221281","2025-12-08","36.00","NZD","1761398335","23477/2025-12-08/1761398335.json"
"581514","221282","2025-12-08","36.00","NZD","1761398335","23477/2025-12-08/1761398335.json"
"512557","146154","2025-12-08","45.00","NZD","1761398335","23477/2025-12-08/1761398335.json"
"365170","146153","2025-12-08","48.00","NZD","1761398335","23477/2025-12-08/1761398335.json"
"510807","146155","2025-12-08","52.00","NZD","1761398335","23477/2025-12-08/1761398335.json"
"581513","221281","2025-12-09","36.00","NZD","1761398335","23477/2025-12-09/1761398335.json"
"581514","221282","2025-12-09","36.00","NZD","1761398335","23477/2025-12-09/1761398335.json"
"512557","146154","2025-12-09","45.00","NZD","1761398335","23477/2025-12-09/1761398335.json"
"365170","146153","2025-12-09","48.00","NZD","1761398335","23477/2025-12-09/1761398335.json"
"510807","146155","2025-12-09","52.00","NZD","1761398335","23477/2025-12-09/1761398335.json"
"581513","221281","2025-12-10","36.00","NZD","1761398335","23477/2025-12-10/1761398335.json"
"581514","221282","2025-12-10","36.00","NZD","1761398335","23477/2025-12-10/1761398335.json"
"512557","146154","2025-12-10","45.00","NZD","1761398335","23477/2025-12-10/1761398335.json"
"365170","146153","2025-12-10","48.00","NZD","1761398335","23477/2025-12-10/1761398335.json"
"510807","146155","2025-12-10","52.00","NZD","1761398335","23477/2025-12-10/1761398335.json"
"581513","221281","2025-12-11","36.00","NZD","1761398335","23477/2025-12-11/1761398335.json"
"581514","221282","2025-12-11","36.00","NZD","1761398335","23477/2025-12-11/1761398335.json"
"512557","146154","2025-12-11","45.00","NZD","1761398335","23477/2025-12-11/1761398335.json"
"365170","146153","2025-12-11","48.00","NZD","1761398335","23477/2025-12-11/1761398335.json"
"510807","146155","2025-12-11","52.00","NZD","1761398335","23477/2025-12-11/1761398335.json"
"581513","221281","2025-12-12","36.00","NZD","1761398335","23477/2025-12-12/1761398335.json"
"581514","221282","2025-12-12","36.00","NZD","1761398335","23477/2025-12-12/1761398335.json"
"512557","146154","2025-12-12","45.00","NZD","1761398335","23477/2025-12-12/1761398335.json"
"365170","146153","2025-12-12","48.00","NZD","1761398335","23477/2025-12-12/1761398335.json"
"510807","146155","2025-12-12","52.00","NZD","1761398335","23477/2025-12-12/1761398335.json"
"581513","221281","2025-12-13","36.00","NZD","1761398335","23477/2025-12-13/1761398335.json"
"581514","221282","2025-12-13","36.00","NZD","1761398335","23477/2025-12-13/1761398335.json"
"512557","146154","2025-12-13","45.00","NZD","1761398335","23477/2025-12-13/1761398335.json"
"365170","146153","2025-12-13","48.00","NZD","1761398335","23477/2025-12-13/1761398335.json"
"510807","146155","2025-12-13","52.00","NZD","1761398335","23477/2025-12-13/1761398335.json"
"581513","221281","2025-12-15","36.00","NZD","1761398335","23477/2025-12-15/1761398335.json"
"581514","221282","2025-12-15","36.00","NZD","1761398335","23477/2025-12-15/1761398335.json"
"512557","146154","2025-12-15","45.00","NZD","1761398335","23477/2025-12-15/1761398335.json"
"365170","146153","2025-12-15","48.00","NZD","1761398335","23477/2025-12-15/1761398335.json"
"510807","146155","2025-12-15","52.00","NZD","1761398335","23477/2025-12-15/1761398335.json"
"581513","221281","2025-12-14","36.00","NZD","1761398335","23477/2025-12-14/1761398335.json"
"581514","221282","2025-12-14","36.00","NZD","1761398335","23477/2025-12-14/1761398335.json"
"512557","146154","2025-12-14","45.00","NZD","1761398335","23477/2025-12-14/1761398335.json"
"365170","146153","2025-12-14","48.00","NZD","1761398335","23477/2025-12-14/1761398335.json"
"510807","146155","2025-12-14","52.00","NZD","1761398335","23477/2025-12-14/1761398335.json"
"581513","221281","2025-12-16","36.00","NZD","1761398335","23477/2025-12-16/1761398335.json"
"581514","221282","2025-12-16","36.00","NZD","1761398335","23477/2025-12-16/1761398335.json"
"512557","146154","2025-12-16","45.00","NZD","1761398335","23477/2025-12-16/1761398335.json"
"365170","146153","2025-12-16","48.00","NZD","1761398335","23477/2025-12-16/1761398335.json"
"510807","146155","2025-12-16","52.00","NZD","1761398335","23477/2025-12-16/1761398335.json"
"581513","221281","2025-12-17","36.00","NZD","1761398335","23477/2025-12-17/1761398335.json"
"581514","221282","2025-12-17","36.00","NZD","1761398335","23477/2025-12-17/1761398335.json"
"512557","146154","2025-12-17","45.00","NZD","1761398335","23477/2025-12-17/1761398335.json"
"365170","146153","2025-12-17","48.00","NZD","1761398335","23477/2025-12-17/1761398335.json"
"510807","146155","2025-12-17","52.00","NZD","1761398335","23477/2025-12-17/1761398335.json"
"581513","221281","2025-12-19","36.00","NZD","1761398335","23477/2025-12-19/1761398335.json"
"581514","221282","2025-12-19","36.00","NZD","1761398335","23477/2025-12-19/1761398335.json"
"512557","146154","2025-12-19","45.00","NZD","1761398335","23477/2025-12-19/1761398335.json"
"365170","146153","2025-12-19","48.00","NZD","1761398335","23477/2025-12-19/1761398335.json"
"510807","146155","2025-12-19","52.00","NZD","1761398335","23477/2025-12-19/1761398335.json"
"581513","221281","2025-12-18","36.00","NZD","1761398335","23477/2025-12-18/1761398335.json"
"581514","221282","2025-12-18","36.00","NZD","1761398335","23477/2025-12-18/1761398335.json"
"512557","146154","2025-12-18","45.00","NZD","1761398335","23477/2025-12-18/1761398335.json"
"365170","146153","2025-12-18","48.00","NZD","1761398335","23477/2025-12-18/1761398335.json"
"510807","146155","2025-12-18","52.00","NZD","1761398335","23477/2025-12-18/1761398335.json"
"581513","221281","2025-12-21","36.00","NZD","1761398335","23477/2025-12-21/1761398335.json"
"581514","221282","2025-12-21","36.00","NZD","1761398335","23477/2025-12-21/1761398335.json"
"512557","146154","2025-12-21","45.00","NZD","1761398335","23477/2025-12-21/1761398335.json"
"365170","146153","2025-12-21","48.00","NZD","1761398335","23477/2025-12-21/1761398335.json"
"510807","146155","2025-12-21","52.00","NZD","1761398335","23477/2025-12-21/1761398335.json"
"581513","221281","2025-12-23","38.00","NZD","1761398335","23477/2025-12-23/1761398335.json"
"581514","221282","2025-12-23","38.00","NZD","1761398335","23477/2025-12-23/1761398335.json"
"512557","146154","2025-12-23","45.00","NZD","1761398335","23477/2025-12-23/1761398335.json"
"365170","146153","2025-12-23","48.00","NZD","1761398335","23477/2025-12-23/1761398335.json"
"510807","146155","2025-12-23","52.00","NZD","1761398335","23477/2025-12-23/1761398335.json"
"581513","221281","2025-12-22","36.00","NZD","1761398335","23477/2025-12-22/1761398335.json"
"581514","221282","2025-12-22","36.00","NZD","1761398335","23477/2025-12-22/1761398335.json"
"512557","146154","2025-12-22","45.00","NZD","1761398335","23477/2025-12-22/1761398335.json"
"365170","146153","2025-12-22","48.00","NZD","1761398335","23477/2025-12-22/1761398335.json"
"510807","146155","2025-12-22","52.00","NZD","1761398335","23477/2025-12-22/1761398335.json"
"581513","221281","2025-12-24","38.00","NZD","1761398335","23477/2025-12-24/1761398335.json"
"581514","221282","2025-12-24","38.00","NZD","1761398335","23477/2025-12-24/1761398335.json"
"512557","146154","2025-12-24","45.00","NZD","1761398335","23477/2025-12-24/1761398335.json"
"365170","146153","2025-12-24","48.00","NZD","1761398335","23477/2025-12-24/1761398335.json"
"510807","146155","2025-12-24","52.00","NZD","1761398335","23477/2025-12-24/1761398335.json"
"581513","221281","2025-12-20","36.00","NZD","1761398335","23477/2025-12-20/1761398335.json"
"581514","221282","2025-12-20","36.00","NZD","1761398335","23477/2025-12-20/1761398335.json"
"512557","146154","2025-12-20","45.00","NZD","1761398335","23477/2025-12-20/1761398335.json"
"365170","146153","2025-12-20","48.00","NZD","1761398335","23477/2025-12-20/1761398335.json"
"510807","146155","2025-12-20","52.00","NZD","1761398335","23477/2025-12-20/1761398335.json"
"581513","221281","2025-10-26","38.00","NZD","1761411398","23477/2025-10-26/1761411398.json"
"581514","221282","2025-10-26","38.00","NZD","1761411398","23477/2025-10-26/1761411398.json"
"512557","146154","2025-10-26","45.00","NZD","1761411398","23477/2025-10-26/1761411398.json"
"581513","221281","2025-10-27","38.00","NZD","1761411398","23477/2025-10-27/1761411398.json"
"581514","221282","2025-10-27","38.00","NZD","1761411398","23477/2025-10-27/1761411398.json"
"512557","146154","2025-10-27","45.00","NZD","1761411398","23477/2025-10-27/1761411398.json"
"365170","146153","2025-10-27","48.00","NZD","1761411398","23477/2025-10-27/1761411398.json"
"510807","146155","2025-10-27","52.00","NZD","1761411398","23477/2025-10-27/1761411398.json"
"581513","221281","2025-10-28","36.00","NZD","1761411398","23477/2025-10-28/1761411398.json"
"581514","221282","2025-10-28","36.00","NZD","1761411398","23477/2025-10-28/1761411398.json"
"512557","146154","2025-10-28","45.00","NZD","1761411398","23477/2025-10-28/1761411398.json"
"365170","146153","2025-10-28","48.00","NZD","1761411398","23477/2025-10-28/1761411398.json"
"510807","146155","2025-10-28","52.00","NZD","1761411398","23477/2025-10-28/1761411398.json"
"581513","221281","2025-10-29","36.00","NZD","1761411398","23477/2025-10-29/1761411398.json"
"581514","221282","2025-10-29","36.00","NZD","1761411398","23477/2025-10-29/1761411398.json"
"512557","146154","2025-10-29","45.00","NZD","1761411398","23477/2025-10-29/1761411398.json"
"365170","146153","2025-10-29","48.00","NZD","1761411398","23477/2025-10-29/1761411398.json"
"510807","146155","2025-10-29","52.00","NZD","1761411398","23477/2025-10-29/1761411398.json"
"581513","221281","2025-10-30","36.00","NZD","1761411398","23477/2025-10-30/1761411398.json"
"581514","221282","2025-10-30","36.00","NZD","1761411398","23477/2025-10-30/1761411398.json"
"512557","146154","2025-10-30","45.00","NZD","1761411398","23477/2025-10-30/1761411398.json"
"365170","146153","2025-10-30","48.00","NZD","1761411398","23477/2025-10-30/1761411398.json"
"510807","146155","2025-10-30","52.00","NZD","1761411398","23477/2025-10-30/1761411398.json"
"581513","221281","2025-10-31","36.00","NZD","1761411398","23477/2025-10-31/1761411398.json"
"581514","221282","2025-10-31","36.00","NZD","1761411398","23477/2025-10-31/1761411398.json"
"512557","146154","2025-10-31","45.00","NZD","1761411398","23477/2025-10-31/1761411398.json"
"365170","146153","2025-10-31","48.00","NZD","1761411398","23477/2025-10-31/1761411398.json"
"510807","146155","2025-10-31","52.00","NZD","1761411398","23477/2025-10-31/1761411398.json"
"581513","221281","2025-11-01","36.00","NZD","1761411398","23477/2025-11-01/1761411398.json"
"581514","221282","2025-11-01","36.00","NZD","1761411398","23477/2025-11-01/1761411398.json"
"512557","146154","2025-11-01","45.00","NZD","1761411398","23477/2025-11-01/1761411398.json"
"365170","146153","2025-11-01","48.00","NZD","1761411398","23477/2025-11-01/1761411398.json"
"510807","146155","2025-11-01","52.00","NZD","1761411398","23477/2025-11-01/1761411398.json"
"581513","221281","2025-11-02","36.00","NZD","1761411398","23477/2025-11-02/1761411398.json"
"581514","221282","2025-11-02","36.00","NZD","1761411398","23477/2025-11-02/1761411398.json"
"512557","146154","2025-11-02","45.00","NZD","1761411398","23477/2025-11-02/1761411398.json"
"365170","146153","2025-11-02","48.00","NZD","1761411398","23477/2025-11-02/1761411398.json"
"510807","146155","2025-11-02","52.00","NZD","1761411398","23477/2025-11-02/1761411398.json"
"581513","221281","2025-11-03","36.00","NZD","1761411398","23477/2025-11-03/1761411398.json"
"581514","221282","2025-11-03","36.00","NZD","1761411398","23477/2025-11-03/1761411398.json"
"512557","146154","2025-11-03","45.00","NZD","1761411398","23477/2025-11-03/1761411398.json"
"365170","146153","2025-11-03","48.00","NZD","1761411398","23477/2025-11-03/1761411398.json"
"510807","146155","2025-11-03","52.00","NZD","1761411398","23477/2025-11-03/1761411398.json"
"581513","221281","2025-11-04","36.00","NZD","1761411398","23477/2025-11-04/1761411398.json"
"581514","221282","2025-11-04","36.00","NZD","1761411398","23477/2025-11-04/1761411398.json"
"512557","146154","2025-11-04","45.00","NZD","1761411398","23477/2025-11-04/1761411398.json"
"365170","146153","2025-11-04","48.00","NZD","1761411398","23477/2025-11-04/1761411398.json"
"510807","146155","2025-11-04","52.00","NZD","1761411398","23477/2025-11-04/1761411398.json"
"581513","221281","2025-11-05","36.00","NZD","1761411398","23477/2025-11-05/1761411398.json"
"581514","221282","2025-11-05","36.00","NZD","1761411398","23477/2025-11-05/1761411398.json"
"512557","146154","2025-11-05","45.00","NZD","1761411398","23477/2025-11-05/1761411398.json"
"365170","146153","2025-11-05","48.00","NZD","1761411398","23477/2025-11-05/1761411398.json"
"510807","146155","2025-11-05","52.00","NZD","1761411398","23477/2025-11-05/1761411398.json"
"581513","221281","2025-11-06","36.00","NZD","1761411398","23477/2025-11-06/1761411398.json"
"581514","221282","2025-11-06","36.00","NZD","1761411398","23477/2025-11-06/1761411398.json"
"512557","146154","2025-11-06","45.00","NZD","1761411398","23477/2025-11-06/1761411398.json"
"365170","146153","2025-11-06","48.00","NZD","1761411398","23477/2025-11-06/1761411398.json"
"510807","146155","2025-11-06","52.00","NZD","1761411398","23477/2025-11-06/1761411398.json"
"581513","221281","2025-11-10","36.00","NZD","1761411398","23477/2025-11-10/1761411398.json"
"581514","221282","2025-11-10","36.00","NZD","1761411398","23477/2025-11-10/1761411398.json"
"512557","146154","2025-11-10","45.00","NZD","1761411398","23477/2025-11-10/1761411398.json"
"365170","146153","2025-11-10","48.00","NZD","1761411398","23477/2025-11-10/1761411398.json"
"510807","146155","2025-11-10","52.00","NZD","1761411398","23477/2025-11-10/1761411398.json"
"581513","221281","2025-11-09","36.00","NZD","1761411398","23477/2025-11-09/1761411398.json"
"581514","221282","2025-11-09","36.00","NZD","1761411398","23477/2025-11-09/1761411398.json"
"512557","146154","2025-11-09","45.00","NZD","1761411398","23477/2025-11-09/1761411398.json"
"365170","146153","2025-11-09","48.00","NZD","1761411398","23477/2025-11-09/1761411398.json"
"510807","146155","2025-11-09","52.00","NZD","1761411398","23477/2025-11-09/1761411398.json"
"581513","221281","2025-11-08","36.00","NZD","1761411398","23477/2025-11-08/1761411398.json"
"581514","221282","2025-11-08","36.00","NZD","1761411398","23477/2025-11-08/1761411398.json"
"512557","146154","2025-11-08","45.00","NZD","1761411398","23477/2025-11-08/1761411398.json"
"365170","146153","2025-11-08","48.00","NZD","1761411398","23477/2025-11-08/1761411398.json"
"510807","146155","2025-11-08","52.00","NZD","1761411398","23477/2025-11-08/1761411398.json"
"581513","221281","2025-11-07","36.00","NZD","1761411398","23477/2025-11-07/1761411398.json"
"581514","221282","2025-11-07","36.00","NZD","1761411398","23477/2025-11-07/1761411398.json"
"512557","146154","2025-11-07","45.00","NZD","1761411398","23477/2025-11-07/1761411398.json"
"365170","146153","2025-11-07","48.00","NZD","1761411398","23477/2025-11-07/1761411398.json"
"510807","146155","2025-11-07","52.00","NZD","1761411398","23477/2025-11-07/1761411398.json"
"581513","221281","2025-11-11","36.00","NZD","1761411398","23477/2025-11-11/1761411398.json"
"581514","221282","2025-11-11","36.00","NZD","1761411398","23477/2025-11-11/1761411398.json"
"512557","146154","2025-11-11","45.00","NZD","1761411398","23477/2025-11-11/1761411398.json"
"365170","146153","2025-11-11","48.00","NZD","1761411398","23477/2025-11-11/1761411398.json"
"510807","146155","2025-11-11","52.00","NZD","1761411398","23477/2025-11-11/1761411398.json"
"581513","221281","2025-11-12","36.00","NZD","1761411398","23477/2025-11-12/1761411398.json"
"581514","221282","2025-11-12","36.00","NZD","1761411398","23477/2025-11-12/1761411398.json"
"512557","146154","2025-11-12","45.00","NZD","1761411398","23477/2025-11-12/1761411398.json"
"365170","146153","2025-11-12","48.00","NZD","1761411398","23477/2025-11-12/1761411398.json"
"510807","146155","2025-11-12","52.00","NZD","1761411398","23477/2025-11-12/1761411398.json"
"581513","221281","2025-11-13","36.00","NZD","1761411398","23477/2025-11-13/1761411398.json"
"581514","221282","2025-11-13","36.00","NZD","1761411398","23477/2025-11-13/1761411398.json"
"512557","146154","2025-11-13","45.00","NZD","1761411398","23477/2025-11-13/1761411398.json"
"365170","146153","2025-11-13","48.00","NZD","1761411398","23477/2025-11-13/1761411398.json"
"510807","146155","2025-11-13","52.00","NZD","1761411398","23477/2025-11-13/1761411398.json"
"581513","221281","2025-11-14","36.00","NZD","1761411398","23477/2025-11-14/1761411398.json"
"581514","221282","2025-11-14","36.00","NZD","1761411398","23477/2025-11-14/1761411398.json"
"512557","146154","2025-11-14","45.00","NZD","1761411398","23477/2025-11-14/1761411398.json"
"365170","146153","2025-11-14","48.00","NZD","1761411398","23477/2025-11-14/1761411398.json"
"510807","146155","2025-11-14","52.00","NZD","1761411398","23477/2025-11-14/1761411398.json"
"581513","221281","2025-11-15","36.00","NZD","1761411398","23477/2025-11-15/1761411398.json"
"581514","221282","2025-11-15","36.00","NZD","1761411398","23477/2025-11-15/1761411398.json"
"512557","146154","2025-11-15","45.00","NZD","1761411398","23477/2025-11-15/1761411398.json"
"365170","146153","2025-11-15","48.00","NZD","1761411398","23477/2025-11-15/1761411398.json"
"510807","146155","2025-11-15","52.00","NZD","1761411398","23477/2025-11-15/1761411398.json"
"581513","221281","2025-11-16","36.00","NZD","1761411398","23477/2025-11-16/1761411398.json"
"581514","221282","2025-11-16","36.00","NZD","1761411398","23477/2025-11-16/1761411398.json"
"512557","146154","2025-11-16","45.00","NZD","1761411398","23477/2025-11-16/1761411398.json"
"365170","146153","2025-11-16","48.00","NZD","1761411398","23477/2025-11-16/1761411398.json"
"510807","146155","2025-11-16","52.00","NZD","1761411398","23477/2025-11-16/1761411398.json"
"581513","221281","2025-11-17","36.00","NZD","1761411398","23477/2025-11-17/1761411398.json"
"581514","221282","2025-11-17","36.00","NZD","1761411398","23477/2025-11-17/1761411398.json"
"512557","146154","2025-11-17","45.00","NZD","1761411398","23477/2025-11-17/1761411398.json"
"365170","146153","2025-11-17","48.00","NZD","1761411398","23477/2025-11-17/1761411398.json"
"510807","146155","2025-11-17","52.00","NZD","1761411398","23477/2025-11-17/1761411398.json"
"581513","221281","2025-11-18","36.00","NZD","1761411398","23477/2025-11-18/1761411398.json"
"581514","221282","2025-11-18","36.00","NZD","1761411398","23477/2025-11-18/1761411398.json"
"512557","146154","2025-11-18","45.00","NZD","1761411398","23477/2025-11-18/1761411398.json"
"365170","146153","2025-11-18","48.00","NZD","1761411398","23477/2025-11-18/1761411398.json"
"510807","146155","2025-11-18","52.00","NZD","1761411398","23477/2025-11-18/1761411398.json"
"581513","221281","2025-11-19","36.00","NZD","1761411398","23477/2025-11-19/1761411398.json"
"581514","221282","2025-11-19","36.00","NZD","1761411398","23477/2025-11-19/1761411398.json"
"512557","146154","2025-11-19","45.00","NZD","1761411398","23477/2025-11-19/1761411398.json"
"365170","146153","2025-11-19","48.00","NZD","1761411398","23477/2025-11-19/1761411398.json"
"510807","146155","2025-11-19","52.00","NZD","1761411398","23477/2025-11-19/1761411398.json"
"581513","221281","2025-11-20","36.00","NZD","1761411398","23477/2025-11-20/1761411398.json"
"581514","221282","2025-11-20","36.00","NZD","1761411398","23477/2025-11-20/1761411398.json"
"512557","146154","2025-11-20","45.00","NZD","1761411398","23477/2025-11-20/1761411398.json"
"581513","221281","2025-11-21","36.00","NZD","1761411398","23477/2025-11-21/1761411398.json"
"581514","221282","2025-11-21","36.00","NZD","1761411398","23477/2025-11-21/1761411398.json"
"512557","146154","2025-11-21","45.00","NZD","1761411398","23477/2025-11-21/1761411398.json"
"365170","146153","2025-11-21","48.00","NZD","1761411398","23477/2025-11-21/1761411398.json"
"510807","146155","2025-11-21","52.00","NZD","1761411398","23477/2025-11-21/1761411398.json"
"581513","221281","2025-11-22","36.00","NZD","1761411398","23477/2025-11-22/1761411398.json"
"581514","221282","2025-11-22","36.00","NZD","1761411398","23477/2025-11-22/1761411398.json"
"512557","146154","2025-11-22","45.00","NZD","1761411398","23477/2025-11-22/1761411398.json"
"365170","146153","2025-11-22","48.00","NZD","1761411398","23477/2025-11-22/1761411398.json"
"510807","146155","2025-11-22","52.00","NZD","1761411398","23477/2025-11-22/1761411398.json"
"581513","221281","2025-11-23","36.00","NZD","1761411398","23477/2025-11-23/1761411398.json"
"581514","221282","2025-11-23","36.00","NZD","1761411398","23477/2025-11-23/1761411398.json"
"512557","146154","2025-11-23","45.00","NZD","1761411398","23477/2025-11-23/1761411398.json"
"365170","146153","2025-11-23","48.00","NZD","1761411398","23477/2025-11-23/1761411398.json"
"510807","146155","2025-11-23","52.00","NZD","1761411398","23477/2025-11-23/1761411398.json"
"581513","221281","2025-11-25","36.00","NZD","1761411398","23477/2025-11-25/1761411398.json"
"581514","221282","2025-11-25","36.00","NZD","1761411398","23477/2025-11-25/1761411398.json"
"512557","146154","2025-11-25","45.00","NZD","1761411398","23477/2025-11-25/1761411398.json"
"365170","146153","2025-11-25","48.00","NZD","1761411398","23477/2025-11-25/1761411398.json"
"510807","146155","2025-11-25","52.00","NZD","1761411398","23477/2025-11-25/1761411398.json"
"581513","221281","2025-11-26","36.00","NZD","1761411398","23477/2025-11-26/1761411398.json"
"581514","221282","2025-11-26","36.00","NZD","1761411398","23477/2025-11-26/1761411398.json"
"512557","146154","2025-11-26","45.00","NZD","1761411398","23477/2025-11-26/1761411398.json"
"365170","146153","2025-11-26","48.00","NZD","1761411398","23477/2025-11-26/1761411398.json"
"510807","146155","2025-11-26","52.00","NZD","1761411398","23477/2025-11-26/1761411398.json"
"581513","221281","2025-11-24","36.00","NZD","1761411398","23477/2025-11-24/1761411398.json"
"581514","221282","2025-11-24","36.00","NZD","1761411398","23477/2025-11-24/1761411398.json"
"512557","146154","2025-11-24","45.00","NZD","1761411398","23477/2025-11-24/1761411398.json"
"365170","146153","2025-11-24","48.00","NZD","1761411398","23477/2025-11-24/1761411398.json"
"510807","146155","2025-11-24","52.00","NZD","1761411398","23477/2025-11-24/1761411398.json"
"581513","221281","2025-11-27","36.00","NZD","1761411398","23477/2025-11-27/1761411398.json"
"581514","221282","2025-11-27","36.00","NZD","1761411398","23477/2025-11-27/1761411398.json"
"512557","146154","2025-11-27","45.00","NZD","1761411398","23477/2025-11-27/1761411398.json"
"365170","146153","2025-11-27","48.00","NZD","1761411398","23477/2025-11-27/1761411398.json"
"510807","146155","2025-11-27","52.00","NZD","1761411398","23477/2025-11-27/1761411398.json"
"581513","221281","2025-11-28","36.00","NZD","1761411398","23477/2025-11-28/1761411398.json"
"581514","221282","2025-11-28","36.00","NZD","1761411398","23477/2025-11-28/1761411398.json"
"512557","146154","2025-11-28","45.00","NZD","1761411398","23477/2025-11-28/1761411398.json"
"365170","146153","2025-11-28","48.00","NZD","1761411398","23477/2025-11-28/1761411398.json"
"510807","146155","2025-11-28","52.00","NZD","1761411398","23477/2025-11-28/1761411398.json"
"581513","221281","2025-11-30","36.00","NZD","1761411398","23477/2025-11-30/1761411398.json"
"581514","221282","2025-11-30","36.00","NZD","1761411398","23477/2025-11-30/1761411398.json"
"512557","146154","2025-11-30","45.00","NZD","1761411398","23477/2025-11-30/1761411398.json"
"365170","146153","2025-11-30","48.00","NZD","1761411398","23477/2025-11-30/1761411398.json"
"510807","146155","2025-11-30","52.00","NZD","1761411398","23477/2025-11-30/1761411398.json"
"581513","221281","2025-11-29","36.00","NZD","1761411398","23477/2025-11-29/1761411398.json"
"581514","221282","2025-11-29","36.00","NZD","1761411398","23477/2025-11-29/1761411398.json"
"512557","146154","2025-11-29","45.00","NZD","1761411398","23477/2025-11-29/1761411398.json"
"365170","146153","2025-11-29","48.00","NZD","1761411398","23477/2025-11-29/1761411398.json"
"510807","146155","2025-11-29","52.00","NZD","1761411398","23477/2025-11-29/1761411398.json"
"581513","221281","2025-12-01","36.00","NZD","1761411398","23477/2025-12-01/1761411398.json"
"581514","221282","2025-12-01","36.00","NZD","1761411398","23477/2025-12-01/1761411398.json"
"512557","146154","2025-12-01","45.00","NZD","1761411398","23477/2025-12-01/1761411398.json"
"365170","146153","2025-12-01","48.00","NZD","1761411398","23477/2025-12-01/1761411398.json"
"510807","146155","2025-12-01","52.00","NZD","1761411398","23477/2025-12-01/1761411398.json"
"581513","221281","2025-12-02","36.00","NZD","1761411398","23477/2025-12-02/1761411398.json"
"581514","221282","2025-12-02","36.00","NZD","1761411398","23477/2025-12-02/1761411398.json"
"512557","146154","2025-12-02","45.00","NZD","1761411398","23477/2025-12-02/1761411398.json"
"365170","146153","2025-12-02","48.00","NZD","1761411398","23477/2025-12-02/1761411398.json"
"510807","146155","2025-12-02","52.00","NZD","1761411398","23477/2025-12-02/1761411398.json"
"581513","221281","2025-12-03","36.00","NZD","1761411398","23477/2025-12-03/1761411398.json"
"581514","221282","2025-12-03","36.00","NZD","1761411398","23477/2025-12-03/1761411398.json"
"512557","146154","2025-12-03","45.00","NZD","1761411398","23477/2025-12-03/1761411398.json"
"365170","146153","2025-12-03","48.00","NZD","1761411398","23477/2025-12-03/1761411398.json"
"510807","146155","2025-12-03","52.00","NZD","1761411398","23477/2025-12-03/1761411398.json"
"581513","221281","2025-12-04","36.00","NZD","1761411398","23477/2025-12-04/1761411398.json"
"581514","221282","2025-12-04","36.00","NZD","1761411398","23477/2025-12-04/1761411398.json"
"512557","146154","2025-12-04","45.00","NZD","1761411398","23477/2025-12-04/1761411398.json"
"365170","146153","2025-12-04","48.00","NZD","1761411398","23477/2025-12-04/1761411398.json"
"510807","146155","2025-12-04","52.00","NZD","1761411398","23477/2025-12-04/1761411398.json"
"581513","221281","2025-12-05","36.00","NZD","1761411398","23477/2025-12-05/1761411398.json"
"581514","221282","2025-12-05","36.00","NZD","1761411398","23477/2025-12-05/1761411398.json"
"512557","146154","2025-12-05","45.00","NZD","1761411398","23477/2025-12-05/1761411398.json"
"365170","146153","2025-12-05","48.00","NZD","1761411398","23477/2025-12-05/1761411398.json"
"510807","146155","2025-12-05","52.00","NZD","1761411398","23477/2025-12-05/1761411398.json"
"581513","221281","2025-12-06","36.00","NZD","1761411398","23477/2025-12-06/1761411398.json"
"581514","221282","2025-12-06","36.00","NZD","1761411398","23477/2025-12-06/1761411398.json"
"512557","146154","2025-12-06","45.00","NZD","1761411398","23477/2025-12-06/1761411398.json"
"365170","146153","2025-12-06","48.00","NZD","1761411398","23477/2025-12-06/1761411398.json"
"510807","146155","2025-12-06","52.00","NZD","1761411398","23477/2025-12-06/1761411398.json"
"581513","221281","2025-12-07","36.00","NZD","1761411398","23477/2025-12-07/1761411398.json"
"581514","221282","2025-12-07","36.00","NZD","1761411398","23477/2025-12-07/1761411398.json"
"512557","146154","2025-12-07","45.00","NZD","1761411398","23477/2025-12-07/1761411398.json"
"365170","146153","2025-12-07","48.00","NZD","1761411398","23477/2025-12-07/1761411398.json"
"510807","146155","2025-12-07","52.00","NZD","1761411398","23477/2025-12-07/1761411398.json"
"581513","221281","2025-12-08","36.00","NZD","1761411398","23477/2025-12-08/1761411398.json"
"581514","221282","2025-12-08","36.00","NZD","1761411398","23477/2025-12-08/1761411398.json"
"512557","146154","2025-12-08","45.00","NZD","1761411398","23477/2025-12-08/1761411398.json"
"365170","146153","2025-12-08","48.00","NZD","1761411398","23477/2025-12-08/1761411398.json"
"510807","146155","2025-12-08","52.00","NZD","1761411398","23477/2025-12-08/1761411398.json"
"581513","221281","2025-12-10","36.00","NZD","1761411398","23477/2025-12-10/1761411398.json"
"581514","221282","2025-12-10","36.00","NZD","1761411398","23477/2025-12-10/1761411398.json"
"512557","146154","2025-12-10","45.00","NZD","1761411398","23477/2025-12-10/1761411398.json"
"365170","146153","2025-12-10","48.00","NZD","1761411398","23477/2025-12-10/1761411398.json"
"510807","146155","2025-12-10","52.00","NZD","1761411398","23477/2025-12-10/1761411398.json"
"581513","221281","2025-12-09","36.00","NZD","1761411398","23477/2025-12-09/1761411398.json"
"581514","221282","2025-12-09","36.00","NZD","1761411398","23477/2025-12-09/1761411398.json"
"512557","146154","2025-12-09","45.00","NZD","1761411398","23477/2025-12-09/1761411398.json"
"365170","146153","2025-12-09","48.00","NZD","1761411398","23477/2025-12-09/1761411398.json"
"510807","146155","2025-12-09","52.00","NZD","1761411398","23477/2025-12-09/1761411398.json"
"581513","221281","2025-12-12","36.00","NZD","1761411398","23477/2025-12-12/1761411398.json"
"581514","221282","2025-12-12","36.00","NZD","1761411398","23477/2025-12-12/1761411398.json"
"512557","146154","2025-12-12","45.00","NZD","1761411398","23477/2025-12-12/1761411398.json"
"365170","146153","2025-12-12","48.00","NZD","1761411398","23477/2025-12-12/1761411398.json"
"510807","146155","2025-12-12","52.00","NZD","1761411398","23477/2025-12-12/1761411398.json"
"581513","221281","2025-12-11","36.00","NZD","1761411398","23477/2025-12-11/1761411398.json"
"581514","221282","2025-12-11","36.00","NZD","1761411398","23477/2025-12-11/1761411398.json"
"512557","146154","2025-12-11","45.00","NZD","1761411398","23477/2025-12-11/1761411398.json"
"365170","146153","2025-12-11","48.00","NZD","1761411398","23477/2025-12-11/1761411398.json"
"510807","146155","2025-12-11","52.00","NZD","1761411398","23477/2025-12-11/1761411398.json"
"581513","221281","2025-12-13","36.00","NZD","1761411398","23477/2025-12-13/1761411398.json"
"581514","221282","2025-12-13","36.00","NZD","1761411398","23477/2025-12-13/1761411398.json"
"512557","146154","2025-12-13","45.00","NZD","1761411398","23477/2025-12-13/1761411398.json"
"365170","146153","2025-12-13","48.00","NZD","1761411398","23477/2025-12-13/1761411398.json"
"510807","146155","2025-12-13","52.00","NZD","1761411398","23477/2025-12-13/1761411398.json"
"581513","221281","2025-12-14","36.00","NZD","1761411398","23477/2025-12-14/1761411398.json"
"581514","221282","2025-12-14","36.00","NZD","1761411398","23477/2025-12-14/1761411398.json"
"512557","146154","2025-12-14","45.00","NZD","1761411398","23477/2025-12-14/1761411398.json"
"365170","146153","2025-12-14","48.00","NZD","1761411398","23477/2025-12-14/1761411398.json"
"510807","146155","2025-12-14","52.00","NZD","1761411398","23477/2025-12-14/1761411398.json"
"581513","221281","2025-12-15","36.00","NZD","1761411398","23477/2025-12-15/1761411398.json"
"581514","221282","2025-12-15","36.00","NZD","1761411398","23477/2025-12-15/1761411398.json"
"512557","146154","2025-12-15","45.00","NZD","1761411398","23477/2025-12-15/1761411398.json"
"365170","146153","2025-12-15","48.00","NZD","1761411398","23477/2025-12-15/1761411398.json"
"510807","146155","2025-12-15","52.00","NZD","1761411398","23477/2025-12-15/1761411398.json"
"581513","221281","2025-12-16","36.00","NZD","1761411398","23477/2025-12-16/1761411398.json"
"581514","221282","2025-12-16","36.00","NZD","1761411398","23477/2025-12-16/1761411398.json"
"512557","146154","2025-12-16","45.00","NZD","1761411398","23477/2025-12-16/1761411398.json"
"365170","146153","2025-12-16","48.00","NZD","1761411398","23477/2025-12-16/1761411398.json"
"510807","146155","2025-12-16","52.00","NZD","1761411398","23477/2025-12-16/1761411398.json"
"581513","221281","2025-12-17","36.00","NZD","1761411398","23477/2025-12-17/1761411398.json"
"581514","221282","2025-12-17","36.00","NZD","1761411398","23477/2025-12-17/1761411398.json"
"512557","146154","2025-12-17","45.00","NZD","1761411398","23477/2025-12-17/1761411398.json"
"365170","146153","2025-12-17","48.00","NZD","1761411398","23477/2025-12-17/1761411398.json"
"510807","146155","2025-12-17","52.00","NZD","1761411398","23477/2025-12-17/1761411398.json"
"581513","221281","2025-12-20","36.00","NZD","1761411398","23477/2025-12-20/1761411398.json"
"581514","221282","2025-12-20","36.00","NZD","1761411398","23477/2025-12-20/1761411398.json"
"512557","146154","2025-12-20","45.00","NZD","1761411398","23477/2025-12-20/1761411398.json"
"365170","146153","2025-12-20","48.00","NZD","1761411398","23477/2025-12-20/1761411398.json"
"510807","146155","2025-12-20","52.00","NZD","1761411398","23477/2025-12-20/1761411398.json"
"581513","221281","2025-12-19","36.00","NZD","1761411398","23477/2025-12-19/1761411398.json"
"581514","221282","2025-12-19","36.00","NZD","1761411398","23477/2025-12-19/1761411398.json"
"512557","146154","2025-12-19","45.00","NZD","1761411398","23477/2025-12-19/1761411398.json"
"365170","146153","2025-12-19","48.00","NZD","1761411398","23477/2025-12-19/1761411398.json"
"510807","146155","2025-12-19","52.00","NZD","1761411398","23477/2025-12-19/1761411398.json"
"581513","221281","2025-12-18","36.00","NZD","1761411398","23477/2025-12-18/1761411398.json"
"581514","221282","2025-12-18","36.00","NZD","1761411398","23477/2025-12-18/1761411398.json"
"512557","146154","2025-12-18","45.00","NZD","1761411398","23477/2025-12-18/1761411398.json"
"365170","146153","2025-12-18","48.00","NZD","1761411398","23477/2025-12-18/1761411398.json"
"510807","146155","2025-12-18","52.00","NZD","1761411398","23477/2025-12-18/1761411398.json"
"581513","221281","2025-12-21","36.00","NZD","1761411398","23477/2025-12-21/1761411398.json"
"581514","221282","2025-12-21","36.00","NZD","1761411398","23477/2025-12-21/1761411398.json"
"512557","146154","2025-12-21","45.00","NZD","1761411398","23477/2025-12-21/1761411398.json"
"365170","146153","2025-12-21","48.00","NZD","1761411398","23477/2025-12-21/1761411398.json"
"510807","146155","2025-12-21","52.00","NZD","1761411398","23477/2025-12-21/1761411398.json"
"581513","221281","2025-12-22","36.00","NZD","1761411398","23477/2025-12-22/1761411398.json"
"581514","221282","2025-12-22","36.00","NZD","1761411398","23477/2025-12-22/1761411398.json"
"512557","146154","2025-12-22","45.00","NZD","1761411398","23477/2025-12-22/1761411398.json"
"365170","146153","2025-12-22","48.00","NZD","1761411398","23477/2025-12-22/1761411398.json"
"510807","146155","2025-12-22","52.00","NZD","1761411398","23477/2025-12-22/1761411398.json"
"581513","221281","2025-12-24","38.00","NZD","1761411398","23477/2025-12-24/1761411398.json"
"581514","221282","2025-12-24","38.00","NZD","1761411398","23477/2025-12-24/1761411398.json"
"512557","146154","2025-12-24","45.00","NZD","1761411398","23477/2025-12-24/1761411398.json"
"365170","146153","2025-12-24","48.00","NZD","1761411398","23477/2025-12-24/1761411398.json"
"510807","146155","2025-12-24","52.00","NZD","1761411398","23477/2025-12-24/1761411398.json"
"581513","221281","2025-12-23","38.00","NZD","1761411398","23477/2025-12-23/1761411398.json"
"581514","221282","2025-12-23","38.00","NZD","1761411398","23477/2025-12-23/1761411398.json"
"512557","146154","2025-12-23","45.00","NZD","1761411398","23477/2025-12-23/1761411398.json"
"365170","146153","2025-12-23","48.00","NZD","1761411398","23477/2025-12-23/1761411398.json"
"510807","146155","2025-12-23","52.00","NZD","1761411398","23477/2025-12-23/1761411398.json"
"581513","221281","2025-10-26","38.00","NZD","1761425423","23477/2025-10-26/1761425423.json"
"581513","221281","2025-10-27","38.00","NZD","1761425423","23477/2025-10-27/1761425423.json"
"581514","221282","2025-10-26","38.00","NZD","1761425423","23477/2025-10-26/1761425423.json"
"581514","221282","2025-10-27","38.00","NZD","1761425423","23477/2025-10-27/1761425423.json"
"512557","146154","2025-10-26","45.00","NZD","1761425423","23477/2025-10-26/1761425423.json"
"512557","146154","2025-10-27","45.00","NZD","1761425423","23477/2025-10-27/1761425423.json"
"365170","146153","2025-10-27","48.00","NZD","1761425423","23477/2025-10-27/1761425423.json"
"510807","146155","2025-10-27","52.00","NZD","1761425423","23477/2025-10-27/1761425423.json"
"581513","221281","2025-10-28","36.00","NZD","1761425423","23477/2025-10-28/1761425423.json"
"581514","221282","2025-10-28","36.00","NZD","1761425423","23477/2025-10-28/1761425423.json"
"512557","146154","2025-10-28","45.00","NZD","1761425423","23477/2025-10-28/1761425423.json"
"365170","146153","2025-10-28","48.00","NZD","1761425423","23477/2025-10-28/1761425423.json"
"510807","146155","2025-10-28","52.00","NZD","1761425423","23477/2025-10-28/1761425423.json"
"581513","221281","2025-10-29","36.00","NZD","1761425423","23477/2025-10-29/1761425423.json"
"581514","221282","2025-10-29","36.00","NZD","1761425423","23477/2025-10-29/1761425423.json"
"512557","146154","2025-10-29","45.00","NZD","1761425423","23477/2025-10-29/1761425423.json"
"365170","146153","2025-10-29","48.00","NZD","1761425423","23477/2025-10-29/1761425423.json"
"510807","146155","2025-10-29","52.00","NZD","1761425423","23477/2025-10-29/1761425423.json"
"581513","221281","2025-10-30","36.00","NZD","1761425423","23477/2025-10-30/1761425423.json"
"581514","221282","2025-10-30","36.00","NZD","1761425423","23477/2025-10-30/1761425423.json"
"512557","146154","2025-10-30","45.00","NZD","1761425423","23477/2025-10-30/1761425423.json"
"365170","146153","2025-10-30","48.00","NZD","1761425423","23477/2025-10-30/1761425423.json"
"510807","146155","2025-10-30","52.00","NZD","1761425423","23477/2025-10-30/1761425423.json"
"581513","221281","2025-10-31","36.00","NZD","1761425423","23477/2025-10-31/1761425423.json"
"581514","221282","2025-10-31","36.00","NZD","1761425423","23477/2025-10-31/1761425423.json"
"512557","146154","2025-10-31","45.00","NZD","1761425423","23477/2025-10-31/1761425423.json"
"365170","146153","2025-10-31","48.00","NZD","1761425423","23477/2025-10-31/1761425423.json"
"510807","146155","2025-10-31","52.00","NZD","1761425423","23477/2025-10-31/1761425423.json"
"581513","221281","2025-11-01","36.00","NZD","1761425423","23477/2025-11-01/1761425423.json"
"581514","221282","2025-11-01","36.00","NZD","1761425423","23477/2025-11-01/1761425423.json"
"512557","146154","2025-11-01","45.00","NZD","1761425423","23477/2025-11-01/1761425423.json"
"365170","146153","2025-11-01","48.00","NZD","1761425423","23477/2025-11-01/1761425423.json"
"510807","146155","2025-11-01","52.00","NZD","1761425423","23477/2025-11-01/1761425423.json"
"581513","221281","2025-11-02","36.00","NZD","1761425423","23477/2025-11-02/1761425423.json"
"581514","221282","2025-11-02","36.00","NZD","1761425423","23477/2025-11-02/1761425423.json"
"512557","146154","2025-11-02","45.00","NZD","1761425423","23477/2025-11-02/1761425423.json"
"365170","146153","2025-11-02","48.00","NZD","1761425423","23477/2025-11-02/1761425423.json"
"510807","146155","2025-11-02","52.00","NZD","1761425423","23477/2025-11-02/1761425423.json"
"581513","221281","2025-11-04","36.00","NZD","1761425423","23477/2025-11-04/1761425423.json"
"581514","221282","2025-11-04","36.00","NZD","1761425423","23477/2025-11-04/1761425423.json"
"512557","146154","2025-11-04","45.00","NZD","1761425423","23477/2025-11-04/1761425423.json"
"365170","146153","2025-11-04","48.00","NZD","1761425423","23477/2025-11-04/1761425423.json"
"510807","146155","2025-11-04","52.00","NZD","1761425423","23477/2025-11-04/1761425423.json"
"581513","221281","2025-11-03","36.00","NZD","1761425423","23477/2025-11-03/1761425423.json"
"581514","221282","2025-11-03","36.00","NZD","1761425423","23477/2025-11-03/1761425423.json"
"512557","146154","2025-11-03","45.00","NZD","1761425423","23477/2025-11-03/1761425423.json"
"365170","146153","2025-11-03","48.00","NZD","1761425423","23477/2025-11-03/1761425423.json"
"510807","146155","2025-11-03","52.00","NZD","1761425423","23477/2025-11-03/1761425423.json"
"581513","221281","2025-11-05","36.00","NZD","1761425423","23477/2025-11-05/1761425423.json"
"581514","221282","2025-11-05","36.00","NZD","1761425423","23477/2025-11-05/1761425423.json"
"512557","146154","2025-11-05","45.00","NZD","1761425423","23477/2025-11-05/1761425423.json"
"365170","146153","2025-11-05","48.00","NZD","1761425423","23477/2025-11-05/1761425423.json"
"510807","146155","2025-11-05","52.00","NZD","1761425423","23477/2025-11-05/1761425423.json"
"581513","221281","2025-11-06","36.00","NZD","1761425423","23477/2025-11-06/1761425423.json"
"581514","221282","2025-11-06","36.00","NZD","1761425423","23477/2025-11-06/1761425423.json"
"512557","146154","2025-11-06","45.00","NZD","1761425423","23477/2025-11-06/1761425423.json"
"365170","146153","2025-11-06","48.00","NZD","1761425423","23477/2025-11-06/1761425423.json"
"510807","146155","2025-11-06","52.00","NZD","1761425423","23477/2025-11-06/1761425423.json"
"581513","221281","2025-11-07","36.00","NZD","1761425423","23477/2025-11-07/1761425423.json"
"581514","221282","2025-11-07","36.00","NZD","1761425423","23477/2025-11-07/1761425423.json"
"512557","146154","2025-11-07","45.00","NZD","1761425423","23477/2025-11-07/1761425423.json"
"365170","146153","2025-11-07","48.00","NZD","1761425423","23477/2025-11-07/1761425423.json"
"510807","146155","2025-11-07","52.00","NZD","1761425423","23477/2025-11-07/1761425423.json"
"581513","221281","2025-11-08","36.00","NZD","1761425423","23477/2025-11-08/1761425423.json"
"581514","221282","2025-11-08","36.00","NZD","1761425423","23477/2025-11-08/1761425423.json"
"512557","146154","2025-11-08","45.00","NZD","1761425423","23477/2025-11-08/1761425423.json"
"365170","146153","2025-11-08","48.00","NZD","1761425423","23477/2025-11-08/1761425423.json"
"510807","146155","2025-11-08","52.00","NZD","1761425423","23477/2025-11-08/1761425423.json"
"581513","221281","2025-11-10","36.00","NZD","1761425423","23477/2025-11-10/1761425423.json"
"581514","221282","2025-11-10","36.00","NZD","1761425423","23477/2025-11-10/1761425423.json"
"512557","146154","2025-11-10","45.00","NZD","1761425423","23477/2025-11-10/1761425423.json"
"365170","146153","2025-11-10","48.00","NZD","1761425423","23477/2025-11-10/1761425423.json"
"510807","146155","2025-11-10","52.00","NZD","1761425423","23477/2025-11-10/1761425423.json"
"581513","221281","2025-11-09","36.00","NZD","1761425423","23477/2025-11-09/1761425423.json"
"581514","221282","2025-11-09","36.00","NZD","1761425423","23477/2025-11-09/1761425423.json"
"512557","146154","2025-11-09","45.00","NZD","1761425423","23477/2025-11-09/1761425423.json"
"365170","146153","2025-11-09","48.00","NZD","1761425423","23477/2025-11-09/1761425423.json"
"510807","146155","2025-11-09","52.00","NZD","1761425423","23477/2025-11-09/1761425423.json"
"581513","221281","2025-11-12","36.00","NZD","1761425423","23477/2025-11-12/1761425423.json"
"581514","221282","2025-11-12","36.00","NZD","1761425423","23477/2025-11-12/1761425423.json"
"512557","146154","2025-11-12","45.00","NZD","1761425423","23477/2025-11-12/1761425423.json"
"365170","146153","2025-11-12","48.00","NZD","1761425423","23477/2025-11-12/1761425423.json"
"510807","146155","2025-11-12","52.00","NZD","1761425423","23477/2025-11-12/1761425423.json"
"581513","221281","2025-11-11","36.00","NZD","1761425423","23477/2025-11-11/1761425423.json"
"581514","221282","2025-11-11","36.00","NZD","1761425423","23477/2025-11-11/1761425423.json"
"512557","146154","2025-11-11","45.00","NZD","1761425423","23477/2025-11-11/1761425423.json"
"365170","146153","2025-11-11","48.00","NZD","1761425423","23477/2025-11-11/1761425423.json"
"510807","146155","2025-11-11","52.00","NZD","1761425423","23477/2025-11-11/1761425423.json"
"581513","221281","2025-11-14","36.00","NZD","1761425423","23477/2025-11-14/1761425423.json"
"581514","221282","2025-11-14","36.00","NZD","1761425423","23477/2025-11-14/1761425423.json"
"512557","146154","2025-11-14","45.00","NZD","1761425423","23477/2025-11-14/1761425423.json"
"365170","146153","2025-11-14","48.00","NZD","1761425423","23477/2025-11-14/1761425423.json"
"510807","146155","2025-11-14","52.00","NZD","1761425423","23477/2025-11-14/1761425423.json"
"581513","221281","2025-11-13","36.00","NZD","1761425423","23477/2025-11-13/1761425423.json"
"581514","221282","2025-11-13","36.00","NZD","1761425423","23477/2025-11-13/1761425423.json"
"512557","146154","2025-11-13","45.00","NZD","1761425423","23477/2025-11-13/1761425423.json"
"365170","146153","2025-11-13","48.00","NZD","1761425423","23477/2025-11-13/1761425423.json"
"510807","146155","2025-11-13","52.00","NZD","1761425423","23477/2025-11-13/1761425423.json"
"581513","221281","2025-11-18","36.00","NZD","1761425423","23477/2025-11-18/1761425423.json"
"581514","221282","2025-11-18","36.00","NZD","1761425423","23477/2025-11-18/1761425423.json"
"512557","146154","2025-11-18","45.00","NZD","1761425423","23477/2025-11-18/1761425423.json"
"365170","146153","2025-11-18","48.00","NZD","1761425423","23477/2025-11-18/1761425423.json"
"510807","146155","2025-11-18","52.00","NZD","1761425423","23477/2025-11-18/1761425423.json"
"581513","221281","2025-11-16","36.00","NZD","1761425423","23477/2025-11-16/1761425423.json"
"581514","221282","2025-11-16","36.00","NZD","1761425423","23477/2025-11-16/1761425423.json"
"512557","146154","2025-11-16","45.00","NZD","1761425423","23477/2025-11-16/1761425423.json"
"365170","146153","2025-11-16","48.00","NZD","1761425423","23477/2025-11-16/1761425423.json"
"581513","221281","2025-11-15","36.00","NZD","1761425423","23477/2025-11-15/1761425423.json"
"510807","146155","2025-11-16","52.00","NZD","1761425423","23477/2025-11-16/1761425423.json"
"581514","221282","2025-11-15","36.00","NZD","1761425423","23477/2025-11-15/1761425423.json"
"512557","146154","2025-11-15","45.00","NZD","1761425423","23477/2025-11-15/1761425423.json"
"365170","146153","2025-11-15","48.00","NZD","1761425423","23477/2025-11-15/1761425423.json"
"510807","146155","2025-11-15","52.00","NZD","1761425423","23477/2025-11-15/1761425423.json"
"581513","221281","2025-11-17","36.00","NZD","1761425423","23477/2025-11-17/1761425423.json"
"581514","221282","2025-11-17","36.00","NZD","1761425423","23477/2025-11-17/1761425423.json"
"512557","146154","2025-11-17","45.00","NZD","1761425423","23477/2025-11-17/1761425423.json"
"365170","146153","2025-11-17","48.00","NZD","1761425423","23477/2025-11-17/1761425423.json"
"510807","146155","2025-11-17","52.00","NZD","1761425423","23477/2025-11-17/1761425423.json"
"581513","221281","2025-11-21","36.00","NZD","1761425423","23477/2025-11-21/1761425423.json"
"581514","221282","2025-11-21","36.00","NZD","1761425423","23477/2025-11-21/1761425423.json"
"512557","146154","2025-11-21","45.00","NZD","1761425423","23477/2025-11-21/1761425423.json"
"365170","146153","2025-11-21","48.00","NZD","1761425423","23477/2025-11-21/1761425423.json"
"510807","146155","2025-11-21","52.00","NZD","1761425423","23477/2025-11-21/1761425423.json"
"581513","221281","2025-11-22","36.00","NZD","1761425423","23477/2025-11-22/1761425423.json"
"581514","221282","2025-11-22","36.00","NZD","1761425423","23477/2025-11-22/1761425423.json"
"512557","146154","2025-11-22","45.00","NZD","1761425423","23477/2025-11-22/1761425423.json"
"365170","146153","2025-11-22","48.00","NZD","1761425423","23477/2025-11-22/1761425423.json"
"510807","146155","2025-11-22","52.00","NZD","1761425423","23477/2025-11-22/1761425423.json"
"581513","221281","2025-11-20","36.00","NZD","1761425423","23477/2025-11-20/1761425423.json"
"581514","221282","2025-11-20","36.00","NZD","1761425423","23477/2025-11-20/1761425423.json"
"512557","146154","2025-11-20","45.00","NZD","1761425423","23477/2025-11-20/1761425423.json"
"581513","221281","2025-11-19","36.00","NZD","1761425423","23477/2025-11-19/1761425423.json"
"581514","221282","2025-11-19","36.00","NZD","1761425423","23477/2025-11-19/1761425423.json"
"512557","146154","2025-11-19","45.00","NZD","1761425423","23477/2025-11-19/1761425423.json"
"365170","146153","2025-11-19","48.00","NZD","1761425423","23477/2025-11-19/1761425423.json"
"510807","146155","2025-11-19","52.00","NZD","1761425423","23477/2025-11-19/1761425423.json"
"581513","221281","2025-11-23","36.00","NZD","1761425423","23477/2025-11-23/1761425423.json"
"581514","221282","2025-11-23","36.00","NZD","1761425423","23477/2025-11-23/1761425423.json"
"512557","146154","2025-11-23","45.00","NZD","1761425423","23477/2025-11-23/1761425423.json"
"365170","146153","2025-11-23","48.00","NZD","1761425423","23477/2025-11-23/1761425423.json"
"510807","146155","2025-11-23","52.00","NZD","1761425423","23477/2025-11-23/1761425423.json"
"581513","221281","2025-11-24","36.00","NZD","1761425423","23477/2025-11-24/1761425423.json"
"581514","221282","2025-11-24","36.00","NZD","1761425423","23477/2025-11-24/1761425423.json"
"512557","146154","2025-11-24","45.00","NZD","1761425423","23477/2025-11-24/1761425423.json"
"365170","146153","2025-11-24","48.00","NZD","1761425423","23477/2025-11-24/1761425423.json"
"510807","146155","2025-11-24","52.00","NZD","1761425423","23477/2025-11-24/1761425423.json"
"581513","221281","2025-11-25","36.00","NZD","1761425423","23477/2025-11-25/1761425423.json"
"581514","221282","2025-11-25","36.00","NZD","1761425423","23477/2025-11-25/1761425423.json"
"512557","146154","2025-11-25","45.00","NZD","1761425423","23477/2025-11-25/1761425423.json"
"365170","146153","2025-11-25","48.00","NZD","1761425423","23477/2025-11-25/1761425423.json"
"510807","146155","2025-11-25","52.00","NZD","1761425423","23477/2025-11-25/1761425423.json"
"581513","221281","2025-11-26","36.00","NZD","1761425423","23477/2025-11-26/1761425423.json"
"581514","221282","2025-11-26","36.00","NZD","1761425423","23477/2025-11-26/1761425423.json"
"512557","146154","2025-11-26","45.00","NZD","1761425423","23477/2025-11-26/1761425423.json"
"365170","146153","2025-11-26","48.00","NZD","1761425423","23477/2025-11-26/1761425423.json"
"510807","146155","2025-11-26","52.00","NZD","1761425423","23477/2025-11-26/1761425423.json"
"581513","221281","2025-11-29","36.00","NZD","1761425423","23477/2025-11-29/1761425423.json"
"581514","221282","2025-11-29","36.00","NZD","1761425423","23477/2025-11-29/1761425423.json"
"512557","146154","2025-11-29","45.00","NZD","1761425423","23477/2025-11-29/1761425423.json"
"365170","146153","2025-11-29","48.00","NZD","1761425423","23477/2025-11-29/1761425423.json"
"510807","146155","2025-11-29","52.00","NZD","1761425423","23477/2025-11-29/1761425423.json"
"581513","221281","2025-11-27","36.00","NZD","1761425423","23477/2025-11-27/1761425423.json"
"581514","221282","2025-11-27","36.00","NZD","1761425423","23477/2025-11-27/1761425423.json"
"512557","146154","2025-11-27","45.00","NZD","1761425423","23477/2025-11-27/1761425423.json"
"365170","146153","2025-11-27","48.00","NZD","1761425423","23477/2025-11-27/1761425423.json"
"510807","146155","2025-11-27","52.00","NZD","1761425423","23477/2025-11-27/1761425423.json"
"581513","221281","2025-11-30","36.00","NZD","1761425423","23477/2025-11-30/1761425423.json"
"581514","221282","2025-11-30","36.00","NZD","1761425423","23477/2025-11-30/1761425423.json"
"512557","146154","2025-11-30","45.00","NZD","1761425423","23477/2025-11-30/1761425423.json"
"365170","146153","2025-11-30","48.00","NZD","1761425423","23477/2025-11-30/1761425423.json"
"510807","146155","2025-11-30","52.00","NZD","1761425423","23477/2025-11-30/1761425423.json"
"581513","221281","2025-11-28","36.00","NZD","1761425423","23477/2025-11-28/1761425423.json"
"581514","221282","2025-11-28","36.00","NZD","1761425423","23477/2025-11-28/1761425423.json"
"512557","146154","2025-11-28","45.00","NZD","1761425423","23477/2025-11-28/1761425423.json"
"365170","146153","2025-11-28","48.00","NZD","1761425423","23477/2025-11-28/1761425423.json"
"510807","146155","2025-11-28","52.00","NZD","1761425423","23477/2025-11-28/1761425423.json"
"581513","221281","2025-12-04","36.00","NZD","1761425423","23477/2025-12-04/1761425423.json"
"581514","221282","2025-12-04","36.00","NZD","1761425423","23477/2025-12-04/1761425423.json"
"512557","146154","2025-12-04","45.00","NZD","1761425423","23477/2025-12-04/1761425423.json"
"365170","146153","2025-12-04","48.00","NZD","1761425423","23477/2025-12-04/1761425423.json"
"510807","146155","2025-12-04","52.00","NZD","1761425423","23477/2025-12-04/1761425423.json"
"581513","221281","2025-12-03","36.00","NZD","1761425423","23477/2025-12-03/1761425423.json"
"581514","221282","2025-12-03","36.00","NZD","1761425423","23477/2025-12-03/1761425423.json"
"512557","146154","2025-12-03","45.00","NZD","1761425423","23477/2025-12-03/1761425423.json"
"365170","146153","2025-12-03","48.00","NZD","1761425423","23477/2025-12-03/1761425423.json"
"510807","146155","2025-12-03","52.00","NZD","1761425423","23477/2025-12-03/1761425423.json"
"581513","221281","2025-12-02","36.00","NZD","1761425423","23477/2025-12-02/1761425423.json"
"581514","221282","2025-12-02","36.00","NZD","1761425423","23477/2025-12-02/1761425423.json"
"512557","146154","2025-12-02","45.00","NZD","1761425423","23477/2025-12-02/1761425423.json"
"365170","146153","2025-12-02","48.00","NZD","1761425423","23477/2025-12-02/1761425423.json"
"510807","146155","2025-12-02","52.00","NZD","1761425423","23477/2025-12-02/1761425423.json"
"581513","221281","2025-12-01","36.00","NZD","1761425423","23477/2025-12-01/1761425423.json"
"581514","221282","2025-12-01","36.00","NZD","1761425423","23477/2025-12-01/1761425423.json"
"512557","146154","2025-12-01","45.00","NZD","1761425423","23477/2025-12-01/1761425423.json"
"365170","146153","2025-12-01","48.00","NZD","1761425423","23477/2025-12-01/1761425423.json"
"510807","146155","2025-12-01","52.00","NZD","1761425423","23477/2025-12-01/1761425423.json"
"581513","221281","2025-12-06","36.00","NZD","1761425423","23477/2025-12-06/1761425423.json"
"581514","221282","2025-12-06","36.00","NZD","1761425423","23477/2025-12-06/1761425423.json"
"512557","146154","2025-12-06","45.00","NZD","1761425423","23477/2025-12-06/1761425423.json"
"365170","146153","2025-12-06","48.00","NZD","1761425423","23477/2025-12-06/1761425423.json"
"510807","146155","2025-12-06","52.00","NZD","1761425423","23477/2025-12-06/1761425423.json"
"581513","221281","2025-12-05","36.00","NZD","1761425423","23477/2025-12-05/1761425423.json"
"581514","221282","2025-12-05","36.00","NZD","1761425423","23477/2025-12-05/1761425423.json"
"512557","146154","2025-12-05","45.00","NZD","1761425423","23477/2025-12-05/1761425423.json"
"365170","146153","2025-12-05","48.00","NZD","1761425423","23477/2025-12-05/1761425423.json"
"510807","146155","2025-12-05","52.00","NZD","1761425423","23477/2025-12-05/1761425423.json"
"581513","221281","2025-12-07","36.00","NZD","1761425423","23477/2025-12-07/1761425423.json"
"581514","221282","2025-12-07","36.00","NZD","1761425423","23477/2025-12-07/1761425423.json"
"512557","146154","2025-12-07","45.00","NZD","1761425423","23477/2025-12-07/1761425423.json"
"365170","146153","2025-12-07","48.00","NZD","1761425423","23477/2025-12-07/1761425423.json"
"510807","146155","2025-12-07","52.00","NZD","1761425423","23477/2025-12-07/1761425423.json"
"581513","221281","2025-12-08","36.00","NZD","1761425423","23477/2025-12-08/1761425423.json"
"581514","221282","2025-12-08","36.00","NZD","1761425423","23477/2025-12-08/1761425423.json"
"512557","146154","2025-12-08","45.00","NZD","1761425423","23477/2025-12-08/1761425423.json"
"365170","146153","2025-12-08","48.00","NZD","1761425423","23477/2025-12-08/1761425423.json"
"510807","146155","2025-12-08","52.00","NZD","1761425423","23477/2025-12-08/1761425423.json"
"581513","221281","2025-12-10","36.00","NZD","1761425423","23477/2025-12-10/1761425423.json"
"581513","221281","2025-12-11","36.00","NZD","1761425423","23477/2025-12-11/1761425423.json"
"581514","221282","2025-12-10","36.00","NZD","1761425423","23477/2025-12-10/1761425423.json"
"581514","221282","2025-12-11","36.00","NZD","1761425423","23477/2025-12-11/1761425423.json"
"512557","146154","2025-12-11","45.00","NZD","1761425423","23477/2025-12-11/1761425423.json"
"512557","146154","2025-12-10","45.00","NZD","1761425423","23477/2025-12-10/1761425423.json"
"365170","146153","2025-12-11","48.00","NZD","1761425423","23477/2025-12-11/1761425423.json"
"510807","146155","2025-12-11","52.00","NZD","1761425423","23477/2025-12-11/1761425423.json"
"365170","146153","2025-12-10","48.00","NZD","1761425423","23477/2025-12-10/1761425423.json"
"510807","146155","2025-12-10","52.00","NZD","1761425423","23477/2025-12-10/1761425423.json"
"581513","221281","2025-12-09","36.00","NZD","1761425423","23477/2025-12-09/1761425423.json"
"581514","221282","2025-12-09","36.00","NZD","1761425423","23477/2025-12-09/1761425423.json"
"512557","146154","2025-12-09","45.00","NZD","1761425423","23477/2025-12-09/1761425423.json"
"365170","146153","2025-12-09","48.00","NZD","1761425423","23477/2025-12-09/1761425423.json"
"510807","146155","2025-12-09","52.00","NZD","1761425423","23477/2025-12-09/1761425423.json"
"581513","221281","2025-12-12","36.00","NZD","1761425423","23477/2025-12-12/1761425423.json"
"581514","221282","2025-12-12","36.00","NZD","1761425423","23477/2025-12-12/1761425423.json"
"512557","146154","2025-12-12","45.00","NZD","1761425423","23477/2025-12-12/1761425423.json"
"365170","146153","2025-12-12","48.00","NZD","1761425423","23477/2025-12-12/1761425423.json"
"510807","146155","2025-12-12","52.00","NZD","1761425423","23477/2025-12-12/1761425423.json"
"581513","221281","2025-12-13","36.00","NZD","1761425423","23477/2025-12-13/1761425423.json"
"581514","221282","2025-12-13","36.00","NZD","1761425423","23477/2025-12-13/1761425423.json"
"512557","146154","2025-12-13","45.00","NZD","1761425423","23477/2025-12-13/1761425423.json"
"365170","146153","2025-12-13","48.00","NZD","1761425423","23477/2025-12-13/1761425423.json"
"510807","146155","2025-12-13","52.00","NZD","1761425423","23477/2025-12-13/1761425423.json"
"581513","221281","2025-12-14","36.00","NZD","1761425423","23477/2025-12-14/1761425423.json"
"581514","221282","2025-12-14","36.00","NZD","1761425423","23477/2025-12-14/1761425423.json"
"512557","146154","2025-12-14","45.00","NZD","1761425423","23477/2025-12-14/1761425423.json"
"365170","146153","2025-12-14","48.00","NZD","1761425423","23477/2025-12-14/1761425423.json"
"510807","146155","2025-12-14","52.00","NZD","1761425423","23477/2025-12-14/1761425423.json"
"581513","221281","2025-12-15","36.00","NZD","1761425423","23477/2025-12-15/1761425423.json"
"581514","221282","2025-12-15","36.00","NZD","1761425423","23477/2025-12-15/1761425423.json"
"512557","146154","2025-12-15","45.00","NZD","1761425423","23477/2025-12-15/1761425423.json"
"365170","146153","2025-12-15","48.00","NZD","1761425423","23477/2025-12-15/1761425423.json"
"510807","146155","2025-12-15","52.00","NZD","1761425423","23477/2025-12-15/1761425423.json"
"581513","221281","2025-12-16","36.00","NZD","1761425423","23477/2025-12-16/1761425423.json"
"581514","221282","2025-12-16","36.00","NZD","1761425423","23477/2025-12-16/1761425423.json"
"512557","146154","2025-12-16","45.00","NZD","1761425423","23477/2025-12-16/1761425423.json"
"365170","146153","2025-12-16","48.00","NZD","1761425423","23477/2025-12-16/1761425423.json"
"510807","146155","2025-12-16","52.00","NZD","1761425423","23477/2025-12-16/1761425423.json"
"581513","221281","2025-12-18","36.00","NZD","1761425423","23477/2025-12-18/1761425423.json"
"581514","221282","2025-12-18","36.00","NZD","1761425423","23477/2025-12-18/1761425423.json"
"512557","146154","2025-12-18","45.00","NZD","1761425423","23477/2025-12-18/1761425423.json"
"365170","146153","2025-12-18","48.00","NZD","1761425423","23477/2025-12-18/1761425423.json"
"510807","146155","2025-12-18","52.00","NZD","1761425423","23477/2025-12-18/1761425423.json"
"581513","221281","2025-12-17","36.00","NZD","1761425423","23477/2025-12-17/1761425423.json"
"581514","221282","2025-12-17","36.00","NZD","1761425423","23477/2025-12-17/1761425423.json"
"512557","146154","2025-12-17","45.00","NZD","1761425423","23477/2025-12-17/1761425423.json"
"365170","146153","2025-12-17","48.00","NZD","1761425423","23477/2025-12-17/1761425423.json"
"510807","146155","2025-12-17","52.00","NZD","1761425423","23477/2025-12-17/1761425423.json"
"581513","221281","2025-12-19","36.00","NZD","1761425423","23477/2025-12-19/1761425423.json"
"581514","221282","2025-12-19","36.00","NZD","1761425423","23477/2025-12-19/1761425423.json"
"512557","146154","2025-12-19","45.00","NZD","1761425423","23477/2025-12-19/1761425423.json"
"365170","146153","2025-12-19","48.00","NZD","1761425423","23477/2025-12-19/1761425423.json"
"510807","146155","2025-12-19","52.00","NZD","1761425423","23477/2025-12-19/1761425423.json"
"581513","221281","2025-12-20","36.00","NZD","1761425423","23477/2025-12-20/1761425423.json"
"581514","221282","2025-12-20","36.00","NZD","1761425423","23477/2025-12-20/1761425423.json"
"512557","146154","2025-12-20","45.00","NZD","1761425423","23477/2025-12-20/1761425423.json"
"365170","146153","2025-12-20","48.00","NZD","1761425423","23477/2025-12-20/1761425423.json"
"510807","146155","2025-12-20","52.00","NZD","1761425423","23477/2025-12-20/1761425423.json"
"581513","221281","2025-12-21","36.00","NZD","1761425423","23477/2025-12-21/1761425423.json"
"581514","221282","2025-12-21","36.00","NZD","1761425423","23477/2025-12-21/1761425423.json"
"512557","146154","2025-12-21","45.00","NZD","1761425423","23477/2025-12-21/1761425423.json"
"365170","146153","2025-12-21","48.00","NZD","1761425423","23477/2025-12-21/1761425423.json"
"510807","146155","2025-12-21","52.00","NZD","1761425423","23477/2025-12-21/1761425423.json"
"581513","221281","2025-12-22","36.00","NZD","1761425423","23477/2025-12-22/1761425423.json"
"581514","221282","2025-12-22","36.00","NZD","1761425423","23477/2025-12-22/1761425423.json"
"512557","146154","2025-12-22","45.00","NZD","1761425423","23477/2025-12-22/1761425423.json"
"365170","146153","2025-12-22","48.00","NZD","1761425423","23477/2025-12-22/1761425423.json"
"510807","146155","2025-12-22","52.00","NZD","1761425423","23477/2025-12-22/1761425423.json"
"581513","221281","2025-12-24","38.00","NZD","1761425423","23477/2025-12-24/1761425423.json"
"581514","221282","2025-12-24","38.00","NZD","1761425423","23477/2025-12-24/1761425423.json"
"512557","146154","2025-12-24","45.00","NZD","1761425423","23477/2025-12-24/1761425423.json"
"365170","146153","2025-12-24","48.00","NZD","1761425423","23477/2025-12-24/1761425423.json"
"510807","146155","2025-12-24","52.00","NZD","1761425423","23477/2025-12-24/1761425423.json"
"581513","221281","2025-12-23","38.00","NZD","1761425423","23477/2025-12-23/1761425423.json"
"581514","221282","2025-12-23","38.00","NZD","1761425423","23477/2025-12-23/1761425423.json"
"512557","146154","2025-12-23","45.00","NZD","1761425423","23477/2025-12-23/1761425423.json"
"365170","146153","2025-12-23","48.00","NZD","1761425423","23477/2025-12-23/1761425423.json"
"510807","146155","2025-12-23","52.00","NZD","1761425423","23477/2025-12-23/1761425423.json"
"581513","221281","2025-10-26","38.00","NZD","1761450405","23477/2025-10-26/1761450405.json"
"581514","221282","2025-10-26","38.00","NZD","1761450405","23477/2025-10-26/1761450405.json"
"512557","146154","2025-10-26","45.00","NZD","1761450405","23477/2025-10-26/1761450405.json"
"581513","221281","2025-10-29","36.00","NZD","1761450405","23477/2025-10-29/1761450405.json"
"581514","221282","2025-10-29","36.00","NZD","1761450405","23477/2025-10-29/1761450405.json"
"512557","146154","2025-10-29","45.00","NZD","1761450405","23477/2025-10-29/1761450405.json"
"365170","146153","2025-10-29","48.00","NZD","1761450405","23477/2025-10-29/1761450405.json"
"510807","146155","2025-10-29","52.00","NZD","1761450405","23477/2025-10-29/1761450405.json"
"581513","221281","2025-10-27","38.00","NZD","1761450405","23477/2025-10-27/1761450405.json"
"581514","221282","2025-10-27","38.00","NZD","1761450405","23477/2025-10-27/1761450405.json"
"512557","146154","2025-10-27","45.00","NZD","1761450405","23477/2025-10-27/1761450405.json"
"365170","146153","2025-10-27","48.00","NZD","1761450405","23477/2025-10-27/1761450405.json"
"510807","146155","2025-10-27","52.00","NZD","1761450405","23477/2025-10-27/1761450405.json"
"581513","221281","2025-10-28","36.00","NZD","1761450405","23477/2025-10-28/1761450405.json"
"581514","221282","2025-10-28","36.00","NZD","1761450405","23477/2025-10-28/1761450405.json"
"512557","146154","2025-10-28","45.00","NZD","1761450405","23477/2025-10-28/1761450405.json"
"365170","146153","2025-10-28","48.00","NZD","1761450405","23477/2025-10-28/1761450405.json"
"510807","146155","2025-10-28","52.00","NZD","1761450405","23477/2025-10-28/1761450405.json"
"581513","221281","2025-11-02","36.00","NZD","1761450405","23477/2025-11-02/1761450405.json"
"581514","221282","2025-11-02","36.00","NZD","1761450405","23477/2025-11-02/1761450405.json"
"512557","146154","2025-11-02","45.00","NZD","1761450405","23477/2025-11-02/1761450405.json"
"365170","146153","2025-11-02","48.00","NZD","1761450405","23477/2025-11-02/1761450405.json"
"510807","146155","2025-11-02","52.00","NZD","1761450405","23477/2025-11-02/1761450405.json"
"581513","221281","2025-11-01","36.00","NZD","1761450405","23477/2025-11-01/1761450405.json"
"581514","221282","2025-11-01","36.00","NZD","1761450405","23477/2025-11-01/1761450405.json"
"512557","146154","2025-11-01","45.00","NZD","1761450405","23477/2025-11-01/1761450405.json"
"365170","146153","2025-11-01","48.00","NZD","1761450405","23477/2025-11-01/1761450405.json"
"510807","146155","2025-11-01","52.00","NZD","1761450405","23477/2025-11-01/1761450405.json"
"581513","221281","2025-10-30","36.00","NZD","1761450405","23477/2025-10-30/1761450405.json"
"581514","221282","2025-10-30","36.00","NZD","1761450405","23477/2025-10-30/1761450405.json"
"512557","146154","2025-10-30","45.00","NZD","1761450405","23477/2025-10-30/1761450405.json"
"365170","146153","2025-10-30","48.00","NZD","1761450405","23477/2025-10-30/1761450405.json"
"510807","146155","2025-10-30","52.00","NZD","1761450405","23477/2025-10-30/1761450405.json"
"581513","221281","2025-10-31","36.00","NZD","1761450405","23477/2025-10-31/1761450405.json"
"581514","221282","2025-10-31","36.00","NZD","1761450405","23477/2025-10-31/1761450405.json"
"512557","146154","2025-10-31","45.00","NZD","1761450405","23477/2025-10-31/1761450405.json"
"365170","146153","2025-10-31","48.00","NZD","1761450405","23477/2025-10-31/1761450405.json"
"510807","146155","2025-10-31","52.00","NZD","1761450405","23477/2025-10-31/1761450405.json"
"581513","221281","2025-11-04","36.00","NZD","1761450405","23477/2025-11-04/1761450405.json"
"581514","221282","2025-11-04","36.00","NZD","1761450405","23477/2025-11-04/1761450405.json"
"512557","146154","2025-11-04","45.00","NZD","1761450405","23477/2025-11-04/1761450405.json"
"365170","146153","2025-11-04","48.00","NZD","1761450405","23477/2025-11-04/1761450405.json"
"510807","146155","2025-11-04","52.00","NZD","1761450405","23477/2025-11-04/1761450405.json"
"581513","221281","2025-11-03","36.00","NZD","1761450405","23477/2025-11-03/1761450405.json"
"581514","221282","2025-11-03","36.00","NZD","1761450405","23477/2025-11-03/1761450405.json"
"512557","146154","2025-11-03","45.00","NZD","1761450405","23477/2025-11-03/1761450405.json"
"365170","146153","2025-11-03","48.00","NZD","1761450405","23477/2025-11-03/1761450405.json"
"510807","146155","2025-11-03","52.00","NZD","1761450405","23477/2025-11-03/1761450405.json"
"581513","221281","2025-11-05","36.00","NZD","1761450405","23477/2025-11-05/1761450405.json"
"581514","221282","2025-11-05","36.00","NZD","1761450405","23477/2025-11-05/1761450405.json"
"512557","146154","2025-11-05","45.00","NZD","1761450405","23477/2025-11-05/1761450405.json"
"365170","146153","2025-11-05","48.00","NZD","1761450405","23477/2025-11-05/1761450405.json"
"510807","146155","2025-11-05","52.00","NZD","1761450405","23477/2025-11-05/1761450405.json"
"581513","221281","2025-11-06","36.00","NZD","1761450405","23477/2025-11-06/1761450405.json"
"581514","221282","2025-11-06","36.00","NZD","1761450405","23477/2025-11-06/1761450405.json"
"512557","146154","2025-11-06","45.00","NZD","1761450405","23477/2025-11-06/1761450405.json"
"365170","146153","2025-11-06","48.00","NZD","1761450405","23477/2025-11-06/1761450405.json"
"510807","146155","2025-11-06","52.00","NZD","1761450405","23477/2025-11-06/1761450405.json"
"581513","221281","2025-11-08","36.00","NZD","1761450405","23477/2025-11-08/1761450405.json"
"581514","221282","2025-11-08","36.00","NZD","1761450405","23477/2025-11-08/1761450405.json"
"512557","146154","2025-11-08","45.00","NZD","1761450405","23477/2025-11-08/1761450405.json"
"365170","146153","2025-11-08","48.00","NZD","1761450405","23477/2025-11-08/1761450405.json"
"510807","146155","2025-11-08","52.00","NZD","1761450405","23477/2025-11-08/1761450405.json"
"581513","221281","2025-11-07","36.00","NZD","1761450405","23477/2025-11-07/1761450405.json"
"581514","221282","2025-11-07","36.00","NZD","1761450405","23477/2025-11-07/1761450405.json"
"512557","146154","2025-11-07","45.00","NZD","1761450405","23477/2025-11-07/1761450405.json"
"365170","146153","2025-11-07","48.00","NZD","1761450405","23477/2025-11-07/1761450405.json"
"510807","146155","2025-11-07","52.00","NZD","1761450405","23477/2025-11-07/1761450405.json"
"581513","221281","2025-11-09","36.00","NZD","1761450405","23477/2025-11-09/1761450405.json"
"581514","221282","2025-11-09","36.00","NZD","1761450405","23477/2025-11-09/1761450405.json"
"512557","146154","2025-11-09","45.00","NZD","1761450405","23477/2025-11-09/1761450405.json"
"365170","146153","2025-11-09","48.00","NZD","1761450405","23477/2025-11-09/1761450405.json"
"510807","146155","2025-11-09","52.00","NZD","1761450405","23477/2025-11-09/1761450405.json"
"581513","221281","2025-11-10","36.00","NZD","1761450405","23477/2025-11-10/1761450405.json"
"581514","221282","2025-11-10","36.00","NZD","1761450405","23477/2025-11-10/1761450405.json"
"512557","146154","2025-11-10","45.00","NZD","1761450405","23477/2025-11-10/1761450405.json"
"365170","146153","2025-11-10","48.00","NZD","1761450405","23477/2025-11-10/1761450405.json"
"510807","146155","2025-11-10","52.00","NZD","1761450405","23477/2025-11-10/1761450405.json"
"581513","221281","2025-11-12","36.00","NZD","1761450405","23477/2025-11-12/1761450405.json"
"581514","221282","2025-11-12","36.00","NZD","1761450405","23477/2025-11-12/1761450405.json"
"512557","146154","2025-11-12","45.00","NZD","1761450405","23477/2025-11-12/1761450405.json"
"365170","146153","2025-11-12","48.00","NZD","1761450405","23477/2025-11-12/1761450405.json"
"510807","146155","2025-11-12","52.00","NZD","1761450405","23477/2025-11-12/1761450405.json"
"581513","221281","2025-11-11","36.00","NZD","1761450405","23477/2025-11-11/1761450405.json"
"581514","221282","2025-11-11","36.00","NZD","1761450405","23477/2025-11-11/1761450405.json"
"512557","146154","2025-11-11","45.00","NZD","1761450405","23477/2025-11-11/1761450405.json"
"365170","146153","2025-11-11","48.00","NZD","1761450405","23477/2025-11-11/1761450405.json"
"510807","146155","2025-11-11","52.00","NZD","1761450405","23477/2025-11-11/1761450405.json"
"581513","221281","2025-11-13","36.00","NZD","1761450405","23477/2025-11-13/1761450405.json"
"581514","221282","2025-11-13","36.00","NZD","1761450405","23477/2025-11-13/1761450405.json"
"512557","146154","2025-11-13","45.00","NZD","1761450405","23477/2025-11-13/1761450405.json"
"365170","146153","2025-11-13","48.00","NZD","1761450405","23477/2025-11-13/1761450405.json"
"510807","146155","2025-11-13","52.00","NZD","1761450405","23477/2025-11-13/1761450405.json"
"581513","221281","2025-11-14","36.00","NZD","1761450405","23477/2025-11-14/1761450405.json"
"581514","221282","2025-11-14","36.00","NZD","1761450405","23477/2025-11-14/1761450405.json"
"512557","146154","2025-11-14","45.00","NZD","1761450405","23477/2025-11-14/1761450405.json"
"365170","146153","2025-11-14","48.00","NZD","1761450405","23477/2025-11-14/1761450405.json"
"510807","146155","2025-11-14","52.00","NZD","1761450405","23477/2025-11-14/1761450405.json"
"581513","221281","2025-11-15","36.00","NZD","1761450405","23477/2025-11-15/1761450405.json"
"581514","221282","2025-11-15","36.00","NZD","1761450405","23477/2025-11-15/1761450405.json"
"512557","146154","2025-11-15","45.00","NZD","1761450405","23477/2025-11-15/1761450405.json"
"365170","146153","2025-11-15","48.00","NZD","1761450405","23477/2025-11-15/1761450405.json"
"510807","146155","2025-11-15","52.00","NZD","1761450405","23477/2025-11-15/1761450405.json"
"581513","221281","2025-11-16","36.00","NZD","1761450405","23477/2025-11-16/1761450405.json"
"581514","221282","2025-11-16","36.00","NZD","1761450405","23477/2025-11-16/1761450405.json"
"512557","146154","2025-11-16","45.00","NZD","1761450405","23477/2025-11-16/1761450405.json"
"365170","146153","2025-11-16","48.00","NZD","1761450405","23477/2025-11-16/1761450405.json"
"510807","146155","2025-11-16","52.00","NZD","1761450405","23477/2025-11-16/1761450405.json"
"581513","221281","2025-11-17","36.00","NZD","1761450405","23477/2025-11-17/1761450405.json"
"581514","221282","2025-11-17","36.00","NZD","1761450405","23477/2025-11-17/1761450405.json"
"512557","146154","2025-11-17","45.00","NZD","1761450405","23477/2025-11-17/1761450405.json"
"365170","146153","2025-11-17","48.00","NZD","1761450405","23477/2025-11-17/1761450405.json"
"510807","146155","2025-11-17","52.00","NZD","1761450405","23477/2025-11-17/1761450405.json"
"581513","221281","2025-11-18","36.00","NZD","1761450405","23477/2025-11-18/1761450405.json"
"581514","221282","2025-11-18","36.00","NZD","1761450405","23477/2025-11-18/1761450405.json"
"512557","146154","2025-11-18","45.00","NZD","1761450405","23477/2025-11-18/1761450405.json"
"365170","146153","2025-11-18","48.00","NZD","1761450405","23477/2025-11-18/1761450405.json"
"510807","146155","2025-11-18","52.00","NZD","1761450405","23477/2025-11-18/1761450405.json"
"581513","221281","2025-11-19","36.00","NZD","1761450405","23477/2025-11-19/1761450405.json"
"581514","221282","2025-11-19","36.00","NZD","1761450405","23477/2025-11-19/1761450405.json"
"512557","146154","2025-11-19","45.00","NZD","1761450405","23477/2025-11-19/1761450405.json"
"365170","146153","2025-11-19","48.00","NZD","1761450405","23477/2025-11-19/1761450405.json"
"510807","146155","2025-11-19","52.00","NZD","1761450405","23477/2025-11-19/1761450405.json"
"581513","221281","2025-11-20","36.00","NZD","1761450405","23477/2025-11-20/1761450405.json"
"581514","221282","2025-11-20","36.00","NZD","1761450405","23477/2025-11-20/1761450405.json"
"512557","146154","2025-11-20","45.00","NZD","1761450405","23477/2025-11-20/1761450405.json"
"581513","221281","2025-11-21","36.00","NZD","1761450405","23477/2025-11-21/1761450405.json"
"581514","221282","2025-11-21","36.00","NZD","1761450405","23477/2025-11-21/1761450405.json"
"512557","146154","2025-11-21","45.00","NZD","1761450405","23477/2025-11-21/1761450405.json"
"365170","146153","2025-11-21","48.00","NZD","1761450405","23477/2025-11-21/1761450405.json"
"510807","146155","2025-11-21","52.00","NZD","1761450405","23477/2025-11-21/1761450405.json"
"581513","221281","2025-11-22","36.00","NZD","1761450405","23477/2025-11-22/1761450405.json"
"581514","221282","2025-11-22","36.00","NZD","1761450405","23477/2025-11-22/1761450405.json"
"512557","146154","2025-11-22","45.00","NZD","1761450405","23477/2025-11-22/1761450405.json"
"365170","146153","2025-11-22","48.00","NZD","1761450405","23477/2025-11-22/1761450405.json"
"510807","146155","2025-11-22","52.00","NZD","1761450405","23477/2025-11-22/1761450405.json"
"581513","221281","2025-11-23","36.00","NZD","1761450405","23477/2025-11-23/1761450405.json"
"581514","221282","2025-11-23","36.00","NZD","1761450405","23477/2025-11-23/1761450405.json"
"512557","146154","2025-11-23","45.00","NZD","1761450405","23477/2025-11-23/1761450405.json"
"365170","146153","2025-11-23","48.00","NZD","1761450405","23477/2025-11-23/1761450405.json"
"510807","146155","2025-11-23","52.00","NZD","1761450405","23477/2025-11-23/1761450405.json"
"581513","221281","2025-11-25","36.00","NZD","1761450405","23477/2025-11-25/1761450405.json"
"581513","221281","2025-11-24","36.00","NZD","1761450405","23477/2025-11-24/1761450405.json"
"581514","221282","2025-11-25","36.00","NZD","1761450405","23477/2025-11-25/1761450405.json"
"581514","221282","2025-11-24","36.00","NZD","1761450405","23477/2025-11-24/1761450405.json"
"512557","146154","2025-11-25","45.00","NZD","1761450405","23477/2025-11-25/1761450405.json"
"512557","146154","2025-11-24","45.00","NZD","1761450405","23477/2025-11-24/1761450405.json"
"365170","146153","2025-11-24","48.00","NZD","1761450405","23477/2025-11-24/1761450405.json"
"365170","146153","2025-11-25","48.00","NZD","1761450405","23477/2025-11-25/1761450405.json"
"510807","146155","2025-11-24","52.00","NZD","1761450405","23477/2025-11-24/1761450405.json"
"510807","146155","2025-11-25","52.00","NZD","1761450405","23477/2025-11-25/1761450405.json"
"581513","221281","2025-11-26","36.00","NZD","1761450405","23477/2025-11-26/1761450405.json"
"581514","221282","2025-11-26","36.00","NZD","1761450405","23477/2025-11-26/1761450405.json"
"512557","146154","2025-11-26","45.00","NZD","1761450405","23477/2025-11-26/1761450405.json"
"365170","146153","2025-11-26","48.00","NZD","1761450405","23477/2025-11-26/1761450405.json"
"510807","146155","2025-11-26","52.00","NZD","1761450405","23477/2025-11-26/1761450405.json"
"581513","221281","2025-11-27","36.00","NZD","1761450405","23477/2025-11-27/1761450405.json"
"581514","221282","2025-11-27","36.00","NZD","1761450405","23477/2025-11-27/1761450405.json"
"512557","146154","2025-11-27","45.00","NZD","1761450405","23477/2025-11-27/1761450405.json"
"365170","146153","2025-11-27","48.00","NZD","1761450405","23477/2025-11-27/1761450405.json"
"510807","146155","2025-11-27","52.00","NZD","1761450405","23477/2025-11-27/1761450405.json"
"581513","221281","2025-11-29","36.00","NZD","1761450405","23477/2025-11-29/1761450405.json"
"581514","221282","2025-11-29","36.00","NZD","1761450405","23477/2025-11-29/1761450405.json"
"512557","146154","2025-11-29","45.00","NZD","1761450405","23477/2025-11-29/1761450405.json"
"365170","146153","2025-11-29","48.00","NZD","1761450405","23477/2025-11-29/1761450405.json"
"510807","146155","2025-11-29","52.00","NZD","1761450405","23477/2025-11-29/1761450405.json"
"581513","221281","2025-11-30","36.00","NZD","1761450405","23477/2025-11-30/1761450405.json"
"581514","221282","2025-11-30","36.00","NZD","1761450405","23477/2025-11-30/1761450405.json"
"512557","146154","2025-11-30","45.00","NZD","1761450405","23477/2025-11-30/1761450405.json"
"365170","146153","2025-11-30","48.00","NZD","1761450405","23477/2025-11-30/1761450405.json"
"510807","146155","2025-11-30","52.00","NZD","1761450405","23477/2025-11-30/1761450405.json"
"581513","221281","2025-11-28","36.00","NZD","1761450405","23477/2025-11-28/1761450405.json"
"581514","221282","2025-11-28","36.00","NZD","1761450405","23477/2025-11-28/1761450405.json"
"512557","146154","2025-11-28","45.00","NZD","1761450405","23477/2025-11-28/1761450405.json"
"365170","146153","2025-11-28","48.00","NZD","1761450405","23477/2025-11-28/1761450405.json"
"510807","146155","2025-11-28","52.00","NZD","1761450405","23477/2025-11-28/1761450405.json"
"581513","221281","2025-12-01","36.00","NZD","1761450405","23477/2025-12-01/1761450405.json"
"581514","221282","2025-12-01","36.00","NZD","1761450405","23477/2025-12-01/1761450405.json"
"512557","146154","2025-12-01","45.00","NZD","1761450405","23477/2025-12-01/1761450405.json"
"365170","146153","2025-12-01","48.00","NZD","1761450405","23477/2025-12-01/1761450405.json"
"510807","146155","2025-12-01","52.00","NZD","1761450405","23477/2025-12-01/1761450405.json"
"581513","221281","2025-12-02","36.00","NZD","1761450405","23477/2025-12-02/1761450405.json"
"581514","221282","2025-12-02","36.00","NZD","1761450405","23477/2025-12-02/1761450405.json"
"512557","146154","2025-12-02","45.00","NZD","1761450405","23477/2025-12-02/1761450405.json"
"365170","146153","2025-12-02","48.00","NZD","1761450405","23477/2025-12-02/1761450405.json"
"510807","146155","2025-12-02","52.00","NZD","1761450405","23477/2025-12-02/1761450405.json"
"581513","221281","2025-12-03","36.00","NZD","1761450405","23477/2025-12-03/1761450405.json"
"581514","221282","2025-12-03","36.00","NZD","1761450405","23477/2025-12-03/1761450405.json"
"512557","146154","2025-12-03","45.00","NZD","1761450405","23477/2025-12-03/1761450405.json"
"365170","146153","2025-12-03","48.00","NZD","1761450405","23477/2025-12-03/1761450405.json"
"510807","146155","2025-12-03","52.00","NZD","1761450405","23477/2025-12-03/1761450405.json"
"581513","221281","2025-12-05","36.00","NZD","1761450405","23477/2025-12-05/1761450405.json"
"581513","221281","2025-12-04","36.00","NZD","1761450405","23477/2025-12-04/1761450405.json"
"581514","221282","2025-12-05","36.00","NZD","1761450405","23477/2025-12-05/1761450405.json"
"581514","221282","2025-12-04","36.00","NZD","1761450405","23477/2025-12-04/1761450405.json"
"512557","146154","2025-12-04","45.00","NZD","1761450405","23477/2025-12-04/1761450405.json"
"512557","146154","2025-12-05","45.00","NZD","1761450405","23477/2025-12-05/1761450405.json"
"365170","146153","2025-12-04","48.00","NZD","1761450405","23477/2025-12-04/1761450405.json"
"510807","146155","2025-12-04","52.00","NZD","1761450405","23477/2025-12-04/1761450405.json"
"365170","146153","2025-12-05","48.00","NZD","1761450405","23477/2025-12-05/1761450405.json"
"510807","146155","2025-12-05","52.00","NZD","1761450405","23477/2025-12-05/1761450405.json"
"581513","221281","2025-12-06","36.00","NZD","1761450405","23477/2025-12-06/1761450405.json"
"581514","221282","2025-12-06","36.00","NZD","1761450405","23477/2025-12-06/1761450405.json"
"512557","146154","2025-12-06","45.00","NZD","1761450405","23477/2025-12-06/1761450405.json"
"365170","146153","2025-12-06","48.00","NZD","1761450405","23477/2025-12-06/1761450405.json"
"510807","146155","2025-12-06","52.00","NZD","1761450405","23477/2025-12-06/1761450405.json"
"581513","221281","2025-12-07","36.00","NZD","1761450405","23477/2025-12-07/1761450405.json"
"581514","221282","2025-12-07","36.00","NZD","1761450405","23477/2025-12-07/1761450405.json"
"512557","146154","2025-12-07","45.00","NZD","1761450405","23477/2025-12-07/1761450405.json"
"365170","146153","2025-12-07","48.00","NZD","1761450405","23477/2025-12-07/1761450405.json"
"510807","146155","2025-12-07","52.00","NZD","1761450405","23477/2025-12-07/1761450405.json"
"581513","221281","2025-12-08","36.00","NZD","1761450405","23477/2025-12-08/1761450405.json"
"581513","221281","2025-12-09","36.00","NZD","1761450405","23477/2025-12-09/1761450405.json"
"581514","221282","2025-12-08","36.00","NZD","1761450405","23477/2025-12-08/1761450405.json"
"512557","146154","2025-12-08","45.00","NZD","1761450405","23477/2025-12-08/1761450405.json"
"581514","221282","2025-12-09","36.00","NZD","1761450405","23477/2025-12-09/1761450405.json"
"512557","146154","2025-12-09","45.00","NZD","1761450405","23477/2025-12-09/1761450405.json"
"365170","146153","2025-12-08","48.00","NZD","1761450405","23477/2025-12-08/1761450405.json"
"365170","146153","2025-12-09","48.00","NZD","1761450405","23477/2025-12-09/1761450405.json"
"510807","146155","2025-12-09","52.00","NZD","1761450405","23477/2025-12-09/1761450405.json"
"510807","146155","2025-12-08","52.00","NZD","1761450405","23477/2025-12-08/1761450405.json"
"581513","221281","2025-12-11","36.00","NZD","1761450405","23477/2025-12-11/1761450405.json"
"581514","221282","2025-12-11","36.00","NZD","1761450405","23477/2025-12-11/1761450405.json"
"512557","146154","2025-12-11","45.00","NZD","1761450405","23477/2025-12-11/1761450405.json"
"365170","146153","2025-12-11","48.00","NZD","1761450405","23477/2025-12-11/1761450405.json"
"510807","146155","2025-12-11","52.00","NZD","1761450405","23477/2025-12-11/1761450405.json"
"581513","221281","2025-12-13","36.00","NZD","1761450405","23477/2025-12-13/1761450405.json"
"581514","221282","2025-12-13","36.00","NZD","1761450405","23477/2025-12-13/1761450405.json"
"512557","146154","2025-12-13","45.00","NZD","1761450405","23477/2025-12-13/1761450405.json"
"365170","146153","2025-12-13","48.00","NZD","1761450405","23477/2025-12-13/1761450405.json"
"510807","146155","2025-12-13","52.00","NZD","1761450405","23477/2025-12-13/1761450405.json"
"581513","221281","2025-12-12","36.00","NZD","1761450405","23477/2025-12-12/1761450405.json"
"581514","221282","2025-12-12","36.00","NZD","1761450405","23477/2025-12-12/1761450405.json"
"512557","146154","2025-12-12","45.00","NZD","1761450405","23477/2025-12-12/1761450405.json"
"365170","146153","2025-12-12","48.00","NZD","1761450405","23477/2025-12-12/1761450405.json"
"510807","146155","2025-12-12","52.00","NZD","1761450405","23477/2025-12-12/1761450405.json"
"581513","221281","2025-12-14","36.00","NZD","1761450405","23477/2025-12-14/1761450405.json"
"581514","221282","2025-12-14","36.00","NZD","1761450405","23477/2025-12-14/1761450405.json"
"512557","146154","2025-12-14","45.00","NZD","1761450405","23477/2025-12-14/1761450405.json"
"365170","146153","2025-12-14","48.00","NZD","1761450405","23477/2025-12-14/1761450405.json"
"510807","146155","2025-12-14","52.00","NZD","1761450405","23477/2025-12-14/1761450405.json"
"581513","221281","2025-12-16","36.00","NZD","1761450405","23477/2025-12-16/1761450405.json"
"581514","221282","2025-12-16","36.00","NZD","1761450405","23477/2025-12-16/1761450405.json"
"512557","146154","2025-12-16","45.00","NZD","1761450405","23477/2025-12-16/1761450405.json"
"365170","146153","2025-12-16","48.00","NZD","1761450405","23477/2025-12-16/1761450405.json"
"510807","146155","2025-12-16","52.00","NZD","1761450405","23477/2025-12-16/1761450405.json"
"581513","221281","2025-12-15","36.00","NZD","1761450405","23477/2025-12-15/1761450405.json"
"581514","221282","2025-12-15","36.00","NZD","1761450405","23477/2025-12-15/1761450405.json"
"512557","146154","2025-12-15","45.00","NZD","1761450405","23477/2025-12-15/1761450405.json"
"365170","146153","2025-12-15","48.00","NZD","1761450405","23477/2025-12-15/1761450405.json"
"510807","146155","2025-12-15","52.00","NZD","1761450405","23477/2025-12-15/1761450405.json"
"581513","221281","2025-12-17","36.00","NZD","1761450405","23477/2025-12-17/1761450405.json"
"581514","221282","2025-12-17","36.00","NZD","1761450405","23477/2025-12-17/1761450405.json"
"512557","146154","2025-12-17","45.00","NZD","1761450405","23477/2025-12-17/1761450405.json"
"365170","146153","2025-12-17","48.00","NZD","1761450405","23477/2025-12-17/1761450405.json"
"510807","146155","2025-12-17","52.00","NZD","1761450405","23477/2025-12-17/1761450405.json"
"581513","221281","2025-12-18","36.00","NZD","1761450405","23477/2025-12-18/1761450405.json"
"581514","221282","2025-12-18","36.00","NZD","1761450405","23477/2025-12-18/1761450405.json"
"512557","146154","2025-12-18","45.00","NZD","1761450405","23477/2025-12-18/1761450405.json"
"365170","146153","2025-12-18","48.00","NZD","1761450405","23477/2025-12-18/1761450405.json"
"510807","146155","2025-12-18","52.00","NZD","1761450405","23477/2025-12-18/1761450405.json"
"581513","221281","2025-12-19","36.00","NZD","1761450405","23477/2025-12-19/1761450405.json"
"581514","221282","2025-12-19","36.00","NZD","1761450405","23477/2025-12-19/1761450405.json"
"512557","146154","2025-12-19","45.00","NZD","1761450405","23477/2025-12-19/1761450405.json"
"365170","146153","2025-12-19","48.00","NZD","1761450405","23477/2025-12-19/1761450405.json"
"510807","146155","2025-12-19","52.00","NZD","1761450405","23477/2025-12-19/1761450405.json"
"581513","221281","2025-12-20","36.00","NZD","1761450405","23477/2025-12-20/1761450405.json"
"581514","221282","2025-12-20","36.00","NZD","1761450405","23477/2025-12-20/1761450405.json"
"512557","146154","2025-12-20","45.00","NZD","1761450405","23477/2025-12-20/1761450405.json"
"365170","146153","2025-12-20","48.00","NZD","1761450405","23477/2025-12-20/1761450405.json"
"510807","146155","2025-12-20","52.00","NZD","1761450405","23477/2025-12-20/1761450405.json"
"581513","221281","2025-12-21","36.00","NZD","1761450405","23477/2025-12-21/1761450405.json"
"581514","221282","2025-12-21","36.00","NZD","1761450405","23477/2025-12-21/1761450405.json"
"512557","146154","2025-12-21","45.00","NZD","1761450405","23477/2025-12-21/1761450405.json"
"365170","146153","2025-12-21","48.00","NZD","1761450405","23477/2025-12-21/1761450405.json"
"510807","146155","2025-12-21","52.00","NZD","1761450405","23477/2025-12-21/1761450405.json"
"581513","221281","2025-12-10","36.00","NZD","1761450405","23477/2025-12-10/1761450405.json"
"581514","221282","2025-12-10","36.00","NZD","1761450405","23477/2025-12-10/1761450405.json"
"512557","146154","2025-12-10","45.00","NZD","1761450405","23477/2025-12-10/1761450405.json"
"365170","146153","2025-12-10","48.00","NZD","1761450405","23477/2025-12-10/1761450405.json"
"510807","146155","2025-12-10","52.00","NZD","1761450405","23477/2025-12-10/1761450405.json"
"581513","221281","2025-12-22","36.00","NZD","1761450405","23477/2025-12-22/1761450405.json"
"581514","221282","2025-12-22","36.00","NZD","1761450405","23477/2025-12-22/1761450405.json"
"512557","146154","2025-12-22","45.00","NZD","1761450405","23477/2025-12-22/1761450405.json"
"365170","146153","2025-12-22","48.00","NZD","1761450405","23477/2025-12-22/1761450405.json"
"510807","146155","2025-12-22","52.00","NZD","1761450405","23477/2025-12-22/1761450405.json"
"581513","221281","2025-12-24","38.00","NZD","1761450405","23477/2025-12-24/1761450405.json"
"581514","221282","2025-12-24","38.00","NZD","1761450405","23477/2025-12-24/1761450405.json"
"512557","146154","2025-12-24","45.00","NZD","1761450405","23477/2025-12-24/1761450405.json"
"365170","146153","2025-12-24","48.00","NZD","1761450405","23477/2025-12-24/1761450405.json"
"510807","146155","2025-12-24","52.00","NZD","1761450405","23477/2025-12-24/1761450405.json"
"581513","221281","2025-12-23","38.00","NZD","1761450405","23477/2025-12-23/1761450405.json"
"581514","221282","2025-12-23","38.00","NZD","1761450405","23477/2025-12-23/1761450405.json"
"512557","146154","2025-12-23","45.00","NZD","1761450405","23477/2025-12-23/1761450405.json"
"365170","146153","2025-12-23","48.00","NZD","1761450405","23477/2025-12-23/1761450405.json"
"510807","146155","2025-12-23","52.00","NZD","1761450405","23477/2025-12-23/1761450405.json"
"581513","221281","2025-12-25","38.00","NZD","1761450405","23477/2025-12-25/1761450405.json"
"581514","221282","2025-12-25","38.00","NZD","1761450405","23477/2025-12-25/1761450405.json"
"512557","146154","2025-12-25","45.00","NZD","1761450405","23477/2025-12-25/1761450405.json"
"365170","146153","2025-12-25","48.00","NZD","1761450405","23477/2025-12-25/1761450405.json"
"510807","146155","2025-12-25","52.00","NZD","1761450405","23477/2025-12-25/1761450405.json"
"581513","221281","2025-10-26","38.00","NZD","1761454489","23477/2025-10-26/1761454489.json"
"581514","221282","2025-10-26","38.00","NZD","1761454489","23477/2025-10-26/1761454489.json"
"581513","221281","2025-10-29","36.00","NZD","1761454489","23477/2025-10-29/1761454489.json"
"512557","146154","2025-10-26","45.00","NZD","1761454489","23477/2025-10-26/1761454489.json"
"581514","221282","2025-10-29","36.00","NZD","1761454489","23477/2025-10-29/1761454489.json"
"512557","146154","2025-10-29","45.00","NZD","1761454489","23477/2025-10-29/1761454489.json"
"365170","146153","2025-10-29","48.00","NZD","1761454489","23477/2025-10-29/1761454489.json"
"510807","146155","2025-10-29","52.00","NZD","1761454489","23477/2025-10-29/1761454489.json"
"581513","221281","2025-10-27","38.00","NZD","1761454489","23477/2025-10-27/1761454489.json"
"581514","221282","2025-10-27","38.00","NZD","1761454489","23477/2025-10-27/1761454489.json"
"512557","146154","2025-10-27","45.00","NZD","1761454489","23477/2025-10-27/1761454489.json"
"365170","146153","2025-10-27","48.00","NZD","1761454489","23477/2025-10-27/1761454489.json"
"510807","146155","2025-10-27","52.00","NZD","1761454489","23477/2025-10-27/1761454489.json"
"581513","221281","2025-10-28","36.00","NZD","1761454489","23477/2025-10-28/1761454489.json"
"581514","221282","2025-10-28","36.00","NZD","1761454489","23477/2025-10-28/1761454489.json"
"512557","146154","2025-10-28","45.00","NZD","1761454489","23477/2025-10-28/1761454489.json"
"365170","146153","2025-10-28","48.00","NZD","1761454489","23477/2025-10-28/1761454489.json"
"510807","146155","2025-10-28","52.00","NZD","1761454489","23477/2025-10-28/1761454489.json"
"581513","221281","2025-10-31","36.00","NZD","1761454489","23477/2025-10-31/1761454489.json"
"581514","221282","2025-10-31","36.00","NZD","1761454489","23477/2025-10-31/1761454489.json"
"512557","146154","2025-10-31","45.00","NZD","1761454489","23477/2025-10-31/1761454489.json"
"365170","146153","2025-10-31","48.00","NZD","1761454489","23477/2025-10-31/1761454489.json"
"510807","146155","2025-10-31","52.00","NZD","1761454489","23477/2025-10-31/1761454489.json"
"581513","221281","2025-11-01","36.00","NZD","1761454489","23477/2025-11-01/1761454489.json"
"581514","221282","2025-11-01","36.00","NZD","1761454489","23477/2025-11-01/1761454489.json"
"512557","146154","2025-11-01","45.00","NZD","1761454489","23477/2025-11-01/1761454489.json"
"365170","146153","2025-11-01","48.00","NZD","1761454489","23477/2025-11-01/1761454489.json"
"510807","146155","2025-11-01","52.00","NZD","1761454489","23477/2025-11-01/1761454489.json"
"581513","221281","2025-11-02","36.00","NZD","1761454489","23477/2025-11-02/1761454489.json"
"581514","221282","2025-11-02","36.00","NZD","1761454489","23477/2025-11-02/1761454489.json"
"512557","146154","2025-11-02","45.00","NZD","1761454489","23477/2025-11-02/1761454489.json"
"365170","146153","2025-11-02","48.00","NZD","1761454489","23477/2025-11-02/1761454489.json"
"510807","146155","2025-11-02","52.00","NZD","1761454489","23477/2025-11-02/1761454489.json"
"581513","221281","2025-10-30","36.00","NZD","1761454489","23477/2025-10-30/1761454489.json"
"581514","221282","2025-10-30","36.00","NZD","1761454489","23477/2025-10-30/1761454489.json"
"512557","146154","2025-10-30","45.00","NZD","1761454489","23477/2025-10-30/1761454489.json"
"365170","146153","2025-10-30","48.00","NZD","1761454489","23477/2025-10-30/1761454489.json"
"510807","146155","2025-10-30","52.00","NZD","1761454489","23477/2025-10-30/1761454489.json"
"581513","221281","2025-11-04","36.00","NZD","1761454489","23477/2025-11-04/1761454489.json"
"581514","221282","2025-11-04","36.00","NZD","1761454489","23477/2025-11-04/1761454489.json"
"512557","146154","2025-11-04","45.00","NZD","1761454489","23477/2025-11-04/1761454489.json"
"365170","146153","2025-11-04","48.00","NZD","1761454489","23477/2025-11-04/1761454489.json"
"510807","146155","2025-11-04","52.00","NZD","1761454489","23477/2025-11-04/1761454489.json"
"581513","221281","2025-11-03","36.00","NZD","1761454489","23477/2025-11-03/1761454489.json"
"581514","221282","2025-11-03","36.00","NZD","1761454489","23477/2025-11-03/1761454489.json"
"512557","146154","2025-11-03","45.00","NZD","1761454489","23477/2025-11-03/1761454489.json"
"365170","146153","2025-11-03","48.00","NZD","1761454489","23477/2025-11-03/1761454489.json"
"510807","146155","2025-11-03","52.00","NZD","1761454489","23477/2025-11-03/1761454489.json"
"581513","221281","2025-11-05","36.00","NZD","1761454489","23477/2025-11-05/1761454489.json"
"581514","221282","2025-11-05","36.00","NZD","1761454489","23477/2025-11-05/1761454489.json"
"581513","221281","2025-11-06","36.00","NZD","1761454489","23477/2025-11-06/1761454489.json"
"512557","146154","2025-11-05","45.00","NZD","1761454489","23477/2025-11-05/1761454489.json"
"365170","146153","2025-11-05","48.00","NZD","1761454489","23477/2025-11-05/1761454489.json"
"581514","221282","2025-11-06","36.00","NZD","1761454489","23477/2025-11-06/1761454489.json"
"510807","146155","2025-11-05","52.00","NZD","1761454489","23477/2025-11-05/1761454489.json"
"512557","146154","2025-11-06","45.00","NZD","1761454489","23477/2025-11-06/1761454489.json"
"365170","146153","2025-11-06","48.00","NZD","1761454489","23477/2025-11-06/1761454489.json"
"510807","146155","2025-11-06","52.00","NZD","1761454489","23477/2025-11-06/1761454489.json"
"581513","221281","2025-11-07","36.00","NZD","1761454489","23477/2025-11-07/1761454489.json"
"581514","221282","2025-11-07","36.00","NZD","1761454489","23477/2025-11-07/1761454489.json"
"512557","146154","2025-11-07","45.00","NZD","1761454489","23477/2025-11-07/1761454489.json"
"365170","146153","2025-11-07","48.00","NZD","1761454489","23477/2025-11-07/1761454489.json"
"510807","146155","2025-11-07","52.00","NZD","1761454489","23477/2025-11-07/1761454489.json"
"581513","221281","2025-11-08","36.00","NZD","1761454489","23477/2025-11-08/1761454489.json"
"581513","221281","2025-11-10","36.00","NZD","1761454489","23477/2025-11-10/1761454489.json"
"581514","221282","2025-11-08","36.00","NZD","1761454489","23477/2025-11-08/1761454489.json"
"581514","221282","2025-11-10","36.00","NZD","1761454489","23477/2025-11-10/1761454489.json"
"512557","146154","2025-11-08","45.00","NZD","1761454489","23477/2025-11-08/1761454489.json"
"512557","146154","2025-11-10","45.00","NZD","1761454489","23477/2025-11-10/1761454489.json"
"365170","146153","2025-11-08","48.00","NZD","1761454489","23477/2025-11-08/1761454489.json"
"365170","146153","2025-11-10","48.00","NZD","1761454489","23477/2025-11-10/1761454489.json"
"510807","146155","2025-11-08","52.00","NZD","1761454489","23477/2025-11-08/1761454489.json"
"510807","146155","2025-11-10","52.00","NZD","1761454489","23477/2025-11-10/1761454489.json"
"581513","221281","2025-11-09","36.00","NZD","1761454489","23477/2025-11-09/1761454489.json"
"581514","221282","2025-11-09","36.00","NZD","1761454489","23477/2025-11-09/1761454489.json"
"512557","146154","2025-11-09","45.00","NZD","1761454489","23477/2025-11-09/1761454489.json"
"365170","146153","2025-11-09","48.00","NZD","1761454489","23477/2025-11-09/1761454489.json"
"510807","146155","2025-11-09","52.00","NZD","1761454489","23477/2025-11-09/1761454489.json"
"581513","221281","2025-11-11","36.00","NZD","1761454489","23477/2025-11-11/1761454489.json"
"581514","221282","2025-11-11","36.00","NZD","1761454489","23477/2025-11-11/1761454489.json"
"512557","146154","2025-11-11","45.00","NZD","1761454489","23477/2025-11-11/1761454489.json"
"365170","146153","2025-11-11","48.00","NZD","1761454489","23477/2025-11-11/1761454489.json"
"510807","146155","2025-11-11","52.00","NZD","1761454489","23477/2025-11-11/1761454489.json"
"581513","221281","2025-11-13","36.00","NZD","1761454489","23477/2025-11-13/1761454489.json"
"581513","221281","2025-11-14","36.00","NZD","1761454489","23477/2025-11-14/1761454489.json"
"581514","221282","2025-11-13","36.00","NZD","1761454489","23477/2025-11-13/1761454489.json"
"581514","221282","2025-11-14","36.00","NZD","1761454489","23477/2025-11-14/1761454489.json"
"512557","146154","2025-11-13","45.00","NZD","1761454489","23477/2025-11-13/1761454489.json"
"512557","146154","2025-11-14","45.00","NZD","1761454489","23477/2025-11-14/1761454489.json"
"365170","146153","2025-11-13","48.00","NZD","1761454489","23477/2025-11-13/1761454489.json"
"365170","146153","2025-11-14","48.00","NZD","1761454489","23477/2025-11-14/1761454489.json"
"510807","146155","2025-11-13","52.00","NZD","1761454489","23477/2025-11-13/1761454489.json"
"510807","146155","2025-11-14","52.00","NZD","1761454489","23477/2025-11-14/1761454489.json"
"581513","221281","2025-11-12","36.00","NZD","1761454489","23477/2025-11-12/1761454489.json"
"581514","221282","2025-11-12","36.00","NZD","1761454489","23477/2025-11-12/1761454489.json"
"512557","146154","2025-11-12","45.00","NZD","1761454489","23477/2025-11-12/1761454489.json"
"365170","146153","2025-11-12","48.00","NZD","1761454489","23477/2025-11-12/1761454489.json"
"510807","146155","2025-11-12","52.00","NZD","1761454489","23477/2025-11-12/1761454489.json"
"581513","221281","2025-11-15","36.00","NZD","1761454489","23477/2025-11-15/1761454489.json"
"581514","221282","2025-11-15","36.00","NZD","1761454489","23477/2025-11-15/1761454489.json"
"512557","146154","2025-11-15","45.00","NZD","1761454489","23477/2025-11-15/1761454489.json"
"365170","146153","2025-11-15","48.00","NZD","1761454489","23477/2025-11-15/1761454489.json"
"510807","146155","2025-11-15","52.00","NZD","1761454489","23477/2025-11-15/1761454489.json"
"581513","221281","2025-11-17","36.00","NZD","1761454489","23477/2025-11-17/1761454489.json"
"581514","221282","2025-11-17","36.00","NZD","1761454489","23477/2025-11-17/1761454489.json"
"512557","146154","2025-11-17","45.00","NZD","1761454489","23477/2025-11-17/1761454489.json"
"365170","146153","2025-11-17","48.00","NZD","1761454489","23477/2025-11-17/1761454489.json"
"510807","146155","2025-11-17","52.00","NZD","1761454489","23477/2025-11-17/1761454489.json"
"581513","221281","2025-11-18","36.00","NZD","1761454489","23477/2025-11-18/1761454489.json"
"581514","221282","2025-11-18","36.00","NZD","1761454489","23477/2025-11-18/1761454489.json"
"512557","146154","2025-11-18","45.00","NZD","1761454489","23477/2025-11-18/1761454489.json"
"365170","146153","2025-11-18","48.00","NZD","1761454489","23477/2025-11-18/1761454489.json"
"510807","146155","2025-11-18","52.00","NZD","1761454489","23477/2025-11-18/1761454489.json"
"581513","221281","2025-11-16","36.00","NZD","1761454489","23477/2025-11-16/1761454489.json"
"581514","221282","2025-11-16","36.00","NZD","1761454489","23477/2025-11-16/1761454489.json"
"512557","146154","2025-11-16","45.00","NZD","1761454489","23477/2025-11-16/1761454489.json"
"365170","146153","2025-11-16","48.00","NZD","1761454489","23477/2025-11-16/1761454489.json"
"510807","146155","2025-11-16","52.00","NZD","1761454489","23477/2025-11-16/1761454489.json"
"581513","221281","2025-11-19","36.00","NZD","1761454489","23477/2025-11-19/1761454489.json"
"581514","221282","2025-11-19","36.00","NZD","1761454489","23477/2025-11-19/1761454489.json"
"512557","146154","2025-11-19","45.00","NZD","1761454489","23477/2025-11-19/1761454489.json"
"365170","146153","2025-11-19","48.00","NZD","1761454489","23477/2025-11-19/1761454489.json"
"510807","146155","2025-11-19","52.00","NZD","1761454489","23477/2025-11-19/1761454489.json"
"581513","221281","2025-11-20","36.00","NZD","1761454489","23477/2025-11-20/1761454489.json"
"581514","221282","2025-11-20","36.00","NZD","1761454489","23477/2025-11-20/1761454489.json"
"512557","146154","2025-11-20","45.00","NZD","1761454489","23477/2025-11-20/1761454489.json"
"581513","221281","2025-11-22","36.00","NZD","1761454489","23477/2025-11-22/1761454489.json"
"581514","221282","2025-11-22","36.00","NZD","1761454489","23477/2025-11-22/1761454489.json"
"512557","146154","2025-11-22","45.00","NZD","1761454489","23477/2025-11-22/1761454489.json"
"365170","146153","2025-11-22","48.00","NZD","1761454489","23477/2025-11-22/1761454489.json"
"510807","146155","2025-11-22","52.00","NZD","1761454489","23477/2025-11-22/1761454489.json"
"581513","221281","2025-11-21","36.00","NZD","1761454489","23477/2025-11-21/1761454489.json"
"581514","221282","2025-11-21","36.00","NZD","1761454489","23477/2025-11-21/1761454489.json"
"512557","146154","2025-11-21","45.00","NZD","1761454489","23477/2025-11-21/1761454489.json"
"365170","146153","2025-11-21","48.00","NZD","1761454489","23477/2025-11-21/1761454489.json"
"510807","146155","2025-11-21","52.00","NZD","1761454489","23477/2025-11-21/1761454489.json"
"581513","221281","2025-11-24","36.00","NZD","1761454489","23477/2025-11-24/1761454489.json"
"581514","221282","2025-11-24","36.00","NZD","1761454489","23477/2025-11-24/1761454489.json"
"512557","146154","2025-11-24","45.00","NZD","1761454489","23477/2025-11-24/1761454489.json"
"365170","146153","2025-11-24","48.00","NZD","1761454489","23477/2025-11-24/1761454489.json"
"510807","146155","2025-11-24","52.00","NZD","1761454489","23477/2025-11-24/1761454489.json"
"581513","221281","2025-11-25","36.00","NZD","1761454489","23477/2025-11-25/1761454489.json"
"581514","221282","2025-11-25","36.00","NZD","1761454489","23477/2025-11-25/1761454489.json"
"512557","146154","2025-11-25","45.00","NZD","1761454489","23477/2025-11-25/1761454489.json"
"365170","146153","2025-11-25","48.00","NZD","1761454489","23477/2025-11-25/1761454489.json"
"510807","146155","2025-11-25","52.00","NZD","1761454489","23477/2025-11-25/1761454489.json"
"581513","221281","2025-11-26","36.00","NZD","1761454489","23477/2025-11-26/1761454489.json"
"581514","221282","2025-11-26","36.00","NZD","1761454489","23477/2025-11-26/1761454489.json"
"512557","146154","2025-11-26","45.00","NZD","1761454489","23477/2025-11-26/1761454489.json"
"365170","146153","2025-11-26","48.00","NZD","1761454489","23477/2025-11-26/1761454489.json"
"510807","146155","2025-11-26","52.00","NZD","1761454489","23477/2025-11-26/1761454489.json"
"581513","221281","2025-11-23","36.00","NZD","1761454489","23477/2025-11-23/1761454489.json"
"581514","221282","2025-11-23","36.00","NZD","1761454489","23477/2025-11-23/1761454489.json"
"512557","146154","2025-11-23","45.00","NZD","1761454489","23477/2025-11-23/1761454489.json"
"365170","146153","2025-11-23","48.00","NZD","1761454489","23477/2025-11-23/1761454489.json"
"510807","146155","2025-11-23","52.00","NZD","1761454489","23477/2025-11-23/1761454489.json"
"581513","221281","2025-11-27","36.00","NZD","1761454489","23477/2025-11-27/1761454489.json"
"581514","221282","2025-11-27","36.00","NZD","1761454489","23477/2025-11-27/1761454489.json"
"512557","146154","2025-11-27","45.00","NZD","1761454489","23477/2025-11-27/1761454489.json"
"365170","146153","2025-11-27","48.00","NZD","1761454489","23477/2025-11-27/1761454489.json"
"510807","146155","2025-11-27","52.00","NZD","1761454489","23477/2025-11-27/1761454489.json"
"581513","221281","2025-11-28","36.00","NZD","1761454489","23477/2025-11-28/1761454489.json"
"581514","221282","2025-11-28","36.00","NZD","1761454489","23477/2025-11-28/1761454489.json"
"512557","146154","2025-11-28","45.00","NZD","1761454489","23477/2025-11-28/1761454489.json"
"365170","146153","2025-11-28","48.00","NZD","1761454489","23477/2025-11-28/1761454489.json"
"510807","146155","2025-11-28","52.00","NZD","1761454489","23477/2025-11-28/1761454489.json"
"581513","221281","2025-11-29","36.00","NZD","1761454489","23477/2025-11-29/1761454489.json"
"581514","221282","2025-11-29","36.00","NZD","1761454489","23477/2025-11-29/1761454489.json"
"512557","146154","2025-11-29","45.00","NZD","1761454489","23477/2025-11-29/1761454489.json"
"365170","146153","2025-11-29","48.00","NZD","1761454489","23477/2025-11-29/1761454489.json"
"510807","146155","2025-11-29","52.00","NZD","1761454489","23477/2025-11-29/1761454489.json"
"581513","221281","2025-11-30","36.00","NZD","1761454489","23477/2025-11-30/1761454489.json"
"581514","221282","2025-11-30","36.00","NZD","1761454489","23477/2025-11-30/1761454489.json"
"512557","146154","2025-11-30","45.00","NZD","1761454489","23477/2025-11-30/1761454489.json"
"365170","146153","2025-11-30","48.00","NZD","1761454489","23477/2025-11-30/1761454489.json"
"510807","146155","2025-11-30","52.00","NZD","1761454489","23477/2025-11-30/1761454489.json"
"581513","221281","2025-12-01","36.00","NZD","1761454489","23477/2025-12-01/1761454489.json"
"581514","221282","2025-12-01","36.00","NZD","1761454489","23477/2025-12-01/1761454489.json"
"512557","146154","2025-12-01","45.00","NZD","1761454489","23477/2025-12-01/1761454489.json"
"365170","146153","2025-12-01","48.00","NZD","1761454489","23477/2025-12-01/1761454489.json"
"510807","146155","2025-12-01","52.00","NZD","1761454489","23477/2025-12-01/1761454489.json"
"581513","221281","2025-12-02","36.00","NZD","1761454489","23477/2025-12-02/1761454489.json"
"581514","221282","2025-12-02","36.00","NZD","1761454489","23477/2025-12-02/1761454489.json"
"512557","146154","2025-12-02","45.00","NZD","1761454489","23477/2025-12-02/1761454489.json"
"365170","146153","2025-12-02","48.00","NZD","1761454489","23477/2025-12-02/1761454489.json"
"510807","146155","2025-12-02","52.00","NZD","1761454489","23477/2025-12-02/1761454489.json"
"581513","221281","2025-12-03","36.00","NZD","1761454489","23477/2025-12-03/1761454489.json"
"581514","221282","2025-12-03","36.00","NZD","1761454489","23477/2025-12-03/1761454489.json"
"512557","146154","2025-12-03","45.00","NZD","1761454489","23477/2025-12-03/1761454489.json"
"365170","146153","2025-12-03","48.00","NZD","1761454489","23477/2025-12-03/1761454489.json"
"510807","146155","2025-12-03","52.00","NZD","1761454489","23477/2025-12-03/1761454489.json"
"581513","221281","2025-12-04","36.00","NZD","1761454489","23477/2025-12-04/1761454489.json"
"581514","221282","2025-12-04","36.00","NZD","1761454489","23477/2025-12-04/1761454489.json"
"512557","146154","2025-12-04","45.00","NZD","1761454489","23477/2025-12-04/1761454489.json"
"365170","146153","2025-12-04","48.00","NZD","1761454489","23477/2025-12-04/1761454489.json"
"510807","146155","2025-12-04","52.00","NZD","1761454489","23477/2025-12-04/1761454489.json"
"581513","221281","2025-12-05","36.00","NZD","1761454489","23477/2025-12-05/1761454489.json"
"581514","221282","2025-12-05","36.00","NZD","1761454489","23477/2025-12-05/1761454489.json"
"512557","146154","2025-12-05","45.00","NZD","1761454489","23477/2025-12-05/1761454489.json"
"365170","146153","2025-12-05","48.00","NZD","1761454489","23477/2025-12-05/1761454489.json"
"510807","146155","2025-12-05","52.00","NZD","1761454489","23477/2025-12-05/1761454489.json"
"581513","221281","2025-12-06","36.00","NZD","1761454489","23477/2025-12-06/1761454489.json"
"581514","221282","2025-12-06","36.00","NZD","1761454489","23477/2025-12-06/1761454489.json"
"512557","146154","2025-12-06","45.00","NZD","1761454489","23477/2025-12-06/1761454489.json"
"365170","146153","2025-12-06","48.00","NZD","1761454489","23477/2025-12-06/1761454489.json"
"510807","146155","2025-12-06","52.00","NZD","1761454489","23477/2025-12-06/1761454489.json"
"581513","221281","2025-12-07","36.00","NZD","1761454489","23477/2025-12-07/1761454489.json"
"581514","221282","2025-12-07","36.00","NZD","1761454489","23477/2025-12-07/1761454489.json"
"512557","146154","2025-12-07","45.00","NZD","1761454489","23477/2025-12-07/1761454489.json"
"365170","146153","2025-12-07","48.00","NZD","1761454489","23477/2025-12-07/1761454489.json"
"510807","146155","2025-12-07","52.00","NZD","1761454489","23477/2025-12-07/1761454489.json"
"581513","221281","2025-12-08","36.00","NZD","1761454489","23477/2025-12-08/1761454489.json"
"581514","221282","2025-12-08","36.00","NZD","1761454489","23477/2025-12-08/1761454489.json"
"512557","146154","2025-12-08","45.00","NZD","1761454489","23477/2025-12-08/1761454489.json"
"365170","146153","2025-12-08","48.00","NZD","1761454489","23477/2025-12-08/1761454489.json"
"510807","146155","2025-12-08","52.00","NZD","1761454489","23477/2025-12-08/1761454489.json"
"581513","221281","2025-12-09","36.00","NZD","1761454489","23477/2025-12-09/1761454489.json"
"581514","221282","2025-12-09","36.00","NZD","1761454489","23477/2025-12-09/1761454489.json"
"512557","146154","2025-12-09","45.00","NZD","1761454489","23477/2025-12-09/1761454489.json"
"365170","146153","2025-12-09","48.00","NZD","1761454489","23477/2025-12-09/1761454489.json"
"510807","146155","2025-12-09","52.00","NZD","1761454489","23477/2025-12-09/1761454489.json"
"581513","221281","2025-12-10","36.00","NZD","1761454489","23477/2025-12-10/1761454489.json"
"581514","221282","2025-12-10","36.00","NZD","1761454489","23477/2025-12-10/1761454489.json"
"512557","146154","2025-12-10","45.00","NZD","1761454489","23477/2025-12-10/1761454489.json"
"365170","146153","2025-12-10","48.00","NZD","1761454489","23477/2025-12-10/1761454489.json"
"510807","146155","2025-12-10","52.00","NZD","1761454489","23477/2025-12-10/1761454489.json"
"581513","221281","2025-12-11","36.00","NZD","1761454489","23477/2025-12-11/1761454489.json"
"581514","221282","2025-12-11","36.00","NZD","1761454489","23477/2025-12-11/1761454489.json"
"512557","146154","2025-12-11","45.00","NZD","1761454489","23477/2025-12-11/1761454489.json"
"365170","146153","2025-12-11","48.00","NZD","1761454489","23477/2025-12-11/1761454489.json"
"510807","146155","2025-12-11","52.00","NZD","1761454489","23477/2025-12-11/1761454489.json"
"581513","221281","2025-12-12","36.00","NZD","1761454489","23477/2025-12-12/1761454489.json"
"581514","221282","2025-12-12","36.00","NZD","1761454489","23477/2025-12-12/1761454489.json"
"512557","146154","2025-12-12","45.00","NZD","1761454489","23477/2025-12-12/1761454489.json"
"365170","146153","2025-12-12","48.00","NZD","1761454489","23477/2025-12-12/1761454489.json"
"510807","146155","2025-12-12","52.00","NZD","1761454489","23477/2025-12-12/1761454489.json"
"581513","221281","2025-12-13","36.00","NZD","1761454489","23477/2025-12-13/1761454489.json"
"581514","221282","2025-12-13","36.00","NZD","1761454489","23477/2025-12-13/1761454489.json"
"512557","146154","2025-12-13","45.00","NZD","1761454489","23477/2025-12-13/1761454489.json"
"365170","146153","2025-12-13","48.00","NZD","1761454489","23477/2025-12-13/1761454489.json"
"510807","146155","2025-12-13","52.00","NZD","1761454489","23477/2025-12-13/1761454489.json"
"581513","221281","2025-12-14","36.00","NZD","1761454489","23477/2025-12-14/1761454489.json"
"581514","221282","2025-12-14","36.00","NZD","1761454489","23477/2025-12-14/1761454489.json"
"512557","146154","2025-12-14","45.00","NZD","1761454489","23477/2025-12-14/1761454489.json"
"365170","146153","2025-12-14","48.00","NZD","1761454489","23477/2025-12-14/1761454489.json"
"510807","146155","2025-12-14","52.00","NZD","1761454489","23477/2025-12-14/1761454489.json"
"581513","221281","2025-12-16","36.00","NZD","1761454489","23477/2025-12-16/1761454489.json"
"581514","221282","2025-12-16","36.00","NZD","1761454489","23477/2025-12-16/1761454489.json"
"512557","146154","2025-12-16","45.00","NZD","1761454489","23477/2025-12-16/1761454489.json"
"365170","146153","2025-12-16","48.00","NZD","1761454489","23477/2025-12-16/1761454489.json"
"510807","146155","2025-12-16","52.00","NZD","1761454489","23477/2025-12-16/1761454489.json"
"581513","221281","2025-12-17","36.00","NZD","1761454489","23477/2025-12-17/1761454489.json"
"581514","221282","2025-12-17","36.00","NZD","1761454489","23477/2025-12-17/1761454489.json"
"512557","146154","2025-12-17","45.00","NZD","1761454489","23477/2025-12-17/1761454489.json"
"365170","146153","2025-12-17","48.00","NZD","1761454489","23477/2025-12-17/1761454489.json"
"510807","146155","2025-12-17","52.00","NZD","1761454489","23477/2025-12-17/1761454489.json"
"581513","221281","2025-12-15","36.00","NZD","1761454489","23477/2025-12-15/1761454489.json"
"581514","221282","2025-12-15","36.00","NZD","1761454489","23477/2025-12-15/1761454489.json"
"512557","146154","2025-12-15","45.00","NZD","1761454489","23477/2025-12-15/1761454489.json"
"365170","146153","2025-12-15","48.00","NZD","1761454489","23477/2025-12-15/1761454489.json"
"510807","146155","2025-12-15","52.00","NZD","1761454489","23477/2025-12-15/1761454489.json"
"581513","221281","2025-12-18","36.00","NZD","1761454489","23477/2025-12-18/1761454489.json"
"581514","221282","2025-12-18","36.00","NZD","1761454489","23477/2025-12-18/1761454489.json"
"512557","146154","2025-12-18","45.00","NZD","1761454489","23477/2025-12-18/1761454489.json"
"365170","146153","2025-12-18","48.00","NZD","1761454489","23477/2025-12-18/1761454489.json"
"510807","146155","2025-12-18","52.00","NZD","1761454489","23477/2025-12-18/1761454489.json"
"581513","221281","2025-12-21","36.00","NZD","1761454489","23477/2025-12-21/1761454489.json"
"581514","221282","2025-12-21","36.00","NZD","1761454489","23477/2025-12-21/1761454489.json"
"512557","146154","2025-12-21","45.00","NZD","1761454489","23477/2025-12-21/1761454489.json"
"365170","146153","2025-12-21","48.00","NZD","1761454489","23477/2025-12-21/1761454489.json"
"510807","146155","2025-12-21","52.00","NZD","1761454489","23477/2025-12-21/1761454489.json"
"581513","221281","2025-12-19","36.00","NZD","1761454489","23477/2025-12-19/1761454489.json"
"581514","221282","2025-12-19","36.00","NZD","1761454489","23477/2025-12-19/1761454489.json"
"512557","146154","2025-12-19","45.00","NZD","1761454489","23477/2025-12-19/1761454489.json"
"365170","146153","2025-12-19","48.00","NZD","1761454489","23477/2025-12-19/1761454489.json"
"510807","146155","2025-12-19","52.00","NZD","1761454489","23477/2025-12-19/1761454489.json"
"581513","221281","2025-12-20","36.00","NZD","1761454489","23477/2025-12-20/1761454489.json"
"581514","221282","2025-12-20","36.00","NZD","1761454489","23477/2025-12-20/1761454489.json"
"512557","146154","2025-12-20","45.00","NZD","1761454489","23477/2025-12-20/1761454489.json"
"365170","146153","2025-12-20","48.00","NZD","1761454489","23477/2025-12-20/1761454489.json"
"510807","146155","2025-12-20","52.00","NZD","1761454489","23477/2025-12-20/1761454489.json"
"581513","221281","2025-12-22","36.00","NZD","1761454489","23477/2025-12-22/1761454489.json"
"581514","221282","2025-12-22","36.00","NZD","1761454489","23477/2025-12-22/1761454489.json"
"512557","146154","2025-12-22","45.00","NZD","1761454489","23477/2025-12-22/1761454489.json"
"365170","146153","2025-12-22","48.00","NZD","1761454489","23477/2025-12-22/1761454489.json"
"510807","146155","2025-12-22","52.00","NZD","1761454489","23477/2025-12-22/1761454489.json"
"581513","221281","2025-12-24","38.00","NZD","1761454489","23477/2025-12-24/1761454489.json"
"581514","221282","2025-12-24","38.00","NZD","1761454489","23477/2025-12-24/1761454489.json"
"512557","146154","2025-12-24","45.00","NZD","1761454489","23477/2025-12-24/1761454489.json"
"365170","146153","2025-12-24","48.00","NZD","1761454489","23477/2025-12-24/1761454489.json"
"510807","146155","2025-12-24","52.00","NZD","1761454489","23477/2025-12-24/1761454489.json"
"581513","221281","2025-12-23","38.00","NZD","1761454489","23477/2025-12-23/1761454489.json"
"581514","221282","2025-12-23","38.00","NZD","1761454489","23477/2025-12-23/1761454489.json"
"512557","146154","2025-12-23","45.00","NZD","1761454489","23477/2025-12-23/1761454489.json"
"365170","146153","2025-12-23","48.00","NZD","1761454489","23477/2025-12-23/1761454489.json"
"510807","146155","2025-12-23","52.00","NZD","1761454489","23477/2025-12-23/1761454489.json"
"581513","221281","2025-12-25","38.00","NZD","1761454489","23477/2025-12-25/1761454489.json"
"581514","221282","2025-12-25","38.00","NZD","1761454489","23477/2025-12-25/1761454489.json"
"512557","146154","2025-12-25","45.00","NZD","1761454489","23477/2025-12-25/1761454489.json"
"365170","146153","2025-12-25","48.00","NZD","1761454489","23477/2025-12-25/1761454489.json"
"510807","146155","2025-12-25","52.00","NZD","1761454489","23477/2025-12-25/1761454489.json"
"581513","221281","2025-10-28","36.00","NZD","1761468957","23477/2025-10-28/1761468957.json"
"581514","221282","2025-10-28","36.00","NZD","1761468957","23477/2025-10-28/1761468957.json"
"512557","146154","2025-10-28","45.00","NZD","1761468957","23477/2025-10-28/1761468957.json"
"365170","146153","2025-10-28","48.00","NZD","1761468957","23477/2025-10-28/1761468957.json"
"510807","146155","2025-10-28","52.00","NZD","1761468957","23477/2025-10-28/1761468957.json"
"581513","221281","2025-10-26","38.00","NZD","1761468957","23477/2025-10-26/1761468957.json"
"581514","221282","2025-10-26","38.00","NZD","1761468957","23477/2025-10-26/1761468957.json"
"512557","146154","2025-10-26","45.00","NZD","1761468957","23477/2025-10-26/1761468957.json"
"581513","221281","2025-10-29","36.00","NZD","1761468957","23477/2025-10-29/1761468957.json"
"581514","221282","2025-10-29","36.00","NZD","1761468957","23477/2025-10-29/1761468957.json"
"512557","146154","2025-10-29","45.00","NZD","1761468957","23477/2025-10-29/1761468957.json"
"365170","146153","2025-10-29","48.00","NZD","1761468957","23477/2025-10-29/1761468957.json"
"510807","146155","2025-10-29","52.00","NZD","1761468957","23477/2025-10-29/1761468957.json"
"581513","221281","2025-10-27","38.00","NZD","1761468957","23477/2025-10-27/1761468957.json"
"581514","221282","2025-10-27","38.00","NZD","1761468957","23477/2025-10-27/1761468957.json"
"512557","146154","2025-10-27","45.00","NZD","1761468957","23477/2025-10-27/1761468957.json"
"365170","146153","2025-10-27","48.00","NZD","1761468957","23477/2025-10-27/1761468957.json"
"510807","146155","2025-10-27","52.00","NZD","1761468957","23477/2025-10-27/1761468957.json"
"581513","221281","2025-10-31","36.00","NZD","1761468957","23477/2025-10-31/1761468957.json"
"581514","221282","2025-10-31","36.00","NZD","1761468957","23477/2025-10-31/1761468957.json"
"512557","146154","2025-10-31","45.00","NZD","1761468957","23477/2025-10-31/1761468957.json"
"365170","146153","2025-10-31","48.00","NZD","1761468957","23477/2025-10-31/1761468957.json"
"510807","146155","2025-10-31","52.00","NZD","1761468957","23477/2025-10-31/1761468957.json"
"581513","221281","2025-10-30","36.00","NZD","1761468957","23477/2025-10-30/1761468957.json"
"581514","221282","2025-10-30","36.00","NZD","1761468957","23477/2025-10-30/1761468957.json"
"512557","146154","2025-10-30","45.00","NZD","1761468957","23477/2025-10-30/1761468957.json"
"365170","146153","2025-10-30","48.00","NZD","1761468957","23477/2025-10-30/1761468957.json"
"510807","146155","2025-10-30","52.00","NZD","1761468957","23477/2025-10-30/1761468957.json"
"581513","221281","2025-11-02","36.00","NZD","1761468957","23477/2025-11-02/1761468957.json"
"581514","221282","2025-11-02","36.00","NZD","1761468957","23477/2025-11-02/1761468957.json"
"512557","146154","2025-11-02","45.00","NZD","1761468957","23477/2025-11-02/1761468957.json"
"365170","146153","2025-11-02","48.00","NZD","1761468957","23477/2025-11-02/1761468957.json"
"510807","146155","2025-11-02","52.00","NZD","1761468957","23477/2025-11-02/1761468957.json"
"581513","221281","2025-11-01","36.00","NZD","1761468957","23477/2025-11-01/1761468957.json"
"581514","221282","2025-11-01","36.00","NZD","1761468957","23477/2025-11-01/1761468957.json"
"512557","146154","2025-11-01","45.00","NZD","1761468957","23477/2025-11-01/1761468957.json"
"365170","146153","2025-11-01","48.00","NZD","1761468957","23477/2025-11-01/1761468957.json"
"510807","146155","2025-11-01","52.00","NZD","1761468957","23477/2025-11-01/1761468957.json"
"581513","221281","2025-11-03","36.00","NZD","1761468957","23477/2025-11-03/1761468957.json"
"581514","221282","2025-11-03","36.00","NZD","1761468957","23477/2025-11-03/1761468957.json"
"512557","146154","2025-11-03","45.00","NZD","1761468957","23477/2025-11-03/1761468957.json"
"365170","146153","2025-11-03","48.00","NZD","1761468957","23477/2025-11-03/1761468957.json"
"510807","146155","2025-11-03","52.00","NZD","1761468957","23477/2025-11-03/1761468957.json"
"581513","221281","2025-11-04","36.00","NZD","1761468957","23477/2025-11-04/1761468957.json"
"581514","221282","2025-11-04","36.00","NZD","1761468957","23477/2025-11-04/1761468957.json"
"512557","146154","2025-11-04","45.00","NZD","1761468957","23477/2025-11-04/1761468957.json"
"365170","146153","2025-11-04","48.00","NZD","1761468957","23477/2025-11-04/1761468957.json"
"510807","146155","2025-11-04","52.00","NZD","1761468957","23477/2025-11-04/1761468957.json"
"581513","221281","2025-11-05","36.00","NZD","1761468957","23477/2025-11-05/1761468957.json"
"581514","221282","2025-11-05","36.00","NZD","1761468957","23477/2025-11-05/1761468957.json"
"512557","146154","2025-11-05","45.00","NZD","1761468957","23477/2025-11-05/1761468957.json"
"365170","146153","2025-11-05","48.00","NZD","1761468957","23477/2025-11-05/1761468957.json"
"510807","146155","2025-11-05","52.00","NZD","1761468957","23477/2025-11-05/1761468957.json"
"581513","221281","2025-11-06","36.00","NZD","1761468957","23477/2025-11-06/1761468957.json"
"581514","221282","2025-11-06","36.00","NZD","1761468957","23477/2025-11-06/1761468957.json"
"512557","146154","2025-11-06","45.00","NZD","1761468957","23477/2025-11-06/1761468957.json"
"365170","146153","2025-11-06","48.00","NZD","1761468957","23477/2025-11-06/1761468957.json"
"510807","146155","2025-11-06","52.00","NZD","1761468957","23477/2025-11-06/1761468957.json"
"581513","221281","2025-11-07","36.00","NZD","1761468957","23477/2025-11-07/1761468957.json"
"581514","221282","2025-11-07","36.00","NZD","1761468957","23477/2025-11-07/1761468957.json"
"512557","146154","2025-11-07","45.00","NZD","1761468957","23477/2025-11-07/1761468957.json"
"365170","146153","2025-11-07","48.00","NZD","1761468957","23477/2025-11-07/1761468957.json"
"510807","146155","2025-11-07","52.00","NZD","1761468957","23477/2025-11-07/1761468957.json"
"581513","221281","2025-11-09","36.00","NZD","1761468957","23477/2025-11-09/1761468957.json"
"581514","221282","2025-11-09","36.00","NZD","1761468957","23477/2025-11-09/1761468957.json"
"512557","146154","2025-11-09","45.00","NZD","1761468957","23477/2025-11-09/1761468957.json"
"365170","146153","2025-11-09","48.00","NZD","1761468957","23477/2025-11-09/1761468957.json"
"510807","146155","2025-11-09","52.00","NZD","1761468957","23477/2025-11-09/1761468957.json"
"581513","221281","2025-11-10","36.00","NZD","1761468957","23477/2025-11-10/1761468957.json"
"581514","221282","2025-11-10","36.00","NZD","1761468957","23477/2025-11-10/1761468957.json"
"512557","146154","2025-11-10","45.00","NZD","1761468957","23477/2025-11-10/1761468957.json"
"365170","146153","2025-11-10","48.00","NZD","1761468957","23477/2025-11-10/1761468957.json"
"510807","146155","2025-11-10","52.00","NZD","1761468957","23477/2025-11-10/1761468957.json"
"581513","221281","2025-11-08","36.00","NZD","1761468957","23477/2025-11-08/1761468957.json"
"581514","221282","2025-11-08","36.00","NZD","1761468957","23477/2025-11-08/1761468957.json"
"512557","146154","2025-11-08","45.00","NZD","1761468957","23477/2025-11-08/1761468957.json"
"365170","146153","2025-11-08","48.00","NZD","1761468957","23477/2025-11-08/1761468957.json"
"510807","146155","2025-11-08","52.00","NZD","1761468957","23477/2025-11-08/1761468957.json"
"581513","221281","2025-11-11","36.00","NZD","1761468957","23477/2025-11-11/1761468957.json"
"581514","221282","2025-11-11","36.00","NZD","1761468957","23477/2025-11-11/1761468957.json"
"512557","146154","2025-11-11","45.00","NZD","1761468957","23477/2025-11-11/1761468957.json"
"365170","146153","2025-11-11","48.00","NZD","1761468957","23477/2025-11-11/1761468957.json"
"510807","146155","2025-11-11","52.00","NZD","1761468957","23477/2025-11-11/1761468957.json"
"581513","221281","2025-11-12","36.00","NZD","1761468957","23477/2025-11-12/1761468957.json"
"581514","221282","2025-11-12","36.00","NZD","1761468957","23477/2025-11-12/1761468957.json"
"512557","146154","2025-11-12","45.00","NZD","1761468957","23477/2025-11-12/1761468957.json"
"365170","146153","2025-11-12","48.00","NZD","1761468957","23477/2025-11-12/1761468957.json"
"510807","146155","2025-11-12","52.00","NZD","1761468957","23477/2025-11-12/1761468957.json"
"581513","221281","2025-11-13","36.00","NZD","1761468957","23477/2025-11-13/1761468957.json"
"581514","221282","2025-11-13","36.00","NZD","1761468957","23477/2025-11-13/1761468957.json"
"512557","146154","2025-11-13","45.00","NZD","1761468957","23477/2025-11-13/1761468957.json"
"365170","146153","2025-11-13","48.00","NZD","1761468957","23477/2025-11-13/1761468957.json"
"510807","146155","2025-11-13","52.00","NZD","1761468957","23477/2025-11-13/1761468957.json"
"581513","221281","2025-11-14","36.00","NZD","1761468957","23477/2025-11-14/1761468957.json"
"581514","221282","2025-11-14","36.00","NZD","1761468957","23477/2025-11-14/1761468957.json"
"512557","146154","2025-11-14","45.00","NZD","1761468957","23477/2025-11-14/1761468957.json"
"365170","146153","2025-11-14","48.00","NZD","1761468957","23477/2025-11-14/1761468957.json"
"510807","146155","2025-11-14","52.00","NZD","1761468957","23477/2025-11-14/1761468957.json"
"581513","221281","2025-11-15","36.00","NZD","1761468957","23477/2025-11-15/1761468957.json"
"581514","221282","2025-11-15","36.00","NZD","1761468957","23477/2025-11-15/1761468957.json"
"512557","146154","2025-11-15","45.00","NZD","1761468957","23477/2025-11-15/1761468957.json"
"365170","146153","2025-11-15","48.00","NZD","1761468957","23477/2025-11-15/1761468957.json"
"510807","146155","2025-11-15","52.00","NZD","1761468957","23477/2025-11-15/1761468957.json"
"581513","221281","2025-11-17","36.00","NZD","1761468957","23477/2025-11-17/1761468957.json"
"581514","221282","2025-11-17","36.00","NZD","1761468957","23477/2025-11-17/1761468957.json"
"512557","146154","2025-11-17","45.00","NZD","1761468957","23477/2025-11-17/1761468957.json"
"365170","146153","2025-11-17","48.00","NZD","1761468957","23477/2025-11-17/1761468957.json"
"510807","146155","2025-11-17","52.00","NZD","1761468957","23477/2025-11-17/1761468957.json"
"581513","221281","2025-11-16","36.00","NZD","1761468957","23477/2025-11-16/1761468957.json"
"581514","221282","2025-11-16","36.00","NZD","1761468957","23477/2025-11-16/1761468957.json"
"512557","146154","2025-11-16","45.00","NZD","1761468957","23477/2025-11-16/1761468957.json"
"365170","146153","2025-11-16","48.00","NZD","1761468957","23477/2025-11-16/1761468957.json"
"510807","146155","2025-11-16","52.00","NZD","1761468957","23477/2025-11-16/1761468957.json"
"581513","221281","2025-11-18","36.00","NZD","1761468957","23477/2025-11-18/1761468957.json"
"581514","221282","2025-11-18","36.00","NZD","1761468957","23477/2025-11-18/1761468957.json"
"512557","146154","2025-11-18","45.00","NZD","1761468957","23477/2025-11-18/1761468957.json"
"365170","146153","2025-11-18","48.00","NZD","1761468957","23477/2025-11-18/1761468957.json"
"510807","146155","2025-11-18","52.00","NZD","1761468957","23477/2025-11-18/1761468957.json"
"581513","221281","2025-11-19","36.00","NZD","1761468957","23477/2025-11-19/1761468957.json"
"581514","221282","2025-11-19","36.00","NZD","1761468957","23477/2025-11-19/1761468957.json"
"512557","146154","2025-11-19","45.00","NZD","1761468957","23477/2025-11-19/1761468957.json"
"365170","146153","2025-11-19","48.00","NZD","1761468957","23477/2025-11-19/1761468957.json"
"510807","146155","2025-11-19","52.00","NZD","1761468957","23477/2025-11-19/1761468957.json"
"581513","221281","2025-11-20","36.00","NZD","1761468957","23477/2025-11-20/1761468957.json"
"581514","221282","2025-11-20","36.00","NZD","1761468957","23477/2025-11-20/1761468957.json"
"512557","146154","2025-11-20","45.00","NZD","1761468957","23477/2025-11-20/1761468957.json"
"581513","221281","2025-11-21","36.00","NZD","1761468957","23477/2025-11-21/1761468957.json"
"581514","221282","2025-11-21","36.00","NZD","1761468957","23477/2025-11-21/1761468957.json"
"512557","146154","2025-11-21","45.00","NZD","1761468957","23477/2025-11-21/1761468957.json"
"365170","146153","2025-11-21","48.00","NZD","1761468957","23477/2025-11-21/1761468957.json"
"510807","146155","2025-11-21","52.00","NZD","1761468957","23477/2025-11-21/1761468957.json"
"581513","221281","2025-11-22","36.00","NZD","1761468957","23477/2025-11-22/1761468957.json"
"581514","221282","2025-11-22","36.00","NZD","1761468957","23477/2025-11-22/1761468957.json"
"512557","146154","2025-11-22","45.00","NZD","1761468957","23477/2025-11-22/1761468957.json"
"365170","146153","2025-11-22","48.00","NZD","1761468957","23477/2025-11-22/1761468957.json"
"510807","146155","2025-11-22","52.00","NZD","1761468957","23477/2025-11-22/1761468957.json"
"581513","221281","2025-11-24","36.00","NZD","1761468957","23477/2025-11-24/1761468957.json"
"581514","221282","2025-11-24","36.00","NZD","1761468957","23477/2025-11-24/1761468957.json"
"512557","146154","2025-11-24","45.00","NZD","1761468957","23477/2025-11-24/1761468957.json"
"365170","146153","2025-11-24","48.00","NZD","1761468957","23477/2025-11-24/1761468957.json"
"510807","146155","2025-11-24","52.00","NZD","1761468957","23477/2025-11-24/1761468957.json"
"581513","221281","2025-11-23","36.00","NZD","1761468957","23477/2025-11-23/1761468957.json"
"581514","221282","2025-11-23","36.00","NZD","1761468957","23477/2025-11-23/1761468957.json"
"512557","146154","2025-11-23","45.00","NZD","1761468957","23477/2025-11-23/1761468957.json"
"365170","146153","2025-11-23","48.00","NZD","1761468957","23477/2025-11-23/1761468957.json"
"510807","146155","2025-11-23","52.00","NZD","1761468957","23477/2025-11-23/1761468957.json"
"581513","221281","2025-11-25","36.00","NZD","1761468957","23477/2025-11-25/1761468957.json"
"581514","221282","2025-11-25","36.00","NZD","1761468957","23477/2025-11-25/1761468957.json"
"512557","146154","2025-11-25","45.00","NZD","1761468957","23477/2025-11-25/1761468957.json"
"365170","146153","2025-11-25","48.00","NZD","1761468957","23477/2025-11-25/1761468957.json"
"510807","146155","2025-11-25","52.00","NZD","1761468957","23477/2025-11-25/1761468957.json"
"581513","221281","2025-11-26","36.00","NZD","1761468957","23477/2025-11-26/1761468957.json"
"581514","221282","2025-11-26","36.00","NZD","1761468957","23477/2025-11-26/1761468957.json"
"512557","146154","2025-11-26","45.00","NZD","1761468957","23477/2025-11-26/1761468957.json"
"365170","146153","2025-11-26","48.00","NZD","1761468957","23477/2025-11-26/1761468957.json"
"510807","146155","2025-11-26","52.00","NZD","1761468957","23477/2025-11-26/1761468957.json"
"581513","221281","2025-11-27","36.00","NZD","1761468957","23477/2025-11-27/1761468957.json"
"581514","221282","2025-11-27","36.00","NZD","1761468957","23477/2025-11-27/1761468957.json"
"512557","146154","2025-11-27","45.00","NZD","1761468957","23477/2025-11-27/1761468957.json"
"365170","146153","2025-11-27","48.00","NZD","1761468957","23477/2025-11-27/1761468957.json"
"510807","146155","2025-11-27","52.00","NZD","1761468957","23477/2025-11-27/1761468957.json"
"581513","221281","2025-11-29","36.00","NZD","1761468957","23477/2025-11-29/1761468957.json"
"581514","221282","2025-11-29","36.00","NZD","1761468957","23477/2025-11-29/1761468957.json"
"512557","146154","2025-11-29","45.00","NZD","1761468957","23477/2025-11-29/1761468957.json"
"365170","146153","2025-11-29","48.00","NZD","1761468957","23477/2025-11-29/1761468957.json"
"510807","146155","2025-11-29","52.00","NZD","1761468957","23477/2025-11-29/1761468957.json"
"581513","221281","2025-11-28","36.00","NZD","1761468957","23477/2025-11-28/1761468957.json"
"581514","221282","2025-11-28","36.00","NZD","1761468957","23477/2025-11-28/1761468957.json"
"512557","146154","2025-11-28","45.00","NZD","1761468957","23477/2025-11-28/1761468957.json"
"365170","146153","2025-11-28","48.00","NZD","1761468957","23477/2025-11-28/1761468957.json"
"510807","146155","2025-11-28","52.00","NZD","1761468957","23477/2025-11-28/1761468957.json"
"581513","221281","2025-11-30","36.00","NZD","1761468957","23477/2025-11-30/1761468957.json"
"581514","221282","2025-11-30","36.00","NZD","1761468957","23477/2025-11-30/1761468957.json"
"512557","146154","2025-11-30","45.00","NZD","1761468957","23477/2025-11-30/1761468957.json"
"365170","146153","2025-11-30","48.00","NZD","1761468957","23477/2025-11-30/1761468957.json"
"510807","146155","2025-11-30","52.00","NZD","1761468957","23477/2025-11-30/1761468957.json"
"581513","221281","2025-12-01","36.00","NZD","1761468957","23477/2025-12-01/1761468957.json"
"581514","221282","2025-12-01","36.00","NZD","1761468957","23477/2025-12-01/1761468957.json"
"512557","146154","2025-12-01","45.00","NZD","1761468957","23477/2025-12-01/1761468957.json"
"365170","146153","2025-12-01","48.00","NZD","1761468957","23477/2025-12-01/1761468957.json"
"510807","146155","2025-12-01","52.00","NZD","1761468957","23477/2025-12-01/1761468957.json"
"581513","221281","2025-12-02","36.00","NZD","1761468957","23477/2025-12-02/1761468957.json"
"581514","221282","2025-12-02","36.00","NZD","1761468957","23477/2025-12-02/1761468957.json"
"512557","146154","2025-12-02","45.00","NZD","1761468957","23477/2025-12-02/1761468957.json"
"365170","146153","2025-12-02","48.00","NZD","1761468957","23477/2025-12-02/1761468957.json"
"510807","146155","2025-12-02","52.00","NZD","1761468957","23477/2025-12-02/1761468957.json"
"581513","221281","2025-12-03","36.00","NZD","1761468957","23477/2025-12-03/1761468957.json"
"581514","221282","2025-12-03","36.00","NZD","1761468957","23477/2025-12-03/1761468957.json"
"512557","146154","2025-12-03","45.00","NZD","1761468957","23477/2025-12-03/1761468957.json"
"365170","146153","2025-12-03","48.00","NZD","1761468957","23477/2025-12-03/1761468957.json"
"510807","146155","2025-12-03","52.00","NZD","1761468957","23477/2025-12-03/1761468957.json"
"581513","221281","2025-12-04","36.00","NZD","1761468957","23477/2025-12-04/1761468957.json"
"581514","221282","2025-12-04","36.00","NZD","1761468957","23477/2025-12-04/1761468957.json"
"512557","146154","2025-12-04","45.00","NZD","1761468957","23477/2025-12-04/1761468957.json"
"365170","146153","2025-12-04","48.00","NZD","1761468957","23477/2025-12-04/1761468957.json"
"510807","146155","2025-12-04","52.00","NZD","1761468957","23477/2025-12-04/1761468957.json"
"581513","221281","2025-12-05","36.00","NZD","1761468957","23477/2025-12-05/1761468957.json"
"581514","221282","2025-12-05","36.00","NZD","1761468957","23477/2025-12-05/1761468957.json"
"512557","146154","2025-12-05","45.00","NZD","1761468957","23477/2025-12-05/1761468957.json"
"365170","146153","2025-12-05","48.00","NZD","1761468957","23477/2025-12-05/1761468957.json"
"510807","146155","2025-12-05","52.00","NZD","1761468957","23477/2025-12-05/1761468957.json"
"581513","221281","2025-12-06","36.00","NZD","1761468957","23477/2025-12-06/1761468957.json"
"581514","221282","2025-12-06","36.00","NZD","1761468957","23477/2025-12-06/1761468957.json"
"512557","146154","2025-12-06","45.00","NZD","1761468957","23477/2025-12-06/1761468957.json"
"365170","146153","2025-12-06","48.00","NZD","1761468957","23477/2025-12-06/1761468957.json"
"510807","146155","2025-12-06","52.00","NZD","1761468957","23477/2025-12-06/1761468957.json"
"581513","221281","2025-12-08","36.00","NZD","1761468957","23477/2025-12-08/1761468957.json"
"581514","221282","2025-12-08","36.00","NZD","1761468957","23477/2025-12-08/1761468957.json"
"512557","146154","2025-12-08","45.00","NZD","1761468957","23477/2025-12-08/1761468957.json"
"365170","146153","2025-12-08","48.00","NZD","1761468957","23477/2025-12-08/1761468957.json"
"510807","146155","2025-12-08","52.00","NZD","1761468957","23477/2025-12-08/1761468957.json"
"581513","221281","2025-12-07","36.00","NZD","1761468957","23477/2025-12-07/1761468957.json"
"581514","221282","2025-12-07","36.00","NZD","1761468957","23477/2025-12-07/1761468957.json"
"512557","146154","2025-12-07","45.00","NZD","1761468957","23477/2025-12-07/1761468957.json"
"365170","146153","2025-12-07","48.00","NZD","1761468957","23477/2025-12-07/1761468957.json"
"510807","146155","2025-12-07","52.00","NZD","1761468957","23477/2025-12-07/1761468957.json"
"581513","221281","2025-12-09","36.00","NZD","1761468957","23477/2025-12-09/1761468957.json"
"581514","221282","2025-12-09","36.00","NZD","1761468957","23477/2025-12-09/1761468957.json"
"512557","146154","2025-12-09","45.00","NZD","1761468957","23477/2025-12-09/1761468957.json"
"365170","146153","2025-12-09","48.00","NZD","1761468957","23477/2025-12-09/1761468957.json"
"510807","146155","2025-12-09","52.00","NZD","1761468957","23477/2025-12-09/1761468957.json"
"581513","221281","2025-12-10","36.00","NZD","1761468957","23477/2025-12-10/1761468957.json"
"581514","221282","2025-12-10","36.00","NZD","1761468957","23477/2025-12-10/1761468957.json"
"512557","146154","2025-12-10","45.00","NZD","1761468957","23477/2025-12-10/1761468957.json"
"365170","146153","2025-12-10","48.00","NZD","1761468957","23477/2025-12-10/1761468957.json"
"510807","146155","2025-12-10","52.00","NZD","1761468957","23477/2025-12-10/1761468957.json"
"581513","221281","2025-12-11","36.00","NZD","1761468957","23477/2025-12-11/1761468957.json"
"581514","221282","2025-12-11","36.00","NZD","1761468957","23477/2025-12-11/1761468957.json"
"512557","146154","2025-12-11","45.00","NZD","1761468957","23477/2025-12-11/1761468957.json"
"365170","146153","2025-12-11","48.00","NZD","1761468957","23477/2025-12-11/1761468957.json"
"510807","146155","2025-12-11","52.00","NZD","1761468957","23477/2025-12-11/1761468957.json"
"581513","221281","2025-12-12","36.00","NZD","1761468957","23477/2025-12-12/1761468957.json"
"581514","221282","2025-12-12","36.00","NZD","1761468957","23477/2025-12-12/1761468957.json"
"512557","146154","2025-12-12","45.00","NZD","1761468957","23477/2025-12-12/1761468957.json"
"365170","146153","2025-12-12","48.00","NZD","1761468957","23477/2025-12-12/1761468957.json"
"510807","146155","2025-12-12","52.00","NZD","1761468957","23477/2025-12-12/1761468957.json"
"581513","221281","2025-12-14","36.00","NZD","1761468957","23477/2025-12-14/1761468957.json"
"581514","221282","2025-12-14","36.00","NZD","1761468957","23477/2025-12-14/1761468957.json"
"512557","146154","2025-12-14","45.00","NZD","1761468957","23477/2025-12-14/1761468957.json"
"365170","146153","2025-12-14","48.00","NZD","1761468957","23477/2025-12-14/1761468957.json"
"510807","146155","2025-12-14","52.00","NZD","1761468957","23477/2025-12-14/1761468957.json"
"581513","221281","2025-12-13","36.00","NZD","1761468957","23477/2025-12-13/1761468957.json"
"581514","221282","2025-12-13","36.00","NZD","1761468957","23477/2025-12-13/1761468957.json"
"512557","146154","2025-12-13","45.00","NZD","1761468957","23477/2025-12-13/1761468957.json"
"365170","146153","2025-12-13","48.00","NZD","1761468957","23477/2025-12-13/1761468957.json"
"510807","146155","2025-12-13","52.00","NZD","1761468957","23477/2025-12-13/1761468957.json"
"581513","221281","2025-12-15","36.00","NZD","1761468957","23477/2025-12-15/1761468957.json"
"581514","221282","2025-12-15","36.00","NZD","1761468957","23477/2025-12-15/1761468957.json"
"512557","146154","2025-12-15","45.00","NZD","1761468957","23477/2025-12-15/1761468957.json"
"365170","146153","2025-12-15","48.00","NZD","1761468957","23477/2025-12-15/1761468957.json"
"510807","146155","2025-12-15","52.00","NZD","1761468957","23477/2025-12-15/1761468957.json"
"581513","221281","2025-12-17","36.00","NZD","1761468957","23477/2025-12-17/1761468957.json"
"581514","221282","2025-12-17","36.00","NZD","1761468957","23477/2025-12-17/1761468957.json"
"512557","146154","2025-12-17","45.00","NZD","1761468957","23477/2025-12-17/1761468957.json"
"365170","146153","2025-12-17","48.00","NZD","1761468957","23477/2025-12-17/1761468957.json"
"510807","146155","2025-12-17","52.00","NZD","1761468957","23477/2025-12-17/1761468957.json"
"581513","221281","2025-12-18","36.00","NZD","1761468957","23477/2025-12-18/1761468957.json"
"581514","221282","2025-12-18","36.00","NZD","1761468957","23477/2025-12-18/1761468957.json"
"512557","146154","2025-12-18","45.00","NZD","1761468957","23477/2025-12-18/1761468957.json"
"365170","146153","2025-12-18","48.00","NZD","1761468957","23477/2025-12-18/1761468957.json"
"510807","146155","2025-12-18","52.00","NZD","1761468957","23477/2025-12-18/1761468957.json"
"581513","221281","2025-12-16","36.00","NZD","1761468957","23477/2025-12-16/1761468957.json"
"581514","221282","2025-12-16","36.00","NZD","1761468957","23477/2025-12-16/1761468957.json"
"512557","146154","2025-12-16","45.00","NZD","1761468957","23477/2025-12-16/1761468957.json"
"365170","146153","2025-12-16","48.00","NZD","1761468957","23477/2025-12-16/1761468957.json"
"510807","146155","2025-12-16","52.00","NZD","1761468957","23477/2025-12-16/1761468957.json"
"581513","221281","2025-12-19","36.00","NZD","1761468957","23477/2025-12-19/1761468957.json"
"581514","221282","2025-12-19","36.00","NZD","1761468957","23477/2025-12-19/1761468957.json"
"512557","146154","2025-12-19","45.00","NZD","1761468957","23477/2025-12-19/1761468957.json"
"365170","146153","2025-12-19","48.00","NZD","1761468957","23477/2025-12-19/1761468957.json"
"510807","146155","2025-12-19","52.00","NZD","1761468957","23477/2025-12-19/1761468957.json"
"581513","221281","2025-12-22","36.00","NZD","1761468957","23477/2025-12-22/1761468957.json"
"581514","221282","2025-12-22","36.00","NZD","1761468957","23477/2025-12-22/1761468957.json"
"512557","146154","2025-12-22","45.00","NZD","1761468957","23477/2025-12-22/1761468957.json"
"365170","146153","2025-12-22","48.00","NZD","1761468957","23477/2025-12-22/1761468957.json"
"510807","146155","2025-12-22","52.00","NZD","1761468957","23477/2025-12-22/1761468957.json"
"581513","221281","2025-12-20","36.00","NZD","1761468957","23477/2025-12-20/1761468957.json"
"581514","221282","2025-12-20","36.00","NZD","1761468957","23477/2025-12-20/1761468957.json"
"512557","146154","2025-12-20","45.00","NZD","1761468957","23477/2025-12-20/1761468957.json"
"365170","146153","2025-12-20","48.00","NZD","1761468957","23477/2025-12-20/1761468957.json"
"510807","146155","2025-12-20","52.00","NZD","1761468957","23477/2025-12-20/1761468957.json"
"581513","221281","2025-12-21","36.00","NZD","1761468957","23477/2025-12-21/1761468957.json"
"581514","221282","2025-12-21","36.00","NZD","1761468957","23477/2025-12-21/1761468957.json"
"512557","146154","2025-12-21","45.00","NZD","1761468957","23477/2025-12-21/1761468957.json"
"365170","146153","2025-12-21","48.00","NZD","1761468957","23477/2025-12-21/1761468957.json"
"510807","146155","2025-12-21","52.00","NZD","1761468957","23477/2025-12-21/1761468957.json"
"581513","221281","2025-12-23","38.00","NZD","1761468957","23477/2025-12-23/1761468957.json"
"581514","221282","2025-12-23","38.00","NZD","1761468957","23477/2025-12-23/1761468957.json"
"512557","146154","2025-12-23","45.00","NZD","1761468957","23477/2025-12-23/1761468957.json"
"365170","146153","2025-12-23","48.00","NZD","1761468957","23477/2025-12-23/1761468957.json"
"510807","146155","2025-12-23","52.00","NZD","1761468957","23477/2025-12-23/1761468957.json"
"581513","221281","2025-12-24","38.00","NZD","1761468957","23477/2025-12-24/1761468957.json"
"581514","221282","2025-12-24","38.00","NZD","1761468957","23477/2025-12-24/1761468957.json"
"512557","146154","2025-12-24","45.00","NZD","1761468957","23477/2025-12-24/1761468957.json"
"365170","146153","2025-12-24","48.00","NZD","1761468957","23477/2025-12-24/1761468957.json"
"510807","146155","2025-12-24","52.00","NZD","1761468957","23477/2025-12-24/1761468957.json"
"581513","221281","2025-12-25","38.00","NZD","1761468957","23477/2025-12-25/1761468957.json"
"581514","221282","2025-12-25","38.00","NZD","1761468957","23477/2025-12-25/1761468957.json"
"512557","146154","2025-12-25","45.00","NZD","1761468957","23477/2025-12-25/1761468957.json"
"365170","146153","2025-12-25","48.00","NZD","1761468957","23477/2025-12-25/1761468957.json"
"510807","146155","2025-12-25","52.00","NZD","1761468957","23477/2025-12-25/1761468957.json"
"581513","221281","2025-10-27","38.00","NZD","1761485057","23477/2025-10-27/1761485057.json"
"581514","221282","2025-10-27","38.00","NZD","1761485057","23477/2025-10-27/1761485057.json"
"512557","146154","2025-10-27","45.00","NZD","1761485057","23477/2025-10-27/1761485057.json"
"365170","146153","2025-10-27","48.00","NZD","1761485057","23477/2025-10-27/1761485057.json"
"510807","146155","2025-10-27","52.00","NZD","1761485057","23477/2025-10-27/1761485057.json"
"581513","221281","2025-10-29","36.00","NZD","1761485057","23477/2025-10-29/1761485057.json"
"581514","221282","2025-10-29","36.00","NZD","1761485057","23477/2025-10-29/1761485057.json"
"512557","146154","2025-10-29","45.00","NZD","1761485057","23477/2025-10-29/1761485057.json"
"365170","146153","2025-10-29","48.00","NZD","1761485057","23477/2025-10-29/1761485057.json"
"510807","146155","2025-10-29","52.00","NZD","1761485057","23477/2025-10-29/1761485057.json"
"581513","221281","2025-10-28","36.00","NZD","1761485057","23477/2025-10-28/1761485057.json"
"581514","221282","2025-10-28","36.00","NZD","1761485057","23477/2025-10-28/1761485057.json"
"512557","146154","2025-10-28","45.00","NZD","1761485057","23477/2025-10-28/1761485057.json"
"365170","146153","2025-10-28","48.00","NZD","1761485057","23477/2025-10-28/1761485057.json"
"510807","146155","2025-10-28","52.00","NZD","1761485057","23477/2025-10-28/1761485057.json"
"581513","221281","2025-10-30","36.00","NZD","1761485057","23477/2025-10-30/1761485057.json"
"581514","221282","2025-10-30","36.00","NZD","1761485057","23477/2025-10-30/1761485057.json"
"512557","146154","2025-10-30","45.00","NZD","1761485057","23477/2025-10-30/1761485057.json"
"365170","146153","2025-10-30","48.00","NZD","1761485057","23477/2025-10-30/1761485057.json"
"510807","146155","2025-10-30","52.00","NZD","1761485057","23477/2025-10-30/1761485057.json"
"581513","221281","2025-10-31","36.00","NZD","1761485057","23477/2025-10-31/1761485057.json"
"581514","221282","2025-10-31","36.00","NZD","1761485057","23477/2025-10-31/1761485057.json"
"512557","146154","2025-10-31","45.00","NZD","1761485057","23477/2025-10-31/1761485057.json"
"365170","146153","2025-10-31","48.00","NZD","1761485057","23477/2025-10-31/1761485057.json"
"510807","146155","2025-10-31","52.00","NZD","1761485057","23477/2025-10-31/1761485057.json"
"581513","221281","2025-11-01","36.00","NZD","1761485057","23477/2025-11-01/1761485057.json"
"581514","221282","2025-11-01","36.00","NZD","1761485057","23477/2025-11-01/1761485057.json"
"512557","146154","2025-11-01","45.00","NZD","1761485057","23477/2025-11-01/1761485057.json"
"365170","146153","2025-11-01","48.00","NZD","1761485057","23477/2025-11-01/1761485057.json"
"510807","146155","2025-11-01","52.00","NZD","1761485057","23477/2025-11-01/1761485057.json"
"581513","221281","2025-11-02","36.00","NZD","1761485057","23477/2025-11-02/1761485057.json"
"581514","221282","2025-11-02","36.00","NZD","1761485057","23477/2025-11-02/1761485057.json"
"512557","146154","2025-11-02","45.00","NZD","1761485057","23477/2025-11-02/1761485057.json"
"365170","146153","2025-11-02","48.00","NZD","1761485057","23477/2025-11-02/1761485057.json"
"510807","146155","2025-11-02","52.00","NZD","1761485057","23477/2025-11-02/1761485057.json"
"581513","221281","2025-11-04","36.00","NZD","1761485057","23477/2025-11-04/1761485057.json"
"581514","221282","2025-11-04","36.00","NZD","1761485057","23477/2025-11-04/1761485057.json"
"512557","146154","2025-11-04","45.00","NZD","1761485057","23477/2025-11-04/1761485057.json"
"365170","146153","2025-11-04","48.00","NZD","1761485057","23477/2025-11-04/1761485057.json"
"510807","146155","2025-11-04","52.00","NZD","1761485057","23477/2025-11-04/1761485057.json"
"581513","221281","2025-11-03","36.00","NZD","1761485057","23477/2025-11-03/1761485057.json"
"581514","221282","2025-11-03","36.00","NZD","1761485057","23477/2025-11-03/1761485057.json"
"512557","146154","2025-11-03","45.00","NZD","1761485057","23477/2025-11-03/1761485057.json"
"365170","146153","2025-11-03","48.00","NZD","1761485057","23477/2025-11-03/1761485057.json"
"510807","146155","2025-11-03","52.00","NZD","1761485057","23477/2025-11-03/1761485057.json"
"581513","221281","2025-11-05","36.00","NZD","1761485057","23477/2025-11-05/1761485057.json"
"581514","221282","2025-11-05","36.00","NZD","1761485057","23477/2025-11-05/1761485057.json"
"512557","146154","2025-11-05","45.00","NZD","1761485057","23477/2025-11-05/1761485057.json"
"365170","146153","2025-11-05","48.00","NZD","1761485057","23477/2025-11-05/1761485057.json"
"510807","146155","2025-11-05","52.00","NZD","1761485057","23477/2025-11-05/1761485057.json"
"581513","221281","2025-11-06","36.00","NZD","1761485057","23477/2025-11-06/1761485057.json"
"581514","221282","2025-11-06","36.00","NZD","1761485057","23477/2025-11-06/1761485057.json"
"512557","146154","2025-11-06","45.00","NZD","1761485057","23477/2025-11-06/1761485057.json"
"365170","146153","2025-11-06","48.00","NZD","1761485057","23477/2025-11-06/1761485057.json"
"510807","146155","2025-11-06","52.00","NZD","1761485057","23477/2025-11-06/1761485057.json"
"581513","221281","2025-11-10","36.00","NZD","1761485057","23477/2025-11-10/1761485057.json"
"581514","221282","2025-11-10","36.00","NZD","1761485057","23477/2025-11-10/1761485057.json"
"512557","146154","2025-11-10","45.00","NZD","1761485057","23477/2025-11-10/1761485057.json"
"365170","146153","2025-11-10","48.00","NZD","1761485057","23477/2025-11-10/1761485057.json"
"510807","146155","2025-11-10","52.00","NZD","1761485057","23477/2025-11-10/1761485057.json"
"581513","221281","2025-11-09","36.00","NZD","1761485057","23477/2025-11-09/1761485057.json"
"581514","221282","2025-11-09","36.00","NZD","1761485057","23477/2025-11-09/1761485057.json"
"512557","146154","2025-11-09","45.00","NZD","1761485057","23477/2025-11-09/1761485057.json"
"365170","146153","2025-11-09","48.00","NZD","1761485057","23477/2025-11-09/1761485057.json"
"510807","146155","2025-11-09","52.00","NZD","1761485057","23477/2025-11-09/1761485057.json"
"581513","221281","2025-11-07","36.00","NZD","1761485057","23477/2025-11-07/1761485057.json"
"581514","221282","2025-11-07","36.00","NZD","1761485057","23477/2025-11-07/1761485057.json"
"512557","146154","2025-11-07","45.00","NZD","1761485057","23477/2025-11-07/1761485057.json"
"365170","146153","2025-11-07","48.00","NZD","1761485057","23477/2025-11-07/1761485057.json"
"510807","146155","2025-11-07","52.00","NZD","1761485057","23477/2025-11-07/1761485057.json"
"581513","221281","2025-11-08","36.00","NZD","1761485057","23477/2025-11-08/1761485057.json"
"581514","221282","2025-11-08","36.00","NZD","1761485057","23477/2025-11-08/1761485057.json"
"512557","146154","2025-11-08","45.00","NZD","1761485057","23477/2025-11-08/1761485057.json"
"365170","146153","2025-11-08","48.00","NZD","1761485057","23477/2025-11-08/1761485057.json"
"510807","146155","2025-11-08","52.00","NZD","1761485057","23477/2025-11-08/1761485057.json"
"581513","221281","2025-11-11","36.00","NZD","1761485057","23477/2025-11-11/1761485057.json"
"581514","221282","2025-11-11","36.00","NZD","1761485057","23477/2025-11-11/1761485057.json"
"512557","146154","2025-11-11","45.00","NZD","1761485057","23477/2025-11-11/1761485057.json"
"365170","146153","2025-11-11","48.00","NZD","1761485057","23477/2025-11-11/1761485057.json"
"510807","146155","2025-11-11","52.00","NZD","1761485057","23477/2025-11-11/1761485057.json"
"581513","221281","2025-11-12","36.00","NZD","1761485057","23477/2025-11-12/1761485057.json"
"581514","221282","2025-11-12","36.00","NZD","1761485057","23477/2025-11-12/1761485057.json"
"512557","146154","2025-11-12","45.00","NZD","1761485057","23477/2025-11-12/1761485057.json"
"365170","146153","2025-11-12","48.00","NZD","1761485057","23477/2025-11-12/1761485057.json"
"510807","146155","2025-11-12","52.00","NZD","1761485057","23477/2025-11-12/1761485057.json"
"581513","221281","2025-11-14","36.00","NZD","1761485057","23477/2025-11-14/1761485057.json"
"581514","221282","2025-11-14","36.00","NZD","1761485057","23477/2025-11-14/1761485057.json"
"512557","146154","2025-11-14","45.00","NZD","1761485057","23477/2025-11-14/1761485057.json"
"365170","146153","2025-11-14","48.00","NZD","1761485057","23477/2025-11-14/1761485057.json"
"510807","146155","2025-11-14","52.00","NZD","1761485057","23477/2025-11-14/1761485057.json"
"581513","221281","2025-11-17","36.00","NZD","1761485057","23477/2025-11-17/1761485057.json"
"581514","221282","2025-11-17","36.00","NZD","1761485057","23477/2025-11-17/1761485057.json"
"512557","146154","2025-11-17","45.00","NZD","1761485057","23477/2025-11-17/1761485057.json"
"365170","146153","2025-11-17","48.00","NZD","1761485057","23477/2025-11-17/1761485057.json"
"510807","146155","2025-11-17","52.00","NZD","1761485057","23477/2025-11-17/1761485057.json"
"581513","221281","2025-11-15","36.00","NZD","1761485057","23477/2025-11-15/1761485057.json"
"581514","221282","2025-11-15","36.00","NZD","1761485057","23477/2025-11-15/1761485057.json"
"512557","146154","2025-11-15","45.00","NZD","1761485057","23477/2025-11-15/1761485057.json"
"365170","146153","2025-11-15","48.00","NZD","1761485057","23477/2025-11-15/1761485057.json"
"510807","146155","2025-11-15","52.00","NZD","1761485057","23477/2025-11-15/1761485057.json"
"581513","221281","2025-11-16","36.00","NZD","1761485057","23477/2025-11-16/1761485057.json"
"581514","221282","2025-11-16","36.00","NZD","1761485057","23477/2025-11-16/1761485057.json"
"512557","146154","2025-11-16","45.00","NZD","1761485057","23477/2025-11-16/1761485057.json"
"365170","146153","2025-11-16","48.00","NZD","1761485057","23477/2025-11-16/1761485057.json"
"510807","146155","2025-11-16","52.00","NZD","1761485057","23477/2025-11-16/1761485057.json"
"581513","221281","2025-11-13","36.00","NZD","1761485057","23477/2025-11-13/1761485057.json"
"581514","221282","2025-11-13","36.00","NZD","1761485057","23477/2025-11-13/1761485057.json"
"512557","146154","2025-11-13","45.00","NZD","1761485057","23477/2025-11-13/1761485057.json"
"365170","146153","2025-11-13","48.00","NZD","1761485057","23477/2025-11-13/1761485057.json"
"510807","146155","2025-11-13","52.00","NZD","1761485057","23477/2025-11-13/1761485057.json"
"581513","221281","2025-11-18","36.00","NZD","1761485057","23477/2025-11-18/1761485057.json"
"581514","221282","2025-11-18","36.00","NZD","1761485057","23477/2025-11-18/1761485057.json"
"512557","146154","2025-11-18","45.00","NZD","1761485057","23477/2025-11-18/1761485057.json"
"365170","146153","2025-11-18","48.00","NZD","1761485057","23477/2025-11-18/1761485057.json"
"510807","146155","2025-11-18","52.00","NZD","1761485057","23477/2025-11-18/1761485057.json"
"581513","221281","2025-11-19","36.00","NZD","1761485057","23477/2025-11-19/1761485057.json"
"581514","221282","2025-11-19","36.00","NZD","1761485057","23477/2025-11-19/1761485057.json"
"512557","146154","2025-11-19","45.00","NZD","1761485057","23477/2025-11-19/1761485057.json"
"365170","146153","2025-11-19","48.00","NZD","1761485057","23477/2025-11-19/1761485057.json"
"510807","146155","2025-11-19","52.00","NZD","1761485057","23477/2025-11-19/1761485057.json"
"581513","221281","2025-11-20","36.00","NZD","1761485057","23477/2025-11-20/1761485057.json"
"581514","221282","2025-11-20","36.00","NZD","1761485057","23477/2025-11-20/1761485057.json"
"512557","146154","2025-11-20","45.00","NZD","1761485057","23477/2025-11-20/1761485057.json"
"581513","221281","2025-11-21","36.00","NZD","1761485057","23477/2025-11-21/1761485057.json"
"581514","221282","2025-11-21","36.00","NZD","1761485057","23477/2025-11-21/1761485057.json"
"512557","146154","2025-11-21","45.00","NZD","1761485057","23477/2025-11-21/1761485057.json"
"365170","146153","2025-11-21","48.00","NZD","1761485057","23477/2025-11-21/1761485057.json"
"510807","146155","2025-11-21","52.00","NZD","1761485057","23477/2025-11-21/1761485057.json"
"581513","221281","2025-11-22","36.00","NZD","1761485057","23477/2025-11-22/1761485057.json"
"581514","221282","2025-11-22","36.00","NZD","1761485057","23477/2025-11-22/1761485057.json"
"512557","146154","2025-11-22","45.00","NZD","1761485057","23477/2025-11-22/1761485057.json"
"365170","146153","2025-11-22","48.00","NZD","1761485057","23477/2025-11-22/1761485057.json"
"510807","146155","2025-11-22","52.00","NZD","1761485057","23477/2025-11-22/1761485057.json"
"581513","221281","2025-11-23","36.00","NZD","1761485057","23477/2025-11-23/1761485057.json"
"581514","221282","2025-11-23","36.00","NZD","1761485057","23477/2025-11-23/1761485057.json"
"512557","146154","2025-11-23","45.00","NZD","1761485057","23477/2025-11-23/1761485057.json"
"365170","146153","2025-11-23","48.00","NZD","1761485057","23477/2025-11-23/1761485057.json"
"510807","146155","2025-11-23","52.00","NZD","1761485057","23477/2025-11-23/1761485057.json"
"581513","221281","2025-11-24","36.00","NZD","1761485057","23477/2025-11-24/1761485057.json"
"581514","221282","2025-11-24","36.00","NZD","1761485057","23477/2025-11-24/1761485057.json"
"512557","146154","2025-11-24","45.00","NZD","1761485057","23477/2025-11-24/1761485057.json"
"365170","146153","2025-11-24","48.00","NZD","1761485057","23477/2025-11-24/1761485057.json"
"510807","146155","2025-11-24","52.00","NZD","1761485057","23477/2025-11-24/1761485057.json"
"581513","221281","2025-11-25","36.00","NZD","1761485057","23477/2025-11-25/1761485057.json"
"581514","221282","2025-11-25","36.00","NZD","1761485057","23477/2025-11-25/1761485057.json"
"512557","146154","2025-11-25","45.00","NZD","1761485057","23477/2025-11-25/1761485057.json"
"365170","146153","2025-11-25","48.00","NZD","1761485057","23477/2025-11-25/1761485057.json"
"510807","146155","2025-11-25","52.00","NZD","1761485057","23477/2025-11-25/1761485057.json"
"581513","221281","2025-11-26","36.00","NZD","1761485057","23477/2025-11-26/1761485057.json"
"581514","221282","2025-11-26","36.00","NZD","1761485057","23477/2025-11-26/1761485057.json"
"512557","146154","2025-11-26","45.00","NZD","1761485057","23477/2025-11-26/1761485057.json"
"365170","146153","2025-11-26","48.00","NZD","1761485057","23477/2025-11-26/1761485057.json"
"510807","146155","2025-11-26","52.00","NZD","1761485057","23477/2025-11-26/1761485057.json"
"581513","221281","2025-11-27","36.00","NZD","1761485057","23477/2025-11-27/1761485057.json"
"581514","221282","2025-11-27","36.00","NZD","1761485057","23477/2025-11-27/1761485057.json"
"512557","146154","2025-11-27","45.00","NZD","1761485057","23477/2025-11-27/1761485057.json"
"365170","146153","2025-11-27","48.00","NZD","1761485057","23477/2025-11-27/1761485057.json"
"510807","146155","2025-11-27","52.00","NZD","1761485057","23477/2025-11-27/1761485057.json"
"581513","221281","2025-11-29","36.00","NZD","1761485057","23477/2025-11-29/1761485057.json"
"581514","221282","2025-11-29","36.00","NZD","1761485057","23477/2025-11-29/1761485057.json"
"512557","146154","2025-11-29","45.00","NZD","1761485057","23477/2025-11-29/1761485057.json"
"365170","146153","2025-11-29","48.00","NZD","1761485057","23477/2025-11-29/1761485057.json"
"510807","146155","2025-11-29","52.00","NZD","1761485057","23477/2025-11-29/1761485057.json"
"581513","221281","2025-11-28","36.00","NZD","1761485057","23477/2025-11-28/1761485057.json"
"581514","221282","2025-11-28","36.00","NZD","1761485057","23477/2025-11-28/1761485057.json"
"512557","146154","2025-11-28","45.00","NZD","1761485057","23477/2025-11-28/1761485057.json"
"365170","146153","2025-11-28","48.00","NZD","1761485057","23477/2025-11-28/1761485057.json"
"510807","146155","2025-11-28","52.00","NZD","1761485057","23477/2025-11-28/1761485057.json"
"581513","221281","2025-11-30","36.00","NZD","1761485057","23477/2025-11-30/1761485057.json"
"581514","221282","2025-11-30","36.00","NZD","1761485057","23477/2025-11-30/1761485057.json"
"512557","146154","2025-11-30","45.00","NZD","1761485057","23477/2025-11-30/1761485057.json"
"365170","146153","2025-11-30","48.00","NZD","1761485057","23477/2025-11-30/1761485057.json"
"510807","146155","2025-11-30","52.00","NZD","1761485057","23477/2025-11-30/1761485057.json"
"581513","221281","2025-12-01","36.00","NZD","1761485057","23477/2025-12-01/1761485057.json"
"581514","221282","2025-12-01","36.00","NZD","1761485057","23477/2025-12-01/1761485057.json"
"512557","146154","2025-12-01","45.00","NZD","1761485057","23477/2025-12-01/1761485057.json"
"365170","146153","2025-12-01","48.00","NZD","1761485057","23477/2025-12-01/1761485057.json"
"510807","146155","2025-12-01","52.00","NZD","1761485057","23477/2025-12-01/1761485057.json"
"581513","221281","2025-12-02","36.00","NZD","1761485057","23477/2025-12-02/1761485057.json"
"581514","221282","2025-12-02","36.00","NZD","1761485057","23477/2025-12-02/1761485057.json"
"512557","146154","2025-12-02","45.00","NZD","1761485057","23477/2025-12-02/1761485057.json"
"365170","146153","2025-12-02","48.00","NZD","1761485057","23477/2025-12-02/1761485057.json"
"510807","146155","2025-12-02","52.00","NZD","1761485057","23477/2025-12-02/1761485057.json"
"581513","221281","2025-12-03","36.00","NZD","1761485057","23477/2025-12-03/1761485057.json"
"581514","221282","2025-12-03","36.00","NZD","1761485057","23477/2025-12-03/1761485057.json"
"512557","146154","2025-12-03","45.00","NZD","1761485057","23477/2025-12-03/1761485057.json"
"365170","146153","2025-12-03","48.00","NZD","1761485057","23477/2025-12-03/1761485057.json"
"510807","146155","2025-12-03","52.00","NZD","1761485057","23477/2025-12-03/1761485057.json"
"581513","221281","2025-12-04","36.00","NZD","1761485057","23477/2025-12-04/1761485057.json"
"581514","221282","2025-12-04","36.00","NZD","1761485057","23477/2025-12-04/1761485057.json"
"512557","146154","2025-12-04","45.00","NZD","1761485057","23477/2025-12-04/1761485057.json"
"365170","146153","2025-12-04","48.00","NZD","1761485057","23477/2025-12-04/1761485057.json"
"510807","146155","2025-12-04","52.00","NZD","1761485057","23477/2025-12-04/1761485057.json"
"581513","221281","2025-12-05","36.00","NZD","1761485057","23477/2025-12-05/1761485057.json"
"581514","221282","2025-12-05","36.00","NZD","1761485057","23477/2025-12-05/1761485057.json"
"512557","146154","2025-12-05","45.00","NZD","1761485057","23477/2025-12-05/1761485057.json"
"365170","146153","2025-12-05","48.00","NZD","1761485057","23477/2025-12-05/1761485057.json"
"510807","146155","2025-12-05","52.00","NZD","1761485057","23477/2025-12-05/1761485057.json"
"581513","221281","2025-12-06","36.00","NZD","1761485057","23477/2025-12-06/1761485057.json"
"581514","221282","2025-12-06","36.00","NZD","1761485057","23477/2025-12-06/1761485057.json"
"512557","146154","2025-12-06","45.00","NZD","1761485057","23477/2025-12-06/1761485057.json"
"365170","146153","2025-12-06","48.00","NZD","1761485057","23477/2025-12-06/1761485057.json"
"510807","146155","2025-12-06","52.00","NZD","1761485057","23477/2025-12-06/1761485057.json"
"581513","221281","2025-12-07","36.00","NZD","1761485057","23477/2025-12-07/1761485057.json"
"581514","221282","2025-12-07","36.00","NZD","1761485057","23477/2025-12-07/1761485057.json"
"512557","146154","2025-12-07","45.00","NZD","1761485057","23477/2025-12-07/1761485057.json"
"365170","146153","2025-12-07","48.00","NZD","1761485057","23477/2025-12-07/1761485057.json"
"510807","146155","2025-12-07","52.00","NZD","1761485057","23477/2025-12-07/1761485057.json"
"581513","221281","2025-12-08","36.00","NZD","1761485057","23477/2025-12-08/1761485057.json"
"581514","221282","2025-12-08","36.00","NZD","1761485057","23477/2025-12-08/1761485057.json"
"512557","146154","2025-12-08","45.00","NZD","1761485057","23477/2025-12-08/1761485057.json"
"365170","146153","2025-12-08","48.00","NZD","1761485057","23477/2025-12-08/1761485057.json"
"510807","146155","2025-12-08","52.00","NZD","1761485057","23477/2025-12-08/1761485057.json"
"581513","221281","2025-12-09","36.00","NZD","1761485057","23477/2025-12-09/1761485057.json"
"581514","221282","2025-12-09","36.00","NZD","1761485057","23477/2025-12-09/1761485057.json"
"512557","146154","2025-12-09","45.00","NZD","1761485057","23477/2025-12-09/1761485057.json"
"365170","146153","2025-12-09","48.00","NZD","1761485057","23477/2025-12-09/1761485057.json"
"510807","146155","2025-12-09","52.00","NZD","1761485057","23477/2025-12-09/1761485057.json"
"581513","221281","2025-12-10","36.00","NZD","1761485057","23477/2025-12-10/1761485057.json"
"581514","221282","2025-12-10","36.00","NZD","1761485057","23477/2025-12-10/1761485057.json"
"512557","146154","2025-12-10","45.00","NZD","1761485057","23477/2025-12-10/1761485057.json"
"365170","146153","2025-12-10","48.00","NZD","1761485057","23477/2025-12-10/1761485057.json"
"510807","146155","2025-12-10","52.00","NZD","1761485057","23477/2025-12-10/1761485057.json"
"581513","221281","2025-12-11","36.00","NZD","1761485057","23477/2025-12-11/1761485057.json"
"581514","221282","2025-12-11","36.00","NZD","1761485057","23477/2025-12-11/1761485057.json"
"512557","146154","2025-12-11","45.00","NZD","1761485057","23477/2025-12-11/1761485057.json"
"365170","146153","2025-12-11","48.00","NZD","1761485057","23477/2025-12-11/1761485057.json"
"510807","146155","2025-12-11","52.00","NZD","1761485057","23477/2025-12-11/1761485057.json"
"581513","221281","2025-12-13","36.00","NZD","1761485057","23477/2025-12-13/1761485057.json"
"581514","221282","2025-12-13","36.00","NZD","1761485057","23477/2025-12-13/1761485057.json"
"512557","146154","2025-12-13","45.00","NZD","1761485057","23477/2025-12-13/1761485057.json"
"365170","146153","2025-12-13","48.00","NZD","1761485057","23477/2025-12-13/1761485057.json"
"510807","146155","2025-12-13","52.00","NZD","1761485057","23477/2025-12-13/1761485057.json"
"581513","221281","2025-12-12","36.00","NZD","1761485057","23477/2025-12-12/1761485057.json"
"581514","221282","2025-12-12","36.00","NZD","1761485057","23477/2025-12-12/1761485057.json"
"512557","146154","2025-12-12","45.00","NZD","1761485057","23477/2025-12-12/1761485057.json"
"365170","146153","2025-12-12","48.00","NZD","1761485057","23477/2025-12-12/1761485057.json"
"510807","146155","2025-12-12","52.00","NZD","1761485057","23477/2025-12-12/1761485057.json"
"581513","221281","2025-12-15","36.00","NZD","1761485057","23477/2025-12-15/1761485057.json"
"581514","221282","2025-12-15","36.00","NZD","1761485057","23477/2025-12-15/1761485057.json"
"512557","146154","2025-12-15","45.00","NZD","1761485057","23477/2025-12-15/1761485057.json"
"365170","146153","2025-12-15","48.00","NZD","1761485057","23477/2025-12-15/1761485057.json"
"510807","146155","2025-12-15","52.00","NZD","1761485057","23477/2025-12-15/1761485057.json"
"581513","221281","2025-12-14","36.00","NZD","1761485057","23477/2025-12-14/1761485057.json"
"581514","221282","2025-12-14","36.00","NZD","1761485057","23477/2025-12-14/1761485057.json"
"512557","146154","2025-12-14","45.00","NZD","1761485057","23477/2025-12-14/1761485057.json"
"365170","146153","2025-12-14","48.00","NZD","1761485057","23477/2025-12-14/1761485057.json"
"510807","146155","2025-12-14","52.00","NZD","1761485057","23477/2025-12-14/1761485057.json"
"581513","221281","2025-12-16","36.00","NZD","1761485057","23477/2025-12-16/1761485057.json"
"581514","221282","2025-12-16","36.00","NZD","1761485057","23477/2025-12-16/1761485057.json"
"512557","146154","2025-12-16","45.00","NZD","1761485057","23477/2025-12-16/1761485057.json"
"365170","146153","2025-12-16","48.00","NZD","1761485057","23477/2025-12-16/1761485057.json"
"510807","146155","2025-12-16","52.00","NZD","1761485057","23477/2025-12-16/1761485057.json"
"581513","221281","2025-12-17","36.00","NZD","1761485057","23477/2025-12-17/1761485057.json"
"581514","221282","2025-12-17","36.00","NZD","1761485057","23477/2025-12-17/1761485057.json"
"512557","146154","2025-12-17","45.00","NZD","1761485057","23477/2025-12-17/1761485057.json"
"365170","146153","2025-12-17","48.00","NZD","1761485057","23477/2025-12-17/1761485057.json"
"510807","146155","2025-12-17","52.00","NZD","1761485057","23477/2025-12-17/1761485057.json"
"581513","221281","2025-12-19","36.00","NZD","1761485057","23477/2025-12-19/1761485057.json"
"581514","221282","2025-12-19","36.00","NZD","1761485057","23477/2025-12-19/1761485057.json"
"512557","146154","2025-12-19","45.00","NZD","1761485057","23477/2025-12-19/1761485057.json"
"365170","146153","2025-12-19","48.00","NZD","1761485057","23477/2025-12-19/1761485057.json"
"510807","146155","2025-12-19","52.00","NZD","1761485057","23477/2025-12-19/1761485057.json"
"581513","221281","2025-12-18","36.00","NZD","1761485057","23477/2025-12-18/1761485057.json"
"581514","221282","2025-12-18","36.00","NZD","1761485057","23477/2025-12-18/1761485057.json"
"512557","146154","2025-12-18","45.00","NZD","1761485057","23477/2025-12-18/1761485057.json"
"365170","146153","2025-12-18","48.00","NZD","1761485057","23477/2025-12-18/1761485057.json"
"510807","146155","2025-12-18","52.00","NZD","1761485057","23477/2025-12-18/1761485057.json"
"581513","221281","2025-12-20","36.00","NZD","1761485057","23477/2025-12-20/1761485057.json"
"581514","221282","2025-12-20","36.00","NZD","1761485057","23477/2025-12-20/1761485057.json"
"512557","146154","2025-12-20","45.00","NZD","1761485057","23477/2025-12-20/1761485057.json"
"365170","146153","2025-12-20","48.00","NZD","1761485057","23477/2025-12-20/1761485057.json"
"510807","146155","2025-12-20","52.00","NZD","1761485057","23477/2025-12-20/1761485057.json"
"581513","221281","2025-12-21","36.00","NZD","1761485057","23477/2025-12-21/1761485057.json"
"581514","221282","2025-12-21","36.00","NZD","1761485057","23477/2025-12-21/1761485057.json"
"512557","146154","2025-12-21","45.00","NZD","1761485057","23477/2025-12-21/1761485057.json"
"365170","146153","2025-12-21","48.00","NZD","1761485057","23477/2025-12-21/1761485057.json"
"510807","146155","2025-12-21","52.00","NZD","1761485057","23477/2025-12-21/1761485057.json"
"581513","221281","2025-12-22","36.00","NZD","1761485057","23477/2025-12-22/1761485057.json"
"581514","221282","2025-12-22","36.00","NZD","1761485057","23477/2025-12-22/1761485057.json"
"512557","146154","2025-12-22","45.00","NZD","1761485057","23477/2025-12-22/1761485057.json"
"365170","146153","2025-12-22","48.00","NZD","1761485057","23477/2025-12-22/1761485057.json"
"510807","146155","2025-12-22","52.00","NZD","1761485057","23477/2025-12-22/1761485057.json"
"581513","221281","2025-12-24","38.00","NZD","1761485057","23477/2025-12-24/1761485057.json"
"581514","221282","2025-12-24","38.00","NZD","1761485057","23477/2025-12-24/1761485057.json"
"512557","146154","2025-12-24","45.00","NZD","1761485057","23477/2025-12-24/1761485057.json"
"365170","146153","2025-12-24","48.00","NZD","1761485057","23477/2025-12-24/1761485057.json"
"510807","146155","2025-12-24","52.00","NZD","1761485057","23477/2025-12-24/1761485057.json"
"581513","221281","2025-12-23","38.00","NZD","1761485057","23477/2025-12-23/1761485057.json"
"581514","221282","2025-12-23","38.00","NZD","1761485057","23477/2025-12-23/1761485057.json"
"512557","146154","2025-12-23","45.00","NZD","1761485057","23477/2025-12-23/1761485057.json"
"365170","146153","2025-12-23","48.00","NZD","1761485057","23477/2025-12-23/1761485057.json"
"510807","146155","2025-12-23","52.00","NZD","1761485057","23477/2025-12-23/1761485057.json"
"581513","221281","2025-12-25","38.00","NZD","1761485057","23477/2025-12-25/1761485057.json"
"581514","221282","2025-12-25","38.00","NZD","1761485057","23477/2025-12-25/1761485057.json"
"512557","146154","2025-12-25","45.00","NZD","1761485057","23477/2025-12-25/1761485057.json"
"365170","146153","2025-12-25","48.00","NZD","1761485057","23477/2025-12-25/1761485057.json"
"510807","146155","2025-12-25","52.00","NZD","1761485057","23477/2025-12-25/1761485057.json"
"581513","221281","2025-10-27","38.00","NZD","1761497795","23477/2025-10-27/1761497795.json"
"581514","221282","2025-10-27","38.00","NZD","1761497795","23477/2025-10-27/1761497795.json"
"512557","146154","2025-10-27","45.00","NZD","1761497795","23477/2025-10-27/1761497795.json"
"365170","146153","2025-10-27","48.00","NZD","1761497795","23477/2025-10-27/1761497795.json"
"510807","146155","2025-10-27","52.00","NZD","1761497795","23477/2025-10-27/1761497795.json"
"581513","221281","2025-10-29","36.00","NZD","1761497795","23477/2025-10-29/1761497795.json"
"581513","221281","2025-10-30","36.00","NZD","1761497795","23477/2025-10-30/1761497795.json"
"581514","221282","2025-10-30","36.00","NZD","1761497795","23477/2025-10-30/1761497795.json"
"581514","221282","2025-10-29","36.00","NZD","1761497795","23477/2025-10-29/1761497795.json"
"512557","146154","2025-10-30","45.00","NZD","1761497795","23477/2025-10-30/1761497795.json"
"365170","146153","2025-10-30","48.00","NZD","1761497795","23477/2025-10-30/1761497795.json"
"512557","146154","2025-10-29","45.00","NZD","1761497795","23477/2025-10-29/1761497795.json"
"510807","146155","2025-10-30","52.00","NZD","1761497795","23477/2025-10-30/1761497795.json"
"365170","146153","2025-10-29","48.00","NZD","1761497795","23477/2025-10-29/1761497795.json"
"510807","146155","2025-10-29","52.00","NZD","1761497795","23477/2025-10-29/1761497795.json"
"581513","221281","2025-10-28","36.00","NZD","1761497795","23477/2025-10-28/1761497795.json"
"581514","221282","2025-10-28","36.00","NZD","1761497795","23477/2025-10-28/1761497795.json"
"512557","146154","2025-10-28","45.00","NZD","1761497795","23477/2025-10-28/1761497795.json"
"365170","146153","2025-10-28","48.00","NZD","1761497795","23477/2025-10-28/1761497795.json"
"510807","146155","2025-10-28","52.00","NZD","1761497795","23477/2025-10-28/1761497795.json"
"581513","221281","2025-10-31","36.00","NZD","1761497795","23477/2025-10-31/1761497795.json"
"581514","221282","2025-10-31","36.00","NZD","1761497795","23477/2025-10-31/1761497795.json"
"512557","146154","2025-10-31","45.00","NZD","1761497795","23477/2025-10-31/1761497795.json"
"365170","146153","2025-10-31","48.00","NZD","1761497795","23477/2025-10-31/1761497795.json"
"510807","146155","2025-10-31","52.00","NZD","1761497795","23477/2025-10-31/1761497795.json"
"581513","221281","2025-11-02","36.00","NZD","1761497795","23477/2025-11-02/1761497795.json"
"581514","221282","2025-11-02","36.00","NZD","1761497795","23477/2025-11-02/1761497795.json"
"512557","146154","2025-11-02","45.00","NZD","1761497795","23477/2025-11-02/1761497795.json"
"365170","146153","2025-11-02","48.00","NZD","1761497795","23477/2025-11-02/1761497795.json"
"510807","146155","2025-11-02","52.00","NZD","1761497795","23477/2025-11-02/1761497795.json"
"581513","221281","2025-11-01","36.00","NZD","1761497795","23477/2025-11-01/1761497795.json"
"581514","221282","2025-11-01","36.00","NZD","1761497795","23477/2025-11-01/1761497795.json"
"512557","146154","2025-11-01","45.00","NZD","1761497795","23477/2025-11-01/1761497795.json"
"365170","146153","2025-11-01","48.00","NZD","1761497795","23477/2025-11-01/1761497795.json"
"510807","146155","2025-11-01","52.00","NZD","1761497795","23477/2025-11-01/1761497795.json"
"581513","221281","2025-11-04","36.00","NZD","1761497795","23477/2025-11-04/1761497795.json"
"581514","221282","2025-11-04","36.00","NZD","1761497795","23477/2025-11-04/1761497795.json"
"512557","146154","2025-11-04","45.00","NZD","1761497795","23477/2025-11-04/1761497795.json"
"365170","146153","2025-11-04","48.00","NZD","1761497795","23477/2025-11-04/1761497795.json"
"510807","146155","2025-11-04","52.00","NZD","1761497795","23477/2025-11-04/1761497795.json"
"581513","221281","2025-11-03","36.00","NZD","1761497795","23477/2025-11-03/1761497795.json"
"581514","221282","2025-11-03","36.00","NZD","1761497795","23477/2025-11-03/1761497795.json"
"512557","146154","2025-11-03","45.00","NZD","1761497795","23477/2025-11-03/1761497795.json"
"365170","146153","2025-11-03","48.00","NZD","1761497795","23477/2025-11-03/1761497795.json"
"510807","146155","2025-11-03","52.00","NZD","1761497795","23477/2025-11-03/1761497795.json"
"581513","221281","2025-11-06","36.00","NZD","1761497795","23477/2025-11-06/1761497795.json"
"581514","221282","2025-11-06","36.00","NZD","1761497795","23477/2025-11-06/1761497795.json"
"512557","146154","2025-11-06","45.00","NZD","1761497795","23477/2025-11-06/1761497795.json"
"365170","146153","2025-11-06","48.00","NZD","1761497795","23477/2025-11-06/1761497795.json"
"510807","146155","2025-11-06","52.00","NZD","1761497795","23477/2025-11-06/1761497795.json"
"581513","221281","2025-11-08","36.00","NZD","1761497795","23477/2025-11-08/1761497795.json"
"581514","221282","2025-11-08","36.00","NZD","1761497795","23477/2025-11-08/1761497795.json"
"512557","146154","2025-11-08","45.00","NZD","1761497795","23477/2025-11-08/1761497795.json"
"365170","146153","2025-11-08","48.00","NZD","1761497795","23477/2025-11-08/1761497795.json"
"510807","146155","2025-11-08","52.00","NZD","1761497795","23477/2025-11-08/1761497795.json"
"581513","221281","2025-11-07","36.00","NZD","1761497795","23477/2025-11-07/1761497795.json"
"581514","221282","2025-11-07","36.00","NZD","1761497795","23477/2025-11-07/1761497795.json"
"512557","146154","2025-11-07","45.00","NZD","1761497795","23477/2025-11-07/1761497795.json"
"365170","146153","2025-11-07","48.00","NZD","1761497795","23477/2025-11-07/1761497795.json"
"510807","146155","2025-11-07","52.00","NZD","1761497795","23477/2025-11-07/1761497795.json"
"581513","221281","2025-11-09","36.00","NZD","1761497795","23477/2025-11-09/1761497795.json"
"581514","221282","2025-11-09","36.00","NZD","1761497795","23477/2025-11-09/1761497795.json"
"512557","146154","2025-11-09","45.00","NZD","1761497795","23477/2025-11-09/1761497795.json"
"365170","146153","2025-11-09","48.00","NZD","1761497795","23477/2025-11-09/1761497795.json"
"510807","146155","2025-11-09","52.00","NZD","1761497795","23477/2025-11-09/1761497795.json"
"581513","221281","2025-11-11","36.00","NZD","1761497795","23477/2025-11-11/1761497795.json"
"581513","221281","2025-11-10","36.00","NZD","1761497795","23477/2025-11-10/1761497795.json"
"581514","221282","2025-11-11","36.00","NZD","1761497795","23477/2025-11-11/1761497795.json"
"581514","221282","2025-11-10","36.00","NZD","1761497795","23477/2025-11-10/1761497795.json"
"512557","146154","2025-11-10","45.00","NZD","1761497795","23477/2025-11-10/1761497795.json"
"512557","146154","2025-11-11","45.00","NZD","1761497795","23477/2025-11-11/1761497795.json"
"365170","146153","2025-11-10","48.00","NZD","1761497795","23477/2025-11-10/1761497795.json"
"510807","146155","2025-11-10","52.00","NZD","1761497795","23477/2025-11-10/1761497795.json"
"365170","146153","2025-11-11","48.00","NZD","1761497795","23477/2025-11-11/1761497795.json"
"510807","146155","2025-11-11","52.00","NZD","1761497795","23477/2025-11-11/1761497795.json"
"581513","221281","2025-11-12","36.00","NZD","1761497795","23477/2025-11-12/1761497795.json"
"581514","221282","2025-11-12","36.00","NZD","1761497795","23477/2025-11-12/1761497795.json"
"512557","146154","2025-11-12","45.00","NZD","1761497795","23477/2025-11-12/1761497795.json"
"365170","146153","2025-11-12","48.00","NZD","1761497795","23477/2025-11-12/1761497795.json"
"510807","146155","2025-11-12","52.00","NZD","1761497795","23477/2025-11-12/1761497795.json"
"581513","221281","2025-11-05","36.00","NZD","1761497795","23477/2025-11-05/1761497795.json"
"581514","221282","2025-11-05","36.00","NZD","1761497795","23477/2025-11-05/1761497795.json"
"512557","146154","2025-11-05","45.00","NZD","1761497795","23477/2025-11-05/1761497795.json"
"365170","146153","2025-11-05","48.00","NZD","1761497795","23477/2025-11-05/1761497795.json"
"510807","146155","2025-11-05","52.00","NZD","1761497795","23477/2025-11-05/1761497795.json"
"581513","221281","2025-11-13","36.00","NZD","1761497795","23477/2025-11-13/1761497795.json"
"581514","221282","2025-11-13","36.00","NZD","1761497795","23477/2025-11-13/1761497795.json"
"512557","146154","2025-11-13","45.00","NZD","1761497795","23477/2025-11-13/1761497795.json"
"365170","146153","2025-11-13","48.00","NZD","1761497795","23477/2025-11-13/1761497795.json"
"510807","146155","2025-11-13","52.00","NZD","1761497795","23477/2025-11-13/1761497795.json"
"581513","221281","2025-11-14","36.00","NZD","1761497795","23477/2025-11-14/1761497795.json"
"581514","221282","2025-11-14","36.00","NZD","1761497795","23477/2025-11-14/1761497795.json"
"512557","146154","2025-11-14","45.00","NZD","1761497795","23477/2025-11-14/1761497795.json"
"365170","146153","2025-11-14","48.00","NZD","1761497795","23477/2025-11-14/1761497795.json"
"510807","146155","2025-11-14","52.00","NZD","1761497795","23477/2025-11-14/1761497795.json"
"581513","221281","2025-11-15","36.00","NZD","1761497795","23477/2025-11-15/1761497795.json"
"581514","221282","2025-11-15","36.00","NZD","1761497795","23477/2025-11-15/1761497795.json"
"512557","146154","2025-11-15","45.00","NZD","1761497795","23477/2025-11-15/1761497795.json"
"365170","146153","2025-11-15","48.00","NZD","1761497795","23477/2025-11-15/1761497795.json"
"510807","146155","2025-11-15","52.00","NZD","1761497795","23477/2025-11-15/1761497795.json"
"581513","221281","2025-11-17","36.00","NZD","1761497795","23477/2025-11-17/1761497795.json"
"581514","221282","2025-11-17","36.00","NZD","1761497795","23477/2025-11-17/1761497795.json"
"512557","146154","2025-11-17","45.00","NZD","1761497795","23477/2025-11-17/1761497795.json"
"365170","146153","2025-11-17","48.00","NZD","1761497795","23477/2025-11-17/1761497795.json"
"510807","146155","2025-11-17","52.00","NZD","1761497795","23477/2025-11-17/1761497795.json"
"581513","221281","2025-11-16","36.00","NZD","1761497795","23477/2025-11-16/1761497795.json"
"581514","221282","2025-11-16","36.00","NZD","1761497795","23477/2025-11-16/1761497795.json"
"512557","146154","2025-11-16","45.00","NZD","1761497795","23477/2025-11-16/1761497795.json"
"365170","146153","2025-11-16","48.00","NZD","1761497795","23477/2025-11-16/1761497795.json"
"510807","146155","2025-11-16","52.00","NZD","1761497795","23477/2025-11-16/1761497795.json"
"581513","221281","2025-11-18","36.00","NZD","1761497795","23477/2025-11-18/1761497795.json"
"581514","221282","2025-11-18","36.00","NZD","1761497795","23477/2025-11-18/1761497795.json"
"512557","146154","2025-11-18","45.00","NZD","1761497795","23477/2025-11-18/1761497795.json"
"365170","146153","2025-11-18","48.00","NZD","1761497795","23477/2025-11-18/1761497795.json"
"510807","146155","2025-11-18","52.00","NZD","1761497795","23477/2025-11-18/1761497795.json"
"581513","221281","2025-11-19","36.00","NZD","1761497795","23477/2025-11-19/1761497795.json"
"581514","221282","2025-11-19","36.00","NZD","1761497795","23477/2025-11-19/1761497795.json"
"512557","146154","2025-11-19","45.00","NZD","1761497795","23477/2025-11-19/1761497795.json"
"365170","146153","2025-11-19","48.00","NZD","1761497795","23477/2025-11-19/1761497795.json"
"510807","146155","2025-11-19","52.00","NZD","1761497795","23477/2025-11-19/1761497795.json"
"581513","221281","2025-11-20","36.00","NZD","1761497795","23477/2025-11-20/1761497795.json"
"581514","221282","2025-11-20","36.00","NZD","1761497795","23477/2025-11-20/1761497795.json"
"512557","146154","2025-11-20","45.00","NZD","1761497795","23477/2025-11-20/1761497795.json"
"581513","221281","2025-11-21","36.00","NZD","1761497795","23477/2025-11-21/1761497795.json"
"581514","221282","2025-11-21","36.00","NZD","1761497795","23477/2025-11-21/1761497795.json"
"512557","146154","2025-11-21","45.00","NZD","1761497795","23477/2025-11-21/1761497795.json"
"365170","146153","2025-11-21","48.00","NZD","1761497795","23477/2025-11-21/1761497795.json"
"510807","146155","2025-11-21","52.00","NZD","1761497795","23477/2025-11-21/1761497795.json"
"581513","221281","2025-11-22","36.00","NZD","1761497795","23477/2025-11-22/1761497795.json"
"581514","221282","2025-11-22","36.00","NZD","1761497795","23477/2025-11-22/1761497795.json"
"512557","146154","2025-11-22","45.00","NZD","1761497795","23477/2025-11-22/1761497795.json"
"365170","146153","2025-11-22","48.00","NZD","1761497795","23477/2025-11-22/1761497795.json"
"510807","146155","2025-11-22","52.00","NZD","1761497795","23477/2025-11-22/1761497795.json"
"581513","221281","2025-11-23","36.00","NZD","1761497795","23477/2025-11-23/1761497795.json"
"581514","221282","2025-11-23","36.00","NZD","1761497795","23477/2025-11-23/1761497795.json"
"512557","146154","2025-11-23","45.00","NZD","1761497795","23477/2025-11-23/1761497795.json"
"365170","146153","2025-11-23","48.00","NZD","1761497795","23477/2025-11-23/1761497795.json"
"510807","146155","2025-11-23","52.00","NZD","1761497795","23477/2025-11-23/1761497795.json"
"581513","221281","2025-11-25","36.00","NZD","1761497795","23477/2025-11-25/1761497795.json"
"581514","221282","2025-11-25","36.00","NZD","1761497795","23477/2025-11-25/1761497795.json"
"512557","146154","2025-11-25","45.00","NZD","1761497795","23477/2025-11-25/1761497795.json"
"365170","146153","2025-11-25","48.00","NZD","1761497795","23477/2025-11-25/1761497795.json"
"510807","146155","2025-11-25","52.00","NZD","1761497795","23477/2025-11-25/1761497795.json"
"581513","221281","2025-11-26","36.00","NZD","1761497795","23477/2025-11-26/1761497795.json"
"581514","221282","2025-11-26","36.00","NZD","1761497795","23477/2025-11-26/1761497795.json"
"512557","146154","2025-11-26","45.00","NZD","1761497795","23477/2025-11-26/1761497795.json"
"365170","146153","2025-11-26","48.00","NZD","1761497795","23477/2025-11-26/1761497795.json"
"510807","146155","2025-11-26","52.00","NZD","1761497795","23477/2025-11-26/1761497795.json"
"581513","221281","2025-11-27","36.00","NZD","1761497795","23477/2025-11-27/1761497795.json"
"581514","221282","2025-11-27","36.00","NZD","1761497795","23477/2025-11-27/1761497795.json"
"512557","146154","2025-11-27","45.00","NZD","1761497795","23477/2025-11-27/1761497795.json"
"365170","146153","2025-11-27","48.00","NZD","1761497795","23477/2025-11-27/1761497795.json"
"510807","146155","2025-11-27","52.00","NZD","1761497795","23477/2025-11-27/1761497795.json"
"581513","221281","2025-11-24","36.00","NZD","1761497795","23477/2025-11-24/1761497795.json"
"581514","221282","2025-11-24","36.00","NZD","1761497795","23477/2025-11-24/1761497795.json"
"512557","146154","2025-11-24","45.00","NZD","1761497795","23477/2025-11-24/1761497795.json"
"365170","146153","2025-11-24","48.00","NZD","1761497795","23477/2025-11-24/1761497795.json"
"510807","146155","2025-11-24","52.00","NZD","1761497795","23477/2025-11-24/1761497795.json"
"581513","221281","2025-11-28","36.00","NZD","1761497795","23477/2025-11-28/1761497795.json"
"581514","221282","2025-11-28","36.00","NZD","1761497795","23477/2025-11-28/1761497795.json"
"512557","146154","2025-11-28","45.00","NZD","1761497795","23477/2025-11-28/1761497795.json"
"365170","146153","2025-11-28","48.00","NZD","1761497795","23477/2025-11-28/1761497795.json"
"510807","146155","2025-11-28","52.00","NZD","1761497795","23477/2025-11-28/1761497795.json"
"581513","221281","2025-11-29","36.00","NZD","1761497795","23477/2025-11-29/1761497795.json"
"581514","221282","2025-11-29","36.00","NZD","1761497795","23477/2025-11-29/1761497795.json"
"512557","146154","2025-11-29","45.00","NZD","1761497795","23477/2025-11-29/1761497795.json"
"365170","146153","2025-11-29","48.00","NZD","1761497795","23477/2025-11-29/1761497795.json"
"510807","146155","2025-11-29","52.00","NZD","1761497795","23477/2025-11-29/1761497795.json"
"581513","221281","2025-11-30","36.00","NZD","1761497795","23477/2025-11-30/1761497795.json"
"581514","221282","2025-11-30","36.00","NZD","1761497795","23477/2025-11-30/1761497795.json"
"512557","146154","2025-11-30","45.00","NZD","1761497795","23477/2025-11-30/1761497795.json"
"365170","146153","2025-11-30","48.00","NZD","1761497795","23477/2025-11-30/1761497795.json"
"510807","146155","2025-11-30","52.00","NZD","1761497795","23477/2025-11-30/1761497795.json"
"581513","221281","2025-12-01","36.00","NZD","1761497795","23477/2025-12-01/1761497795.json"
"581514","221282","2025-12-01","36.00","NZD","1761497795","23477/2025-12-01/1761497795.json"
"512557","146154","2025-12-01","45.00","NZD","1761497795","23477/2025-12-01/1761497795.json"
"365170","146153","2025-12-01","48.00","NZD","1761497795","23477/2025-12-01/1761497795.json"
"510807","146155","2025-12-01","52.00","NZD","1761497795","23477/2025-12-01/1761497795.json"
"581513","221281","2025-12-03","36.00","NZD","1761497795","23477/2025-12-03/1761497795.json"
"581514","221282","2025-12-03","36.00","NZD","1761497795","23477/2025-12-03/1761497795.json"
"512557","146154","2025-12-03","45.00","NZD","1761497795","23477/2025-12-03/1761497795.json"
"365170","146153","2025-12-03","48.00","NZD","1761497795","23477/2025-12-03/1761497795.json"
"510807","146155","2025-12-03","52.00","NZD","1761497795","23477/2025-12-03/1761497795.json"
"581513","221281","2025-12-02","36.00","NZD","1761497795","23477/2025-12-02/1761497795.json"
"581514","221282","2025-12-02","36.00","NZD","1761497795","23477/2025-12-02/1761497795.json"
"512557","146154","2025-12-02","45.00","NZD","1761497795","23477/2025-12-02/1761497795.json"
"365170","146153","2025-12-02","48.00","NZD","1761497795","23477/2025-12-02/1761497795.json"
"510807","146155","2025-12-02","52.00","NZD","1761497795","23477/2025-12-02/1761497795.json"
"581513","221281","2025-12-05","36.00","NZD","1761497795","23477/2025-12-05/1761497795.json"
"581514","221282","2025-12-05","36.00","NZD","1761497795","23477/2025-12-05/1761497795.json"
"512557","146154","2025-12-05","45.00","NZD","1761497795","23477/2025-12-05/1761497795.json"
"365170","146153","2025-12-05","48.00","NZD","1761497795","23477/2025-12-05/1761497795.json"
"510807","146155","2025-12-05","52.00","NZD","1761497795","23477/2025-12-05/1761497795.json"
"581513","221281","2025-12-06","36.00","NZD","1761497795","23477/2025-12-06/1761497795.json"
"581514","221282","2025-12-06","36.00","NZD","1761497795","23477/2025-12-06/1761497795.json"
"512557","146154","2025-12-06","45.00","NZD","1761497795","23477/2025-12-06/1761497795.json"
"365170","146153","2025-12-06","48.00","NZD","1761497795","23477/2025-12-06/1761497795.json"
"510807","146155","2025-12-06","52.00","NZD","1761497795","23477/2025-12-06/1761497795.json"
"581513","221281","2025-12-07","36.00","NZD","1761497795","23477/2025-12-07/1761497795.json"
"581514","221282","2025-12-07","36.00","NZD","1761497795","23477/2025-12-07/1761497795.json"
"512557","146154","2025-12-07","45.00","NZD","1761497795","23477/2025-12-07/1761497795.json"
"365170","146153","2025-12-07","48.00","NZD","1761497795","23477/2025-12-07/1761497795.json"
"510807","146155","2025-12-07","52.00","NZD","1761497795","23477/2025-12-07/1761497795.json"
"581513","221281","2025-12-08","36.00","NZD","1761497795","23477/2025-12-08/1761497795.json"
"581514","221282","2025-12-08","36.00","NZD","1761497795","23477/2025-12-08/1761497795.json"
"512557","146154","2025-12-08","45.00","NZD","1761497795","23477/2025-12-08/1761497795.json"
"365170","146153","2025-12-08","48.00","NZD","1761497795","23477/2025-12-08/1761497795.json"
"510807","146155","2025-12-08","52.00","NZD","1761497795","23477/2025-12-08/1761497795.json"
"581513","221281","2025-12-09","36.00","NZD","1761497795","23477/2025-12-09/1761497795.json"
"581514","221282","2025-12-09","36.00","NZD","1761497795","23477/2025-12-09/1761497795.json"
"512557","146154","2025-12-09","45.00","NZD","1761497795","23477/2025-12-09/1761497795.json"
"365170","146153","2025-12-09","48.00","NZD","1761497795","23477/2025-12-09/1761497795.json"
"510807","146155","2025-12-09","52.00","NZD","1761497795","23477/2025-12-09/1761497795.json"
"581513","221281","2025-12-10","36.00","NZD","1761497795","23477/2025-12-10/1761497795.json"
"581514","221282","2025-12-10","36.00","NZD","1761497795","23477/2025-12-10/1761497795.json"
"512557","146154","2025-12-10","45.00","NZD","1761497795","23477/2025-12-10/1761497795.json"
"365170","146153","2025-12-10","48.00","NZD","1761497795","23477/2025-12-10/1761497795.json"
"510807","146155","2025-12-10","52.00","NZD","1761497795","23477/2025-12-10/1761497795.json"
"581513","221281","2025-12-11","36.00","NZD","1761497795","23477/2025-12-11/1761497795.json"
"581514","221282","2025-12-11","36.00","NZD","1761497795","23477/2025-12-11/1761497795.json"
"512557","146154","2025-12-11","45.00","NZD","1761497795","23477/2025-12-11/1761497795.json"
"365170","146153","2025-12-11","48.00","NZD","1761497795","23477/2025-12-11/1761497795.json"
"510807","146155","2025-12-11","52.00","NZD","1761497795","23477/2025-12-11/1761497795.json"
"581513","221281","2025-12-04","36.00","NZD","1761497795","23477/2025-12-04/1761497795.json"
"581514","221282","2025-12-04","36.00","NZD","1761497795","23477/2025-12-04/1761497795.json"
"512557","146154","2025-12-04","45.00","NZD","1761497795","23477/2025-12-04/1761497795.json"
"365170","146153","2025-12-04","48.00","NZD","1761497795","23477/2025-12-04/1761497795.json"
"510807","146155","2025-12-04","52.00","NZD","1761497795","23477/2025-12-04/1761497795.json"
"581513","221281","2025-12-12","36.00","NZD","1761497795","23477/2025-12-12/1761497795.json"
"581514","221282","2025-12-12","36.00","NZD","1761497795","23477/2025-12-12/1761497795.json"
"512557","146154","2025-12-12","45.00","NZD","1761497795","23477/2025-12-12/1761497795.json"
"365170","146153","2025-12-12","48.00","NZD","1761497795","23477/2025-12-12/1761497795.json"
"510807","146155","2025-12-12","52.00","NZD","1761497795","23477/2025-12-12/1761497795.json"
"581513","221281","2025-12-13","36.00","NZD","1761497795","23477/2025-12-13/1761497795.json"
"581514","221282","2025-12-13","36.00","NZD","1761497795","23477/2025-12-13/1761497795.json"
"512557","146154","2025-12-13","45.00","NZD","1761497795","23477/2025-12-13/1761497795.json"
"365170","146153","2025-12-13","48.00","NZD","1761497795","23477/2025-12-13/1761497795.json"
"510807","146155","2025-12-13","52.00","NZD","1761497795","23477/2025-12-13/1761497795.json"
"581513","221281","2025-12-14","36.00","NZD","1761497795","23477/2025-12-14/1761497795.json"
"581514","221282","2025-12-14","36.00","NZD","1761497795","23477/2025-12-14/1761497795.json"
"512557","146154","2025-12-14","45.00","NZD","1761497795","23477/2025-12-14/1761497795.json"
"365170","146153","2025-12-14","48.00","NZD","1761497795","23477/2025-12-14/1761497795.json"
"510807","146155","2025-12-14","52.00","NZD","1761497795","23477/2025-12-14/1761497795.json"
"581513","221281","2025-12-16","36.00","NZD","1761497795","23477/2025-12-16/1761497795.json"
"581514","221282","2025-12-16","36.00","NZD","1761497795","23477/2025-12-16/1761497795.json"
"512557","146154","2025-12-16","45.00","NZD","1761497795","23477/2025-12-16/1761497795.json"
"365170","146153","2025-12-16","48.00","NZD","1761497795","23477/2025-12-16/1761497795.json"
"510807","146155","2025-12-16","52.00","NZD","1761497795","23477/2025-12-16/1761497795.json"
"581513","221281","2025-12-15","36.00","NZD","1761497795","23477/2025-12-15/1761497795.json"
"581514","221282","2025-12-15","36.00","NZD","1761497795","23477/2025-12-15/1761497795.json"
"512557","146154","2025-12-15","45.00","NZD","1761497795","23477/2025-12-15/1761497795.json"
"365170","146153","2025-12-15","48.00","NZD","1761497795","23477/2025-12-15/1761497795.json"
"510807","146155","2025-12-15","52.00","NZD","1761497795","23477/2025-12-15/1761497795.json"
"581513","221281","2025-12-18","36.00","NZD","1761497795","23477/2025-12-18/1761497795.json"
"581514","221282","2025-12-18","36.00","NZD","1761497795","23477/2025-12-18/1761497795.json"
"512557","146154","2025-12-18","45.00","NZD","1761497795","23477/2025-12-18/1761497795.json"
"365170","146153","2025-12-18","48.00","NZD","1761497795","23477/2025-12-18/1761497795.json"
"510807","146155","2025-12-18","52.00","NZD","1761497795","23477/2025-12-18/1761497795.json"
"581513","221281","2025-12-17","36.00","NZD","1761497795","23477/2025-12-17/1761497795.json"
"581514","221282","2025-12-17","36.00","NZD","1761497795","23477/2025-12-17/1761497795.json"
"512557","146154","2025-12-17","45.00","NZD","1761497795","23477/2025-12-17/1761497795.json"
"365170","146153","2025-12-17","48.00","NZD","1761497795","23477/2025-12-17/1761497795.json"
"510807","146155","2025-12-17","52.00","NZD","1761497795","23477/2025-12-17/1761497795.json"
"581513","221281","2025-12-20","36.00","NZD","1761497795","23477/2025-12-20/1761497795.json"
"581514","221282","2025-12-20","36.00","NZD","1761497795","23477/2025-12-20/1761497795.json"
"512557","146154","2025-12-20","45.00","NZD","1761497795","23477/2025-12-20/1761497795.json"
"365170","146153","2025-12-20","48.00","NZD","1761497795","23477/2025-12-20/1761497795.json"
"510807","146155","2025-12-20","52.00","NZD","1761497795","23477/2025-12-20/1761497795.json"
"581513","221281","2025-12-19","36.00","NZD","1761497795","23477/2025-12-19/1761497795.json"
"581514","221282","2025-12-19","36.00","NZD","1761497795","23477/2025-12-19/1761497795.json"
"512557","146154","2025-12-19","45.00","NZD","1761497795","23477/2025-12-19/1761497795.json"
"365170","146153","2025-12-19","48.00","NZD","1761497795","23477/2025-12-19/1761497795.json"
"510807","146155","2025-12-19","52.00","NZD","1761497795","23477/2025-12-19/1761497795.json"
"581513","221281","2025-12-21","36.00","NZD","1761497795","23477/2025-12-21/1761497795.json"
"581514","221282","2025-12-21","36.00","NZD","1761497795","23477/2025-12-21/1761497795.json"
"512557","146154","2025-12-21","45.00","NZD","1761497795","23477/2025-12-21/1761497795.json"
"365170","146153","2025-12-21","48.00","NZD","1761497795","23477/2025-12-21/1761497795.json"
"510807","146155","2025-12-21","52.00","NZD","1761497795","23477/2025-12-21/1761497795.json"
"581513","221281","2025-12-22","36.00","NZD","1761497795","23477/2025-12-22/1761497795.json"
"581514","221282","2025-12-22","36.00","NZD","1761497795","23477/2025-12-22/1761497795.json"
"512557","146154","2025-12-22","45.00","NZD","1761497795","23477/2025-12-22/1761497795.json"
"365170","146153","2025-12-22","48.00","NZD","1761497795","23477/2025-12-22/1761497795.json"
"510807","146155","2025-12-22","52.00","NZD","1761497795","23477/2025-12-22/1761497795.json"
"581513","221281","2025-12-23","38.00","NZD","1761497795","23477/2025-12-23/1761497795.json"
"581514","221282","2025-12-23","38.00","NZD","1761497795","23477/2025-12-23/1761497795.json"
"512557","146154","2025-12-23","45.00","NZD","1761497795","23477/2025-12-23/1761497795.json"
"365170","146153","2025-12-23","48.00","NZD","1761497795","23477/2025-12-23/1761497795.json"
"510807","146155","2025-12-23","52.00","NZD","1761497795","23477/2025-12-23/1761497795.json"
"581513","221281","2025-12-24","38.00","NZD","1761497795","23477/2025-12-24/1761497795.json"
"581514","221282","2025-12-24","38.00","NZD","1761497795","23477/2025-12-24/1761497795.json"
"512557","146154","2025-12-24","45.00","NZD","1761497795","23477/2025-12-24/1761497795.json"
"365170","146153","2025-12-24","48.00","NZD","1761497795","23477/2025-12-24/1761497795.json"
"510807","146155","2025-12-24","52.00","NZD","1761497795","23477/2025-12-24/1761497795.json"
"581513","221281","2025-12-25","38.00","NZD","1761497795","23477/2025-12-25/1761497795.json"
"581514","221282","2025-12-25","38.00","NZD","1761497795","23477/2025-12-25/1761497795.json"
"512557","146154","2025-12-25","45.00","NZD","1761497795","23477/2025-12-25/1761497795.json"
"365170","146153","2025-12-25","48.00","NZD","1761497795","23477/2025-12-25/1761497795.json"
"510807","146155","2025-12-25","52.00","NZD","1761497795","23477/2025-12-25/1761497795.json"
"581513","221281","2025-10-28","36.00","NZD","1761511933","23477/2025-10-28/1761511933.json"
"581514","221282","2025-10-28","36.00","NZD","1761511933","23477/2025-10-28/1761511933.json"
"512557","146154","2025-10-28","45.00","NZD","1761511933","23477/2025-10-28/1761511933.json"
"365170","146153","2025-10-28","48.00","NZD","1761511933","23477/2025-10-28/1761511933.json"
"510807","146155","2025-10-28","52.00","NZD","1761511933","23477/2025-10-28/1761511933.json"
"581513","221281","2025-10-29","36.00","NZD","1761511933","23477/2025-10-29/1761511933.json"
"581514","221282","2025-10-29","36.00","NZD","1761511933","23477/2025-10-29/1761511933.json"
"512557","146154","2025-10-29","45.00","NZD","1761511933","23477/2025-10-29/1761511933.json"
"365170","146153","2025-10-29","48.00","NZD","1761511933","23477/2025-10-29/1761511933.json"
"510807","146155","2025-10-29","52.00","NZD","1761511933","23477/2025-10-29/1761511933.json"
"581513","221281","2025-10-27","38.00","NZD","1761511933","23477/2025-10-27/1761511933.json"
"581514","221282","2025-10-27","38.00","NZD","1761511933","23477/2025-10-27/1761511933.json"
"512557","146154","2025-10-27","45.00","NZD","1761511933","23477/2025-10-27/1761511933.json"
"365170","146153","2025-10-27","48.00","NZD","1761511933","23477/2025-10-27/1761511933.json"
"510807","146155","2025-10-27","52.00","NZD","1761511933","23477/2025-10-27/1761511933.json"
"581513","221281","2025-10-30","36.00","NZD","1761511933","23477/2025-10-30/1761511933.json"
"581514","221282","2025-10-30","36.00","NZD","1761511933","23477/2025-10-30/1761511933.json"
"512557","146154","2025-10-30","45.00","NZD","1761511933","23477/2025-10-30/1761511933.json"
"365170","146153","2025-10-30","48.00","NZD","1761511933","23477/2025-10-30/1761511933.json"
"510807","146155","2025-10-30","52.00","NZD","1761511933","23477/2025-10-30/1761511933.json"
"581513","221281","2025-10-31","36.00","NZD","1761511933","23477/2025-10-31/1761511933.json"
"581514","221282","2025-10-31","36.00","NZD","1761511933","23477/2025-10-31/1761511933.json"
"512557","146154","2025-10-31","45.00","NZD","1761511933","23477/2025-10-31/1761511933.json"
"365170","146153","2025-10-31","48.00","NZD","1761511933","23477/2025-10-31/1761511933.json"
"510807","146155","2025-10-31","52.00","NZD","1761511933","23477/2025-10-31/1761511933.json"
"581513","221281","2025-11-01","36.00","NZD","1761511933","23477/2025-11-01/1761511933.json"
"581514","221282","2025-11-01","36.00","NZD","1761511933","23477/2025-11-01/1761511933.json"
"512557","146154","2025-11-01","45.00","NZD","1761511933","23477/2025-11-01/1761511933.json"
"365170","146153","2025-11-01","48.00","NZD","1761511933","23477/2025-11-01/1761511933.json"
"510807","146155","2025-11-01","52.00","NZD","1761511933","23477/2025-11-01/1761511933.json"
"581513","221281","2025-11-02","36.00","NZD","1761511933","23477/2025-11-02/1761511933.json"
"581514","221282","2025-11-02","36.00","NZD","1761511933","23477/2025-11-02/1761511933.json"
"512557","146154","2025-11-02","45.00","NZD","1761511933","23477/2025-11-02/1761511933.json"
"365170","146153","2025-11-02","48.00","NZD","1761511933","23477/2025-11-02/1761511933.json"
"510807","146155","2025-11-02","52.00","NZD","1761511933","23477/2025-11-02/1761511933.json"
"581513","221281","2025-11-03","36.00","NZD","1761511933","23477/2025-11-03/1761511933.json"
"581514","221282","2025-11-03","36.00","NZD","1761511933","23477/2025-11-03/1761511933.json"
"512557","146154","2025-11-03","45.00","NZD","1761511933","23477/2025-11-03/1761511933.json"
"365170","146153","2025-11-03","48.00","NZD","1761511933","23477/2025-11-03/1761511933.json"
"510807","146155","2025-11-03","52.00","NZD","1761511933","23477/2025-11-03/1761511933.json"
"581513","221281","2025-11-04","36.00","NZD","1761511933","23477/2025-11-04/1761511933.json"
"581514","221282","2025-11-04","36.00","NZD","1761511933","23477/2025-11-04/1761511933.json"
"512557","146154","2025-11-04","45.00","NZD","1761511933","23477/2025-11-04/1761511933.json"
"365170","146153","2025-11-04","48.00","NZD","1761511933","23477/2025-11-04/1761511933.json"
"510807","146155","2025-11-04","52.00","NZD","1761511933","23477/2025-11-04/1761511933.json"
"581513","221281","2025-11-05","36.00","NZD","1761511933","23477/2025-11-05/1761511933.json"
"581514","221282","2025-11-05","36.00","NZD","1761511933","23477/2025-11-05/1761511933.json"
"512557","146154","2025-11-05","45.00","NZD","1761511933","23477/2025-11-05/1761511933.json"
"365170","146153","2025-11-05","48.00","NZD","1761511933","23477/2025-11-05/1761511933.json"
"510807","146155","2025-11-05","52.00","NZD","1761511933","23477/2025-11-05/1761511933.json"
"581513","221281","2025-11-06","36.00","NZD","1761511933","23477/2025-11-06/1761511933.json"
"581513","221281","2025-11-07","36.00","NZD","1761511933","23477/2025-11-07/1761511933.json"
"581514","221282","2025-11-06","36.00","NZD","1761511933","23477/2025-11-06/1761511933.json"
"581514","221282","2025-11-07","36.00","NZD","1761511933","23477/2025-11-07/1761511933.json"
"512557","146154","2025-11-07","45.00","NZD","1761511933","23477/2025-11-07/1761511933.json"
"512557","146154","2025-11-06","45.00","NZD","1761511933","23477/2025-11-06/1761511933.json"
"365170","146153","2025-11-07","48.00","NZD","1761511933","23477/2025-11-07/1761511933.json"
"510807","146155","2025-11-07","52.00","NZD","1761511933","23477/2025-11-07/1761511933.json"
"365170","146153","2025-11-06","48.00","NZD","1761511933","23477/2025-11-06/1761511933.json"
"510807","146155","2025-11-06","52.00","NZD","1761511933","23477/2025-11-06/1761511933.json"
"581513","221281","2025-11-08","36.00","NZD","1761511933","23477/2025-11-08/1761511933.json"
"581514","221282","2025-11-08","36.00","NZD","1761511933","23477/2025-11-08/1761511933.json"
"512557","146154","2025-11-08","45.00","NZD","1761511933","23477/2025-11-08/1761511933.json"
"365170","146153","2025-11-08","48.00","NZD","1761511933","23477/2025-11-08/1761511933.json"
"510807","146155","2025-11-08","52.00","NZD","1761511933","23477/2025-11-08/1761511933.json"
"581513","221281","2025-11-12","36.00","NZD","1761511933","23477/2025-11-12/1761511933.json"
"581514","221282","2025-11-12","36.00","NZD","1761511933","23477/2025-11-12/1761511933.json"
"512557","146154","2025-11-12","45.00","NZD","1761511933","23477/2025-11-12/1761511933.json"
"365170","146153","2025-11-12","48.00","NZD","1761511933","23477/2025-11-12/1761511933.json"
"510807","146155","2025-11-12","52.00","NZD","1761511933","23477/2025-11-12/1761511933.json"
"581513","221281","2025-11-09","36.00","NZD","1761511933","23477/2025-11-09/1761511933.json"
"581514","221282","2025-11-09","36.00","NZD","1761511933","23477/2025-11-09/1761511933.json"
"512557","146154","2025-11-09","45.00","NZD","1761511933","23477/2025-11-09/1761511933.json"
"365170","146153","2025-11-09","48.00","NZD","1761511933","23477/2025-11-09/1761511933.json"
"510807","146155","2025-11-09","52.00","NZD","1761511933","23477/2025-11-09/1761511933.json"
"581513","221281","2025-11-11","36.00","NZD","1761511933","23477/2025-11-11/1761511933.json"
"581514","221282","2025-11-11","36.00","NZD","1761511933","23477/2025-11-11/1761511933.json"
"512557","146154","2025-11-11","45.00","NZD","1761511933","23477/2025-11-11/1761511933.json"
"365170","146153","2025-11-11","48.00","NZD","1761511933","23477/2025-11-11/1761511933.json"
"510807","146155","2025-11-11","52.00","NZD","1761511933","23477/2025-11-11/1761511933.json"
"581513","221281","2025-11-10","36.00","NZD","1761511933","23477/2025-11-10/1761511933.json"
"581514","221282","2025-11-10","36.00","NZD","1761511933","23477/2025-11-10/1761511933.json"
"512557","146154","2025-11-10","45.00","NZD","1761511933","23477/2025-11-10/1761511933.json"
"365170","146153","2025-11-10","48.00","NZD","1761511933","23477/2025-11-10/1761511933.json"
"510807","146155","2025-11-10","52.00","NZD","1761511933","23477/2025-11-10/1761511933.json"
"581513","221281","2025-11-13","36.00","NZD","1761511933","23477/2025-11-13/1761511933.json"
"581514","221282","2025-11-13","36.00","NZD","1761511933","23477/2025-11-13/1761511933.json"
"512557","146154","2025-11-13","45.00","NZD","1761511933","23477/2025-11-13/1761511933.json"
"365170","146153","2025-11-13","48.00","NZD","1761511933","23477/2025-11-13/1761511933.json"
"510807","146155","2025-11-13","52.00","NZD","1761511933","23477/2025-11-13/1761511933.json"
"581513","221281","2025-11-16","36.00","NZD","1761511933","23477/2025-11-16/1761511933.json"
"581514","221282","2025-11-16","36.00","NZD","1761511933","23477/2025-11-16/1761511933.json"
"512557","146154","2025-11-16","45.00","NZD","1761511933","23477/2025-11-16/1761511933.json"
"365170","146153","2025-11-16","48.00","NZD","1761511933","23477/2025-11-16/1761511933.json"
"510807","146155","2025-11-16","52.00","NZD","1761511933","23477/2025-11-16/1761511933.json"
"581513","221281","2025-11-14","36.00","NZD","1761511933","23477/2025-11-14/1761511933.json"
"581514","221282","2025-11-14","36.00","NZD","1761511933","23477/2025-11-14/1761511933.json"
"512557","146154","2025-11-14","45.00","NZD","1761511933","23477/2025-11-14/1761511933.json"
"365170","146153","2025-11-14","48.00","NZD","1761511933","23477/2025-11-14/1761511933.json"
"510807","146155","2025-11-14","52.00","NZD","1761511933","23477/2025-11-14/1761511933.json"
"581513","221281","2025-11-15","36.00","NZD","1761511933","23477/2025-11-15/1761511933.json"
"581514","221282","2025-11-15","36.00","NZD","1761511933","23477/2025-11-15/1761511933.json"
"512557","146154","2025-11-15","45.00","NZD","1761511933","23477/2025-11-15/1761511933.json"
"365170","146153","2025-11-15","48.00","NZD","1761511933","23477/2025-11-15/1761511933.json"
"510807","146155","2025-11-15","52.00","NZD","1761511933","23477/2025-11-15/1761511933.json"
"581513","221281","2025-11-19","36.00","NZD","1761511933","23477/2025-11-19/1761511933.json"
"581514","221282","2025-11-19","36.00","NZD","1761511933","23477/2025-11-19/1761511933.json"
"512557","146154","2025-11-19","45.00","NZD","1761511933","23477/2025-11-19/1761511933.json"
"365170","146153","2025-11-19","48.00","NZD","1761511933","23477/2025-11-19/1761511933.json"
"510807","146155","2025-11-19","52.00","NZD","1761511933","23477/2025-11-19/1761511933.json"
"581513","221281","2025-11-17","36.00","NZD","1761511933","23477/2025-11-17/1761511933.json"
"581514","221282","2025-11-17","36.00","NZD","1761511933","23477/2025-11-17/1761511933.json"
"512557","146154","2025-11-17","45.00","NZD","1761511933","23477/2025-11-17/1761511933.json"
"365170","146153","2025-11-17","48.00","NZD","1761511933","23477/2025-11-17/1761511933.json"
"510807","146155","2025-11-17","52.00","NZD","1761511933","23477/2025-11-17/1761511933.json"
"581513","221281","2025-11-20","36.00","NZD","1761511933","23477/2025-11-20/1761511933.json"
"581514","221282","2025-11-20","36.00","NZD","1761511933","23477/2025-11-20/1761511933.json"
"512557","146154","2025-11-20","45.00","NZD","1761511933","23477/2025-11-20/1761511933.json"
"581513","221281","2025-11-18","36.00","NZD","1761511933","23477/2025-11-18/1761511933.json"
"581514","221282","2025-11-18","36.00","NZD","1761511933","23477/2025-11-18/1761511933.json"
"512557","146154","2025-11-18","45.00","NZD","1761511933","23477/2025-11-18/1761511933.json"
"365170","146153","2025-11-18","48.00","NZD","1761511933","23477/2025-11-18/1761511933.json"
"510807","146155","2025-11-18","52.00","NZD","1761511933","23477/2025-11-18/1761511933.json"
"581513","221281","2025-11-22","36.00","NZD","1761511933","23477/2025-11-22/1761511933.json"
"581513","221281","2025-11-21","36.00","NZD","1761511933","23477/2025-11-21/1761511933.json"
"581514","221282","2025-11-22","36.00","NZD","1761511933","23477/2025-11-22/1761511933.json"
"581514","221282","2025-11-21","36.00","NZD","1761511933","23477/2025-11-21/1761511933.json"
"512557","146154","2025-11-21","45.00","NZD","1761511933","23477/2025-11-21/1761511933.json"
"512557","146154","2025-11-22","45.00","NZD","1761511933","23477/2025-11-22/1761511933.json"
"365170","146153","2025-11-21","48.00","NZD","1761511933","23477/2025-11-21/1761511933.json"
"510807","146155","2025-11-21","52.00","NZD","1761511933","23477/2025-11-21/1761511933.json"
"365170","146153","2025-11-22","48.00","NZD","1761511933","23477/2025-11-22/1761511933.json"
"510807","146155","2025-11-22","52.00","NZD","1761511933","23477/2025-11-22/1761511933.json"
"581513","221281","2025-11-24","36.00","NZD","1761511933","23477/2025-11-24/1761511933.json"
"581514","221282","2025-11-24","36.00","NZD","1761511933","23477/2025-11-24/1761511933.json"
"512557","146154","2025-11-24","45.00","NZD","1761511933","23477/2025-11-24/1761511933.json"
"365170","146153","2025-11-24","48.00","NZD","1761511933","23477/2025-11-24/1761511933.json"
"510807","146155","2025-11-24","52.00","NZD","1761511933","23477/2025-11-24/1761511933.json"
"581513","221281","2025-11-23","36.00","NZD","1761511933","23477/2025-11-23/1761511933.json"
"581514","221282","2025-11-23","36.00","NZD","1761511933","23477/2025-11-23/1761511933.json"
"512557","146154","2025-11-23","45.00","NZD","1761511933","23477/2025-11-23/1761511933.json"
"365170","146153","2025-11-23","48.00","NZD","1761511933","23477/2025-11-23/1761511933.json"
"510807","146155","2025-11-23","52.00","NZD","1761511933","23477/2025-11-23/1761511933.json"
"581513","221281","2025-11-25","36.00","NZD","1761511933","23477/2025-11-25/1761511933.json"
"581514","221282","2025-11-25","36.00","NZD","1761511933","23477/2025-11-25/1761511933.json"
"512557","146154","2025-11-25","45.00","NZD","1761511933","23477/2025-11-25/1761511933.json"
"365170","146153","2025-11-25","48.00","NZD","1761511933","23477/2025-11-25/1761511933.json"
"510807","146155","2025-11-25","52.00","NZD","1761511933","23477/2025-11-25/1761511933.json"
"581513","221281","2025-11-26","36.00","NZD","1761511933","23477/2025-11-26/1761511933.json"
"581514","221282","2025-11-26","36.00","NZD","1761511933","23477/2025-11-26/1761511933.json"
"512557","146154","2025-11-26","45.00","NZD","1761511933","23477/2025-11-26/1761511933.json"
"365170","146153","2025-11-26","48.00","NZD","1761511933","23477/2025-11-26/1761511933.json"
"510807","146155","2025-11-26","52.00","NZD","1761511933","23477/2025-11-26/1761511933.json"
"581513","221281","2025-11-27","36.00","NZD","1761511933","23477/2025-11-27/1761511933.json"
"581514","221282","2025-11-27","36.00","NZD","1761511933","23477/2025-11-27/1761511933.json"
"512557","146154","2025-11-27","45.00","NZD","1761511933","23477/2025-11-27/1761511933.json"
"365170","146153","2025-11-27","48.00","NZD","1761511933","23477/2025-11-27/1761511933.json"
"510807","146155","2025-11-27","52.00","NZD","1761511933","23477/2025-11-27/1761511933.json"
"581513","221281","2025-11-28","36.00","NZD","1761511933","23477/2025-11-28/1761511933.json"
"581514","221282","2025-11-28","36.00","NZD","1761511933","23477/2025-11-28/1761511933.json"
"512557","146154","2025-11-28","45.00","NZD","1761511933","23477/2025-11-28/1761511933.json"
"365170","146153","2025-11-28","48.00","NZD","1761511933","23477/2025-11-28/1761511933.json"
"510807","146155","2025-11-28","52.00","NZD","1761511933","23477/2025-11-28/1761511933.json"
"581513","221281","2025-12-01","36.00","NZD","1761511933","23477/2025-12-01/1761511933.json"
"581513","221281","2025-11-29","36.00","NZD","1761511933","23477/2025-11-29/1761511933.json"
"581514","221282","2025-12-01","36.00","NZD","1761511933","23477/2025-12-01/1761511933.json"
"581514","221282","2025-11-29","36.00","NZD","1761511933","23477/2025-11-29/1761511933.json"
"512557","146154","2025-11-29","45.00","NZD","1761511933","23477/2025-11-29/1761511933.json"
"512557","146154","2025-12-01","45.00","NZD","1761511933","23477/2025-12-01/1761511933.json"
"581513","221281","2025-11-30","36.00","NZD","1761511933","23477/2025-11-30/1761511933.json"
"365170","146153","2025-11-29","48.00","NZD","1761511933","23477/2025-11-29/1761511933.json"
"365170","146153","2025-12-01","48.00","NZD","1761511933","23477/2025-12-01/1761511933.json"
"581514","221282","2025-11-30","36.00","NZD","1761511933","23477/2025-11-30/1761511933.json"
"510807","146155","2025-11-29","52.00","NZD","1761511933","23477/2025-11-29/1761511933.json"
"512557","146154","2025-11-30","45.00","NZD","1761511933","23477/2025-11-30/1761511933.json"
"510807","146155","2025-12-01","52.00","NZD","1761511933","23477/2025-12-01/1761511933.json"
"365170","146153","2025-11-30","48.00","NZD","1761511933","23477/2025-11-30/1761511933.json"
"510807","146155","2025-11-30","52.00","NZD","1761511933","23477/2025-11-30/1761511933.json"
"581513","221281","2025-12-02","36.00","NZD","1761511933","23477/2025-12-02/1761511933.json"
"581514","221282","2025-12-02","36.00","NZD","1761511933","23477/2025-12-02/1761511933.json"
"512557","146154","2025-12-02","45.00","NZD","1761511933","23477/2025-12-02/1761511933.json"
"365170","146153","2025-12-02","48.00","NZD","1761511933","23477/2025-12-02/1761511933.json"
"510807","146155","2025-12-02","52.00","NZD","1761511933","23477/2025-12-02/1761511933.json"
"581513","221281","2025-12-03","36.00","NZD","1761511933","23477/2025-12-03/1761511933.json"
"581514","221282","2025-12-03","36.00","NZD","1761511933","23477/2025-12-03/1761511933.json"
"512557","146154","2025-12-03","45.00","NZD","1761511933","23477/2025-12-03/1761511933.json"
"365170","146153","2025-12-03","48.00","NZD","1761511933","23477/2025-12-03/1761511933.json"
"510807","146155","2025-12-03","52.00","NZD","1761511933","23477/2025-12-03/1761511933.json"
"581513","221281","2025-12-05","36.00","NZD","1761511933","23477/2025-12-05/1761511933.json"
"581514","221282","2025-12-05","36.00","NZD","1761511933","23477/2025-12-05/1761511933.json"
"512557","146154","2025-12-05","45.00","NZD","1761511933","23477/2025-12-05/1761511933.json"
"365170","146153","2025-12-05","48.00","NZD","1761511933","23477/2025-12-05/1761511933.json"
"510807","146155","2025-12-05","52.00","NZD","1761511933","23477/2025-12-05/1761511933.json"
"581513","221281","2025-12-06","36.00","NZD","1761511933","23477/2025-12-06/1761511933.json"
"581514","221282","2025-12-06","36.00","NZD","1761511933","23477/2025-12-06/1761511933.json"
"581513","221281","2025-12-04","36.00","NZD","1761511933","23477/2025-12-04/1761511933.json"
"512557","146154","2025-12-06","45.00","NZD","1761511933","23477/2025-12-06/1761511933.json"
"581514","221282","2025-12-04","36.00","NZD","1761511933","23477/2025-12-04/1761511933.json"
"365170","146153","2025-12-06","48.00","NZD","1761511933","23477/2025-12-06/1761511933.json"
"512557","146154","2025-12-04","45.00","NZD","1761511933","23477/2025-12-04/1761511933.json"
"510807","146155","2025-12-06","52.00","NZD","1761511933","23477/2025-12-06/1761511933.json"
"365170","146153","2025-12-04","48.00","NZD","1761511933","23477/2025-12-04/1761511933.json"
"510807","146155","2025-12-04","52.00","NZD","1761511933","23477/2025-12-04/1761511933.json"
"581513","221281","2025-12-07","36.00","NZD","1761511933","23477/2025-12-07/1761511933.json"
"581514","221282","2025-12-07","36.00","NZD","1761511933","23477/2025-12-07/1761511933.json"
"512557","146154","2025-12-07","45.00","NZD","1761511933","23477/2025-12-07/1761511933.json"
"365170","146153","2025-12-07","48.00","NZD","1761511933","23477/2025-12-07/1761511933.json"
"510807","146155","2025-12-07","52.00","NZD","1761511933","23477/2025-12-07/1761511933.json"
"581513","221281","2025-12-10","36.00","NZD","1761511933","23477/2025-12-10/1761511933.json"
"581514","221282","2025-12-10","36.00","NZD","1761511933","23477/2025-12-10/1761511933.json"
"512557","146154","2025-12-10","45.00","NZD","1761511933","23477/2025-12-10/1761511933.json"
"365170","146153","2025-12-10","48.00","NZD","1761511933","23477/2025-12-10/1761511933.json"
"510807","146155","2025-12-10","52.00","NZD","1761511933","23477/2025-12-10/1761511933.json"
"581513","221281","2025-12-08","36.00","NZD","1761511933","23477/2025-12-08/1761511933.json"
"581514","221282","2025-12-08","36.00","NZD","1761511933","23477/2025-12-08/1761511933.json"
"512557","146154","2025-12-08","45.00","NZD","1761511933","23477/2025-12-08/1761511933.json"
"365170","146153","2025-12-08","48.00","NZD","1761511933","23477/2025-12-08/1761511933.json"
"510807","146155","2025-12-08","52.00","NZD","1761511933","23477/2025-12-08/1761511933.json"
"581513","221281","2025-12-09","36.00","NZD","1761511933","23477/2025-12-09/1761511933.json"
"581514","221282","2025-12-09","36.00","NZD","1761511933","23477/2025-12-09/1761511933.json"
"512557","146154","2025-12-09","45.00","NZD","1761511933","23477/2025-12-09/1761511933.json"
"365170","146153","2025-12-09","48.00","NZD","1761511933","23477/2025-12-09/1761511933.json"
"510807","146155","2025-12-09","52.00","NZD","1761511933","23477/2025-12-09/1761511933.json"
"581513","221281","2025-12-13","36.00","NZD","1761511933","23477/2025-12-13/1761511933.json"
"581514","221282","2025-12-13","36.00","NZD","1761511933","23477/2025-12-13/1761511933.json"
"512557","146154","2025-12-13","45.00","NZD","1761511933","23477/2025-12-13/1761511933.json"
"365170","146153","2025-12-13","48.00","NZD","1761511933","23477/2025-12-13/1761511933.json"
"510807","146155","2025-12-13","52.00","NZD","1761511933","23477/2025-12-13/1761511933.json"
"581513","221281","2025-12-11","36.00","NZD","1761511933","23477/2025-12-11/1761511933.json"
"581514","221282","2025-12-11","36.00","NZD","1761511933","23477/2025-12-11/1761511933.json"
"512557","146154","2025-12-11","45.00","NZD","1761511933","23477/2025-12-11/1761511933.json"
"365170","146153","2025-12-11","48.00","NZD","1761511933","23477/2025-12-11/1761511933.json"
"510807","146155","2025-12-11","52.00","NZD","1761511933","23477/2025-12-11/1761511933.json"
"581513","221281","2025-12-12","36.00","NZD","1761511933","23477/2025-12-12/1761511933.json"
"581514","221282","2025-12-12","36.00","NZD","1761511933","23477/2025-12-12/1761511933.json"
"512557","146154","2025-12-12","45.00","NZD","1761511933","23477/2025-12-12/1761511933.json"
"365170","146153","2025-12-12","48.00","NZD","1761511933","23477/2025-12-12/1761511933.json"
"510807","146155","2025-12-12","52.00","NZD","1761511933","23477/2025-12-12/1761511933.json"
"581513","221281","2025-12-14","36.00","NZD","1761511933","23477/2025-12-14/1761511933.json"
"581514","221282","2025-12-14","36.00","NZD","1761511933","23477/2025-12-14/1761511933.json"
"512557","146154","2025-12-14","45.00","NZD","1761511933","23477/2025-12-14/1761511933.json"
"365170","146153","2025-12-14","48.00","NZD","1761511933","23477/2025-12-14/1761511933.json"
"510807","146155","2025-12-14","52.00","NZD","1761511933","23477/2025-12-14/1761511933.json"
"581513","221281","2025-12-15","36.00","NZD","1761511933","23477/2025-12-15/1761511933.json"
"581514","221282","2025-12-15","36.00","NZD","1761511933","23477/2025-12-15/1761511933.json"
"512557","146154","2025-12-15","45.00","NZD","1761511933","23477/2025-12-15/1761511933.json"
"365170","146153","2025-12-15","48.00","NZD","1761511933","23477/2025-12-15/1761511933.json"
"510807","146155","2025-12-15","52.00","NZD","1761511933","23477/2025-12-15/1761511933.json"
"581513","221281","2025-12-17","36.00","NZD","1761511933","23477/2025-12-17/1761511933.json"
"581514","221282","2025-12-17","36.00","NZD","1761511933","23477/2025-12-17/1761511933.json"
"512557","146154","2025-12-17","45.00","NZD","1761511933","23477/2025-12-17/1761511933.json"
"365170","146153","2025-12-17","48.00","NZD","1761511933","23477/2025-12-17/1761511933.json"
"510807","146155","2025-12-17","52.00","NZD","1761511933","23477/2025-12-17/1761511933.json"
"581513","221281","2025-12-16","36.00","NZD","1761511933","23477/2025-12-16/1761511933.json"
"581514","221282","2025-12-16","36.00","NZD","1761511933","23477/2025-12-16/1761511933.json"
"512557","146154","2025-12-16","45.00","NZD","1761511933","23477/2025-12-16/1761511933.json"
"365170","146153","2025-12-16","48.00","NZD","1761511933","23477/2025-12-16/1761511933.json"
"510807","146155","2025-12-16","52.00","NZD","1761511933","23477/2025-12-16/1761511933.json"
"581513","221281","2025-12-18","36.00","NZD","1761511933","23477/2025-12-18/1761511933.json"
"581514","221282","2025-12-18","36.00","NZD","1761511933","23477/2025-12-18/1761511933.json"
"512557","146154","2025-12-18","45.00","NZD","1761511933","23477/2025-12-18/1761511933.json"
"365170","146153","2025-12-18","48.00","NZD","1761511933","23477/2025-12-18/1761511933.json"
"510807","146155","2025-12-18","52.00","NZD","1761511933","23477/2025-12-18/1761511933.json"
"581513","221281","2025-12-19","36.00","NZD","1761511933","23477/2025-12-19/1761511933.json"
"581514","221282","2025-12-19","36.00","NZD","1761511933","23477/2025-12-19/1761511933.json"
"512557","146154","2025-12-19","45.00","NZD","1761511933","23477/2025-12-19/1761511933.json"
"365170","146153","2025-12-19","48.00","NZD","1761511933","23477/2025-12-19/1761511933.json"
"510807","146155","2025-12-19","52.00","NZD","1761511933","23477/2025-12-19/1761511933.json"
"581513","221281","2025-12-20","36.00","NZD","1761511933","23477/2025-12-20/1761511933.json"
"581514","221282","2025-12-20","36.00","NZD","1761511933","23477/2025-12-20/1761511933.json"
"512557","146154","2025-12-20","45.00","NZD","1761511933","23477/2025-12-20/1761511933.json"
"365170","146153","2025-12-20","48.00","NZD","1761511933","23477/2025-12-20/1761511933.json"
"510807","146155","2025-12-20","52.00","NZD","1761511933","23477/2025-12-20/1761511933.json"
"581513","221281","2025-12-21","36.00","NZD","1761511933","23477/2025-12-21/1761511933.json"
"581514","221282","2025-12-21","36.00","NZD","1761511933","23477/2025-12-21/1761511933.json"
"512557","146154","2025-12-21","45.00","NZD","1761511933","23477/2025-12-21/1761511933.json"
"365170","146153","2025-12-21","48.00","NZD","1761511933","23477/2025-12-21/1761511933.json"
"510807","146155","2025-12-21","52.00","NZD","1761511933","23477/2025-12-21/1761511933.json"
"581513","221281","2025-12-22","36.00","NZD","1761511933","23477/2025-12-22/1761511933.json"
"581514","221282","2025-12-22","36.00","NZD","1761511933","23477/2025-12-22/1761511933.json"
"512557","146154","2025-12-22","45.00","NZD","1761511933","23477/2025-12-22/1761511933.json"
"365170","146153","2025-12-22","48.00","NZD","1761511933","23477/2025-12-22/1761511933.json"
"510807","146155","2025-12-22","52.00","NZD","1761511933","23477/2025-12-22/1761511933.json"
"581513","221281","2025-12-23","38.00","NZD","1761511933","23477/2025-12-23/1761511933.json"
"581514","221282","2025-12-23","38.00","NZD","1761511933","23477/2025-12-23/1761511933.json"
"512557","146154","2025-12-23","45.00","NZD","1761511933","23477/2025-12-23/1761511933.json"
"365170","146153","2025-12-23","48.00","NZD","1761511933","23477/2025-12-23/1761511933.json"
"510807","146155","2025-12-23","52.00","NZD","1761511933","23477/2025-12-23/1761511933.json"
"581513","221281","2025-12-25","38.00","NZD","1761511933","23477/2025-12-25/1761511933.json"
"581514","221282","2025-12-25","38.00","NZD","1761511933","23477/2025-12-25/1761511933.json"
"512557","146154","2025-12-25","45.00","NZD","1761511933","23477/2025-12-25/1761511933.json"
"365170","146153","2025-12-25","48.00","NZD","1761511933","23477/2025-12-25/1761511933.json"
"510807","146155","2025-12-25","52.00","NZD","1761511933","23477/2025-12-25/1761511933.json"
"581513","221281","2025-12-24","38.00","NZD","1761511933","23477/2025-12-24/1761511933.json"
"581514","221282","2025-12-24","38.00","NZD","1761511933","23477/2025-12-24/1761511933.json"
"512557","146154","2025-12-24","45.00","NZD","1761511933","23477/2025-12-24/1761511933.json"
"365170","146153","2025-12-24","48.00","NZD","1761511933","23477/2025-12-24/1761511933.json"
"510807","146155","2025-12-24","52.00","NZD","1761511933","23477/2025-12-24/1761511933.json"
"581513","221281","2025-10-27","38.00","NZD","1761537453","23477/2025-10-27/1761537453.json"
"581514","221282","2025-10-27","38.00","NZD","1761537453","23477/2025-10-27/1761537453.json"
"512557","146154","2025-10-27","45.00","NZD","1761537453","23477/2025-10-27/1761537453.json"
"365170","146153","2025-10-27","48.00","NZD","1761537453","23477/2025-10-27/1761537453.json"
"510807","146155","2025-10-27","52.00","NZD","1761537453","23477/2025-10-27/1761537453.json"
"581513","221281","2025-10-28","36.00","NZD","1761537453","23477/2025-10-28/1761537453.json"
"581514","221282","2025-10-28","36.00","NZD","1761537453","23477/2025-10-28/1761537453.json"
"512557","146154","2025-10-28","45.00","NZD","1761537453","23477/2025-10-28/1761537453.json"
"365170","146153","2025-10-28","48.00","NZD","1761537453","23477/2025-10-28/1761537453.json"
"510807","146155","2025-10-28","52.00","NZD","1761537453","23477/2025-10-28/1761537453.json"
"581513","221281","2025-10-29","36.00","NZD","1761537453","23477/2025-10-29/1761537453.json"
"581514","221282","2025-10-29","36.00","NZD","1761537453","23477/2025-10-29/1761537453.json"
"512557","146154","2025-10-29","45.00","NZD","1761537453","23477/2025-10-29/1761537453.json"
"365170","146153","2025-10-29","48.00","NZD","1761537453","23477/2025-10-29/1761537453.json"
"510807","146155","2025-10-29","52.00","NZD","1761537453","23477/2025-10-29/1761537453.json"
"581513","221281","2025-10-30","36.00","NZD","1761537453","23477/2025-10-30/1761537453.json"
"581514","221282","2025-10-30","36.00","NZD","1761537453","23477/2025-10-30/1761537453.json"
"512557","146154","2025-10-30","45.00","NZD","1761537453","23477/2025-10-30/1761537453.json"
"365170","146153","2025-10-30","48.00","NZD","1761537453","23477/2025-10-30/1761537453.json"
"510807","146155","2025-10-30","52.00","NZD","1761537453","23477/2025-10-30/1761537453.json"
"581513","221281","2025-10-31","36.00","NZD","1761537453","23477/2025-10-31/1761537453.json"
"581514","221282","2025-10-31","36.00","NZD","1761537453","23477/2025-10-31/1761537453.json"
"512557","146154","2025-10-31","45.00","NZD","1761537453","23477/2025-10-31/1761537453.json"
"365170","146153","2025-10-31","48.00","NZD","1761537453","23477/2025-10-31/1761537453.json"
"510807","146155","2025-10-31","52.00","NZD","1761537453","23477/2025-10-31/1761537453.json"
"581513","221281","2025-11-02","36.00","NZD","1761537453","23477/2025-11-02/1761537453.json"
"581514","221282","2025-11-02","36.00","NZD","1761537453","23477/2025-11-02/1761537453.json"
"512557","146154","2025-11-02","45.00","NZD","1761537453","23477/2025-11-02/1761537453.json"
"365170","146153","2025-11-02","48.00","NZD","1761537453","23477/2025-11-02/1761537453.json"
"510807","146155","2025-11-02","52.00","NZD","1761537453","23477/2025-11-02/1761537453.json"
"581513","221281","2025-11-03","36.00","NZD","1761537453","23477/2025-11-03/1761537453.json"
"581514","221282","2025-11-03","36.00","NZD","1761537453","23477/2025-11-03/1761537453.json"
"512557","146154","2025-11-03","45.00","NZD","1761537453","23477/2025-11-03/1761537453.json"
"365170","146153","2025-11-03","48.00","NZD","1761537453","23477/2025-11-03/1761537453.json"
"510807","146155","2025-11-03","52.00","NZD","1761537453","23477/2025-11-03/1761537453.json"
"581513","221281","2025-11-01","36.00","NZD","1761537453","23477/2025-11-01/1761537453.json"
"581514","221282","2025-11-01","36.00","NZD","1761537453","23477/2025-11-01/1761537453.json"
"512557","146154","2025-11-01","45.00","NZD","1761537453","23477/2025-11-01/1761537453.json"
"365170","146153","2025-11-01","48.00","NZD","1761537453","23477/2025-11-01/1761537453.json"
"510807","146155","2025-11-01","52.00","NZD","1761537453","23477/2025-11-01/1761537453.json"
"581513","221281","2025-11-06","36.00","NZD","1761537453","23477/2025-11-06/1761537453.json"
"581514","221282","2025-11-06","36.00","NZD","1761537453","23477/2025-11-06/1761537453.json"
"512557","146154","2025-11-06","45.00","NZD","1761537453","23477/2025-11-06/1761537453.json"
"365170","146153","2025-11-06","48.00","NZD","1761537453","23477/2025-11-06/1761537453.json"
"510807","146155","2025-11-06","52.00","NZD","1761537453","23477/2025-11-06/1761537453.json"
"581513","221281","2025-11-04","36.00","NZD","1761537453","23477/2025-11-04/1761537453.json"
"581514","221282","2025-11-04","36.00","NZD","1761537453","23477/2025-11-04/1761537453.json"
"512557","146154","2025-11-04","45.00","NZD","1761537453","23477/2025-11-04/1761537453.json"
"365170","146153","2025-11-04","48.00","NZD","1761537453","23477/2025-11-04/1761537453.json"
"510807","146155","2025-11-04","52.00","NZD","1761537453","23477/2025-11-04/1761537453.json"
"581513","221281","2025-11-07","36.00","NZD","1761537453","23477/2025-11-07/1761537453.json"
"581514","221282","2025-11-07","36.00","NZD","1761537453","23477/2025-11-07/1761537453.json"
"512557","146154","2025-11-07","45.00","NZD","1761537453","23477/2025-11-07/1761537453.json"
"365170","146153","2025-11-07","48.00","NZD","1761537453","23477/2025-11-07/1761537453.json"
"510807","146155","2025-11-07","52.00","NZD","1761537453","23477/2025-11-07/1761537453.json"
"581513","221281","2025-11-05","36.00","NZD","1761537453","23477/2025-11-05/1761537453.json"
"581514","221282","2025-11-05","36.00","NZD","1761537453","23477/2025-11-05/1761537453.json"
"512557","146154","2025-11-05","45.00","NZD","1761537453","23477/2025-11-05/1761537453.json"
"365170","146153","2025-11-05","48.00","NZD","1761537453","23477/2025-11-05/1761537453.json"
"510807","146155","2025-11-05","52.00","NZD","1761537453","23477/2025-11-05/1761537453.json"
"581513","221281","2025-11-08","36.00","NZD","1761537453","23477/2025-11-08/1761537453.json"
"581514","221282","2025-11-08","36.00","NZD","1761537453","23477/2025-11-08/1761537453.json"
"512557","146154","2025-11-08","45.00","NZD","1761537453","23477/2025-11-08/1761537453.json"
"365170","146153","2025-11-08","48.00","NZD","1761537453","23477/2025-11-08/1761537453.json"
"510807","146155","2025-11-08","52.00","NZD","1761537453","23477/2025-11-08/1761537453.json"
"581513","221281","2025-11-09","36.00","NZD","1761537453","23477/2025-11-09/1761537453.json"
"581514","221282","2025-11-09","36.00","NZD","1761537453","23477/2025-11-09/1761537453.json"
"512557","146154","2025-11-09","45.00","NZD","1761537453","23477/2025-11-09/1761537453.json"
"365170","146153","2025-11-09","48.00","NZD","1761537453","23477/2025-11-09/1761537453.json"
"510807","146155","2025-11-09","52.00","NZD","1761537453","23477/2025-11-09/1761537453.json"
"581513","221281","2025-11-10","36.00","NZD","1761537453","23477/2025-11-10/1761537453.json"
"581514","221282","2025-11-10","36.00","NZD","1761537453","23477/2025-11-10/1761537453.json"
"512557","146154","2025-11-10","45.00","NZD","1761537453","23477/2025-11-10/1761537453.json"
"365170","146153","2025-11-10","48.00","NZD","1761537453","23477/2025-11-10/1761537453.json"
"510807","146155","2025-11-10","52.00","NZD","1761537453","23477/2025-11-10/1761537453.json"
"581513","221281","2025-11-11","36.00","NZD","1761537453","23477/2025-11-11/1761537453.json"
"581514","221282","2025-11-11","36.00","NZD","1761537453","23477/2025-11-11/1761537453.json"
"512557","146154","2025-11-11","45.00","NZD","1761537453","23477/2025-11-11/1761537453.json"
"365170","146153","2025-11-11","48.00","NZD","1761537453","23477/2025-11-11/1761537453.json"
"510807","146155","2025-11-11","52.00","NZD","1761537453","23477/2025-11-11/1761537453.json"
"581513","221281","2025-11-12","36.00","NZD","1761537453","23477/2025-11-12/1761537453.json"
"581514","221282","2025-11-12","36.00","NZD","1761537453","23477/2025-11-12/1761537453.json"
"512557","146154","2025-11-12","45.00","NZD","1761537453","23477/2025-11-12/1761537453.json"
"365170","146153","2025-11-12","48.00","NZD","1761537453","23477/2025-11-12/1761537453.json"
"510807","146155","2025-11-12","52.00","NZD","1761537453","23477/2025-11-12/1761537453.json"
"581513","221281","2025-11-14","36.00","NZD","1761537453","23477/2025-11-14/1761537453.json"
"581514","221282","2025-11-14","36.00","NZD","1761537453","23477/2025-11-14/1761537453.json"
"512557","146154","2025-11-14","45.00","NZD","1761537453","23477/2025-11-14/1761537453.json"
"365170","146153","2025-11-14","48.00","NZD","1761537453","23477/2025-11-14/1761537453.json"
"510807","146155","2025-11-14","52.00","NZD","1761537453","23477/2025-11-14/1761537453.json"
"581513","221281","2025-11-15","36.00","NZD","1761537453","23477/2025-11-15/1761537453.json"
"581514","221282","2025-11-15","36.00","NZD","1761537453","23477/2025-11-15/1761537453.json"
"512557","146154","2025-11-15","45.00","NZD","1761537453","23477/2025-11-15/1761537453.json"
"365170","146153","2025-11-15","48.00","NZD","1761537453","23477/2025-11-15/1761537453.json"
"510807","146155","2025-11-15","52.00","NZD","1761537453","23477/2025-11-15/1761537453.json"
"581513","221281","2025-11-13","36.00","NZD","1761537453","23477/2025-11-13/1761537453.json"
"581514","221282","2025-11-13","36.00","NZD","1761537453","23477/2025-11-13/1761537453.json"
"512557","146154","2025-11-13","45.00","NZD","1761537453","23477/2025-11-13/1761537453.json"
"365170","146153","2025-11-13","48.00","NZD","1761537453","23477/2025-11-13/1761537453.json"
"510807","146155","2025-11-13","52.00","NZD","1761537453","23477/2025-11-13/1761537453.json"
"581513","221281","2025-11-16","36.00","NZD","1761537453","23477/2025-11-16/1761537453.json"
"581514","221282","2025-11-16","36.00","NZD","1761537453","23477/2025-11-16/1761537453.json"
"512557","146154","2025-11-16","45.00","NZD","1761537453","23477/2025-11-16/1761537453.json"
"365170","146153","2025-11-16","48.00","NZD","1761537453","23477/2025-11-16/1761537453.json"
"510807","146155","2025-11-16","52.00","NZD","1761537453","23477/2025-11-16/1761537453.json"
"581513","221281","2025-11-17","36.00","NZD","1761537453","23477/2025-11-17/1761537453.json"
"581514","221282","2025-11-17","36.00","NZD","1761537453","23477/2025-11-17/1761537453.json"
"512557","146154","2025-11-17","45.00","NZD","1761537453","23477/2025-11-17/1761537453.json"
"365170","146153","2025-11-17","48.00","NZD","1761537453","23477/2025-11-17/1761537453.json"
"510807","146155","2025-11-17","52.00","NZD","1761537453","23477/2025-11-17/1761537453.json"
"581513","221281","2025-11-19","36.00","NZD","1761537453","23477/2025-11-19/1761537453.json"
"581514","221282","2025-11-19","36.00","NZD","1761537453","23477/2025-11-19/1761537453.json"
"512557","146154","2025-11-19","45.00","NZD","1761537453","23477/2025-11-19/1761537453.json"
"365170","146153","2025-11-19","48.00","NZD","1761537453","23477/2025-11-19/1761537453.json"
"510807","146155","2025-11-19","52.00","NZD","1761537453","23477/2025-11-19/1761537453.json"
"581513","221281","2025-11-20","36.00","NZD","1761537453","23477/2025-11-20/1761537453.json"
"581514","221282","2025-11-20","36.00","NZD","1761537453","23477/2025-11-20/1761537453.json"
"512557","146154","2025-11-20","45.00","NZD","1761537453","23477/2025-11-20/1761537453.json"
"581513","221281","2025-11-18","36.00","NZD","1761537453","23477/2025-11-18/1761537453.json"
"581514","221282","2025-11-18","36.00","NZD","1761537453","23477/2025-11-18/1761537453.json"
"512557","146154","2025-11-18","45.00","NZD","1761537453","23477/2025-11-18/1761537453.json"
"365170","146153","2025-11-18","48.00","NZD","1761537453","23477/2025-11-18/1761537453.json"
"510807","146155","2025-11-18","52.00","NZD","1761537453","23477/2025-11-18/1761537453.json"
"581513","221281","2025-11-23","36.00","NZD","1761537453","23477/2025-11-23/1761537453.json"
"581514","221282","2025-11-23","36.00","NZD","1761537453","23477/2025-11-23/1761537453.json"
"512557","146154","2025-11-23","45.00","NZD","1761537453","23477/2025-11-23/1761537453.json"
"365170","146153","2025-11-23","48.00","NZD","1761537453","23477/2025-11-23/1761537453.json"
"510807","146155","2025-11-23","52.00","NZD","1761537453","23477/2025-11-23/1761537453.json"
"581513","221281","2025-11-22","36.00","NZD","1761537453","23477/2025-11-22/1761537453.json"
"581514","221282","2025-11-22","36.00","NZD","1761537453","23477/2025-11-22/1761537453.json"
"512557","146154","2025-11-22","45.00","NZD","1761537453","23477/2025-11-22/1761537453.json"
"365170","146153","2025-11-22","48.00","NZD","1761537453","23477/2025-11-22/1761537453.json"
"510807","146155","2025-11-22","52.00","NZD","1761537453","23477/2025-11-22/1761537453.json"
"581513","221281","2025-11-21","36.00","NZD","1761537453","23477/2025-11-21/1761537453.json"
"581514","221282","2025-11-21","36.00","NZD","1761537453","23477/2025-11-21/1761537453.json"
"512557","146154","2025-11-21","45.00","NZD","1761537453","23477/2025-11-21/1761537453.json"
"365170","146153","2025-11-21","48.00","NZD","1761537453","23477/2025-11-21/1761537453.json"
"510807","146155","2025-11-21","52.00","NZD","1761537453","23477/2025-11-21/1761537453.json"
"581513","221281","2025-11-24","36.00","NZD","1761537453","23477/2025-11-24/1761537453.json"
"581514","221282","2025-11-24","36.00","NZD","1761537453","23477/2025-11-24/1761537453.json"
"512557","146154","2025-11-24","45.00","NZD","1761537453","23477/2025-11-24/1761537453.json"
"365170","146153","2025-11-24","48.00","NZD","1761537453","23477/2025-11-24/1761537453.json"
"510807","146155","2025-11-24","52.00","NZD","1761537453","23477/2025-11-24/1761537453.json"
"581513","221281","2025-11-25","36.00","NZD","1761537453","23477/2025-11-25/1761537453.json"
"581514","221282","2025-11-25","36.00","NZD","1761537453","23477/2025-11-25/1761537453.json"
"512557","146154","2025-11-25","45.00","NZD","1761537453","23477/2025-11-25/1761537453.json"
"365170","146153","2025-11-25","48.00","NZD","1761537453","23477/2025-11-25/1761537453.json"
"510807","146155","2025-11-25","52.00","NZD","1761537453","23477/2025-11-25/1761537453.json"
"581513","221281","2025-11-28","36.00","NZD","1761537453","23477/2025-11-28/1761537453.json"
"581514","221282","2025-11-28","36.00","NZD","1761537453","23477/2025-11-28/1761537453.json"
"512557","146154","2025-11-28","45.00","NZD","1761537453","23477/2025-11-28/1761537453.json"
"365170","146153","2025-11-28","48.00","NZD","1761537453","23477/2025-11-28/1761537453.json"
"510807","146155","2025-11-28","52.00","NZD","1761537453","23477/2025-11-28/1761537453.json"
"581513","221281","2025-11-27","36.00","NZD","1761537453","23477/2025-11-27/1761537453.json"
"581514","221282","2025-11-27","36.00","NZD","1761537453","23477/2025-11-27/1761537453.json"
"512557","146154","2025-11-27","45.00","NZD","1761537453","23477/2025-11-27/1761537453.json"
"365170","146153","2025-11-27","48.00","NZD","1761537453","23477/2025-11-27/1761537453.json"
"510807","146155","2025-11-27","52.00","NZD","1761537453","23477/2025-11-27/1761537453.json"
"581513","221281","2025-11-29","36.00","NZD","1761537453","23477/2025-11-29/1761537453.json"
"581514","221282","2025-11-29","36.00","NZD","1761537453","23477/2025-11-29/1761537453.json"
"512557","146154","2025-11-29","45.00","NZD","1761537453","23477/2025-11-29/1761537453.json"
"365170","146153","2025-11-29","48.00","NZD","1761537453","23477/2025-11-29/1761537453.json"
"510807","146155","2025-11-29","52.00","NZD","1761537453","23477/2025-11-29/1761537453.json"
"581513","221281","2025-11-26","36.00","NZD","1761537453","23477/2025-11-26/1761537453.json"
"581514","221282","2025-11-26","36.00","NZD","1761537453","23477/2025-11-26/1761537453.json"
"512557","146154","2025-11-26","45.00","NZD","1761537453","23477/2025-11-26/1761537453.json"
"365170","146153","2025-11-26","48.00","NZD","1761537453","23477/2025-11-26/1761537453.json"
"510807","146155","2025-11-26","52.00","NZD","1761537453","23477/2025-11-26/1761537453.json"
"581513","221281","2025-11-30","36.00","NZD","1761537453","23477/2025-11-30/1761537453.json"
"581514","221282","2025-11-30","36.00","NZD","1761537453","23477/2025-11-30/1761537453.json"
"512557","146154","2025-11-30","45.00","NZD","1761537453","23477/2025-11-30/1761537453.json"
"365170","146153","2025-11-30","48.00","NZD","1761537453","23477/2025-11-30/1761537453.json"
"510807","146155","2025-11-30","52.00","NZD","1761537453","23477/2025-11-30/1761537453.json"
"581513","221281","2025-12-01","36.00","NZD","1761537453","23477/2025-12-01/1761537453.json"
"581514","221282","2025-12-01","36.00","NZD","1761537453","23477/2025-12-01/1761537453.json"
"512557","146154","2025-12-01","45.00","NZD","1761537453","23477/2025-12-01/1761537453.json"
"365170","146153","2025-12-01","48.00","NZD","1761537453","23477/2025-12-01/1761537453.json"
"510807","146155","2025-12-01","52.00","NZD","1761537453","23477/2025-12-01/1761537453.json"
"581513","221281","2025-12-02","36.00","NZD","1761537453","23477/2025-12-02/1761537453.json"
"581514","221282","2025-12-02","36.00","NZD","1761537453","23477/2025-12-02/1761537453.json"
"512557","146154","2025-12-02","45.00","NZD","1761537453","23477/2025-12-02/1761537453.json"
"365170","146153","2025-12-02","48.00","NZD","1761537453","23477/2025-12-02/1761537453.json"
"510807","146155","2025-12-02","52.00","NZD","1761537453","23477/2025-12-02/1761537453.json"
"581513","221281","2025-12-03","36.00","NZD","1761537453","23477/2025-12-03/1761537453.json"
"581514","221282","2025-12-03","36.00","NZD","1761537453","23477/2025-12-03/1761537453.json"
"512557","146154","2025-12-03","45.00","NZD","1761537453","23477/2025-12-03/1761537453.json"
"365170","146153","2025-12-03","48.00","NZD","1761537453","23477/2025-12-03/1761537453.json"
"510807","146155","2025-12-03","52.00","NZD","1761537453","23477/2025-12-03/1761537453.json"
"581513","221281","2025-12-04","36.00","NZD","1761537453","23477/2025-12-04/1761537453.json"
"581514","221282","2025-12-04","36.00","NZD","1761537453","23477/2025-12-04/1761537453.json"
"512557","146154","2025-12-04","45.00","NZD","1761537453","23477/2025-12-04/1761537453.json"
"365170","146153","2025-12-04","48.00","NZD","1761537453","23477/2025-12-04/1761537453.json"
"510807","146155","2025-12-04","52.00","NZD","1761537453","23477/2025-12-04/1761537453.json"
"581513","221281","2025-12-05","36.00","NZD","1761537453","23477/2025-12-05/1761537453.json"
"581514","221282","2025-12-05","36.00","NZD","1761537453","23477/2025-12-05/1761537453.json"
"512557","146154","2025-12-05","45.00","NZD","1761537453","23477/2025-12-05/1761537453.json"
"365170","146153","2025-12-05","48.00","NZD","1761537453","23477/2025-12-05/1761537453.json"
"510807","146155","2025-12-05","52.00","NZD","1761537453","23477/2025-12-05/1761537453.json"
"581513","221281","2025-12-07","36.00","NZD","1761537453","23477/2025-12-07/1761537453.json"
"581514","221282","2025-12-07","36.00","NZD","1761537453","23477/2025-12-07/1761537453.json"
"512557","146154","2025-12-07","45.00","NZD","1761537453","23477/2025-12-07/1761537453.json"
"365170","146153","2025-12-07","48.00","NZD","1761537453","23477/2025-12-07/1761537453.json"
"510807","146155","2025-12-07","52.00","NZD","1761537453","23477/2025-12-07/1761537453.json"
"581513","221281","2025-12-06","36.00","NZD","1761537453","23477/2025-12-06/1761537453.json"
"581514","221282","2025-12-06","36.00","NZD","1761537453","23477/2025-12-06/1761537453.json"
"512557","146154","2025-12-06","45.00","NZD","1761537453","23477/2025-12-06/1761537453.json"
"365170","146153","2025-12-06","48.00","NZD","1761537453","23477/2025-12-06/1761537453.json"
"510807","146155","2025-12-06","52.00","NZD","1761537453","23477/2025-12-06/1761537453.json"
"581513","221281","2025-12-08","36.00","NZD","1761537453","23477/2025-12-08/1761537453.json"
"581514","221282","2025-12-08","36.00","NZD","1761537453","23477/2025-12-08/1761537453.json"
"512557","146154","2025-12-08","45.00","NZD","1761537453","23477/2025-12-08/1761537453.json"
"365170","146153","2025-12-08","48.00","NZD","1761537453","23477/2025-12-08/1761537453.json"
"510807","146155","2025-12-08","52.00","NZD","1761537453","23477/2025-12-08/1761537453.json"
"581513","221281","2025-12-09","36.00","NZD","1761537453","23477/2025-12-09/1761537453.json"
"581514","221282","2025-12-09","36.00","NZD","1761537453","23477/2025-12-09/1761537453.json"
"512557","146154","2025-12-09","45.00","NZD","1761537453","23477/2025-12-09/1761537453.json"
"365170","146153","2025-12-09","48.00","NZD","1761537453","23477/2025-12-09/1761537453.json"
"510807","146155","2025-12-09","52.00","NZD","1761537453","23477/2025-12-09/1761537453.json"
"581513","221281","2025-12-12","36.00","NZD","1761537453","23477/2025-12-12/1761537453.json"
"581514","221282","2025-12-12","36.00","NZD","1761537453","23477/2025-12-12/1761537453.json"
"512557","146154","2025-12-12","45.00","NZD","1761537453","23477/2025-12-12/1761537453.json"
"365170","146153","2025-12-12","48.00","NZD","1761537453","23477/2025-12-12/1761537453.json"
"510807","146155","2025-12-12","52.00","NZD","1761537453","23477/2025-12-12/1761537453.json"
"581513","221281","2025-12-11","36.00","NZD","1761537453","23477/2025-12-11/1761537453.json"
"581514","221282","2025-12-11","36.00","NZD","1761537453","23477/2025-12-11/1761537453.json"
"512557","146154","2025-12-11","45.00","NZD","1761537453","23477/2025-12-11/1761537453.json"
"365170","146153","2025-12-11","48.00","NZD","1761537453","23477/2025-12-11/1761537453.json"
"510807","146155","2025-12-11","52.00","NZD","1761537453","23477/2025-12-11/1761537453.json"
"581513","221281","2025-12-10","36.00","NZD","1761537453","23477/2025-12-10/1761537453.json"
"581514","221282","2025-12-10","36.00","NZD","1761537453","23477/2025-12-10/1761537453.json"
"512557","146154","2025-12-10","45.00","NZD","1761537453","23477/2025-12-10/1761537453.json"
"365170","146153","2025-12-10","48.00","NZD","1761537453","23477/2025-12-10/1761537453.json"
"510807","146155","2025-12-10","52.00","NZD","1761537453","23477/2025-12-10/1761537453.json"
"581513","221281","2025-12-13","36.00","NZD","1761537453","23477/2025-12-13/1761537453.json"
"581514","221282","2025-12-13","36.00","NZD","1761537453","23477/2025-12-13/1761537453.json"
"512557","146154","2025-12-13","45.00","NZD","1761537453","23477/2025-12-13/1761537453.json"
"365170","146153","2025-12-13","48.00","NZD","1761537453","23477/2025-12-13/1761537453.json"
"510807","146155","2025-12-13","52.00","NZD","1761537453","23477/2025-12-13/1761537453.json"
"581513","221281","2025-12-14","36.00","NZD","1761537453","23477/2025-12-14/1761537453.json"
"581514","221282","2025-12-14","36.00","NZD","1761537453","23477/2025-12-14/1761537453.json"
"512557","146154","2025-12-14","45.00","NZD","1761537453","23477/2025-12-14/1761537453.json"
"365170","146153","2025-12-14","48.00","NZD","1761537453","23477/2025-12-14/1761537453.json"
"510807","146155","2025-12-14","52.00","NZD","1761537453","23477/2025-12-14/1761537453.json"
"581513","221281","2025-12-15","36.00","NZD","1761537453","23477/2025-12-15/1761537453.json"
"581514","221282","2025-12-15","36.00","NZD","1761537453","23477/2025-12-15/1761537453.json"
"512557","146154","2025-12-15","45.00","NZD","1761537453","23477/2025-12-15/1761537453.json"
"365170","146153","2025-12-15","48.00","NZD","1761537453","23477/2025-12-15/1761537453.json"
"510807","146155","2025-12-15","52.00","NZD","1761537453","23477/2025-12-15/1761537453.json"
"581513","221281","2025-12-16","36.00","NZD","1761537453","23477/2025-12-16/1761537453.json"
"581514","221282","2025-12-16","36.00","NZD","1761537453","23477/2025-12-16/1761537453.json"
"512557","146154","2025-12-16","45.00","NZD","1761537453","23477/2025-12-16/1761537453.json"
"365170","146153","2025-12-16","48.00","NZD","1761537453","23477/2025-12-16/1761537453.json"
"510807","146155","2025-12-16","52.00","NZD","1761537453","23477/2025-12-16/1761537453.json"
"581513","221281","2025-12-17","36.00","NZD","1761537453","23477/2025-12-17/1761537453.json"
"581514","221282","2025-12-17","36.00","NZD","1761537453","23477/2025-12-17/1761537453.json"
"512557","146154","2025-12-17","45.00","NZD","1761537453","23477/2025-12-17/1761537453.json"
"365170","146153","2025-12-17","48.00","NZD","1761537453","23477/2025-12-17/1761537453.json"
"510807","146155","2025-12-17","52.00","NZD","1761537453","23477/2025-12-17/1761537453.json"
"581513","221281","2025-12-18","36.00","NZD","1761537453","23477/2025-12-18/1761537453.json"
"581514","221282","2025-12-18","36.00","NZD","1761537453","23477/2025-12-18/1761537453.json"
"512557","146154","2025-12-18","45.00","NZD","1761537453","23477/2025-12-18/1761537453.json"
"365170","146153","2025-12-18","48.00","NZD","1761537453","23477/2025-12-18/1761537453.json"
"510807","146155","2025-12-18","52.00","NZD","1761537453","23477/2025-12-18/1761537453.json"
"581513","221281","2025-12-19","36.00","NZD","1761537453","23477/2025-12-19/1761537453.json"
"581514","221282","2025-12-19","36.00","NZD","1761537453","23477/2025-12-19/1761537453.json"
"512557","146154","2025-12-19","45.00","NZD","1761537453","23477/2025-12-19/1761537453.json"
"365170","146153","2025-12-19","48.00","NZD","1761537453","23477/2025-12-19/1761537453.json"
"510807","146155","2025-12-19","52.00","NZD","1761537453","23477/2025-12-19/1761537453.json"
"581513","221281","2025-12-21","36.00","NZD","1761537453","23477/2025-12-21/1761537453.json"
"581514","221282","2025-12-21","36.00","NZD","1761537453","23477/2025-12-21/1761537453.json"
"512557","146154","2025-12-21","45.00","NZD","1761537453","23477/2025-12-21/1761537453.json"
"365170","146153","2025-12-21","48.00","NZD","1761537453","23477/2025-12-21/1761537453.json"
"510807","146155","2025-12-21","52.00","NZD","1761537453","23477/2025-12-21/1761537453.json"
"581513","221281","2025-12-20","36.00","NZD","1761537453","23477/2025-12-20/1761537453.json"
"581514","221282","2025-12-20","36.00","NZD","1761537453","23477/2025-12-20/1761537453.json"
"512557","146154","2025-12-20","45.00","NZD","1761537453","23477/2025-12-20/1761537453.json"
"365170","146153","2025-12-20","48.00","NZD","1761537453","23477/2025-12-20/1761537453.json"
"510807","146155","2025-12-20","52.00","NZD","1761537453","23477/2025-12-20/1761537453.json"
"581513","221281","2025-12-22","36.00","NZD","1761537453","23477/2025-12-22/1761537453.json"
"581514","221282","2025-12-22","36.00","NZD","1761537453","23477/2025-12-22/1761537453.json"
"512557","146154","2025-12-22","45.00","NZD","1761537453","23477/2025-12-22/1761537453.json"
"365170","146153","2025-12-22","48.00","NZD","1761537453","23477/2025-12-22/1761537453.json"
"510807","146155","2025-12-22","52.00","NZD","1761537453","23477/2025-12-22/1761537453.json"
"581513","221281","2025-12-23","38.00","NZD","1761537453","23477/2025-12-23/1761537453.json"
"581514","221282","2025-12-23","38.00","NZD","1761537453","23477/2025-12-23/1761537453.json"
"512557","146154","2025-12-23","45.00","NZD","1761537453","23477/2025-12-23/1761537453.json"
"365170","146153","2025-12-23","48.00","NZD","1761537453","23477/2025-12-23/1761537453.json"
"510807","146155","2025-12-23","52.00","NZD","1761537453","23477/2025-12-23/1761537453.json"
"581513","221281","2025-12-26","42.00","NZD","1761537453","23477/2025-12-26/1761537453.json"
"581514","221282","2025-12-26","42.00","NZD","1761537453","23477/2025-12-26/1761537453.json"
"512557","146154","2025-12-26","45.00","NZD","1761537453","23477/2025-12-26/1761537453.json"
"365170","146153","2025-12-26","48.00","NZD","1761537453","23477/2025-12-26/1761537453.json"
"510807","146155","2025-12-26","52.00","NZD","1761537453","23477/2025-12-26/1761537453.json"
"581513","221281","2025-12-25","38.00","NZD","1761537453","23477/2025-12-25/1761537453.json"
"581514","221282","2025-12-25","38.00","NZD","1761537453","23477/2025-12-25/1761537453.json"
"512557","146154","2025-12-25","45.00","NZD","1761537453","23477/2025-12-25/1761537453.json"
"365170","146153","2025-12-25","48.00","NZD","1761537453","23477/2025-12-25/1761537453.json"
"510807","146155","2025-12-25","52.00","NZD","1761537453","23477/2025-12-25/1761537453.json"
"581513","221281","2025-12-24","38.00","NZD","1761537453","23477/2025-12-24/1761537453.json"
"581514","221282","2025-12-24","38.00","NZD","1761537453","23477/2025-12-24/1761537453.json"
"512557","146154","2025-12-24","45.00","NZD","1761537453","23477/2025-12-24/1761537453.json"
"365170","146153","2025-12-24","48.00","NZD","1761537453","23477/2025-12-24/1761537453.json"
"510807","146155","2025-12-24","52.00","NZD","1761537453","23477/2025-12-24/1761537453.json"
"581513","221281","2025-10-28","36.00","NZD","1761541666","23477/2025-10-28/1761541666.json"
"581513","221281","2025-10-29","36.00","NZD","1761541666","23477/2025-10-29/1761541666.json"
"581514","221282","2025-10-28","36.00","NZD","1761541666","23477/2025-10-28/1761541666.json"
"581514","221282","2025-10-29","36.00","NZD","1761541666","23477/2025-10-29/1761541666.json"
"512557","146154","2025-10-28","45.00","NZD","1761541666","23477/2025-10-28/1761541666.json"
"365170","146153","2025-10-28","48.00","NZD","1761541666","23477/2025-10-28/1761541666.json"
"512557","146154","2025-10-29","45.00","NZD","1761541666","23477/2025-10-29/1761541666.json"
"510807","146155","2025-10-28","52.00","NZD","1761541666","23477/2025-10-28/1761541666.json"
"365170","146153","2025-10-29","48.00","NZD","1761541666","23477/2025-10-29/1761541666.json"
"510807","146155","2025-10-29","52.00","NZD","1761541666","23477/2025-10-29/1761541666.json"
"581513","221281","2025-10-30","36.00","NZD","1761541666","23477/2025-10-30/1761541666.json"
"581514","221282","2025-10-30","36.00","NZD","1761541666","23477/2025-10-30/1761541666.json"
"512557","146154","2025-10-30","45.00","NZD","1761541666","23477/2025-10-30/1761541666.json"
"365170","146153","2025-10-30","48.00","NZD","1761541666","23477/2025-10-30/1761541666.json"
"510807","146155","2025-10-30","52.00","NZD","1761541666","23477/2025-10-30/1761541666.json"
"581513","221281","2025-10-27","38.00","NZD","1761541666","23477/2025-10-27/1761541666.json"
"581514","221282","2025-10-27","38.00","NZD","1761541666","23477/2025-10-27/1761541666.json"
"512557","146154","2025-10-27","45.00","NZD","1761541666","23477/2025-10-27/1761541666.json"
"365170","146153","2025-10-27","48.00","NZD","1761541666","23477/2025-10-27/1761541666.json"
"510807","146155","2025-10-27","52.00","NZD","1761541666","23477/2025-10-27/1761541666.json"
"581513","221281","2025-10-31","36.00","NZD","1761541666","23477/2025-10-31/1761541666.json"
"581514","221282","2025-10-31","36.00","NZD","1761541666","23477/2025-10-31/1761541666.json"
"512557","146154","2025-10-31","45.00","NZD","1761541666","23477/2025-10-31/1761541666.json"
"365170","146153","2025-10-31","48.00","NZD","1761541666","23477/2025-10-31/1761541666.json"
"510807","146155","2025-10-31","52.00","NZD","1761541666","23477/2025-10-31/1761541666.json"
"581513","221281","2025-11-02","36.00","NZD","1761541666","23477/2025-11-02/1761541666.json"
"581514","221282","2025-11-02","36.00","NZD","1761541666","23477/2025-11-02/1761541666.json"
"512557","146154","2025-11-02","45.00","NZD","1761541666","23477/2025-11-02/1761541666.json"
"365170","146153","2025-11-02","48.00","NZD","1761541666","23477/2025-11-02/1761541666.json"
"510807","146155","2025-11-02","52.00","NZD","1761541666","23477/2025-11-02/1761541666.json"
"581513","221281","2025-11-01","36.00","NZD","1761541666","23477/2025-11-01/1761541666.json"
"581514","221282","2025-11-01","36.00","NZD","1761541666","23477/2025-11-01/1761541666.json"
"512557","146154","2025-11-01","45.00","NZD","1761541666","23477/2025-11-01/1761541666.json"
"365170","146153","2025-11-01","48.00","NZD","1761541666","23477/2025-11-01/1761541666.json"
"510807","146155","2025-11-01","52.00","NZD","1761541666","23477/2025-11-01/1761541666.json"
"581513","221281","2025-11-04","36.00","NZD","1761541666","23477/2025-11-04/1761541666.json"
"581514","221282","2025-11-04","36.00","NZD","1761541666","23477/2025-11-04/1761541666.json"
"512557","146154","2025-11-04","45.00","NZD","1761541666","23477/2025-11-04/1761541666.json"
"365170","146153","2025-11-04","48.00","NZD","1761541666","23477/2025-11-04/1761541666.json"
"510807","146155","2025-11-04","52.00","NZD","1761541666","23477/2025-11-04/1761541666.json"
"581513","221281","2025-11-05","36.00","NZD","1761541666","23477/2025-11-05/1761541666.json"
"581514","221282","2025-11-05","36.00","NZD","1761541666","23477/2025-11-05/1761541666.json"
"512557","146154","2025-11-05","45.00","NZD","1761541666","23477/2025-11-05/1761541666.json"
"365170","146153","2025-11-05","48.00","NZD","1761541666","23477/2025-11-05/1761541666.json"
"510807","146155","2025-11-05","52.00","NZD","1761541666","23477/2025-11-05/1761541666.json"
"581513","221281","2025-11-06","36.00","NZD","1761541666","23477/2025-11-06/1761541666.json"
"581514","221282","2025-11-06","36.00","NZD","1761541666","23477/2025-11-06/1761541666.json"
"512557","146154","2025-11-06","45.00","NZD","1761541666","23477/2025-11-06/1761541666.json"
"365170","146153","2025-11-06","48.00","NZD","1761541666","23477/2025-11-06/1761541666.json"
"510807","146155","2025-11-06","52.00","NZD","1761541666","23477/2025-11-06/1761541666.json"
"581513","221281","2025-11-07","36.00","NZD","1761541666","23477/2025-11-07/1761541666.json"
"581514","221282","2025-11-07","36.00","NZD","1761541666","23477/2025-11-07/1761541666.json"
"512557","146154","2025-11-07","45.00","NZD","1761541666","23477/2025-11-07/1761541666.json"
"365170","146153","2025-11-07","48.00","NZD","1761541666","23477/2025-11-07/1761541666.json"
"510807","146155","2025-11-07","52.00","NZD","1761541666","23477/2025-11-07/1761541666.json"
"581513","221281","2025-11-08","36.00","NZD","1761541666","23477/2025-11-08/1761541666.json"
"581514","221282","2025-11-08","36.00","NZD","1761541666","23477/2025-11-08/1761541666.json"
"512557","146154","2025-11-08","45.00","NZD","1761541666","23477/2025-11-08/1761541666.json"
"365170","146153","2025-11-08","48.00","NZD","1761541666","23477/2025-11-08/1761541666.json"
"510807","146155","2025-11-08","52.00","NZD","1761541666","23477/2025-11-08/1761541666.json"
"581513","221281","2025-11-09","36.00","NZD","1761541666","23477/2025-11-09/1761541666.json"
"581514","221282","2025-11-09","36.00","NZD","1761541666","23477/2025-11-09/1761541666.json"
"512557","146154","2025-11-09","45.00","NZD","1761541666","23477/2025-11-09/1761541666.json"
"365170","146153","2025-11-09","48.00","NZD","1761541666","23477/2025-11-09/1761541666.json"
"510807","146155","2025-11-09","52.00","NZD","1761541666","23477/2025-11-09/1761541666.json"
"581513","221281","2025-11-03","36.00","NZD","1761541666","23477/2025-11-03/1761541666.json"
"581514","221282","2025-11-03","36.00","NZD","1761541666","23477/2025-11-03/1761541666.json"
"512557","146154","2025-11-03","45.00","NZD","1761541666","23477/2025-11-03/1761541666.json"
"365170","146153","2025-11-03","48.00","NZD","1761541666","23477/2025-11-03/1761541666.json"
"510807","146155","2025-11-03","52.00","NZD","1761541666","23477/2025-11-03/1761541666.json"
"581513","221281","2025-11-10","36.00","NZD","1761541666","23477/2025-11-10/1761541666.json"
"581514","221282","2025-11-10","36.00","NZD","1761541666","23477/2025-11-10/1761541666.json"
"512557","146154","2025-11-10","45.00","NZD","1761541666","23477/2025-11-10/1761541666.json"
"365170","146153","2025-11-10","48.00","NZD","1761541666","23477/2025-11-10/1761541666.json"
"510807","146155","2025-11-10","52.00","NZD","1761541666","23477/2025-11-10/1761541666.json"
"581513","221281","2025-11-11","36.00","NZD","1761541666","23477/2025-11-11/1761541666.json"
"581514","221282","2025-11-11","36.00","NZD","1761541666","23477/2025-11-11/1761541666.json"
"512557","146154","2025-11-11","45.00","NZD","1761541666","23477/2025-11-11/1761541666.json"
"365170","146153","2025-11-11","48.00","NZD","1761541666","23477/2025-11-11/1761541666.json"
"510807","146155","2025-11-11","52.00","NZD","1761541666","23477/2025-11-11/1761541666.json"
"581513","221281","2025-11-12","36.00","NZD","1761541666","23477/2025-11-12/1761541666.json"
"581514","221282","2025-11-12","36.00","NZD","1761541666","23477/2025-11-12/1761541666.json"
"512557","146154","2025-11-12","45.00","NZD","1761541666","23477/2025-11-12/1761541666.json"
"365170","146153","2025-11-12","48.00","NZD","1761541666","23477/2025-11-12/1761541666.json"
"510807","146155","2025-11-12","52.00","NZD","1761541666","23477/2025-11-12/1761541666.json"
"581513","221281","2025-11-13","36.00","NZD","1761541666","23477/2025-11-13/1761541666.json"
"581514","221282","2025-11-13","36.00","NZD","1761541666","23477/2025-11-13/1761541666.json"
"512557","146154","2025-11-13","45.00","NZD","1761541666","23477/2025-11-13/1761541666.json"
"365170","146153","2025-11-13","48.00","NZD","1761541666","23477/2025-11-13/1761541666.json"
"510807","146155","2025-11-13","52.00","NZD","1761541666","23477/2025-11-13/1761541666.json"
"581513","221281","2025-11-14","36.00","NZD","1761541666","23477/2025-11-14/1761541666.json"
"581514","221282","2025-11-14","36.00","NZD","1761541666","23477/2025-11-14/1761541666.json"
"512557","146154","2025-11-14","45.00","NZD","1761541666","23477/2025-11-14/1761541666.json"
"365170","146153","2025-11-14","48.00","NZD","1761541666","23477/2025-11-14/1761541666.json"
"510807","146155","2025-11-14","52.00","NZD","1761541666","23477/2025-11-14/1761541666.json"
"581513","221281","2025-11-15","36.00","NZD","1761541666","23477/2025-11-15/1761541666.json"
"581514","221282","2025-11-15","36.00","NZD","1761541666","23477/2025-11-15/1761541666.json"
"512557","146154","2025-11-15","45.00","NZD","1761541666","23477/2025-11-15/1761541666.json"
"365170","146153","2025-11-15","48.00","NZD","1761541666","23477/2025-11-15/1761541666.json"
"510807","146155","2025-11-15","52.00","NZD","1761541666","23477/2025-11-15/1761541666.json"
"581513","221281","2025-11-16","36.00","NZD","1761541666","23477/2025-11-16/1761541666.json"
"581514","221282","2025-11-16","36.00","NZD","1761541666","23477/2025-11-16/1761541666.json"
"512557","146154","2025-11-16","45.00","NZD","1761541666","23477/2025-11-16/1761541666.json"
"365170","146153","2025-11-16","48.00","NZD","1761541666","23477/2025-11-16/1761541666.json"
"510807","146155","2025-11-16","52.00","NZD","1761541666","23477/2025-11-16/1761541666.json"
"581513","221281","2025-11-17","36.00","NZD","1761541666","23477/2025-11-17/1761541666.json"
"581514","221282","2025-11-17","36.00","NZD","1761541666","23477/2025-11-17/1761541666.json"
"512557","146154","2025-11-17","45.00","NZD","1761541666","23477/2025-11-17/1761541666.json"
"365170","146153","2025-11-17","48.00","NZD","1761541666","23477/2025-11-17/1761541666.json"
"510807","146155","2025-11-17","52.00","NZD","1761541666","23477/2025-11-17/1761541666.json"
"581513","221281","2025-11-18","36.00","NZD","1761541666","23477/2025-11-18/1761541666.json"
"581514","221282","2025-11-18","36.00","NZD","1761541666","23477/2025-11-18/1761541666.json"
"512557","146154","2025-11-18","45.00","NZD","1761541666","23477/2025-11-18/1761541666.json"
"365170","146153","2025-11-18","48.00","NZD","1761541666","23477/2025-11-18/1761541666.json"
"510807","146155","2025-11-18","52.00","NZD","1761541666","23477/2025-11-18/1761541666.json"
"581513","221281","2025-11-19","36.00","NZD","1761541666","23477/2025-11-19/1761541666.json"
"581514","221282","2025-11-19","36.00","NZD","1761541666","23477/2025-11-19/1761541666.json"
"512557","146154","2025-11-19","45.00","NZD","1761541666","23477/2025-11-19/1761541666.json"
"365170","146153","2025-11-19","48.00","NZD","1761541666","23477/2025-11-19/1761541666.json"
"510807","146155","2025-11-19","52.00","NZD","1761541666","23477/2025-11-19/1761541666.json"
"581513","221281","2025-11-21","36.00","NZD","1761541666","23477/2025-11-21/1761541666.json"
"581514","221282","2025-11-21","36.00","NZD","1761541666","23477/2025-11-21/1761541666.json"
"512557","146154","2025-11-21","45.00","NZD","1761541666","23477/2025-11-21/1761541666.json"
"365170","146153","2025-11-21","48.00","NZD","1761541666","23477/2025-11-21/1761541666.json"
"510807","146155","2025-11-21","52.00","NZD","1761541666","23477/2025-11-21/1761541666.json"
"581513","221281","2025-11-20","36.00","NZD","1761541666","23477/2025-11-20/1761541666.json"
"581514","221282","2025-11-20","36.00","NZD","1761541666","23477/2025-11-20/1761541666.json"
"512557","146154","2025-11-20","45.00","NZD","1761541666","23477/2025-11-20/1761541666.json"
"581513","221281","2025-11-23","36.00","NZD","1761541666","23477/2025-11-23/1761541666.json"
"581514","221282","2025-11-23","36.00","NZD","1761541666","23477/2025-11-23/1761541666.json"
"512557","146154","2025-11-23","45.00","NZD","1761541666","23477/2025-11-23/1761541666.json"
"365170","146153","2025-11-23","48.00","NZD","1761541666","23477/2025-11-23/1761541666.json"
"510807","146155","2025-11-23","52.00","NZD","1761541666","23477/2025-11-23/1761541666.json"
"581513","221281","2025-11-22","36.00","NZD","1761541666","23477/2025-11-22/1761541666.json"
"581514","221282","2025-11-22","36.00","NZD","1761541666","23477/2025-11-22/1761541666.json"
"512557","146154","2025-11-22","45.00","NZD","1761541666","23477/2025-11-22/1761541666.json"
"365170","146153","2025-11-22","48.00","NZD","1761541666","23477/2025-11-22/1761541666.json"
"510807","146155","2025-11-22","52.00","NZD","1761541666","23477/2025-11-22/1761541666.json"
"581513","221281","2025-11-24","36.00","NZD","1761541666","23477/2025-11-24/1761541666.json"
"581514","221282","2025-11-24","36.00","NZD","1761541666","23477/2025-11-24/1761541666.json"
"512557","146154","2025-11-24","45.00","NZD","1761541666","23477/2025-11-24/1761541666.json"
"365170","146153","2025-11-24","48.00","NZD","1761541666","23477/2025-11-24/1761541666.json"
"510807","146155","2025-11-24","52.00","NZD","1761541666","23477/2025-11-24/1761541666.json"
"581513","221281","2025-11-26","36.00","NZD","1761541666","23477/2025-11-26/1761541666.json"
"581514","221282","2025-11-26","36.00","NZD","1761541666","23477/2025-11-26/1761541666.json"
"512557","146154","2025-11-26","45.00","NZD","1761541666","23477/2025-11-26/1761541666.json"
"365170","146153","2025-11-26","48.00","NZD","1761541666","23477/2025-11-26/1761541666.json"
"510807","146155","2025-11-26","52.00","NZD","1761541666","23477/2025-11-26/1761541666.json"
"581513","221281","2025-11-27","36.00","NZD","1761541666","23477/2025-11-27/1761541666.json"
"581514","221282","2025-11-27","36.00","NZD","1761541666","23477/2025-11-27/1761541666.json"
"512557","146154","2025-11-27","45.00","NZD","1761541666","23477/2025-11-27/1761541666.json"
"365170","146153","2025-11-27","48.00","NZD","1761541666","23477/2025-11-27/1761541666.json"
"510807","146155","2025-11-27","52.00","NZD","1761541666","23477/2025-11-27/1761541666.json"
"581513","221281","2025-11-25","36.00","NZD","1761541666","23477/2025-11-25/1761541666.json"
"581514","221282","2025-11-25","36.00","NZD","1761541666","23477/2025-11-25/1761541666.json"
"512557","146154","2025-11-25","45.00","NZD","1761541666","23477/2025-11-25/1761541666.json"
"365170","146153","2025-11-25","48.00","NZD","1761541666","23477/2025-11-25/1761541666.json"
"510807","146155","2025-11-25","52.00","NZD","1761541666","23477/2025-11-25/1761541666.json"
"581513","221281","2025-11-28","36.00","NZD","1761541666","23477/2025-11-28/1761541666.json"
"581514","221282","2025-11-28","36.00","NZD","1761541666","23477/2025-11-28/1761541666.json"
"512557","146154","2025-11-28","45.00","NZD","1761541666","23477/2025-11-28/1761541666.json"
"365170","146153","2025-11-28","48.00","NZD","1761541666","23477/2025-11-28/1761541666.json"
"510807","146155","2025-11-28","52.00","NZD","1761541666","23477/2025-11-28/1761541666.json"
"581513","221281","2025-11-30","36.00","NZD","1761541666","23477/2025-11-30/1761541666.json"
"581514","221282","2025-11-30","36.00","NZD","1761541666","23477/2025-11-30/1761541666.json"
"512557","146154","2025-11-30","45.00","NZD","1761541666","23477/2025-11-30/1761541666.json"
"365170","146153","2025-11-30","48.00","NZD","1761541666","23477/2025-11-30/1761541666.json"
"510807","146155","2025-11-30","52.00","NZD","1761541666","23477/2025-11-30/1761541666.json"
"581513","221281","2025-11-29","36.00","NZD","1761541666","23477/2025-11-29/1761541666.json"
"581514","221282","2025-11-29","36.00","NZD","1761541666","23477/2025-11-29/1761541666.json"
"512557","146154","2025-11-29","45.00","NZD","1761541666","23477/2025-11-29/1761541666.json"
"365170","146153","2025-11-29","48.00","NZD","1761541666","23477/2025-11-29/1761541666.json"
"510807","146155","2025-11-29","52.00","NZD","1761541666","23477/2025-11-29/1761541666.json"
"581513","221281","2025-12-01","36.00","NZD","1761541666","23477/2025-12-01/1761541666.json"
"581514","221282","2025-12-01","36.00","NZD","1761541666","23477/2025-12-01/1761541666.json"
"512557","146154","2025-12-01","45.00","NZD","1761541666","23477/2025-12-01/1761541666.json"
"365170","146153","2025-12-01","48.00","NZD","1761541666","23477/2025-12-01/1761541666.json"
"510807","146155","2025-12-01","52.00","NZD","1761541666","23477/2025-12-01/1761541666.json"
"581513","221281","2025-12-02","36.00","NZD","1761541666","23477/2025-12-02/1761541666.json"
"581514","221282","2025-12-02","36.00","NZD","1761541666","23477/2025-12-02/1761541666.json"
"512557","146154","2025-12-02","45.00","NZD","1761541666","23477/2025-12-02/1761541666.json"
"365170","146153","2025-12-02","48.00","NZD","1761541666","23477/2025-12-02/1761541666.json"
"510807","146155","2025-12-02","52.00","NZD","1761541666","23477/2025-12-02/1761541666.json"
"581513","221281","2025-12-03","36.00","NZD","1761541666","23477/2025-12-03/1761541666.json"
"581514","221282","2025-12-03","36.00","NZD","1761541666","23477/2025-12-03/1761541666.json"
"512557","146154","2025-12-03","45.00","NZD","1761541666","23477/2025-12-03/1761541666.json"
"365170","146153","2025-12-03","48.00","NZD","1761541666","23477/2025-12-03/1761541666.json"
"510807","146155","2025-12-03","52.00","NZD","1761541666","23477/2025-12-03/1761541666.json"
"581513","221281","2025-12-04","36.00","NZD","1761541666","23477/2025-12-04/1761541666.json"
"581514","221282","2025-12-04","36.00","NZD","1761541666","23477/2025-12-04/1761541666.json"
"512557","146154","2025-12-04","45.00","NZD","1761541666","23477/2025-12-04/1761541666.json"
"365170","146153","2025-12-04","48.00","NZD","1761541666","23477/2025-12-04/1761541666.json"
"510807","146155","2025-12-04","52.00","NZD","1761541666","23477/2025-12-04/1761541666.json"
"581513","221281","2025-12-05","36.00","NZD","1761541666","23477/2025-12-05/1761541666.json"
"581514","221282","2025-12-05","36.00","NZD","1761541666","23477/2025-12-05/1761541666.json"
"512557","146154","2025-12-05","45.00","NZD","1761541666","23477/2025-12-05/1761541666.json"
"365170","146153","2025-12-05","48.00","NZD","1761541666","23477/2025-12-05/1761541666.json"
"510807","146155","2025-12-05","52.00","NZD","1761541666","23477/2025-12-05/1761541666.json"
"581513","221281","2025-12-08","36.00","NZD","1761541666","23477/2025-12-08/1761541666.json"
"581514","221282","2025-12-08","36.00","NZD","1761541666","23477/2025-12-08/1761541666.json"
"512557","146154","2025-12-08","45.00","NZD","1761541666","23477/2025-12-08/1761541666.json"
"365170","146153","2025-12-08","48.00","NZD","1761541666","23477/2025-12-08/1761541666.json"
"510807","146155","2025-12-08","52.00","NZD","1761541666","23477/2025-12-08/1761541666.json"
"581513","221281","2025-12-07","36.00","NZD","1761541666","23477/2025-12-07/1761541666.json"
"581514","221282","2025-12-07","36.00","NZD","1761541666","23477/2025-12-07/1761541666.json"
"512557","146154","2025-12-07","45.00","NZD","1761541666","23477/2025-12-07/1761541666.json"
"365170","146153","2025-12-07","48.00","NZD","1761541666","23477/2025-12-07/1761541666.json"
"510807","146155","2025-12-07","52.00","NZD","1761541666","23477/2025-12-07/1761541666.json"
"581513","221281","2025-12-06","36.00","NZD","1761541666","23477/2025-12-06/1761541666.json"
"581514","221282","2025-12-06","36.00","NZD","1761541666","23477/2025-12-06/1761541666.json"
"512557","146154","2025-12-06","45.00","NZD","1761541666","23477/2025-12-06/1761541666.json"
"365170","146153","2025-12-06","48.00","NZD","1761541666","23477/2025-12-06/1761541666.json"
"510807","146155","2025-12-06","52.00","NZD","1761541666","23477/2025-12-06/1761541666.json"
"581513","221281","2025-12-09","36.00","NZD","1761541666","23477/2025-12-09/1761541666.json"
"581514","221282","2025-12-09","36.00","NZD","1761541666","23477/2025-12-09/1761541666.json"
"512557","146154","2025-12-09","45.00","NZD","1761541666","23477/2025-12-09/1761541666.json"
"365170","146153","2025-12-09","48.00","NZD","1761541666","23477/2025-12-09/1761541666.json"
"510807","146155","2025-12-09","52.00","NZD","1761541666","23477/2025-12-09/1761541666.json"
"581513","221281","2025-12-10","36.00","NZD","1761541666","23477/2025-12-10/1761541666.json"
"581514","221282","2025-12-10","36.00","NZD","1761541666","23477/2025-12-10/1761541666.json"
"512557","146154","2025-12-10","45.00","NZD","1761541666","23477/2025-12-10/1761541666.json"
"365170","146153","2025-12-10","48.00","NZD","1761541666","23477/2025-12-10/1761541666.json"
"510807","146155","2025-12-10","52.00","NZD","1761541666","23477/2025-12-10/1761541666.json"
"581513","221281","2025-12-11","36.00","NZD","1761541666","23477/2025-12-11/1761541666.json"
"581514","221282","2025-12-11","36.00","NZD","1761541666","23477/2025-12-11/1761541666.json"
"512557","146154","2025-12-11","45.00","NZD","1761541666","23477/2025-12-11/1761541666.json"
"365170","146153","2025-12-11","48.00","NZD","1761541666","23477/2025-12-11/1761541666.json"
"510807","146155","2025-12-11","52.00","NZD","1761541666","23477/2025-12-11/1761541666.json"
"581513","221281","2025-12-12","36.00","NZD","1761541666","23477/2025-12-12/1761541666.json"
"581514","221282","2025-12-12","36.00","NZD","1761541666","23477/2025-12-12/1761541666.json"
"512557","146154","2025-12-12","45.00","NZD","1761541666","23477/2025-12-12/1761541666.json"
"365170","146153","2025-12-12","48.00","NZD","1761541666","23477/2025-12-12/1761541666.json"
"510807","146155","2025-12-12","52.00","NZD","1761541666","23477/2025-12-12/1761541666.json"
"581513","221281","2025-12-13","36.00","NZD","1761541666","23477/2025-12-13/1761541666.json"
"581514","221282","2025-12-13","36.00","NZD","1761541666","23477/2025-12-13/1761541666.json"
"512557","146154","2025-12-13","45.00","NZD","1761541666","23477/2025-12-13/1761541666.json"
"365170","146153","2025-12-13","48.00","NZD","1761541666","23477/2025-12-13/1761541666.json"
"510807","146155","2025-12-13","52.00","NZD","1761541666","23477/2025-12-13/1761541666.json"
"581513","221281","2025-12-15","36.00","NZD","1761541666","23477/2025-12-15/1761541666.json"
"581514","221282","2025-12-15","36.00","NZD","1761541666","23477/2025-12-15/1761541666.json"
"512557","146154","2025-12-15","45.00","NZD","1761541666","23477/2025-12-15/1761541666.json"
"365170","146153","2025-12-15","48.00","NZD","1761541666","23477/2025-12-15/1761541666.json"
"510807","146155","2025-12-15","52.00","NZD","1761541666","23477/2025-12-15/1761541666.json"
"581513","221281","2025-12-16","36.00","NZD","1761541666","23477/2025-12-16/1761541666.json"
"581514","221282","2025-12-16","36.00","NZD","1761541666","23477/2025-12-16/1761541666.json"
"512557","146154","2025-12-16","45.00","NZD","1761541666","23477/2025-12-16/1761541666.json"
"365170","146153","2025-12-16","48.00","NZD","1761541666","23477/2025-12-16/1761541666.json"
"510807","146155","2025-12-16","52.00","NZD","1761541666","23477/2025-12-16/1761541666.json"
"581513","221281","2025-12-14","36.00","NZD","1761541666","23477/2025-12-14/1761541666.json"
"581514","221282","2025-12-14","36.00","NZD","1761541666","23477/2025-12-14/1761541666.json"
"512557","146154","2025-12-14","45.00","NZD","1761541666","23477/2025-12-14/1761541666.json"
"365170","146153","2025-12-14","48.00","NZD","1761541666","23477/2025-12-14/1761541666.json"
"510807","146155","2025-12-14","52.00","NZD","1761541666","23477/2025-12-14/1761541666.json"
"581513","221281","2025-12-18","36.00","NZD","1761541666","23477/2025-12-18/1761541666.json"
"581514","221282","2025-12-18","36.00","NZD","1761541666","23477/2025-12-18/1761541666.json"
"512557","146154","2025-12-18","45.00","NZD","1761541666","23477/2025-12-18/1761541666.json"
"365170","146153","2025-12-18","48.00","NZD","1761541666","23477/2025-12-18/1761541666.json"
"510807","146155","2025-12-18","52.00","NZD","1761541666","23477/2025-12-18/1761541666.json"
"581513","221281","2025-12-19","36.00","NZD","1761541666","23477/2025-12-19/1761541666.json"
"581514","221282","2025-12-19","36.00","NZD","1761541666","23477/2025-12-19/1761541666.json"
"512557","146154","2025-12-19","45.00","NZD","1761541666","23477/2025-12-19/1761541666.json"
"365170","146153","2025-12-19","48.00","NZD","1761541666","23477/2025-12-19/1761541666.json"
"510807","146155","2025-12-19","52.00","NZD","1761541666","23477/2025-12-19/1761541666.json"
"581513","221281","2025-12-20","36.00","NZD","1761541666","23477/2025-12-20/1761541666.json"
"581514","221282","2025-12-20","36.00","NZD","1761541666","23477/2025-12-20/1761541666.json"
"512557","146154","2025-12-20","45.00","NZD","1761541666","23477/2025-12-20/1761541666.json"
"365170","146153","2025-12-20","48.00","NZD","1761541666","23477/2025-12-20/1761541666.json"
"510807","146155","2025-12-20","52.00","NZD","1761541666","23477/2025-12-20/1761541666.json"
"581513","221281","2025-12-21","36.00","NZD","1761541666","23477/2025-12-21/1761541666.json"
"581514","221282","2025-12-21","36.00","NZD","1761541666","23477/2025-12-21/1761541666.json"
"512557","146154","2025-12-21","45.00","NZD","1761541666","23477/2025-12-21/1761541666.json"
"365170","146153","2025-12-21","48.00","NZD","1761541666","23477/2025-12-21/1761541666.json"
"510807","146155","2025-12-21","52.00","NZD","1761541666","23477/2025-12-21/1761541666.json"
"581513","221281","2025-12-22","36.00","NZD","1761541666","23477/2025-12-22/1761541666.json"
"581514","221282","2025-12-22","36.00","NZD","1761541666","23477/2025-12-22/1761541666.json"
"512557","146154","2025-12-22","45.00","NZD","1761541666","23477/2025-12-22/1761541666.json"
"365170","146153","2025-12-22","48.00","NZD","1761541666","23477/2025-12-22/1761541666.json"
"510807","146155","2025-12-22","52.00","NZD","1761541666","23477/2025-12-22/1761541666.json"
"581513","221281","2025-12-25","38.00","NZD","1761541666","23477/2025-12-25/1761541666.json"
"581514","221282","2025-12-25","38.00","NZD","1761541666","23477/2025-12-25/1761541666.json"
"512557","146154","2025-12-25","45.00","NZD","1761541666","23477/2025-12-25/1761541666.json"
"365170","146153","2025-12-25","48.00","NZD","1761541666","23477/2025-12-25/1761541666.json"
"510807","146155","2025-12-25","52.00","NZD","1761541666","23477/2025-12-25/1761541666.json"
"581513","221281","2025-12-24","38.00","NZD","1761541666","23477/2025-12-24/1761541666.json"
"581514","221282","2025-12-24","38.00","NZD","1761541666","23477/2025-12-24/1761541666.json"
"512557","146154","2025-12-24","45.00","NZD","1761541666","23477/2025-12-24/1761541666.json"
"365170","146153","2025-12-24","48.00","NZD","1761541666","23477/2025-12-24/1761541666.json"
"510807","146155","2025-12-24","52.00","NZD","1761541666","23477/2025-12-24/1761541666.json"
"581513","221281","2025-12-26","42.00","NZD","1761541666","23477/2025-12-26/1761541666.json"
"581514","221282","2025-12-26","42.00","NZD","1761541666","23477/2025-12-26/1761541666.json"
"512557","146154","2025-12-26","45.00","NZD","1761541666","23477/2025-12-26/1761541666.json"
"365170","146153","2025-12-26","48.00","NZD","1761541666","23477/2025-12-26/1761541666.json"
"510807","146155","2025-12-26","52.00","NZD","1761541666","23477/2025-12-26/1761541666.json"
"581513","221281","2025-12-17","36.00","NZD","1761541666","23477/2025-12-17/1761541666.json"
"581514","221282","2025-12-17","36.00","NZD","1761541666","23477/2025-12-17/1761541666.json"
"512557","146154","2025-12-17","45.00","NZD","1761541666","23477/2025-12-17/1761541666.json"
"365170","146153","2025-12-17","48.00","NZD","1761541666","23477/2025-12-17/1761541666.json"
"510807","146155","2025-12-17","52.00","NZD","1761541666","23477/2025-12-17/1761541666.json"
"581513","221281","2025-12-23","38.00","NZD","1761541666","23477/2025-12-23/1761541666.json"
"581514","221282","2025-12-23","38.00","NZD","1761541666","23477/2025-12-23/1761541666.json"
"512557","146154","2025-12-23","45.00","NZD","1761541666","23477/2025-12-23/1761541666.json"
"365170","146153","2025-12-23","48.00","NZD","1761541666","23477/2025-12-23/1761541666.json"
"510807","146155","2025-12-23","52.00","NZD","1761541666","23477/2025-12-23/1761541666.json"
"581513","221281","2025-10-30","36.00","NZD","1761555996","23477/2025-10-30/1761555996.json"
"581514","221282","2025-10-30","36.00","NZD","1761555996","23477/2025-10-30/1761555996.json"
"512557","146154","2025-10-30","45.00","NZD","1761555996","23477/2025-10-30/1761555996.json"
"365170","146153","2025-10-30","48.00","NZD","1761555996","23477/2025-10-30/1761555996.json"
"510807","146155","2025-10-30","52.00","NZD","1761555996","23477/2025-10-30/1761555996.json"
"581513","221281","2025-10-27","38.00","NZD","1761555996","23477/2025-10-27/1761555996.json"
"581514","221282","2025-10-27","38.00","NZD","1761555996","23477/2025-10-27/1761555996.json"
"512557","146154","2025-10-27","45.00","NZD","1761555996","23477/2025-10-27/1761555996.json"
"365170","146153","2025-10-27","48.00","NZD","1761555996","23477/2025-10-27/1761555996.json"
"510807","146155","2025-10-27","52.00","NZD","1761555996","23477/2025-10-27/1761555996.json"
"581513","221281","2025-10-28","36.00","NZD","1761555996","23477/2025-10-28/1761555996.json"
"581514","221282","2025-10-28","36.00","NZD","1761555996","23477/2025-10-28/1761555996.json"
"512557","146154","2025-10-28","45.00","NZD","1761555996","23477/2025-10-28/1761555996.json"
"365170","146153","2025-10-28","48.00","NZD","1761555996","23477/2025-10-28/1761555996.json"
"510807","146155","2025-10-28","52.00","NZD","1761555996","23477/2025-10-28/1761555996.json"
"581513","221281","2025-10-29","36.00","NZD","1761555996","23477/2025-10-29/1761555996.json"
"581514","221282","2025-10-29","36.00","NZD","1761555996","23477/2025-10-29/1761555996.json"
"512557","146154","2025-10-29","45.00","NZD","1761555996","23477/2025-10-29/1761555996.json"
"365170","146153","2025-10-29","48.00","NZD","1761555996","23477/2025-10-29/1761555996.json"
"510807","146155","2025-10-29","52.00","NZD","1761555996","23477/2025-10-29/1761555996.json"
"581513","221281","2025-11-02","36.00","NZD","1761555996","23477/2025-11-02/1761555996.json"
"581514","221282","2025-11-02","36.00","NZD","1761555996","23477/2025-11-02/1761555996.json"
"512557","146154","2025-11-02","45.00","NZD","1761555996","23477/2025-11-02/1761555996.json"
"365170","146153","2025-11-02","48.00","NZD","1761555996","23477/2025-11-02/1761555996.json"
"510807","146155","2025-11-02","52.00","NZD","1761555996","23477/2025-11-02/1761555996.json"
"581513","221281","2025-10-31","36.00","NZD","1761555996","23477/2025-10-31/1761555996.json"
"581514","221282","2025-10-31","36.00","NZD","1761555996","23477/2025-10-31/1761555996.json"
"512557","146154","2025-10-31","45.00","NZD","1761555996","23477/2025-10-31/1761555996.json"
"365170","146153","2025-10-31","48.00","NZD","1761555996","23477/2025-10-31/1761555996.json"
"510807","146155","2025-10-31","52.00","NZD","1761555996","23477/2025-10-31/1761555996.json"
"581513","221281","2025-11-03","36.00","NZD","1761555996","23477/2025-11-03/1761555996.json"
"581514","221282","2025-11-03","36.00","NZD","1761555996","23477/2025-11-03/1761555996.json"
"512557","146154","2025-11-03","45.00","NZD","1761555996","23477/2025-11-03/1761555996.json"
"365170","146153","2025-11-03","48.00","NZD","1761555996","23477/2025-11-03/1761555996.json"
"510807","146155","2025-11-03","52.00","NZD","1761555996","23477/2025-11-03/1761555996.json"
"581513","221281","2025-11-01","36.00","NZD","1761555996","23477/2025-11-01/1761555996.json"
"581514","221282","2025-11-01","36.00","NZD","1761555996","23477/2025-11-01/1761555996.json"
"512557","146154","2025-11-01","45.00","NZD","1761555996","23477/2025-11-01/1761555996.json"
"365170","146153","2025-11-01","48.00","NZD","1761555996","23477/2025-11-01/1761555996.json"
"510807","146155","2025-11-01","52.00","NZD","1761555996","23477/2025-11-01/1761555996.json"
"581513","221281","2025-11-04","36.00","NZD","1761555996","23477/2025-11-04/1761555996.json"
"581514","221282","2025-11-04","36.00","NZD","1761555996","23477/2025-11-04/1761555996.json"
"512557","146154","2025-11-04","45.00","NZD","1761555996","23477/2025-11-04/1761555996.json"
"365170","146153","2025-11-04","48.00","NZD","1761555996","23477/2025-11-04/1761555996.json"
"510807","146155","2025-11-04","52.00","NZD","1761555996","23477/2025-11-04/1761555996.json"
"581513","221281","2025-11-05","36.00","NZD","1761555996","23477/2025-11-05/1761555996.json"
"581514","221282","2025-11-05","36.00","NZD","1761555996","23477/2025-11-05/1761555996.json"
"512557","146154","2025-11-05","45.00","NZD","1761555996","23477/2025-11-05/1761555996.json"
"365170","146153","2025-11-05","48.00","NZD","1761555996","23477/2025-11-05/1761555996.json"
"510807","146155","2025-11-05","52.00","NZD","1761555996","23477/2025-11-05/1761555996.json"
"581513","221281","2025-11-06","36.00","NZD","1761555996","23477/2025-11-06/1761555996.json"
"581514","221282","2025-11-06","36.00","NZD","1761555996","23477/2025-11-06/1761555996.json"
"512557","146154","2025-11-06","45.00","NZD","1761555996","23477/2025-11-06/1761555996.json"
"365170","146153","2025-11-06","48.00","NZD","1761555996","23477/2025-11-06/1761555996.json"
"510807","146155","2025-11-06","52.00","NZD","1761555996","23477/2025-11-06/1761555996.json"
"581513","221281","2025-11-07","36.00","NZD","1761555996","23477/2025-11-07/1761555996.json"
"581514","221282","2025-11-07","36.00","NZD","1761555996","23477/2025-11-07/1761555996.json"
"512557","146154","2025-11-07","45.00","NZD","1761555996","23477/2025-11-07/1761555996.json"
"365170","146153","2025-11-07","48.00","NZD","1761555996","23477/2025-11-07/1761555996.json"
"510807","146155","2025-11-07","52.00","NZD","1761555996","23477/2025-11-07/1761555996.json"
"581513","221281","2025-11-08","36.00","NZD","1761555996","23477/2025-11-08/1761555996.json"
"581514","221282","2025-11-08","36.00","NZD","1761555996","23477/2025-11-08/1761555996.json"
"512557","146154","2025-11-08","45.00","NZD","1761555996","23477/2025-11-08/1761555996.json"
"365170","146153","2025-11-08","48.00","NZD","1761555996","23477/2025-11-08/1761555996.json"
"510807","146155","2025-11-08","52.00","NZD","1761555996","23477/2025-11-08/1761555996.json"
"581513","221281","2025-11-09","36.00","NZD","1761555996","23477/2025-11-09/1761555996.json"
"581514","221282","2025-11-09","36.00","NZD","1761555996","23477/2025-11-09/1761555996.json"
"512557","146154","2025-11-09","45.00","NZD","1761555996","23477/2025-11-09/1761555996.json"
"365170","146153","2025-11-09","48.00","NZD","1761555996","23477/2025-11-09/1761555996.json"
"510807","146155","2025-11-09","52.00","NZD","1761555996","23477/2025-11-09/1761555996.json"
"581513","221281","2025-11-10","36.00","NZD","1761555996","23477/2025-11-10/1761555996.json"
"581514","221282","2025-11-10","36.00","NZD","1761555996","23477/2025-11-10/1761555996.json"
"512557","146154","2025-11-10","45.00","NZD","1761555996","23477/2025-11-10/1761555996.json"
"365170","146153","2025-11-10","48.00","NZD","1761555996","23477/2025-11-10/1761555996.json"
"510807","146155","2025-11-10","52.00","NZD","1761555996","23477/2025-11-10/1761555996.json"
"581513","221281","2025-11-11","36.00","NZD","1761555996","23477/2025-11-11/1761555996.json"
"581514","221282","2025-11-11","36.00","NZD","1761555996","23477/2025-11-11/1761555996.json"
"512557","146154","2025-11-11","45.00","NZD","1761555996","23477/2025-11-11/1761555996.json"
"365170","146153","2025-11-11","48.00","NZD","1761555996","23477/2025-11-11/1761555996.json"
"510807","146155","2025-11-11","52.00","NZD","1761555996","23477/2025-11-11/1761555996.json"
"581513","221281","2025-11-12","36.00","NZD","1761555996","23477/2025-11-12/1761555996.json"
"581514","221282","2025-11-12","36.00","NZD","1761555996","23477/2025-11-12/1761555996.json"
"512557","146154","2025-11-12","45.00","NZD","1761555996","23477/2025-11-12/1761555996.json"
"365170","146153","2025-11-12","48.00","NZD","1761555996","23477/2025-11-12/1761555996.json"
"510807","146155","2025-11-12","52.00","NZD","1761555996","23477/2025-11-12/1761555996.json"
"581513","221281","2025-11-13","36.00","NZD","1761555996","23477/2025-11-13/1761555996.json"
"581514","221282","2025-11-13","36.00","NZD","1761555996","23477/2025-11-13/1761555996.json"
"512557","146154","2025-11-13","45.00","NZD","1761555996","23477/2025-11-13/1761555996.json"
"365170","146153","2025-11-13","48.00","NZD","1761555996","23477/2025-11-13/1761555996.json"
"510807","146155","2025-11-13","52.00","NZD","1761555996","23477/2025-11-13/1761555996.json"
"581513","221281","2025-11-14","36.00","NZD","1761555996","23477/2025-11-14/1761555996.json"
"581514","221282","2025-11-14","36.00","NZD","1761555996","23477/2025-11-14/1761555996.json"
"512557","146154","2025-11-14","45.00","NZD","1761555996","23477/2025-11-14/1761555996.json"
"365170","146153","2025-11-14","48.00","NZD","1761555996","23477/2025-11-14/1761555996.json"
"510807","146155","2025-11-14","52.00","NZD","1761555996","23477/2025-11-14/1761555996.json"
"581513","221281","2025-11-17","36.00","NZD","1761555996","23477/2025-11-17/1761555996.json"
"581514","221282","2025-11-17","36.00","NZD","1761555996","23477/2025-11-17/1761555996.json"
"512557","146154","2025-11-17","45.00","NZD","1761555996","23477/2025-11-17/1761555996.json"
"365170","146153","2025-11-17","48.00","NZD","1761555996","23477/2025-11-17/1761555996.json"
"510807","146155","2025-11-17","52.00","NZD","1761555996","23477/2025-11-17/1761555996.json"
"581513","221281","2025-11-16","36.00","NZD","1761555996","23477/2025-11-16/1761555996.json"
"581514","221282","2025-11-16","36.00","NZD","1761555996","23477/2025-11-16/1761555996.json"
"512557","146154","2025-11-16","45.00","NZD","1761555996","23477/2025-11-16/1761555996.json"
"365170","146153","2025-11-16","48.00","NZD","1761555996","23477/2025-11-16/1761555996.json"
"510807","146155","2025-11-16","52.00","NZD","1761555996","23477/2025-11-16/1761555996.json"
"581513","221281","2025-11-15","36.00","NZD","1761555996","23477/2025-11-15/1761555996.json"
"581514","221282","2025-11-15","36.00","NZD","1761555996","23477/2025-11-15/1761555996.json"
"512557","146154","2025-11-15","45.00","NZD","1761555996","23477/2025-11-15/1761555996.json"
"365170","146153","2025-11-15","48.00","NZD","1761555996","23477/2025-11-15/1761555996.json"
"510807","146155","2025-11-15","52.00","NZD","1761555996","23477/2025-11-15/1761555996.json"
"581513","221281","2025-11-18","36.00","NZD","1761555996","23477/2025-11-18/1761555996.json"
"581514","221282","2025-11-18","36.00","NZD","1761555996","23477/2025-11-18/1761555996.json"
"512557","146154","2025-11-18","45.00","NZD","1761555996","23477/2025-11-18/1761555996.json"
"365170","146153","2025-11-18","48.00","NZD","1761555996","23477/2025-11-18/1761555996.json"
"510807","146155","2025-11-18","52.00","NZD","1761555996","23477/2025-11-18/1761555996.json"
"581513","221281","2025-11-20","36.00","NZD","1761555996","23477/2025-11-20/1761555996.json"
"581514","221282","2025-11-20","36.00","NZD","1761555996","23477/2025-11-20/1761555996.json"
"512557","146154","2025-11-20","45.00","NZD","1761555996","23477/2025-11-20/1761555996.json"
"581513","221281","2025-11-22","36.00","NZD","1761555996","23477/2025-11-22/1761555996.json"
"581514","221282","2025-11-22","36.00","NZD","1761555996","23477/2025-11-22/1761555996.json"
"512557","146154","2025-11-22","45.00","NZD","1761555996","23477/2025-11-22/1761555996.json"
"365170","146153","2025-11-22","48.00","NZD","1761555996","23477/2025-11-22/1761555996.json"
"510807","146155","2025-11-22","52.00","NZD","1761555996","23477/2025-11-22/1761555996.json"
"581513","221281","2025-11-23","36.00","NZD","1761555996","23477/2025-11-23/1761555996.json"
"581514","221282","2025-11-23","36.00","NZD","1761555996","23477/2025-11-23/1761555996.json"
"512557","146154","2025-11-23","45.00","NZD","1761555996","23477/2025-11-23/1761555996.json"
"365170","146153","2025-11-23","48.00","NZD","1761555996","23477/2025-11-23/1761555996.json"
"510807","146155","2025-11-23","52.00","NZD","1761555996","23477/2025-11-23/1761555996.json"
"581513","221281","2025-11-19","36.00","NZD","1761555996","23477/2025-11-19/1761555996.json"
"581514","221282","2025-11-19","36.00","NZD","1761555996","23477/2025-11-19/1761555996.json"
"512557","146154","2025-11-19","45.00","NZD","1761555996","23477/2025-11-19/1761555996.json"
"365170","146153","2025-11-19","48.00","NZD","1761555996","23477/2025-11-19/1761555996.json"
"510807","146155","2025-11-19","52.00","NZD","1761555996","23477/2025-11-19/1761555996.json"
"581513","221281","2025-11-24","36.00","NZD","1761555996","23477/2025-11-24/1761555996.json"
"581514","221282","2025-11-24","36.00","NZD","1761555996","23477/2025-11-24/1761555996.json"
"512557","146154","2025-11-24","45.00","NZD","1761555996","23477/2025-11-24/1761555996.json"
"365170","146153","2025-11-24","48.00","NZD","1761555996","23477/2025-11-24/1761555996.json"
"510807","146155","2025-11-24","52.00","NZD","1761555996","23477/2025-11-24/1761555996.json"
"581513","221281","2025-11-25","36.00","NZD","1761555996","23477/2025-11-25/1761555996.json"
"581514","221282","2025-11-25","36.00","NZD","1761555996","23477/2025-11-25/1761555996.json"
"512557","146154","2025-11-25","45.00","NZD","1761555996","23477/2025-11-25/1761555996.json"
"365170","146153","2025-11-25","48.00","NZD","1761555996","23477/2025-11-25/1761555996.json"
"510807","146155","2025-11-25","52.00","NZD","1761555996","23477/2025-11-25/1761555996.json"
"581513","221281","2025-11-26","36.00","NZD","1761555996","23477/2025-11-26/1761555996.json"
"581514","221282","2025-11-26","36.00","NZD","1761555996","23477/2025-11-26/1761555996.json"
"512557","146154","2025-11-26","45.00","NZD","1761555996","23477/2025-11-26/1761555996.json"
"365170","146153","2025-11-26","48.00","NZD","1761555996","23477/2025-11-26/1761555996.json"
"510807","146155","2025-11-26","52.00","NZD","1761555996","23477/2025-11-26/1761555996.json"
"581513","221281","2025-11-27","36.00","NZD","1761555996","23477/2025-11-27/1761555996.json"
"581514","221282","2025-11-27","36.00","NZD","1761555996","23477/2025-11-27/1761555996.json"
"512557","146154","2025-11-27","45.00","NZD","1761555996","23477/2025-11-27/1761555996.json"
"365170","146153","2025-11-27","48.00","NZD","1761555996","23477/2025-11-27/1761555996.json"
"510807","146155","2025-11-27","52.00","NZD","1761555996","23477/2025-11-27/1761555996.json"
"581513","221281","2025-11-29","36.00","NZD","1761555996","23477/2025-11-29/1761555996.json"
"581514","221282","2025-11-29","36.00","NZD","1761555996","23477/2025-11-29/1761555996.json"
"512557","146154","2025-11-29","45.00","NZD","1761555996","23477/2025-11-29/1761555996.json"
"365170","146153","2025-11-29","48.00","NZD","1761555996","23477/2025-11-29/1761555996.json"
"510807","146155","2025-11-29","52.00","NZD","1761555996","23477/2025-11-29/1761555996.json"
"581513","221281","2025-11-28","36.00","NZD","1761555996","23477/2025-11-28/1761555996.json"
"581514","221282","2025-11-28","36.00","NZD","1761555996","23477/2025-11-28/1761555996.json"
"512557","146154","2025-11-28","45.00","NZD","1761555996","23477/2025-11-28/1761555996.json"
"365170","146153","2025-11-28","48.00","NZD","1761555996","23477/2025-11-28/1761555996.json"
"510807","146155","2025-11-28","52.00","NZD","1761555996","23477/2025-11-28/1761555996.json"
"581513","221281","2025-11-30","36.00","NZD","1761555996","23477/2025-11-30/1761555996.json"
"581514","221282","2025-11-30","36.00","NZD","1761555996","23477/2025-11-30/1761555996.json"
"512557","146154","2025-11-30","45.00","NZD","1761555996","23477/2025-11-30/1761555996.json"
"365170","146153","2025-11-30","48.00","NZD","1761555996","23477/2025-11-30/1761555996.json"
"510807","146155","2025-11-30","52.00","NZD","1761555996","23477/2025-11-30/1761555996.json"
"581513","221281","2025-12-02","36.00","NZD","1761555996","23477/2025-12-02/1761555996.json"
"581514","221282","2025-12-02","36.00","NZD","1761555996","23477/2025-12-02/1761555996.json"
"512557","146154","2025-12-02","45.00","NZD","1761555996","23477/2025-12-02/1761555996.json"
"365170","146153","2025-12-02","48.00","NZD","1761555996","23477/2025-12-02/1761555996.json"
"510807","146155","2025-12-02","52.00","NZD","1761555996","23477/2025-12-02/1761555996.json"
"581513","221281","2025-12-01","36.00","NZD","1761555996","23477/2025-12-01/1761555996.json"
"581514","221282","2025-12-01","36.00","NZD","1761555996","23477/2025-12-01/1761555996.json"
"512557","146154","2025-12-01","45.00","NZD","1761555996","23477/2025-12-01/1761555996.json"
"365170","146153","2025-12-01","48.00","NZD","1761555996","23477/2025-12-01/1761555996.json"
"510807","146155","2025-12-01","52.00","NZD","1761555996","23477/2025-12-01/1761555996.json"
"581513","221281","2025-12-03","36.00","NZD","1761555996","23477/2025-12-03/1761555996.json"
"581514","221282","2025-12-03","36.00","NZD","1761555996","23477/2025-12-03/1761555996.json"
"512557","146154","2025-12-03","45.00","NZD","1761555996","23477/2025-12-03/1761555996.json"
"365170","146153","2025-12-03","48.00","NZD","1761555996","23477/2025-12-03/1761555996.json"
"510807","146155","2025-12-03","52.00","NZD","1761555996","23477/2025-12-03/1761555996.json"
"581513","221281","2025-12-05","36.00","NZD","1761555996","23477/2025-12-05/1761555996.json"
"581514","221282","2025-12-05","36.00","NZD","1761555996","23477/2025-12-05/1761555996.json"
"512557","146154","2025-12-05","45.00","NZD","1761555996","23477/2025-12-05/1761555996.json"
"365170","146153","2025-12-05","48.00","NZD","1761555996","23477/2025-12-05/1761555996.json"
"510807","146155","2025-12-05","52.00","NZD","1761555996","23477/2025-12-05/1761555996.json"
"581513","221281","2025-11-21","36.00","NZD","1761555996","23477/2025-11-21/1761555996.json"
"581514","221282","2025-11-21","36.00","NZD","1761555996","23477/2025-11-21/1761555996.json"
"512557","146154","2025-11-21","45.00","NZD","1761555996","23477/2025-11-21/1761555996.json"
"365170","146153","2025-11-21","48.00","NZD","1761555996","23477/2025-11-21/1761555996.json"
"510807","146155","2025-11-21","52.00","NZD","1761555996","23477/2025-11-21/1761555996.json"
"581513","221281","2025-12-04","36.00","NZD","1761555996","23477/2025-12-04/1761555996.json"
"581514","221282","2025-12-04","36.00","NZD","1761555996","23477/2025-12-04/1761555996.json"
"512557","146154","2025-12-04","45.00","NZD","1761555996","23477/2025-12-04/1761555996.json"
"365170","146153","2025-12-04","48.00","NZD","1761555996","23477/2025-12-04/1761555996.json"
"510807","146155","2025-12-04","52.00","NZD","1761555996","23477/2025-12-04/1761555996.json"
"581513","221281","2025-12-07","36.00","NZD","1761555996","23477/2025-12-07/1761555996.json"
"581514","221282","2025-12-07","36.00","NZD","1761555996","23477/2025-12-07/1761555996.json"
"512557","146154","2025-12-07","45.00","NZD","1761555996","23477/2025-12-07/1761555996.json"
"365170","146153","2025-12-07","48.00","NZD","1761555996","23477/2025-12-07/1761555996.json"
"510807","146155","2025-12-07","52.00","NZD","1761555996","23477/2025-12-07/1761555996.json"
"581513","221281","2025-12-06","36.00","NZD","1761555996","23477/2025-12-06/1761555996.json"
"581514","221282","2025-12-06","36.00","NZD","1761555996","23477/2025-12-06/1761555996.json"
"512557","146154","2025-12-06","45.00","NZD","1761555996","23477/2025-12-06/1761555996.json"
"365170","146153","2025-12-06","48.00","NZD","1761555996","23477/2025-12-06/1761555996.json"
"510807","146155","2025-12-06","52.00","NZD","1761555996","23477/2025-12-06/1761555996.json"
"581513","221281","2025-12-08","36.00","NZD","1761555996","23477/2025-12-08/1761555996.json"
"581514","221282","2025-12-08","36.00","NZD","1761555996","23477/2025-12-08/1761555996.json"
"512557","146154","2025-12-08","45.00","NZD","1761555996","23477/2025-12-08/1761555996.json"
"365170","146153","2025-12-08","48.00","NZD","1761555996","23477/2025-12-08/1761555996.json"
"510807","146155","2025-12-08","52.00","NZD","1761555996","23477/2025-12-08/1761555996.json"
"581513","221281","2025-12-09","36.00","NZD","1761555996","23477/2025-12-09/1761555996.json"
"581514","221282","2025-12-09","36.00","NZD","1761555996","23477/2025-12-09/1761555996.json"
"512557","146154","2025-12-09","45.00","NZD","1761555996","23477/2025-12-09/1761555996.json"
"365170","146153","2025-12-09","48.00","NZD","1761555996","23477/2025-12-09/1761555996.json"
"510807","146155","2025-12-09","52.00","NZD","1761555996","23477/2025-12-09/1761555996.json"
"581513","221281","2025-12-10","36.00","NZD","1761555996","23477/2025-12-10/1761555996.json"
"581514","221282","2025-12-10","36.00","NZD","1761555996","23477/2025-12-10/1761555996.json"
"512557","146154","2025-12-10","45.00","NZD","1761555996","23477/2025-12-10/1761555996.json"
"365170","146153","2025-12-10","48.00","NZD","1761555996","23477/2025-12-10/1761555996.json"
"510807","146155","2025-12-10","52.00","NZD","1761555996","23477/2025-12-10/1761555996.json"
"581513","221281","2025-12-11","36.00","NZD","1761555996","23477/2025-12-11/1761555996.json"
"581514","221282","2025-12-11","36.00","NZD","1761555996","23477/2025-12-11/1761555996.json"
"512557","146154","2025-12-11","45.00","NZD","1761555996","23477/2025-12-11/1761555996.json"
"365170","146153","2025-12-11","48.00","NZD","1761555996","23477/2025-12-11/1761555996.json"
"510807","146155","2025-12-11","52.00","NZD","1761555996","23477/2025-12-11/1761555996.json"
"581513","221281","2025-12-12","36.00","NZD","1761555996","23477/2025-12-12/1761555996.json"
"581514","221282","2025-12-12","36.00","NZD","1761555996","23477/2025-12-12/1761555996.json"
"512557","146154","2025-12-12","45.00","NZD","1761555996","23477/2025-12-12/1761555996.json"
"365170","146153","2025-12-12","48.00","NZD","1761555996","23477/2025-12-12/1761555996.json"
"510807","146155","2025-12-12","52.00","NZD","1761555996","23477/2025-12-12/1761555996.json"
"581513","221281","2025-12-13","36.00","NZD","1761555996","23477/2025-12-13/1761555996.json"
"581514","221282","2025-12-13","36.00","NZD","1761555996","23477/2025-12-13/1761555996.json"
"512557","146154","2025-12-13","45.00","NZD","1761555996","23477/2025-12-13/1761555996.json"
"365170","146153","2025-12-13","48.00","NZD","1761555996","23477/2025-12-13/1761555996.json"
"510807","146155","2025-12-13","52.00","NZD","1761555996","23477/2025-12-13/1761555996.json"
"581513","221281","2025-12-15","36.00","NZD","1761555996","23477/2025-12-15/1761555996.json"
"581514","221282","2025-12-15","36.00","NZD","1761555996","23477/2025-12-15/1761555996.json"
"512557","146154","2025-12-15","45.00","NZD","1761555996","23477/2025-12-15/1761555996.json"
"365170","146153","2025-12-15","48.00","NZD","1761555996","23477/2025-12-15/1761555996.json"
"510807","146155","2025-12-15","52.00","NZD","1761555996","23477/2025-12-15/1761555996.json"
"581513","221281","2025-12-14","36.00","NZD","1761555996","23477/2025-12-14/1761555996.json"
"581514","221282","2025-12-14","36.00","NZD","1761555996","23477/2025-12-14/1761555996.json"
"512557","146154","2025-12-14","45.00","NZD","1761555996","23477/2025-12-14/1761555996.json"
"365170","146153","2025-12-14","48.00","NZD","1761555996","23477/2025-12-14/1761555996.json"
"510807","146155","2025-12-14","52.00","NZD","1761555996","23477/2025-12-14/1761555996.json"
"581513","221281","2025-12-16","36.00","NZD","1761555996","23477/2025-12-16/1761555996.json"
"581514","221282","2025-12-16","36.00","NZD","1761555996","23477/2025-12-16/1761555996.json"
"512557","146154","2025-12-16","45.00","NZD","1761555996","23477/2025-12-16/1761555996.json"
"365170","146153","2025-12-16","48.00","NZD","1761555996","23477/2025-12-16/1761555996.json"
"510807","146155","2025-12-16","52.00","NZD","1761555996","23477/2025-12-16/1761555996.json"
"581513","221281","2025-12-17","36.00","NZD","1761555996","23477/2025-12-17/1761555996.json"
"581514","221282","2025-12-17","36.00","NZD","1761555996","23477/2025-12-17/1761555996.json"
"512557","146154","2025-12-17","45.00","NZD","1761555996","23477/2025-12-17/1761555996.json"
"365170","146153","2025-12-17","48.00","NZD","1761555996","23477/2025-12-17/1761555996.json"
"510807","146155","2025-12-17","52.00","NZD","1761555996","23477/2025-12-17/1761555996.json"
"581513","221281","2025-12-18","36.00","NZD","1761555996","23477/2025-12-18/1761555996.json"
"581514","221282","2025-12-18","36.00","NZD","1761555996","23477/2025-12-18/1761555996.json"
"512557","146154","2025-12-18","45.00","NZD","1761555996","23477/2025-12-18/1761555996.json"
"365170","146153","2025-12-18","48.00","NZD","1761555996","23477/2025-12-18/1761555996.json"
"510807","146155","2025-12-18","52.00","NZD","1761555996","23477/2025-12-18/1761555996.json"
"581513","221281","2025-12-19","36.00","NZD","1761555996","23477/2025-12-19/1761555996.json"
"581514","221282","2025-12-19","36.00","NZD","1761555996","23477/2025-12-19/1761555996.json"
"512557","146154","2025-12-19","45.00","NZD","1761555996","23477/2025-12-19/1761555996.json"
"365170","146153","2025-12-19","48.00","NZD","1761555996","23477/2025-12-19/1761555996.json"
"510807","146155","2025-12-19","52.00","NZD","1761555996","23477/2025-12-19/1761555996.json"
"581513","221281","2025-12-20","36.00","NZD","1761555996","23477/2025-12-20/1761555996.json"
"581514","221282","2025-12-20","36.00","NZD","1761555996","23477/2025-12-20/1761555996.json"
"512557","146154","2025-12-20","45.00","NZD","1761555996","23477/2025-12-20/1761555996.json"
"365170","146153","2025-12-20","48.00","NZD","1761555996","23477/2025-12-20/1761555996.json"
"510807","146155","2025-12-20","52.00","NZD","1761555996","23477/2025-12-20/1761555996.json"
"581513","221281","2025-12-21","36.00","NZD","1761555996","23477/2025-12-21/1761555996.json"
"581514","221282","2025-12-21","36.00","NZD","1761555996","23477/2025-12-21/1761555996.json"
"512557","146154","2025-12-21","45.00","NZD","1761555996","23477/2025-12-21/1761555996.json"
"365170","146153","2025-12-21","48.00","NZD","1761555996","23477/2025-12-21/1761555996.json"
"510807","146155","2025-12-21","52.00","NZD","1761555996","23477/2025-12-21/1761555996.json"
"581513","221281","2025-12-22","36.00","NZD","1761555996","23477/2025-12-22/1761555996.json"
"581514","221282","2025-12-22","36.00","NZD","1761555996","23477/2025-12-22/1761555996.json"
"512557","146154","2025-12-22","45.00","NZD","1761555996","23477/2025-12-22/1761555996.json"
"365170","146153","2025-12-22","48.00","NZD","1761555996","23477/2025-12-22/1761555996.json"
"510807","146155","2025-12-22","52.00","NZD","1761555996","23477/2025-12-22/1761555996.json"
"581513","221281","2025-12-24","38.00","NZD","1761555996","23477/2025-12-24/1761555996.json"
"581514","221282","2025-12-24","38.00","NZD","1761555996","23477/2025-12-24/1761555996.json"
"512557","146154","2025-12-24","45.00","NZD","1761555996","23477/2025-12-24/1761555996.json"
"365170","146153","2025-12-24","48.00","NZD","1761555996","23477/2025-12-24/1761555996.json"
"510807","146155","2025-12-24","52.00","NZD","1761555996","23477/2025-12-24/1761555996.json"
"581513","221281","2025-12-25","38.00","NZD","1761555996","23477/2025-12-25/1761555996.json"
"581514","221282","2025-12-25","38.00","NZD","1761555996","23477/2025-12-25/1761555996.json"
"512557","146154","2025-12-25","45.00","NZD","1761555996","23477/2025-12-25/1761555996.json"
"365170","146153","2025-12-25","48.00","NZD","1761555996","23477/2025-12-25/1761555996.json"
"510807","146155","2025-12-25","52.00","NZD","1761555996","23477/2025-12-25/1761555996.json"
"581513","221281","2025-12-23","38.00","NZD","1761555996","23477/2025-12-23/1761555996.json"
"581514","221282","2025-12-23","38.00","NZD","1761555996","23477/2025-12-23/1761555996.json"
"512557","146154","2025-12-23","45.00","NZD","1761555996","23477/2025-12-23/1761555996.json"
"365170","146153","2025-12-23","48.00","NZD","1761555996","23477/2025-12-23/1761555996.json"
"510807","146155","2025-12-23","52.00","NZD","1761555996","23477/2025-12-23/1761555996.json"
"581513","221281","2025-12-26","42.00","NZD","1761555996","23477/2025-12-26/1761555996.json"
"581514","221282","2025-12-26","42.00","NZD","1761555996","23477/2025-12-26/1761555996.json"
"512557","146154","2025-12-26","45.00","NZD","1761555996","23477/2025-12-26/1761555996.json"
"365170","146153","2025-12-26","48.00","NZD","1761555996","23477/2025-12-26/1761555996.json"
"510807","146155","2025-12-26","52.00","NZD","1761555996","23477/2025-12-26/1761555996.json"
"581513","221281","2025-10-30","36.00","NZD","1761573599","23477/2025-10-30/1761573599.json"
"581514","221282","2025-10-30","36.00","NZD","1761573599","23477/2025-10-30/1761573599.json"
"512557","146154","2025-10-30","45.00","NZD","1761573599","23477/2025-10-30/1761573599.json"
"365170","146153","2025-10-30","48.00","NZD","1761573599","23477/2025-10-30/1761573599.json"
"510807","146155","2025-10-30","52.00","NZD","1761573599","23477/2025-10-30/1761573599.json"
"581513","221281","2025-10-28","36.00","NZD","1761573599","23477/2025-10-28/1761573599.json"
"581514","221282","2025-10-28","36.00","NZD","1761573599","23477/2025-10-28/1761573599.json"
"512557","146154","2025-10-28","45.00","NZD","1761573599","23477/2025-10-28/1761573599.json"
"365170","146153","2025-10-28","48.00","NZD","1761573599","23477/2025-10-28/1761573599.json"
"510807","146155","2025-10-28","52.00","NZD","1761573599","23477/2025-10-28/1761573599.json"
"581513","221281","2025-10-31","36.00","NZD","1761573599","23477/2025-10-31/1761573599.json"
"581514","221282","2025-10-31","36.00","NZD","1761573599","23477/2025-10-31/1761573599.json"
"512557","146154","2025-10-31","45.00","NZD","1761573599","23477/2025-10-31/1761573599.json"
"365170","146153","2025-10-31","48.00","NZD","1761573599","23477/2025-10-31/1761573599.json"
"510807","146155","2025-10-31","52.00","NZD","1761573599","23477/2025-10-31/1761573599.json"
"581513","221281","2025-11-02","36.00","NZD","1761573599","23477/2025-11-02/1761573599.json"
"581514","221282","2025-11-02","36.00","NZD","1761573599","23477/2025-11-02/1761573599.json"
"512557","146154","2025-11-02","45.00","NZD","1761573599","23477/2025-11-02/1761573599.json"
"365170","146153","2025-11-02","48.00","NZD","1761573599","23477/2025-11-02/1761573599.json"
"510807","146155","2025-11-02","52.00","NZD","1761573599","23477/2025-11-02/1761573599.json"
"581513","221281","2025-10-29","36.00","NZD","1761573599","23477/2025-10-29/1761573599.json"
"581514","221282","2025-10-29","36.00","NZD","1761573599","23477/2025-10-29/1761573599.json"
"512557","146154","2025-10-29","45.00","NZD","1761573599","23477/2025-10-29/1761573599.json"
"365170","146153","2025-10-29","48.00","NZD","1761573599","23477/2025-10-29/1761573599.json"
"510807","146155","2025-10-29","52.00","NZD","1761573599","23477/2025-10-29/1761573599.json"
"581513","221281","2025-11-03","36.00","NZD","1761573599","23477/2025-11-03/1761573599.json"
"581514","221282","2025-11-03","36.00","NZD","1761573599","23477/2025-11-03/1761573599.json"
"512557","146154","2025-11-03","45.00","NZD","1761573599","23477/2025-11-03/1761573599.json"
"365170","146153","2025-11-03","48.00","NZD","1761573599","23477/2025-11-03/1761573599.json"
"510807","146155","2025-11-03","52.00","NZD","1761573599","23477/2025-11-03/1761573599.json"
"581513","221281","2025-11-01","36.00","NZD","1761573599","23477/2025-11-01/1761573599.json"
"581514","221282","2025-11-01","36.00","NZD","1761573599","23477/2025-11-01/1761573599.json"
"512557","146154","2025-11-01","45.00","NZD","1761573599","23477/2025-11-01/1761573599.json"
"365170","146153","2025-11-01","48.00","NZD","1761573599","23477/2025-11-01/1761573599.json"
"510807","146155","2025-11-01","52.00","NZD","1761573599","23477/2025-11-01/1761573599.json"
"581513","221281","2025-11-05","36.00","NZD","1761573599","23477/2025-11-05/1761573599.json"
"581514","221282","2025-11-05","36.00","NZD","1761573599","23477/2025-11-05/1761573599.json"
"512557","146154","2025-11-05","45.00","NZD","1761573599","23477/2025-11-05/1761573599.json"
"365170","146153","2025-11-05","48.00","NZD","1761573599","23477/2025-11-05/1761573599.json"
"510807","146155","2025-11-05","52.00","NZD","1761573599","23477/2025-11-05/1761573599.json"
"581513","221281","2025-11-04","36.00","NZD","1761573599","23477/2025-11-04/1761573599.json"
"581514","221282","2025-11-04","36.00","NZD","1761573599","23477/2025-11-04/1761573599.json"
"512557","146154","2025-11-04","45.00","NZD","1761573599","23477/2025-11-04/1761573599.json"
"365170","146153","2025-11-04","48.00","NZD","1761573599","23477/2025-11-04/1761573599.json"
"510807","146155","2025-11-04","52.00","NZD","1761573599","23477/2025-11-04/1761573599.json"
"581513","221281","2025-11-06","36.00","NZD","1761573599","23477/2025-11-06/1761573599.json"
"581514","221282","2025-11-06","36.00","NZD","1761573599","23477/2025-11-06/1761573599.json"
"512557","146154","2025-11-06","45.00","NZD","1761573599","23477/2025-11-06/1761573599.json"
"365170","146153","2025-11-06","48.00","NZD","1761573599","23477/2025-11-06/1761573599.json"
"510807","146155","2025-11-06","52.00","NZD","1761573599","23477/2025-11-06/1761573599.json"
"581513","221281","2025-11-08","36.00","NZD","1761573599","23477/2025-11-08/1761573599.json"
"581514","221282","2025-11-08","36.00","NZD","1761573599","23477/2025-11-08/1761573599.json"
"512557","146154","2025-11-08","45.00","NZD","1761573599","23477/2025-11-08/1761573599.json"
"365170","146153","2025-11-08","48.00","NZD","1761573599","23477/2025-11-08/1761573599.json"
"510807","146155","2025-11-08","52.00","NZD","1761573599","23477/2025-11-08/1761573599.json"
"581513","221281","2025-11-09","36.00","NZD","1761573599","23477/2025-11-09/1761573599.json"
"581514","221282","2025-11-09","36.00","NZD","1761573599","23477/2025-11-09/1761573599.json"
"512557","146154","2025-11-09","45.00","NZD","1761573599","23477/2025-11-09/1761573599.json"
"365170","146153","2025-11-09","48.00","NZD","1761573599","23477/2025-11-09/1761573599.json"
"510807","146155","2025-11-09","52.00","NZD","1761573599","23477/2025-11-09/1761573599.json"
"581513","221281","2025-11-07","36.00","NZD","1761573599","23477/2025-11-07/1761573599.json"
"581514","221282","2025-11-07","36.00","NZD","1761573599","23477/2025-11-07/1761573599.json"
"512557","146154","2025-11-07","45.00","NZD","1761573599","23477/2025-11-07/1761573599.json"
"365170","146153","2025-11-07","48.00","NZD","1761573599","23477/2025-11-07/1761573599.json"
"510807","146155","2025-11-07","52.00","NZD","1761573599","23477/2025-11-07/1761573599.json"
"581513","221281","2025-11-10","36.00","NZD","1761573599","23477/2025-11-10/1761573599.json"
"581514","221282","2025-11-10","36.00","NZD","1761573599","23477/2025-11-10/1761573599.json"
"512557","146154","2025-11-10","45.00","NZD","1761573599","23477/2025-11-10/1761573599.json"
"365170","146153","2025-11-10","48.00","NZD","1761573599","23477/2025-11-10/1761573599.json"
"510807","146155","2025-11-10","52.00","NZD","1761573599","23477/2025-11-10/1761573599.json"
"581513","221281","2025-11-12","36.00","NZD","1761573599","23477/2025-11-12/1761573599.json"
"581514","221282","2025-11-12","36.00","NZD","1761573599","23477/2025-11-12/1761573599.json"
"512557","146154","2025-11-12","45.00","NZD","1761573599","23477/2025-11-12/1761573599.json"
"365170","146153","2025-11-12","48.00","NZD","1761573599","23477/2025-11-12/1761573599.json"
"510807","146155","2025-11-12","52.00","NZD","1761573599","23477/2025-11-12/1761573599.json"
"581513","221281","2025-11-11","36.00","NZD","1761573599","23477/2025-11-11/1761573599.json"
"581514","221282","2025-11-11","36.00","NZD","1761573599","23477/2025-11-11/1761573599.json"
"512557","146154","2025-11-11","45.00","NZD","1761573599","23477/2025-11-11/1761573599.json"
"365170","146153","2025-11-11","48.00","NZD","1761573599","23477/2025-11-11/1761573599.json"
"510807","146155","2025-11-11","52.00","NZD","1761573599","23477/2025-11-11/1761573599.json"
"581513","221281","2025-11-13","36.00","NZD","1761573599","23477/2025-11-13/1761573599.json"
"581514","221282","2025-11-13","36.00","NZD","1761573599","23477/2025-11-13/1761573599.json"
"512557","146154","2025-11-13","45.00","NZD","1761573599","23477/2025-11-13/1761573599.json"
"365170","146153","2025-11-13","48.00","NZD","1761573599","23477/2025-11-13/1761573599.json"
"510807","146155","2025-11-13","52.00","NZD","1761573599","23477/2025-11-13/1761573599.json"
"581513","221281","2025-11-16","36.00","NZD","1761573599","23477/2025-11-16/1761573599.json"
"581514","221282","2025-11-16","36.00","NZD","1761573599","23477/2025-11-16/1761573599.json"
"512557","146154","2025-11-16","45.00","NZD","1761573599","23477/2025-11-16/1761573599.json"
"365170","146153","2025-11-16","48.00","NZD","1761573599","23477/2025-11-16/1761573599.json"
"510807","146155","2025-11-16","52.00","NZD","1761573599","23477/2025-11-16/1761573599.json"
"581513","221281","2025-11-14","36.00","NZD","1761573599","23477/2025-11-14/1761573599.json"
"581514","221282","2025-11-14","36.00","NZD","1761573599","23477/2025-11-14/1761573599.json"
"512557","146154","2025-11-14","45.00","NZD","1761573599","23477/2025-11-14/1761573599.json"
"365170","146153","2025-11-14","48.00","NZD","1761573599","23477/2025-11-14/1761573599.json"
"510807","146155","2025-11-14","52.00","NZD","1761573599","23477/2025-11-14/1761573599.json"
"581513","221281","2025-11-15","36.00","NZD","1761573599","23477/2025-11-15/1761573599.json"
"581514","221282","2025-11-15","36.00","NZD","1761573599","23477/2025-11-15/1761573599.json"
"512557","146154","2025-11-15","45.00","NZD","1761573599","23477/2025-11-15/1761573599.json"
"365170","146153","2025-11-15","48.00","NZD","1761573599","23477/2025-11-15/1761573599.json"
"510807","146155","2025-11-15","52.00","NZD","1761573599","23477/2025-11-15/1761573599.json"
"581513","221281","2025-11-17","36.00","NZD","1761573599","23477/2025-11-17/1761573599.json"
"581514","221282","2025-11-17","36.00","NZD","1761573599","23477/2025-11-17/1761573599.json"
"512557","146154","2025-11-17","45.00","NZD","1761573599","23477/2025-11-17/1761573599.json"
"365170","146153","2025-11-17","48.00","NZD","1761573599","23477/2025-11-17/1761573599.json"
"510807","146155","2025-11-17","52.00","NZD","1761573599","23477/2025-11-17/1761573599.json"
"581513","221281","2025-11-18","36.00","NZD","1761573599","23477/2025-11-18/1761573599.json"
"581514","221282","2025-11-18","36.00","NZD","1761573599","23477/2025-11-18/1761573599.json"
"512557","146154","2025-11-18","45.00","NZD","1761573599","23477/2025-11-18/1761573599.json"
"365170","146153","2025-11-18","48.00","NZD","1761573599","23477/2025-11-18/1761573599.json"
"510807","146155","2025-11-18","52.00","NZD","1761573599","23477/2025-11-18/1761573599.json"
"581513","221281","2025-11-19","36.00","NZD","1761573599","23477/2025-11-19/1761573599.json"
"581514","221282","2025-11-19","36.00","NZD","1761573599","23477/2025-11-19/1761573599.json"
"512557","146154","2025-11-19","45.00","NZD","1761573599","23477/2025-11-19/1761573599.json"
"365170","146153","2025-11-19","48.00","NZD","1761573599","23477/2025-11-19/1761573599.json"
"510807","146155","2025-11-19","52.00","NZD","1761573599","23477/2025-11-19/1761573599.json"
"581513","221281","2025-11-20","36.00","NZD","1761573599","23477/2025-11-20/1761573599.json"
"581514","221282","2025-11-20","36.00","NZD","1761573599","23477/2025-11-20/1761573599.json"
"512557","146154","2025-11-20","45.00","NZD","1761573599","23477/2025-11-20/1761573599.json"
"581513","221281","2025-11-21","36.00","NZD","1761573599","23477/2025-11-21/1761573599.json"
"581514","221282","2025-11-21","36.00","NZD","1761573599","23477/2025-11-21/1761573599.json"
"512557","146154","2025-11-21","45.00","NZD","1761573599","23477/2025-11-21/1761573599.json"
"365170","146153","2025-11-21","48.00","NZD","1761573599","23477/2025-11-21/1761573599.json"
"510807","146155","2025-11-21","52.00","NZD","1761573599","23477/2025-11-21/1761573599.json"
"581513","221281","2025-11-22","36.00","NZD","1761573599","23477/2025-11-22/1761573599.json"
"581514","221282","2025-11-22","36.00","NZD","1761573599","23477/2025-11-22/1761573599.json"
"512557","146154","2025-11-22","45.00","NZD","1761573599","23477/2025-11-22/1761573599.json"
"365170","146153","2025-11-22","48.00","NZD","1761573599","23477/2025-11-22/1761573599.json"
"510807","146155","2025-11-22","52.00","NZD","1761573599","23477/2025-11-22/1761573599.json"
"581513","221281","2025-11-23","36.00","NZD","1761573599","23477/2025-11-23/1761573599.json"
"581514","221282","2025-11-23","36.00","NZD","1761573599","23477/2025-11-23/1761573599.json"
"512557","146154","2025-11-23","45.00","NZD","1761573599","23477/2025-11-23/1761573599.json"
"365170","146153","2025-11-23","48.00","NZD","1761573599","23477/2025-11-23/1761573599.json"
"510807","146155","2025-11-23","52.00","NZD","1761573599","23477/2025-11-23/1761573599.json"
"581513","221281","2025-11-24","36.00","NZD","1761573599","23477/2025-11-24/1761573599.json"
"581514","221282","2025-11-24","36.00","NZD","1761573599","23477/2025-11-24/1761573599.json"
"512557","146154","2025-11-24","45.00","NZD","1761573599","23477/2025-11-24/1761573599.json"
"365170","146153","2025-11-24","48.00","NZD","1761573599","23477/2025-11-24/1761573599.json"
"510807","146155","2025-11-24","52.00","NZD","1761573599","23477/2025-11-24/1761573599.json"
"581513","221281","2025-11-25","36.00","NZD","1761573599","23477/2025-11-25/1761573599.json"
"581514","221282","2025-11-25","36.00","NZD","1761573599","23477/2025-11-25/1761573599.json"
"512557","146154","2025-11-25","45.00","NZD","1761573599","23477/2025-11-25/1761573599.json"
"365170","146153","2025-11-25","48.00","NZD","1761573599","23477/2025-11-25/1761573599.json"
"510807","146155","2025-11-25","52.00","NZD","1761573599","23477/2025-11-25/1761573599.json"
"581513","221281","2025-11-26","36.00","NZD","1761573599","23477/2025-11-26/1761573599.json"
"581514","221282","2025-11-26","36.00","NZD","1761573599","23477/2025-11-26/1761573599.json"
"512557","146154","2025-11-26","45.00","NZD","1761573599","23477/2025-11-26/1761573599.json"
"365170","146153","2025-11-26","48.00","NZD","1761573599","23477/2025-11-26/1761573599.json"
"510807","146155","2025-11-26","52.00","NZD","1761573599","23477/2025-11-26/1761573599.json"
"581513","221281","2025-11-27","36.00","NZD","1761573599","23477/2025-11-27/1761573599.json"
"581514","221282","2025-11-27","36.00","NZD","1761573599","23477/2025-11-27/1761573599.json"
"512557","146154","2025-11-27","45.00","NZD","1761573599","23477/2025-11-27/1761573599.json"
"365170","146153","2025-11-27","48.00","NZD","1761573599","23477/2025-11-27/1761573599.json"
"510807","146155","2025-11-27","52.00","NZD","1761573599","23477/2025-11-27/1761573599.json"
"581513","221281","2025-11-28","36.00","NZD","1761573599","23477/2025-11-28/1761573599.json"
"581514","221282","2025-11-28","36.00","NZD","1761573599","23477/2025-11-28/1761573599.json"
"512557","146154","2025-11-28","45.00","NZD","1761573599","23477/2025-11-28/1761573599.json"
"365170","146153","2025-11-28","48.00","NZD","1761573599","23477/2025-11-28/1761573599.json"
"510807","146155","2025-11-28","52.00","NZD","1761573599","23477/2025-11-28/1761573599.json"
"581513","221281","2025-12-01","36.00","NZD","1761573599","23477/2025-12-01/1761573599.json"
"581514","221282","2025-12-01","36.00","NZD","1761573599","23477/2025-12-01/1761573599.json"
"512557","146154","2025-12-01","45.00","NZD","1761573599","23477/2025-12-01/1761573599.json"
"365170","146153","2025-12-01","48.00","NZD","1761573599","23477/2025-12-01/1761573599.json"
"510807","146155","2025-12-01","52.00","NZD","1761573599","23477/2025-12-01/1761573599.json"
"581513","221281","2025-11-29","36.00","NZD","1761573599","23477/2025-11-29/1761573599.json"
"581513","221281","2025-11-30","36.00","NZD","1761573599","23477/2025-11-30/1761573599.json"
"581514","221282","2025-11-29","36.00","NZD","1761573599","23477/2025-11-29/1761573599.json"
"581514","221282","2025-11-30","36.00","NZD","1761573599","23477/2025-11-30/1761573599.json"
"512557","146154","2025-11-30","45.00","NZD","1761573599","23477/2025-11-30/1761573599.json"
"512557","146154","2025-11-29","45.00","NZD","1761573599","23477/2025-11-29/1761573599.json"
"365170","146153","2025-11-30","48.00","NZD","1761573599","23477/2025-11-30/1761573599.json"
"510807","146155","2025-11-30","52.00","NZD","1761573599","23477/2025-11-30/1761573599.json"
"365170","146153","2025-11-29","48.00","NZD","1761573599","23477/2025-11-29/1761573599.json"
"510807","146155","2025-11-29","52.00","NZD","1761573599","23477/2025-11-29/1761573599.json"
"581513","221281","2025-12-02","36.00","NZD","1761573599","23477/2025-12-02/1761573599.json"
"581514","221282","2025-12-02","36.00","NZD","1761573599","23477/2025-12-02/1761573599.json"
"512557","146154","2025-12-02","45.00","NZD","1761573599","23477/2025-12-02/1761573599.json"
"365170","146153","2025-12-02","48.00","NZD","1761573599","23477/2025-12-02/1761573599.json"
"510807","146155","2025-12-02","52.00","NZD","1761573599","23477/2025-12-02/1761573599.json"
"581513","221281","2025-12-03","36.00","NZD","1761573599","23477/2025-12-03/1761573599.json"
"581514","221282","2025-12-03","36.00","NZD","1761573599","23477/2025-12-03/1761573599.json"
"512557","146154","2025-12-03","45.00","NZD","1761573599","23477/2025-12-03/1761573599.json"
"365170","146153","2025-12-03","48.00","NZD","1761573599","23477/2025-12-03/1761573599.json"
"510807","146155","2025-12-03","52.00","NZD","1761573599","23477/2025-12-03/1761573599.json"
"581513","221281","2025-12-05","36.00","NZD","1761573599","23477/2025-12-05/1761573599.json"
"581514","221282","2025-12-05","36.00","NZD","1761573599","23477/2025-12-05/1761573599.json"
"512557","146154","2025-12-05","45.00","NZD","1761573599","23477/2025-12-05/1761573599.json"
"365170","146153","2025-12-05","48.00","NZD","1761573599","23477/2025-12-05/1761573599.json"
"510807","146155","2025-12-05","52.00","NZD","1761573599","23477/2025-12-05/1761573599.json"
"581513","221281","2025-12-04","36.00","NZD","1761573599","23477/2025-12-04/1761573599.json"
"581514","221282","2025-12-04","36.00","NZD","1761573599","23477/2025-12-04/1761573599.json"
"512557","146154","2025-12-04","45.00","NZD","1761573599","23477/2025-12-04/1761573599.json"
"365170","146153","2025-12-04","48.00","NZD","1761573599","23477/2025-12-04/1761573599.json"
"510807","146155","2025-12-04","52.00","NZD","1761573599","23477/2025-12-04/1761573599.json"
"581513","221281","2025-12-06","36.00","NZD","1761573599","23477/2025-12-06/1761573599.json"
"581514","221282","2025-12-06","36.00","NZD","1761573599","23477/2025-12-06/1761573599.json"
"512557","146154","2025-12-06","45.00","NZD","1761573599","23477/2025-12-06/1761573599.json"
"365170","146153","2025-12-06","48.00","NZD","1761573599","23477/2025-12-06/1761573599.json"
"510807","146155","2025-12-06","52.00","NZD","1761573599","23477/2025-12-06/1761573599.json"
"581513","221281","2025-12-07","36.00","NZD","1761573599","23477/2025-12-07/1761573599.json"
"581514","221282","2025-12-07","36.00","NZD","1761573599","23477/2025-12-07/1761573599.json"
"512557","146154","2025-12-07","45.00","NZD","1761573599","23477/2025-12-07/1761573599.json"
"365170","146153","2025-12-07","48.00","NZD","1761573599","23477/2025-12-07/1761573599.json"
"510807","146155","2025-12-07","52.00","NZD","1761573599","23477/2025-12-07/1761573599.json"
"581513","221281","2025-12-10","36.00","NZD","1761573599","23477/2025-12-10/1761573599.json"
"581514","221282","2025-12-10","36.00","NZD","1761573599","23477/2025-12-10/1761573599.json"
"512557","146154","2025-12-10","45.00","NZD","1761573599","23477/2025-12-10/1761573599.json"
"365170","146153","2025-12-10","48.00","NZD","1761573599","23477/2025-12-10/1761573599.json"
"510807","146155","2025-12-10","52.00","NZD","1761573599","23477/2025-12-10/1761573599.json"
"581513","221281","2025-12-09","36.00","NZD","1761573599","23477/2025-12-09/1761573599.json"
"581514","221282","2025-12-09","36.00","NZD","1761573599","23477/2025-12-09/1761573599.json"
"512557","146154","2025-12-09","45.00","NZD","1761573599","23477/2025-12-09/1761573599.json"
"365170","146153","2025-12-09","48.00","NZD","1761573599","23477/2025-12-09/1761573599.json"
"510807","146155","2025-12-09","52.00","NZD","1761573599","23477/2025-12-09/1761573599.json"
"581513","221281","2025-12-08","36.00","NZD","1761573599","23477/2025-12-08/1761573599.json"
"581514","221282","2025-12-08","36.00","NZD","1761573599","23477/2025-12-08/1761573599.json"
"512557","146154","2025-12-08","45.00","NZD","1761573599","23477/2025-12-08/1761573599.json"
"365170","146153","2025-12-08","48.00","NZD","1761573599","23477/2025-12-08/1761573599.json"
"510807","146155","2025-12-08","52.00","NZD","1761573599","23477/2025-12-08/1761573599.json"
"581513","221281","2025-12-11","36.00","NZD","1761573599","23477/2025-12-11/1761573599.json"
"581514","221282","2025-12-11","36.00","NZD","1761573599","23477/2025-12-11/1761573599.json"
"512557","146154","2025-12-11","45.00","NZD","1761573599","23477/2025-12-11/1761573599.json"
"365170","146153","2025-12-11","48.00","NZD","1761573599","23477/2025-12-11/1761573599.json"
"510807","146155","2025-12-11","52.00","NZD","1761573599","23477/2025-12-11/1761573599.json"
"581513","221281","2025-12-13","36.00","NZD","1761573599","23477/2025-12-13/1761573599.json"
"581514","221282","2025-12-13","36.00","NZD","1761573599","23477/2025-12-13/1761573599.json"
"512557","146154","2025-12-13","45.00","NZD","1761573599","23477/2025-12-13/1761573599.json"
"365170","146153","2025-12-13","48.00","NZD","1761573599","23477/2025-12-13/1761573599.json"
"510807","146155","2025-12-13","52.00","NZD","1761573599","23477/2025-12-13/1761573599.json"
"581513","221281","2025-12-14","36.00","NZD","1761573599","23477/2025-12-14/1761573599.json"
"581514","221282","2025-12-14","36.00","NZD","1761573599","23477/2025-12-14/1761573599.json"
"512557","146154","2025-12-14","45.00","NZD","1761573599","23477/2025-12-14/1761573599.json"
"365170","146153","2025-12-14","48.00","NZD","1761573599","23477/2025-12-14/1761573599.json"
"510807","146155","2025-12-14","52.00","NZD","1761573599","23477/2025-12-14/1761573599.json"
"581513","221281","2025-12-12","36.00","NZD","1761573599","23477/2025-12-12/1761573599.json"
"581514","221282","2025-12-12","36.00","NZD","1761573599","23477/2025-12-12/1761573599.json"
"512557","146154","2025-12-12","45.00","NZD","1761573599","23477/2025-12-12/1761573599.json"
"365170","146153","2025-12-12","48.00","NZD","1761573599","23477/2025-12-12/1761573599.json"
"510807","146155","2025-12-12","52.00","NZD","1761573599","23477/2025-12-12/1761573599.json"
"581513","221281","2025-12-17","36.00","NZD","1761573599","23477/2025-12-17/1761573599.json"
"581514","221282","2025-12-17","36.00","NZD","1761573599","23477/2025-12-17/1761573599.json"
"512557","146154","2025-12-17","45.00","NZD","1761573599","23477/2025-12-17/1761573599.json"
"365170","146153","2025-12-17","48.00","NZD","1761573599","23477/2025-12-17/1761573599.json"
"510807","146155","2025-12-17","52.00","NZD","1761573599","23477/2025-12-17/1761573599.json"
"581513","221281","2025-12-15","36.00","NZD","1761573599","23477/2025-12-15/1761573599.json"
"581514","221282","2025-12-15","36.00","NZD","1761573599","23477/2025-12-15/1761573599.json"
"512557","146154","2025-12-15","45.00","NZD","1761573599","23477/2025-12-15/1761573599.json"
"365170","146153","2025-12-15","48.00","NZD","1761573599","23477/2025-12-15/1761573599.json"
"510807","146155","2025-12-15","52.00","NZD","1761573599","23477/2025-12-15/1761573599.json"
"581513","221281","2025-12-18","36.00","NZD","1761573599","23477/2025-12-18/1761573599.json"
"581514","221282","2025-12-18","36.00","NZD","1761573599","23477/2025-12-18/1761573599.json"
"512557","146154","2025-12-18","45.00","NZD","1761573599","23477/2025-12-18/1761573599.json"
"365170","146153","2025-12-18","48.00","NZD","1761573599","23477/2025-12-18/1761573599.json"
"510807","146155","2025-12-18","52.00","NZD","1761573599","23477/2025-12-18/1761573599.json"
"581513","221281","2025-12-16","36.00","NZD","1761573599","23477/2025-12-16/1761573599.json"
"581514","221282","2025-12-16","36.00","NZD","1761573599","23477/2025-12-16/1761573599.json"
"512557","146154","2025-12-16","45.00","NZD","1761573599","23477/2025-12-16/1761573599.json"
"365170","146153","2025-12-16","48.00","NZD","1761573599","23477/2025-12-16/1761573599.json"
"510807","146155","2025-12-16","52.00","NZD","1761573599","23477/2025-12-16/1761573599.json"
"581513","221281","2025-12-19","36.00","NZD","1761573599","23477/2025-12-19/1761573599.json"
"581514","221282","2025-12-19","36.00","NZD","1761573599","23477/2025-12-19/1761573599.json"
"581513","221281","2025-12-20","36.00","NZD","1761573599","23477/2025-12-20/1761573599.json"
"512557","146154","2025-12-19","45.00","NZD","1761573599","23477/2025-12-19/1761573599.json"
"581514","221282","2025-12-20","36.00","NZD","1761573599","23477/2025-12-20/1761573599.json"
"365170","146153","2025-12-19","48.00","NZD","1761573599","23477/2025-12-19/1761573599.json"
"512557","146154","2025-12-20","45.00","NZD","1761573599","23477/2025-12-20/1761573599.json"
"365170","146153","2025-12-20","48.00","NZD","1761573599","23477/2025-12-20/1761573599.json"
"510807","146155","2025-12-19","52.00","NZD","1761573599","23477/2025-12-19/1761573599.json"
"510807","146155","2025-12-20","52.00","NZD","1761573599","23477/2025-12-20/1761573599.json"
"581513","221281","2025-12-21","36.00","NZD","1761573599","23477/2025-12-21/1761573599.json"
"581514","221282","2025-12-21","36.00","NZD","1761573599","23477/2025-12-21/1761573599.json"
"512557","146154","2025-12-21","45.00","NZD","1761573599","23477/2025-12-21/1761573599.json"
"365170","146153","2025-12-21","48.00","NZD","1761573599","23477/2025-12-21/1761573599.json"
"510807","146155","2025-12-21","52.00","NZD","1761573599","23477/2025-12-21/1761573599.json"
"581513","221281","2025-12-22","36.00","NZD","1761573599","23477/2025-12-22/1761573599.json"
"581514","221282","2025-12-22","36.00","NZD","1761573599","23477/2025-12-22/1761573599.json"
"512557","146154","2025-12-22","45.00","NZD","1761573599","23477/2025-12-22/1761573599.json"
"365170","146153","2025-12-22","48.00","NZD","1761573599","23477/2025-12-22/1761573599.json"
"510807","146155","2025-12-22","52.00","NZD","1761573599","23477/2025-12-22/1761573599.json"
"581513","221281","2025-12-24","38.00","NZD","1761573599","23477/2025-12-24/1761573599.json"
"581514","221282","2025-12-24","38.00","NZD","1761573599","23477/2025-12-24/1761573599.json"
"512557","146154","2025-12-24","45.00","NZD","1761573599","23477/2025-12-24/1761573599.json"
"365170","146153","2025-12-24","48.00","NZD","1761573599","23477/2025-12-24/1761573599.json"
"510807","146155","2025-12-24","52.00","NZD","1761573599","23477/2025-12-24/1761573599.json"
"581513","221281","2025-12-23","38.00","NZD","1761573599","23477/2025-12-23/1761573599.json"
"581514","221282","2025-12-23","38.00","NZD","1761573599","23477/2025-12-23/1761573599.json"
"512557","146154","2025-12-23","45.00","NZD","1761573599","23477/2025-12-23/1761573599.json"
"365170","146153","2025-12-23","48.00","NZD","1761573599","23477/2025-12-23/1761573599.json"
"510807","146155","2025-12-23","52.00","NZD","1761573599","23477/2025-12-23/1761573599.json"
"581513","221281","2025-12-26","42.00","NZD","1761573599","23477/2025-12-26/1761573599.json"
"581514","221282","2025-12-26","42.00","NZD","1761573599","23477/2025-12-26/1761573599.json"
"512557","146154","2025-12-26","45.00","NZD","1761573599","23477/2025-12-26/1761573599.json"
"365170","146153","2025-12-26","48.00","NZD","1761573599","23477/2025-12-26/1761573599.json"
"510807","146155","2025-12-26","52.00","NZD","1761573599","23477/2025-12-26/1761573599.json"
"581513","221281","2025-12-25","38.00","NZD","1761573599","23477/2025-12-25/1761573599.json"
"581514","221282","2025-12-25","38.00","NZD","1761573599","23477/2025-12-25/1761573599.json"
"512557","146154","2025-12-25","45.00","NZD","1761573599","23477/2025-12-25/1761573599.json"
"365170","146153","2025-12-25","48.00","NZD","1761573599","23477/2025-12-25/1761573599.json"
"510807","146155","2025-12-25","52.00","NZD","1761573599","23477/2025-12-25/1761573599.json"
"581513","221281","2025-10-29","36.00","NZD","1761584851","23477/2025-10-29/1761584851.json"
"581514","221282","2025-10-29","36.00","NZD","1761584851","23477/2025-10-29/1761584851.json"
"512557","146154","2025-10-29","45.00","NZD","1761584851","23477/2025-10-29/1761584851.json"
"365170","146153","2025-10-29","48.00","NZD","1761584851","23477/2025-10-29/1761584851.json"
"510807","146155","2025-10-29","52.00","NZD","1761584851","23477/2025-10-29/1761584851.json"
"581513","221281","2025-10-28","36.00","NZD","1761584851","23477/2025-10-28/1761584851.json"
"581514","221282","2025-10-28","36.00","NZD","1761584851","23477/2025-10-28/1761584851.json"
"512557","146154","2025-10-28","45.00","NZD","1761584851","23477/2025-10-28/1761584851.json"
"365170","146153","2025-10-28","48.00","NZD","1761584851","23477/2025-10-28/1761584851.json"
"510807","146155","2025-10-28","52.00","NZD","1761584851","23477/2025-10-28/1761584851.json"
"581513","221281","2025-10-30","36.00","NZD","1761584851","23477/2025-10-30/1761584851.json"
"581514","221282","2025-10-30","36.00","NZD","1761584851","23477/2025-10-30/1761584851.json"
"512557","146154","2025-10-30","45.00","NZD","1761584851","23477/2025-10-30/1761584851.json"
"365170","146153","2025-10-30","48.00","NZD","1761584851","23477/2025-10-30/1761584851.json"
"510807","146155","2025-10-30","52.00","NZD","1761584851","23477/2025-10-30/1761584851.json"
"581513","221281","2025-10-31","36.00","NZD","1761584851","23477/2025-10-31/1761584851.json"
"581514","221282","2025-10-31","36.00","NZD","1761584851","23477/2025-10-31/1761584851.json"
"512557","146154","2025-10-31","45.00","NZD","1761584851","23477/2025-10-31/1761584851.json"
"365170","146153","2025-10-31","48.00","NZD","1761584851","23477/2025-10-31/1761584851.json"
"510807","146155","2025-10-31","52.00","NZD","1761584851","23477/2025-10-31/1761584851.json"
"581513","221281","2025-11-02","36.00","NZD","1761584851","23477/2025-11-02/1761584851.json"
"581514","221282","2025-11-02","36.00","NZD","1761584851","23477/2025-11-02/1761584851.json"
"512557","146154","2025-11-02","45.00","NZD","1761584851","23477/2025-11-02/1761584851.json"
"365170","146153","2025-11-02","48.00","NZD","1761584851","23477/2025-11-02/1761584851.json"
"510807","146155","2025-11-02","52.00","NZD","1761584851","23477/2025-11-02/1761584851.json"
"581513","221281","2025-11-03","36.00","NZD","1761584851","23477/2025-11-03/1761584851.json"
"581514","221282","2025-11-03","36.00","NZD","1761584851","23477/2025-11-03/1761584851.json"
"512557","146154","2025-11-03","45.00","NZD","1761584851","23477/2025-11-03/1761584851.json"
"365170","146153","2025-11-03","48.00","NZD","1761584851","23477/2025-11-03/1761584851.json"
"510807","146155","2025-11-03","52.00","NZD","1761584851","23477/2025-11-03/1761584851.json"
"581513","221281","2025-11-01","36.00","NZD","1761584851","23477/2025-11-01/1761584851.json"
"581514","221282","2025-11-01","36.00","NZD","1761584851","23477/2025-11-01/1761584851.json"
"512557","146154","2025-11-01","45.00","NZD","1761584851","23477/2025-11-01/1761584851.json"
"365170","146153","2025-11-01","48.00","NZD","1761584851","23477/2025-11-01/1761584851.json"
"510807","146155","2025-11-01","52.00","NZD","1761584851","23477/2025-11-01/1761584851.json"
"581513","221281","2025-11-04","36.00","NZD","1761584851","23477/2025-11-04/1761584851.json"
"581514","221282","2025-11-04","36.00","NZD","1761584851","23477/2025-11-04/1761584851.json"
"512557","146154","2025-11-04","45.00","NZD","1761584851","23477/2025-11-04/1761584851.json"
"365170","146153","2025-11-04","48.00","NZD","1761584851","23477/2025-11-04/1761584851.json"
"510807","146155","2025-11-04","52.00","NZD","1761584851","23477/2025-11-04/1761584851.json"
"581513","221281","2025-11-05","36.00","NZD","1761584851","23477/2025-11-05/1761584851.json"
"581514","221282","2025-11-05","36.00","NZD","1761584851","23477/2025-11-05/1761584851.json"
"512557","146154","2025-11-05","45.00","NZD","1761584851","23477/2025-11-05/1761584851.json"
"365170","146153","2025-11-05","48.00","NZD","1761584851","23477/2025-11-05/1761584851.json"
"510807","146155","2025-11-05","52.00","NZD","1761584851","23477/2025-11-05/1761584851.json"
"581513","221281","2025-11-06","36.00","NZD","1761584851","23477/2025-11-06/1761584851.json"
"581514","221282","2025-11-06","36.00","NZD","1761584851","23477/2025-11-06/1761584851.json"
"512557","146154","2025-11-06","45.00","NZD","1761584851","23477/2025-11-06/1761584851.json"
"365170","146153","2025-11-06","48.00","NZD","1761584851","23477/2025-11-06/1761584851.json"
"510807","146155","2025-11-06","52.00","NZD","1761584851","23477/2025-11-06/1761584851.json"
"581513","221281","2025-11-08","36.00","NZD","1761584851","23477/2025-11-08/1761584851.json"
"581514","221282","2025-11-08","36.00","NZD","1761584851","23477/2025-11-08/1761584851.json"
"512557","146154","2025-11-08","45.00","NZD","1761584851","23477/2025-11-08/1761584851.json"
"365170","146153","2025-11-08","48.00","NZD","1761584851","23477/2025-11-08/1761584851.json"
"510807","146155","2025-11-08","52.00","NZD","1761584851","23477/2025-11-08/1761584851.json"
"581513","221281","2025-11-10","36.00","NZD","1761584851","23477/2025-11-10/1761584851.json"
"581514","221282","2025-11-10","36.00","NZD","1761584851","23477/2025-11-10/1761584851.json"
"512557","146154","2025-11-10","45.00","NZD","1761584851","23477/2025-11-10/1761584851.json"
"365170","146153","2025-11-10","48.00","NZD","1761584851","23477/2025-11-10/1761584851.json"
"510807","146155","2025-11-10","52.00","NZD","1761584851","23477/2025-11-10/1761584851.json"
"581513","221281","2025-11-07","36.00","NZD","1761584851","23477/2025-11-07/1761584851.json"
"581514","221282","2025-11-07","36.00","NZD","1761584851","23477/2025-11-07/1761584851.json"
"512557","146154","2025-11-07","45.00","NZD","1761584851","23477/2025-11-07/1761584851.json"
"365170","146153","2025-11-07","48.00","NZD","1761584851","23477/2025-11-07/1761584851.json"
"510807","146155","2025-11-07","52.00","NZD","1761584851","23477/2025-11-07/1761584851.json"
"581513","221281","2025-11-09","36.00","NZD","1761584851","23477/2025-11-09/1761584851.json"
"581514","221282","2025-11-09","36.00","NZD","1761584851","23477/2025-11-09/1761584851.json"
"512557","146154","2025-11-09","45.00","NZD","1761584851","23477/2025-11-09/1761584851.json"
"365170","146153","2025-11-09","48.00","NZD","1761584851","23477/2025-11-09/1761584851.json"
"510807","146155","2025-11-09","52.00","NZD","1761584851","23477/2025-11-09/1761584851.json"
"581513","221281","2025-11-11","36.00","NZD","1761584851","23477/2025-11-11/1761584851.json"
"581514","221282","2025-11-11","36.00","NZD","1761584851","23477/2025-11-11/1761584851.json"
"512557","146154","2025-11-11","45.00","NZD","1761584851","23477/2025-11-11/1761584851.json"
"365170","146153","2025-11-11","48.00","NZD","1761584851","23477/2025-11-11/1761584851.json"
"510807","146155","2025-11-11","52.00","NZD","1761584851","23477/2025-11-11/1761584851.json"
"581513","221281","2025-11-13","36.00","NZD","1761584851","23477/2025-11-13/1761584851.json"
"581514","221282","2025-11-13","36.00","NZD","1761584851","23477/2025-11-13/1761584851.json"
"512557","146154","2025-11-13","45.00","NZD","1761584851","23477/2025-11-13/1761584851.json"
"365170","146153","2025-11-13","48.00","NZD","1761584851","23477/2025-11-13/1761584851.json"
"510807","146155","2025-11-13","52.00","NZD","1761584851","23477/2025-11-13/1761584851.json"
"581513","221281","2025-11-15","36.00","NZD","1761584851","23477/2025-11-15/1761584851.json"
"581514","221282","2025-11-15","36.00","NZD","1761584851","23477/2025-11-15/1761584851.json"
"512557","146154","2025-11-15","45.00","NZD","1761584851","23477/2025-11-15/1761584851.json"
"365170","146153","2025-11-15","48.00","NZD","1761584851","23477/2025-11-15/1761584851.json"
"510807","146155","2025-11-15","52.00","NZD","1761584851","23477/2025-11-15/1761584851.json"
"581513","221281","2025-11-14","36.00","NZD","1761584851","23477/2025-11-14/1761584851.json"
"581514","221282","2025-11-14","36.00","NZD","1761584851","23477/2025-11-14/1761584851.json"
"512557","146154","2025-11-14","45.00","NZD","1761584851","23477/2025-11-14/1761584851.json"
"365170","146153","2025-11-14","48.00","NZD","1761584851","23477/2025-11-14/1761584851.json"
"510807","146155","2025-11-14","52.00","NZD","1761584851","23477/2025-11-14/1761584851.json"
"581513","221281","2025-11-12","36.00","NZD","1761584851","23477/2025-11-12/1761584851.json"
"581514","221282","2025-11-12","36.00","NZD","1761584851","23477/2025-11-12/1761584851.json"
"512557","146154","2025-11-12","45.00","NZD","1761584851","23477/2025-11-12/1761584851.json"
"365170","146153","2025-11-12","48.00","NZD","1761584851","23477/2025-11-12/1761584851.json"
"510807","146155","2025-11-12","52.00","NZD","1761584851","23477/2025-11-12/1761584851.json"
"581513","221281","2025-11-18","36.00","NZD","1761584851","23477/2025-11-18/1761584851.json"
"581514","221282","2025-11-18","36.00","NZD","1761584851","23477/2025-11-18/1761584851.json"
"512557","146154","2025-11-18","45.00","NZD","1761584851","23477/2025-11-18/1761584851.json"
"365170","146153","2025-11-18","48.00","NZD","1761584851","23477/2025-11-18/1761584851.json"
"510807","146155","2025-11-18","52.00","NZD","1761584851","23477/2025-11-18/1761584851.json"
"581513","221281","2025-11-16","36.00","NZD","1761584851","23477/2025-11-16/1761584851.json"
"581514","221282","2025-11-16","36.00","NZD","1761584851","23477/2025-11-16/1761584851.json"
"512557","146154","2025-11-16","45.00","NZD","1761584851","23477/2025-11-16/1761584851.json"
"365170","146153","2025-11-16","48.00","NZD","1761584851","23477/2025-11-16/1761584851.json"
"510807","146155","2025-11-16","52.00","NZD","1761584851","23477/2025-11-16/1761584851.json"
"581513","221281","2025-11-19","36.00","NZD","1761584851","23477/2025-11-19/1761584851.json"
"581514","221282","2025-11-19","36.00","NZD","1761584851","23477/2025-11-19/1761584851.json"
"512557","146154","2025-11-19","45.00","NZD","1761584851","23477/2025-11-19/1761584851.json"
"365170","146153","2025-11-19","48.00","NZD","1761584851","23477/2025-11-19/1761584851.json"
"510807","146155","2025-11-19","52.00","NZD","1761584851","23477/2025-11-19/1761584851.json"
"581513","221281","2025-11-17","36.00","NZD","1761584851","23477/2025-11-17/1761584851.json"
"581514","221282","2025-11-17","36.00","NZD","1761584851","23477/2025-11-17/1761584851.json"
"512557","146154","2025-11-17","45.00","NZD","1761584851","23477/2025-11-17/1761584851.json"
"365170","146153","2025-11-17","48.00","NZD","1761584851","23477/2025-11-17/1761584851.json"
"510807","146155","2025-11-17","52.00","NZD","1761584851","23477/2025-11-17/1761584851.json"
"581513","221281","2025-11-20","36.00","NZD","1761584851","23477/2025-11-20/1761584851.json"
"581514","221282","2025-11-20","36.00","NZD","1761584851","23477/2025-11-20/1761584851.json"
"512557","146154","2025-11-20","45.00","NZD","1761584851","23477/2025-11-20/1761584851.json"
"581513","221281","2025-11-21","36.00","NZD","1761584851","23477/2025-11-21/1761584851.json"
"581514","221282","2025-11-21","36.00","NZD","1761584851","23477/2025-11-21/1761584851.json"
"512557","146154","2025-11-21","45.00","NZD","1761584851","23477/2025-11-21/1761584851.json"
"365170","146153","2025-11-21","48.00","NZD","1761584851","23477/2025-11-21/1761584851.json"
"510807","146155","2025-11-21","52.00","NZD","1761584851","23477/2025-11-21/1761584851.json"
"581513","221281","2025-11-23","36.00","NZD","1761584851","23477/2025-11-23/1761584851.json"
"581514","221282","2025-11-23","36.00","NZD","1761584851","23477/2025-11-23/1761584851.json"
"512557","146154","2025-11-23","45.00","NZD","1761584851","23477/2025-11-23/1761584851.json"
"365170","146153","2025-11-23","48.00","NZD","1761584851","23477/2025-11-23/1761584851.json"
"510807","146155","2025-11-23","52.00","NZD","1761584851","23477/2025-11-23/1761584851.json"
"581513","221281","2025-11-22","36.00","NZD","1761584851","23477/2025-11-22/1761584851.json"
"581514","221282","2025-11-22","36.00","NZD","1761584851","23477/2025-11-22/1761584851.json"
"512557","146154","2025-11-22","45.00","NZD","1761584851","23477/2025-11-22/1761584851.json"
"365170","146153","2025-11-22","48.00","NZD","1761584851","23477/2025-11-22/1761584851.json"
"510807","146155","2025-11-22","52.00","NZD","1761584851","23477/2025-11-22/1761584851.json"
"581513","221281","2025-11-25","36.00","NZD","1761584851","23477/2025-11-25/1761584851.json"
"581514","221282","2025-11-25","36.00","NZD","1761584851","23477/2025-11-25/1761584851.json"
"512557","146154","2025-11-25","45.00","NZD","1761584851","23477/2025-11-25/1761584851.json"
"365170","146153","2025-11-25","48.00","NZD","1761584851","23477/2025-11-25/1761584851.json"
"510807","146155","2025-11-25","52.00","NZD","1761584851","23477/2025-11-25/1761584851.json"
"581513","221281","2025-11-24","36.00","NZD","1761584851","23477/2025-11-24/1761584851.json"
"581514","221282","2025-11-24","36.00","NZD","1761584851","23477/2025-11-24/1761584851.json"
"512557","146154","2025-11-24","45.00","NZD","1761584851","23477/2025-11-24/1761584851.json"
"365170","146153","2025-11-24","48.00","NZD","1761584851","23477/2025-11-24/1761584851.json"
"510807","146155","2025-11-24","52.00","NZD","1761584851","23477/2025-11-24/1761584851.json"
"581513","221281","2025-11-27","36.00","NZD","1761584851","23477/2025-11-27/1761584851.json"
"581514","221282","2025-11-27","36.00","NZD","1761584851","23477/2025-11-27/1761584851.json"
"512557","146154","2025-11-27","45.00","NZD","1761584851","23477/2025-11-27/1761584851.json"
"365170","146153","2025-11-27","48.00","NZD","1761584851","23477/2025-11-27/1761584851.json"
"510807","146155","2025-11-27","52.00","NZD","1761584851","23477/2025-11-27/1761584851.json"
"581513","221281","2025-11-26","36.00","NZD","1761584851","23477/2025-11-26/1761584851.json"
"581514","221282","2025-11-26","36.00","NZD","1761584851","23477/2025-11-26/1761584851.json"
"512557","146154","2025-11-26","45.00","NZD","1761584851","23477/2025-11-26/1761584851.json"
"365170","146153","2025-11-26","48.00","NZD","1761584851","23477/2025-11-26/1761584851.json"
"510807","146155","2025-11-26","52.00","NZD","1761584851","23477/2025-11-26/1761584851.json"
"581513","221281","2025-11-29","36.00","NZD","1761584851","23477/2025-11-29/1761584851.json"
"581514","221282","2025-11-29","36.00","NZD","1761584851","23477/2025-11-29/1761584851.json"
"512557","146154","2025-11-29","45.00","NZD","1761584851","23477/2025-11-29/1761584851.json"
"365170","146153","2025-11-29","48.00","NZD","1761584851","23477/2025-11-29/1761584851.json"
"510807","146155","2025-11-29","52.00","NZD","1761584851","23477/2025-11-29/1761584851.json"
"581513","221281","2025-11-28","36.00","NZD","1761584851","23477/2025-11-28/1761584851.json"
"581514","221282","2025-11-28","36.00","NZD","1761584851","23477/2025-11-28/1761584851.json"
"512557","146154","2025-11-28","45.00","NZD","1761584851","23477/2025-11-28/1761584851.json"
"365170","146153","2025-11-28","48.00","NZD","1761584851","23477/2025-11-28/1761584851.json"
"510807","146155","2025-11-28","52.00","NZD","1761584851","23477/2025-11-28/1761584851.json"
"581513","221281","2025-11-30","36.00","NZD","1761584851","23477/2025-11-30/1761584851.json"
"581514","221282","2025-11-30","36.00","NZD","1761584851","23477/2025-11-30/1761584851.json"
"512557","146154","2025-11-30","45.00","NZD","1761584851","23477/2025-11-30/1761584851.json"
"365170","146153","2025-11-30","48.00","NZD","1761584851","23477/2025-11-30/1761584851.json"
"510807","146155","2025-11-30","52.00","NZD","1761584851","23477/2025-11-30/1761584851.json"
"581513","221281","2025-12-01","36.00","NZD","1761584851","23477/2025-12-01/1761584851.json"
"581514","221282","2025-12-01","36.00","NZD","1761584851","23477/2025-12-01/1761584851.json"
"512557","146154","2025-12-01","45.00","NZD","1761584851","23477/2025-12-01/1761584851.json"
"365170","146153","2025-12-01","48.00","NZD","1761584851","23477/2025-12-01/1761584851.json"
"510807","146155","2025-12-01","52.00","NZD","1761584851","23477/2025-12-01/1761584851.json"
"581513","221281","2025-12-03","36.00","NZD","1761584851","23477/2025-12-03/1761584851.json"
"581514","221282","2025-12-03","36.00","NZD","1761584851","23477/2025-12-03/1761584851.json"
"512557","146154","2025-12-03","45.00","NZD","1761584851","23477/2025-12-03/1761584851.json"
"365170","146153","2025-12-03","48.00","NZD","1761584851","23477/2025-12-03/1761584851.json"
"510807","146155","2025-12-03","52.00","NZD","1761584851","23477/2025-12-03/1761584851.json"
"581513","221281","2025-12-02","36.00","NZD","1761584851","23477/2025-12-02/1761584851.json"
"581514","221282","2025-12-02","36.00","NZD","1761584851","23477/2025-12-02/1761584851.json"
"512557","146154","2025-12-02","45.00","NZD","1761584851","23477/2025-12-02/1761584851.json"
"365170","146153","2025-12-02","48.00","NZD","1761584851","23477/2025-12-02/1761584851.json"
"510807","146155","2025-12-02","52.00","NZD","1761584851","23477/2025-12-02/1761584851.json"
"581513","221281","2025-12-04","36.00","NZD","1761584851","23477/2025-12-04/1761584851.json"
"581514","221282","2025-12-04","36.00","NZD","1761584851","23477/2025-12-04/1761584851.json"
"512557","146154","2025-12-04","45.00","NZD","1761584851","23477/2025-12-04/1761584851.json"
"365170","146153","2025-12-04","48.00","NZD","1761584851","23477/2025-12-04/1761584851.json"
"510807","146155","2025-12-04","52.00","NZD","1761584851","23477/2025-12-04/1761584851.json"
"581513","221281","2025-12-05","36.00","NZD","1761584851","23477/2025-12-05/1761584851.json"
"581514","221282","2025-12-05","36.00","NZD","1761584851","23477/2025-12-05/1761584851.json"
"512557","146154","2025-12-05","45.00","NZD","1761584851","23477/2025-12-05/1761584851.json"
"365170","146153","2025-12-05","48.00","NZD","1761584851","23477/2025-12-05/1761584851.json"
"510807","146155","2025-12-05","52.00","NZD","1761584851","23477/2025-12-05/1761584851.json"
"581513","221281","2025-12-07","36.00","NZD","1761584851","23477/2025-12-07/1761584851.json"
"581514","221282","2025-12-07","36.00","NZD","1761584851","23477/2025-12-07/1761584851.json"
"512557","146154","2025-12-07","45.00","NZD","1761584851","23477/2025-12-07/1761584851.json"
"365170","146153","2025-12-07","48.00","NZD","1761584851","23477/2025-12-07/1761584851.json"
"510807","146155","2025-12-07","52.00","NZD","1761584851","23477/2025-12-07/1761584851.json"
"581513","221281","2025-12-06","36.00","NZD","1761584851","23477/2025-12-06/1761584851.json"
"581514","221282","2025-12-06","36.00","NZD","1761584851","23477/2025-12-06/1761584851.json"
"512557","146154","2025-12-06","45.00","NZD","1761584851","23477/2025-12-06/1761584851.json"
"365170","146153","2025-12-06","48.00","NZD","1761584851","23477/2025-12-06/1761584851.json"
"510807","146155","2025-12-06","52.00","NZD","1761584851","23477/2025-12-06/1761584851.json"
"581513","221281","2025-12-09","36.00","NZD","1761584851","23477/2025-12-09/1761584851.json"
"581514","221282","2025-12-09","36.00","NZD","1761584851","23477/2025-12-09/1761584851.json"
"512557","146154","2025-12-09","45.00","NZD","1761584851","23477/2025-12-09/1761584851.json"
"365170","146153","2025-12-09","48.00","NZD","1761584851","23477/2025-12-09/1761584851.json"
"510807","146155","2025-12-09","52.00","NZD","1761584851","23477/2025-12-09/1761584851.json"
"581513","221281","2025-12-08","36.00","NZD","1761584851","23477/2025-12-08/1761584851.json"
"581514","221282","2025-12-08","36.00","NZD","1761584851","23477/2025-12-08/1761584851.json"
"512557","146154","2025-12-08","45.00","NZD","1761584851","23477/2025-12-08/1761584851.json"
"365170","146153","2025-12-08","48.00","NZD","1761584851","23477/2025-12-08/1761584851.json"
"510807","146155","2025-12-08","52.00","NZD","1761584851","23477/2025-12-08/1761584851.json"
"581513","221281","2025-12-13","36.00","NZD","1761584851","23477/2025-12-13/1761584851.json"
"581514","221282","2025-12-13","36.00","NZD","1761584851","23477/2025-12-13/1761584851.json"
"512557","146154","2025-12-13","45.00","NZD","1761584851","23477/2025-12-13/1761584851.json"
"365170","146153","2025-12-13","48.00","NZD","1761584851","23477/2025-12-13/1761584851.json"
"510807","146155","2025-12-13","52.00","NZD","1761584851","23477/2025-12-13/1761584851.json"
"581513","221281","2025-12-10","36.00","NZD","1761584851","23477/2025-12-10/1761584851.json"
"581514","221282","2025-12-10","36.00","NZD","1761584851","23477/2025-12-10/1761584851.json"
"512557","146154","2025-12-10","45.00","NZD","1761584851","23477/2025-12-10/1761584851.json"
"365170","146153","2025-12-10","48.00","NZD","1761584851","23477/2025-12-10/1761584851.json"
"510807","146155","2025-12-10","52.00","NZD","1761584851","23477/2025-12-10/1761584851.json"
"581513","221281","2025-12-12","36.00","NZD","1761584851","23477/2025-12-12/1761584851.json"
"581514","221282","2025-12-12","36.00","NZD","1761584851","23477/2025-12-12/1761584851.json"
"512557","146154","2025-12-12","45.00","NZD","1761584851","23477/2025-12-12/1761584851.json"
"365170","146153","2025-12-12","48.00","NZD","1761584851","23477/2025-12-12/1761584851.json"
"510807","146155","2025-12-12","52.00","NZD","1761584851","23477/2025-12-12/1761584851.json"
"581513","221281","2025-12-11","36.00","NZD","1761584851","23477/2025-12-11/1761584851.json"
"581514","221282","2025-12-11","36.00","NZD","1761584851","23477/2025-12-11/1761584851.json"
"512557","146154","2025-12-11","45.00","NZD","1761584851","23477/2025-12-11/1761584851.json"
"365170","146153","2025-12-11","48.00","NZD","1761584851","23477/2025-12-11/1761584851.json"
"510807","146155","2025-12-11","52.00","NZD","1761584851","23477/2025-12-11/1761584851.json"
"581513","221281","2025-12-16","36.00","NZD","1761584851","23477/2025-12-16/1761584851.json"
"581514","221282","2025-12-16","36.00","NZD","1761584851","23477/2025-12-16/1761584851.json"
"512557","146154","2025-12-16","45.00","NZD","1761584851","23477/2025-12-16/1761584851.json"
"365170","146153","2025-12-16","48.00","NZD","1761584851","23477/2025-12-16/1761584851.json"
"510807","146155","2025-12-16","52.00","NZD","1761584851","23477/2025-12-16/1761584851.json"
"581513","221281","2025-12-17","36.00","NZD","1761584851","23477/2025-12-17/1761584851.json"
"581514","221282","2025-12-17","36.00","NZD","1761584851","23477/2025-12-17/1761584851.json"
"512557","146154","2025-12-17","45.00","NZD","1761584851","23477/2025-12-17/1761584851.json"
"365170","146153","2025-12-17","48.00","NZD","1761584851","23477/2025-12-17/1761584851.json"
"510807","146155","2025-12-17","52.00","NZD","1761584851","23477/2025-12-17/1761584851.json"
"581513","221281","2025-12-14","36.00","NZD","1761584851","23477/2025-12-14/1761584851.json"
"581514","221282","2025-12-14","36.00","NZD","1761584851","23477/2025-12-14/1761584851.json"
"512557","146154","2025-12-14","45.00","NZD","1761584851","23477/2025-12-14/1761584851.json"
"365170","146153","2025-12-14","48.00","NZD","1761584851","23477/2025-12-14/1761584851.json"
"510807","146155","2025-12-14","52.00","NZD","1761584851","23477/2025-12-14/1761584851.json"
"581513","221281","2025-12-15","36.00","NZD","1761584851","23477/2025-12-15/1761584851.json"
"581514","221282","2025-12-15","36.00","NZD","1761584851","23477/2025-12-15/1761584851.json"
"512557","146154","2025-12-15","45.00","NZD","1761584851","23477/2025-12-15/1761584851.json"
"365170","146153","2025-12-15","48.00","NZD","1761584851","23477/2025-12-15/1761584851.json"
"510807","146155","2025-12-15","52.00","NZD","1761584851","23477/2025-12-15/1761584851.json"
"581513","221281","2025-12-18","36.00","NZD","1761584851","23477/2025-12-18/1761584851.json"
"581514","221282","2025-12-18","36.00","NZD","1761584851","23477/2025-12-18/1761584851.json"
"512557","146154","2025-12-18","45.00","NZD","1761584851","23477/2025-12-18/1761584851.json"
"365170","146153","2025-12-18","48.00","NZD","1761584851","23477/2025-12-18/1761584851.json"
"510807","146155","2025-12-18","52.00","NZD","1761584851","23477/2025-12-18/1761584851.json"
"581513","221281","2025-12-19","36.00","NZD","1761584851","23477/2025-12-19/1761584851.json"
"581514","221282","2025-12-19","36.00","NZD","1761584851","23477/2025-12-19/1761584851.json"
"512557","146154","2025-12-19","45.00","NZD","1761584851","23477/2025-12-19/1761584851.json"
"365170","146153","2025-12-19","48.00","NZD","1761584851","23477/2025-12-19/1761584851.json"
"510807","146155","2025-12-19","52.00","NZD","1761584851","23477/2025-12-19/1761584851.json"
"581513","221281","2025-12-20","36.00","NZD","1761584851","23477/2025-12-20/1761584851.json"
"581514","221282","2025-12-20","36.00","NZD","1761584851","23477/2025-12-20/1761584851.json"
"512557","146154","2025-12-20","45.00","NZD","1761584851","23477/2025-12-20/1761584851.json"
"365170","146153","2025-12-20","48.00","NZD","1761584851","23477/2025-12-20/1761584851.json"
"510807","146155","2025-12-20","52.00","NZD","1761584851","23477/2025-12-20/1761584851.json"
"581513","221281","2025-12-21","36.00","NZD","1761584851","23477/2025-12-21/1761584851.json"
"581514","221282","2025-12-21","36.00","NZD","1761584851","23477/2025-12-21/1761584851.json"
"512557","146154","2025-12-21","45.00","NZD","1761584851","23477/2025-12-21/1761584851.json"
"365170","146153","2025-12-21","48.00","NZD","1761584851","23477/2025-12-21/1761584851.json"
"510807","146155","2025-12-21","52.00","NZD","1761584851","23477/2025-12-21/1761584851.json"
"581513","221281","2025-12-23","38.00","NZD","1761584851","23477/2025-12-23/1761584851.json"
"581514","221282","2025-12-23","38.00","NZD","1761584851","23477/2025-12-23/1761584851.json"
"512557","146154","2025-12-23","45.00","NZD","1761584851","23477/2025-12-23/1761584851.json"
"365170","146153","2025-12-23","48.00","NZD","1761584851","23477/2025-12-23/1761584851.json"
"510807","146155","2025-12-23","52.00","NZD","1761584851","23477/2025-12-23/1761584851.json"
"581513","221281","2025-12-22","36.00","NZD","1761584851","23477/2025-12-22/1761584851.json"
"581514","221282","2025-12-22","36.00","NZD","1761584851","23477/2025-12-22/1761584851.json"
"512557","146154","2025-12-22","45.00","NZD","1761584851","23477/2025-12-22/1761584851.json"
"365170","146153","2025-12-22","48.00","NZD","1761584851","23477/2025-12-22/1761584851.json"
"510807","146155","2025-12-22","52.00","NZD","1761584851","23477/2025-12-22/1761584851.json"
"581513","221281","2025-12-25","38.00","NZD","1761584851","23477/2025-12-25/1761584851.json"
"581514","221282","2025-12-25","38.00","NZD","1761584851","23477/2025-12-25/1761584851.json"
"512557","146154","2025-12-25","45.00","NZD","1761584851","23477/2025-12-25/1761584851.json"
"365170","146153","2025-12-25","48.00","NZD","1761584851","23477/2025-12-25/1761584851.json"
"510807","146155","2025-12-25","52.00","NZD","1761584851","23477/2025-12-25/1761584851.json"
"581513","221281","2025-12-26","42.00","NZD","1761584851","23477/2025-12-26/1761584851.json"
"581514","221282","2025-12-26","42.00","NZD","1761584851","23477/2025-12-26/1761584851.json"
"512557","146154","2025-12-26","45.00","NZD","1761584851","23477/2025-12-26/1761584851.json"
"365170","146153","2025-12-26","48.00","NZD","1761584851","23477/2025-12-26/1761584851.json"
"510807","146155","2025-12-26","52.00","NZD","1761584851","23477/2025-12-26/1761584851.json"
"581513","221281","2025-12-24","38.00","NZD","1761584851","23477/2025-12-24/1761584851.json"
"581514","221282","2025-12-24","38.00","NZD","1761584851","23477/2025-12-24/1761584851.json"
"512557","146154","2025-12-24","45.00","NZD","1761584851","23477/2025-12-24/1761584851.json"
"365170","146153","2025-12-24","48.00","NZD","1761584851","23477/2025-12-24/1761584851.json"
"510807","146155","2025-12-24","52.00","NZD","1761584851","23477/2025-12-24/1761584851.json"
"581513","221281","2025-10-28","36.00","NZD","1761598197","23477/2025-10-28/1761598197.json"
"581514","221282","2025-10-28","36.00","NZD","1761598197","23477/2025-10-28/1761598197.json"
"512557","146154","2025-10-28","45.00","NZD","1761598197","23477/2025-10-28/1761598197.json"
"365170","146153","2025-10-28","48.00","NZD","1761598197","23477/2025-10-28/1761598197.json"
"510807","146155","2025-10-28","52.00","NZD","1761598197","23477/2025-10-28/1761598197.json"
"581513","221281","2025-10-29","36.00","NZD","1761598197","23477/2025-10-29/1761598197.json"
"581514","221282","2025-10-29","36.00","NZD","1761598197","23477/2025-10-29/1761598197.json"
"512557","146154","2025-10-29","45.00","NZD","1761598197","23477/2025-10-29/1761598197.json"
"365170","146153","2025-10-29","48.00","NZD","1761598197","23477/2025-10-29/1761598197.json"
"510807","146155","2025-10-29","52.00","NZD","1761598197","23477/2025-10-29/1761598197.json"
"581513","221281","2025-10-30","36.00","NZD","1761598197","23477/2025-10-30/1761598197.json"
"581514","221282","2025-10-30","36.00","NZD","1761598197","23477/2025-10-30/1761598197.json"
"512557","146154","2025-10-30","45.00","NZD","1761598197","23477/2025-10-30/1761598197.json"
"365170","146153","2025-10-30","48.00","NZD","1761598197","23477/2025-10-30/1761598197.json"
"510807","146155","2025-10-30","52.00","NZD","1761598197","23477/2025-10-30/1761598197.json"
"581513","221281","2025-10-31","36.00","NZD","1761598197","23477/2025-10-31/1761598197.json"
"581514","221282","2025-10-31","36.00","NZD","1761598197","23477/2025-10-31/1761598197.json"
"512557","146154","2025-10-31","45.00","NZD","1761598197","23477/2025-10-31/1761598197.json"
"365170","146153","2025-10-31","48.00","NZD","1761598197","23477/2025-10-31/1761598197.json"
"510807","146155","2025-10-31","52.00","NZD","1761598197","23477/2025-10-31/1761598197.json"
"581513","221281","2025-11-03","36.00","NZD","1761598197","23477/2025-11-03/1761598197.json"
"581514","221282","2025-11-03","36.00","NZD","1761598197","23477/2025-11-03/1761598197.json"
"512557","146154","2025-11-03","45.00","NZD","1761598197","23477/2025-11-03/1761598197.json"
"365170","146153","2025-11-03","48.00","NZD","1761598197","23477/2025-11-03/1761598197.json"
"510807","146155","2025-11-03","52.00","NZD","1761598197","23477/2025-11-03/1761598197.json"
"581513","221281","2025-11-02","36.00","NZD","1761598197","23477/2025-11-02/1761598197.json"
"581514","221282","2025-11-02","36.00","NZD","1761598197","23477/2025-11-02/1761598197.json"
"512557","146154","2025-11-02","45.00","NZD","1761598197","23477/2025-11-02/1761598197.json"
"365170","146153","2025-11-02","48.00","NZD","1761598197","23477/2025-11-02/1761598197.json"
"510807","146155","2025-11-02","52.00","NZD","1761598197","23477/2025-11-02/1761598197.json"
"581513","221281","2025-11-04","36.00","NZD","1761598197","23477/2025-11-04/1761598197.json"
"581514","221282","2025-11-04","36.00","NZD","1761598197","23477/2025-11-04/1761598197.json"
"512557","146154","2025-11-04","45.00","NZD","1761598197","23477/2025-11-04/1761598197.json"
"365170","146153","2025-11-04","48.00","NZD","1761598197","23477/2025-11-04/1761598197.json"
"510807","146155","2025-11-04","52.00","NZD","1761598197","23477/2025-11-04/1761598197.json"
"581513","221281","2025-11-01","36.00","NZD","1761598197","23477/2025-11-01/1761598197.json"
"581514","221282","2025-11-01","36.00","NZD","1761598197","23477/2025-11-01/1761598197.json"
"512557","146154","2025-11-01","45.00","NZD","1761598197","23477/2025-11-01/1761598197.json"
"365170","146153","2025-11-01","48.00","NZD","1761598197","23477/2025-11-01/1761598197.json"
"510807","146155","2025-11-01","52.00","NZD","1761598197","23477/2025-11-01/1761598197.json"
"581513","221281","2025-11-06","36.00","NZD","1761598197","23477/2025-11-06/1761598197.json"
"581514","221282","2025-11-06","36.00","NZD","1761598197","23477/2025-11-06/1761598197.json"
"512557","146154","2025-11-06","45.00","NZD","1761598197","23477/2025-11-06/1761598197.json"
"365170","146153","2025-11-06","48.00","NZD","1761598197","23477/2025-11-06/1761598197.json"
"510807","146155","2025-11-06","52.00","NZD","1761598197","23477/2025-11-06/1761598197.json"
"581513","221281","2025-11-07","36.00","NZD","1761598197","23477/2025-11-07/1761598197.json"
"581514","221282","2025-11-07","36.00","NZD","1761598197","23477/2025-11-07/1761598197.json"
"512557","146154","2025-11-07","45.00","NZD","1761598197","23477/2025-11-07/1761598197.json"
"365170","146153","2025-11-07","48.00","NZD","1761598197","23477/2025-11-07/1761598197.json"
"510807","146155","2025-11-07","52.00","NZD","1761598197","23477/2025-11-07/1761598197.json"
"581513","221281","2025-11-05","36.00","NZD","1761598197","23477/2025-11-05/1761598197.json"
"581514","221282","2025-11-05","36.00","NZD","1761598197","23477/2025-11-05/1761598197.json"
"512557","146154","2025-11-05","45.00","NZD","1761598197","23477/2025-11-05/1761598197.json"
"365170","146153","2025-11-05","48.00","NZD","1761598197","23477/2025-11-05/1761598197.json"
"510807","146155","2025-11-05","52.00","NZD","1761598197","23477/2025-11-05/1761598197.json"
"581513","221281","2025-11-08","36.00","NZD","1761598197","23477/2025-11-08/1761598197.json"
"581514","221282","2025-11-08","36.00","NZD","1761598197","23477/2025-11-08/1761598197.json"
"512557","146154","2025-11-08","45.00","NZD","1761598197","23477/2025-11-08/1761598197.json"
"365170","146153","2025-11-08","48.00","NZD","1761598197","23477/2025-11-08/1761598197.json"
"510807","146155","2025-11-08","52.00","NZD","1761598197","23477/2025-11-08/1761598197.json"
"581513","221281","2025-11-10","36.00","NZD","1761598197","23477/2025-11-10/1761598197.json"
"581514","221282","2025-11-10","36.00","NZD","1761598197","23477/2025-11-10/1761598197.json"
"512557","146154","2025-11-10","45.00","NZD","1761598197","23477/2025-11-10/1761598197.json"
"365170","146153","2025-11-10","48.00","NZD","1761598197","23477/2025-11-10/1761598197.json"
"510807","146155","2025-11-10","52.00","NZD","1761598197","23477/2025-11-10/1761598197.json"
"581513","221281","2025-11-09","36.00","NZD","1761598197","23477/2025-11-09/1761598197.json"
"581514","221282","2025-11-09","36.00","NZD","1761598197","23477/2025-11-09/1761598197.json"
"512557","146154","2025-11-09","45.00","NZD","1761598197","23477/2025-11-09/1761598197.json"
"365170","146153","2025-11-09","48.00","NZD","1761598197","23477/2025-11-09/1761598197.json"
"510807","146155","2025-11-09","52.00","NZD","1761598197","23477/2025-11-09/1761598197.json"
"581513","221281","2025-11-12","36.00","NZD","1761598197","23477/2025-11-12/1761598197.json"
"581514","221282","2025-11-12","36.00","NZD","1761598197","23477/2025-11-12/1761598197.json"
"512557","146154","2025-11-12","45.00","NZD","1761598197","23477/2025-11-12/1761598197.json"
"365170","146153","2025-11-12","48.00","NZD","1761598197","23477/2025-11-12/1761598197.json"
"510807","146155","2025-11-12","52.00","NZD","1761598197","23477/2025-11-12/1761598197.json"
"581513","221281","2025-11-14","36.00","NZD","1761598197","23477/2025-11-14/1761598197.json"
"581514","221282","2025-11-14","36.00","NZD","1761598197","23477/2025-11-14/1761598197.json"
"512557","146154","2025-11-14","45.00","NZD","1761598197","23477/2025-11-14/1761598197.json"
"365170","146153","2025-11-14","48.00","NZD","1761598197","23477/2025-11-14/1761598197.json"
"510807","146155","2025-11-14","52.00","NZD","1761598197","23477/2025-11-14/1761598197.json"
"581513","221281","2025-11-13","36.00","NZD","1761598197","23477/2025-11-13/1761598197.json"
"581514","221282","2025-11-13","36.00","NZD","1761598197","23477/2025-11-13/1761598197.json"
"512557","146154","2025-11-13","45.00","NZD","1761598197","23477/2025-11-13/1761598197.json"
"365170","146153","2025-11-13","48.00","NZD","1761598197","23477/2025-11-13/1761598197.json"
"510807","146155","2025-11-13","52.00","NZD","1761598197","23477/2025-11-13/1761598197.json"
"581513","221281","2025-11-15","36.00","NZD","1761598197","23477/2025-11-15/1761598197.json"
"581514","221282","2025-11-15","36.00","NZD","1761598197","23477/2025-11-15/1761598197.json"
"512557","146154","2025-11-15","45.00","NZD","1761598197","23477/2025-11-15/1761598197.json"
"365170","146153","2025-11-15","48.00","NZD","1761598197","23477/2025-11-15/1761598197.json"
"510807","146155","2025-11-15","52.00","NZD","1761598197","23477/2025-11-15/1761598197.json"
"581513","221281","2025-11-16","36.00","NZD","1761598197","23477/2025-11-16/1761598197.json"
"581514","221282","2025-11-16","36.00","NZD","1761598197","23477/2025-11-16/1761598197.json"
"512557","146154","2025-11-16","45.00","NZD","1761598197","23477/2025-11-16/1761598197.json"
"365170","146153","2025-11-16","48.00","NZD","1761598197","23477/2025-11-16/1761598197.json"
"510807","146155","2025-11-16","52.00","NZD","1761598197","23477/2025-11-16/1761598197.json"
"581513","221281","2025-11-18","36.00","NZD","1761598197","23477/2025-11-18/1761598197.json"
"581514","221282","2025-11-18","36.00","NZD","1761598197","23477/2025-11-18/1761598197.json"
"512557","146154","2025-11-18","45.00","NZD","1761598197","23477/2025-11-18/1761598197.json"
"365170","146153","2025-11-18","48.00","NZD","1761598197","23477/2025-11-18/1761598197.json"
"510807","146155","2025-11-18","52.00","NZD","1761598197","23477/2025-11-18/1761598197.json"
"581513","221281","2025-11-20","36.00","NZD","1761598197","23477/2025-11-20/1761598197.json"
"581514","221282","2025-11-20","36.00","NZD","1761598197","23477/2025-11-20/1761598197.json"
"512557","146154","2025-11-20","45.00","NZD","1761598197","23477/2025-11-20/1761598197.json"
"581513","221281","2025-11-19","36.00","NZD","1761598197","23477/2025-11-19/1761598197.json"
"581514","221282","2025-11-19","36.00","NZD","1761598197","23477/2025-11-19/1761598197.json"
"512557","146154","2025-11-19","45.00","NZD","1761598197","23477/2025-11-19/1761598197.json"
"365170","146153","2025-11-19","48.00","NZD","1761598197","23477/2025-11-19/1761598197.json"
"510807","146155","2025-11-19","52.00","NZD","1761598197","23477/2025-11-19/1761598197.json"
"581513","221281","2025-11-11","36.00","NZD","1761598197","23477/2025-11-11/1761598197.json"
"581514","221282","2025-11-11","36.00","NZD","1761598197","23477/2025-11-11/1761598197.json"
"512557","146154","2025-11-11","45.00","NZD","1761598197","23477/2025-11-11/1761598197.json"
"365170","146153","2025-11-11","48.00","NZD","1761598197","23477/2025-11-11/1761598197.json"
"510807","146155","2025-11-11","52.00","NZD","1761598197","23477/2025-11-11/1761598197.json"
"581513","221281","2025-11-17","36.00","NZD","1761598197","23477/2025-11-17/1761598197.json"
"581514","221282","2025-11-17","36.00","NZD","1761598197","23477/2025-11-17/1761598197.json"
"512557","146154","2025-11-17","45.00","NZD","1761598197","23477/2025-11-17/1761598197.json"
"365170","146153","2025-11-17","48.00","NZD","1761598197","23477/2025-11-17/1761598197.json"
"510807","146155","2025-11-17","52.00","NZD","1761598197","23477/2025-11-17/1761598197.json"
"581513","221281","2025-11-21","36.00","NZD","1761598197","23477/2025-11-21/1761598197.json"
"581514","221282","2025-11-21","36.00","NZD","1761598197","23477/2025-11-21/1761598197.json"
"512557","146154","2025-11-21","45.00","NZD","1761598197","23477/2025-11-21/1761598197.json"
"365170","146153","2025-11-21","48.00","NZD","1761598197","23477/2025-11-21/1761598197.json"
"510807","146155","2025-11-21","52.00","NZD","1761598197","23477/2025-11-21/1761598197.json"
"581513","221281","2025-11-24","36.00","NZD","1761598197","23477/2025-11-24/1761598197.json"
"581514","221282","2025-11-24","36.00","NZD","1761598197","23477/2025-11-24/1761598197.json"
"512557","146154","2025-11-24","45.00","NZD","1761598197","23477/2025-11-24/1761598197.json"
"365170","146153","2025-11-24","48.00","NZD","1761598197","23477/2025-11-24/1761598197.json"
"510807","146155","2025-11-24","52.00","NZD","1761598197","23477/2025-11-24/1761598197.json"
"581513","221281","2025-11-22","36.00","NZD","1761598197","23477/2025-11-22/1761598197.json"
"581514","221282","2025-11-22","36.00","NZD","1761598197","23477/2025-11-22/1761598197.json"
"512557","146154","2025-11-22","45.00","NZD","1761598197","23477/2025-11-22/1761598197.json"
"365170","146153","2025-11-22","48.00","NZD","1761598197","23477/2025-11-22/1761598197.json"
"510807","146155","2025-11-22","52.00","NZD","1761598197","23477/2025-11-22/1761598197.json"
"581513","221281","2025-11-23","36.00","NZD","1761598197","23477/2025-11-23/1761598197.json"
"581514","221282","2025-11-23","36.00","NZD","1761598197","23477/2025-11-23/1761598197.json"
"512557","146154","2025-11-23","45.00","NZD","1761598197","23477/2025-11-23/1761598197.json"
"365170","146153","2025-11-23","48.00","NZD","1761598197","23477/2025-11-23/1761598197.json"
"510807","146155","2025-11-23","52.00","NZD","1761598197","23477/2025-11-23/1761598197.json"
"581513","221281","2025-11-27","36.00","NZD","1761598197","23477/2025-11-27/1761598197.json"
"581513","221281","2025-11-26","36.00","NZD","1761598197","23477/2025-11-26/1761598197.json"
"581514","221282","2025-11-27","36.00","NZD","1761598197","23477/2025-11-27/1761598197.json"
"581514","221282","2025-11-26","36.00","NZD","1761598197","23477/2025-11-26/1761598197.json"
"512557","146154","2025-11-26","45.00","NZD","1761598197","23477/2025-11-26/1761598197.json"
"512557","146154","2025-11-27","45.00","NZD","1761598197","23477/2025-11-27/1761598197.json"
"365170","146153","2025-11-26","48.00","NZD","1761598197","23477/2025-11-26/1761598197.json"
"365170","146153","2025-11-27","48.00","NZD","1761598197","23477/2025-11-27/1761598197.json"
"510807","146155","2025-11-27","52.00","NZD","1761598197","23477/2025-11-27/1761598197.json"
"510807","146155","2025-11-26","52.00","NZD","1761598197","23477/2025-11-26/1761598197.json"
"581513","221281","2025-11-25","36.00","NZD","1761598197","23477/2025-11-25/1761598197.json"
"581514","221282","2025-11-25","36.00","NZD","1761598197","23477/2025-11-25/1761598197.json"
"512557","146154","2025-11-25","45.00","NZD","1761598197","23477/2025-11-25/1761598197.json"
"365170","146153","2025-11-25","48.00","NZD","1761598197","23477/2025-11-25/1761598197.json"
"510807","146155","2025-11-25","52.00","NZD","1761598197","23477/2025-11-25/1761598197.json"
"581513","221281","2025-11-28","36.00","NZD","1761598197","23477/2025-11-28/1761598197.json"
"581514","221282","2025-11-28","36.00","NZD","1761598197","23477/2025-11-28/1761598197.json"
"512557","146154","2025-11-28","45.00","NZD","1761598197","23477/2025-11-28/1761598197.json"
"365170","146153","2025-11-28","48.00","NZD","1761598197","23477/2025-11-28/1761598197.json"
"510807","146155","2025-11-28","52.00","NZD","1761598197","23477/2025-11-28/1761598197.json"
"581513","221281","2025-11-29","36.00","NZD","1761598197","23477/2025-11-29/1761598197.json"
"581514","221282","2025-11-29","36.00","NZD","1761598197","23477/2025-11-29/1761598197.json"
"512557","146154","2025-11-29","45.00","NZD","1761598197","23477/2025-11-29/1761598197.json"
"365170","146153","2025-11-29","48.00","NZD","1761598197","23477/2025-11-29/1761598197.json"
"510807","146155","2025-11-29","52.00","NZD","1761598197","23477/2025-11-29/1761598197.json"
"581513","221281","2025-12-02","36.00","NZD","1761598197","23477/2025-12-02/1761598197.json"
"581514","221282","2025-12-02","36.00","NZD","1761598197","23477/2025-12-02/1761598197.json"
"512557","146154","2025-12-02","45.00","NZD","1761598197","23477/2025-12-02/1761598197.json"
"365170","146153","2025-12-02","48.00","NZD","1761598197","23477/2025-12-02/1761598197.json"
"510807","146155","2025-12-02","52.00","NZD","1761598197","23477/2025-12-02/1761598197.json"
"581513","221281","2025-12-01","36.00","NZD","1761598197","23477/2025-12-01/1761598197.json"
"581514","221282","2025-12-01","36.00","NZD","1761598197","23477/2025-12-01/1761598197.json"
"512557","146154","2025-12-01","45.00","NZD","1761598197","23477/2025-12-01/1761598197.json"
"365170","146153","2025-12-01","48.00","NZD","1761598197","23477/2025-12-01/1761598197.json"
"510807","146155","2025-12-01","52.00","NZD","1761598197","23477/2025-12-01/1761598197.json"
"581513","221281","2025-11-30","36.00","NZD","1761598197","23477/2025-11-30/1761598197.json"
"581514","221282","2025-11-30","36.00","NZD","1761598197","23477/2025-11-30/1761598197.json"
"512557","146154","2025-11-30","45.00","NZD","1761598197","23477/2025-11-30/1761598197.json"
"365170","146153","2025-11-30","48.00","NZD","1761598197","23477/2025-11-30/1761598197.json"
"510807","146155","2025-11-30","52.00","NZD","1761598197","23477/2025-11-30/1761598197.json"
"581513","221281","2025-12-04","36.00","NZD","1761598197","23477/2025-12-04/1761598197.json"
"581514","221282","2025-12-04","36.00","NZD","1761598197","23477/2025-12-04/1761598197.json"
"512557","146154","2025-12-04","45.00","NZD","1761598197","23477/2025-12-04/1761598197.json"
"365170","146153","2025-12-04","48.00","NZD","1761598197","23477/2025-12-04/1761598197.json"
"510807","146155","2025-12-04","52.00","NZD","1761598197","23477/2025-12-04/1761598197.json"
"581513","221281","2025-12-03","36.00","NZD","1761598197","23477/2025-12-03/1761598197.json"
"581514","221282","2025-12-03","36.00","NZD","1761598197","23477/2025-12-03/1761598197.json"
"512557","146154","2025-12-03","45.00","NZD","1761598197","23477/2025-12-03/1761598197.json"
"365170","146153","2025-12-03","48.00","NZD","1761598197","23477/2025-12-03/1761598197.json"
"510807","146155","2025-12-03","52.00","NZD","1761598197","23477/2025-12-03/1761598197.json"
"581513","221281","2025-12-06","36.00","NZD","1761598197","23477/2025-12-06/1761598197.json"
"581514","221282","2025-12-06","36.00","NZD","1761598197","23477/2025-12-06/1761598197.json"
"512557","146154","2025-12-06","45.00","NZD","1761598197","23477/2025-12-06/1761598197.json"
"365170","146153","2025-12-06","48.00","NZD","1761598197","23477/2025-12-06/1761598197.json"
"510807","146155","2025-12-06","52.00","NZD","1761598197","23477/2025-12-06/1761598197.json"
"581513","221281","2025-12-05","36.00","NZD","1761598197","23477/2025-12-05/1761598197.json"
"581514","221282","2025-12-05","36.00","NZD","1761598197","23477/2025-12-05/1761598197.json"
"512557","146154","2025-12-05","45.00","NZD","1761598197","23477/2025-12-05/1761598197.json"
"365170","146153","2025-12-05","48.00","NZD","1761598197","23477/2025-12-05/1761598197.json"
"510807","146155","2025-12-05","52.00","NZD","1761598197","23477/2025-12-05/1761598197.json"
"581513","221281","2025-12-08","36.00","NZD","1761598197","23477/2025-12-08/1761598197.json"
"581514","221282","2025-12-08","36.00","NZD","1761598197","23477/2025-12-08/1761598197.json"
"512557","146154","2025-12-08","45.00","NZD","1761598197","23477/2025-12-08/1761598197.json"
"365170","146153","2025-12-08","48.00","NZD","1761598197","23477/2025-12-08/1761598197.json"
"510807","146155","2025-12-08","52.00","NZD","1761598197","23477/2025-12-08/1761598197.json"
"581513","221281","2025-12-07","36.00","NZD","1761598197","23477/2025-12-07/1761598197.json"
"581514","221282","2025-12-07","36.00","NZD","1761598197","23477/2025-12-07/1761598197.json"
"512557","146154","2025-12-07","45.00","NZD","1761598197","23477/2025-12-07/1761598197.json"
"365170","146153","2025-12-07","48.00","NZD","1761598197","23477/2025-12-07/1761598197.json"
"510807","146155","2025-12-07","52.00","NZD","1761598197","23477/2025-12-07/1761598197.json"
"581513","221281","2025-12-09","36.00","NZD","1761598197","23477/2025-12-09/1761598197.json"
"581514","221282","2025-12-09","36.00","NZD","1761598197","23477/2025-12-09/1761598197.json"
"512557","146154","2025-12-09","45.00","NZD","1761598197","23477/2025-12-09/1761598197.json"
"365170","146153","2025-12-09","48.00","NZD","1761598197","23477/2025-12-09/1761598197.json"
"510807","146155","2025-12-09","52.00","NZD","1761598197","23477/2025-12-09/1761598197.json"
"581513","221281","2025-12-10","36.00","NZD","1761598197","23477/2025-12-10/1761598197.json"
"581514","221282","2025-12-10","36.00","NZD","1761598197","23477/2025-12-10/1761598197.json"
"512557","146154","2025-12-10","45.00","NZD","1761598197","23477/2025-12-10/1761598197.json"
"365170","146153","2025-12-10","48.00","NZD","1761598197","23477/2025-12-10/1761598197.json"
"510807","146155","2025-12-10","52.00","NZD","1761598197","23477/2025-12-10/1761598197.json"
"581513","221281","2025-12-11","36.00","NZD","1761598197","23477/2025-12-11/1761598197.json"
"581514","221282","2025-12-11","36.00","NZD","1761598197","23477/2025-12-11/1761598197.json"
"512557","146154","2025-12-11","45.00","NZD","1761598197","23477/2025-12-11/1761598197.json"
"365170","146153","2025-12-11","48.00","NZD","1761598197","23477/2025-12-11/1761598197.json"
"510807","146155","2025-12-11","52.00","NZD","1761598197","23477/2025-12-11/1761598197.json"
"581513","221281","2025-12-12","36.00","NZD","1761598197","23477/2025-12-12/1761598197.json"
"581514","221282","2025-12-12","36.00","NZD","1761598197","23477/2025-12-12/1761598197.json"
"512557","146154","2025-12-12","45.00","NZD","1761598197","23477/2025-12-12/1761598197.json"
"365170","146153","2025-12-12","48.00","NZD","1761598197","23477/2025-12-12/1761598197.json"
"510807","146155","2025-12-12","52.00","NZD","1761598197","23477/2025-12-12/1761598197.json"
"581513","221281","2025-12-13","36.00","NZD","1761598197","23477/2025-12-13/1761598197.json"
"581514","221282","2025-12-13","36.00","NZD","1761598197","23477/2025-12-13/1761598197.json"
"512557","146154","2025-12-13","45.00","NZD","1761598197","23477/2025-12-13/1761598197.json"
"365170","146153","2025-12-13","48.00","NZD","1761598197","23477/2025-12-13/1761598197.json"
"510807","146155","2025-12-13","52.00","NZD","1761598197","23477/2025-12-13/1761598197.json"
"581513","221281","2025-12-14","36.00","NZD","1761598197","23477/2025-12-14/1761598197.json"
"581514","221282","2025-12-14","36.00","NZD","1761598197","23477/2025-12-14/1761598197.json"
"512557","146154","2025-12-14","45.00","NZD","1761598197","23477/2025-12-14/1761598197.json"
"365170","146153","2025-12-14","48.00","NZD","1761598197","23477/2025-12-14/1761598197.json"
"510807","146155","2025-12-14","52.00","NZD","1761598197","23477/2025-12-14/1761598197.json"
"581513","221281","2025-12-15","36.00","NZD","1761598197","23477/2025-12-15/1761598197.json"
"581514","221282","2025-12-15","36.00","NZD","1761598197","23477/2025-12-15/1761598197.json"
"512557","146154","2025-12-15","45.00","NZD","1761598197","23477/2025-12-15/1761598197.json"
"365170","146153","2025-12-15","48.00","NZD","1761598197","23477/2025-12-15/1761598197.json"
"510807","146155","2025-12-15","52.00","NZD","1761598197","23477/2025-12-15/1761598197.json"
"581513","221281","2025-12-16","36.00","NZD","1761598197","23477/2025-12-16/1761598197.json"
"581514","221282","2025-12-16","36.00","NZD","1761598197","23477/2025-12-16/1761598197.json"
"512557","146154","2025-12-16","45.00","NZD","1761598197","23477/2025-12-16/1761598197.json"
"365170","146153","2025-12-16","48.00","NZD","1761598197","23477/2025-12-16/1761598197.json"
"510807","146155","2025-12-16","52.00","NZD","1761598197","23477/2025-12-16/1761598197.json"
"581513","221281","2025-12-17","36.00","NZD","1761598197","23477/2025-12-17/1761598197.json"
"581514","221282","2025-12-17","36.00","NZD","1761598197","23477/2025-12-17/1761598197.json"
"512557","146154","2025-12-17","45.00","NZD","1761598197","23477/2025-12-17/1761598197.json"
"365170","146153","2025-12-17","48.00","NZD","1761598197","23477/2025-12-17/1761598197.json"
"510807","146155","2025-12-17","52.00","NZD","1761598197","23477/2025-12-17/1761598197.json"
"581513","221281","2025-12-18","36.00","NZD","1761598197","23477/2025-12-18/1761598197.json"
"581514","221282","2025-12-18","36.00","NZD","1761598197","23477/2025-12-18/1761598197.json"
"512557","146154","2025-12-18","45.00","NZD","1761598197","23477/2025-12-18/1761598197.json"
"365170","146153","2025-12-18","48.00","NZD","1761598197","23477/2025-12-18/1761598197.json"
"510807","146155","2025-12-18","52.00","NZD","1761598197","23477/2025-12-18/1761598197.json"
"581513","221281","2025-12-21","36.00","NZD","1761598197","23477/2025-12-21/1761598197.json"
"581514","221282","2025-12-21","36.00","NZD","1761598197","23477/2025-12-21/1761598197.json"
"512557","146154","2025-12-21","45.00","NZD","1761598197","23477/2025-12-21/1761598197.json"
"365170","146153","2025-12-21","48.00","NZD","1761598197","23477/2025-12-21/1761598197.json"
"510807","146155","2025-12-21","52.00","NZD","1761598197","23477/2025-12-21/1761598197.json"
"581513","221281","2025-12-19","36.00","NZD","1761598197","23477/2025-12-19/1761598197.json"
"581513","221281","2025-12-20","36.00","NZD","1761598197","23477/2025-12-20/1761598197.json"
"581514","221282","2025-12-19","36.00","NZD","1761598197","23477/2025-12-19/1761598197.json"
"581514","221282","2025-12-20","36.00","NZD","1761598197","23477/2025-12-20/1761598197.json"
"512557","146154","2025-12-19","45.00","NZD","1761598197","23477/2025-12-19/1761598197.json"
"512557","146154","2025-12-20","45.00","NZD","1761598197","23477/2025-12-20/1761598197.json"
"365170","146153","2025-12-20","48.00","NZD","1761598197","23477/2025-12-20/1761598197.json"
"365170","146153","2025-12-19","48.00","NZD","1761598197","23477/2025-12-19/1761598197.json"
"510807","146155","2025-12-20","52.00","NZD","1761598197","23477/2025-12-20/1761598197.json"
"510807","146155","2025-12-19","52.00","NZD","1761598197","23477/2025-12-19/1761598197.json"
"581513","221281","2025-12-22","36.00","NZD","1761598197","23477/2025-12-22/1761598197.json"
"581514","221282","2025-12-22","36.00","NZD","1761598197","23477/2025-12-22/1761598197.json"
"512557","146154","2025-12-22","45.00","NZD","1761598197","23477/2025-12-22/1761598197.json"
"365170","146153","2025-12-22","48.00","NZD","1761598197","23477/2025-12-22/1761598197.json"
"510807","146155","2025-12-22","52.00","NZD","1761598197","23477/2025-12-22/1761598197.json"
"581513","221281","2025-12-24","38.00","NZD","1761598197","23477/2025-12-24/1761598197.json"
"581514","221282","2025-12-24","38.00","NZD","1761598197","23477/2025-12-24/1761598197.json"
"512557","146154","2025-12-24","45.00","NZD","1761598197","23477/2025-12-24/1761598197.json"
"365170","146153","2025-12-24","48.00","NZD","1761598197","23477/2025-12-24/1761598197.json"
"510807","146155","2025-12-24","52.00","NZD","1761598197","23477/2025-12-24/1761598197.json"
"581513","221281","2025-12-23","38.00","NZD","1761598197","23477/2025-12-23/1761598197.json"
"581514","221282","2025-12-23","38.00","NZD","1761598197","23477/2025-12-23/1761598197.json"
"512557","146154","2025-12-23","45.00","NZD","1761598197","23477/2025-12-23/1761598197.json"
"365170","146153","2025-12-23","48.00","NZD","1761598197","23477/2025-12-23/1761598197.json"
"510807","146155","2025-12-23","52.00","NZD","1761598197","23477/2025-12-23/1761598197.json"
"581513","221281","2025-12-25","38.00","NZD","1761598197","23477/2025-12-25/1761598197.json"
"581514","221282","2025-12-25","38.00","NZD","1761598197","23477/2025-12-25/1761598197.json"
"512557","146154","2025-12-25","45.00","NZD","1761598197","23477/2025-12-25/1761598197.json"
"365170","146153","2025-12-25","48.00","NZD","1761598197","23477/2025-12-25/1761598197.json"
"510807","146155","2025-12-25","52.00","NZD","1761598197","23477/2025-12-25/1761598197.json"
"581513","221281","2025-12-26","42.00","NZD","1761598197","23477/2025-12-26/1761598197.json"
"581514","221282","2025-12-26","42.00","NZD","1761598197","23477/2025-12-26/1761598197.json"
"512557","146154","2025-12-26","45.00","NZD","1761598197","23477/2025-12-26/1761598197.json"
"365170","146153","2025-12-26","48.00","NZD","1761598197","23477/2025-12-26/1761598197.json"
"510807","146155","2025-12-26","52.00","NZD","1761598197","23477/2025-12-26/1761598197.json"
"581513","221281","2025-10-30","36.00","NZD","1761623173","23477/2025-10-30/1761623173.json"
"581514","221282","2025-10-30","36.00","NZD","1761623173","23477/2025-10-30/1761623173.json"
"512557","146154","2025-10-30","45.00","NZD","1761623173","23477/2025-10-30/1761623173.json"
"365170","146153","2025-10-30","48.00","NZD","1761623173","23477/2025-10-30/1761623173.json"
"510807","146155","2025-10-30","52.00","NZD","1761623173","23477/2025-10-30/1761623173.json"
"581513","221281","2025-10-29","36.00","NZD","1761623173","23477/2025-10-29/1761623173.json"
"581514","221282","2025-10-29","36.00","NZD","1761623173","23477/2025-10-29/1761623173.json"
"512557","146154","2025-10-29","45.00","NZD","1761623173","23477/2025-10-29/1761623173.json"
"365170","146153","2025-10-29","48.00","NZD","1761623173","23477/2025-10-29/1761623173.json"
"510807","146155","2025-10-29","52.00","NZD","1761623173","23477/2025-10-29/1761623173.json"
"581513","221281","2025-10-28","36.00","NZD","1761623173","23477/2025-10-28/1761623173.json"
"581514","221282","2025-10-28","36.00","NZD","1761623173","23477/2025-10-28/1761623173.json"
"512557","146154","2025-10-28","45.00","NZD","1761623173","23477/2025-10-28/1761623173.json"
"365170","146153","2025-10-28","48.00","NZD","1761623173","23477/2025-10-28/1761623173.json"
"510807","146155","2025-10-28","52.00","NZD","1761623173","23477/2025-10-28/1761623173.json"
"581513","221281","2025-10-31","36.00","NZD","1761623173","23477/2025-10-31/1761623173.json"
"581514","221282","2025-10-31","36.00","NZD","1761623173","23477/2025-10-31/1761623173.json"
"512557","146154","2025-10-31","45.00","NZD","1761623173","23477/2025-10-31/1761623173.json"
"365170","146153","2025-10-31","48.00","NZD","1761623173","23477/2025-10-31/1761623173.json"
"510807","146155","2025-10-31","52.00","NZD","1761623173","23477/2025-10-31/1761623173.json"
"581513","221281","2025-11-02","36.00","NZD","1761623173","23477/2025-11-02/1761623173.json"
"581514","221282","2025-11-02","36.00","NZD","1761623173","23477/2025-11-02/1761623173.json"
"512557","146154","2025-11-02","45.00","NZD","1761623173","23477/2025-11-02/1761623173.json"
"365170","146153","2025-11-02","48.00","NZD","1761623173","23477/2025-11-02/1761623173.json"
"510807","146155","2025-11-02","52.00","NZD","1761623173","23477/2025-11-02/1761623173.json"
"581513","221281","2025-11-03","36.00","NZD","1761623173","23477/2025-11-03/1761623173.json"
"581514","221282","2025-11-03","36.00","NZD","1761623173","23477/2025-11-03/1761623173.json"
"512557","146154","2025-11-03","45.00","NZD","1761623173","23477/2025-11-03/1761623173.json"
"365170","146153","2025-11-03","48.00","NZD","1761623173","23477/2025-11-03/1761623173.json"
"510807","146155","2025-11-03","52.00","NZD","1761623173","23477/2025-11-03/1761623173.json"
"581513","221281","2025-11-04","36.00","NZD","1761623173","23477/2025-11-04/1761623173.json"
"581514","221282","2025-11-04","36.00","NZD","1761623173","23477/2025-11-04/1761623173.json"
"512557","146154","2025-11-04","45.00","NZD","1761623173","23477/2025-11-04/1761623173.json"
"365170","146153","2025-11-04","48.00","NZD","1761623173","23477/2025-11-04/1761623173.json"
"510807","146155","2025-11-04","52.00","NZD","1761623173","23477/2025-11-04/1761623173.json"
"581513","221281","2025-11-05","36.00","NZD","1761623173","23477/2025-11-05/1761623173.json"
"581514","221282","2025-11-05","36.00","NZD","1761623173","23477/2025-11-05/1761623173.json"
"512557","146154","2025-11-05","45.00","NZD","1761623173","23477/2025-11-05/1761623173.json"
"365170","146153","2025-11-05","48.00","NZD","1761623173","23477/2025-11-05/1761623173.json"
"510807","146155","2025-11-05","52.00","NZD","1761623173","23477/2025-11-05/1761623173.json"
"581513","221281","2025-11-01","36.00","NZD","1761623173","23477/2025-11-01/1761623173.json"
"581514","221282","2025-11-01","36.00","NZD","1761623173","23477/2025-11-01/1761623173.json"
"512557","146154","2025-11-01","45.00","NZD","1761623173","23477/2025-11-01/1761623173.json"
"365170","146153","2025-11-01","48.00","NZD","1761623173","23477/2025-11-01/1761623173.json"
"510807","146155","2025-11-01","52.00","NZD","1761623173","23477/2025-11-01/1761623173.json"
"581513","221281","2025-11-06","36.00","NZD","1761623173","23477/2025-11-06/1761623173.json"
"581514","221282","2025-11-06","36.00","NZD","1761623173","23477/2025-11-06/1761623173.json"
"512557","146154","2025-11-06","45.00","NZD","1761623173","23477/2025-11-06/1761623173.json"
"365170","146153","2025-11-06","48.00","NZD","1761623173","23477/2025-11-06/1761623173.json"
"510807","146155","2025-11-06","52.00","NZD","1761623173","23477/2025-11-06/1761623173.json"
"581513","221281","2025-11-07","36.00","NZD","1761623173","23477/2025-11-07/1761623173.json"
"581514","221282","2025-11-07","36.00","NZD","1761623173","23477/2025-11-07/1761623173.json"
"512557","146154","2025-11-07","45.00","NZD","1761623173","23477/2025-11-07/1761623173.json"
"365170","146153","2025-11-07","48.00","NZD","1761623173","23477/2025-11-07/1761623173.json"
"510807","146155","2025-11-07","52.00","NZD","1761623173","23477/2025-11-07/1761623173.json"
"581513","221281","2025-11-09","36.00","NZD","1761623173","23477/2025-11-09/1761623173.json"
"581514","221282","2025-11-09","36.00","NZD","1761623173","23477/2025-11-09/1761623173.json"
"512557","146154","2025-11-09","45.00","NZD","1761623173","23477/2025-11-09/1761623173.json"
"365170","146153","2025-11-09","48.00","NZD","1761623173","23477/2025-11-09/1761623173.json"
"510807","146155","2025-11-09","52.00","NZD","1761623173","23477/2025-11-09/1761623173.json"
"581513","221281","2025-11-10","36.00","NZD","1761623173","23477/2025-11-10/1761623173.json"
"581514","221282","2025-11-10","36.00","NZD","1761623173","23477/2025-11-10/1761623173.json"
"512557","146154","2025-11-10","45.00","NZD","1761623173","23477/2025-11-10/1761623173.json"
"365170","146153","2025-11-10","48.00","NZD","1761623173","23477/2025-11-10/1761623173.json"
"510807","146155","2025-11-10","52.00","NZD","1761623173","23477/2025-11-10/1761623173.json"
"581513","221281","2025-11-08","36.00","NZD","1761623173","23477/2025-11-08/1761623173.json"
"581514","221282","2025-11-08","36.00","NZD","1761623173","23477/2025-11-08/1761623173.json"
"512557","146154","2025-11-08","45.00","NZD","1761623173","23477/2025-11-08/1761623173.json"
"365170","146153","2025-11-08","48.00","NZD","1761623173","23477/2025-11-08/1761623173.json"
"510807","146155","2025-11-08","52.00","NZD","1761623173","23477/2025-11-08/1761623173.json"
"581513","221281","2025-11-11","36.00","NZD","1761623173","23477/2025-11-11/1761623173.json"
"581514","221282","2025-11-11","36.00","NZD","1761623173","23477/2025-11-11/1761623173.json"
"512557","146154","2025-11-11","45.00","NZD","1761623173","23477/2025-11-11/1761623173.json"
"365170","146153","2025-11-11","48.00","NZD","1761623173","23477/2025-11-11/1761623173.json"
"510807","146155","2025-11-11","52.00","NZD","1761623173","23477/2025-11-11/1761623173.json"
"581513","221281","2025-11-12","36.00","NZD","1761623173","23477/2025-11-12/1761623173.json"
"581514","221282","2025-11-12","36.00","NZD","1761623173","23477/2025-11-12/1761623173.json"
"512557","146154","2025-11-12","45.00","NZD","1761623173","23477/2025-11-12/1761623173.json"
"365170","146153","2025-11-12","48.00","NZD","1761623173","23477/2025-11-12/1761623173.json"
"510807","146155","2025-11-12","52.00","NZD","1761623173","23477/2025-11-12/1761623173.json"
"581513","221281","2025-11-13","36.00","NZD","1761623173","23477/2025-11-13/1761623173.json"
"581514","221282","2025-11-13","36.00","NZD","1761623173","23477/2025-11-13/1761623173.json"
"512557","146154","2025-11-13","45.00","NZD","1761623173","23477/2025-11-13/1761623173.json"
"365170","146153","2025-11-13","48.00","NZD","1761623173","23477/2025-11-13/1761623173.json"
"510807","146155","2025-11-13","52.00","NZD","1761623173","23477/2025-11-13/1761623173.json"
"581513","221281","2025-11-14","36.00","NZD","1761623173","23477/2025-11-14/1761623173.json"
"581514","221282","2025-11-14","36.00","NZD","1761623173","23477/2025-11-14/1761623173.json"
"512557","146154","2025-11-14","45.00","NZD","1761623173","23477/2025-11-14/1761623173.json"
"365170","146153","2025-11-14","48.00","NZD","1761623173","23477/2025-11-14/1761623173.json"
"510807","146155","2025-11-14","52.00","NZD","1761623173","23477/2025-11-14/1761623173.json"
"581513","221281","2025-11-15","36.00","NZD","1761623173","23477/2025-11-15/1761623173.json"
"581514","221282","2025-11-15","36.00","NZD","1761623173","23477/2025-11-15/1761623173.json"
"512557","146154","2025-11-15","45.00","NZD","1761623173","23477/2025-11-15/1761623173.json"
"365170","146153","2025-11-15","48.00","NZD","1761623173","23477/2025-11-15/1761623173.json"
"510807","146155","2025-11-15","52.00","NZD","1761623173","23477/2025-11-15/1761623173.json"
"581513","221281","2025-11-16","36.00","NZD","1761623173","23477/2025-11-16/1761623173.json"
"581514","221282","2025-11-16","36.00","NZD","1761623173","23477/2025-11-16/1761623173.json"
"512557","146154","2025-11-16","45.00","NZD","1761623173","23477/2025-11-16/1761623173.json"
"365170","146153","2025-11-16","48.00","NZD","1761623173","23477/2025-11-16/1761623173.json"
"510807","146155","2025-11-16","52.00","NZD","1761623173","23477/2025-11-16/1761623173.json"
"581513","221281","2025-11-17","36.00","NZD","1761623173","23477/2025-11-17/1761623173.json"
"581514","221282","2025-11-17","36.00","NZD","1761623173","23477/2025-11-17/1761623173.json"
"512557","146154","2025-11-17","45.00","NZD","1761623173","23477/2025-11-17/1761623173.json"
"365170","146153","2025-11-17","48.00","NZD","1761623173","23477/2025-11-17/1761623173.json"
"510807","146155","2025-11-17","52.00","NZD","1761623173","23477/2025-11-17/1761623173.json"
"581513","221281","2025-11-18","36.00","NZD","1761623173","23477/2025-11-18/1761623173.json"
"581514","221282","2025-11-18","36.00","NZD","1761623173","23477/2025-11-18/1761623173.json"
"512557","146154","2025-11-18","45.00","NZD","1761623173","23477/2025-11-18/1761623173.json"
"365170","146153","2025-11-18","48.00","NZD","1761623173","23477/2025-11-18/1761623173.json"
"510807","146155","2025-11-18","52.00","NZD","1761623173","23477/2025-11-18/1761623173.json"
"581513","221281","2025-11-19","36.00","NZD","1761623173","23477/2025-11-19/1761623173.json"
"581514","221282","2025-11-19","36.00","NZD","1761623173","23477/2025-11-19/1761623173.json"
"512557","146154","2025-11-19","45.00","NZD","1761623173","23477/2025-11-19/1761623173.json"
"365170","146153","2025-11-19","48.00","NZD","1761623173","23477/2025-11-19/1761623173.json"
"510807","146155","2025-11-19","52.00","NZD","1761623173","23477/2025-11-19/1761623173.json"
"581513","221281","2025-11-20","36.00","NZD","1761623173","23477/2025-11-20/1761623173.json"
"581514","221282","2025-11-20","36.00","NZD","1761623173","23477/2025-11-20/1761623173.json"
"512557","146154","2025-11-20","45.00","NZD","1761623173","23477/2025-11-20/1761623173.json"
"581513","221281","2025-11-21","36.00","NZD","1761623173","23477/2025-11-21/1761623173.json"
"581514","221282","2025-11-21","36.00","NZD","1761623173","23477/2025-11-21/1761623173.json"
"512557","146154","2025-11-21","45.00","NZD","1761623173","23477/2025-11-21/1761623173.json"
"365170","146153","2025-11-21","48.00","NZD","1761623173","23477/2025-11-21/1761623173.json"
"510807","146155","2025-11-21","52.00","NZD","1761623173","23477/2025-11-21/1761623173.json"
"581513","221281","2025-11-23","36.00","NZD","1761623173","23477/2025-11-23/1761623173.json"
"581514","221282","2025-11-23","36.00","NZD","1761623173","23477/2025-11-23/1761623173.json"
"512557","146154","2025-11-23","45.00","NZD","1761623173","23477/2025-11-23/1761623173.json"
"365170","146153","2025-11-23","48.00","NZD","1761623173","23477/2025-11-23/1761623173.json"
"510807","146155","2025-11-23","52.00","NZD","1761623173","23477/2025-11-23/1761623173.json"
"581513","221281","2025-11-22","36.00","NZD","1761623173","23477/2025-11-22/1761623173.json"
"581514","221282","2025-11-22","36.00","NZD","1761623173","23477/2025-11-22/1761623173.json"
"512557","146154","2025-11-22","45.00","NZD","1761623173","23477/2025-11-22/1761623173.json"
"365170","146153","2025-11-22","48.00","NZD","1761623173","23477/2025-11-22/1761623173.json"
"510807","146155","2025-11-22","52.00","NZD","1761623173","23477/2025-11-22/1761623173.json"
"581513","221281","2025-11-24","36.00","NZD","1761623173","23477/2025-11-24/1761623173.json"
"581514","221282","2025-11-24","36.00","NZD","1761623173","23477/2025-11-24/1761623173.json"
"512557","146154","2025-11-24","45.00","NZD","1761623173","23477/2025-11-24/1761623173.json"
"365170","146153","2025-11-24","48.00","NZD","1761623173","23477/2025-11-24/1761623173.json"
"510807","146155","2025-11-24","52.00","NZD","1761623173","23477/2025-11-24/1761623173.json"
"581513","221281","2025-11-25","36.00","NZD","1761623173","23477/2025-11-25/1761623173.json"
"581514","221282","2025-11-25","36.00","NZD","1761623173","23477/2025-11-25/1761623173.json"
"512557","146154","2025-11-25","45.00","NZD","1761623173","23477/2025-11-25/1761623173.json"
"365170","146153","2025-11-25","48.00","NZD","1761623173","23477/2025-11-25/1761623173.json"
"510807","146155","2025-11-25","52.00","NZD","1761623173","23477/2025-11-25/1761623173.json"
"581513","221281","2025-11-27","36.00","NZD","1761623173","23477/2025-11-27/1761623173.json"
"581514","221282","2025-11-27","36.00","NZD","1761623173","23477/2025-11-27/1761623173.json"
"512557","146154","2025-11-27","45.00","NZD","1761623173","23477/2025-11-27/1761623173.json"
"365170","146153","2025-11-27","48.00","NZD","1761623173","23477/2025-11-27/1761623173.json"
"510807","146155","2025-11-27","52.00","NZD","1761623173","23477/2025-11-27/1761623173.json"
"581513","221281","2025-11-26","36.00","NZD","1761623173","23477/2025-11-26/1761623173.json"
"581514","221282","2025-11-26","36.00","NZD","1761623173","23477/2025-11-26/1761623173.json"
"512557","146154","2025-11-26","45.00","NZD","1761623173","23477/2025-11-26/1761623173.json"
"365170","146153","2025-11-26","48.00","NZD","1761623173","23477/2025-11-26/1761623173.json"
"510807","146155","2025-11-26","52.00","NZD","1761623173","23477/2025-11-26/1761623173.json"
"581513","221281","2025-11-29","36.00","NZD","1761623173","23477/2025-11-29/1761623173.json"
"581514","221282","2025-11-29","36.00","NZD","1761623173","23477/2025-11-29/1761623173.json"
"512557","146154","2025-11-29","45.00","NZD","1761623173","23477/2025-11-29/1761623173.json"
"365170","146153","2025-11-29","48.00","NZD","1761623173","23477/2025-11-29/1761623173.json"
"510807","146155","2025-11-29","52.00","NZD","1761623173","23477/2025-11-29/1761623173.json"
"581513","221281","2025-11-28","36.00","NZD","1761623173","23477/2025-11-28/1761623173.json"
"581514","221282","2025-11-28","36.00","NZD","1761623173","23477/2025-11-28/1761623173.json"
"512557","146154","2025-11-28","45.00","NZD","1761623173","23477/2025-11-28/1761623173.json"
"365170","146153","2025-11-28","48.00","NZD","1761623173","23477/2025-11-28/1761623173.json"
"510807","146155","2025-11-28","52.00","NZD","1761623173","23477/2025-11-28/1761623173.json"
"581513","221281","2025-11-30","36.00","NZD","1761623173","23477/2025-11-30/1761623173.json"
"581514","221282","2025-11-30","36.00","NZD","1761623173","23477/2025-11-30/1761623173.json"
"512557","146154","2025-11-30","45.00","NZD","1761623173","23477/2025-11-30/1761623173.json"
"365170","146153","2025-11-30","48.00","NZD","1761623173","23477/2025-11-30/1761623173.json"
"510807","146155","2025-11-30","52.00","NZD","1761623173","23477/2025-11-30/1761623173.json"
"581513","221281","2025-12-02","36.00","NZD","1761623173","23477/2025-12-02/1761623173.json"
"581514","221282","2025-12-02","36.00","NZD","1761623173","23477/2025-12-02/1761623173.json"
"512557","146154","2025-12-02","45.00","NZD","1761623173","23477/2025-12-02/1761623173.json"
"365170","146153","2025-12-02","48.00","NZD","1761623173","23477/2025-12-02/1761623173.json"
"510807","146155","2025-12-02","52.00","NZD","1761623173","23477/2025-12-02/1761623173.json"
"581513","221281","2025-12-03","36.00","NZD","1761623173","23477/2025-12-03/1761623173.json"
"581514","221282","2025-12-03","36.00","NZD","1761623173","23477/2025-12-03/1761623173.json"
"512557","146154","2025-12-03","45.00","NZD","1761623173","23477/2025-12-03/1761623173.json"
"365170","146153","2025-12-03","48.00","NZD","1761623173","23477/2025-12-03/1761623173.json"
"510807","146155","2025-12-03","52.00","NZD","1761623173","23477/2025-12-03/1761623173.json"
"581513","221281","2025-12-04","36.00","NZD","1761623173","23477/2025-12-04/1761623173.json"
"581514","221282","2025-12-04","36.00","NZD","1761623173","23477/2025-12-04/1761623173.json"
"512557","146154","2025-12-04","45.00","NZD","1761623173","23477/2025-12-04/1761623173.json"
"365170","146153","2025-12-04","48.00","NZD","1761623173","23477/2025-12-04/1761623173.json"
"510807","146155","2025-12-04","52.00","NZD","1761623173","23477/2025-12-04/1761623173.json"
"581513","221281","2025-12-05","36.00","NZD","1761623173","23477/2025-12-05/1761623173.json"
"581514","221282","2025-12-05","36.00","NZD","1761623173","23477/2025-12-05/1761623173.json"
"512557","146154","2025-12-05","45.00","NZD","1761623173","23477/2025-12-05/1761623173.json"
"365170","146153","2025-12-05","48.00","NZD","1761623173","23477/2025-12-05/1761623173.json"
"510807","146155","2025-12-05","52.00","NZD","1761623173","23477/2025-12-05/1761623173.json"
"581513","221281","2025-12-06","36.00","NZD","1761623173","23477/2025-12-06/1761623173.json"
"581514","221282","2025-12-06","36.00","NZD","1761623173","23477/2025-12-06/1761623173.json"
"512557","146154","2025-12-06","45.00","NZD","1761623173","23477/2025-12-06/1761623173.json"
"365170","146153","2025-12-06","48.00","NZD","1761623173","23477/2025-12-06/1761623173.json"
"510807","146155","2025-12-06","52.00","NZD","1761623173","23477/2025-12-06/1761623173.json"
"581513","221281","2025-12-07","36.00","NZD","1761623173","23477/2025-12-07/1761623173.json"
"581514","221282","2025-12-07","36.00","NZD","1761623173","23477/2025-12-07/1761623173.json"
"512557","146154","2025-12-07","45.00","NZD","1761623173","23477/2025-12-07/1761623173.json"
"365170","146153","2025-12-07","48.00","NZD","1761623173","23477/2025-12-07/1761623173.json"
"510807","146155","2025-12-07","52.00","NZD","1761623173","23477/2025-12-07/1761623173.json"
"581513","221281","2025-12-08","36.00","NZD","1761623173","23477/2025-12-08/1761623173.json"
"581514","221282","2025-12-08","36.00","NZD","1761623173","23477/2025-12-08/1761623173.json"
"512557","146154","2025-12-08","45.00","NZD","1761623173","23477/2025-12-08/1761623173.json"
"365170","146153","2025-12-08","48.00","NZD","1761623173","23477/2025-12-08/1761623173.json"
"510807","146155","2025-12-08","52.00","NZD","1761623173","23477/2025-12-08/1761623173.json"
"581513","221281","2025-12-10","36.00","NZD","1761623173","23477/2025-12-10/1761623173.json"
"581513","221281","2025-12-09","36.00","NZD","1761623173","23477/2025-12-09/1761623173.json"
"581514","221282","2025-12-10","36.00","NZD","1761623173","23477/2025-12-10/1761623173.json"
"581514","221282","2025-12-09","36.00","NZD","1761623173","23477/2025-12-09/1761623173.json"
"512557","146154","2025-12-10","45.00","NZD","1761623173","23477/2025-12-10/1761623173.json"
"365170","146153","2025-12-10","48.00","NZD","1761623173","23477/2025-12-10/1761623173.json"
"512557","146154","2025-12-09","45.00","NZD","1761623173","23477/2025-12-09/1761623173.json"
"510807","146155","2025-12-10","52.00","NZD","1761623173","23477/2025-12-10/1761623173.json"
"365170","146153","2025-12-09","48.00","NZD","1761623173","23477/2025-12-09/1761623173.json"
"510807","146155","2025-12-09","52.00","NZD","1761623173","23477/2025-12-09/1761623173.json"
"581513","221281","2025-12-11","36.00","NZD","1761623173","23477/2025-12-11/1761623173.json"
"581514","221282","2025-12-11","36.00","NZD","1761623173","23477/2025-12-11/1761623173.json"
"512557","146154","2025-12-11","45.00","NZD","1761623173","23477/2025-12-11/1761623173.json"
"365170","146153","2025-12-11","48.00","NZD","1761623173","23477/2025-12-11/1761623173.json"
"510807","146155","2025-12-11","52.00","NZD","1761623173","23477/2025-12-11/1761623173.json"
"581513","221281","2025-12-13","36.00","NZD","1761623173","23477/2025-12-13/1761623173.json"
"581514","221282","2025-12-13","36.00","NZD","1761623173","23477/2025-12-13/1761623173.json"
"512557","146154","2025-12-13","45.00","NZD","1761623173","23477/2025-12-13/1761623173.json"
"365170","146153","2025-12-13","48.00","NZD","1761623173","23477/2025-12-13/1761623173.json"
"510807","146155","2025-12-13","52.00","NZD","1761623173","23477/2025-12-13/1761623173.json"
"581513","221281","2025-12-12","36.00","NZD","1761623173","23477/2025-12-12/1761623173.json"
"581514","221282","2025-12-12","36.00","NZD","1761623173","23477/2025-12-12/1761623173.json"
"512557","146154","2025-12-12","45.00","NZD","1761623173","23477/2025-12-12/1761623173.json"
"365170","146153","2025-12-12","48.00","NZD","1761623173","23477/2025-12-12/1761623173.json"
"510807","146155","2025-12-12","52.00","NZD","1761623173","23477/2025-12-12/1761623173.json"
"581513","221281","2025-12-14","36.00","NZD","1761623173","23477/2025-12-14/1761623173.json"
"581514","221282","2025-12-14","36.00","NZD","1761623173","23477/2025-12-14/1761623173.json"
"512557","146154","2025-12-14","45.00","NZD","1761623173","23477/2025-12-14/1761623173.json"
"365170","146153","2025-12-14","48.00","NZD","1761623173","23477/2025-12-14/1761623173.json"
"510807","146155","2025-12-14","52.00","NZD","1761623173","23477/2025-12-14/1761623173.json"
"581513","221281","2025-12-01","36.00","NZD","1761623173","23477/2025-12-01/1761623173.json"
"581514","221282","2025-12-01","36.00","NZD","1761623173","23477/2025-12-01/1761623173.json"
"512557","146154","2025-12-01","45.00","NZD","1761623173","23477/2025-12-01/1761623173.json"
"365170","146153","2025-12-01","48.00","NZD","1761623173","23477/2025-12-01/1761623173.json"
"510807","146155","2025-12-01","52.00","NZD","1761623173","23477/2025-12-01/1761623173.json"
"581513","221281","2025-12-15","36.00","NZD","1761623173","23477/2025-12-15/1761623173.json"
"581514","221282","2025-12-15","36.00","NZD","1761623173","23477/2025-12-15/1761623173.json"
"512557","146154","2025-12-15","45.00","NZD","1761623173","23477/2025-12-15/1761623173.json"
"365170","146153","2025-12-15","48.00","NZD","1761623173","23477/2025-12-15/1761623173.json"
"510807","146155","2025-12-15","52.00","NZD","1761623173","23477/2025-12-15/1761623173.json"
"581513","221281","2025-12-16","36.00","NZD","1761623173","23477/2025-12-16/1761623173.json"
"581514","221282","2025-12-16","36.00","NZD","1761623173","23477/2025-12-16/1761623173.json"
"512557","146154","2025-12-16","45.00","NZD","1761623173","23477/2025-12-16/1761623173.json"
"365170","146153","2025-12-16","48.00","NZD","1761623173","23477/2025-12-16/1761623173.json"
"510807","146155","2025-12-16","52.00","NZD","1761623173","23477/2025-12-16/1761623173.json"
"581513","221281","2025-12-18","36.00","NZD","1761623173","23477/2025-12-18/1761623173.json"
"581514","221282","2025-12-18","36.00","NZD","1761623173","23477/2025-12-18/1761623173.json"
"512557","146154","2025-12-18","45.00","NZD","1761623173","23477/2025-12-18/1761623173.json"
"365170","146153","2025-12-18","48.00","NZD","1761623173","23477/2025-12-18/1761623173.json"
"510807","146155","2025-12-18","52.00","NZD","1761623173","23477/2025-12-18/1761623173.json"
"581513","221281","2025-12-17","36.00","NZD","1761623173","23477/2025-12-17/1761623173.json"
"581514","221282","2025-12-17","36.00","NZD","1761623173","23477/2025-12-17/1761623173.json"
"512557","146154","2025-12-17","45.00","NZD","1761623173","23477/2025-12-17/1761623173.json"
"365170","146153","2025-12-17","48.00","NZD","1761623173","23477/2025-12-17/1761623173.json"
"510807","146155","2025-12-17","52.00","NZD","1761623173","23477/2025-12-17/1761623173.json"
"581513","221281","2025-12-20","36.00","NZD","1761623173","23477/2025-12-20/1761623173.json"
"581514","221282","2025-12-20","36.00","NZD","1761623173","23477/2025-12-20/1761623173.json"
"512557","146154","2025-12-20","45.00","NZD","1761623173","23477/2025-12-20/1761623173.json"
"365170","146153","2025-12-20","48.00","NZD","1761623173","23477/2025-12-20/1761623173.json"
"510807","146155","2025-12-20","52.00","NZD","1761623173","23477/2025-12-20/1761623173.json"
"581513","221281","2025-12-19","36.00","NZD","1761623173","23477/2025-12-19/1761623173.json"
"581514","221282","2025-12-19","36.00","NZD","1761623173","23477/2025-12-19/1761623173.json"
"512557","146154","2025-12-19","45.00","NZD","1761623173","23477/2025-12-19/1761623173.json"
"365170","146153","2025-12-19","48.00","NZD","1761623173","23477/2025-12-19/1761623173.json"
"510807","146155","2025-12-19","52.00","NZD","1761623173","23477/2025-12-19/1761623173.json"
"581513","221281","2025-12-21","36.00","NZD","1761623173","23477/2025-12-21/1761623173.json"
"581514","221282","2025-12-21","36.00","NZD","1761623173","23477/2025-12-21/1761623173.json"
"512557","146154","2025-12-21","45.00","NZD","1761623173","23477/2025-12-21/1761623173.json"
"365170","146153","2025-12-21","48.00","NZD","1761623173","23477/2025-12-21/1761623173.json"
"510807","146155","2025-12-21","52.00","NZD","1761623173","23477/2025-12-21/1761623173.json"
"581513","221281","2025-12-22","36.00","NZD","1761623173","23477/2025-12-22/1761623173.json"
"581514","221282","2025-12-22","36.00","NZD","1761623173","23477/2025-12-22/1761623173.json"
"512557","146154","2025-12-22","45.00","NZD","1761623173","23477/2025-12-22/1761623173.json"
"365170","146153","2025-12-22","48.00","NZD","1761623173","23477/2025-12-22/1761623173.json"
"510807","146155","2025-12-22","52.00","NZD","1761623173","23477/2025-12-22/1761623173.json"
"581513","221281","2025-12-24","38.00","NZD","1761623173","23477/2025-12-24/1761623173.json"
"581514","221282","2025-12-24","38.00","NZD","1761623173","23477/2025-12-24/1761623173.json"
"512557","146154","2025-12-24","45.00","NZD","1761623173","23477/2025-12-24/1761623173.json"
"365170","146153","2025-12-24","48.00","NZD","1761623173","23477/2025-12-24/1761623173.json"
"510807","146155","2025-12-24","52.00","NZD","1761623173","23477/2025-12-24/1761623173.json"
"581513","221281","2025-12-23","38.00","NZD","1761623173","23477/2025-12-23/1761623173.json"
"581514","221282","2025-12-23","38.00","NZD","1761623173","23477/2025-12-23/1761623173.json"
"512557","146154","2025-12-23","45.00","NZD","1761623173","23477/2025-12-23/1761623173.json"
"365170","146153","2025-12-23","48.00","NZD","1761623173","23477/2025-12-23/1761623173.json"
"510807","146155","2025-12-23","52.00","NZD","1761623173","23477/2025-12-23/1761623173.json"
"581513","221281","2025-12-25","38.00","NZD","1761623173","23477/2025-12-25/1761623173.json"
"581514","221282","2025-12-25","38.00","NZD","1761623173","23477/2025-12-25/1761623173.json"
"512557","146154","2025-12-25","45.00","NZD","1761623173","23477/2025-12-25/1761623173.json"
"365170","146153","2025-12-25","48.00","NZD","1761623173","23477/2025-12-25/1761623173.json"
"510807","146155","2025-12-25","52.00","NZD","1761623173","23477/2025-12-25/1761623173.json"
"581513","221281","2025-12-26","42.00","NZD","1761623173","23477/2025-12-26/1761623173.json"
"581514","221282","2025-12-26","42.00","NZD","1761623173","23477/2025-12-26/1761623173.json"
"512557","146154","2025-12-26","45.00","NZD","1761623173","23477/2025-12-26/1761623173.json"
"365170","146153","2025-12-26","48.00","NZD","1761623173","23477/2025-12-26/1761623173.json"
"510807","146155","2025-12-26","52.00","NZD","1761623173","23477/2025-12-26/1761623173.json"
"581513","221281","2025-12-27","42.00","NZD","1761623173","23477/2025-12-27/1761623173.json"
"581514","221282","2025-12-27","42.00","NZD","1761623173","23477/2025-12-27/1761623173.json"
"512557","146154","2025-12-27","45.00","NZD","1761623173","23477/2025-12-27/1761623173.json"
"365170","146153","2025-12-27","48.00","NZD","1761623173","23477/2025-12-27/1761623173.json"
"510807","146155","2025-12-27","52.00","NZD","1761623173","23477/2025-12-27/1761623173.json"
"581513","221281","2025-10-31","36.00","NZD","1761627406","23477/2025-10-31/1761627406.json"
"581514","221282","2025-10-31","36.00","NZD","1761627406","23477/2025-10-31/1761627406.json"
"512557","146154","2025-10-31","45.00","NZD","1761627406","23477/2025-10-31/1761627406.json"
"365170","146153","2025-10-31","48.00","NZD","1761627406","23477/2025-10-31/1761627406.json"
"510807","146155","2025-10-31","52.00","NZD","1761627406","23477/2025-10-31/1761627406.json"
"581513","221281","2025-10-29","36.00","NZD","1761627406","23477/2025-10-29/1761627406.json"
"581513","221281","2025-10-30","36.00","NZD","1761627406","23477/2025-10-30/1761627406.json"
"581514","221282","2025-10-30","36.00","NZD","1761627406","23477/2025-10-30/1761627406.json"
"581514","221282","2025-10-29","36.00","NZD","1761627406","23477/2025-10-29/1761627406.json"
"512557","146154","2025-10-29","45.00","NZD","1761627406","23477/2025-10-29/1761627406.json"
"512557","146154","2025-10-30","45.00","NZD","1761627406","23477/2025-10-30/1761627406.json"
"365170","146153","2025-10-29","48.00","NZD","1761627406","23477/2025-10-29/1761627406.json"
"365170","146153","2025-10-30","48.00","NZD","1761627406","23477/2025-10-30/1761627406.json"
"510807","146155","2025-10-30","52.00","NZD","1761627406","23477/2025-10-30/1761627406.json"
"510807","146155","2025-10-29","52.00","NZD","1761627406","23477/2025-10-29/1761627406.json"
"581513","221281","2025-10-28","36.00","NZD","1761627406","23477/2025-10-28/1761627406.json"
"581514","221282","2025-10-28","36.00","NZD","1761627406","23477/2025-10-28/1761627406.json"
"512557","146154","2025-10-28","45.00","NZD","1761627406","23477/2025-10-28/1761627406.json"
"365170","146153","2025-10-28","48.00","NZD","1761627406","23477/2025-10-28/1761627406.json"
"510807","146155","2025-10-28","52.00","NZD","1761627406","23477/2025-10-28/1761627406.json"
"581513","221281","2025-11-03","36.00","NZD","1761627406","23477/2025-11-03/1761627406.json"
"581514","221282","2025-11-03","36.00","NZD","1761627406","23477/2025-11-03/1761627406.json"
"512557","146154","2025-11-03","45.00","NZD","1761627406","23477/2025-11-03/1761627406.json"
"365170","146153","2025-11-03","48.00","NZD","1761627406","23477/2025-11-03/1761627406.json"
"510807","146155","2025-11-03","52.00","NZD","1761627406","23477/2025-11-03/1761627406.json"
"581513","221281","2025-11-01","36.00","NZD","1761627406","23477/2025-11-01/1761627406.json"
"581514","221282","2025-11-01","36.00","NZD","1761627406","23477/2025-11-01/1761627406.json"
"512557","146154","2025-11-01","45.00","NZD","1761627406","23477/2025-11-01/1761627406.json"
"581513","221281","2025-11-02","36.00","NZD","1761627406","23477/2025-11-02/1761627406.json"
"581514","221282","2025-11-02","36.00","NZD","1761627406","23477/2025-11-02/1761627406.json"
"365170","146153","2025-11-01","48.00","NZD","1761627406","23477/2025-11-01/1761627406.json"
"512557","146154","2025-11-02","45.00","NZD","1761627406","23477/2025-11-02/1761627406.json"
"510807","146155","2025-11-01","52.00","NZD","1761627406","23477/2025-11-01/1761627406.json"
"365170","146153","2025-11-02","48.00","NZD","1761627406","23477/2025-11-02/1761627406.json"
"510807","146155","2025-11-02","52.00","NZD","1761627406","23477/2025-11-02/1761627406.json"
"581513","221281","2025-11-04","36.00","NZD","1761627406","23477/2025-11-04/1761627406.json"
"581514","221282","2025-11-04","36.00","NZD","1761627406","23477/2025-11-04/1761627406.json"
"512557","146154","2025-11-04","45.00","NZD","1761627406","23477/2025-11-04/1761627406.json"
"365170","146153","2025-11-04","48.00","NZD","1761627406","23477/2025-11-04/1761627406.json"
"510807","146155","2025-11-04","52.00","NZD","1761627406","23477/2025-11-04/1761627406.json"
"581513","221281","2025-11-07","36.00","NZD","1761627406","23477/2025-11-07/1761627406.json"
"581514","221282","2025-11-07","36.00","NZD","1761627406","23477/2025-11-07/1761627406.json"
"512557","146154","2025-11-07","45.00","NZD","1761627406","23477/2025-11-07/1761627406.json"
"365170","146153","2025-11-07","48.00","NZD","1761627406","23477/2025-11-07/1761627406.json"
"510807","146155","2025-11-07","52.00","NZD","1761627406","23477/2025-11-07/1761627406.json"
"581513","221281","2025-11-05","36.00","NZD","1761627406","23477/2025-11-05/1761627406.json"
"581514","221282","2025-11-05","36.00","NZD","1761627406","23477/2025-11-05/1761627406.json"
"512557","146154","2025-11-05","45.00","NZD","1761627406","23477/2025-11-05/1761627406.json"
"365170","146153","2025-11-05","48.00","NZD","1761627406","23477/2025-11-05/1761627406.json"
"510807","146155","2025-11-05","52.00","NZD","1761627406","23477/2025-11-05/1761627406.json"
"581513","221281","2025-11-06","36.00","NZD","1761627406","23477/2025-11-06/1761627406.json"
"581514","221282","2025-11-06","36.00","NZD","1761627406","23477/2025-11-06/1761627406.json"
"512557","146154","2025-11-06","45.00","NZD","1761627406","23477/2025-11-06/1761627406.json"
"365170","146153","2025-11-06","48.00","NZD","1761627406","23477/2025-11-06/1761627406.json"
"510807","146155","2025-11-06","52.00","NZD","1761627406","23477/2025-11-06/1761627406.json"
"581513","221281","2025-11-08","36.00","NZD","1761627406","23477/2025-11-08/1761627406.json"
"581514","221282","2025-11-08","36.00","NZD","1761627406","23477/2025-11-08/1761627406.json"
"512557","146154","2025-11-08","45.00","NZD","1761627406","23477/2025-11-08/1761627406.json"
"365170","146153","2025-11-08","48.00","NZD","1761627406","23477/2025-11-08/1761627406.json"
"510807","146155","2025-11-08","52.00","NZD","1761627406","23477/2025-11-08/1761627406.json"
"581513","221281","2025-11-09","36.00","NZD","1761627406","23477/2025-11-09/1761627406.json"
"581514","221282","2025-11-09","36.00","NZD","1761627406","23477/2025-11-09/1761627406.json"
"512557","146154","2025-11-09","45.00","NZD","1761627406","23477/2025-11-09/1761627406.json"
"365170","146153","2025-11-09","48.00","NZD","1761627406","23477/2025-11-09/1761627406.json"
"510807","146155","2025-11-09","52.00","NZD","1761627406","23477/2025-11-09/1761627406.json"
"581513","221281","2025-11-10","36.00","NZD","1761627406","23477/2025-11-10/1761627406.json"
"581514","221282","2025-11-10","36.00","NZD","1761627406","23477/2025-11-10/1761627406.json"
"512557","146154","2025-11-10","45.00","NZD","1761627406","23477/2025-11-10/1761627406.json"
"365170","146153","2025-11-10","48.00","NZD","1761627406","23477/2025-11-10/1761627406.json"
"510807","146155","2025-11-10","52.00","NZD","1761627406","23477/2025-11-10/1761627406.json"
"581513","221281","2025-11-12","36.00","NZD","1761627406","23477/2025-11-12/1761627406.json"
"581514","221282","2025-11-12","36.00","NZD","1761627406","23477/2025-11-12/1761627406.json"
"512557","146154","2025-11-12","45.00","NZD","1761627406","23477/2025-11-12/1761627406.json"
"365170","146153","2025-11-12","48.00","NZD","1761627406","23477/2025-11-12/1761627406.json"
"510807","146155","2025-11-12","52.00","NZD","1761627406","23477/2025-11-12/1761627406.json"
"581513","221281","2025-11-11","36.00","NZD","1761627406","23477/2025-11-11/1761627406.json"
"581514","221282","2025-11-11","36.00","NZD","1761627406","23477/2025-11-11/1761627406.json"
"512557","146154","2025-11-11","45.00","NZD","1761627406","23477/2025-11-11/1761627406.json"
"365170","146153","2025-11-11","48.00","NZD","1761627406","23477/2025-11-11/1761627406.json"
"510807","146155","2025-11-11","52.00","NZD","1761627406","23477/2025-11-11/1761627406.json"
"581513","221281","2025-11-13","36.00","NZD","1761627406","23477/2025-11-13/1761627406.json"
"581514","221282","2025-11-13","36.00","NZD","1761627406","23477/2025-11-13/1761627406.json"
"512557","146154","2025-11-13","45.00","NZD","1761627406","23477/2025-11-13/1761627406.json"
"365170","146153","2025-11-13","48.00","NZD","1761627406","23477/2025-11-13/1761627406.json"
"510807","146155","2025-11-13","52.00","NZD","1761627406","23477/2025-11-13/1761627406.json"
"581513","221281","2025-11-14","36.00","NZD","1761627406","23477/2025-11-14/1761627406.json"
"581514","221282","2025-11-14","36.00","NZD","1761627406","23477/2025-11-14/1761627406.json"
"512557","146154","2025-11-14","45.00","NZD","1761627406","23477/2025-11-14/1761627406.json"
"365170","146153","2025-11-14","48.00","NZD","1761627406","23477/2025-11-14/1761627406.json"
"510807","146155","2025-11-14","52.00","NZD","1761627406","23477/2025-11-14/1761627406.json"
"581513","221281","2025-11-15","36.00","NZD","1761627406","23477/2025-11-15/1761627406.json"
"581514","221282","2025-11-15","36.00","NZD","1761627406","23477/2025-11-15/1761627406.json"
"512557","146154","2025-11-15","45.00","NZD","1761627406","23477/2025-11-15/1761627406.json"
"365170","146153","2025-11-15","48.00","NZD","1761627406","23477/2025-11-15/1761627406.json"
"510807","146155","2025-11-15","52.00","NZD","1761627406","23477/2025-11-15/1761627406.json"
"581513","221281","2025-11-16","36.00","NZD","1761627406","23477/2025-11-16/1761627406.json"
"581514","221282","2025-11-16","36.00","NZD","1761627406","23477/2025-11-16/1761627406.json"
"512557","146154","2025-11-16","45.00","NZD","1761627406","23477/2025-11-16/1761627406.json"
"365170","146153","2025-11-16","48.00","NZD","1761627406","23477/2025-11-16/1761627406.json"
"510807","146155","2025-11-16","52.00","NZD","1761627406","23477/2025-11-16/1761627406.json"
"581513","221281","2025-11-17","36.00","NZD","1761627406","23477/2025-11-17/1761627406.json"
"581514","221282","2025-11-17","36.00","NZD","1761627406","23477/2025-11-17/1761627406.json"
"512557","146154","2025-11-17","45.00","NZD","1761627406","23477/2025-11-17/1761627406.json"
"365170","146153","2025-11-17","48.00","NZD","1761627406","23477/2025-11-17/1761627406.json"
"510807","146155","2025-11-17","52.00","NZD","1761627406","23477/2025-11-17/1761627406.json"
"581513","221281","2025-11-18","36.00","NZD","1761627406","23477/2025-11-18/1761627406.json"
"581514","221282","2025-11-18","36.00","NZD","1761627406","23477/2025-11-18/1761627406.json"
"512557","146154","2025-11-18","45.00","NZD","1761627406","23477/2025-11-18/1761627406.json"
"365170","146153","2025-11-18","48.00","NZD","1761627406","23477/2025-11-18/1761627406.json"
"510807","146155","2025-11-18","52.00","NZD","1761627406","23477/2025-11-18/1761627406.json"
"581513","221281","2025-11-19","36.00","NZD","1761627406","23477/2025-11-19/1761627406.json"
"581514","221282","2025-11-19","36.00","NZD","1761627406","23477/2025-11-19/1761627406.json"
"512557","146154","2025-11-19","45.00","NZD","1761627406","23477/2025-11-19/1761627406.json"
"365170","146153","2025-11-19","48.00","NZD","1761627406","23477/2025-11-19/1761627406.json"
"510807","146155","2025-11-19","52.00","NZD","1761627406","23477/2025-11-19/1761627406.json"
"581513","221281","2025-11-20","36.00","NZD","1761627406","23477/2025-11-20/1761627406.json"
"581514","221282","2025-11-20","36.00","NZD","1761627406","23477/2025-11-20/1761627406.json"
"512557","146154","2025-11-20","45.00","NZD","1761627406","23477/2025-11-20/1761627406.json"
"581513","221281","2025-11-21","36.00","NZD","1761627406","23477/2025-11-21/1761627406.json"
"581514","221282","2025-11-21","36.00","NZD","1761627406","23477/2025-11-21/1761627406.json"
"512557","146154","2025-11-21","45.00","NZD","1761627406","23477/2025-11-21/1761627406.json"
"365170","146153","2025-11-21","48.00","NZD","1761627406","23477/2025-11-21/1761627406.json"
"510807","146155","2025-11-21","52.00","NZD","1761627406","23477/2025-11-21/1761627406.json"
"581513","221281","2025-11-22","36.00","NZD","1761627406","23477/2025-11-22/1761627406.json"
"581514","221282","2025-11-22","36.00","NZD","1761627406","23477/2025-11-22/1761627406.json"
"512557","146154","2025-11-22","45.00","NZD","1761627406","23477/2025-11-22/1761627406.json"
"365170","146153","2025-11-22","48.00","NZD","1761627406","23477/2025-11-22/1761627406.json"
"510807","146155","2025-11-22","52.00","NZD","1761627406","23477/2025-11-22/1761627406.json"
"581513","221281","2025-11-23","36.00","NZD","1761627406","23477/2025-11-23/1761627406.json"
"581514","221282","2025-11-23","36.00","NZD","1761627406","23477/2025-11-23/1761627406.json"
"512557","146154","2025-11-23","45.00","NZD","1761627406","23477/2025-11-23/1761627406.json"
"365170","146153","2025-11-23","48.00","NZD","1761627406","23477/2025-11-23/1761627406.json"
"510807","146155","2025-11-23","52.00","NZD","1761627406","23477/2025-11-23/1761627406.json"
"581513","221281","2025-11-24","36.00","NZD","1761627406","23477/2025-11-24/1761627406.json"
"581514","221282","2025-11-24","36.00","NZD","1761627406","23477/2025-11-24/1761627406.json"
"512557","146154","2025-11-24","45.00","NZD","1761627406","23477/2025-11-24/1761627406.json"
"365170","146153","2025-11-24","48.00","NZD","1761627406","23477/2025-11-24/1761627406.json"
"510807","146155","2025-11-24","52.00","NZD","1761627406","23477/2025-11-24/1761627406.json"
"581513","221281","2025-11-25","36.00","NZD","1761627406","23477/2025-11-25/1761627406.json"
"581514","221282","2025-11-25","36.00","NZD","1761627406","23477/2025-11-25/1761627406.json"
"512557","146154","2025-11-25","45.00","NZD","1761627406","23477/2025-11-25/1761627406.json"
"365170","146153","2025-11-25","48.00","NZD","1761627406","23477/2025-11-25/1761627406.json"
"510807","146155","2025-11-25","52.00","NZD","1761627406","23477/2025-11-25/1761627406.json"
"581513","221281","2025-11-26","36.00","NZD","1761627406","23477/2025-11-26/1761627406.json"
"581514","221282","2025-11-26","36.00","NZD","1761627406","23477/2025-11-26/1761627406.json"
"512557","146154","2025-11-26","45.00","NZD","1761627406","23477/2025-11-26/1761627406.json"
"365170","146153","2025-11-26","48.00","NZD","1761627406","23477/2025-11-26/1761627406.json"
"510807","146155","2025-11-26","52.00","NZD","1761627406","23477/2025-11-26/1761627406.json"
"581513","221281","2025-11-27","36.00","NZD","1761627406","23477/2025-11-27/1761627406.json"
"581514","221282","2025-11-27","36.00","NZD","1761627406","23477/2025-11-27/1761627406.json"
"512557","146154","2025-11-27","45.00","NZD","1761627406","23477/2025-11-27/1761627406.json"
"365170","146153","2025-11-27","48.00","NZD","1761627406","23477/2025-11-27/1761627406.json"
"510807","146155","2025-11-27","52.00","NZD","1761627406","23477/2025-11-27/1761627406.json"
"581513","221281","2025-11-28","36.00","NZD","1761627406","23477/2025-11-28/1761627406.json"
"581514","221282","2025-11-28","36.00","NZD","1761627406","23477/2025-11-28/1761627406.json"
"512557","146154","2025-11-28","45.00","NZD","1761627406","23477/2025-11-28/1761627406.json"
"365170","146153","2025-11-28","48.00","NZD","1761627406","23477/2025-11-28/1761627406.json"
"510807","146155","2025-11-28","52.00","NZD","1761627406","23477/2025-11-28/1761627406.json"
"581513","221281","2025-11-29","36.00","NZD","1761627406","23477/2025-11-29/1761627406.json"
"581514","221282","2025-11-29","36.00","NZD","1761627406","23477/2025-11-29/1761627406.json"
"512557","146154","2025-11-29","45.00","NZD","1761627406","23477/2025-11-29/1761627406.json"
"365170","146153","2025-11-29","48.00","NZD","1761627406","23477/2025-11-29/1761627406.json"
"510807","146155","2025-11-29","52.00","NZD","1761627406","23477/2025-11-29/1761627406.json"
"581513","221281","2025-11-30","36.00","NZD","1761627406","23477/2025-11-30/1761627406.json"
"581514","221282","2025-11-30","36.00","NZD","1761627406","23477/2025-11-30/1761627406.json"
"512557","146154","2025-11-30","45.00","NZD","1761627406","23477/2025-11-30/1761627406.json"
"365170","146153","2025-11-30","48.00","NZD","1761627406","23477/2025-11-30/1761627406.json"
"510807","146155","2025-11-30","52.00","NZD","1761627406","23477/2025-11-30/1761627406.json"
"581513","221281","2025-12-03","36.00","NZD","1761627406","23477/2025-12-03/1761627406.json"
"581514","221282","2025-12-03","36.00","NZD","1761627406","23477/2025-12-03/1761627406.json"
"512557","146154","2025-12-03","45.00","NZD","1761627406","23477/2025-12-03/1761627406.json"
"365170","146153","2025-12-03","48.00","NZD","1761627406","23477/2025-12-03/1761627406.json"
"510807","146155","2025-12-03","52.00","NZD","1761627406","23477/2025-12-03/1761627406.json"
"581513","221281","2025-12-02","36.00","NZD","1761627406","23477/2025-12-02/1761627406.json"
"581514","221282","2025-12-02","36.00","NZD","1761627406","23477/2025-12-02/1761627406.json"
"512557","146154","2025-12-02","45.00","NZD","1761627406","23477/2025-12-02/1761627406.json"
"365170","146153","2025-12-02","48.00","NZD","1761627406","23477/2025-12-02/1761627406.json"
"510807","146155","2025-12-02","52.00","NZD","1761627406","23477/2025-12-02/1761627406.json"
"581513","221281","2025-12-04","36.00","NZD","1761627406","23477/2025-12-04/1761627406.json"
"581514","221282","2025-12-04","36.00","NZD","1761627406","23477/2025-12-04/1761627406.json"
"512557","146154","2025-12-04","45.00","NZD","1761627406","23477/2025-12-04/1761627406.json"
"365170","146153","2025-12-04","48.00","NZD","1761627406","23477/2025-12-04/1761627406.json"
"510807","146155","2025-12-04","52.00","NZD","1761627406","23477/2025-12-04/1761627406.json"
"581513","221281","2025-12-01","36.00","NZD","1761627406","23477/2025-12-01/1761627406.json"
"581514","221282","2025-12-01","36.00","NZD","1761627406","23477/2025-12-01/1761627406.json"
"512557","146154","2025-12-01","45.00","NZD","1761627406","23477/2025-12-01/1761627406.json"
"365170","146153","2025-12-01","48.00","NZD","1761627406","23477/2025-12-01/1761627406.json"
"510807","146155","2025-12-01","52.00","NZD","1761627406","23477/2025-12-01/1761627406.json"
"581513","221281","2025-12-05","36.00","NZD","1761627406","23477/2025-12-05/1761627406.json"
"581514","221282","2025-12-05","36.00","NZD","1761627406","23477/2025-12-05/1761627406.json"
"512557","146154","2025-12-05","45.00","NZD","1761627406","23477/2025-12-05/1761627406.json"
"365170","146153","2025-12-05","48.00","NZD","1761627406","23477/2025-12-05/1761627406.json"
"510807","146155","2025-12-05","52.00","NZD","1761627406","23477/2025-12-05/1761627406.json"
"581513","221281","2025-12-07","36.00","NZD","1761627406","23477/2025-12-07/1761627406.json"
"581514","221282","2025-12-07","36.00","NZD","1761627406","23477/2025-12-07/1761627406.json"
"512557","146154","2025-12-07","45.00","NZD","1761627406","23477/2025-12-07/1761627406.json"
"365170","146153","2025-12-07","48.00","NZD","1761627406","23477/2025-12-07/1761627406.json"
"510807","146155","2025-12-07","52.00","NZD","1761627406","23477/2025-12-07/1761627406.json"
"581513","221281","2025-12-06","36.00","NZD","1761627406","23477/2025-12-06/1761627406.json"
"581514","221282","2025-12-06","36.00","NZD","1761627406","23477/2025-12-06/1761627406.json"
"512557","146154","2025-12-06","45.00","NZD","1761627406","23477/2025-12-06/1761627406.json"
"365170","146153","2025-12-06","48.00","NZD","1761627406","23477/2025-12-06/1761627406.json"
"510807","146155","2025-12-06","52.00","NZD","1761627406","23477/2025-12-06/1761627406.json"
"581513","221281","2025-12-08","36.00","NZD","1761627406","23477/2025-12-08/1761627406.json"
"581514","221282","2025-12-08","36.00","NZD","1761627406","23477/2025-12-08/1761627406.json"
"512557","146154","2025-12-08","45.00","NZD","1761627406","23477/2025-12-08/1761627406.json"
"365170","146153","2025-12-08","48.00","NZD","1761627406","23477/2025-12-08/1761627406.json"
"510807","146155","2025-12-08","52.00","NZD","1761627406","23477/2025-12-08/1761627406.json"
"581513","221281","2025-12-09","36.00","NZD","1761627406","23477/2025-12-09/1761627406.json"
"581514","221282","2025-12-09","36.00","NZD","1761627406","23477/2025-12-09/1761627406.json"
"512557","146154","2025-12-09","45.00","NZD","1761627406","23477/2025-12-09/1761627406.json"
"365170","146153","2025-12-09","48.00","NZD","1761627406","23477/2025-12-09/1761627406.json"
"510807","146155","2025-12-09","52.00","NZD","1761627406","23477/2025-12-09/1761627406.json"
"581513","221281","2025-12-11","36.00","NZD","1761627406","23477/2025-12-11/1761627406.json"
"581514","221282","2025-12-11","36.00","NZD","1761627406","23477/2025-12-11/1761627406.json"
"512557","146154","2025-12-11","45.00","NZD","1761627406","23477/2025-12-11/1761627406.json"
"365170","146153","2025-12-11","48.00","NZD","1761627406","23477/2025-12-11/1761627406.json"
"510807","146155","2025-12-11","52.00","NZD","1761627406","23477/2025-12-11/1761627406.json"
"581513","221281","2025-12-10","36.00","NZD","1761627406","23477/2025-12-10/1761627406.json"
"581514","221282","2025-12-10","36.00","NZD","1761627406","23477/2025-12-10/1761627406.json"
"512557","146154","2025-12-10","45.00","NZD","1761627406","23477/2025-12-10/1761627406.json"
"365170","146153","2025-12-10","48.00","NZD","1761627406","23477/2025-12-10/1761627406.json"
"510807","146155","2025-12-10","52.00","NZD","1761627406","23477/2025-12-10/1761627406.json"
"581513","221281","2025-12-15","36.00","NZD","1761627406","23477/2025-12-15/1761627406.json"
"581514","221282","2025-12-15","36.00","NZD","1761627406","23477/2025-12-15/1761627406.json"
"512557","146154","2025-12-15","45.00","NZD","1761627406","23477/2025-12-15/1761627406.json"
"365170","146153","2025-12-15","48.00","NZD","1761627406","23477/2025-12-15/1761627406.json"
"510807","146155","2025-12-15","52.00","NZD","1761627406","23477/2025-12-15/1761627406.json"
"581513","221281","2025-12-13","36.00","NZD","1761627406","23477/2025-12-13/1761627406.json"
"581514","221282","2025-12-13","36.00","NZD","1761627406","23477/2025-12-13/1761627406.json"
"512557","146154","2025-12-13","45.00","NZD","1761627406","23477/2025-12-13/1761627406.json"
"365170","146153","2025-12-13","48.00","NZD","1761627406","23477/2025-12-13/1761627406.json"
"510807","146155","2025-12-13","52.00","NZD","1761627406","23477/2025-12-13/1761627406.json"
"581513","221281","2025-12-12","36.00","NZD","1761627406","23477/2025-12-12/1761627406.json"
"581514","221282","2025-12-12","36.00","NZD","1761627406","23477/2025-12-12/1761627406.json"
"512557","146154","2025-12-12","45.00","NZD","1761627406","23477/2025-12-12/1761627406.json"
"365170","146153","2025-12-12","48.00","NZD","1761627406","23477/2025-12-12/1761627406.json"
"510807","146155","2025-12-12","52.00","NZD","1761627406","23477/2025-12-12/1761627406.json"
"581513","221281","2025-12-14","36.00","NZD","1761627406","23477/2025-12-14/1761627406.json"
"581514","221282","2025-12-14","36.00","NZD","1761627406","23477/2025-12-14/1761627406.json"
"512557","146154","2025-12-14","45.00","NZD","1761627406","23477/2025-12-14/1761627406.json"
"365170","146153","2025-12-14","48.00","NZD","1761627406","23477/2025-12-14/1761627406.json"
"510807","146155","2025-12-14","52.00","NZD","1761627406","23477/2025-12-14/1761627406.json"
"581513","221281","2025-12-16","36.00","NZD","1761627406","23477/2025-12-16/1761627406.json"
"581514","221282","2025-12-16","36.00","NZD","1761627406","23477/2025-12-16/1761627406.json"
"512557","146154","2025-12-16","45.00","NZD","1761627406","23477/2025-12-16/1761627406.json"
"365170","146153","2025-12-16","48.00","NZD","1761627406","23477/2025-12-16/1761627406.json"
"510807","146155","2025-12-16","52.00","NZD","1761627406","23477/2025-12-16/1761627406.json"
"581513","221281","2025-12-19","36.00","NZD","1761627406","23477/2025-12-19/1761627406.json"
"581514","221282","2025-12-19","36.00","NZD","1761627406","23477/2025-12-19/1761627406.json"
"512557","146154","2025-12-19","45.00","NZD","1761627406","23477/2025-12-19/1761627406.json"
"365170","146153","2025-12-19","48.00","NZD","1761627406","23477/2025-12-19/1761627406.json"
"510807","146155","2025-12-19","52.00","NZD","1761627406","23477/2025-12-19/1761627406.json"
"581513","221281","2025-12-17","36.00","NZD","1761627406","23477/2025-12-17/1761627406.json"
"581514","221282","2025-12-17","36.00","NZD","1761627406","23477/2025-12-17/1761627406.json"
"512557","146154","2025-12-17","45.00","NZD","1761627406","23477/2025-12-17/1761627406.json"
"365170","146153","2025-12-17","48.00","NZD","1761627406","23477/2025-12-17/1761627406.json"
"510807","146155","2025-12-17","52.00","NZD","1761627406","23477/2025-12-17/1761627406.json"
"581513","221281","2025-12-18","36.00","NZD","1761627406","23477/2025-12-18/1761627406.json"
"581514","221282","2025-12-18","36.00","NZD","1761627406","23477/2025-12-18/1761627406.json"
"512557","146154","2025-12-18","45.00","NZD","1761627406","23477/2025-12-18/1761627406.json"
"365170","146153","2025-12-18","48.00","NZD","1761627406","23477/2025-12-18/1761627406.json"
"510807","146155","2025-12-18","52.00","NZD","1761627406","23477/2025-12-18/1761627406.json"
"581513","221281","2025-12-20","36.00","NZD","1761627406","23477/2025-12-20/1761627406.json"
"581514","221282","2025-12-20","36.00","NZD","1761627406","23477/2025-12-20/1761627406.json"
"512557","146154","2025-12-20","45.00","NZD","1761627406","23477/2025-12-20/1761627406.json"
"365170","146153","2025-12-20","48.00","NZD","1761627406","23477/2025-12-20/1761627406.json"
"510807","146155","2025-12-20","52.00","NZD","1761627406","23477/2025-12-20/1761627406.json"
"581513","221281","2025-12-21","36.00","NZD","1761627406","23477/2025-12-21/1761627406.json"
"581514","221282","2025-12-21","36.00","NZD","1761627406","23477/2025-12-21/1761627406.json"
"512557","146154","2025-12-21","45.00","NZD","1761627406","23477/2025-12-21/1761627406.json"
"365170","146153","2025-12-21","48.00","NZD","1761627406","23477/2025-12-21/1761627406.json"
"510807","146155","2025-12-21","52.00","NZD","1761627406","23477/2025-12-21/1761627406.json"
"581513","221281","2025-12-23","38.00","NZD","1761627406","23477/2025-12-23/1761627406.json"
"581514","221282","2025-12-23","38.00","NZD","1761627406","23477/2025-12-23/1761627406.json"
"512557","146154","2025-12-23","45.00","NZD","1761627406","23477/2025-12-23/1761627406.json"
"365170","146153","2025-12-23","48.00","NZD","1761627406","23477/2025-12-23/1761627406.json"
"510807","146155","2025-12-23","52.00","NZD","1761627406","23477/2025-12-23/1761627406.json"
"581513","221281","2025-12-22","36.00","NZD","1761627406","23477/2025-12-22/1761627406.json"
"581514","221282","2025-12-22","36.00","NZD","1761627406","23477/2025-12-22/1761627406.json"
"512557","146154","2025-12-22","45.00","NZD","1761627406","23477/2025-12-22/1761627406.json"
"365170","146153","2025-12-22","48.00","NZD","1761627406","23477/2025-12-22/1761627406.json"
"510807","146155","2025-12-22","52.00","NZD","1761627406","23477/2025-12-22/1761627406.json"
"581513","221281","2025-12-24","38.00","NZD","1761627406","23477/2025-12-24/1761627406.json"
"581514","221282","2025-12-24","38.00","NZD","1761627406","23477/2025-12-24/1761627406.json"
"512557","146154","2025-12-24","45.00","NZD","1761627406","23477/2025-12-24/1761627406.json"
"365170","146153","2025-12-24","48.00","NZD","1761627406","23477/2025-12-24/1761627406.json"
"510807","146155","2025-12-24","52.00","NZD","1761627406","23477/2025-12-24/1761627406.json"
"581513","221281","2025-12-25","38.00","NZD","1761627406","23477/2025-12-25/1761627406.json"
"581514","221282","2025-12-25","38.00","NZD","1761627406","23477/2025-12-25/1761627406.json"
"512557","146154","2025-12-25","45.00","NZD","1761627406","23477/2025-12-25/1761627406.json"
"365170","146153","2025-12-25","48.00","NZD","1761627406","23477/2025-12-25/1761627406.json"
"510807","146155","2025-12-25","52.00","NZD","1761627406","23477/2025-12-25/1761627406.json"
"581513","221281","2025-12-26","42.00","NZD","1761627406","23477/2025-12-26/1761627406.json"
"581514","221282","2025-12-26","42.00","NZD","1761627406","23477/2025-12-26/1761627406.json"
"512557","146154","2025-12-26","45.00","NZD","1761627406","23477/2025-12-26/1761627406.json"
"365170","146153","2025-12-26","48.00","NZD","1761627406","23477/2025-12-26/1761627406.json"
"510807","146155","2025-12-26","52.00","NZD","1761627406","23477/2025-12-26/1761627406.json"
"581513","221281","2025-12-27","42.00","NZD","1761627406","23477/2025-12-27/1761627406.json"
"581514","221282","2025-12-27","42.00","NZD","1761627406","23477/2025-12-27/1761627406.json"
"512557","146154","2025-12-27","45.00","NZD","1761627406","23477/2025-12-27/1761627406.json"
"365170","146153","2025-12-27","48.00","NZD","1761627406","23477/2025-12-27/1761627406.json"
"510807","146155","2025-12-27","52.00","NZD","1761627406","23477/2025-12-27/1761627406.json"
"581513","221281","2025-10-29","36.00","NZD","1761642416","23477/2025-10-29/1761642416.json"
"581514","221282","2025-10-29","36.00","NZD","1761642416","23477/2025-10-29/1761642416.json"
"512557","146154","2025-10-29","45.00","NZD","1761642416","23477/2025-10-29/1761642416.json"
"365170","146153","2025-10-29","48.00","NZD","1761642416","23477/2025-10-29/1761642416.json"
"510807","146155","2025-10-29","52.00","NZD","1761642416","23477/2025-10-29/1761642416.json"
"581513","221281","2025-10-31","36.00","NZD","1761642416","23477/2025-10-31/1761642416.json"
"581514","221282","2025-10-31","36.00","NZD","1761642416","23477/2025-10-31/1761642416.json"
"512557","146154","2025-10-31","45.00","NZD","1761642416","23477/2025-10-31/1761642416.json"
"365170","146153","2025-10-31","48.00","NZD","1761642416","23477/2025-10-31/1761642416.json"
"510807","146155","2025-10-31","52.00","NZD","1761642416","23477/2025-10-31/1761642416.json"
"581513","221281","2025-10-30","36.00","NZD","1761642416","23477/2025-10-30/1761642416.json"
"581514","221282","2025-10-30","36.00","NZD","1761642416","23477/2025-10-30/1761642416.json"
"512557","146154","2025-10-30","45.00","NZD","1761642416","23477/2025-10-30/1761642416.json"
"365170","146153","2025-10-30","48.00","NZD","1761642416","23477/2025-10-30/1761642416.json"
"510807","146155","2025-10-30","52.00","NZD","1761642416","23477/2025-10-30/1761642416.json"
"581513","221281","2025-10-28","36.00","NZD","1761642416","23477/2025-10-28/1761642416.json"
"581514","221282","2025-10-28","36.00","NZD","1761642416","23477/2025-10-28/1761642416.json"
"512557","146154","2025-10-28","45.00","NZD","1761642416","23477/2025-10-28/1761642416.json"
"365170","146153","2025-10-28","48.00","NZD","1761642416","23477/2025-10-28/1761642416.json"
"510807","146155","2025-10-28","52.00","NZD","1761642416","23477/2025-10-28/1761642416.json"
"581513","221281","2025-11-01","36.00","NZD","1761642416","23477/2025-11-01/1761642416.json"
"581514","221282","2025-11-01","36.00","NZD","1761642416","23477/2025-11-01/1761642416.json"
"512557","146154","2025-11-01","45.00","NZD","1761642416","23477/2025-11-01/1761642416.json"
"365170","146153","2025-11-01","48.00","NZD","1761642416","23477/2025-11-01/1761642416.json"
"510807","146155","2025-11-01","52.00","NZD","1761642416","23477/2025-11-01/1761642416.json"
"581513","221281","2025-11-02","36.00","NZD","1761642416","23477/2025-11-02/1761642416.json"
"581513","221281","2025-11-03","36.00","NZD","1761642416","23477/2025-11-03/1761642416.json"
"581514","221282","2025-11-02","36.00","NZD","1761642416","23477/2025-11-02/1761642416.json"
"512557","146154","2025-11-02","45.00","NZD","1761642416","23477/2025-11-02/1761642416.json"
"581514","221282","2025-11-03","36.00","NZD","1761642416","23477/2025-11-03/1761642416.json"
"365170","146153","2025-11-02","48.00","NZD","1761642416","23477/2025-11-02/1761642416.json"
"512557","146154","2025-11-03","45.00","NZD","1761642416","23477/2025-11-03/1761642416.json"
"510807","146155","2025-11-02","52.00","NZD","1761642416","23477/2025-11-02/1761642416.json"
"365170","146153","2025-11-03","48.00","NZD","1761642416","23477/2025-11-03/1761642416.json"
"510807","146155","2025-11-03","52.00","NZD","1761642416","23477/2025-11-03/1761642416.json"
"581513","221281","2025-11-05","36.00","NZD","1761642416","23477/2025-11-05/1761642416.json"
"581514","221282","2025-11-05","36.00","NZD","1761642416","23477/2025-11-05/1761642416.json"
"512557","146154","2025-11-05","45.00","NZD","1761642416","23477/2025-11-05/1761642416.json"
"365170","146153","2025-11-05","48.00","NZD","1761642416","23477/2025-11-05/1761642416.json"
"510807","146155","2025-11-05","52.00","NZD","1761642416","23477/2025-11-05/1761642416.json"
"581513","221281","2025-11-04","36.00","NZD","1761642416","23477/2025-11-04/1761642416.json"
"581514","221282","2025-11-04","36.00","NZD","1761642416","23477/2025-11-04/1761642416.json"
"512557","146154","2025-11-04","45.00","NZD","1761642416","23477/2025-11-04/1761642416.json"
"365170","146153","2025-11-04","48.00","NZD","1761642416","23477/2025-11-04/1761642416.json"
"510807","146155","2025-11-04","52.00","NZD","1761642416","23477/2025-11-04/1761642416.json"
"581513","221281","2025-11-06","36.00","NZD","1761642416","23477/2025-11-06/1761642416.json"
"581514","221282","2025-11-06","36.00","NZD","1761642416","23477/2025-11-06/1761642416.json"
"512557","146154","2025-11-06","45.00","NZD","1761642416","23477/2025-11-06/1761642416.json"
"365170","146153","2025-11-06","48.00","NZD","1761642416","23477/2025-11-06/1761642416.json"
"510807","146155","2025-11-06","52.00","NZD","1761642416","23477/2025-11-06/1761642416.json"
"581513","221281","2025-11-07","36.00","NZD","1761642416","23477/2025-11-07/1761642416.json"
"581514","221282","2025-11-07","36.00","NZD","1761642416","23477/2025-11-07/1761642416.json"
"512557","146154","2025-11-07","45.00","NZD","1761642416","23477/2025-11-07/1761642416.json"
"365170","146153","2025-11-07","48.00","NZD","1761642416","23477/2025-11-07/1761642416.json"
"510807","146155","2025-11-07","52.00","NZD","1761642416","23477/2025-11-07/1761642416.json"
"581513","221281","2025-11-09","36.00","NZD","1761642416","23477/2025-11-09/1761642416.json"
"581514","221282","2025-11-09","36.00","NZD","1761642416","23477/2025-11-09/1761642416.json"
"512557","146154","2025-11-09","45.00","NZD","1761642416","23477/2025-11-09/1761642416.json"
"365170","146153","2025-11-09","48.00","NZD","1761642416","23477/2025-11-09/1761642416.json"
"510807","146155","2025-11-09","52.00","NZD","1761642416","23477/2025-11-09/1761642416.json"
"581513","221281","2025-11-08","36.00","NZD","1761642416","23477/2025-11-08/1761642416.json"
"581514","221282","2025-11-08","36.00","NZD","1761642416","23477/2025-11-08/1761642416.json"
"512557","146154","2025-11-08","45.00","NZD","1761642416","23477/2025-11-08/1761642416.json"
"365170","146153","2025-11-08","48.00","NZD","1761642416","23477/2025-11-08/1761642416.json"
"510807","146155","2025-11-08","52.00","NZD","1761642416","23477/2025-11-08/1761642416.json"
"581513","221281","2025-11-10","36.00","NZD","1761642416","23477/2025-11-10/1761642416.json"
"581514","221282","2025-11-10","36.00","NZD","1761642416","23477/2025-11-10/1761642416.json"
"512557","146154","2025-11-10","45.00","NZD","1761642416","23477/2025-11-10/1761642416.json"
"365170","146153","2025-11-10","48.00","NZD","1761642416","23477/2025-11-10/1761642416.json"
"510807","146155","2025-11-10","52.00","NZD","1761642416","23477/2025-11-10/1761642416.json"
"581513","221281","2025-11-11","36.00","NZD","1761642416","23477/2025-11-11/1761642416.json"
"581514","221282","2025-11-11","36.00","NZD","1761642416","23477/2025-11-11/1761642416.json"
"512557","146154","2025-11-11","45.00","NZD","1761642416","23477/2025-11-11/1761642416.json"
"365170","146153","2025-11-11","48.00","NZD","1761642416","23477/2025-11-11/1761642416.json"
"510807","146155","2025-11-11","52.00","NZD","1761642416","23477/2025-11-11/1761642416.json"
"581513","221281","2025-11-13","36.00","NZD","1761642416","23477/2025-11-13/1761642416.json"
"581514","221282","2025-11-13","36.00","NZD","1761642416","23477/2025-11-13/1761642416.json"
"512557","146154","2025-11-13","45.00","NZD","1761642416","23477/2025-11-13/1761642416.json"
"365170","146153","2025-11-13","48.00","NZD","1761642416","23477/2025-11-13/1761642416.json"
"510807","146155","2025-11-13","52.00","NZD","1761642416","23477/2025-11-13/1761642416.json"
"581513","221281","2025-11-14","36.00","NZD","1761642416","23477/2025-11-14/1761642416.json"
"581514","221282","2025-11-14","36.00","NZD","1761642416","23477/2025-11-14/1761642416.json"
"512557","146154","2025-11-14","45.00","NZD","1761642416","23477/2025-11-14/1761642416.json"
"365170","146153","2025-11-14","48.00","NZD","1761642416","23477/2025-11-14/1761642416.json"
"510807","146155","2025-11-14","52.00","NZD","1761642416","23477/2025-11-14/1761642416.json"
"581513","221281","2025-11-12","36.00","NZD","1761642416","23477/2025-11-12/1761642416.json"
"581514","221282","2025-11-12","36.00","NZD","1761642416","23477/2025-11-12/1761642416.json"
"512557","146154","2025-11-12","45.00","NZD","1761642416","23477/2025-11-12/1761642416.json"
"365170","146153","2025-11-12","48.00","NZD","1761642416","23477/2025-11-12/1761642416.json"
"510807","146155","2025-11-12","52.00","NZD","1761642416","23477/2025-11-12/1761642416.json"
"581513","221281","2025-11-15","36.00","NZD","1761642416","23477/2025-11-15/1761642416.json"
"581514","221282","2025-11-15","36.00","NZD","1761642416","23477/2025-11-15/1761642416.json"
"512557","146154","2025-11-15","45.00","NZD","1761642416","23477/2025-11-15/1761642416.json"
"365170","146153","2025-11-15","48.00","NZD","1761642416","23477/2025-11-15/1761642416.json"
"510807","146155","2025-11-15","52.00","NZD","1761642416","23477/2025-11-15/1761642416.json"
"581513","221281","2025-11-16","36.00","NZD","1761642416","23477/2025-11-16/1761642416.json"
"581514","221282","2025-11-16","36.00","NZD","1761642416","23477/2025-11-16/1761642416.json"
"512557","146154","2025-11-16","45.00","NZD","1761642416","23477/2025-11-16/1761642416.json"
"365170","146153","2025-11-16","48.00","NZD","1761642416","23477/2025-11-16/1761642416.json"
"510807","146155","2025-11-16","52.00","NZD","1761642416","23477/2025-11-16/1761642416.json"
"581513","221281","2025-11-17","36.00","NZD","1761642416","23477/2025-11-17/1761642416.json"
"581514","221282","2025-11-17","36.00","NZD","1761642416","23477/2025-11-17/1761642416.json"
"512557","146154","2025-11-17","45.00","NZD","1761642416","23477/2025-11-17/1761642416.json"
"365170","146153","2025-11-17","48.00","NZD","1761642416","23477/2025-11-17/1761642416.json"
"510807","146155","2025-11-17","52.00","NZD","1761642416","23477/2025-11-17/1761642416.json"
"581513","221281","2025-11-18","36.00","NZD","1761642416","23477/2025-11-18/1761642416.json"
"581514","221282","2025-11-18","36.00","NZD","1761642416","23477/2025-11-18/1761642416.json"
"512557","146154","2025-11-18","45.00","NZD","1761642416","23477/2025-11-18/1761642416.json"
"365170","146153","2025-11-18","48.00","NZD","1761642416","23477/2025-11-18/1761642416.json"
"510807","146155","2025-11-18","52.00","NZD","1761642416","23477/2025-11-18/1761642416.json"
"581513","221281","2025-11-19","36.00","NZD","1761642416","23477/2025-11-19/1761642416.json"
"581514","221282","2025-11-19","36.00","NZD","1761642416","23477/2025-11-19/1761642416.json"
"512557","146154","2025-11-19","45.00","NZD","1761642416","23477/2025-11-19/1761642416.json"
"365170","146153","2025-11-19","48.00","NZD","1761642416","23477/2025-11-19/1761642416.json"
"510807","146155","2025-11-19","52.00","NZD","1761642416","23477/2025-11-19/1761642416.json"
"581513","221281","2025-11-20","36.00","NZD","1761642416","23477/2025-11-20/1761642416.json"
"581514","221282","2025-11-20","36.00","NZD","1761642416","23477/2025-11-20/1761642416.json"
"512557","146154","2025-11-20","45.00","NZD","1761642416","23477/2025-11-20/1761642416.json"
"581513","221281","2025-11-21","36.00","NZD","1761642416","23477/2025-11-21/1761642416.json"
"581514","221282","2025-11-21","36.00","NZD","1761642416","23477/2025-11-21/1761642416.json"
"512557","146154","2025-11-21","45.00","NZD","1761642416","23477/2025-11-21/1761642416.json"
"365170","146153","2025-11-21","48.00","NZD","1761642416","23477/2025-11-21/1761642416.json"
"510807","146155","2025-11-21","52.00","NZD","1761642416","23477/2025-11-21/1761642416.json"
"581513","221281","2025-11-22","36.00","NZD","1761642416","23477/2025-11-22/1761642416.json"
"581514","221282","2025-11-22","36.00","NZD","1761642416","23477/2025-11-22/1761642416.json"
"512557","146154","2025-11-22","45.00","NZD","1761642416","23477/2025-11-22/1761642416.json"
"365170","146153","2025-11-22","48.00","NZD","1761642416","23477/2025-11-22/1761642416.json"
"510807","146155","2025-11-22","52.00","NZD","1761642416","23477/2025-11-22/1761642416.json"
"581513","221281","2025-11-23","36.00","NZD","1761642416","23477/2025-11-23/1761642416.json"
"581514","221282","2025-11-23","36.00","NZD","1761642416","23477/2025-11-23/1761642416.json"
"512557","146154","2025-11-23","45.00","NZD","1761642416","23477/2025-11-23/1761642416.json"
"365170","146153","2025-11-23","48.00","NZD","1761642416","23477/2025-11-23/1761642416.json"
"510807","146155","2025-11-23","52.00","NZD","1761642416","23477/2025-11-23/1761642416.json"
"581513","221281","2025-11-24","36.00","NZD","1761642416","23477/2025-11-24/1761642416.json"
"581514","221282","2025-11-24","36.00","NZD","1761642416","23477/2025-11-24/1761642416.json"
"512557","146154","2025-11-24","45.00","NZD","1761642416","23477/2025-11-24/1761642416.json"
"365170","146153","2025-11-24","48.00","NZD","1761642416","23477/2025-11-24/1761642416.json"
"510807","146155","2025-11-24","52.00","NZD","1761642416","23477/2025-11-24/1761642416.json"
"581513","221281","2025-11-25","36.00","NZD","1761642416","23477/2025-11-25/1761642416.json"
"581514","221282","2025-11-25","36.00","NZD","1761642416","23477/2025-11-25/1761642416.json"
"512557","146154","2025-11-25","45.00","NZD","1761642416","23477/2025-11-25/1761642416.json"
"365170","146153","2025-11-25","48.00","NZD","1761642416","23477/2025-11-25/1761642416.json"
"510807","146155","2025-11-25","52.00","NZD","1761642416","23477/2025-11-25/1761642416.json"
"581513","221281","2025-11-26","36.00","NZD","1761642416","23477/2025-11-26/1761642416.json"
"581514","221282","2025-11-26","36.00","NZD","1761642416","23477/2025-11-26/1761642416.json"
"512557","146154","2025-11-26","45.00","NZD","1761642416","23477/2025-11-26/1761642416.json"
"365170","146153","2025-11-26","48.00","NZD","1761642416","23477/2025-11-26/1761642416.json"
"510807","146155","2025-11-26","52.00","NZD","1761642416","23477/2025-11-26/1761642416.json"
"581513","221281","2025-11-27","36.00","NZD","1761642416","23477/2025-11-27/1761642416.json"
"581514","221282","2025-11-27","36.00","NZD","1761642416","23477/2025-11-27/1761642416.json"
"512557","146154","2025-11-27","45.00","NZD","1761642416","23477/2025-11-27/1761642416.json"
"365170","146153","2025-11-27","48.00","NZD","1761642416","23477/2025-11-27/1761642416.json"
"510807","146155","2025-11-27","52.00","NZD","1761642416","23477/2025-11-27/1761642416.json"
"581513","221281","2025-11-28","36.00","NZD","1761642416","23477/2025-11-28/1761642416.json"
"581514","221282","2025-11-28","36.00","NZD","1761642416","23477/2025-11-28/1761642416.json"
"512557","146154","2025-11-28","45.00","NZD","1761642416","23477/2025-11-28/1761642416.json"
"365170","146153","2025-11-28","48.00","NZD","1761642416","23477/2025-11-28/1761642416.json"
"510807","146155","2025-11-28","52.00","NZD","1761642416","23477/2025-11-28/1761642416.json"
"581513","221281","2025-11-29","36.00","NZD","1761642416","23477/2025-11-29/1761642416.json"
"581514","221282","2025-11-29","36.00","NZD","1761642416","23477/2025-11-29/1761642416.json"
"512557","146154","2025-11-29","45.00","NZD","1761642416","23477/2025-11-29/1761642416.json"
"365170","146153","2025-11-29","48.00","NZD","1761642416","23477/2025-11-29/1761642416.json"
"510807","146155","2025-11-29","52.00","NZD","1761642416","23477/2025-11-29/1761642416.json"
"581513","221281","2025-11-30","36.00","NZD","1761642416","23477/2025-11-30/1761642416.json"
"581514","221282","2025-11-30","36.00","NZD","1761642416","23477/2025-11-30/1761642416.json"
"512557","146154","2025-11-30","45.00","NZD","1761642416","23477/2025-11-30/1761642416.json"
"365170","146153","2025-11-30","48.00","NZD","1761642416","23477/2025-11-30/1761642416.json"
"510807","146155","2025-11-30","52.00","NZD","1761642416","23477/2025-11-30/1761642416.json"
"581513","221281","2025-12-01","36.00","NZD","1761642416","23477/2025-12-01/1761642416.json"
"581514","221282","2025-12-01","36.00","NZD","1761642416","23477/2025-12-01/1761642416.json"
"512557","146154","2025-12-01","45.00","NZD","1761642416","23477/2025-12-01/1761642416.json"
"365170","146153","2025-12-01","48.00","NZD","1761642416","23477/2025-12-01/1761642416.json"
"510807","146155","2025-12-01","52.00","NZD","1761642416","23477/2025-12-01/1761642416.json"
"581513","221281","2025-12-02","36.00","NZD","1761642416","23477/2025-12-02/1761642416.json"
"581514","221282","2025-12-02","36.00","NZD","1761642416","23477/2025-12-02/1761642416.json"
"512557","146154","2025-12-02","45.00","NZD","1761642416","23477/2025-12-02/1761642416.json"
"365170","146153","2025-12-02","48.00","NZD","1761642416","23477/2025-12-02/1761642416.json"
"510807","146155","2025-12-02","52.00","NZD","1761642416","23477/2025-12-02/1761642416.json"
"581513","221281","2025-12-04","36.00","NZD","1761642416","23477/2025-12-04/1761642416.json"
"581514","221282","2025-12-04","36.00","NZD","1761642416","23477/2025-12-04/1761642416.json"
"512557","146154","2025-12-04","45.00","NZD","1761642416","23477/2025-12-04/1761642416.json"
"365170","146153","2025-12-04","48.00","NZD","1761642416","23477/2025-12-04/1761642416.json"
"510807","146155","2025-12-04","52.00","NZD","1761642416","23477/2025-12-04/1761642416.json"
"581513","221281","2025-12-03","36.00","NZD","1761642416","23477/2025-12-03/1761642416.json"
"581514","221282","2025-12-03","36.00","NZD","1761642416","23477/2025-12-03/1761642416.json"
"512557","146154","2025-12-03","45.00","NZD","1761642416","23477/2025-12-03/1761642416.json"
"365170","146153","2025-12-03","48.00","NZD","1761642416","23477/2025-12-03/1761642416.json"
"510807","146155","2025-12-03","52.00","NZD","1761642416","23477/2025-12-03/1761642416.json"
"581513","221281","2025-12-05","36.00","NZD","1761642416","23477/2025-12-05/1761642416.json"
"581514","221282","2025-12-05","36.00","NZD","1761642416","23477/2025-12-05/1761642416.json"
"512557","146154","2025-12-05","45.00","NZD","1761642416","23477/2025-12-05/1761642416.json"
"365170","146153","2025-12-05","48.00","NZD","1761642416","23477/2025-12-05/1761642416.json"
"510807","146155","2025-12-05","52.00","NZD","1761642416","23477/2025-12-05/1761642416.json"
"581513","221281","2025-12-07","36.00","NZD","1761642416","23477/2025-12-07/1761642416.json"
"581514","221282","2025-12-07","36.00","NZD","1761642416","23477/2025-12-07/1761642416.json"
"512557","146154","2025-12-07","45.00","NZD","1761642416","23477/2025-12-07/1761642416.json"
"365170","146153","2025-12-07","48.00","NZD","1761642416","23477/2025-12-07/1761642416.json"
"510807","146155","2025-12-07","52.00","NZD","1761642416","23477/2025-12-07/1761642416.json"
"581513","221281","2025-12-06","36.00","NZD","1761642416","23477/2025-12-06/1761642416.json"
"581514","221282","2025-12-06","36.00","NZD","1761642416","23477/2025-12-06/1761642416.json"
"512557","146154","2025-12-06","45.00","NZD","1761642416","23477/2025-12-06/1761642416.json"
"365170","146153","2025-12-06","48.00","NZD","1761642416","23477/2025-12-06/1761642416.json"
"510807","146155","2025-12-06","52.00","NZD","1761642416","23477/2025-12-06/1761642416.json"
"581513","221281","2025-12-08","36.00","NZD","1761642416","23477/2025-12-08/1761642416.json"
"581514","221282","2025-12-08","36.00","NZD","1761642416","23477/2025-12-08/1761642416.json"
"512557","146154","2025-12-08","45.00","NZD","1761642416","23477/2025-12-08/1761642416.json"
"365170","146153","2025-12-08","48.00","NZD","1761642416","23477/2025-12-08/1761642416.json"
"510807","146155","2025-12-08","52.00","NZD","1761642416","23477/2025-12-08/1761642416.json"
"581513","221281","2025-12-09","36.00","NZD","1761642416","23477/2025-12-09/1761642416.json"
"581514","221282","2025-12-09","36.00","NZD","1761642416","23477/2025-12-09/1761642416.json"
"512557","146154","2025-12-09","45.00","NZD","1761642416","23477/2025-12-09/1761642416.json"
"365170","146153","2025-12-09","48.00","NZD","1761642416","23477/2025-12-09/1761642416.json"
"510807","146155","2025-12-09","52.00","NZD","1761642416","23477/2025-12-09/1761642416.json"
"581513","221281","2025-12-11","36.00","NZD","1761642416","23477/2025-12-11/1761642416.json"
"581514","221282","2025-12-11","36.00","NZD","1761642416","23477/2025-12-11/1761642416.json"
"512557","146154","2025-12-11","45.00","NZD","1761642416","23477/2025-12-11/1761642416.json"
"365170","146153","2025-12-11","48.00","NZD","1761642416","23477/2025-12-11/1761642416.json"
"510807","146155","2025-12-11","52.00","NZD","1761642416","23477/2025-12-11/1761642416.json"
"581513","221281","2025-12-10","36.00","NZD","1761642416","23477/2025-12-10/1761642416.json"
"581514","221282","2025-12-10","36.00","NZD","1761642416","23477/2025-12-10/1761642416.json"
"512557","146154","2025-12-10","45.00","NZD","1761642416","23477/2025-12-10/1761642416.json"
"365170","146153","2025-12-10","48.00","NZD","1761642416","23477/2025-12-10/1761642416.json"
"510807","146155","2025-12-10","52.00","NZD","1761642416","23477/2025-12-10/1761642416.json"
"581513","221281","2025-12-12","36.00","NZD","1761642416","23477/2025-12-12/1761642416.json"
"581514","221282","2025-12-12","36.00","NZD","1761642416","23477/2025-12-12/1761642416.json"
"512557","146154","2025-12-12","45.00","NZD","1761642416","23477/2025-12-12/1761642416.json"
"365170","146153","2025-12-12","48.00","NZD","1761642416","23477/2025-12-12/1761642416.json"
"510807","146155","2025-12-12","52.00","NZD","1761642416","23477/2025-12-12/1761642416.json"
"581513","221281","2025-12-13","36.00","NZD","1761642416","23477/2025-12-13/1761642416.json"
"581514","221282","2025-12-13","36.00","NZD","1761642416","23477/2025-12-13/1761642416.json"
"512557","146154","2025-12-13","45.00","NZD","1761642416","23477/2025-12-13/1761642416.json"
"365170","146153","2025-12-13","48.00","NZD","1761642416","23477/2025-12-13/1761642416.json"
"510807","146155","2025-12-13","52.00","NZD","1761642416","23477/2025-12-13/1761642416.json"
"581513","221281","2025-12-14","36.00","NZD","1761642416","23477/2025-12-14/1761642416.json"
"581514","221282","2025-12-14","36.00","NZD","1761642416","23477/2025-12-14/1761642416.json"
"512557","146154","2025-12-14","45.00","NZD","1761642416","23477/2025-12-14/1761642416.json"
"365170","146153","2025-12-14","48.00","NZD","1761642416","23477/2025-12-14/1761642416.json"
"510807","146155","2025-12-14","52.00","NZD","1761642416","23477/2025-12-14/1761642416.json"
"581513","221281","2025-12-15","36.00","NZD","1761642416","23477/2025-12-15/1761642416.json"
"581514","221282","2025-12-15","36.00","NZD","1761642416","23477/2025-12-15/1761642416.json"
"512557","146154","2025-12-15","45.00","NZD","1761642416","23477/2025-12-15/1761642416.json"
"365170","146153","2025-12-15","48.00","NZD","1761642416","23477/2025-12-15/1761642416.json"
"510807","146155","2025-12-15","52.00","NZD","1761642416","23477/2025-12-15/1761642416.json"
"581513","221281","2025-12-17","36.00","NZD","1761642416","23477/2025-12-17/1761642416.json"
"581514","221282","2025-12-17","36.00","NZD","1761642416","23477/2025-12-17/1761642416.json"
"512557","146154","2025-12-17","45.00","NZD","1761642416","23477/2025-12-17/1761642416.json"
"581513","221281","2025-12-16","36.00","NZD","1761642416","23477/2025-12-16/1761642416.json"
"365170","146153","2025-12-17","48.00","NZD","1761642416","23477/2025-12-17/1761642416.json"
"510807","146155","2025-12-17","52.00","NZD","1761642416","23477/2025-12-17/1761642416.json"
"581514","221282","2025-12-16","36.00","NZD","1761642416","23477/2025-12-16/1761642416.json"
"512557","146154","2025-12-16","45.00","NZD","1761642416","23477/2025-12-16/1761642416.json"
"365170","146153","2025-12-16","48.00","NZD","1761642416","23477/2025-12-16/1761642416.json"
"510807","146155","2025-12-16","52.00","NZD","1761642416","23477/2025-12-16/1761642416.json"
"581513","221281","2025-12-18","36.00","NZD","1761642416","23477/2025-12-18/1761642416.json"
"581514","221282","2025-12-18","36.00","NZD","1761642416","23477/2025-12-18/1761642416.json"
"512557","146154","2025-12-18","45.00","NZD","1761642416","23477/2025-12-18/1761642416.json"
"365170","146153","2025-12-18","48.00","NZD","1761642416","23477/2025-12-18/1761642416.json"
"510807","146155","2025-12-18","52.00","NZD","1761642416","23477/2025-12-18/1761642416.json"
"581513","221281","2025-12-19","36.00","NZD","1761642416","23477/2025-12-19/1761642416.json"
"581514","221282","2025-12-19","36.00","NZD","1761642416","23477/2025-12-19/1761642416.json"
"512557","146154","2025-12-19","45.00","NZD","1761642416","23477/2025-12-19/1761642416.json"
"365170","146153","2025-12-19","48.00","NZD","1761642416","23477/2025-12-19/1761642416.json"
"510807","146155","2025-12-19","52.00","NZD","1761642416","23477/2025-12-19/1761642416.json"
"581513","221281","2025-12-21","36.00","NZD","1761642416","23477/2025-12-21/1761642416.json"
"581514","221282","2025-12-21","36.00","NZD","1761642416","23477/2025-12-21/1761642416.json"
"512557","146154","2025-12-21","45.00","NZD","1761642416","23477/2025-12-21/1761642416.json"
"365170","146153","2025-12-21","48.00","NZD","1761642416","23477/2025-12-21/1761642416.json"
"510807","146155","2025-12-21","52.00","NZD","1761642416","23477/2025-12-21/1761642416.json"
"581513","221281","2025-12-20","36.00","NZD","1761642416","23477/2025-12-20/1761642416.json"
"581514","221282","2025-12-20","36.00","NZD","1761642416","23477/2025-12-20/1761642416.json"
"512557","146154","2025-12-20","45.00","NZD","1761642416","23477/2025-12-20/1761642416.json"
"365170","146153","2025-12-20","48.00","NZD","1761642416","23477/2025-12-20/1761642416.json"
"510807","146155","2025-12-20","52.00","NZD","1761642416","23477/2025-12-20/1761642416.json"
"581513","221281","2025-12-22","36.00","NZD","1761642416","23477/2025-12-22/1761642416.json"
"581514","221282","2025-12-22","36.00","NZD","1761642416","23477/2025-12-22/1761642416.json"
"512557","146154","2025-12-22","45.00","NZD","1761642416","23477/2025-12-22/1761642416.json"
"365170","146153","2025-12-22","48.00","NZD","1761642416","23477/2025-12-22/1761642416.json"
"510807","146155","2025-12-22","52.00","NZD","1761642416","23477/2025-12-22/1761642416.json"
"581513","221281","2025-12-23","38.00","NZD","1761642416","23477/2025-12-23/1761642416.json"
"581514","221282","2025-12-23","38.00","NZD","1761642416","23477/2025-12-23/1761642416.json"
"512557","146154","2025-12-23","45.00","NZD","1761642416","23477/2025-12-23/1761642416.json"
"365170","146153","2025-12-23","48.00","NZD","1761642416","23477/2025-12-23/1761642416.json"
"510807","146155","2025-12-23","52.00","NZD","1761642416","23477/2025-12-23/1761642416.json"
"581513","221281","2025-12-24","38.00","NZD","1761642416","23477/2025-12-24/1761642416.json"
"581514","221282","2025-12-24","38.00","NZD","1761642416","23477/2025-12-24/1761642416.json"
"512557","146154","2025-12-24","45.00","NZD","1761642416","23477/2025-12-24/1761642416.json"
"365170","146153","2025-12-24","48.00","NZD","1761642416","23477/2025-12-24/1761642416.json"
"510807","146155","2025-12-24","52.00","NZD","1761642416","23477/2025-12-24/1761642416.json"
"581513","221281","2025-12-27","42.00","NZD","1761642416","23477/2025-12-27/1761642416.json"
"581514","221282","2025-12-27","42.00","NZD","1761642416","23477/2025-12-27/1761642416.json"
"512557","146154","2025-12-27","45.00","NZD","1761642416","23477/2025-12-27/1761642416.json"
"365170","146153","2025-12-27","48.00","NZD","1761642416","23477/2025-12-27/1761642416.json"
"510807","146155","2025-12-27","52.00","NZD","1761642416","23477/2025-12-27/1761642416.json"
"581513","221281","2025-12-26","42.00","NZD","1761642416","23477/2025-12-26/1761642416.json"
"581514","221282","2025-12-26","42.00","NZD","1761642416","23477/2025-12-26/1761642416.json"
"512557","146154","2025-12-26","45.00","NZD","1761642416","23477/2025-12-26/1761642416.json"
"365170","146153","2025-12-26","48.00","NZD","1761642416","23477/2025-12-26/1761642416.json"
"510807","146155","2025-12-26","52.00","NZD","1761642416","23477/2025-12-26/1761642416.json"
"581513","221281","2025-12-25","38.00","NZD","1761642416","23477/2025-12-25/1761642416.json"
"581514","221282","2025-12-25","38.00","NZD","1761642416","23477/2025-12-25/1761642416.json"
"512557","146154","2025-12-25","45.00","NZD","1761642416","23477/2025-12-25/1761642416.json"
"365170","146153","2025-12-25","48.00","NZD","1761642416","23477/2025-12-25/1761642416.json"
"510807","146155","2025-12-25","52.00","NZD","1761642416","23477/2025-12-25/1761642416.json"
"581513","221281","2025-10-29","36.00","NZD","1761659679","23477/2025-10-29/1761659679.json"
"581514","221282","2025-10-29","36.00","NZD","1761659679","23477/2025-10-29/1761659679.json"
"512557","146154","2025-10-29","45.00","NZD","1761659679","23477/2025-10-29/1761659679.json"
"365170","146153","2025-10-29","48.00","NZD","1761659679","23477/2025-10-29/1761659679.json"
"510807","146155","2025-10-29","52.00","NZD","1761659679","23477/2025-10-29/1761659679.json"
"581513","221281","2025-10-30","36.00","NZD","1761659679","23477/2025-10-30/1761659679.json"
"581514","221282","2025-10-30","36.00","NZD","1761659679","23477/2025-10-30/1761659679.json"
"512557","146154","2025-10-30","45.00","NZD","1761659679","23477/2025-10-30/1761659679.json"
"365170","146153","2025-10-30","48.00","NZD","1761659679","23477/2025-10-30/1761659679.json"
"510807","146155","2025-10-30","52.00","NZD","1761659679","23477/2025-10-30/1761659679.json"
"581513","221281","2025-11-01","36.00","NZD","1761659679","23477/2025-11-01/1761659679.json"
"581514","221282","2025-11-01","36.00","NZD","1761659679","23477/2025-11-01/1761659679.json"
"512557","146154","2025-11-01","45.00","NZD","1761659679","23477/2025-11-01/1761659679.json"
"365170","146153","2025-11-01","48.00","NZD","1761659679","23477/2025-11-01/1761659679.json"
"510807","146155","2025-11-01","52.00","NZD","1761659679","23477/2025-11-01/1761659679.json"
"581513","221281","2025-11-02","36.00","NZD","1761659679","23477/2025-11-02/1761659679.json"
"581514","221282","2025-11-02","36.00","NZD","1761659679","23477/2025-11-02/1761659679.json"
"512557","146154","2025-11-02","45.00","NZD","1761659679","23477/2025-11-02/1761659679.json"
"365170","146153","2025-11-02","48.00","NZD","1761659679","23477/2025-11-02/1761659679.json"
"510807","146155","2025-11-02","52.00","NZD","1761659679","23477/2025-11-02/1761659679.json"
"581513","221281","2025-11-03","36.00","NZD","1761659679","23477/2025-11-03/1761659679.json"
"581514","221282","2025-11-03","36.00","NZD","1761659679","23477/2025-11-03/1761659679.json"
"512557","146154","2025-11-03","45.00","NZD","1761659679","23477/2025-11-03/1761659679.json"
"365170","146153","2025-11-03","48.00","NZD","1761659679","23477/2025-11-03/1761659679.json"
"510807","146155","2025-11-03","52.00","NZD","1761659679","23477/2025-11-03/1761659679.json"
"581513","221281","2025-11-04","36.00","NZD","1761659679","23477/2025-11-04/1761659679.json"
"581514","221282","2025-11-04","36.00","NZD","1761659679","23477/2025-11-04/1761659679.json"
"512557","146154","2025-11-04","45.00","NZD","1761659679","23477/2025-11-04/1761659679.json"
"365170","146153","2025-11-04","48.00","NZD","1761659679","23477/2025-11-04/1761659679.json"
"510807","146155","2025-11-04","52.00","NZD","1761659679","23477/2025-11-04/1761659679.json"
"581513","221281","2025-10-31","36.00","NZD","1761659679","23477/2025-10-31/1761659679.json"
"581514","221282","2025-10-31","36.00","NZD","1761659679","23477/2025-10-31/1761659679.json"
"512557","146154","2025-10-31","45.00","NZD","1761659679","23477/2025-10-31/1761659679.json"
"365170","146153","2025-10-31","48.00","NZD","1761659679","23477/2025-10-31/1761659679.json"
"510807","146155","2025-10-31","52.00","NZD","1761659679","23477/2025-10-31/1761659679.json"
"581513","221281","2025-11-05","36.00","NZD","1761659679","23477/2025-11-05/1761659679.json"
"581514","221282","2025-11-05","36.00","NZD","1761659679","23477/2025-11-05/1761659679.json"
"512557","146154","2025-11-05","45.00","NZD","1761659679","23477/2025-11-05/1761659679.json"
"365170","146153","2025-11-05","48.00","NZD","1761659679","23477/2025-11-05/1761659679.json"
"510807","146155","2025-11-05","52.00","NZD","1761659679","23477/2025-11-05/1761659679.json"
"581513","221281","2025-11-06","36.00","NZD","1761659679","23477/2025-11-06/1761659679.json"
"581514","221282","2025-11-06","36.00","NZD","1761659679","23477/2025-11-06/1761659679.json"
"512557","146154","2025-11-06","45.00","NZD","1761659679","23477/2025-11-06/1761659679.json"
"365170","146153","2025-11-06","48.00","NZD","1761659679","23477/2025-11-06/1761659679.json"
"510807","146155","2025-11-06","52.00","NZD","1761659679","23477/2025-11-06/1761659679.json"
"581513","221281","2025-11-07","36.00","NZD","1761659679","23477/2025-11-07/1761659679.json"
"581514","221282","2025-11-07","36.00","NZD","1761659679","23477/2025-11-07/1761659679.json"
"512557","146154","2025-11-07","45.00","NZD","1761659679","23477/2025-11-07/1761659679.json"
"365170","146153","2025-11-07","48.00","NZD","1761659679","23477/2025-11-07/1761659679.json"
"510807","146155","2025-11-07","52.00","NZD","1761659679","23477/2025-11-07/1761659679.json"
"581513","221281","2025-11-08","36.00","NZD","1761659679","23477/2025-11-08/1761659679.json"
"581514","221282","2025-11-08","36.00","NZD","1761659679","23477/2025-11-08/1761659679.json"
"512557","146154","2025-11-08","45.00","NZD","1761659679","23477/2025-11-08/1761659679.json"
"365170","146153","2025-11-08","48.00","NZD","1761659679","23477/2025-11-08/1761659679.json"
"510807","146155","2025-11-08","52.00","NZD","1761659679","23477/2025-11-08/1761659679.json"
"581513","221281","2025-11-09","36.00","NZD","1761659679","23477/2025-11-09/1761659679.json"
"581514","221282","2025-11-09","36.00","NZD","1761659679","23477/2025-11-09/1761659679.json"
"512557","146154","2025-11-09","45.00","NZD","1761659679","23477/2025-11-09/1761659679.json"
"365170","146153","2025-11-09","48.00","NZD","1761659679","23477/2025-11-09/1761659679.json"
"510807","146155","2025-11-09","52.00","NZD","1761659679","23477/2025-11-09/1761659679.json"
"581513","221281","2025-11-11","36.00","NZD","1761659679","23477/2025-11-11/1761659679.json"
"581514","221282","2025-11-11","36.00","NZD","1761659679","23477/2025-11-11/1761659679.json"
"512557","146154","2025-11-11","45.00","NZD","1761659679","23477/2025-11-11/1761659679.json"
"365170","146153","2025-11-11","48.00","NZD","1761659679","23477/2025-11-11/1761659679.json"
"510807","146155","2025-11-11","52.00","NZD","1761659679","23477/2025-11-11/1761659679.json"
"581513","221281","2025-11-10","36.00","NZD","1761659679","23477/2025-11-10/1761659679.json"
"581514","221282","2025-11-10","36.00","NZD","1761659679","23477/2025-11-10/1761659679.json"
"512557","146154","2025-11-10","45.00","NZD","1761659679","23477/2025-11-10/1761659679.json"
"365170","146153","2025-11-10","48.00","NZD","1761659679","23477/2025-11-10/1761659679.json"
"510807","146155","2025-11-10","52.00","NZD","1761659679","23477/2025-11-10/1761659679.json"
"581513","221281","2025-11-12","36.00","NZD","1761659679","23477/2025-11-12/1761659679.json"
"581514","221282","2025-11-12","36.00","NZD","1761659679","23477/2025-11-12/1761659679.json"
"512557","146154","2025-11-12","45.00","NZD","1761659679","23477/2025-11-12/1761659679.json"
"365170","146153","2025-11-12","48.00","NZD","1761659679","23477/2025-11-12/1761659679.json"
"510807","146155","2025-11-12","52.00","NZD","1761659679","23477/2025-11-12/1761659679.json"
"581513","221281","2025-11-13","36.00","NZD","1761659679","23477/2025-11-13/1761659679.json"
"581514","221282","2025-11-13","36.00","NZD","1761659679","23477/2025-11-13/1761659679.json"
"512557","146154","2025-11-13","45.00","NZD","1761659679","23477/2025-11-13/1761659679.json"
"365170","146153","2025-11-13","48.00","NZD","1761659679","23477/2025-11-13/1761659679.json"
"510807","146155","2025-11-13","52.00","NZD","1761659679","23477/2025-11-13/1761659679.json"
"581513","221281","2025-11-14","36.00","NZD","1761659679","23477/2025-11-14/1761659679.json"
"581514","221282","2025-11-14","36.00","NZD","1761659679","23477/2025-11-14/1761659679.json"
"512557","146154","2025-11-14","45.00","NZD","1761659679","23477/2025-11-14/1761659679.json"
"365170","146153","2025-11-14","48.00","NZD","1761659679","23477/2025-11-14/1761659679.json"
"510807","146155","2025-11-14","52.00","NZD","1761659679","23477/2025-11-14/1761659679.json"
"581513","221281","2025-11-15","36.00","NZD","1761659679","23477/2025-11-15/1761659679.json"
"581514","221282","2025-11-15","36.00","NZD","1761659679","23477/2025-11-15/1761659679.json"
"512557","146154","2025-11-15","45.00","NZD","1761659679","23477/2025-11-15/1761659679.json"
"365170","146153","2025-11-15","48.00","NZD","1761659679","23477/2025-11-15/1761659679.json"
"510807","146155","2025-11-15","52.00","NZD","1761659679","23477/2025-11-15/1761659679.json"
"581513","221281","2025-11-16","36.00","NZD","1761659679","23477/2025-11-16/1761659679.json"
"581514","221282","2025-11-16","36.00","NZD","1761659679","23477/2025-11-16/1761659679.json"
"512557","146154","2025-11-16","45.00","NZD","1761659679","23477/2025-11-16/1761659679.json"
"365170","146153","2025-11-16","48.00","NZD","1761659679","23477/2025-11-16/1761659679.json"
"510807","146155","2025-11-16","52.00","NZD","1761659679","23477/2025-11-16/1761659679.json"
"581513","221281","2025-11-17","36.00","NZD","1761659679","23477/2025-11-17/1761659679.json"
"581514","221282","2025-11-17","36.00","NZD","1761659679","23477/2025-11-17/1761659679.json"
"512557","146154","2025-11-17","45.00","NZD","1761659679","23477/2025-11-17/1761659679.json"
"365170","146153","2025-11-17","48.00","NZD","1761659679","23477/2025-11-17/1761659679.json"
"510807","146155","2025-11-17","52.00","NZD","1761659679","23477/2025-11-17/1761659679.json"
"581513","221281","2025-11-18","36.00","NZD","1761659679","23477/2025-11-18/1761659679.json"
"581514","221282","2025-11-18","36.00","NZD","1761659679","23477/2025-11-18/1761659679.json"
"512557","146154","2025-11-18","45.00","NZD","1761659679","23477/2025-11-18/1761659679.json"
"365170","146153","2025-11-18","48.00","NZD","1761659679","23477/2025-11-18/1761659679.json"
"510807","146155","2025-11-18","52.00","NZD","1761659679","23477/2025-11-18/1761659679.json"
"581513","221281","2025-11-20","36.00","NZD","1761659679","23477/2025-11-20/1761659679.json"
"581514","221282","2025-11-20","36.00","NZD","1761659679","23477/2025-11-20/1761659679.json"
"512557","146154","2025-11-20","45.00","NZD","1761659679","23477/2025-11-20/1761659679.json"
"581513","221281","2025-11-19","36.00","NZD","1761659679","23477/2025-11-19/1761659679.json"
"581514","221282","2025-11-19","36.00","NZD","1761659679","23477/2025-11-19/1761659679.json"
"512557","146154","2025-11-19","45.00","NZD","1761659679","23477/2025-11-19/1761659679.json"
"365170","146153","2025-11-19","48.00","NZD","1761659679","23477/2025-11-19/1761659679.json"
"510807","146155","2025-11-19","52.00","NZD","1761659679","23477/2025-11-19/1761659679.json"
"581513","221281","2025-11-21","36.00","NZD","1761659679","23477/2025-11-21/1761659679.json"
"581514","221282","2025-11-21","36.00","NZD","1761659679","23477/2025-11-21/1761659679.json"
"512557","146154","2025-11-21","45.00","NZD","1761659679","23477/2025-11-21/1761659679.json"
"365170","146153","2025-11-21","48.00","NZD","1761659679","23477/2025-11-21/1761659679.json"
"510807","146155","2025-11-21","52.00","NZD","1761659679","23477/2025-11-21/1761659679.json"
"581513","221281","2025-11-22","36.00","NZD","1761659679","23477/2025-11-22/1761659679.json"
"581514","221282","2025-11-22","36.00","NZD","1761659679","23477/2025-11-22/1761659679.json"
"512557","146154","2025-11-22","45.00","NZD","1761659679","23477/2025-11-22/1761659679.json"
"365170","146153","2025-11-22","48.00","NZD","1761659679","23477/2025-11-22/1761659679.json"
"510807","146155","2025-11-22","52.00","NZD","1761659679","23477/2025-11-22/1761659679.json"
"581513","221281","2025-11-24","36.00","NZD","1761659679","23477/2025-11-24/1761659679.json"
"581514","221282","2025-11-24","36.00","NZD","1761659679","23477/2025-11-24/1761659679.json"
"512557","146154","2025-11-24","45.00","NZD","1761659679","23477/2025-11-24/1761659679.json"
"365170","146153","2025-11-24","48.00","NZD","1761659679","23477/2025-11-24/1761659679.json"
"510807","146155","2025-11-24","52.00","NZD","1761659679","23477/2025-11-24/1761659679.json"
"581513","221281","2025-11-23","36.00","NZD","1761659679","23477/2025-11-23/1761659679.json"
"581514","221282","2025-11-23","36.00","NZD","1761659679","23477/2025-11-23/1761659679.json"
"512557","146154","2025-11-23","45.00","NZD","1761659679","23477/2025-11-23/1761659679.json"
"365170","146153","2025-11-23","48.00","NZD","1761659679","23477/2025-11-23/1761659679.json"
"510807","146155","2025-11-23","52.00","NZD","1761659679","23477/2025-11-23/1761659679.json"
"581513","221281","2025-11-25","36.00","NZD","1761659679","23477/2025-11-25/1761659679.json"
"581514","221282","2025-11-25","36.00","NZD","1761659679","23477/2025-11-25/1761659679.json"
"512557","146154","2025-11-25","45.00","NZD","1761659679","23477/2025-11-25/1761659679.json"
"365170","146153","2025-11-25","48.00","NZD","1761659679","23477/2025-11-25/1761659679.json"
"510807","146155","2025-11-25","52.00","NZD","1761659679","23477/2025-11-25/1761659679.json"
"581513","221281","2025-11-27","36.00","NZD","1761659679","23477/2025-11-27/1761659679.json"
"581514","221282","2025-11-27","36.00","NZD","1761659679","23477/2025-11-27/1761659679.json"
"512557","146154","2025-11-27","45.00","NZD","1761659679","23477/2025-11-27/1761659679.json"
"365170","146153","2025-11-27","48.00","NZD","1761659679","23477/2025-11-27/1761659679.json"
"510807","146155","2025-11-27","52.00","NZD","1761659679","23477/2025-11-27/1761659679.json"
"581513","221281","2025-11-29","36.00","NZD","1761659679","23477/2025-11-29/1761659679.json"
"581514","221282","2025-11-29","36.00","NZD","1761659679","23477/2025-11-29/1761659679.json"
"512557","146154","2025-11-29","45.00","NZD","1761659679","23477/2025-11-29/1761659679.json"
"365170","146153","2025-11-29","48.00","NZD","1761659679","23477/2025-11-29/1761659679.json"
"510807","146155","2025-11-29","52.00","NZD","1761659679","23477/2025-11-29/1761659679.json"
"581513","221281","2025-11-28","36.00","NZD","1761659679","23477/2025-11-28/1761659679.json"
"581514","221282","2025-11-28","36.00","NZD","1761659679","23477/2025-11-28/1761659679.json"
"512557","146154","2025-11-28","45.00","NZD","1761659679","23477/2025-11-28/1761659679.json"
"365170","146153","2025-11-28","48.00","NZD","1761659679","23477/2025-11-28/1761659679.json"
"510807","146155","2025-11-28","52.00","NZD","1761659679","23477/2025-11-28/1761659679.json"
"581513","221281","2025-11-26","36.00","NZD","1761659679","23477/2025-11-26/1761659679.json"
"581514","221282","2025-11-26","36.00","NZD","1761659679","23477/2025-11-26/1761659679.json"
"512557","146154","2025-11-26","45.00","NZD","1761659679","23477/2025-11-26/1761659679.json"
"365170","146153","2025-11-26","48.00","NZD","1761659679","23477/2025-11-26/1761659679.json"
"510807","146155","2025-11-26","52.00","NZD","1761659679","23477/2025-11-26/1761659679.json"
"581513","221281","2025-11-30","36.00","NZD","1761659679","23477/2025-11-30/1761659679.json"
"581514","221282","2025-11-30","36.00","NZD","1761659679","23477/2025-11-30/1761659679.json"
"512557","146154","2025-11-30","45.00","NZD","1761659679","23477/2025-11-30/1761659679.json"
"365170","146153","2025-11-30","48.00","NZD","1761659679","23477/2025-11-30/1761659679.json"
"510807","146155","2025-11-30","52.00","NZD","1761659679","23477/2025-11-30/1761659679.json"
"581513","221281","2025-12-01","36.00","NZD","1761659679","23477/2025-12-01/1761659679.json"
"581514","221282","2025-12-01","36.00","NZD","1761659679","23477/2025-12-01/1761659679.json"
"512557","146154","2025-12-01","45.00","NZD","1761659679","23477/2025-12-01/1761659679.json"
"581513","221281","2025-12-03","36.00","NZD","1761659679","23477/2025-12-03/1761659679.json"
"365170","146153","2025-12-01","48.00","NZD","1761659679","23477/2025-12-01/1761659679.json"
"581514","221282","2025-12-03","36.00","NZD","1761659679","23477/2025-12-03/1761659679.json"
"510807","146155","2025-12-01","52.00","NZD","1761659679","23477/2025-12-01/1761659679.json"
"512557","146154","2025-12-03","45.00","NZD","1761659679","23477/2025-12-03/1761659679.json"
"365170","146153","2025-12-03","48.00","NZD","1761659679","23477/2025-12-03/1761659679.json"
"510807","146155","2025-12-03","52.00","NZD","1761659679","23477/2025-12-03/1761659679.json"
"581513","221281","2025-12-02","36.00","NZD","1761659679","23477/2025-12-02/1761659679.json"
"581514","221282","2025-12-02","36.00","NZD","1761659679","23477/2025-12-02/1761659679.json"
"512557","146154","2025-12-02","45.00","NZD","1761659679","23477/2025-12-02/1761659679.json"
"365170","146153","2025-12-02","48.00","NZD","1761659679","23477/2025-12-02/1761659679.json"
"510807","146155","2025-12-02","52.00","NZD","1761659679","23477/2025-12-02/1761659679.json"
"581513","221281","2025-12-04","36.00","NZD","1761659679","23477/2025-12-04/1761659679.json"
"581514","221282","2025-12-04","36.00","NZD","1761659679","23477/2025-12-04/1761659679.json"
"512557","146154","2025-12-04","45.00","NZD","1761659679","23477/2025-12-04/1761659679.json"
"365170","146153","2025-12-04","48.00","NZD","1761659679","23477/2025-12-04/1761659679.json"
"510807","146155","2025-12-04","52.00","NZD","1761659679","23477/2025-12-04/1761659679.json"
"581513","221281","2025-12-07","36.00","NZD","1761659679","23477/2025-12-07/1761659679.json"
"581514","221282","2025-12-07","36.00","NZD","1761659679","23477/2025-12-07/1761659679.json"
"512557","146154","2025-12-07","45.00","NZD","1761659679","23477/2025-12-07/1761659679.json"
"365170","146153","2025-12-07","48.00","NZD","1761659679","23477/2025-12-07/1761659679.json"
"510807","146155","2025-12-07","52.00","NZD","1761659679","23477/2025-12-07/1761659679.json"
"581513","221281","2025-12-05","36.00","NZD","1761659679","23477/2025-12-05/1761659679.json"
"581514","221282","2025-12-05","36.00","NZD","1761659679","23477/2025-12-05/1761659679.json"
"512557","146154","2025-12-05","45.00","NZD","1761659679","23477/2025-12-05/1761659679.json"
"365170","146153","2025-12-05","48.00","NZD","1761659679","23477/2025-12-05/1761659679.json"
"510807","146155","2025-12-05","52.00","NZD","1761659679","23477/2025-12-05/1761659679.json"
"581513","221281","2025-12-06","36.00","NZD","1761659679","23477/2025-12-06/1761659679.json"
"581514","221282","2025-12-06","36.00","NZD","1761659679","23477/2025-12-06/1761659679.json"
"512557","146154","2025-12-06","45.00","NZD","1761659679","23477/2025-12-06/1761659679.json"
"365170","146153","2025-12-06","48.00","NZD","1761659679","23477/2025-12-06/1761659679.json"
"510807","146155","2025-12-06","52.00","NZD","1761659679","23477/2025-12-06/1761659679.json"
"581513","221281","2025-12-08","36.00","NZD","1761659679","23477/2025-12-08/1761659679.json"
"581514","221282","2025-12-08","36.00","NZD","1761659679","23477/2025-12-08/1761659679.json"
"512557","146154","2025-12-08","45.00","NZD","1761659679","23477/2025-12-08/1761659679.json"
"365170","146153","2025-12-08","48.00","NZD","1761659679","23477/2025-12-08/1761659679.json"
"510807","146155","2025-12-08","52.00","NZD","1761659679","23477/2025-12-08/1761659679.json"
"581513","221281","2025-12-11","36.00","NZD","1761659679","23477/2025-12-11/1761659679.json"
"581514","221282","2025-12-11","36.00","NZD","1761659679","23477/2025-12-11/1761659679.json"
"512557","146154","2025-12-11","45.00","NZD","1761659679","23477/2025-12-11/1761659679.json"
"365170","146153","2025-12-11","48.00","NZD","1761659679","23477/2025-12-11/1761659679.json"
"510807","146155","2025-12-11","52.00","NZD","1761659679","23477/2025-12-11/1761659679.json"
"581513","221281","2025-12-09","36.00","NZD","1761659679","23477/2025-12-09/1761659679.json"
"581514","221282","2025-12-09","36.00","NZD","1761659679","23477/2025-12-09/1761659679.json"
"512557","146154","2025-12-09","45.00","NZD","1761659679","23477/2025-12-09/1761659679.json"
"365170","146153","2025-12-09","48.00","NZD","1761659679","23477/2025-12-09/1761659679.json"
"510807","146155","2025-12-09","52.00","NZD","1761659679","23477/2025-12-09/1761659679.json"
"581513","221281","2025-12-12","36.00","NZD","1761659679","23477/2025-12-12/1761659679.json"
"581514","221282","2025-12-12","36.00","NZD","1761659679","23477/2025-12-12/1761659679.json"
"512557","146154","2025-12-12","45.00","NZD","1761659679","23477/2025-12-12/1761659679.json"
"365170","146153","2025-12-12","48.00","NZD","1761659679","23477/2025-12-12/1761659679.json"
"510807","146155","2025-12-12","52.00","NZD","1761659679","23477/2025-12-12/1761659679.json"
"581513","221281","2025-12-13","36.00","NZD","1761659679","23477/2025-12-13/1761659679.json"
"581514","221282","2025-12-13","36.00","NZD","1761659679","23477/2025-12-13/1761659679.json"
"512557","146154","2025-12-13","45.00","NZD","1761659679","23477/2025-12-13/1761659679.json"
"365170","146153","2025-12-13","48.00","NZD","1761659679","23477/2025-12-13/1761659679.json"
"510807","146155","2025-12-13","52.00","NZD","1761659679","23477/2025-12-13/1761659679.json"
"581513","221281","2025-12-14","36.00","NZD","1761659679","23477/2025-12-14/1761659679.json"
"581514","221282","2025-12-14","36.00","NZD","1761659679","23477/2025-12-14/1761659679.json"
"512557","146154","2025-12-14","45.00","NZD","1761659679","23477/2025-12-14/1761659679.json"
"365170","146153","2025-12-14","48.00","NZD","1761659679","23477/2025-12-14/1761659679.json"
"510807","146155","2025-12-14","52.00","NZD","1761659679","23477/2025-12-14/1761659679.json"
"581513","221281","2025-12-10","36.00","NZD","1761659679","23477/2025-12-10/1761659679.json"
"581514","221282","2025-12-10","36.00","NZD","1761659679","23477/2025-12-10/1761659679.json"
"512557","146154","2025-12-10","45.00","NZD","1761659679","23477/2025-12-10/1761659679.json"
"365170","146153","2025-12-10","48.00","NZD","1761659679","23477/2025-12-10/1761659679.json"
"510807","146155","2025-12-10","52.00","NZD","1761659679","23477/2025-12-10/1761659679.json"
"581513","221281","2025-12-15","36.00","NZD","1761659679","23477/2025-12-15/1761659679.json"
"581514","221282","2025-12-15","36.00","NZD","1761659679","23477/2025-12-15/1761659679.json"
"512557","146154","2025-12-15","45.00","NZD","1761659679","23477/2025-12-15/1761659679.json"
"365170","146153","2025-12-15","48.00","NZD","1761659679","23477/2025-12-15/1761659679.json"
"510807","146155","2025-12-15","52.00","NZD","1761659679","23477/2025-12-15/1761659679.json"
"581513","221281","2025-12-18","36.00","NZD","1761659679","23477/2025-12-18/1761659679.json"
"581514","221282","2025-12-18","36.00","NZD","1761659679","23477/2025-12-18/1761659679.json"
"512557","146154","2025-12-18","45.00","NZD","1761659679","23477/2025-12-18/1761659679.json"
"365170","146153","2025-12-18","48.00","NZD","1761659679","23477/2025-12-18/1761659679.json"
"510807","146155","2025-12-18","52.00","NZD","1761659679","23477/2025-12-18/1761659679.json"
"581513","221281","2025-12-16","36.00","NZD","1761659679","23477/2025-12-16/1761659679.json"
"581514","221282","2025-12-16","36.00","NZD","1761659679","23477/2025-12-16/1761659679.json"
"512557","146154","2025-12-16","45.00","NZD","1761659679","23477/2025-12-16/1761659679.json"
"365170","146153","2025-12-16","48.00","NZD","1761659679","23477/2025-12-16/1761659679.json"
"510807","146155","2025-12-16","52.00","NZD","1761659679","23477/2025-12-16/1761659679.json"
"581513","221281","2025-12-17","36.00","NZD","1761659679","23477/2025-12-17/1761659679.json"
"581514","221282","2025-12-17","36.00","NZD","1761659679","23477/2025-12-17/1761659679.json"
"512557","146154","2025-12-17","45.00","NZD","1761659679","23477/2025-12-17/1761659679.json"
"365170","146153","2025-12-17","48.00","NZD","1761659679","23477/2025-12-17/1761659679.json"
"510807","146155","2025-12-17","52.00","NZD","1761659679","23477/2025-12-17/1761659679.json"
"581513","221281","2025-12-19","36.00","NZD","1761659679","23477/2025-12-19/1761659679.json"
"581514","221282","2025-12-19","36.00","NZD","1761659679","23477/2025-12-19/1761659679.json"
"512557","146154","2025-12-19","45.00","NZD","1761659679","23477/2025-12-19/1761659679.json"
"365170","146153","2025-12-19","48.00","NZD","1761659679","23477/2025-12-19/1761659679.json"
"510807","146155","2025-12-19","52.00","NZD","1761659679","23477/2025-12-19/1761659679.json"
"581513","221281","2025-12-21","36.00","NZD","1761659679","23477/2025-12-21/1761659679.json"
"581514","221282","2025-12-21","36.00","NZD","1761659679","23477/2025-12-21/1761659679.json"
"512557","146154","2025-12-21","45.00","NZD","1761659679","23477/2025-12-21/1761659679.json"
"365170","146153","2025-12-21","48.00","NZD","1761659679","23477/2025-12-21/1761659679.json"
"510807","146155","2025-12-21","52.00","NZD","1761659679","23477/2025-12-21/1761659679.json"
"581513","221281","2025-12-22","36.00","NZD","1761659679","23477/2025-12-22/1761659679.json"
"581514","221282","2025-12-22","36.00","NZD","1761659679","23477/2025-12-22/1761659679.json"
"512557","146154","2025-12-22","45.00","NZD","1761659679","23477/2025-12-22/1761659679.json"
"365170","146153","2025-12-22","48.00","NZD","1761659679","23477/2025-12-22/1761659679.json"
"510807","146155","2025-12-22","52.00","NZD","1761659679","23477/2025-12-22/1761659679.json"
"581513","221281","2025-12-23","38.00","NZD","1761659679","23477/2025-12-23/1761659679.json"
"581514","221282","2025-12-23","38.00","NZD","1761659679","23477/2025-12-23/1761659679.json"
"512557","146154","2025-12-23","45.00","NZD","1761659679","23477/2025-12-23/1761659679.json"
"365170","146153","2025-12-23","48.00","NZD","1761659679","23477/2025-12-23/1761659679.json"
"510807","146155","2025-12-23","52.00","NZD","1761659679","23477/2025-12-23/1761659679.json"
"581513","221281","2025-12-20","36.00","NZD","1761659679","23477/2025-12-20/1761659679.json"
"581514","221282","2025-12-20","36.00","NZD","1761659679","23477/2025-12-20/1761659679.json"
"512557","146154","2025-12-20","45.00","NZD","1761659679","23477/2025-12-20/1761659679.json"
"365170","146153","2025-12-20","48.00","NZD","1761659679","23477/2025-12-20/1761659679.json"
"510807","146155","2025-12-20","52.00","NZD","1761659679","23477/2025-12-20/1761659679.json"
"581513","221281","2025-12-24","38.00","NZD","1761659679","23477/2025-12-24/1761659679.json"
"581514","221282","2025-12-24","38.00","NZD","1761659679","23477/2025-12-24/1761659679.json"
"512557","146154","2025-12-24","45.00","NZD","1761659679","23477/2025-12-24/1761659679.json"
"365170","146153","2025-12-24","48.00","NZD","1761659679","23477/2025-12-24/1761659679.json"
"510807","146155","2025-12-24","52.00","NZD","1761659679","23477/2025-12-24/1761659679.json"
"581513","221281","2025-12-25","38.00","NZD","1761659679","23477/2025-12-25/1761659679.json"
"581514","221282","2025-12-25","38.00","NZD","1761659679","23477/2025-12-25/1761659679.json"
"512557","146154","2025-12-25","45.00","NZD","1761659679","23477/2025-12-25/1761659679.json"
"365170","146153","2025-12-25","48.00","NZD","1761659679","23477/2025-12-25/1761659679.json"
"510807","146155","2025-12-25","52.00","NZD","1761659679","23477/2025-12-25/1761659679.json"
"581513","221281","2025-12-26","42.00","NZD","1761659679","23477/2025-12-26/1761659679.json"
"581514","221282","2025-12-26","42.00","NZD","1761659679","23477/2025-12-26/1761659679.json"
"512557","146154","2025-12-26","45.00","NZD","1761659679","23477/2025-12-26/1761659679.json"
"365170","146153","2025-12-26","48.00","NZD","1761659679","23477/2025-12-26/1761659679.json"
"510807","146155","2025-12-26","52.00","NZD","1761659679","23477/2025-12-26/1761659679.json"
"581513","221281","2025-12-27","42.00","NZD","1761659679","23477/2025-12-27/1761659679.json"
"581514","221282","2025-12-27","42.00","NZD","1761659679","23477/2025-12-27/1761659679.json"
"512557","146154","2025-12-27","45.00","NZD","1761659679","23477/2025-12-27/1761659679.json"
"365170","146153","2025-12-27","48.00","NZD","1761659679","23477/2025-12-27/1761659679.json"
"510807","146155","2025-12-27","52.00","NZD","1761659679","23477/2025-12-27/1761659679.json"
"581513","221281","2025-10-30","36.00","NZD","1761671549","23477/2025-10-30/1761671549.json"
"581514","221282","2025-10-30","36.00","NZD","1761671549","23477/2025-10-30/1761671549.json"
"512557","146154","2025-10-30","45.00","NZD","1761671549","23477/2025-10-30/1761671549.json"
"365170","146153","2025-10-30","48.00","NZD","1761671549","23477/2025-10-30/1761671549.json"
"510807","146155","2025-10-30","52.00","NZD","1761671549","23477/2025-10-30/1761671549.json"
"581513","221281","2025-10-29","36.00","NZD","1761671549","23477/2025-10-29/1761671549.json"
"581514","221282","2025-10-29","36.00","NZD","1761671549","23477/2025-10-29/1761671549.json"
"512557","146154","2025-10-29","45.00","NZD","1761671549","23477/2025-10-29/1761671549.json"
"365170","146153","2025-10-29","48.00","NZD","1761671549","23477/2025-10-29/1761671549.json"
"510807","146155","2025-10-29","52.00","NZD","1761671549","23477/2025-10-29/1761671549.json"
"581513","221281","2025-10-31","36.00","NZD","1761671549","23477/2025-10-31/1761671549.json"
"581514","221282","2025-10-31","36.00","NZD","1761671549","23477/2025-10-31/1761671549.json"
"512557","146154","2025-10-31","45.00","NZD","1761671549","23477/2025-10-31/1761671549.json"
"365170","146153","2025-10-31","48.00","NZD","1761671549","23477/2025-10-31/1761671549.json"
"510807","146155","2025-10-31","52.00","NZD","1761671549","23477/2025-10-31/1761671549.json"
"581513","221281","2025-11-01","36.00","NZD","1761671549","23477/2025-11-01/1761671549.json"
"581514","221282","2025-11-01","36.00","NZD","1761671549","23477/2025-11-01/1761671549.json"
"512557","146154","2025-11-01","45.00","NZD","1761671549","23477/2025-11-01/1761671549.json"
"365170","146153","2025-11-01","48.00","NZD","1761671549","23477/2025-11-01/1761671549.json"
"510807","146155","2025-11-01","52.00","NZD","1761671549","23477/2025-11-01/1761671549.json"
"581513","221281","2025-11-03","36.00","NZD","1761671549","23477/2025-11-03/1761671549.json"
"581514","221282","2025-11-03","36.00","NZD","1761671549","23477/2025-11-03/1761671549.json"
"512557","146154","2025-11-03","45.00","NZD","1761671549","23477/2025-11-03/1761671549.json"
"365170","146153","2025-11-03","48.00","NZD","1761671549","23477/2025-11-03/1761671549.json"
"510807","146155","2025-11-03","52.00","NZD","1761671549","23477/2025-11-03/1761671549.json"
"581513","221281","2025-11-04","36.00","NZD","1761671549","23477/2025-11-04/1761671549.json"
"581514","221282","2025-11-04","36.00","NZD","1761671549","23477/2025-11-04/1761671549.json"
"512557","146154","2025-11-04","45.00","NZD","1761671549","23477/2025-11-04/1761671549.json"
"365170","146153","2025-11-04","48.00","NZD","1761671549","23477/2025-11-04/1761671549.json"
"581513","221281","2025-11-02","36.00","NZD","1761671549","23477/2025-11-02/1761671549.json"
"510807","146155","2025-11-04","52.00","NZD","1761671549","23477/2025-11-04/1761671549.json"
"581514","221282","2025-11-02","36.00","NZD","1761671549","23477/2025-11-02/1761671549.json"
"512557","146154","2025-11-02","45.00","NZD","1761671549","23477/2025-11-02/1761671549.json"
"365170","146153","2025-11-02","48.00","NZD","1761671549","23477/2025-11-02/1761671549.json"
"510807","146155","2025-11-02","52.00","NZD","1761671549","23477/2025-11-02/1761671549.json"
"581513","221281","2025-11-05","36.00","NZD","1761671549","23477/2025-11-05/1761671549.json"
"581514","221282","2025-11-05","36.00","NZD","1761671549","23477/2025-11-05/1761671549.json"
"512557","146154","2025-11-05","45.00","NZD","1761671549","23477/2025-11-05/1761671549.json"
"365170","146153","2025-11-05","48.00","NZD","1761671549","23477/2025-11-05/1761671549.json"
"510807","146155","2025-11-05","52.00","NZD","1761671549","23477/2025-11-05/1761671549.json"
"581513","221281","2025-11-06","36.00","NZD","1761671549","23477/2025-11-06/1761671549.json"
"581514","221282","2025-11-06","36.00","NZD","1761671549","23477/2025-11-06/1761671549.json"
"512557","146154","2025-11-06","45.00","NZD","1761671549","23477/2025-11-06/1761671549.json"
"365170","146153","2025-11-06","48.00","NZD","1761671549","23477/2025-11-06/1761671549.json"
"510807","146155","2025-11-06","52.00","NZD","1761671549","23477/2025-11-06/1761671549.json"
"581513","221281","2025-11-08","36.00","NZD","1761671549","23477/2025-11-08/1761671549.json"
"581514","221282","2025-11-08","36.00","NZD","1761671549","23477/2025-11-08/1761671549.json"
"512557","146154","2025-11-08","45.00","NZD","1761671549","23477/2025-11-08/1761671549.json"
"365170","146153","2025-11-08","48.00","NZD","1761671549","23477/2025-11-08/1761671549.json"
"510807","146155","2025-11-08","52.00","NZD","1761671549","23477/2025-11-08/1761671549.json"
"581513","221281","2025-11-07","36.00","NZD","1761671549","23477/2025-11-07/1761671549.json"
"581514","221282","2025-11-07","36.00","NZD","1761671549","23477/2025-11-07/1761671549.json"
"512557","146154","2025-11-07","45.00","NZD","1761671549","23477/2025-11-07/1761671549.json"
"365170","146153","2025-11-07","48.00","NZD","1761671549","23477/2025-11-07/1761671549.json"
"510807","146155","2025-11-07","52.00","NZD","1761671549","23477/2025-11-07/1761671549.json"
"581513","221281","2025-11-09","36.00","NZD","1761671549","23477/2025-11-09/1761671549.json"
"581514","221282","2025-11-09","36.00","NZD","1761671549","23477/2025-11-09/1761671549.json"
"512557","146154","2025-11-09","45.00","NZD","1761671549","23477/2025-11-09/1761671549.json"
"365170","146153","2025-11-09","48.00","NZD","1761671549","23477/2025-11-09/1761671549.json"
"510807","146155","2025-11-09","52.00","NZD","1761671549","23477/2025-11-09/1761671549.json"
"581513","221281","2025-11-10","36.00","NZD","1761671549","23477/2025-11-10/1761671549.json"
"581514","221282","2025-11-10","36.00","NZD","1761671549","23477/2025-11-10/1761671549.json"
"512557","146154","2025-11-10","45.00","NZD","1761671549","23477/2025-11-10/1761671549.json"
"365170","146153","2025-11-10","48.00","NZD","1761671549","23477/2025-11-10/1761671549.json"
"510807","146155","2025-11-10","52.00","NZD","1761671549","23477/2025-11-10/1761671549.json"
"581513","221281","2025-11-11","36.00","NZD","1761671549","23477/2025-11-11/1761671549.json"
"581514","221282","2025-11-11","36.00","NZD","1761671549","23477/2025-11-11/1761671549.json"
"512557","146154","2025-11-11","45.00","NZD","1761671549","23477/2025-11-11/1761671549.json"
"365170","146153","2025-11-11","48.00","NZD","1761671549","23477/2025-11-11/1761671549.json"
"510807","146155","2025-11-11","52.00","NZD","1761671549","23477/2025-11-11/1761671549.json"
"581513","221281","2025-11-12","36.00","NZD","1761671549","23477/2025-11-12/1761671549.json"
"581514","221282","2025-11-12","36.00","NZD","1761671549","23477/2025-11-12/1761671549.json"
"512557","146154","2025-11-12","45.00","NZD","1761671549","23477/2025-11-12/1761671549.json"
"365170","146153","2025-11-12","48.00","NZD","1761671549","23477/2025-11-12/1761671549.json"
"510807","146155","2025-11-12","52.00","NZD","1761671549","23477/2025-11-12/1761671549.json"
"581513","221281","2025-11-14","36.00","NZD","1761671549","23477/2025-11-14/1761671549.json"
"581514","221282","2025-11-14","36.00","NZD","1761671549","23477/2025-11-14/1761671549.json"
"512557","146154","2025-11-14","45.00","NZD","1761671549","23477/2025-11-14/1761671549.json"
"365170","146153","2025-11-14","48.00","NZD","1761671549","23477/2025-11-14/1761671549.json"
"510807","146155","2025-11-14","52.00","NZD","1761671549","23477/2025-11-14/1761671549.json"
"581513","221281","2025-11-15","36.00","NZD","1761671549","23477/2025-11-15/1761671549.json"
"581514","221282","2025-11-15","36.00","NZD","1761671549","23477/2025-11-15/1761671549.json"
"512557","146154","2025-11-15","45.00","NZD","1761671549","23477/2025-11-15/1761671549.json"
"365170","146153","2025-11-15","48.00","NZD","1761671549","23477/2025-11-15/1761671549.json"
"510807","146155","2025-11-15","52.00","NZD","1761671549","23477/2025-11-15/1761671549.json"
"581513","221281","2025-11-16","36.00","NZD","1761671549","23477/2025-11-16/1761671549.json"
"581514","221282","2025-11-16","36.00","NZD","1761671549","23477/2025-11-16/1761671549.json"
"512557","146154","2025-11-16","45.00","NZD","1761671549","23477/2025-11-16/1761671549.json"
"365170","146153","2025-11-16","48.00","NZD","1761671549","23477/2025-11-16/1761671549.json"
"510807","146155","2025-11-16","52.00","NZD","1761671549","23477/2025-11-16/1761671549.json"
"581513","221281","2025-11-13","36.00","NZD","1761671549","23477/2025-11-13/1761671549.json"
"581514","221282","2025-11-13","36.00","NZD","1761671549","23477/2025-11-13/1761671549.json"
"512557","146154","2025-11-13","45.00","NZD","1761671549","23477/2025-11-13/1761671549.json"
"365170","146153","2025-11-13","48.00","NZD","1761671549","23477/2025-11-13/1761671549.json"
"510807","146155","2025-11-13","52.00","NZD","1761671549","23477/2025-11-13/1761671549.json"
"581513","221281","2025-11-18","36.00","NZD","1761671549","23477/2025-11-18/1761671549.json"
"581514","221282","2025-11-18","36.00","NZD","1761671549","23477/2025-11-18/1761671549.json"
"512557","146154","2025-11-18","45.00","NZD","1761671549","23477/2025-11-18/1761671549.json"
"365170","146153","2025-11-18","48.00","NZD","1761671549","23477/2025-11-18/1761671549.json"
"510807","146155","2025-11-18","52.00","NZD","1761671549","23477/2025-11-18/1761671549.json"
"581513","221281","2025-11-19","36.00","NZD","1761671549","23477/2025-11-19/1761671549.json"
"581514","221282","2025-11-19","36.00","NZD","1761671549","23477/2025-11-19/1761671549.json"
"512557","146154","2025-11-19","45.00","NZD","1761671549","23477/2025-11-19/1761671549.json"
"365170","146153","2025-11-19","48.00","NZD","1761671549","23477/2025-11-19/1761671549.json"
"510807","146155","2025-11-19","52.00","NZD","1761671549","23477/2025-11-19/1761671549.json"
"581513","221281","2025-11-17","36.00","NZD","1761671549","23477/2025-11-17/1761671549.json"
"581514","221282","2025-11-17","36.00","NZD","1761671549","23477/2025-11-17/1761671549.json"
"512557","146154","2025-11-17","45.00","NZD","1761671549","23477/2025-11-17/1761671549.json"
"365170","146153","2025-11-17","48.00","NZD","1761671549","23477/2025-11-17/1761671549.json"
"510807","146155","2025-11-17","52.00","NZD","1761671549","23477/2025-11-17/1761671549.json"
"581513","221281","2025-11-20","36.00","NZD","1761671549","23477/2025-11-20/1761671549.json"
"581514","221282","2025-11-20","36.00","NZD","1761671549","23477/2025-11-20/1761671549.json"
"512557","146154","2025-11-20","45.00","NZD","1761671549","23477/2025-11-20/1761671549.json"
"581513","221281","2025-11-21","36.00","NZD","1761671549","23477/2025-11-21/1761671549.json"
"581514","221282","2025-11-21","36.00","NZD","1761671549","23477/2025-11-21/1761671549.json"
"512557","146154","2025-11-21","45.00","NZD","1761671549","23477/2025-11-21/1761671549.json"
"365170","146153","2025-11-21","48.00","NZD","1761671549","23477/2025-11-21/1761671549.json"
"510807","146155","2025-11-21","52.00","NZD","1761671549","23477/2025-11-21/1761671549.json"
"581513","221281","2025-11-22","36.00","NZD","1761671549","23477/2025-11-22/1761671549.json"
"581514","221282","2025-11-22","36.00","NZD","1761671549","23477/2025-11-22/1761671549.json"
"512557","146154","2025-11-22","45.00","NZD","1761671549","23477/2025-11-22/1761671549.json"
"365170","146153","2025-11-22","48.00","NZD","1761671549","23477/2025-11-22/1761671549.json"
"510807","146155","2025-11-22","52.00","NZD","1761671549","23477/2025-11-22/1761671549.json"
"581513","221281","2025-11-23","36.00","NZD","1761671549","23477/2025-11-23/1761671549.json"
"581514","221282","2025-11-23","36.00","NZD","1761671549","23477/2025-11-23/1761671549.json"
"512557","146154","2025-11-23","45.00","NZD","1761671549","23477/2025-11-23/1761671549.json"
"365170","146153","2025-11-23","48.00","NZD","1761671549","23477/2025-11-23/1761671549.json"
"510807","146155","2025-11-23","52.00","NZD","1761671549","23477/2025-11-23/1761671549.json"
"581513","221281","2025-11-25","36.00","NZD","1761671549","23477/2025-11-25/1761671549.json"
"581514","221282","2025-11-25","36.00","NZD","1761671549","23477/2025-11-25/1761671549.json"
"512557","146154","2025-11-25","45.00","NZD","1761671549","23477/2025-11-25/1761671549.json"
"365170","146153","2025-11-25","48.00","NZD","1761671549","23477/2025-11-25/1761671549.json"
"510807","146155","2025-11-25","52.00","NZD","1761671549","23477/2025-11-25/1761671549.json"
"581513","221281","2025-11-24","36.00","NZD","1761671549","23477/2025-11-24/1761671549.json"
"581514","221282","2025-11-24","36.00","NZD","1761671549","23477/2025-11-24/1761671549.json"
"512557","146154","2025-11-24","45.00","NZD","1761671549","23477/2025-11-24/1761671549.json"
"365170","146153","2025-11-24","48.00","NZD","1761671549","23477/2025-11-24/1761671549.json"
"510807","146155","2025-11-24","52.00","NZD","1761671549","23477/2025-11-24/1761671549.json"
"581513","221281","2025-11-26","36.00","NZD","1761671549","23477/2025-11-26/1761671549.json"
"581514","221282","2025-11-26","36.00","NZD","1761671549","23477/2025-11-26/1761671549.json"
"512557","146154","2025-11-26","45.00","NZD","1761671549","23477/2025-11-26/1761671549.json"
"365170","146153","2025-11-26","48.00","NZD","1761671549","23477/2025-11-26/1761671549.json"
"510807","146155","2025-11-26","52.00","NZD","1761671549","23477/2025-11-26/1761671549.json"
"581513","221281","2025-11-27","36.00","NZD","1761671549","23477/2025-11-27/1761671549.json"
"581514","221282","2025-11-27","36.00","NZD","1761671549","23477/2025-11-27/1761671549.json"
"512557","146154","2025-11-27","45.00","NZD","1761671549","23477/2025-11-27/1761671549.json"
"365170","146153","2025-11-27","48.00","NZD","1761671549","23477/2025-11-27/1761671549.json"
"510807","146155","2025-11-27","52.00","NZD","1761671549","23477/2025-11-27/1761671549.json"
"581513","221281","2025-11-28","36.00","NZD","1761671549","23477/2025-11-28/1761671549.json"
"581514","221282","2025-11-28","36.00","NZD","1761671549","23477/2025-11-28/1761671549.json"
"512557","146154","2025-11-28","45.00","NZD","1761671549","23477/2025-11-28/1761671549.json"
"365170","146153","2025-11-28","48.00","NZD","1761671549","23477/2025-11-28/1761671549.json"
"510807","146155","2025-11-28","52.00","NZD","1761671549","23477/2025-11-28/1761671549.json"
"581513","221281","2025-11-29","36.00","NZD","1761671549","23477/2025-11-29/1761671549.json"
"581514","221282","2025-11-29","36.00","NZD","1761671549","23477/2025-11-29/1761671549.json"
"512557","146154","2025-11-29","45.00","NZD","1761671549","23477/2025-11-29/1761671549.json"
"365170","146153","2025-11-29","48.00","NZD","1761671549","23477/2025-11-29/1761671549.json"
"510807","146155","2025-11-29","52.00","NZD","1761671549","23477/2025-11-29/1761671549.json"
"581513","221281","2025-11-30","36.00","NZD","1761671549","23477/2025-11-30/1761671549.json"
"581514","221282","2025-11-30","36.00","NZD","1761671549","23477/2025-11-30/1761671549.json"
"512557","146154","2025-11-30","45.00","NZD","1761671549","23477/2025-11-30/1761671549.json"
"365170","146153","2025-11-30","48.00","NZD","1761671549","23477/2025-11-30/1761671549.json"
"510807","146155","2025-11-30","52.00","NZD","1761671549","23477/2025-11-30/1761671549.json"
"581513","221281","2025-12-01","36.00","NZD","1761671549","23477/2025-12-01/1761671549.json"
"581514","221282","2025-12-01","36.00","NZD","1761671549","23477/2025-12-01/1761671549.json"
"512557","146154","2025-12-01","45.00","NZD","1761671549","23477/2025-12-01/1761671549.json"
"365170","146153","2025-12-01","48.00","NZD","1761671549","23477/2025-12-01/1761671549.json"
"510807","146155","2025-12-01","52.00","NZD","1761671549","23477/2025-12-01/1761671549.json"
"581513","221281","2025-12-03","36.00","NZD","1761671549","23477/2025-12-03/1761671549.json"
"581514","221282","2025-12-03","36.00","NZD","1761671549","23477/2025-12-03/1761671549.json"
"512557","146154","2025-12-03","45.00","NZD","1761671549","23477/2025-12-03/1761671549.json"
"365170","146153","2025-12-03","48.00","NZD","1761671549","23477/2025-12-03/1761671549.json"
"510807","146155","2025-12-03","52.00","NZD","1761671549","23477/2025-12-03/1761671549.json"
"581513","221281","2025-12-04","36.00","NZD","1761671549","23477/2025-12-04/1761671549.json"
"581514","221282","2025-12-04","36.00","NZD","1761671549","23477/2025-12-04/1761671549.json"
"512557","146154","2025-12-04","45.00","NZD","1761671549","23477/2025-12-04/1761671549.json"
"365170","146153","2025-12-04","48.00","NZD","1761671549","23477/2025-12-04/1761671549.json"
"510807","146155","2025-12-04","52.00","NZD","1761671549","23477/2025-12-04/1761671549.json"
"581513","221281","2025-12-05","36.00","NZD","1761671549","23477/2025-12-05/1761671549.json"
"581514","221282","2025-12-05","36.00","NZD","1761671549","23477/2025-12-05/1761671549.json"
"512557","146154","2025-12-05","45.00","NZD","1761671549","23477/2025-12-05/1761671549.json"
"365170","146153","2025-12-05","48.00","NZD","1761671549","23477/2025-12-05/1761671549.json"
"510807","146155","2025-12-05","52.00","NZD","1761671549","23477/2025-12-05/1761671549.json"
"581513","221281","2025-12-02","36.00","NZD","1761671549","23477/2025-12-02/1761671549.json"
"581514","221282","2025-12-02","36.00","NZD","1761671549","23477/2025-12-02/1761671549.json"
"512557","146154","2025-12-02","45.00","NZD","1761671549","23477/2025-12-02/1761671549.json"
"365170","146153","2025-12-02","48.00","NZD","1761671549","23477/2025-12-02/1761671549.json"
"510807","146155","2025-12-02","52.00","NZD","1761671549","23477/2025-12-02/1761671549.json"
"581513","221281","2025-12-07","36.00","NZD","1761671549","23477/2025-12-07/1761671549.json"
"581514","221282","2025-12-07","36.00","NZD","1761671549","23477/2025-12-07/1761671549.json"
"512557","146154","2025-12-07","45.00","NZD","1761671549","23477/2025-12-07/1761671549.json"
"365170","146153","2025-12-07","48.00","NZD","1761671549","23477/2025-12-07/1761671549.json"
"510807","146155","2025-12-07","52.00","NZD","1761671549","23477/2025-12-07/1761671549.json"
"581513","221281","2025-12-06","36.00","NZD","1761671549","23477/2025-12-06/1761671549.json"
"581514","221282","2025-12-06","36.00","NZD","1761671549","23477/2025-12-06/1761671549.json"
"512557","146154","2025-12-06","45.00","NZD","1761671549","23477/2025-12-06/1761671549.json"
"365170","146153","2025-12-06","48.00","NZD","1761671549","23477/2025-12-06/1761671549.json"
"510807","146155","2025-12-06","52.00","NZD","1761671549","23477/2025-12-06/1761671549.json"
"581513","221281","2025-12-08","36.00","NZD","1761671549","23477/2025-12-08/1761671549.json"
"581514","221282","2025-12-08","36.00","NZD","1761671549","23477/2025-12-08/1761671549.json"
"512557","146154","2025-12-08","45.00","NZD","1761671549","23477/2025-12-08/1761671549.json"
"365170","146153","2025-12-08","48.00","NZD","1761671549","23477/2025-12-08/1761671549.json"
"510807","146155","2025-12-08","52.00","NZD","1761671549","23477/2025-12-08/1761671549.json"
"581513","221281","2025-12-09","36.00","NZD","1761671549","23477/2025-12-09/1761671549.json"
"581514","221282","2025-12-09","36.00","NZD","1761671549","23477/2025-12-09/1761671549.json"
"512557","146154","2025-12-09","45.00","NZD","1761671549","23477/2025-12-09/1761671549.json"
"365170","146153","2025-12-09","48.00","NZD","1761671549","23477/2025-12-09/1761671549.json"
"510807","146155","2025-12-09","52.00","NZD","1761671549","23477/2025-12-09/1761671549.json"
"581513","221281","2025-12-10","36.00","NZD","1761671549","23477/2025-12-10/1761671549.json"
"581514","221282","2025-12-10","36.00","NZD","1761671549","23477/2025-12-10/1761671549.json"
"512557","146154","2025-12-10","45.00","NZD","1761671549","23477/2025-12-10/1761671549.json"
"365170","146153","2025-12-10","48.00","NZD","1761671549","23477/2025-12-10/1761671549.json"
"510807","146155","2025-12-10","52.00","NZD","1761671549","23477/2025-12-10/1761671549.json"
"581513","221281","2025-12-11","36.00","NZD","1761671549","23477/2025-12-11/1761671549.json"
"581514","221282","2025-12-11","36.00","NZD","1761671549","23477/2025-12-11/1761671549.json"
"512557","146154","2025-12-11","45.00","NZD","1761671549","23477/2025-12-11/1761671549.json"
"365170","146153","2025-12-11","48.00","NZD","1761671549","23477/2025-12-11/1761671549.json"
"510807","146155","2025-12-11","52.00","NZD","1761671549","23477/2025-12-11/1761671549.json"
"581513","221281","2025-12-12","36.00","NZD","1761671549","23477/2025-12-12/1761671549.json"
"581514","221282","2025-12-12","36.00","NZD","1761671549","23477/2025-12-12/1761671549.json"
"512557","146154","2025-12-12","45.00","NZD","1761671549","23477/2025-12-12/1761671549.json"
"365170","146153","2025-12-12","48.00","NZD","1761671549","23477/2025-12-12/1761671549.json"
"510807","146155","2025-12-12","52.00","NZD","1761671549","23477/2025-12-12/1761671549.json"
"581513","221281","2025-12-14","36.00","NZD","1761671549","23477/2025-12-14/1761671549.json"
"581514","221282","2025-12-14","36.00","NZD","1761671549","23477/2025-12-14/1761671549.json"
"512557","146154","2025-12-14","45.00","NZD","1761671549","23477/2025-12-14/1761671549.json"
"365170","146153","2025-12-14","48.00","NZD","1761671549","23477/2025-12-14/1761671549.json"
"510807","146155","2025-12-14","52.00","NZD","1761671549","23477/2025-12-14/1761671549.json"
"581513","221281","2025-12-13","36.00","NZD","1761671549","23477/2025-12-13/1761671549.json"
"581514","221282","2025-12-13","36.00","NZD","1761671549","23477/2025-12-13/1761671549.json"
"512557","146154","2025-12-13","45.00","NZD","1761671549","23477/2025-12-13/1761671549.json"
"365170","146153","2025-12-13","48.00","NZD","1761671549","23477/2025-12-13/1761671549.json"
"510807","146155","2025-12-13","52.00","NZD","1761671549","23477/2025-12-13/1761671549.json"
"581513","221281","2025-12-16","36.00","NZD","1761671549","23477/2025-12-16/1761671549.json"
"581514","221282","2025-12-16","36.00","NZD","1761671549","23477/2025-12-16/1761671549.json"
"512557","146154","2025-12-16","45.00","NZD","1761671549","23477/2025-12-16/1761671549.json"
"365170","146153","2025-12-16","48.00","NZD","1761671549","23477/2025-12-16/1761671549.json"
"510807","146155","2025-12-16","52.00","NZD","1761671549","23477/2025-12-16/1761671549.json"
"581513","221281","2025-12-19","36.00","NZD","1761671549","23477/2025-12-19/1761671549.json"
"581514","221282","2025-12-19","36.00","NZD","1761671549","23477/2025-12-19/1761671549.json"
"512557","146154","2025-12-19","45.00","NZD","1761671549","23477/2025-12-19/1761671549.json"
"365170","146153","2025-12-19","48.00","NZD","1761671549","23477/2025-12-19/1761671549.json"
"510807","146155","2025-12-19","52.00","NZD","1761671549","23477/2025-12-19/1761671549.json"
"581513","221281","2025-12-15","36.00","NZD","1761671549","23477/2025-12-15/1761671549.json"
"581514","221282","2025-12-15","36.00","NZD","1761671549","23477/2025-12-15/1761671549.json"
"512557","146154","2025-12-15","45.00","NZD","1761671549","23477/2025-12-15/1761671549.json"
"365170","146153","2025-12-15","48.00","NZD","1761671549","23477/2025-12-15/1761671549.json"
"510807","146155","2025-12-15","52.00","NZD","1761671549","23477/2025-12-15/1761671549.json"
"581513","221281","2025-12-18","36.00","NZD","1761671549","23477/2025-12-18/1761671549.json"
"581514","221282","2025-12-18","36.00","NZD","1761671549","23477/2025-12-18/1761671549.json"
"512557","146154","2025-12-18","45.00","NZD","1761671549","23477/2025-12-18/1761671549.json"
"365170","146153","2025-12-18","48.00","NZD","1761671549","23477/2025-12-18/1761671549.json"
"510807","146155","2025-12-18","52.00","NZD","1761671549","23477/2025-12-18/1761671549.json"
"581513","221281","2025-12-17","36.00","NZD","1761671549","23477/2025-12-17/1761671549.json"
"581514","221282","2025-12-17","36.00","NZD","1761671549","23477/2025-12-17/1761671549.json"
"512557","146154","2025-12-17","45.00","NZD","1761671549","23477/2025-12-17/1761671549.json"
"365170","146153","2025-12-17","48.00","NZD","1761671549","23477/2025-12-17/1761671549.json"
"510807","146155","2025-12-17","52.00","NZD","1761671549","23477/2025-12-17/1761671549.json"
"581513","221281","2025-12-21","36.00","NZD","1761671549","23477/2025-12-21/1761671549.json"
"581514","221282","2025-12-21","36.00","NZD","1761671549","23477/2025-12-21/1761671549.json"
"512557","146154","2025-12-21","45.00","NZD","1761671549","23477/2025-12-21/1761671549.json"
"365170","146153","2025-12-21","48.00","NZD","1761671549","23477/2025-12-21/1761671549.json"
"510807","146155","2025-12-21","52.00","NZD","1761671549","23477/2025-12-21/1761671549.json"
"581513","221281","2025-12-20","36.00","NZD","1761671549","23477/2025-12-20/1761671549.json"
"581514","221282","2025-12-20","36.00","NZD","1761671549","23477/2025-12-20/1761671549.json"
"512557","146154","2025-12-20","45.00","NZD","1761671549","23477/2025-12-20/1761671549.json"
"365170","146153","2025-12-20","48.00","NZD","1761671549","23477/2025-12-20/1761671549.json"
"510807","146155","2025-12-20","52.00","NZD","1761671549","23477/2025-12-20/1761671549.json"
"581513","221281","2025-12-22","36.00","NZD","1761671549","23477/2025-12-22/1761671549.json"
"581514","221282","2025-12-22","36.00","NZD","1761671549","23477/2025-12-22/1761671549.json"
"512557","146154","2025-12-22","45.00","NZD","1761671549","23477/2025-12-22/1761671549.json"
"365170","146153","2025-12-22","48.00","NZD","1761671549","23477/2025-12-22/1761671549.json"
"510807","146155","2025-12-22","52.00","NZD","1761671549","23477/2025-12-22/1761671549.json"
"581513","221281","2025-12-23","38.00","NZD","1761671549","23477/2025-12-23/1761671549.json"
"581514","221282","2025-12-23","38.00","NZD","1761671549","23477/2025-12-23/1761671549.json"
"512557","146154","2025-12-23","45.00","NZD","1761671549","23477/2025-12-23/1761671549.json"
"365170","146153","2025-12-23","48.00","NZD","1761671549","23477/2025-12-23/1761671549.json"
"510807","146155","2025-12-23","52.00","NZD","1761671549","23477/2025-12-23/1761671549.json"
"581513","221281","2025-12-24","38.00","NZD","1761671549","23477/2025-12-24/1761671549.json"
"581514","221282","2025-12-24","38.00","NZD","1761671549","23477/2025-12-24/1761671549.json"
"512557","146154","2025-12-24","45.00","NZD","1761671549","23477/2025-12-24/1761671549.json"
"365170","146153","2025-12-24","48.00","NZD","1761671549","23477/2025-12-24/1761671549.json"
"510807","146155","2025-12-24","52.00","NZD","1761671549","23477/2025-12-24/1761671549.json"
"581513","221281","2025-12-26","42.00","NZD","1761671549","23477/2025-12-26/1761671549.json"
"581514","221282","2025-12-26","42.00","NZD","1761671549","23477/2025-12-26/1761671549.json"
"512557","146154","2025-12-26","45.00","NZD","1761671549","23477/2025-12-26/1761671549.json"
"365170","146153","2025-12-26","48.00","NZD","1761671549","23477/2025-12-26/1761671549.json"
"510807","146155","2025-12-26","52.00","NZD","1761671549","23477/2025-12-26/1761671549.json"
"581513","221281","2025-12-27","42.00","NZD","1761671549","23477/2025-12-27/1761671549.json"
"581514","221282","2025-12-27","42.00","NZD","1761671549","23477/2025-12-27/1761671549.json"
"512557","146154","2025-12-27","45.00","NZD","1761671549","23477/2025-12-27/1761671549.json"
"365170","146153","2025-12-27","48.00","NZD","1761671549","23477/2025-12-27/1761671549.json"
"510807","146155","2025-12-27","52.00","NZD","1761671549","23477/2025-12-27/1761671549.json"
"581513","221281","2025-12-25","38.00","NZD","1761671549","23477/2025-12-25/1761671549.json"
"581514","221282","2025-12-25","38.00","NZD","1761671549","23477/2025-12-25/1761671549.json"
"512557","146154","2025-12-25","45.00","NZD","1761671549","23477/2025-12-25/1761671549.json"
"365170","146153","2025-12-25","48.00","NZD","1761671549","23477/2025-12-25/1761671549.json"
"510807","146155","2025-12-25","52.00","NZD","1761671549","23477/2025-12-25/1761671549.json"
"581513","221281","2025-10-30","36.00","NZD","1761685041","23477/2025-10-30/1761685041.json"
"581514","221282","2025-10-30","36.00","NZD","1761685041","23477/2025-10-30/1761685041.json"
"512557","146154","2025-10-30","45.00","NZD","1761685041","23477/2025-10-30/1761685041.json"
"365170","146153","2025-10-30","48.00","NZD","1761685041","23477/2025-10-30/1761685041.json"
"510807","146155","2025-10-30","52.00","NZD","1761685041","23477/2025-10-30/1761685041.json"
"581513","221281","2025-10-29","36.00","NZD","1761685041","23477/2025-10-29/1761685041.json"
"581514","221282","2025-10-29","36.00","NZD","1761685041","23477/2025-10-29/1761685041.json"
"512557","146154","2025-10-29","45.00","NZD","1761685041","23477/2025-10-29/1761685041.json"
"365170","146153","2025-10-29","48.00","NZD","1761685041","23477/2025-10-29/1761685041.json"
"510807","146155","2025-10-29","52.00","NZD","1761685041","23477/2025-10-29/1761685041.json"
"581513","221281","2025-10-31","36.00","NZD","1761685041","23477/2025-10-31/1761685041.json"
"581514","221282","2025-10-31","36.00","NZD","1761685041","23477/2025-10-31/1761685041.json"
"512557","146154","2025-10-31","45.00","NZD","1761685041","23477/2025-10-31/1761685041.json"
"365170","146153","2025-10-31","48.00","NZD","1761685041","23477/2025-10-31/1761685041.json"
"510807","146155","2025-10-31","52.00","NZD","1761685041","23477/2025-10-31/1761685041.json"
"581513","221281","2025-11-01","36.00","NZD","1761685041","23477/2025-11-01/1761685041.json"
"581514","221282","2025-11-01","36.00","NZD","1761685041","23477/2025-11-01/1761685041.json"
"512557","146154","2025-11-01","45.00","NZD","1761685041","23477/2025-11-01/1761685041.json"
"365170","146153","2025-11-01","48.00","NZD","1761685041","23477/2025-11-01/1761685041.json"
"510807","146155","2025-11-01","52.00","NZD","1761685041","23477/2025-11-01/1761685041.json"
"581513","221281","2025-11-02","36.00","NZD","1761685041","23477/2025-11-02/1761685041.json"
"581514","221282","2025-11-02","36.00","NZD","1761685041","23477/2025-11-02/1761685041.json"
"512557","146154","2025-11-02","45.00","NZD","1761685041","23477/2025-11-02/1761685041.json"
"365170","146153","2025-11-02","48.00","NZD","1761685041","23477/2025-11-02/1761685041.json"
"510807","146155","2025-11-02","52.00","NZD","1761685041","23477/2025-11-02/1761685041.json"
"581513","221281","2025-11-04","36.00","NZD","1761685041","23477/2025-11-04/1761685041.json"
"581514","221282","2025-11-04","36.00","NZD","1761685041","23477/2025-11-04/1761685041.json"
"512557","146154","2025-11-04","45.00","NZD","1761685041","23477/2025-11-04/1761685041.json"
"365170","146153","2025-11-04","48.00","NZD","1761685041","23477/2025-11-04/1761685041.json"
"510807","146155","2025-11-04","52.00","NZD","1761685041","23477/2025-11-04/1761685041.json"
"581513","221281","2025-11-03","36.00","NZD","1761685041","23477/2025-11-03/1761685041.json"
"581514","221282","2025-11-03","36.00","NZD","1761685041","23477/2025-11-03/1761685041.json"
"512557","146154","2025-11-03","45.00","NZD","1761685041","23477/2025-11-03/1761685041.json"
"365170","146153","2025-11-03","48.00","NZD","1761685041","23477/2025-11-03/1761685041.json"
"510807","146155","2025-11-03","52.00","NZD","1761685041","23477/2025-11-03/1761685041.json"
"581513","221281","2025-11-05","36.00","NZD","1761685041","23477/2025-11-05/1761685041.json"
"581514","221282","2025-11-05","36.00","NZD","1761685041","23477/2025-11-05/1761685041.json"
"512557","146154","2025-11-05","45.00","NZD","1761685041","23477/2025-11-05/1761685041.json"
"365170","146153","2025-11-05","48.00","NZD","1761685041","23477/2025-11-05/1761685041.json"
"510807","146155","2025-11-05","52.00","NZD","1761685041","23477/2025-11-05/1761685041.json"
"581513","221281","2025-11-09","36.00","NZD","1761685041","23477/2025-11-09/1761685041.json"
"581514","221282","2025-11-09","36.00","NZD","1761685041","23477/2025-11-09/1761685041.json"
"512557","146154","2025-11-09","45.00","NZD","1761685041","23477/2025-11-09/1761685041.json"
"365170","146153","2025-11-09","48.00","NZD","1761685041","23477/2025-11-09/1761685041.json"
"510807","146155","2025-11-09","52.00","NZD","1761685041","23477/2025-11-09/1761685041.json"
"581513","221281","2025-11-08","36.00","NZD","1761685041","23477/2025-11-08/1761685041.json"
"581514","221282","2025-11-08","36.00","NZD","1761685041","23477/2025-11-08/1761685041.json"
"512557","146154","2025-11-08","45.00","NZD","1761685041","23477/2025-11-08/1761685041.json"
"365170","146153","2025-11-08","48.00","NZD","1761685041","23477/2025-11-08/1761685041.json"
"510807","146155","2025-11-08","52.00","NZD","1761685041","23477/2025-11-08/1761685041.json"
"581513","221281","2025-11-06","36.00","NZD","1761685041","23477/2025-11-06/1761685041.json"
"581514","221282","2025-11-06","36.00","NZD","1761685041","23477/2025-11-06/1761685041.json"
"512557","146154","2025-11-06","45.00","NZD","1761685041","23477/2025-11-06/1761685041.json"
"365170","146153","2025-11-06","48.00","NZD","1761685041","23477/2025-11-06/1761685041.json"
"510807","146155","2025-11-06","52.00","NZD","1761685041","23477/2025-11-06/1761685041.json"
"581513","221281","2025-11-07","36.00","NZD","1761685041","23477/2025-11-07/1761685041.json"
"581514","221282","2025-11-07","36.00","NZD","1761685041","23477/2025-11-07/1761685041.json"
"512557","146154","2025-11-07","45.00","NZD","1761685041","23477/2025-11-07/1761685041.json"
"365170","146153","2025-11-07","48.00","NZD","1761685041","23477/2025-11-07/1761685041.json"
"510807","146155","2025-11-07","52.00","NZD","1761685041","23477/2025-11-07/1761685041.json"
"581513","221281","2025-11-10","36.00","NZD","1761685041","23477/2025-11-10/1761685041.json"
"581514","221282","2025-11-10","36.00","NZD","1761685041","23477/2025-11-10/1761685041.json"
"512557","146154","2025-11-10","45.00","NZD","1761685041","23477/2025-11-10/1761685041.json"
"365170","146153","2025-11-10","48.00","NZD","1761685041","23477/2025-11-10/1761685041.json"
"510807","146155","2025-11-10","52.00","NZD","1761685041","23477/2025-11-10/1761685041.json"
"581513","221281","2025-11-11","36.00","NZD","1761685041","23477/2025-11-11/1761685041.json"
"581514","221282","2025-11-11","36.00","NZD","1761685041","23477/2025-11-11/1761685041.json"
"512557","146154","2025-11-11","45.00","NZD","1761685041","23477/2025-11-11/1761685041.json"
"365170","146153","2025-11-11","48.00","NZD","1761685041","23477/2025-11-11/1761685041.json"
"510807","146155","2025-11-11","52.00","NZD","1761685041","23477/2025-11-11/1761685041.json"
"581513","221281","2025-11-12","36.00","NZD","1761685041","23477/2025-11-12/1761685041.json"
"581514","221282","2025-11-12","36.00","NZD","1761685041","23477/2025-11-12/1761685041.json"
"512557","146154","2025-11-12","45.00","NZD","1761685041","23477/2025-11-12/1761685041.json"
"365170","146153","2025-11-12","48.00","NZD","1761685041","23477/2025-11-12/1761685041.json"
"510807","146155","2025-11-12","52.00","NZD","1761685041","23477/2025-11-12/1761685041.json"
"581513","221281","2025-11-13","36.00","NZD","1761685041","23477/2025-11-13/1761685041.json"
"581514","221282","2025-11-13","36.00","NZD","1761685041","23477/2025-11-13/1761685041.json"
"512557","146154","2025-11-13","45.00","NZD","1761685041","23477/2025-11-13/1761685041.json"
"365170","146153","2025-11-13","48.00","NZD","1761685041","23477/2025-11-13/1761685041.json"
"510807","146155","2025-11-13","52.00","NZD","1761685041","23477/2025-11-13/1761685041.json"
"581513","221281","2025-11-14","36.00","NZD","1761685041","23477/2025-11-14/1761685041.json"
"581514","221282","2025-11-14","36.00","NZD","1761685041","23477/2025-11-14/1761685041.json"
"512557","146154","2025-11-14","45.00","NZD","1761685041","23477/2025-11-14/1761685041.json"
"365170","146153","2025-11-14","48.00","NZD","1761685041","23477/2025-11-14/1761685041.json"
"510807","146155","2025-11-14","52.00","NZD","1761685041","23477/2025-11-14/1761685041.json"
"581513","221281","2025-11-17","36.00","NZD","1761685041","23477/2025-11-17/1761685041.json"
"581514","221282","2025-11-17","36.00","NZD","1761685041","23477/2025-11-17/1761685041.json"
"512557","146154","2025-11-17","45.00","NZD","1761685041","23477/2025-11-17/1761685041.json"
"365170","146153","2025-11-17","48.00","NZD","1761685041","23477/2025-11-17/1761685041.json"
"510807","146155","2025-11-17","52.00","NZD","1761685041","23477/2025-11-17/1761685041.json"
"581513","221281","2025-11-15","36.00","NZD","1761685041","23477/2025-11-15/1761685041.json"
"581514","221282","2025-11-15","36.00","NZD","1761685041","23477/2025-11-15/1761685041.json"
"512557","146154","2025-11-15","45.00","NZD","1761685041","23477/2025-11-15/1761685041.json"
"365170","146153","2025-11-15","48.00","NZD","1761685041","23477/2025-11-15/1761685041.json"
"510807","146155","2025-11-15","52.00","NZD","1761685041","23477/2025-11-15/1761685041.json"
"581513","221281","2025-11-16","36.00","NZD","1761685041","23477/2025-11-16/1761685041.json"
"581514","221282","2025-11-16","36.00","NZD","1761685041","23477/2025-11-16/1761685041.json"
"512557","146154","2025-11-16","45.00","NZD","1761685041","23477/2025-11-16/1761685041.json"
"365170","146153","2025-11-16","48.00","NZD","1761685041","23477/2025-11-16/1761685041.json"
"510807","146155","2025-11-16","52.00","NZD","1761685041","23477/2025-11-16/1761685041.json"
"581513","221281","2025-11-19","36.00","NZD","1761685041","23477/2025-11-19/1761685041.json"
"581514","221282","2025-11-19","36.00","NZD","1761685041","23477/2025-11-19/1761685041.json"
"512557","146154","2025-11-19","45.00","NZD","1761685041","23477/2025-11-19/1761685041.json"
"365170","146153","2025-11-19","48.00","NZD","1761685041","23477/2025-11-19/1761685041.json"
"510807","146155","2025-11-19","52.00","NZD","1761685041","23477/2025-11-19/1761685041.json"
"581513","221281","2025-11-18","36.00","NZD","1761685041","23477/2025-11-18/1761685041.json"
"581514","221282","2025-11-18","36.00","NZD","1761685041","23477/2025-11-18/1761685041.json"
"512557","146154","2025-11-18","45.00","NZD","1761685041","23477/2025-11-18/1761685041.json"
"365170","146153","2025-11-18","48.00","NZD","1761685041","23477/2025-11-18/1761685041.json"
"510807","146155","2025-11-18","52.00","NZD","1761685041","23477/2025-11-18/1761685041.json"
"581513","221281","2025-11-20","36.00","NZD","1761685041","23477/2025-11-20/1761685041.json"
"581514","221282","2025-11-20","36.00","NZD","1761685041","23477/2025-11-20/1761685041.json"
"512557","146154","2025-11-20","45.00","NZD","1761685041","23477/2025-11-20/1761685041.json"
"581513","221281","2025-11-21","36.00","NZD","1761685041","23477/2025-11-21/1761685041.json"
"581514","221282","2025-11-21","36.00","NZD","1761685041","23477/2025-11-21/1761685041.json"
"512557","146154","2025-11-21","45.00","NZD","1761685041","23477/2025-11-21/1761685041.json"
"365170","146153","2025-11-21","48.00","NZD","1761685041","23477/2025-11-21/1761685041.json"
"510807","146155","2025-11-21","52.00","NZD","1761685041","23477/2025-11-21/1761685041.json"
"581513","221281","2025-11-22","36.00","NZD","1761685041","23477/2025-11-22/1761685041.json"
"581514","221282","2025-11-22","36.00","NZD","1761685041","23477/2025-11-22/1761685041.json"
"512557","146154","2025-11-22","45.00","NZD","1761685041","23477/2025-11-22/1761685041.json"
"365170","146153","2025-11-22","48.00","NZD","1761685041","23477/2025-11-22/1761685041.json"
"510807","146155","2025-11-22","52.00","NZD","1761685041","23477/2025-11-22/1761685041.json"
"581513","221281","2025-11-24","36.00","NZD","1761685041","23477/2025-11-24/1761685041.json"
"581514","221282","2025-11-24","36.00","NZD","1761685041","23477/2025-11-24/1761685041.json"
"512557","146154","2025-11-24","45.00","NZD","1761685041","23477/2025-11-24/1761685041.json"
"365170","146153","2025-11-24","48.00","NZD","1761685041","23477/2025-11-24/1761685041.json"
"510807","146155","2025-11-24","52.00","NZD","1761685041","23477/2025-11-24/1761685041.json"
"581513","221281","2025-11-23","36.00","NZD","1761685041","23477/2025-11-23/1761685041.json"
"581514","221282","2025-11-23","36.00","NZD","1761685041","23477/2025-11-23/1761685041.json"
"512557","146154","2025-11-23","45.00","NZD","1761685041","23477/2025-11-23/1761685041.json"
"365170","146153","2025-11-23","48.00","NZD","1761685041","23477/2025-11-23/1761685041.json"
"510807","146155","2025-11-23","52.00","NZD","1761685041","23477/2025-11-23/1761685041.json"
"581513","221281","2025-11-28","36.00","NZD","1761685041","23477/2025-11-28/1761685041.json"
"581514","221282","2025-11-28","36.00","NZD","1761685041","23477/2025-11-28/1761685041.json"
"512557","146154","2025-11-28","45.00","NZD","1761685041","23477/2025-11-28/1761685041.json"
"365170","146153","2025-11-28","48.00","NZD","1761685041","23477/2025-11-28/1761685041.json"
"510807","146155","2025-11-28","52.00","NZD","1761685041","23477/2025-11-28/1761685041.json"
"581513","221281","2025-11-26","36.00","NZD","1761685041","23477/2025-11-26/1761685041.json"
"581514","221282","2025-11-26","36.00","NZD","1761685041","23477/2025-11-26/1761685041.json"
"512557","146154","2025-11-26","45.00","NZD","1761685041","23477/2025-11-26/1761685041.json"
"365170","146153","2025-11-26","48.00","NZD","1761685041","23477/2025-11-26/1761685041.json"
"510807","146155","2025-11-26","52.00","NZD","1761685041","23477/2025-11-26/1761685041.json"
"581513","221281","2025-11-25","36.00","NZD","1761685041","23477/2025-11-25/1761685041.json"
"581514","221282","2025-11-25","36.00","NZD","1761685041","23477/2025-11-25/1761685041.json"
"512557","146154","2025-11-25","45.00","NZD","1761685041","23477/2025-11-25/1761685041.json"
"365170","146153","2025-11-25","48.00","NZD","1761685041","23477/2025-11-25/1761685041.json"
"510807","146155","2025-11-25","52.00","NZD","1761685041","23477/2025-11-25/1761685041.json"
"581513","221281","2025-11-27","36.00","NZD","1761685041","23477/2025-11-27/1761685041.json"
"581514","221282","2025-11-27","36.00","NZD","1761685041","23477/2025-11-27/1761685041.json"
"512557","146154","2025-11-27","45.00","NZD","1761685041","23477/2025-11-27/1761685041.json"
"365170","146153","2025-11-27","48.00","NZD","1761685041","23477/2025-11-27/1761685041.json"
"510807","146155","2025-11-27","52.00","NZD","1761685041","23477/2025-11-27/1761685041.json"
"581513","221281","2025-11-29","36.00","NZD","1761685041","23477/2025-11-29/1761685041.json"
"581514","221282","2025-11-29","36.00","NZD","1761685041","23477/2025-11-29/1761685041.json"
"512557","146154","2025-11-29","45.00","NZD","1761685041","23477/2025-11-29/1761685041.json"
"365170","146153","2025-11-29","48.00","NZD","1761685041","23477/2025-11-29/1761685041.json"
"510807","146155","2025-11-29","52.00","NZD","1761685041","23477/2025-11-29/1761685041.json"
"581513","221281","2025-11-30","36.00","NZD","1761685041","23477/2025-11-30/1761685041.json"
"581514","221282","2025-11-30","36.00","NZD","1761685041","23477/2025-11-30/1761685041.json"
"512557","146154","2025-11-30","45.00","NZD","1761685041","23477/2025-11-30/1761685041.json"
"365170","146153","2025-11-30","48.00","NZD","1761685041","23477/2025-11-30/1761685041.json"
"510807","146155","2025-11-30","52.00","NZD","1761685041","23477/2025-11-30/1761685041.json"
"581513","221281","2025-12-02","36.00","NZD","1761685041","23477/2025-12-02/1761685041.json"
"581514","221282","2025-12-02","36.00","NZD","1761685041","23477/2025-12-02/1761685041.json"
"512557","146154","2025-12-02","45.00","NZD","1761685041","23477/2025-12-02/1761685041.json"
"365170","146153","2025-12-02","48.00","NZD","1761685041","23477/2025-12-02/1761685041.json"
"510807","146155","2025-12-02","52.00","NZD","1761685041","23477/2025-12-02/1761685041.json"
"581513","221281","2025-12-03","36.00","NZD","1761685041","23477/2025-12-03/1761685041.json"
"581514","221282","2025-12-03","36.00","NZD","1761685041","23477/2025-12-03/1761685041.json"
"512557","146154","2025-12-03","45.00","NZD","1761685041","23477/2025-12-03/1761685041.json"
"365170","146153","2025-12-03","48.00","NZD","1761685041","23477/2025-12-03/1761685041.json"
"510807","146155","2025-12-03","52.00","NZD","1761685041","23477/2025-12-03/1761685041.json"
"581513","221281","2025-12-01","36.00","NZD","1761685041","23477/2025-12-01/1761685041.json"
"581514","221282","2025-12-01","36.00","NZD","1761685041","23477/2025-12-01/1761685041.json"
"512557","146154","2025-12-01","45.00","NZD","1761685041","23477/2025-12-01/1761685041.json"
"365170","146153","2025-12-01","48.00","NZD","1761685041","23477/2025-12-01/1761685041.json"
"510807","146155","2025-12-01","52.00","NZD","1761685041","23477/2025-12-01/1761685041.json"
"581513","221281","2025-12-04","36.00","NZD","1761685041","23477/2025-12-04/1761685041.json"
"581514","221282","2025-12-04","36.00","NZD","1761685041","23477/2025-12-04/1761685041.json"
"512557","146154","2025-12-04","45.00","NZD","1761685041","23477/2025-12-04/1761685041.json"
"365170","146153","2025-12-04","48.00","NZD","1761685041","23477/2025-12-04/1761685041.json"
"510807","146155","2025-12-04","52.00","NZD","1761685041","23477/2025-12-04/1761685041.json"
"581513","221281","2025-12-05","36.00","NZD","1761685041","23477/2025-12-05/1761685041.json"
"581514","221282","2025-12-05","36.00","NZD","1761685041","23477/2025-12-05/1761685041.json"
"512557","146154","2025-12-05","45.00","NZD","1761685041","23477/2025-12-05/1761685041.json"
"365170","146153","2025-12-05","48.00","NZD","1761685041","23477/2025-12-05/1761685041.json"
"510807","146155","2025-12-05","52.00","NZD","1761685041","23477/2025-12-05/1761685041.json"
"581513","221281","2025-12-06","36.00","NZD","1761685041","23477/2025-12-06/1761685041.json"
"581514","221282","2025-12-06","36.00","NZD","1761685041","23477/2025-12-06/1761685041.json"
"512557","146154","2025-12-06","45.00","NZD","1761685041","23477/2025-12-06/1761685041.json"
"365170","146153","2025-12-06","48.00","NZD","1761685041","23477/2025-12-06/1761685041.json"
"510807","146155","2025-12-06","52.00","NZD","1761685041","23477/2025-12-06/1761685041.json"
"581513","221281","2025-12-07","36.00","NZD","1761685041","23477/2025-12-07/1761685041.json"
"581514","221282","2025-12-07","36.00","NZD","1761685041","23477/2025-12-07/1761685041.json"
"512557","146154","2025-12-07","45.00","NZD","1761685041","23477/2025-12-07/1761685041.json"
"365170","146153","2025-12-07","48.00","NZD","1761685041","23477/2025-12-07/1761685041.json"
"510807","146155","2025-12-07","52.00","NZD","1761685041","23477/2025-12-07/1761685041.json"
"581513","221281","2025-12-09","36.00","NZD","1761685041","23477/2025-12-09/1761685041.json"
"581514","221282","2025-12-09","36.00","NZD","1761685041","23477/2025-12-09/1761685041.json"
"512557","146154","2025-12-09","45.00","NZD","1761685041","23477/2025-12-09/1761685041.json"
"365170","146153","2025-12-09","48.00","NZD","1761685041","23477/2025-12-09/1761685041.json"
"510807","146155","2025-12-09","52.00","NZD","1761685041","23477/2025-12-09/1761685041.json"
"581513","221281","2025-12-08","36.00","NZD","1761685041","23477/2025-12-08/1761685041.json"
"581514","221282","2025-12-08","36.00","NZD","1761685041","23477/2025-12-08/1761685041.json"
"512557","146154","2025-12-08","45.00","NZD","1761685041","23477/2025-12-08/1761685041.json"
"365170","146153","2025-12-08","48.00","NZD","1761685041","23477/2025-12-08/1761685041.json"
"510807","146155","2025-12-08","52.00","NZD","1761685041","23477/2025-12-08/1761685041.json"
"581513","221281","2025-12-10","36.00","NZD","1761685041","23477/2025-12-10/1761685041.json"
"581514","221282","2025-12-10","36.00","NZD","1761685041","23477/2025-12-10/1761685041.json"
"512557","146154","2025-12-10","45.00","NZD","1761685041","23477/2025-12-10/1761685041.json"
"365170","146153","2025-12-10","48.00","NZD","1761685041","23477/2025-12-10/1761685041.json"
"510807","146155","2025-12-10","52.00","NZD","1761685041","23477/2025-12-10/1761685041.json"
"581513","221281","2025-12-12","36.00","NZD","1761685041","23477/2025-12-12/1761685041.json"
"581514","221282","2025-12-12","36.00","NZD","1761685041","23477/2025-12-12/1761685041.json"
"512557","146154","2025-12-12","45.00","NZD","1761685041","23477/2025-12-12/1761685041.json"
"365170","146153","2025-12-12","48.00","NZD","1761685041","23477/2025-12-12/1761685041.json"
"510807","146155","2025-12-12","52.00","NZD","1761685041","23477/2025-12-12/1761685041.json"
"581513","221281","2025-12-11","36.00","NZD","1761685041","23477/2025-12-11/1761685041.json"
"581514","221282","2025-12-11","36.00","NZD","1761685041","23477/2025-12-11/1761685041.json"
"512557","146154","2025-12-11","45.00","NZD","1761685041","23477/2025-12-11/1761685041.json"
"365170","146153","2025-12-11","48.00","NZD","1761685041","23477/2025-12-11/1761685041.json"
"510807","146155","2025-12-11","52.00","NZD","1761685041","23477/2025-12-11/1761685041.json"
"581513","221281","2025-12-14","36.00","NZD","1761685041","23477/2025-12-14/1761685041.json"
"581514","221282","2025-12-14","36.00","NZD","1761685041","23477/2025-12-14/1761685041.json"
"512557","146154","2025-12-14","45.00","NZD","1761685041","23477/2025-12-14/1761685041.json"
"365170","146153","2025-12-14","48.00","NZD","1761685041","23477/2025-12-14/1761685041.json"
"510807","146155","2025-12-14","52.00","NZD","1761685041","23477/2025-12-14/1761685041.json"
"581513","221281","2025-12-13","36.00","NZD","1761685041","23477/2025-12-13/1761685041.json"
"581514","221282","2025-12-13","36.00","NZD","1761685041","23477/2025-12-13/1761685041.json"
"512557","146154","2025-12-13","45.00","NZD","1761685041","23477/2025-12-13/1761685041.json"
"365170","146153","2025-12-13","48.00","NZD","1761685041","23477/2025-12-13/1761685041.json"
"510807","146155","2025-12-13","52.00","NZD","1761685041","23477/2025-12-13/1761685041.json"
"581513","221281","2025-12-15","36.00","NZD","1761685041","23477/2025-12-15/1761685041.json"
"581514","221282","2025-12-15","36.00","NZD","1761685041","23477/2025-12-15/1761685041.json"
"512557","146154","2025-12-15","45.00","NZD","1761685041","23477/2025-12-15/1761685041.json"
"365170","146153","2025-12-15","48.00","NZD","1761685041","23477/2025-12-15/1761685041.json"
"510807","146155","2025-12-15","52.00","NZD","1761685041","23477/2025-12-15/1761685041.json"
"581513","221281","2025-12-16","36.00","NZD","1761685041","23477/2025-12-16/1761685041.json"
"581514","221282","2025-12-16","36.00","NZD","1761685041","23477/2025-12-16/1761685041.json"
"512557","146154","2025-12-16","45.00","NZD","1761685041","23477/2025-12-16/1761685041.json"
"365170","146153","2025-12-16","48.00","NZD","1761685041","23477/2025-12-16/1761685041.json"
"510807","146155","2025-12-16","52.00","NZD","1761685041","23477/2025-12-16/1761685041.json"
"581513","221281","2025-12-17","36.00","NZD","1761685041","23477/2025-12-17/1761685041.json"
"581514","221282","2025-12-17","36.00","NZD","1761685041","23477/2025-12-17/1761685041.json"
"512557","146154","2025-12-17","45.00","NZD","1761685041","23477/2025-12-17/1761685041.json"
"365170","146153","2025-12-17","48.00","NZD","1761685041","23477/2025-12-17/1761685041.json"
"510807","146155","2025-12-17","52.00","NZD","1761685041","23477/2025-12-17/1761685041.json"
"581513","221281","2025-12-18","36.00","NZD","1761685041","23477/2025-12-18/1761685041.json"
"581514","221282","2025-12-18","36.00","NZD","1761685041","23477/2025-12-18/1761685041.json"
"512557","146154","2025-12-18","45.00","NZD","1761685041","23477/2025-12-18/1761685041.json"
"365170","146153","2025-12-18","48.00","NZD","1761685041","23477/2025-12-18/1761685041.json"
"510807","146155","2025-12-18","52.00","NZD","1761685041","23477/2025-12-18/1761685041.json"
"581513","221281","2025-12-20","36.00","NZD","1761685041","23477/2025-12-20/1761685041.json"
"581514","221282","2025-12-20","36.00","NZD","1761685041","23477/2025-12-20/1761685041.json"
"512557","146154","2025-12-20","45.00","NZD","1761685041","23477/2025-12-20/1761685041.json"
"365170","146153","2025-12-20","48.00","NZD","1761685041","23477/2025-12-20/1761685041.json"
"510807","146155","2025-12-20","52.00","NZD","1761685041","23477/2025-12-20/1761685041.json"
"581513","221281","2025-12-19","36.00","NZD","1761685041","23477/2025-12-19/1761685041.json"
"581514","221282","2025-12-19","36.00","NZD","1761685041","23477/2025-12-19/1761685041.json"
"512557","146154","2025-12-19","45.00","NZD","1761685041","23477/2025-12-19/1761685041.json"
"365170","146153","2025-12-19","48.00","NZD","1761685041","23477/2025-12-19/1761685041.json"
"510807","146155","2025-12-19","52.00","NZD","1761685041","23477/2025-12-19/1761685041.json"
"581513","221281","2025-12-21","36.00","NZD","1761685041","23477/2025-12-21/1761685041.json"
"581514","221282","2025-12-21","36.00","NZD","1761685041","23477/2025-12-21/1761685041.json"
"512557","146154","2025-12-21","45.00","NZD","1761685041","23477/2025-12-21/1761685041.json"
"365170","146153","2025-12-21","48.00","NZD","1761685041","23477/2025-12-21/1761685041.json"
"510807","146155","2025-12-21","52.00","NZD","1761685041","23477/2025-12-21/1761685041.json"
"581513","221281","2025-12-22","36.00","NZD","1761685041","23477/2025-12-22/1761685041.json"
"581514","221282","2025-12-22","36.00","NZD","1761685041","23477/2025-12-22/1761685041.json"
"512557","146154","2025-12-22","45.00","NZD","1761685041","23477/2025-12-22/1761685041.json"
"365170","146153","2025-12-22","48.00","NZD","1761685041","23477/2025-12-22/1761685041.json"
"510807","146155","2025-12-22","52.00","NZD","1761685041","23477/2025-12-22/1761685041.json"
"581513","221281","2025-12-23","38.00","NZD","1761685041","23477/2025-12-23/1761685041.json"
"581514","221282","2025-12-23","38.00","NZD","1761685041","23477/2025-12-23/1761685041.json"
"512557","146154","2025-12-23","45.00","NZD","1761685041","23477/2025-12-23/1761685041.json"
"365170","146153","2025-12-23","48.00","NZD","1761685041","23477/2025-12-23/1761685041.json"
"510807","146155","2025-12-23","52.00","NZD","1761685041","23477/2025-12-23/1761685041.json"
"581513","221281","2025-12-24","38.00","NZD","1761685041","23477/2025-12-24/1761685041.json"
"581514","221282","2025-12-24","38.00","NZD","1761685041","23477/2025-12-24/1761685041.json"
"512557","146154","2025-12-24","45.00","NZD","1761685041","23477/2025-12-24/1761685041.json"
"365170","146153","2025-12-24","48.00","NZD","1761685041","23477/2025-12-24/1761685041.json"
"510807","146155","2025-12-24","52.00","NZD","1761685041","23477/2025-12-24/1761685041.json"
"581513","221281","2025-12-25","38.00","NZD","1761685041","23477/2025-12-25/1761685041.json"
"581514","221282","2025-12-25","38.00","NZD","1761685041","23477/2025-12-25/1761685041.json"
"512557","146154","2025-12-25","45.00","NZD","1761685041","23477/2025-12-25/1761685041.json"
"365170","146153","2025-12-25","48.00","NZD","1761685041","23477/2025-12-25/1761685041.json"
"510807","146155","2025-12-25","52.00","NZD","1761685041","23477/2025-12-25/1761685041.json"
"581513","221281","2025-12-26","42.00","NZD","1761685041","23477/2025-12-26/1761685041.json"
"581514","221282","2025-12-26","42.00","NZD","1761685041","23477/2025-12-26/1761685041.json"
"512557","146154","2025-12-26","45.00","NZD","1761685041","23477/2025-12-26/1761685041.json"
"365170","146153","2025-12-26","48.00","NZD","1761685041","23477/2025-12-26/1761685041.json"
"510807","146155","2025-12-26","52.00","NZD","1761685041","23477/2025-12-26/1761685041.json"
"581513","221281","2025-12-27","42.00","NZD","1761685041","23477/2025-12-27/1761685041.json"
"581514","221282","2025-12-27","42.00","NZD","1761685041","23477/2025-12-27/1761685041.json"
"512557","146154","2025-12-27","45.00","NZD","1761685041","23477/2025-12-27/1761685041.json"
"365170","146153","2025-12-27","48.00","NZD","1761685041","23477/2025-12-27/1761685041.json"
"510807","146155","2025-12-27","52.00","NZD","1761685041","23477/2025-12-27/1761685041.json"
"581513","221281","2025-10-30","36.00","NZD","1761709977","23477/2025-10-30/1761709977.json"
"581514","221282","2025-10-30","36.00","NZD","1761709977","23477/2025-10-30/1761709977.json"
"512557","146154","2025-10-30","45.00","NZD","1761709977","23477/2025-10-30/1761709977.json"
"365170","146153","2025-10-30","48.00","NZD","1761709977","23477/2025-10-30/1761709977.json"
"510807","146155","2025-10-30","52.00","NZD","1761709977","23477/2025-10-30/1761709977.json"
"581513","221281","2025-10-31","36.00","NZD","1761709977","23477/2025-10-31/1761709977.json"
"581514","221282","2025-10-31","36.00","NZD","1761709977","23477/2025-10-31/1761709977.json"
"512557","146154","2025-10-31","45.00","NZD","1761709977","23477/2025-10-31/1761709977.json"
"365170","146153","2025-10-31","48.00","NZD","1761709977","23477/2025-10-31/1761709977.json"
"510807","146155","2025-10-31","52.00","NZD","1761709977","23477/2025-10-31/1761709977.json"
"581513","221281","2025-10-29","36.00","NZD","1761709977","23477/2025-10-29/1761709977.json"
"581514","221282","2025-10-29","36.00","NZD","1761709977","23477/2025-10-29/1761709977.json"
"512557","146154","2025-10-29","45.00","NZD","1761709977","23477/2025-10-29/1761709977.json"
"365170","146153","2025-10-29","48.00","NZD","1761709977","23477/2025-10-29/1761709977.json"
"510807","146155","2025-10-29","52.00","NZD","1761709977","23477/2025-10-29/1761709977.json"
"581513","221281","2025-11-01","36.00","NZD","1761709977","23477/2025-11-01/1761709977.json"
"581514","221282","2025-11-01","36.00","NZD","1761709977","23477/2025-11-01/1761709977.json"
"512557","146154","2025-11-01","45.00","NZD","1761709977","23477/2025-11-01/1761709977.json"
"365170","146153","2025-11-01","48.00","NZD","1761709977","23477/2025-11-01/1761709977.json"
"510807","146155","2025-11-01","52.00","NZD","1761709977","23477/2025-11-01/1761709977.json"
"581513","221281","2025-11-03","36.00","NZD","1761709977","23477/2025-11-03/1761709977.json"
"581514","221282","2025-11-03","36.00","NZD","1761709977","23477/2025-11-03/1761709977.json"
"512557","146154","2025-11-03","45.00","NZD","1761709977","23477/2025-11-03/1761709977.json"
"365170","146153","2025-11-03","48.00","NZD","1761709977","23477/2025-11-03/1761709977.json"
"510807","146155","2025-11-03","52.00","NZD","1761709977","23477/2025-11-03/1761709977.json"
"581513","221281","2025-11-02","36.00","NZD","1761709977","23477/2025-11-02/1761709977.json"
"581514","221282","2025-11-02","36.00","NZD","1761709977","23477/2025-11-02/1761709977.json"
"512557","146154","2025-11-02","45.00","NZD","1761709977","23477/2025-11-02/1761709977.json"
"365170","146153","2025-11-02","48.00","NZD","1761709977","23477/2025-11-02/1761709977.json"
"510807","146155","2025-11-02","52.00","NZD","1761709977","23477/2025-11-02/1761709977.json"
"581513","221281","2025-11-05","36.00","NZD","1761709977","23477/2025-11-05/1761709977.json"
"581514","221282","2025-11-05","36.00","NZD","1761709977","23477/2025-11-05/1761709977.json"
"512557","146154","2025-11-05","45.00","NZD","1761709977","23477/2025-11-05/1761709977.json"
"365170","146153","2025-11-05","48.00","NZD","1761709977","23477/2025-11-05/1761709977.json"
"510807","146155","2025-11-05","52.00","NZD","1761709977","23477/2025-11-05/1761709977.json"
"581513","221281","2025-11-04","36.00","NZD","1761709977","23477/2025-11-04/1761709977.json"
"581514","221282","2025-11-04","36.00","NZD","1761709977","23477/2025-11-04/1761709977.json"
"512557","146154","2025-11-04","45.00","NZD","1761709977","23477/2025-11-04/1761709977.json"
"365170","146153","2025-11-04","48.00","NZD","1761709977","23477/2025-11-04/1761709977.json"
"510807","146155","2025-11-04","52.00","NZD","1761709977","23477/2025-11-04/1761709977.json"
"581513","221281","2025-11-06","36.00","NZD","1761709977","23477/2025-11-06/1761709977.json"
"581514","221282","2025-11-06","36.00","NZD","1761709977","23477/2025-11-06/1761709977.json"
"512557","146154","2025-11-06","45.00","NZD","1761709977","23477/2025-11-06/1761709977.json"
"365170","146153","2025-11-06","48.00","NZD","1761709977","23477/2025-11-06/1761709977.json"
"510807","146155","2025-11-06","52.00","NZD","1761709977","23477/2025-11-06/1761709977.json"
"581513","221281","2025-11-07","36.00","NZD","1761709977","23477/2025-11-07/1761709977.json"
"581514","221282","2025-11-07","36.00","NZD","1761709977","23477/2025-11-07/1761709977.json"
"512557","146154","2025-11-07","45.00","NZD","1761709977","23477/2025-11-07/1761709977.json"
"365170","146153","2025-11-07","48.00","NZD","1761709977","23477/2025-11-07/1761709977.json"
"510807","146155","2025-11-07","52.00","NZD","1761709977","23477/2025-11-07/1761709977.json"
"581513","221281","2025-11-08","36.00","NZD","1761709977","23477/2025-11-08/1761709977.json"
"581514","221282","2025-11-08","36.00","NZD","1761709977","23477/2025-11-08/1761709977.json"
"512557","146154","2025-11-08","45.00","NZD","1761709977","23477/2025-11-08/1761709977.json"
"365170","146153","2025-11-08","48.00","NZD","1761709977","23477/2025-11-08/1761709977.json"
"510807","146155","2025-11-08","52.00","NZD","1761709977","23477/2025-11-08/1761709977.json"
"581513","221281","2025-11-09","36.00","NZD","1761709977","23477/2025-11-09/1761709977.json"
"581514","221282","2025-11-09","36.00","NZD","1761709977","23477/2025-11-09/1761709977.json"
"512557","146154","2025-11-09","45.00","NZD","1761709977","23477/2025-11-09/1761709977.json"
"365170","146153","2025-11-09","48.00","NZD","1761709977","23477/2025-11-09/1761709977.json"
"510807","146155","2025-11-09","52.00","NZD","1761709977","23477/2025-11-09/1761709977.json"
"581513","221281","2025-11-10","36.00","NZD","1761709977","23477/2025-11-10/1761709977.json"
"581514","221282","2025-11-10","36.00","NZD","1761709977","23477/2025-11-10/1761709977.json"
"512557","146154","2025-11-10","45.00","NZD","1761709977","23477/2025-11-10/1761709977.json"
"365170","146153","2025-11-10","48.00","NZD","1761709977","23477/2025-11-10/1761709977.json"
"510807","146155","2025-11-10","52.00","NZD","1761709977","23477/2025-11-10/1761709977.json"
"581513","221281","2025-11-11","36.00","NZD","1761709977","23477/2025-11-11/1761709977.json"
"581514","221282","2025-11-11","36.00","NZD","1761709977","23477/2025-11-11/1761709977.json"
"512557","146154","2025-11-11","45.00","NZD","1761709977","23477/2025-11-11/1761709977.json"
"365170","146153","2025-11-11","48.00","NZD","1761709977","23477/2025-11-11/1761709977.json"
"510807","146155","2025-11-11","52.00","NZD","1761709977","23477/2025-11-11/1761709977.json"
"581513","221281","2025-11-13","36.00","NZD","1761709977","23477/2025-11-13/1761709977.json"
"581514","221282","2025-11-13","36.00","NZD","1761709977","23477/2025-11-13/1761709977.json"
"512557","146154","2025-11-13","45.00","NZD","1761709977","23477/2025-11-13/1761709977.json"
"365170","146153","2025-11-13","48.00","NZD","1761709977","23477/2025-11-13/1761709977.json"
"510807","146155","2025-11-13","52.00","NZD","1761709977","23477/2025-11-13/1761709977.json"
"581513","221281","2025-11-12","36.00","NZD","1761709977","23477/2025-11-12/1761709977.json"
"581514","221282","2025-11-12","36.00","NZD","1761709977","23477/2025-11-12/1761709977.json"
"512557","146154","2025-11-12","45.00","NZD","1761709977","23477/2025-11-12/1761709977.json"
"365170","146153","2025-11-12","48.00","NZD","1761709977","23477/2025-11-12/1761709977.json"
"510807","146155","2025-11-12","52.00","NZD","1761709977","23477/2025-11-12/1761709977.json"
"581513","221281","2025-11-15","36.00","NZD","1761709977","23477/2025-11-15/1761709977.json"
"581514","221282","2025-11-15","36.00","NZD","1761709977","23477/2025-11-15/1761709977.json"
"512557","146154","2025-11-15","45.00","NZD","1761709977","23477/2025-11-15/1761709977.json"
"365170","146153","2025-11-15","48.00","NZD","1761709977","23477/2025-11-15/1761709977.json"
"510807","146155","2025-11-15","52.00","NZD","1761709977","23477/2025-11-15/1761709977.json"
"581513","221281","2025-11-14","36.00","NZD","1761709977","23477/2025-11-14/1761709977.json"
"581514","221282","2025-11-14","36.00","NZD","1761709977","23477/2025-11-14/1761709977.json"
"512557","146154","2025-11-14","45.00","NZD","1761709977","23477/2025-11-14/1761709977.json"
"365170","146153","2025-11-14","48.00","NZD","1761709977","23477/2025-11-14/1761709977.json"
"510807","146155","2025-11-14","52.00","NZD","1761709977","23477/2025-11-14/1761709977.json"
"581513","221281","2025-11-17","36.00","NZD","1761709977","23477/2025-11-17/1761709977.json"
"581514","221282","2025-11-17","36.00","NZD","1761709977","23477/2025-11-17/1761709977.json"
"512557","146154","2025-11-17","45.00","NZD","1761709977","23477/2025-11-17/1761709977.json"
"365170","146153","2025-11-17","48.00","NZD","1761709977","23477/2025-11-17/1761709977.json"
"510807","146155","2025-11-17","52.00","NZD","1761709977","23477/2025-11-17/1761709977.json"
"581513","221281","2025-11-16","36.00","NZD","1761709977","23477/2025-11-16/1761709977.json"
"581514","221282","2025-11-16","36.00","NZD","1761709977","23477/2025-11-16/1761709977.json"
"512557","146154","2025-11-16","45.00","NZD","1761709977","23477/2025-11-16/1761709977.json"
"365170","146153","2025-11-16","48.00","NZD","1761709977","23477/2025-11-16/1761709977.json"
"510807","146155","2025-11-16","52.00","NZD","1761709977","23477/2025-11-16/1761709977.json"
"581513","221281","2025-11-18","36.00","NZD","1761709977","23477/2025-11-18/1761709977.json"
"581514","221282","2025-11-18","36.00","NZD","1761709977","23477/2025-11-18/1761709977.json"
"512557","146154","2025-11-18","45.00","NZD","1761709977","23477/2025-11-18/1761709977.json"
"365170","146153","2025-11-18","48.00","NZD","1761709977","23477/2025-11-18/1761709977.json"
"510807","146155","2025-11-18","52.00","NZD","1761709977","23477/2025-11-18/1761709977.json"
"581513","221281","2025-11-21","36.00","NZD","1761709977","23477/2025-11-21/1761709977.json"
"581514","221282","2025-11-21","36.00","NZD","1761709977","23477/2025-11-21/1761709977.json"
"512557","146154","2025-11-21","45.00","NZD","1761709977","23477/2025-11-21/1761709977.json"
"365170","146153","2025-11-21","48.00","NZD","1761709977","23477/2025-11-21/1761709977.json"
"510807","146155","2025-11-21","52.00","NZD","1761709977","23477/2025-11-21/1761709977.json"
"581513","221281","2025-11-20","36.00","NZD","1761709977","23477/2025-11-20/1761709977.json"
"581514","221282","2025-11-20","36.00","NZD","1761709977","23477/2025-11-20/1761709977.json"
"512557","146154","2025-11-20","45.00","NZD","1761709977","23477/2025-11-20/1761709977.json"
"581513","221281","2025-11-19","36.00","NZD","1761709977","23477/2025-11-19/1761709977.json"
"581514","221282","2025-11-19","36.00","NZD","1761709977","23477/2025-11-19/1761709977.json"
"512557","146154","2025-11-19","45.00","NZD","1761709977","23477/2025-11-19/1761709977.json"
"365170","146153","2025-11-19","48.00","NZD","1761709977","23477/2025-11-19/1761709977.json"
"510807","146155","2025-11-19","52.00","NZD","1761709977","23477/2025-11-19/1761709977.json"
"581513","221281","2025-11-22","36.00","NZD","1761709977","23477/2025-11-22/1761709977.json"
"581514","221282","2025-11-22","36.00","NZD","1761709977","23477/2025-11-22/1761709977.json"
"512557","146154","2025-11-22","45.00","NZD","1761709977","23477/2025-11-22/1761709977.json"
"365170","146153","2025-11-22","48.00","NZD","1761709977","23477/2025-11-22/1761709977.json"
"510807","146155","2025-11-22","52.00","NZD","1761709977","23477/2025-11-22/1761709977.json"
"581513","221281","2025-11-24","36.00","NZD","1761709977","23477/2025-11-24/1761709977.json"
"581514","221282","2025-11-24","36.00","NZD","1761709977","23477/2025-11-24/1761709977.json"
"512557","146154","2025-11-24","45.00","NZD","1761709977","23477/2025-11-24/1761709977.json"
"365170","146153","2025-11-24","48.00","NZD","1761709977","23477/2025-11-24/1761709977.json"
"510807","146155","2025-11-24","52.00","NZD","1761709977","23477/2025-11-24/1761709977.json"
"581513","221281","2025-11-25","36.00","NZD","1761709977","23477/2025-11-25/1761709977.json"
"581514","221282","2025-11-25","36.00","NZD","1761709977","23477/2025-11-25/1761709977.json"
"512557","146154","2025-11-25","45.00","NZD","1761709977","23477/2025-11-25/1761709977.json"
"365170","146153","2025-11-25","48.00","NZD","1761709977","23477/2025-11-25/1761709977.json"
"510807","146155","2025-11-25","52.00","NZD","1761709977","23477/2025-11-25/1761709977.json"
"581513","221281","2025-11-23","36.00","NZD","1761709977","23477/2025-11-23/1761709977.json"
"581514","221282","2025-11-23","36.00","NZD","1761709977","23477/2025-11-23/1761709977.json"
"512557","146154","2025-11-23","45.00","NZD","1761709977","23477/2025-11-23/1761709977.json"
"365170","146153","2025-11-23","48.00","NZD","1761709977","23477/2025-11-23/1761709977.json"
"510807","146155","2025-11-23","52.00","NZD","1761709977","23477/2025-11-23/1761709977.json"
"581513","221281","2025-11-26","36.00","NZD","1761709977","23477/2025-11-26/1761709977.json"
"581514","221282","2025-11-26","36.00","NZD","1761709977","23477/2025-11-26/1761709977.json"
"512557","146154","2025-11-26","45.00","NZD","1761709977","23477/2025-11-26/1761709977.json"
"365170","146153","2025-11-26","48.00","NZD","1761709977","23477/2025-11-26/1761709977.json"
"510807","146155","2025-11-26","52.00","NZD","1761709977","23477/2025-11-26/1761709977.json"
"581513","221281","2025-11-28","36.00","NZD","1761709977","23477/2025-11-28/1761709977.json"
"581514","221282","2025-11-28","36.00","NZD","1761709977","23477/2025-11-28/1761709977.json"
"512557","146154","2025-11-28","45.00","NZD","1761709977","23477/2025-11-28/1761709977.json"
"365170","146153","2025-11-28","48.00","NZD","1761709977","23477/2025-11-28/1761709977.json"
"510807","146155","2025-11-28","52.00","NZD","1761709977","23477/2025-11-28/1761709977.json"
"581513","221281","2025-11-29","36.00","NZD","1761709977","23477/2025-11-29/1761709977.json"
"581514","221282","2025-11-29","36.00","NZD","1761709977","23477/2025-11-29/1761709977.json"
"512557","146154","2025-11-29","45.00","NZD","1761709977","23477/2025-11-29/1761709977.json"
"365170","146153","2025-11-29","48.00","NZD","1761709977","23477/2025-11-29/1761709977.json"
"510807","146155","2025-11-29","52.00","NZD","1761709977","23477/2025-11-29/1761709977.json"
"581513","221281","2025-11-30","36.00","NZD","1761709977","23477/2025-11-30/1761709977.json"
"581514","221282","2025-11-30","36.00","NZD","1761709977","23477/2025-11-30/1761709977.json"
"512557","146154","2025-11-30","45.00","NZD","1761709977","23477/2025-11-30/1761709977.json"
"365170","146153","2025-11-30","48.00","NZD","1761709977","23477/2025-11-30/1761709977.json"
"510807","146155","2025-11-30","52.00","NZD","1761709977","23477/2025-11-30/1761709977.json"
"581513","221281","2025-12-01","36.00","NZD","1761709977","23477/2025-12-01/1761709977.json"
"581514","221282","2025-12-01","36.00","NZD","1761709977","23477/2025-12-01/1761709977.json"
"512557","146154","2025-12-01","45.00","NZD","1761709977","23477/2025-12-01/1761709977.json"
"365170","146153","2025-12-01","48.00","NZD","1761709977","23477/2025-12-01/1761709977.json"
"510807","146155","2025-12-01","52.00","NZD","1761709977","23477/2025-12-01/1761709977.json"
"581513","221281","2025-12-02","36.00","NZD","1761709977","23477/2025-12-02/1761709977.json"
"581514","221282","2025-12-02","36.00","NZD","1761709977","23477/2025-12-02/1761709977.json"
"512557","146154","2025-12-02","45.00","NZD","1761709977","23477/2025-12-02/1761709977.json"
"365170","146153","2025-12-02","48.00","NZD","1761709977","23477/2025-12-02/1761709977.json"
"510807","146155","2025-12-02","52.00","NZD","1761709977","23477/2025-12-02/1761709977.json"
"581513","221281","2025-12-03","36.00","NZD","1761709977","23477/2025-12-03/1761709977.json"
"581514","221282","2025-12-03","36.00","NZD","1761709977","23477/2025-12-03/1761709977.json"
"512557","146154","2025-12-03","45.00","NZD","1761709977","23477/2025-12-03/1761709977.json"
"365170","146153","2025-12-03","48.00","NZD","1761709977","23477/2025-12-03/1761709977.json"
"510807","146155","2025-12-03","52.00","NZD","1761709977","23477/2025-12-03/1761709977.json"
"581513","221281","2025-12-04","36.00","NZD","1761709977","23477/2025-12-04/1761709977.json"
"581514","221282","2025-12-04","36.00","NZD","1761709977","23477/2025-12-04/1761709977.json"
"512557","146154","2025-12-04","45.00","NZD","1761709977","23477/2025-12-04/1761709977.json"
"365170","146153","2025-12-04","48.00","NZD","1761709977","23477/2025-12-04/1761709977.json"
"510807","146155","2025-12-04","52.00","NZD","1761709977","23477/2025-12-04/1761709977.json"
"581513","221281","2025-12-05","36.00","NZD","1761709977","23477/2025-12-05/1761709977.json"
"581514","221282","2025-12-05","36.00","NZD","1761709977","23477/2025-12-05/1761709977.json"
"512557","146154","2025-12-05","45.00","NZD","1761709977","23477/2025-12-05/1761709977.json"
"365170","146153","2025-12-05","48.00","NZD","1761709977","23477/2025-12-05/1761709977.json"
"510807","146155","2025-12-05","52.00","NZD","1761709977","23477/2025-12-05/1761709977.json"
"581513","221281","2025-12-06","36.00","NZD","1761709977","23477/2025-12-06/1761709977.json"
"581514","221282","2025-12-06","36.00","NZD","1761709977","23477/2025-12-06/1761709977.json"
"512557","146154","2025-12-06","45.00","NZD","1761709977","23477/2025-12-06/1761709977.json"
"365170","146153","2025-12-06","48.00","NZD","1761709977","23477/2025-12-06/1761709977.json"
"510807","146155","2025-12-06","52.00","NZD","1761709977","23477/2025-12-06/1761709977.json"
"581513","221281","2025-12-07","36.00","NZD","1761709977","23477/2025-12-07/1761709977.json"
"581514","221282","2025-12-07","36.00","NZD","1761709977","23477/2025-12-07/1761709977.json"
"512557","146154","2025-12-07","45.00","NZD","1761709977","23477/2025-12-07/1761709977.json"
"365170","146153","2025-12-07","48.00","NZD","1761709977","23477/2025-12-07/1761709977.json"
"510807","146155","2025-12-07","52.00","NZD","1761709977","23477/2025-12-07/1761709977.json"
"581513","221281","2025-12-08","36.00","NZD","1761709977","23477/2025-12-08/1761709977.json"
"581514","221282","2025-12-08","36.00","NZD","1761709977","23477/2025-12-08/1761709977.json"
"512557","146154","2025-12-08","45.00","NZD","1761709977","23477/2025-12-08/1761709977.json"
"365170","146153","2025-12-08","48.00","NZD","1761709977","23477/2025-12-08/1761709977.json"
"510807","146155","2025-12-08","52.00","NZD","1761709977","23477/2025-12-08/1761709977.json"
"581513","221281","2025-12-10","36.00","NZD","1761709977","23477/2025-12-10/1761709977.json"
"581514","221282","2025-12-10","36.00","NZD","1761709977","23477/2025-12-10/1761709977.json"
"512557","146154","2025-12-10","45.00","NZD","1761709977","23477/2025-12-10/1761709977.json"
"365170","146153","2025-12-10","48.00","NZD","1761709977","23477/2025-12-10/1761709977.json"
"510807","146155","2025-12-10","52.00","NZD","1761709977","23477/2025-12-10/1761709977.json"
"581513","221281","2025-12-09","36.00","NZD","1761709977","23477/2025-12-09/1761709977.json"
"581514","221282","2025-12-09","36.00","NZD","1761709977","23477/2025-12-09/1761709977.json"
"512557","146154","2025-12-09","45.00","NZD","1761709977","23477/2025-12-09/1761709977.json"
"365170","146153","2025-12-09","48.00","NZD","1761709977","23477/2025-12-09/1761709977.json"
"510807","146155","2025-12-09","52.00","NZD","1761709977","23477/2025-12-09/1761709977.json"
"581513","221281","2025-12-11","36.00","NZD","1761709977","23477/2025-12-11/1761709977.json"
"581514","221282","2025-12-11","36.00","NZD","1761709977","23477/2025-12-11/1761709977.json"
"512557","146154","2025-12-11","45.00","NZD","1761709977","23477/2025-12-11/1761709977.json"
"365170","146153","2025-12-11","48.00","NZD","1761709977","23477/2025-12-11/1761709977.json"
"510807","146155","2025-12-11","52.00","NZD","1761709977","23477/2025-12-11/1761709977.json"
"581513","221281","2025-12-13","36.00","NZD","1761709977","23477/2025-12-13/1761709977.json"
"581514","221282","2025-12-13","36.00","NZD","1761709977","23477/2025-12-13/1761709977.json"
"512557","146154","2025-12-13","45.00","NZD","1761709977","23477/2025-12-13/1761709977.json"
"365170","146153","2025-12-13","48.00","NZD","1761709977","23477/2025-12-13/1761709977.json"
"510807","146155","2025-12-13","52.00","NZD","1761709977","23477/2025-12-13/1761709977.json"
"581513","221281","2025-12-12","36.00","NZD","1761709977","23477/2025-12-12/1761709977.json"
"581514","221282","2025-12-12","36.00","NZD","1761709977","23477/2025-12-12/1761709977.json"
"512557","146154","2025-12-12","45.00","NZD","1761709977","23477/2025-12-12/1761709977.json"
"365170","146153","2025-12-12","48.00","NZD","1761709977","23477/2025-12-12/1761709977.json"
"510807","146155","2025-12-12","52.00","NZD","1761709977","23477/2025-12-12/1761709977.json"
"581513","221281","2025-11-27","36.00","NZD","1761709977","23477/2025-11-27/1761709977.json"
"581514","221282","2025-11-27","36.00","NZD","1761709977","23477/2025-11-27/1761709977.json"
"512557","146154","2025-11-27","45.00","NZD","1761709977","23477/2025-11-27/1761709977.json"
"365170","146153","2025-11-27","48.00","NZD","1761709977","23477/2025-11-27/1761709977.json"
"510807","146155","2025-11-27","52.00","NZD","1761709977","23477/2025-11-27/1761709977.json"
"581513","221281","2025-12-14","36.00","NZD","1761709977","23477/2025-12-14/1761709977.json"
"581514","221282","2025-12-14","36.00","NZD","1761709977","23477/2025-12-14/1761709977.json"
"512557","146154","2025-12-14","45.00","NZD","1761709977","23477/2025-12-14/1761709977.json"
"365170","146153","2025-12-14","48.00","NZD","1761709977","23477/2025-12-14/1761709977.json"
"510807","146155","2025-12-14","52.00","NZD","1761709977","23477/2025-12-14/1761709977.json"
"581513","221281","2025-12-15","36.00","NZD","1761709977","23477/2025-12-15/1761709977.json"
"581514","221282","2025-12-15","36.00","NZD","1761709977","23477/2025-12-15/1761709977.json"
"512557","146154","2025-12-15","45.00","NZD","1761709977","23477/2025-12-15/1761709977.json"
"365170","146153","2025-12-15","48.00","NZD","1761709977","23477/2025-12-15/1761709977.json"
"510807","146155","2025-12-15","52.00","NZD","1761709977","23477/2025-12-15/1761709977.json"
"581513","221281","2025-12-16","36.00","NZD","1761709977","23477/2025-12-16/1761709977.json"
"581514","221282","2025-12-16","36.00","NZD","1761709977","23477/2025-12-16/1761709977.json"
"512557","146154","2025-12-16","45.00","NZD","1761709977","23477/2025-12-16/1761709977.json"
"365170","146153","2025-12-16","48.00","NZD","1761709977","23477/2025-12-16/1761709977.json"
"510807","146155","2025-12-16","52.00","NZD","1761709977","23477/2025-12-16/1761709977.json"
"581513","221281","2025-12-18","36.00","NZD","1761709977","23477/2025-12-18/1761709977.json"
"581514","221282","2025-12-18","36.00","NZD","1761709977","23477/2025-12-18/1761709977.json"
"512557","146154","2025-12-18","45.00","NZD","1761709977","23477/2025-12-18/1761709977.json"
"365170","146153","2025-12-18","48.00","NZD","1761709977","23477/2025-12-18/1761709977.json"
"510807","146155","2025-12-18","52.00","NZD","1761709977","23477/2025-12-18/1761709977.json"
"581513","221281","2025-12-19","36.00","NZD","1761709977","23477/2025-12-19/1761709977.json"
"581514","221282","2025-12-19","36.00","NZD","1761709977","23477/2025-12-19/1761709977.json"
"512557","146154","2025-12-19","45.00","NZD","1761709977","23477/2025-12-19/1761709977.json"
"365170","146153","2025-12-19","48.00","NZD","1761709977","23477/2025-12-19/1761709977.json"
"510807","146155","2025-12-19","52.00","NZD","1761709977","23477/2025-12-19/1761709977.json"
"581513","221281","2025-12-20","36.00","NZD","1761709977","23477/2025-12-20/1761709977.json"
"581514","221282","2025-12-20","36.00","NZD","1761709977","23477/2025-12-20/1761709977.json"
"512557","146154","2025-12-20","45.00","NZD","1761709977","23477/2025-12-20/1761709977.json"
"365170","146153","2025-12-20","48.00","NZD","1761709977","23477/2025-12-20/1761709977.json"
"510807","146155","2025-12-20","52.00","NZD","1761709977","23477/2025-12-20/1761709977.json"
"581513","221281","2025-12-17","36.00","NZD","1761709977","23477/2025-12-17/1761709977.json"
"581514","221282","2025-12-17","36.00","NZD","1761709977","23477/2025-12-17/1761709977.json"
"512557","146154","2025-12-17","45.00","NZD","1761709977","23477/2025-12-17/1761709977.json"
"365170","146153","2025-12-17","48.00","NZD","1761709977","23477/2025-12-17/1761709977.json"
"510807","146155","2025-12-17","52.00","NZD","1761709977","23477/2025-12-17/1761709977.json"
"581513","221281","2025-12-23","38.00","NZD","1761709977","23477/2025-12-23/1761709977.json"
"581514","221282","2025-12-23","38.00","NZD","1761709977","23477/2025-12-23/1761709977.json"
"512557","146154","2025-12-23","45.00","NZD","1761709977","23477/2025-12-23/1761709977.json"
"365170","146153","2025-12-23","48.00","NZD","1761709977","23477/2025-12-23/1761709977.json"
"510807","146155","2025-12-23","52.00","NZD","1761709977","23477/2025-12-23/1761709977.json"
"581513","221281","2025-12-21","36.00","NZD","1761709977","23477/2025-12-21/1761709977.json"
"581514","221282","2025-12-21","36.00","NZD","1761709977","23477/2025-12-21/1761709977.json"
"512557","146154","2025-12-21","45.00","NZD","1761709977","23477/2025-12-21/1761709977.json"
"365170","146153","2025-12-21","48.00","NZD","1761709977","23477/2025-12-21/1761709977.json"
"510807","146155","2025-12-21","52.00","NZD","1761709977","23477/2025-12-21/1761709977.json"
"581513","221281","2025-12-24","38.00","NZD","1761709977","23477/2025-12-24/1761709977.json"
"581514","221282","2025-12-24","38.00","NZD","1761709977","23477/2025-12-24/1761709977.json"
"512557","146154","2025-12-24","45.00","NZD","1761709977","23477/2025-12-24/1761709977.json"
"365170","146153","2025-12-24","48.00","NZD","1761709977","23477/2025-12-24/1761709977.json"
"510807","146155","2025-12-24","52.00","NZD","1761709977","23477/2025-12-24/1761709977.json"
"581513","221281","2025-12-22","36.00","NZD","1761709977","23477/2025-12-22/1761709977.json"
"581514","221282","2025-12-22","36.00","NZD","1761709977","23477/2025-12-22/1761709977.json"
"512557","146154","2025-12-22","45.00","NZD","1761709977","23477/2025-12-22/1761709977.json"
"365170","146153","2025-12-22","48.00","NZD","1761709977","23477/2025-12-22/1761709977.json"
"510807","146155","2025-12-22","52.00","NZD","1761709977","23477/2025-12-22/1761709977.json"
"581513","221281","2025-12-25","38.00","NZD","1761709977","23477/2025-12-25/1761709977.json"
"581514","221282","2025-12-25","38.00","NZD","1761709977","23477/2025-12-25/1761709977.json"
"512557","146154","2025-12-25","45.00","NZD","1761709977","23477/2025-12-25/1761709977.json"
"365170","146153","2025-12-25","48.00","NZD","1761709977","23477/2025-12-25/1761709977.json"
"510807","146155","2025-12-25","52.00","NZD","1761709977","23477/2025-12-25/1761709977.json"
"581513","221281","2025-12-26","42.00","NZD","1761709977","23477/2025-12-26/1761709977.json"
"581514","221282","2025-12-26","42.00","NZD","1761709977","23477/2025-12-26/1761709977.json"
"512557","146154","2025-12-26","45.00","NZD","1761709977","23477/2025-12-26/1761709977.json"
"365170","146153","2025-12-26","48.00","NZD","1761709977","23477/2025-12-26/1761709977.json"
"510807","146155","2025-12-26","52.00","NZD","1761709977","23477/2025-12-26/1761709977.json"
"581513","221281","2025-12-27","42.00","NZD","1761709977","23477/2025-12-27/1761709977.json"
"581514","221282","2025-12-27","42.00","NZD","1761709977","23477/2025-12-27/1761709977.json"
"512557","146154","2025-12-27","45.00","NZD","1761709977","23477/2025-12-27/1761709977.json"
"365170","146153","2025-12-27","48.00","NZD","1761709977","23477/2025-12-27/1761709977.json"
"510807","146155","2025-12-27","52.00","NZD","1761709977","23477/2025-12-27/1761709977.json"
"581513","221281","2025-12-28","42.00","NZD","1761709977","23477/2025-12-28/1761709977.json"
"581514","221282","2025-12-28","42.00","NZD","1761709977","23477/2025-12-28/1761709977.json"
"512557","146154","2025-12-28","45.00","NZD","1761709977","23477/2025-12-28/1761709977.json"
"365170","146153","2025-12-28","48.00","NZD","1761709977","23477/2025-12-28/1761709977.json"
"510807","146155","2025-12-28","52.00","NZD","1761709977","23477/2025-12-28/1761709977.json"
"581513","221281","2025-10-31","36.00","NZD","1761714219","23477/2025-10-31/1761714219.json"
"581514","221282","2025-10-31","36.00","NZD","1761714219","23477/2025-10-31/1761714219.json"
"512557","146154","2025-10-31","45.00","NZD","1761714219","23477/2025-10-31/1761714219.json"
"365170","146153","2025-10-31","48.00","NZD","1761714219","23477/2025-10-31/1761714219.json"
"510807","146155","2025-10-31","52.00","NZD","1761714219","23477/2025-10-31/1761714219.json"
"581513","221281","2025-10-30","36.00","NZD","1761714219","23477/2025-10-30/1761714219.json"
"581514","221282","2025-10-30","36.00","NZD","1761714219","23477/2025-10-30/1761714219.json"
"512557","146154","2025-10-30","45.00","NZD","1761714219","23477/2025-10-30/1761714219.json"
"365170","146153","2025-10-30","48.00","NZD","1761714219","23477/2025-10-30/1761714219.json"
"510807","146155","2025-10-30","52.00","NZD","1761714219","23477/2025-10-30/1761714219.json"
"581513","221281","2025-10-29","36.00","NZD","1761714219","23477/2025-10-29/1761714219.json"
"581514","221282","2025-10-29","36.00","NZD","1761714219","23477/2025-10-29/1761714219.json"
"512557","146154","2025-10-29","45.00","NZD","1761714219","23477/2025-10-29/1761714219.json"
"365170","146153","2025-10-29","48.00","NZD","1761714219","23477/2025-10-29/1761714219.json"
"510807","146155","2025-10-29","52.00","NZD","1761714219","23477/2025-10-29/1761714219.json"
"581513","221281","2025-11-01","36.00","NZD","1761714219","23477/2025-11-01/1761714219.json"
"581514","221282","2025-11-01","36.00","NZD","1761714219","23477/2025-11-01/1761714219.json"
"512557","146154","2025-11-01","45.00","NZD","1761714219","23477/2025-11-01/1761714219.json"
"365170","146153","2025-11-01","48.00","NZD","1761714219","23477/2025-11-01/1761714219.json"
"510807","146155","2025-11-01","52.00","NZD","1761714219","23477/2025-11-01/1761714219.json"
"581513","221281","2025-11-05","36.00","NZD","1761714219","23477/2025-11-05/1761714219.json"
"581514","221282","2025-11-05","36.00","NZD","1761714219","23477/2025-11-05/1761714219.json"
"512557","146154","2025-11-05","45.00","NZD","1761714219","23477/2025-11-05/1761714219.json"
"365170","146153","2025-11-05","48.00","NZD","1761714219","23477/2025-11-05/1761714219.json"
"510807","146155","2025-11-05","52.00","NZD","1761714219","23477/2025-11-05/1761714219.json"
"581513","221281","2025-11-04","36.00","NZD","1761714219","23477/2025-11-04/1761714219.json"
"581514","221282","2025-11-04","36.00","NZD","1761714219","23477/2025-11-04/1761714219.json"
"512557","146154","2025-11-04","45.00","NZD","1761714219","23477/2025-11-04/1761714219.json"
"365170","146153","2025-11-04","48.00","NZD","1761714219","23477/2025-11-04/1761714219.json"
"510807","146155","2025-11-04","52.00","NZD","1761714219","23477/2025-11-04/1761714219.json"
"581513","221281","2025-11-03","36.00","NZD","1761714219","23477/2025-11-03/1761714219.json"
"581514","221282","2025-11-03","36.00","NZD","1761714219","23477/2025-11-03/1761714219.json"
"512557","146154","2025-11-03","45.00","NZD","1761714219","23477/2025-11-03/1761714219.json"
"365170","146153","2025-11-03","48.00","NZD","1761714219","23477/2025-11-03/1761714219.json"
"510807","146155","2025-11-03","52.00","NZD","1761714219","23477/2025-11-03/1761714219.json"
"581513","221281","2025-11-02","36.00","NZD","1761714219","23477/2025-11-02/1761714219.json"
"581514","221282","2025-11-02","36.00","NZD","1761714219","23477/2025-11-02/1761714219.json"
"512557","146154","2025-11-02","45.00","NZD","1761714219","23477/2025-11-02/1761714219.json"
"365170","146153","2025-11-02","48.00","NZD","1761714219","23477/2025-11-02/1761714219.json"
"510807","146155","2025-11-02","52.00","NZD","1761714219","23477/2025-11-02/1761714219.json"
"581513","221281","2025-11-06","36.00","NZD","1761714219","23477/2025-11-06/1761714219.json"
"581514","221282","2025-11-06","36.00","NZD","1761714219","23477/2025-11-06/1761714219.json"
"512557","146154","2025-11-06","45.00","NZD","1761714219","23477/2025-11-06/1761714219.json"
"365170","146153","2025-11-06","48.00","NZD","1761714219","23477/2025-11-06/1761714219.json"
"510807","146155","2025-11-06","52.00","NZD","1761714219","23477/2025-11-06/1761714219.json"
"581513","221281","2025-11-07","36.00","NZD","1761714219","23477/2025-11-07/1761714219.json"
"581514","221282","2025-11-07","36.00","NZD","1761714219","23477/2025-11-07/1761714219.json"
"512557","146154","2025-11-07","45.00","NZD","1761714219","23477/2025-11-07/1761714219.json"
"365170","146153","2025-11-07","48.00","NZD","1761714219","23477/2025-11-07/1761714219.json"
"510807","146155","2025-11-07","52.00","NZD","1761714219","23477/2025-11-07/1761714219.json"
"581513","221281","2025-11-08","36.00","NZD","1761714219","23477/2025-11-08/1761714219.json"
"581514","221282","2025-11-08","36.00","NZD","1761714219","23477/2025-11-08/1761714219.json"
"512557","146154","2025-11-08","45.00","NZD","1761714219","23477/2025-11-08/1761714219.json"
"365170","146153","2025-11-08","48.00","NZD","1761714219","23477/2025-11-08/1761714219.json"
"510807","146155","2025-11-08","52.00","NZD","1761714219","23477/2025-11-08/1761714219.json"
"581513","221281","2025-11-09","36.00","NZD","1761714219","23477/2025-11-09/1761714219.json"
"581514","221282","2025-11-09","36.00","NZD","1761714219","23477/2025-11-09/1761714219.json"
"512557","146154","2025-11-09","45.00","NZD","1761714219","23477/2025-11-09/1761714219.json"
"365170","146153","2025-11-09","48.00","NZD","1761714219","23477/2025-11-09/1761714219.json"
"510807","146155","2025-11-09","52.00","NZD","1761714219","23477/2025-11-09/1761714219.json"
"581513","221281","2025-11-10","36.00","NZD","1761714219","23477/2025-11-10/1761714219.json"
"581514","221282","2025-11-10","36.00","NZD","1761714219","23477/2025-11-10/1761714219.json"
"512557","146154","2025-11-10","45.00","NZD","1761714219","23477/2025-11-10/1761714219.json"
"365170","146153","2025-11-10","48.00","NZD","1761714219","23477/2025-11-10/1761714219.json"
"510807","146155","2025-11-10","52.00","NZD","1761714219","23477/2025-11-10/1761714219.json"
"581513","221281","2025-11-11","36.00","NZD","1761714219","23477/2025-11-11/1761714219.json"
"581514","221282","2025-11-11","36.00","NZD","1761714219","23477/2025-11-11/1761714219.json"
"512557","146154","2025-11-11","45.00","NZD","1761714219","23477/2025-11-11/1761714219.json"
"365170","146153","2025-11-11","48.00","NZD","1761714219","23477/2025-11-11/1761714219.json"
"510807","146155","2025-11-11","52.00","NZD","1761714219","23477/2025-11-11/1761714219.json"
"581513","221281","2025-11-12","36.00","NZD","1761714219","23477/2025-11-12/1761714219.json"
"581514","221282","2025-11-12","36.00","NZD","1761714219","23477/2025-11-12/1761714219.json"
"512557","146154","2025-11-12","45.00","NZD","1761714219","23477/2025-11-12/1761714219.json"
"365170","146153","2025-11-12","48.00","NZD","1761714219","23477/2025-11-12/1761714219.json"
"510807","146155","2025-11-12","52.00","NZD","1761714219","23477/2025-11-12/1761714219.json"
"581513","221281","2025-11-14","36.00","NZD","1761714219","23477/2025-11-14/1761714219.json"
"581514","221282","2025-11-14","36.00","NZD","1761714219","23477/2025-11-14/1761714219.json"
"512557","146154","2025-11-14","45.00","NZD","1761714219","23477/2025-11-14/1761714219.json"
"365170","146153","2025-11-14","48.00","NZD","1761714219","23477/2025-11-14/1761714219.json"
"510807","146155","2025-11-14","52.00","NZD","1761714219","23477/2025-11-14/1761714219.json"
"581513","221281","2025-11-13","36.00","NZD","1761714219","23477/2025-11-13/1761714219.json"
"581514","221282","2025-11-13","36.00","NZD","1761714219","23477/2025-11-13/1761714219.json"
"512557","146154","2025-11-13","45.00","NZD","1761714219","23477/2025-11-13/1761714219.json"
"365170","146153","2025-11-13","48.00","NZD","1761714219","23477/2025-11-13/1761714219.json"
"510807","146155","2025-11-13","52.00","NZD","1761714219","23477/2025-11-13/1761714219.json"
"581513","221281","2025-11-15","36.00","NZD","1761714219","23477/2025-11-15/1761714219.json"
"581514","221282","2025-11-15","36.00","NZD","1761714219","23477/2025-11-15/1761714219.json"
"512557","146154","2025-11-15","45.00","NZD","1761714219","23477/2025-11-15/1761714219.json"
"365170","146153","2025-11-15","48.00","NZD","1761714219","23477/2025-11-15/1761714219.json"
"510807","146155","2025-11-15","52.00","NZD","1761714219","23477/2025-11-15/1761714219.json"
"581513","221281","2025-11-16","36.00","NZD","1761714219","23477/2025-11-16/1761714219.json"
"581514","221282","2025-11-16","36.00","NZD","1761714219","23477/2025-11-16/1761714219.json"
"512557","146154","2025-11-16","45.00","NZD","1761714219","23477/2025-11-16/1761714219.json"
"365170","146153","2025-11-16","48.00","NZD","1761714219","23477/2025-11-16/1761714219.json"
"510807","146155","2025-11-16","52.00","NZD","1761714219","23477/2025-11-16/1761714219.json"
"581513","221281","2025-11-18","36.00","NZD","1761714219","23477/2025-11-18/1761714219.json"
"581514","221282","2025-11-18","36.00","NZD","1761714219","23477/2025-11-18/1761714219.json"
"512557","146154","2025-11-18","45.00","NZD","1761714219","23477/2025-11-18/1761714219.json"
"365170","146153","2025-11-18","48.00","NZD","1761714219","23477/2025-11-18/1761714219.json"
"510807","146155","2025-11-18","52.00","NZD","1761714219","23477/2025-11-18/1761714219.json"
"581513","221281","2025-11-17","36.00","NZD","1761714219","23477/2025-11-17/1761714219.json"
"581514","221282","2025-11-17","36.00","NZD","1761714219","23477/2025-11-17/1761714219.json"
"512557","146154","2025-11-17","45.00","NZD","1761714219","23477/2025-11-17/1761714219.json"
"365170","146153","2025-11-17","48.00","NZD","1761714219","23477/2025-11-17/1761714219.json"
"510807","146155","2025-11-17","52.00","NZD","1761714219","23477/2025-11-17/1761714219.json"
"581513","221281","2025-11-20","36.00","NZD","1761714219","23477/2025-11-20/1761714219.json"
"581514","221282","2025-11-20","36.00","NZD","1761714219","23477/2025-11-20/1761714219.json"
"512557","146154","2025-11-20","45.00","NZD","1761714219","23477/2025-11-20/1761714219.json"
"581513","221281","2025-11-19","36.00","NZD","1761714219","23477/2025-11-19/1761714219.json"
"581514","221282","2025-11-19","36.00","NZD","1761714219","23477/2025-11-19/1761714219.json"
"512557","146154","2025-11-19","45.00","NZD","1761714219","23477/2025-11-19/1761714219.json"
"365170","146153","2025-11-19","48.00","NZD","1761714219","23477/2025-11-19/1761714219.json"
"510807","146155","2025-11-19","52.00","NZD","1761714219","23477/2025-11-19/1761714219.json"
"581513","221281","2025-11-21","36.00","NZD","1761714219","23477/2025-11-21/1761714219.json"
"581514","221282","2025-11-21","36.00","NZD","1761714219","23477/2025-11-21/1761714219.json"
"512557","146154","2025-11-21","45.00","NZD","1761714219","23477/2025-11-21/1761714219.json"
"365170","146153","2025-11-21","48.00","NZD","1761714219","23477/2025-11-21/1761714219.json"
"510807","146155","2025-11-21","52.00","NZD","1761714219","23477/2025-11-21/1761714219.json"
"581513","221281","2025-11-23","36.00","NZD","1761714219","23477/2025-11-23/1761714219.json"
"581514","221282","2025-11-23","36.00","NZD","1761714219","23477/2025-11-23/1761714219.json"
"512557","146154","2025-11-23","45.00","NZD","1761714219","23477/2025-11-23/1761714219.json"
"365170","146153","2025-11-23","48.00","NZD","1761714219","23477/2025-11-23/1761714219.json"
"510807","146155","2025-11-23","52.00","NZD","1761714219","23477/2025-11-23/1761714219.json"
"581513","221281","2025-11-24","36.00","NZD","1761714219","23477/2025-11-24/1761714219.json"
"581514","221282","2025-11-24","36.00","NZD","1761714219","23477/2025-11-24/1761714219.json"
"512557","146154","2025-11-24","45.00","NZD","1761714219","23477/2025-11-24/1761714219.json"
"365170","146153","2025-11-24","48.00","NZD","1761714219","23477/2025-11-24/1761714219.json"
"510807","146155","2025-11-24","52.00","NZD","1761714219","23477/2025-11-24/1761714219.json"
"581513","221281","2025-11-22","36.00","NZD","1761714219","23477/2025-11-22/1761714219.json"
"581514","221282","2025-11-22","36.00","NZD","1761714219","23477/2025-11-22/1761714219.json"
"512557","146154","2025-11-22","45.00","NZD","1761714219","23477/2025-11-22/1761714219.json"
"365170","146153","2025-11-22","48.00","NZD","1761714219","23477/2025-11-22/1761714219.json"
"510807","146155","2025-11-22","52.00","NZD","1761714219","23477/2025-11-22/1761714219.json"
"581513","221281","2025-11-25","36.00","NZD","1761714219","23477/2025-11-25/1761714219.json"
"581514","221282","2025-11-25","36.00","NZD","1761714219","23477/2025-11-25/1761714219.json"
"512557","146154","2025-11-25","45.00","NZD","1761714219","23477/2025-11-25/1761714219.json"
"365170","146153","2025-11-25","48.00","NZD","1761714219","23477/2025-11-25/1761714219.json"
"510807","146155","2025-11-25","52.00","NZD","1761714219","23477/2025-11-25/1761714219.json"
"581513","221281","2025-11-28","36.00","NZD","1761714219","23477/2025-11-28/1761714219.json"
"581514","221282","2025-11-28","36.00","NZD","1761714219","23477/2025-11-28/1761714219.json"
"512557","146154","2025-11-28","45.00","NZD","1761714219","23477/2025-11-28/1761714219.json"
"365170","146153","2025-11-28","48.00","NZD","1761714219","23477/2025-11-28/1761714219.json"
"510807","146155","2025-11-28","52.00","NZD","1761714219","23477/2025-11-28/1761714219.json"
"581513","221281","2025-11-26","36.00","NZD","1761714219","23477/2025-11-26/1761714219.json"
"581514","221282","2025-11-26","36.00","NZD","1761714219","23477/2025-11-26/1761714219.json"
"512557","146154","2025-11-26","45.00","NZD","1761714219","23477/2025-11-26/1761714219.json"
"365170","146153","2025-11-26","48.00","NZD","1761714219","23477/2025-11-26/1761714219.json"
"510807","146155","2025-11-26","52.00","NZD","1761714219","23477/2025-11-26/1761714219.json"
"581513","221281","2025-11-27","36.00","NZD","1761714219","23477/2025-11-27/1761714219.json"
"581514","221282","2025-11-27","36.00","NZD","1761714219","23477/2025-11-27/1761714219.json"
"512557","146154","2025-11-27","45.00","NZD","1761714219","23477/2025-11-27/1761714219.json"
"365170","146153","2025-11-27","48.00","NZD","1761714219","23477/2025-11-27/1761714219.json"
"510807","146155","2025-11-27","52.00","NZD","1761714219","23477/2025-11-27/1761714219.json"
"581513","221281","2025-11-29","36.00","NZD","1761714219","23477/2025-11-29/1761714219.json"
"581514","221282","2025-11-29","36.00","NZD","1761714219","23477/2025-11-29/1761714219.json"
"512557","146154","2025-11-29","45.00","NZD","1761714219","23477/2025-11-29/1761714219.json"
"365170","146153","2025-11-29","48.00","NZD","1761714219","23477/2025-11-29/1761714219.json"
"510807","146155","2025-11-29","52.00","NZD","1761714219","23477/2025-11-29/1761714219.json"
"581513","221281","2025-11-30","36.00","NZD","1761714219","23477/2025-11-30/1761714219.json"
"581514","221282","2025-11-30","36.00","NZD","1761714219","23477/2025-11-30/1761714219.json"
"512557","146154","2025-11-30","45.00","NZD","1761714219","23477/2025-11-30/1761714219.json"
"365170","146153","2025-11-30","48.00","NZD","1761714219","23477/2025-11-30/1761714219.json"
"510807","146155","2025-11-30","52.00","NZD","1761714219","23477/2025-11-30/1761714219.json"
"581513","221281","2025-12-01","36.00","NZD","1761714219","23477/2025-12-01/1761714219.json"
"581514","221282","2025-12-01","36.00","NZD","1761714219","23477/2025-12-01/1761714219.json"
"512557","146154","2025-12-01","45.00","NZD","1761714219","23477/2025-12-01/1761714219.json"
"365170","146153","2025-12-01","48.00","NZD","1761714219","23477/2025-12-01/1761714219.json"
"510807","146155","2025-12-01","52.00","NZD","1761714219","23477/2025-12-01/1761714219.json"
"581513","221281","2025-12-02","36.00","NZD","1761714219","23477/2025-12-02/1761714219.json"
"581514","221282","2025-12-02","36.00","NZD","1761714219","23477/2025-12-02/1761714219.json"
"512557","146154","2025-12-02","45.00","NZD","1761714219","23477/2025-12-02/1761714219.json"
"365170","146153","2025-12-02","48.00","NZD","1761714219","23477/2025-12-02/1761714219.json"
"510807","146155","2025-12-02","52.00","NZD","1761714219","23477/2025-12-02/1761714219.json"
"581513","221281","2025-12-03","36.00","NZD","1761714219","23477/2025-12-03/1761714219.json"
"581514","221282","2025-12-03","36.00","NZD","1761714219","23477/2025-12-03/1761714219.json"
"512557","146154","2025-12-03","45.00","NZD","1761714219","23477/2025-12-03/1761714219.json"
"365170","146153","2025-12-03","48.00","NZD","1761714219","23477/2025-12-03/1761714219.json"
"510807","146155","2025-12-03","52.00","NZD","1761714219","23477/2025-12-03/1761714219.json"
"581513","221281","2025-12-04","36.00","NZD","1761714219","23477/2025-12-04/1761714219.json"
"581514","221282","2025-12-04","36.00","NZD","1761714219","23477/2025-12-04/1761714219.json"
"512557","146154","2025-12-04","45.00","NZD","1761714219","23477/2025-12-04/1761714219.json"
"365170","146153","2025-12-04","48.00","NZD","1761714219","23477/2025-12-04/1761714219.json"
"510807","146155","2025-12-04","52.00","NZD","1761714219","23477/2025-12-04/1761714219.json"
"581513","221281","2025-12-06","36.00","NZD","1761714219","23477/2025-12-06/1761714219.json"
"581513","221281","2025-12-05","36.00","NZD","1761714219","23477/2025-12-05/1761714219.json"
"581514","221282","2025-12-05","36.00","NZD","1761714219","23477/2025-12-05/1761714219.json"
"581514","221282","2025-12-06","36.00","NZD","1761714219","23477/2025-12-06/1761714219.json"
"512557","146154","2025-12-05","45.00","NZD","1761714219","23477/2025-12-05/1761714219.json"
"365170","146153","2025-12-05","48.00","NZD","1761714219","23477/2025-12-05/1761714219.json"
"512557","146154","2025-12-06","45.00","NZD","1761714219","23477/2025-12-06/1761714219.json"
"510807","146155","2025-12-05","52.00","NZD","1761714219","23477/2025-12-05/1761714219.json"
"365170","146153","2025-12-06","48.00","NZD","1761714219","23477/2025-12-06/1761714219.json"
"510807","146155","2025-12-06","52.00","NZD","1761714219","23477/2025-12-06/1761714219.json"
"581513","221281","2025-12-07","36.00","NZD","1761714219","23477/2025-12-07/1761714219.json"
"581514","221282","2025-12-07","36.00","NZD","1761714219","23477/2025-12-07/1761714219.json"
"512557","146154","2025-12-07","45.00","NZD","1761714219","23477/2025-12-07/1761714219.json"
"365170","146153","2025-12-07","48.00","NZD","1761714219","23477/2025-12-07/1761714219.json"
"510807","146155","2025-12-07","52.00","NZD","1761714219","23477/2025-12-07/1761714219.json"
"581513","221281","2025-12-08","36.00","NZD","1761714219","23477/2025-12-08/1761714219.json"
"581514","221282","2025-12-08","36.00","NZD","1761714219","23477/2025-12-08/1761714219.json"
"512557","146154","2025-12-08","45.00","NZD","1761714219","23477/2025-12-08/1761714219.json"
"365170","146153","2025-12-08","48.00","NZD","1761714219","23477/2025-12-08/1761714219.json"
"510807","146155","2025-12-08","52.00","NZD","1761714219","23477/2025-12-08/1761714219.json"
"581513","221281","2025-12-11","36.00","NZD","1761714219","23477/2025-12-11/1761714219.json"
"581514","221282","2025-12-11","36.00","NZD","1761714219","23477/2025-12-11/1761714219.json"
"512557","146154","2025-12-11","45.00","NZD","1761714219","23477/2025-12-11/1761714219.json"
"365170","146153","2025-12-11","48.00","NZD","1761714219","23477/2025-12-11/1761714219.json"
"510807","146155","2025-12-11","52.00","NZD","1761714219","23477/2025-12-11/1761714219.json"
"581513","221281","2025-12-12","36.00","NZD","1761714219","23477/2025-12-12/1761714219.json"
"581514","221282","2025-12-12","36.00","NZD","1761714219","23477/2025-12-12/1761714219.json"
"512557","146154","2025-12-12","45.00","NZD","1761714219","23477/2025-12-12/1761714219.json"
"365170","146153","2025-12-12","48.00","NZD","1761714219","23477/2025-12-12/1761714219.json"
"510807","146155","2025-12-12","52.00","NZD","1761714219","23477/2025-12-12/1761714219.json"
"581513","221281","2025-12-09","36.00","NZD","1761714219","23477/2025-12-09/1761714219.json"
"581514","221282","2025-12-09","36.00","NZD","1761714219","23477/2025-12-09/1761714219.json"
"512557","146154","2025-12-09","45.00","NZD","1761714219","23477/2025-12-09/1761714219.json"
"365170","146153","2025-12-09","48.00","NZD","1761714219","23477/2025-12-09/1761714219.json"
"510807","146155","2025-12-09","52.00","NZD","1761714219","23477/2025-12-09/1761714219.json"
"581513","221281","2025-12-10","36.00","NZD","1761714219","23477/2025-12-10/1761714219.json"
"581514","221282","2025-12-10","36.00","NZD","1761714219","23477/2025-12-10/1761714219.json"
"512557","146154","2025-12-10","45.00","NZD","1761714219","23477/2025-12-10/1761714219.json"
"365170","146153","2025-12-10","48.00","NZD","1761714219","23477/2025-12-10/1761714219.json"
"510807","146155","2025-12-10","52.00","NZD","1761714219","23477/2025-12-10/1761714219.json"
"581513","221281","2025-12-15","36.00","NZD","1761714219","23477/2025-12-15/1761714219.json"
"581514","221282","2025-12-15","36.00","NZD","1761714219","23477/2025-12-15/1761714219.json"
"512557","146154","2025-12-15","45.00","NZD","1761714219","23477/2025-12-15/1761714219.json"
"365170","146153","2025-12-15","48.00","NZD","1761714219","23477/2025-12-15/1761714219.json"
"510807","146155","2025-12-15","52.00","NZD","1761714219","23477/2025-12-15/1761714219.json"
"581513","221281","2025-12-13","36.00","NZD","1761714219","23477/2025-12-13/1761714219.json"
"581514","221282","2025-12-13","36.00","NZD","1761714219","23477/2025-12-13/1761714219.json"
"512557","146154","2025-12-13","45.00","NZD","1761714219","23477/2025-12-13/1761714219.json"
"365170","146153","2025-12-13","48.00","NZD","1761714219","23477/2025-12-13/1761714219.json"
"510807","146155","2025-12-13","52.00","NZD","1761714219","23477/2025-12-13/1761714219.json"
"581513","221281","2025-12-16","36.00","NZD","1761714219","23477/2025-12-16/1761714219.json"
"581514","221282","2025-12-16","36.00","NZD","1761714219","23477/2025-12-16/1761714219.json"
"512557","146154","2025-12-16","45.00","NZD","1761714219","23477/2025-12-16/1761714219.json"
"365170","146153","2025-12-16","48.00","NZD","1761714219","23477/2025-12-16/1761714219.json"
"581513","221281","2025-12-14","36.00","NZD","1761714219","23477/2025-12-14/1761714219.json"
"510807","146155","2025-12-16","52.00","NZD","1761714219","23477/2025-12-16/1761714219.json"
"581514","221282","2025-12-14","36.00","NZD","1761714219","23477/2025-12-14/1761714219.json"
"512557","146154","2025-12-14","45.00","NZD","1761714219","23477/2025-12-14/1761714219.json"
"365170","146153","2025-12-14","48.00","NZD","1761714219","23477/2025-12-14/1761714219.json"
"510807","146155","2025-12-14","52.00","NZD","1761714219","23477/2025-12-14/1761714219.json"
"581513","221281","2025-12-17","36.00","NZD","1761714219","23477/2025-12-17/1761714219.json"
"581514","221282","2025-12-17","36.00","NZD","1761714219","23477/2025-12-17/1761714219.json"
"512557","146154","2025-12-17","45.00","NZD","1761714219","23477/2025-12-17/1761714219.json"
"365170","146153","2025-12-17","48.00","NZD","1761714219","23477/2025-12-17/1761714219.json"
"510807","146155","2025-12-17","52.00","NZD","1761714219","23477/2025-12-17/1761714219.json"
"581513","221281","2025-12-19","36.00","NZD","1761714219","23477/2025-12-19/1761714219.json"
"581514","221282","2025-12-19","36.00","NZD","1761714219","23477/2025-12-19/1761714219.json"
"512557","146154","2025-12-19","45.00","NZD","1761714219","23477/2025-12-19/1761714219.json"
"365170","146153","2025-12-19","48.00","NZD","1761714219","23477/2025-12-19/1761714219.json"
"510807","146155","2025-12-19","52.00","NZD","1761714219","23477/2025-12-19/1761714219.json"
"581513","221281","2025-12-20","36.00","NZD","1761714219","23477/2025-12-20/1761714219.json"
"581513","221281","2025-12-18","36.00","NZD","1761714219","23477/2025-12-18/1761714219.json"
"581514","221282","2025-12-20","36.00","NZD","1761714219","23477/2025-12-20/1761714219.json"
"581514","221282","2025-12-18","36.00","NZD","1761714219","23477/2025-12-18/1761714219.json"
"512557","146154","2025-12-20","45.00","NZD","1761714219","23477/2025-12-20/1761714219.json"
"365170","146153","2025-12-20","48.00","NZD","1761714219","23477/2025-12-20/1761714219.json"
"512557","146154","2025-12-18","45.00","NZD","1761714219","23477/2025-12-18/1761714219.json"
"510807","146155","2025-12-20","52.00","NZD","1761714219","23477/2025-12-20/1761714219.json"
"365170","146153","2025-12-18","48.00","NZD","1761714219","23477/2025-12-18/1761714219.json"
"510807","146155","2025-12-18","52.00","NZD","1761714219","23477/2025-12-18/1761714219.json"
"581513","221281","2025-12-21","36.00","NZD","1761714219","23477/2025-12-21/1761714219.json"
"581514","221282","2025-12-21","36.00","NZD","1761714219","23477/2025-12-21/1761714219.json"
"512557","146154","2025-12-21","45.00","NZD","1761714219","23477/2025-12-21/1761714219.json"
"365170","146153","2025-12-21","48.00","NZD","1761714219","23477/2025-12-21/1761714219.json"
"510807","146155","2025-12-21","52.00","NZD","1761714219","23477/2025-12-21/1761714219.json"
"581513","221281","2025-12-22","36.00","NZD","1761714219","23477/2025-12-22/1761714219.json"
"581514","221282","2025-12-22","36.00","NZD","1761714219","23477/2025-12-22/1761714219.json"
"512557","146154","2025-12-22","45.00","NZD","1761714219","23477/2025-12-22/1761714219.json"
"365170","146153","2025-12-22","48.00","NZD","1761714219","23477/2025-12-22/1761714219.json"
"510807","146155","2025-12-22","52.00","NZD","1761714219","23477/2025-12-22/1761714219.json"
"581513","221281","2025-12-24","38.00","NZD","1761714219","23477/2025-12-24/1761714219.json"
"581514","221282","2025-12-24","38.00","NZD","1761714219","23477/2025-12-24/1761714219.json"
"512557","146154","2025-12-24","45.00","NZD","1761714219","23477/2025-12-24/1761714219.json"
"365170","146153","2025-12-24","48.00","NZD","1761714219","23477/2025-12-24/1761714219.json"
"510807","146155","2025-12-24","52.00","NZD","1761714219","23477/2025-12-24/1761714219.json"
"581513","221281","2025-12-23","38.00","NZD","1761714219","23477/2025-12-23/1761714219.json"
"581514","221282","2025-12-23","38.00","NZD","1761714219","23477/2025-12-23/1761714219.json"
"512557","146154","2025-12-23","45.00","NZD","1761714219","23477/2025-12-23/1761714219.json"
"365170","146153","2025-12-23","48.00","NZD","1761714219","23477/2025-12-23/1761714219.json"
"510807","146155","2025-12-23","52.00","NZD","1761714219","23477/2025-12-23/1761714219.json"
"581513","221281","2025-12-25","38.00","NZD","1761714219","23477/2025-12-25/1761714219.json"
"581514","221282","2025-12-25","38.00","NZD","1761714219","23477/2025-12-25/1761714219.json"
"512557","146154","2025-12-25","45.00","NZD","1761714219","23477/2025-12-25/1761714219.json"
"365170","146153","2025-12-25","48.00","NZD","1761714219","23477/2025-12-25/1761714219.json"
"510807","146155","2025-12-25","52.00","NZD","1761714219","23477/2025-12-25/1761714219.json"
"581513","221281","2025-12-28","42.00","NZD","1761714219","23477/2025-12-28/1761714219.json"
"581514","221282","2025-12-28","42.00","NZD","1761714219","23477/2025-12-28/1761714219.json"
"512557","146154","2025-12-28","45.00","NZD","1761714219","23477/2025-12-28/1761714219.json"
"365170","146153","2025-12-28","48.00","NZD","1761714219","23477/2025-12-28/1761714219.json"
"510807","146155","2025-12-28","52.00","NZD","1761714219","23477/2025-12-28/1761714219.json"
"581513","221281","2025-12-27","42.00","NZD","1761714219","23477/2025-12-27/1761714219.json"
"581514","221282","2025-12-27","42.00","NZD","1761714219","23477/2025-12-27/1761714219.json"
"512557","146154","2025-12-27","45.00","NZD","1761714219","23477/2025-12-27/1761714219.json"
"365170","146153","2025-12-27","48.00","NZD","1761714219","23477/2025-12-27/1761714219.json"
"510807","146155","2025-12-27","52.00","NZD","1761714219","23477/2025-12-27/1761714219.json"
"581513","221281","2025-12-26","42.00","NZD","1761714219","23477/2025-12-26/1761714219.json"
"581514","221282","2025-12-26","42.00","NZD","1761714219","23477/2025-12-26/1761714219.json"
"512557","146154","2025-12-26","45.00","NZD","1761714219","23477/2025-12-26/1761714219.json"
"365170","146153","2025-12-26","48.00","NZD","1761714219","23477/2025-12-26/1761714219.json"
"510807","146155","2025-12-26","52.00","NZD","1761714219","23477/2025-12-26/1761714219.json"
"581513","221281","2025-10-30","36.00","NZD","1761728801","23477/2025-10-30/1761728801.json"
"581514","221282","2025-10-30","36.00","NZD","1761728801","23477/2025-10-30/1761728801.json"
"512557","146154","2025-10-30","45.00","NZD","1761728801","23477/2025-10-30/1761728801.json"
"365170","146153","2025-10-30","48.00","NZD","1761728801","23477/2025-10-30/1761728801.json"
"510807","146155","2025-10-30","52.00","NZD","1761728801","23477/2025-10-30/1761728801.json"
"581513","221281","2025-10-29","36.00","NZD","1761728801","23477/2025-10-29/1761728801.json"
"581514","221282","2025-10-29","36.00","NZD","1761728801","23477/2025-10-29/1761728801.json"
"512557","146154","2025-10-29","45.00","NZD","1761728801","23477/2025-10-29/1761728801.json"
"365170","146153","2025-10-29","48.00","NZD","1761728801","23477/2025-10-29/1761728801.json"
"510807","146155","2025-10-29","52.00","NZD","1761728801","23477/2025-10-29/1761728801.json"
"581513","221281","2025-10-31","36.00","NZD","1761728801","23477/2025-10-31/1761728801.json"
"581514","221282","2025-10-31","36.00","NZD","1761728801","23477/2025-10-31/1761728801.json"
"512557","146154","2025-10-31","45.00","NZD","1761728801","23477/2025-10-31/1761728801.json"
"365170","146153","2025-10-31","48.00","NZD","1761728801","23477/2025-10-31/1761728801.json"
"510807","146155","2025-10-31","52.00","NZD","1761728801","23477/2025-10-31/1761728801.json"
"581513","221281","2025-11-01","36.00","NZD","1761728801","23477/2025-11-01/1761728801.json"
"581514","221282","2025-11-01","36.00","NZD","1761728801","23477/2025-11-01/1761728801.json"
"512557","146154","2025-11-01","45.00","NZD","1761728801","23477/2025-11-01/1761728801.json"
"365170","146153","2025-11-01","48.00","NZD","1761728801","23477/2025-11-01/1761728801.json"
"510807","146155","2025-11-01","52.00","NZD","1761728801","23477/2025-11-01/1761728801.json"
"581513","221281","2025-11-02","36.00","NZD","1761728801","23477/2025-11-02/1761728801.json"
"581514","221282","2025-11-02","36.00","NZD","1761728801","23477/2025-11-02/1761728801.json"
"512557","146154","2025-11-02","45.00","NZD","1761728801","23477/2025-11-02/1761728801.json"
"365170","146153","2025-11-02","48.00","NZD","1761728801","23477/2025-11-02/1761728801.json"
"510807","146155","2025-11-02","52.00","NZD","1761728801","23477/2025-11-02/1761728801.json"
"581513","221281","2025-11-03","36.00","NZD","1761728801","23477/2025-11-03/1761728801.json"
"581514","221282","2025-11-03","36.00","NZD","1761728801","23477/2025-11-03/1761728801.json"
"512557","146154","2025-11-03","45.00","NZD","1761728801","23477/2025-11-03/1761728801.json"
"365170","146153","2025-11-03","48.00","NZD","1761728801","23477/2025-11-03/1761728801.json"
"510807","146155","2025-11-03","52.00","NZD","1761728801","23477/2025-11-03/1761728801.json"
"581513","221281","2025-11-05","36.00","NZD","1761728801","23477/2025-11-05/1761728801.json"
"581514","221282","2025-11-05","36.00","NZD","1761728801","23477/2025-11-05/1761728801.json"
"512557","146154","2025-11-05","45.00","NZD","1761728801","23477/2025-11-05/1761728801.json"
"365170","146153","2025-11-05","48.00","NZD","1761728801","23477/2025-11-05/1761728801.json"
"510807","146155","2025-11-05","52.00","NZD","1761728801","23477/2025-11-05/1761728801.json"
"581513","221281","2025-11-04","36.00","NZD","1761728801","23477/2025-11-04/1761728801.json"
"581514","221282","2025-11-04","36.00","NZD","1761728801","23477/2025-11-04/1761728801.json"
"512557","146154","2025-11-04","45.00","NZD","1761728801","23477/2025-11-04/1761728801.json"
"365170","146153","2025-11-04","48.00","NZD","1761728801","23477/2025-11-04/1761728801.json"
"510807","146155","2025-11-04","52.00","NZD","1761728801","23477/2025-11-04/1761728801.json"
"581513","221281","2025-11-09","36.00","NZD","1761728801","23477/2025-11-09/1761728801.json"
"581514","221282","2025-11-09","36.00","NZD","1761728801","23477/2025-11-09/1761728801.json"
"512557","146154","2025-11-09","45.00","NZD","1761728801","23477/2025-11-09/1761728801.json"
"365170","146153","2025-11-09","48.00","NZD","1761728801","23477/2025-11-09/1761728801.json"
"510807","146155","2025-11-09","52.00","NZD","1761728801","23477/2025-11-09/1761728801.json"
"581513","221281","2025-11-06","36.00","NZD","1761728801","23477/2025-11-06/1761728801.json"
"581514","221282","2025-11-06","36.00","NZD","1761728801","23477/2025-11-06/1761728801.json"
"512557","146154","2025-11-06","45.00","NZD","1761728801","23477/2025-11-06/1761728801.json"
"365170","146153","2025-11-06","48.00","NZD","1761728801","23477/2025-11-06/1761728801.json"
"510807","146155","2025-11-06","52.00","NZD","1761728801","23477/2025-11-06/1761728801.json"
"581513","221281","2025-11-08","36.00","NZD","1761728801","23477/2025-11-08/1761728801.json"
"581514","221282","2025-11-08","36.00","NZD","1761728801","23477/2025-11-08/1761728801.json"
"512557","146154","2025-11-08","45.00","NZD","1761728801","23477/2025-11-08/1761728801.json"
"365170","146153","2025-11-08","48.00","NZD","1761728801","23477/2025-11-08/1761728801.json"
"510807","146155","2025-11-08","52.00","NZD","1761728801","23477/2025-11-08/1761728801.json"
"581513","221281","2025-11-07","36.00","NZD","1761728801","23477/2025-11-07/1761728801.json"
"581514","221282","2025-11-07","36.00","NZD","1761728801","23477/2025-11-07/1761728801.json"
"512557","146154","2025-11-07","45.00","NZD","1761728801","23477/2025-11-07/1761728801.json"
"365170","146153","2025-11-07","48.00","NZD","1761728801","23477/2025-11-07/1761728801.json"
"510807","146155","2025-11-07","52.00","NZD","1761728801","23477/2025-11-07/1761728801.json"
"581513","221281","2025-11-10","36.00","NZD","1761728801","23477/2025-11-10/1761728801.json"
"581514","221282","2025-11-10","36.00","NZD","1761728801","23477/2025-11-10/1761728801.json"
"512557","146154","2025-11-10","45.00","NZD","1761728801","23477/2025-11-10/1761728801.json"
"365170","146153","2025-11-10","48.00","NZD","1761728801","23477/2025-11-10/1761728801.json"
"510807","146155","2025-11-10","52.00","NZD","1761728801","23477/2025-11-10/1761728801.json"
"581513","221281","2025-11-11","36.00","NZD","1761728801","23477/2025-11-11/1761728801.json"
"581514","221282","2025-11-11","36.00","NZD","1761728801","23477/2025-11-11/1761728801.json"
"512557","146154","2025-11-11","45.00","NZD","1761728801","23477/2025-11-11/1761728801.json"
"365170","146153","2025-11-11","48.00","NZD","1761728801","23477/2025-11-11/1761728801.json"
"510807","146155","2025-11-11","52.00","NZD","1761728801","23477/2025-11-11/1761728801.json"
"581513","221281","2025-11-12","36.00","NZD","1761728801","23477/2025-11-12/1761728801.json"
"581514","221282","2025-11-12","36.00","NZD","1761728801","23477/2025-11-12/1761728801.json"
"512557","146154","2025-11-12","45.00","NZD","1761728801","23477/2025-11-12/1761728801.json"
"365170","146153","2025-11-12","48.00","NZD","1761728801","23477/2025-11-12/1761728801.json"
"510807","146155","2025-11-12","52.00","NZD","1761728801","23477/2025-11-12/1761728801.json"
"581513","221281","2025-11-13","36.00","NZD","1761728801","23477/2025-11-13/1761728801.json"
"581514","221282","2025-11-13","36.00","NZD","1761728801","23477/2025-11-13/1761728801.json"
"512557","146154","2025-11-13","45.00","NZD","1761728801","23477/2025-11-13/1761728801.json"
"365170","146153","2025-11-13","48.00","NZD","1761728801","23477/2025-11-13/1761728801.json"
"510807","146155","2025-11-13","52.00","NZD","1761728801","23477/2025-11-13/1761728801.json"
"581513","221281","2025-11-14","36.00","NZD","1761728801","23477/2025-11-14/1761728801.json"
"581514","221282","2025-11-14","36.00","NZD","1761728801","23477/2025-11-14/1761728801.json"
"512557","146154","2025-11-14","45.00","NZD","1761728801","23477/2025-11-14/1761728801.json"
"365170","146153","2025-11-14","48.00","NZD","1761728801","23477/2025-11-14/1761728801.json"
"510807","146155","2025-11-14","52.00","NZD","1761728801","23477/2025-11-14/1761728801.json"
"581513","221281","2025-11-15","36.00","NZD","1761728801","23477/2025-11-15/1761728801.json"
"581514","221282","2025-11-15","36.00","NZD","1761728801","23477/2025-11-15/1761728801.json"
"512557","146154","2025-11-15","45.00","NZD","1761728801","23477/2025-11-15/1761728801.json"
"365170","146153","2025-11-15","48.00","NZD","1761728801","23477/2025-11-15/1761728801.json"
"510807","146155","2025-11-15","52.00","NZD","1761728801","23477/2025-11-15/1761728801.json"
"581513","221281","2025-11-17","36.00","NZD","1761728801","23477/2025-11-17/1761728801.json"
"581514","221282","2025-11-17","36.00","NZD","1761728801","23477/2025-11-17/1761728801.json"
"512557","146154","2025-11-17","45.00","NZD","1761728801","23477/2025-11-17/1761728801.json"
"365170","146153","2025-11-17","48.00","NZD","1761728801","23477/2025-11-17/1761728801.json"
"510807","146155","2025-11-17","52.00","NZD","1761728801","23477/2025-11-17/1761728801.json"
"581513","221281","2025-11-18","36.00","NZD","1761728801","23477/2025-11-18/1761728801.json"
"581514","221282","2025-11-18","36.00","NZD","1761728801","23477/2025-11-18/1761728801.json"
"512557","146154","2025-11-18","45.00","NZD","1761728801","23477/2025-11-18/1761728801.json"
"365170","146153","2025-11-18","48.00","NZD","1761728801","23477/2025-11-18/1761728801.json"
"510807","146155","2025-11-18","52.00","NZD","1761728801","23477/2025-11-18/1761728801.json"
"581513","221281","2025-11-19","36.00","NZD","1761728801","23477/2025-11-19/1761728801.json"
"581514","221282","2025-11-19","36.00","NZD","1761728801","23477/2025-11-19/1761728801.json"
"512557","146154","2025-11-19","45.00","NZD","1761728801","23477/2025-11-19/1761728801.json"
"365170","146153","2025-11-19","48.00","NZD","1761728801","23477/2025-11-19/1761728801.json"
"510807","146155","2025-11-19","52.00","NZD","1761728801","23477/2025-11-19/1761728801.json"
"581513","221281","2025-11-20","36.00","NZD","1761728801","23477/2025-11-20/1761728801.json"
"581514","221282","2025-11-20","36.00","NZD","1761728801","23477/2025-11-20/1761728801.json"
"512557","146154","2025-11-20","45.00","NZD","1761728801","23477/2025-11-20/1761728801.json"
"581513","221281","2025-11-22","36.00","NZD","1761728801","23477/2025-11-22/1761728801.json"
"581514","221282","2025-11-22","36.00","NZD","1761728801","23477/2025-11-22/1761728801.json"
"512557","146154","2025-11-22","45.00","NZD","1761728801","23477/2025-11-22/1761728801.json"
"365170","146153","2025-11-22","48.00","NZD","1761728801","23477/2025-11-22/1761728801.json"
"510807","146155","2025-11-22","52.00","NZD","1761728801","23477/2025-11-22/1761728801.json"
"581513","221281","2025-11-23","36.00","NZD","1761728801","23477/2025-11-23/1761728801.json"
"581514","221282","2025-11-23","36.00","NZD","1761728801","23477/2025-11-23/1761728801.json"
"512557","146154","2025-11-23","45.00","NZD","1761728801","23477/2025-11-23/1761728801.json"
"365170","146153","2025-11-23","48.00","NZD","1761728801","23477/2025-11-23/1761728801.json"
"510807","146155","2025-11-23","52.00","NZD","1761728801","23477/2025-11-23/1761728801.json"
"581513","221281","2025-11-21","36.00","NZD","1761728801","23477/2025-11-21/1761728801.json"
"581514","221282","2025-11-21","36.00","NZD","1761728801","23477/2025-11-21/1761728801.json"
"512557","146154","2025-11-21","45.00","NZD","1761728801","23477/2025-11-21/1761728801.json"
"365170","146153","2025-11-21","48.00","NZD","1761728801","23477/2025-11-21/1761728801.json"
"510807","146155","2025-11-21","52.00","NZD","1761728801","23477/2025-11-21/1761728801.json"
"581513","221281","2025-11-24","36.00","NZD","1761728801","23477/2025-11-24/1761728801.json"
"581514","221282","2025-11-24","36.00","NZD","1761728801","23477/2025-11-24/1761728801.json"
"512557","146154","2025-11-24","45.00","NZD","1761728801","23477/2025-11-24/1761728801.json"
"365170","146153","2025-11-24","48.00","NZD","1761728801","23477/2025-11-24/1761728801.json"
"510807","146155","2025-11-24","52.00","NZD","1761728801","23477/2025-11-24/1761728801.json"
"581513","221281","2025-11-25","36.00","NZD","1761728801","23477/2025-11-25/1761728801.json"
"581514","221282","2025-11-25","36.00","NZD","1761728801","23477/2025-11-25/1761728801.json"
"512557","146154","2025-11-25","45.00","NZD","1761728801","23477/2025-11-25/1761728801.json"
"365170","146153","2025-11-25","48.00","NZD","1761728801","23477/2025-11-25/1761728801.json"
"510807","146155","2025-11-25","52.00","NZD","1761728801","23477/2025-11-25/1761728801.json"
"581513","221281","2025-11-26","36.00","NZD","1761728801","23477/2025-11-26/1761728801.json"
"581514","221282","2025-11-26","36.00","NZD","1761728801","23477/2025-11-26/1761728801.json"
"512557","146154","2025-11-26","45.00","NZD","1761728801","23477/2025-11-26/1761728801.json"
"365170","146153","2025-11-26","48.00","NZD","1761728801","23477/2025-11-26/1761728801.json"
"510807","146155","2025-11-26","52.00","NZD","1761728801","23477/2025-11-26/1761728801.json"
"581513","221281","2025-11-27","36.00","NZD","1761728801","23477/2025-11-27/1761728801.json"
"581514","221282","2025-11-27","36.00","NZD","1761728801","23477/2025-11-27/1761728801.json"
"512557","146154","2025-11-27","45.00","NZD","1761728801","23477/2025-11-27/1761728801.json"
"365170","146153","2025-11-27","48.00","NZD","1761728801","23477/2025-11-27/1761728801.json"
"510807","146155","2025-11-27","52.00","NZD","1761728801","23477/2025-11-27/1761728801.json"
"581513","221281","2025-11-28","36.00","NZD","1761728801","23477/2025-11-28/1761728801.json"
"581514","221282","2025-11-28","36.00","NZD","1761728801","23477/2025-11-28/1761728801.json"
"512557","146154","2025-11-28","45.00","NZD","1761728801","23477/2025-11-28/1761728801.json"
"365170","146153","2025-11-28","48.00","NZD","1761728801","23477/2025-11-28/1761728801.json"
"510807","146155","2025-11-28","52.00","NZD","1761728801","23477/2025-11-28/1761728801.json"
"581513","221281","2025-11-29","36.00","NZD","1761728801","23477/2025-11-29/1761728801.json"
"581514","221282","2025-11-29","36.00","NZD","1761728801","23477/2025-11-29/1761728801.json"
"512557","146154","2025-11-29","45.00","NZD","1761728801","23477/2025-11-29/1761728801.json"
"365170","146153","2025-11-29","48.00","NZD","1761728801","23477/2025-11-29/1761728801.json"
"510807","146155","2025-11-29","52.00","NZD","1761728801","23477/2025-11-29/1761728801.json"
"581513","221281","2025-11-30","36.00","NZD","1761728801","23477/2025-11-30/1761728801.json"
"581514","221282","2025-11-30","36.00","NZD","1761728801","23477/2025-11-30/1761728801.json"
"512557","146154","2025-11-30","45.00","NZD","1761728801","23477/2025-11-30/1761728801.json"
"365170","146153","2025-11-30","48.00","NZD","1761728801","23477/2025-11-30/1761728801.json"
"510807","146155","2025-11-30","52.00","NZD","1761728801","23477/2025-11-30/1761728801.json"
"581513","221281","2025-12-01","36.00","NZD","1761728801","23477/2025-12-01/1761728801.json"
"581514","221282","2025-12-01","36.00","NZD","1761728801","23477/2025-12-01/1761728801.json"
"512557","146154","2025-12-01","45.00","NZD","1761728801","23477/2025-12-01/1761728801.json"
"365170","146153","2025-12-01","48.00","NZD","1761728801","23477/2025-12-01/1761728801.json"
"510807","146155","2025-12-01","52.00","NZD","1761728801","23477/2025-12-01/1761728801.json"
"581513","221281","2025-12-02","36.00","NZD","1761728801","23477/2025-12-02/1761728801.json"
"581514","221282","2025-12-02","36.00","NZD","1761728801","23477/2025-12-02/1761728801.json"
"512557","146154","2025-12-02","45.00","NZD","1761728801","23477/2025-12-02/1761728801.json"
"365170","146153","2025-12-02","48.00","NZD","1761728801","23477/2025-12-02/1761728801.json"
"510807","146155","2025-12-02","52.00","NZD","1761728801","23477/2025-12-02/1761728801.json"
"581513","221281","2025-12-03","36.00","NZD","1761728801","23477/2025-12-03/1761728801.json"
"581514","221282","2025-12-03","36.00","NZD","1761728801","23477/2025-12-03/1761728801.json"
"512557","146154","2025-12-03","45.00","NZD","1761728801","23477/2025-12-03/1761728801.json"
"365170","146153","2025-12-03","48.00","NZD","1761728801","23477/2025-12-03/1761728801.json"
"510807","146155","2025-12-03","52.00","NZD","1761728801","23477/2025-12-03/1761728801.json"
"581513","221281","2025-12-04","36.00","NZD","1761728801","23477/2025-12-04/1761728801.json"
"581514","221282","2025-12-04","36.00","NZD","1761728801","23477/2025-12-04/1761728801.json"
"512557","146154","2025-12-04","45.00","NZD","1761728801","23477/2025-12-04/1761728801.json"
"365170","146153","2025-12-04","48.00","NZD","1761728801","23477/2025-12-04/1761728801.json"
"510807","146155","2025-12-04","52.00","NZD","1761728801","23477/2025-12-04/1761728801.json"
"581513","221281","2025-12-06","36.00","NZD","1761728801","23477/2025-12-06/1761728801.json"
"581514","221282","2025-12-06","36.00","NZD","1761728801","23477/2025-12-06/1761728801.json"
"512557","146154","2025-12-06","45.00","NZD","1761728801","23477/2025-12-06/1761728801.json"
"365170","146153","2025-12-06","48.00","NZD","1761728801","23477/2025-12-06/1761728801.json"
"510807","146155","2025-12-06","52.00","NZD","1761728801","23477/2025-12-06/1761728801.json"
"581513","221281","2025-12-05","36.00","NZD","1761728801","23477/2025-12-05/1761728801.json"
"581514","221282","2025-12-05","36.00","NZD","1761728801","23477/2025-12-05/1761728801.json"
"512557","146154","2025-12-05","45.00","NZD","1761728801","23477/2025-12-05/1761728801.json"
"365170","146153","2025-12-05","48.00","NZD","1761728801","23477/2025-12-05/1761728801.json"
"510807","146155","2025-12-05","52.00","NZD","1761728801","23477/2025-12-05/1761728801.json"
"581513","221281","2025-12-07","36.00","NZD","1761728801","23477/2025-12-07/1761728801.json"
"581514","221282","2025-12-07","36.00","NZD","1761728801","23477/2025-12-07/1761728801.json"
"512557","146154","2025-12-07","45.00","NZD","1761728801","23477/2025-12-07/1761728801.json"
"365170","146153","2025-12-07","48.00","NZD","1761728801","23477/2025-12-07/1761728801.json"
"510807","146155","2025-12-07","52.00","NZD","1761728801","23477/2025-12-07/1761728801.json"
"581513","221281","2025-12-08","36.00","NZD","1761728801","23477/2025-12-08/1761728801.json"
"581514","221282","2025-12-08","36.00","NZD","1761728801","23477/2025-12-08/1761728801.json"
"512557","146154","2025-12-08","45.00","NZD","1761728801","23477/2025-12-08/1761728801.json"
"365170","146153","2025-12-08","48.00","NZD","1761728801","23477/2025-12-08/1761728801.json"
"510807","146155","2025-12-08","52.00","NZD","1761728801","23477/2025-12-08/1761728801.json"
"581513","221281","2025-12-10","36.00","NZD","1761728801","23477/2025-12-10/1761728801.json"
"581514","221282","2025-12-10","36.00","NZD","1761728801","23477/2025-12-10/1761728801.json"
"512557","146154","2025-12-10","45.00","NZD","1761728801","23477/2025-12-10/1761728801.json"
"365170","146153","2025-12-10","48.00","NZD","1761728801","23477/2025-12-10/1761728801.json"
"510807","146155","2025-12-10","52.00","NZD","1761728801","23477/2025-12-10/1761728801.json"
"581513","221281","2025-12-09","36.00","NZD","1761728801","23477/2025-12-09/1761728801.json"
"581514","221282","2025-12-09","36.00","NZD","1761728801","23477/2025-12-09/1761728801.json"
"512557","146154","2025-12-09","45.00","NZD","1761728801","23477/2025-12-09/1761728801.json"
"365170","146153","2025-12-09","48.00","NZD","1761728801","23477/2025-12-09/1761728801.json"
"510807","146155","2025-12-09","52.00","NZD","1761728801","23477/2025-12-09/1761728801.json"
"581513","221281","2025-12-13","36.00","NZD","1761728801","23477/2025-12-13/1761728801.json"
"581514","221282","2025-12-13","36.00","NZD","1761728801","23477/2025-12-13/1761728801.json"
"512557","146154","2025-12-13","45.00","NZD","1761728801","23477/2025-12-13/1761728801.json"
"365170","146153","2025-12-13","48.00","NZD","1761728801","23477/2025-12-13/1761728801.json"
"510807","146155","2025-12-13","52.00","NZD","1761728801","23477/2025-12-13/1761728801.json"
"581513","221281","2025-12-12","36.00","NZD","1761728801","23477/2025-12-12/1761728801.json"
"581514","221282","2025-12-12","36.00","NZD","1761728801","23477/2025-12-12/1761728801.json"
"512557","146154","2025-12-12","45.00","NZD","1761728801","23477/2025-12-12/1761728801.json"
"365170","146153","2025-12-12","48.00","NZD","1761728801","23477/2025-12-12/1761728801.json"
"510807","146155","2025-12-12","52.00","NZD","1761728801","23477/2025-12-12/1761728801.json"
"581513","221281","2025-12-11","36.00","NZD","1761728801","23477/2025-12-11/1761728801.json"
"581514","221282","2025-12-11","36.00","NZD","1761728801","23477/2025-12-11/1761728801.json"
"512557","146154","2025-12-11","45.00","NZD","1761728801","23477/2025-12-11/1761728801.json"
"365170","146153","2025-12-11","48.00","NZD","1761728801","23477/2025-12-11/1761728801.json"
"510807","146155","2025-12-11","52.00","NZD","1761728801","23477/2025-12-11/1761728801.json"
"581513","221281","2025-12-14","36.00","NZD","1761728801","23477/2025-12-14/1761728801.json"
"581514","221282","2025-12-14","36.00","NZD","1761728801","23477/2025-12-14/1761728801.json"
"512557","146154","2025-12-14","45.00","NZD","1761728801","23477/2025-12-14/1761728801.json"
"365170","146153","2025-12-14","48.00","NZD","1761728801","23477/2025-12-14/1761728801.json"
"510807","146155","2025-12-14","52.00","NZD","1761728801","23477/2025-12-14/1761728801.json"
"581513","221281","2025-12-16","36.00","NZD","1761728801","23477/2025-12-16/1761728801.json"
"581514","221282","2025-12-16","36.00","NZD","1761728801","23477/2025-12-16/1761728801.json"
"512557","146154","2025-12-16","45.00","NZD","1761728801","23477/2025-12-16/1761728801.json"
"365170","146153","2025-12-16","48.00","NZD","1761728801","23477/2025-12-16/1761728801.json"
"510807","146155","2025-12-16","52.00","NZD","1761728801","23477/2025-12-16/1761728801.json"
"581513","221281","2025-12-15","36.00","NZD","1761728801","23477/2025-12-15/1761728801.json"
"581514","221282","2025-12-15","36.00","NZD","1761728801","23477/2025-12-15/1761728801.json"
"512557","146154","2025-12-15","45.00","NZD","1761728801","23477/2025-12-15/1761728801.json"
"365170","146153","2025-12-15","48.00","NZD","1761728801","23477/2025-12-15/1761728801.json"
"510807","146155","2025-12-15","52.00","NZD","1761728801","23477/2025-12-15/1761728801.json"
"581513","221281","2025-11-16","36.00","NZD","1761728801","23477/2025-11-16/1761728801.json"
"581514","221282","2025-11-16","36.00","NZD","1761728801","23477/2025-11-16/1761728801.json"
"512557","146154","2025-11-16","45.00","NZD","1761728801","23477/2025-11-16/1761728801.json"
"365170","146153","2025-11-16","48.00","NZD","1761728801","23477/2025-11-16/1761728801.json"
"510807","146155","2025-11-16","52.00","NZD","1761728801","23477/2025-11-16/1761728801.json"
"581513","221281","2025-12-19","36.00","NZD","1761728801","23477/2025-12-19/1761728801.json"
"581514","221282","2025-12-19","36.00","NZD","1761728801","23477/2025-12-19/1761728801.json"
"512557","146154","2025-12-19","45.00","NZD","1761728801","23477/2025-12-19/1761728801.json"
"365170","146153","2025-12-19","48.00","NZD","1761728801","23477/2025-12-19/1761728801.json"
"510807","146155","2025-12-19","52.00","NZD","1761728801","23477/2025-12-19/1761728801.json"
"581513","221281","2025-12-18","36.00","NZD","1761728801","23477/2025-12-18/1761728801.json"
"581514","221282","2025-12-18","36.00","NZD","1761728801","23477/2025-12-18/1761728801.json"
"512557","146154","2025-12-18","45.00","NZD","1761728801","23477/2025-12-18/1761728801.json"
"365170","146153","2025-12-18","48.00","NZD","1761728801","23477/2025-12-18/1761728801.json"
"510807","146155","2025-12-18","52.00","NZD","1761728801","23477/2025-12-18/1761728801.json"
"581513","221281","2025-12-17","36.00","NZD","1761728801","23477/2025-12-17/1761728801.json"
"581514","221282","2025-12-17","36.00","NZD","1761728801","23477/2025-12-17/1761728801.json"
"512557","146154","2025-12-17","45.00","NZD","1761728801","23477/2025-12-17/1761728801.json"
"365170","146153","2025-12-17","48.00","NZD","1761728801","23477/2025-12-17/1761728801.json"
"510807","146155","2025-12-17","52.00","NZD","1761728801","23477/2025-12-17/1761728801.json"
"581513","221281","2025-12-20","36.00","NZD","1761728801","23477/2025-12-20/1761728801.json"
"581514","221282","2025-12-20","36.00","NZD","1761728801","23477/2025-12-20/1761728801.json"
"512557","146154","2025-12-20","45.00","NZD","1761728801","23477/2025-12-20/1761728801.json"
"365170","146153","2025-12-20","48.00","NZD","1761728801","23477/2025-12-20/1761728801.json"
"510807","146155","2025-12-20","52.00","NZD","1761728801","23477/2025-12-20/1761728801.json"
"581513","221281","2025-12-21","36.00","NZD","1761728801","23477/2025-12-21/1761728801.json"
"581514","221282","2025-12-21","36.00","NZD","1761728801","23477/2025-12-21/1761728801.json"
"512557","146154","2025-12-21","45.00","NZD","1761728801","23477/2025-12-21/1761728801.json"
"365170","146153","2025-12-21","48.00","NZD","1761728801","23477/2025-12-21/1761728801.json"
"510807","146155","2025-12-21","52.00","NZD","1761728801","23477/2025-12-21/1761728801.json"
"581513","221281","2025-12-24","38.00","NZD","1761728801","23477/2025-12-24/1761728801.json"
"581514","221282","2025-12-24","38.00","NZD","1761728801","23477/2025-12-24/1761728801.json"
"512557","146154","2025-12-24","45.00","NZD","1761728801","23477/2025-12-24/1761728801.json"
"365170","146153","2025-12-24","48.00","NZD","1761728801","23477/2025-12-24/1761728801.json"
"510807","146155","2025-12-24","52.00","NZD","1761728801","23477/2025-12-24/1761728801.json"
"581513","221281","2025-12-23","38.00","NZD","1761728801","23477/2025-12-23/1761728801.json"
"581514","221282","2025-12-23","38.00","NZD","1761728801","23477/2025-12-23/1761728801.json"
"512557","146154","2025-12-23","45.00","NZD","1761728801","23477/2025-12-23/1761728801.json"
"365170","146153","2025-12-23","48.00","NZD","1761728801","23477/2025-12-23/1761728801.json"
"510807","146155","2025-12-23","52.00","NZD","1761728801","23477/2025-12-23/1761728801.json"
"581513","221281","2025-12-25","38.00","NZD","1761728801","23477/2025-12-25/1761728801.json"
"581514","221282","2025-12-25","38.00","NZD","1761728801","23477/2025-12-25/1761728801.json"
"512557","146154","2025-12-25","45.00","NZD","1761728801","23477/2025-12-25/1761728801.json"
"365170","146153","2025-12-25","48.00","NZD","1761728801","23477/2025-12-25/1761728801.json"
"510807","146155","2025-12-25","52.00","NZD","1761728801","23477/2025-12-25/1761728801.json"
"581513","221281","2025-12-22","36.00","NZD","1761728801","23477/2025-12-22/1761728801.json"
"581514","221282","2025-12-22","36.00","NZD","1761728801","23477/2025-12-22/1761728801.json"
"512557","146154","2025-12-22","45.00","NZD","1761728801","23477/2025-12-22/1761728801.json"
"365170","146153","2025-12-22","48.00","NZD","1761728801","23477/2025-12-22/1761728801.json"
"510807","146155","2025-12-22","52.00","NZD","1761728801","23477/2025-12-22/1761728801.json"
"581513","221281","2025-12-26","42.00","NZD","1761728801","23477/2025-12-26/1761728801.json"
"581514","221282","2025-12-26","42.00","NZD","1761728801","23477/2025-12-26/1761728801.json"
"512557","146154","2025-12-26","45.00","NZD","1761728801","23477/2025-12-26/1761728801.json"
"365170","146153","2025-12-26","48.00","NZD","1761728801","23477/2025-12-26/1761728801.json"
"510807","146155","2025-12-26","52.00","NZD","1761728801","23477/2025-12-26/1761728801.json"
"581513","221281","2025-12-27","42.00","NZD","1761728801","23477/2025-12-27/1761728801.json"
"581514","221282","2025-12-27","42.00","NZD","1761728801","23477/2025-12-27/1761728801.json"
"512557","146154","2025-12-27","45.00","NZD","1761728801","23477/2025-12-27/1761728801.json"
"365170","146153","2025-12-27","48.00","NZD","1761728801","23477/2025-12-27/1761728801.json"
"510807","146155","2025-12-27","52.00","NZD","1761728801","23477/2025-12-27/1761728801.json"
"581513","221281","2025-12-28","42.00","NZD","1761728801","23477/2025-12-28/1761728801.json"
"581514","221282","2025-12-28","42.00","NZD","1761728801","23477/2025-12-28/1761728801.json"
"512557","146154","2025-12-28","45.00","NZD","1761728801","23477/2025-12-28/1761728801.json"
"365170","146153","2025-12-28","48.00","NZD","1761728801","23477/2025-12-28/1761728801.json"
"510807","146155","2025-12-28","52.00","NZD","1761728801","23477/2025-12-28/1761728801.json"
"581513","221281","2025-10-31","36.00","NZD","1761746497","23477/2025-10-31/1761746497.json"
"581514","221282","2025-10-31","36.00","NZD","1761746497","23477/2025-10-31/1761746497.json"
"512557","146154","2025-10-31","45.00","NZD","1761746497","23477/2025-10-31/1761746497.json"
"365170","146153","2025-10-31","48.00","NZD","1761746497","23477/2025-10-31/1761746497.json"
"510807","146155","2025-10-31","52.00","NZD","1761746497","23477/2025-10-31/1761746497.json"
"581513","221281","2025-11-01","36.00","NZD","1761746497","23477/2025-11-01/1761746497.json"
"581513","221281","2025-10-30","36.00","NZD","1761746497","23477/2025-10-30/1761746497.json"
"581514","221282","2025-11-01","36.00","NZD","1761746497","23477/2025-11-01/1761746497.json"
"581514","221282","2025-10-30","36.00","NZD","1761746497","23477/2025-10-30/1761746497.json"
"512557","146154","2025-11-01","45.00","NZD","1761746497","23477/2025-11-01/1761746497.json"
"512557","146154","2025-10-30","45.00","NZD","1761746497","23477/2025-10-30/1761746497.json"
"365170","146153","2025-11-01","48.00","NZD","1761746497","23477/2025-11-01/1761746497.json"
"365170","146153","2025-10-30","48.00","NZD","1761746497","23477/2025-10-30/1761746497.json"
"510807","146155","2025-11-01","52.00","NZD","1761746497","23477/2025-11-01/1761746497.json"
"510807","146155","2025-10-30","52.00","NZD","1761746497","23477/2025-10-30/1761746497.json"
"581513","221281","2025-11-02","36.00","NZD","1761746497","23477/2025-11-02/1761746497.json"
"581514","221282","2025-11-02","36.00","NZD","1761746497","23477/2025-11-02/1761746497.json"
"512557","146154","2025-11-02","45.00","NZD","1761746497","23477/2025-11-02/1761746497.json"
"365170","146153","2025-11-02","48.00","NZD","1761746497","23477/2025-11-02/1761746497.json"
"510807","146155","2025-11-02","52.00","NZD","1761746497","23477/2025-11-02/1761746497.json"
"581513","221281","2025-11-03","36.00","NZD","1761746497","23477/2025-11-03/1761746497.json"
"581514","221282","2025-11-03","36.00","NZD","1761746497","23477/2025-11-03/1761746497.json"
"512557","146154","2025-11-03","45.00","NZD","1761746497","23477/2025-11-03/1761746497.json"
"365170","146153","2025-11-03","48.00","NZD","1761746497","23477/2025-11-03/1761746497.json"
"510807","146155","2025-11-03","52.00","NZD","1761746497","23477/2025-11-03/1761746497.json"
"581513","221281","2025-11-05","36.00","NZD","1761746497","23477/2025-11-05/1761746497.json"
"581514","221282","2025-11-05","36.00","NZD","1761746497","23477/2025-11-05/1761746497.json"
"512557","146154","2025-11-05","45.00","NZD","1761746497","23477/2025-11-05/1761746497.json"
"365170","146153","2025-11-05","48.00","NZD","1761746497","23477/2025-11-05/1761746497.json"
"510807","146155","2025-11-05","52.00","NZD","1761746497","23477/2025-11-05/1761746497.json"
"581513","221281","2025-11-06","36.00","NZD","1761746497","23477/2025-11-06/1761746497.json"
"581514","221282","2025-11-06","36.00","NZD","1761746497","23477/2025-11-06/1761746497.json"
"512557","146154","2025-11-06","45.00","NZD","1761746497","23477/2025-11-06/1761746497.json"
"365170","146153","2025-11-06","48.00","NZD","1761746497","23477/2025-11-06/1761746497.json"
"510807","146155","2025-11-06","52.00","NZD","1761746497","23477/2025-11-06/1761746497.json"
"581513","221281","2025-11-04","36.00","NZD","1761746497","23477/2025-11-04/1761746497.json"
"581514","221282","2025-11-04","36.00","NZD","1761746497","23477/2025-11-04/1761746497.json"
"512557","146154","2025-11-04","45.00","NZD","1761746497","23477/2025-11-04/1761746497.json"
"365170","146153","2025-11-04","48.00","NZD","1761746497","23477/2025-11-04/1761746497.json"
"510807","146155","2025-11-04","52.00","NZD","1761746497","23477/2025-11-04/1761746497.json"
"581513","221281","2025-11-07","36.00","NZD","1761746497","23477/2025-11-07/1761746497.json"
"581514","221282","2025-11-07","36.00","NZD","1761746497","23477/2025-11-07/1761746497.json"
"512557","146154","2025-11-07","45.00","NZD","1761746497","23477/2025-11-07/1761746497.json"
"365170","146153","2025-11-07","48.00","NZD","1761746497","23477/2025-11-07/1761746497.json"
"510807","146155","2025-11-07","52.00","NZD","1761746497","23477/2025-11-07/1761746497.json"
"581513","221281","2025-11-09","36.00","NZD","1761746497","23477/2025-11-09/1761746497.json"
"581514","221282","2025-11-09","36.00","NZD","1761746497","23477/2025-11-09/1761746497.json"
"512557","146154","2025-11-09","45.00","NZD","1761746497","23477/2025-11-09/1761746497.json"
"365170","146153","2025-11-09","48.00","NZD","1761746497","23477/2025-11-09/1761746497.json"
"510807","146155","2025-11-09","52.00","NZD","1761746497","23477/2025-11-09/1761746497.json"
"581513","221281","2025-11-08","36.00","NZD","1761746497","23477/2025-11-08/1761746497.json"
"581514","221282","2025-11-08","36.00","NZD","1761746497","23477/2025-11-08/1761746497.json"
"512557","146154","2025-11-08","45.00","NZD","1761746497","23477/2025-11-08/1761746497.json"
"365170","146153","2025-11-08","48.00","NZD","1761746497","23477/2025-11-08/1761746497.json"
"510807","146155","2025-11-08","52.00","NZD","1761746497","23477/2025-11-08/1761746497.json"
"581513","221281","2025-11-11","36.00","NZD","1761746497","23477/2025-11-11/1761746497.json"
"581514","221282","2025-11-11","36.00","NZD","1761746497","23477/2025-11-11/1761746497.json"
"512557","146154","2025-11-11","45.00","NZD","1761746497","23477/2025-11-11/1761746497.json"
"365170","146153","2025-11-11","48.00","NZD","1761746497","23477/2025-11-11/1761746497.json"
"510807","146155","2025-11-11","52.00","NZD","1761746497","23477/2025-11-11/1761746497.json"
"581513","221281","2025-11-10","36.00","NZD","1761746497","23477/2025-11-10/1761746497.json"
"581514","221282","2025-11-10","36.00","NZD","1761746497","23477/2025-11-10/1761746497.json"
"512557","146154","2025-11-10","45.00","NZD","1761746497","23477/2025-11-10/1761746497.json"
"365170","146153","2025-11-10","48.00","NZD","1761746497","23477/2025-11-10/1761746497.json"
"510807","146155","2025-11-10","52.00","NZD","1761746497","23477/2025-11-10/1761746497.json"
"581513","221281","2025-11-12","36.00","NZD","1761746497","23477/2025-11-12/1761746497.json"
"581513","221281","2025-11-13","36.00","NZD","1761746497","23477/2025-11-13/1761746497.json"
"581514","221282","2025-11-12","36.00","NZD","1761746497","23477/2025-11-12/1761746497.json"
"581514","221282","2025-11-13","36.00","NZD","1761746497","23477/2025-11-13/1761746497.json"
"512557","146154","2025-11-12","45.00","NZD","1761746497","23477/2025-11-12/1761746497.json"
"512557","146154","2025-11-13","45.00","NZD","1761746497","23477/2025-11-13/1761746497.json"
"365170","146153","2025-11-12","48.00","NZD","1761746497","23477/2025-11-12/1761746497.json"
"365170","146153","2025-11-13","48.00","NZD","1761746497","23477/2025-11-13/1761746497.json"
"510807","146155","2025-11-13","52.00","NZD","1761746497","23477/2025-11-13/1761746497.json"
"510807","146155","2025-11-12","52.00","NZD","1761746497","23477/2025-11-12/1761746497.json"
"581513","221281","2025-11-14","36.00","NZD","1761746497","23477/2025-11-14/1761746497.json"
"581514","221282","2025-11-14","36.00","NZD","1761746497","23477/2025-11-14/1761746497.json"
"512557","146154","2025-11-14","45.00","NZD","1761746497","23477/2025-11-14/1761746497.json"
"365170","146153","2025-11-14","48.00","NZD","1761746497","23477/2025-11-14/1761746497.json"
"510807","146155","2025-11-14","52.00","NZD","1761746497","23477/2025-11-14/1761746497.json"
"581513","221281","2025-11-15","36.00","NZD","1761746497","23477/2025-11-15/1761746497.json"
"581514","221282","2025-11-15","36.00","NZD","1761746497","23477/2025-11-15/1761746497.json"
"512557","146154","2025-11-15","45.00","NZD","1761746497","23477/2025-11-15/1761746497.json"
"365170","146153","2025-11-15","48.00","NZD","1761746497","23477/2025-11-15/1761746497.json"
"510807","146155","2025-11-15","52.00","NZD","1761746497","23477/2025-11-15/1761746497.json"
"581513","221281","2025-11-17","36.00","NZD","1761746497","23477/2025-11-17/1761746497.json"
"581514","221282","2025-11-17","36.00","NZD","1761746497","23477/2025-11-17/1761746497.json"
"512557","146154","2025-11-17","45.00","NZD","1761746497","23477/2025-11-17/1761746497.json"
"365170","146153","2025-11-17","48.00","NZD","1761746497","23477/2025-11-17/1761746497.json"
"510807","146155","2025-11-17","52.00","NZD","1761746497","23477/2025-11-17/1761746497.json"
"581513","221281","2025-11-16","36.00","NZD","1761746497","23477/2025-11-16/1761746497.json"
"581514","221282","2025-11-16","36.00","NZD","1761746497","23477/2025-11-16/1761746497.json"
"512557","146154","2025-11-16","45.00","NZD","1761746497","23477/2025-11-16/1761746497.json"
"365170","146153","2025-11-16","48.00","NZD","1761746497","23477/2025-11-16/1761746497.json"
"510807","146155","2025-11-16","52.00","NZD","1761746497","23477/2025-11-16/1761746497.json"
"581513","221281","2025-11-19","36.00","NZD","1761746497","23477/2025-11-19/1761746497.json"
"581514","221282","2025-11-19","36.00","NZD","1761746497","23477/2025-11-19/1761746497.json"
"512557","146154","2025-11-19","45.00","NZD","1761746497","23477/2025-11-19/1761746497.json"
"365170","146153","2025-11-19","48.00","NZD","1761746497","23477/2025-11-19/1761746497.json"
"510807","146155","2025-11-19","52.00","NZD","1761746497","23477/2025-11-19/1761746497.json"
"581513","221281","2025-11-20","36.00","NZD","1761746497","23477/2025-11-20/1761746497.json"
"581514","221282","2025-11-20","36.00","NZD","1761746497","23477/2025-11-20/1761746497.json"
"512557","146154","2025-11-20","45.00","NZD","1761746497","23477/2025-11-20/1761746497.json"
"581513","221281","2025-11-21","36.00","NZD","1761746497","23477/2025-11-21/1761746497.json"
"581514","221282","2025-11-21","36.00","NZD","1761746497","23477/2025-11-21/1761746497.json"
"512557","146154","2025-11-21","45.00","NZD","1761746497","23477/2025-11-21/1761746497.json"
"365170","146153","2025-11-21","48.00","NZD","1761746497","23477/2025-11-21/1761746497.json"
"510807","146155","2025-11-21","52.00","NZD","1761746497","23477/2025-11-21/1761746497.json"
"581513","221281","2025-11-18","36.00","NZD","1761746497","23477/2025-11-18/1761746497.json"
"581514","221282","2025-11-18","36.00","NZD","1761746497","23477/2025-11-18/1761746497.json"
"512557","146154","2025-11-18","45.00","NZD","1761746497","23477/2025-11-18/1761746497.json"
"365170","146153","2025-11-18","48.00","NZD","1761746497","23477/2025-11-18/1761746497.json"
"510807","146155","2025-11-18","52.00","NZD","1761746497","23477/2025-11-18/1761746497.json"
"581513","221281","2025-11-22","36.00","NZD","1761746497","23477/2025-11-22/1761746497.json"
"581514","221282","2025-11-22","36.00","NZD","1761746497","23477/2025-11-22/1761746497.json"
"512557","146154","2025-11-22","45.00","NZD","1761746497","23477/2025-11-22/1761746497.json"
"365170","146153","2025-11-22","48.00","NZD","1761746497","23477/2025-11-22/1761746497.json"
"510807","146155","2025-11-22","52.00","NZD","1761746497","23477/2025-11-22/1761746497.json"
"581513","221281","2025-11-25","36.00","NZD","1761746497","23477/2025-11-25/1761746497.json"
"581514","221282","2025-11-25","36.00","NZD","1761746497","23477/2025-11-25/1761746497.json"
"512557","146154","2025-11-25","45.00","NZD","1761746497","23477/2025-11-25/1761746497.json"
"365170","146153","2025-11-25","48.00","NZD","1761746497","23477/2025-11-25/1761746497.json"
"510807","146155","2025-11-25","52.00","NZD","1761746497","23477/2025-11-25/1761746497.json"
"581513","221281","2025-11-24","36.00","NZD","1761746497","23477/2025-11-24/1761746497.json"
"581514","221282","2025-11-24","36.00","NZD","1761746497","23477/2025-11-24/1761746497.json"
"512557","146154","2025-11-24","45.00","NZD","1761746497","23477/2025-11-24/1761746497.json"
"365170","146153","2025-11-24","48.00","NZD","1761746497","23477/2025-11-24/1761746497.json"
"510807","146155","2025-11-24","52.00","NZD","1761746497","23477/2025-11-24/1761746497.json"
"581513","221281","2025-11-23","36.00","NZD","1761746497","23477/2025-11-23/1761746497.json"
"581514","221282","2025-11-23","36.00","NZD","1761746497","23477/2025-11-23/1761746497.json"
"512557","146154","2025-11-23","45.00","NZD","1761746497","23477/2025-11-23/1761746497.json"
"365170","146153","2025-11-23","48.00","NZD","1761746497","23477/2025-11-23/1761746497.json"
"510807","146155","2025-11-23","52.00","NZD","1761746497","23477/2025-11-23/1761746497.json"
"581513","221281","2025-11-27","36.00","NZD","1761746497","23477/2025-11-27/1761746497.json"
"581514","221282","2025-11-27","36.00","NZD","1761746497","23477/2025-11-27/1761746497.json"
"512557","146154","2025-11-27","45.00","NZD","1761746497","23477/2025-11-27/1761746497.json"
"365170","146153","2025-11-27","48.00","NZD","1761746497","23477/2025-11-27/1761746497.json"
"510807","146155","2025-11-27","52.00","NZD","1761746497","23477/2025-11-27/1761746497.json"
"581513","221281","2025-11-26","36.00","NZD","1761746497","23477/2025-11-26/1761746497.json"
"581514","221282","2025-11-26","36.00","NZD","1761746497","23477/2025-11-26/1761746497.json"
"512557","146154","2025-11-26","45.00","NZD","1761746497","23477/2025-11-26/1761746497.json"
"365170","146153","2025-11-26","48.00","NZD","1761746497","23477/2025-11-26/1761746497.json"
"510807","146155","2025-11-26","52.00","NZD","1761746497","23477/2025-11-26/1761746497.json"
"581513","221281","2025-11-29","36.00","NZD","1761746497","23477/2025-11-29/1761746497.json"
"581514","221282","2025-11-29","36.00","NZD","1761746497","23477/2025-11-29/1761746497.json"
"512557","146154","2025-11-29","45.00","NZD","1761746497","23477/2025-11-29/1761746497.json"
"365170","146153","2025-11-29","48.00","NZD","1761746497","23477/2025-11-29/1761746497.json"
"510807","146155","2025-11-29","52.00","NZD","1761746497","23477/2025-11-29/1761746497.json"
"581513","221281","2025-11-28","36.00","NZD","1761746497","23477/2025-11-28/1761746497.json"
"581514","221282","2025-11-28","36.00","NZD","1761746497","23477/2025-11-28/1761746497.json"
"512557","146154","2025-11-28","45.00","NZD","1761746497","23477/2025-11-28/1761746497.json"
"365170","146153","2025-11-28","48.00","NZD","1761746497","23477/2025-11-28/1761746497.json"
"510807","146155","2025-11-28","52.00","NZD","1761746497","23477/2025-11-28/1761746497.json"
"581513","221281","2025-11-30","36.00","NZD","1761746497","23477/2025-11-30/1761746497.json"
"581514","221282","2025-11-30","36.00","NZD","1761746497","23477/2025-11-30/1761746497.json"
"512557","146154","2025-11-30","45.00","NZD","1761746497","23477/2025-11-30/1761746497.json"
"365170","146153","2025-11-30","48.00","NZD","1761746497","23477/2025-11-30/1761746497.json"
"510807","146155","2025-11-30","52.00","NZD","1761746497","23477/2025-11-30/1761746497.json"
"581513","221281","2025-12-01","36.00","NZD","1761746497","23477/2025-12-01/1761746497.json"
"581514","221282","2025-12-01","36.00","NZD","1761746497","23477/2025-12-01/1761746497.json"
"512557","146154","2025-12-01","45.00","NZD","1761746497","23477/2025-12-01/1761746497.json"
"365170","146153","2025-12-01","48.00","NZD","1761746497","23477/2025-12-01/1761746497.json"
"510807","146155","2025-12-01","52.00","NZD","1761746497","23477/2025-12-01/1761746497.json"
"581513","221281","2025-12-02","36.00","NZD","1761746497","23477/2025-12-02/1761746497.json"
"581514","221282","2025-12-02","36.00","NZD","1761746497","23477/2025-12-02/1761746497.json"
"512557","146154","2025-12-02","45.00","NZD","1761746497","23477/2025-12-02/1761746497.json"
"365170","146153","2025-12-02","48.00","NZD","1761746497","23477/2025-12-02/1761746497.json"
"510807","146155","2025-12-02","52.00","NZD","1761746497","23477/2025-12-02/1761746497.json"
"581513","221281","2025-12-03","36.00","NZD","1761746497","23477/2025-12-03/1761746497.json"
"581514","221282","2025-12-03","36.00","NZD","1761746497","23477/2025-12-03/1761746497.json"
"512557","146154","2025-12-03","45.00","NZD","1761746497","23477/2025-12-03/1761746497.json"
"365170","146153","2025-12-03","48.00","NZD","1761746497","23477/2025-12-03/1761746497.json"
"510807","146155","2025-12-03","52.00","NZD","1761746497","23477/2025-12-03/1761746497.json"
"581513","221281","2025-12-04","36.00","NZD","1761746497","23477/2025-12-04/1761746497.json"
"581514","221282","2025-12-04","36.00","NZD","1761746497","23477/2025-12-04/1761746497.json"
"512557","146154","2025-12-04","45.00","NZD","1761746497","23477/2025-12-04/1761746497.json"
"365170","146153","2025-12-04","48.00","NZD","1761746497","23477/2025-12-04/1761746497.json"
"510807","146155","2025-12-04","52.00","NZD","1761746497","23477/2025-12-04/1761746497.json"
"581513","221281","2025-12-05","36.00","NZD","1761746497","23477/2025-12-05/1761746497.json"
"581514","221282","2025-12-05","36.00","NZD","1761746497","23477/2025-12-05/1761746497.json"
"512557","146154","2025-12-05","45.00","NZD","1761746497","23477/2025-12-05/1761746497.json"
"365170","146153","2025-12-05","48.00","NZD","1761746497","23477/2025-12-05/1761746497.json"
"510807","146155","2025-12-05","52.00","NZD","1761746497","23477/2025-12-05/1761746497.json"
"581513","221281","2025-12-06","36.00","NZD","1761746497","23477/2025-12-06/1761746497.json"
"581514","221282","2025-12-06","36.00","NZD","1761746497","23477/2025-12-06/1761746497.json"
"512557","146154","2025-12-06","45.00","NZD","1761746497","23477/2025-12-06/1761746497.json"
"365170","146153","2025-12-06","48.00","NZD","1761746497","23477/2025-12-06/1761746497.json"
"510807","146155","2025-12-06","52.00","NZD","1761746497","23477/2025-12-06/1761746497.json"
"581513","221281","2025-12-08","36.00","NZD","1761746497","23477/2025-12-08/1761746497.json"
"581514","221282","2025-12-08","36.00","NZD","1761746497","23477/2025-12-08/1761746497.json"
"512557","146154","2025-12-08","45.00","NZD","1761746497","23477/2025-12-08/1761746497.json"
"365170","146153","2025-12-08","48.00","NZD","1761746497","23477/2025-12-08/1761746497.json"
"510807","146155","2025-12-08","52.00","NZD","1761746497","23477/2025-12-08/1761746497.json"
"581513","221281","2025-12-09","36.00","NZD","1761746497","23477/2025-12-09/1761746497.json"
"581514","221282","2025-12-09","36.00","NZD","1761746497","23477/2025-12-09/1761746497.json"
"512557","146154","2025-12-09","45.00","NZD","1761746497","23477/2025-12-09/1761746497.json"
"365170","146153","2025-12-09","48.00","NZD","1761746497","23477/2025-12-09/1761746497.json"
"510807","146155","2025-12-09","52.00","NZD","1761746497","23477/2025-12-09/1761746497.json"
"581513","221281","2025-12-10","36.00","NZD","1761746497","23477/2025-12-10/1761746497.json"
"581514","221282","2025-12-10","36.00","NZD","1761746497","23477/2025-12-10/1761746497.json"
"512557","146154","2025-12-10","45.00","NZD","1761746497","23477/2025-12-10/1761746497.json"
"365170","146153","2025-12-10","48.00","NZD","1761746497","23477/2025-12-10/1761746497.json"
"510807","146155","2025-12-10","52.00","NZD","1761746497","23477/2025-12-10/1761746497.json"
"581513","221281","2025-12-11","36.00","NZD","1761746497","23477/2025-12-11/1761746497.json"
"581514","221282","2025-12-11","36.00","NZD","1761746497","23477/2025-12-11/1761746497.json"
"512557","146154","2025-12-11","45.00","NZD","1761746497","23477/2025-12-11/1761746497.json"
"365170","146153","2025-12-11","48.00","NZD","1761746497","23477/2025-12-11/1761746497.json"
"510807","146155","2025-12-11","52.00","NZD","1761746497","23477/2025-12-11/1761746497.json"
"581513","221281","2025-12-07","36.00","NZD","1761746497","23477/2025-12-07/1761746497.json"
"581514","221282","2025-12-07","36.00","NZD","1761746497","23477/2025-12-07/1761746497.json"
"512557","146154","2025-12-07","45.00","NZD","1761746497","23477/2025-12-07/1761746497.json"
"365170","146153","2025-12-07","48.00","NZD","1761746497","23477/2025-12-07/1761746497.json"
"510807","146155","2025-12-07","52.00","NZD","1761746497","23477/2025-12-07/1761746497.json"
"581513","221281","2025-12-12","36.00","NZD","1761746497","23477/2025-12-12/1761746497.json"
"581514","221282","2025-12-12","36.00","NZD","1761746497","23477/2025-12-12/1761746497.json"
"512557","146154","2025-12-12","45.00","NZD","1761746497","23477/2025-12-12/1761746497.json"
"365170","146153","2025-12-12","48.00","NZD","1761746497","23477/2025-12-12/1761746497.json"
"510807","146155","2025-12-12","52.00","NZD","1761746497","23477/2025-12-12/1761746497.json"
"581513","221281","2025-12-13","36.00","NZD","1761746497","23477/2025-12-13/1761746497.json"
"581514","221282","2025-12-13","36.00","NZD","1761746497","23477/2025-12-13/1761746497.json"
"512557","146154","2025-12-13","45.00","NZD","1761746497","23477/2025-12-13/1761746497.json"
"365170","146153","2025-12-13","48.00","NZD","1761746497","23477/2025-12-13/1761746497.json"
"510807","146155","2025-12-13","52.00","NZD","1761746497","23477/2025-12-13/1761746497.json"
"581513","221281","2025-12-14","36.00","NZD","1761746497","23477/2025-12-14/1761746497.json"
"581514","221282","2025-12-14","36.00","NZD","1761746497","23477/2025-12-14/1761746497.json"
"512557","146154","2025-12-14","45.00","NZD","1761746497","23477/2025-12-14/1761746497.json"
"365170","146153","2025-12-14","48.00","NZD","1761746497","23477/2025-12-14/1761746497.json"
"510807","146155","2025-12-14","52.00","NZD","1761746497","23477/2025-12-14/1761746497.json"
"581513","221281","2025-12-15","36.00","NZD","1761746497","23477/2025-12-15/1761746497.json"
"581514","221282","2025-12-15","36.00","NZD","1761746497","23477/2025-12-15/1761746497.json"
"512557","146154","2025-12-15","45.00","NZD","1761746497","23477/2025-12-15/1761746497.json"
"365170","146153","2025-12-15","48.00","NZD","1761746497","23477/2025-12-15/1761746497.json"
"510807","146155","2025-12-15","52.00","NZD","1761746497","23477/2025-12-15/1761746497.json"
"581513","221281","2025-12-16","36.00","NZD","1761746497","23477/2025-12-16/1761746497.json"
"581514","221282","2025-12-16","36.00","NZD","1761746497","23477/2025-12-16/1761746497.json"
"512557","146154","2025-12-16","45.00","NZD","1761746497","23477/2025-12-16/1761746497.json"
"365170","146153","2025-12-16","48.00","NZD","1761746497","23477/2025-12-16/1761746497.json"
"510807","146155","2025-12-16","52.00","NZD","1761746497","23477/2025-12-16/1761746497.json"
"581513","221281","2025-12-20","36.00","NZD","1761746497","23477/2025-12-20/1761746497.json"
"581514","221282","2025-12-20","36.00","NZD","1761746497","23477/2025-12-20/1761746497.json"
"512557","146154","2025-12-20","45.00","NZD","1761746497","23477/2025-12-20/1761746497.json"
"365170","146153","2025-12-20","48.00","NZD","1761746497","23477/2025-12-20/1761746497.json"
"510807","146155","2025-12-20","52.00","NZD","1761746497","23477/2025-12-20/1761746497.json"
"581513","221281","2025-12-17","36.00","NZD","1761746497","23477/2025-12-17/1761746497.json"
"581514","221282","2025-12-17","36.00","NZD","1761746497","23477/2025-12-17/1761746497.json"
"512557","146154","2025-12-17","45.00","NZD","1761746497","23477/2025-12-17/1761746497.json"
"365170","146153","2025-12-17","48.00","NZD","1761746497","23477/2025-12-17/1761746497.json"
"510807","146155","2025-12-17","52.00","NZD","1761746497","23477/2025-12-17/1761746497.json"
"581513","221281","2025-12-18","36.00","NZD","1761746497","23477/2025-12-18/1761746497.json"
"581514","221282","2025-12-18","36.00","NZD","1761746497","23477/2025-12-18/1761746497.json"
"512557","146154","2025-12-18","45.00","NZD","1761746497","23477/2025-12-18/1761746497.json"
"365170","146153","2025-12-18","48.00","NZD","1761746497","23477/2025-12-18/1761746497.json"
"510807","146155","2025-12-18","52.00","NZD","1761746497","23477/2025-12-18/1761746497.json"
"581513","221281","2025-12-19","36.00","NZD","1761746497","23477/2025-12-19/1761746497.json"
"581514","221282","2025-12-19","36.00","NZD","1761746497","23477/2025-12-19/1761746497.json"
"512557","146154","2025-12-19","45.00","NZD","1761746497","23477/2025-12-19/1761746497.json"
"365170","146153","2025-12-19","48.00","NZD","1761746497","23477/2025-12-19/1761746497.json"
"510807","146155","2025-12-19","52.00","NZD","1761746497","23477/2025-12-19/1761746497.json"
"581513","221281","2025-12-21","36.00","NZD","1761746497","23477/2025-12-21/1761746497.json"
"581514","221282","2025-12-21","36.00","NZD","1761746497","23477/2025-12-21/1761746497.json"
"512557","146154","2025-12-21","45.00","NZD","1761746497","23477/2025-12-21/1761746497.json"
"365170","146153","2025-12-21","48.00","NZD","1761746497","23477/2025-12-21/1761746497.json"
"510807","146155","2025-12-21","52.00","NZD","1761746497","23477/2025-12-21/1761746497.json"
"581513","221281","2025-12-22","36.00","NZD","1761746497","23477/2025-12-22/1761746497.json"
"581514","221282","2025-12-22","36.00","NZD","1761746497","23477/2025-12-22/1761746497.json"
"512557","146154","2025-12-22","45.00","NZD","1761746497","23477/2025-12-22/1761746497.json"
"365170","146153","2025-12-22","48.00","NZD","1761746497","23477/2025-12-22/1761746497.json"
"510807","146155","2025-12-22","52.00","NZD","1761746497","23477/2025-12-22/1761746497.json"
"581513","221281","2025-12-23","38.00","NZD","1761746497","23477/2025-12-23/1761746497.json"
"581514","221282","2025-12-23","38.00","NZD","1761746497","23477/2025-12-23/1761746497.json"
"512557","146154","2025-12-23","45.00","NZD","1761746497","23477/2025-12-23/1761746497.json"
"365170","146153","2025-12-23","48.00","NZD","1761746497","23477/2025-12-23/1761746497.json"
"510807","146155","2025-12-23","52.00","NZD","1761746497","23477/2025-12-23/1761746497.json"
"581513","221281","2025-12-24","38.00","NZD","1761746497","23477/2025-12-24/1761746497.json"
"581514","221282","2025-12-24","38.00","NZD","1761746497","23477/2025-12-24/1761746497.json"
"512557","146154","2025-12-24","45.00","NZD","1761746497","23477/2025-12-24/1761746497.json"
"365170","146153","2025-12-24","48.00","NZD","1761746497","23477/2025-12-24/1761746497.json"
"510807","146155","2025-12-24","52.00","NZD","1761746497","23477/2025-12-24/1761746497.json"
"581513","221281","2025-12-26","42.00","NZD","1761746497","23477/2025-12-26/1761746497.json"
"581514","221282","2025-12-26","42.00","NZD","1761746497","23477/2025-12-26/1761746497.json"
"512557","146154","2025-12-26","45.00","NZD","1761746497","23477/2025-12-26/1761746497.json"
"365170","146153","2025-12-26","48.00","NZD","1761746497","23477/2025-12-26/1761746497.json"
"510807","146155","2025-12-26","52.00","NZD","1761746497","23477/2025-12-26/1761746497.json"
"581513","221281","2025-12-25","38.00","NZD","1761746497","23477/2025-12-25/1761746497.json"
"581514","221282","2025-12-25","38.00","NZD","1761746497","23477/2025-12-25/1761746497.json"
"512557","146154","2025-12-25","45.00","NZD","1761746497","23477/2025-12-25/1761746497.json"
"365170","146153","2025-12-25","48.00","NZD","1761746497","23477/2025-12-25/1761746497.json"
"510807","146155","2025-12-25","52.00","NZD","1761746497","23477/2025-12-25/1761746497.json"
"581513","221281","2025-12-27","42.00","NZD","1761746497","23477/2025-12-27/1761746497.json"
"581514","221282","2025-12-27","42.00","NZD","1761746497","23477/2025-12-27/1761746497.json"
"512557","146154","2025-12-27","45.00","NZD","1761746497","23477/2025-12-27/1761746497.json"
"365170","146153","2025-12-27","48.00","NZD","1761746497","23477/2025-12-27/1761746497.json"
"510807","146155","2025-12-27","52.00","NZD","1761746497","23477/2025-12-27/1761746497.json"
"581513","221281","2025-12-28","42.00","NZD","1761746497","23477/2025-12-28/1761746497.json"
"581514","221282","2025-12-28","42.00","NZD","1761746497","23477/2025-12-28/1761746497.json"
"512557","146154","2025-12-28","45.00","NZD","1761746497","23477/2025-12-28/1761746497.json"
"365170","146153","2025-12-28","48.00","NZD","1761746497","23477/2025-12-28/1761746497.json"
"510807","146155","2025-12-28","52.00","NZD","1761746497","23477/2025-12-28/1761746497.json"
"581513","221281","2025-11-01","36.00","NZD","1761757963","23477/2025-11-01/1761757963.json"
"581514","221282","2025-11-01","36.00","NZD","1761757963","23477/2025-11-01/1761757963.json"
"512557","146154","2025-11-01","45.00","NZD","1761757963","23477/2025-11-01/1761757963.json"
"365170","146153","2025-11-01","48.00","NZD","1761757963","23477/2025-11-01/1761757963.json"
"510807","146155","2025-11-01","52.00","NZD","1761757963","23477/2025-11-01/1761757963.json"
"581513","221281","2025-10-31","36.00","NZD","1761757963","23477/2025-10-31/1761757963.json"
"581514","221282","2025-10-31","36.00","NZD","1761757963","23477/2025-10-31/1761757963.json"
"512557","146154","2025-10-31","45.00","NZD","1761757963","23477/2025-10-31/1761757963.json"
"365170","146153","2025-10-31","48.00","NZD","1761757963","23477/2025-10-31/1761757963.json"
"510807","146155","2025-10-31","52.00","NZD","1761757963","23477/2025-10-31/1761757963.json"
"581513","221281","2025-10-30","36.00","NZD","1761757963","23477/2025-10-30/1761757963.json"
"581514","221282","2025-10-30","36.00","NZD","1761757963","23477/2025-10-30/1761757963.json"
"512557","146154","2025-10-30","45.00","NZD","1761757963","23477/2025-10-30/1761757963.json"
"365170","146153","2025-10-30","48.00","NZD","1761757963","23477/2025-10-30/1761757963.json"
"510807","146155","2025-10-30","52.00","NZD","1761757963","23477/2025-10-30/1761757963.json"
"581513","221281","2025-11-02","36.00","NZD","1761757963","23477/2025-11-02/1761757963.json"
"581514","221282","2025-11-02","36.00","NZD","1761757963","23477/2025-11-02/1761757963.json"
"512557","146154","2025-11-02","45.00","NZD","1761757963","23477/2025-11-02/1761757963.json"
"365170","146153","2025-11-02","48.00","NZD","1761757963","23477/2025-11-02/1761757963.json"
"510807","146155","2025-11-02","52.00","NZD","1761757963","23477/2025-11-02/1761757963.json"
"581513","221281","2025-11-03","36.00","NZD","1761757963","23477/2025-11-03/1761757963.json"
"581513","221281","2025-11-05","36.00","NZD","1761757963","23477/2025-11-05/1761757963.json"
"581514","221282","2025-11-03","36.00","NZD","1761757963","23477/2025-11-03/1761757963.json"
"581514","221282","2025-11-05","36.00","NZD","1761757963","23477/2025-11-05/1761757963.json"
"512557","146154","2025-11-05","45.00","NZD","1761757963","23477/2025-11-05/1761757963.json"
"512557","146154","2025-11-03","45.00","NZD","1761757963","23477/2025-11-03/1761757963.json"
"365170","146153","2025-11-05","48.00","NZD","1761757963","23477/2025-11-05/1761757963.json"
"365170","146153","2025-11-03","48.00","NZD","1761757963","23477/2025-11-03/1761757963.json"
"510807","146155","2025-11-05","52.00","NZD","1761757963","23477/2025-11-05/1761757963.json"
"510807","146155","2025-11-03","52.00","NZD","1761757963","23477/2025-11-03/1761757963.json"
"581513","221281","2025-11-06","36.00","NZD","1761757963","23477/2025-11-06/1761757963.json"
"581514","221282","2025-11-06","36.00","NZD","1761757963","23477/2025-11-06/1761757963.json"
"512557","146154","2025-11-06","45.00","NZD","1761757963","23477/2025-11-06/1761757963.json"
"365170","146153","2025-11-06","48.00","NZD","1761757963","23477/2025-11-06/1761757963.json"
"510807","146155","2025-11-06","52.00","NZD","1761757963","23477/2025-11-06/1761757963.json"
"581513","221281","2025-11-04","36.00","NZD","1761757963","23477/2025-11-04/1761757963.json"
"581514","221282","2025-11-04","36.00","NZD","1761757963","23477/2025-11-04/1761757963.json"
"512557","146154","2025-11-04","45.00","NZD","1761757963","23477/2025-11-04/1761757963.json"
"365170","146153","2025-11-04","48.00","NZD","1761757963","23477/2025-11-04/1761757963.json"
"510807","146155","2025-11-04","52.00","NZD","1761757963","23477/2025-11-04/1761757963.json"
"581513","221281","2025-11-07","36.00","NZD","1761757963","23477/2025-11-07/1761757963.json"
"581514","221282","2025-11-07","36.00","NZD","1761757963","23477/2025-11-07/1761757963.json"
"512557","146154","2025-11-07","45.00","NZD","1761757963","23477/2025-11-07/1761757963.json"
"365170","146153","2025-11-07","48.00","NZD","1761757963","23477/2025-11-07/1761757963.json"
"510807","146155","2025-11-07","52.00","NZD","1761757963","23477/2025-11-07/1761757963.json"
"581513","221281","2025-11-09","36.00","NZD","1761757963","23477/2025-11-09/1761757963.json"
"581514","221282","2025-11-09","36.00","NZD","1761757963","23477/2025-11-09/1761757963.json"
"512557","146154","2025-11-09","45.00","NZD","1761757963","23477/2025-11-09/1761757963.json"
"365170","146153","2025-11-09","48.00","NZD","1761757963","23477/2025-11-09/1761757963.json"
"510807","146155","2025-11-09","52.00","NZD","1761757963","23477/2025-11-09/1761757963.json"
"581513","221281","2025-11-10","36.00","NZD","1761757963","23477/2025-11-10/1761757963.json"
"581514","221282","2025-11-10","36.00","NZD","1761757963","23477/2025-11-10/1761757963.json"
"512557","146154","2025-11-10","45.00","NZD","1761757963","23477/2025-11-10/1761757963.json"
"365170","146153","2025-11-10","48.00","NZD","1761757963","23477/2025-11-10/1761757963.json"
"510807","146155","2025-11-10","52.00","NZD","1761757963","23477/2025-11-10/1761757963.json"
"581513","221281","2025-11-08","36.00","NZD","1761757963","23477/2025-11-08/1761757963.json"
"581514","221282","2025-11-08","36.00","NZD","1761757963","23477/2025-11-08/1761757963.json"
"512557","146154","2025-11-08","45.00","NZD","1761757963","23477/2025-11-08/1761757963.json"
"365170","146153","2025-11-08","48.00","NZD","1761757963","23477/2025-11-08/1761757963.json"
"510807","146155","2025-11-08","52.00","NZD","1761757963","23477/2025-11-08/1761757963.json"
"581513","221281","2025-11-11","36.00","NZD","1761757963","23477/2025-11-11/1761757963.json"
"581514","221282","2025-11-11","36.00","NZD","1761757963","23477/2025-11-11/1761757963.json"
"512557","146154","2025-11-11","45.00","NZD","1761757963","23477/2025-11-11/1761757963.json"
"365170","146153","2025-11-11","48.00","NZD","1761757963","23477/2025-11-11/1761757963.json"
"510807","146155","2025-11-11","52.00","NZD","1761757963","23477/2025-11-11/1761757963.json"
"581513","221281","2025-11-13","36.00","NZD","1761757963","23477/2025-11-13/1761757963.json"
"581514","221282","2025-11-13","36.00","NZD","1761757963","23477/2025-11-13/1761757963.json"
"512557","146154","2025-11-13","45.00","NZD","1761757963","23477/2025-11-13/1761757963.json"
"365170","146153","2025-11-13","48.00","NZD","1761757963","23477/2025-11-13/1761757963.json"
"510807","146155","2025-11-13","52.00","NZD","1761757963","23477/2025-11-13/1761757963.json"
"581513","221281","2025-11-12","36.00","NZD","1761757963","23477/2025-11-12/1761757963.json"
"581514","221282","2025-11-12","36.00","NZD","1761757963","23477/2025-11-12/1761757963.json"
"512557","146154","2025-11-12","45.00","NZD","1761757963","23477/2025-11-12/1761757963.json"
"365170","146153","2025-11-12","48.00","NZD","1761757963","23477/2025-11-12/1761757963.json"
"510807","146155","2025-11-12","52.00","NZD","1761757963","23477/2025-11-12/1761757963.json"
"581513","221281","2025-11-14","36.00","NZD","1761757963","23477/2025-11-14/1761757963.json"
"581514","221282","2025-11-14","36.00","NZD","1761757963","23477/2025-11-14/1761757963.json"
"512557","146154","2025-11-14","45.00","NZD","1761757963","23477/2025-11-14/1761757963.json"
"365170","146153","2025-11-14","48.00","NZD","1761757963","23477/2025-11-14/1761757963.json"
"510807","146155","2025-11-14","52.00","NZD","1761757963","23477/2025-11-14/1761757963.json"
"581513","221281","2025-11-16","36.00","NZD","1761757963","23477/2025-11-16/1761757963.json"
"581514","221282","2025-11-16","36.00","NZD","1761757963","23477/2025-11-16/1761757963.json"
"512557","146154","2025-11-16","45.00","NZD","1761757963","23477/2025-11-16/1761757963.json"
"365170","146153","2025-11-16","48.00","NZD","1761757963","23477/2025-11-16/1761757963.json"
"510807","146155","2025-11-16","52.00","NZD","1761757963","23477/2025-11-16/1761757963.json"
"581513","221281","2025-11-17","36.00","NZD","1761757963","23477/2025-11-17/1761757963.json"
"581513","221281","2025-11-15","36.00","NZD","1761757963","23477/2025-11-15/1761757963.json"
"581514","221282","2025-11-15","36.00","NZD","1761757963","23477/2025-11-15/1761757963.json"
"581514","221282","2025-11-17","36.00","NZD","1761757963","23477/2025-11-17/1761757963.json"
"512557","146154","2025-11-17","45.00","NZD","1761757963","23477/2025-11-17/1761757963.json"
"512557","146154","2025-11-15","45.00","NZD","1761757963","23477/2025-11-15/1761757963.json"
"365170","146153","2025-11-15","48.00","NZD","1761757963","23477/2025-11-15/1761757963.json"
"365170","146153","2025-11-17","48.00","NZD","1761757963","23477/2025-11-17/1761757963.json"
"510807","146155","2025-11-17","52.00","NZD","1761757963","23477/2025-11-17/1761757963.json"
"510807","146155","2025-11-15","52.00","NZD","1761757963","23477/2025-11-15/1761757963.json"
"581513","221281","2025-11-18","36.00","NZD","1761757963","23477/2025-11-18/1761757963.json"
"581514","221282","2025-11-18","36.00","NZD","1761757963","23477/2025-11-18/1761757963.json"
"512557","146154","2025-11-18","45.00","NZD","1761757963","23477/2025-11-18/1761757963.json"
"365170","146153","2025-11-18","48.00","NZD","1761757963","23477/2025-11-18/1761757963.json"
"510807","146155","2025-11-18","52.00","NZD","1761757963","23477/2025-11-18/1761757963.json"
"581513","221281","2025-11-19","36.00","NZD","1761757963","23477/2025-11-19/1761757963.json"
"581514","221282","2025-11-19","36.00","NZD","1761757963","23477/2025-11-19/1761757963.json"
"512557","146154","2025-11-19","45.00","NZD","1761757963","23477/2025-11-19/1761757963.json"
"365170","146153","2025-11-19","48.00","NZD","1761757963","23477/2025-11-19/1761757963.json"
"510807","146155","2025-11-19","52.00","NZD","1761757963","23477/2025-11-19/1761757963.json"
"581513","221281","2025-11-21","36.00","NZD","1761757963","23477/2025-11-21/1761757963.json"
"581514","221282","2025-11-21","36.00","NZD","1761757963","23477/2025-11-21/1761757963.json"
"512557","146154","2025-11-21","45.00","NZD","1761757963","23477/2025-11-21/1761757963.json"
"365170","146153","2025-11-21","48.00","NZD","1761757963","23477/2025-11-21/1761757963.json"
"510807","146155","2025-11-21","52.00","NZD","1761757963","23477/2025-11-21/1761757963.json"
"581513","221281","2025-11-20","36.00","NZD","1761757963","23477/2025-11-20/1761757963.json"
"581514","221282","2025-11-20","36.00","NZD","1761757963","23477/2025-11-20/1761757963.json"
"512557","146154","2025-11-20","45.00","NZD","1761757963","23477/2025-11-20/1761757963.json"
"581513","221281","2025-11-22","36.00","NZD","1761757963","23477/2025-11-22/1761757963.json"
"581514","221282","2025-11-22","36.00","NZD","1761757963","23477/2025-11-22/1761757963.json"
"512557","146154","2025-11-22","45.00","NZD","1761757963","23477/2025-11-22/1761757963.json"
"365170","146153","2025-11-22","48.00","NZD","1761757963","23477/2025-11-22/1761757963.json"
"510807","146155","2025-11-22","52.00","NZD","1761757963","23477/2025-11-22/1761757963.json"
"581513","221281","2025-11-23","36.00","NZD","1761757963","23477/2025-11-23/1761757963.json"
"581514","221282","2025-11-23","36.00","NZD","1761757963","23477/2025-11-23/1761757963.json"
"512557","146154","2025-11-23","45.00","NZD","1761757963","23477/2025-11-23/1761757963.json"
"365170","146153","2025-11-23","48.00","NZD","1761757963","23477/2025-11-23/1761757963.json"
"510807","146155","2025-11-23","52.00","NZD","1761757963","23477/2025-11-23/1761757963.json"
"581513","221281","2025-11-24","36.00","NZD","1761757963","23477/2025-11-24/1761757963.json"
"581514","221282","2025-11-24","36.00","NZD","1761757963","23477/2025-11-24/1761757963.json"
"512557","146154","2025-11-24","45.00","NZD","1761757963","23477/2025-11-24/1761757963.json"
"365170","146153","2025-11-24","48.00","NZD","1761757963","23477/2025-11-24/1761757963.json"
"510807","146155","2025-11-24","52.00","NZD","1761757963","23477/2025-11-24/1761757963.json"
"581513","221281","2025-11-26","36.00","NZD","1761757963","23477/2025-11-26/1761757963.json"
"581514","221282","2025-11-26","36.00","NZD","1761757963","23477/2025-11-26/1761757963.json"
"512557","146154","2025-11-26","45.00","NZD","1761757963","23477/2025-11-26/1761757963.json"
"365170","146153","2025-11-26","48.00","NZD","1761757963","23477/2025-11-26/1761757963.json"
"510807","146155","2025-11-26","52.00","NZD","1761757963","23477/2025-11-26/1761757963.json"
"581513","221281","2025-11-25","36.00","NZD","1761757963","23477/2025-11-25/1761757963.json"
"581514","221282","2025-11-25","36.00","NZD","1761757963","23477/2025-11-25/1761757963.json"
"512557","146154","2025-11-25","45.00","NZD","1761757963","23477/2025-11-25/1761757963.json"
"365170","146153","2025-11-25","48.00","NZD","1761757963","23477/2025-11-25/1761757963.json"
"510807","146155","2025-11-25","52.00","NZD","1761757963","23477/2025-11-25/1761757963.json"
"581513","221281","2025-11-27","36.00","NZD","1761757963","23477/2025-11-27/1761757963.json"
"581514","221282","2025-11-27","36.00","NZD","1761757963","23477/2025-11-27/1761757963.json"
"512557","146154","2025-11-27","45.00","NZD","1761757963","23477/2025-11-27/1761757963.json"
"365170","146153","2025-11-27","48.00","NZD","1761757963","23477/2025-11-27/1761757963.json"
"510807","146155","2025-11-27","52.00","NZD","1761757963","23477/2025-11-27/1761757963.json"
"581513","221281","2025-11-28","36.00","NZD","1761757963","23477/2025-11-28/1761757963.json"
"581514","221282","2025-11-28","36.00","NZD","1761757963","23477/2025-11-28/1761757963.json"
"512557","146154","2025-11-28","45.00","NZD","1761757963","23477/2025-11-28/1761757963.json"
"365170","146153","2025-11-28","48.00","NZD","1761757963","23477/2025-11-28/1761757963.json"
"510807","146155","2025-11-28","52.00","NZD","1761757963","23477/2025-11-28/1761757963.json"
"581513","221281","2025-11-30","36.00","NZD","1761757963","23477/2025-11-30/1761757963.json"
"581514","221282","2025-11-30","36.00","NZD","1761757963","23477/2025-11-30/1761757963.json"
"512557","146154","2025-11-30","45.00","NZD","1761757963","23477/2025-11-30/1761757963.json"
"365170","146153","2025-11-30","48.00","NZD","1761757963","23477/2025-11-30/1761757963.json"
"510807","146155","2025-11-30","52.00","NZD","1761757963","23477/2025-11-30/1761757963.json"
"581513","221281","2025-12-01","36.00","NZD","1761757963","23477/2025-12-01/1761757963.json"
"581514","221282","2025-12-01","36.00","NZD","1761757963","23477/2025-12-01/1761757963.json"
"512557","146154","2025-12-01","45.00","NZD","1761757963","23477/2025-12-01/1761757963.json"
"365170","146153","2025-12-01","48.00","NZD","1761757963","23477/2025-12-01/1761757963.json"
"581513","221281","2025-11-29","36.00","NZD","1761757963","23477/2025-11-29/1761757963.json"
"510807","146155","2025-12-01","52.00","NZD","1761757963","23477/2025-12-01/1761757963.json"
"581514","221282","2025-11-29","36.00","NZD","1761757963","23477/2025-11-29/1761757963.json"
"512557","146154","2025-11-29","45.00","NZD","1761757963","23477/2025-11-29/1761757963.json"
"365170","146153","2025-11-29","48.00","NZD","1761757963","23477/2025-11-29/1761757963.json"
"510807","146155","2025-11-29","52.00","NZD","1761757963","23477/2025-11-29/1761757963.json"
"581513","221281","2025-12-02","36.00","NZD","1761757963","23477/2025-12-02/1761757963.json"
"581514","221282","2025-12-02","36.00","NZD","1761757963","23477/2025-12-02/1761757963.json"
"512557","146154","2025-12-02","45.00","NZD","1761757963","23477/2025-12-02/1761757963.json"
"365170","146153","2025-12-02","48.00","NZD","1761757963","23477/2025-12-02/1761757963.json"
"510807","146155","2025-12-02","52.00","NZD","1761757963","23477/2025-12-02/1761757963.json"
"581513","221281","2025-12-04","36.00","NZD","1761757963","23477/2025-12-04/1761757963.json"
"581514","221282","2025-12-04","36.00","NZD","1761757963","23477/2025-12-04/1761757963.json"
"512557","146154","2025-12-04","45.00","NZD","1761757963","23477/2025-12-04/1761757963.json"
"365170","146153","2025-12-04","48.00","NZD","1761757963","23477/2025-12-04/1761757963.json"
"510807","146155","2025-12-04","52.00","NZD","1761757963","23477/2025-12-04/1761757963.json"
"581513","221281","2025-12-05","36.00","NZD","1761757963","23477/2025-12-05/1761757963.json"
"581514","221282","2025-12-05","36.00","NZD","1761757963","23477/2025-12-05/1761757963.json"
"512557","146154","2025-12-05","45.00","NZD","1761757963","23477/2025-12-05/1761757963.json"
"365170","146153","2025-12-05","48.00","NZD","1761757963","23477/2025-12-05/1761757963.json"
"510807","146155","2025-12-05","52.00","NZD","1761757963","23477/2025-12-05/1761757963.json"
"581513","221281","2025-12-03","36.00","NZD","1761757963","23477/2025-12-03/1761757963.json"
"581514","221282","2025-12-03","36.00","NZD","1761757963","23477/2025-12-03/1761757963.json"
"512557","146154","2025-12-03","45.00","NZD","1761757963","23477/2025-12-03/1761757963.json"
"365170","146153","2025-12-03","48.00","NZD","1761757963","23477/2025-12-03/1761757963.json"
"510807","146155","2025-12-03","52.00","NZD","1761757963","23477/2025-12-03/1761757963.json"
"581513","221281","2025-12-06","36.00","NZD","1761757963","23477/2025-12-06/1761757963.json"
"581514","221282","2025-12-06","36.00","NZD","1761757963","23477/2025-12-06/1761757963.json"
"512557","146154","2025-12-06","45.00","NZD","1761757963","23477/2025-12-06/1761757963.json"
"365170","146153","2025-12-06","48.00","NZD","1761757963","23477/2025-12-06/1761757963.json"
"510807","146155","2025-12-06","52.00","NZD","1761757963","23477/2025-12-06/1761757963.json"
"581513","221281","2025-12-07","36.00","NZD","1761757963","23477/2025-12-07/1761757963.json"
"581514","221282","2025-12-07","36.00","NZD","1761757963","23477/2025-12-07/1761757963.json"
"512557","146154","2025-12-07","45.00","NZD","1761757963","23477/2025-12-07/1761757963.json"
"365170","146153","2025-12-07","48.00","NZD","1761757963","23477/2025-12-07/1761757963.json"
"510807","146155","2025-12-07","52.00","NZD","1761757963","23477/2025-12-07/1761757963.json"
"581513","221281","2025-12-08","36.00","NZD","1761757963","23477/2025-12-08/1761757963.json"
"581514","221282","2025-12-08","36.00","NZD","1761757963","23477/2025-12-08/1761757963.json"
"512557","146154","2025-12-08","45.00","NZD","1761757963","23477/2025-12-08/1761757963.json"
"365170","146153","2025-12-08","48.00","NZD","1761757963","23477/2025-12-08/1761757963.json"
"510807","146155","2025-12-08","52.00","NZD","1761757963","23477/2025-12-08/1761757963.json"
"581513","221281","2025-12-10","36.00","NZD","1761757963","23477/2025-12-10/1761757963.json"
"581514","221282","2025-12-10","36.00","NZD","1761757963","23477/2025-12-10/1761757963.json"
"512557","146154","2025-12-10","45.00","NZD","1761757963","23477/2025-12-10/1761757963.json"
"365170","146153","2025-12-10","48.00","NZD","1761757963","23477/2025-12-10/1761757963.json"
"510807","146155","2025-12-10","52.00","NZD","1761757963","23477/2025-12-10/1761757963.json"
"581513","221281","2025-12-09","36.00","NZD","1761757963","23477/2025-12-09/1761757963.json"
"581514","221282","2025-12-09","36.00","NZD","1761757963","23477/2025-12-09/1761757963.json"
"512557","146154","2025-12-09","45.00","NZD","1761757963","23477/2025-12-09/1761757963.json"
"365170","146153","2025-12-09","48.00","NZD","1761757963","23477/2025-12-09/1761757963.json"
"510807","146155","2025-12-09","52.00","NZD","1761757963","23477/2025-12-09/1761757963.json"
"581513","221281","2025-12-11","36.00","NZD","1761757963","23477/2025-12-11/1761757963.json"
"581514","221282","2025-12-11","36.00","NZD","1761757963","23477/2025-12-11/1761757963.json"
"512557","146154","2025-12-11","45.00","NZD","1761757963","23477/2025-12-11/1761757963.json"
"365170","146153","2025-12-11","48.00","NZD","1761757963","23477/2025-12-11/1761757963.json"
"510807","146155","2025-12-11","52.00","NZD","1761757963","23477/2025-12-11/1761757963.json"
"581513","221281","2025-12-12","36.00","NZD","1761757963","23477/2025-12-12/1761757963.json"
"581514","221282","2025-12-12","36.00","NZD","1761757963","23477/2025-12-12/1761757963.json"
"512557","146154","2025-12-12","45.00","NZD","1761757963","23477/2025-12-12/1761757963.json"
"365170","146153","2025-12-12","48.00","NZD","1761757963","23477/2025-12-12/1761757963.json"
"510807","146155","2025-12-12","52.00","NZD","1761757963","23477/2025-12-12/1761757963.json"
"581513","221281","2025-12-13","36.00","NZD","1761757963","23477/2025-12-13/1761757963.json"
"581514","221282","2025-12-13","36.00","NZD","1761757963","23477/2025-12-13/1761757963.json"
"512557","146154","2025-12-13","45.00","NZD","1761757963","23477/2025-12-13/1761757963.json"
"365170","146153","2025-12-13","48.00","NZD","1761757963","23477/2025-12-13/1761757963.json"
"510807","146155","2025-12-13","52.00","NZD","1761757963","23477/2025-12-13/1761757963.json"
"581513","221281","2025-12-14","36.00","NZD","1761757963","23477/2025-12-14/1761757963.json"
"581514","221282","2025-12-14","36.00","NZD","1761757963","23477/2025-12-14/1761757963.json"
"512557","146154","2025-12-14","45.00","NZD","1761757963","23477/2025-12-14/1761757963.json"
"365170","146153","2025-12-14","48.00","NZD","1761757963","23477/2025-12-14/1761757963.json"
"510807","146155","2025-12-14","52.00","NZD","1761757963","23477/2025-12-14/1761757963.json"
"581513","221281","2025-12-16","36.00","NZD","1761757963","23477/2025-12-16/1761757963.json"
"581514","221282","2025-12-16","36.00","NZD","1761757963","23477/2025-12-16/1761757963.json"
"512557","146154","2025-12-16","45.00","NZD","1761757963","23477/2025-12-16/1761757963.json"
"365170","146153","2025-12-16","48.00","NZD","1761757963","23477/2025-12-16/1761757963.json"
"510807","146155","2025-12-16","52.00","NZD","1761757963","23477/2025-12-16/1761757963.json"
"581513","221281","2025-12-15","36.00","NZD","1761757963","23477/2025-12-15/1761757963.json"
"581514","221282","2025-12-15","36.00","NZD","1761757963","23477/2025-12-15/1761757963.json"
"512557","146154","2025-12-15","45.00","NZD","1761757963","23477/2025-12-15/1761757963.json"
"365170","146153","2025-12-15","48.00","NZD","1761757963","23477/2025-12-15/1761757963.json"
"510807","146155","2025-12-15","52.00","NZD","1761757963","23477/2025-12-15/1761757963.json"
"581513","221281","2025-12-18","36.00","NZD","1761757963","23477/2025-12-18/1761757963.json"
"581513","221281","2025-12-17","36.00","NZD","1761757963","23477/2025-12-17/1761757963.json"
"581514","221282","2025-12-18","36.00","NZD","1761757963","23477/2025-12-18/1761757963.json"
"581514","221282","2025-12-17","36.00","NZD","1761757963","23477/2025-12-17/1761757963.json"
"512557","146154","2025-12-17","45.00","NZD","1761757963","23477/2025-12-17/1761757963.json"
"512557","146154","2025-12-18","45.00","NZD","1761757963","23477/2025-12-18/1761757963.json"
"365170","146153","2025-12-17","48.00","NZD","1761757963","23477/2025-12-17/1761757963.json"
"510807","146155","2025-12-17","52.00","NZD","1761757963","23477/2025-12-17/1761757963.json"
"365170","146153","2025-12-18","48.00","NZD","1761757963","23477/2025-12-18/1761757963.json"
"510807","146155","2025-12-18","52.00","NZD","1761757963","23477/2025-12-18/1761757963.json"
"581513","221281","2025-12-19","36.00","NZD","1761757963","23477/2025-12-19/1761757963.json"
"581514","221282","2025-12-19","36.00","NZD","1761757963","23477/2025-12-19/1761757963.json"
"512557","146154","2025-12-19","45.00","NZD","1761757963","23477/2025-12-19/1761757963.json"
"365170","146153","2025-12-19","48.00","NZD","1761757963","23477/2025-12-19/1761757963.json"
"510807","146155","2025-12-19","52.00","NZD","1761757963","23477/2025-12-19/1761757963.json"
"581513","221281","2025-12-21","36.00","NZD","1761757963","23477/2025-12-21/1761757963.json"
"581514","221282","2025-12-21","36.00","NZD","1761757963","23477/2025-12-21/1761757963.json"
"512557","146154","2025-12-21","45.00","NZD","1761757963","23477/2025-12-21/1761757963.json"
"365170","146153","2025-12-21","48.00","NZD","1761757963","23477/2025-12-21/1761757963.json"
"510807","146155","2025-12-21","52.00","NZD","1761757963","23477/2025-12-21/1761757963.json"
"581513","221281","2025-12-20","36.00","NZD","1761757963","23477/2025-12-20/1761757963.json"
"581514","221282","2025-12-20","36.00","NZD","1761757963","23477/2025-12-20/1761757963.json"
"512557","146154","2025-12-20","45.00","NZD","1761757963","23477/2025-12-20/1761757963.json"
"365170","146153","2025-12-20","48.00","NZD","1761757963","23477/2025-12-20/1761757963.json"
"510807","146155","2025-12-20","52.00","NZD","1761757963","23477/2025-12-20/1761757963.json"
"581513","221281","2025-12-22","36.00","NZD","1761757963","23477/2025-12-22/1761757963.json"
"581514","221282","2025-12-22","36.00","NZD","1761757963","23477/2025-12-22/1761757963.json"
"512557","146154","2025-12-22","45.00","NZD","1761757963","23477/2025-12-22/1761757963.json"
"365170","146153","2025-12-22","48.00","NZD","1761757963","23477/2025-12-22/1761757963.json"
"510807","146155","2025-12-22","52.00","NZD","1761757963","23477/2025-12-22/1761757963.json"
"581513","221281","2025-12-23","38.00","NZD","1761757963","23477/2025-12-23/1761757963.json"
"581514","221282","2025-12-23","38.00","NZD","1761757963","23477/2025-12-23/1761757963.json"
"512557","146154","2025-12-23","45.00","NZD","1761757963","23477/2025-12-23/1761757963.json"
"365170","146153","2025-12-23","48.00","NZD","1761757963","23477/2025-12-23/1761757963.json"
"510807","146155","2025-12-23","52.00","NZD","1761757963","23477/2025-12-23/1761757963.json"
"581513","221281","2025-12-24","38.00","NZD","1761757963","23477/2025-12-24/1761757963.json"
"581514","221282","2025-12-24","38.00","NZD","1761757963","23477/2025-12-24/1761757963.json"
"512557","146154","2025-12-24","45.00","NZD","1761757963","23477/2025-12-24/1761757963.json"
"365170","146153","2025-12-24","48.00","NZD","1761757963","23477/2025-12-24/1761757963.json"
"510807","146155","2025-12-24","52.00","NZD","1761757963","23477/2025-12-24/1761757963.json"
"581513","221281","2025-12-25","38.00","NZD","1761757963","23477/2025-12-25/1761757963.json"
"581514","221282","2025-12-25","38.00","NZD","1761757963","23477/2025-12-25/1761757963.json"
"512557","146154","2025-12-25","45.00","NZD","1761757963","23477/2025-12-25/1761757963.json"
"365170","146153","2025-12-25","48.00","NZD","1761757963","23477/2025-12-25/1761757963.json"
"510807","146155","2025-12-25","52.00","NZD","1761757963","23477/2025-12-25/1761757963.json"
"581513","221281","2025-12-26","42.00","NZD","1761757963","23477/2025-12-26/1761757963.json"
"581514","221282","2025-12-26","42.00","NZD","1761757963","23477/2025-12-26/1761757963.json"
"512557","146154","2025-12-26","45.00","NZD","1761757963","23477/2025-12-26/1761757963.json"
"365170","146153","2025-12-26","48.00","NZD","1761757963","23477/2025-12-26/1761757963.json"
"510807","146155","2025-12-26","52.00","NZD","1761757963","23477/2025-12-26/1761757963.json"
"581513","221281","2025-12-27","42.00","NZD","1761757963","23477/2025-12-27/1761757963.json"
"581514","221282","2025-12-27","42.00","NZD","1761757963","23477/2025-12-27/1761757963.json"
"512557","146154","2025-12-27","45.00","NZD","1761757963","23477/2025-12-27/1761757963.json"
"365170","146153","2025-12-27","48.00","NZD","1761757963","23477/2025-12-27/1761757963.json"
"510807","146155","2025-12-27","52.00","NZD","1761757963","23477/2025-12-27/1761757963.json"
"581513","221281","2025-12-28","42.00","NZD","1761757963","23477/2025-12-28/1761757963.json"
"581514","221282","2025-12-28","42.00","NZD","1761757963","23477/2025-12-28/1761757963.json"
"512557","146154","2025-12-28","45.00","NZD","1761757963","23477/2025-12-28/1761757963.json"
"365170","146153","2025-12-28","48.00","NZD","1761757963","23477/2025-12-28/1761757963.json"
"510807","146155","2025-12-28","52.00","NZD","1761757963","23477/2025-12-28/1761757963.json"
"581513","221281","2025-10-30","36.00","NZD","1761771284","23477/2025-10-30/1761771284.json"
"581514","221282","2025-10-30","36.00","NZD","1761771284","23477/2025-10-30/1761771284.json"
"512557","146154","2025-10-30","45.00","NZD","1761771284","23477/2025-10-30/1761771284.json"
"365170","146153","2025-10-30","48.00","NZD","1761771284","23477/2025-10-30/1761771284.json"
"510807","146155","2025-10-30","52.00","NZD","1761771284","23477/2025-10-30/1761771284.json"
"581513","221281","2025-11-01","36.00","NZD","1761771284","23477/2025-11-01/1761771284.json"
"581514","221282","2025-11-01","36.00","NZD","1761771284","23477/2025-11-01/1761771284.json"
"512557","146154","2025-11-01","45.00","NZD","1761771284","23477/2025-11-01/1761771284.json"
"365170","146153","2025-11-01","48.00","NZD","1761771284","23477/2025-11-01/1761771284.json"
"510807","146155","2025-11-01","52.00","NZD","1761771284","23477/2025-11-01/1761771284.json"
"581513","221281","2025-10-31","36.00","NZD","1761771284","23477/2025-10-31/1761771284.json"
"581514","221282","2025-10-31","36.00","NZD","1761771284","23477/2025-10-31/1761771284.json"
"512557","146154","2025-10-31","45.00","NZD","1761771284","23477/2025-10-31/1761771284.json"
"365170","146153","2025-10-31","48.00","NZD","1761771284","23477/2025-10-31/1761771284.json"
"510807","146155","2025-10-31","52.00","NZD","1761771284","23477/2025-10-31/1761771284.json"
"581513","221281","2025-11-05","36.00","NZD","1761771284","23477/2025-11-05/1761771284.json"
"581514","221282","2025-11-05","36.00","NZD","1761771284","23477/2025-11-05/1761771284.json"
"512557","146154","2025-11-05","45.00","NZD","1761771284","23477/2025-11-05/1761771284.json"
"365170","146153","2025-11-05","48.00","NZD","1761771284","23477/2025-11-05/1761771284.json"
"510807","146155","2025-11-05","52.00","NZD","1761771284","23477/2025-11-05/1761771284.json"
"581513","221281","2025-11-03","36.00","NZD","1761771284","23477/2025-11-03/1761771284.json"
"581514","221282","2025-11-03","36.00","NZD","1761771284","23477/2025-11-03/1761771284.json"
"512557","146154","2025-11-03","45.00","NZD","1761771284","23477/2025-11-03/1761771284.json"
"365170","146153","2025-11-03","48.00","NZD","1761771284","23477/2025-11-03/1761771284.json"
"510807","146155","2025-11-03","52.00","NZD","1761771284","23477/2025-11-03/1761771284.json"
"581513","221281","2025-11-04","36.00","NZD","1761771284","23477/2025-11-04/1761771284.json"
"581514","221282","2025-11-04","36.00","NZD","1761771284","23477/2025-11-04/1761771284.json"
"512557","146154","2025-11-04","45.00","NZD","1761771284","23477/2025-11-04/1761771284.json"
"365170","146153","2025-11-04","48.00","NZD","1761771284","23477/2025-11-04/1761771284.json"
"510807","146155","2025-11-04","52.00","NZD","1761771284","23477/2025-11-04/1761771284.json"
"581513","221281","2025-11-02","36.00","NZD","1761771284","23477/2025-11-02/1761771284.json"
"581514","221282","2025-11-02","36.00","NZD","1761771284","23477/2025-11-02/1761771284.json"
"512557","146154","2025-11-02","45.00","NZD","1761771284","23477/2025-11-02/1761771284.json"
"365170","146153","2025-11-02","48.00","NZD","1761771284","23477/2025-11-02/1761771284.json"
"510807","146155","2025-11-02","52.00","NZD","1761771284","23477/2025-11-02/1761771284.json"
"581513","221281","2025-11-06","36.00","NZD","1761771284","23477/2025-11-06/1761771284.json"
"581514","221282","2025-11-06","36.00","NZD","1761771284","23477/2025-11-06/1761771284.json"
"512557","146154","2025-11-06","45.00","NZD","1761771284","23477/2025-11-06/1761771284.json"
"365170","146153","2025-11-06","48.00","NZD","1761771284","23477/2025-11-06/1761771284.json"
"510807","146155","2025-11-06","52.00","NZD","1761771284","23477/2025-11-06/1761771284.json"
"581513","221281","2025-11-08","36.00","NZD","1761771284","23477/2025-11-08/1761771284.json"
"581514","221282","2025-11-08","36.00","NZD","1761771284","23477/2025-11-08/1761771284.json"
"512557","146154","2025-11-08","45.00","NZD","1761771284","23477/2025-11-08/1761771284.json"
"365170","146153","2025-11-08","48.00","NZD","1761771284","23477/2025-11-08/1761771284.json"
"510807","146155","2025-11-08","52.00","NZD","1761771284","23477/2025-11-08/1761771284.json"
"581513","221281","2025-11-07","36.00","NZD","1761771284","23477/2025-11-07/1761771284.json"
"581514","221282","2025-11-07","36.00","NZD","1761771284","23477/2025-11-07/1761771284.json"
"512557","146154","2025-11-07","45.00","NZD","1761771284","23477/2025-11-07/1761771284.json"
"365170","146153","2025-11-07","48.00","NZD","1761771284","23477/2025-11-07/1761771284.json"
"510807","146155","2025-11-07","52.00","NZD","1761771284","23477/2025-11-07/1761771284.json"
"581513","221281","2025-11-09","36.00","NZD","1761771284","23477/2025-11-09/1761771284.json"
"581514","221282","2025-11-09","36.00","NZD","1761771284","23477/2025-11-09/1761771284.json"
"512557","146154","2025-11-09","45.00","NZD","1761771284","23477/2025-11-09/1761771284.json"
"365170","146153","2025-11-09","48.00","NZD","1761771284","23477/2025-11-09/1761771284.json"
"510807","146155","2025-11-09","52.00","NZD","1761771284","23477/2025-11-09/1761771284.json"
"581513","221281","2025-11-10","36.00","NZD","1761771284","23477/2025-11-10/1761771284.json"
"581514","221282","2025-11-10","36.00","NZD","1761771284","23477/2025-11-10/1761771284.json"
"512557","146154","2025-11-10","45.00","NZD","1761771284","23477/2025-11-10/1761771284.json"
"365170","146153","2025-11-10","48.00","NZD","1761771284","23477/2025-11-10/1761771284.json"
"510807","146155","2025-11-10","52.00","NZD","1761771284","23477/2025-11-10/1761771284.json"
"581513","221281","2025-11-11","36.00","NZD","1761771284","23477/2025-11-11/1761771284.json"
"581514","221282","2025-11-11","36.00","NZD","1761771284","23477/2025-11-11/1761771284.json"
"512557","146154","2025-11-11","45.00","NZD","1761771284","23477/2025-11-11/1761771284.json"
"365170","146153","2025-11-11","48.00","NZD","1761771284","23477/2025-11-11/1761771284.json"
"510807","146155","2025-11-11","52.00","NZD","1761771284","23477/2025-11-11/1761771284.json"
"581513","221281","2025-11-13","36.00","NZD","1761771284","23477/2025-11-13/1761771284.json"
"581514","221282","2025-11-13","36.00","NZD","1761771284","23477/2025-11-13/1761771284.json"
"512557","146154","2025-11-13","45.00","NZD","1761771284","23477/2025-11-13/1761771284.json"
"365170","146153","2025-11-13","48.00","NZD","1761771284","23477/2025-11-13/1761771284.json"
"510807","146155","2025-11-13","52.00","NZD","1761771284","23477/2025-11-13/1761771284.json"
"581513","221281","2025-11-14","36.00","NZD","1761771284","23477/2025-11-14/1761771284.json"
"581514","221282","2025-11-14","36.00","NZD","1761771284","23477/2025-11-14/1761771284.json"
"512557","146154","2025-11-14","45.00","NZD","1761771284","23477/2025-11-14/1761771284.json"
"365170","146153","2025-11-14","48.00","NZD","1761771284","23477/2025-11-14/1761771284.json"
"510807","146155","2025-11-14","52.00","NZD","1761771284","23477/2025-11-14/1761771284.json"
"581513","221281","2025-11-15","36.00","NZD","1761771284","23477/2025-11-15/1761771284.json"
"581514","221282","2025-11-15","36.00","NZD","1761771284","23477/2025-11-15/1761771284.json"
"512557","146154","2025-11-15","45.00","NZD","1761771284","23477/2025-11-15/1761771284.json"
"365170","146153","2025-11-15","48.00","NZD","1761771284","23477/2025-11-15/1761771284.json"
"510807","146155","2025-11-15","52.00","NZD","1761771284","23477/2025-11-15/1761771284.json"
"581513","221281","2025-11-16","36.00","NZD","1761771284","23477/2025-11-16/1761771284.json"
"581514","221282","2025-11-16","36.00","NZD","1761771284","23477/2025-11-16/1761771284.json"
"512557","146154","2025-11-16","45.00","NZD","1761771284","23477/2025-11-16/1761771284.json"
"365170","146153","2025-11-16","48.00","NZD","1761771284","23477/2025-11-16/1761771284.json"
"510807","146155","2025-11-16","52.00","NZD","1761771284","23477/2025-11-16/1761771284.json"
"581513","221281","2025-11-17","36.00","NZD","1761771284","23477/2025-11-17/1761771284.json"
"581514","221282","2025-11-17","36.00","NZD","1761771284","23477/2025-11-17/1761771284.json"
"512557","146154","2025-11-17","45.00","NZD","1761771284","23477/2025-11-17/1761771284.json"
"365170","146153","2025-11-17","48.00","NZD","1761771284","23477/2025-11-17/1761771284.json"
"510807","146155","2025-11-17","52.00","NZD","1761771284","23477/2025-11-17/1761771284.json"
"581513","221281","2025-11-18","36.00","NZD","1761771284","23477/2025-11-18/1761771284.json"
"581514","221282","2025-11-18","36.00","NZD","1761771284","23477/2025-11-18/1761771284.json"
"512557","146154","2025-11-18","45.00","NZD","1761771284","23477/2025-11-18/1761771284.json"
"365170","146153","2025-11-18","48.00","NZD","1761771284","23477/2025-11-18/1761771284.json"
"510807","146155","2025-11-18","52.00","NZD","1761771284","23477/2025-11-18/1761771284.json"
"581513","221281","2025-11-19","36.00","NZD","1761771284","23477/2025-11-19/1761771284.json"
"581514","221282","2025-11-19","36.00","NZD","1761771284","23477/2025-11-19/1761771284.json"
"512557","146154","2025-11-19","45.00","NZD","1761771284","23477/2025-11-19/1761771284.json"
"365170","146153","2025-11-19","48.00","NZD","1761771284","23477/2025-11-19/1761771284.json"
"510807","146155","2025-11-19","52.00","NZD","1761771284","23477/2025-11-19/1761771284.json"
"581513","221281","2025-11-20","36.00","NZD","1761771284","23477/2025-11-20/1761771284.json"
"581514","221282","2025-11-20","36.00","NZD","1761771284","23477/2025-11-20/1761771284.json"
"512557","146154","2025-11-20","45.00","NZD","1761771284","23477/2025-11-20/1761771284.json"
"581513","221281","2025-11-21","36.00","NZD","1761771284","23477/2025-11-21/1761771284.json"
"581514","221282","2025-11-21","36.00","NZD","1761771284","23477/2025-11-21/1761771284.json"
"512557","146154","2025-11-21","45.00","NZD","1761771284","23477/2025-11-21/1761771284.json"
"365170","146153","2025-11-21","48.00","NZD","1761771284","23477/2025-11-21/1761771284.json"
"510807","146155","2025-11-21","52.00","NZD","1761771284","23477/2025-11-21/1761771284.json"
"581513","221281","2025-11-22","36.00","NZD","1761771284","23477/2025-11-22/1761771284.json"
"581514","221282","2025-11-22","36.00","NZD","1761771284","23477/2025-11-22/1761771284.json"
"512557","146154","2025-11-22","45.00","NZD","1761771284","23477/2025-11-22/1761771284.json"
"365170","146153","2025-11-22","48.00","NZD","1761771284","23477/2025-11-22/1761771284.json"
"510807","146155","2025-11-22","52.00","NZD","1761771284","23477/2025-11-22/1761771284.json"
"581513","221281","2025-11-23","36.00","NZD","1761771284","23477/2025-11-23/1761771284.json"
"581514","221282","2025-11-23","36.00","NZD","1761771284","23477/2025-11-23/1761771284.json"
"512557","146154","2025-11-23","45.00","NZD","1761771284","23477/2025-11-23/1761771284.json"
"365170","146153","2025-11-23","48.00","NZD","1761771284","23477/2025-11-23/1761771284.json"
"510807","146155","2025-11-23","52.00","NZD","1761771284","23477/2025-11-23/1761771284.json"
"581513","221281","2025-11-24","36.00","NZD","1761771284","23477/2025-11-24/1761771284.json"
"581514","221282","2025-11-24","36.00","NZD","1761771284","23477/2025-11-24/1761771284.json"
"512557","146154","2025-11-24","45.00","NZD","1761771284","23477/2025-11-24/1761771284.json"
"365170","146153","2025-11-24","48.00","NZD","1761771284","23477/2025-11-24/1761771284.json"
"510807","146155","2025-11-24","52.00","NZD","1761771284","23477/2025-11-24/1761771284.json"
"581513","221281","2025-11-25","36.00","NZD","1761771284","23477/2025-11-25/1761771284.json"
"581514","221282","2025-11-25","36.00","NZD","1761771284","23477/2025-11-25/1761771284.json"
"512557","146154","2025-11-25","45.00","NZD","1761771284","23477/2025-11-25/1761771284.json"
"365170","146153","2025-11-25","48.00","NZD","1761771284","23477/2025-11-25/1761771284.json"
"510807","146155","2025-11-25","52.00","NZD","1761771284","23477/2025-11-25/1761771284.json"
"581513","221281","2025-11-26","36.00","NZD","1761771284","23477/2025-11-26/1761771284.json"
"581514","221282","2025-11-26","36.00","NZD","1761771284","23477/2025-11-26/1761771284.json"
"512557","146154","2025-11-26","45.00","NZD","1761771284","23477/2025-11-26/1761771284.json"
"365170","146153","2025-11-26","48.00","NZD","1761771284","23477/2025-11-26/1761771284.json"
"510807","146155","2025-11-26","52.00","NZD","1761771284","23477/2025-11-26/1761771284.json"
"581513","221281","2025-11-27","36.00","NZD","1761771284","23477/2025-11-27/1761771284.json"
"581514","221282","2025-11-27","36.00","NZD","1761771284","23477/2025-11-27/1761771284.json"
"512557","146154","2025-11-27","45.00","NZD","1761771284","23477/2025-11-27/1761771284.json"
"365170","146153","2025-11-27","48.00","NZD","1761771284","23477/2025-11-27/1761771284.json"
"510807","146155","2025-11-27","52.00","NZD","1761771284","23477/2025-11-27/1761771284.json"
"581513","221281","2025-11-28","36.00","NZD","1761771284","23477/2025-11-28/1761771284.json"
"581514","221282","2025-11-28","36.00","NZD","1761771284","23477/2025-11-28/1761771284.json"
"512557","146154","2025-11-28","45.00","NZD","1761771284","23477/2025-11-28/1761771284.json"
"365170","146153","2025-11-28","48.00","NZD","1761771284","23477/2025-11-28/1761771284.json"
"510807","146155","2025-11-28","52.00","NZD","1761771284","23477/2025-11-28/1761771284.json"
"581513","221281","2025-11-29","36.00","NZD","1761771284","23477/2025-11-29/1761771284.json"
"581514","221282","2025-11-29","36.00","NZD","1761771284","23477/2025-11-29/1761771284.json"
"512557","146154","2025-11-29","45.00","NZD","1761771284","23477/2025-11-29/1761771284.json"
"365170","146153","2025-11-29","48.00","NZD","1761771284","23477/2025-11-29/1761771284.json"
"510807","146155","2025-11-29","52.00","NZD","1761771284","23477/2025-11-29/1761771284.json"
"581513","221281","2025-12-01","36.00","NZD","1761771284","23477/2025-12-01/1761771284.json"
"581514","221282","2025-12-01","36.00","NZD","1761771284","23477/2025-12-01/1761771284.json"
"512557","146154","2025-12-01","45.00","NZD","1761771284","23477/2025-12-01/1761771284.json"
"365170","146153","2025-12-01","48.00","NZD","1761771284","23477/2025-12-01/1761771284.json"
"510807","146155","2025-12-01","52.00","NZD","1761771284","23477/2025-12-01/1761771284.json"
"581513","221281","2025-12-02","36.00","NZD","1761771284","23477/2025-12-02/1761771284.json"
"581514","221282","2025-12-02","36.00","NZD","1761771284","23477/2025-12-02/1761771284.json"
"512557","146154","2025-12-02","45.00","NZD","1761771284","23477/2025-12-02/1761771284.json"
"365170","146153","2025-12-02","48.00","NZD","1761771284","23477/2025-12-02/1761771284.json"
"510807","146155","2025-12-02","52.00","NZD","1761771284","23477/2025-12-02/1761771284.json"
"581513","221281","2025-11-30","36.00","NZD","1761771284","23477/2025-11-30/1761771284.json"
"581514","221282","2025-11-30","36.00","NZD","1761771284","23477/2025-11-30/1761771284.json"
"512557","146154","2025-11-30","45.00","NZD","1761771284","23477/2025-11-30/1761771284.json"
"365170","146153","2025-11-30","48.00","NZD","1761771284","23477/2025-11-30/1761771284.json"
"510807","146155","2025-11-30","52.00","NZD","1761771284","23477/2025-11-30/1761771284.json"
"581513","221281","2025-12-03","36.00","NZD","1761771284","23477/2025-12-03/1761771284.json"
"581514","221282","2025-12-03","36.00","NZD","1761771284","23477/2025-12-03/1761771284.json"
"512557","146154","2025-12-03","45.00","NZD","1761771284","23477/2025-12-03/1761771284.json"
"365170","146153","2025-12-03","48.00","NZD","1761771284","23477/2025-12-03/1761771284.json"
"510807","146155","2025-12-03","52.00","NZD","1761771284","23477/2025-12-03/1761771284.json"
"581513","221281","2025-12-04","36.00","NZD","1761771284","23477/2025-12-04/1761771284.json"
"581514","221282","2025-12-04","36.00","NZD","1761771284","23477/2025-12-04/1761771284.json"
"512557","146154","2025-12-04","45.00","NZD","1761771284","23477/2025-12-04/1761771284.json"
"365170","146153","2025-12-04","48.00","NZD","1761771284","23477/2025-12-04/1761771284.json"
"510807","146155","2025-12-04","52.00","NZD","1761771284","23477/2025-12-04/1761771284.json"
"581513","221281","2025-11-12","36.00","NZD","1761771284","23477/2025-11-12/1761771284.json"
"581514","221282","2025-11-12","36.00","NZD","1761771284","23477/2025-11-12/1761771284.json"
"512557","146154","2025-11-12","45.00","NZD","1761771284","23477/2025-11-12/1761771284.json"
"365170","146153","2025-11-12","48.00","NZD","1761771284","23477/2025-11-12/1761771284.json"
"510807","146155","2025-11-12","52.00","NZD","1761771284","23477/2025-11-12/1761771284.json"
"581513","221281","2025-12-05","36.00","NZD","1761771284","23477/2025-12-05/1761771284.json"
"581514","221282","2025-12-05","36.00","NZD","1761771284","23477/2025-12-05/1761771284.json"
"512557","146154","2025-12-05","45.00","NZD","1761771284","23477/2025-12-05/1761771284.json"
"365170","146153","2025-12-05","48.00","NZD","1761771284","23477/2025-12-05/1761771284.json"
"510807","146155","2025-12-05","52.00","NZD","1761771284","23477/2025-12-05/1761771284.json"
"581513","221281","2025-12-06","36.00","NZD","1761771284","23477/2025-12-06/1761771284.json"
"581514","221282","2025-12-06","36.00","NZD","1761771284","23477/2025-12-06/1761771284.json"
"512557","146154","2025-12-06","45.00","NZD","1761771284","23477/2025-12-06/1761771284.json"
"365170","146153","2025-12-06","48.00","NZD","1761771284","23477/2025-12-06/1761771284.json"
"510807","146155","2025-12-06","52.00","NZD","1761771284","23477/2025-12-06/1761771284.json"
"581513","221281","2025-12-07","36.00","NZD","1761771284","23477/2025-12-07/1761771284.json"
"581514","221282","2025-12-07","36.00","NZD","1761771284","23477/2025-12-07/1761771284.json"
"512557","146154","2025-12-07","45.00","NZD","1761771284","23477/2025-12-07/1761771284.json"
"365170","146153","2025-12-07","48.00","NZD","1761771284","23477/2025-12-07/1761771284.json"
"510807","146155","2025-12-07","52.00","NZD","1761771284","23477/2025-12-07/1761771284.json"
"581513","221281","2025-12-10","36.00","NZD","1761771284","23477/2025-12-10/1761771284.json"
"581514","221282","2025-12-10","36.00","NZD","1761771284","23477/2025-12-10/1761771284.json"
"512557","146154","2025-12-10","45.00","NZD","1761771284","23477/2025-12-10/1761771284.json"
"365170","146153","2025-12-10","48.00","NZD","1761771284","23477/2025-12-10/1761771284.json"
"510807","146155","2025-12-10","52.00","NZD","1761771284","23477/2025-12-10/1761771284.json"
"581513","221281","2025-12-09","36.00","NZD","1761771284","23477/2025-12-09/1761771284.json"
"581514","221282","2025-12-09","36.00","NZD","1761771284","23477/2025-12-09/1761771284.json"
"512557","146154","2025-12-09","45.00","NZD","1761771284","23477/2025-12-09/1761771284.json"
"365170","146153","2025-12-09","48.00","NZD","1761771284","23477/2025-12-09/1761771284.json"
"510807","146155","2025-12-09","52.00","NZD","1761771284","23477/2025-12-09/1761771284.json"
"581513","221281","2025-12-08","36.00","NZD","1761771284","23477/2025-12-08/1761771284.json"
"581514","221282","2025-12-08","36.00","NZD","1761771284","23477/2025-12-08/1761771284.json"
"512557","146154","2025-12-08","45.00","NZD","1761771284","23477/2025-12-08/1761771284.json"
"365170","146153","2025-12-08","48.00","NZD","1761771284","23477/2025-12-08/1761771284.json"
"510807","146155","2025-12-08","52.00","NZD","1761771284","23477/2025-12-08/1761771284.json"
"581513","221281","2025-12-11","36.00","NZD","1761771284","23477/2025-12-11/1761771284.json"
"581514","221282","2025-12-11","36.00","NZD","1761771284","23477/2025-12-11/1761771284.json"
"512557","146154","2025-12-11","45.00","NZD","1761771284","23477/2025-12-11/1761771284.json"
"365170","146153","2025-12-11","48.00","NZD","1761771284","23477/2025-12-11/1761771284.json"
"510807","146155","2025-12-11","52.00","NZD","1761771284","23477/2025-12-11/1761771284.json"
"581513","221281","2025-12-12","36.00","NZD","1761771284","23477/2025-12-12/1761771284.json"
"581514","221282","2025-12-12","36.00","NZD","1761771284","23477/2025-12-12/1761771284.json"
"512557","146154","2025-12-12","45.00","NZD","1761771284","23477/2025-12-12/1761771284.json"
"365170","146153","2025-12-12","48.00","NZD","1761771284","23477/2025-12-12/1761771284.json"
"510807","146155","2025-12-12","52.00","NZD","1761771284","23477/2025-12-12/1761771284.json"
"581513","221281","2025-12-13","36.00","NZD","1761771284","23477/2025-12-13/1761771284.json"
"581514","221282","2025-12-13","36.00","NZD","1761771284","23477/2025-12-13/1761771284.json"
"512557","146154","2025-12-13","45.00","NZD","1761771284","23477/2025-12-13/1761771284.json"
"365170","146153","2025-12-13","48.00","NZD","1761771284","23477/2025-12-13/1761771284.json"
"510807","146155","2025-12-13","52.00","NZD","1761771284","23477/2025-12-13/1761771284.json"
"581513","221281","2025-12-14","36.00","NZD","1761771284","23477/2025-12-14/1761771284.json"
"581514","221282","2025-12-14","36.00","NZD","1761771284","23477/2025-12-14/1761771284.json"
"512557","146154","2025-12-14","45.00","NZD","1761771284","23477/2025-12-14/1761771284.json"
"365170","146153","2025-12-14","48.00","NZD","1761771284","23477/2025-12-14/1761771284.json"
"510807","146155","2025-12-14","52.00","NZD","1761771284","23477/2025-12-14/1761771284.json"
"581513","221281","2025-12-15","36.00","NZD","1761771284","23477/2025-12-15/1761771284.json"
"581514","221282","2025-12-15","36.00","NZD","1761771284","23477/2025-12-15/1761771284.json"
"512557","146154","2025-12-15","45.00","NZD","1761771284","23477/2025-12-15/1761771284.json"
"365170","146153","2025-12-15","48.00","NZD","1761771284","23477/2025-12-15/1761771284.json"
"510807","146155","2025-12-15","52.00","NZD","1761771284","23477/2025-12-15/1761771284.json"
"581513","221281","2025-12-16","36.00","NZD","1761771284","23477/2025-12-16/1761771284.json"
"581514","221282","2025-12-16","36.00","NZD","1761771284","23477/2025-12-16/1761771284.json"
"512557","146154","2025-12-16","45.00","NZD","1761771284","23477/2025-12-16/1761771284.json"
"365170","146153","2025-12-16","48.00","NZD","1761771284","23477/2025-12-16/1761771284.json"
"510807","146155","2025-12-16","52.00","NZD","1761771284","23477/2025-12-16/1761771284.json"
"581513","221281","2025-12-17","36.00","NZD","1761771284","23477/2025-12-17/1761771284.json"
"581514","221282","2025-12-17","36.00","NZD","1761771284","23477/2025-12-17/1761771284.json"
"512557","146154","2025-12-17","45.00","NZD","1761771284","23477/2025-12-17/1761771284.json"
"365170","146153","2025-12-17","48.00","NZD","1761771284","23477/2025-12-17/1761771284.json"
"510807","146155","2025-12-17","52.00","NZD","1761771284","23477/2025-12-17/1761771284.json"
"581513","221281","2025-12-18","36.00","NZD","1761771284","23477/2025-12-18/1761771284.json"
"581514","221282","2025-12-18","36.00","NZD","1761771284","23477/2025-12-18/1761771284.json"
"512557","146154","2025-12-18","45.00","NZD","1761771284","23477/2025-12-18/1761771284.json"
"365170","146153","2025-12-18","48.00","NZD","1761771284","23477/2025-12-18/1761771284.json"
"510807","146155","2025-12-18","52.00","NZD","1761771284","23477/2025-12-18/1761771284.json"
"581513","221281","2025-12-19","36.00","NZD","1761771284","23477/2025-12-19/1761771284.json"
"581514","221282","2025-12-19","36.00","NZD","1761771284","23477/2025-12-19/1761771284.json"
"512557","146154","2025-12-19","45.00","NZD","1761771284","23477/2025-12-19/1761771284.json"
"365170","146153","2025-12-19","48.00","NZD","1761771284","23477/2025-12-19/1761771284.json"
"510807","146155","2025-12-19","52.00","NZD","1761771284","23477/2025-12-19/1761771284.json"
"581513","221281","2025-12-20","36.00","NZD","1761771284","23477/2025-12-20/1761771284.json"
"581514","221282","2025-12-20","36.00","NZD","1761771284","23477/2025-12-20/1761771284.json"
"512557","146154","2025-12-20","45.00","NZD","1761771284","23477/2025-12-20/1761771284.json"
"365170","146153","2025-12-20","48.00","NZD","1761771284","23477/2025-12-20/1761771284.json"
"510807","146155","2025-12-20","52.00","NZD","1761771284","23477/2025-12-20/1761771284.json"
"581513","221281","2025-12-21","36.00","NZD","1761771284","23477/2025-12-21/1761771284.json"
"581514","221282","2025-12-21","36.00","NZD","1761771284","23477/2025-12-21/1761771284.json"
"512557","146154","2025-12-21","45.00","NZD","1761771284","23477/2025-12-21/1761771284.json"
"365170","146153","2025-12-21","48.00","NZD","1761771284","23477/2025-12-21/1761771284.json"
"510807","146155","2025-12-21","52.00","NZD","1761771284","23477/2025-12-21/1761771284.json"
"581513","221281","2025-12-22","36.00","NZD","1761771284","23477/2025-12-22/1761771284.json"
"581514","221282","2025-12-22","36.00","NZD","1761771284","23477/2025-12-22/1761771284.json"
"512557","146154","2025-12-22","45.00","NZD","1761771284","23477/2025-12-22/1761771284.json"
"365170","146153","2025-12-22","48.00","NZD","1761771284","23477/2025-12-22/1761771284.json"
"510807","146155","2025-12-22","52.00","NZD","1761771284","23477/2025-12-22/1761771284.json"
"581513","221281","2025-12-23","38.00","NZD","1761771284","23477/2025-12-23/1761771284.json"
"581514","221282","2025-12-23","38.00","NZD","1761771284","23477/2025-12-23/1761771284.json"
"512557","146154","2025-12-23","45.00","NZD","1761771284","23477/2025-12-23/1761771284.json"
"365170","146153","2025-12-23","48.00","NZD","1761771284","23477/2025-12-23/1761771284.json"
"510807","146155","2025-12-23","52.00","NZD","1761771284","23477/2025-12-23/1761771284.json"
"581513","221281","2025-12-24","38.00","NZD","1761771284","23477/2025-12-24/1761771284.json"
"581514","221282","2025-12-24","38.00","NZD","1761771284","23477/2025-12-24/1761771284.json"
"512557","146154","2025-12-24","45.00","NZD","1761771284","23477/2025-12-24/1761771284.json"
"365170","146153","2025-12-24","48.00","NZD","1761771284","23477/2025-12-24/1761771284.json"
"510807","146155","2025-12-24","52.00","NZD","1761771284","23477/2025-12-24/1761771284.json"
"581513","221281","2025-12-25","38.00","NZD","1761771284","23477/2025-12-25/1761771284.json"
"581514","221282","2025-12-25","38.00","NZD","1761771284","23477/2025-12-25/1761771284.json"
"512557","146154","2025-12-25","45.00","NZD","1761771284","23477/2025-12-25/1761771284.json"
"365170","146153","2025-12-25","48.00","NZD","1761771284","23477/2025-12-25/1761771284.json"
"510807","146155","2025-12-25","52.00","NZD","1761771284","23477/2025-12-25/1761771284.json"
"581513","221281","2025-12-26","42.00","NZD","1761771284","23477/2025-12-26/1761771284.json"
"581514","221282","2025-12-26","42.00","NZD","1761771284","23477/2025-12-26/1761771284.json"
"512557","146154","2025-12-26","45.00","NZD","1761771284","23477/2025-12-26/1761771284.json"
"365170","146153","2025-12-26","48.00","NZD","1761771284","23477/2025-12-26/1761771284.json"
"510807","146155","2025-12-26","52.00","NZD","1761771284","23477/2025-12-26/1761771284.json"
"581513","221281","2025-12-28","42.00","NZD","1761771284","23477/2025-12-28/1761771284.json"
"581514","221282","2025-12-28","42.00","NZD","1761771284","23477/2025-12-28/1761771284.json"
"512557","146154","2025-12-28","45.00","NZD","1761771284","23477/2025-12-28/1761771284.json"
"365170","146153","2025-12-28","48.00","NZD","1761771284","23477/2025-12-28/1761771284.json"
"510807","146155","2025-12-28","52.00","NZD","1761771284","23477/2025-12-28/1761771284.json"
"581513","221281","2025-12-27","42.00","NZD","1761771284","23477/2025-12-27/1761771284.json"
"581514","221282","2025-12-27","42.00","NZD","1761771284","23477/2025-12-27/1761771284.json"
"512557","146154","2025-12-27","45.00","NZD","1761771284","23477/2025-12-27/1761771284.json"
"365170","146153","2025-12-27","48.00","NZD","1761771284","23477/2025-12-27/1761771284.json"
"510807","146155","2025-12-27","52.00","NZD","1761771284","23477/2025-12-27/1761771284.json"
"581513","221281","2025-11-02","36.00","NZD","1761796020","23477/2025-11-02/1761796020.json"
"581514","221282","2025-11-02","36.00","NZD","1761796020","23477/2025-11-02/1761796020.json"
"512557","146154","2025-11-02","45.00","NZD","1761796020","23477/2025-11-02/1761796020.json"
"365170","146153","2025-11-02","48.00","NZD","1761796020","23477/2025-11-02/1761796020.json"
"510807","146155","2025-11-02","52.00","NZD","1761796020","23477/2025-11-02/1761796020.json"
"581513","221281","2025-10-31","36.00","NZD","1761796020","23477/2025-10-31/1761796020.json"
"581514","221282","2025-10-31","36.00","NZD","1761796020","23477/2025-10-31/1761796020.json"
"512557","146154","2025-10-31","45.00","NZD","1761796020","23477/2025-10-31/1761796020.json"
"365170","146153","2025-10-31","48.00","NZD","1761796020","23477/2025-10-31/1761796020.json"
"510807","146155","2025-10-31","52.00","NZD","1761796020","23477/2025-10-31/1761796020.json"
"581513","221281","2025-11-01","36.00","NZD","1761796020","23477/2025-11-01/1761796020.json"
"581514","221282","2025-11-01","36.00","NZD","1761796020","23477/2025-11-01/1761796020.json"
"512557","146154","2025-11-01","45.00","NZD","1761796020","23477/2025-11-01/1761796020.json"
"365170","146153","2025-11-01","48.00","NZD","1761796020","23477/2025-11-01/1761796020.json"
"510807","146155","2025-11-01","52.00","NZD","1761796020","23477/2025-11-01/1761796020.json"
"581513","221281","2025-10-30","36.00","NZD","1761796020","23477/2025-10-30/1761796020.json"
"581514","221282","2025-10-30","36.00","NZD","1761796020","23477/2025-10-30/1761796020.json"
"512557","146154","2025-10-30","45.00","NZD","1761796020","23477/2025-10-30/1761796020.json"
"365170","146153","2025-10-30","48.00","NZD","1761796020","23477/2025-10-30/1761796020.json"
"510807","146155","2025-10-30","52.00","NZD","1761796020","23477/2025-10-30/1761796020.json"
"581513","221281","2025-11-03","36.00","NZD","1761796020","23477/2025-11-03/1761796020.json"
"581514","221282","2025-11-03","36.00","NZD","1761796020","23477/2025-11-03/1761796020.json"
"512557","146154","2025-11-03","45.00","NZD","1761796020","23477/2025-11-03/1761796020.json"
"365170","146153","2025-11-03","48.00","NZD","1761796020","23477/2025-11-03/1761796020.json"
"510807","146155","2025-11-03","52.00","NZD","1761796020","23477/2025-11-03/1761796020.json"
"581513","221281","2025-11-04","36.00","NZD","1761796020","23477/2025-11-04/1761796020.json"
"581514","221282","2025-11-04","36.00","NZD","1761796020","23477/2025-11-04/1761796020.json"
"512557","146154","2025-11-04","45.00","NZD","1761796020","23477/2025-11-04/1761796020.json"
"365170","146153","2025-11-04","48.00","NZD","1761796020","23477/2025-11-04/1761796020.json"
"510807","146155","2025-11-04","52.00","NZD","1761796020","23477/2025-11-04/1761796020.json"
"581513","221281","2025-11-05","36.00","NZD","1761796020","23477/2025-11-05/1761796020.json"
"581514","221282","2025-11-05","36.00","NZD","1761796020","23477/2025-11-05/1761796020.json"
"512557","146154","2025-11-05","45.00","NZD","1761796020","23477/2025-11-05/1761796020.json"
"365170","146153","2025-11-05","48.00","NZD","1761796020","23477/2025-11-05/1761796020.json"
"510807","146155","2025-11-05","52.00","NZD","1761796020","23477/2025-11-05/1761796020.json"
"581513","221281","2025-11-06","36.00","NZD","1761796020","23477/2025-11-06/1761796020.json"
"581514","221282","2025-11-06","36.00","NZD","1761796020","23477/2025-11-06/1761796020.json"
"512557","146154","2025-11-06","45.00","NZD","1761796020","23477/2025-11-06/1761796020.json"
"365170","146153","2025-11-06","48.00","NZD","1761796020","23477/2025-11-06/1761796020.json"
"510807","146155","2025-11-06","52.00","NZD","1761796020","23477/2025-11-06/1761796020.json"
"581513","221281","2025-11-08","36.00","NZD","1761796020","23477/2025-11-08/1761796020.json"
"581514","221282","2025-11-08","36.00","NZD","1761796020","23477/2025-11-08/1761796020.json"
"512557","146154","2025-11-08","45.00","NZD","1761796020","23477/2025-11-08/1761796020.json"
"365170","146153","2025-11-08","48.00","NZD","1761796020","23477/2025-11-08/1761796020.json"
"510807","146155","2025-11-08","52.00","NZD","1761796020","23477/2025-11-08/1761796020.json"
"581513","221281","2025-11-09","36.00","NZD","1761796020","23477/2025-11-09/1761796020.json"
"581514","221282","2025-11-09","36.00","NZD","1761796020","23477/2025-11-09/1761796020.json"
"512557","146154","2025-11-09","45.00","NZD","1761796020","23477/2025-11-09/1761796020.json"
"365170","146153","2025-11-09","48.00","NZD","1761796020","23477/2025-11-09/1761796020.json"
"510807","146155","2025-11-09","52.00","NZD","1761796020","23477/2025-11-09/1761796020.json"
"581513","221281","2025-11-07","36.00","NZD","1761796020","23477/2025-11-07/1761796020.json"
"581514","221282","2025-11-07","36.00","NZD","1761796020","23477/2025-11-07/1761796020.json"
"512557","146154","2025-11-07","45.00","NZD","1761796020","23477/2025-11-07/1761796020.json"
"365170","146153","2025-11-07","48.00","NZD","1761796020","23477/2025-11-07/1761796020.json"
"510807","146155","2025-11-07","52.00","NZD","1761796020","23477/2025-11-07/1761796020.json"
"581513","221281","2025-11-10","36.00","NZD","1761796020","23477/2025-11-10/1761796020.json"
"581514","221282","2025-11-10","36.00","NZD","1761796020","23477/2025-11-10/1761796020.json"
"512557","146154","2025-11-10","45.00","NZD","1761796020","23477/2025-11-10/1761796020.json"
"365170","146153","2025-11-10","48.00","NZD","1761796020","23477/2025-11-10/1761796020.json"
"510807","146155","2025-11-10","52.00","NZD","1761796020","23477/2025-11-10/1761796020.json"
"581513","221281","2025-11-12","36.00","NZD","1761796020","23477/2025-11-12/1761796020.json"
"581514","221282","2025-11-12","36.00","NZD","1761796020","23477/2025-11-12/1761796020.json"
"512557","146154","2025-11-12","45.00","NZD","1761796020","23477/2025-11-12/1761796020.json"
"365170","146153","2025-11-12","48.00","NZD","1761796020","23477/2025-11-12/1761796020.json"
"510807","146155","2025-11-12","52.00","NZD","1761796020","23477/2025-11-12/1761796020.json"
"581513","221281","2025-11-11","36.00","NZD","1761796020","23477/2025-11-11/1761796020.json"
"581514","221282","2025-11-11","36.00","NZD","1761796020","23477/2025-11-11/1761796020.json"
"512557","146154","2025-11-11","45.00","NZD","1761796020","23477/2025-11-11/1761796020.json"
"365170","146153","2025-11-11","48.00","NZD","1761796020","23477/2025-11-11/1761796020.json"
"510807","146155","2025-11-11","52.00","NZD","1761796020","23477/2025-11-11/1761796020.json"
"581513","221281","2025-11-14","36.00","NZD","1761796020","23477/2025-11-14/1761796020.json"
"581514","221282","2025-11-14","36.00","NZD","1761796020","23477/2025-11-14/1761796020.json"
"512557","146154","2025-11-14","45.00","NZD","1761796020","23477/2025-11-14/1761796020.json"
"365170","146153","2025-11-14","48.00","NZD","1761796020","23477/2025-11-14/1761796020.json"
"510807","146155","2025-11-14","52.00","NZD","1761796020","23477/2025-11-14/1761796020.json"
"581513","221281","2025-11-15","36.00","NZD","1761796020","23477/2025-11-15/1761796020.json"
"581514","221282","2025-11-15","36.00","NZD","1761796020","23477/2025-11-15/1761796020.json"
"512557","146154","2025-11-15","45.00","NZD","1761796020","23477/2025-11-15/1761796020.json"
"365170","146153","2025-11-15","48.00","NZD","1761796020","23477/2025-11-15/1761796020.json"
"510807","146155","2025-11-15","52.00","NZD","1761796020","23477/2025-11-15/1761796020.json"
"581513","221281","2025-11-16","36.00","NZD","1761796020","23477/2025-11-16/1761796020.json"
"581514","221282","2025-11-16","36.00","NZD","1761796020","23477/2025-11-16/1761796020.json"
"512557","146154","2025-11-16","45.00","NZD","1761796020","23477/2025-11-16/1761796020.json"
"365170","146153","2025-11-16","48.00","NZD","1761796020","23477/2025-11-16/1761796020.json"
"510807","146155","2025-11-16","52.00","NZD","1761796020","23477/2025-11-16/1761796020.json"
"581513","221281","2025-11-17","36.00","NZD","1761796020","23477/2025-11-17/1761796020.json"
"581514","221282","2025-11-17","36.00","NZD","1761796020","23477/2025-11-17/1761796020.json"
"512557","146154","2025-11-17","45.00","NZD","1761796020","23477/2025-11-17/1761796020.json"
"365170","146153","2025-11-17","48.00","NZD","1761796020","23477/2025-11-17/1761796020.json"
"510807","146155","2025-11-17","52.00","NZD","1761796020","23477/2025-11-17/1761796020.json"
"581513","221281","2025-11-19","36.00","NZD","1761796020","23477/2025-11-19/1761796020.json"
"581514","221282","2025-11-19","36.00","NZD","1761796020","23477/2025-11-19/1761796020.json"
"512557","146154","2025-11-19","45.00","NZD","1761796020","23477/2025-11-19/1761796020.json"
"365170","146153","2025-11-19","48.00","NZD","1761796020","23477/2025-11-19/1761796020.json"
"510807","146155","2025-11-19","52.00","NZD","1761796020","23477/2025-11-19/1761796020.json"
"581513","221281","2025-11-18","36.00","NZD","1761796020","23477/2025-11-18/1761796020.json"
"581514","221282","2025-11-18","36.00","NZD","1761796020","23477/2025-11-18/1761796020.json"
"512557","146154","2025-11-18","45.00","NZD","1761796020","23477/2025-11-18/1761796020.json"
"365170","146153","2025-11-18","48.00","NZD","1761796020","23477/2025-11-18/1761796020.json"
"510807","146155","2025-11-18","52.00","NZD","1761796020","23477/2025-11-18/1761796020.json"
"581513","221281","2025-11-20","36.00","NZD","1761796020","23477/2025-11-20/1761796020.json"
"581514","221282","2025-11-20","36.00","NZD","1761796020","23477/2025-11-20/1761796020.json"
"512557","146154","2025-11-20","45.00","NZD","1761796020","23477/2025-11-20/1761796020.json"
"581513","221281","2025-11-22","36.00","NZD","1761796020","23477/2025-11-22/1761796020.json"
"581514","221282","2025-11-22","36.00","NZD","1761796020","23477/2025-11-22/1761796020.json"
"581513","221281","2025-11-21","36.00","NZD","1761796020","23477/2025-11-21/1761796020.json"
"512557","146154","2025-11-22","45.00","NZD","1761796020","23477/2025-11-22/1761796020.json"
"581514","221282","2025-11-21","36.00","NZD","1761796020","23477/2025-11-21/1761796020.json"
"365170","146153","2025-11-22","48.00","NZD","1761796020","23477/2025-11-22/1761796020.json"
"512557","146154","2025-11-21","45.00","NZD","1761796020","23477/2025-11-21/1761796020.json"
"365170","146153","2025-11-21","48.00","NZD","1761796020","23477/2025-11-21/1761796020.json"
"510807","146155","2025-11-22","52.00","NZD","1761796020","23477/2025-11-22/1761796020.json"
"510807","146155","2025-11-21","52.00","NZD","1761796020","23477/2025-11-21/1761796020.json"
"581513","221281","2025-11-13","36.00","NZD","1761796020","23477/2025-11-13/1761796020.json"
"581514","221282","2025-11-13","36.00","NZD","1761796020","23477/2025-11-13/1761796020.json"
"512557","146154","2025-11-13","45.00","NZD","1761796020","23477/2025-11-13/1761796020.json"
"365170","146153","2025-11-13","48.00","NZD","1761796020","23477/2025-11-13/1761796020.json"
"510807","146155","2025-11-13","52.00","NZD","1761796020","23477/2025-11-13/1761796020.json"
"581513","221281","2025-11-24","36.00","NZD","1761796020","23477/2025-11-24/1761796020.json"
"581514","221282","2025-11-24","36.00","NZD","1761796020","23477/2025-11-24/1761796020.json"
"512557","146154","2025-11-24","45.00","NZD","1761796020","23477/2025-11-24/1761796020.json"
"365170","146153","2025-11-24","48.00","NZD","1761796020","23477/2025-11-24/1761796020.json"
"510807","146155","2025-11-24","52.00","NZD","1761796020","23477/2025-11-24/1761796020.json"
"581513","221281","2025-11-23","36.00","NZD","1761796020","23477/2025-11-23/1761796020.json"
"581514","221282","2025-11-23","36.00","NZD","1761796020","23477/2025-11-23/1761796020.json"
"512557","146154","2025-11-23","45.00","NZD","1761796020","23477/2025-11-23/1761796020.json"
"365170","146153","2025-11-23","48.00","NZD","1761796020","23477/2025-11-23/1761796020.json"
"510807","146155","2025-11-23","52.00","NZD","1761796020","23477/2025-11-23/1761796020.json"
"581513","221281","2025-11-25","36.00","NZD","1761796020","23477/2025-11-25/1761796020.json"
"581514","221282","2025-11-25","36.00","NZD","1761796020","23477/2025-11-25/1761796020.json"
"512557","146154","2025-11-25","45.00","NZD","1761796020","23477/2025-11-25/1761796020.json"
"365170","146153","2025-11-25","48.00","NZD","1761796020","23477/2025-11-25/1761796020.json"
"510807","146155","2025-11-25","52.00","NZD","1761796020","23477/2025-11-25/1761796020.json"
"581513","221281","2025-11-26","36.00","NZD","1761796020","23477/2025-11-26/1761796020.json"
"581514","221282","2025-11-26","36.00","NZD","1761796020","23477/2025-11-26/1761796020.json"
"512557","146154","2025-11-26","45.00","NZD","1761796020","23477/2025-11-26/1761796020.json"
"365170","146153","2025-11-26","48.00","NZD","1761796020","23477/2025-11-26/1761796020.json"
"510807","146155","2025-11-26","52.00","NZD","1761796020","23477/2025-11-26/1761796020.json"
"581513","221281","2025-11-27","36.00","NZD","1761796020","23477/2025-11-27/1761796020.json"
"581514","221282","2025-11-27","36.00","NZD","1761796020","23477/2025-11-27/1761796020.json"
"512557","146154","2025-11-27","45.00","NZD","1761796020","23477/2025-11-27/1761796020.json"
"365170","146153","2025-11-27","48.00","NZD","1761796020","23477/2025-11-27/1761796020.json"
"510807","146155","2025-11-27","52.00","NZD","1761796020","23477/2025-11-27/1761796020.json"
"581513","221281","2025-11-28","36.00","NZD","1761796020","23477/2025-11-28/1761796020.json"
"581514","221282","2025-11-28","36.00","NZD","1761796020","23477/2025-11-28/1761796020.json"
"512557","146154","2025-11-28","45.00","NZD","1761796020","23477/2025-11-28/1761796020.json"
"365170","146153","2025-11-28","48.00","NZD","1761796020","23477/2025-11-28/1761796020.json"
"510807","146155","2025-11-28","52.00","NZD","1761796020","23477/2025-11-28/1761796020.json"
"581513","221281","2025-11-30","36.00","NZD","1761796020","23477/2025-11-30/1761796020.json"
"581514","221282","2025-11-30","36.00","NZD","1761796020","23477/2025-11-30/1761796020.json"
"512557","146154","2025-11-30","45.00","NZD","1761796020","23477/2025-11-30/1761796020.json"
"365170","146153","2025-11-30","48.00","NZD","1761796020","23477/2025-11-30/1761796020.json"
"510807","146155","2025-11-30","52.00","NZD","1761796020","23477/2025-11-30/1761796020.json"
"581513","221281","2025-11-29","36.00","NZD","1761796020","23477/2025-11-29/1761796020.json"
"581514","221282","2025-11-29","36.00","NZD","1761796020","23477/2025-11-29/1761796020.json"
"512557","146154","2025-11-29","45.00","NZD","1761796020","23477/2025-11-29/1761796020.json"
"365170","146153","2025-11-29","48.00","NZD","1761796020","23477/2025-11-29/1761796020.json"
"510807","146155","2025-11-29","52.00","NZD","1761796020","23477/2025-11-29/1761796020.json"
"581513","221281","2025-12-02","36.00","NZD","1761796020","23477/2025-12-02/1761796020.json"
"581514","221282","2025-12-02","36.00","NZD","1761796020","23477/2025-12-02/1761796020.json"
"512557","146154","2025-12-02","45.00","NZD","1761796020","23477/2025-12-02/1761796020.json"
"365170","146153","2025-12-02","48.00","NZD","1761796020","23477/2025-12-02/1761796020.json"
"510807","146155","2025-12-02","52.00","NZD","1761796020","23477/2025-12-02/1761796020.json"
"581513","221281","2025-12-01","36.00","NZD","1761796020","23477/2025-12-01/1761796020.json"
"581514","221282","2025-12-01","36.00","NZD","1761796020","23477/2025-12-01/1761796020.json"
"512557","146154","2025-12-01","45.00","NZD","1761796020","23477/2025-12-01/1761796020.json"
"365170","146153","2025-12-01","48.00","NZD","1761796020","23477/2025-12-01/1761796020.json"
"510807","146155","2025-12-01","52.00","NZD","1761796020","23477/2025-12-01/1761796020.json"
"581513","221281","2025-12-03","36.00","NZD","1761796020","23477/2025-12-03/1761796020.json"
"581514","221282","2025-12-03","36.00","NZD","1761796020","23477/2025-12-03/1761796020.json"
"512557","146154","2025-12-03","45.00","NZD","1761796020","23477/2025-12-03/1761796020.json"
"365170","146153","2025-12-03","48.00","NZD","1761796020","23477/2025-12-03/1761796020.json"
"510807","146155","2025-12-03","52.00","NZD","1761796020","23477/2025-12-03/1761796020.json"
"581513","221281","2025-12-04","36.00","NZD","1761796020","23477/2025-12-04/1761796020.json"
"581514","221282","2025-12-04","36.00","NZD","1761796020","23477/2025-12-04/1761796020.json"
"512557","146154","2025-12-04","45.00","NZD","1761796020","23477/2025-12-04/1761796020.json"
"365170","146153","2025-12-04","48.00","NZD","1761796020","23477/2025-12-04/1761796020.json"
"510807","146155","2025-12-04","52.00","NZD","1761796020","23477/2025-12-04/1761796020.json"
"581513","221281","2025-12-06","36.00","NZD","1761796020","23477/2025-12-06/1761796020.json"
"581514","221282","2025-12-06","36.00","NZD","1761796020","23477/2025-12-06/1761796020.json"
"581513","221281","2025-12-05","36.00","NZD","1761796020","23477/2025-12-05/1761796020.json"
"581514","221282","2025-12-05","36.00","NZD","1761796020","23477/2025-12-05/1761796020.json"
"512557","146154","2025-12-06","45.00","NZD","1761796020","23477/2025-12-06/1761796020.json"
"512557","146154","2025-12-05","45.00","NZD","1761796020","23477/2025-12-05/1761796020.json"
"365170","146153","2025-12-06","48.00","NZD","1761796020","23477/2025-12-06/1761796020.json"
"510807","146155","2025-12-06","52.00","NZD","1761796020","23477/2025-12-06/1761796020.json"
"365170","146153","2025-12-05","48.00","NZD","1761796020","23477/2025-12-05/1761796020.json"
"510807","146155","2025-12-05","52.00","NZD","1761796020","23477/2025-12-05/1761796020.json"
"581513","221281","2025-12-07","36.00","NZD","1761796020","23477/2025-12-07/1761796020.json"
"581514","221282","2025-12-07","36.00","NZD","1761796020","23477/2025-12-07/1761796020.json"
"512557","146154","2025-12-07","45.00","NZD","1761796020","23477/2025-12-07/1761796020.json"
"365170","146153","2025-12-07","48.00","NZD","1761796020","23477/2025-12-07/1761796020.json"
"510807","146155","2025-12-07","52.00","NZD","1761796020","23477/2025-12-07/1761796020.json"
"581513","221281","2025-12-08","36.00","NZD","1761796020","23477/2025-12-08/1761796020.json"
"581514","221282","2025-12-08","36.00","NZD","1761796020","23477/2025-12-08/1761796020.json"
"512557","146154","2025-12-08","45.00","NZD","1761796020","23477/2025-12-08/1761796020.json"
"365170","146153","2025-12-08","48.00","NZD","1761796020","23477/2025-12-08/1761796020.json"
"510807","146155","2025-12-08","52.00","NZD","1761796020","23477/2025-12-08/1761796020.json"
"581513","221281","2025-12-09","36.00","NZD","1761796020","23477/2025-12-09/1761796020.json"
"581514","221282","2025-12-09","36.00","NZD","1761796020","23477/2025-12-09/1761796020.json"
"512557","146154","2025-12-09","45.00","NZD","1761796020","23477/2025-12-09/1761796020.json"
"365170","146153","2025-12-09","48.00","NZD","1761796020","23477/2025-12-09/1761796020.json"
"510807","146155","2025-12-09","52.00","NZD","1761796020","23477/2025-12-09/1761796020.json"
"581513","221281","2025-12-11","36.00","NZD","1761796020","23477/2025-12-11/1761796020.json"
"581514","221282","2025-12-11","36.00","NZD","1761796020","23477/2025-12-11/1761796020.json"
"512557","146154","2025-12-11","45.00","NZD","1761796020","23477/2025-12-11/1761796020.json"
"365170","146153","2025-12-11","48.00","NZD","1761796020","23477/2025-12-11/1761796020.json"
"510807","146155","2025-12-11","52.00","NZD","1761796020","23477/2025-12-11/1761796020.json"
"581513","221281","2025-12-10","36.00","NZD","1761796020","23477/2025-12-10/1761796020.json"
"581514","221282","2025-12-10","36.00","NZD","1761796020","23477/2025-12-10/1761796020.json"
"512557","146154","2025-12-10","45.00","NZD","1761796020","23477/2025-12-10/1761796020.json"
"365170","146153","2025-12-10","48.00","NZD","1761796020","23477/2025-12-10/1761796020.json"
"510807","146155","2025-12-10","52.00","NZD","1761796020","23477/2025-12-10/1761796020.json"
"581513","221281","2025-12-12","36.00","NZD","1761796020","23477/2025-12-12/1761796020.json"
"581514","221282","2025-12-12","36.00","NZD","1761796020","23477/2025-12-12/1761796020.json"
"512557","146154","2025-12-12","45.00","NZD","1761796020","23477/2025-12-12/1761796020.json"
"365170","146153","2025-12-12","48.00","NZD","1761796020","23477/2025-12-12/1761796020.json"
"510807","146155","2025-12-12","52.00","NZD","1761796020","23477/2025-12-12/1761796020.json"
"581513","221281","2025-12-13","36.00","NZD","1761796020","23477/2025-12-13/1761796020.json"
"581514","221282","2025-12-13","36.00","NZD","1761796020","23477/2025-12-13/1761796020.json"
"512557","146154","2025-12-13","45.00","NZD","1761796020","23477/2025-12-13/1761796020.json"
"365170","146153","2025-12-13","48.00","NZD","1761796020","23477/2025-12-13/1761796020.json"
"510807","146155","2025-12-13","52.00","NZD","1761796020","23477/2025-12-13/1761796020.json"
"581513","221281","2025-12-14","36.00","NZD","1761796020","23477/2025-12-14/1761796020.json"
"581514","221282","2025-12-14","36.00","NZD","1761796020","23477/2025-12-14/1761796020.json"
"512557","146154","2025-12-14","45.00","NZD","1761796020","23477/2025-12-14/1761796020.json"
"365170","146153","2025-12-14","48.00","NZD","1761796020","23477/2025-12-14/1761796020.json"
"510807","146155","2025-12-14","52.00","NZD","1761796020","23477/2025-12-14/1761796020.json"
"581513","221281","2025-12-15","36.00","NZD","1761796020","23477/2025-12-15/1761796020.json"
"581514","221282","2025-12-15","36.00","NZD","1761796020","23477/2025-12-15/1761796020.json"
"512557","146154","2025-12-15","45.00","NZD","1761796020","23477/2025-12-15/1761796020.json"
"365170","146153","2025-12-15","48.00","NZD","1761796020","23477/2025-12-15/1761796020.json"
"510807","146155","2025-12-15","52.00","NZD","1761796020","23477/2025-12-15/1761796020.json"
"581513","221281","2025-12-16","36.00","NZD","1761796020","23477/2025-12-16/1761796020.json"
"581514","221282","2025-12-16","36.00","NZD","1761796020","23477/2025-12-16/1761796020.json"
"512557","146154","2025-12-16","45.00","NZD","1761796020","23477/2025-12-16/1761796020.json"
"365170","146153","2025-12-16","48.00","NZD","1761796020","23477/2025-12-16/1761796020.json"
"510807","146155","2025-12-16","52.00","NZD","1761796020","23477/2025-12-16/1761796020.json"
"581513","221281","2025-12-17","36.00","NZD","1761796020","23477/2025-12-17/1761796020.json"
"581514","221282","2025-12-17","36.00","NZD","1761796020","23477/2025-12-17/1761796020.json"
"512557","146154","2025-12-17","45.00","NZD","1761796020","23477/2025-12-17/1761796020.json"
"365170","146153","2025-12-17","48.00","NZD","1761796020","23477/2025-12-17/1761796020.json"
"510807","146155","2025-12-17","52.00","NZD","1761796020","23477/2025-12-17/1761796020.json"
"581513","221281","2025-12-18","36.00","NZD","1761796020","23477/2025-12-18/1761796020.json"
"581514","221282","2025-12-18","36.00","NZD","1761796020","23477/2025-12-18/1761796020.json"
"512557","146154","2025-12-18","45.00","NZD","1761796020","23477/2025-12-18/1761796020.json"
"365170","146153","2025-12-18","48.00","NZD","1761796020","23477/2025-12-18/1761796020.json"
"510807","146155","2025-12-18","52.00","NZD","1761796020","23477/2025-12-18/1761796020.json"
"581513","221281","2025-12-19","36.00","NZD","1761796020","23477/2025-12-19/1761796020.json"
"581514","221282","2025-12-19","36.00","NZD","1761796020","23477/2025-12-19/1761796020.json"
"512557","146154","2025-12-19","45.00","NZD","1761796020","23477/2025-12-19/1761796020.json"
"365170","146153","2025-12-19","48.00","NZD","1761796020","23477/2025-12-19/1761796020.json"
"510807","146155","2025-12-19","52.00","NZD","1761796020","23477/2025-12-19/1761796020.json"
"581513","221281","2025-12-21","36.00","NZD","1761796020","23477/2025-12-21/1761796020.json"
"581514","221282","2025-12-21","36.00","NZD","1761796020","23477/2025-12-21/1761796020.json"
"512557","146154","2025-12-21","45.00","NZD","1761796020","23477/2025-12-21/1761796020.json"
"365170","146153","2025-12-21","48.00","NZD","1761796020","23477/2025-12-21/1761796020.json"
"510807","146155","2025-12-21","52.00","NZD","1761796020","23477/2025-12-21/1761796020.json"
"581513","221281","2025-12-20","36.00","NZD","1761796020","23477/2025-12-20/1761796020.json"
"581514","221282","2025-12-20","36.00","NZD","1761796020","23477/2025-12-20/1761796020.json"
"512557","146154","2025-12-20","45.00","NZD","1761796020","23477/2025-12-20/1761796020.json"
"365170","146153","2025-12-20","48.00","NZD","1761796020","23477/2025-12-20/1761796020.json"
"510807","146155","2025-12-20","52.00","NZD","1761796020","23477/2025-12-20/1761796020.json"
"581513","221281","2025-12-22","36.00","NZD","1761796020","23477/2025-12-22/1761796020.json"
"581514","221282","2025-12-22","36.00","NZD","1761796020","23477/2025-12-22/1761796020.json"
"512557","146154","2025-12-22","45.00","NZD","1761796020","23477/2025-12-22/1761796020.json"
"365170","146153","2025-12-22","48.00","NZD","1761796020","23477/2025-12-22/1761796020.json"
"510807","146155","2025-12-22","52.00","NZD","1761796020","23477/2025-12-22/1761796020.json"
"581513","221281","2025-12-23","38.00","NZD","1761796020","23477/2025-12-23/1761796020.json"
"581514","221282","2025-12-23","38.00","NZD","1761796020","23477/2025-12-23/1761796020.json"
"512557","146154","2025-12-23","45.00","NZD","1761796020","23477/2025-12-23/1761796020.json"
"365170","146153","2025-12-23","48.00","NZD","1761796020","23477/2025-12-23/1761796020.json"
"510807","146155","2025-12-23","52.00","NZD","1761796020","23477/2025-12-23/1761796020.json"
"581513","221281","2025-12-24","38.00","NZD","1761796020","23477/2025-12-24/1761796020.json"
"581514","221282","2025-12-24","38.00","NZD","1761796020","23477/2025-12-24/1761796020.json"
"512557","146154","2025-12-24","45.00","NZD","1761796020","23477/2025-12-24/1761796020.json"
"365170","146153","2025-12-24","48.00","NZD","1761796020","23477/2025-12-24/1761796020.json"
"510807","146155","2025-12-24","52.00","NZD","1761796020","23477/2025-12-24/1761796020.json"
"581513","221281","2025-12-25","38.00","NZD","1761796020","23477/2025-12-25/1761796020.json"
"581514","221282","2025-12-25","38.00","NZD","1761796020","23477/2025-12-25/1761796020.json"
"512557","146154","2025-12-25","45.00","NZD","1761796020","23477/2025-12-25/1761796020.json"
"365170","146153","2025-12-25","48.00","NZD","1761796020","23477/2025-12-25/1761796020.json"
"510807","146155","2025-12-25","52.00","NZD","1761796020","23477/2025-12-25/1761796020.json"
"581513","221281","2025-12-26","42.00","NZD","1761796020","23477/2025-12-26/1761796020.json"
"581514","221282","2025-12-26","42.00","NZD","1761796020","23477/2025-12-26/1761796020.json"
"512557","146154","2025-12-26","45.00","NZD","1761796020","23477/2025-12-26/1761796020.json"
"365170","146153","2025-12-26","48.00","NZD","1761796020","23477/2025-12-26/1761796020.json"
"510807","146155","2025-12-26","52.00","NZD","1761796020","23477/2025-12-26/1761796020.json"
"581513","221281","2025-12-27","42.00","NZD","1761796020","23477/2025-12-27/1761796020.json"
"581514","221282","2025-12-27","42.00","NZD","1761796020","23477/2025-12-27/1761796020.json"
"512557","146154","2025-12-27","45.00","NZD","1761796020","23477/2025-12-27/1761796020.json"
"365170","146153","2025-12-27","48.00","NZD","1761796020","23477/2025-12-27/1761796020.json"
"510807","146155","2025-12-27","52.00","NZD","1761796020","23477/2025-12-27/1761796020.json"
"581513","221281","2025-12-29","42.00","NZD","1761796020","23477/2025-12-29/1761796020.json"
"581513","221281","2025-12-28","42.00","NZD","1761796020","23477/2025-12-28/1761796020.json"
"581514","221282","2025-12-28","42.00","NZD","1761796020","23477/2025-12-28/1761796020.json"
"581514","221282","2025-12-29","42.00","NZD","1761796020","23477/2025-12-29/1761796020.json"
"512557","146154","2025-12-28","45.00","NZD","1761796020","23477/2025-12-28/1761796020.json"
"365170","146153","2025-12-28","48.00","NZD","1761796020","23477/2025-12-28/1761796020.json"
"512557","146154","2025-12-29","45.00","NZD","1761796020","23477/2025-12-29/1761796020.json"
"510807","146155","2025-12-28","52.00","NZD","1761796020","23477/2025-12-28/1761796020.json"
"365170","146153","2025-12-29","48.00","NZD","1761796020","23477/2025-12-29/1761796020.json"
"510807","146155","2025-12-29","52.00","NZD","1761796020","23477/2025-12-29/1761796020.json"
"581513","221281","2025-11-01","36.00","NZD","1761800291","23477/2025-11-01/1761800291.json"
"581514","221282","2025-11-01","36.00","NZD","1761800291","23477/2025-11-01/1761800291.json"
"512557","146154","2025-11-01","45.00","NZD","1761800291","23477/2025-11-01/1761800291.json"
"365170","146153","2025-11-01","48.00","NZD","1761800291","23477/2025-11-01/1761800291.json"
"510807","146155","2025-11-01","52.00","NZD","1761800291","23477/2025-11-01/1761800291.json"
"581513","221281","2025-10-31","36.00","NZD","1761800291","23477/2025-10-31/1761800291.json"
"581514","221282","2025-10-31","36.00","NZD","1761800291","23477/2025-10-31/1761800291.json"
"512557","146154","2025-10-31","45.00","NZD","1761800291","23477/2025-10-31/1761800291.json"
"365170","146153","2025-10-31","48.00","NZD","1761800291","23477/2025-10-31/1761800291.json"
"510807","146155","2025-10-31","52.00","NZD","1761800291","23477/2025-10-31/1761800291.json"
"581513","221281","2025-11-02","36.00","NZD","1761800291","23477/2025-11-02/1761800291.json"
"581514","221282","2025-11-02","36.00","NZD","1761800291","23477/2025-11-02/1761800291.json"
"512557","146154","2025-11-02","45.00","NZD","1761800291","23477/2025-11-02/1761800291.json"
"365170","146153","2025-11-02","48.00","NZD","1761800291","23477/2025-11-02/1761800291.json"
"510807","146155","2025-11-02","52.00","NZD","1761800291","23477/2025-11-02/1761800291.json"
"581513","221281","2025-10-30","36.00","NZD","1761800291","23477/2025-10-30/1761800291.json"
"581514","221282","2025-10-30","36.00","NZD","1761800291","23477/2025-10-30/1761800291.json"
"512557","146154","2025-10-30","45.00","NZD","1761800291","23477/2025-10-30/1761800291.json"
"365170","146153","2025-10-30","48.00","NZD","1761800291","23477/2025-10-30/1761800291.json"
"510807","146155","2025-10-30","52.00","NZD","1761800291","23477/2025-10-30/1761800291.json"
"581513","221281","2025-11-04","36.00","NZD","1761800291","23477/2025-11-04/1761800291.json"
"581514","221282","2025-11-04","36.00","NZD","1761800291","23477/2025-11-04/1761800291.json"
"512557","146154","2025-11-04","45.00","NZD","1761800291","23477/2025-11-04/1761800291.json"
"365170","146153","2025-11-04","48.00","NZD","1761800291","23477/2025-11-04/1761800291.json"
"510807","146155","2025-11-04","52.00","NZD","1761800291","23477/2025-11-04/1761800291.json"
"581513","221281","2025-11-03","36.00","NZD","1761800291","23477/2025-11-03/1761800291.json"
"581514","221282","2025-11-03","36.00","NZD","1761800291","23477/2025-11-03/1761800291.json"
"512557","146154","2025-11-03","45.00","NZD","1761800291","23477/2025-11-03/1761800291.json"
"365170","146153","2025-11-03","48.00","NZD","1761800291","23477/2025-11-03/1761800291.json"
"510807","146155","2025-11-03","52.00","NZD","1761800291","23477/2025-11-03/1761800291.json"
"581513","221281","2025-11-05","36.00","NZD","1761800291","23477/2025-11-05/1761800291.json"
"581514","221282","2025-11-05","36.00","NZD","1761800291","23477/2025-11-05/1761800291.json"
"512557","146154","2025-11-05","45.00","NZD","1761800291","23477/2025-11-05/1761800291.json"
"365170","146153","2025-11-05","48.00","NZD","1761800291","23477/2025-11-05/1761800291.json"
"510807","146155","2025-11-05","52.00","NZD","1761800291","23477/2025-11-05/1761800291.json"
"581513","221281","2025-11-06","36.00","NZD","1761800291","23477/2025-11-06/1761800291.json"
"581514","221282","2025-11-06","36.00","NZD","1761800291","23477/2025-11-06/1761800291.json"
"512557","146154","2025-11-06","45.00","NZD","1761800291","23477/2025-11-06/1761800291.json"
"365170","146153","2025-11-06","48.00","NZD","1761800291","23477/2025-11-06/1761800291.json"
"510807","146155","2025-11-06","52.00","NZD","1761800291","23477/2025-11-06/1761800291.json"
"581513","221281","2025-11-07","36.00","NZD","1761800291","23477/2025-11-07/1761800291.json"
"581514","221282","2025-11-07","36.00","NZD","1761800291","23477/2025-11-07/1761800291.json"
"512557","146154","2025-11-07","45.00","NZD","1761800291","23477/2025-11-07/1761800291.json"
"365170","146153","2025-11-07","48.00","NZD","1761800291","23477/2025-11-07/1761800291.json"
"510807","146155","2025-11-07","52.00","NZD","1761800291","23477/2025-11-07/1761800291.json"
"581513","221281","2025-11-08","36.00","NZD","1761800291","23477/2025-11-08/1761800291.json"
"581514","221282","2025-11-08","36.00","NZD","1761800291","23477/2025-11-08/1761800291.json"
"512557","146154","2025-11-08","45.00","NZD","1761800291","23477/2025-11-08/1761800291.json"
"365170","146153","2025-11-08","48.00","NZD","1761800291","23477/2025-11-08/1761800291.json"
"510807","146155","2025-11-08","52.00","NZD","1761800291","23477/2025-11-08/1761800291.json"
"581513","221281","2025-11-09","36.00","NZD","1761800291","23477/2025-11-09/1761800291.json"
"581514","221282","2025-11-09","36.00","NZD","1761800291","23477/2025-11-09/1761800291.json"
"512557","146154","2025-11-09","45.00","NZD","1761800291","23477/2025-11-09/1761800291.json"
"365170","146153","2025-11-09","48.00","NZD","1761800291","23477/2025-11-09/1761800291.json"
"510807","146155","2025-11-09","52.00","NZD","1761800291","23477/2025-11-09/1761800291.json"
"581513","221281","2025-11-10","36.00","NZD","1761800291","23477/2025-11-10/1761800291.json"
"581514","221282","2025-11-10","36.00","NZD","1761800291","23477/2025-11-10/1761800291.json"
"512557","146154","2025-11-10","45.00","NZD","1761800291","23477/2025-11-10/1761800291.json"
"365170","146153","2025-11-10","48.00","NZD","1761800291","23477/2025-11-10/1761800291.json"
"510807","146155","2025-11-10","52.00","NZD","1761800291","23477/2025-11-10/1761800291.json"
"581513","221281","2025-11-11","36.00","NZD","1761800291","23477/2025-11-11/1761800291.json"
"581514","221282","2025-11-11","36.00","NZD","1761800291","23477/2025-11-11/1761800291.json"
"512557","146154","2025-11-11","45.00","NZD","1761800291","23477/2025-11-11/1761800291.json"
"365170","146153","2025-11-11","48.00","NZD","1761800291","23477/2025-11-11/1761800291.json"
"510807","146155","2025-11-11","52.00","NZD","1761800291","23477/2025-11-11/1761800291.json"
"581513","221281","2025-11-12","36.00","NZD","1761800291","23477/2025-11-12/1761800291.json"
"581514","221282","2025-11-12","36.00","NZD","1761800291","23477/2025-11-12/1761800291.json"
"512557","146154","2025-11-12","45.00","NZD","1761800291","23477/2025-11-12/1761800291.json"
"365170","146153","2025-11-12","48.00","NZD","1761800291","23477/2025-11-12/1761800291.json"
"510807","146155","2025-11-12","52.00","NZD","1761800291","23477/2025-11-12/1761800291.json"
"581513","221281","2025-11-13","36.00","NZD","1761800291","23477/2025-11-13/1761800291.json"
"581514","221282","2025-11-13","36.00","NZD","1761800291","23477/2025-11-13/1761800291.json"
"512557","146154","2025-11-13","45.00","NZD","1761800291","23477/2025-11-13/1761800291.json"
"365170","146153","2025-11-13","48.00","NZD","1761800291","23477/2025-11-13/1761800291.json"
"510807","146155","2025-11-13","52.00","NZD","1761800291","23477/2025-11-13/1761800291.json"
"581513","221281","2025-11-14","36.00","NZD","1761800291","23477/2025-11-14/1761800291.json"
"581514","221282","2025-11-14","36.00","NZD","1761800291","23477/2025-11-14/1761800291.json"
"512557","146154","2025-11-14","45.00","NZD","1761800291","23477/2025-11-14/1761800291.json"
"365170","146153","2025-11-14","48.00","NZD","1761800291","23477/2025-11-14/1761800291.json"
"510807","146155","2025-11-14","52.00","NZD","1761800291","23477/2025-11-14/1761800291.json"
"581513","221281","2025-11-16","36.00","NZD","1761800291","23477/2025-11-16/1761800291.json"
"581514","221282","2025-11-16","36.00","NZD","1761800291","23477/2025-11-16/1761800291.json"
"512557","146154","2025-11-16","45.00","NZD","1761800291","23477/2025-11-16/1761800291.json"
"365170","146153","2025-11-16","48.00","NZD","1761800291","23477/2025-11-16/1761800291.json"
"510807","146155","2025-11-16","52.00","NZD","1761800291","23477/2025-11-16/1761800291.json"
"581513","221281","2025-11-15","36.00","NZD","1761800291","23477/2025-11-15/1761800291.json"
"581514","221282","2025-11-15","36.00","NZD","1761800291","23477/2025-11-15/1761800291.json"
"512557","146154","2025-11-15","45.00","NZD","1761800291","23477/2025-11-15/1761800291.json"
"365170","146153","2025-11-15","48.00","NZD","1761800291","23477/2025-11-15/1761800291.json"
"510807","146155","2025-11-15","52.00","NZD","1761800291","23477/2025-11-15/1761800291.json"
"581513","221281","2025-11-17","36.00","NZD","1761800291","23477/2025-11-17/1761800291.json"
"581514","221282","2025-11-17","36.00","NZD","1761800291","23477/2025-11-17/1761800291.json"
"512557","146154","2025-11-17","45.00","NZD","1761800291","23477/2025-11-17/1761800291.json"
"365170","146153","2025-11-17","48.00","NZD","1761800291","23477/2025-11-17/1761800291.json"
"510807","146155","2025-11-17","52.00","NZD","1761800291","23477/2025-11-17/1761800291.json"
"581513","221281","2025-11-18","36.00","NZD","1761800291","23477/2025-11-18/1761800291.json"
"581514","221282","2025-11-18","36.00","NZD","1761800291","23477/2025-11-18/1761800291.json"
"512557","146154","2025-11-18","45.00","NZD","1761800291","23477/2025-11-18/1761800291.json"
"365170","146153","2025-11-18","48.00","NZD","1761800291","23477/2025-11-18/1761800291.json"
"510807","146155","2025-11-18","52.00","NZD","1761800291","23477/2025-11-18/1761800291.json"
"581513","221281","2025-11-20","36.00","NZD","1761800291","23477/2025-11-20/1761800291.json"
"581514","221282","2025-11-20","36.00","NZD","1761800291","23477/2025-11-20/1761800291.json"
"512557","146154","2025-11-20","45.00","NZD","1761800291","23477/2025-11-20/1761800291.json"
"581513","221281","2025-11-19","36.00","NZD","1761800291","23477/2025-11-19/1761800291.json"
"581514","221282","2025-11-19","36.00","NZD","1761800291","23477/2025-11-19/1761800291.json"
"512557","146154","2025-11-19","45.00","NZD","1761800291","23477/2025-11-19/1761800291.json"
"365170","146153","2025-11-19","48.00","NZD","1761800291","23477/2025-11-19/1761800291.json"
"510807","146155","2025-11-19","52.00","NZD","1761800291","23477/2025-11-19/1761800291.json"
"581513","221281","2025-11-21","36.00","NZD","1761800291","23477/2025-11-21/1761800291.json"
"581514","221282","2025-11-21","36.00","NZD","1761800291","23477/2025-11-21/1761800291.json"
"512557","146154","2025-11-21","45.00","NZD","1761800291","23477/2025-11-21/1761800291.json"
"365170","146153","2025-11-21","48.00","NZD","1761800291","23477/2025-11-21/1761800291.json"
"510807","146155","2025-11-21","52.00","NZD","1761800291","23477/2025-11-21/1761800291.json"
"581513","221281","2025-11-22","36.00","NZD","1761800291","23477/2025-11-22/1761800291.json"
"581514","221282","2025-11-22","36.00","NZD","1761800291","23477/2025-11-22/1761800291.json"
"512557","146154","2025-11-22","45.00","NZD","1761800291","23477/2025-11-22/1761800291.json"
"365170","146153","2025-11-22","48.00","NZD","1761800291","23477/2025-11-22/1761800291.json"
"510807","146155","2025-11-22","52.00","NZD","1761800291","23477/2025-11-22/1761800291.json"
"581513","221281","2025-11-24","36.00","NZD","1761800291","23477/2025-11-24/1761800291.json"
"581514","221282","2025-11-24","36.00","NZD","1761800291","23477/2025-11-24/1761800291.json"
"512557","146154","2025-11-24","45.00","NZD","1761800291","23477/2025-11-24/1761800291.json"
"365170","146153","2025-11-24","48.00","NZD","1761800291","23477/2025-11-24/1761800291.json"
"510807","146155","2025-11-24","52.00","NZD","1761800291","23477/2025-11-24/1761800291.json"
"581513","221281","2025-11-23","36.00","NZD","1761800291","23477/2025-11-23/1761800291.json"
"581514","221282","2025-11-23","36.00","NZD","1761800291","23477/2025-11-23/1761800291.json"
"512557","146154","2025-11-23","45.00","NZD","1761800291","23477/2025-11-23/1761800291.json"
"365170","146153","2025-11-23","48.00","NZD","1761800291","23477/2025-11-23/1761800291.json"
"510807","146155","2025-11-23","52.00","NZD","1761800291","23477/2025-11-23/1761800291.json"
"581513","221281","2025-11-26","36.00","NZD","1761800291","23477/2025-11-26/1761800291.json"
"581514","221282","2025-11-26","36.00","NZD","1761800291","23477/2025-11-26/1761800291.json"
"512557","146154","2025-11-26","45.00","NZD","1761800291","23477/2025-11-26/1761800291.json"
"365170","146153","2025-11-26","48.00","NZD","1761800291","23477/2025-11-26/1761800291.json"
"510807","146155","2025-11-26","52.00","NZD","1761800291","23477/2025-11-26/1761800291.json"
"581513","221281","2025-11-25","36.00","NZD","1761800291","23477/2025-11-25/1761800291.json"
"581514","221282","2025-11-25","36.00","NZD","1761800291","23477/2025-11-25/1761800291.json"
"512557","146154","2025-11-25","45.00","NZD","1761800291","23477/2025-11-25/1761800291.json"
"365170","146153","2025-11-25","48.00","NZD","1761800291","23477/2025-11-25/1761800291.json"
"510807","146155","2025-11-25","52.00","NZD","1761800291","23477/2025-11-25/1761800291.json"
"581513","221281","2025-11-28","36.00","NZD","1761800291","23477/2025-11-28/1761800291.json"
"581514","221282","2025-11-28","36.00","NZD","1761800291","23477/2025-11-28/1761800291.json"
"512557","146154","2025-11-28","45.00","NZD","1761800291","23477/2025-11-28/1761800291.json"
"365170","146153","2025-11-28","48.00","NZD","1761800291","23477/2025-11-28/1761800291.json"
"510807","146155","2025-11-28","52.00","NZD","1761800291","23477/2025-11-28/1761800291.json"
"581513","221281","2025-11-27","36.00","NZD","1761800291","23477/2025-11-27/1761800291.json"
"581514","221282","2025-11-27","36.00","NZD","1761800291","23477/2025-11-27/1761800291.json"
"512557","146154","2025-11-27","45.00","NZD","1761800291","23477/2025-11-27/1761800291.json"
"365170","146153","2025-11-27","48.00","NZD","1761800291","23477/2025-11-27/1761800291.json"
"510807","146155","2025-11-27","52.00","NZD","1761800291","23477/2025-11-27/1761800291.json"
"581513","221281","2025-11-29","36.00","NZD","1761800291","23477/2025-11-29/1761800291.json"
"581514","221282","2025-11-29","36.00","NZD","1761800291","23477/2025-11-29/1761800291.json"
"512557","146154","2025-11-29","45.00","NZD","1761800291","23477/2025-11-29/1761800291.json"
"365170","146153","2025-11-29","48.00","NZD","1761800291","23477/2025-11-29/1761800291.json"
"510807","146155","2025-11-29","52.00","NZD","1761800291","23477/2025-11-29/1761800291.json"
"581513","221281","2025-11-30","36.00","NZD","1761800291","23477/2025-11-30/1761800291.json"
"581514","221282","2025-11-30","36.00","NZD","1761800291","23477/2025-11-30/1761800291.json"
"512557","146154","2025-11-30","45.00","NZD","1761800291","23477/2025-11-30/1761800291.json"
"365170","146153","2025-11-30","48.00","NZD","1761800291","23477/2025-11-30/1761800291.json"
"510807","146155","2025-11-30","52.00","NZD","1761800291","23477/2025-11-30/1761800291.json"
"581513","221281","2025-12-01","36.00","NZD","1761800291","23477/2025-12-01/1761800291.json"
"581514","221282","2025-12-01","36.00","NZD","1761800291","23477/2025-12-01/1761800291.json"
"512557","146154","2025-12-01","45.00","NZD","1761800291","23477/2025-12-01/1761800291.json"
"365170","146153","2025-12-01","48.00","NZD","1761800291","23477/2025-12-01/1761800291.json"
"510807","146155","2025-12-01","52.00","NZD","1761800291","23477/2025-12-01/1761800291.json"
"581513","221281","2025-12-02","36.00","NZD","1761800291","23477/2025-12-02/1761800291.json"
"581514","221282","2025-12-02","36.00","NZD","1761800291","23477/2025-12-02/1761800291.json"
"512557","146154","2025-12-02","45.00","NZD","1761800291","23477/2025-12-02/1761800291.json"
"365170","146153","2025-12-02","48.00","NZD","1761800291","23477/2025-12-02/1761800291.json"
"510807","146155","2025-12-02","52.00","NZD","1761800291","23477/2025-12-02/1761800291.json"
"581513","221281","2025-12-03","36.00","NZD","1761800291","23477/2025-12-03/1761800291.json"
"581514","221282","2025-12-03","36.00","NZD","1761800291","23477/2025-12-03/1761800291.json"
"512557","146154","2025-12-03","45.00","NZD","1761800291","23477/2025-12-03/1761800291.json"
"365170","146153","2025-12-03","48.00","NZD","1761800291","23477/2025-12-03/1761800291.json"
"510807","146155","2025-12-03","52.00","NZD","1761800291","23477/2025-12-03/1761800291.json"
"581513","221281","2025-12-04","36.00","NZD","1761800291","23477/2025-12-04/1761800291.json"
"581514","221282","2025-12-04","36.00","NZD","1761800291","23477/2025-12-04/1761800291.json"
"512557","146154","2025-12-04","45.00","NZD","1761800291","23477/2025-12-04/1761800291.json"
"365170","146153","2025-12-04","48.00","NZD","1761800291","23477/2025-12-04/1761800291.json"
"510807","146155","2025-12-04","52.00","NZD","1761800291","23477/2025-12-04/1761800291.json"
"581513","221281","2025-12-05","36.00","NZD","1761800291","23477/2025-12-05/1761800291.json"
"581514","221282","2025-12-05","36.00","NZD","1761800291","23477/2025-12-05/1761800291.json"
"512557","146154","2025-12-05","45.00","NZD","1761800291","23477/2025-12-05/1761800291.json"
"365170","146153","2025-12-05","48.00","NZD","1761800291","23477/2025-12-05/1761800291.json"
"510807","146155","2025-12-05","52.00","NZD","1761800291","23477/2025-12-05/1761800291.json"
"581513","221281","2025-12-06","36.00","NZD","1761800291","23477/2025-12-06/1761800291.json"
"581514","221282","2025-12-06","36.00","NZD","1761800291","23477/2025-12-06/1761800291.json"
"512557","146154","2025-12-06","45.00","NZD","1761800291","23477/2025-12-06/1761800291.json"
"365170","146153","2025-12-06","48.00","NZD","1761800291","23477/2025-12-06/1761800291.json"
"510807","146155","2025-12-06","52.00","NZD","1761800291","23477/2025-12-06/1761800291.json"
"581513","221281","2025-12-08","36.00","NZD","1761800291","23477/2025-12-08/1761800291.json"
"581514","221282","2025-12-08","36.00","NZD","1761800291","23477/2025-12-08/1761800291.json"
"512557","146154","2025-12-08","45.00","NZD","1761800291","23477/2025-12-08/1761800291.json"
"365170","146153","2025-12-08","48.00","NZD","1761800291","23477/2025-12-08/1761800291.json"
"510807","146155","2025-12-08","52.00","NZD","1761800291","23477/2025-12-08/1761800291.json"
"581513","221281","2025-12-07","36.00","NZD","1761800291","23477/2025-12-07/1761800291.json"
"581514","221282","2025-12-07","36.00","NZD","1761800291","23477/2025-12-07/1761800291.json"
"512557","146154","2025-12-07","45.00","NZD","1761800291","23477/2025-12-07/1761800291.json"
"365170","146153","2025-12-07","48.00","NZD","1761800291","23477/2025-12-07/1761800291.json"
"510807","146155","2025-12-07","52.00","NZD","1761800291","23477/2025-12-07/1761800291.json"
"581513","221281","2025-12-10","36.00","NZD","1761800291","23477/2025-12-10/1761800291.json"
"581514","221282","2025-12-10","36.00","NZD","1761800291","23477/2025-12-10/1761800291.json"
"512557","146154","2025-12-10","45.00","NZD","1761800291","23477/2025-12-10/1761800291.json"
"365170","146153","2025-12-10","48.00","NZD","1761800291","23477/2025-12-10/1761800291.json"
"510807","146155","2025-12-10","52.00","NZD","1761800291","23477/2025-12-10/1761800291.json"
"581513","221281","2025-12-09","36.00","NZD","1761800291","23477/2025-12-09/1761800291.json"
"581514","221282","2025-12-09","36.00","NZD","1761800291","23477/2025-12-09/1761800291.json"
"512557","146154","2025-12-09","45.00","NZD","1761800291","23477/2025-12-09/1761800291.json"
"365170","146153","2025-12-09","48.00","NZD","1761800291","23477/2025-12-09/1761800291.json"
"510807","146155","2025-12-09","52.00","NZD","1761800291","23477/2025-12-09/1761800291.json"
"581513","221281","2025-12-11","36.00","NZD","1761800291","23477/2025-12-11/1761800291.json"
"581514","221282","2025-12-11","36.00","NZD","1761800291","23477/2025-12-11/1761800291.json"
"512557","146154","2025-12-11","45.00","NZD","1761800291","23477/2025-12-11/1761800291.json"
"365170","146153","2025-12-11","48.00","NZD","1761800291","23477/2025-12-11/1761800291.json"
"510807","146155","2025-12-11","52.00","NZD","1761800291","23477/2025-12-11/1761800291.json"
"581513","221281","2025-12-12","36.00","NZD","1761800291","23477/2025-12-12/1761800291.json"
"581514","221282","2025-12-12","36.00","NZD","1761800291","23477/2025-12-12/1761800291.json"
"512557","146154","2025-12-12","45.00","NZD","1761800291","23477/2025-12-12/1761800291.json"
"365170","146153","2025-12-12","48.00","NZD","1761800291","23477/2025-12-12/1761800291.json"
"510807","146155","2025-12-12","52.00","NZD","1761800291","23477/2025-12-12/1761800291.json"
"581513","221281","2025-12-13","36.00","NZD","1761800291","23477/2025-12-13/1761800291.json"
"581514","221282","2025-12-13","36.00","NZD","1761800291","23477/2025-12-13/1761800291.json"
"512557","146154","2025-12-13","45.00","NZD","1761800291","23477/2025-12-13/1761800291.json"
"365170","146153","2025-12-13","48.00","NZD","1761800291","23477/2025-12-13/1761800291.json"
"510807","146155","2025-12-13","52.00","NZD","1761800291","23477/2025-12-13/1761800291.json"
"581513","221281","2025-12-14","36.00","NZD","1761800291","23477/2025-12-14/1761800291.json"
"581514","221282","2025-12-14","36.00","NZD","1761800291","23477/2025-12-14/1761800291.json"
"512557","146154","2025-12-14","45.00","NZD","1761800291","23477/2025-12-14/1761800291.json"
"365170","146153","2025-12-14","48.00","NZD","1761800291","23477/2025-12-14/1761800291.json"
"510807","146155","2025-12-14","52.00","NZD","1761800291","23477/2025-12-14/1761800291.json"
"581513","221281","2025-12-15","36.00","NZD","1761800291","23477/2025-12-15/1761800291.json"
"581514","221282","2025-12-15","36.00","NZD","1761800291","23477/2025-12-15/1761800291.json"
"512557","146154","2025-12-15","45.00","NZD","1761800291","23477/2025-12-15/1761800291.json"
"365170","146153","2025-12-15","48.00","NZD","1761800291","23477/2025-12-15/1761800291.json"
"510807","146155","2025-12-15","52.00","NZD","1761800291","23477/2025-12-15/1761800291.json"
"581513","221281","2025-12-16","36.00","NZD","1761800291","23477/2025-12-16/1761800291.json"
"581514","221282","2025-12-16","36.00","NZD","1761800291","23477/2025-12-16/1761800291.json"
"512557","146154","2025-12-16","45.00","NZD","1761800291","23477/2025-12-16/1761800291.json"
"365170","146153","2025-12-16","48.00","NZD","1761800291","23477/2025-12-16/1761800291.json"
"510807","146155","2025-12-16","52.00","NZD","1761800291","23477/2025-12-16/1761800291.json"
"581513","221281","2025-12-17","36.00","NZD","1761800291","23477/2025-12-17/1761800291.json"
"581514","221282","2025-12-17","36.00","NZD","1761800291","23477/2025-12-17/1761800291.json"
"512557","146154","2025-12-17","45.00","NZD","1761800291","23477/2025-12-17/1761800291.json"
"365170","146153","2025-12-17","48.00","NZD","1761800291","23477/2025-12-17/1761800291.json"
"510807","146155","2025-12-17","52.00","NZD","1761800291","23477/2025-12-17/1761800291.json"
"581513","221281","2025-12-18","36.00","NZD","1761800291","23477/2025-12-18/1761800291.json"
"581514","221282","2025-12-18","36.00","NZD","1761800291","23477/2025-12-18/1761800291.json"
"512557","146154","2025-12-18","45.00","NZD","1761800291","23477/2025-12-18/1761800291.json"
"365170","146153","2025-12-18","48.00","NZD","1761800291","23477/2025-12-18/1761800291.json"
"510807","146155","2025-12-18","52.00","NZD","1761800291","23477/2025-12-18/1761800291.json"
"581513","221281","2025-12-19","36.00","NZD","1761800291","23477/2025-12-19/1761800291.json"
"581514","221282","2025-12-19","36.00","NZD","1761800291","23477/2025-12-19/1761800291.json"
"512557","146154","2025-12-19","45.00","NZD","1761800291","23477/2025-12-19/1761800291.json"
"365170","146153","2025-12-19","48.00","NZD","1761800291","23477/2025-12-19/1761800291.json"
"510807","146155","2025-12-19","52.00","NZD","1761800291","23477/2025-12-19/1761800291.json"
"581513","221281","2025-12-20","36.00","NZD","1761800291","23477/2025-12-20/1761800291.json"
"581514","221282","2025-12-20","36.00","NZD","1761800291","23477/2025-12-20/1761800291.json"
"512557","146154","2025-12-20","45.00","NZD","1761800291","23477/2025-12-20/1761800291.json"
"365170","146153","2025-12-20","48.00","NZD","1761800291","23477/2025-12-20/1761800291.json"
"510807","146155","2025-12-20","52.00","NZD","1761800291","23477/2025-12-20/1761800291.json"
"581513","221281","2025-12-21","36.00","NZD","1761800291","23477/2025-12-21/1761800291.json"
"581514","221282","2025-12-21","36.00","NZD","1761800291","23477/2025-12-21/1761800291.json"
"512557","146154","2025-12-21","45.00","NZD","1761800291","23477/2025-12-21/1761800291.json"
"365170","146153","2025-12-21","48.00","NZD","1761800291","23477/2025-12-21/1761800291.json"
"510807","146155","2025-12-21","52.00","NZD","1761800291","23477/2025-12-21/1761800291.json"
"581513","221281","2025-12-24","38.00","NZD","1761800291","23477/2025-12-24/1761800291.json"
"581514","221282","2025-12-24","38.00","NZD","1761800291","23477/2025-12-24/1761800291.json"
"512557","146154","2025-12-24","45.00","NZD","1761800291","23477/2025-12-24/1761800291.json"
"365170","146153","2025-12-24","48.00","NZD","1761800291","23477/2025-12-24/1761800291.json"
"510807","146155","2025-12-24","52.00","NZD","1761800291","23477/2025-12-24/1761800291.json"
"581513","221281","2025-12-22","36.00","NZD","1761800291","23477/2025-12-22/1761800291.json"
"581514","221282","2025-12-22","36.00","NZD","1761800291","23477/2025-12-22/1761800291.json"
"512557","146154","2025-12-22","45.00","NZD","1761800291","23477/2025-12-22/1761800291.json"
"365170","146153","2025-12-22","48.00","NZD","1761800291","23477/2025-12-22/1761800291.json"
"510807","146155","2025-12-22","52.00","NZD","1761800291","23477/2025-12-22/1761800291.json"
"581513","221281","2025-12-25","38.00","NZD","1761800291","23477/2025-12-25/1761800291.json"
"581514","221282","2025-12-25","38.00","NZD","1761800291","23477/2025-12-25/1761800291.json"
"512557","146154","2025-12-25","45.00","NZD","1761800291","23477/2025-12-25/1761800291.json"
"365170","146153","2025-12-25","48.00","NZD","1761800291","23477/2025-12-25/1761800291.json"
"510807","146155","2025-12-25","52.00","NZD","1761800291","23477/2025-12-25/1761800291.json"
"581513","221281","2025-12-23","38.00","NZD","1761800291","23477/2025-12-23/1761800291.json"
"581514","221282","2025-12-23","38.00","NZD","1761800291","23477/2025-12-23/1761800291.json"
"512557","146154","2025-12-23","45.00","NZD","1761800291","23477/2025-12-23/1761800291.json"
"365170","146153","2025-12-23","48.00","NZD","1761800291","23477/2025-12-23/1761800291.json"
"510807","146155","2025-12-23","52.00","NZD","1761800291","23477/2025-12-23/1761800291.json"
"581513","221281","2025-12-26","42.00","NZD","1761800291","23477/2025-12-26/1761800291.json"
"581514","221282","2025-12-26","42.00","NZD","1761800291","23477/2025-12-26/1761800291.json"
"512557","146154","2025-12-26","45.00","NZD","1761800291","23477/2025-12-26/1761800291.json"
"365170","146153","2025-12-26","48.00","NZD","1761800291","23477/2025-12-26/1761800291.json"
"510807","146155","2025-12-26","52.00","NZD","1761800291","23477/2025-12-26/1761800291.json"
"581513","221281","2025-12-27","42.00","NZD","1761800291","23477/2025-12-27/1761800291.json"
"581514","221282","2025-12-27","42.00","NZD","1761800291","23477/2025-12-27/1761800291.json"
"512557","146154","2025-12-27","45.00","NZD","1761800291","23477/2025-12-27/1761800291.json"
"365170","146153","2025-12-27","48.00","NZD","1761800291","23477/2025-12-27/1761800291.json"
"510807","146155","2025-12-27","52.00","NZD","1761800291","23477/2025-12-27/1761800291.json"
"581513","221281","2025-12-28","42.00","NZD","1761800291","23477/2025-12-28/1761800291.json"
"581514","221282","2025-12-28","42.00","NZD","1761800291","23477/2025-12-28/1761800291.json"
"512557","146154","2025-12-28","45.00","NZD","1761800291","23477/2025-12-28/1761800291.json"
"365170","146153","2025-12-28","48.00","NZD","1761800291","23477/2025-12-28/1761800291.json"
"510807","146155","2025-12-28","52.00","NZD","1761800291","23477/2025-12-28/1761800291.json"
"581513","221281","2025-12-29","42.00","NZD","1761800291","23477/2025-12-29/1761800291.json"
"581514","221282","2025-12-29","42.00","NZD","1761800291","23477/2025-12-29/1761800291.json"
"512557","146154","2025-12-29","45.00","NZD","1761800291","23477/2025-12-29/1761800291.json"
"365170","146153","2025-12-29","48.00","NZD","1761800291","23477/2025-12-29/1761800291.json"
"510807","146155","2025-12-29","52.00","NZD","1761800291","23477/2025-12-29/1761800291.json"
"581513","221281","2025-11-01","36.00","NZD","1761815213","23477/2025-11-01/1761815213.json"
"581514","221282","2025-11-01","36.00","NZD","1761815213","23477/2025-11-01/1761815213.json"
"512557","146154","2025-11-01","45.00","NZD","1761815213","23477/2025-11-01/1761815213.json"
"365170","146153","2025-11-01","48.00","NZD","1761815213","23477/2025-11-01/1761815213.json"
"510807","146155","2025-11-01","52.00","NZD","1761815213","23477/2025-11-01/1761815213.json"
"581513","221281","2025-11-02","36.00","NZD","1761815213","23477/2025-11-02/1761815213.json"
"581514","221282","2025-11-02","36.00","NZD","1761815213","23477/2025-11-02/1761815213.json"
"512557","146154","2025-11-02","45.00","NZD","1761815213","23477/2025-11-02/1761815213.json"
"365170","146153","2025-11-02","48.00","NZD","1761815213","23477/2025-11-02/1761815213.json"
"510807","146155","2025-11-02","52.00","NZD","1761815213","23477/2025-11-02/1761815213.json"
"581513","221281","2025-10-30","36.00","NZD","1761815213","23477/2025-10-30/1761815213.json"
"581514","221282","2025-10-30","36.00","NZD","1761815213","23477/2025-10-30/1761815213.json"
"512557","146154","2025-10-30","45.00","NZD","1761815213","23477/2025-10-30/1761815213.json"
"365170","146153","2025-10-30","48.00","NZD","1761815213","23477/2025-10-30/1761815213.json"
"510807","146155","2025-10-30","52.00","NZD","1761815213","23477/2025-10-30/1761815213.json"
"581513","221281","2025-10-31","36.00","NZD","1761815213","23477/2025-10-31/1761815213.json"
"581514","221282","2025-10-31","36.00","NZD","1761815213","23477/2025-10-31/1761815213.json"
"512557","146154","2025-10-31","45.00","NZD","1761815213","23477/2025-10-31/1761815213.json"
"365170","146153","2025-10-31","48.00","NZD","1761815213","23477/2025-10-31/1761815213.json"
"510807","146155","2025-10-31","52.00","NZD","1761815213","23477/2025-10-31/1761815213.json"
"581513","221281","2025-11-03","36.00","NZD","1761815213","23477/2025-11-03/1761815213.json"
"581514","221282","2025-11-03","36.00","NZD","1761815213","23477/2025-11-03/1761815213.json"
"512557","146154","2025-11-03","45.00","NZD","1761815213","23477/2025-11-03/1761815213.json"
"365170","146153","2025-11-03","48.00","NZD","1761815213","23477/2025-11-03/1761815213.json"
"510807","146155","2025-11-03","52.00","NZD","1761815213","23477/2025-11-03/1761815213.json"
"581513","221281","2025-11-04","36.00","NZD","1761815213","23477/2025-11-04/1761815213.json"
"581514","221282","2025-11-04","36.00","NZD","1761815213","23477/2025-11-04/1761815213.json"
"512557","146154","2025-11-04","45.00","NZD","1761815213","23477/2025-11-04/1761815213.json"
"365170","146153","2025-11-04","48.00","NZD","1761815213","23477/2025-11-04/1761815213.json"
"510807","146155","2025-11-04","52.00","NZD","1761815213","23477/2025-11-04/1761815213.json"
"581513","221281","2025-11-05","36.00","NZD","1761815213","23477/2025-11-05/1761815213.json"
"581514","221282","2025-11-05","36.00","NZD","1761815213","23477/2025-11-05/1761815213.json"
"512557","146154","2025-11-05","45.00","NZD","1761815213","23477/2025-11-05/1761815213.json"
"365170","146153","2025-11-05","48.00","NZD","1761815213","23477/2025-11-05/1761815213.json"
"510807","146155","2025-11-05","52.00","NZD","1761815213","23477/2025-11-05/1761815213.json"
"581513","221281","2025-11-06","36.00","NZD","1761815213","23477/2025-11-06/1761815213.json"
"581514","221282","2025-11-06","36.00","NZD","1761815213","23477/2025-11-06/1761815213.json"
"512557","146154","2025-11-06","45.00","NZD","1761815213","23477/2025-11-06/1761815213.json"
"365170","146153","2025-11-06","48.00","NZD","1761815213","23477/2025-11-06/1761815213.json"
"510807","146155","2025-11-06","52.00","NZD","1761815213","23477/2025-11-06/1761815213.json"
"581513","221281","2025-11-07","36.00","NZD","1761815213","23477/2025-11-07/1761815213.json"
"581514","221282","2025-11-07","36.00","NZD","1761815213","23477/2025-11-07/1761815213.json"
"512557","146154","2025-11-07","45.00","NZD","1761815213","23477/2025-11-07/1761815213.json"
"365170","146153","2025-11-07","48.00","NZD","1761815213","23477/2025-11-07/1761815213.json"
"510807","146155","2025-11-07","52.00","NZD","1761815213","23477/2025-11-07/1761815213.json"
"581513","221281","2025-11-08","36.00","NZD","1761815213","23477/2025-11-08/1761815213.json"
"581514","221282","2025-11-08","36.00","NZD","1761815213","23477/2025-11-08/1761815213.json"
"512557","146154","2025-11-08","45.00","NZD","1761815213","23477/2025-11-08/1761815213.json"
"365170","146153","2025-11-08","48.00","NZD","1761815213","23477/2025-11-08/1761815213.json"
"510807","146155","2025-11-08","52.00","NZD","1761815213","23477/2025-11-08/1761815213.json"
"581513","221281","2025-11-09","36.00","NZD","1761815213","23477/2025-11-09/1761815213.json"
"581514","221282","2025-11-09","36.00","NZD","1761815213","23477/2025-11-09/1761815213.json"
"512557","146154","2025-11-09","45.00","NZD","1761815213","23477/2025-11-09/1761815213.json"
"365170","146153","2025-11-09","48.00","NZD","1761815213","23477/2025-11-09/1761815213.json"
"510807","146155","2025-11-09","52.00","NZD","1761815213","23477/2025-11-09/1761815213.json"
"581513","221281","2025-11-10","36.00","NZD","1761815213","23477/2025-11-10/1761815213.json"
"581514","221282","2025-11-10","36.00","NZD","1761815213","23477/2025-11-10/1761815213.json"
"512557","146154","2025-11-10","45.00","NZD","1761815213","23477/2025-11-10/1761815213.json"
"365170","146153","2025-11-10","48.00","NZD","1761815213","23477/2025-11-10/1761815213.json"
"510807","146155","2025-11-10","52.00","NZD","1761815213","23477/2025-11-10/1761815213.json"
"581513","221281","2025-11-11","36.00","NZD","1761815213","23477/2025-11-11/1761815213.json"
"581514","221282","2025-11-11","36.00","NZD","1761815213","23477/2025-11-11/1761815213.json"
"512557","146154","2025-11-11","45.00","NZD","1761815213","23477/2025-11-11/1761815213.json"
"365170","146153","2025-11-11","48.00","NZD","1761815213","23477/2025-11-11/1761815213.json"
"510807","146155","2025-11-11","52.00","NZD","1761815213","23477/2025-11-11/1761815213.json"
"581513","221281","2025-11-12","36.00","NZD","1761815213","23477/2025-11-12/1761815213.json"
"581514","221282","2025-11-12","36.00","NZD","1761815213","23477/2025-11-12/1761815213.json"
"512557","146154","2025-11-12","45.00","NZD","1761815213","23477/2025-11-12/1761815213.json"
"365170","146153","2025-11-12","48.00","NZD","1761815213","23477/2025-11-12/1761815213.json"
"510807","146155","2025-11-12","52.00","NZD","1761815213","23477/2025-11-12/1761815213.json"
"581513","221281","2025-11-13","36.00","NZD","1761815213","23477/2025-11-13/1761815213.json"
"581514","221282","2025-11-13","36.00","NZD","1761815213","23477/2025-11-13/1761815213.json"
"512557","146154","2025-11-13","45.00","NZD","1761815213","23477/2025-11-13/1761815213.json"
"365170","146153","2025-11-13","48.00","NZD","1761815213","23477/2025-11-13/1761815213.json"
"510807","146155","2025-11-13","52.00","NZD","1761815213","23477/2025-11-13/1761815213.json"
"581513","221281","2025-11-14","36.00","NZD","1761815213","23477/2025-11-14/1761815213.json"
"581514","221282","2025-11-14","36.00","NZD","1761815213","23477/2025-11-14/1761815213.json"
"512557","146154","2025-11-14","45.00","NZD","1761815213","23477/2025-11-14/1761815213.json"
"365170","146153","2025-11-14","48.00","NZD","1761815213","23477/2025-11-14/1761815213.json"
"510807","146155","2025-11-14","52.00","NZD","1761815213","23477/2025-11-14/1761815213.json"
"581513","221281","2025-11-17","36.00","NZD","1761815213","23477/2025-11-17/1761815213.json"
"581514","221282","2025-11-17","36.00","NZD","1761815213","23477/2025-11-17/1761815213.json"
"512557","146154","2025-11-17","45.00","NZD","1761815213","23477/2025-11-17/1761815213.json"
"365170","146153","2025-11-17","48.00","NZD","1761815213","23477/2025-11-17/1761815213.json"
"510807","146155","2025-11-17","52.00","NZD","1761815213","23477/2025-11-17/1761815213.json"
"581513","221281","2025-11-16","36.00","NZD","1761815213","23477/2025-11-16/1761815213.json"
"581514","221282","2025-11-16","36.00","NZD","1761815213","23477/2025-11-16/1761815213.json"
"512557","146154","2025-11-16","45.00","NZD","1761815213","23477/2025-11-16/1761815213.json"
"365170","146153","2025-11-16","48.00","NZD","1761815213","23477/2025-11-16/1761815213.json"
"510807","146155","2025-11-16","52.00","NZD","1761815213","23477/2025-11-16/1761815213.json"
"581513","221281","2025-11-15","36.00","NZD","1761815213","23477/2025-11-15/1761815213.json"
"581514","221282","2025-11-15","36.00","NZD","1761815213","23477/2025-11-15/1761815213.json"
"512557","146154","2025-11-15","45.00","NZD","1761815213","23477/2025-11-15/1761815213.json"
"365170","146153","2025-11-15","48.00","NZD","1761815213","23477/2025-11-15/1761815213.json"
"510807","146155","2025-11-15","52.00","NZD","1761815213","23477/2025-11-15/1761815213.json"
"581513","221281","2025-11-18","36.00","NZD","1761815213","23477/2025-11-18/1761815213.json"
"581514","221282","2025-11-18","36.00","NZD","1761815213","23477/2025-11-18/1761815213.json"
"512557","146154","2025-11-18","45.00","NZD","1761815213","23477/2025-11-18/1761815213.json"
"365170","146153","2025-11-18","48.00","NZD","1761815213","23477/2025-11-18/1761815213.json"
"510807","146155","2025-11-18","52.00","NZD","1761815213","23477/2025-11-18/1761815213.json"
"581513","221281","2025-11-21","36.00","NZD","1761815213","23477/2025-11-21/1761815213.json"
"581514","221282","2025-11-21","36.00","NZD","1761815213","23477/2025-11-21/1761815213.json"
"512557","146154","2025-11-21","45.00","NZD","1761815213","23477/2025-11-21/1761815213.json"
"365170","146153","2025-11-21","48.00","NZD","1761815213","23477/2025-11-21/1761815213.json"
"510807","146155","2025-11-21","52.00","NZD","1761815213","23477/2025-11-21/1761815213.json"
"581513","221281","2025-11-22","36.00","NZD","1761815213","23477/2025-11-22/1761815213.json"
"581514","221282","2025-11-22","36.00","NZD","1761815213","23477/2025-11-22/1761815213.json"
"512557","146154","2025-11-22","45.00","NZD","1761815213","23477/2025-11-22/1761815213.json"
"365170","146153","2025-11-22","48.00","NZD","1761815213","23477/2025-11-22/1761815213.json"
"510807","146155","2025-11-22","52.00","NZD","1761815213","23477/2025-11-22/1761815213.json"
"581513","221281","2025-11-20","36.00","NZD","1761815213","23477/2025-11-20/1761815213.json"
"581514","221282","2025-11-20","36.00","NZD","1761815213","23477/2025-11-20/1761815213.json"
"512557","146154","2025-11-20","45.00","NZD","1761815213","23477/2025-11-20/1761815213.json"
"581513","221281","2025-11-19","36.00","NZD","1761815213","23477/2025-11-19/1761815213.json"
"581514","221282","2025-11-19","36.00","NZD","1761815213","23477/2025-11-19/1761815213.json"
"512557","146154","2025-11-19","45.00","NZD","1761815213","23477/2025-11-19/1761815213.json"
"365170","146153","2025-11-19","48.00","NZD","1761815213","23477/2025-11-19/1761815213.json"
"510807","146155","2025-11-19","52.00","NZD","1761815213","23477/2025-11-19/1761815213.json"
"581513","221281","2025-11-23","36.00","NZD","1761815213","23477/2025-11-23/1761815213.json"
"581514","221282","2025-11-23","36.00","NZD","1761815213","23477/2025-11-23/1761815213.json"
"512557","146154","2025-11-23","45.00","NZD","1761815213","23477/2025-11-23/1761815213.json"
"365170","146153","2025-11-23","48.00","NZD","1761815213","23477/2025-11-23/1761815213.json"
"510807","146155","2025-11-23","52.00","NZD","1761815213","23477/2025-11-23/1761815213.json"
"581513","221281","2025-11-24","36.00","NZD","1761815213","23477/2025-11-24/1761815213.json"
"581514","221282","2025-11-24","36.00","NZD","1761815213","23477/2025-11-24/1761815213.json"
"512557","146154","2025-11-24","45.00","NZD","1761815213","23477/2025-11-24/1761815213.json"
"365170","146153","2025-11-24","48.00","NZD","1761815213","23477/2025-11-24/1761815213.json"
"510807","146155","2025-11-24","52.00","NZD","1761815213","23477/2025-11-24/1761815213.json"
"581513","221281","2025-11-26","36.00","NZD","1761815213","23477/2025-11-26/1761815213.json"
"581514","221282","2025-11-26","36.00","NZD","1761815213","23477/2025-11-26/1761815213.json"
"512557","146154","2025-11-26","45.00","NZD","1761815213","23477/2025-11-26/1761815213.json"
"365170","146153","2025-11-26","48.00","NZD","1761815213","23477/2025-11-26/1761815213.json"
"510807","146155","2025-11-26","52.00","NZD","1761815213","23477/2025-11-26/1761815213.json"
"581513","221281","2025-11-27","36.00","NZD","1761815213","23477/2025-11-27/1761815213.json"
"581514","221282","2025-11-27","36.00","NZD","1761815213","23477/2025-11-27/1761815213.json"
"512557","146154","2025-11-27","45.00","NZD","1761815213","23477/2025-11-27/1761815213.json"
"365170","146153","2025-11-27","48.00","NZD","1761815213","23477/2025-11-27/1761815213.json"
"510807","146155","2025-11-27","52.00","NZD","1761815213","23477/2025-11-27/1761815213.json"
"581513","221281","2025-11-25","36.00","NZD","1761815213","23477/2025-11-25/1761815213.json"
"581514","221282","2025-11-25","36.00","NZD","1761815213","23477/2025-11-25/1761815213.json"
"512557","146154","2025-11-25","45.00","NZD","1761815213","23477/2025-11-25/1761815213.json"
"365170","146153","2025-11-25","48.00","NZD","1761815213","23477/2025-11-25/1761815213.json"
"510807","146155","2025-11-25","52.00","NZD","1761815213","23477/2025-11-25/1761815213.json"
"581513","221281","2025-11-28","36.00","NZD","1761815213","23477/2025-11-28/1761815213.json"
"581514","221282","2025-11-28","36.00","NZD","1761815213","23477/2025-11-28/1761815213.json"
"512557","146154","2025-11-28","45.00","NZD","1761815213","23477/2025-11-28/1761815213.json"
"365170","146153","2025-11-28","48.00","NZD","1761815213","23477/2025-11-28/1761815213.json"
"510807","146155","2025-11-28","52.00","NZD","1761815213","23477/2025-11-28/1761815213.json"
"581513","221281","2025-11-30","36.00","NZD","1761815213","23477/2025-11-30/1761815213.json"
"581514","221282","2025-11-30","36.00","NZD","1761815213","23477/2025-11-30/1761815213.json"
"512557","146154","2025-11-30","45.00","NZD","1761815213","23477/2025-11-30/1761815213.json"
"365170","146153","2025-11-30","48.00","NZD","1761815213","23477/2025-11-30/1761815213.json"
"510807","146155","2025-11-30","52.00","NZD","1761815213","23477/2025-11-30/1761815213.json"
"581513","221281","2025-11-29","36.00","NZD","1761815213","23477/2025-11-29/1761815213.json"
"581514","221282","2025-11-29","36.00","NZD","1761815213","23477/2025-11-29/1761815213.json"
"512557","146154","2025-11-29","45.00","NZD","1761815213","23477/2025-11-29/1761815213.json"
"365170","146153","2025-11-29","48.00","NZD","1761815213","23477/2025-11-29/1761815213.json"
"510807","146155","2025-11-29","52.00","NZD","1761815213","23477/2025-11-29/1761815213.json"
"581513","221281","2025-12-01","36.00","NZD","1761815213","23477/2025-12-01/1761815213.json"
"581514","221282","2025-12-01","36.00","NZD","1761815213","23477/2025-12-01/1761815213.json"
"512557","146154","2025-12-01","45.00","NZD","1761815213","23477/2025-12-01/1761815213.json"
"365170","146153","2025-12-01","48.00","NZD","1761815213","23477/2025-12-01/1761815213.json"
"510807","146155","2025-12-01","52.00","NZD","1761815213","23477/2025-12-01/1761815213.json"
"581513","221281","2025-12-02","36.00","NZD","1761815213","23477/2025-12-02/1761815213.json"
"581514","221282","2025-12-02","36.00","NZD","1761815213","23477/2025-12-02/1761815213.json"
"512557","146154","2025-12-02","45.00","NZD","1761815213","23477/2025-12-02/1761815213.json"
"365170","146153","2025-12-02","48.00","NZD","1761815213","23477/2025-12-02/1761815213.json"
"510807","146155","2025-12-02","52.00","NZD","1761815213","23477/2025-12-02/1761815213.json"
"581513","221281","2025-12-03","36.00","NZD","1761815213","23477/2025-12-03/1761815213.json"
"581514","221282","2025-12-03","36.00","NZD","1761815213","23477/2025-12-03/1761815213.json"
"512557","146154","2025-12-03","45.00","NZD","1761815213","23477/2025-12-03/1761815213.json"
"365170","146153","2025-12-03","48.00","NZD","1761815213","23477/2025-12-03/1761815213.json"
"510807","146155","2025-12-03","52.00","NZD","1761815213","23477/2025-12-03/1761815213.json"
"581513","221281","2025-12-04","36.00","NZD","1761815213","23477/2025-12-04/1761815213.json"
"581514","221282","2025-12-04","36.00","NZD","1761815213","23477/2025-12-04/1761815213.json"
"512557","146154","2025-12-04","45.00","NZD","1761815213","23477/2025-12-04/1761815213.json"
"365170","146153","2025-12-04","48.00","NZD","1761815213","23477/2025-12-04/1761815213.json"
"510807","146155","2025-12-04","52.00","NZD","1761815213","23477/2025-12-04/1761815213.json"
"581513","221281","2025-12-05","36.00","NZD","1761815213","23477/2025-12-05/1761815213.json"
"581514","221282","2025-12-05","36.00","NZD","1761815213","23477/2025-12-05/1761815213.json"
"512557","146154","2025-12-05","45.00","NZD","1761815213","23477/2025-12-05/1761815213.json"
"365170","146153","2025-12-05","48.00","NZD","1761815213","23477/2025-12-05/1761815213.json"
"510807","146155","2025-12-05","52.00","NZD","1761815213","23477/2025-12-05/1761815213.json"
"581513","221281","2025-12-09","36.00","NZD","1761815213","23477/2025-12-09/1761815213.json"
"581514","221282","2025-12-09","36.00","NZD","1761815213","23477/2025-12-09/1761815213.json"
"512557","146154","2025-12-09","45.00","NZD","1761815213","23477/2025-12-09/1761815213.json"
"365170","146153","2025-12-09","48.00","NZD","1761815213","23477/2025-12-09/1761815213.json"
"510807","146155","2025-12-09","52.00","NZD","1761815213","23477/2025-12-09/1761815213.json"
"581513","221281","2025-12-07","36.00","NZD","1761815213","23477/2025-12-07/1761815213.json"
"581514","221282","2025-12-07","36.00","NZD","1761815213","23477/2025-12-07/1761815213.json"
"512557","146154","2025-12-07","45.00","NZD","1761815213","23477/2025-12-07/1761815213.json"
"365170","146153","2025-12-07","48.00","NZD","1761815213","23477/2025-12-07/1761815213.json"
"510807","146155","2025-12-07","52.00","NZD","1761815213","23477/2025-12-07/1761815213.json"
"581513","221281","2025-12-08","36.00","NZD","1761815213","23477/2025-12-08/1761815213.json"
"581514","221282","2025-12-08","36.00","NZD","1761815213","23477/2025-12-08/1761815213.json"
"512557","146154","2025-12-08","45.00","NZD","1761815213","23477/2025-12-08/1761815213.json"
"365170","146153","2025-12-08","48.00","NZD","1761815213","23477/2025-12-08/1761815213.json"
"510807","146155","2025-12-08","52.00","NZD","1761815213","23477/2025-12-08/1761815213.json"
"581513","221281","2025-12-06","36.00","NZD","1761815213","23477/2025-12-06/1761815213.json"
"581514","221282","2025-12-06","36.00","NZD","1761815213","23477/2025-12-06/1761815213.json"
"512557","146154","2025-12-06","45.00","NZD","1761815213","23477/2025-12-06/1761815213.json"
"365170","146153","2025-12-06","48.00","NZD","1761815213","23477/2025-12-06/1761815213.json"
"510807","146155","2025-12-06","52.00","NZD","1761815213","23477/2025-12-06/1761815213.json"
"581513","221281","2025-12-11","36.00","NZD","1761815213","23477/2025-12-11/1761815213.json"
"581514","221282","2025-12-11","36.00","NZD","1761815213","23477/2025-12-11/1761815213.json"
"512557","146154","2025-12-11","45.00","NZD","1761815213","23477/2025-12-11/1761815213.json"
"365170","146153","2025-12-11","48.00","NZD","1761815213","23477/2025-12-11/1761815213.json"
"510807","146155","2025-12-11","52.00","NZD","1761815213","23477/2025-12-11/1761815213.json"
"581513","221281","2025-12-12","36.00","NZD","1761815213","23477/2025-12-12/1761815213.json"
"581514","221282","2025-12-12","36.00","NZD","1761815213","23477/2025-12-12/1761815213.json"
"512557","146154","2025-12-12","45.00","NZD","1761815213","23477/2025-12-12/1761815213.json"
"365170","146153","2025-12-12","48.00","NZD","1761815213","23477/2025-12-12/1761815213.json"
"510807","146155","2025-12-12","52.00","NZD","1761815213","23477/2025-12-12/1761815213.json"
"581513","221281","2025-12-13","36.00","NZD","1761815213","23477/2025-12-13/1761815213.json"
"581514","221282","2025-12-13","36.00","NZD","1761815213","23477/2025-12-13/1761815213.json"
"512557","146154","2025-12-13","45.00","NZD","1761815213","23477/2025-12-13/1761815213.json"
"365170","146153","2025-12-13","48.00","NZD","1761815213","23477/2025-12-13/1761815213.json"
"510807","146155","2025-12-13","52.00","NZD","1761815213","23477/2025-12-13/1761815213.json"
"581513","221281","2025-12-10","36.00","NZD","1761815213","23477/2025-12-10/1761815213.json"
"581514","221282","2025-12-10","36.00","NZD","1761815213","23477/2025-12-10/1761815213.json"
"512557","146154","2025-12-10","45.00","NZD","1761815213","23477/2025-12-10/1761815213.json"
"365170","146153","2025-12-10","48.00","NZD","1761815213","23477/2025-12-10/1761815213.json"
"510807","146155","2025-12-10","52.00","NZD","1761815213","23477/2025-12-10/1761815213.json"
"581513","221281","2025-12-14","36.00","NZD","1761815213","23477/2025-12-14/1761815213.json"
"581514","221282","2025-12-14","36.00","NZD","1761815213","23477/2025-12-14/1761815213.json"
"512557","146154","2025-12-14","45.00","NZD","1761815213","23477/2025-12-14/1761815213.json"
"365170","146153","2025-12-14","48.00","NZD","1761815213","23477/2025-12-14/1761815213.json"
"510807","146155","2025-12-14","52.00","NZD","1761815213","23477/2025-12-14/1761815213.json"
"581513","221281","2025-12-15","36.00","NZD","1761815213","23477/2025-12-15/1761815213.json"
"581514","221282","2025-12-15","36.00","NZD","1761815213","23477/2025-12-15/1761815213.json"
"512557","146154","2025-12-15","45.00","NZD","1761815213","23477/2025-12-15/1761815213.json"
"365170","146153","2025-12-15","48.00","NZD","1761815213","23477/2025-12-15/1761815213.json"
"510807","146155","2025-12-15","52.00","NZD","1761815213","23477/2025-12-15/1761815213.json"
"581513","221281","2025-12-17","36.00","NZD","1761815213","23477/2025-12-17/1761815213.json"
"581514","221282","2025-12-17","36.00","NZD","1761815213","23477/2025-12-17/1761815213.json"
"512557","146154","2025-12-17","45.00","NZD","1761815213","23477/2025-12-17/1761815213.json"
"365170","146153","2025-12-17","48.00","NZD","1761815213","23477/2025-12-17/1761815213.json"
"510807","146155","2025-12-17","52.00","NZD","1761815213","23477/2025-12-17/1761815213.json"
"581513","221281","2025-12-16","36.00","NZD","1761815213","23477/2025-12-16/1761815213.json"
"581514","221282","2025-12-16","36.00","NZD","1761815213","23477/2025-12-16/1761815213.json"
"512557","146154","2025-12-16","45.00","NZD","1761815213","23477/2025-12-16/1761815213.json"
"365170","146153","2025-12-16","48.00","NZD","1761815213","23477/2025-12-16/1761815213.json"
"510807","146155","2025-12-16","52.00","NZD","1761815213","23477/2025-12-16/1761815213.json"
"581513","221281","2025-12-18","36.00","NZD","1761815213","23477/2025-12-18/1761815213.json"
"581514","221282","2025-12-18","36.00","NZD","1761815213","23477/2025-12-18/1761815213.json"
"512557","146154","2025-12-18","45.00","NZD","1761815213","23477/2025-12-18/1761815213.json"
"365170","146153","2025-12-18","48.00","NZD","1761815213","23477/2025-12-18/1761815213.json"
"510807","146155","2025-12-18","52.00","NZD","1761815213","23477/2025-12-18/1761815213.json"
"581513","221281","2025-12-19","36.00","NZD","1761815213","23477/2025-12-19/1761815213.json"
"581514","221282","2025-12-19","36.00","NZD","1761815213","23477/2025-12-19/1761815213.json"
"512557","146154","2025-12-19","45.00","NZD","1761815213","23477/2025-12-19/1761815213.json"
"365170","146153","2025-12-19","48.00","NZD","1761815213","23477/2025-12-19/1761815213.json"
"510807","146155","2025-12-19","52.00","NZD","1761815213","23477/2025-12-19/1761815213.json"
"581513","221281","2025-12-20","36.00","NZD","1761815213","23477/2025-12-20/1761815213.json"
"581514","221282","2025-12-20","36.00","NZD","1761815213","23477/2025-12-20/1761815213.json"
"512557","146154","2025-12-20","45.00","NZD","1761815213","23477/2025-12-20/1761815213.json"
"365170","146153","2025-12-20","48.00","NZD","1761815213","23477/2025-12-20/1761815213.json"
"510807","146155","2025-12-20","52.00","NZD","1761815213","23477/2025-12-20/1761815213.json"
"581513","221281","2025-12-21","36.00","NZD","1761815213","23477/2025-12-21/1761815213.json"
"581514","221282","2025-12-21","36.00","NZD","1761815213","23477/2025-12-21/1761815213.json"
"512557","146154","2025-12-21","45.00","NZD","1761815213","23477/2025-12-21/1761815213.json"
"365170","146153","2025-12-21","48.00","NZD","1761815213","23477/2025-12-21/1761815213.json"
"510807","146155","2025-12-21","52.00","NZD","1761815213","23477/2025-12-21/1761815213.json"
"581513","221281","2025-12-22","36.00","NZD","1761815213","23477/2025-12-22/1761815213.json"
"581514","221282","2025-12-22","36.00","NZD","1761815213","23477/2025-12-22/1761815213.json"
"512557","146154","2025-12-22","45.00","NZD","1761815213","23477/2025-12-22/1761815213.json"
"365170","146153","2025-12-22","48.00","NZD","1761815213","23477/2025-12-22/1761815213.json"
"510807","146155","2025-12-22","52.00","NZD","1761815213","23477/2025-12-22/1761815213.json"
"581513","221281","2025-12-23","38.00","NZD","1761815213","23477/2025-12-23/1761815213.json"
"581514","221282","2025-12-23","38.00","NZD","1761815213","23477/2025-12-23/1761815213.json"
"512557","146154","2025-12-23","45.00","NZD","1761815213","23477/2025-12-23/1761815213.json"
"365170","146153","2025-12-23","48.00","NZD","1761815213","23477/2025-12-23/1761815213.json"
"510807","146155","2025-12-23","52.00","NZD","1761815213","23477/2025-12-23/1761815213.json"
"581513","221281","2025-12-24","38.00","NZD","1761815213","23477/2025-12-24/1761815213.json"
"581514","221282","2025-12-24","38.00","NZD","1761815213","23477/2025-12-24/1761815213.json"
"512557","146154","2025-12-24","45.00","NZD","1761815213","23477/2025-12-24/1761815213.json"
"365170","146153","2025-12-24","48.00","NZD","1761815213","23477/2025-12-24/1761815213.json"
"510807","146155","2025-12-24","52.00","NZD","1761815213","23477/2025-12-24/1761815213.json"
"581513","221281","2025-12-25","38.00","NZD","1761815213","23477/2025-12-25/1761815213.json"
"581514","221282","2025-12-25","38.00","NZD","1761815213","23477/2025-12-25/1761815213.json"
"512557","146154","2025-12-25","45.00","NZD","1761815213","23477/2025-12-25/1761815213.json"
"365170","146153","2025-12-25","48.00","NZD","1761815213","23477/2025-12-25/1761815213.json"
"510807","146155","2025-12-25","52.00","NZD","1761815213","23477/2025-12-25/1761815213.json"
"581513","221281","2025-12-26","42.00","NZD","1761815213","23477/2025-12-26/1761815213.json"
"581514","221282","2025-12-26","42.00","NZD","1761815213","23477/2025-12-26/1761815213.json"
"512557","146154","2025-12-26","45.00","NZD","1761815213","23477/2025-12-26/1761815213.json"
"365170","146153","2025-12-26","48.00","NZD","1761815213","23477/2025-12-26/1761815213.json"
"510807","146155","2025-12-26","52.00","NZD","1761815213","23477/2025-12-26/1761815213.json"
"581513","221281","2025-12-27","42.00","NZD","1761815213","23477/2025-12-27/1761815213.json"
"581514","221282","2025-12-27","42.00","NZD","1761815213","23477/2025-12-27/1761815213.json"
"512557","146154","2025-12-27","45.00","NZD","1761815213","23477/2025-12-27/1761815213.json"
"365170","146153","2025-12-27","48.00","NZD","1761815213","23477/2025-12-27/1761815213.json"
"510807","146155","2025-12-27","52.00","NZD","1761815213","23477/2025-12-27/1761815213.json"
"581513","221281","2025-12-29","42.00","NZD","1761815213","23477/2025-12-29/1761815213.json"
"581514","221282","2025-12-29","42.00","NZD","1761815213","23477/2025-12-29/1761815213.json"
"512557","146154","2025-12-29","45.00","NZD","1761815213","23477/2025-12-29/1761815213.json"
"365170","146153","2025-12-29","48.00","NZD","1761815213","23477/2025-12-29/1761815213.json"
"510807","146155","2025-12-29","52.00","NZD","1761815213","23477/2025-12-29/1761815213.json"
"581513","221281","2025-12-28","42.00","NZD","1761815213","23477/2025-12-28/1761815213.json"
"581514","221282","2025-12-28","42.00","NZD","1761815213","23477/2025-12-28/1761815213.json"
"512557","146154","2025-12-28","45.00","NZD","1761815213","23477/2025-12-28/1761815213.json"
"365170","146153","2025-12-28","48.00","NZD","1761815213","23477/2025-12-28/1761815213.json"
"510807","146155","2025-12-28","52.00","NZD","1761815213","23477/2025-12-28/1761815213.json"
"581513","221281","2025-11-01","36.00","NZD","1761832574","23477/2025-11-01/1761832574.json"
"581514","221282","2025-11-01","36.00","NZD","1761832574","23477/2025-11-01/1761832574.json"
"512557","146154","2025-11-01","45.00","NZD","1761832574","23477/2025-11-01/1761832574.json"
"365170","146153","2025-11-01","48.00","NZD","1761832574","23477/2025-11-01/1761832574.json"
"510807","146155","2025-11-01","52.00","NZD","1761832574","23477/2025-11-01/1761832574.json"
"581513","221281","2025-11-02","36.00","NZD","1761832574","23477/2025-11-02/1761832574.json"
"581514","221282","2025-11-02","36.00","NZD","1761832574","23477/2025-11-02/1761832574.json"
"512557","146154","2025-11-02","45.00","NZD","1761832574","23477/2025-11-02/1761832574.json"
"365170","146153","2025-11-02","48.00","NZD","1761832574","23477/2025-11-02/1761832574.json"
"510807","146155","2025-11-02","52.00","NZD","1761832574","23477/2025-11-02/1761832574.json"
"581513","221281","2025-10-31","36.00","NZD","1761832574","23477/2025-10-31/1761832574.json"
"581514","221282","2025-10-31","36.00","NZD","1761832574","23477/2025-10-31/1761832574.json"
"512557","146154","2025-10-31","45.00","NZD","1761832574","23477/2025-10-31/1761832574.json"
"365170","146153","2025-10-31","48.00","NZD","1761832574","23477/2025-10-31/1761832574.json"
"510807","146155","2025-10-31","52.00","NZD","1761832574","23477/2025-10-31/1761832574.json"
"581513","221281","2025-11-03","36.00","NZD","1761832574","23477/2025-11-03/1761832574.json"
"581514","221282","2025-11-03","36.00","NZD","1761832574","23477/2025-11-03/1761832574.json"
"512557","146154","2025-11-03","45.00","NZD","1761832574","23477/2025-11-03/1761832574.json"
"365170","146153","2025-11-03","48.00","NZD","1761832574","23477/2025-11-03/1761832574.json"
"510807","146155","2025-11-03","52.00","NZD","1761832574","23477/2025-11-03/1761832574.json"
"581513","221281","2025-11-04","36.00","NZD","1761832574","23477/2025-11-04/1761832574.json"
"581514","221282","2025-11-04","36.00","NZD","1761832574","23477/2025-11-04/1761832574.json"
"512557","146154","2025-11-04","45.00","NZD","1761832574","23477/2025-11-04/1761832574.json"
"365170","146153","2025-11-04","48.00","NZD","1761832574","23477/2025-11-04/1761832574.json"
"510807","146155","2025-11-04","52.00","NZD","1761832574","23477/2025-11-04/1761832574.json"
"581513","221281","2025-11-07","36.00","NZD","1761832574","23477/2025-11-07/1761832574.json"
"581514","221282","2025-11-07","36.00","NZD","1761832574","23477/2025-11-07/1761832574.json"
"512557","146154","2025-11-07","45.00","NZD","1761832574","23477/2025-11-07/1761832574.json"
"365170","146153","2025-11-07","48.00","NZD","1761832574","23477/2025-11-07/1761832574.json"
"510807","146155","2025-11-07","52.00","NZD","1761832574","23477/2025-11-07/1761832574.json"
"581513","221281","2025-11-05","36.00","NZD","1761832574","23477/2025-11-05/1761832574.json"
"581514","221282","2025-11-05","36.00","NZD","1761832574","23477/2025-11-05/1761832574.json"
"512557","146154","2025-11-05","45.00","NZD","1761832574","23477/2025-11-05/1761832574.json"
"365170","146153","2025-11-05","48.00","NZD","1761832574","23477/2025-11-05/1761832574.json"
"510807","146155","2025-11-05","52.00","NZD","1761832574","23477/2025-11-05/1761832574.json"
"581513","221281","2025-11-09","36.00","NZD","1761832574","23477/2025-11-09/1761832574.json"
"581514","221282","2025-11-09","36.00","NZD","1761832574","23477/2025-11-09/1761832574.json"
"512557","146154","2025-11-09","45.00","NZD","1761832574","23477/2025-11-09/1761832574.json"
"365170","146153","2025-11-09","48.00","NZD","1761832574","23477/2025-11-09/1761832574.json"
"510807","146155","2025-11-09","52.00","NZD","1761832574","23477/2025-11-09/1761832574.json"
"581513","221281","2025-11-06","36.00","NZD","1761832574","23477/2025-11-06/1761832574.json"
"581514","221282","2025-11-06","36.00","NZD","1761832574","23477/2025-11-06/1761832574.json"
"512557","146154","2025-11-06","45.00","NZD","1761832574","23477/2025-11-06/1761832574.json"
"365170","146153","2025-11-06","48.00","NZD","1761832574","23477/2025-11-06/1761832574.json"
"510807","146155","2025-11-06","52.00","NZD","1761832574","23477/2025-11-06/1761832574.json"
"581513","221281","2025-11-08","36.00","NZD","1761832574","23477/2025-11-08/1761832574.json"
"581514","221282","2025-11-08","36.00","NZD","1761832574","23477/2025-11-08/1761832574.json"
"512557","146154","2025-11-08","45.00","NZD","1761832574","23477/2025-11-08/1761832574.json"
"365170","146153","2025-11-08","48.00","NZD","1761832574","23477/2025-11-08/1761832574.json"
"510807","146155","2025-11-08","52.00","NZD","1761832574","23477/2025-11-08/1761832574.json"
"581513","221281","2025-11-10","36.00","NZD","1761832574","23477/2025-11-10/1761832574.json"
"581514","221282","2025-11-10","36.00","NZD","1761832574","23477/2025-11-10/1761832574.json"
"512557","146154","2025-11-10","45.00","NZD","1761832574","23477/2025-11-10/1761832574.json"
"365170","146153","2025-11-10","48.00","NZD","1761832574","23477/2025-11-10/1761832574.json"
"510807","146155","2025-11-10","52.00","NZD","1761832574","23477/2025-11-10/1761832574.json"
"581513","221281","2025-11-11","36.00","NZD","1761832574","23477/2025-11-11/1761832574.json"
"581514","221282","2025-11-11","36.00","NZD","1761832574","23477/2025-11-11/1761832574.json"
"512557","146154","2025-11-11","45.00","NZD","1761832574","23477/2025-11-11/1761832574.json"
"365170","146153","2025-11-11","48.00","NZD","1761832574","23477/2025-11-11/1761832574.json"
"510807","146155","2025-11-11","52.00","NZD","1761832574","23477/2025-11-11/1761832574.json"
"581513","221281","2025-11-13","36.00","NZD","1761832574","23477/2025-11-13/1761832574.json"
"581514","221282","2025-11-13","36.00","NZD","1761832574","23477/2025-11-13/1761832574.json"
"512557","146154","2025-11-13","45.00","NZD","1761832574","23477/2025-11-13/1761832574.json"
"365170","146153","2025-11-13","48.00","NZD","1761832574","23477/2025-11-13/1761832574.json"
"510807","146155","2025-11-13","52.00","NZD","1761832574","23477/2025-11-13/1761832574.json"
"581513","221281","2025-11-14","36.00","NZD","1761832574","23477/2025-11-14/1761832574.json"
"581514","221282","2025-11-14","36.00","NZD","1761832574","23477/2025-11-14/1761832574.json"
"512557","146154","2025-11-14","45.00","NZD","1761832574","23477/2025-11-14/1761832574.json"
"365170","146153","2025-11-14","48.00","NZD","1761832574","23477/2025-11-14/1761832574.json"
"510807","146155","2025-11-14","52.00","NZD","1761832574","23477/2025-11-14/1761832574.json"
"581513","221281","2025-11-12","36.00","NZD","1761832574","23477/2025-11-12/1761832574.json"
"581514","221282","2025-11-12","36.00","NZD","1761832574","23477/2025-11-12/1761832574.json"
"512557","146154","2025-11-12","45.00","NZD","1761832574","23477/2025-11-12/1761832574.json"
"365170","146153","2025-11-12","48.00","NZD","1761832574","23477/2025-11-12/1761832574.json"
"510807","146155","2025-11-12","52.00","NZD","1761832574","23477/2025-11-12/1761832574.json"
"581513","221281","2025-11-16","36.00","NZD","1761832574","23477/2025-11-16/1761832574.json"
"581514","221282","2025-11-16","36.00","NZD","1761832574","23477/2025-11-16/1761832574.json"
"512557","146154","2025-11-16","45.00","NZD","1761832574","23477/2025-11-16/1761832574.json"
"365170","146153","2025-11-16","48.00","NZD","1761832574","23477/2025-11-16/1761832574.json"
"510807","146155","2025-11-16","52.00","NZD","1761832574","23477/2025-11-16/1761832574.json"
"581513","221281","2025-11-15","36.00","NZD","1761832574","23477/2025-11-15/1761832574.json"
"581514","221282","2025-11-15","36.00","NZD","1761832574","23477/2025-11-15/1761832574.json"
"512557","146154","2025-11-15","45.00","NZD","1761832574","23477/2025-11-15/1761832574.json"
"365170","146153","2025-11-15","48.00","NZD","1761832574","23477/2025-11-15/1761832574.json"
"510807","146155","2025-11-15","52.00","NZD","1761832574","23477/2025-11-15/1761832574.json"
"581513","221281","2025-11-18","36.00","NZD","1761832574","23477/2025-11-18/1761832574.json"
"581514","221282","2025-11-18","36.00","NZD","1761832574","23477/2025-11-18/1761832574.json"
"512557","146154","2025-11-18","45.00","NZD","1761832574","23477/2025-11-18/1761832574.json"
"365170","146153","2025-11-18","48.00","NZD","1761832574","23477/2025-11-18/1761832574.json"
"510807","146155","2025-11-18","52.00","NZD","1761832574","23477/2025-11-18/1761832574.json"
"581513","221281","2025-11-17","36.00","NZD","1761832574","23477/2025-11-17/1761832574.json"
"581514","221282","2025-11-17","36.00","NZD","1761832574","23477/2025-11-17/1761832574.json"
"512557","146154","2025-11-17","45.00","NZD","1761832574","23477/2025-11-17/1761832574.json"
"365170","146153","2025-11-17","48.00","NZD","1761832574","23477/2025-11-17/1761832574.json"
"510807","146155","2025-11-17","52.00","NZD","1761832574","23477/2025-11-17/1761832574.json"
"581513","221281","2025-11-20","36.00","NZD","1761832574","23477/2025-11-20/1761832574.json"
"581514","221282","2025-11-20","36.00","NZD","1761832574","23477/2025-11-20/1761832574.json"
"512557","146154","2025-11-20","45.00","NZD","1761832574","23477/2025-11-20/1761832574.json"
"581513","221281","2025-11-19","36.00","NZD","1761832574","23477/2025-11-19/1761832574.json"
"581514","221282","2025-11-19","36.00","NZD","1761832574","23477/2025-11-19/1761832574.json"
"512557","146154","2025-11-19","45.00","NZD","1761832574","23477/2025-11-19/1761832574.json"
"365170","146153","2025-11-19","48.00","NZD","1761832574","23477/2025-11-19/1761832574.json"
"510807","146155","2025-11-19","52.00","NZD","1761832574","23477/2025-11-19/1761832574.json"
"581513","221281","2025-11-21","36.00","NZD","1761832574","23477/2025-11-21/1761832574.json"
"581514","221282","2025-11-21","36.00","NZD","1761832574","23477/2025-11-21/1761832574.json"
"512557","146154","2025-11-21","45.00","NZD","1761832574","23477/2025-11-21/1761832574.json"
"365170","146153","2025-11-21","48.00","NZD","1761832574","23477/2025-11-21/1761832574.json"
"510807","146155","2025-11-21","52.00","NZD","1761832574","23477/2025-11-21/1761832574.json"
"581513","221281","2025-11-24","36.00","NZD","1761832574","23477/2025-11-24/1761832574.json"
"581514","221282","2025-11-24","36.00","NZD","1761832574","23477/2025-11-24/1761832574.json"
"512557","146154","2025-11-24","45.00","NZD","1761832574","23477/2025-11-24/1761832574.json"
"365170","146153","2025-11-24","48.00","NZD","1761832574","23477/2025-11-24/1761832574.json"
"510807","146155","2025-11-24","52.00","NZD","1761832574","23477/2025-11-24/1761832574.json"
"581513","221281","2025-11-23","36.00","NZD","1761832574","23477/2025-11-23/1761832574.json"
"581514","221282","2025-11-23","36.00","NZD","1761832574","23477/2025-11-23/1761832574.json"
"512557","146154","2025-11-23","45.00","NZD","1761832574","23477/2025-11-23/1761832574.json"
"365170","146153","2025-11-23","48.00","NZD","1761832574","23477/2025-11-23/1761832574.json"
"510807","146155","2025-11-23","52.00","NZD","1761832574","23477/2025-11-23/1761832574.json"
"581513","221281","2025-11-22","36.00","NZD","1761832574","23477/2025-11-22/1761832574.json"
"581514","221282","2025-11-22","36.00","NZD","1761832574","23477/2025-11-22/1761832574.json"
"512557","146154","2025-11-22","45.00","NZD","1761832574","23477/2025-11-22/1761832574.json"
"365170","146153","2025-11-22","48.00","NZD","1761832574","23477/2025-11-22/1761832574.json"
"510807","146155","2025-11-22","52.00","NZD","1761832574","23477/2025-11-22/1761832574.json"
"581513","221281","2025-11-25","36.00","NZD","1761832574","23477/2025-11-25/1761832574.json"
"581514","221282","2025-11-25","36.00","NZD","1761832574","23477/2025-11-25/1761832574.json"
"512557","146154","2025-11-25","45.00","NZD","1761832574","23477/2025-11-25/1761832574.json"
"365170","146153","2025-11-25","48.00","NZD","1761832574","23477/2025-11-25/1761832574.json"
"510807","146155","2025-11-25","52.00","NZD","1761832574","23477/2025-11-25/1761832574.json"
"581513","221281","2025-11-27","36.00","NZD","1761832574","23477/2025-11-27/1761832574.json"
"581514","221282","2025-11-27","36.00","NZD","1761832574","23477/2025-11-27/1761832574.json"
"512557","146154","2025-11-27","45.00","NZD","1761832574","23477/2025-11-27/1761832574.json"
"365170","146153","2025-11-27","48.00","NZD","1761832574","23477/2025-11-27/1761832574.json"
"510807","146155","2025-11-27","52.00","NZD","1761832574","23477/2025-11-27/1761832574.json"
"581513","221281","2025-11-28","36.00","NZD","1761832574","23477/2025-11-28/1761832574.json"
"581514","221282","2025-11-28","36.00","NZD","1761832574","23477/2025-11-28/1761832574.json"
"512557","146154","2025-11-28","45.00","NZD","1761832574","23477/2025-11-28/1761832574.json"
"365170","146153","2025-11-28","48.00","NZD","1761832574","23477/2025-11-28/1761832574.json"
"510807","146155","2025-11-28","52.00","NZD","1761832574","23477/2025-11-28/1761832574.json"
"581513","221281","2025-11-26","36.00","NZD","1761832574","23477/2025-11-26/1761832574.json"
"581514","221282","2025-11-26","36.00","NZD","1761832574","23477/2025-11-26/1761832574.json"
"512557","146154","2025-11-26","45.00","NZD","1761832574","23477/2025-11-26/1761832574.json"
"365170","146153","2025-11-26","48.00","NZD","1761832574","23477/2025-11-26/1761832574.json"
"510807","146155","2025-11-26","52.00","NZD","1761832574","23477/2025-11-26/1761832574.json"
"581513","221281","2025-11-29","36.00","NZD","1761832574","23477/2025-11-29/1761832574.json"
"581514","221282","2025-11-29","36.00","NZD","1761832574","23477/2025-11-29/1761832574.json"
"512557","146154","2025-11-29","45.00","NZD","1761832574","23477/2025-11-29/1761832574.json"
"365170","146153","2025-11-29","48.00","NZD","1761832574","23477/2025-11-29/1761832574.json"
"510807","146155","2025-11-29","52.00","NZD","1761832574","23477/2025-11-29/1761832574.json"
"581513","221281","2025-12-01","36.00","NZD","1761832574","23477/2025-12-01/1761832574.json"
"581514","221282","2025-12-01","36.00","NZD","1761832574","23477/2025-12-01/1761832574.json"
"512557","146154","2025-12-01","45.00","NZD","1761832574","23477/2025-12-01/1761832574.json"
"365170","146153","2025-12-01","48.00","NZD","1761832574","23477/2025-12-01/1761832574.json"
"510807","146155","2025-12-01","52.00","NZD","1761832574","23477/2025-12-01/1761832574.json"
"581513","221281","2025-11-30","36.00","NZD","1761832574","23477/2025-11-30/1761832574.json"
"581514","221282","2025-11-30","36.00","NZD","1761832574","23477/2025-11-30/1761832574.json"
"512557","146154","2025-11-30","45.00","NZD","1761832574","23477/2025-11-30/1761832574.json"
"365170","146153","2025-11-30","48.00","NZD","1761832574","23477/2025-11-30/1761832574.json"
"581513","221281","2025-12-02","36.00","NZD","1761832574","23477/2025-12-02/1761832574.json"
"510807","146155","2025-11-30","52.00","NZD","1761832574","23477/2025-11-30/1761832574.json"
"581514","221282","2025-12-02","36.00","NZD","1761832574","23477/2025-12-02/1761832574.json"
"512557","146154","2025-12-02","45.00","NZD","1761832574","23477/2025-12-02/1761832574.json"
"365170","146153","2025-12-02","48.00","NZD","1761832574","23477/2025-12-02/1761832574.json"
"510807","146155","2025-12-02","52.00","NZD","1761832574","23477/2025-12-02/1761832574.json"
"581513","221281","2025-12-03","36.00","NZD","1761832574","23477/2025-12-03/1761832574.json"
"581514","221282","2025-12-03","36.00","NZD","1761832574","23477/2025-12-03/1761832574.json"
"512557","146154","2025-12-03","45.00","NZD","1761832574","23477/2025-12-03/1761832574.json"
"365170","146153","2025-12-03","48.00","NZD","1761832574","23477/2025-12-03/1761832574.json"
"510807","146155","2025-12-03","52.00","NZD","1761832574","23477/2025-12-03/1761832574.json"
"581513","221281","2025-12-06","36.00","NZD","1761832574","23477/2025-12-06/1761832574.json"
"581514","221282","2025-12-06","36.00","NZD","1761832574","23477/2025-12-06/1761832574.json"
"512557","146154","2025-12-06","45.00","NZD","1761832574","23477/2025-12-06/1761832574.json"
"365170","146153","2025-12-06","48.00","NZD","1761832574","23477/2025-12-06/1761832574.json"
"510807","146155","2025-12-06","52.00","NZD","1761832574","23477/2025-12-06/1761832574.json"
"581513","221281","2025-12-04","36.00","NZD","1761832574","23477/2025-12-04/1761832574.json"
"581514","221282","2025-12-04","36.00","NZD","1761832574","23477/2025-12-04/1761832574.json"
"512557","146154","2025-12-04","45.00","NZD","1761832574","23477/2025-12-04/1761832574.json"
"365170","146153","2025-12-04","48.00","NZD","1761832574","23477/2025-12-04/1761832574.json"
"510807","146155","2025-12-04","52.00","NZD","1761832574","23477/2025-12-04/1761832574.json"
"581513","221281","2025-12-05","36.00","NZD","1761832574","23477/2025-12-05/1761832574.json"
"581514","221282","2025-12-05","36.00","NZD","1761832574","23477/2025-12-05/1761832574.json"
"512557","146154","2025-12-05","45.00","NZD","1761832574","23477/2025-12-05/1761832574.json"
"365170","146153","2025-12-05","48.00","NZD","1761832574","23477/2025-12-05/1761832574.json"
"510807","146155","2025-12-05","52.00","NZD","1761832574","23477/2025-12-05/1761832574.json"
"581513","221281","2025-12-07","36.00","NZD","1761832574","23477/2025-12-07/1761832574.json"
"581514","221282","2025-12-07","36.00","NZD","1761832574","23477/2025-12-07/1761832574.json"
"512557","146154","2025-12-07","45.00","NZD","1761832574","23477/2025-12-07/1761832574.json"
"365170","146153","2025-12-07","48.00","NZD","1761832574","23477/2025-12-07/1761832574.json"
"510807","146155","2025-12-07","52.00","NZD","1761832574","23477/2025-12-07/1761832574.json"
"581513","221281","2025-12-10","36.00","NZD","1761832574","23477/2025-12-10/1761832574.json"
"581514","221282","2025-12-10","36.00","NZD","1761832574","23477/2025-12-10/1761832574.json"
"512557","146154","2025-12-10","45.00","NZD","1761832574","23477/2025-12-10/1761832574.json"
"365170","146153","2025-12-10","48.00","NZD","1761832574","23477/2025-12-10/1761832574.json"
"510807","146155","2025-12-10","52.00","NZD","1761832574","23477/2025-12-10/1761832574.json"
"581513","221281","2025-12-11","36.00","NZD","1761832574","23477/2025-12-11/1761832574.json"
"581514","221282","2025-12-11","36.00","NZD","1761832574","23477/2025-12-11/1761832574.json"
"512557","146154","2025-12-11","45.00","NZD","1761832574","23477/2025-12-11/1761832574.json"
"365170","146153","2025-12-11","48.00","NZD","1761832574","23477/2025-12-11/1761832574.json"
"510807","146155","2025-12-11","52.00","NZD","1761832574","23477/2025-12-11/1761832574.json"
"581513","221281","2025-12-08","36.00","NZD","1761832574","23477/2025-12-08/1761832574.json"
"581514","221282","2025-12-08","36.00","NZD","1761832574","23477/2025-12-08/1761832574.json"
"512557","146154","2025-12-08","45.00","NZD","1761832574","23477/2025-12-08/1761832574.json"
"365170","146153","2025-12-08","48.00","NZD","1761832574","23477/2025-12-08/1761832574.json"
"510807","146155","2025-12-08","52.00","NZD","1761832574","23477/2025-12-08/1761832574.json"
"581513","221281","2025-12-09","36.00","NZD","1761832574","23477/2025-12-09/1761832574.json"
"581514","221282","2025-12-09","36.00","NZD","1761832574","23477/2025-12-09/1761832574.json"
"512557","146154","2025-12-09","45.00","NZD","1761832574","23477/2025-12-09/1761832574.json"
"365170","146153","2025-12-09","48.00","NZD","1761832574","23477/2025-12-09/1761832574.json"
"510807","146155","2025-12-09","52.00","NZD","1761832574","23477/2025-12-09/1761832574.json"
"581513","221281","2025-12-12","36.00","NZD","1761832574","23477/2025-12-12/1761832574.json"
"581514","221282","2025-12-12","36.00","NZD","1761832574","23477/2025-12-12/1761832574.json"
"512557","146154","2025-12-12","45.00","NZD","1761832574","23477/2025-12-12/1761832574.json"
"365170","146153","2025-12-12","48.00","NZD","1761832574","23477/2025-12-12/1761832574.json"
"510807","146155","2025-12-12","52.00","NZD","1761832574","23477/2025-12-12/1761832574.json"
"581513","221281","2025-12-14","36.00","NZD","1761832574","23477/2025-12-14/1761832574.json"
"581514","221282","2025-12-14","36.00","NZD","1761832574","23477/2025-12-14/1761832574.json"
"512557","146154","2025-12-14","45.00","NZD","1761832574","23477/2025-12-14/1761832574.json"
"365170","146153","2025-12-14","48.00","NZD","1761832574","23477/2025-12-14/1761832574.json"
"510807","146155","2025-12-14","52.00","NZD","1761832574","23477/2025-12-14/1761832574.json"
"581513","221281","2025-12-13","36.00","NZD","1761832574","23477/2025-12-13/1761832574.json"
"581514","221282","2025-12-13","36.00","NZD","1761832574","23477/2025-12-13/1761832574.json"
"512557","146154","2025-12-13","45.00","NZD","1761832574","23477/2025-12-13/1761832574.json"
"365170","146153","2025-12-13","48.00","NZD","1761832574","23477/2025-12-13/1761832574.json"
"510807","146155","2025-12-13","52.00","NZD","1761832574","23477/2025-12-13/1761832574.json"
"581513","221281","2025-12-15","36.00","NZD","1761832574","23477/2025-12-15/1761832574.json"
"581514","221282","2025-12-15","36.00","NZD","1761832574","23477/2025-12-15/1761832574.json"
"512557","146154","2025-12-15","45.00","NZD","1761832574","23477/2025-12-15/1761832574.json"
"365170","146153","2025-12-15","48.00","NZD","1761832574","23477/2025-12-15/1761832574.json"
"510807","146155","2025-12-15","52.00","NZD","1761832574","23477/2025-12-15/1761832574.json"
"581513","221281","2025-12-16","36.00","NZD","1761832574","23477/2025-12-16/1761832574.json"
"581514","221282","2025-12-16","36.00","NZD","1761832574","23477/2025-12-16/1761832574.json"
"512557","146154","2025-12-16","45.00","NZD","1761832574","23477/2025-12-16/1761832574.json"
"365170","146153","2025-12-16","48.00","NZD","1761832574","23477/2025-12-16/1761832574.json"
"510807","146155","2025-12-16","52.00","NZD","1761832574","23477/2025-12-16/1761832574.json"
"581513","221281","2025-12-17","36.00","NZD","1761832574","23477/2025-12-17/1761832574.json"
"581514","221282","2025-12-17","36.00","NZD","1761832574","23477/2025-12-17/1761832574.json"
"512557","146154","2025-12-17","45.00","NZD","1761832574","23477/2025-12-17/1761832574.json"
"365170","146153","2025-12-17","48.00","NZD","1761832574","23477/2025-12-17/1761832574.json"
"510807","146155","2025-12-17","52.00","NZD","1761832574","23477/2025-12-17/1761832574.json"
"581513","221281","2025-12-18","36.00","NZD","1761832574","23477/2025-12-18/1761832574.json"
"581514","221282","2025-12-18","36.00","NZD","1761832574","23477/2025-12-18/1761832574.json"
"512557","146154","2025-12-18","45.00","NZD","1761832574","23477/2025-12-18/1761832574.json"
"365170","146153","2025-12-18","48.00","NZD","1761832574","23477/2025-12-18/1761832574.json"
"510807","146155","2025-12-18","52.00","NZD","1761832574","23477/2025-12-18/1761832574.json"
"581513","221281","2025-12-20","36.00","NZD","1761832574","23477/2025-12-20/1761832574.json"
"581514","221282","2025-12-20","36.00","NZD","1761832574","23477/2025-12-20/1761832574.json"
"512557","146154","2025-12-20","45.00","NZD","1761832574","23477/2025-12-20/1761832574.json"
"365170","146153","2025-12-20","48.00","NZD","1761832574","23477/2025-12-20/1761832574.json"
"510807","146155","2025-12-20","52.00","NZD","1761832574","23477/2025-12-20/1761832574.json"
"581513","221281","2025-12-21","36.00","NZD","1761832574","23477/2025-12-21/1761832574.json"
"581514","221282","2025-12-21","36.00","NZD","1761832574","23477/2025-12-21/1761832574.json"
"512557","146154","2025-12-21","45.00","NZD","1761832574","23477/2025-12-21/1761832574.json"
"365170","146153","2025-12-21","48.00","NZD","1761832574","23477/2025-12-21/1761832574.json"
"510807","146155","2025-12-21","52.00","NZD","1761832574","23477/2025-12-21/1761832574.json"
"581513","221281","2025-12-22","36.00","NZD","1761832574","23477/2025-12-22/1761832574.json"
"581514","221282","2025-12-22","36.00","NZD","1761832574","23477/2025-12-22/1761832574.json"
"512557","146154","2025-12-22","45.00","NZD","1761832574","23477/2025-12-22/1761832574.json"
"365170","146153","2025-12-22","48.00","NZD","1761832574","23477/2025-12-22/1761832574.json"
"510807","146155","2025-12-22","52.00","NZD","1761832574","23477/2025-12-22/1761832574.json"
"581513","221281","2025-12-19","36.00","NZD","1761832574","23477/2025-12-19/1761832574.json"
"581514","221282","2025-12-19","36.00","NZD","1761832574","23477/2025-12-19/1761832574.json"
"512557","146154","2025-12-19","45.00","NZD","1761832574","23477/2025-12-19/1761832574.json"
"365170","146153","2025-12-19","48.00","NZD","1761832574","23477/2025-12-19/1761832574.json"
"510807","146155","2025-12-19","52.00","NZD","1761832574","23477/2025-12-19/1761832574.json"
"581513","221281","2025-12-23","38.00","NZD","1761832574","23477/2025-12-23/1761832574.json"
"581514","221282","2025-12-23","38.00","NZD","1761832574","23477/2025-12-23/1761832574.json"
"512557","146154","2025-12-23","45.00","NZD","1761832574","23477/2025-12-23/1761832574.json"
"365170","146153","2025-12-23","48.00","NZD","1761832574","23477/2025-12-23/1761832574.json"
"510807","146155","2025-12-23","52.00","NZD","1761832574","23477/2025-12-23/1761832574.json"
"581513","221281","2025-12-24","38.00","NZD","1761832574","23477/2025-12-24/1761832574.json"
"581514","221282","2025-12-24","38.00","NZD","1761832574","23477/2025-12-24/1761832574.json"
"512557","146154","2025-12-24","45.00","NZD","1761832574","23477/2025-12-24/1761832574.json"
"365170","146153","2025-12-24","48.00","NZD","1761832574","23477/2025-12-24/1761832574.json"
"510807","146155","2025-12-24","52.00","NZD","1761832574","23477/2025-12-24/1761832574.json"
"581513","221281","2025-12-26","42.00","NZD","1761832574","23477/2025-12-26/1761832574.json"
"581514","221282","2025-12-26","42.00","NZD","1761832574","23477/2025-12-26/1761832574.json"
"512557","146154","2025-12-26","45.00","NZD","1761832574","23477/2025-12-26/1761832574.json"
"365170","146153","2025-12-26","48.00","NZD","1761832574","23477/2025-12-26/1761832574.json"
"510807","146155","2025-12-26","52.00","NZD","1761832574","23477/2025-12-26/1761832574.json"
"581513","221281","2025-12-25","38.00","NZD","1761832574","23477/2025-12-25/1761832574.json"
"581514","221282","2025-12-25","38.00","NZD","1761832574","23477/2025-12-25/1761832574.json"
"512557","146154","2025-12-25","45.00","NZD","1761832574","23477/2025-12-25/1761832574.json"
"365170","146153","2025-12-25","48.00","NZD","1761832574","23477/2025-12-25/1761832574.json"
"510807","146155","2025-12-25","52.00","NZD","1761832574","23477/2025-12-25/1761832574.json"
"581513","221281","2025-12-28","42.00","NZD","1761832574","23477/2025-12-28/1761832574.json"
"581514","221282","2025-12-28","42.00","NZD","1761832574","23477/2025-12-28/1761832574.json"
"512557","146154","2025-12-28","45.00","NZD","1761832574","23477/2025-12-28/1761832574.json"
"365170","146153","2025-12-28","48.00","NZD","1761832574","23477/2025-12-28/1761832574.json"
"510807","146155","2025-12-28","52.00","NZD","1761832574","23477/2025-12-28/1761832574.json"
"581513","221281","2025-12-29","42.00","NZD","1761832574","23477/2025-12-29/1761832574.json"
"581514","221282","2025-12-29","42.00","NZD","1761832574","23477/2025-12-29/1761832574.json"
"512557","146154","2025-12-29","45.00","NZD","1761832574","23477/2025-12-29/1761832574.json"
"365170","146153","2025-12-29","48.00","NZD","1761832574","23477/2025-12-29/1761832574.json"
"510807","146155","2025-12-29","52.00","NZD","1761832574","23477/2025-12-29/1761832574.json"
"581513","221281","2025-12-27","42.00","NZD","1761832574","23477/2025-12-27/1761832574.json"
"581514","221282","2025-12-27","42.00","NZD","1761832574","23477/2025-12-27/1761832574.json"
"512557","146154","2025-12-27","45.00","NZD","1761832574","23477/2025-12-27/1761832574.json"
"365170","146153","2025-12-27","48.00","NZD","1761832574","23477/2025-12-27/1761832574.json"
"510807","146155","2025-12-27","52.00","NZD","1761832574","23477/2025-12-27/1761832574.json"
"581513","221281","2025-11-01","36.00","NZD","1761843973","23477/2025-11-01/1761843973.json"
"581514","221282","2025-11-01","36.00","NZD","1761843973","23477/2025-11-01/1761843973.json"
"512557","146154","2025-11-01","45.00","NZD","1761843973","23477/2025-11-01/1761843973.json"
"365170","146153","2025-11-01","48.00","NZD","1761843973","23477/2025-11-01/1761843973.json"
"510807","146155","2025-11-01","52.00","NZD","1761843973","23477/2025-11-01/1761843973.json"
"581513","221281","2025-10-31","36.00","NZD","1761843973","23477/2025-10-31/1761843973.json"
"581514","221282","2025-10-31","36.00","NZD","1761843973","23477/2025-10-31/1761843973.json"
"512557","146154","2025-10-31","45.00","NZD","1761843973","23477/2025-10-31/1761843973.json"
"365170","146153","2025-10-31","48.00","NZD","1761843973","23477/2025-10-31/1761843973.json"
"510807","146155","2025-10-31","52.00","NZD","1761843973","23477/2025-10-31/1761843973.json"
"581513","221281","2025-11-02","36.00","NZD","1761843973","23477/2025-11-02/1761843973.json"
"581514","221282","2025-11-02","36.00","NZD","1761843973","23477/2025-11-02/1761843973.json"
"512557","146154","2025-11-02","45.00","NZD","1761843973","23477/2025-11-02/1761843973.json"
"365170","146153","2025-11-02","48.00","NZD","1761843973","23477/2025-11-02/1761843973.json"
"510807","146155","2025-11-02","52.00","NZD","1761843973","23477/2025-11-02/1761843973.json"
"581513","221281","2025-11-03","36.00","NZD","1761843973","23477/2025-11-03/1761843973.json"
"581514","221282","2025-11-03","36.00","NZD","1761843973","23477/2025-11-03/1761843973.json"
"512557","146154","2025-11-03","45.00","NZD","1761843973","23477/2025-11-03/1761843973.json"
"365170","146153","2025-11-03","48.00","NZD","1761843973","23477/2025-11-03/1761843973.json"
"510807","146155","2025-11-03","52.00","NZD","1761843973","23477/2025-11-03/1761843973.json"
"581513","221281","2025-11-04","36.00","NZD","1761843973","23477/2025-11-04/1761843973.json"
"581514","221282","2025-11-04","36.00","NZD","1761843973","23477/2025-11-04/1761843973.json"
"512557","146154","2025-11-04","45.00","NZD","1761843973","23477/2025-11-04/1761843973.json"
"365170","146153","2025-11-04","48.00","NZD","1761843973","23477/2025-11-04/1761843973.json"
"510807","146155","2025-11-04","52.00","NZD","1761843973","23477/2025-11-04/1761843973.json"
"581513","221281","2025-11-07","36.00","NZD","1761843973","23477/2025-11-07/1761843973.json"
"581514","221282","2025-11-07","36.00","NZD","1761843973","23477/2025-11-07/1761843973.json"
"512557","146154","2025-11-07","45.00","NZD","1761843973","23477/2025-11-07/1761843973.json"
"365170","146153","2025-11-07","48.00","NZD","1761843973","23477/2025-11-07/1761843973.json"
"510807","146155","2025-11-07","52.00","NZD","1761843973","23477/2025-11-07/1761843973.json"
"581513","221281","2025-11-06","36.00","NZD","1761843973","23477/2025-11-06/1761843973.json"
"581514","221282","2025-11-06","36.00","NZD","1761843973","23477/2025-11-06/1761843973.json"
"512557","146154","2025-11-06","45.00","NZD","1761843973","23477/2025-11-06/1761843973.json"
"365170","146153","2025-11-06","48.00","NZD","1761843973","23477/2025-11-06/1761843973.json"
"510807","146155","2025-11-06","52.00","NZD","1761843973","23477/2025-11-06/1761843973.json"
"581513","221281","2025-11-05","36.00","NZD","1761843973","23477/2025-11-05/1761843973.json"
"581514","221282","2025-11-05","36.00","NZD","1761843973","23477/2025-11-05/1761843973.json"
"512557","146154","2025-11-05","45.00","NZD","1761843973","23477/2025-11-05/1761843973.json"
"365170","146153","2025-11-05","48.00","NZD","1761843973","23477/2025-11-05/1761843973.json"
"510807","146155","2025-11-05","52.00","NZD","1761843973","23477/2025-11-05/1761843973.json"
"581513","221281","2025-11-10","36.00","NZD","1761843973","23477/2025-11-10/1761843973.json"
"581514","221282","2025-11-10","36.00","NZD","1761843973","23477/2025-11-10/1761843973.json"
"512557","146154","2025-11-10","45.00","NZD","1761843973","23477/2025-11-10/1761843973.json"
"365170","146153","2025-11-10","48.00","NZD","1761843973","23477/2025-11-10/1761843973.json"
"510807","146155","2025-11-10","52.00","NZD","1761843973","23477/2025-11-10/1761843973.json"
"581513","221281","2025-11-11","36.00","NZD","1761843973","23477/2025-11-11/1761843973.json"
"581514","221282","2025-11-11","36.00","NZD","1761843973","23477/2025-11-11/1761843973.json"
"512557","146154","2025-11-11","45.00","NZD","1761843973","23477/2025-11-11/1761843973.json"
"365170","146153","2025-11-11","48.00","NZD","1761843973","23477/2025-11-11/1761843973.json"
"510807","146155","2025-11-11","52.00","NZD","1761843973","23477/2025-11-11/1761843973.json"
"581513","221281","2025-11-09","36.00","NZD","1761843973","23477/2025-11-09/1761843973.json"
"581514","221282","2025-11-09","36.00","NZD","1761843973","23477/2025-11-09/1761843973.json"
"512557","146154","2025-11-09","45.00","NZD","1761843973","23477/2025-11-09/1761843973.json"
"365170","146153","2025-11-09","48.00","NZD","1761843973","23477/2025-11-09/1761843973.json"
"510807","146155","2025-11-09","52.00","NZD","1761843973","23477/2025-11-09/1761843973.json"
"581513","221281","2025-11-08","36.00","NZD","1761843973","23477/2025-11-08/1761843973.json"
"581514","221282","2025-11-08","36.00","NZD","1761843973","23477/2025-11-08/1761843973.json"
"512557","146154","2025-11-08","45.00","NZD","1761843973","23477/2025-11-08/1761843973.json"
"365170","146153","2025-11-08","48.00","NZD","1761843973","23477/2025-11-08/1761843973.json"
"510807","146155","2025-11-08","52.00","NZD","1761843973","23477/2025-11-08/1761843973.json"
"581513","221281","2025-11-12","36.00","NZD","1761843973","23477/2025-11-12/1761843973.json"
"581514","221282","2025-11-12","36.00","NZD","1761843973","23477/2025-11-12/1761843973.json"
"512557","146154","2025-11-12","45.00","NZD","1761843973","23477/2025-11-12/1761843973.json"
"365170","146153","2025-11-12","48.00","NZD","1761843973","23477/2025-11-12/1761843973.json"
"510807","146155","2025-11-12","52.00","NZD","1761843973","23477/2025-11-12/1761843973.json"
"581513","221281","2025-11-13","36.00","NZD","1761843973","23477/2025-11-13/1761843973.json"
"581514","221282","2025-11-13","36.00","NZD","1761843973","23477/2025-11-13/1761843973.json"
"512557","146154","2025-11-13","45.00","NZD","1761843973","23477/2025-11-13/1761843973.json"
"365170","146153","2025-11-13","48.00","NZD","1761843973","23477/2025-11-13/1761843973.json"
"510807","146155","2025-11-13","52.00","NZD","1761843973","23477/2025-11-13/1761843973.json"
"581513","221281","2025-11-14","36.00","NZD","1761843973","23477/2025-11-14/1761843973.json"
"581514","221282","2025-11-14","36.00","NZD","1761843973","23477/2025-11-14/1761843973.json"
"512557","146154","2025-11-14","45.00","NZD","1761843973","23477/2025-11-14/1761843973.json"
"365170","146153","2025-11-14","48.00","NZD","1761843973","23477/2025-11-14/1761843973.json"
"510807","146155","2025-11-14","52.00","NZD","1761843973","23477/2025-11-14/1761843973.json"
"581513","221281","2025-11-15","36.00","NZD","1761843973","23477/2025-11-15/1761843973.json"
"581514","221282","2025-11-15","36.00","NZD","1761843973","23477/2025-11-15/1761843973.json"
"512557","146154","2025-11-15","45.00","NZD","1761843973","23477/2025-11-15/1761843973.json"
"365170","146153","2025-11-15","48.00","NZD","1761843973","23477/2025-11-15/1761843973.json"
"510807","146155","2025-11-15","52.00","NZD","1761843973","23477/2025-11-15/1761843973.json"
"581513","221281","2025-11-16","36.00","NZD","1761843973","23477/2025-11-16/1761843973.json"
"581514","221282","2025-11-16","36.00","NZD","1761843973","23477/2025-11-16/1761843973.json"
"512557","146154","2025-11-16","45.00","NZD","1761843973","23477/2025-11-16/1761843973.json"
"365170","146153","2025-11-16","48.00","NZD","1761843973","23477/2025-11-16/1761843973.json"
"510807","146155","2025-11-16","52.00","NZD","1761843973","23477/2025-11-16/1761843973.json"
"581513","221281","2025-11-18","36.00","NZD","1761843973","23477/2025-11-18/1761843973.json"
"581514","221282","2025-11-18","36.00","NZD","1761843973","23477/2025-11-18/1761843973.json"
"512557","146154","2025-11-18","45.00","NZD","1761843973","23477/2025-11-18/1761843973.json"
"365170","146153","2025-11-18","48.00","NZD","1761843973","23477/2025-11-18/1761843973.json"
"510807","146155","2025-11-18","52.00","NZD","1761843973","23477/2025-11-18/1761843973.json"
"581513","221281","2025-11-17","36.00","NZD","1761843973","23477/2025-11-17/1761843973.json"
"581514","221282","2025-11-17","36.00","NZD","1761843973","23477/2025-11-17/1761843973.json"
"512557","146154","2025-11-17","45.00","NZD","1761843973","23477/2025-11-17/1761843973.json"
"365170","146153","2025-11-17","48.00","NZD","1761843973","23477/2025-11-17/1761843973.json"
"510807","146155","2025-11-17","52.00","NZD","1761843973","23477/2025-11-17/1761843973.json"
"581513","221281","2025-11-19","36.00","NZD","1761843973","23477/2025-11-19/1761843973.json"
"581514","221282","2025-11-19","36.00","NZD","1761843973","23477/2025-11-19/1761843973.json"
"512557","146154","2025-11-19","45.00","NZD","1761843973","23477/2025-11-19/1761843973.json"
"365170","146153","2025-11-19","48.00","NZD","1761843973","23477/2025-11-19/1761843973.json"
"510807","146155","2025-11-19","52.00","NZD","1761843973","23477/2025-11-19/1761843973.json"
"581513","221281","2025-11-21","36.00","NZD","1761843973","23477/2025-11-21/1761843973.json"
"581514","221282","2025-11-21","36.00","NZD","1761843973","23477/2025-11-21/1761843973.json"
"512557","146154","2025-11-21","45.00","NZD","1761843973","23477/2025-11-21/1761843973.json"
"365170","146153","2025-11-21","48.00","NZD","1761843973","23477/2025-11-21/1761843973.json"
"510807","146155","2025-11-21","52.00","NZD","1761843973","23477/2025-11-21/1761843973.json"
"581513","221281","2025-11-22","36.00","NZD","1761843973","23477/2025-11-22/1761843973.json"
"581514","221282","2025-11-22","36.00","NZD","1761843973","23477/2025-11-22/1761843973.json"
"512557","146154","2025-11-22","45.00","NZD","1761843973","23477/2025-11-22/1761843973.json"
"365170","146153","2025-11-22","48.00","NZD","1761843973","23477/2025-11-22/1761843973.json"
"510807","146155","2025-11-22","52.00","NZD","1761843973","23477/2025-11-22/1761843973.json"
"581513","221281","2025-11-20","36.00","NZD","1761843973","23477/2025-11-20/1761843973.json"
"581514","221282","2025-11-20","36.00","NZD","1761843973","23477/2025-11-20/1761843973.json"
"512557","146154","2025-11-20","45.00","NZD","1761843973","23477/2025-11-20/1761843973.json"
"581513","221281","2025-11-23","36.00","NZD","1761843973","23477/2025-11-23/1761843973.json"
"581514","221282","2025-11-23","36.00","NZD","1761843973","23477/2025-11-23/1761843973.json"
"512557","146154","2025-11-23","45.00","NZD","1761843973","23477/2025-11-23/1761843973.json"
"365170","146153","2025-11-23","48.00","NZD","1761843973","23477/2025-11-23/1761843973.json"
"510807","146155","2025-11-23","52.00","NZD","1761843973","23477/2025-11-23/1761843973.json"
"581513","221281","2025-11-24","36.00","NZD","1761843973","23477/2025-11-24/1761843973.json"
"581514","221282","2025-11-24","36.00","NZD","1761843973","23477/2025-11-24/1761843973.json"
"512557","146154","2025-11-24","45.00","NZD","1761843973","23477/2025-11-24/1761843973.json"
"365170","146153","2025-11-24","48.00","NZD","1761843973","23477/2025-11-24/1761843973.json"
"510807","146155","2025-11-24","52.00","NZD","1761843973","23477/2025-11-24/1761843973.json"
"581513","221281","2025-11-26","36.00","NZD","1761843973","23477/2025-11-26/1761843973.json"
"581514","221282","2025-11-26","36.00","NZD","1761843973","23477/2025-11-26/1761843973.json"
"512557","146154","2025-11-26","45.00","NZD","1761843973","23477/2025-11-26/1761843973.json"
"365170","146153","2025-11-26","48.00","NZD","1761843973","23477/2025-11-26/1761843973.json"
"510807","146155","2025-11-26","52.00","NZD","1761843973","23477/2025-11-26/1761843973.json"
"581513","221281","2025-11-27","36.00","NZD","1761843973","23477/2025-11-27/1761843973.json"
"581514","221282","2025-11-27","36.00","NZD","1761843973","23477/2025-11-27/1761843973.json"
"512557","146154","2025-11-27","45.00","NZD","1761843973","23477/2025-11-27/1761843973.json"
"365170","146153","2025-11-27","48.00","NZD","1761843973","23477/2025-11-27/1761843973.json"
"510807","146155","2025-11-27","52.00","NZD","1761843973","23477/2025-11-27/1761843973.json"
"581513","221281","2025-11-25","36.00","NZD","1761843973","23477/2025-11-25/1761843973.json"
"581514","221282","2025-11-25","36.00","NZD","1761843973","23477/2025-11-25/1761843973.json"
"512557","146154","2025-11-25","45.00","NZD","1761843973","23477/2025-11-25/1761843973.json"
"365170","146153","2025-11-25","48.00","NZD","1761843973","23477/2025-11-25/1761843973.json"
"510807","146155","2025-11-25","52.00","NZD","1761843973","23477/2025-11-25/1761843973.json"
"581513","221281","2025-11-28","36.00","NZD","1761843973","23477/2025-11-28/1761843973.json"
"581514","221282","2025-11-28","36.00","NZD","1761843973","23477/2025-11-28/1761843973.json"
"512557","146154","2025-11-28","45.00","NZD","1761843973","23477/2025-11-28/1761843973.json"
"365170","146153","2025-11-28","48.00","NZD","1761843973","23477/2025-11-28/1761843973.json"
"510807","146155","2025-11-28","52.00","NZD","1761843973","23477/2025-11-28/1761843973.json"
"581513","221281","2025-12-01","36.00","NZD","1761843973","23477/2025-12-01/1761843973.json"
"581514","221282","2025-12-01","36.00","NZD","1761843973","23477/2025-12-01/1761843973.json"
"512557","146154","2025-12-01","45.00","NZD","1761843973","23477/2025-12-01/1761843973.json"
"365170","146153","2025-12-01","48.00","NZD","1761843973","23477/2025-12-01/1761843973.json"
"510807","146155","2025-12-01","52.00","NZD","1761843973","23477/2025-12-01/1761843973.json"
"581513","221281","2025-11-29","36.00","NZD","1761843973","23477/2025-11-29/1761843973.json"
"581514","221282","2025-11-29","36.00","NZD","1761843973","23477/2025-11-29/1761843973.json"
"512557","146154","2025-11-29","45.00","NZD","1761843973","23477/2025-11-29/1761843973.json"
"365170","146153","2025-11-29","48.00","NZD","1761843973","23477/2025-11-29/1761843973.json"
"510807","146155","2025-11-29","52.00","NZD","1761843973","23477/2025-11-29/1761843973.json"
"581513","221281","2025-11-30","36.00","NZD","1761843973","23477/2025-11-30/1761843973.json"
"581514","221282","2025-11-30","36.00","NZD","1761843973","23477/2025-11-30/1761843973.json"
"512557","146154","2025-11-30","45.00","NZD","1761843973","23477/2025-11-30/1761843973.json"
"365170","146153","2025-11-30","48.00","NZD","1761843973","23477/2025-11-30/1761843973.json"
"510807","146155","2025-11-30","52.00","NZD","1761843973","23477/2025-11-30/1761843973.json"
"581513","221281","2025-12-02","36.00","NZD","1761843973","23477/2025-12-02/1761843973.json"
"581514","221282","2025-12-02","36.00","NZD","1761843973","23477/2025-12-02/1761843973.json"
"512557","146154","2025-12-02","45.00","NZD","1761843973","23477/2025-12-02/1761843973.json"
"365170","146153","2025-12-02","48.00","NZD","1761843973","23477/2025-12-02/1761843973.json"
"510807","146155","2025-12-02","52.00","NZD","1761843973","23477/2025-12-02/1761843973.json"
"581513","221281","2025-12-03","36.00","NZD","1761843973","23477/2025-12-03/1761843973.json"
"581514","221282","2025-12-03","36.00","NZD","1761843973","23477/2025-12-03/1761843973.json"
"512557","146154","2025-12-03","45.00","NZD","1761843973","23477/2025-12-03/1761843973.json"
"365170","146153","2025-12-03","48.00","NZD","1761843973","23477/2025-12-03/1761843973.json"
"510807","146155","2025-12-03","52.00","NZD","1761843973","23477/2025-12-03/1761843973.json"
"581513","221281","2025-12-05","36.00","NZD","1761843973","23477/2025-12-05/1761843973.json"
"581514","221282","2025-12-05","36.00","NZD","1761843973","23477/2025-12-05/1761843973.json"
"512557","146154","2025-12-05","45.00","NZD","1761843973","23477/2025-12-05/1761843973.json"
"365170","146153","2025-12-05","48.00","NZD","1761843973","23477/2025-12-05/1761843973.json"
"510807","146155","2025-12-05","52.00","NZD","1761843973","23477/2025-12-05/1761843973.json"
"581513","221281","2025-12-04","36.00","NZD","1761843973","23477/2025-12-04/1761843973.json"
"581514","221282","2025-12-04","36.00","NZD","1761843973","23477/2025-12-04/1761843973.json"
"512557","146154","2025-12-04","45.00","NZD","1761843973","23477/2025-12-04/1761843973.json"
"365170","146153","2025-12-04","48.00","NZD","1761843973","23477/2025-12-04/1761843973.json"
"510807","146155","2025-12-04","52.00","NZD","1761843973","23477/2025-12-04/1761843973.json"
"581513","221281","2025-12-07","36.00","NZD","1761843973","23477/2025-12-07/1761843973.json"
"581514","221282","2025-12-07","36.00","NZD","1761843973","23477/2025-12-07/1761843973.json"
"512557","146154","2025-12-07","45.00","NZD","1761843973","23477/2025-12-07/1761843973.json"
"365170","146153","2025-12-07","48.00","NZD","1761843973","23477/2025-12-07/1761843973.json"
"510807","146155","2025-12-07","52.00","NZD","1761843973","23477/2025-12-07/1761843973.json"
"581513","221281","2025-12-06","36.00","NZD","1761843973","23477/2025-12-06/1761843973.json"
"581514","221282","2025-12-06","36.00","NZD","1761843973","23477/2025-12-06/1761843973.json"
"512557","146154","2025-12-06","45.00","NZD","1761843973","23477/2025-12-06/1761843973.json"
"365170","146153","2025-12-06","48.00","NZD","1761843973","23477/2025-12-06/1761843973.json"
"510807","146155","2025-12-06","52.00","NZD","1761843973","23477/2025-12-06/1761843973.json"
"581513","221281","2025-12-08","36.00","NZD","1761843973","23477/2025-12-08/1761843973.json"
"581514","221282","2025-12-08","36.00","NZD","1761843973","23477/2025-12-08/1761843973.json"
"512557","146154","2025-12-08","45.00","NZD","1761843973","23477/2025-12-08/1761843973.json"
"365170","146153","2025-12-08","48.00","NZD","1761843973","23477/2025-12-08/1761843973.json"
"510807","146155","2025-12-08","52.00","NZD","1761843973","23477/2025-12-08/1761843973.json"
"581513","221281","2025-12-09","36.00","NZD","1761843973","23477/2025-12-09/1761843973.json"
"581514","221282","2025-12-09","36.00","NZD","1761843973","23477/2025-12-09/1761843973.json"
"512557","146154","2025-12-09","45.00","NZD","1761843973","23477/2025-12-09/1761843973.json"
"365170","146153","2025-12-09","48.00","NZD","1761843973","23477/2025-12-09/1761843973.json"
"510807","146155","2025-12-09","52.00","NZD","1761843973","23477/2025-12-09/1761843973.json"
"581513","221281","2025-12-10","36.00","NZD","1761843973","23477/2025-12-10/1761843973.json"
"581514","221282","2025-12-10","36.00","NZD","1761843973","23477/2025-12-10/1761843973.json"
"512557","146154","2025-12-10","45.00","NZD","1761843973","23477/2025-12-10/1761843973.json"
"365170","146153","2025-12-10","48.00","NZD","1761843973","23477/2025-12-10/1761843973.json"
"510807","146155","2025-12-10","52.00","NZD","1761843973","23477/2025-12-10/1761843973.json"
"581513","221281","2025-12-11","36.00","NZD","1761843973","23477/2025-12-11/1761843973.json"
"581514","221282","2025-12-11","36.00","NZD","1761843973","23477/2025-12-11/1761843973.json"
"512557","146154","2025-12-11","45.00","NZD","1761843973","23477/2025-12-11/1761843973.json"
"365170","146153","2025-12-11","48.00","NZD","1761843973","23477/2025-12-11/1761843973.json"
"510807","146155","2025-12-11","52.00","NZD","1761843973","23477/2025-12-11/1761843973.json"
"581513","221281","2025-12-12","36.00","NZD","1761843973","23477/2025-12-12/1761843973.json"
"581514","221282","2025-12-12","36.00","NZD","1761843973","23477/2025-12-12/1761843973.json"
"512557","146154","2025-12-12","45.00","NZD","1761843973","23477/2025-12-12/1761843973.json"
"365170","146153","2025-12-12","48.00","NZD","1761843973","23477/2025-12-12/1761843973.json"
"510807","146155","2025-12-12","52.00","NZD","1761843973","23477/2025-12-12/1761843973.json"
"581513","221281","2025-12-13","36.00","NZD","1761843973","23477/2025-12-13/1761843973.json"
"581514","221282","2025-12-13","36.00","NZD","1761843973","23477/2025-12-13/1761843973.json"
"512557","146154","2025-12-13","45.00","NZD","1761843973","23477/2025-12-13/1761843973.json"
"365170","146153","2025-12-13","48.00","NZD","1761843973","23477/2025-12-13/1761843973.json"
"510807","146155","2025-12-13","52.00","NZD","1761843973","23477/2025-12-13/1761843973.json"
"581513","221281","2025-12-15","36.00","NZD","1761843973","23477/2025-12-15/1761843973.json"
"581514","221282","2025-12-15","36.00","NZD","1761843973","23477/2025-12-15/1761843973.json"
"512557","146154","2025-12-15","45.00","NZD","1761843973","23477/2025-12-15/1761843973.json"
"365170","146153","2025-12-15","48.00","NZD","1761843973","23477/2025-12-15/1761843973.json"
"510807","146155","2025-12-15","52.00","NZD","1761843973","23477/2025-12-15/1761843973.json"
"581513","221281","2025-12-16","36.00","NZD","1761843973","23477/2025-12-16/1761843973.json"
"581514","221282","2025-12-16","36.00","NZD","1761843973","23477/2025-12-16/1761843973.json"
"512557","146154","2025-12-16","45.00","NZD","1761843973","23477/2025-12-16/1761843973.json"
"365170","146153","2025-12-16","48.00","NZD","1761843973","23477/2025-12-16/1761843973.json"
"510807","146155","2025-12-16","52.00","NZD","1761843973","23477/2025-12-16/1761843973.json"
"581513","221281","2025-12-14","36.00","NZD","1761843973","23477/2025-12-14/1761843973.json"
"581514","221282","2025-12-14","36.00","NZD","1761843973","23477/2025-12-14/1761843973.json"
"512557","146154","2025-12-14","45.00","NZD","1761843973","23477/2025-12-14/1761843973.json"
"365170","146153","2025-12-14","48.00","NZD","1761843973","23477/2025-12-14/1761843973.json"
"510807","146155","2025-12-14","52.00","NZD","1761843973","23477/2025-12-14/1761843973.json"
"581513","221281","2025-12-17","36.00","NZD","1761843973","23477/2025-12-17/1761843973.json"
"581514","221282","2025-12-17","36.00","NZD","1761843973","23477/2025-12-17/1761843973.json"
"512557","146154","2025-12-17","45.00","NZD","1761843973","23477/2025-12-17/1761843973.json"
"365170","146153","2025-12-17","48.00","NZD","1761843973","23477/2025-12-17/1761843973.json"
"510807","146155","2025-12-17","52.00","NZD","1761843973","23477/2025-12-17/1761843973.json"
"581513","221281","2025-12-19","36.00","NZD","1761843973","23477/2025-12-19/1761843973.json"
"581514","221282","2025-12-19","36.00","NZD","1761843973","23477/2025-12-19/1761843973.json"
"512557","146154","2025-12-19","45.00","NZD","1761843973","23477/2025-12-19/1761843973.json"
"365170","146153","2025-12-19","48.00","NZD","1761843973","23477/2025-12-19/1761843973.json"
"510807","146155","2025-12-19","52.00","NZD","1761843973","23477/2025-12-19/1761843973.json"
"581513","221281","2025-12-18","36.00","NZD","1761843973","23477/2025-12-18/1761843973.json"
"581514","221282","2025-12-18","36.00","NZD","1761843973","23477/2025-12-18/1761843973.json"
"512557","146154","2025-12-18","45.00","NZD","1761843973","23477/2025-12-18/1761843973.json"
"365170","146153","2025-12-18","48.00","NZD","1761843973","23477/2025-12-18/1761843973.json"
"510807","146155","2025-12-18","52.00","NZD","1761843973","23477/2025-12-18/1761843973.json"
"581513","221281","2025-12-20","36.00","NZD","1761843973","23477/2025-12-20/1761843973.json"
"581514","221282","2025-12-20","36.00","NZD","1761843973","23477/2025-12-20/1761843973.json"
"512557","146154","2025-12-20","45.00","NZD","1761843973","23477/2025-12-20/1761843973.json"
"365170","146153","2025-12-20","48.00","NZD","1761843973","23477/2025-12-20/1761843973.json"
"510807","146155","2025-12-20","52.00","NZD","1761843973","23477/2025-12-20/1761843973.json"
"581513","221281","2025-12-24","38.00","NZD","1761843973","23477/2025-12-24/1761843973.json"
"581514","221282","2025-12-24","38.00","NZD","1761843973","23477/2025-12-24/1761843973.json"
"512557","146154","2025-12-24","45.00","NZD","1761843973","23477/2025-12-24/1761843973.json"
"365170","146153","2025-12-24","48.00","NZD","1761843973","23477/2025-12-24/1761843973.json"
"510807","146155","2025-12-24","52.00","NZD","1761843973","23477/2025-12-24/1761843973.json"
"581513","221281","2025-12-23","38.00","NZD","1761843973","23477/2025-12-23/1761843973.json"
"581514","221282","2025-12-23","38.00","NZD","1761843973","23477/2025-12-23/1761843973.json"
"512557","146154","2025-12-23","45.00","NZD","1761843973","23477/2025-12-23/1761843973.json"
"365170","146153","2025-12-23","48.00","NZD","1761843973","23477/2025-12-23/1761843973.json"
"510807","146155","2025-12-23","52.00","NZD","1761843973","23477/2025-12-23/1761843973.json"
"581513","221281","2025-12-21","36.00","NZD","1761843973","23477/2025-12-21/1761843973.json"
"581514","221282","2025-12-21","36.00","NZD","1761843973","23477/2025-12-21/1761843973.json"
"512557","146154","2025-12-21","45.00","NZD","1761843973","23477/2025-12-21/1761843973.json"
"365170","146153","2025-12-21","48.00","NZD","1761843973","23477/2025-12-21/1761843973.json"
"510807","146155","2025-12-21","52.00","NZD","1761843973","23477/2025-12-21/1761843973.json"
"581513","221281","2025-12-22","36.00","NZD","1761843973","23477/2025-12-22/1761843973.json"
"581514","221282","2025-12-22","36.00","NZD","1761843973","23477/2025-12-22/1761843973.json"
"512557","146154","2025-12-22","45.00","NZD","1761843973","23477/2025-12-22/1761843973.json"
"365170","146153","2025-12-22","48.00","NZD","1761843973","23477/2025-12-22/1761843973.json"
"510807","146155","2025-12-22","52.00","NZD","1761843973","23477/2025-12-22/1761843973.json"
"581513","221281","2025-12-27","42.00","NZD","1761843973","23477/2025-12-27/1761843973.json"
"581514","221282","2025-12-27","42.00","NZD","1761843973","23477/2025-12-27/1761843973.json"
"512557","146154","2025-12-27","45.00","NZD","1761843973","23477/2025-12-27/1761843973.json"
"365170","146153","2025-12-27","48.00","NZD","1761843973","23477/2025-12-27/1761843973.json"
"510807","146155","2025-12-27","52.00","NZD","1761843973","23477/2025-12-27/1761843973.json"
"581513","221281","2025-12-25","38.00","NZD","1761843973","23477/2025-12-25/1761843973.json"
"581514","221282","2025-12-25","38.00","NZD","1761843973","23477/2025-12-25/1761843973.json"
"512557","146154","2025-12-25","45.00","NZD","1761843973","23477/2025-12-25/1761843973.json"
"365170","146153","2025-12-25","48.00","NZD","1761843973","23477/2025-12-25/1761843973.json"
"510807","146155","2025-12-25","52.00","NZD","1761843973","23477/2025-12-25/1761843973.json"
"581513","221281","2025-12-26","42.00","NZD","1761843973","23477/2025-12-26/1761843973.json"
"581514","221282","2025-12-26","42.00","NZD","1761843973","23477/2025-12-26/1761843973.json"
"512557","146154","2025-12-26","45.00","NZD","1761843973","23477/2025-12-26/1761843973.json"
"365170","146153","2025-12-26","48.00","NZD","1761843973","23477/2025-12-26/1761843973.json"
"510807","146155","2025-12-26","52.00","NZD","1761843973","23477/2025-12-26/1761843973.json"
"581513","221281","2025-12-28","42.00","NZD","1761843973","23477/2025-12-28/1761843973.json"
"581514","221282","2025-12-28","42.00","NZD","1761843973","23477/2025-12-28/1761843973.json"
"512557","146154","2025-12-28","45.00","NZD","1761843973","23477/2025-12-28/1761843973.json"
"365170","146153","2025-12-28","48.00","NZD","1761843973","23477/2025-12-28/1761843973.json"
"510807","146155","2025-12-28","52.00","NZD","1761843973","23477/2025-12-28/1761843973.json"
"581513","221281","2025-12-29","42.00","NZD","1761843973","23477/2025-12-29/1761843973.json"
"581514","221282","2025-12-29","42.00","NZD","1761843973","23477/2025-12-29/1761843973.json"
"512557","146154","2025-12-29","45.00","NZD","1761843973","23477/2025-12-29/1761843973.json"
"365170","146153","2025-12-29","48.00","NZD","1761843973","23477/2025-12-29/1761843973.json"
"510807","146155","2025-12-29","52.00","NZD","1761843973","23477/2025-12-29/1761843973.json"
"581513","221281","2025-11-01","36.00","NZD","1761857585","23477/2025-11-01/1761857585.json"
"581514","221282","2025-11-01","36.00","NZD","1761857585","23477/2025-11-01/1761857585.json"
"512557","146154","2025-11-01","45.00","NZD","1761857585","23477/2025-11-01/1761857585.json"
"365170","146153","2025-11-01","48.00","NZD","1761857585","23477/2025-11-01/1761857585.json"
"510807","146155","2025-11-01","52.00","NZD","1761857585","23477/2025-11-01/1761857585.json"
"581513","221281","2025-10-31","36.00","NZD","1761857585","23477/2025-10-31/1761857585.json"
"581514","221282","2025-10-31","36.00","NZD","1761857585","23477/2025-10-31/1761857585.json"
"512557","146154","2025-10-31","45.00","NZD","1761857585","23477/2025-10-31/1761857585.json"
"365170","146153","2025-10-31","48.00","NZD","1761857585","23477/2025-10-31/1761857585.json"
"510807","146155","2025-10-31","52.00","NZD","1761857585","23477/2025-10-31/1761857585.json"
"581513","221281","2025-11-03","36.00","NZD","1761857585","23477/2025-11-03/1761857585.json"
"581514","221282","2025-11-03","36.00","NZD","1761857585","23477/2025-11-03/1761857585.json"
"512557","146154","2025-11-03","45.00","NZD","1761857585","23477/2025-11-03/1761857585.json"
"365170","146153","2025-11-03","48.00","NZD","1761857585","23477/2025-11-03/1761857585.json"
"510807","146155","2025-11-03","52.00","NZD","1761857585","23477/2025-11-03/1761857585.json"
"581513","221281","2025-11-02","36.00","NZD","1761857585","23477/2025-11-02/1761857585.json"
"581514","221282","2025-11-02","36.00","NZD","1761857585","23477/2025-11-02/1761857585.json"
"512557","146154","2025-11-02","45.00","NZD","1761857585","23477/2025-11-02/1761857585.json"
"365170","146153","2025-11-02","48.00","NZD","1761857585","23477/2025-11-02/1761857585.json"
"510807","146155","2025-11-02","52.00","NZD","1761857585","23477/2025-11-02/1761857585.json"
"581513","221281","2025-11-05","36.00","NZD","1761857585","23477/2025-11-05/1761857585.json"
"581514","221282","2025-11-05","36.00","NZD","1761857585","23477/2025-11-05/1761857585.json"
"512557","146154","2025-11-05","45.00","NZD","1761857585","23477/2025-11-05/1761857585.json"
"365170","146153","2025-11-05","48.00","NZD","1761857585","23477/2025-11-05/1761857585.json"
"510807","146155","2025-11-05","52.00","NZD","1761857585","23477/2025-11-05/1761857585.json"
"581513","221281","2025-11-06","36.00","NZD","1761857585","23477/2025-11-06/1761857585.json"
"581514","221282","2025-11-06","36.00","NZD","1761857585","23477/2025-11-06/1761857585.json"
"512557","146154","2025-11-06","45.00","NZD","1761857585","23477/2025-11-06/1761857585.json"
"365170","146153","2025-11-06","48.00","NZD","1761857585","23477/2025-11-06/1761857585.json"
"510807","146155","2025-11-06","52.00","NZD","1761857585","23477/2025-11-06/1761857585.json"
"581513","221281","2025-11-08","36.00","NZD","1761857585","23477/2025-11-08/1761857585.json"
"581514","221282","2025-11-08","36.00","NZD","1761857585","23477/2025-11-08/1761857585.json"
"512557","146154","2025-11-08","45.00","NZD","1761857585","23477/2025-11-08/1761857585.json"
"365170","146153","2025-11-08","48.00","NZD","1761857585","23477/2025-11-08/1761857585.json"
"510807","146155","2025-11-08","52.00","NZD","1761857585","23477/2025-11-08/1761857585.json"
"581513","221281","2025-11-07","36.00","NZD","1761857585","23477/2025-11-07/1761857585.json"
"581514","221282","2025-11-07","36.00","NZD","1761857585","23477/2025-11-07/1761857585.json"
"512557","146154","2025-11-07","45.00","NZD","1761857585","23477/2025-11-07/1761857585.json"
"365170","146153","2025-11-07","48.00","NZD","1761857585","23477/2025-11-07/1761857585.json"
"510807","146155","2025-11-07","52.00","NZD","1761857585","23477/2025-11-07/1761857585.json"
"581513","221281","2025-11-09","36.00","NZD","1761857585","23477/2025-11-09/1761857585.json"
"581514","221282","2025-11-09","36.00","NZD","1761857585","23477/2025-11-09/1761857585.json"
"512557","146154","2025-11-09","45.00","NZD","1761857585","23477/2025-11-09/1761857585.json"
"365170","146153","2025-11-09","48.00","NZD","1761857585","23477/2025-11-09/1761857585.json"
"510807","146155","2025-11-09","52.00","NZD","1761857585","23477/2025-11-09/1761857585.json"
"581513","221281","2025-11-10","36.00","NZD","1761857585","23477/2025-11-10/1761857585.json"
"581514","221282","2025-11-10","36.00","NZD","1761857585","23477/2025-11-10/1761857585.json"
"512557","146154","2025-11-10","45.00","NZD","1761857585","23477/2025-11-10/1761857585.json"
"365170","146153","2025-11-10","48.00","NZD","1761857585","23477/2025-11-10/1761857585.json"
"510807","146155","2025-11-10","52.00","NZD","1761857585","23477/2025-11-10/1761857585.json"
"581513","221281","2025-11-11","36.00","NZD","1761857585","23477/2025-11-11/1761857585.json"
"581514","221282","2025-11-11","36.00","NZD","1761857585","23477/2025-11-11/1761857585.json"
"512557","146154","2025-11-11","45.00","NZD","1761857585","23477/2025-11-11/1761857585.json"
"365170","146153","2025-11-11","48.00","NZD","1761857585","23477/2025-11-11/1761857585.json"
"510807","146155","2025-11-11","52.00","NZD","1761857585","23477/2025-11-11/1761857585.json"
"581513","221281","2025-11-12","36.00","NZD","1761857585","23477/2025-11-12/1761857585.json"
"581514","221282","2025-11-12","36.00","NZD","1761857585","23477/2025-11-12/1761857585.json"
"512557","146154","2025-11-12","45.00","NZD","1761857585","23477/2025-11-12/1761857585.json"
"365170","146153","2025-11-12","48.00","NZD","1761857585","23477/2025-11-12/1761857585.json"
"510807","146155","2025-11-12","52.00","NZD","1761857585","23477/2025-11-12/1761857585.json"
"581513","221281","2025-11-13","36.00","NZD","1761857585","23477/2025-11-13/1761857585.json"
"581514","221282","2025-11-13","36.00","NZD","1761857585","23477/2025-11-13/1761857585.json"
"512557","146154","2025-11-13","45.00","NZD","1761857585","23477/2025-11-13/1761857585.json"
"365170","146153","2025-11-13","48.00","NZD","1761857585","23477/2025-11-13/1761857585.json"
"510807","146155","2025-11-13","52.00","NZD","1761857585","23477/2025-11-13/1761857585.json"
"581513","221281","2025-11-14","36.00","NZD","1761857585","23477/2025-11-14/1761857585.json"
"581514","221282","2025-11-14","36.00","NZD","1761857585","23477/2025-11-14/1761857585.json"
"512557","146154","2025-11-14","45.00","NZD","1761857585","23477/2025-11-14/1761857585.json"
"365170","146153","2025-11-14","48.00","NZD","1761857585","23477/2025-11-14/1761857585.json"
"510807","146155","2025-11-14","52.00","NZD","1761857585","23477/2025-11-14/1761857585.json"
"581513","221281","2025-11-15","36.00","NZD","1761857585","23477/2025-11-15/1761857585.json"
"581514","221282","2025-11-15","36.00","NZD","1761857585","23477/2025-11-15/1761857585.json"
"512557","146154","2025-11-15","45.00","NZD","1761857585","23477/2025-11-15/1761857585.json"
"365170","146153","2025-11-15","48.00","NZD","1761857585","23477/2025-11-15/1761857585.json"
"510807","146155","2025-11-15","52.00","NZD","1761857585","23477/2025-11-15/1761857585.json"
"581513","221281","2025-11-17","36.00","NZD","1761857585","23477/2025-11-17/1761857585.json"
"581514","221282","2025-11-17","36.00","NZD","1761857585","23477/2025-11-17/1761857585.json"
"512557","146154","2025-11-17","45.00","NZD","1761857585","23477/2025-11-17/1761857585.json"
"365170","146153","2025-11-17","48.00","NZD","1761857585","23477/2025-11-17/1761857585.json"
"510807","146155","2025-11-17","52.00","NZD","1761857585","23477/2025-11-17/1761857585.json"
"581513","221281","2025-11-16","36.00","NZD","1761857585","23477/2025-11-16/1761857585.json"
"581514","221282","2025-11-16","36.00","NZD","1761857585","23477/2025-11-16/1761857585.json"
"512557","146154","2025-11-16","45.00","NZD","1761857585","23477/2025-11-16/1761857585.json"
"365170","146153","2025-11-16","48.00","NZD","1761857585","23477/2025-11-16/1761857585.json"
"510807","146155","2025-11-16","52.00","NZD","1761857585","23477/2025-11-16/1761857585.json"
"581513","221281","2025-11-19","36.00","NZD","1761857585","23477/2025-11-19/1761857585.json"
"581514","221282","2025-11-19","36.00","NZD","1761857585","23477/2025-11-19/1761857585.json"
"512557","146154","2025-11-19","45.00","NZD","1761857585","23477/2025-11-19/1761857585.json"
"365170","146153","2025-11-19","48.00","NZD","1761857585","23477/2025-11-19/1761857585.json"
"510807","146155","2025-11-19","52.00","NZD","1761857585","23477/2025-11-19/1761857585.json"
"581513","221281","2025-11-20","36.00","NZD","1761857585","23477/2025-11-20/1761857585.json"
"581514","221282","2025-11-20","36.00","NZD","1761857585","23477/2025-11-20/1761857585.json"
"512557","146154","2025-11-20","45.00","NZD","1761857585","23477/2025-11-20/1761857585.json"
"581513","221281","2025-11-04","36.00","NZD","1761857585","23477/2025-11-04/1761857585.json"
"581514","221282","2025-11-04","36.00","NZD","1761857585","23477/2025-11-04/1761857585.json"
"512557","146154","2025-11-04","45.00","NZD","1761857585","23477/2025-11-04/1761857585.json"
"365170","146153","2025-11-04","48.00","NZD","1761857585","23477/2025-11-04/1761857585.json"
"510807","146155","2025-11-04","52.00","NZD","1761857585","23477/2025-11-04/1761857585.json"
"581513","221281","2025-11-18","36.00","NZD","1761857585","23477/2025-11-18/1761857585.json"
"581514","221282","2025-11-18","36.00","NZD","1761857585","23477/2025-11-18/1761857585.json"
"512557","146154","2025-11-18","45.00","NZD","1761857585","23477/2025-11-18/1761857585.json"
"365170","146153","2025-11-18","48.00","NZD","1761857585","23477/2025-11-18/1761857585.json"
"510807","146155","2025-11-18","52.00","NZD","1761857585","23477/2025-11-18/1761857585.json"
"581513","221281","2025-11-22","36.00","NZD","1761857585","23477/2025-11-22/1761857585.json"
"581514","221282","2025-11-22","36.00","NZD","1761857585","23477/2025-11-22/1761857585.json"
"512557","146154","2025-11-22","45.00","NZD","1761857585","23477/2025-11-22/1761857585.json"
"365170","146153","2025-11-22","48.00","NZD","1761857585","23477/2025-11-22/1761857585.json"
"510807","146155","2025-11-22","52.00","NZD","1761857585","23477/2025-11-22/1761857585.json"
"581513","221281","2025-11-23","36.00","NZD","1761857585","23477/2025-11-23/1761857585.json"
"581514","221282","2025-11-23","36.00","NZD","1761857585","23477/2025-11-23/1761857585.json"
"512557","146154","2025-11-23","45.00","NZD","1761857585","23477/2025-11-23/1761857585.json"
"365170","146153","2025-11-23","48.00","NZD","1761857585","23477/2025-11-23/1761857585.json"
"510807","146155","2025-11-23","52.00","NZD","1761857585","23477/2025-11-23/1761857585.json"
"581513","221281","2025-11-24","36.00","NZD","1761857585","23477/2025-11-24/1761857585.json"
"581514","221282","2025-11-24","36.00","NZD","1761857585","23477/2025-11-24/1761857585.json"
"512557","146154","2025-11-24","45.00","NZD","1761857585","23477/2025-11-24/1761857585.json"
"365170","146153","2025-11-24","48.00","NZD","1761857585","23477/2025-11-24/1761857585.json"
"510807","146155","2025-11-24","52.00","NZD","1761857585","23477/2025-11-24/1761857585.json"
"581513","221281","2025-11-21","36.00","NZD","1761857585","23477/2025-11-21/1761857585.json"
"581514","221282","2025-11-21","36.00","NZD","1761857585","23477/2025-11-21/1761857585.json"
"512557","146154","2025-11-21","45.00","NZD","1761857585","23477/2025-11-21/1761857585.json"
"365170","146153","2025-11-21","48.00","NZD","1761857585","23477/2025-11-21/1761857585.json"
"510807","146155","2025-11-21","52.00","NZD","1761857585","23477/2025-11-21/1761857585.json"
"581513","221281","2025-11-25","36.00","NZD","1761857585","23477/2025-11-25/1761857585.json"
"581514","221282","2025-11-25","36.00","NZD","1761857585","23477/2025-11-25/1761857585.json"
"512557","146154","2025-11-25","45.00","NZD","1761857585","23477/2025-11-25/1761857585.json"
"365170","146153","2025-11-25","48.00","NZD","1761857585","23477/2025-11-25/1761857585.json"
"510807","146155","2025-11-25","52.00","NZD","1761857585","23477/2025-11-25/1761857585.json"
"581513","221281","2025-11-26","36.00","NZD","1761857585","23477/2025-11-26/1761857585.json"
"581514","221282","2025-11-26","36.00","NZD","1761857585","23477/2025-11-26/1761857585.json"
"512557","146154","2025-11-26","45.00","NZD","1761857585","23477/2025-11-26/1761857585.json"
"365170","146153","2025-11-26","48.00","NZD","1761857585","23477/2025-11-26/1761857585.json"
"510807","146155","2025-11-26","52.00","NZD","1761857585","23477/2025-11-26/1761857585.json"
"581513","221281","2025-11-27","36.00","NZD","1761857585","23477/2025-11-27/1761857585.json"
"581514","221282","2025-11-27","36.00","NZD","1761857585","23477/2025-11-27/1761857585.json"
"512557","146154","2025-11-27","45.00","NZD","1761857585","23477/2025-11-27/1761857585.json"
"365170","146153","2025-11-27","48.00","NZD","1761857585","23477/2025-11-27/1761857585.json"
"510807","146155","2025-11-27","52.00","NZD","1761857585","23477/2025-11-27/1761857585.json"
"581513","221281","2025-11-29","36.00","NZD","1761857585","23477/2025-11-29/1761857585.json"
"581514","221282","2025-11-29","36.00","NZD","1761857585","23477/2025-11-29/1761857585.json"
"512557","146154","2025-11-29","45.00","NZD","1761857585","23477/2025-11-29/1761857585.json"
"365170","146153","2025-11-29","48.00","NZD","1761857585","23477/2025-11-29/1761857585.json"
"510807","146155","2025-11-29","52.00","NZD","1761857585","23477/2025-11-29/1761857585.json"
"581513","221281","2025-11-28","36.00","NZD","1761857585","23477/2025-11-28/1761857585.json"
"581514","221282","2025-11-28","36.00","NZD","1761857585","23477/2025-11-28/1761857585.json"
"512557","146154","2025-11-28","45.00","NZD","1761857585","23477/2025-11-28/1761857585.json"
"365170","146153","2025-11-28","48.00","NZD","1761857585","23477/2025-11-28/1761857585.json"
"510807","146155","2025-11-28","52.00","NZD","1761857585","23477/2025-11-28/1761857585.json"
"581513","221281","2025-11-30","36.00","NZD","1761857585","23477/2025-11-30/1761857585.json"
"581514","221282","2025-11-30","36.00","NZD","1761857585","23477/2025-11-30/1761857585.json"
"512557","146154","2025-11-30","45.00","NZD","1761857585","23477/2025-11-30/1761857585.json"
"365170","146153","2025-11-30","48.00","NZD","1761857585","23477/2025-11-30/1761857585.json"
"510807","146155","2025-11-30","52.00","NZD","1761857585","23477/2025-11-30/1761857585.json"
"581513","221281","2025-12-02","36.00","NZD","1761857585","23477/2025-12-02/1761857585.json"
"581514","221282","2025-12-02","36.00","NZD","1761857585","23477/2025-12-02/1761857585.json"
"512557","146154","2025-12-02","45.00","NZD","1761857585","23477/2025-12-02/1761857585.json"
"365170","146153","2025-12-02","48.00","NZD","1761857585","23477/2025-12-02/1761857585.json"
"510807","146155","2025-12-02","52.00","NZD","1761857585","23477/2025-12-02/1761857585.json"
"581513","221281","2025-12-01","36.00","NZD","1761857585","23477/2025-12-01/1761857585.json"
"581514","221282","2025-12-01","36.00","NZD","1761857585","23477/2025-12-01/1761857585.json"
"512557","146154","2025-12-01","45.00","NZD","1761857585","23477/2025-12-01/1761857585.json"
"365170","146153","2025-12-01","48.00","NZD","1761857585","23477/2025-12-01/1761857585.json"
"510807","146155","2025-12-01","52.00","NZD","1761857585","23477/2025-12-01/1761857585.json"
"581513","221281","2025-12-03","36.00","NZD","1761857585","23477/2025-12-03/1761857585.json"
"581514","221282","2025-12-03","36.00","NZD","1761857585","23477/2025-12-03/1761857585.json"
"512557","146154","2025-12-03","45.00","NZD","1761857585","23477/2025-12-03/1761857585.json"
"365170","146153","2025-12-03","48.00","NZD","1761857585","23477/2025-12-03/1761857585.json"
"510807","146155","2025-12-03","52.00","NZD","1761857585","23477/2025-12-03/1761857585.json"
"581513","221281","2025-12-04","36.00","NZD","1761857585","23477/2025-12-04/1761857585.json"
"581514","221282","2025-12-04","36.00","NZD","1761857585","23477/2025-12-04/1761857585.json"
"512557","146154","2025-12-04","45.00","NZD","1761857585","23477/2025-12-04/1761857585.json"
"365170","146153","2025-12-04","48.00","NZD","1761857585","23477/2025-12-04/1761857585.json"
"510807","146155","2025-12-04","52.00","NZD","1761857585","23477/2025-12-04/1761857585.json"
"581513","221281","2025-12-05","36.00","NZD","1761857585","23477/2025-12-05/1761857585.json"
"581514","221282","2025-12-05","36.00","NZD","1761857585","23477/2025-12-05/1761857585.json"
"512557","146154","2025-12-05","45.00","NZD","1761857585","23477/2025-12-05/1761857585.json"
"365170","146153","2025-12-05","48.00","NZD","1761857585","23477/2025-12-05/1761857585.json"
"510807","146155","2025-12-05","52.00","NZD","1761857585","23477/2025-12-05/1761857585.json"
"581513","221281","2025-12-06","36.00","NZD","1761857585","23477/2025-12-06/1761857585.json"
"581514","221282","2025-12-06","36.00","NZD","1761857585","23477/2025-12-06/1761857585.json"
"512557","146154","2025-12-06","45.00","NZD","1761857585","23477/2025-12-06/1761857585.json"
"365170","146153","2025-12-06","48.00","NZD","1761857585","23477/2025-12-06/1761857585.json"
"510807","146155","2025-12-06","52.00","NZD","1761857585","23477/2025-12-06/1761857585.json"
"581513","221281","2025-12-07","36.00","NZD","1761857585","23477/2025-12-07/1761857585.json"
"581514","221282","2025-12-07","36.00","NZD","1761857585","23477/2025-12-07/1761857585.json"
"512557","146154","2025-12-07","45.00","NZD","1761857585","23477/2025-12-07/1761857585.json"
"365170","146153","2025-12-07","48.00","NZD","1761857585","23477/2025-12-07/1761857585.json"
"510807","146155","2025-12-07","52.00","NZD","1761857585","23477/2025-12-07/1761857585.json"
"581513","221281","2025-12-08","36.00","NZD","1761857585","23477/2025-12-08/1761857585.json"
"581514","221282","2025-12-08","36.00","NZD","1761857585","23477/2025-12-08/1761857585.json"
"512557","146154","2025-12-08","45.00","NZD","1761857585","23477/2025-12-08/1761857585.json"
"365170","146153","2025-12-08","48.00","NZD","1761857585","23477/2025-12-08/1761857585.json"
"510807","146155","2025-12-08","52.00","NZD","1761857585","23477/2025-12-08/1761857585.json"
"581513","221281","2025-12-09","36.00","NZD","1761857585","23477/2025-12-09/1761857585.json"
"581514","221282","2025-12-09","36.00","NZD","1761857585","23477/2025-12-09/1761857585.json"
"512557","146154","2025-12-09","45.00","NZD","1761857585","23477/2025-12-09/1761857585.json"
"365170","146153","2025-12-09","48.00","NZD","1761857585","23477/2025-12-09/1761857585.json"
"510807","146155","2025-12-09","52.00","NZD","1761857585","23477/2025-12-09/1761857585.json"
"581513","221281","2025-12-11","36.00","NZD","1761857585","23477/2025-12-11/1761857585.json"
"581514","221282","2025-12-11","36.00","NZD","1761857585","23477/2025-12-11/1761857585.json"
"512557","146154","2025-12-11","45.00","NZD","1761857585","23477/2025-12-11/1761857585.json"
"365170","146153","2025-12-11","48.00","NZD","1761857585","23477/2025-12-11/1761857585.json"
"510807","146155","2025-12-11","52.00","NZD","1761857585","23477/2025-12-11/1761857585.json"
"581513","221281","2025-12-12","36.00","NZD","1761857585","23477/2025-12-12/1761857585.json"
"581514","221282","2025-12-12","36.00","NZD","1761857585","23477/2025-12-12/1761857585.json"
"512557","146154","2025-12-12","45.00","NZD","1761857585","23477/2025-12-12/1761857585.json"
"365170","146153","2025-12-12","48.00","NZD","1761857585","23477/2025-12-12/1761857585.json"
"510807","146155","2025-12-12","52.00","NZD","1761857585","23477/2025-12-12/1761857585.json"
"581513","221281","2025-12-10","36.00","NZD","1761857585","23477/2025-12-10/1761857585.json"
"581514","221282","2025-12-10","36.00","NZD","1761857585","23477/2025-12-10/1761857585.json"
"512557","146154","2025-12-10","45.00","NZD","1761857585","23477/2025-12-10/1761857585.json"
"365170","146153","2025-12-10","48.00","NZD","1761857585","23477/2025-12-10/1761857585.json"
"510807","146155","2025-12-10","52.00","NZD","1761857585","23477/2025-12-10/1761857585.json"
"581513","221281","2025-12-13","36.00","NZD","1761857585","23477/2025-12-13/1761857585.json"
"581514","221282","2025-12-13","36.00","NZD","1761857585","23477/2025-12-13/1761857585.json"
"512557","146154","2025-12-13","45.00","NZD","1761857585","23477/2025-12-13/1761857585.json"
"365170","146153","2025-12-13","48.00","NZD","1761857585","23477/2025-12-13/1761857585.json"
"510807","146155","2025-12-13","52.00","NZD","1761857585","23477/2025-12-13/1761857585.json"
"581513","221281","2025-12-14","36.00","NZD","1761857585","23477/2025-12-14/1761857585.json"
"581514","221282","2025-12-14","36.00","NZD","1761857585","23477/2025-12-14/1761857585.json"
"512557","146154","2025-12-14","45.00","NZD","1761857585","23477/2025-12-14/1761857585.json"
"365170","146153","2025-12-14","48.00","NZD","1761857585","23477/2025-12-14/1761857585.json"
"510807","146155","2025-12-14","52.00","NZD","1761857585","23477/2025-12-14/1761857585.json"
"581513","221281","2025-12-15","36.00","NZD","1761857585","23477/2025-12-15/1761857585.json"
"581514","221282","2025-12-15","36.00","NZD","1761857585","23477/2025-12-15/1761857585.json"
"512557","146154","2025-12-15","45.00","NZD","1761857585","23477/2025-12-15/1761857585.json"
"365170","146153","2025-12-15","48.00","NZD","1761857585","23477/2025-12-15/1761857585.json"
"510807","146155","2025-12-15","52.00","NZD","1761857585","23477/2025-12-15/1761857585.json"
"581513","221281","2025-12-16","36.00","NZD","1761857585","23477/2025-12-16/1761857585.json"
"581514","221282","2025-12-16","36.00","NZD","1761857585","23477/2025-12-16/1761857585.json"
"512557","146154","2025-12-16","45.00","NZD","1761857585","23477/2025-12-16/1761857585.json"
"365170","146153","2025-12-16","48.00","NZD","1761857585","23477/2025-12-16/1761857585.json"
"510807","146155","2025-12-16","52.00","NZD","1761857585","23477/2025-12-16/1761857585.json"
"581513","221281","2025-12-17","36.00","NZD","1761857585","23477/2025-12-17/1761857585.json"
"581514","221282","2025-12-17","36.00","NZD","1761857585","23477/2025-12-17/1761857585.json"
"512557","146154","2025-12-17","45.00","NZD","1761857585","23477/2025-12-17/1761857585.json"
"365170","146153","2025-12-17","48.00","NZD","1761857585","23477/2025-12-17/1761857585.json"
"510807","146155","2025-12-17","52.00","NZD","1761857585","23477/2025-12-17/1761857585.json"
"581513","221281","2025-12-18","36.00","NZD","1761857585","23477/2025-12-18/1761857585.json"
"581514","221282","2025-12-18","36.00","NZD","1761857585","23477/2025-12-18/1761857585.json"
"512557","146154","2025-12-18","45.00","NZD","1761857585","23477/2025-12-18/1761857585.json"
"365170","146153","2025-12-18","48.00","NZD","1761857585","23477/2025-12-18/1761857585.json"
"510807","146155","2025-12-18","52.00","NZD","1761857585","23477/2025-12-18/1761857585.json"
"581513","221281","2025-12-19","36.00","NZD","1761857585","23477/2025-12-19/1761857585.json"
"581514","221282","2025-12-19","36.00","NZD","1761857585","23477/2025-12-19/1761857585.json"
"512557","146154","2025-12-19","45.00","NZD","1761857585","23477/2025-12-19/1761857585.json"
"365170","146153","2025-12-19","48.00","NZD","1761857585","23477/2025-12-19/1761857585.json"
"510807","146155","2025-12-19","52.00","NZD","1761857585","23477/2025-12-19/1761857585.json"
"581513","221281","2025-12-20","36.00","NZD","1761857585","23477/2025-12-20/1761857585.json"
"581514","221282","2025-12-20","36.00","NZD","1761857585","23477/2025-12-20/1761857585.json"
"512557","146154","2025-12-20","45.00","NZD","1761857585","23477/2025-12-20/1761857585.json"
"365170","146153","2025-12-20","48.00","NZD","1761857585","23477/2025-12-20/1761857585.json"
"510807","146155","2025-12-20","52.00","NZD","1761857585","23477/2025-12-20/1761857585.json"
"581513","221281","2025-12-21","36.00","NZD","1761857585","23477/2025-12-21/1761857585.json"
"581514","221282","2025-12-21","36.00","NZD","1761857585","23477/2025-12-21/1761857585.json"
"512557","146154","2025-12-21","45.00","NZD","1761857585","23477/2025-12-21/1761857585.json"
"365170","146153","2025-12-21","48.00","NZD","1761857585","23477/2025-12-21/1761857585.json"
"510807","146155","2025-12-21","52.00","NZD","1761857585","23477/2025-12-21/1761857585.json"
"581513","221281","2025-12-22","36.00","NZD","1761857585","23477/2025-12-22/1761857585.json"
"581514","221282","2025-12-22","36.00","NZD","1761857585","23477/2025-12-22/1761857585.json"
"512557","146154","2025-12-22","45.00","NZD","1761857585","23477/2025-12-22/1761857585.json"
"365170","146153","2025-12-22","48.00","NZD","1761857585","23477/2025-12-22/1761857585.json"
"510807","146155","2025-12-22","52.00","NZD","1761857585","23477/2025-12-22/1761857585.json"
"581513","221281","2025-12-23","38.00","NZD","1761857585","23477/2025-12-23/1761857585.json"
"581514","221282","2025-12-23","38.00","NZD","1761857585","23477/2025-12-23/1761857585.json"
"512557","146154","2025-12-23","45.00","NZD","1761857585","23477/2025-12-23/1761857585.json"
"365170","146153","2025-12-23","48.00","NZD","1761857585","23477/2025-12-23/1761857585.json"
"510807","146155","2025-12-23","52.00","NZD","1761857585","23477/2025-12-23/1761857585.json"
"581513","221281","2025-12-25","38.00","NZD","1761857585","23477/2025-12-25/1761857585.json"
"581514","221282","2025-12-25","38.00","NZD","1761857585","23477/2025-12-25/1761857585.json"
"512557","146154","2025-12-25","45.00","NZD","1761857585","23477/2025-12-25/1761857585.json"
"365170","146153","2025-12-25","48.00","NZD","1761857585","23477/2025-12-25/1761857585.json"
"510807","146155","2025-12-25","52.00","NZD","1761857585","23477/2025-12-25/1761857585.json"
"581513","221281","2025-12-24","38.00","NZD","1761857585","23477/2025-12-24/1761857585.json"
"581514","221282","2025-12-24","38.00","NZD","1761857585","23477/2025-12-24/1761857585.json"
"512557","146154","2025-12-24","45.00","NZD","1761857585","23477/2025-12-24/1761857585.json"
"365170","146153","2025-12-24","48.00","NZD","1761857585","23477/2025-12-24/1761857585.json"
"510807","146155","2025-12-24","52.00","NZD","1761857585","23477/2025-12-24/1761857585.json"
"581513","221281","2025-12-26","42.00","NZD","1761857585","23477/2025-12-26/1761857585.json"
"581514","221282","2025-12-26","42.00","NZD","1761857585","23477/2025-12-26/1761857585.json"
"512557","146154","2025-12-26","45.00","NZD","1761857585","23477/2025-12-26/1761857585.json"
"365170","146153","2025-12-26","48.00","NZD","1761857585","23477/2025-12-26/1761857585.json"
"510807","146155","2025-12-26","52.00","NZD","1761857585","23477/2025-12-26/1761857585.json"
"581513","221281","2025-12-27","42.00","NZD","1761857585","23477/2025-12-27/1761857585.json"
"581514","221282","2025-12-27","42.00","NZD","1761857585","23477/2025-12-27/1761857585.json"
"512557","146154","2025-12-27","45.00","NZD","1761857585","23477/2025-12-27/1761857585.json"
"365170","146153","2025-12-27","48.00","NZD","1761857585","23477/2025-12-27/1761857585.json"
"510807","146155","2025-12-27","52.00","NZD","1761857585","23477/2025-12-27/1761857585.json"
"581513","221281","2025-12-28","42.00","NZD","1761857585","23477/2025-12-28/1761857585.json"
"581514","221282","2025-12-28","42.00","NZD","1761857585","23477/2025-12-28/1761857585.json"
"512557","146154","2025-12-28","45.00","NZD","1761857585","23477/2025-12-28/1761857585.json"
"365170","146153","2025-12-28","48.00","NZD","1761857585","23477/2025-12-28/1761857585.json"
"510807","146155","2025-12-28","52.00","NZD","1761857585","23477/2025-12-28/1761857585.json"
"581513","221281","2025-12-29","42.00","NZD","1761857585","23477/2025-12-29/1761857585.json"
"581514","221282","2025-12-29","42.00","NZD","1761857585","23477/2025-12-29/1761857585.json"
"512557","146154","2025-12-29","45.00","NZD","1761857585","23477/2025-12-29/1761857585.json"
"365170","146153","2025-12-29","48.00","NZD","1761857585","23477/2025-12-29/1761857585.json"
"510807","146155","2025-12-29","52.00","NZD","1761857585","23477/2025-12-29/1761857585.json"
"581513","221281","2025-10-31","36.00","NZD","1761882448","23477/2025-10-31/1761882448.json"
"581514","221282","2025-10-31","36.00","NZD","1761882448","23477/2025-10-31/1761882448.json"
"512557","146154","2025-10-31","45.00","NZD","1761882448","23477/2025-10-31/1761882448.json"
"365170","146153","2025-10-31","48.00","NZD","1761882448","23477/2025-10-31/1761882448.json"
"510807","146155","2025-10-31","52.00","NZD","1761882448","23477/2025-10-31/1761882448.json"
"581513","221281","2025-11-03","36.00","NZD","1761882448","23477/2025-11-03/1761882448.json"
"581514","221282","2025-11-03","36.00","NZD","1761882448","23477/2025-11-03/1761882448.json"
"512557","146154","2025-11-03","45.00","NZD","1761882448","23477/2025-11-03/1761882448.json"
"365170","146153","2025-11-03","48.00","NZD","1761882448","23477/2025-11-03/1761882448.json"
"510807","146155","2025-11-03","52.00","NZD","1761882448","23477/2025-11-03/1761882448.json"
"581513","221281","2025-11-02","36.00","NZD","1761882448","23477/2025-11-02/1761882448.json"
"581514","221282","2025-11-02","36.00","NZD","1761882448","23477/2025-11-02/1761882448.json"
"512557","146154","2025-11-02","45.00","NZD","1761882448","23477/2025-11-02/1761882448.json"
"365170","146153","2025-11-02","48.00","NZD","1761882448","23477/2025-11-02/1761882448.json"
"510807","146155","2025-11-02","52.00","NZD","1761882448","23477/2025-11-02/1761882448.json"
"581513","221281","2025-11-01","36.00","NZD","1761882448","23477/2025-11-01/1761882448.json"
"581514","221282","2025-11-01","36.00","NZD","1761882448","23477/2025-11-01/1761882448.json"
"512557","146154","2025-11-01","45.00","NZD","1761882448","23477/2025-11-01/1761882448.json"
"365170","146153","2025-11-01","48.00","NZD","1761882448","23477/2025-11-01/1761882448.json"
"510807","146155","2025-11-01","52.00","NZD","1761882448","23477/2025-11-01/1761882448.json"
"581513","221281","2025-11-04","36.00","NZD","1761882448","23477/2025-11-04/1761882448.json"
"581514","221282","2025-11-04","36.00","NZD","1761882448","23477/2025-11-04/1761882448.json"
"512557","146154","2025-11-04","45.00","NZD","1761882448","23477/2025-11-04/1761882448.json"
"365170","146153","2025-11-04","48.00","NZD","1761882448","23477/2025-11-04/1761882448.json"
"510807","146155","2025-11-04","52.00","NZD","1761882448","23477/2025-11-04/1761882448.json"
"581513","221281","2025-11-07","36.00","NZD","1761882448","23477/2025-11-07/1761882448.json"
"581514","221282","2025-11-07","36.00","NZD","1761882448","23477/2025-11-07/1761882448.json"
"512557","146154","2025-11-07","45.00","NZD","1761882448","23477/2025-11-07/1761882448.json"
"365170","146153","2025-11-07","48.00","NZD","1761882448","23477/2025-11-07/1761882448.json"
"510807","146155","2025-11-07","52.00","NZD","1761882448","23477/2025-11-07/1761882448.json"
"581513","221281","2025-11-05","36.00","NZD","1761882448","23477/2025-11-05/1761882448.json"
"581514","221282","2025-11-05","36.00","NZD","1761882448","23477/2025-11-05/1761882448.json"
"512557","146154","2025-11-05","45.00","NZD","1761882448","23477/2025-11-05/1761882448.json"
"365170","146153","2025-11-05","48.00","NZD","1761882448","23477/2025-11-05/1761882448.json"
"510807","146155","2025-11-05","52.00","NZD","1761882448","23477/2025-11-05/1761882448.json"
"581513","221281","2025-11-06","36.00","NZD","1761882448","23477/2025-11-06/1761882448.json"
"581514","221282","2025-11-06","36.00","NZD","1761882448","23477/2025-11-06/1761882448.json"
"512557","146154","2025-11-06","45.00","NZD","1761882448","23477/2025-11-06/1761882448.json"
"365170","146153","2025-11-06","48.00","NZD","1761882448","23477/2025-11-06/1761882448.json"
"510807","146155","2025-11-06","52.00","NZD","1761882448","23477/2025-11-06/1761882448.json"
"581513","221281","2025-11-08","36.00","NZD","1761882448","23477/2025-11-08/1761882448.json"
"581514","221282","2025-11-08","36.00","NZD","1761882448","23477/2025-11-08/1761882448.json"
"512557","146154","2025-11-08","45.00","NZD","1761882448","23477/2025-11-08/1761882448.json"
"365170","146153","2025-11-08","48.00","NZD","1761882448","23477/2025-11-08/1761882448.json"
"510807","146155","2025-11-08","52.00","NZD","1761882448","23477/2025-11-08/1761882448.json"
"581513","221281","2025-11-10","36.00","NZD","1761882448","23477/2025-11-10/1761882448.json"
"581514","221282","2025-11-10","36.00","NZD","1761882448","23477/2025-11-10/1761882448.json"
"512557","146154","2025-11-10","45.00","NZD","1761882448","23477/2025-11-10/1761882448.json"
"365170","146153","2025-11-10","48.00","NZD","1761882448","23477/2025-11-10/1761882448.json"
"510807","146155","2025-11-10","52.00","NZD","1761882448","23477/2025-11-10/1761882448.json"
"581513","221281","2025-11-09","36.00","NZD","1761882448","23477/2025-11-09/1761882448.json"
"581514","221282","2025-11-09","36.00","NZD","1761882448","23477/2025-11-09/1761882448.json"
"512557","146154","2025-11-09","45.00","NZD","1761882448","23477/2025-11-09/1761882448.json"
"365170","146153","2025-11-09","48.00","NZD","1761882448","23477/2025-11-09/1761882448.json"
"510807","146155","2025-11-09","52.00","NZD","1761882448","23477/2025-11-09/1761882448.json"
"581513","221281","2025-11-11","36.00","NZD","1761882448","23477/2025-11-11/1761882448.json"
"581514","221282","2025-11-11","36.00","NZD","1761882448","23477/2025-11-11/1761882448.json"
"512557","146154","2025-11-11","45.00","NZD","1761882448","23477/2025-11-11/1761882448.json"
"365170","146153","2025-11-11","48.00","NZD","1761882448","23477/2025-11-11/1761882448.json"
"510807","146155","2025-11-11","52.00","NZD","1761882448","23477/2025-11-11/1761882448.json"
"581513","221281","2025-11-14","36.00","NZD","1761882448","23477/2025-11-14/1761882448.json"
"581514","221282","2025-11-14","36.00","NZD","1761882448","23477/2025-11-14/1761882448.json"
"512557","146154","2025-11-14","45.00","NZD","1761882448","23477/2025-11-14/1761882448.json"
"365170","146153","2025-11-14","48.00","NZD","1761882448","23477/2025-11-14/1761882448.json"
"510807","146155","2025-11-14","52.00","NZD","1761882448","23477/2025-11-14/1761882448.json"
"581513","221281","2025-11-12","36.00","NZD","1761882448","23477/2025-11-12/1761882448.json"
"581514","221282","2025-11-12","36.00","NZD","1761882448","23477/2025-11-12/1761882448.json"
"512557","146154","2025-11-12","45.00","NZD","1761882448","23477/2025-11-12/1761882448.json"
"365170","146153","2025-11-12","48.00","NZD","1761882448","23477/2025-11-12/1761882448.json"
"510807","146155","2025-11-12","52.00","NZD","1761882448","23477/2025-11-12/1761882448.json"
"581513","221281","2025-11-15","36.00","NZD","1761882448","23477/2025-11-15/1761882448.json"
"581514","221282","2025-11-15","36.00","NZD","1761882448","23477/2025-11-15/1761882448.json"
"512557","146154","2025-11-15","45.00","NZD","1761882448","23477/2025-11-15/1761882448.json"
"365170","146153","2025-11-15","48.00","NZD","1761882448","23477/2025-11-15/1761882448.json"
"510807","146155","2025-11-15","52.00","NZD","1761882448","23477/2025-11-15/1761882448.json"
"581513","221281","2025-11-13","36.00","NZD","1761882448","23477/2025-11-13/1761882448.json"
"581514","221282","2025-11-13","36.00","NZD","1761882448","23477/2025-11-13/1761882448.json"
"512557","146154","2025-11-13","45.00","NZD","1761882448","23477/2025-11-13/1761882448.json"
"365170","146153","2025-11-13","48.00","NZD","1761882448","23477/2025-11-13/1761882448.json"
"510807","146155","2025-11-13","52.00","NZD","1761882448","23477/2025-11-13/1761882448.json"
"581513","221281","2025-11-16","36.00","NZD","1761882448","23477/2025-11-16/1761882448.json"
"581514","221282","2025-11-16","36.00","NZD","1761882448","23477/2025-11-16/1761882448.json"
"512557","146154","2025-11-16","45.00","NZD","1761882448","23477/2025-11-16/1761882448.json"
"365170","146153","2025-11-16","48.00","NZD","1761882448","23477/2025-11-16/1761882448.json"
"510807","146155","2025-11-16","52.00","NZD","1761882448","23477/2025-11-16/1761882448.json"
"581513","221281","2025-11-17","36.00","NZD","1761882448","23477/2025-11-17/1761882448.json"
"581514","221282","2025-11-17","36.00","NZD","1761882448","23477/2025-11-17/1761882448.json"
"512557","146154","2025-11-17","45.00","NZD","1761882448","23477/2025-11-17/1761882448.json"
"365170","146153","2025-11-17","48.00","NZD","1761882448","23477/2025-11-17/1761882448.json"
"510807","146155","2025-11-17","52.00","NZD","1761882448","23477/2025-11-17/1761882448.json"
"581513","221281","2025-11-18","36.00","NZD","1761882448","23477/2025-11-18/1761882448.json"
"581514","221282","2025-11-18","36.00","NZD","1761882448","23477/2025-11-18/1761882448.json"
"512557","146154","2025-11-18","45.00","NZD","1761882448","23477/2025-11-18/1761882448.json"
"365170","146153","2025-11-18","48.00","NZD","1761882448","23477/2025-11-18/1761882448.json"
"510807","146155","2025-11-18","52.00","NZD","1761882448","23477/2025-11-18/1761882448.json"
"581513","221281","2025-11-19","36.00","NZD","1761882448","23477/2025-11-19/1761882448.json"
"581514","221282","2025-11-19","36.00","NZD","1761882448","23477/2025-11-19/1761882448.json"
"512557","146154","2025-11-19","45.00","NZD","1761882448","23477/2025-11-19/1761882448.json"
"365170","146153","2025-11-19","48.00","NZD","1761882448","23477/2025-11-19/1761882448.json"
"510807","146155","2025-11-19","52.00","NZD","1761882448","23477/2025-11-19/1761882448.json"
"581513","221281","2025-11-20","36.00","NZD","1761882448","23477/2025-11-20/1761882448.json"
"581514","221282","2025-11-20","36.00","NZD","1761882448","23477/2025-11-20/1761882448.json"
"512557","146154","2025-11-20","45.00","NZD","1761882448","23477/2025-11-20/1761882448.json"
"581513","221281","2025-11-21","36.00","NZD","1761882448","23477/2025-11-21/1761882448.json"
"581514","221282","2025-11-21","36.00","NZD","1761882448","23477/2025-11-21/1761882448.json"
"512557","146154","2025-11-21","45.00","NZD","1761882448","23477/2025-11-21/1761882448.json"
"365170","146153","2025-11-21","48.00","NZD","1761882448","23477/2025-11-21/1761882448.json"
"510807","146155","2025-11-21","52.00","NZD","1761882448","23477/2025-11-21/1761882448.json"
"581513","221281","2025-11-22","36.00","NZD","1761882448","23477/2025-11-22/1761882448.json"
"581514","221282","2025-11-22","36.00","NZD","1761882448","23477/2025-11-22/1761882448.json"
"512557","146154","2025-11-22","45.00","NZD","1761882448","23477/2025-11-22/1761882448.json"
"365170","146153","2025-11-22","48.00","NZD","1761882448","23477/2025-11-22/1761882448.json"
"510807","146155","2025-11-22","52.00","NZD","1761882448","23477/2025-11-22/1761882448.json"
"581513","221281","2025-11-23","36.00","NZD","1761882448","23477/2025-11-23/1761882448.json"
"581514","221282","2025-11-23","36.00","NZD","1761882448","23477/2025-11-23/1761882448.json"
"512557","146154","2025-11-23","45.00","NZD","1761882448","23477/2025-11-23/1761882448.json"
"365170","146153","2025-11-23","48.00","NZD","1761882448","23477/2025-11-23/1761882448.json"
"510807","146155","2025-11-23","52.00","NZD","1761882448","23477/2025-11-23/1761882448.json"
"581513","221281","2025-11-24","36.00","NZD","1761882448","23477/2025-11-24/1761882448.json"
"581514","221282","2025-11-24","36.00","NZD","1761882448","23477/2025-11-24/1761882448.json"
"512557","146154","2025-11-24","45.00","NZD","1761882448","23477/2025-11-24/1761882448.json"
"365170","146153","2025-11-24","48.00","NZD","1761882448","23477/2025-11-24/1761882448.json"
"510807","146155","2025-11-24","52.00","NZD","1761882448","23477/2025-11-24/1761882448.json"
"581513","221281","2025-11-25","36.00","NZD","1761882448","23477/2025-11-25/1761882448.json"
"581514","221282","2025-11-25","36.00","NZD","1761882448","23477/2025-11-25/1761882448.json"
"512557","146154","2025-11-25","45.00","NZD","1761882448","23477/2025-11-25/1761882448.json"
"365170","146153","2025-11-25","48.00","NZD","1761882448","23477/2025-11-25/1761882448.json"
"510807","146155","2025-11-25","52.00","NZD","1761882448","23477/2025-11-25/1761882448.json"
"581513","221281","2025-11-26","36.00","NZD","1761882448","23477/2025-11-26/1761882448.json"
"581514","221282","2025-11-26","36.00","NZD","1761882448","23477/2025-11-26/1761882448.json"
"512557","146154","2025-11-26","45.00","NZD","1761882448","23477/2025-11-26/1761882448.json"
"365170","146153","2025-11-26","48.00","NZD","1761882448","23477/2025-11-26/1761882448.json"
"510807","146155","2025-11-26","52.00","NZD","1761882448","23477/2025-11-26/1761882448.json"
"581513","221281","2025-11-28","36.00","NZD","1761882448","23477/2025-11-28/1761882448.json"
"581514","221282","2025-11-28","36.00","NZD","1761882448","23477/2025-11-28/1761882448.json"
"512557","146154","2025-11-28","45.00","NZD","1761882448","23477/2025-11-28/1761882448.json"
"365170","146153","2025-11-28","48.00","NZD","1761882448","23477/2025-11-28/1761882448.json"
"510807","146155","2025-11-28","52.00","NZD","1761882448","23477/2025-11-28/1761882448.json"
"581513","221281","2025-11-27","36.00","NZD","1761882448","23477/2025-11-27/1761882448.json"
"581514","221282","2025-11-27","36.00","NZD","1761882448","23477/2025-11-27/1761882448.json"
"512557","146154","2025-11-27","45.00","NZD","1761882448","23477/2025-11-27/1761882448.json"
"365170","146153","2025-11-27","48.00","NZD","1761882448","23477/2025-11-27/1761882448.json"
"510807","146155","2025-11-27","52.00","NZD","1761882448","23477/2025-11-27/1761882448.json"
"581513","221281","2025-11-29","36.00","NZD","1761882448","23477/2025-11-29/1761882448.json"
"581514","221282","2025-11-29","36.00","NZD","1761882448","23477/2025-11-29/1761882448.json"
"512557","146154","2025-11-29","45.00","NZD","1761882448","23477/2025-11-29/1761882448.json"
"365170","146153","2025-11-29","48.00","NZD","1761882448","23477/2025-11-29/1761882448.json"
"510807","146155","2025-11-29","52.00","NZD","1761882448","23477/2025-11-29/1761882448.json"
"581513","221281","2025-11-30","36.00","NZD","1761882448","23477/2025-11-30/1761882448.json"
"581514","221282","2025-11-30","36.00","NZD","1761882448","23477/2025-11-30/1761882448.json"
"512557","146154","2025-11-30","45.00","NZD","1761882448","23477/2025-11-30/1761882448.json"
"365170","146153","2025-11-30","48.00","NZD","1761882448","23477/2025-11-30/1761882448.json"
"510807","146155","2025-11-30","52.00","NZD","1761882448","23477/2025-11-30/1761882448.json"
"581513","221281","2025-12-01","36.00","NZD","1761882448","23477/2025-12-01/1761882448.json"
"581514","221282","2025-12-01","36.00","NZD","1761882448","23477/2025-12-01/1761882448.json"
"512557","146154","2025-12-01","45.00","NZD","1761882448","23477/2025-12-01/1761882448.json"
"365170","146153","2025-12-01","48.00","NZD","1761882448","23477/2025-12-01/1761882448.json"
"510807","146155","2025-12-01","52.00","NZD","1761882448","23477/2025-12-01/1761882448.json"
"581513","221281","2025-12-04","36.00","NZD","1761882448","23477/2025-12-04/1761882448.json"
"581514","221282","2025-12-04","36.00","NZD","1761882448","23477/2025-12-04/1761882448.json"
"512557","146154","2025-12-04","45.00","NZD","1761882448","23477/2025-12-04/1761882448.json"
"365170","146153","2025-12-04","48.00","NZD","1761882448","23477/2025-12-04/1761882448.json"
"510807","146155","2025-12-04","52.00","NZD","1761882448","23477/2025-12-04/1761882448.json"
"581513","221281","2025-12-03","36.00","NZD","1761882448","23477/2025-12-03/1761882448.json"
"581514","221282","2025-12-03","36.00","NZD","1761882448","23477/2025-12-03/1761882448.json"
"512557","146154","2025-12-03","45.00","NZD","1761882448","23477/2025-12-03/1761882448.json"
"365170","146153","2025-12-03","48.00","NZD","1761882448","23477/2025-12-03/1761882448.json"
"510807","146155","2025-12-03","52.00","NZD","1761882448","23477/2025-12-03/1761882448.json"
"581513","221281","2025-12-02","36.00","NZD","1761882448","23477/2025-12-02/1761882448.json"
"581514","221282","2025-12-02","36.00","NZD","1761882448","23477/2025-12-02/1761882448.json"
"512557","146154","2025-12-02","45.00","NZD","1761882448","23477/2025-12-02/1761882448.json"
"365170","146153","2025-12-02","48.00","NZD","1761882448","23477/2025-12-02/1761882448.json"
"510807","146155","2025-12-02","52.00","NZD","1761882448","23477/2025-12-02/1761882448.json"
"581513","221281","2025-12-05","36.00","NZD","1761882448","23477/2025-12-05/1761882448.json"
"581514","221282","2025-12-05","36.00","NZD","1761882448","23477/2025-12-05/1761882448.json"
"512557","146154","2025-12-05","45.00","NZD","1761882448","23477/2025-12-05/1761882448.json"
"365170","146153","2025-12-05","48.00","NZD","1761882448","23477/2025-12-05/1761882448.json"
"510807","146155","2025-12-05","52.00","NZD","1761882448","23477/2025-12-05/1761882448.json"
"581513","221281","2025-12-06","36.00","NZD","1761882448","23477/2025-12-06/1761882448.json"
"581514","221282","2025-12-06","36.00","NZD","1761882448","23477/2025-12-06/1761882448.json"
"512557","146154","2025-12-06","45.00","NZD","1761882448","23477/2025-12-06/1761882448.json"
"365170","146153","2025-12-06","48.00","NZD","1761882448","23477/2025-12-06/1761882448.json"
"510807","146155","2025-12-06","52.00","NZD","1761882448","23477/2025-12-06/1761882448.json"
"581513","221281","2025-12-07","36.00","NZD","1761882448","23477/2025-12-07/1761882448.json"
"581514","221282","2025-12-07","36.00","NZD","1761882448","23477/2025-12-07/1761882448.json"
"512557","146154","2025-12-07","45.00","NZD","1761882448","23477/2025-12-07/1761882448.json"
"365170","146153","2025-12-07","48.00","NZD","1761882448","23477/2025-12-07/1761882448.json"
"510807","146155","2025-12-07","52.00","NZD","1761882448","23477/2025-12-07/1761882448.json"
"581513","221281","2025-12-08","36.00","NZD","1761882448","23477/2025-12-08/1761882448.json"
"581514","221282","2025-12-08","36.00","NZD","1761882448","23477/2025-12-08/1761882448.json"
"512557","146154","2025-12-08","45.00","NZD","1761882448","23477/2025-12-08/1761882448.json"
"365170","146153","2025-12-08","48.00","NZD","1761882448","23477/2025-12-08/1761882448.json"
"510807","146155","2025-12-08","52.00","NZD","1761882448","23477/2025-12-08/1761882448.json"
"581513","221281","2025-12-09","36.00","NZD","1761882448","23477/2025-12-09/1761882448.json"
"581514","221282","2025-12-09","36.00","NZD","1761882448","23477/2025-12-09/1761882448.json"
"512557","146154","2025-12-09","45.00","NZD","1761882448","23477/2025-12-09/1761882448.json"
"365170","146153","2025-12-09","48.00","NZD","1761882448","23477/2025-12-09/1761882448.json"
"510807","146155","2025-12-09","52.00","NZD","1761882448","23477/2025-12-09/1761882448.json"
"581513","221281","2025-12-10","36.00","NZD","1761882448","23477/2025-12-10/1761882448.json"
"581514","221282","2025-12-10","36.00","NZD","1761882448","23477/2025-12-10/1761882448.json"
"512557","146154","2025-12-10","45.00","NZD","1761882448","23477/2025-12-10/1761882448.json"
"365170","146153","2025-12-10","48.00","NZD","1761882448","23477/2025-12-10/1761882448.json"
"510807","146155","2025-12-10","52.00","NZD","1761882448","23477/2025-12-10/1761882448.json"
"581513","221281","2025-12-11","36.00","NZD","1761882448","23477/2025-12-11/1761882448.json"
"581514","221282","2025-12-11","36.00","NZD","1761882448","23477/2025-12-11/1761882448.json"
"512557","146154","2025-12-11","45.00","NZD","1761882448","23477/2025-12-11/1761882448.json"
"365170","146153","2025-12-11","48.00","NZD","1761882448","23477/2025-12-11/1761882448.json"
"510807","146155","2025-12-11","52.00","NZD","1761882448","23477/2025-12-11/1761882448.json"
"581513","221281","2025-12-12","36.00","NZD","1761882448","23477/2025-12-12/1761882448.json"
"581514","221282","2025-12-12","36.00","NZD","1761882448","23477/2025-12-12/1761882448.json"
"512557","146154","2025-12-12","45.00","NZD","1761882448","23477/2025-12-12/1761882448.json"
"365170","146153","2025-12-12","48.00","NZD","1761882448","23477/2025-12-12/1761882448.json"
"581513","221281","2025-12-13","36.00","NZD","1761882448","23477/2025-12-13/1761882448.json"
"510807","146155","2025-12-12","52.00","NZD","1761882448","23477/2025-12-12/1761882448.json"
"581514","221282","2025-12-13","36.00","NZD","1761882448","23477/2025-12-13/1761882448.json"
"512557","146154","2025-12-13","45.00","NZD","1761882448","23477/2025-12-13/1761882448.json"
"365170","146153","2025-12-13","48.00","NZD","1761882448","23477/2025-12-13/1761882448.json"
"510807","146155","2025-12-13","52.00","NZD","1761882448","23477/2025-12-13/1761882448.json"
"581513","221281","2025-12-14","36.00","NZD","1761882448","23477/2025-12-14/1761882448.json"
"581514","221282","2025-12-14","36.00","NZD","1761882448","23477/2025-12-14/1761882448.json"
"512557","146154","2025-12-14","45.00","NZD","1761882448","23477/2025-12-14/1761882448.json"
"365170","146153","2025-12-14","48.00","NZD","1761882448","23477/2025-12-14/1761882448.json"
"510807","146155","2025-12-14","52.00","NZD","1761882448","23477/2025-12-14/1761882448.json"
"581513","221281","2025-12-15","36.00","NZD","1761882448","23477/2025-12-15/1761882448.json"
"581514","221282","2025-12-15","36.00","NZD","1761882448","23477/2025-12-15/1761882448.json"
"512557","146154","2025-12-15","45.00","NZD","1761882448","23477/2025-12-15/1761882448.json"
"365170","146153","2025-12-15","48.00","NZD","1761882448","23477/2025-12-15/1761882448.json"
"510807","146155","2025-12-15","52.00","NZD","1761882448","23477/2025-12-15/1761882448.json"
"581513","221281","2025-12-17","36.00","NZD","1761882448","23477/2025-12-17/1761882448.json"
"581514","221282","2025-12-17","36.00","NZD","1761882448","23477/2025-12-17/1761882448.json"
"512557","146154","2025-12-17","45.00","NZD","1761882448","23477/2025-12-17/1761882448.json"
"365170","146153","2025-12-17","48.00","NZD","1761882448","23477/2025-12-17/1761882448.json"
"510807","146155","2025-12-17","52.00","NZD","1761882448","23477/2025-12-17/1761882448.json"
"581513","221281","2025-12-16","36.00","NZD","1761882448","23477/2025-12-16/1761882448.json"
"581514","221282","2025-12-16","36.00","NZD","1761882448","23477/2025-12-16/1761882448.json"
"512557","146154","2025-12-16","45.00","NZD","1761882448","23477/2025-12-16/1761882448.json"
"365170","146153","2025-12-16","48.00","NZD","1761882448","23477/2025-12-16/1761882448.json"
"510807","146155","2025-12-16","52.00","NZD","1761882448","23477/2025-12-16/1761882448.json"
"581513","221281","2025-12-18","36.00","NZD","1761882448","23477/2025-12-18/1761882448.json"
"581514","221282","2025-12-18","36.00","NZD","1761882448","23477/2025-12-18/1761882448.json"
"512557","146154","2025-12-18","45.00","NZD","1761882448","23477/2025-12-18/1761882448.json"
"365170","146153","2025-12-18","48.00","NZD","1761882448","23477/2025-12-18/1761882448.json"
"510807","146155","2025-12-18","52.00","NZD","1761882448","23477/2025-12-18/1761882448.json"
"581513","221281","2025-12-19","36.00","NZD","1761882448","23477/2025-12-19/1761882448.json"
"581514","221282","2025-12-19","36.00","NZD","1761882448","23477/2025-12-19/1761882448.json"
"512557","146154","2025-12-19","45.00","NZD","1761882448","23477/2025-12-19/1761882448.json"
"365170","146153","2025-12-19","48.00","NZD","1761882448","23477/2025-12-19/1761882448.json"
"510807","146155","2025-12-19","52.00","NZD","1761882448","23477/2025-12-19/1761882448.json"
"581513","221281","2025-12-21","36.00","NZD","1761882448","23477/2025-12-21/1761882448.json"
"581514","221282","2025-12-21","36.00","NZD","1761882448","23477/2025-12-21/1761882448.json"
"512557","146154","2025-12-21","45.00","NZD","1761882448","23477/2025-12-21/1761882448.json"
"365170","146153","2025-12-21","48.00","NZD","1761882448","23477/2025-12-21/1761882448.json"
"510807","146155","2025-12-21","52.00","NZD","1761882448","23477/2025-12-21/1761882448.json"
"581513","221281","2025-12-20","36.00","NZD","1761882448","23477/2025-12-20/1761882448.json"
"581514","221282","2025-12-20","36.00","NZD","1761882448","23477/2025-12-20/1761882448.json"
"512557","146154","2025-12-20","45.00","NZD","1761882448","23477/2025-12-20/1761882448.json"
"365170","146153","2025-12-20","48.00","NZD","1761882448","23477/2025-12-20/1761882448.json"
"510807","146155","2025-12-20","52.00","NZD","1761882448","23477/2025-12-20/1761882448.json"
"581513","221281","2025-12-23","38.00","NZD","1761882448","23477/2025-12-23/1761882448.json"
"581514","221282","2025-12-23","38.00","NZD","1761882448","23477/2025-12-23/1761882448.json"
"512557","146154","2025-12-23","45.00","NZD","1761882448","23477/2025-12-23/1761882448.json"
"365170","146153","2025-12-23","48.00","NZD","1761882448","23477/2025-12-23/1761882448.json"
"510807","146155","2025-12-23","52.00","NZD","1761882448","23477/2025-12-23/1761882448.json"
"581513","221281","2025-12-22","36.00","NZD","1761882448","23477/2025-12-22/1761882448.json"
"581514","221282","2025-12-22","36.00","NZD","1761882448","23477/2025-12-22/1761882448.json"
"512557","146154","2025-12-22","45.00","NZD","1761882448","23477/2025-12-22/1761882448.json"
"365170","146153","2025-12-22","48.00","NZD","1761882448","23477/2025-12-22/1761882448.json"
"510807","146155","2025-12-22","52.00","NZD","1761882448","23477/2025-12-22/1761882448.json"
"581513","221281","2025-12-24","38.00","NZD","1761882448","23477/2025-12-24/1761882448.json"
"581514","221282","2025-12-24","38.00","NZD","1761882448","23477/2025-12-24/1761882448.json"
"512557","146154","2025-12-24","45.00","NZD","1761882448","23477/2025-12-24/1761882448.json"
"365170","146153","2025-12-24","48.00","NZD","1761882448","23477/2025-12-24/1761882448.json"
"510807","146155","2025-12-24","52.00","NZD","1761882448","23477/2025-12-24/1761882448.json"
"581513","221281","2025-12-25","38.00","NZD","1761882448","23477/2025-12-25/1761882448.json"
"581514","221282","2025-12-25","38.00","NZD","1761882448","23477/2025-12-25/1761882448.json"
"512557","146154","2025-12-25","45.00","NZD","1761882448","23477/2025-12-25/1761882448.json"
"365170","146153","2025-12-25","48.00","NZD","1761882448","23477/2025-12-25/1761882448.json"
"510807","146155","2025-12-25","52.00","NZD","1761882448","23477/2025-12-25/1761882448.json"
"581513","221281","2025-12-26","42.00","NZD","1761882448","23477/2025-12-26/1761882448.json"
"581514","221282","2025-12-26","42.00","NZD","1761882448","23477/2025-12-26/1761882448.json"
"512557","146154","2025-12-26","45.00","NZD","1761882448","23477/2025-12-26/1761882448.json"
"365170","146153","2025-12-26","48.00","NZD","1761882448","23477/2025-12-26/1761882448.json"
"510807","146155","2025-12-26","52.00","NZD","1761882448","23477/2025-12-26/1761882448.json"
"581513","221281","2025-12-27","42.00","NZD","1761882448","23477/2025-12-27/1761882448.json"
"581514","221282","2025-12-27","42.00","NZD","1761882448","23477/2025-12-27/1761882448.json"
"512557","146154","2025-12-27","45.00","NZD","1761882448","23477/2025-12-27/1761882448.json"
"365170","146153","2025-12-27","48.00","NZD","1761882448","23477/2025-12-27/1761882448.json"
"510807","146155","2025-12-27","52.00","NZD","1761882448","23477/2025-12-27/1761882448.json"
"581513","221281","2025-12-28","42.00","NZD","1761882448","23477/2025-12-28/1761882448.json"
"581514","221282","2025-12-28","42.00","NZD","1761882448","23477/2025-12-28/1761882448.json"
"512557","146154","2025-12-28","45.00","NZD","1761882448","23477/2025-12-28/1761882448.json"
"365170","146153","2025-12-28","48.00","NZD","1761882448","23477/2025-12-28/1761882448.json"
"510807","146155","2025-12-28","52.00","NZD","1761882448","23477/2025-12-28/1761882448.json"
"581513","221281","2025-12-29","42.00","NZD","1761882448","23477/2025-12-29/1761882448.json"
"581514","221282","2025-12-29","42.00","NZD","1761882448","23477/2025-12-29/1761882448.json"
"512557","146154","2025-12-29","45.00","NZD","1761882448","23477/2025-12-29/1761882448.json"
"365170","146153","2025-12-29","48.00","NZD","1761882448","23477/2025-12-29/1761882448.json"
"510807","146155","2025-12-29","52.00","NZD","1761882448","23477/2025-12-29/1761882448.json"
"581513","221281","2025-12-30","42.00","NZD","1761882448","23477/2025-12-30/1761882448.json"
"581514","221282","2025-12-30","42.00","NZD","1761882448","23477/2025-12-30/1761882448.json"
"512557","146154","2025-12-30","45.00","NZD","1761882448","23477/2025-12-30/1761882448.json"
"365170","146153","2025-12-30","48.00","NZD","1761882448","23477/2025-12-30/1761882448.json"
"510807","146155","2025-12-30","52.00","NZD","1761882448","23477/2025-12-30/1761882448.json"
"581513","221281","2025-10-31","36.00","NZD","1761886785","23477/2025-10-31/1761886785.json"
"581514","221282","2025-10-31","36.00","NZD","1761886785","23477/2025-10-31/1761886785.json"
"512557","146154","2025-10-31","45.00","NZD","1761886785","23477/2025-10-31/1761886785.json"
"365170","146153","2025-10-31","48.00","NZD","1761886785","23477/2025-10-31/1761886785.json"
"510807","146155","2025-10-31","52.00","NZD","1761886785","23477/2025-10-31/1761886785.json"
"581513","221281","2025-11-03","36.00","NZD","1761886785","23477/2025-11-03/1761886785.json"
"581514","221282","2025-11-03","36.00","NZD","1761886785","23477/2025-11-03/1761886785.json"
"512557","146154","2025-11-03","45.00","NZD","1761886785","23477/2025-11-03/1761886785.json"
"365170","146153","2025-11-03","48.00","NZD","1761886785","23477/2025-11-03/1761886785.json"
"510807","146155","2025-11-03","52.00","NZD","1761886785","23477/2025-11-03/1761886785.json"
"581513","221281","2025-11-02","36.00","NZD","1761886785","23477/2025-11-02/1761886785.json"
"581514","221282","2025-11-02","36.00","NZD","1761886785","23477/2025-11-02/1761886785.json"
"512557","146154","2025-11-02","45.00","NZD","1761886785","23477/2025-11-02/1761886785.json"
"365170","146153","2025-11-02","48.00","NZD","1761886785","23477/2025-11-02/1761886785.json"
"510807","146155","2025-11-02","52.00","NZD","1761886785","23477/2025-11-02/1761886785.json"
"581513","221281","2025-11-01","36.00","NZD","1761886785","23477/2025-11-01/1761886785.json"
"581514","221282","2025-11-01","36.00","NZD","1761886785","23477/2025-11-01/1761886785.json"
"512557","146154","2025-11-01","45.00","NZD","1761886785","23477/2025-11-01/1761886785.json"
"365170","146153","2025-11-01","48.00","NZD","1761886785","23477/2025-11-01/1761886785.json"
"510807","146155","2025-11-01","52.00","NZD","1761886785","23477/2025-11-01/1761886785.json"
"581513","221281","2025-11-07","36.00","NZD","1761886785","23477/2025-11-07/1761886785.json"
"581514","221282","2025-11-07","36.00","NZD","1761886785","23477/2025-11-07/1761886785.json"
"512557","146154","2025-11-07","45.00","NZD","1761886785","23477/2025-11-07/1761886785.json"
"365170","146153","2025-11-07","48.00","NZD","1761886785","23477/2025-11-07/1761886785.json"
"510807","146155","2025-11-07","52.00","NZD","1761886785","23477/2025-11-07/1761886785.json"
"581513","221281","2025-11-05","36.00","NZD","1761886785","23477/2025-11-05/1761886785.json"
"581514","221282","2025-11-05","36.00","NZD","1761886785","23477/2025-11-05/1761886785.json"
"512557","146154","2025-11-05","45.00","NZD","1761886785","23477/2025-11-05/1761886785.json"
"365170","146153","2025-11-05","48.00","NZD","1761886785","23477/2025-11-05/1761886785.json"
"510807","146155","2025-11-05","52.00","NZD","1761886785","23477/2025-11-05/1761886785.json"
"581513","221281","2025-11-06","36.00","NZD","1761886785","23477/2025-11-06/1761886785.json"
"581514","221282","2025-11-06","36.00","NZD","1761886785","23477/2025-11-06/1761886785.json"
"512557","146154","2025-11-06","45.00","NZD","1761886785","23477/2025-11-06/1761886785.json"
"365170","146153","2025-11-06","48.00","NZD","1761886785","23477/2025-11-06/1761886785.json"
"510807","146155","2025-11-06","52.00","NZD","1761886785","23477/2025-11-06/1761886785.json"
"581513","221281","2025-11-04","36.00","NZD","1761886785","23477/2025-11-04/1761886785.json"
"581514","221282","2025-11-04","36.00","NZD","1761886785","23477/2025-11-04/1761886785.json"
"512557","146154","2025-11-04","45.00","NZD","1761886785","23477/2025-11-04/1761886785.json"
"365170","146153","2025-11-04","48.00","NZD","1761886785","23477/2025-11-04/1761886785.json"
"510807","146155","2025-11-04","52.00","NZD","1761886785","23477/2025-11-04/1761886785.json"
"581513","221281","2025-11-08","36.00","NZD","1761886785","23477/2025-11-08/1761886785.json"
"581514","221282","2025-11-08","36.00","NZD","1761886785","23477/2025-11-08/1761886785.json"
"512557","146154","2025-11-08","45.00","NZD","1761886785","23477/2025-11-08/1761886785.json"
"365170","146153","2025-11-08","48.00","NZD","1761886785","23477/2025-11-08/1761886785.json"
"510807","146155","2025-11-08","52.00","NZD","1761886785","23477/2025-11-08/1761886785.json"
"581513","221281","2025-11-09","36.00","NZD","1761886785","23477/2025-11-09/1761886785.json"
"581514","221282","2025-11-09","36.00","NZD","1761886785","23477/2025-11-09/1761886785.json"
"512557","146154","2025-11-09","45.00","NZD","1761886785","23477/2025-11-09/1761886785.json"
"365170","146153","2025-11-09","48.00","NZD","1761886785","23477/2025-11-09/1761886785.json"
"510807","146155","2025-11-09","52.00","NZD","1761886785","23477/2025-11-09/1761886785.json"
"581513","221281","2025-11-11","36.00","NZD","1761886785","23477/2025-11-11/1761886785.json"
"581514","221282","2025-11-11","36.00","NZD","1761886785","23477/2025-11-11/1761886785.json"
"512557","146154","2025-11-11","45.00","NZD","1761886785","23477/2025-11-11/1761886785.json"
"365170","146153","2025-11-11","48.00","NZD","1761886785","23477/2025-11-11/1761886785.json"
"510807","146155","2025-11-11","52.00","NZD","1761886785","23477/2025-11-11/1761886785.json"
"581513","221281","2025-11-10","36.00","NZD","1761886785","23477/2025-11-10/1761886785.json"
"581514","221282","2025-11-10","36.00","NZD","1761886785","23477/2025-11-10/1761886785.json"
"512557","146154","2025-11-10","45.00","NZD","1761886785","23477/2025-11-10/1761886785.json"
"365170","146153","2025-11-10","48.00","NZD","1761886785","23477/2025-11-10/1761886785.json"
"510807","146155","2025-11-10","52.00","NZD","1761886785","23477/2025-11-10/1761886785.json"
"581513","221281","2025-11-12","36.00","NZD","1761886785","23477/2025-11-12/1761886785.json"
"581514","221282","2025-11-12","36.00","NZD","1761886785","23477/2025-11-12/1761886785.json"
"512557","146154","2025-11-12","45.00","NZD","1761886785","23477/2025-11-12/1761886785.json"
"365170","146153","2025-11-12","48.00","NZD","1761886785","23477/2025-11-12/1761886785.json"
"510807","146155","2025-11-12","52.00","NZD","1761886785","23477/2025-11-12/1761886785.json"
"581513","221281","2025-11-13","36.00","NZD","1761886785","23477/2025-11-13/1761886785.json"
"581514","221282","2025-11-13","36.00","NZD","1761886785","23477/2025-11-13/1761886785.json"
"512557","146154","2025-11-13","45.00","NZD","1761886785","23477/2025-11-13/1761886785.json"
"365170","146153","2025-11-13","48.00","NZD","1761886785","23477/2025-11-13/1761886785.json"
"510807","146155","2025-11-13","52.00","NZD","1761886785","23477/2025-11-13/1761886785.json"
"581513","221281","2025-11-14","36.00","NZD","1761886785","23477/2025-11-14/1761886785.json"
"581514","221282","2025-11-14","36.00","NZD","1761886785","23477/2025-11-14/1761886785.json"
"512557","146154","2025-11-14","45.00","NZD","1761886785","23477/2025-11-14/1761886785.json"
"365170","146153","2025-11-14","48.00","NZD","1761886785","23477/2025-11-14/1761886785.json"
"510807","146155","2025-11-14","52.00","NZD","1761886785","23477/2025-11-14/1761886785.json"
"581513","221281","2025-11-15","36.00","NZD","1761886785","23477/2025-11-15/1761886785.json"
"581514","221282","2025-11-15","36.00","NZD","1761886785","23477/2025-11-15/1761886785.json"
"512557","146154","2025-11-15","45.00","NZD","1761886785","23477/2025-11-15/1761886785.json"
"365170","146153","2025-11-15","48.00","NZD","1761886785","23477/2025-11-15/1761886785.json"
"510807","146155","2025-11-15","52.00","NZD","1761886785","23477/2025-11-15/1761886785.json"
"581513","221281","2025-11-16","36.00","NZD","1761886785","23477/2025-11-16/1761886785.json"
"581514","221282","2025-11-16","36.00","NZD","1761886785","23477/2025-11-16/1761886785.json"
"512557","146154","2025-11-16","45.00","NZD","1761886785","23477/2025-11-16/1761886785.json"
"365170","146153","2025-11-16","48.00","NZD","1761886785","23477/2025-11-16/1761886785.json"
"510807","146155","2025-11-16","52.00","NZD","1761886785","23477/2025-11-16/1761886785.json"
"581513","221281","2025-11-17","36.00","NZD","1761886785","23477/2025-11-17/1761886785.json"
"581514","221282","2025-11-17","36.00","NZD","1761886785","23477/2025-11-17/1761886785.json"
"512557","146154","2025-11-17","45.00","NZD","1761886785","23477/2025-11-17/1761886785.json"
"365170","146153","2025-11-17","48.00","NZD","1761886785","23477/2025-11-17/1761886785.json"
"510807","146155","2025-11-17","52.00","NZD","1761886785","23477/2025-11-17/1761886785.json"
"581513","221281","2025-11-18","36.00","NZD","1761886785","23477/2025-11-18/1761886785.json"
"581514","221282","2025-11-18","36.00","NZD","1761886785","23477/2025-11-18/1761886785.json"
"512557","146154","2025-11-18","45.00","NZD","1761886785","23477/2025-11-18/1761886785.json"
"365170","146153","2025-11-18","48.00","NZD","1761886785","23477/2025-11-18/1761886785.json"
"510807","146155","2025-11-18","52.00","NZD","1761886785","23477/2025-11-18/1761886785.json"
"581513","221281","2025-11-20","36.00","NZD","1761886785","23477/2025-11-20/1761886785.json"
"581514","221282","2025-11-20","36.00","NZD","1761886785","23477/2025-11-20/1761886785.json"
"512557","146154","2025-11-20","45.00","NZD","1761886785","23477/2025-11-20/1761886785.json"
"581513","221281","2025-11-19","36.00","NZD","1761886785","23477/2025-11-19/1761886785.json"
"581514","221282","2025-11-19","36.00","NZD","1761886785","23477/2025-11-19/1761886785.json"
"512557","146154","2025-11-19","45.00","NZD","1761886785","23477/2025-11-19/1761886785.json"
"365170","146153","2025-11-19","48.00","NZD","1761886785","23477/2025-11-19/1761886785.json"
"510807","146155","2025-11-19","52.00","NZD","1761886785","23477/2025-11-19/1761886785.json"
"581513","221281","2025-11-21","36.00","NZD","1761886785","23477/2025-11-21/1761886785.json"
"581514","221282","2025-11-21","36.00","NZD","1761886785","23477/2025-11-21/1761886785.json"
"512557","146154","2025-11-21","45.00","NZD","1761886785","23477/2025-11-21/1761886785.json"
"365170","146153","2025-11-21","48.00","NZD","1761886785","23477/2025-11-21/1761886785.json"
"510807","146155","2025-11-21","52.00","NZD","1761886785","23477/2025-11-21/1761886785.json"
"581513","221281","2025-11-22","36.00","NZD","1761886785","23477/2025-11-22/1761886785.json"
"581514","221282","2025-11-22","36.00","NZD","1761886785","23477/2025-11-22/1761886785.json"
"512557","146154","2025-11-22","45.00","NZD","1761886785","23477/2025-11-22/1761886785.json"
"365170","146153","2025-11-22","48.00","NZD","1761886785","23477/2025-11-22/1761886785.json"
"510807","146155","2025-11-22","52.00","NZD","1761886785","23477/2025-11-22/1761886785.json"
"581513","221281","2025-11-23","36.00","NZD","1761886785","23477/2025-11-23/1761886785.json"
"581514","221282","2025-11-23","36.00","NZD","1761886785","23477/2025-11-23/1761886785.json"
"512557","146154","2025-11-23","45.00","NZD","1761886785","23477/2025-11-23/1761886785.json"
"365170","146153","2025-11-23","48.00","NZD","1761886785","23477/2025-11-23/1761886785.json"
"510807","146155","2025-11-23","52.00","NZD","1761886785","23477/2025-11-23/1761886785.json"
"581513","221281","2025-11-24","36.00","NZD","1761886785","23477/2025-11-24/1761886785.json"
"581514","221282","2025-11-24","36.00","NZD","1761886785","23477/2025-11-24/1761886785.json"
"512557","146154","2025-11-24","45.00","NZD","1761886785","23477/2025-11-24/1761886785.json"
"365170","146153","2025-11-24","48.00","NZD","1761886785","23477/2025-11-24/1761886785.json"
"510807","146155","2025-11-24","52.00","NZD","1761886785","23477/2025-11-24/1761886785.json"
"581513","221281","2025-11-25","36.00","NZD","1761886785","23477/2025-11-25/1761886785.json"
"581514","221282","2025-11-25","36.00","NZD","1761886785","23477/2025-11-25/1761886785.json"
"512557","146154","2025-11-25","45.00","NZD","1761886785","23477/2025-11-25/1761886785.json"
"365170","146153","2025-11-25","48.00","NZD","1761886785","23477/2025-11-25/1761886785.json"
"510807","146155","2025-11-25","52.00","NZD","1761886785","23477/2025-11-25/1761886785.json"
"581513","221281","2025-11-27","36.00","NZD","1761886785","23477/2025-11-27/1761886785.json"
"581514","221282","2025-11-27","36.00","NZD","1761886785","23477/2025-11-27/1761886785.json"
"512557","146154","2025-11-27","45.00","NZD","1761886785","23477/2025-11-27/1761886785.json"
"365170","146153","2025-11-27","48.00","NZD","1761886785","23477/2025-11-27/1761886785.json"
"510807","146155","2025-11-27","52.00","NZD","1761886785","23477/2025-11-27/1761886785.json"
"581513","221281","2025-11-26","36.00","NZD","1761886785","23477/2025-11-26/1761886785.json"
"581514","221282","2025-11-26","36.00","NZD","1761886785","23477/2025-11-26/1761886785.json"
"512557","146154","2025-11-26","45.00","NZD","1761886785","23477/2025-11-26/1761886785.json"
"365170","146153","2025-11-26","48.00","NZD","1761886785","23477/2025-11-26/1761886785.json"
"510807","146155","2025-11-26","52.00","NZD","1761886785","23477/2025-11-26/1761886785.json"
"581513","221281","2025-11-28","36.00","NZD","1761886785","23477/2025-11-28/1761886785.json"
"581514","221282","2025-11-28","36.00","NZD","1761886785","23477/2025-11-28/1761886785.json"
"512557","146154","2025-11-28","45.00","NZD","1761886785","23477/2025-11-28/1761886785.json"
"365170","146153","2025-11-28","48.00","NZD","1761886785","23477/2025-11-28/1761886785.json"
"510807","146155","2025-11-28","52.00","NZD","1761886785","23477/2025-11-28/1761886785.json"
"581513","221281","2025-11-30","36.00","NZD","1761886785","23477/2025-11-30/1761886785.json"
"581514","221282","2025-11-30","36.00","NZD","1761886785","23477/2025-11-30/1761886785.json"
"512557","146154","2025-11-30","45.00","NZD","1761886785","23477/2025-11-30/1761886785.json"
"365170","146153","2025-11-30","48.00","NZD","1761886785","23477/2025-11-30/1761886785.json"
"510807","146155","2025-11-30","52.00","NZD","1761886785","23477/2025-11-30/1761886785.json"
"581513","221281","2025-12-01","36.00","NZD","1761886785","23477/2025-12-01/1761886785.json"
"581514","221282","2025-12-01","36.00","NZD","1761886785","23477/2025-12-01/1761886785.json"
"512557","146154","2025-12-01","45.00","NZD","1761886785","23477/2025-12-01/1761886785.json"
"365170","146153","2025-12-01","48.00","NZD","1761886785","23477/2025-12-01/1761886785.json"
"510807","146155","2025-12-01","52.00","NZD","1761886785","23477/2025-12-01/1761886785.json"
"581513","221281","2025-11-29","36.00","NZD","1761886785","23477/2025-11-29/1761886785.json"
"581514","221282","2025-11-29","36.00","NZD","1761886785","23477/2025-11-29/1761886785.json"
"512557","146154","2025-11-29","45.00","NZD","1761886785","23477/2025-11-29/1761886785.json"
"365170","146153","2025-11-29","48.00","NZD","1761886785","23477/2025-11-29/1761886785.json"
"510807","146155","2025-11-29","52.00","NZD","1761886785","23477/2025-11-29/1761886785.json"
"581513","221281","2025-12-02","36.00","NZD","1761886785","23477/2025-12-02/1761886785.json"
"581514","221282","2025-12-02","36.00","NZD","1761886785","23477/2025-12-02/1761886785.json"
"512557","146154","2025-12-02","45.00","NZD","1761886785","23477/2025-12-02/1761886785.json"
"365170","146153","2025-12-02","48.00","NZD","1761886785","23477/2025-12-02/1761886785.json"
"510807","146155","2025-12-02","52.00","NZD","1761886785","23477/2025-12-02/1761886785.json"
"581513","221281","2025-12-03","36.00","NZD","1761886785","23477/2025-12-03/1761886785.json"
"581514","221282","2025-12-03","36.00","NZD","1761886785","23477/2025-12-03/1761886785.json"
"512557","146154","2025-12-03","45.00","NZD","1761886785","23477/2025-12-03/1761886785.json"
"365170","146153","2025-12-03","48.00","NZD","1761886785","23477/2025-12-03/1761886785.json"
"510807","146155","2025-12-03","52.00","NZD","1761886785","23477/2025-12-03/1761886785.json"
"581513","221281","2025-12-04","36.00","NZD","1761886785","23477/2025-12-04/1761886785.json"
"581514","221282","2025-12-04","36.00","NZD","1761886785","23477/2025-12-04/1761886785.json"
"512557","146154","2025-12-04","45.00","NZD","1761886785","23477/2025-12-04/1761886785.json"
"365170","146153","2025-12-04","48.00","NZD","1761886785","23477/2025-12-04/1761886785.json"
"510807","146155","2025-12-04","52.00","NZD","1761886785","23477/2025-12-04/1761886785.json"
"581513","221281","2025-12-05","36.00","NZD","1761886785","23477/2025-12-05/1761886785.json"
"581514","221282","2025-12-05","36.00","NZD","1761886785","23477/2025-12-05/1761886785.json"
"512557","146154","2025-12-05","45.00","NZD","1761886785","23477/2025-12-05/1761886785.json"
"365170","146153","2025-12-05","48.00","NZD","1761886785","23477/2025-12-05/1761886785.json"
"510807","146155","2025-12-05","52.00","NZD","1761886785","23477/2025-12-05/1761886785.json"
"581513","221281","2025-12-06","36.00","NZD","1761886785","23477/2025-12-06/1761886785.json"
"581514","221282","2025-12-06","36.00","NZD","1761886785","23477/2025-12-06/1761886785.json"
"512557","146154","2025-12-06","45.00","NZD","1761886785","23477/2025-12-06/1761886785.json"
"365170","146153","2025-12-06","48.00","NZD","1761886785","23477/2025-12-06/1761886785.json"
"510807","146155","2025-12-06","52.00","NZD","1761886785","23477/2025-12-06/1761886785.json"
"581513","221281","2025-12-07","36.00","NZD","1761886785","23477/2025-12-07/1761886785.json"
"581514","221282","2025-12-07","36.00","NZD","1761886785","23477/2025-12-07/1761886785.json"
"512557","146154","2025-12-07","45.00","NZD","1761886785","23477/2025-12-07/1761886785.json"
"365170","146153","2025-12-07","48.00","NZD","1761886785","23477/2025-12-07/1761886785.json"
"510807","146155","2025-12-07","52.00","NZD","1761886785","23477/2025-12-07/1761886785.json"
"581513","221281","2025-12-08","36.00","NZD","1761886785","23477/2025-12-08/1761886785.json"
"581514","221282","2025-12-08","36.00","NZD","1761886785","23477/2025-12-08/1761886785.json"
"512557","146154","2025-12-08","45.00","NZD","1761886785","23477/2025-12-08/1761886785.json"
"365170","146153","2025-12-08","48.00","NZD","1761886785","23477/2025-12-08/1761886785.json"
"510807","146155","2025-12-08","52.00","NZD","1761886785","23477/2025-12-08/1761886785.json"
"581513","221281","2025-12-09","36.00","NZD","1761886785","23477/2025-12-09/1761886785.json"
"581514","221282","2025-12-09","36.00","NZD","1761886785","23477/2025-12-09/1761886785.json"
"512557","146154","2025-12-09","45.00","NZD","1761886785","23477/2025-12-09/1761886785.json"
"365170","146153","2025-12-09","48.00","NZD","1761886785","23477/2025-12-09/1761886785.json"
"510807","146155","2025-12-09","52.00","NZD","1761886785","23477/2025-12-09/1761886785.json"
"581513","221281","2025-12-10","36.00","NZD","1761886785","23477/2025-12-10/1761886785.json"
"581514","221282","2025-12-10","36.00","NZD","1761886785","23477/2025-12-10/1761886785.json"
"512557","146154","2025-12-10","45.00","NZD","1761886785","23477/2025-12-10/1761886785.json"
"365170","146153","2025-12-10","48.00","NZD","1761886785","23477/2025-12-10/1761886785.json"
"510807","146155","2025-12-10","52.00","NZD","1761886785","23477/2025-12-10/1761886785.json"
"581513","221281","2025-12-11","36.00","NZD","1761886785","23477/2025-12-11/1761886785.json"
"581514","221282","2025-12-11","36.00","NZD","1761886785","23477/2025-12-11/1761886785.json"
"512557","146154","2025-12-11","45.00","NZD","1761886785","23477/2025-12-11/1761886785.json"
"365170","146153","2025-12-11","48.00","NZD","1761886785","23477/2025-12-11/1761886785.json"
"510807","146155","2025-12-11","52.00","NZD","1761886785","23477/2025-12-11/1761886785.json"
"581513","221281","2025-12-12","36.00","NZD","1761886785","23477/2025-12-12/1761886785.json"
"581514","221282","2025-12-12","36.00","NZD","1761886785","23477/2025-12-12/1761886785.json"
"512557","146154","2025-12-12","45.00","NZD","1761886785","23477/2025-12-12/1761886785.json"
"365170","146153","2025-12-12","48.00","NZD","1761886785","23477/2025-12-12/1761886785.json"
"510807","146155","2025-12-12","52.00","NZD","1761886785","23477/2025-12-12/1761886785.json"
"581513","221281","2025-12-13","36.00","NZD","1761886785","23477/2025-12-13/1761886785.json"
"581514","221282","2025-12-13","36.00","NZD","1761886785","23477/2025-12-13/1761886785.json"
"512557","146154","2025-12-13","45.00","NZD","1761886785","23477/2025-12-13/1761886785.json"
"365170","146153","2025-12-13","48.00","NZD","1761886785","23477/2025-12-13/1761886785.json"
"510807","146155","2025-12-13","52.00","NZD","1761886785","23477/2025-12-13/1761886785.json"
"581513","221281","2025-12-14","36.00","NZD","1761886785","23477/2025-12-14/1761886785.json"
"581514","221282","2025-12-14","36.00","NZD","1761886785","23477/2025-12-14/1761886785.json"
"512557","146154","2025-12-14","45.00","NZD","1761886785","23477/2025-12-14/1761886785.json"
"365170","146153","2025-12-14","48.00","NZD","1761886785","23477/2025-12-14/1761886785.json"
"510807","146155","2025-12-14","52.00","NZD","1761886785","23477/2025-12-14/1761886785.json"
"581513","221281","2025-12-15","36.00","NZD","1761886785","23477/2025-12-15/1761886785.json"
"581514","221282","2025-12-15","36.00","NZD","1761886785","23477/2025-12-15/1761886785.json"
"512557","146154","2025-12-15","45.00","NZD","1761886785","23477/2025-12-15/1761886785.json"
"365170","146153","2025-12-15","48.00","NZD","1761886785","23477/2025-12-15/1761886785.json"
"510807","146155","2025-12-15","52.00","NZD","1761886785","23477/2025-12-15/1761886785.json"
"581513","221281","2025-12-16","36.00","NZD","1761886785","23477/2025-12-16/1761886785.json"
"581514","221282","2025-12-16","36.00","NZD","1761886785","23477/2025-12-16/1761886785.json"
"512557","146154","2025-12-16","45.00","NZD","1761886785","23477/2025-12-16/1761886785.json"
"365170","146153","2025-12-16","48.00","NZD","1761886785","23477/2025-12-16/1761886785.json"
"510807","146155","2025-12-16","52.00","NZD","1761886785","23477/2025-12-16/1761886785.json"
"581513","221281","2025-12-17","36.00","NZD","1761886785","23477/2025-12-17/1761886785.json"
"581514","221282","2025-12-17","36.00","NZD","1761886785","23477/2025-12-17/1761886785.json"
"512557","146154","2025-12-17","45.00","NZD","1761886785","23477/2025-12-17/1761886785.json"
"365170","146153","2025-12-17","48.00","NZD","1761886785","23477/2025-12-17/1761886785.json"
"510807","146155","2025-12-17","52.00","NZD","1761886785","23477/2025-12-17/1761886785.json"
"581513","221281","2025-12-18","36.00","NZD","1761886785","23477/2025-12-18/1761886785.json"
"581514","221282","2025-12-18","36.00","NZD","1761886785","23477/2025-12-18/1761886785.json"
"512557","146154","2025-12-18","45.00","NZD","1761886785","23477/2025-12-18/1761886785.json"
"365170","146153","2025-12-18","48.00","NZD","1761886785","23477/2025-12-18/1761886785.json"
"510807","146155","2025-12-18","52.00","NZD","1761886785","23477/2025-12-18/1761886785.json"
"581513","221281","2025-12-19","36.00","NZD","1761886785","23477/2025-12-19/1761886785.json"
"581514","221282","2025-12-19","36.00","NZD","1761886785","23477/2025-12-19/1761886785.json"
"512557","146154","2025-12-19","45.00","NZD","1761886785","23477/2025-12-19/1761886785.json"
"365170","146153","2025-12-19","48.00","NZD","1761886785","23477/2025-12-19/1761886785.json"
"510807","146155","2025-12-19","52.00","NZD","1761886785","23477/2025-12-19/1761886785.json"
"581513","221281","2025-12-20","36.00","NZD","1761886785","23477/2025-12-20/1761886785.json"
"581514","221282","2025-12-20","36.00","NZD","1761886785","23477/2025-12-20/1761886785.json"
"512557","146154","2025-12-20","45.00","NZD","1761886785","23477/2025-12-20/1761886785.json"
"365170","146153","2025-12-20","48.00","NZD","1761886785","23477/2025-12-20/1761886785.json"
"510807","146155","2025-12-20","52.00","NZD","1761886785","23477/2025-12-20/1761886785.json"
"581513","221281","2025-12-21","36.00","NZD","1761886785","23477/2025-12-21/1761886785.json"
"581514","221282","2025-12-21","36.00","NZD","1761886785","23477/2025-12-21/1761886785.json"
"512557","146154","2025-12-21","45.00","NZD","1761886785","23477/2025-12-21/1761886785.json"
"365170","146153","2025-12-21","48.00","NZD","1761886785","23477/2025-12-21/1761886785.json"
"510807","146155","2025-12-21","52.00","NZD","1761886785","23477/2025-12-21/1761886785.json"
"581513","221281","2025-12-22","36.00","NZD","1761886785","23477/2025-12-22/1761886785.json"
"581514","221282","2025-12-22","36.00","NZD","1761886785","23477/2025-12-22/1761886785.json"
"512557","146154","2025-12-22","45.00","NZD","1761886785","23477/2025-12-22/1761886785.json"
"365170","146153","2025-12-22","48.00","NZD","1761886785","23477/2025-12-22/1761886785.json"
"510807","146155","2025-12-22","52.00","NZD","1761886785","23477/2025-12-22/1761886785.json"
"581513","221281","2025-12-23","38.00","NZD","1761886785","23477/2025-12-23/1761886785.json"
"581514","221282","2025-12-23","38.00","NZD","1761886785","23477/2025-12-23/1761886785.json"
"512557","146154","2025-12-23","45.00","NZD","1761886785","23477/2025-12-23/1761886785.json"
"365170","146153","2025-12-23","48.00","NZD","1761886785","23477/2025-12-23/1761886785.json"
"510807","146155","2025-12-23","52.00","NZD","1761886785","23477/2025-12-23/1761886785.json"
"581513","221281","2025-12-24","38.00","NZD","1761886785","23477/2025-12-24/1761886785.json"
"581514","221282","2025-12-24","38.00","NZD","1761886785","23477/2025-12-24/1761886785.json"
"512557","146154","2025-12-24","45.00","NZD","1761886785","23477/2025-12-24/1761886785.json"
"365170","146153","2025-12-24","48.00","NZD","1761886785","23477/2025-12-24/1761886785.json"
"510807","146155","2025-12-24","52.00","NZD","1761886785","23477/2025-12-24/1761886785.json"
"581513","221281","2025-12-25","38.00","NZD","1761886785","23477/2025-12-25/1761886785.json"
"581514","221282","2025-12-25","38.00","NZD","1761886785","23477/2025-12-25/1761886785.json"
"512557","146154","2025-12-25","45.00","NZD","1761886785","23477/2025-12-25/1761886785.json"
"365170","146153","2025-12-25","48.00","NZD","1761886785","23477/2025-12-25/1761886785.json"
"510807","146155","2025-12-25","52.00","NZD","1761886785","23477/2025-12-25/1761886785.json"
"581513","221281","2025-12-27","42.00","NZD","1761886785","23477/2025-12-27/1761886785.json"
"581514","221282","2025-12-27","42.00","NZD","1761886785","23477/2025-12-27/1761886785.json"
"512557","146154","2025-12-27","45.00","NZD","1761886785","23477/2025-12-27/1761886785.json"
"365170","146153","2025-12-27","48.00","NZD","1761886785","23477/2025-12-27/1761886785.json"
"510807","146155","2025-12-27","52.00","NZD","1761886785","23477/2025-12-27/1761886785.json"
"581513","221281","2025-12-28","42.00","NZD","1761886785","23477/2025-12-28/1761886785.json"
"581514","221282","2025-12-28","42.00","NZD","1761886785","23477/2025-12-28/1761886785.json"
"512557","146154","2025-12-28","45.00","NZD","1761886785","23477/2025-12-28/1761886785.json"
"365170","146153","2025-12-28","48.00","NZD","1761886785","23477/2025-12-28/1761886785.json"
"510807","146155","2025-12-28","52.00","NZD","1761886785","23477/2025-12-28/1761886785.json"
"581513","221281","2025-12-29","42.00","NZD","1761886785","23477/2025-12-29/1761886785.json"
"581514","221282","2025-12-29","42.00","NZD","1761886785","23477/2025-12-29/1761886785.json"
"512557","146154","2025-12-29","45.00","NZD","1761886785","23477/2025-12-29/1761886785.json"
"365170","146153","2025-12-29","48.00","NZD","1761886785","23477/2025-12-29/1761886785.json"
"510807","146155","2025-12-29","52.00","NZD","1761886785","23477/2025-12-29/1761886785.json"
"581513","221281","2025-12-26","42.00","NZD","1761886785","23477/2025-12-26/1761886785.json"
"581514","221282","2025-12-26","42.00","NZD","1761886785","23477/2025-12-26/1761886785.json"
"512557","146154","2025-12-26","45.00","NZD","1761886785","23477/2025-12-26/1761886785.json"
"365170","146153","2025-12-26","48.00","NZD","1761886785","23477/2025-12-26/1761886785.json"
"510807","146155","2025-12-26","52.00","NZD","1761886785","23477/2025-12-26/1761886785.json"
"581513","221281","2025-12-30","42.00","NZD","1761886785","23477/2025-12-30/1761886785.json"
"581514","221282","2025-12-30","42.00","NZD","1761886785","23477/2025-12-30/1761886785.json"
"512557","146154","2025-12-30","45.00","NZD","1761886785","23477/2025-12-30/1761886785.json"
"365170","146153","2025-12-30","48.00","NZD","1761886785","23477/2025-12-30/1761886785.json"
"510807","146155","2025-12-30","52.00","NZD","1761886785","23477/2025-12-30/1761886785.json"
"581513","221281","2025-11-03","36.00","NZD","1761901474","23477/2025-11-03/1761901474.json"
"581514","221282","2025-11-03","36.00","NZD","1761901474","23477/2025-11-03/1761901474.json"
"512557","146154","2025-11-03","45.00","NZD","1761901474","23477/2025-11-03/1761901474.json"
"365170","146153","2025-11-03","48.00","NZD","1761901474","23477/2025-11-03/1761901474.json"
"510807","146155","2025-11-03","52.00","NZD","1761901474","23477/2025-11-03/1761901474.json"
"581513","221281","2025-11-02","36.00","NZD","1761901474","23477/2025-11-02/1761901474.json"
"581514","221282","2025-11-02","36.00","NZD","1761901474","23477/2025-11-02/1761901474.json"
"512557","146154","2025-11-02","45.00","NZD","1761901474","23477/2025-11-02/1761901474.json"
"365170","146153","2025-11-02","48.00","NZD","1761901474","23477/2025-11-02/1761901474.json"
"510807","146155","2025-11-02","52.00","NZD","1761901474","23477/2025-11-02/1761901474.json"
"581513","221281","2025-10-31","36.00","NZD","1761901474","23477/2025-10-31/1761901474.json"
"581514","221282","2025-10-31","36.00","NZD","1761901474","23477/2025-10-31/1761901474.json"
"512557","146154","2025-10-31","45.00","NZD","1761901474","23477/2025-10-31/1761901474.json"
"365170","146153","2025-10-31","48.00","NZD","1761901474","23477/2025-10-31/1761901474.json"
"510807","146155","2025-10-31","52.00","NZD","1761901474","23477/2025-10-31/1761901474.json"
"581513","221281","2025-11-01","36.00","NZD","1761901474","23477/2025-11-01/1761901474.json"
"581514","221282","2025-11-01","36.00","NZD","1761901474","23477/2025-11-01/1761901474.json"
"512557","146154","2025-11-01","45.00","NZD","1761901474","23477/2025-11-01/1761901474.json"
"365170","146153","2025-11-01","48.00","NZD","1761901474","23477/2025-11-01/1761901474.json"
"510807","146155","2025-11-01","52.00","NZD","1761901474","23477/2025-11-01/1761901474.json"
"581513","221281","2025-11-04","36.00","NZD","1761901474","23477/2025-11-04/1761901474.json"
"581514","221282","2025-11-04","36.00","NZD","1761901474","23477/2025-11-04/1761901474.json"
"512557","146154","2025-11-04","45.00","NZD","1761901474","23477/2025-11-04/1761901474.json"
"365170","146153","2025-11-04","48.00","NZD","1761901474","23477/2025-11-04/1761901474.json"
"510807","146155","2025-11-04","52.00","NZD","1761901474","23477/2025-11-04/1761901474.json"
"581513","221281","2025-11-05","36.00","NZD","1761901474","23477/2025-11-05/1761901474.json"
"581514","221282","2025-11-05","36.00","NZD","1761901474","23477/2025-11-05/1761901474.json"
"512557","146154","2025-11-05","45.00","NZD","1761901474","23477/2025-11-05/1761901474.json"
"365170","146153","2025-11-05","48.00","NZD","1761901474","23477/2025-11-05/1761901474.json"
"510807","146155","2025-11-05","52.00","NZD","1761901474","23477/2025-11-05/1761901474.json"
"581513","221281","2025-11-06","36.00","NZD","1761901474","23477/2025-11-06/1761901474.json"
"581514","221282","2025-11-06","36.00","NZD","1761901474","23477/2025-11-06/1761901474.json"
"512557","146154","2025-11-06","45.00","NZD","1761901474","23477/2025-11-06/1761901474.json"
"365170","146153","2025-11-06","48.00","NZD","1761901474","23477/2025-11-06/1761901474.json"
"510807","146155","2025-11-06","52.00","NZD","1761901474","23477/2025-11-06/1761901474.json"
"581513","221281","2025-11-07","36.00","NZD","1761901474","23477/2025-11-07/1761901474.json"
"581514","221282","2025-11-07","36.00","NZD","1761901474","23477/2025-11-07/1761901474.json"
"512557","146154","2025-11-07","45.00","NZD","1761901474","23477/2025-11-07/1761901474.json"
"365170","146153","2025-11-07","48.00","NZD","1761901474","23477/2025-11-07/1761901474.json"
"510807","146155","2025-11-07","52.00","NZD","1761901474","23477/2025-11-07/1761901474.json"
"581513","221281","2025-11-08","36.00","NZD","1761901474","23477/2025-11-08/1761901474.json"
"581514","221282","2025-11-08","36.00","NZD","1761901474","23477/2025-11-08/1761901474.json"
"512557","146154","2025-11-08","45.00","NZD","1761901474","23477/2025-11-08/1761901474.json"
"365170","146153","2025-11-08","48.00","NZD","1761901474","23477/2025-11-08/1761901474.json"
"510807","146155","2025-11-08","52.00","NZD","1761901474","23477/2025-11-08/1761901474.json"
"581513","221281","2025-11-09","36.00","NZD","1761901474","23477/2025-11-09/1761901474.json"
"581514","221282","2025-11-09","36.00","NZD","1761901474","23477/2025-11-09/1761901474.json"
"512557","146154","2025-11-09","45.00","NZD","1761901474","23477/2025-11-09/1761901474.json"
"365170","146153","2025-11-09","48.00","NZD","1761901474","23477/2025-11-09/1761901474.json"
"510807","146155","2025-11-09","52.00","NZD","1761901474","23477/2025-11-09/1761901474.json"
"581513","221281","2025-11-10","36.00","NZD","1761901474","23477/2025-11-10/1761901474.json"
"581514","221282","2025-11-10","36.00","NZD","1761901474","23477/2025-11-10/1761901474.json"
"512557","146154","2025-11-10","45.00","NZD","1761901474","23477/2025-11-10/1761901474.json"
"365170","146153","2025-11-10","48.00","NZD","1761901474","23477/2025-11-10/1761901474.json"
"510807","146155","2025-11-10","52.00","NZD","1761901474","23477/2025-11-10/1761901474.json"
"581513","221281","2025-11-11","36.00","NZD","1761901474","23477/2025-11-11/1761901474.json"
"581514","221282","2025-11-11","36.00","NZD","1761901474","23477/2025-11-11/1761901474.json"
"512557","146154","2025-11-11","45.00","NZD","1761901474","23477/2025-11-11/1761901474.json"
"365170","146153","2025-11-11","48.00","NZD","1761901474","23477/2025-11-11/1761901474.json"
"510807","146155","2025-11-11","52.00","NZD","1761901474","23477/2025-11-11/1761901474.json"
"581513","221281","2025-11-13","36.00","NZD","1761901474","23477/2025-11-13/1761901474.json"
"581514","221282","2025-11-13","36.00","NZD","1761901474","23477/2025-11-13/1761901474.json"
"512557","146154","2025-11-13","45.00","NZD","1761901474","23477/2025-11-13/1761901474.json"
"365170","146153","2025-11-13","48.00","NZD","1761901474","23477/2025-11-13/1761901474.json"
"510807","146155","2025-11-13","52.00","NZD","1761901474","23477/2025-11-13/1761901474.json"
"581513","221281","2025-11-12","36.00","NZD","1761901474","23477/2025-11-12/1761901474.json"
"581514","221282","2025-11-12","36.00","NZD","1761901474","23477/2025-11-12/1761901474.json"
"512557","146154","2025-11-12","45.00","NZD","1761901474","23477/2025-11-12/1761901474.json"
"365170","146153","2025-11-12","48.00","NZD","1761901474","23477/2025-11-12/1761901474.json"
"510807","146155","2025-11-12","52.00","NZD","1761901474","23477/2025-11-12/1761901474.json"
"581513","221281","2025-11-14","36.00","NZD","1761901474","23477/2025-11-14/1761901474.json"
"581514","221282","2025-11-14","36.00","NZD","1761901474","23477/2025-11-14/1761901474.json"
"512557","146154","2025-11-14","45.00","NZD","1761901474","23477/2025-11-14/1761901474.json"
"365170","146153","2025-11-14","48.00","NZD","1761901474","23477/2025-11-14/1761901474.json"
"510807","146155","2025-11-14","52.00","NZD","1761901474","23477/2025-11-14/1761901474.json"
"581513","221281","2025-11-15","36.00","NZD","1761901474","23477/2025-11-15/1761901474.json"
"581514","221282","2025-11-15","36.00","NZD","1761901474","23477/2025-11-15/1761901474.json"
"512557","146154","2025-11-15","45.00","NZD","1761901474","23477/2025-11-15/1761901474.json"
"365170","146153","2025-11-15","48.00","NZD","1761901474","23477/2025-11-15/1761901474.json"
"510807","146155","2025-11-15","52.00","NZD","1761901474","23477/2025-11-15/1761901474.json"
"581513","221281","2025-11-17","36.00","NZD","1761901474","23477/2025-11-17/1761901474.json"
"581514","221282","2025-11-17","36.00","NZD","1761901474","23477/2025-11-17/1761901474.json"
"512557","146154","2025-11-17","45.00","NZD","1761901474","23477/2025-11-17/1761901474.json"
"365170","146153","2025-11-17","48.00","NZD","1761901474","23477/2025-11-17/1761901474.json"
"510807","146155","2025-11-17","52.00","NZD","1761901474","23477/2025-11-17/1761901474.json"
"581513","221281","2025-11-18","36.00","NZD","1761901474","23477/2025-11-18/1761901474.json"
"581514","221282","2025-11-18","36.00","NZD","1761901474","23477/2025-11-18/1761901474.json"
"512557","146154","2025-11-18","45.00","NZD","1761901474","23477/2025-11-18/1761901474.json"
"365170","146153","2025-11-18","48.00","NZD","1761901474","23477/2025-11-18/1761901474.json"
"510807","146155","2025-11-18","52.00","NZD","1761901474","23477/2025-11-18/1761901474.json"
"581513","221281","2025-11-16","36.00","NZD","1761901474","23477/2025-11-16/1761901474.json"
"581514","221282","2025-11-16","36.00","NZD","1761901474","23477/2025-11-16/1761901474.json"
"512557","146154","2025-11-16","45.00","NZD","1761901474","23477/2025-11-16/1761901474.json"
"365170","146153","2025-11-16","48.00","NZD","1761901474","23477/2025-11-16/1761901474.json"
"510807","146155","2025-11-16","52.00","NZD","1761901474","23477/2025-11-16/1761901474.json"
"581513","221281","2025-11-19","36.00","NZD","1761901474","23477/2025-11-19/1761901474.json"
"581514","221282","2025-11-19","36.00","NZD","1761901474","23477/2025-11-19/1761901474.json"
"512557","146154","2025-11-19","45.00","NZD","1761901474","23477/2025-11-19/1761901474.json"
"365170","146153","2025-11-19","48.00","NZD","1761901474","23477/2025-11-19/1761901474.json"
"510807","146155","2025-11-19","52.00","NZD","1761901474","23477/2025-11-19/1761901474.json"
"581513","221281","2025-11-21","36.00","NZD","1761901474","23477/2025-11-21/1761901474.json"
"581514","221282","2025-11-21","36.00","NZD","1761901474","23477/2025-11-21/1761901474.json"
"512557","146154","2025-11-21","45.00","NZD","1761901474","23477/2025-11-21/1761901474.json"
"365170","146153","2025-11-21","48.00","NZD","1761901474","23477/2025-11-21/1761901474.json"
"510807","146155","2025-11-21","52.00","NZD","1761901474","23477/2025-11-21/1761901474.json"
"581513","221281","2025-11-20","36.00","NZD","1761901474","23477/2025-11-20/1761901474.json"
"581514","221282","2025-11-20","36.00","NZD","1761901474","23477/2025-11-20/1761901474.json"
"512557","146154","2025-11-20","45.00","NZD","1761901474","23477/2025-11-20/1761901474.json"
"581513","221281","2025-11-23","36.00","NZD","1761901474","23477/2025-11-23/1761901474.json"
"581514","221282","2025-11-23","36.00","NZD","1761901474","23477/2025-11-23/1761901474.json"
"512557","146154","2025-11-23","45.00","NZD","1761901474","23477/2025-11-23/1761901474.json"
"365170","146153","2025-11-23","48.00","NZD","1761901474","23477/2025-11-23/1761901474.json"
"510807","146155","2025-11-23","52.00","NZD","1761901474","23477/2025-11-23/1761901474.json"
"581513","221281","2025-11-22","36.00","NZD","1761901474","23477/2025-11-22/1761901474.json"
"581514","221282","2025-11-22","36.00","NZD","1761901474","23477/2025-11-22/1761901474.json"
"512557","146154","2025-11-22","45.00","NZD","1761901474","23477/2025-11-22/1761901474.json"
"365170","146153","2025-11-22","48.00","NZD","1761901474","23477/2025-11-22/1761901474.json"
"510807","146155","2025-11-22","52.00","NZD","1761901474","23477/2025-11-22/1761901474.json"
"581513","221281","2025-11-24","36.00","NZD","1761901474","23477/2025-11-24/1761901474.json"
"581514","221282","2025-11-24","36.00","NZD","1761901474","23477/2025-11-24/1761901474.json"
"512557","146154","2025-11-24","45.00","NZD","1761901474","23477/2025-11-24/1761901474.json"
"365170","146153","2025-11-24","48.00","NZD","1761901474","23477/2025-11-24/1761901474.json"
"510807","146155","2025-11-24","52.00","NZD","1761901474","23477/2025-11-24/1761901474.json"
"581513","221281","2025-11-25","36.00","NZD","1761901474","23477/2025-11-25/1761901474.json"
"581514","221282","2025-11-25","36.00","NZD","1761901474","23477/2025-11-25/1761901474.json"
"512557","146154","2025-11-25","45.00","NZD","1761901474","23477/2025-11-25/1761901474.json"
"365170","146153","2025-11-25","48.00","NZD","1761901474","23477/2025-11-25/1761901474.json"
"510807","146155","2025-11-25","52.00","NZD","1761901474","23477/2025-11-25/1761901474.json"
"581513","221281","2025-11-26","36.00","NZD","1761901474","23477/2025-11-26/1761901474.json"
"581514","221282","2025-11-26","36.00","NZD","1761901474","23477/2025-11-26/1761901474.json"
"512557","146154","2025-11-26","45.00","NZD","1761901474","23477/2025-11-26/1761901474.json"
"365170","146153","2025-11-26","48.00","NZD","1761901474","23477/2025-11-26/1761901474.json"
"510807","146155","2025-11-26","52.00","NZD","1761901474","23477/2025-11-26/1761901474.json"
"581513","221281","2025-11-27","36.00","NZD","1761901474","23477/2025-11-27/1761901474.json"
"581514","221282","2025-11-27","36.00","NZD","1761901474","23477/2025-11-27/1761901474.json"
"512557","146154","2025-11-27","45.00","NZD","1761901474","23477/2025-11-27/1761901474.json"
"365170","146153","2025-11-27","48.00","NZD","1761901474","23477/2025-11-27/1761901474.json"
"510807","146155","2025-11-27","52.00","NZD","1761901474","23477/2025-11-27/1761901474.json"
"581513","221281","2025-11-28","36.00","NZD","1761901474","23477/2025-11-28/1761901474.json"
"581514","221282","2025-11-28","36.00","NZD","1761901474","23477/2025-11-28/1761901474.json"
"512557","146154","2025-11-28","45.00","NZD","1761901474","23477/2025-11-28/1761901474.json"
"365170","146153","2025-11-28","48.00","NZD","1761901474","23477/2025-11-28/1761901474.json"
"510807","146155","2025-11-28","52.00","NZD","1761901474","23477/2025-11-28/1761901474.json"
"581513","221281","2025-11-29","36.00","NZD","1761901474","23477/2025-11-29/1761901474.json"
"581514","221282","2025-11-29","36.00","NZD","1761901474","23477/2025-11-29/1761901474.json"
"512557","146154","2025-11-29","45.00","NZD","1761901474","23477/2025-11-29/1761901474.json"
"365170","146153","2025-11-29","48.00","NZD","1761901474","23477/2025-11-29/1761901474.json"
"510807","146155","2025-11-29","52.00","NZD","1761901474","23477/2025-11-29/1761901474.json"
"581513","221281","2025-11-30","36.00","NZD","1761901474","23477/2025-11-30/1761901474.json"
"581514","221282","2025-11-30","36.00","NZD","1761901474","23477/2025-11-30/1761901474.json"
"512557","146154","2025-11-30","45.00","NZD","1761901474","23477/2025-11-30/1761901474.json"
"365170","146153","2025-11-30","48.00","NZD","1761901474","23477/2025-11-30/1761901474.json"
"510807","146155","2025-11-30","52.00","NZD","1761901474","23477/2025-11-30/1761901474.json"
"581513","221281","2025-12-02","36.00","NZD","1761901474","23477/2025-12-02/1761901474.json"
"581514","221282","2025-12-02","36.00","NZD","1761901474","23477/2025-12-02/1761901474.json"
"512557","146154","2025-12-02","45.00","NZD","1761901474","23477/2025-12-02/1761901474.json"
"365170","146153","2025-12-02","48.00","NZD","1761901474","23477/2025-12-02/1761901474.json"
"510807","146155","2025-12-02","52.00","NZD","1761901474","23477/2025-12-02/1761901474.json"
"581513","221281","2025-12-01","36.00","NZD","1761901474","23477/2025-12-01/1761901474.json"
"581514","221282","2025-12-01","36.00","NZD","1761901474","23477/2025-12-01/1761901474.json"
"512557","146154","2025-12-01","45.00","NZD","1761901474","23477/2025-12-01/1761901474.json"
"365170","146153","2025-12-01","48.00","NZD","1761901474","23477/2025-12-01/1761901474.json"
"510807","146155","2025-12-01","52.00","NZD","1761901474","23477/2025-12-01/1761901474.json"
"581513","221281","2025-12-03","36.00","NZD","1761901474","23477/2025-12-03/1761901474.json"
"581514","221282","2025-12-03","36.00","NZD","1761901474","23477/2025-12-03/1761901474.json"
"512557","146154","2025-12-03","45.00","NZD","1761901474","23477/2025-12-03/1761901474.json"
"365170","146153","2025-12-03","48.00","NZD","1761901474","23477/2025-12-03/1761901474.json"
"510807","146155","2025-12-03","52.00","NZD","1761901474","23477/2025-12-03/1761901474.json"
"581513","221281","2025-12-04","36.00","NZD","1761901474","23477/2025-12-04/1761901474.json"
"581514","221282","2025-12-04","36.00","NZD","1761901474","23477/2025-12-04/1761901474.json"
"512557","146154","2025-12-04","45.00","NZD","1761901474","23477/2025-12-04/1761901474.json"
"365170","146153","2025-12-04","48.00","NZD","1761901474","23477/2025-12-04/1761901474.json"
"510807","146155","2025-12-04","52.00","NZD","1761901474","23477/2025-12-04/1761901474.json"
"581513","221281","2025-12-06","36.00","NZD","1761901474","23477/2025-12-06/1761901474.json"
"581513","221281","2025-12-05","36.00","NZD","1761901474","23477/2025-12-05/1761901474.json"
"581514","221282","2025-12-06","36.00","NZD","1761901474","23477/2025-12-06/1761901474.json"
"581514","221282","2025-12-05","36.00","NZD","1761901474","23477/2025-12-05/1761901474.json"
"512557","146154","2025-12-05","45.00","NZD","1761901474","23477/2025-12-05/1761901474.json"
"512557","146154","2025-12-06","45.00","NZD","1761901474","23477/2025-12-06/1761901474.json"
"365170","146153","2025-12-05","48.00","NZD","1761901474","23477/2025-12-05/1761901474.json"
"365170","146153","2025-12-06","48.00","NZD","1761901474","23477/2025-12-06/1761901474.json"
"510807","146155","2025-12-05","52.00","NZD","1761901474","23477/2025-12-05/1761901474.json"
"510807","146155","2025-12-06","52.00","NZD","1761901474","23477/2025-12-06/1761901474.json"
"581513","221281","2025-12-08","36.00","NZD","1761901474","23477/2025-12-08/1761901474.json"
"581514","221282","2025-12-08","36.00","NZD","1761901474","23477/2025-12-08/1761901474.json"
"512557","146154","2025-12-08","45.00","NZD","1761901474","23477/2025-12-08/1761901474.json"
"365170","146153","2025-12-08","48.00","NZD","1761901474","23477/2025-12-08/1761901474.json"
"510807","146155","2025-12-08","52.00","NZD","1761901474","23477/2025-12-08/1761901474.json"
"581513","221281","2025-12-07","36.00","NZD","1761901474","23477/2025-12-07/1761901474.json"
"581514","221282","2025-12-07","36.00","NZD","1761901474","23477/2025-12-07/1761901474.json"
"512557","146154","2025-12-07","45.00","NZD","1761901474","23477/2025-12-07/1761901474.json"
"365170","146153","2025-12-07","48.00","NZD","1761901474","23477/2025-12-07/1761901474.json"
"510807","146155","2025-12-07","52.00","NZD","1761901474","23477/2025-12-07/1761901474.json"
"581513","221281","2025-12-09","36.00","NZD","1761901474","23477/2025-12-09/1761901474.json"
"581514","221282","2025-12-09","36.00","NZD","1761901474","23477/2025-12-09/1761901474.json"
"512557","146154","2025-12-09","45.00","NZD","1761901474","23477/2025-12-09/1761901474.json"
"365170","146153","2025-12-09","48.00","NZD","1761901474","23477/2025-12-09/1761901474.json"
"510807","146155","2025-12-09","52.00","NZD","1761901474","23477/2025-12-09/1761901474.json"
"581513","221281","2025-12-10","36.00","NZD","1761901474","23477/2025-12-10/1761901474.json"
"581514","221282","2025-12-10","36.00","NZD","1761901474","23477/2025-12-10/1761901474.json"
"512557","146154","2025-12-10","45.00","NZD","1761901474","23477/2025-12-10/1761901474.json"
"365170","146153","2025-12-10","48.00","NZD","1761901474","23477/2025-12-10/1761901474.json"
"510807","146155","2025-12-10","52.00","NZD","1761901474","23477/2025-12-10/1761901474.json"
"581513","221281","2025-12-12","36.00","NZD","1761901474","23477/2025-12-12/1761901474.json"
"581514","221282","2025-12-12","36.00","NZD","1761901474","23477/2025-12-12/1761901474.json"
"512557","146154","2025-12-12","45.00","NZD","1761901474","23477/2025-12-12/1761901474.json"
"365170","146153","2025-12-12","48.00","NZD","1761901474","23477/2025-12-12/1761901474.json"
"510807","146155","2025-12-12","52.00","NZD","1761901474","23477/2025-12-12/1761901474.json"
"581513","221281","2025-12-11","36.00","NZD","1761901474","23477/2025-12-11/1761901474.json"
"581514","221282","2025-12-11","36.00","NZD","1761901474","23477/2025-12-11/1761901474.json"
"512557","146154","2025-12-11","45.00","NZD","1761901474","23477/2025-12-11/1761901474.json"
"365170","146153","2025-12-11","48.00","NZD","1761901474","23477/2025-12-11/1761901474.json"
"510807","146155","2025-12-11","52.00","NZD","1761901474","23477/2025-12-11/1761901474.json"
"581513","221281","2025-12-13","36.00","NZD","1761901474","23477/2025-12-13/1761901474.json"
"581514","221282","2025-12-13","36.00","NZD","1761901474","23477/2025-12-13/1761901474.json"
"512557","146154","2025-12-13","45.00","NZD","1761901474","23477/2025-12-13/1761901474.json"
"365170","146153","2025-12-13","48.00","NZD","1761901474","23477/2025-12-13/1761901474.json"
"510807","146155","2025-12-13","52.00","NZD","1761901474","23477/2025-12-13/1761901474.json"
"581513","221281","2025-12-14","36.00","NZD","1761901474","23477/2025-12-14/1761901474.json"
"581514","221282","2025-12-14","36.00","NZD","1761901474","23477/2025-12-14/1761901474.json"
"512557","146154","2025-12-14","45.00","NZD","1761901474","23477/2025-12-14/1761901474.json"
"365170","146153","2025-12-14","48.00","NZD","1761901474","23477/2025-12-14/1761901474.json"
"510807","146155","2025-12-14","52.00","NZD","1761901474","23477/2025-12-14/1761901474.json"
"581513","221281","2025-12-15","36.00","NZD","1761901474","23477/2025-12-15/1761901474.json"
"581514","221282","2025-12-15","36.00","NZD","1761901474","23477/2025-12-15/1761901474.json"
"512557","146154","2025-12-15","45.00","NZD","1761901474","23477/2025-12-15/1761901474.json"
"365170","146153","2025-12-15","48.00","NZD","1761901474","23477/2025-12-15/1761901474.json"
"510807","146155","2025-12-15","52.00","NZD","1761901474","23477/2025-12-15/1761901474.json"
"581513","221281","2025-12-16","36.00","NZD","1761901474","23477/2025-12-16/1761901474.json"
"581514","221282","2025-12-16","36.00","NZD","1761901474","23477/2025-12-16/1761901474.json"
"512557","146154","2025-12-16","45.00","NZD","1761901474","23477/2025-12-16/1761901474.json"
"365170","146153","2025-12-16","48.00","NZD","1761901474","23477/2025-12-16/1761901474.json"
"510807","146155","2025-12-16","52.00","NZD","1761901474","23477/2025-12-16/1761901474.json"
"581513","221281","2025-12-17","36.00","NZD","1761901474","23477/2025-12-17/1761901474.json"
"581514","221282","2025-12-17","36.00","NZD","1761901474","23477/2025-12-17/1761901474.json"
"512557","146154","2025-12-17","45.00","NZD","1761901474","23477/2025-12-17/1761901474.json"
"365170","146153","2025-12-17","48.00","NZD","1761901474","23477/2025-12-17/1761901474.json"
"510807","146155","2025-12-17","52.00","NZD","1761901474","23477/2025-12-17/1761901474.json"
"581513","221281","2025-12-18","36.00","NZD","1761901474","23477/2025-12-18/1761901474.json"
"581514","221282","2025-12-18","36.00","NZD","1761901474","23477/2025-12-18/1761901474.json"
"512557","146154","2025-12-18","45.00","NZD","1761901474","23477/2025-12-18/1761901474.json"
"365170","146153","2025-12-18","48.00","NZD","1761901474","23477/2025-12-18/1761901474.json"
"510807","146155","2025-12-18","52.00","NZD","1761901474","23477/2025-12-18/1761901474.json"
"581513","221281","2025-12-19","36.00","NZD","1761901474","23477/2025-12-19/1761901474.json"
"581514","221282","2025-12-19","36.00","NZD","1761901474","23477/2025-12-19/1761901474.json"
"512557","146154","2025-12-19","45.00","NZD","1761901474","23477/2025-12-19/1761901474.json"
"365170","146153","2025-12-19","48.00","NZD","1761901474","23477/2025-12-19/1761901474.json"
"510807","146155","2025-12-19","52.00","NZD","1761901474","23477/2025-12-19/1761901474.json"
"581513","221281","2025-12-20","36.00","NZD","1761901474","23477/2025-12-20/1761901474.json"
"581514","221282","2025-12-20","36.00","NZD","1761901474","23477/2025-12-20/1761901474.json"
"512557","146154","2025-12-20","45.00","NZD","1761901474","23477/2025-12-20/1761901474.json"
"365170","146153","2025-12-20","48.00","NZD","1761901474","23477/2025-12-20/1761901474.json"
"510807","146155","2025-12-20","52.00","NZD","1761901474","23477/2025-12-20/1761901474.json"
"581513","221281","2025-12-21","36.00","NZD","1761901474","23477/2025-12-21/1761901474.json"
"581514","221282","2025-12-21","36.00","NZD","1761901474","23477/2025-12-21/1761901474.json"
"512557","146154","2025-12-21","45.00","NZD","1761901474","23477/2025-12-21/1761901474.json"
"365170","146153","2025-12-21","48.00","NZD","1761901474","23477/2025-12-21/1761901474.json"
"510807","146155","2025-12-21","52.00","NZD","1761901474","23477/2025-12-21/1761901474.json"
"581513","221281","2025-12-22","36.00","NZD","1761901474","23477/2025-12-22/1761901474.json"
"581514","221282","2025-12-22","36.00","NZD","1761901474","23477/2025-12-22/1761901474.json"
"512557","146154","2025-12-22","45.00","NZD","1761901474","23477/2025-12-22/1761901474.json"
"365170","146153","2025-12-22","48.00","NZD","1761901474","23477/2025-12-22/1761901474.json"
"510807","146155","2025-12-22","52.00","NZD","1761901474","23477/2025-12-22/1761901474.json"
"581513","221281","2025-12-23","38.00","NZD","1761901474","23477/2025-12-23/1761901474.json"
"581514","221282","2025-12-23","38.00","NZD","1761901474","23477/2025-12-23/1761901474.json"
"512557","146154","2025-12-23","45.00","NZD","1761901474","23477/2025-12-23/1761901474.json"
"365170","146153","2025-12-23","48.00","NZD","1761901474","23477/2025-12-23/1761901474.json"
"510807","146155","2025-12-23","52.00","NZD","1761901474","23477/2025-12-23/1761901474.json"
"581513","221281","2025-12-24","38.00","NZD","1761901474","23477/2025-12-24/1761901474.json"
"581514","221282","2025-12-24","38.00","NZD","1761901474","23477/2025-12-24/1761901474.json"
"512557","146154","2025-12-24","45.00","NZD","1761901474","23477/2025-12-24/1761901474.json"
"365170","146153","2025-12-24","48.00","NZD","1761901474","23477/2025-12-24/1761901474.json"
"510807","146155","2025-12-24","52.00","NZD","1761901474","23477/2025-12-24/1761901474.json"
"581513","221281","2025-12-25","38.00","NZD","1761901474","23477/2025-12-25/1761901474.json"
"581514","221282","2025-12-25","38.00","NZD","1761901474","23477/2025-12-25/1761901474.json"
"512557","146154","2025-12-25","45.00","NZD","1761901474","23477/2025-12-25/1761901474.json"
"365170","146153","2025-12-25","48.00","NZD","1761901474","23477/2025-12-25/1761901474.json"
"510807","146155","2025-12-25","52.00","NZD","1761901474","23477/2025-12-25/1761901474.json"
"581513","221281","2025-12-26","42.00","NZD","1761901474","23477/2025-12-26/1761901474.json"
"581514","221282","2025-12-26","42.00","NZD","1761901474","23477/2025-12-26/1761901474.json"
"512557","146154","2025-12-26","45.00","NZD","1761901474","23477/2025-12-26/1761901474.json"
"365170","146153","2025-12-26","48.00","NZD","1761901474","23477/2025-12-26/1761901474.json"
"510807","146155","2025-12-26","52.00","NZD","1761901474","23477/2025-12-26/1761901474.json"
"581513","221281","2025-12-27","42.00","NZD","1761901474","23477/2025-12-27/1761901474.json"
"581514","221282","2025-12-27","42.00","NZD","1761901474","23477/2025-12-27/1761901474.json"
"512557","146154","2025-12-27","45.00","NZD","1761901474","23477/2025-12-27/1761901474.json"
"365170","146153","2025-12-27","48.00","NZD","1761901474","23477/2025-12-27/1761901474.json"
"510807","146155","2025-12-27","52.00","NZD","1761901474","23477/2025-12-27/1761901474.json"
"581513","221281","2025-12-29","42.00","NZD","1761901474","23477/2025-12-29/1761901474.json"
"581514","221282","2025-12-29","42.00","NZD","1761901474","23477/2025-12-29/1761901474.json"
"512557","146154","2025-12-29","45.00","NZD","1761901474","23477/2025-12-29/1761901474.json"
"365170","146153","2025-12-29","48.00","NZD","1761901474","23477/2025-12-29/1761901474.json"
"510807","146155","2025-12-29","52.00","NZD","1761901474","23477/2025-12-29/1761901474.json"
"581513","221281","2025-12-28","42.00","NZD","1761901474","23477/2025-12-28/1761901474.json"
"581514","221282","2025-12-28","42.00","NZD","1761901474","23477/2025-12-28/1761901474.json"
"512557","146154","2025-12-28","45.00","NZD","1761901474","23477/2025-12-28/1761901474.json"
"365170","146153","2025-12-28","48.00","NZD","1761901474","23477/2025-12-28/1761901474.json"
"510807","146155","2025-12-28","52.00","NZD","1761901474","23477/2025-12-28/1761901474.json"
"581513","221281","2025-12-30","42.00","NZD","1761901474","23477/2025-12-30/1761901474.json"
"581514","221282","2025-12-30","42.00","NZD","1761901474","23477/2025-12-30/1761901474.json"
"512557","146154","2025-12-30","45.00","NZD","1761901474","23477/2025-12-30/1761901474.json"
"365170","146153","2025-12-30","48.00","NZD","1761901474","23477/2025-12-30/1761901474.json"
"510807","146155","2025-12-30","52.00","NZD","1761901474","23477/2025-12-30/1761901474.json"
"581513","221281","2025-11-03","36.00","NZD","1761918736","23477/2025-11-03/1761918736.json"
"581513","221281","2025-11-01","36.00","NZD","1761918736","23477/2025-11-01/1761918736.json"
"581513","221281","2025-11-02","36.00","NZD","1761918736","23477/2025-11-02/1761918736.json"
"581514","221282","2025-11-03","36.00","NZD","1761918736","23477/2025-11-03/1761918736.json"
"581514","221282","2025-11-01","36.00","NZD","1761918736","23477/2025-11-01/1761918736.json"
"512557","146154","2025-11-03","45.00","NZD","1761918736","23477/2025-11-03/1761918736.json"
"581514","221282","2025-11-02","36.00","NZD","1761918736","23477/2025-11-02/1761918736.json"
"512557","146154","2025-11-01","45.00","NZD","1761918736","23477/2025-11-01/1761918736.json"
"365170","146153","2025-11-03","48.00","NZD","1761918736","23477/2025-11-03/1761918736.json"
"512557","146154","2025-11-02","45.00","NZD","1761918736","23477/2025-11-02/1761918736.json"
"365170","146153","2025-11-01","48.00","NZD","1761918736","23477/2025-11-01/1761918736.json"
"510807","146155","2025-11-03","52.00","NZD","1761918736","23477/2025-11-03/1761918736.json"
"510807","146155","2025-11-01","52.00","NZD","1761918736","23477/2025-11-01/1761918736.json"
"365170","146153","2025-11-02","48.00","NZD","1761918736","23477/2025-11-02/1761918736.json"
"510807","146155","2025-11-02","52.00","NZD","1761918736","23477/2025-11-02/1761918736.json"
"581513","221281","2025-11-04","36.00","NZD","1761918736","23477/2025-11-04/1761918736.json"
"581514","221282","2025-11-04","36.00","NZD","1761918736","23477/2025-11-04/1761918736.json"
"512557","146154","2025-11-04","45.00","NZD","1761918736","23477/2025-11-04/1761918736.json"
"365170","146153","2025-11-04","48.00","NZD","1761918736","23477/2025-11-04/1761918736.json"
"510807","146155","2025-11-04","52.00","NZD","1761918736","23477/2025-11-04/1761918736.json"
"581513","221281","2025-11-05","36.00","NZD","1761918736","23477/2025-11-05/1761918736.json"
"581514","221282","2025-11-05","36.00","NZD","1761918736","23477/2025-11-05/1761918736.json"
"512557","146154","2025-11-05","45.00","NZD","1761918736","23477/2025-11-05/1761918736.json"
"365170","146153","2025-11-05","48.00","NZD","1761918736","23477/2025-11-05/1761918736.json"
"510807","146155","2025-11-05","52.00","NZD","1761918736","23477/2025-11-05/1761918736.json"
"581513","221281","2025-11-07","36.00","NZD","1761918736","23477/2025-11-07/1761918736.json"
"581514","221282","2025-11-07","36.00","NZD","1761918736","23477/2025-11-07/1761918736.json"
"512557","146154","2025-11-07","45.00","NZD","1761918736","23477/2025-11-07/1761918736.json"
"365170","146153","2025-11-07","48.00","NZD","1761918736","23477/2025-11-07/1761918736.json"
"510807","146155","2025-11-07","52.00","NZD","1761918736","23477/2025-11-07/1761918736.json"
"581513","221281","2025-11-06","36.00","NZD","1761918736","23477/2025-11-06/1761918736.json"
"581514","221282","2025-11-06","36.00","NZD","1761918736","23477/2025-11-06/1761918736.json"
"512557","146154","2025-11-06","45.00","NZD","1761918736","23477/2025-11-06/1761918736.json"
"365170","146153","2025-11-06","48.00","NZD","1761918736","23477/2025-11-06/1761918736.json"
"510807","146155","2025-11-06","52.00","NZD","1761918736","23477/2025-11-06/1761918736.json"
"581513","221281","2025-11-08","36.00","NZD","1761918736","23477/2025-11-08/1761918736.json"
"581514","221282","2025-11-08","36.00","NZD","1761918736","23477/2025-11-08/1761918736.json"
"512557","146154","2025-11-08","45.00","NZD","1761918736","23477/2025-11-08/1761918736.json"
"365170","146153","2025-11-08","48.00","NZD","1761918736","23477/2025-11-08/1761918736.json"
"510807","146155","2025-11-08","52.00","NZD","1761918736","23477/2025-11-08/1761918736.json"
"581513","221281","2025-11-09","36.00","NZD","1761918736","23477/2025-11-09/1761918736.json"
"581514","221282","2025-11-09","36.00","NZD","1761918736","23477/2025-11-09/1761918736.json"
"512557","146154","2025-11-09","45.00","NZD","1761918736","23477/2025-11-09/1761918736.json"
"365170","146153","2025-11-09","48.00","NZD","1761918736","23477/2025-11-09/1761918736.json"
"510807","146155","2025-11-09","52.00","NZD","1761918736","23477/2025-11-09/1761918736.json"
"581513","221281","2025-11-10","36.00","NZD","1761918736","23477/2025-11-10/1761918736.json"
"581514","221282","2025-11-10","36.00","NZD","1761918736","23477/2025-11-10/1761918736.json"
"512557","146154","2025-11-10","45.00","NZD","1761918736","23477/2025-11-10/1761918736.json"
"365170","146153","2025-11-10","48.00","NZD","1761918736","23477/2025-11-10/1761918736.json"
"510807","146155","2025-11-10","52.00","NZD","1761918736","23477/2025-11-10/1761918736.json"
"581513","221281","2025-11-12","36.00","NZD","1761918736","23477/2025-11-12/1761918736.json"
"581514","221282","2025-11-12","36.00","NZD","1761918736","23477/2025-11-12/1761918736.json"
"512557","146154","2025-11-12","45.00","NZD","1761918736","23477/2025-11-12/1761918736.json"
"365170","146153","2025-11-12","48.00","NZD","1761918736","23477/2025-11-12/1761918736.json"
"510807","146155","2025-11-12","52.00","NZD","1761918736","23477/2025-11-12/1761918736.json"
"581513","221281","2025-11-11","36.00","NZD","1761918736","23477/2025-11-11/1761918736.json"
"581514","221282","2025-11-11","36.00","NZD","1761918736","23477/2025-11-11/1761918736.json"
"512557","146154","2025-11-11","45.00","NZD","1761918736","23477/2025-11-11/1761918736.json"
"365170","146153","2025-11-11","48.00","NZD","1761918736","23477/2025-11-11/1761918736.json"
"510807","146155","2025-11-11","52.00","NZD","1761918736","23477/2025-11-11/1761918736.json"
"581513","221281","2025-11-13","36.00","NZD","1761918736","23477/2025-11-13/1761918736.json"
"581514","221282","2025-11-13","36.00","NZD","1761918736","23477/2025-11-13/1761918736.json"
"512557","146154","2025-11-13","45.00","NZD","1761918736","23477/2025-11-13/1761918736.json"
"365170","146153","2025-11-13","48.00","NZD","1761918736","23477/2025-11-13/1761918736.json"
"510807","146155","2025-11-13","52.00","NZD","1761918736","23477/2025-11-13/1761918736.json"
"581513","221281","2025-11-14","36.00","NZD","1761918736","23477/2025-11-14/1761918736.json"
"581514","221282","2025-11-14","36.00","NZD","1761918736","23477/2025-11-14/1761918736.json"
"512557","146154","2025-11-14","45.00","NZD","1761918736","23477/2025-11-14/1761918736.json"
"365170","146153","2025-11-14","48.00","NZD","1761918736","23477/2025-11-14/1761918736.json"
"510807","146155","2025-11-14","52.00","NZD","1761918736","23477/2025-11-14/1761918736.json"
"581513","221281","2025-11-15","36.00","NZD","1761918736","23477/2025-11-15/1761918736.json"
"581514","221282","2025-11-15","36.00","NZD","1761918736","23477/2025-11-15/1761918736.json"
"512557","146154","2025-11-15","45.00","NZD","1761918736","23477/2025-11-15/1761918736.json"
"365170","146153","2025-11-15","48.00","NZD","1761918736","23477/2025-11-15/1761918736.json"
"510807","146155","2025-11-15","52.00","NZD","1761918736","23477/2025-11-15/1761918736.json"
"581513","221281","2025-11-16","36.00","NZD","1761918736","23477/2025-11-16/1761918736.json"
"581514","221282","2025-11-16","36.00","NZD","1761918736","23477/2025-11-16/1761918736.json"
"512557","146154","2025-11-16","45.00","NZD","1761918736","23477/2025-11-16/1761918736.json"
"365170","146153","2025-11-16","48.00","NZD","1761918736","23477/2025-11-16/1761918736.json"
"510807","146155","2025-11-16","52.00","NZD","1761918736","23477/2025-11-16/1761918736.json"
"581513","221281","2025-11-17","36.00","NZD","1761918736","23477/2025-11-17/1761918736.json"
"581514","221282","2025-11-17","36.00","NZD","1761918736","23477/2025-11-17/1761918736.json"
"512557","146154","2025-11-17","45.00","NZD","1761918736","23477/2025-11-17/1761918736.json"
"365170","146153","2025-11-17","48.00","NZD","1761918736","23477/2025-11-17/1761918736.json"
"510807","146155","2025-11-17","52.00","NZD","1761918736","23477/2025-11-17/1761918736.json"
"581513","221281","2025-11-18","36.00","NZD","1761918736","23477/2025-11-18/1761918736.json"
"581514","221282","2025-11-18","36.00","NZD","1761918736","23477/2025-11-18/1761918736.json"
"512557","146154","2025-11-18","45.00","NZD","1761918736","23477/2025-11-18/1761918736.json"
"365170","146153","2025-11-18","48.00","NZD","1761918736","23477/2025-11-18/1761918736.json"
"510807","146155","2025-11-18","52.00","NZD","1761918736","23477/2025-11-18/1761918736.json"
"581513","221281","2025-11-20","36.00","NZD","1761918736","23477/2025-11-20/1761918736.json"
"581514","221282","2025-11-20","36.00","NZD","1761918736","23477/2025-11-20/1761918736.json"
"512557","146154","2025-11-20","45.00","NZD","1761918736","23477/2025-11-20/1761918736.json"
"581513","221281","2025-11-19","36.00","NZD","1761918736","23477/2025-11-19/1761918736.json"
"581514","221282","2025-11-19","36.00","NZD","1761918736","23477/2025-11-19/1761918736.json"
"512557","146154","2025-11-19","45.00","NZD","1761918736","23477/2025-11-19/1761918736.json"
"365170","146153","2025-11-19","48.00","NZD","1761918736","23477/2025-11-19/1761918736.json"
"510807","146155","2025-11-19","52.00","NZD","1761918736","23477/2025-11-19/1761918736.json"
"581513","221281","2025-11-21","36.00","NZD","1761918736","23477/2025-11-21/1761918736.json"
"581514","221282","2025-11-21","36.00","NZD","1761918736","23477/2025-11-21/1761918736.json"
"512557","146154","2025-11-21","45.00","NZD","1761918736","23477/2025-11-21/1761918736.json"
"365170","146153","2025-11-21","48.00","NZD","1761918736","23477/2025-11-21/1761918736.json"
"510807","146155","2025-11-21","52.00","NZD","1761918736","23477/2025-11-21/1761918736.json"
"581513","221281","2025-11-22","36.00","NZD","1761918736","23477/2025-11-22/1761918736.json"
"581514","221282","2025-11-22","36.00","NZD","1761918736","23477/2025-11-22/1761918736.json"
"512557","146154","2025-11-22","45.00","NZD","1761918736","23477/2025-11-22/1761918736.json"
"365170","146153","2025-11-22","48.00","NZD","1761918736","23477/2025-11-22/1761918736.json"
"510807","146155","2025-11-22","52.00","NZD","1761918736","23477/2025-11-22/1761918736.json"
"581513","221281","2025-11-23","36.00","NZD","1761918736","23477/2025-11-23/1761918736.json"
"581514","221282","2025-11-23","36.00","NZD","1761918736","23477/2025-11-23/1761918736.json"
"512557","146154","2025-11-23","45.00","NZD","1761918736","23477/2025-11-23/1761918736.json"
"365170","146153","2025-11-23","48.00","NZD","1761918736","23477/2025-11-23/1761918736.json"
"510807","146155","2025-11-23","52.00","NZD","1761918736","23477/2025-11-23/1761918736.json"
"581513","221281","2025-11-24","36.00","NZD","1761918736","23477/2025-11-24/1761918736.json"
"581514","221282","2025-11-24","36.00","NZD","1761918736","23477/2025-11-24/1761918736.json"
"512557","146154","2025-11-24","45.00","NZD","1761918736","23477/2025-11-24/1761918736.json"
"365170","146153","2025-11-24","48.00","NZD","1761918736","23477/2025-11-24/1761918736.json"
"510807","146155","2025-11-24","52.00","NZD","1761918736","23477/2025-11-24/1761918736.json"
"581513","221281","2025-11-26","36.00","NZD","1761918736","23477/2025-11-26/1761918736.json"
"581514","221282","2025-11-26","36.00","NZD","1761918736","23477/2025-11-26/1761918736.json"
"512557","146154","2025-11-26","45.00","NZD","1761918736","23477/2025-11-26/1761918736.json"
"365170","146153","2025-11-26","48.00","NZD","1761918736","23477/2025-11-26/1761918736.json"
"510807","146155","2025-11-26","52.00","NZD","1761918736","23477/2025-11-26/1761918736.json"
"581513","221281","2025-11-25","36.00","NZD","1761918736","23477/2025-11-25/1761918736.json"
"581514","221282","2025-11-25","36.00","NZD","1761918736","23477/2025-11-25/1761918736.json"
"512557","146154","2025-11-25","45.00","NZD","1761918736","23477/2025-11-25/1761918736.json"
"365170","146153","2025-11-25","48.00","NZD","1761918736","23477/2025-11-25/1761918736.json"
"510807","146155","2025-11-25","52.00","NZD","1761918736","23477/2025-11-25/1761918736.json"
"581513","221281","2025-11-27","36.00","NZD","1761918736","23477/2025-11-27/1761918736.json"
"581514","221282","2025-11-27","36.00","NZD","1761918736","23477/2025-11-27/1761918736.json"
"512557","146154","2025-11-27","45.00","NZD","1761918736","23477/2025-11-27/1761918736.json"
"365170","146153","2025-11-27","48.00","NZD","1761918736","23477/2025-11-27/1761918736.json"
"510807","146155","2025-11-27","52.00","NZD","1761918736","23477/2025-11-27/1761918736.json"
"581513","221281","2025-11-29","36.00","NZD","1761918736","23477/2025-11-29/1761918736.json"
"581514","221282","2025-11-29","36.00","NZD","1761918736","23477/2025-11-29/1761918736.json"
"512557","146154","2025-11-29","45.00","NZD","1761918736","23477/2025-11-29/1761918736.json"
"365170","146153","2025-11-29","48.00","NZD","1761918736","23477/2025-11-29/1761918736.json"
"510807","146155","2025-11-29","52.00","NZD","1761918736","23477/2025-11-29/1761918736.json"
"581513","221281","2025-11-28","36.00","NZD","1761918736","23477/2025-11-28/1761918736.json"
"581514","221282","2025-11-28","36.00","NZD","1761918736","23477/2025-11-28/1761918736.json"
"512557","146154","2025-11-28","45.00","NZD","1761918736","23477/2025-11-28/1761918736.json"
"365170","146153","2025-11-28","48.00","NZD","1761918736","23477/2025-11-28/1761918736.json"
"510807","146155","2025-11-28","52.00","NZD","1761918736","23477/2025-11-28/1761918736.json"
"581513","221281","2025-11-30","36.00","NZD","1761918736","23477/2025-11-30/1761918736.json"
"581514","221282","2025-11-30","36.00","NZD","1761918736","23477/2025-11-30/1761918736.json"
"512557","146154","2025-11-30","45.00","NZD","1761918736","23477/2025-11-30/1761918736.json"
"365170","146153","2025-11-30","48.00","NZD","1761918736","23477/2025-11-30/1761918736.json"
"510807","146155","2025-11-30","52.00","NZD","1761918736","23477/2025-11-30/1761918736.json"
"581513","221281","2025-12-01","36.00","NZD","1761918736","23477/2025-12-01/1761918736.json"
"581514","221282","2025-12-01","36.00","NZD","1761918736","23477/2025-12-01/1761918736.json"
"512557","146154","2025-12-01","45.00","NZD","1761918736","23477/2025-12-01/1761918736.json"
"365170","146153","2025-12-01","48.00","NZD","1761918736","23477/2025-12-01/1761918736.json"
"510807","146155","2025-12-01","52.00","NZD","1761918736","23477/2025-12-01/1761918736.json"
"581513","221281","2025-12-02","36.00","NZD","1761918736","23477/2025-12-02/1761918736.json"
"581514","221282","2025-12-02","36.00","NZD","1761918736","23477/2025-12-02/1761918736.json"
"512557","146154","2025-12-02","45.00","NZD","1761918736","23477/2025-12-02/1761918736.json"
"365170","146153","2025-12-02","48.00","NZD","1761918736","23477/2025-12-02/1761918736.json"
"510807","146155","2025-12-02","52.00","NZD","1761918736","23477/2025-12-02/1761918736.json"
"581513","221281","2025-12-03","36.00","NZD","1761918736","23477/2025-12-03/1761918736.json"
"581514","221282","2025-12-03","36.00","NZD","1761918736","23477/2025-12-03/1761918736.json"
"512557","146154","2025-12-03","45.00","NZD","1761918736","23477/2025-12-03/1761918736.json"
"365170","146153","2025-12-03","48.00","NZD","1761918736","23477/2025-12-03/1761918736.json"
"510807","146155","2025-12-03","52.00","NZD","1761918736","23477/2025-12-03/1761918736.json"
"581513","221281","2025-12-04","36.00","NZD","1761918736","23477/2025-12-04/1761918736.json"
"581514","221282","2025-12-04","36.00","NZD","1761918736","23477/2025-12-04/1761918736.json"
"512557","146154","2025-12-04","45.00","NZD","1761918736","23477/2025-12-04/1761918736.json"
"365170","146153","2025-12-04","48.00","NZD","1761918736","23477/2025-12-04/1761918736.json"
"510807","146155","2025-12-04","52.00","NZD","1761918736","23477/2025-12-04/1761918736.json"
"581513","221281","2025-12-05","36.00","NZD","1761918736","23477/2025-12-05/1761918736.json"
"581514","221282","2025-12-05","36.00","NZD","1761918736","23477/2025-12-05/1761918736.json"
"512557","146154","2025-12-05","45.00","NZD","1761918736","23477/2025-12-05/1761918736.json"
"365170","146153","2025-12-05","48.00","NZD","1761918736","23477/2025-12-05/1761918736.json"
"510807","146155","2025-12-05","52.00","NZD","1761918736","23477/2025-12-05/1761918736.json"
"581513","221281","2025-12-07","36.00","NZD","1761918736","23477/2025-12-07/1761918736.json"
"581514","221282","2025-12-07","36.00","NZD","1761918736","23477/2025-12-07/1761918736.json"
"512557","146154","2025-12-07","45.00","NZD","1761918736","23477/2025-12-07/1761918736.json"
"365170","146153","2025-12-07","48.00","NZD","1761918736","23477/2025-12-07/1761918736.json"
"510807","146155","2025-12-07","52.00","NZD","1761918736","23477/2025-12-07/1761918736.json"
"581513","221281","2025-12-08","36.00","NZD","1761918736","23477/2025-12-08/1761918736.json"
"581514","221282","2025-12-08","36.00","NZD","1761918736","23477/2025-12-08/1761918736.json"
"512557","146154","2025-12-08","45.00","NZD","1761918736","23477/2025-12-08/1761918736.json"
"365170","146153","2025-12-08","48.00","NZD","1761918736","23477/2025-12-08/1761918736.json"
"510807","146155","2025-12-08","52.00","NZD","1761918736","23477/2025-12-08/1761918736.json"
"581513","221281","2025-12-06","36.00","NZD","1761918736","23477/2025-12-06/1761918736.json"
"581514","221282","2025-12-06","36.00","NZD","1761918736","23477/2025-12-06/1761918736.json"
"512557","146154","2025-12-06","45.00","NZD","1761918736","23477/2025-12-06/1761918736.json"
"365170","146153","2025-12-06","48.00","NZD","1761918736","23477/2025-12-06/1761918736.json"
"510807","146155","2025-12-06","52.00","NZD","1761918736","23477/2025-12-06/1761918736.json"
"581513","221281","2025-12-10","36.00","NZD","1761918736","23477/2025-12-10/1761918736.json"
"581514","221282","2025-12-10","36.00","NZD","1761918736","23477/2025-12-10/1761918736.json"
"512557","146154","2025-12-10","45.00","NZD","1761918736","23477/2025-12-10/1761918736.json"
"365170","146153","2025-12-10","48.00","NZD","1761918736","23477/2025-12-10/1761918736.json"
"510807","146155","2025-12-10","52.00","NZD","1761918736","23477/2025-12-10/1761918736.json"
"581513","221281","2025-12-09","36.00","NZD","1761918736","23477/2025-12-09/1761918736.json"
"581514","221282","2025-12-09","36.00","NZD","1761918736","23477/2025-12-09/1761918736.json"
"512557","146154","2025-12-09","45.00","NZD","1761918736","23477/2025-12-09/1761918736.json"
"365170","146153","2025-12-09","48.00","NZD","1761918736","23477/2025-12-09/1761918736.json"
"510807","146155","2025-12-09","52.00","NZD","1761918736","23477/2025-12-09/1761918736.json"
"581513","221281","2025-12-11","36.00","NZD","1761918736","23477/2025-12-11/1761918736.json"
"581514","221282","2025-12-11","36.00","NZD","1761918736","23477/2025-12-11/1761918736.json"
"512557","146154","2025-12-11","45.00","NZD","1761918736","23477/2025-12-11/1761918736.json"
"365170","146153","2025-12-11","48.00","NZD","1761918736","23477/2025-12-11/1761918736.json"
"510807","146155","2025-12-11","52.00","NZD","1761918736","23477/2025-12-11/1761918736.json"
"581513","221281","2025-12-12","36.00","NZD","1761918736","23477/2025-12-12/1761918736.json"
"581514","221282","2025-12-12","36.00","NZD","1761918736","23477/2025-12-12/1761918736.json"
"512557","146154","2025-12-12","45.00","NZD","1761918736","23477/2025-12-12/1761918736.json"
"365170","146153","2025-12-12","48.00","NZD","1761918736","23477/2025-12-12/1761918736.json"
"510807","146155","2025-12-12","52.00","NZD","1761918736","23477/2025-12-12/1761918736.json"
"581513","221281","2025-12-15","36.00","NZD","1761918736","23477/2025-12-15/1761918736.json"
"581514","221282","2025-12-15","36.00","NZD","1761918736","23477/2025-12-15/1761918736.json"
"512557","146154","2025-12-15","45.00","NZD","1761918736","23477/2025-12-15/1761918736.json"
"365170","146153","2025-12-15","48.00","NZD","1761918736","23477/2025-12-15/1761918736.json"
"510807","146155","2025-12-15","52.00","NZD","1761918736","23477/2025-12-15/1761918736.json"
"581513","221281","2025-12-13","36.00","NZD","1761918736","23477/2025-12-13/1761918736.json"
"581514","221282","2025-12-13","36.00","NZD","1761918736","23477/2025-12-13/1761918736.json"
"512557","146154","2025-12-13","45.00","NZD","1761918736","23477/2025-12-13/1761918736.json"
"365170","146153","2025-12-13","48.00","NZD","1761918736","23477/2025-12-13/1761918736.json"
"510807","146155","2025-12-13","52.00","NZD","1761918736","23477/2025-12-13/1761918736.json"
"581513","221281","2025-12-14","36.00","NZD","1761918736","23477/2025-12-14/1761918736.json"
"581514","221282","2025-12-14","36.00","NZD","1761918736","23477/2025-12-14/1761918736.json"
"512557","146154","2025-12-14","45.00","NZD","1761918736","23477/2025-12-14/1761918736.json"
"365170","146153","2025-12-14","48.00","NZD","1761918736","23477/2025-12-14/1761918736.json"
"510807","146155","2025-12-14","52.00","NZD","1761918736","23477/2025-12-14/1761918736.json"
"581513","221281","2025-12-16","36.00","NZD","1761918736","23477/2025-12-16/1761918736.json"
"581514","221282","2025-12-16","36.00","NZD","1761918736","23477/2025-12-16/1761918736.json"
"512557","146154","2025-12-16","45.00","NZD","1761918736","23477/2025-12-16/1761918736.json"
"365170","146153","2025-12-16","48.00","NZD","1761918736","23477/2025-12-16/1761918736.json"
"510807","146155","2025-12-16","52.00","NZD","1761918736","23477/2025-12-16/1761918736.json"
"581513","221281","2025-12-17","36.00","NZD","1761918736","23477/2025-12-17/1761918736.json"
"581513","221281","2025-12-19","36.00","NZD","1761918736","23477/2025-12-19/1761918736.json"
"581514","221282","2025-12-17","36.00","NZD","1761918736","23477/2025-12-17/1761918736.json"
"581514","221282","2025-12-19","36.00","NZD","1761918736","23477/2025-12-19/1761918736.json"
"512557","146154","2025-12-17","45.00","NZD","1761918736","23477/2025-12-17/1761918736.json"
"512557","146154","2025-12-19","45.00","NZD","1761918736","23477/2025-12-19/1761918736.json"
"365170","146153","2025-12-19","48.00","NZD","1761918736","23477/2025-12-19/1761918736.json"
"365170","146153","2025-12-17","48.00","NZD","1761918736","23477/2025-12-17/1761918736.json"
"510807","146155","2025-12-17","52.00","NZD","1761918736","23477/2025-12-17/1761918736.json"
"510807","146155","2025-12-19","52.00","NZD","1761918736","23477/2025-12-19/1761918736.json"
"581513","221281","2025-12-18","36.00","NZD","1761918736","23477/2025-12-18/1761918736.json"
"581514","221282","2025-12-18","36.00","NZD","1761918736","23477/2025-12-18/1761918736.json"
"512557","146154","2025-12-18","45.00","NZD","1761918736","23477/2025-12-18/1761918736.json"
"365170","146153","2025-12-18","48.00","NZD","1761918736","23477/2025-12-18/1761918736.json"
"510807","146155","2025-12-18","52.00","NZD","1761918736","23477/2025-12-18/1761918736.json"
"581513","221281","2025-12-20","36.00","NZD","1761918736","23477/2025-12-20/1761918736.json"
"581514","221282","2025-12-20","36.00","NZD","1761918736","23477/2025-12-20/1761918736.json"
"512557","146154","2025-12-20","45.00","NZD","1761918736","23477/2025-12-20/1761918736.json"
"365170","146153","2025-12-20","48.00","NZD","1761918736","23477/2025-12-20/1761918736.json"
"510807","146155","2025-12-20","52.00","NZD","1761918736","23477/2025-12-20/1761918736.json"
"581513","221281","2025-12-22","36.00","NZD","1761918736","23477/2025-12-22/1761918736.json"
"581514","221282","2025-12-22","36.00","NZD","1761918736","23477/2025-12-22/1761918736.json"
"512557","146154","2025-12-22","45.00","NZD","1761918736","23477/2025-12-22/1761918736.json"
"365170","146153","2025-12-22","48.00","NZD","1761918736","23477/2025-12-22/1761918736.json"
"510807","146155","2025-12-22","52.00","NZD","1761918736","23477/2025-12-22/1761918736.json"
"581513","221281","2025-12-23","38.00","NZD","1761918736","23477/2025-12-23/1761918736.json"
"581514","221282","2025-12-23","38.00","NZD","1761918736","23477/2025-12-23/1761918736.json"
"512557","146154","2025-12-23","45.00","NZD","1761918736","23477/2025-12-23/1761918736.json"
"365170","146153","2025-12-23","48.00","NZD","1761918736","23477/2025-12-23/1761918736.json"
"510807","146155","2025-12-23","52.00","NZD","1761918736","23477/2025-12-23/1761918736.json"
"581513","221281","2025-12-21","36.00","NZD","1761918736","23477/2025-12-21/1761918736.json"
"581514","221282","2025-12-21","36.00","NZD","1761918736","23477/2025-12-21/1761918736.json"
"512557","146154","2025-12-21","45.00","NZD","1761918736","23477/2025-12-21/1761918736.json"
"365170","146153","2025-12-21","48.00","NZD","1761918736","23477/2025-12-21/1761918736.json"
"510807","146155","2025-12-21","52.00","NZD","1761918736","23477/2025-12-21/1761918736.json"
"581513","221281","2025-12-24","38.00","NZD","1761918736","23477/2025-12-24/1761918736.json"
"581514","221282","2025-12-24","38.00","NZD","1761918736","23477/2025-12-24/1761918736.json"
"512557","146154","2025-12-24","45.00","NZD","1761918736","23477/2025-12-24/1761918736.json"
"365170","146153","2025-12-24","48.00","NZD","1761918736","23477/2025-12-24/1761918736.json"
"510807","146155","2025-12-24","52.00","NZD","1761918736","23477/2025-12-24/1761918736.json"
"581513","221281","2025-12-26","42.00","NZD","1761918736","23477/2025-12-26/1761918736.json"
"581514","221282","2025-12-26","42.00","NZD","1761918736","23477/2025-12-26/1761918736.json"
"512557","146154","2025-12-26","45.00","NZD","1761918736","23477/2025-12-26/1761918736.json"
"365170","146153","2025-12-26","48.00","NZD","1761918736","23477/2025-12-26/1761918736.json"
"510807","146155","2025-12-26","52.00","NZD","1761918736","23477/2025-12-26/1761918736.json"
"581513","221281","2025-12-25","38.00","NZD","1761918736","23477/2025-12-25/1761918736.json"
"581514","221282","2025-12-25","38.00","NZD","1761918736","23477/2025-12-25/1761918736.json"
"512557","146154","2025-12-25","45.00","NZD","1761918736","23477/2025-12-25/1761918736.json"
"365170","146153","2025-12-25","48.00","NZD","1761918736","23477/2025-12-25/1761918736.json"
"510807","146155","2025-12-25","52.00","NZD","1761918736","23477/2025-12-25/1761918736.json"
"581513","221281","2025-12-27","42.00","NZD","1761918736","23477/2025-12-27/1761918736.json"
"581514","221282","2025-12-27","42.00","NZD","1761918736","23477/2025-12-27/1761918736.json"
"512557","146154","2025-12-27","45.00","NZD","1761918736","23477/2025-12-27/1761918736.json"
"365170","146153","2025-12-27","48.00","NZD","1761918736","23477/2025-12-27/1761918736.json"
"510807","146155","2025-12-27","52.00","NZD","1761918736","23477/2025-12-27/1761918736.json"
"581513","221281","2025-12-28","42.00","NZD","1761918736","23477/2025-12-28/1761918736.json"
"581514","221282","2025-12-28","42.00","NZD","1761918736","23477/2025-12-28/1761918736.json"
"512557","146154","2025-12-28","45.00","NZD","1761918736","23477/2025-12-28/1761918736.json"
"365170","146153","2025-12-28","48.00","NZD","1761918736","23477/2025-12-28/1761918736.json"
"510807","146155","2025-12-28","52.00","NZD","1761918736","23477/2025-12-28/1761918736.json"
"581513","221281","2025-12-29","42.00","NZD","1761918736","23477/2025-12-29/1761918736.json"
"581514","221282","2025-12-29","42.00","NZD","1761918736","23477/2025-12-29/1761918736.json"
"512557","146154","2025-12-29","45.00","NZD","1761918736","23477/2025-12-29/1761918736.json"
"365170","146153","2025-12-29","48.00","NZD","1761918736","23477/2025-12-29/1761918736.json"
"510807","146155","2025-12-29","52.00","NZD","1761918736","23477/2025-12-29/1761918736.json"
"581513","221281","2025-12-30","42.00","NZD","1761918736","23477/2025-12-30/1761918736.json"
"581514","221282","2025-12-30","42.00","NZD","1761918736","23477/2025-12-30/1761918736.json"
"512557","146154","2025-12-30","45.00","NZD","1761918736","23477/2025-12-30/1761918736.json"
"365170","146153","2025-12-30","48.00","NZD","1761918736","23477/2025-12-30/1761918736.json"
"510807","146155","2025-12-30","52.00","NZD","1761918736","23477/2025-12-30/1761918736.json"
"581513","221281","2025-11-03","36.00","NZD","1761930388","23477/2025-11-03/1761930388.json"
"581514","221282","2025-11-03","36.00","NZD","1761930388","23477/2025-11-03/1761930388.json"
"512557","146154","2025-11-03","45.00","NZD","1761930388","23477/2025-11-03/1761930388.json"
"365170","146153","2025-11-03","48.00","NZD","1761930388","23477/2025-11-03/1761930388.json"
"510807","146155","2025-11-03","52.00","NZD","1761930388","23477/2025-11-03/1761930388.json"
"581513","221281","2025-11-01","36.00","NZD","1761930388","23477/2025-11-01/1761930388.json"
"581514","221282","2025-11-01","36.00","NZD","1761930388","23477/2025-11-01/1761930388.json"
"512557","146154","2025-11-01","45.00","NZD","1761930388","23477/2025-11-01/1761930388.json"
"365170","146153","2025-11-01","48.00","NZD","1761930388","23477/2025-11-01/1761930388.json"
"510807","146155","2025-11-01","52.00","NZD","1761930388","23477/2025-11-01/1761930388.json"
"581513","221281","2025-11-02","36.00","NZD","1761930388","23477/2025-11-02/1761930388.json"
"581514","221282","2025-11-02","36.00","NZD","1761930388","23477/2025-11-02/1761930388.json"
"512557","146154","2025-11-02","45.00","NZD","1761930388","23477/2025-11-02/1761930388.json"
"365170","146153","2025-11-02","48.00","NZD","1761930388","23477/2025-11-02/1761930388.json"
"510807","146155","2025-11-02","52.00","NZD","1761930388","23477/2025-11-02/1761930388.json"
"581513","221281","2025-11-04","36.00","NZD","1761930388","23477/2025-11-04/1761930388.json"
"581514","221282","2025-11-04","36.00","NZD","1761930388","23477/2025-11-04/1761930388.json"
"512557","146154","2025-11-04","45.00","NZD","1761930388","23477/2025-11-04/1761930388.json"
"365170","146153","2025-11-04","48.00","NZD","1761930388","23477/2025-11-04/1761930388.json"
"510807","146155","2025-11-04","52.00","NZD","1761930388","23477/2025-11-04/1761930388.json"
"581513","221281","2025-11-05","36.00","NZD","1761930388","23477/2025-11-05/1761930388.json"
"581514","221282","2025-11-05","36.00","NZD","1761930388","23477/2025-11-05/1761930388.json"
"512557","146154","2025-11-05","45.00","NZD","1761930388","23477/2025-11-05/1761930388.json"
"365170","146153","2025-11-05","48.00","NZD","1761930388","23477/2025-11-05/1761930388.json"
"510807","146155","2025-11-05","52.00","NZD","1761930388","23477/2025-11-05/1761930388.json"
"581513","221281","2025-11-06","36.00","NZD","1761930388","23477/2025-11-06/1761930388.json"
"581514","221282","2025-11-06","36.00","NZD","1761930388","23477/2025-11-06/1761930388.json"
"512557","146154","2025-11-06","45.00","NZD","1761930388","23477/2025-11-06/1761930388.json"
"365170","146153","2025-11-06","48.00","NZD","1761930388","23477/2025-11-06/1761930388.json"
"510807","146155","2025-11-06","52.00","NZD","1761930388","23477/2025-11-06/1761930388.json"
"581513","221281","2025-11-07","36.00","NZD","1761930388","23477/2025-11-07/1761930388.json"
"581514","221282","2025-11-07","36.00","NZD","1761930388","23477/2025-11-07/1761930388.json"
"512557","146154","2025-11-07","45.00","NZD","1761930388","23477/2025-11-07/1761930388.json"
"365170","146153","2025-11-07","48.00","NZD","1761930388","23477/2025-11-07/1761930388.json"
"510807","146155","2025-11-07","52.00","NZD","1761930388","23477/2025-11-07/1761930388.json"
"581513","221281","2025-11-08","36.00","NZD","1761930388","23477/2025-11-08/1761930388.json"
"581514","221282","2025-11-08","36.00","NZD","1761930388","23477/2025-11-08/1761930388.json"
"512557","146154","2025-11-08","45.00","NZD","1761930388","23477/2025-11-08/1761930388.json"
"365170","146153","2025-11-08","48.00","NZD","1761930388","23477/2025-11-08/1761930388.json"
"510807","146155","2025-11-08","52.00","NZD","1761930388","23477/2025-11-08/1761930388.json"
"581513","221281","2025-11-09","36.00","NZD","1761930388","23477/2025-11-09/1761930388.json"
"581514","221282","2025-11-09","36.00","NZD","1761930388","23477/2025-11-09/1761930388.json"
"512557","146154","2025-11-09","45.00","NZD","1761930388","23477/2025-11-09/1761930388.json"
"365170","146153","2025-11-09","48.00","NZD","1761930388","23477/2025-11-09/1761930388.json"
"510807","146155","2025-11-09","52.00","NZD","1761930388","23477/2025-11-09/1761930388.json"
"581513","221281","2025-11-10","36.00","NZD","1761930388","23477/2025-11-10/1761930388.json"
"581514","221282","2025-11-10","36.00","NZD","1761930388","23477/2025-11-10/1761930388.json"
"512557","146154","2025-11-10","45.00","NZD","1761930388","23477/2025-11-10/1761930388.json"
"365170","146153","2025-11-10","48.00","NZD","1761930388","23477/2025-11-10/1761930388.json"
"510807","146155","2025-11-10","52.00","NZD","1761930388","23477/2025-11-10/1761930388.json"
"581513","221281","2025-11-11","36.00","NZD","1761930388","23477/2025-11-11/1761930388.json"
"581514","221282","2025-11-11","36.00","NZD","1761930388","23477/2025-11-11/1761930388.json"
"512557","146154","2025-11-11","45.00","NZD","1761930388","23477/2025-11-11/1761930388.json"
"365170","146153","2025-11-11","48.00","NZD","1761930388","23477/2025-11-11/1761930388.json"
"510807","146155","2025-11-11","52.00","NZD","1761930388","23477/2025-11-11/1761930388.json"
"581513","221281","2025-11-12","36.00","NZD","1761930388","23477/2025-11-12/1761930388.json"
"581514","221282","2025-11-12","36.00","NZD","1761930388","23477/2025-11-12/1761930388.json"
"512557","146154","2025-11-12","45.00","NZD","1761930388","23477/2025-11-12/1761930388.json"
"365170","146153","2025-11-12","48.00","NZD","1761930388","23477/2025-11-12/1761930388.json"
"510807","146155","2025-11-12","52.00","NZD","1761930388","23477/2025-11-12/1761930388.json"
"581513","221281","2025-11-13","36.00","NZD","1761930388","23477/2025-11-13/1761930388.json"
"581514","221282","2025-11-13","36.00","NZD","1761930388","23477/2025-11-13/1761930388.json"
"512557","146154","2025-11-13","45.00","NZD","1761930388","23477/2025-11-13/1761930388.json"
"365170","146153","2025-11-13","48.00","NZD","1761930388","23477/2025-11-13/1761930388.json"
"510807","146155","2025-11-13","52.00","NZD","1761930388","23477/2025-11-13/1761930388.json"
"581513","221281","2025-11-15","36.00","NZD","1761930388","23477/2025-11-15/1761930388.json"
"581514","221282","2025-11-15","36.00","NZD","1761930388","23477/2025-11-15/1761930388.json"
"512557","146154","2025-11-15","45.00","NZD","1761930388","23477/2025-11-15/1761930388.json"
"365170","146153","2025-11-15","48.00","NZD","1761930388","23477/2025-11-15/1761930388.json"
"510807","146155","2025-11-15","52.00","NZD","1761930388","23477/2025-11-15/1761930388.json"
"581513","221281","2025-11-14","36.00","NZD","1761930388","23477/2025-11-14/1761930388.json"
"581514","221282","2025-11-14","36.00","NZD","1761930388","23477/2025-11-14/1761930388.json"
"512557","146154","2025-11-14","45.00","NZD","1761930388","23477/2025-11-14/1761930388.json"
"365170","146153","2025-11-14","48.00","NZD","1761930388","23477/2025-11-14/1761930388.json"
"510807","146155","2025-11-14","52.00","NZD","1761930388","23477/2025-11-14/1761930388.json"
"581513","221281","2025-11-16","36.00","NZD","1761930388","23477/2025-11-16/1761930388.json"
"581514","221282","2025-11-16","36.00","NZD","1761930388","23477/2025-11-16/1761930388.json"
"512557","146154","2025-11-16","45.00","NZD","1761930388","23477/2025-11-16/1761930388.json"
"365170","146153","2025-11-16","48.00","NZD","1761930388","23477/2025-11-16/1761930388.json"
"510807","146155","2025-11-16","52.00","NZD","1761930388","23477/2025-11-16/1761930388.json"
"581513","221281","2025-11-17","36.00","NZD","1761930388","23477/2025-11-17/1761930388.json"
"581514","221282","2025-11-17","36.00","NZD","1761930388","23477/2025-11-17/1761930388.json"
"512557","146154","2025-11-17","45.00","NZD","1761930388","23477/2025-11-17/1761930388.json"
"365170","146153","2025-11-17","48.00","NZD","1761930388","23477/2025-11-17/1761930388.json"
"510807","146155","2025-11-17","52.00","NZD","1761930388","23477/2025-11-17/1761930388.json"
"581513","221281","2025-11-18","36.00","NZD","1761930388","23477/2025-11-18/1761930388.json"
"581514","221282","2025-11-18","36.00","NZD","1761930388","23477/2025-11-18/1761930388.json"
"512557","146154","2025-11-18","45.00","NZD","1761930388","23477/2025-11-18/1761930388.json"
"365170","146153","2025-11-18","48.00","NZD","1761930388","23477/2025-11-18/1761930388.json"
"510807","146155","2025-11-18","52.00","NZD","1761930388","23477/2025-11-18/1761930388.json"
"581513","221281","2025-11-19","36.00","NZD","1761930388","23477/2025-11-19/1761930388.json"
"581514","221282","2025-11-19","36.00","NZD","1761930388","23477/2025-11-19/1761930388.json"
"512557","146154","2025-11-19","45.00","NZD","1761930388","23477/2025-11-19/1761930388.json"
"365170","146153","2025-11-19","48.00","NZD","1761930388","23477/2025-11-19/1761930388.json"
"510807","146155","2025-11-19","52.00","NZD","1761930388","23477/2025-11-19/1761930388.json"
"581513","221281","2025-11-20","36.00","NZD","1761930388","23477/2025-11-20/1761930388.json"
"581514","221282","2025-11-20","36.00","NZD","1761930388","23477/2025-11-20/1761930388.json"
"512557","146154","2025-11-20","45.00","NZD","1761930388","23477/2025-11-20/1761930388.json"
"581513","221281","2025-11-21","36.00","NZD","1761930388","23477/2025-11-21/1761930388.json"
"581514","221282","2025-11-21","36.00","NZD","1761930388","23477/2025-11-21/1761930388.json"
"512557","146154","2025-11-21","45.00","NZD","1761930388","23477/2025-11-21/1761930388.json"
"365170","146153","2025-11-21","48.00","NZD","1761930388","23477/2025-11-21/1761930388.json"
"510807","146155","2025-11-21","52.00","NZD","1761930388","23477/2025-11-21/1761930388.json"
"581513","221281","2025-11-23","36.00","NZD","1761930388","23477/2025-11-23/1761930388.json"
"581514","221282","2025-11-23","36.00","NZD","1761930388","23477/2025-11-23/1761930388.json"
"512557","146154","2025-11-23","45.00","NZD","1761930388","23477/2025-11-23/1761930388.json"
"365170","146153","2025-11-23","48.00","NZD","1761930388","23477/2025-11-23/1761930388.json"
"510807","146155","2025-11-23","52.00","NZD","1761930388","23477/2025-11-23/1761930388.json"
"581513","221281","2025-11-22","36.00","NZD","1761930388","23477/2025-11-22/1761930388.json"
"581514","221282","2025-11-22","36.00","NZD","1761930388","23477/2025-11-22/1761930388.json"
"512557","146154","2025-11-22","45.00","NZD","1761930388","23477/2025-11-22/1761930388.json"
"365170","146153","2025-11-22","48.00","NZD","1761930388","23477/2025-11-22/1761930388.json"
"510807","146155","2025-11-22","52.00","NZD","1761930388","23477/2025-11-22/1761930388.json"
"581513","221281","2025-11-24","36.00","NZD","1761930388","23477/2025-11-24/1761930388.json"
"581514","221282","2025-11-24","36.00","NZD","1761930388","23477/2025-11-24/1761930388.json"
"512557","146154","2025-11-24","45.00","NZD","1761930388","23477/2025-11-24/1761930388.json"
"365170","146153","2025-11-24","48.00","NZD","1761930388","23477/2025-11-24/1761930388.json"
"510807","146155","2025-11-24","52.00","NZD","1761930388","23477/2025-11-24/1761930388.json"
"581513","221281","2025-11-25","36.00","NZD","1761930388","23477/2025-11-25/1761930388.json"
"581514","221282","2025-11-25","36.00","NZD","1761930388","23477/2025-11-25/1761930388.json"
"512557","146154","2025-11-25","45.00","NZD","1761930388","23477/2025-11-25/1761930388.json"
"365170","146153","2025-11-25","48.00","NZD","1761930388","23477/2025-11-25/1761930388.json"
"510807","146155","2025-11-25","52.00","NZD","1761930388","23477/2025-11-25/1761930388.json"
"581513","221281","2025-11-26","36.00","NZD","1761930388","23477/2025-11-26/1761930388.json"
"581514","221282","2025-11-26","36.00","NZD","1761930388","23477/2025-11-26/1761930388.json"
"512557","146154","2025-11-26","45.00","NZD","1761930388","23477/2025-11-26/1761930388.json"
"365170","146153","2025-11-26","48.00","NZD","1761930388","23477/2025-11-26/1761930388.json"
"510807","146155","2025-11-26","52.00","NZD","1761930388","23477/2025-11-26/1761930388.json"
"581513","221281","2025-11-27","36.00","NZD","1761930388","23477/2025-11-27/1761930388.json"
"581514","221282","2025-11-27","36.00","NZD","1761930388","23477/2025-11-27/1761930388.json"
"512557","146154","2025-11-27","45.00","NZD","1761930388","23477/2025-11-27/1761930388.json"
"365170","146153","2025-11-27","48.00","NZD","1761930388","23477/2025-11-27/1761930388.json"
"510807","146155","2025-11-27","52.00","NZD","1761930388","23477/2025-11-27/1761930388.json"
"581513","221281","2025-11-28","36.00","NZD","1761930388","23477/2025-11-28/1761930388.json"
"581514","221282","2025-11-28","36.00","NZD","1761930388","23477/2025-11-28/1761930388.json"
"512557","146154","2025-11-28","45.00","NZD","1761930388","23477/2025-11-28/1761930388.json"
"365170","146153","2025-11-28","48.00","NZD","1761930388","23477/2025-11-28/1761930388.json"
"510807","146155","2025-11-28","52.00","NZD","1761930388","23477/2025-11-28/1761930388.json"
"581513","221281","2025-11-29","36.00","NZD","1761930388","23477/2025-11-29/1761930388.json"
"581514","221282","2025-11-29","36.00","NZD","1761930388","23477/2025-11-29/1761930388.json"
"512557","146154","2025-11-29","45.00","NZD","1761930388","23477/2025-11-29/1761930388.json"
"365170","146153","2025-11-29","48.00","NZD","1761930388","23477/2025-11-29/1761930388.json"
"510807","146155","2025-11-29","52.00","NZD","1761930388","23477/2025-11-29/1761930388.json"
"581513","221281","2025-11-30","36.00","NZD","1761930388","23477/2025-11-30/1761930388.json"
"581514","221282","2025-11-30","36.00","NZD","1761930388","23477/2025-11-30/1761930388.json"
"512557","146154","2025-11-30","45.00","NZD","1761930388","23477/2025-11-30/1761930388.json"
"365170","146153","2025-11-30","48.00","NZD","1761930388","23477/2025-11-30/1761930388.json"
"510807","146155","2025-11-30","52.00","NZD","1761930388","23477/2025-11-30/1761930388.json"
"581513","221281","2025-12-01","36.00","NZD","1761930388","23477/2025-12-01/1761930388.json"
"581514","221282","2025-12-01","36.00","NZD","1761930388","23477/2025-12-01/1761930388.json"
"512557","146154","2025-12-01","45.00","NZD","1761930388","23477/2025-12-01/1761930388.json"
"365170","146153","2025-12-01","48.00","NZD","1761930388","23477/2025-12-01/1761930388.json"
"510807","146155","2025-12-01","52.00","NZD","1761930388","23477/2025-12-01/1761930388.json"
"581513","221281","2025-12-02","36.00","NZD","1761930388","23477/2025-12-02/1761930388.json"
"581514","221282","2025-12-02","36.00","NZD","1761930388","23477/2025-12-02/1761930388.json"
"512557","146154","2025-12-02","45.00","NZD","1761930388","23477/2025-12-02/1761930388.json"
"365170","146153","2025-12-02","48.00","NZD","1761930388","23477/2025-12-02/1761930388.json"
"510807","146155","2025-12-02","52.00","NZD","1761930388","23477/2025-12-02/1761930388.json"
"581513","221281","2025-12-03","36.00","NZD","1761930388","23477/2025-12-03/1761930388.json"
"581514","221282","2025-12-03","36.00","NZD","1761930388","23477/2025-12-03/1761930388.json"
"512557","146154","2025-12-03","45.00","NZD","1761930388","23477/2025-12-03/1761930388.json"
"365170","146153","2025-12-03","48.00","NZD","1761930388","23477/2025-12-03/1761930388.json"
"510807","146155","2025-12-03","52.00","NZD","1761930388","23477/2025-12-03/1761930388.json"
"581513","221281","2025-12-04","36.00","NZD","1761930388","23477/2025-12-04/1761930388.json"
"581514","221282","2025-12-04","36.00","NZD","1761930388","23477/2025-12-04/1761930388.json"
"512557","146154","2025-12-04","45.00","NZD","1761930388","23477/2025-12-04/1761930388.json"
"365170","146153","2025-12-04","48.00","NZD","1761930388","23477/2025-12-04/1761930388.json"
"510807","146155","2025-12-04","52.00","NZD","1761930388","23477/2025-12-04/1761930388.json"
"581513","221281","2025-12-05","36.00","NZD","1761930388","23477/2025-12-05/1761930388.json"
"581514","221282","2025-12-05","36.00","NZD","1761930388","23477/2025-12-05/1761930388.json"
"512557","146154","2025-12-05","45.00","NZD","1761930388","23477/2025-12-05/1761930388.json"
"365170","146153","2025-12-05","48.00","NZD","1761930388","23477/2025-12-05/1761930388.json"
"510807","146155","2025-12-05","52.00","NZD","1761930388","23477/2025-12-05/1761930388.json"
"581513","221281","2025-12-06","36.00","NZD","1761930388","23477/2025-12-06/1761930388.json"
"581514","221282","2025-12-06","36.00","NZD","1761930388","23477/2025-12-06/1761930388.json"
"512557","146154","2025-12-06","45.00","NZD","1761930388","23477/2025-12-06/1761930388.json"
"365170","146153","2025-12-06","48.00","NZD","1761930388","23477/2025-12-06/1761930388.json"
"510807","146155","2025-12-06","52.00","NZD","1761930388","23477/2025-12-06/1761930388.json"
"581513","221281","2025-12-07","36.00","NZD","1761930388","23477/2025-12-07/1761930388.json"
"581514","221282","2025-12-07","36.00","NZD","1761930388","23477/2025-12-07/1761930388.json"
"512557","146154","2025-12-07","45.00","NZD","1761930388","23477/2025-12-07/1761930388.json"
"365170","146153","2025-12-07","48.00","NZD","1761930388","23477/2025-12-07/1761930388.json"
"510807","146155","2025-12-07","52.00","NZD","1761930388","23477/2025-12-07/1761930388.json"
"581513","221281","2025-12-08","36.00","NZD","1761930388","23477/2025-12-08/1761930388.json"
"581514","221282","2025-12-08","36.00","NZD","1761930388","23477/2025-12-08/1761930388.json"
"512557","146154","2025-12-08","45.00","NZD","1761930388","23477/2025-12-08/1761930388.json"
"365170","146153","2025-12-08","48.00","NZD","1761930388","23477/2025-12-08/1761930388.json"
"510807","146155","2025-12-08","52.00","NZD","1761930388","23477/2025-12-08/1761930388.json"
"581513","221281","2025-12-09","36.00","NZD","1761930388","23477/2025-12-09/1761930388.json"
"581514","221282","2025-12-09","36.00","NZD","1761930388","23477/2025-12-09/1761930388.json"
"512557","146154","2025-12-09","45.00","NZD","1761930388","23477/2025-12-09/1761930388.json"
"365170","146153","2025-12-09","48.00","NZD","1761930388","23477/2025-12-09/1761930388.json"
"510807","146155","2025-12-09","52.00","NZD","1761930388","23477/2025-12-09/1761930388.json"
"581513","221281","2025-12-10","36.00","NZD","1761930388","23477/2025-12-10/1761930388.json"
"581514","221282","2025-12-10","36.00","NZD","1761930388","23477/2025-12-10/1761930388.json"
"512557","146154","2025-12-10","45.00","NZD","1761930388","23477/2025-12-10/1761930388.json"
"365170","146153","2025-12-10","48.00","NZD","1761930388","23477/2025-12-10/1761930388.json"
"510807","146155","2025-12-10","52.00","NZD","1761930388","23477/2025-12-10/1761930388.json"
"581513","221281","2025-12-11","36.00","NZD","1761930388","23477/2025-12-11/1761930388.json"
"581514","221282","2025-12-11","36.00","NZD","1761930388","23477/2025-12-11/1761930388.json"
"512557","146154","2025-12-11","45.00","NZD","1761930388","23477/2025-12-11/1761930388.json"
"365170","146153","2025-12-11","48.00","NZD","1761930388","23477/2025-12-11/1761930388.json"
"510807","146155","2025-12-11","52.00","NZD","1761930388","23477/2025-12-11/1761930388.json"
"581513","221281","2025-12-12","36.00","NZD","1761930388","23477/2025-12-12/1761930388.json"
"581514","221282","2025-12-12","36.00","NZD","1761930388","23477/2025-12-12/1761930388.json"
"512557","146154","2025-12-12","45.00","NZD","1761930388","23477/2025-12-12/1761930388.json"
"365170","146153","2025-12-12","48.00","NZD","1761930388","23477/2025-12-12/1761930388.json"
"510807","146155","2025-12-12","52.00","NZD","1761930388","23477/2025-12-12/1761930388.json"
"581513","221281","2025-12-13","36.00","NZD","1761930388","23477/2025-12-13/1761930388.json"
"581514","221282","2025-12-13","36.00","NZD","1761930388","23477/2025-12-13/1761930388.json"
"512557","146154","2025-12-13","45.00","NZD","1761930388","23477/2025-12-13/1761930388.json"
"365170","146153","2025-12-13","48.00","NZD","1761930388","23477/2025-12-13/1761930388.json"
"510807","146155","2025-12-13","52.00","NZD","1761930388","23477/2025-12-13/1761930388.json"
"581513","221281","2025-12-15","36.00","NZD","1761930388","23477/2025-12-15/1761930388.json"
"581514","221282","2025-12-15","36.00","NZD","1761930388","23477/2025-12-15/1761930388.json"
"512557","146154","2025-12-15","45.00","NZD","1761930388","23477/2025-12-15/1761930388.json"
"365170","146153","2025-12-15","48.00","NZD","1761930388","23477/2025-12-15/1761930388.json"
"510807","146155","2025-12-15","52.00","NZD","1761930388","23477/2025-12-15/1761930388.json"
"581513","221281","2025-12-16","36.00","NZD","1761930388","23477/2025-12-16/1761930388.json"
"581514","221282","2025-12-16","36.00","NZD","1761930388","23477/2025-12-16/1761930388.json"
"512557","146154","2025-12-16","45.00","NZD","1761930388","23477/2025-12-16/1761930388.json"
"365170","146153","2025-12-16","48.00","NZD","1761930388","23477/2025-12-16/1761930388.json"
"510807","146155","2025-12-16","52.00","NZD","1761930388","23477/2025-12-16/1761930388.json"
"581513","221281","2025-12-14","36.00","NZD","1761930388","23477/2025-12-14/1761930388.json"
"581514","221282","2025-12-14","36.00","NZD","1761930388","23477/2025-12-14/1761930388.json"
"512557","146154","2025-12-14","45.00","NZD","1761930388","23477/2025-12-14/1761930388.json"
"365170","146153","2025-12-14","48.00","NZD","1761930388","23477/2025-12-14/1761930388.json"
"510807","146155","2025-12-14","52.00","NZD","1761930388","23477/2025-12-14/1761930388.json"
"581513","221281","2025-12-17","36.00","NZD","1761930388","23477/2025-12-17/1761930388.json"
"581514","221282","2025-12-17","36.00","NZD","1761930388","23477/2025-12-17/1761930388.json"
"512557","146154","2025-12-17","45.00","NZD","1761930388","23477/2025-12-17/1761930388.json"
"365170","146153","2025-12-17","48.00","NZD","1761930388","23477/2025-12-17/1761930388.json"
"510807","146155","2025-12-17","52.00","NZD","1761930388","23477/2025-12-17/1761930388.json"
"581513","221281","2025-12-18","36.00","NZD","1761930388","23477/2025-12-18/1761930388.json"
"581514","221282","2025-12-18","36.00","NZD","1761930388","23477/2025-12-18/1761930388.json"
"512557","146154","2025-12-18","45.00","NZD","1761930388","23477/2025-12-18/1761930388.json"
"365170","146153","2025-12-18","48.00","NZD","1761930388","23477/2025-12-18/1761930388.json"
"510807","146155","2025-12-18","52.00","NZD","1761930388","23477/2025-12-18/1761930388.json"
"581513","221281","2025-12-19","36.00","NZD","1761930388","23477/2025-12-19/1761930388.json"
"581514","221282","2025-12-19","36.00","NZD","1761930388","23477/2025-12-19/1761930388.json"
"512557","146154","2025-12-19","45.00","NZD","1761930388","23477/2025-12-19/1761930388.json"
"365170","146153","2025-12-19","48.00","NZD","1761930388","23477/2025-12-19/1761930388.json"
"510807","146155","2025-12-19","52.00","NZD","1761930388","23477/2025-12-19/1761930388.json"
"581513","221281","2025-12-20","36.00","NZD","1761930388","23477/2025-12-20/1761930388.json"
"581514","221282","2025-12-20","36.00","NZD","1761930388","23477/2025-12-20/1761930388.json"
"512557","146154","2025-12-20","45.00","NZD","1761930388","23477/2025-12-20/1761930388.json"
"365170","146153","2025-12-20","48.00","NZD","1761930388","23477/2025-12-20/1761930388.json"
"510807","146155","2025-12-20","52.00","NZD","1761930388","23477/2025-12-20/1761930388.json"
"581513","221281","2025-12-21","36.00","NZD","1761930388","23477/2025-12-21/1761930388.json"
"581514","221282","2025-12-21","36.00","NZD","1761930388","23477/2025-12-21/1761930388.json"
"512557","146154","2025-12-21","45.00","NZD","1761930388","23477/2025-12-21/1761930388.json"
"365170","146153","2025-12-21","48.00","NZD","1761930388","23477/2025-12-21/1761930388.json"
"510807","146155","2025-12-21","52.00","NZD","1761930388","23477/2025-12-21/1761930388.json"
"581513","221281","2025-12-22","36.00","NZD","1761930388","23477/2025-12-22/1761930388.json"
"581514","221282","2025-12-22","36.00","NZD","1761930388","23477/2025-12-22/1761930388.json"
"512557","146154","2025-12-22","45.00","NZD","1761930388","23477/2025-12-22/1761930388.json"
"365170","146153","2025-12-22","48.00","NZD","1761930388","23477/2025-12-22/1761930388.json"
"510807","146155","2025-12-22","52.00","NZD","1761930388","23477/2025-12-22/1761930388.json"
"581513","221281","2025-12-23","38.00","NZD","1761930388","23477/2025-12-23/1761930388.json"
"581514","221282","2025-12-23","38.00","NZD","1761930388","23477/2025-12-23/1761930388.json"
"512557","146154","2025-12-23","45.00","NZD","1761930388","23477/2025-12-23/1761930388.json"
"365170","146153","2025-12-23","48.00","NZD","1761930388","23477/2025-12-23/1761930388.json"
"510807","146155","2025-12-23","52.00","NZD","1761930388","23477/2025-12-23/1761930388.json"
"581513","221281","2025-12-24","38.00","NZD","1761930388","23477/2025-12-24/1761930388.json"
"581514","221282","2025-12-24","38.00","NZD","1761930388","23477/2025-12-24/1761930388.json"
"512557","146154","2025-12-24","45.00","NZD","1761930388","23477/2025-12-24/1761930388.json"
"365170","146153","2025-12-24","48.00","NZD","1761930388","23477/2025-12-24/1761930388.json"
"510807","146155","2025-12-24","52.00","NZD","1761930388","23477/2025-12-24/1761930388.json"
"581513","221281","2025-12-25","38.00","NZD","1761930388","23477/2025-12-25/1761930388.json"
"581514","221282","2025-12-25","38.00","NZD","1761930388","23477/2025-12-25/1761930388.json"
"512557","146154","2025-12-25","45.00","NZD","1761930388","23477/2025-12-25/1761930388.json"
"365170","146153","2025-12-25","48.00","NZD","1761930388","23477/2025-12-25/1761930388.json"
"510807","146155","2025-12-25","52.00","NZD","1761930388","23477/2025-12-25/1761930388.json"
"581513","221281","2025-12-26","42.00","NZD","1761930388","23477/2025-12-26/1761930388.json"
"581514","221282","2025-12-26","42.00","NZD","1761930388","23477/2025-12-26/1761930388.json"
"512557","146154","2025-12-26","45.00","NZD","1761930388","23477/2025-12-26/1761930388.json"
"365170","146153","2025-12-26","48.00","NZD","1761930388","23477/2025-12-26/1761930388.json"
"510807","146155","2025-12-26","52.00","NZD","1761930388","23477/2025-12-26/1761930388.json"
"581513","221281","2025-12-27","42.00","NZD","1761930388","23477/2025-12-27/1761930388.json"
"581514","221282","2025-12-27","42.00","NZD","1761930388","23477/2025-12-27/1761930388.json"
"512557","146154","2025-12-27","45.00","NZD","1761930388","23477/2025-12-27/1761930388.json"
"365170","146153","2025-12-27","48.00","NZD","1761930388","23477/2025-12-27/1761930388.json"
"510807","146155","2025-12-27","52.00","NZD","1761930388","23477/2025-12-27/1761930388.json"
"581513","221281","2025-12-28","42.00","NZD","1761930388","23477/2025-12-28/1761930388.json"
"581514","221282","2025-12-28","42.00","NZD","1761930388","23477/2025-12-28/1761930388.json"
"512557","146154","2025-12-28","45.00","NZD","1761930388","23477/2025-12-28/1761930388.json"
"365170","146153","2025-12-28","48.00","NZD","1761930388","23477/2025-12-28/1761930388.json"
"510807","146155","2025-12-28","52.00","NZD","1761930388","23477/2025-12-28/1761930388.json"
"581513","221281","2025-12-30","42.00","NZD","1761930388","23477/2025-12-30/1761930388.json"
"581514","221282","2025-12-30","42.00","NZD","1761930388","23477/2025-12-30/1761930388.json"
"512557","146154","2025-12-30","45.00","NZD","1761930388","23477/2025-12-30/1761930388.json"
"365170","146153","2025-12-30","48.00","NZD","1761930388","23477/2025-12-30/1761930388.json"
"510807","146155","2025-12-30","52.00","NZD","1761930388","23477/2025-12-30/1761930388.json"
"581513","221281","2025-12-29","42.00","NZD","1761930388","23477/2025-12-29/1761930388.json"
"581514","221282","2025-12-29","42.00","NZD","1761930388","23477/2025-12-29/1761930388.json"
"512557","146154","2025-12-29","45.00","NZD","1761930388","23477/2025-12-29/1761930388.json"
"365170","146153","2025-12-29","48.00","NZD","1761930388","23477/2025-12-29/1761930388.json"
"510807","146155","2025-12-29","52.00","NZD","1761930388","23477/2025-12-29/1761930388.json"
"581513","221281","2025-11-02","36.00","NZD","1761943857","23477/2025-11-02/1761943857.json"
"581514","221282","2025-11-02","36.00","NZD","1761943857","23477/2025-11-02/1761943857.json"
"512557","146154","2025-11-02","45.00","NZD","1761943857","23477/2025-11-02/1761943857.json"
"365170","146153","2025-11-02","48.00","NZD","1761943857","23477/2025-11-02/1761943857.json"
"510807","146155","2025-11-02","52.00","NZD","1761943857","23477/2025-11-02/1761943857.json"
"581513","221281","2025-11-01","36.00","NZD","1761943857","23477/2025-11-01/1761943857.json"
"581514","221282","2025-11-01","36.00","NZD","1761943857","23477/2025-11-01/1761943857.json"
"512557","146154","2025-11-01","45.00","NZD","1761943857","23477/2025-11-01/1761943857.json"
"365170","146153","2025-11-01","48.00","NZD","1761943857","23477/2025-11-01/1761943857.json"
"510807","146155","2025-11-01","52.00","NZD","1761943857","23477/2025-11-01/1761943857.json"
"581513","221281","2025-11-03","36.00","NZD","1761943857","23477/2025-11-03/1761943857.json"
"581514","221282","2025-11-03","36.00","NZD","1761943857","23477/2025-11-03/1761943857.json"
"512557","146154","2025-11-03","45.00","NZD","1761943857","23477/2025-11-03/1761943857.json"
"365170","146153","2025-11-03","48.00","NZD","1761943857","23477/2025-11-03/1761943857.json"
"510807","146155","2025-11-03","52.00","NZD","1761943857","23477/2025-11-03/1761943857.json"
"581513","221281","2025-11-04","36.00","NZD","1761943857","23477/2025-11-04/1761943857.json"
"581514","221282","2025-11-04","36.00","NZD","1761943857","23477/2025-11-04/1761943857.json"
"512557","146154","2025-11-04","45.00","NZD","1761943857","23477/2025-11-04/1761943857.json"
"365170","146153","2025-11-04","48.00","NZD","1761943857","23477/2025-11-04/1761943857.json"
"510807","146155","2025-11-04","52.00","NZD","1761943857","23477/2025-11-04/1761943857.json"
"581513","221281","2025-11-05","36.00","NZD","1761943857","23477/2025-11-05/1761943857.json"
"581514","221282","2025-11-05","36.00","NZD","1761943857","23477/2025-11-05/1761943857.json"
"512557","146154","2025-11-05","45.00","NZD","1761943857","23477/2025-11-05/1761943857.json"
"365170","146153","2025-11-05","48.00","NZD","1761943857","23477/2025-11-05/1761943857.json"
"510807","146155","2025-11-05","52.00","NZD","1761943857","23477/2025-11-05/1761943857.json"
"581513","221281","2025-11-06","36.00","NZD","1761943857","23477/2025-11-06/1761943857.json"
"581514","221282","2025-11-06","36.00","NZD","1761943857","23477/2025-11-06/1761943857.json"
"512557","146154","2025-11-06","45.00","NZD","1761943857","23477/2025-11-06/1761943857.json"
"365170","146153","2025-11-06","48.00","NZD","1761943857","23477/2025-11-06/1761943857.json"
"510807","146155","2025-11-06","52.00","NZD","1761943857","23477/2025-11-06/1761943857.json"
"581513","221281","2025-11-07","36.00","NZD","1761943857","23477/2025-11-07/1761943857.json"
"581514","221282","2025-11-07","36.00","NZD","1761943857","23477/2025-11-07/1761943857.json"
"512557","146154","2025-11-07","45.00","NZD","1761943857","23477/2025-11-07/1761943857.json"
"365170","146153","2025-11-07","48.00","NZD","1761943857","23477/2025-11-07/1761943857.json"
"510807","146155","2025-11-07","52.00","NZD","1761943857","23477/2025-11-07/1761943857.json"
"581513","221281","2025-11-08","36.00","NZD","1761943857","23477/2025-11-08/1761943857.json"
"581514","221282","2025-11-08","36.00","NZD","1761943857","23477/2025-11-08/1761943857.json"
"512557","146154","2025-11-08","45.00","NZD","1761943857","23477/2025-11-08/1761943857.json"
"365170","146153","2025-11-08","48.00","NZD","1761943857","23477/2025-11-08/1761943857.json"
"510807","146155","2025-11-08","52.00","NZD","1761943857","23477/2025-11-08/1761943857.json"
"581513","221281","2025-11-10","36.00","NZD","1761943857","23477/2025-11-10/1761943857.json"
"581514","221282","2025-11-10","36.00","NZD","1761943857","23477/2025-11-10/1761943857.json"
"512557","146154","2025-11-10","45.00","NZD","1761943857","23477/2025-11-10/1761943857.json"
"365170","146153","2025-11-10","48.00","NZD","1761943857","23477/2025-11-10/1761943857.json"
"510807","146155","2025-11-10","52.00","NZD","1761943857","23477/2025-11-10/1761943857.json"
"581513","221281","2025-11-11","36.00","NZD","1761943857","23477/2025-11-11/1761943857.json"
"581514","221282","2025-11-11","36.00","NZD","1761943857","23477/2025-11-11/1761943857.json"
"512557","146154","2025-11-11","45.00","NZD","1761943857","23477/2025-11-11/1761943857.json"
"365170","146153","2025-11-11","48.00","NZD","1761943857","23477/2025-11-11/1761943857.json"
"510807","146155","2025-11-11","52.00","NZD","1761943857","23477/2025-11-11/1761943857.json"
"581513","221281","2025-11-09","36.00","NZD","1761943857","23477/2025-11-09/1761943857.json"
"581514","221282","2025-11-09","36.00","NZD","1761943857","23477/2025-11-09/1761943857.json"
"512557","146154","2025-11-09","45.00","NZD","1761943857","23477/2025-11-09/1761943857.json"
"365170","146153","2025-11-09","48.00","NZD","1761943857","23477/2025-11-09/1761943857.json"
"510807","146155","2025-11-09","52.00","NZD","1761943857","23477/2025-11-09/1761943857.json"
"581513","221281","2025-11-12","36.00","NZD","1761943857","23477/2025-11-12/1761943857.json"
"581514","221282","2025-11-12","36.00","NZD","1761943857","23477/2025-11-12/1761943857.json"
"512557","146154","2025-11-12","45.00","NZD","1761943857","23477/2025-11-12/1761943857.json"
"365170","146153","2025-11-12","48.00","NZD","1761943857","23477/2025-11-12/1761943857.json"
"510807","146155","2025-11-12","52.00","NZD","1761943857","23477/2025-11-12/1761943857.json"
"581513","221281","2025-11-15","36.00","NZD","1761943857","23477/2025-11-15/1761943857.json"
"581514","221282","2025-11-15","36.00","NZD","1761943857","23477/2025-11-15/1761943857.json"
"512557","146154","2025-11-15","45.00","NZD","1761943857","23477/2025-11-15/1761943857.json"
"365170","146153","2025-11-15","48.00","NZD","1761943857","23477/2025-11-15/1761943857.json"
"510807","146155","2025-11-15","52.00","NZD","1761943857","23477/2025-11-15/1761943857.json"
"581513","221281","2025-11-14","36.00","NZD","1761943857","23477/2025-11-14/1761943857.json"
"581514","221282","2025-11-14","36.00","NZD","1761943857","23477/2025-11-14/1761943857.json"
"512557","146154","2025-11-14","45.00","NZD","1761943857","23477/2025-11-14/1761943857.json"
"365170","146153","2025-11-14","48.00","NZD","1761943857","23477/2025-11-14/1761943857.json"
"510807","146155","2025-11-14","52.00","NZD","1761943857","23477/2025-11-14/1761943857.json"
"581513","221281","2025-11-16","36.00","NZD","1761943857","23477/2025-11-16/1761943857.json"
"581514","221282","2025-11-16","36.00","NZD","1761943857","23477/2025-11-16/1761943857.json"
"512557","146154","2025-11-16","45.00","NZD","1761943857","23477/2025-11-16/1761943857.json"
"365170","146153","2025-11-16","48.00","NZD","1761943857","23477/2025-11-16/1761943857.json"
"510807","146155","2025-11-16","52.00","NZD","1761943857","23477/2025-11-16/1761943857.json"
"581513","221281","2025-11-13","36.00","NZD","1761943857","23477/2025-11-13/1761943857.json"
"581514","221282","2025-11-13","36.00","NZD","1761943857","23477/2025-11-13/1761943857.json"
"512557","146154","2025-11-13","45.00","NZD","1761943857","23477/2025-11-13/1761943857.json"
"365170","146153","2025-11-13","48.00","NZD","1761943857","23477/2025-11-13/1761943857.json"
"510807","146155","2025-11-13","52.00","NZD","1761943857","23477/2025-11-13/1761943857.json"
"581513","221281","2025-11-17","36.00","NZD","1761943857","23477/2025-11-17/1761943857.json"
"581514","221282","2025-11-17","36.00","NZD","1761943857","23477/2025-11-17/1761943857.json"
"512557","146154","2025-11-17","45.00","NZD","1761943857","23477/2025-11-17/1761943857.json"
"365170","146153","2025-11-17","48.00","NZD","1761943857","23477/2025-11-17/1761943857.json"
"510807","146155","2025-11-17","52.00","NZD","1761943857","23477/2025-11-17/1761943857.json"
"581513","221281","2025-11-18","36.00","NZD","1761943857","23477/2025-11-18/1761943857.json"
"581514","221282","2025-11-18","36.00","NZD","1761943857","23477/2025-11-18/1761943857.json"
"512557","146154","2025-11-18","45.00","NZD","1761943857","23477/2025-11-18/1761943857.json"
"365170","146153","2025-11-18","48.00","NZD","1761943857","23477/2025-11-18/1761943857.json"
"510807","146155","2025-11-18","52.00","NZD","1761943857","23477/2025-11-18/1761943857.json"
"581513","221281","2025-11-19","36.00","NZD","1761943857","23477/2025-11-19/1761943857.json"
"581514","221282","2025-11-19","36.00","NZD","1761943857","23477/2025-11-19/1761943857.json"
"512557","146154","2025-11-19","45.00","NZD","1761943857","23477/2025-11-19/1761943857.json"
"365170","146153","2025-11-19","48.00","NZD","1761943857","23477/2025-11-19/1761943857.json"
"510807","146155","2025-11-19","52.00","NZD","1761943857","23477/2025-11-19/1761943857.json"
"581513","221281","2025-11-20","36.00","NZD","1761943857","23477/2025-11-20/1761943857.json"
"581514","221282","2025-11-20","36.00","NZD","1761943857","23477/2025-11-20/1761943857.json"
"512557","146154","2025-11-20","45.00","NZD","1761943857","23477/2025-11-20/1761943857.json"
"581513","221281","2025-11-21","36.00","NZD","1761943857","23477/2025-11-21/1761943857.json"
"581514","221282","2025-11-21","36.00","NZD","1761943857","23477/2025-11-21/1761943857.json"
"512557","146154","2025-11-21","45.00","NZD","1761943857","23477/2025-11-21/1761943857.json"
"365170","146153","2025-11-21","48.00","NZD","1761943857","23477/2025-11-21/1761943857.json"
"510807","146155","2025-11-21","52.00","NZD","1761943857","23477/2025-11-21/1761943857.json"
"581513","221281","2025-11-22","36.00","NZD","1761943857","23477/2025-11-22/1761943857.json"
"581514","221282","2025-11-22","36.00","NZD","1761943857","23477/2025-11-22/1761943857.json"
"512557","146154","2025-11-22","45.00","NZD","1761943857","23477/2025-11-22/1761943857.json"
"365170","146153","2025-11-22","48.00","NZD","1761943857","23477/2025-11-22/1761943857.json"
"510807","146155","2025-11-22","52.00","NZD","1761943857","23477/2025-11-22/1761943857.json"
"581513","221281","2025-11-23","36.00","NZD","1761943857","23477/2025-11-23/1761943857.json"
"581514","221282","2025-11-23","36.00","NZD","1761943857","23477/2025-11-23/1761943857.json"
"512557","146154","2025-11-23","45.00","NZD","1761943857","23477/2025-11-23/1761943857.json"
"365170","146153","2025-11-23","48.00","NZD","1761943857","23477/2025-11-23/1761943857.json"
"510807","146155","2025-11-23","52.00","NZD","1761943857","23477/2025-11-23/1761943857.json"
"581513","221281","2025-11-24","36.00","NZD","1761943857","23477/2025-11-24/1761943857.json"
"581514","221282","2025-11-24","36.00","NZD","1761943857","23477/2025-11-24/1761943857.json"
"512557","146154","2025-11-24","45.00","NZD","1761943857","23477/2025-11-24/1761943857.json"
"365170","146153","2025-11-24","48.00","NZD","1761943857","23477/2025-11-24/1761943857.json"
"510807","146155","2025-11-24","52.00","NZD","1761943857","23477/2025-11-24/1761943857.json"
"581513","221281","2025-11-25","36.00","NZD","1761943857","23477/2025-11-25/1761943857.json"
"581514","221282","2025-11-25","36.00","NZD","1761943857","23477/2025-11-25/1761943857.json"
"512557","146154","2025-11-25","45.00","NZD","1761943857","23477/2025-11-25/1761943857.json"
"365170","146153","2025-11-25","48.00","NZD","1761943857","23477/2025-11-25/1761943857.json"
"510807","146155","2025-11-25","52.00","NZD","1761943857","23477/2025-11-25/1761943857.json"
"581513","221281","2025-11-26","36.00","NZD","1761943857","23477/2025-11-26/1761943857.json"
"581514","221282","2025-11-26","36.00","NZD","1761943857","23477/2025-11-26/1761943857.json"
"512557","146154","2025-11-26","45.00","NZD","1761943857","23477/2025-11-26/1761943857.json"
"365170","146153","2025-11-26","48.00","NZD","1761943857","23477/2025-11-26/1761943857.json"
"510807","146155","2025-11-26","52.00","NZD","1761943857","23477/2025-11-26/1761943857.json"
"581513","221281","2025-11-27","36.00","NZD","1761943857","23477/2025-11-27/1761943857.json"
"581514","221282","2025-11-27","36.00","NZD","1761943857","23477/2025-11-27/1761943857.json"
"512557","146154","2025-11-27","45.00","NZD","1761943857","23477/2025-11-27/1761943857.json"
"365170","146153","2025-11-27","48.00","NZD","1761943857","23477/2025-11-27/1761943857.json"
"510807","146155","2025-11-27","52.00","NZD","1761943857","23477/2025-11-27/1761943857.json"
"581513","221281","2025-11-28","36.00","NZD","1761943857","23477/2025-11-28/1761943857.json"
"581514","221282","2025-11-28","36.00","NZD","1761943857","23477/2025-11-28/1761943857.json"
"512557","146154","2025-11-28","45.00","NZD","1761943857","23477/2025-11-28/1761943857.json"
"365170","146153","2025-11-28","48.00","NZD","1761943857","23477/2025-11-28/1761943857.json"
"510807","146155","2025-11-28","52.00","NZD","1761943857","23477/2025-11-28/1761943857.json"
"581513","221281","2025-11-29","36.00","NZD","1761943857","23477/2025-11-29/1761943857.json"
"581514","221282","2025-11-29","36.00","NZD","1761943857","23477/2025-11-29/1761943857.json"
"512557","146154","2025-11-29","45.00","NZD","1761943857","23477/2025-11-29/1761943857.json"
"365170","146153","2025-11-29","48.00","NZD","1761943857","23477/2025-11-29/1761943857.json"
"510807","146155","2025-11-29","52.00","NZD","1761943857","23477/2025-11-29/1761943857.json"
"581513","221281","2025-11-30","36.00","NZD","1761943857","23477/2025-11-30/1761943857.json"
"581514","221282","2025-11-30","36.00","NZD","1761943857","23477/2025-11-30/1761943857.json"
"512557","146154","2025-11-30","45.00","NZD","1761943857","23477/2025-11-30/1761943857.json"
"365170","146153","2025-11-30","48.00","NZD","1761943857","23477/2025-11-30/1761943857.json"
"510807","146155","2025-11-30","52.00","NZD","1761943857","23477/2025-11-30/1761943857.json"
"581513","221281","2025-12-02","36.00","NZD","1761943857","23477/2025-12-02/1761943857.json"
"581514","221282","2025-12-02","36.00","NZD","1761943857","23477/2025-12-02/1761943857.json"
"512557","146154","2025-12-02","45.00","NZD","1761943857","23477/2025-12-02/1761943857.json"
"365170","146153","2025-12-02","48.00","NZD","1761943857","23477/2025-12-02/1761943857.json"
"510807","146155","2025-12-02","52.00","NZD","1761943857","23477/2025-12-02/1761943857.json"
"581513","221281","2025-12-01","36.00","NZD","1761943857","23477/2025-12-01/1761943857.json"
"581514","221282","2025-12-01","36.00","NZD","1761943857","23477/2025-12-01/1761943857.json"
"512557","146154","2025-12-01","45.00","NZD","1761943857","23477/2025-12-01/1761943857.json"
"365170","146153","2025-12-01","48.00","NZD","1761943857","23477/2025-12-01/1761943857.json"
"510807","146155","2025-12-01","52.00","NZD","1761943857","23477/2025-12-01/1761943857.json"
"581513","221281","2025-12-04","36.00","NZD","1761943857","23477/2025-12-04/1761943857.json"
"581514","221282","2025-12-04","36.00","NZD","1761943857","23477/2025-12-04/1761943857.json"
"512557","146154","2025-12-04","45.00","NZD","1761943857","23477/2025-12-04/1761943857.json"
"365170","146153","2025-12-04","48.00","NZD","1761943857","23477/2025-12-04/1761943857.json"
"510807","146155","2025-12-04","52.00","NZD","1761943857","23477/2025-12-04/1761943857.json"
"581513","221281","2025-12-03","36.00","NZD","1761943857","23477/2025-12-03/1761943857.json"
"581514","221282","2025-12-03","36.00","NZD","1761943857","23477/2025-12-03/1761943857.json"
"512557","146154","2025-12-03","45.00","NZD","1761943857","23477/2025-12-03/1761943857.json"
"365170","146153","2025-12-03","48.00","NZD","1761943857","23477/2025-12-03/1761943857.json"
"510807","146155","2025-12-03","52.00","NZD","1761943857","23477/2025-12-03/1761943857.json"
"581513","221281","2025-12-06","36.00","NZD","1761943857","23477/2025-12-06/1761943857.json"
"581514","221282","2025-12-06","36.00","NZD","1761943857","23477/2025-12-06/1761943857.json"
"512557","146154","2025-12-06","45.00","NZD","1761943857","23477/2025-12-06/1761943857.json"
"365170","146153","2025-12-06","48.00","NZD","1761943857","23477/2025-12-06/1761943857.json"
"510807","146155","2025-12-06","52.00","NZD","1761943857","23477/2025-12-06/1761943857.json"
"581513","221281","2025-12-05","36.00","NZD","1761943857","23477/2025-12-05/1761943857.json"
"581514","221282","2025-12-05","36.00","NZD","1761943857","23477/2025-12-05/1761943857.json"
"512557","146154","2025-12-05","45.00","NZD","1761943857","23477/2025-12-05/1761943857.json"
"365170","146153","2025-12-05","48.00","NZD","1761943857","23477/2025-12-05/1761943857.json"
"510807","146155","2025-12-05","52.00","NZD","1761943857","23477/2025-12-05/1761943857.json"
"581513","221281","2025-12-08","36.00","NZD","1761943857","23477/2025-12-08/1761943857.json"
"581514","221282","2025-12-08","36.00","NZD","1761943857","23477/2025-12-08/1761943857.json"
"512557","146154","2025-12-08","45.00","NZD","1761943857","23477/2025-12-08/1761943857.json"
"365170","146153","2025-12-08","48.00","NZD","1761943857","23477/2025-12-08/1761943857.json"
"510807","146155","2025-12-08","52.00","NZD","1761943857","23477/2025-12-08/1761943857.json"
"581513","221281","2025-12-07","36.00","NZD","1761943857","23477/2025-12-07/1761943857.json"
"581514","221282","2025-12-07","36.00","NZD","1761943857","23477/2025-12-07/1761943857.json"
"512557","146154","2025-12-07","45.00","NZD","1761943857","23477/2025-12-07/1761943857.json"
"365170","146153","2025-12-07","48.00","NZD","1761943857","23477/2025-12-07/1761943857.json"
"510807","146155","2025-12-07","52.00","NZD","1761943857","23477/2025-12-07/1761943857.json"
"581513","221281","2025-12-10","36.00","NZD","1761943857","23477/2025-12-10/1761943857.json"
"581514","221282","2025-12-10","36.00","NZD","1761943857","23477/2025-12-10/1761943857.json"
"512557","146154","2025-12-10","45.00","NZD","1761943857","23477/2025-12-10/1761943857.json"
"365170","146153","2025-12-10","48.00","NZD","1761943857","23477/2025-12-10/1761943857.json"
"510807","146155","2025-12-10","52.00","NZD","1761943857","23477/2025-12-10/1761943857.json"
"581513","221281","2025-12-09","36.00","NZD","1761943857","23477/2025-12-09/1761943857.json"
"581514","221282","2025-12-09","36.00","NZD","1761943857","23477/2025-12-09/1761943857.json"
"512557","146154","2025-12-09","45.00","NZD","1761943857","23477/2025-12-09/1761943857.json"
"365170","146153","2025-12-09","48.00","NZD","1761943857","23477/2025-12-09/1761943857.json"
"510807","146155","2025-12-09","52.00","NZD","1761943857","23477/2025-12-09/1761943857.json"
"581513","221281","2025-12-11","36.00","NZD","1761943857","23477/2025-12-11/1761943857.json"
"581514","221282","2025-12-11","36.00","NZD","1761943857","23477/2025-12-11/1761943857.json"
"512557","146154","2025-12-11","45.00","NZD","1761943857","23477/2025-12-11/1761943857.json"
"365170","146153","2025-12-11","48.00","NZD","1761943857","23477/2025-12-11/1761943857.json"
"510807","146155","2025-12-11","52.00","NZD","1761943857","23477/2025-12-11/1761943857.json"
"581513","221281","2025-12-13","36.00","NZD","1761943857","23477/2025-12-13/1761943857.json"
"581514","221282","2025-12-13","36.00","NZD","1761943857","23477/2025-12-13/1761943857.json"
"512557","146154","2025-12-13","45.00","NZD","1761943857","23477/2025-12-13/1761943857.json"
"365170","146153","2025-12-13","48.00","NZD","1761943857","23477/2025-12-13/1761943857.json"
"510807","146155","2025-12-13","52.00","NZD","1761943857","23477/2025-12-13/1761943857.json"
"581513","221281","2025-12-12","36.00","NZD","1761943857","23477/2025-12-12/1761943857.json"
"581514","221282","2025-12-12","36.00","NZD","1761943857","23477/2025-12-12/1761943857.json"
"512557","146154","2025-12-12","45.00","NZD","1761943857","23477/2025-12-12/1761943857.json"
"365170","146153","2025-12-12","48.00","NZD","1761943857","23477/2025-12-12/1761943857.json"
"510807","146155","2025-12-12","52.00","NZD","1761943857","23477/2025-12-12/1761943857.json"
"581513","221281","2025-12-14","36.00","NZD","1761943857","23477/2025-12-14/1761943857.json"
"581514","221282","2025-12-14","36.00","NZD","1761943857","23477/2025-12-14/1761943857.json"
"512557","146154","2025-12-14","45.00","NZD","1761943857","23477/2025-12-14/1761943857.json"
"365170","146153","2025-12-14","48.00","NZD","1761943857","23477/2025-12-14/1761943857.json"
"510807","146155","2025-12-14","52.00","NZD","1761943857","23477/2025-12-14/1761943857.json"
"581513","221281","2025-12-16","36.00","NZD","1761943857","23477/2025-12-16/1761943857.json"
"581514","221282","2025-12-16","36.00","NZD","1761943857","23477/2025-12-16/1761943857.json"
"512557","146154","2025-12-16","45.00","NZD","1761943857","23477/2025-12-16/1761943857.json"
"365170","146153","2025-12-16","48.00","NZD","1761943857","23477/2025-12-16/1761943857.json"
"510807","146155","2025-12-16","52.00","NZD","1761943857","23477/2025-12-16/1761943857.json"
"581513","221281","2025-12-15","36.00","NZD","1761943857","23477/2025-12-15/1761943857.json"
"581514","221282","2025-12-15","36.00","NZD","1761943857","23477/2025-12-15/1761943857.json"
"512557","146154","2025-12-15","45.00","NZD","1761943857","23477/2025-12-15/1761943857.json"
"365170","146153","2025-12-15","48.00","NZD","1761943857","23477/2025-12-15/1761943857.json"
"510807","146155","2025-12-15","52.00","NZD","1761943857","23477/2025-12-15/1761943857.json"
"581513","221281","2025-12-17","36.00","NZD","1761943857","23477/2025-12-17/1761943857.json"
"581514","221282","2025-12-17","36.00","NZD","1761943857","23477/2025-12-17/1761943857.json"
"512557","146154","2025-12-17","45.00","NZD","1761943857","23477/2025-12-17/1761943857.json"
"365170","146153","2025-12-17","48.00","NZD","1761943857","23477/2025-12-17/1761943857.json"
"510807","146155","2025-12-17","52.00","NZD","1761943857","23477/2025-12-17/1761943857.json"
"581513","221281","2025-12-18","36.00","NZD","1761943857","23477/2025-12-18/1761943857.json"
"581514","221282","2025-12-18","36.00","NZD","1761943857","23477/2025-12-18/1761943857.json"
"512557","146154","2025-12-18","45.00","NZD","1761943857","23477/2025-12-18/1761943857.json"
"365170","146153","2025-12-18","48.00","NZD","1761943857","23477/2025-12-18/1761943857.json"
"510807","146155","2025-12-18","52.00","NZD","1761943857","23477/2025-12-18/1761943857.json"
"581513","221281","2025-12-19","36.00","NZD","1761943857","23477/2025-12-19/1761943857.json"
"581514","221282","2025-12-19","36.00","NZD","1761943857","23477/2025-12-19/1761943857.json"
"512557","146154","2025-12-19","45.00","NZD","1761943857","23477/2025-12-19/1761943857.json"
"365170","146153","2025-12-19","48.00","NZD","1761943857","23477/2025-12-19/1761943857.json"
"510807","146155","2025-12-19","52.00","NZD","1761943857","23477/2025-12-19/1761943857.json"
"581513","221281","2025-12-20","36.00","NZD","1761943857","23477/2025-12-20/1761943857.json"
"581514","221282","2025-12-20","36.00","NZD","1761943857","23477/2025-12-20/1761943857.json"
"512557","146154","2025-12-20","45.00","NZD","1761943857","23477/2025-12-20/1761943857.json"
"365170","146153","2025-12-20","48.00","NZD","1761943857","23477/2025-12-20/1761943857.json"
"510807","146155","2025-12-20","52.00","NZD","1761943857","23477/2025-12-20/1761943857.json"
"581513","221281","2025-12-22","36.00","NZD","1761943857","23477/2025-12-22/1761943857.json"
"581514","221282","2025-12-22","36.00","NZD","1761943857","23477/2025-12-22/1761943857.json"
"512557","146154","2025-12-22","45.00","NZD","1761943857","23477/2025-12-22/1761943857.json"
"365170","146153","2025-12-22","48.00","NZD","1761943857","23477/2025-12-22/1761943857.json"
"510807","146155","2025-12-22","52.00","NZD","1761943857","23477/2025-12-22/1761943857.json"
"581513","221281","2025-12-21","36.00","NZD","1761943857","23477/2025-12-21/1761943857.json"
"581514","221282","2025-12-21","36.00","NZD","1761943857","23477/2025-12-21/1761943857.json"
"512557","146154","2025-12-21","45.00","NZD","1761943857","23477/2025-12-21/1761943857.json"
"365170","146153","2025-12-21","48.00","NZD","1761943857","23477/2025-12-21/1761943857.json"
"510807","146155","2025-12-21","52.00","NZD","1761943857","23477/2025-12-21/1761943857.json"
"581513","221281","2025-12-24","38.00","NZD","1761943857","23477/2025-12-24/1761943857.json"
"581514","221282","2025-12-24","38.00","NZD","1761943857","23477/2025-12-24/1761943857.json"
"512557","146154","2025-12-24","45.00","NZD","1761943857","23477/2025-12-24/1761943857.json"
"365170","146153","2025-12-24","48.00","NZD","1761943857","23477/2025-12-24/1761943857.json"
"510807","146155","2025-12-24","52.00","NZD","1761943857","23477/2025-12-24/1761943857.json"
"581513","221281","2025-12-25","38.00","NZD","1761943857","23477/2025-12-25/1761943857.json"
"581514","221282","2025-12-25","38.00","NZD","1761943857","23477/2025-12-25/1761943857.json"
"512557","146154","2025-12-25","45.00","NZD","1761943857","23477/2025-12-25/1761943857.json"
"365170","146153","2025-12-25","48.00","NZD","1761943857","23477/2025-12-25/1761943857.json"
"510807","146155","2025-12-25","52.00","NZD","1761943857","23477/2025-12-25/1761943857.json"
"581513","221281","2025-12-23","38.00","NZD","1761943857","23477/2025-12-23/1761943857.json"
"581514","221282","2025-12-23","38.00","NZD","1761943857","23477/2025-12-23/1761943857.json"
"512557","146154","2025-12-23","45.00","NZD","1761943857","23477/2025-12-23/1761943857.json"
"365170","146153","2025-12-23","48.00","NZD","1761943857","23477/2025-12-23/1761943857.json"
"510807","146155","2025-12-23","52.00","NZD","1761943857","23477/2025-12-23/1761943857.json"
"581513","221281","2025-12-26","42.00","NZD","1761943857","23477/2025-12-26/1761943857.json"
"581514","221282","2025-12-26","42.00","NZD","1761943857","23477/2025-12-26/1761943857.json"
"512557","146154","2025-12-26","45.00","NZD","1761943857","23477/2025-12-26/1761943857.json"
"365170","146153","2025-12-26","48.00","NZD","1761943857","23477/2025-12-26/1761943857.json"
"510807","146155","2025-12-26","52.00","NZD","1761943857","23477/2025-12-26/1761943857.json"
"581513","221281","2025-12-28","42.00","NZD","1761943857","23477/2025-12-28/1761943857.json"
"581514","221282","2025-12-28","42.00","NZD","1761943857","23477/2025-12-28/1761943857.json"
"512557","146154","2025-12-28","45.00","NZD","1761943857","23477/2025-12-28/1761943857.json"
"365170","146153","2025-12-28","48.00","NZD","1761943857","23477/2025-12-28/1761943857.json"
"510807","146155","2025-12-28","52.00","NZD","1761943857","23477/2025-12-28/1761943857.json"
"581513","221281","2025-12-29","42.00","NZD","1761943857","23477/2025-12-29/1761943857.json"
"581514","221282","2025-12-29","42.00","NZD","1761943857","23477/2025-12-29/1761943857.json"
"512557","146154","2025-12-29","45.00","NZD","1761943857","23477/2025-12-29/1761943857.json"
"365170","146153","2025-12-29","48.00","NZD","1761943857","23477/2025-12-29/1761943857.json"
"510807","146155","2025-12-29","52.00","NZD","1761943857","23477/2025-12-29/1761943857.json"
"581513","221281","2025-12-27","42.00","NZD","1761943857","23477/2025-12-27/1761943857.json"
"581514","221282","2025-12-27","42.00","NZD","1761943857","23477/2025-12-27/1761943857.json"
"512557","146154","2025-12-27","45.00","NZD","1761943857","23477/2025-12-27/1761943857.json"
"365170","146153","2025-12-27","48.00","NZD","1761943857","23477/2025-12-27/1761943857.json"
"510807","146155","2025-12-27","52.00","NZD","1761943857","23477/2025-12-27/1761943857.json"
"581513","221281","2025-12-30","42.00","NZD","1761943857","23477/2025-12-30/1761943857.json"
"581514","221282","2025-12-30","42.00","NZD","1761943857","23477/2025-12-30/1761943857.json"
"512557","146154","2025-12-30","45.00","NZD","1761943857","23477/2025-12-30/1761943857.json"
"365170","146153","2025-12-30","48.00","NZD","1761943857","23477/2025-12-30/1761943857.json"
"510807","146155","2025-12-30","52.00","NZD","1761943857","23477/2025-12-30/1761943857.json"
"581513","221281","2025-11-02","36.00","NZD","1761968814","23477/2025-11-02/1761968814.json"
"581513","221281","2025-11-03","36.00","NZD","1761968814","23477/2025-11-03/1761968814.json"
"581514","221282","2025-11-03","36.00","NZD","1761968814","23477/2025-11-03/1761968814.json"
"581514","221282","2025-11-02","36.00","NZD","1761968814","23477/2025-11-02/1761968814.json"
"512557","146154","2025-11-02","45.00","NZD","1761968814","23477/2025-11-02/1761968814.json"
"512557","146154","2025-11-03","45.00","NZD","1761968814","23477/2025-11-03/1761968814.json"
"365170","146153","2025-11-02","48.00","NZD","1761968814","23477/2025-11-02/1761968814.json"
"365170","146153","2025-11-03","48.00","NZD","1761968814","23477/2025-11-03/1761968814.json"
"510807","146155","2025-11-03","52.00","NZD","1761968814","23477/2025-11-03/1761968814.json"
"510807","146155","2025-11-02","52.00","NZD","1761968814","23477/2025-11-02/1761968814.json"
"581513","221281","2025-11-01","36.00","NZD","1761968814","23477/2025-11-01/1761968814.json"
"581514","221282","2025-11-01","36.00","NZD","1761968814","23477/2025-11-01/1761968814.json"
"512557","146154","2025-11-01","45.00","NZD","1761968814","23477/2025-11-01/1761968814.json"
"365170","146153","2025-11-01","48.00","NZD","1761968814","23477/2025-11-01/1761968814.json"
"510807","146155","2025-11-01","52.00","NZD","1761968814","23477/2025-11-01/1761968814.json"
"581513","221281","2025-11-04","36.00","NZD","1761968814","23477/2025-11-04/1761968814.json"
"581514","221282","2025-11-04","36.00","NZD","1761968814","23477/2025-11-04/1761968814.json"
"512557","146154","2025-11-04","45.00","NZD","1761968814","23477/2025-11-04/1761968814.json"
"365170","146153","2025-11-04","48.00","NZD","1761968814","23477/2025-11-04/1761968814.json"
"510807","146155","2025-11-04","52.00","NZD","1761968814","23477/2025-11-04/1761968814.json"
"581513","221281","2025-11-05","36.00","NZD","1761968814","23477/2025-11-05/1761968814.json"
"581514","221282","2025-11-05","36.00","NZD","1761968814","23477/2025-11-05/1761968814.json"
"512557","146154","2025-11-05","45.00","NZD","1761968814","23477/2025-11-05/1761968814.json"
"365170","146153","2025-11-05","48.00","NZD","1761968814","23477/2025-11-05/1761968814.json"
"510807","146155","2025-11-05","52.00","NZD","1761968814","23477/2025-11-05/1761968814.json"
"581513","221281","2025-11-07","36.00","NZD","1761968814","23477/2025-11-07/1761968814.json"
"581514","221282","2025-11-07","36.00","NZD","1761968814","23477/2025-11-07/1761968814.json"
"512557","146154","2025-11-07","45.00","NZD","1761968814","23477/2025-11-07/1761968814.json"
"365170","146153","2025-11-07","48.00","NZD","1761968814","23477/2025-11-07/1761968814.json"
"510807","146155","2025-11-07","52.00","NZD","1761968814","23477/2025-11-07/1761968814.json"
"581513","221281","2025-11-06","36.00","NZD","1761968814","23477/2025-11-06/1761968814.json"
"581514","221282","2025-11-06","36.00","NZD","1761968814","23477/2025-11-06/1761968814.json"
"512557","146154","2025-11-06","45.00","NZD","1761968814","23477/2025-11-06/1761968814.json"
"365170","146153","2025-11-06","48.00","NZD","1761968814","23477/2025-11-06/1761968814.json"
"510807","146155","2025-11-06","52.00","NZD","1761968814","23477/2025-11-06/1761968814.json"
"581513","221281","2025-11-08","36.00","NZD","1761968814","23477/2025-11-08/1761968814.json"
"581514","221282","2025-11-08","36.00","NZD","1761968814","23477/2025-11-08/1761968814.json"
"512557","146154","2025-11-08","45.00","NZD","1761968814","23477/2025-11-08/1761968814.json"
"365170","146153","2025-11-08","48.00","NZD","1761968814","23477/2025-11-08/1761968814.json"
"510807","146155","2025-11-08","52.00","NZD","1761968814","23477/2025-11-08/1761968814.json"
"581513","221281","2025-11-10","36.00","NZD","1761968814","23477/2025-11-10/1761968814.json"
"581514","221282","2025-11-10","36.00","NZD","1761968814","23477/2025-11-10/1761968814.json"
"512557","146154","2025-11-10","45.00","NZD","1761968814","23477/2025-11-10/1761968814.json"
"365170","146153","2025-11-10","48.00","NZD","1761968814","23477/2025-11-10/1761968814.json"
"510807","146155","2025-11-10","52.00","NZD","1761968814","23477/2025-11-10/1761968814.json"
"581513","221281","2025-11-11","36.00","NZD","1761968814","23477/2025-11-11/1761968814.json"
"581514","221282","2025-11-11","36.00","NZD","1761968814","23477/2025-11-11/1761968814.json"
"512557","146154","2025-11-11","45.00","NZD","1761968814","23477/2025-11-11/1761968814.json"
"365170","146153","2025-11-11","48.00","NZD","1761968814","23477/2025-11-11/1761968814.json"
"510807","146155","2025-11-11","52.00","NZD","1761968814","23477/2025-11-11/1761968814.json"
"581513","221281","2025-11-09","36.00","NZD","1761968814","23477/2025-11-09/1761968814.json"
"581514","221282","2025-11-09","36.00","NZD","1761968814","23477/2025-11-09/1761968814.json"
"512557","146154","2025-11-09","45.00","NZD","1761968814","23477/2025-11-09/1761968814.json"
"581513","221281","2025-11-12","36.00","NZD","1761968814","23477/2025-11-12/1761968814.json"
"365170","146153","2025-11-09","48.00","NZD","1761968814","23477/2025-11-09/1761968814.json"
"581514","221282","2025-11-12","36.00","NZD","1761968814","23477/2025-11-12/1761968814.json"
"512557","146154","2025-11-12","45.00","NZD","1761968814","23477/2025-11-12/1761968814.json"
"510807","146155","2025-11-09","52.00","NZD","1761968814","23477/2025-11-09/1761968814.json"
"365170","146153","2025-11-12","48.00","NZD","1761968814","23477/2025-11-12/1761968814.json"
"510807","146155","2025-11-12","52.00","NZD","1761968814","23477/2025-11-12/1761968814.json"
"581513","221281","2025-11-15","36.00","NZD","1761968814","23477/2025-11-15/1761968814.json"
"581514","221282","2025-11-15","36.00","NZD","1761968814","23477/2025-11-15/1761968814.json"
"512557","146154","2025-11-15","45.00","NZD","1761968814","23477/2025-11-15/1761968814.json"
"365170","146153","2025-11-15","48.00","NZD","1761968814","23477/2025-11-15/1761968814.json"
"510807","146155","2025-11-15","52.00","NZD","1761968814","23477/2025-11-15/1761968814.json"
"581513","221281","2025-11-16","36.00","NZD","1761968814","23477/2025-11-16/1761968814.json"
"581514","221282","2025-11-16","36.00","NZD","1761968814","23477/2025-11-16/1761968814.json"
"512557","146154","2025-11-16","45.00","NZD","1761968814","23477/2025-11-16/1761968814.json"
"365170","146153","2025-11-16","48.00","NZD","1761968814","23477/2025-11-16/1761968814.json"
"510807","146155","2025-11-16","52.00","NZD","1761968814","23477/2025-11-16/1761968814.json"
"581513","221281","2025-11-13","36.00","NZD","1761968814","23477/2025-11-13/1761968814.json"
"581514","221282","2025-11-13","36.00","NZD","1761968814","23477/2025-11-13/1761968814.json"
"512557","146154","2025-11-13","45.00","NZD","1761968814","23477/2025-11-13/1761968814.json"
"365170","146153","2025-11-13","48.00","NZD","1761968814","23477/2025-11-13/1761968814.json"
"510807","146155","2025-11-13","52.00","NZD","1761968814","23477/2025-11-13/1761968814.json"
"581513","221281","2025-11-14","36.00","NZD","1761968814","23477/2025-11-14/1761968814.json"
"581514","221282","2025-11-14","36.00","NZD","1761968814","23477/2025-11-14/1761968814.json"
"512557","146154","2025-11-14","45.00","NZD","1761968814","23477/2025-11-14/1761968814.json"
"365170","146153","2025-11-14","48.00","NZD","1761968814","23477/2025-11-14/1761968814.json"
"510807","146155","2025-11-14","52.00","NZD","1761968814","23477/2025-11-14/1761968814.json"
"581513","221281","2025-11-19","36.00","NZD","1761968814","23477/2025-11-19/1761968814.json"
"581514","221282","2025-11-19","36.00","NZD","1761968814","23477/2025-11-19/1761968814.json"
"512557","146154","2025-11-19","45.00","NZD","1761968814","23477/2025-11-19/1761968814.json"
"365170","146153","2025-11-19","48.00","NZD","1761968814","23477/2025-11-19/1761968814.json"
"510807","146155","2025-11-19","52.00","NZD","1761968814","23477/2025-11-19/1761968814.json"
"581513","221281","2025-11-17","36.00","NZD","1761968814","23477/2025-11-17/1761968814.json"
"581514","221282","2025-11-17","36.00","NZD","1761968814","23477/2025-11-17/1761968814.json"
"512557","146154","2025-11-17","45.00","NZD","1761968814","23477/2025-11-17/1761968814.json"
"365170","146153","2025-11-17","48.00","NZD","1761968814","23477/2025-11-17/1761968814.json"
"510807","146155","2025-11-17","52.00","NZD","1761968814","23477/2025-11-17/1761968814.json"
"581513","221281","2025-11-20","36.00","NZD","1761968814","23477/2025-11-20/1761968814.json"
"581514","221282","2025-11-20","36.00","NZD","1761968814","23477/2025-11-20/1761968814.json"
"512557","146154","2025-11-20","45.00","NZD","1761968814","23477/2025-11-20/1761968814.json"
"581513","221281","2025-11-18","36.00","NZD","1761968814","23477/2025-11-18/1761968814.json"
"581514","221282","2025-11-18","36.00","NZD","1761968814","23477/2025-11-18/1761968814.json"
"512557","146154","2025-11-18","45.00","NZD","1761968814","23477/2025-11-18/1761968814.json"
"365170","146153","2025-11-18","48.00","NZD","1761968814","23477/2025-11-18/1761968814.json"
"510807","146155","2025-11-18","52.00","NZD","1761968814","23477/2025-11-18/1761968814.json"
"581513","221281","2025-11-23","36.00","NZD","1761968814","23477/2025-11-23/1761968814.json"
"581514","221282","2025-11-23","36.00","NZD","1761968814","23477/2025-11-23/1761968814.json"
"512557","146154","2025-11-23","45.00","NZD","1761968814","23477/2025-11-23/1761968814.json"
"365170","146153","2025-11-23","48.00","NZD","1761968814","23477/2025-11-23/1761968814.json"
"510807","146155","2025-11-23","52.00","NZD","1761968814","23477/2025-11-23/1761968814.json"
"581513","221281","2025-11-22","36.00","NZD","1761968814","23477/2025-11-22/1761968814.json"
"581514","221282","2025-11-22","36.00","NZD","1761968814","23477/2025-11-22/1761968814.json"
"512557","146154","2025-11-22","45.00","NZD","1761968814","23477/2025-11-22/1761968814.json"
"365170","146153","2025-11-22","48.00","NZD","1761968814","23477/2025-11-22/1761968814.json"
"510807","146155","2025-11-22","52.00","NZD","1761968814","23477/2025-11-22/1761968814.json"
"581513","221281","2025-11-21","36.00","NZD","1761968814","23477/2025-11-21/1761968814.json"
"581514","221282","2025-11-21","36.00","NZD","1761968814","23477/2025-11-21/1761968814.json"
"512557","146154","2025-11-21","45.00","NZD","1761968814","23477/2025-11-21/1761968814.json"
"365170","146153","2025-11-21","48.00","NZD","1761968814","23477/2025-11-21/1761968814.json"
"510807","146155","2025-11-21","52.00","NZD","1761968814","23477/2025-11-21/1761968814.json"
"581513","221281","2025-11-24","36.00","NZD","1761968814","23477/2025-11-24/1761968814.json"
"581514","221282","2025-11-24","36.00","NZD","1761968814","23477/2025-11-24/1761968814.json"
"512557","146154","2025-11-24","45.00","NZD","1761968814","23477/2025-11-24/1761968814.json"
"365170","146153","2025-11-24","48.00","NZD","1761968814","23477/2025-11-24/1761968814.json"
"510807","146155","2025-11-24","52.00","NZD","1761968814","23477/2025-11-24/1761968814.json"
"581513","221281","2025-11-26","36.00","NZD","1761968814","23477/2025-11-26/1761968814.json"
"581514","221282","2025-11-26","36.00","NZD","1761968814","23477/2025-11-26/1761968814.json"
"512557","146154","2025-11-26","45.00","NZD","1761968814","23477/2025-11-26/1761968814.json"
"365170","146153","2025-11-26","48.00","NZD","1761968814","23477/2025-11-26/1761968814.json"
"510807","146155","2025-11-26","52.00","NZD","1761968814","23477/2025-11-26/1761968814.json"
"581513","221281","2025-11-27","36.00","NZD","1761968814","23477/2025-11-27/1761968814.json"
"581514","221282","2025-11-27","36.00","NZD","1761968814","23477/2025-11-27/1761968814.json"
"512557","146154","2025-11-27","45.00","NZD","1761968814","23477/2025-11-27/1761968814.json"
"365170","146153","2025-11-27","48.00","NZD","1761968814","23477/2025-11-27/1761968814.json"
"510807","146155","2025-11-27","52.00","NZD","1761968814","23477/2025-11-27/1761968814.json"
"581513","221281","2025-11-25","36.00","NZD","1761968814","23477/2025-11-25/1761968814.json"
"581514","221282","2025-11-25","36.00","NZD","1761968814","23477/2025-11-25/1761968814.json"
"512557","146154","2025-11-25","45.00","NZD","1761968814","23477/2025-11-25/1761968814.json"
"365170","146153","2025-11-25","48.00","NZD","1761968814","23477/2025-11-25/1761968814.json"
"510807","146155","2025-11-25","52.00","NZD","1761968814","23477/2025-11-25/1761968814.json"
"581513","221281","2025-11-28","36.00","NZD","1761968814","23477/2025-11-28/1761968814.json"
"581514","221282","2025-11-28","36.00","NZD","1761968814","23477/2025-11-28/1761968814.json"
"512557","146154","2025-11-28","45.00","NZD","1761968814","23477/2025-11-28/1761968814.json"
"365170","146153","2025-11-28","48.00","NZD","1761968814","23477/2025-11-28/1761968814.json"
"510807","146155","2025-11-28","52.00","NZD","1761968814","23477/2025-11-28/1761968814.json"
"581513","221281","2025-12-01","36.00","NZD","1761968814","23477/2025-12-01/1761968814.json"
"581514","221282","2025-12-01","36.00","NZD","1761968814","23477/2025-12-01/1761968814.json"
"512557","146154","2025-12-01","45.00","NZD","1761968814","23477/2025-12-01/1761968814.json"
"365170","146153","2025-12-01","48.00","NZD","1761968814","23477/2025-12-01/1761968814.json"
"510807","146155","2025-12-01","52.00","NZD","1761968814","23477/2025-12-01/1761968814.json"
"581513","221281","2025-11-30","36.00","NZD","1761968814","23477/2025-11-30/1761968814.json"
"581514","221282","2025-11-30","36.00","NZD","1761968814","23477/2025-11-30/1761968814.json"
"512557","146154","2025-11-30","45.00","NZD","1761968814","23477/2025-11-30/1761968814.json"
"365170","146153","2025-11-30","48.00","NZD","1761968814","23477/2025-11-30/1761968814.json"
"510807","146155","2025-11-30","52.00","NZD","1761968814","23477/2025-11-30/1761968814.json"
"581513","221281","2025-12-02","36.00","NZD","1761968814","23477/2025-12-02/1761968814.json"
"581514","221282","2025-12-02","36.00","NZD","1761968814","23477/2025-12-02/1761968814.json"
"512557","146154","2025-12-02","45.00","NZD","1761968814","23477/2025-12-02/1761968814.json"
"365170","146153","2025-12-02","48.00","NZD","1761968814","23477/2025-12-02/1761968814.json"
"510807","146155","2025-12-02","52.00","NZD","1761968814","23477/2025-12-02/1761968814.json"
"581513","221281","2025-12-03","36.00","NZD","1761968814","23477/2025-12-03/1761968814.json"
"581514","221282","2025-12-03","36.00","NZD","1761968814","23477/2025-12-03/1761968814.json"
"512557","146154","2025-12-03","45.00","NZD","1761968814","23477/2025-12-03/1761968814.json"
"365170","146153","2025-12-03","48.00","NZD","1761968814","23477/2025-12-03/1761968814.json"
"510807","146155","2025-12-03","52.00","NZD","1761968814","23477/2025-12-03/1761968814.json"
"581513","221281","2025-12-04","36.00","NZD","1761968814","23477/2025-12-04/1761968814.json"
"581514","221282","2025-12-04","36.00","NZD","1761968814","23477/2025-12-04/1761968814.json"
"512557","146154","2025-12-04","45.00","NZD","1761968814","23477/2025-12-04/1761968814.json"
"365170","146153","2025-12-04","48.00","NZD","1761968814","23477/2025-12-04/1761968814.json"
"510807","146155","2025-12-04","52.00","NZD","1761968814","23477/2025-12-04/1761968814.json"
"581513","221281","2025-12-05","36.00","NZD","1761968814","23477/2025-12-05/1761968814.json"
"581513","221281","2025-11-29","36.00","NZD","1761968814","23477/2025-11-29/1761968814.json"
"581514","221282","2025-12-05","36.00","NZD","1761968814","23477/2025-12-05/1761968814.json"
"581514","221282","2025-11-29","36.00","NZD","1761968814","23477/2025-11-29/1761968814.json"
"512557","146154","2025-11-29","45.00","NZD","1761968814","23477/2025-11-29/1761968814.json"
"512557","146154","2025-12-05","45.00","NZD","1761968814","23477/2025-12-05/1761968814.json"
"365170","146153","2025-11-29","48.00","NZD","1761968814","23477/2025-11-29/1761968814.json"
"365170","146153","2025-12-05","48.00","NZD","1761968814","23477/2025-12-05/1761968814.json"
"510807","146155","2025-11-29","52.00","NZD","1761968814","23477/2025-11-29/1761968814.json"
"510807","146155","2025-12-05","52.00","NZD","1761968814","23477/2025-12-05/1761968814.json"
"581513","221281","2025-12-06","36.00","NZD","1761968814","23477/2025-12-06/1761968814.json"
"581514","221282","2025-12-06","36.00","NZD","1761968814","23477/2025-12-06/1761968814.json"
"512557","146154","2025-12-06","45.00","NZD","1761968814","23477/2025-12-06/1761968814.json"
"365170","146153","2025-12-06","48.00","NZD","1761968814","23477/2025-12-06/1761968814.json"
"510807","146155","2025-12-06","52.00","NZD","1761968814","23477/2025-12-06/1761968814.json"
"581513","221281","2025-12-07","36.00","NZD","1761968814","23477/2025-12-07/1761968814.json"
"581514","221282","2025-12-07","36.00","NZD","1761968814","23477/2025-12-07/1761968814.json"
"512557","146154","2025-12-07","45.00","NZD","1761968814","23477/2025-12-07/1761968814.json"
"365170","146153","2025-12-07","48.00","NZD","1761968814","23477/2025-12-07/1761968814.json"
"510807","146155","2025-12-07","52.00","NZD","1761968814","23477/2025-12-07/1761968814.json"
"581513","221281","2025-12-08","36.00","NZD","1761968814","23477/2025-12-08/1761968814.json"
"581514","221282","2025-12-08","36.00","NZD","1761968814","23477/2025-12-08/1761968814.json"
"512557","146154","2025-12-08","45.00","NZD","1761968814","23477/2025-12-08/1761968814.json"
"365170","146153","2025-12-08","48.00","NZD","1761968814","23477/2025-12-08/1761968814.json"
"510807","146155","2025-12-08","52.00","NZD","1761968814","23477/2025-12-08/1761968814.json"
"581513","221281","2025-12-09","36.00","NZD","1761968814","23477/2025-12-09/1761968814.json"
"581514","221282","2025-12-09","36.00","NZD","1761968814","23477/2025-12-09/1761968814.json"
"512557","146154","2025-12-09","45.00","NZD","1761968814","23477/2025-12-09/1761968814.json"
"365170","146153","2025-12-09","48.00","NZD","1761968814","23477/2025-12-09/1761968814.json"
"510807","146155","2025-12-09","52.00","NZD","1761968814","23477/2025-12-09/1761968814.json"
"581513","221281","2025-12-10","36.00","NZD","1761968814","23477/2025-12-10/1761968814.json"
"581514","221282","2025-12-10","36.00","NZD","1761968814","23477/2025-12-10/1761968814.json"
"512557","146154","2025-12-10","45.00","NZD","1761968814","23477/2025-12-10/1761968814.json"
"365170","146153","2025-12-10","48.00","NZD","1761968814","23477/2025-12-10/1761968814.json"
"510807","146155","2025-12-10","52.00","NZD","1761968814","23477/2025-12-10/1761968814.json"
"581513","221281","2025-12-11","36.00","NZD","1761968814","23477/2025-12-11/1761968814.json"
"581514","221282","2025-12-11","36.00","NZD","1761968814","23477/2025-12-11/1761968814.json"
"512557","146154","2025-12-11","45.00","NZD","1761968814","23477/2025-12-11/1761968814.json"
"365170","146153","2025-12-11","48.00","NZD","1761968814","23477/2025-12-11/1761968814.json"
"510807","146155","2025-12-11","52.00","NZD","1761968814","23477/2025-12-11/1761968814.json"
"581513","221281","2025-12-12","36.00","NZD","1761968814","23477/2025-12-12/1761968814.json"
"581513","221281","2025-12-13","36.00","NZD","1761968814","23477/2025-12-13/1761968814.json"
"581514","221282","2025-12-12","36.00","NZD","1761968814","23477/2025-12-12/1761968814.json"
"581514","221282","2025-12-13","36.00","NZD","1761968814","23477/2025-12-13/1761968814.json"
"512557","146154","2025-12-13","45.00","NZD","1761968814","23477/2025-12-13/1761968814.json"
"512557","146154","2025-12-12","45.00","NZD","1761968814","23477/2025-12-12/1761968814.json"
"365170","146153","2025-12-13","48.00","NZD","1761968814","23477/2025-12-13/1761968814.json"
"510807","146155","2025-12-13","52.00","NZD","1761968814","23477/2025-12-13/1761968814.json"
"365170","146153","2025-12-12","48.00","NZD","1761968814","23477/2025-12-12/1761968814.json"
"510807","146155","2025-12-12","52.00","NZD","1761968814","23477/2025-12-12/1761968814.json"
"581513","221281","2025-12-14","36.00","NZD","1761968814","23477/2025-12-14/1761968814.json"
"581514","221282","2025-12-14","36.00","NZD","1761968814","23477/2025-12-14/1761968814.json"
"512557","146154","2025-12-14","45.00","NZD","1761968814","23477/2025-12-14/1761968814.json"
"365170","146153","2025-12-14","48.00","NZD","1761968814","23477/2025-12-14/1761968814.json"
"510807","146155","2025-12-14","52.00","NZD","1761968814","23477/2025-12-14/1761968814.json"
"581513","221281","2025-12-15","36.00","NZD","1761968814","23477/2025-12-15/1761968814.json"
"581514","221282","2025-12-15","36.00","NZD","1761968814","23477/2025-12-15/1761968814.json"
"512557","146154","2025-12-15","45.00","NZD","1761968814","23477/2025-12-15/1761968814.json"
"365170","146153","2025-12-15","48.00","NZD","1761968814","23477/2025-12-15/1761968814.json"
"510807","146155","2025-12-15","52.00","NZD","1761968814","23477/2025-12-15/1761968814.json"
"581513","221281","2025-12-16","36.00","NZD","1761968814","23477/2025-12-16/1761968814.json"
"581514","221282","2025-12-16","36.00","NZD","1761968814","23477/2025-12-16/1761968814.json"
"512557","146154","2025-12-16","45.00","NZD","1761968814","23477/2025-12-16/1761968814.json"
"365170","146153","2025-12-16","48.00","NZD","1761968814","23477/2025-12-16/1761968814.json"
"510807","146155","2025-12-16","52.00","NZD","1761968814","23477/2025-12-16/1761968814.json"
"581513","221281","2025-12-17","36.00","NZD","1761968814","23477/2025-12-17/1761968814.json"
"581514","221282","2025-12-17","36.00","NZD","1761968814","23477/2025-12-17/1761968814.json"
"512557","146154","2025-12-17","45.00","NZD","1761968814","23477/2025-12-17/1761968814.json"
"365170","146153","2025-12-17","48.00","NZD","1761968814","23477/2025-12-17/1761968814.json"
"510807","146155","2025-12-17","52.00","NZD","1761968814","23477/2025-12-17/1761968814.json"
"581513","221281","2025-12-18","36.00","NZD","1761968814","23477/2025-12-18/1761968814.json"
"581514","221282","2025-12-18","36.00","NZD","1761968814","23477/2025-12-18/1761968814.json"
"512557","146154","2025-12-18","45.00","NZD","1761968814","23477/2025-12-18/1761968814.json"
"365170","146153","2025-12-18","48.00","NZD","1761968814","23477/2025-12-18/1761968814.json"
"510807","146155","2025-12-18","52.00","NZD","1761968814","23477/2025-12-18/1761968814.json"
"581513","221281","2025-12-19","36.00","NZD","1761968814","23477/2025-12-19/1761968814.json"
"581514","221282","2025-12-19","36.00","NZD","1761968814","23477/2025-12-19/1761968814.json"
"512557","146154","2025-12-19","45.00","NZD","1761968814","23477/2025-12-19/1761968814.json"
"365170","146153","2025-12-19","48.00","NZD","1761968814","23477/2025-12-19/1761968814.json"
"510807","146155","2025-12-19","52.00","NZD","1761968814","23477/2025-12-19/1761968814.json"
"581513","221281","2025-12-20","36.00","NZD","1761968814","23477/2025-12-20/1761968814.json"
"581514","221282","2025-12-20","36.00","NZD","1761968814","23477/2025-12-20/1761968814.json"
"512557","146154","2025-12-20","45.00","NZD","1761968814","23477/2025-12-20/1761968814.json"
"365170","146153","2025-12-20","48.00","NZD","1761968814","23477/2025-12-20/1761968814.json"
"510807","146155","2025-12-20","52.00","NZD","1761968814","23477/2025-12-20/1761968814.json"
"581513","221281","2025-12-21","36.00","NZD","1761968814","23477/2025-12-21/1761968814.json"
"581514","221282","2025-12-21","36.00","NZD","1761968814","23477/2025-12-21/1761968814.json"
"512557","146154","2025-12-21","45.00","NZD","1761968814","23477/2025-12-21/1761968814.json"
"365170","146153","2025-12-21","48.00","NZD","1761968814","23477/2025-12-21/1761968814.json"
"510807","146155","2025-12-21","52.00","NZD","1761968814","23477/2025-12-21/1761968814.json"
"581513","221281","2025-12-22","36.00","NZD","1761968814","23477/2025-12-22/1761968814.json"
"581514","221282","2025-12-22","36.00","NZD","1761968814","23477/2025-12-22/1761968814.json"
"512557","146154","2025-12-22","45.00","NZD","1761968814","23477/2025-12-22/1761968814.json"
"365170","146153","2025-12-22","48.00","NZD","1761968814","23477/2025-12-22/1761968814.json"
"510807","146155","2025-12-22","52.00","NZD","1761968814","23477/2025-12-22/1761968814.json"
"581513","221281","2025-12-24","38.00","NZD","1761968814","23477/2025-12-24/1761968814.json"
"581514","221282","2025-12-24","38.00","NZD","1761968814","23477/2025-12-24/1761968814.json"
"512557","146154","2025-12-24","45.00","NZD","1761968814","23477/2025-12-24/1761968814.json"
"365170","146153","2025-12-24","48.00","NZD","1761968814","23477/2025-12-24/1761968814.json"
"510807","146155","2025-12-24","52.00","NZD","1761968814","23477/2025-12-24/1761968814.json"
"581513","221281","2025-12-23","38.00","NZD","1761968814","23477/2025-12-23/1761968814.json"
"581514","221282","2025-12-23","38.00","NZD","1761968814","23477/2025-12-23/1761968814.json"
"512557","146154","2025-12-23","45.00","NZD","1761968814","23477/2025-12-23/1761968814.json"
"365170","146153","2025-12-23","48.00","NZD","1761968814","23477/2025-12-23/1761968814.json"
"510807","146155","2025-12-23","52.00","NZD","1761968814","23477/2025-12-23/1761968814.json"
"581513","221281","2025-12-26","42.00","NZD","1761968814","23477/2025-12-26/1761968814.json"
"581514","221282","2025-12-26","42.00","NZD","1761968814","23477/2025-12-26/1761968814.json"
"512557","146154","2025-12-26","45.00","NZD","1761968814","23477/2025-12-26/1761968814.json"
"365170","146153","2025-12-26","48.00","NZD","1761968814","23477/2025-12-26/1761968814.json"
"510807","146155","2025-12-26","52.00","NZD","1761968814","23477/2025-12-26/1761968814.json"
"581513","221281","2025-12-25","38.00","NZD","1761968814","23477/2025-12-25/1761968814.json"
"581514","221282","2025-12-25","38.00","NZD","1761968814","23477/2025-12-25/1761968814.json"
"512557","146154","2025-12-25","45.00","NZD","1761968814","23477/2025-12-25/1761968814.json"
"365170","146153","2025-12-25","48.00","NZD","1761968814","23477/2025-12-25/1761968814.json"
"510807","146155","2025-12-25","52.00","NZD","1761968814","23477/2025-12-25/1761968814.json"
"581513","221281","2025-12-27","42.00","NZD","1761968814","23477/2025-12-27/1761968814.json"
"581514","221282","2025-12-27","42.00","NZD","1761968814","23477/2025-12-27/1761968814.json"
"512557","146154","2025-12-27","45.00","NZD","1761968814","23477/2025-12-27/1761968814.json"
"365170","146153","2025-12-27","48.00","NZD","1761968814","23477/2025-12-27/1761968814.json"
"510807","146155","2025-12-27","52.00","NZD","1761968814","23477/2025-12-27/1761968814.json"
"581513","221281","2025-12-28","42.00","NZD","1761968814","23477/2025-12-28/1761968814.json"
"581514","221282","2025-12-28","42.00","NZD","1761968814","23477/2025-12-28/1761968814.json"
"512557","146154","2025-12-28","45.00","NZD","1761968814","23477/2025-12-28/1761968814.json"
"365170","146153","2025-12-28","48.00","NZD","1761968814","23477/2025-12-28/1761968814.json"
"510807","146155","2025-12-28","52.00","NZD","1761968814","23477/2025-12-28/1761968814.json"
"581513","221281","2025-12-31","42.00","NZD","1761968814","23477/2025-12-31/1761968814.json"
"581514","221282","2025-12-31","42.00","NZD","1761968814","23477/2025-12-31/1761968814.json"
"512557","146154","2025-12-31","45.00","NZD","1761968814","23477/2025-12-31/1761968814.json"
"365170","146153","2025-12-31","48.00","NZD","1761968814","23477/2025-12-31/1761968814.json"
"510807","146155","2025-12-31","52.00","NZD","1761968814","23477/2025-12-31/1761968814.json"
"581513","221281","2025-12-30","42.00","NZD","1761968814","23477/2025-12-30/1761968814.json"
"581514","221282","2025-12-30","42.00","NZD","1761968814","23477/2025-12-30/1761968814.json"
"512557","146154","2025-12-30","45.00","NZD","1761968814","23477/2025-12-30/1761968814.json"
"365170","146153","2025-12-30","48.00","NZD","1761968814","23477/2025-12-30/1761968814.json"
"510807","146155","2025-12-30","52.00","NZD","1761968814","23477/2025-12-30/1761968814.json"
"581513","221281","2025-12-29","42.00","NZD","1761968814","23477/2025-12-29/1761968814.json"
"581514","221282","2025-12-29","42.00","NZD","1761968814","23477/2025-12-29/1761968814.json"
"512557","146154","2025-12-29","45.00","NZD","1761968814","23477/2025-12-29/1761968814.json"
"365170","146153","2025-12-29","48.00","NZD","1761968814","23477/2025-12-29/1761968814.json"
"510807","146155","2025-12-29","52.00","NZD","1761968814","23477/2025-12-29/1761968814.json"
"581513","221281","2025-11-04","36.00","NZD","1761972782","23477/2025-11-04/1761972782.json"
"581514","221282","2025-11-04","36.00","NZD","1761972782","23477/2025-11-04/1761972782.json"
"512557","146154","2025-11-04","45.00","NZD","1761972782","23477/2025-11-04/1761972782.json"
"365170","146153","2025-11-04","48.00","NZD","1761972782","23477/2025-11-04/1761972782.json"
"510807","146155","2025-11-04","52.00","NZD","1761972782","23477/2025-11-04/1761972782.json"
"581513","221281","2025-11-02","36.00","NZD","1761972782","23477/2025-11-02/1761972782.json"
"581514","221282","2025-11-02","36.00","NZD","1761972782","23477/2025-11-02/1761972782.json"
"512557","146154","2025-11-02","45.00","NZD","1761972782","23477/2025-11-02/1761972782.json"
"365170","146153","2025-11-02","48.00","NZD","1761972782","23477/2025-11-02/1761972782.json"
"510807","146155","2025-11-02","52.00","NZD","1761972782","23477/2025-11-02/1761972782.json"
"581513","221281","2025-11-03","36.00","NZD","1761972782","23477/2025-11-03/1761972782.json"
"581514","221282","2025-11-03","36.00","NZD","1761972782","23477/2025-11-03/1761972782.json"
"512557","146154","2025-11-03","45.00","NZD","1761972782","23477/2025-11-03/1761972782.json"
"365170","146153","2025-11-03","48.00","NZD","1761972782","23477/2025-11-03/1761972782.json"
"510807","146155","2025-11-03","52.00","NZD","1761972782","23477/2025-11-03/1761972782.json"
"581513","221281","2025-11-01","36.00","NZD","1761972782","23477/2025-11-01/1761972782.json"
"581514","221282","2025-11-01","36.00","NZD","1761972782","23477/2025-11-01/1761972782.json"
"512557","146154","2025-11-01","45.00","NZD","1761972782","23477/2025-11-01/1761972782.json"
"365170","146153","2025-11-01","48.00","NZD","1761972782","23477/2025-11-01/1761972782.json"
"510807","146155","2025-11-01","52.00","NZD","1761972782","23477/2025-11-01/1761972782.json"
"581513","221281","2025-11-06","36.00","NZD","1761972782","23477/2025-11-06/1761972782.json"
"581514","221282","2025-11-06","36.00","NZD","1761972782","23477/2025-11-06/1761972782.json"
"512557","146154","2025-11-06","45.00","NZD","1761972782","23477/2025-11-06/1761972782.json"
"365170","146153","2025-11-06","48.00","NZD","1761972782","23477/2025-11-06/1761972782.json"
"510807","146155","2025-11-06","52.00","NZD","1761972782","23477/2025-11-06/1761972782.json"
"581513","221281","2025-11-08","36.00","NZD","1761972782","23477/2025-11-08/1761972782.json"
"581514","221282","2025-11-08","36.00","NZD","1761972782","23477/2025-11-08/1761972782.json"
"512557","146154","2025-11-08","45.00","NZD","1761972782","23477/2025-11-08/1761972782.json"
"365170","146153","2025-11-08","48.00","NZD","1761972782","23477/2025-11-08/1761972782.json"
"510807","146155","2025-11-08","52.00","NZD","1761972782","23477/2025-11-08/1761972782.json"
"581513","221281","2025-11-07","36.00","NZD","1761972782","23477/2025-11-07/1761972782.json"
"581514","221282","2025-11-07","36.00","NZD","1761972782","23477/2025-11-07/1761972782.json"
"512557","146154","2025-11-07","45.00","NZD","1761972782","23477/2025-11-07/1761972782.json"
"365170","146153","2025-11-07","48.00","NZD","1761972782","23477/2025-11-07/1761972782.json"
"510807","146155","2025-11-07","52.00","NZD","1761972782","23477/2025-11-07/1761972782.json"
"581513","221281","2025-11-05","36.00","NZD","1761972782","23477/2025-11-05/1761972782.json"
"581514","221282","2025-11-05","36.00","NZD","1761972782","23477/2025-11-05/1761972782.json"
"512557","146154","2025-11-05","45.00","NZD","1761972782","23477/2025-11-05/1761972782.json"
"365170","146153","2025-11-05","48.00","NZD","1761972782","23477/2025-11-05/1761972782.json"
"510807","146155","2025-11-05","52.00","NZD","1761972782","23477/2025-11-05/1761972782.json"
"581513","221281","2025-11-10","36.00","NZD","1761972782","23477/2025-11-10/1761972782.json"
"581514","221282","2025-11-10","36.00","NZD","1761972782","23477/2025-11-10/1761972782.json"
"512557","146154","2025-11-10","45.00","NZD","1761972782","23477/2025-11-10/1761972782.json"
"365170","146153","2025-11-10","48.00","NZD","1761972782","23477/2025-11-10/1761972782.json"
"510807","146155","2025-11-10","52.00","NZD","1761972782","23477/2025-11-10/1761972782.json"
"581513","221281","2025-11-09","36.00","NZD","1761972782","23477/2025-11-09/1761972782.json"
"581514","221282","2025-11-09","36.00","NZD","1761972782","23477/2025-11-09/1761972782.json"
"512557","146154","2025-11-09","45.00","NZD","1761972782","23477/2025-11-09/1761972782.json"
"365170","146153","2025-11-09","48.00","NZD","1761972782","23477/2025-11-09/1761972782.json"
"510807","146155","2025-11-09","52.00","NZD","1761972782","23477/2025-11-09/1761972782.json"
"581513","221281","2025-11-11","36.00","NZD","1761972782","23477/2025-11-11/1761972782.json"
"581514","221282","2025-11-11","36.00","NZD","1761972782","23477/2025-11-11/1761972782.json"
"512557","146154","2025-11-11","45.00","NZD","1761972782","23477/2025-11-11/1761972782.json"
"365170","146153","2025-11-11","48.00","NZD","1761972782","23477/2025-11-11/1761972782.json"
"510807","146155","2025-11-11","52.00","NZD","1761972782","23477/2025-11-11/1761972782.json"
"581513","221281","2025-11-12","36.00","NZD","1761972782","23477/2025-11-12/1761972782.json"
"581514","221282","2025-11-12","36.00","NZD","1761972782","23477/2025-11-12/1761972782.json"
"512557","146154","2025-11-12","45.00","NZD","1761972782","23477/2025-11-12/1761972782.json"
"365170","146153","2025-11-12","48.00","NZD","1761972782","23477/2025-11-12/1761972782.json"
"510807","146155","2025-11-12","52.00","NZD","1761972782","23477/2025-11-12/1761972782.json"
"581513","221281","2025-11-13","36.00","NZD","1761972782","23477/2025-11-13/1761972782.json"
"581514","221282","2025-11-13","36.00","NZD","1761972782","23477/2025-11-13/1761972782.json"
"512557","146154","2025-11-13","45.00","NZD","1761972782","23477/2025-11-13/1761972782.json"
"365170","146153","2025-11-13","48.00","NZD","1761972782","23477/2025-11-13/1761972782.json"
"510807","146155","2025-11-13","52.00","NZD","1761972782","23477/2025-11-13/1761972782.json"
"581513","221281","2025-11-15","36.00","NZD","1761972782","23477/2025-11-15/1761972782.json"
"581514","221282","2025-11-15","36.00","NZD","1761972782","23477/2025-11-15/1761972782.json"
"512557","146154","2025-11-15","45.00","NZD","1761972782","23477/2025-11-15/1761972782.json"
"365170","146153","2025-11-15","48.00","NZD","1761972782","23477/2025-11-15/1761972782.json"
"510807","146155","2025-11-15","52.00","NZD","1761972782","23477/2025-11-15/1761972782.json"
"581513","221281","2025-11-16","36.00","NZD","1761972782","23477/2025-11-16/1761972782.json"
"581514","221282","2025-11-16","36.00","NZD","1761972782","23477/2025-11-16/1761972782.json"
"512557","146154","2025-11-16","45.00","NZD","1761972782","23477/2025-11-16/1761972782.json"
"365170","146153","2025-11-16","48.00","NZD","1761972782","23477/2025-11-16/1761972782.json"
"510807","146155","2025-11-16","52.00","NZD","1761972782","23477/2025-11-16/1761972782.json"
"581513","221281","2025-11-14","36.00","NZD","1761972782","23477/2025-11-14/1761972782.json"
"581514","221282","2025-11-14","36.00","NZD","1761972782","23477/2025-11-14/1761972782.json"
"512557","146154","2025-11-14","45.00","NZD","1761972782","23477/2025-11-14/1761972782.json"
"365170","146153","2025-11-14","48.00","NZD","1761972782","23477/2025-11-14/1761972782.json"
"510807","146155","2025-11-14","52.00","NZD","1761972782","23477/2025-11-14/1761972782.json"
"581513","221281","2025-11-17","36.00","NZD","1761972782","23477/2025-11-17/1761972782.json"
"581514","221282","2025-11-17","36.00","NZD","1761972782","23477/2025-11-17/1761972782.json"
"512557","146154","2025-11-17","45.00","NZD","1761972782","23477/2025-11-17/1761972782.json"
"365170","146153","2025-11-17","48.00","NZD","1761972782","23477/2025-11-17/1761972782.json"
"510807","146155","2025-11-17","52.00","NZD","1761972782","23477/2025-11-17/1761972782.json"
"581513","221281","2025-11-18","36.00","NZD","1761972782","23477/2025-11-18/1761972782.json"
"581514","221282","2025-11-18","36.00","NZD","1761972782","23477/2025-11-18/1761972782.json"
"512557","146154","2025-11-18","45.00","NZD","1761972782","23477/2025-11-18/1761972782.json"
"365170","146153","2025-11-18","48.00","NZD","1761972782","23477/2025-11-18/1761972782.json"
"510807","146155","2025-11-18","52.00","NZD","1761972782","23477/2025-11-18/1761972782.json"
"581513","221281","2025-11-19","36.00","NZD","1761972782","23477/2025-11-19/1761972782.json"
"581514","221282","2025-11-19","36.00","NZD","1761972782","23477/2025-11-19/1761972782.json"
"512557","146154","2025-11-19","45.00","NZD","1761972782","23477/2025-11-19/1761972782.json"
"365170","146153","2025-11-19","48.00","NZD","1761972782","23477/2025-11-19/1761972782.json"
"510807","146155","2025-11-19","52.00","NZD","1761972782","23477/2025-11-19/1761972782.json"
"581513","221281","2025-11-20","36.00","NZD","1761972782","23477/2025-11-20/1761972782.json"
"581514","221282","2025-11-20","36.00","NZD","1761972782","23477/2025-11-20/1761972782.json"
"512557","146154","2025-11-20","45.00","NZD","1761972782","23477/2025-11-20/1761972782.json"
"581513","221281","2025-11-22","36.00","NZD","1761972782","23477/2025-11-22/1761972782.json"
"581514","221282","2025-11-22","36.00","NZD","1761972782","23477/2025-11-22/1761972782.json"
"512557","146154","2025-11-22","45.00","NZD","1761972782","23477/2025-11-22/1761972782.json"
"365170","146153","2025-11-22","48.00","NZD","1761972782","23477/2025-11-22/1761972782.json"
"510807","146155","2025-11-22","52.00","NZD","1761972782","23477/2025-11-22/1761972782.json"
"581513","221281","2025-11-21","36.00","NZD","1761972782","23477/2025-11-21/1761972782.json"
"581513","221281","2025-11-23","36.00","NZD","1761972782","23477/2025-11-23/1761972782.json"
"581514","221282","2025-11-21","36.00","NZD","1761972782","23477/2025-11-21/1761972782.json"
"581514","221282","2025-11-23","36.00","NZD","1761972782","23477/2025-11-23/1761972782.json"
"512557","146154","2025-11-23","45.00","NZD","1761972782","23477/2025-11-23/1761972782.json"
"512557","146154","2025-11-21","45.00","NZD","1761972782","23477/2025-11-21/1761972782.json"
"365170","146153","2025-11-23","48.00","NZD","1761972782","23477/2025-11-23/1761972782.json"
"510807","146155","2025-11-23","52.00","NZD","1761972782","23477/2025-11-23/1761972782.json"
"365170","146153","2025-11-21","48.00","NZD","1761972782","23477/2025-11-21/1761972782.json"
"510807","146155","2025-11-21","52.00","NZD","1761972782","23477/2025-11-21/1761972782.json"
"581513","221281","2025-11-24","36.00","NZD","1761972782","23477/2025-11-24/1761972782.json"
"581514","221282","2025-11-24","36.00","NZD","1761972782","23477/2025-11-24/1761972782.json"
"512557","146154","2025-11-24","45.00","NZD","1761972782","23477/2025-11-24/1761972782.json"
"365170","146153","2025-11-24","48.00","NZD","1761972782","23477/2025-11-24/1761972782.json"
"510807","146155","2025-11-24","52.00","NZD","1761972782","23477/2025-11-24/1761972782.json"
"581513","221281","2025-11-25","36.00","NZD","1761972782","23477/2025-11-25/1761972782.json"
"581514","221282","2025-11-25","36.00","NZD","1761972782","23477/2025-11-25/1761972782.json"
"512557","146154","2025-11-25","45.00","NZD","1761972782","23477/2025-11-25/1761972782.json"
"365170","146153","2025-11-25","48.00","NZD","1761972782","23477/2025-11-25/1761972782.json"
"510807","146155","2025-11-25","52.00","NZD","1761972782","23477/2025-11-25/1761972782.json"
"581513","221281","2025-11-27","36.00","NZD","1761972782","23477/2025-11-27/1761972782.json"
"581514","221282","2025-11-27","36.00","NZD","1761972782","23477/2025-11-27/1761972782.json"
"512557","146154","2025-11-27","45.00","NZD","1761972782","23477/2025-11-27/1761972782.json"
"365170","146153","2025-11-27","48.00","NZD","1761972782","23477/2025-11-27/1761972782.json"
"510807","146155","2025-11-27","52.00","NZD","1761972782","23477/2025-11-27/1761972782.json"
"581513","221281","2025-11-26","36.00","NZD","1761972782","23477/2025-11-26/1761972782.json"
"581514","221282","2025-11-26","36.00","NZD","1761972782","23477/2025-11-26/1761972782.json"
"512557","146154","2025-11-26","45.00","NZD","1761972782","23477/2025-11-26/1761972782.json"
"365170","146153","2025-11-26","48.00","NZD","1761972782","23477/2025-11-26/1761972782.json"
"510807","146155","2025-11-26","52.00","NZD","1761972782","23477/2025-11-26/1761972782.json"
"581513","221281","2025-11-28","36.00","NZD","1761972782","23477/2025-11-28/1761972782.json"
"581514","221282","2025-11-28","36.00","NZD","1761972782","23477/2025-11-28/1761972782.json"
"512557","146154","2025-11-28","45.00","NZD","1761972782","23477/2025-11-28/1761972782.json"
"365170","146153","2025-11-28","48.00","NZD","1761972782","23477/2025-11-28/1761972782.json"
"510807","146155","2025-11-28","52.00","NZD","1761972782","23477/2025-11-28/1761972782.json"
"581513","221281","2025-11-29","36.00","NZD","1761972782","23477/2025-11-29/1761972782.json"
"581514","221282","2025-11-29","36.00","NZD","1761972782","23477/2025-11-29/1761972782.json"
"512557","146154","2025-11-29","45.00","NZD","1761972782","23477/2025-11-29/1761972782.json"
"365170","146153","2025-11-29","48.00","NZD","1761972782","23477/2025-11-29/1761972782.json"
"510807","146155","2025-11-29","52.00","NZD","1761972782","23477/2025-11-29/1761972782.json"
"581513","221281","2025-11-30","36.00","NZD","1761972782","23477/2025-11-30/1761972782.json"
"581514","221282","2025-11-30","36.00","NZD","1761972782","23477/2025-11-30/1761972782.json"
"512557","146154","2025-11-30","45.00","NZD","1761972782","23477/2025-11-30/1761972782.json"
"365170","146153","2025-11-30","48.00","NZD","1761972782","23477/2025-11-30/1761972782.json"
"510807","146155","2025-11-30","52.00","NZD","1761972782","23477/2025-11-30/1761972782.json"
"581513","221281","2025-12-01","36.00","NZD","1761972782","23477/2025-12-01/1761972782.json"
"581514","221282","2025-12-01","36.00","NZD","1761972782","23477/2025-12-01/1761972782.json"
"512557","146154","2025-12-01","45.00","NZD","1761972782","23477/2025-12-01/1761972782.json"
"365170","146153","2025-12-01","48.00","NZD","1761972782","23477/2025-12-01/1761972782.json"
"510807","146155","2025-12-01","52.00","NZD","1761972782","23477/2025-12-01/1761972782.json"
"581513","221281","2025-12-02","36.00","NZD","1761972782","23477/2025-12-02/1761972782.json"
"581514","221282","2025-12-02","36.00","NZD","1761972782","23477/2025-12-02/1761972782.json"
"512557","146154","2025-12-02","45.00","NZD","1761972782","23477/2025-12-02/1761972782.json"
"365170","146153","2025-12-02","48.00","NZD","1761972782","23477/2025-12-02/1761972782.json"
"510807","146155","2025-12-02","52.00","NZD","1761972782","23477/2025-12-02/1761972782.json"
"581513","221281","2025-12-03","36.00","NZD","1761972782","23477/2025-12-03/1761972782.json"
"581514","221282","2025-12-03","36.00","NZD","1761972782","23477/2025-12-03/1761972782.json"
"512557","146154","2025-12-03","45.00","NZD","1761972782","23477/2025-12-03/1761972782.json"
"365170","146153","2025-12-03","48.00","NZD","1761972782","23477/2025-12-03/1761972782.json"
"510807","146155","2025-12-03","52.00","NZD","1761972782","23477/2025-12-03/1761972782.json"
"581513","221281","2025-12-04","36.00","NZD","1761972782","23477/2025-12-04/1761972782.json"
"581514","221282","2025-12-04","36.00","NZD","1761972782","23477/2025-12-04/1761972782.json"
"512557","146154","2025-12-04","45.00","NZD","1761972782","23477/2025-12-04/1761972782.json"
"365170","146153","2025-12-04","48.00","NZD","1761972782","23477/2025-12-04/1761972782.json"
"510807","146155","2025-12-04","52.00","NZD","1761972782","23477/2025-12-04/1761972782.json"
"581513","221281","2025-12-06","36.00","NZD","1761972782","23477/2025-12-06/1761972782.json"
"581514","221282","2025-12-06","36.00","NZD","1761972782","23477/2025-12-06/1761972782.json"
"512557","146154","2025-12-06","45.00","NZD","1761972782","23477/2025-12-06/1761972782.json"
"365170","146153","2025-12-06","48.00","NZD","1761972782","23477/2025-12-06/1761972782.json"
"510807","146155","2025-12-06","52.00","NZD","1761972782","23477/2025-12-06/1761972782.json"
"581513","221281","2025-12-05","36.00","NZD","1761972782","23477/2025-12-05/1761972782.json"
"581514","221282","2025-12-05","36.00","NZD","1761972782","23477/2025-12-05/1761972782.json"
"512557","146154","2025-12-05","45.00","NZD","1761972782","23477/2025-12-05/1761972782.json"
"365170","146153","2025-12-05","48.00","NZD","1761972782","23477/2025-12-05/1761972782.json"
"510807","146155","2025-12-05","52.00","NZD","1761972782","23477/2025-12-05/1761972782.json"
"581513","221281","2025-12-07","36.00","NZD","1761972782","23477/2025-12-07/1761972782.json"
"581514","221282","2025-12-07","36.00","NZD","1761972782","23477/2025-12-07/1761972782.json"
"512557","146154","2025-12-07","45.00","NZD","1761972782","23477/2025-12-07/1761972782.json"
"365170","146153","2025-12-07","48.00","NZD","1761972782","23477/2025-12-07/1761972782.json"
"510807","146155","2025-12-07","52.00","NZD","1761972782","23477/2025-12-07/1761972782.json"
"581513","221281","2025-12-08","36.00","NZD","1761972782","23477/2025-12-08/1761972782.json"
"581514","221282","2025-12-08","36.00","NZD","1761972782","23477/2025-12-08/1761972782.json"
"512557","146154","2025-12-08","45.00","NZD","1761972782","23477/2025-12-08/1761972782.json"
"365170","146153","2025-12-08","48.00","NZD","1761972782","23477/2025-12-08/1761972782.json"
"510807","146155","2025-12-08","52.00","NZD","1761972782","23477/2025-12-08/1761972782.json"
"581513","221281","2025-12-09","36.00","NZD","1761972782","23477/2025-12-09/1761972782.json"
"581514","221282","2025-12-09","36.00","NZD","1761972782","23477/2025-12-09/1761972782.json"
"512557","146154","2025-12-09","45.00","NZD","1761972782","23477/2025-12-09/1761972782.json"
"365170","146153","2025-12-09","48.00","NZD","1761972782","23477/2025-12-09/1761972782.json"
"510807","146155","2025-12-09","52.00","NZD","1761972782","23477/2025-12-09/1761972782.json"
"581513","221281","2025-12-11","36.00","NZD","1761972782","23477/2025-12-11/1761972782.json"
"581514","221282","2025-12-11","36.00","NZD","1761972782","23477/2025-12-11/1761972782.json"
"512557","146154","2025-12-11","45.00","NZD","1761972782","23477/2025-12-11/1761972782.json"
"365170","146153","2025-12-11","48.00","NZD","1761972782","23477/2025-12-11/1761972782.json"
"510807","146155","2025-12-11","52.00","NZD","1761972782","23477/2025-12-11/1761972782.json"
"581513","221281","2025-12-10","36.00","NZD","1761972782","23477/2025-12-10/1761972782.json"
"581514","221282","2025-12-10","36.00","NZD","1761972782","23477/2025-12-10/1761972782.json"
"512557","146154","2025-12-10","45.00","NZD","1761972782","23477/2025-12-10/1761972782.json"
"365170","146153","2025-12-10","48.00","NZD","1761972782","23477/2025-12-10/1761972782.json"
"510807","146155","2025-12-10","52.00","NZD","1761972782","23477/2025-12-10/1761972782.json"
"581513","221281","2025-12-12","36.00","NZD","1761972782","23477/2025-12-12/1761972782.json"
"581514","221282","2025-12-12","36.00","NZD","1761972782","23477/2025-12-12/1761972782.json"
"512557","146154","2025-12-12","45.00","NZD","1761972782","23477/2025-12-12/1761972782.json"
"365170","146153","2025-12-12","48.00","NZD","1761972782","23477/2025-12-12/1761972782.json"
"510807","146155","2025-12-12","52.00","NZD","1761972782","23477/2025-12-12/1761972782.json"
"581513","221281","2025-12-15","36.00","NZD","1761972782","23477/2025-12-15/1761972782.json"
"581514","221282","2025-12-15","36.00","NZD","1761972782","23477/2025-12-15/1761972782.json"
"512557","146154","2025-12-15","45.00","NZD","1761972782","23477/2025-12-15/1761972782.json"
"365170","146153","2025-12-15","48.00","NZD","1761972782","23477/2025-12-15/1761972782.json"
"510807","146155","2025-12-15","52.00","NZD","1761972782","23477/2025-12-15/1761972782.json"
"581513","221281","2025-12-14","36.00","NZD","1761972782","23477/2025-12-14/1761972782.json"
"581514","221282","2025-12-14","36.00","NZD","1761972782","23477/2025-12-14/1761972782.json"
"512557","146154","2025-12-14","45.00","NZD","1761972782","23477/2025-12-14/1761972782.json"
"365170","146153","2025-12-14","48.00","NZD","1761972782","23477/2025-12-14/1761972782.json"
"510807","146155","2025-12-14","52.00","NZD","1761972782","23477/2025-12-14/1761972782.json"
"581513","221281","2025-12-13","36.00","NZD","1761972782","23477/2025-12-13/1761972782.json"
"581514","221282","2025-12-13","36.00","NZD","1761972782","23477/2025-12-13/1761972782.json"
"512557","146154","2025-12-13","45.00","NZD","1761972782","23477/2025-12-13/1761972782.json"
"365170","146153","2025-12-13","48.00","NZD","1761972782","23477/2025-12-13/1761972782.json"
"510807","146155","2025-12-13","52.00","NZD","1761972782","23477/2025-12-13/1761972782.json"
"581513","221281","2025-12-18","36.00","NZD","1761972782","23477/2025-12-18/1761972782.json"
"581514","221282","2025-12-18","36.00","NZD","1761972782","23477/2025-12-18/1761972782.json"
"512557","146154","2025-12-18","45.00","NZD","1761972782","23477/2025-12-18/1761972782.json"
"365170","146153","2025-12-18","48.00","NZD","1761972782","23477/2025-12-18/1761972782.json"
"510807","146155","2025-12-18","52.00","NZD","1761972782","23477/2025-12-18/1761972782.json"
"581513","221281","2025-12-16","36.00","NZD","1761972782","23477/2025-12-16/1761972782.json"
"581514","221282","2025-12-16","36.00","NZD","1761972782","23477/2025-12-16/1761972782.json"
"512557","146154","2025-12-16","45.00","NZD","1761972782","23477/2025-12-16/1761972782.json"
"365170","146153","2025-12-16","48.00","NZD","1761972782","23477/2025-12-16/1761972782.json"
"510807","146155","2025-12-16","52.00","NZD","1761972782","23477/2025-12-16/1761972782.json"
"581513","221281","2025-12-17","36.00","NZD","1761972782","23477/2025-12-17/1761972782.json"
"581514","221282","2025-12-17","36.00","NZD","1761972782","23477/2025-12-17/1761972782.json"
"512557","146154","2025-12-17","45.00","NZD","1761972782","23477/2025-12-17/1761972782.json"
"365170","146153","2025-12-17","48.00","NZD","1761972782","23477/2025-12-17/1761972782.json"
"510807","146155","2025-12-17","52.00","NZD","1761972782","23477/2025-12-17/1761972782.json"
"581513","221281","2025-12-19","36.00","NZD","1761972782","23477/2025-12-19/1761972782.json"
"581514","221282","2025-12-19","36.00","NZD","1761972782","23477/2025-12-19/1761972782.json"
"512557","146154","2025-12-19","45.00","NZD","1761972782","23477/2025-12-19/1761972782.json"
"365170","146153","2025-12-19","48.00","NZD","1761972782","23477/2025-12-19/1761972782.json"
"510807","146155","2025-12-19","52.00","NZD","1761972782","23477/2025-12-19/1761972782.json"
"581513","221281","2025-12-21","36.00","NZD","1761972782","23477/2025-12-21/1761972782.json"
"581514","221282","2025-12-21","36.00","NZD","1761972782","23477/2025-12-21/1761972782.json"
"512557","146154","2025-12-21","45.00","NZD","1761972782","23477/2025-12-21/1761972782.json"
"365170","146153","2025-12-21","48.00","NZD","1761972782","23477/2025-12-21/1761972782.json"
"510807","146155","2025-12-21","52.00","NZD","1761972782","23477/2025-12-21/1761972782.json"
"581513","221281","2025-12-20","36.00","NZD","1761972782","23477/2025-12-20/1761972782.json"
"581514","221282","2025-12-20","36.00","NZD","1761972782","23477/2025-12-20/1761972782.json"
"512557","146154","2025-12-20","45.00","NZD","1761972782","23477/2025-12-20/1761972782.json"
"365170","146153","2025-12-20","48.00","NZD","1761972782","23477/2025-12-20/1761972782.json"
"510807","146155","2025-12-20","52.00","NZD","1761972782","23477/2025-12-20/1761972782.json"
"581513","221281","2025-12-23","38.00","NZD","1761972782","23477/2025-12-23/1761972782.json"
"581514","221282","2025-12-23","38.00","NZD","1761972782","23477/2025-12-23/1761972782.json"
"512557","146154","2025-12-23","45.00","NZD","1761972782","23477/2025-12-23/1761972782.json"
"365170","146153","2025-12-23","48.00","NZD","1761972782","23477/2025-12-23/1761972782.json"
"510807","146155","2025-12-23","52.00","NZD","1761972782","23477/2025-12-23/1761972782.json"
"581513","221281","2025-12-22","36.00","NZD","1761972782","23477/2025-12-22/1761972782.json"
"581514","221282","2025-12-22","36.00","NZD","1761972782","23477/2025-12-22/1761972782.json"
"512557","146154","2025-12-22","45.00","NZD","1761972782","23477/2025-12-22/1761972782.json"
"365170","146153","2025-12-22","48.00","NZD","1761972782","23477/2025-12-22/1761972782.json"
"510807","146155","2025-12-22","52.00","NZD","1761972782","23477/2025-12-22/1761972782.json"
"581513","221281","2025-12-25","38.00","NZD","1761972782","23477/2025-12-25/1761972782.json"
"581513","221281","2025-12-24","38.00","NZD","1761972782","23477/2025-12-24/1761972782.json"
"581514","221282","2025-12-25","38.00","NZD","1761972782","23477/2025-12-25/1761972782.json"
"581514","221282","2025-12-24","38.00","NZD","1761972782","23477/2025-12-24/1761972782.json"
"512557","146154","2025-12-24","45.00","NZD","1761972782","23477/2025-12-24/1761972782.json"
"512557","146154","2025-12-25","45.00","NZD","1761972782","23477/2025-12-25/1761972782.json"
"365170","146153","2025-12-24","48.00","NZD","1761972782","23477/2025-12-24/1761972782.json"
"510807","146155","2025-12-24","52.00","NZD","1761972782","23477/2025-12-24/1761972782.json"
"365170","146153","2025-12-25","48.00","NZD","1761972782","23477/2025-12-25/1761972782.json"
"510807","146155","2025-12-25","52.00","NZD","1761972782","23477/2025-12-25/1761972782.json"
"581513","221281","2025-12-27","42.00","NZD","1761972782","23477/2025-12-27/1761972782.json"
"581514","221282","2025-12-27","42.00","NZD","1761972782","23477/2025-12-27/1761972782.json"
"512557","146154","2025-12-27","45.00","NZD","1761972782","23477/2025-12-27/1761972782.json"
"365170","146153","2025-12-27","48.00","NZD","1761972782","23477/2025-12-27/1761972782.json"
"510807","146155","2025-12-27","52.00","NZD","1761972782","23477/2025-12-27/1761972782.json"
"581513","221281","2025-12-26","42.00","NZD","1761972782","23477/2025-12-26/1761972782.json"
"581514","221282","2025-12-26","42.00","NZD","1761972782","23477/2025-12-26/1761972782.json"
"512557","146154","2025-12-26","45.00","NZD","1761972782","23477/2025-12-26/1761972782.json"
"365170","146153","2025-12-26","48.00","NZD","1761972782","23477/2025-12-26/1761972782.json"
"510807","146155","2025-12-26","52.00","NZD","1761972782","23477/2025-12-26/1761972782.json"
"581513","221281","2025-12-28","42.00","NZD","1761972782","23477/2025-12-28/1761972782.json"
"581514","221282","2025-12-28","42.00","NZD","1761972782","23477/2025-12-28/1761972782.json"
"512557","146154","2025-12-28","45.00","NZD","1761972782","23477/2025-12-28/1761972782.json"
"365170","146153","2025-12-28","48.00","NZD","1761972782","23477/2025-12-28/1761972782.json"
"510807","146155","2025-12-28","52.00","NZD","1761972782","23477/2025-12-28/1761972782.json"
"581513","221281","2025-12-29","42.00","NZD","1761972782","23477/2025-12-29/1761972782.json"
"581514","221282","2025-12-29","42.00","NZD","1761972782","23477/2025-12-29/1761972782.json"
"512557","146154","2025-12-29","45.00","NZD","1761972782","23477/2025-12-29/1761972782.json"
"365170","146153","2025-12-29","48.00","NZD","1761972782","23477/2025-12-29/1761972782.json"
"510807","146155","2025-12-29","52.00","NZD","1761972782","23477/2025-12-29/1761972782.json"
"581513","221281","2025-12-30","42.00","NZD","1761972782","23477/2025-12-30/1761972782.json"
"581514","221282","2025-12-30","42.00","NZD","1761972782","23477/2025-12-30/1761972782.json"
"512557","146154","2025-12-30","45.00","NZD","1761972782","23477/2025-12-30/1761972782.json"
"365170","146153","2025-12-30","48.00","NZD","1761972782","23477/2025-12-30/1761972782.json"
"510807","146155","2025-12-30","52.00","NZD","1761972782","23477/2025-12-30/1761972782.json"
"581513","221281","2025-12-31","42.00","NZD","1761972782","23477/2025-12-31/1761972782.json"
"581514","221282","2025-12-31","42.00","NZD","1761972782","23477/2025-12-31/1761972782.json"
"512557","146154","2025-12-31","45.00","NZD","1761972782","23477/2025-12-31/1761972782.json"
"365170","146153","2025-12-31","48.00","NZD","1761972782","23477/2025-12-31/1761972782.json"
"510807","146155","2025-12-31","52.00","NZD","1761972782","23477/2025-12-31/1761972782.json"
"581513","221281","2025-11-04","36.00","NZD","1761987249","23477/2025-11-04/1761987249.json"
"581513","221281","2025-11-01","36.00","NZD","1761987249","23477/2025-11-01/1761987249.json"
"581514","221282","2025-11-04","36.00","NZD","1761987249","23477/2025-11-04/1761987249.json"
"581514","221282","2025-11-01","36.00","NZD","1761987249","23477/2025-11-01/1761987249.json"
"512557","146154","2025-11-04","45.00","NZD","1761987249","23477/2025-11-04/1761987249.json"
"512557","146154","2025-11-01","45.00","NZD","1761987249","23477/2025-11-01/1761987249.json"
"365170","146153","2025-11-04","48.00","NZD","1761987249","23477/2025-11-04/1761987249.json"
"365170","146153","2025-11-01","48.00","NZD","1761987249","23477/2025-11-01/1761987249.json"
"510807","146155","2025-11-04","52.00","NZD","1761987249","23477/2025-11-04/1761987249.json"
"510807","146155","2025-11-01","52.00","NZD","1761987249","23477/2025-11-01/1761987249.json"
"581513","221281","2025-11-02","36.00","NZD","1761987249","23477/2025-11-02/1761987249.json"
"581514","221282","2025-11-02","36.00","NZD","1761987249","23477/2025-11-02/1761987249.json"
"512557","146154","2025-11-02","45.00","NZD","1761987249","23477/2025-11-02/1761987249.json"
"365170","146153","2025-11-02","48.00","NZD","1761987249","23477/2025-11-02/1761987249.json"
"510807","146155","2025-11-02","52.00","NZD","1761987249","23477/2025-11-02/1761987249.json"
"581513","221281","2025-11-03","36.00","NZD","1761987249","23477/2025-11-03/1761987249.json"
"581514","221282","2025-11-03","36.00","NZD","1761987249","23477/2025-11-03/1761987249.json"
"512557","146154","2025-11-03","45.00","NZD","1761987249","23477/2025-11-03/1761987249.json"
"365170","146153","2025-11-03","48.00","NZD","1761987249","23477/2025-11-03/1761987249.json"
"510807","146155","2025-11-03","52.00","NZD","1761987249","23477/2025-11-03/1761987249.json"
"581513","221281","2025-11-07","36.00","NZD","1761987249","23477/2025-11-07/1761987249.json"
"581514","221282","2025-11-07","36.00","NZD","1761987249","23477/2025-11-07/1761987249.json"
"512557","146154","2025-11-07","45.00","NZD","1761987249","23477/2025-11-07/1761987249.json"
"365170","146153","2025-11-07","48.00","NZD","1761987249","23477/2025-11-07/1761987249.json"
"510807","146155","2025-11-07","52.00","NZD","1761987249","23477/2025-11-07/1761987249.json"
"581513","221281","2025-11-06","36.00","NZD","1761987249","23477/2025-11-06/1761987249.json"
"581514","221282","2025-11-06","36.00","NZD","1761987249","23477/2025-11-06/1761987249.json"
"512557","146154","2025-11-06","45.00","NZD","1761987249","23477/2025-11-06/1761987249.json"
"365170","146153","2025-11-06","48.00","NZD","1761987249","23477/2025-11-06/1761987249.json"
"510807","146155","2025-11-06","52.00","NZD","1761987249","23477/2025-11-06/1761987249.json"
"581513","221281","2025-11-05","36.00","NZD","1761987249","23477/2025-11-05/1761987249.json"
"581514","221282","2025-11-05","36.00","NZD","1761987249","23477/2025-11-05/1761987249.json"
"512557","146154","2025-11-05","45.00","NZD","1761987249","23477/2025-11-05/1761987249.json"
"365170","146153","2025-11-05","48.00","NZD","1761987249","23477/2025-11-05/1761987249.json"
"510807","146155","2025-11-05","52.00","NZD","1761987249","23477/2025-11-05/1761987249.json"
"581513","221281","2025-11-08","36.00","NZD","1761987249","23477/2025-11-08/1761987249.json"
"581514","221282","2025-11-08","36.00","NZD","1761987249","23477/2025-11-08/1761987249.json"
"512557","146154","2025-11-08","45.00","NZD","1761987249","23477/2025-11-08/1761987249.json"
"365170","146153","2025-11-08","48.00","NZD","1761987249","23477/2025-11-08/1761987249.json"
"510807","146155","2025-11-08","52.00","NZD","1761987249","23477/2025-11-08/1761987249.json"
"581513","221281","2025-11-10","36.00","NZD","1761987249","23477/2025-11-10/1761987249.json"
"581514","221282","2025-11-10","36.00","NZD","1761987249","23477/2025-11-10/1761987249.json"
"512557","146154","2025-11-10","45.00","NZD","1761987249","23477/2025-11-10/1761987249.json"
"365170","146153","2025-11-10","48.00","NZD","1761987249","23477/2025-11-10/1761987249.json"
"510807","146155","2025-11-10","52.00","NZD","1761987249","23477/2025-11-10/1761987249.json"
"581513","221281","2025-11-09","36.00","NZD","1761987249","23477/2025-11-09/1761987249.json"
"581514","221282","2025-11-09","36.00","NZD","1761987249","23477/2025-11-09/1761987249.json"
"512557","146154","2025-11-09","45.00","NZD","1761987249","23477/2025-11-09/1761987249.json"
"365170","146153","2025-11-09","48.00","NZD","1761987249","23477/2025-11-09/1761987249.json"
"510807","146155","2025-11-09","52.00","NZD","1761987249","23477/2025-11-09/1761987249.json"
"581513","221281","2025-11-11","36.00","NZD","1761987249","23477/2025-11-11/1761987249.json"
"581514","221282","2025-11-11","36.00","NZD","1761987249","23477/2025-11-11/1761987249.json"
"512557","146154","2025-11-11","45.00","NZD","1761987249","23477/2025-11-11/1761987249.json"
"365170","146153","2025-11-11","48.00","NZD","1761987249","23477/2025-11-11/1761987249.json"
"510807","146155","2025-11-11","52.00","NZD","1761987249","23477/2025-11-11/1761987249.json"
"581513","221281","2025-11-12","36.00","NZD","1761987249","23477/2025-11-12/1761987249.json"
"581514","221282","2025-11-12","36.00","NZD","1761987249","23477/2025-11-12/1761987249.json"
"512557","146154","2025-11-12","45.00","NZD","1761987249","23477/2025-11-12/1761987249.json"
"365170","146153","2025-11-12","48.00","NZD","1761987249","23477/2025-11-12/1761987249.json"
"510807","146155","2025-11-12","52.00","NZD","1761987249","23477/2025-11-12/1761987249.json"
"581513","221281","2025-11-13","36.00","NZD","1761987249","23477/2025-11-13/1761987249.json"
"581514","221282","2025-11-13","36.00","NZD","1761987249","23477/2025-11-13/1761987249.json"
"512557","146154","2025-11-13","45.00","NZD","1761987249","23477/2025-11-13/1761987249.json"
"365170","146153","2025-11-13","48.00","NZD","1761987249","23477/2025-11-13/1761987249.json"
"510807","146155","2025-11-13","52.00","NZD","1761987249","23477/2025-11-13/1761987249.json"
"581513","221281","2025-11-14","36.00","NZD","1761987249","23477/2025-11-14/1761987249.json"
"581514","221282","2025-11-14","36.00","NZD","1761987249","23477/2025-11-14/1761987249.json"
"512557","146154","2025-11-14","45.00","NZD","1761987249","23477/2025-11-14/1761987249.json"
"365170","146153","2025-11-14","48.00","NZD","1761987249","23477/2025-11-14/1761987249.json"
"510807","146155","2025-11-14","52.00","NZD","1761987249","23477/2025-11-14/1761987249.json"
"581513","221281","2025-11-15","36.00","NZD","1761987249","23477/2025-11-15/1761987249.json"
"581514","221282","2025-11-15","36.00","NZD","1761987249","23477/2025-11-15/1761987249.json"
"512557","146154","2025-11-15","45.00","NZD","1761987249","23477/2025-11-15/1761987249.json"
"365170","146153","2025-11-15","48.00","NZD","1761987249","23477/2025-11-15/1761987249.json"
"510807","146155","2025-11-15","52.00","NZD","1761987249","23477/2025-11-15/1761987249.json"
"581513","221281","2025-11-16","36.00","NZD","1761987249","23477/2025-11-16/1761987249.json"
"581514","221282","2025-11-16","36.00","NZD","1761987249","23477/2025-11-16/1761987249.json"
"512557","146154","2025-11-16","45.00","NZD","1761987249","23477/2025-11-16/1761987249.json"
"365170","146153","2025-11-16","48.00","NZD","1761987249","23477/2025-11-16/1761987249.json"
"510807","146155","2025-11-16","52.00","NZD","1761987249","23477/2025-11-16/1761987249.json"
"581513","221281","2025-11-19","36.00","NZD","1761987249","23477/2025-11-19/1761987249.json"
"581514","221282","2025-11-19","36.00","NZD","1761987249","23477/2025-11-19/1761987249.json"
"512557","146154","2025-11-19","45.00","NZD","1761987249","23477/2025-11-19/1761987249.json"
"365170","146153","2025-11-19","48.00","NZD","1761987249","23477/2025-11-19/1761987249.json"
"510807","146155","2025-11-19","52.00","NZD","1761987249","23477/2025-11-19/1761987249.json"
"581513","221281","2025-11-17","36.00","NZD","1761987249","23477/2025-11-17/1761987249.json"
"581514","221282","2025-11-17","36.00","NZD","1761987249","23477/2025-11-17/1761987249.json"
"512557","146154","2025-11-17","45.00","NZD","1761987249","23477/2025-11-17/1761987249.json"
"365170","146153","2025-11-17","48.00","NZD","1761987249","23477/2025-11-17/1761987249.json"
"510807","146155","2025-11-17","52.00","NZD","1761987249","23477/2025-11-17/1761987249.json"
"581513","221281","2025-11-20","36.00","NZD","1761987249","23477/2025-11-20/1761987249.json"
"581514","221282","2025-11-20","36.00","NZD","1761987249","23477/2025-11-20/1761987249.json"
"512557","146154","2025-11-20","45.00","NZD","1761987249","23477/2025-11-20/1761987249.json"
"581513","221281","2025-11-21","36.00","NZD","1761987249","23477/2025-11-21/1761987249.json"
"581514","221282","2025-11-21","36.00","NZD","1761987249","23477/2025-11-21/1761987249.json"
"512557","146154","2025-11-21","45.00","NZD","1761987249","23477/2025-11-21/1761987249.json"
"365170","146153","2025-11-21","48.00","NZD","1761987249","23477/2025-11-21/1761987249.json"
"510807","146155","2025-11-21","52.00","NZD","1761987249","23477/2025-11-21/1761987249.json"
"581513","221281","2025-11-22","36.00","NZD","1761987249","23477/2025-11-22/1761987249.json"
"581514","221282","2025-11-22","36.00","NZD","1761987249","23477/2025-11-22/1761987249.json"
"512557","146154","2025-11-22","45.00","NZD","1761987249","23477/2025-11-22/1761987249.json"
"365170","146153","2025-11-22","48.00","NZD","1761987249","23477/2025-11-22/1761987249.json"
"510807","146155","2025-11-22","52.00","NZD","1761987249","23477/2025-11-22/1761987249.json"
"581513","221281","2025-11-18","36.00","NZD","1761987249","23477/2025-11-18/1761987249.json"
"581514","221282","2025-11-18","36.00","NZD","1761987249","23477/2025-11-18/1761987249.json"
"512557","146154","2025-11-18","45.00","NZD","1761987249","23477/2025-11-18/1761987249.json"
"365170","146153","2025-11-18","48.00","NZD","1761987249","23477/2025-11-18/1761987249.json"
"510807","146155","2025-11-18","52.00","NZD","1761987249","23477/2025-11-18/1761987249.json"
"581513","221281","2025-11-24","36.00","NZD","1761987249","23477/2025-11-24/1761987249.json"
"581514","221282","2025-11-24","36.00","NZD","1761987249","23477/2025-11-24/1761987249.json"
"512557","146154","2025-11-24","45.00","NZD","1761987249","23477/2025-11-24/1761987249.json"
"365170","146153","2025-11-24","48.00","NZD","1761987249","23477/2025-11-24/1761987249.json"
"510807","146155","2025-11-24","52.00","NZD","1761987249","23477/2025-11-24/1761987249.json"
"581513","221281","2025-11-25","36.00","NZD","1761987249","23477/2025-11-25/1761987249.json"
"581514","221282","2025-11-25","36.00","NZD","1761987249","23477/2025-11-25/1761987249.json"
"512557","146154","2025-11-25","45.00","NZD","1761987249","23477/2025-11-25/1761987249.json"
"365170","146153","2025-11-25","48.00","NZD","1761987249","23477/2025-11-25/1761987249.json"
"510807","146155","2025-11-25","52.00","NZD","1761987249","23477/2025-11-25/1761987249.json"
"581513","221281","2025-11-23","36.00","NZD","1761987249","23477/2025-11-23/1761987249.json"
"581514","221282","2025-11-23","36.00","NZD","1761987249","23477/2025-11-23/1761987249.json"
"512557","146154","2025-11-23","45.00","NZD","1761987249","23477/2025-11-23/1761987249.json"
"365170","146153","2025-11-23","48.00","NZD","1761987249","23477/2025-11-23/1761987249.json"
"510807","146155","2025-11-23","52.00","NZD","1761987249","23477/2025-11-23/1761987249.json"
"581513","221281","2025-11-26","36.00","NZD","1761987249","23477/2025-11-26/1761987249.json"
"581514","221282","2025-11-26","36.00","NZD","1761987249","23477/2025-11-26/1761987249.json"
"512557","146154","2025-11-26","45.00","NZD","1761987249","23477/2025-11-26/1761987249.json"
"365170","146153","2025-11-26","48.00","NZD","1761987249","23477/2025-11-26/1761987249.json"
"510807","146155","2025-11-26","52.00","NZD","1761987249","23477/2025-11-26/1761987249.json"
"581513","221281","2025-11-29","36.00","NZD","1761987249","23477/2025-11-29/1761987249.json"
"581514","221282","2025-11-29","36.00","NZD","1761987249","23477/2025-11-29/1761987249.json"
"512557","146154","2025-11-29","45.00","NZD","1761987249","23477/2025-11-29/1761987249.json"
"365170","146153","2025-11-29","48.00","NZD","1761987249","23477/2025-11-29/1761987249.json"
"510807","146155","2025-11-29","52.00","NZD","1761987249","23477/2025-11-29/1761987249.json"
"581513","221281","2025-11-27","36.00","NZD","1761987249","23477/2025-11-27/1761987249.json"
"581514","221282","2025-11-27","36.00","NZD","1761987249","23477/2025-11-27/1761987249.json"
"512557","146154","2025-11-27","45.00","NZD","1761987249","23477/2025-11-27/1761987249.json"
"365170","146153","2025-11-27","48.00","NZD","1761987249","23477/2025-11-27/1761987249.json"
"510807","146155","2025-11-27","52.00","NZD","1761987249","23477/2025-11-27/1761987249.json"
"581513","221281","2025-11-28","36.00","NZD","1761987249","23477/2025-11-28/1761987249.json"
"581514","221282","2025-11-28","36.00","NZD","1761987249","23477/2025-11-28/1761987249.json"
"512557","146154","2025-11-28","45.00","NZD","1761987249","23477/2025-11-28/1761987249.json"
"365170","146153","2025-11-28","48.00","NZD","1761987249","23477/2025-11-28/1761987249.json"
"510807","146155","2025-11-28","52.00","NZD","1761987249","23477/2025-11-28/1761987249.json"
"581513","221281","2025-11-30","36.00","NZD","1761987249","23477/2025-11-30/1761987249.json"
"581514","221282","2025-11-30","36.00","NZD","1761987249","23477/2025-11-30/1761987249.json"
"512557","146154","2025-11-30","45.00","NZD","1761987249","23477/2025-11-30/1761987249.json"
"365170","146153","2025-11-30","48.00","NZD","1761987249","23477/2025-11-30/1761987249.json"
"510807","146155","2025-11-30","52.00","NZD","1761987249","23477/2025-11-30/1761987249.json"
"581513","221281","2025-12-03","36.00","NZD","1761987249","23477/2025-12-03/1761987249.json"
"581514","221282","2025-12-03","36.00","NZD","1761987249","23477/2025-12-03/1761987249.json"
"512557","146154","2025-12-03","45.00","NZD","1761987249","23477/2025-12-03/1761987249.json"
"365170","146153","2025-12-03","48.00","NZD","1761987249","23477/2025-12-03/1761987249.json"
"510807","146155","2025-12-03","52.00","NZD","1761987249","23477/2025-12-03/1761987249.json"
"581513","221281","2025-12-01","36.00","NZD","1761987249","23477/2025-12-01/1761987249.json"
"581514","221282","2025-12-01","36.00","NZD","1761987249","23477/2025-12-01/1761987249.json"
"512557","146154","2025-12-01","45.00","NZD","1761987249","23477/2025-12-01/1761987249.json"
"365170","146153","2025-12-01","48.00","NZD","1761987249","23477/2025-12-01/1761987249.json"
"510807","146155","2025-12-01","52.00","NZD","1761987249","23477/2025-12-01/1761987249.json"
"581513","221281","2025-12-02","36.00","NZD","1761987249","23477/2025-12-02/1761987249.json"
"581514","221282","2025-12-02","36.00","NZD","1761987249","23477/2025-12-02/1761987249.json"
"512557","146154","2025-12-02","45.00","NZD","1761987249","23477/2025-12-02/1761987249.json"
"365170","146153","2025-12-02","48.00","NZD","1761987249","23477/2025-12-02/1761987249.json"
"510807","146155","2025-12-02","52.00","NZD","1761987249","23477/2025-12-02/1761987249.json"
"581513","221281","2025-12-04","36.00","NZD","1761987249","23477/2025-12-04/1761987249.json"
"581514","221282","2025-12-04","36.00","NZD","1761987249","23477/2025-12-04/1761987249.json"
"512557","146154","2025-12-04","45.00","NZD","1761987249","23477/2025-12-04/1761987249.json"
"365170","146153","2025-12-04","48.00","NZD","1761987249","23477/2025-12-04/1761987249.json"
"510807","146155","2025-12-04","52.00","NZD","1761987249","23477/2025-12-04/1761987249.json"
"581513","221281","2025-12-07","36.00","NZD","1761987249","23477/2025-12-07/1761987249.json"
"581514","221282","2025-12-07","36.00","NZD","1761987249","23477/2025-12-07/1761987249.json"
"512557","146154","2025-12-07","45.00","NZD","1761987249","23477/2025-12-07/1761987249.json"
"365170","146153","2025-12-07","48.00","NZD","1761987249","23477/2025-12-07/1761987249.json"
"510807","146155","2025-12-07","52.00","NZD","1761987249","23477/2025-12-07/1761987249.json"
"581513","221281","2025-12-06","36.00","NZD","1761987249","23477/2025-12-06/1761987249.json"
"581514","221282","2025-12-06","36.00","NZD","1761987249","23477/2025-12-06/1761987249.json"
"512557","146154","2025-12-06","45.00","NZD","1761987249","23477/2025-12-06/1761987249.json"
"365170","146153","2025-12-06","48.00","NZD","1761987249","23477/2025-12-06/1761987249.json"
"510807","146155","2025-12-06","52.00","NZD","1761987249","23477/2025-12-06/1761987249.json"
"581513","221281","2025-12-05","36.00","NZD","1761987249","23477/2025-12-05/1761987249.json"
"581514","221282","2025-12-05","36.00","NZD","1761987249","23477/2025-12-05/1761987249.json"
"512557","146154","2025-12-05","45.00","NZD","1761987249","23477/2025-12-05/1761987249.json"
"365170","146153","2025-12-05","48.00","NZD","1761987249","23477/2025-12-05/1761987249.json"
"510807","146155","2025-12-05","52.00","NZD","1761987249","23477/2025-12-05/1761987249.json"
"581513","221281","2025-12-08","36.00","NZD","1761987249","23477/2025-12-08/1761987249.json"
"581514","221282","2025-12-08","36.00","NZD","1761987249","23477/2025-12-08/1761987249.json"
"512557","146154","2025-12-08","45.00","NZD","1761987249","23477/2025-12-08/1761987249.json"
"365170","146153","2025-12-08","48.00","NZD","1761987249","23477/2025-12-08/1761987249.json"
"510807","146155","2025-12-08","52.00","NZD","1761987249","23477/2025-12-08/1761987249.json"
"581513","221281","2025-12-11","36.00","NZD","1761987249","23477/2025-12-11/1761987249.json"
"581514","221282","2025-12-11","36.00","NZD","1761987249","23477/2025-12-11/1761987249.json"
"512557","146154","2025-12-11","45.00","NZD","1761987249","23477/2025-12-11/1761987249.json"
"365170","146153","2025-12-11","48.00","NZD","1761987249","23477/2025-12-11/1761987249.json"
"510807","146155","2025-12-11","52.00","NZD","1761987249","23477/2025-12-11/1761987249.json"
"581513","221281","2025-12-09","36.00","NZD","1761987249","23477/2025-12-09/1761987249.json"
"581514","221282","2025-12-09","36.00","NZD","1761987249","23477/2025-12-09/1761987249.json"
"512557","146154","2025-12-09","45.00","NZD","1761987249","23477/2025-12-09/1761987249.json"
"365170","146153","2025-12-09","48.00","NZD","1761987249","23477/2025-12-09/1761987249.json"
"510807","146155","2025-12-09","52.00","NZD","1761987249","23477/2025-12-09/1761987249.json"
"581513","221281","2025-12-10","36.00","NZD","1761987249","23477/2025-12-10/1761987249.json"
"581514","221282","2025-12-10","36.00","NZD","1761987249","23477/2025-12-10/1761987249.json"
"512557","146154","2025-12-10","45.00","NZD","1761987249","23477/2025-12-10/1761987249.json"
"365170","146153","2025-12-10","48.00","NZD","1761987249","23477/2025-12-10/1761987249.json"
"510807","146155","2025-12-10","52.00","NZD","1761987249","23477/2025-12-10/1761987249.json"
"581513","221281","2025-12-12","36.00","NZD","1761987249","23477/2025-12-12/1761987249.json"
"581514","221282","2025-12-12","36.00","NZD","1761987249","23477/2025-12-12/1761987249.json"
"512557","146154","2025-12-12","45.00","NZD","1761987249","23477/2025-12-12/1761987249.json"
"365170","146153","2025-12-12","48.00","NZD","1761987249","23477/2025-12-12/1761987249.json"
"510807","146155","2025-12-12","52.00","NZD","1761987249","23477/2025-12-12/1761987249.json"
"581513","221281","2025-12-14","36.00","NZD","1761987249","23477/2025-12-14/1761987249.json"
"581514","221282","2025-12-14","36.00","NZD","1761987249","23477/2025-12-14/1761987249.json"
"512557","146154","2025-12-14","45.00","NZD","1761987249","23477/2025-12-14/1761987249.json"
"365170","146153","2025-12-14","48.00","NZD","1761987249","23477/2025-12-14/1761987249.json"
"510807","146155","2025-12-14","52.00","NZD","1761987249","23477/2025-12-14/1761987249.json"
"581513","221281","2025-12-15","36.00","NZD","1761987249","23477/2025-12-15/1761987249.json"
"581514","221282","2025-12-15","36.00","NZD","1761987249","23477/2025-12-15/1761987249.json"
"512557","146154","2025-12-15","45.00","NZD","1761987249","23477/2025-12-15/1761987249.json"
"365170","146153","2025-12-15","48.00","NZD","1761987249","23477/2025-12-15/1761987249.json"
"510807","146155","2025-12-15","52.00","NZD","1761987249","23477/2025-12-15/1761987249.json"
"581513","221281","2025-12-16","36.00","NZD","1761987249","23477/2025-12-16/1761987249.json"
"581514","221282","2025-12-16","36.00","NZD","1761987249","23477/2025-12-16/1761987249.json"
"512557","146154","2025-12-16","45.00","NZD","1761987249","23477/2025-12-16/1761987249.json"
"365170","146153","2025-12-16","48.00","NZD","1761987249","23477/2025-12-16/1761987249.json"
"510807","146155","2025-12-16","52.00","NZD","1761987249","23477/2025-12-16/1761987249.json"
"581513","221281","2025-12-17","36.00","NZD","1761987249","23477/2025-12-17/1761987249.json"
"581514","221282","2025-12-17","36.00","NZD","1761987249","23477/2025-12-17/1761987249.json"
"512557","146154","2025-12-17","45.00","NZD","1761987249","23477/2025-12-17/1761987249.json"
"365170","146153","2025-12-17","48.00","NZD","1761987249","23477/2025-12-17/1761987249.json"
"510807","146155","2025-12-17","52.00","NZD","1761987249","23477/2025-12-17/1761987249.json"
"581513","221281","2025-12-18","36.00","NZD","1761987249","23477/2025-12-18/1761987249.json"
"581514","221282","2025-12-18","36.00","NZD","1761987249","23477/2025-12-18/1761987249.json"
"512557","146154","2025-12-18","45.00","NZD","1761987249","23477/2025-12-18/1761987249.json"
"365170","146153","2025-12-18","48.00","NZD","1761987249","23477/2025-12-18/1761987249.json"
"510807","146155","2025-12-18","52.00","NZD","1761987249","23477/2025-12-18/1761987249.json"
"581513","221281","2025-12-19","36.00","NZD","1761987249","23477/2025-12-19/1761987249.json"
"581514","221282","2025-12-19","36.00","NZD","1761987249","23477/2025-12-19/1761987249.json"
"512557","146154","2025-12-19","45.00","NZD","1761987249","23477/2025-12-19/1761987249.json"
"365170","146153","2025-12-19","48.00","NZD","1761987249","23477/2025-12-19/1761987249.json"
"510807","146155","2025-12-19","52.00","NZD","1761987249","23477/2025-12-19/1761987249.json"
"581513","221281","2025-12-20","36.00","NZD","1761987249","23477/2025-12-20/1761987249.json"
"581514","221282","2025-12-20","36.00","NZD","1761987249","23477/2025-12-20/1761987249.json"
"512557","146154","2025-12-20","45.00","NZD","1761987249","23477/2025-12-20/1761987249.json"
"365170","146153","2025-12-20","48.00","NZD","1761987249","23477/2025-12-20/1761987249.json"
"510807","146155","2025-12-20","52.00","NZD","1761987249","23477/2025-12-20/1761987249.json"
"581513","221281","2025-12-21","36.00","NZD","1761987249","23477/2025-12-21/1761987249.json"
"581514","221282","2025-12-21","36.00","NZD","1761987249","23477/2025-12-21/1761987249.json"
"512557","146154","2025-12-21","45.00","NZD","1761987249","23477/2025-12-21/1761987249.json"
"365170","146153","2025-12-21","48.00","NZD","1761987249","23477/2025-12-21/1761987249.json"
"510807","146155","2025-12-21","52.00","NZD","1761987249","23477/2025-12-21/1761987249.json"
"581513","221281","2025-12-22","36.00","NZD","1761987249","23477/2025-12-22/1761987249.json"
"581514","221282","2025-12-22","36.00","NZD","1761987249","23477/2025-12-22/1761987249.json"
"512557","146154","2025-12-22","45.00","NZD","1761987249","23477/2025-12-22/1761987249.json"
"365170","146153","2025-12-22","48.00","NZD","1761987249","23477/2025-12-22/1761987249.json"
"510807","146155","2025-12-22","52.00","NZD","1761987249","23477/2025-12-22/1761987249.json"
"581513","221281","2025-12-23","38.00","NZD","1761987249","23477/2025-12-23/1761987249.json"
"581514","221282","2025-12-23","38.00","NZD","1761987249","23477/2025-12-23/1761987249.json"
"512557","146154","2025-12-23","45.00","NZD","1761987249","23477/2025-12-23/1761987249.json"
"365170","146153","2025-12-23","48.00","NZD","1761987249","23477/2025-12-23/1761987249.json"
"510807","146155","2025-12-23","52.00","NZD","1761987249","23477/2025-12-23/1761987249.json"
"581513","221281","2025-12-24","38.00","NZD","1761987249","23477/2025-12-24/1761987249.json"
"581514","221282","2025-12-24","38.00","NZD","1761987249","23477/2025-12-24/1761987249.json"
"512557","146154","2025-12-24","45.00","NZD","1761987249","23477/2025-12-24/1761987249.json"
"365170","146153","2025-12-24","48.00","NZD","1761987249","23477/2025-12-24/1761987249.json"
"510807","146155","2025-12-24","52.00","NZD","1761987249","23477/2025-12-24/1761987249.json"
"581513","221281","2025-12-25","38.00","NZD","1761987249","23477/2025-12-25/1761987249.json"
"581514","221282","2025-12-25","38.00","NZD","1761987249","23477/2025-12-25/1761987249.json"
"512557","146154","2025-12-25","45.00","NZD","1761987249","23477/2025-12-25/1761987249.json"
"365170","146153","2025-12-25","48.00","NZD","1761987249","23477/2025-12-25/1761987249.json"
"510807","146155","2025-12-25","52.00","NZD","1761987249","23477/2025-12-25/1761987249.json"
"581513","221281","2025-12-26","42.00","NZD","1761987249","23477/2025-12-26/1761987249.json"
"581514","221282","2025-12-26","42.00","NZD","1761987249","23477/2025-12-26/1761987249.json"
"512557","146154","2025-12-26","45.00","NZD","1761987249","23477/2025-12-26/1761987249.json"
"365170","146153","2025-12-26","48.00","NZD","1761987249","23477/2025-12-26/1761987249.json"
"510807","146155","2025-12-26","52.00","NZD","1761987249","23477/2025-12-26/1761987249.json"
"581513","221281","2025-12-27","42.00","NZD","1761987249","23477/2025-12-27/1761987249.json"
"581514","221282","2025-12-27","42.00","NZD","1761987249","23477/2025-12-27/1761987249.json"
"512557","146154","2025-12-27","45.00","NZD","1761987249","23477/2025-12-27/1761987249.json"
"365170","146153","2025-12-27","48.00","NZD","1761987249","23477/2025-12-27/1761987249.json"
"510807","146155","2025-12-27","52.00","NZD","1761987249","23477/2025-12-27/1761987249.json"
"581513","221281","2025-12-29","42.00","NZD","1761987249","23477/2025-12-29/1761987249.json"
"581514","221282","2025-12-29","42.00","NZD","1761987249","23477/2025-12-29/1761987249.json"
"512557","146154","2025-12-29","45.00","NZD","1761987249","23477/2025-12-29/1761987249.json"
"365170","146153","2025-12-29","48.00","NZD","1761987249","23477/2025-12-29/1761987249.json"
"510807","146155","2025-12-29","52.00","NZD","1761987249","23477/2025-12-29/1761987249.json"
"581513","221281","2025-12-28","42.00","NZD","1761987249","23477/2025-12-28/1761987249.json"
"581514","221282","2025-12-28","42.00","NZD","1761987249","23477/2025-12-28/1761987249.json"
"512557","146154","2025-12-28","45.00","NZD","1761987249","23477/2025-12-28/1761987249.json"
"365170","146153","2025-12-28","48.00","NZD","1761987249","23477/2025-12-28/1761987249.json"
"510807","146155","2025-12-28","52.00","NZD","1761987249","23477/2025-12-28/1761987249.json"
"581513","221281","2025-12-30","42.00","NZD","1761987249","23477/2025-12-30/1761987249.json"
"581514","221282","2025-12-30","42.00","NZD","1761987249","23477/2025-12-30/1761987249.json"
"512557","146154","2025-12-30","45.00","NZD","1761987249","23477/2025-12-30/1761987249.json"
"365170","146153","2025-12-30","48.00","NZD","1761987249","23477/2025-12-30/1761987249.json"
"510807","146155","2025-12-30","52.00","NZD","1761987249","23477/2025-12-30/1761987249.json"
"581513","221281","2025-12-31","42.00","NZD","1761987249","23477/2025-12-31/1761987249.json"
"581514","221282","2025-12-31","42.00","NZD","1761987249","23477/2025-12-31/1761987249.json"
"512557","146154","2025-12-31","45.00","NZD","1761987249","23477/2025-12-31/1761987249.json"
"365170","146153","2025-12-31","48.00","NZD","1761987249","23477/2025-12-31/1761987249.json"
"510807","146155","2025-12-31","52.00","NZD","1761987249","23477/2025-12-31/1761987249.json"
"581513","221281","2025-12-13","36.00","NZD","1761987249","23477/2025-12-13/1761987249.json"
"581514","221282","2025-12-13","36.00","NZD","1761987249","23477/2025-12-13/1761987249.json"
"512557","146154","2025-12-13","45.00","NZD","1761987249","23477/2025-12-13/1761987249.json"
"365170","146153","2025-12-13","48.00","NZD","1761987249","23477/2025-12-13/1761987249.json"
"510807","146155","2025-12-13","52.00","NZD","1761987249","23477/2025-12-13/1761987249.json"
"581513","221281","2025-11-03","36.00","NZD","1762003199","23477/2025-11-03/1762003199.json"
"581514","221282","2025-11-03","36.00","NZD","1762003199","23477/2025-11-03/1762003199.json"
"512557","146154","2025-11-03","45.00","NZD","1762003199","23477/2025-11-03/1762003199.json"
"365170","146153","2025-11-03","48.00","NZD","1762003199","23477/2025-11-03/1762003199.json"
"510807","146155","2025-11-03","52.00","NZD","1762003199","23477/2025-11-03/1762003199.json"
"581513","221281","2025-11-04","36.00","NZD","1762003199","23477/2025-11-04/1762003199.json"
"581513","221281","2025-11-02","36.00","NZD","1762003199","23477/2025-11-02/1762003199.json"
"581514","221282","2025-11-04","36.00","NZD","1762003199","23477/2025-11-04/1762003199.json"
"581514","221282","2025-11-02","36.00","NZD","1762003199","23477/2025-11-02/1762003199.json"
"512557","146154","2025-11-02","45.00","NZD","1762003199","23477/2025-11-02/1762003199.json"
"512557","146154","2025-11-04","45.00","NZD","1762003199","23477/2025-11-04/1762003199.json"
"365170","146153","2025-11-02","48.00","NZD","1762003199","23477/2025-11-02/1762003199.json"
"510807","146155","2025-11-02","52.00","NZD","1762003199","23477/2025-11-02/1762003199.json"
"365170","146153","2025-11-04","48.00","NZD","1762003199","23477/2025-11-04/1762003199.json"
"510807","146155","2025-11-04","52.00","NZD","1762003199","23477/2025-11-04/1762003199.json"
"581513","221281","2025-11-05","36.00","NZD","1762003199","23477/2025-11-05/1762003199.json"
"581514","221282","2025-11-05","36.00","NZD","1762003199","23477/2025-11-05/1762003199.json"
"512557","146154","2025-11-05","45.00","NZD","1762003199","23477/2025-11-05/1762003199.json"
"365170","146153","2025-11-05","48.00","NZD","1762003199","23477/2025-11-05/1762003199.json"
"510807","146155","2025-11-05","52.00","NZD","1762003199","23477/2025-11-05/1762003199.json"
"581513","221281","2025-11-07","36.00","NZD","1762003199","23477/2025-11-07/1762003199.json"
"581514","221282","2025-11-07","36.00","NZD","1762003199","23477/2025-11-07/1762003199.json"
"512557","146154","2025-11-07","45.00","NZD","1762003199","23477/2025-11-07/1762003199.json"
"365170","146153","2025-11-07","48.00","NZD","1762003199","23477/2025-11-07/1762003199.json"
"510807","146155","2025-11-07","52.00","NZD","1762003199","23477/2025-11-07/1762003199.json"
"581513","221281","2025-11-08","36.00","NZD","1762003199","23477/2025-11-08/1762003199.json"
"581514","221282","2025-11-08","36.00","NZD","1762003199","23477/2025-11-08/1762003199.json"
"512557","146154","2025-11-08","45.00","NZD","1762003199","23477/2025-11-08/1762003199.json"
"365170","146153","2025-11-08","48.00","NZD","1762003199","23477/2025-11-08/1762003199.json"
"510807","146155","2025-11-08","52.00","NZD","1762003199","23477/2025-11-08/1762003199.json"
"581513","221281","2025-11-06","36.00","NZD","1762003199","23477/2025-11-06/1762003199.json"
"581514","221282","2025-11-06","36.00","NZD","1762003199","23477/2025-11-06/1762003199.json"
"512557","146154","2025-11-06","45.00","NZD","1762003199","23477/2025-11-06/1762003199.json"
"365170","146153","2025-11-06","48.00","NZD","1762003199","23477/2025-11-06/1762003199.json"
"510807","146155","2025-11-06","52.00","NZD","1762003199","23477/2025-11-06/1762003199.json"
"581513","221281","2025-11-09","36.00","NZD","1762003199","23477/2025-11-09/1762003199.json"
"581514","221282","2025-11-09","36.00","NZD","1762003199","23477/2025-11-09/1762003199.json"
"512557","146154","2025-11-09","45.00","NZD","1762003199","23477/2025-11-09/1762003199.json"
"365170","146153","2025-11-09","48.00","NZD","1762003199","23477/2025-11-09/1762003199.json"
"510807","146155","2025-11-09","52.00","NZD","1762003199","23477/2025-11-09/1762003199.json"
"581513","221281","2025-11-12","36.00","NZD","1762003199","23477/2025-11-12/1762003199.json"
"581514","221282","2025-11-12","36.00","NZD","1762003199","23477/2025-11-12/1762003199.json"
"512557","146154","2025-11-12","45.00","NZD","1762003199","23477/2025-11-12/1762003199.json"
"365170","146153","2025-11-12","48.00","NZD","1762003199","23477/2025-11-12/1762003199.json"
"510807","146155","2025-11-12","52.00","NZD","1762003199","23477/2025-11-12/1762003199.json"
"581513","221281","2025-11-11","36.00","NZD","1762003199","23477/2025-11-11/1762003199.json"
"581514","221282","2025-11-11","36.00","NZD","1762003199","23477/2025-11-11/1762003199.json"
"512557","146154","2025-11-11","45.00","NZD","1762003199","23477/2025-11-11/1762003199.json"
"365170","146153","2025-11-11","48.00","NZD","1762003199","23477/2025-11-11/1762003199.json"
"510807","146155","2025-11-11","52.00","NZD","1762003199","23477/2025-11-11/1762003199.json"
"581513","221281","2025-11-10","36.00","NZD","1762003199","23477/2025-11-10/1762003199.json"
"581514","221282","2025-11-10","36.00","NZD","1762003199","23477/2025-11-10/1762003199.json"
"512557","146154","2025-11-10","45.00","NZD","1762003199","23477/2025-11-10/1762003199.json"
"365170","146153","2025-11-10","48.00","NZD","1762003199","23477/2025-11-10/1762003199.json"
"510807","146155","2025-11-10","52.00","NZD","1762003199","23477/2025-11-10/1762003199.json"
"581513","221281","2025-11-13","36.00","NZD","1762003199","23477/2025-11-13/1762003199.json"
"581514","221282","2025-11-13","36.00","NZD","1762003199","23477/2025-11-13/1762003199.json"
"512557","146154","2025-11-13","45.00","NZD","1762003199","23477/2025-11-13/1762003199.json"
"365170","146153","2025-11-13","48.00","NZD","1762003199","23477/2025-11-13/1762003199.json"
"510807","146155","2025-11-13","52.00","NZD","1762003199","23477/2025-11-13/1762003199.json"
"581513","221281","2025-11-15","36.00","NZD","1762003199","23477/2025-11-15/1762003199.json"
"581514","221282","2025-11-15","36.00","NZD","1762003199","23477/2025-11-15/1762003199.json"
"512557","146154","2025-11-15","45.00","NZD","1762003199","23477/2025-11-15/1762003199.json"
"365170","146153","2025-11-15","48.00","NZD","1762003199","23477/2025-11-15/1762003199.json"
"510807","146155","2025-11-15","52.00","NZD","1762003199","23477/2025-11-15/1762003199.json"
"581513","221281","2025-11-16","36.00","NZD","1762003199","23477/2025-11-16/1762003199.json"
"581514","221282","2025-11-16","36.00","NZD","1762003199","23477/2025-11-16/1762003199.json"
"512557","146154","2025-11-16","45.00","NZD","1762003199","23477/2025-11-16/1762003199.json"
"365170","146153","2025-11-16","48.00","NZD","1762003199","23477/2025-11-16/1762003199.json"
"510807","146155","2025-11-16","52.00","NZD","1762003199","23477/2025-11-16/1762003199.json"
"581513","221281","2025-11-14","36.00","NZD","1762003199","23477/2025-11-14/1762003199.json"
"581514","221282","2025-11-14","36.00","NZD","1762003199","23477/2025-11-14/1762003199.json"
"512557","146154","2025-11-14","45.00","NZD","1762003199","23477/2025-11-14/1762003199.json"
"365170","146153","2025-11-14","48.00","NZD","1762003199","23477/2025-11-14/1762003199.json"
"510807","146155","2025-11-14","52.00","NZD","1762003199","23477/2025-11-14/1762003199.json"
"581513","221281","2025-11-17","36.00","NZD","1762003199","23477/2025-11-17/1762003199.json"
"581514","221282","2025-11-17","36.00","NZD","1762003199","23477/2025-11-17/1762003199.json"
"512557","146154","2025-11-17","45.00","NZD","1762003199","23477/2025-11-17/1762003199.json"
"365170","146153","2025-11-17","48.00","NZD","1762003199","23477/2025-11-17/1762003199.json"
"510807","146155","2025-11-17","52.00","NZD","1762003199","23477/2025-11-17/1762003199.json"
"581513","221281","2025-11-19","36.00","NZD","1762003199","23477/2025-11-19/1762003199.json"
"581514","221282","2025-11-19","36.00","NZD","1762003199","23477/2025-11-19/1762003199.json"
"512557","146154","2025-11-19","45.00","NZD","1762003199","23477/2025-11-19/1762003199.json"
"365170","146153","2025-11-19","48.00","NZD","1762003199","23477/2025-11-19/1762003199.json"
"510807","146155","2025-11-19","52.00","NZD","1762003199","23477/2025-11-19/1762003199.json"
"581513","221281","2025-11-21","36.00","NZD","1762003199","23477/2025-11-21/1762003199.json"
"581514","221282","2025-11-21","36.00","NZD","1762003199","23477/2025-11-21/1762003199.json"
"512557","146154","2025-11-21","45.00","NZD","1762003199","23477/2025-11-21/1762003199.json"
"365170","146153","2025-11-21","48.00","NZD","1762003199","23477/2025-11-21/1762003199.json"
"510807","146155","2025-11-21","52.00","NZD","1762003199","23477/2025-11-21/1762003199.json"
"581513","221281","2025-11-20","36.00","NZD","1762003199","23477/2025-11-20/1762003199.json"
"581514","221282","2025-11-20","36.00","NZD","1762003199","23477/2025-11-20/1762003199.json"
"512557","146154","2025-11-20","45.00","NZD","1762003199","23477/2025-11-20/1762003199.json"
"581513","221281","2025-11-18","36.00","NZD","1762003199","23477/2025-11-18/1762003199.json"
"581514","221282","2025-11-18","36.00","NZD","1762003199","23477/2025-11-18/1762003199.json"
"512557","146154","2025-11-18","45.00","NZD","1762003199","23477/2025-11-18/1762003199.json"
"365170","146153","2025-11-18","48.00","NZD","1762003199","23477/2025-11-18/1762003199.json"
"510807","146155","2025-11-18","52.00","NZD","1762003199","23477/2025-11-18/1762003199.json"
"581513","221281","2025-11-22","36.00","NZD","1762003199","23477/2025-11-22/1762003199.json"
"581514","221282","2025-11-22","36.00","NZD","1762003199","23477/2025-11-22/1762003199.json"
"512557","146154","2025-11-22","45.00","NZD","1762003199","23477/2025-11-22/1762003199.json"
"365170","146153","2025-11-22","48.00","NZD","1762003199","23477/2025-11-22/1762003199.json"
"510807","146155","2025-11-22","52.00","NZD","1762003199","23477/2025-11-22/1762003199.json"
"581513","221281","2025-11-24","36.00","NZD","1762003199","23477/2025-11-24/1762003199.json"
"581514","221282","2025-11-24","36.00","NZD","1762003199","23477/2025-11-24/1762003199.json"
"512557","146154","2025-11-24","45.00","NZD","1762003199","23477/2025-11-24/1762003199.json"
"365170","146153","2025-11-24","48.00","NZD","1762003199","23477/2025-11-24/1762003199.json"
"510807","146155","2025-11-24","52.00","NZD","1762003199","23477/2025-11-24/1762003199.json"
"581513","221281","2025-11-23","36.00","NZD","1762003199","23477/2025-11-23/1762003199.json"
"581514","221282","2025-11-23","36.00","NZD","1762003199","23477/2025-11-23/1762003199.json"
"512557","146154","2025-11-23","45.00","NZD","1762003199","23477/2025-11-23/1762003199.json"
"365170","146153","2025-11-23","48.00","NZD","1762003199","23477/2025-11-23/1762003199.json"
"510807","146155","2025-11-23","52.00","NZD","1762003199","23477/2025-11-23/1762003199.json"
"581513","221281","2025-11-25","36.00","NZD","1762003199","23477/2025-11-25/1762003199.json"
"581514","221282","2025-11-25","36.00","NZD","1762003199","23477/2025-11-25/1762003199.json"
"512557","146154","2025-11-25","45.00","NZD","1762003199","23477/2025-11-25/1762003199.json"
"365170","146153","2025-11-25","48.00","NZD","1762003199","23477/2025-11-25/1762003199.json"
"510807","146155","2025-11-25","52.00","NZD","1762003199","23477/2025-11-25/1762003199.json"
"581513","221281","2025-11-26","36.00","NZD","1762003199","23477/2025-11-26/1762003199.json"
"581514","221282","2025-11-26","36.00","NZD","1762003199","23477/2025-11-26/1762003199.json"
"512557","146154","2025-11-26","45.00","NZD","1762003199","23477/2025-11-26/1762003199.json"
"365170","146153","2025-11-26","48.00","NZD","1762003199","23477/2025-11-26/1762003199.json"
"510807","146155","2025-11-26","52.00","NZD","1762003199","23477/2025-11-26/1762003199.json"
"581513","221281","2025-11-28","36.00","NZD","1762003199","23477/2025-11-28/1762003199.json"
"581514","221282","2025-11-28","36.00","NZD","1762003199","23477/2025-11-28/1762003199.json"
"512557","146154","2025-11-28","45.00","NZD","1762003199","23477/2025-11-28/1762003199.json"
"365170","146153","2025-11-28","48.00","NZD","1762003199","23477/2025-11-28/1762003199.json"
"510807","146155","2025-11-28","52.00","NZD","1762003199","23477/2025-11-28/1762003199.json"
"581513","221281","2025-11-27","36.00","NZD","1762003199","23477/2025-11-27/1762003199.json"
"581514","221282","2025-11-27","36.00","NZD","1762003199","23477/2025-11-27/1762003199.json"
"512557","146154","2025-11-27","45.00","NZD","1762003199","23477/2025-11-27/1762003199.json"
"365170","146153","2025-11-27","48.00","NZD","1762003199","23477/2025-11-27/1762003199.json"
"510807","146155","2025-11-27","52.00","NZD","1762003199","23477/2025-11-27/1762003199.json"
"581513","221281","2025-11-30","36.00","NZD","1762003199","23477/2025-11-30/1762003199.json"
"581514","221282","2025-11-30","36.00","NZD","1762003199","23477/2025-11-30/1762003199.json"
"512557","146154","2025-11-30","45.00","NZD","1762003199","23477/2025-11-30/1762003199.json"
"365170","146153","2025-11-30","48.00","NZD","1762003199","23477/2025-11-30/1762003199.json"
"510807","146155","2025-11-30","52.00","NZD","1762003199","23477/2025-11-30/1762003199.json"
"581513","221281","2025-11-29","36.00","NZD","1762003199","23477/2025-11-29/1762003199.json"
"581514","221282","2025-11-29","36.00","NZD","1762003199","23477/2025-11-29/1762003199.json"
"512557","146154","2025-11-29","45.00","NZD","1762003199","23477/2025-11-29/1762003199.json"
"365170","146153","2025-11-29","48.00","NZD","1762003199","23477/2025-11-29/1762003199.json"
"510807","146155","2025-11-29","52.00","NZD","1762003199","23477/2025-11-29/1762003199.json"
"581513","221281","2025-12-01","36.00","NZD","1762003199","23477/2025-12-01/1762003199.json"
"581514","221282","2025-12-01","36.00","NZD","1762003199","23477/2025-12-01/1762003199.json"
"512557","146154","2025-12-01","45.00","NZD","1762003199","23477/2025-12-01/1762003199.json"
"365170","146153","2025-12-01","48.00","NZD","1762003199","23477/2025-12-01/1762003199.json"
"510807","146155","2025-12-01","52.00","NZD","1762003199","23477/2025-12-01/1762003199.json"
"581513","221281","2025-12-02","36.00","NZD","1762003199","23477/2025-12-02/1762003199.json"
"581514","221282","2025-12-02","36.00","NZD","1762003199","23477/2025-12-02/1762003199.json"
"512557","146154","2025-12-02","45.00","NZD","1762003199","23477/2025-12-02/1762003199.json"
"365170","146153","2025-12-02","48.00","NZD","1762003199","23477/2025-12-02/1762003199.json"
"510807","146155","2025-12-02","52.00","NZD","1762003199","23477/2025-12-02/1762003199.json"
"581513","221281","2025-12-04","36.00","NZD","1762003199","23477/2025-12-04/1762003199.json"
"581514","221282","2025-12-04","36.00","NZD","1762003199","23477/2025-12-04/1762003199.json"
"512557","146154","2025-12-04","45.00","NZD","1762003199","23477/2025-12-04/1762003199.json"
"365170","146153","2025-12-04","48.00","NZD","1762003199","23477/2025-12-04/1762003199.json"
"510807","146155","2025-12-04","52.00","NZD","1762003199","23477/2025-12-04/1762003199.json"
"581513","221281","2025-12-03","36.00","NZD","1762003199","23477/2025-12-03/1762003199.json"
"581514","221282","2025-12-03","36.00","NZD","1762003199","23477/2025-12-03/1762003199.json"
"512557","146154","2025-12-03","45.00","NZD","1762003199","23477/2025-12-03/1762003199.json"
"365170","146153","2025-12-03","48.00","NZD","1762003199","23477/2025-12-03/1762003199.json"
"510807","146155","2025-12-03","52.00","NZD","1762003199","23477/2025-12-03/1762003199.json"
"581513","221281","2025-12-05","36.00","NZD","1762003199","23477/2025-12-05/1762003199.json"
"581514","221282","2025-12-05","36.00","NZD","1762003199","23477/2025-12-05/1762003199.json"
"512557","146154","2025-12-05","45.00","NZD","1762003199","23477/2025-12-05/1762003199.json"
"365170","146153","2025-12-05","48.00","NZD","1762003199","23477/2025-12-05/1762003199.json"
"510807","146155","2025-12-05","52.00","NZD","1762003199","23477/2025-12-05/1762003199.json"
"581513","221281","2025-12-07","36.00","NZD","1762003199","23477/2025-12-07/1762003199.json"
"581514","221282","2025-12-07","36.00","NZD","1762003199","23477/2025-12-07/1762003199.json"
"512557","146154","2025-12-07","45.00","NZD","1762003199","23477/2025-12-07/1762003199.json"
"365170","146153","2025-12-07","48.00","NZD","1762003199","23477/2025-12-07/1762003199.json"
"510807","146155","2025-12-07","52.00","NZD","1762003199","23477/2025-12-07/1762003199.json"
"581513","221281","2025-12-06","36.00","NZD","1762003199","23477/2025-12-06/1762003199.json"
"581514","221282","2025-12-06","36.00","NZD","1762003199","23477/2025-12-06/1762003199.json"
"512557","146154","2025-12-06","45.00","NZD","1762003199","23477/2025-12-06/1762003199.json"
"365170","146153","2025-12-06","48.00","NZD","1762003199","23477/2025-12-06/1762003199.json"
"510807","146155","2025-12-06","52.00","NZD","1762003199","23477/2025-12-06/1762003199.json"
"581513","221281","2025-12-08","36.00","NZD","1762003199","23477/2025-12-08/1762003199.json"
"581514","221282","2025-12-08","36.00","NZD","1762003199","23477/2025-12-08/1762003199.json"
"512557","146154","2025-12-08","45.00","NZD","1762003199","23477/2025-12-08/1762003199.json"
"365170","146153","2025-12-08","48.00","NZD","1762003199","23477/2025-12-08/1762003199.json"
"510807","146155","2025-12-08","52.00","NZD","1762003199","23477/2025-12-08/1762003199.json"
"581513","221281","2025-12-11","36.00","NZD","1762003199","23477/2025-12-11/1762003199.json"
"581514","221282","2025-12-11","36.00","NZD","1762003199","23477/2025-12-11/1762003199.json"
"512557","146154","2025-12-11","45.00","NZD","1762003199","23477/2025-12-11/1762003199.json"
"365170","146153","2025-12-11","48.00","NZD","1762003199","23477/2025-12-11/1762003199.json"
"510807","146155","2025-12-11","52.00","NZD","1762003199","23477/2025-12-11/1762003199.json"
"581513","221281","2025-12-10","36.00","NZD","1762003199","23477/2025-12-10/1762003199.json"
"581514","221282","2025-12-10","36.00","NZD","1762003199","23477/2025-12-10/1762003199.json"
"512557","146154","2025-12-10","45.00","NZD","1762003199","23477/2025-12-10/1762003199.json"
"365170","146153","2025-12-10","48.00","NZD","1762003199","23477/2025-12-10/1762003199.json"
"510807","146155","2025-12-10","52.00","NZD","1762003199","23477/2025-12-10/1762003199.json"
"581513","221281","2025-12-12","36.00","NZD","1762003199","23477/2025-12-12/1762003199.json"
"581514","221282","2025-12-12","36.00","NZD","1762003199","23477/2025-12-12/1762003199.json"
"512557","146154","2025-12-12","45.00","NZD","1762003199","23477/2025-12-12/1762003199.json"
"365170","146153","2025-12-12","48.00","NZD","1762003199","23477/2025-12-12/1762003199.json"
"510807","146155","2025-12-12","52.00","NZD","1762003199","23477/2025-12-12/1762003199.json"
"581513","221281","2025-12-09","36.00","NZD","1762003199","23477/2025-12-09/1762003199.json"
"581514","221282","2025-12-09","36.00","NZD","1762003199","23477/2025-12-09/1762003199.json"
"512557","146154","2025-12-09","45.00","NZD","1762003199","23477/2025-12-09/1762003199.json"
"365170","146153","2025-12-09","48.00","NZD","1762003199","23477/2025-12-09/1762003199.json"
"510807","146155","2025-12-09","52.00","NZD","1762003199","23477/2025-12-09/1762003199.json"
"581513","221281","2025-12-13","36.00","NZD","1762003199","23477/2025-12-13/1762003199.json"
"581514","221282","2025-12-13","36.00","NZD","1762003199","23477/2025-12-13/1762003199.json"
"512557","146154","2025-12-13","45.00","NZD","1762003199","23477/2025-12-13/1762003199.json"
"365170","146153","2025-12-13","48.00","NZD","1762003199","23477/2025-12-13/1762003199.json"
"510807","146155","2025-12-13","52.00","NZD","1762003199","23477/2025-12-13/1762003199.json"
"581513","221281","2025-12-15","36.00","NZD","1762003199","23477/2025-12-15/1762003199.json"
"581514","221282","2025-12-15","36.00","NZD","1762003199","23477/2025-12-15/1762003199.json"
"512557","146154","2025-12-15","45.00","NZD","1762003199","23477/2025-12-15/1762003199.json"
"365170","146153","2025-12-15","48.00","NZD","1762003199","23477/2025-12-15/1762003199.json"
"510807","146155","2025-12-15","52.00","NZD","1762003199","23477/2025-12-15/1762003199.json"
"581513","221281","2025-12-14","36.00","NZD","1762003199","23477/2025-12-14/1762003199.json"
"581514","221282","2025-12-14","36.00","NZD","1762003199","23477/2025-12-14/1762003199.json"
"512557","146154","2025-12-14","45.00","NZD","1762003199","23477/2025-12-14/1762003199.json"
"365170","146153","2025-12-14","48.00","NZD","1762003199","23477/2025-12-14/1762003199.json"
"510807","146155","2025-12-14","52.00","NZD","1762003199","23477/2025-12-14/1762003199.json"
"581513","221281","2025-12-16","36.00","NZD","1762003199","23477/2025-12-16/1762003199.json"
"581514","221282","2025-12-16","36.00","NZD","1762003199","23477/2025-12-16/1762003199.json"
"512557","146154","2025-12-16","45.00","NZD","1762003199","23477/2025-12-16/1762003199.json"
"365170","146153","2025-12-16","48.00","NZD","1762003199","23477/2025-12-16/1762003199.json"
"510807","146155","2025-12-16","52.00","NZD","1762003199","23477/2025-12-16/1762003199.json"
"581513","221281","2025-12-19","36.00","NZD","1762003199","23477/2025-12-19/1762003199.json"
"581514","221282","2025-12-19","36.00","NZD","1762003199","23477/2025-12-19/1762003199.json"
"512557","146154","2025-12-19","45.00","NZD","1762003199","23477/2025-12-19/1762003199.json"
"365170","146153","2025-12-19","48.00","NZD","1762003199","23477/2025-12-19/1762003199.json"
"510807","146155","2025-12-19","52.00","NZD","1762003199","23477/2025-12-19/1762003199.json"
"581513","221281","2025-12-17","36.00","NZD","1762003199","23477/2025-12-17/1762003199.json"
"581514","221282","2025-12-17","36.00","NZD","1762003199","23477/2025-12-17/1762003199.json"
"512557","146154","2025-12-17","45.00","NZD","1762003199","23477/2025-12-17/1762003199.json"
"365170","146153","2025-12-17","48.00","NZD","1762003199","23477/2025-12-17/1762003199.json"
"510807","146155","2025-12-17","52.00","NZD","1762003199","23477/2025-12-17/1762003199.json"
"581513","221281","2025-12-20","36.00","NZD","1762003199","23477/2025-12-20/1762003199.json"
"581514","221282","2025-12-20","36.00","NZD","1762003199","23477/2025-12-20/1762003199.json"
"512557","146154","2025-12-20","45.00","NZD","1762003199","23477/2025-12-20/1762003199.json"
"365170","146153","2025-12-20","48.00","NZD","1762003199","23477/2025-12-20/1762003199.json"
"510807","146155","2025-12-20","52.00","NZD","1762003199","23477/2025-12-20/1762003199.json"
"581513","221281","2025-12-18","36.00","NZD","1762003199","23477/2025-12-18/1762003199.json"
"581514","221282","2025-12-18","36.00","NZD","1762003199","23477/2025-12-18/1762003199.json"
"512557","146154","2025-12-18","45.00","NZD","1762003199","23477/2025-12-18/1762003199.json"
"365170","146153","2025-12-18","48.00","NZD","1762003199","23477/2025-12-18/1762003199.json"
"510807","146155","2025-12-18","52.00","NZD","1762003199","23477/2025-12-18/1762003199.json"
"581513","221281","2025-12-23","38.00","NZD","1762003199","23477/2025-12-23/1762003199.json"
"581514","221282","2025-12-23","38.00","NZD","1762003199","23477/2025-12-23/1762003199.json"
"512557","146154","2025-12-23","45.00","NZD","1762003199","23477/2025-12-23/1762003199.json"
"365170","146153","2025-12-23","48.00","NZD","1762003199","23477/2025-12-23/1762003199.json"
"510807","146155","2025-12-23","52.00","NZD","1762003199","23477/2025-12-23/1762003199.json"
"581513","221281","2025-12-24","38.00","NZD","1762003199","23477/2025-12-24/1762003199.json"
"581514","221282","2025-12-24","38.00","NZD","1762003199","23477/2025-12-24/1762003199.json"
"512557","146154","2025-12-24","45.00","NZD","1762003199","23477/2025-12-24/1762003199.json"
"365170","146153","2025-12-24","48.00","NZD","1762003199","23477/2025-12-24/1762003199.json"
"510807","146155","2025-12-24","52.00","NZD","1762003199","23477/2025-12-24/1762003199.json"
"581513","221281","2025-12-22","36.00","NZD","1762003199","23477/2025-12-22/1762003199.json"
"581514","221282","2025-12-22","36.00","NZD","1762003199","23477/2025-12-22/1762003199.json"
"512557","146154","2025-12-22","45.00","NZD","1762003199","23477/2025-12-22/1762003199.json"
"365170","146153","2025-12-22","48.00","NZD","1762003199","23477/2025-12-22/1762003199.json"
"510807","146155","2025-12-22","52.00","NZD","1762003199","23477/2025-12-22/1762003199.json"
"581513","221281","2025-12-25","38.00","NZD","1762003199","23477/2025-12-25/1762003199.json"
"581514","221282","2025-12-25","38.00","NZD","1762003199","23477/2025-12-25/1762003199.json"
"512557","146154","2025-12-25","45.00","NZD","1762003199","23477/2025-12-25/1762003199.json"
"365170","146153","2025-12-25","48.00","NZD","1762003199","23477/2025-12-25/1762003199.json"
"510807","146155","2025-12-25","52.00","NZD","1762003199","23477/2025-12-25/1762003199.json"
"581513","221281","2025-12-26","42.00","NZD","1762003199","23477/2025-12-26/1762003199.json"
"581514","221282","2025-12-26","42.00","NZD","1762003199","23477/2025-12-26/1762003199.json"
"512557","146154","2025-12-26","45.00","NZD","1762003199","23477/2025-12-26/1762003199.json"
"365170","146153","2025-12-26","48.00","NZD","1762003199","23477/2025-12-26/1762003199.json"
"510807","146155","2025-12-26","52.00","NZD","1762003199","23477/2025-12-26/1762003199.json"
"581513","221281","2025-12-21","36.00","NZD","1762003199","23477/2025-12-21/1762003199.json"
"581514","221282","2025-12-21","36.00","NZD","1762003199","23477/2025-12-21/1762003199.json"
"512557","146154","2025-12-21","45.00","NZD","1762003199","23477/2025-12-21/1762003199.json"
"365170","146153","2025-12-21","48.00","NZD","1762003199","23477/2025-12-21/1762003199.json"
"510807","146155","2025-12-21","52.00","NZD","1762003199","23477/2025-12-21/1762003199.json"
"581513","221281","2025-12-27","42.00","NZD","1762003199","23477/2025-12-27/1762003199.json"
"581514","221282","2025-12-27","42.00","NZD","1762003199","23477/2025-12-27/1762003199.json"
"512557","146154","2025-12-27","45.00","NZD","1762003199","23477/2025-12-27/1762003199.json"
"365170","146153","2025-12-27","48.00","NZD","1762003199","23477/2025-12-27/1762003199.json"
"510807","146155","2025-12-27","52.00","NZD","1762003199","23477/2025-12-27/1762003199.json"
"581513","221281","2025-12-28","42.00","NZD","1762003199","23477/2025-12-28/1762003199.json"
"581514","221282","2025-12-28","42.00","NZD","1762003199","23477/2025-12-28/1762003199.json"
"512557","146154","2025-12-28","45.00","NZD","1762003199","23477/2025-12-28/1762003199.json"
"365170","146153","2025-12-28","48.00","NZD","1762003199","23477/2025-12-28/1762003199.json"
"510807","146155","2025-12-28","52.00","NZD","1762003199","23477/2025-12-28/1762003199.json"
"581513","221281","2025-12-30","42.00","NZD","1762003199","23477/2025-12-30/1762003199.json"
"581514","221282","2025-12-30","42.00","NZD","1762003199","23477/2025-12-30/1762003199.json"
"512557","146154","2025-12-30","45.00","NZD","1762003199","23477/2025-12-30/1762003199.json"
"365170","146153","2025-12-30","48.00","NZD","1762003199","23477/2025-12-30/1762003199.json"
"510807","146155","2025-12-30","52.00","NZD","1762003199","23477/2025-12-30/1762003199.json"
"581513","221281","2025-12-29","42.00","NZD","1762003199","23477/2025-12-29/1762003199.json"
"581514","221282","2025-12-29","42.00","NZD","1762003199","23477/2025-12-29/1762003199.json"
"512557","146154","2025-12-29","45.00","NZD","1762003199","23477/2025-12-29/1762003199.json"
"365170","146153","2025-12-29","48.00","NZD","1762003199","23477/2025-12-29/1762003199.json"
"510807","146155","2025-12-29","52.00","NZD","1762003199","23477/2025-12-29/1762003199.json"
"581513","221281","2025-12-31","42.00","NZD","1762003199","23477/2025-12-31/1762003199.json"
"581514","221282","2025-12-31","42.00","NZD","1762003199","23477/2025-12-31/1762003199.json"
"512557","146154","2025-12-31","45.00","NZD","1762003199","23477/2025-12-31/1762003199.json"
"365170","146153","2025-12-31","48.00","NZD","1762003199","23477/2025-12-31/1762003199.json"
"510807","146155","2025-12-31","52.00","NZD","1762003199","23477/2025-12-31/1762003199.json"
"581513","221281","2025-11-02","36.00","NZD","1762016055","23477/2025-11-02/1762016055.json"
"581514","221282","2025-11-02","36.00","NZD","1762016055","23477/2025-11-02/1762016055.json"
"512557","146154","2025-11-02","45.00","NZD","1762016055","23477/2025-11-02/1762016055.json"
"365170","146153","2025-11-02","48.00","NZD","1762016055","23477/2025-11-02/1762016055.json"
"510807","146155","2025-11-02","52.00","NZD","1762016055","23477/2025-11-02/1762016055.json"
"581513","221281","2025-11-03","36.00","NZD","1762016055","23477/2025-11-03/1762016055.json"
"581514","221282","2025-11-03","36.00","NZD","1762016055","23477/2025-11-03/1762016055.json"
"512557","146154","2025-11-03","45.00","NZD","1762016055","23477/2025-11-03/1762016055.json"
"365170","146153","2025-11-03","48.00","NZD","1762016055","23477/2025-11-03/1762016055.json"
"510807","146155","2025-11-03","52.00","NZD","1762016055","23477/2025-11-03/1762016055.json"
"581513","221281","2025-11-04","36.00","NZD","1762016055","23477/2025-11-04/1762016055.json"
"581514","221282","2025-11-04","36.00","NZD","1762016055","23477/2025-11-04/1762016055.json"
"512557","146154","2025-11-04","45.00","NZD","1762016055","23477/2025-11-04/1762016055.json"
"365170","146153","2025-11-04","48.00","NZD","1762016055","23477/2025-11-04/1762016055.json"
"510807","146155","2025-11-04","52.00","NZD","1762016055","23477/2025-11-04/1762016055.json"
"581513","221281","2025-11-05","36.00","NZD","1762016055","23477/2025-11-05/1762016055.json"
"581514","221282","2025-11-05","36.00","NZD","1762016055","23477/2025-11-05/1762016055.json"
"512557","146154","2025-11-05","45.00","NZD","1762016055","23477/2025-11-05/1762016055.json"
"365170","146153","2025-11-05","48.00","NZD","1762016055","23477/2025-11-05/1762016055.json"
"510807","146155","2025-11-05","52.00","NZD","1762016055","23477/2025-11-05/1762016055.json"
"581513","221281","2025-11-08","36.00","NZD","1762016055","23477/2025-11-08/1762016055.json"
"581514","221282","2025-11-08","36.00","NZD","1762016055","23477/2025-11-08/1762016055.json"
"512557","146154","2025-11-08","45.00","NZD","1762016055","23477/2025-11-08/1762016055.json"
"365170","146153","2025-11-08","48.00","NZD","1762016055","23477/2025-11-08/1762016055.json"
"510807","146155","2025-11-08","52.00","NZD","1762016055","23477/2025-11-08/1762016055.json"
"581513","221281","2025-11-09","36.00","NZD","1762016055","23477/2025-11-09/1762016055.json"
"581514","221282","2025-11-09","36.00","NZD","1762016055","23477/2025-11-09/1762016055.json"
"512557","146154","2025-11-09","45.00","NZD","1762016055","23477/2025-11-09/1762016055.json"
"365170","146153","2025-11-09","48.00","NZD","1762016055","23477/2025-11-09/1762016055.json"
"510807","146155","2025-11-09","52.00","NZD","1762016055","23477/2025-11-09/1762016055.json"
"581513","221281","2025-11-06","36.00","NZD","1762016055","23477/2025-11-06/1762016055.json"
"581514","221282","2025-11-06","36.00","NZD","1762016055","23477/2025-11-06/1762016055.json"
"512557","146154","2025-11-06","45.00","NZD","1762016055","23477/2025-11-06/1762016055.json"
"365170","146153","2025-11-06","48.00","NZD","1762016055","23477/2025-11-06/1762016055.json"
"510807","146155","2025-11-06","52.00","NZD","1762016055","23477/2025-11-06/1762016055.json"
"581513","221281","2025-11-07","36.00","NZD","1762016055","23477/2025-11-07/1762016055.json"
"581514","221282","2025-11-07","36.00","NZD","1762016055","23477/2025-11-07/1762016055.json"
"512557","146154","2025-11-07","45.00","NZD","1762016055","23477/2025-11-07/1762016055.json"
"365170","146153","2025-11-07","48.00","NZD","1762016055","23477/2025-11-07/1762016055.json"
"510807","146155","2025-11-07","52.00","NZD","1762016055","23477/2025-11-07/1762016055.json"
"581513","221281","2025-11-10","36.00","NZD","1762016055","23477/2025-11-10/1762016055.json"
"581514","221282","2025-11-10","36.00","NZD","1762016055","23477/2025-11-10/1762016055.json"
"512557","146154","2025-11-10","45.00","NZD","1762016055","23477/2025-11-10/1762016055.json"
"365170","146153","2025-11-10","48.00","NZD","1762016055","23477/2025-11-10/1762016055.json"
"510807","146155","2025-11-10","52.00","NZD","1762016055","23477/2025-11-10/1762016055.json"
"581513","221281","2025-11-12","36.00","NZD","1762016055","23477/2025-11-12/1762016055.json"
"581514","221282","2025-11-12","36.00","NZD","1762016055","23477/2025-11-12/1762016055.json"
"512557","146154","2025-11-12","45.00","NZD","1762016055","23477/2025-11-12/1762016055.json"
"365170","146153","2025-11-12","48.00","NZD","1762016055","23477/2025-11-12/1762016055.json"
"510807","146155","2025-11-12","52.00","NZD","1762016055","23477/2025-11-12/1762016055.json"
"581513","221281","2025-11-13","36.00","NZD","1762016055","23477/2025-11-13/1762016055.json"
"581513","221281","2025-11-11","36.00","NZD","1762016055","23477/2025-11-11/1762016055.json"
"581514","221282","2025-11-13","36.00","NZD","1762016055","23477/2025-11-13/1762016055.json"
"581514","221282","2025-11-11","36.00","NZD","1762016055","23477/2025-11-11/1762016055.json"
"512557","146154","2025-11-11","45.00","NZD","1762016055","23477/2025-11-11/1762016055.json"
"512557","146154","2025-11-13","45.00","NZD","1762016055","23477/2025-11-13/1762016055.json"
"365170","146153","2025-11-11","48.00","NZD","1762016055","23477/2025-11-11/1762016055.json"
"510807","146155","2025-11-11","52.00","NZD","1762016055","23477/2025-11-11/1762016055.json"
"365170","146153","2025-11-13","48.00","NZD","1762016055","23477/2025-11-13/1762016055.json"
"510807","146155","2025-11-13","52.00","NZD","1762016055","23477/2025-11-13/1762016055.json"
"581513","221281","2025-11-14","36.00","NZD","1762016055","23477/2025-11-14/1762016055.json"
"581514","221282","2025-11-14","36.00","NZD","1762016055","23477/2025-11-14/1762016055.json"
"512557","146154","2025-11-14","45.00","NZD","1762016055","23477/2025-11-14/1762016055.json"
"365170","146153","2025-11-14","48.00","NZD","1762016055","23477/2025-11-14/1762016055.json"
"510807","146155","2025-11-14","52.00","NZD","1762016055","23477/2025-11-14/1762016055.json"
"581513","221281","2025-11-16","36.00","NZD","1762016055","23477/2025-11-16/1762016055.json"
"581514","221282","2025-11-16","36.00","NZD","1762016055","23477/2025-11-16/1762016055.json"
"512557","146154","2025-11-16","45.00","NZD","1762016055","23477/2025-11-16/1762016055.json"
"365170","146153","2025-11-16","48.00","NZD","1762016055","23477/2025-11-16/1762016055.json"
"510807","146155","2025-11-16","52.00","NZD","1762016055","23477/2025-11-16/1762016055.json"
"581513","221281","2025-11-17","36.00","NZD","1762016055","23477/2025-11-17/1762016055.json"
"581514","221282","2025-11-17","36.00","NZD","1762016055","23477/2025-11-17/1762016055.json"
"512557","146154","2025-11-17","45.00","NZD","1762016055","23477/2025-11-17/1762016055.json"
"365170","146153","2025-11-17","48.00","NZD","1762016055","23477/2025-11-17/1762016055.json"
"510807","146155","2025-11-17","52.00","NZD","1762016055","23477/2025-11-17/1762016055.json"
"581513","221281","2025-11-15","36.00","NZD","1762016055","23477/2025-11-15/1762016055.json"
"581514","221282","2025-11-15","36.00","NZD","1762016055","23477/2025-11-15/1762016055.json"
"512557","146154","2025-11-15","45.00","NZD","1762016055","23477/2025-11-15/1762016055.json"
"365170","146153","2025-11-15","48.00","NZD","1762016055","23477/2025-11-15/1762016055.json"
"510807","146155","2025-11-15","52.00","NZD","1762016055","23477/2025-11-15/1762016055.json"
"581513","221281","2025-11-18","36.00","NZD","1762016055","23477/2025-11-18/1762016055.json"
"581514","221282","2025-11-18","36.00","NZD","1762016055","23477/2025-11-18/1762016055.json"
"512557","146154","2025-11-18","45.00","NZD","1762016055","23477/2025-11-18/1762016055.json"
"365170","146153","2025-11-18","48.00","NZD","1762016055","23477/2025-11-18/1762016055.json"
"510807","146155","2025-11-18","52.00","NZD","1762016055","23477/2025-11-18/1762016055.json"
"581513","221281","2025-11-19","36.00","NZD","1762016055","23477/2025-11-19/1762016055.json"
"581514","221282","2025-11-19","36.00","NZD","1762016055","23477/2025-11-19/1762016055.json"
"512557","146154","2025-11-19","45.00","NZD","1762016055","23477/2025-11-19/1762016055.json"
"365170","146153","2025-11-19","48.00","NZD","1762016055","23477/2025-11-19/1762016055.json"
"510807","146155","2025-11-19","52.00","NZD","1762016055","23477/2025-11-19/1762016055.json"
"581513","221281","2025-11-21","36.00","NZD","1762016055","23477/2025-11-21/1762016055.json"
"581514","221282","2025-11-21","36.00","NZD","1762016055","23477/2025-11-21/1762016055.json"
"512557","146154","2025-11-21","45.00","NZD","1762016055","23477/2025-11-21/1762016055.json"
"365170","146153","2025-11-21","48.00","NZD","1762016055","23477/2025-11-21/1762016055.json"
"510807","146155","2025-11-21","52.00","NZD","1762016055","23477/2025-11-21/1762016055.json"
"581513","221281","2025-11-20","36.00","NZD","1762016055","23477/2025-11-20/1762016055.json"
"581514","221282","2025-11-20","36.00","NZD","1762016055","23477/2025-11-20/1762016055.json"
"512557","146154","2025-11-20","45.00","NZD","1762016055","23477/2025-11-20/1762016055.json"
"581513","221281","2025-11-22","36.00","NZD","1762016055","23477/2025-11-22/1762016055.json"
"581514","221282","2025-11-22","36.00","NZD","1762016055","23477/2025-11-22/1762016055.json"
"512557","146154","2025-11-22","45.00","NZD","1762016055","23477/2025-11-22/1762016055.json"
"365170","146153","2025-11-22","48.00","NZD","1762016055","23477/2025-11-22/1762016055.json"
"510807","146155","2025-11-22","52.00","NZD","1762016055","23477/2025-11-22/1762016055.json"
"581513","221281","2025-11-23","36.00","NZD","1762016055","23477/2025-11-23/1762016055.json"
"581514","221282","2025-11-23","36.00","NZD","1762016055","23477/2025-11-23/1762016055.json"
"512557","146154","2025-11-23","45.00","NZD","1762016055","23477/2025-11-23/1762016055.json"
"365170","146153","2025-11-23","48.00","NZD","1762016055","23477/2025-11-23/1762016055.json"
"510807","146155","2025-11-23","52.00","NZD","1762016055","23477/2025-11-23/1762016055.json"
"581513","221281","2025-11-24","36.00","NZD","1762016055","23477/2025-11-24/1762016055.json"
"581514","221282","2025-11-24","36.00","NZD","1762016055","23477/2025-11-24/1762016055.json"
"512557","146154","2025-11-24","45.00","NZD","1762016055","23477/2025-11-24/1762016055.json"
"365170","146153","2025-11-24","48.00","NZD","1762016055","23477/2025-11-24/1762016055.json"
"510807","146155","2025-11-24","52.00","NZD","1762016055","23477/2025-11-24/1762016055.json"
"581513","221281","2025-11-25","36.00","NZD","1762016055","23477/2025-11-25/1762016055.json"
"581514","221282","2025-11-25","36.00","NZD","1762016055","23477/2025-11-25/1762016055.json"
"512557","146154","2025-11-25","45.00","NZD","1762016055","23477/2025-11-25/1762016055.json"
"365170","146153","2025-11-25","48.00","NZD","1762016055","23477/2025-11-25/1762016055.json"
"510807","146155","2025-11-25","52.00","NZD","1762016055","23477/2025-11-25/1762016055.json"
"581513","221281","2025-11-26","36.00","NZD","1762016055","23477/2025-11-26/1762016055.json"
"581514","221282","2025-11-26","36.00","NZD","1762016055","23477/2025-11-26/1762016055.json"
"512557","146154","2025-11-26","45.00","NZD","1762016055","23477/2025-11-26/1762016055.json"
"365170","146153","2025-11-26","48.00","NZD","1762016055","23477/2025-11-26/1762016055.json"
"510807","146155","2025-11-26","52.00","NZD","1762016055","23477/2025-11-26/1762016055.json"
"581513","221281","2025-11-27","36.00","NZD","1762016055","23477/2025-11-27/1762016055.json"
"581514","221282","2025-11-27","36.00","NZD","1762016055","23477/2025-11-27/1762016055.json"
"512557","146154","2025-11-27","45.00","NZD","1762016055","23477/2025-11-27/1762016055.json"
"365170","146153","2025-11-27","48.00","NZD","1762016055","23477/2025-11-27/1762016055.json"
"510807","146155","2025-11-27","52.00","NZD","1762016055","23477/2025-11-27/1762016055.json"
"581513","221281","2025-11-28","36.00","NZD","1762016055","23477/2025-11-28/1762016055.json"
"581514","221282","2025-11-28","36.00","NZD","1762016055","23477/2025-11-28/1762016055.json"
"512557","146154","2025-11-28","45.00","NZD","1762016055","23477/2025-11-28/1762016055.json"
"365170","146153","2025-11-28","48.00","NZD","1762016055","23477/2025-11-28/1762016055.json"
"510807","146155","2025-11-28","52.00","NZD","1762016055","23477/2025-11-28/1762016055.json"
"581513","221281","2025-11-29","36.00","NZD","1762016055","23477/2025-11-29/1762016055.json"
"581514","221282","2025-11-29","36.00","NZD","1762016055","23477/2025-11-29/1762016055.json"
"512557","146154","2025-11-29","45.00","NZD","1762016055","23477/2025-11-29/1762016055.json"
"365170","146153","2025-11-29","48.00","NZD","1762016055","23477/2025-11-29/1762016055.json"
"510807","146155","2025-11-29","52.00","NZD","1762016055","23477/2025-11-29/1762016055.json"
"581513","221281","2025-11-30","36.00","NZD","1762016055","23477/2025-11-30/1762016055.json"
"581514","221282","2025-11-30","36.00","NZD","1762016055","23477/2025-11-30/1762016055.json"
"512557","146154","2025-11-30","45.00","NZD","1762016055","23477/2025-11-30/1762016055.json"
"365170","146153","2025-11-30","48.00","NZD","1762016055","23477/2025-11-30/1762016055.json"
"510807","146155","2025-11-30","52.00","NZD","1762016055","23477/2025-11-30/1762016055.json"
"581513","221281","2025-12-01","36.00","NZD","1762016055","23477/2025-12-01/1762016055.json"
"581514","221282","2025-12-01","36.00","NZD","1762016055","23477/2025-12-01/1762016055.json"
"512557","146154","2025-12-01","45.00","NZD","1762016055","23477/2025-12-01/1762016055.json"
"365170","146153","2025-12-01","48.00","NZD","1762016055","23477/2025-12-01/1762016055.json"
"510807","146155","2025-12-01","52.00","NZD","1762016055","23477/2025-12-01/1762016055.json"
"581513","221281","2025-12-03","36.00","NZD","1762016055","23477/2025-12-03/1762016055.json"
"581514","221282","2025-12-03","36.00","NZD","1762016055","23477/2025-12-03/1762016055.json"
"512557","146154","2025-12-03","45.00","NZD","1762016055","23477/2025-12-03/1762016055.json"
"365170","146153","2025-12-03","48.00","NZD","1762016055","23477/2025-12-03/1762016055.json"
"510807","146155","2025-12-03","52.00","NZD","1762016055","23477/2025-12-03/1762016055.json"
"581513","221281","2025-12-02","36.00","NZD","1762016055","23477/2025-12-02/1762016055.json"
"581514","221282","2025-12-02","36.00","NZD","1762016055","23477/2025-12-02/1762016055.json"
"512557","146154","2025-12-02","45.00","NZD","1762016055","23477/2025-12-02/1762016055.json"
"365170","146153","2025-12-02","48.00","NZD","1762016055","23477/2025-12-02/1762016055.json"
"510807","146155","2025-12-02","52.00","NZD","1762016055","23477/2025-12-02/1762016055.json"
"581513","221281","2025-12-04","36.00","NZD","1762016055","23477/2025-12-04/1762016055.json"
"581514","221282","2025-12-04","36.00","NZD","1762016055","23477/2025-12-04/1762016055.json"
"512557","146154","2025-12-04","45.00","NZD","1762016055","23477/2025-12-04/1762016055.json"
"365170","146153","2025-12-04","48.00","NZD","1762016055","23477/2025-12-04/1762016055.json"
"510807","146155","2025-12-04","52.00","NZD","1762016055","23477/2025-12-04/1762016055.json"
"581513","221281","2025-12-05","36.00","NZD","1762016055","23477/2025-12-05/1762016055.json"
"581514","221282","2025-12-05","36.00","NZD","1762016055","23477/2025-12-05/1762016055.json"
"512557","146154","2025-12-05","45.00","NZD","1762016055","23477/2025-12-05/1762016055.json"
"365170","146153","2025-12-05","48.00","NZD","1762016055","23477/2025-12-05/1762016055.json"
"510807","146155","2025-12-05","52.00","NZD","1762016055","23477/2025-12-05/1762016055.json"
"581513","221281","2025-12-06","36.00","NZD","1762016055","23477/2025-12-06/1762016055.json"
"581514","221282","2025-12-06","36.00","NZD","1762016055","23477/2025-12-06/1762016055.json"
"512557","146154","2025-12-06","45.00","NZD","1762016055","23477/2025-12-06/1762016055.json"
"365170","146153","2025-12-06","48.00","NZD","1762016055","23477/2025-12-06/1762016055.json"
"510807","146155","2025-12-06","52.00","NZD","1762016055","23477/2025-12-06/1762016055.json"
"581513","221281","2025-12-07","36.00","NZD","1762016055","23477/2025-12-07/1762016055.json"
"581514","221282","2025-12-07","36.00","NZD","1762016055","23477/2025-12-07/1762016055.json"
"512557","146154","2025-12-07","45.00","NZD","1762016055","23477/2025-12-07/1762016055.json"
"365170","146153","2025-12-07","48.00","NZD","1762016055","23477/2025-12-07/1762016055.json"
"510807","146155","2025-12-07","52.00","NZD","1762016055","23477/2025-12-07/1762016055.json"
"581513","221281","2025-12-08","36.00","NZD","1762016055","23477/2025-12-08/1762016055.json"
"581514","221282","2025-12-08","36.00","NZD","1762016055","23477/2025-12-08/1762016055.json"
"512557","146154","2025-12-08","45.00","NZD","1762016055","23477/2025-12-08/1762016055.json"
"365170","146153","2025-12-08","48.00","NZD","1762016055","23477/2025-12-08/1762016055.json"
"510807","146155","2025-12-08","52.00","NZD","1762016055","23477/2025-12-08/1762016055.json"
"581513","221281","2025-12-11","36.00","NZD","1762016055","23477/2025-12-11/1762016055.json"
"581514","221282","2025-12-11","36.00","NZD","1762016055","23477/2025-12-11/1762016055.json"
"512557","146154","2025-12-11","45.00","NZD","1762016055","23477/2025-12-11/1762016055.json"
"365170","146153","2025-12-11","48.00","NZD","1762016055","23477/2025-12-11/1762016055.json"
"510807","146155","2025-12-11","52.00","NZD","1762016055","23477/2025-12-11/1762016055.json"
"581513","221281","2025-12-10","36.00","NZD","1762016055","23477/2025-12-10/1762016055.json"
"581514","221282","2025-12-10","36.00","NZD","1762016055","23477/2025-12-10/1762016055.json"
"512557","146154","2025-12-10","45.00","NZD","1762016055","23477/2025-12-10/1762016055.json"
"365170","146153","2025-12-10","48.00","NZD","1762016055","23477/2025-12-10/1762016055.json"
"510807","146155","2025-12-10","52.00","NZD","1762016055","23477/2025-12-10/1762016055.json"
"581513","221281","2025-12-09","36.00","NZD","1762016055","23477/2025-12-09/1762016055.json"
"581514","221282","2025-12-09","36.00","NZD","1762016055","23477/2025-12-09/1762016055.json"
"512557","146154","2025-12-09","45.00","NZD","1762016055","23477/2025-12-09/1762016055.json"
"365170","146153","2025-12-09","48.00","NZD","1762016055","23477/2025-12-09/1762016055.json"
"510807","146155","2025-12-09","52.00","NZD","1762016055","23477/2025-12-09/1762016055.json"
"581513","221281","2025-12-12","36.00","NZD","1762016055","23477/2025-12-12/1762016055.json"
"581514","221282","2025-12-12","36.00","NZD","1762016055","23477/2025-12-12/1762016055.json"
"512557","146154","2025-12-12","45.00","NZD","1762016055","23477/2025-12-12/1762016055.json"
"365170","146153","2025-12-12","48.00","NZD","1762016055","23477/2025-12-12/1762016055.json"
"510807","146155","2025-12-12","52.00","NZD","1762016055","23477/2025-12-12/1762016055.json"
"581513","221281","2025-12-14","36.00","NZD","1762016055","23477/2025-12-14/1762016055.json"
"581514","221282","2025-12-14","36.00","NZD","1762016055","23477/2025-12-14/1762016055.json"
"512557","146154","2025-12-14","45.00","NZD","1762016055","23477/2025-12-14/1762016055.json"
"365170","146153","2025-12-14","48.00","NZD","1762016055","23477/2025-12-14/1762016055.json"
"510807","146155","2025-12-14","52.00","NZD","1762016055","23477/2025-12-14/1762016055.json"
"581513","221281","2025-12-13","36.00","NZD","1762016055","23477/2025-12-13/1762016055.json"
"581514","221282","2025-12-13","36.00","NZD","1762016055","23477/2025-12-13/1762016055.json"
"512557","146154","2025-12-13","45.00","NZD","1762016055","23477/2025-12-13/1762016055.json"
"365170","146153","2025-12-13","48.00","NZD","1762016055","23477/2025-12-13/1762016055.json"
"510807","146155","2025-12-13","52.00","NZD","1762016055","23477/2025-12-13/1762016055.json"
"581513","221281","2025-12-15","36.00","NZD","1762016055","23477/2025-12-15/1762016055.json"
"581514","221282","2025-12-15","36.00","NZD","1762016055","23477/2025-12-15/1762016055.json"
"512557","146154","2025-12-15","45.00","NZD","1762016055","23477/2025-12-15/1762016055.json"
"365170","146153","2025-12-15","48.00","NZD","1762016055","23477/2025-12-15/1762016055.json"
"510807","146155","2025-12-15","52.00","NZD","1762016055","23477/2025-12-15/1762016055.json"
"581513","221281","2025-12-16","36.00","NZD","1762016055","23477/2025-12-16/1762016055.json"
"581514","221282","2025-12-16","36.00","NZD","1762016055","23477/2025-12-16/1762016055.json"
"512557","146154","2025-12-16","45.00","NZD","1762016055","23477/2025-12-16/1762016055.json"
"365170","146153","2025-12-16","48.00","NZD","1762016055","23477/2025-12-16/1762016055.json"
"510807","146155","2025-12-16","52.00","NZD","1762016055","23477/2025-12-16/1762016055.json"
"581513","221281","2025-12-17","36.00","NZD","1762016055","23477/2025-12-17/1762016055.json"
"581514","221282","2025-12-17","36.00","NZD","1762016055","23477/2025-12-17/1762016055.json"
"512557","146154","2025-12-17","45.00","NZD","1762016055","23477/2025-12-17/1762016055.json"
"365170","146153","2025-12-17","48.00","NZD","1762016055","23477/2025-12-17/1762016055.json"
"510807","146155","2025-12-17","52.00","NZD","1762016055","23477/2025-12-17/1762016055.json"
"581513","221281","2025-12-18","36.00","NZD","1762016055","23477/2025-12-18/1762016055.json"
"581514","221282","2025-12-18","36.00","NZD","1762016055","23477/2025-12-18/1762016055.json"
"512557","146154","2025-12-18","45.00","NZD","1762016055","23477/2025-12-18/1762016055.json"
"365170","146153","2025-12-18","48.00","NZD","1762016055","23477/2025-12-18/1762016055.json"
"510807","146155","2025-12-18","52.00","NZD","1762016055","23477/2025-12-18/1762016055.json"
"581513","221281","2025-12-19","36.00","NZD","1762016055","23477/2025-12-19/1762016055.json"
"581514","221282","2025-12-19","36.00","NZD","1762016055","23477/2025-12-19/1762016055.json"
"512557","146154","2025-12-19","45.00","NZD","1762016055","23477/2025-12-19/1762016055.json"
"365170","146153","2025-12-19","48.00","NZD","1762016055","23477/2025-12-19/1762016055.json"
"510807","146155","2025-12-19","52.00","NZD","1762016055","23477/2025-12-19/1762016055.json"
"581513","221281","2025-12-20","36.00","NZD","1762016055","23477/2025-12-20/1762016055.json"
"581514","221282","2025-12-20","36.00","NZD","1762016055","23477/2025-12-20/1762016055.json"
"512557","146154","2025-12-20","45.00","NZD","1762016055","23477/2025-12-20/1762016055.json"
"365170","146153","2025-12-20","48.00","NZD","1762016055","23477/2025-12-20/1762016055.json"
"510807","146155","2025-12-20","52.00","NZD","1762016055","23477/2025-12-20/1762016055.json"
"581513","221281","2025-12-21","36.00","NZD","1762016055","23477/2025-12-21/1762016055.json"
"581514","221282","2025-12-21","36.00","NZD","1762016055","23477/2025-12-21/1762016055.json"
"512557","146154","2025-12-21","45.00","NZD","1762016055","23477/2025-12-21/1762016055.json"
"365170","146153","2025-12-21","48.00","NZD","1762016055","23477/2025-12-21/1762016055.json"
"510807","146155","2025-12-21","52.00","NZD","1762016055","23477/2025-12-21/1762016055.json"
"581513","221281","2025-12-22","36.00","NZD","1762016055","23477/2025-12-22/1762016055.json"
"581514","221282","2025-12-22","36.00","NZD","1762016055","23477/2025-12-22/1762016055.json"
"512557","146154","2025-12-22","45.00","NZD","1762016055","23477/2025-12-22/1762016055.json"
"365170","146153","2025-12-22","48.00","NZD","1762016055","23477/2025-12-22/1762016055.json"
"510807","146155","2025-12-22","52.00","NZD","1762016055","23477/2025-12-22/1762016055.json"
"581513","221281","2025-12-24","38.00","NZD","1762016055","23477/2025-12-24/1762016055.json"
"581514","221282","2025-12-24","38.00","NZD","1762016055","23477/2025-12-24/1762016055.json"
"512557","146154","2025-12-24","45.00","NZD","1762016055","23477/2025-12-24/1762016055.json"
"365170","146153","2025-12-24","48.00","NZD","1762016055","23477/2025-12-24/1762016055.json"
"510807","146155","2025-12-24","52.00","NZD","1762016055","23477/2025-12-24/1762016055.json"
"581513","221281","2025-12-25","38.00","NZD","1762016055","23477/2025-12-25/1762016055.json"
"581514","221282","2025-12-25","38.00","NZD","1762016055","23477/2025-12-25/1762016055.json"
"512557","146154","2025-12-25","45.00","NZD","1762016055","23477/2025-12-25/1762016055.json"
"365170","146153","2025-12-25","48.00","NZD","1762016055","23477/2025-12-25/1762016055.json"
"510807","146155","2025-12-25","52.00","NZD","1762016055","23477/2025-12-25/1762016055.json"
"581513","221281","2025-12-27","42.00","NZD","1762016055","23477/2025-12-27/1762016055.json"
"581514","221282","2025-12-27","42.00","NZD","1762016055","23477/2025-12-27/1762016055.json"
"512557","146154","2025-12-27","45.00","NZD","1762016055","23477/2025-12-27/1762016055.json"
"365170","146153","2025-12-27","48.00","NZD","1762016055","23477/2025-12-27/1762016055.json"
"510807","146155","2025-12-27","52.00","NZD","1762016055","23477/2025-12-27/1762016055.json"
"581513","221281","2025-12-26","42.00","NZD","1762016055","23477/2025-12-26/1762016055.json"
"581514","221282","2025-12-26","42.00","NZD","1762016055","23477/2025-12-26/1762016055.json"
"512557","146154","2025-12-26","45.00","NZD","1762016055","23477/2025-12-26/1762016055.json"
"365170","146153","2025-12-26","48.00","NZD","1762016055","23477/2025-12-26/1762016055.json"
"510807","146155","2025-12-26","52.00","NZD","1762016055","23477/2025-12-26/1762016055.json"
"581513","221281","2025-12-28","42.00","NZD","1762016055","23477/2025-12-28/1762016055.json"
"581514","221282","2025-12-28","42.00","NZD","1762016055","23477/2025-12-28/1762016055.json"
"512557","146154","2025-12-28","45.00","NZD","1762016055","23477/2025-12-28/1762016055.json"
"365170","146153","2025-12-28","48.00","NZD","1762016055","23477/2025-12-28/1762016055.json"
"510807","146155","2025-12-28","52.00","NZD","1762016055","23477/2025-12-28/1762016055.json"
"581513","221281","2025-12-29","42.00","NZD","1762016055","23477/2025-12-29/1762016055.json"
"581514","221282","2025-12-29","42.00","NZD","1762016055","23477/2025-12-29/1762016055.json"
"512557","146154","2025-12-29","45.00","NZD","1762016055","23477/2025-12-29/1762016055.json"
"365170","146153","2025-12-29","48.00","NZD","1762016055","23477/2025-12-29/1762016055.json"
"510807","146155","2025-12-29","52.00","NZD","1762016055","23477/2025-12-29/1762016055.json"
"581513","221281","2025-12-30","42.00","NZD","1762016055","23477/2025-12-30/1762016055.json"
"581514","221282","2025-12-30","42.00","NZD","1762016055","23477/2025-12-30/1762016055.json"
"512557","146154","2025-12-30","45.00","NZD","1762016055","23477/2025-12-30/1762016055.json"
"365170","146153","2025-12-30","48.00","NZD","1762016055","23477/2025-12-30/1762016055.json"
"510807","146155","2025-12-30","52.00","NZD","1762016055","23477/2025-12-30/1762016055.json"
"581513","221281","2025-12-23","38.00","NZD","1762016055","23477/2025-12-23/1762016055.json"
"581514","221282","2025-12-23","38.00","NZD","1762016055","23477/2025-12-23/1762016055.json"
"512557","146154","2025-12-23","45.00","NZD","1762016055","23477/2025-12-23/1762016055.json"
"365170","146153","2025-12-23","48.00","NZD","1762016055","23477/2025-12-23/1762016055.json"
"510807","146155","2025-12-23","52.00","NZD","1762016055","23477/2025-12-23/1762016055.json"
"581513","221281","2025-12-31","42.00","NZD","1762016055","23477/2025-12-31/1762016055.json"
"581514","221282","2025-12-31","42.00","NZD","1762016055","23477/2025-12-31/1762016055.json"
"512557","146154","2025-12-31","45.00","NZD","1762016055","23477/2025-12-31/1762016055.json"
"365170","146153","2025-12-31","48.00","NZD","1762016055","23477/2025-12-31/1762016055.json"
"510807","146155","2025-12-31","52.00","NZD","1762016055","23477/2025-12-31/1762016055.json"
"581513","221281","2025-11-04","36.00","NZD","1762030062","23477/2025-11-04/1762030062.json"
"581514","221282","2025-11-04","36.00","NZD","1762030062","23477/2025-11-04/1762030062.json"
"512557","146154","2025-11-04","45.00","NZD","1762030062","23477/2025-11-04/1762030062.json"
"365170","146153","2025-11-04","48.00","NZD","1762030062","23477/2025-11-04/1762030062.json"
"510807","146155","2025-11-04","52.00","NZD","1762030062","23477/2025-11-04/1762030062.json"
"581513","221281","2025-11-02","36.00","NZD","1762030062","23477/2025-11-02/1762030062.json"
"581514","221282","2025-11-02","36.00","NZD","1762030062","23477/2025-11-02/1762030062.json"
"512557","146154","2025-11-02","45.00","NZD","1762030062","23477/2025-11-02/1762030062.json"
"365170","146153","2025-11-02","48.00","NZD","1762030062","23477/2025-11-02/1762030062.json"
"510807","146155","2025-11-02","52.00","NZD","1762030062","23477/2025-11-02/1762030062.json"
"581513","221281","2025-11-03","36.00","NZD","1762030062","23477/2025-11-03/1762030062.json"
"581514","221282","2025-11-03","36.00","NZD","1762030062","23477/2025-11-03/1762030062.json"
"512557","146154","2025-11-03","45.00","NZD","1762030062","23477/2025-11-03/1762030062.json"
"365170","146153","2025-11-03","48.00","NZD","1762030062","23477/2025-11-03/1762030062.json"
"510807","146155","2025-11-03","52.00","NZD","1762030062","23477/2025-11-03/1762030062.json"
"581513","221281","2025-11-05","36.00","NZD","1762030062","23477/2025-11-05/1762030062.json"
"581514","221282","2025-11-05","36.00","NZD","1762030062","23477/2025-11-05/1762030062.json"
"512557","146154","2025-11-05","45.00","NZD","1762030062","23477/2025-11-05/1762030062.json"
"365170","146153","2025-11-05","48.00","NZD","1762030062","23477/2025-11-05/1762030062.json"
"510807","146155","2025-11-05","52.00","NZD","1762030062","23477/2025-11-05/1762030062.json"
"581513","221281","2025-11-07","36.00","NZD","1762030062","23477/2025-11-07/1762030062.json"
"581514","221282","2025-11-07","36.00","NZD","1762030062","23477/2025-11-07/1762030062.json"
"512557","146154","2025-11-07","45.00","NZD","1762030062","23477/2025-11-07/1762030062.json"
"365170","146153","2025-11-07","48.00","NZD","1762030062","23477/2025-11-07/1762030062.json"
"510807","146155","2025-11-07","52.00","NZD","1762030062","23477/2025-11-07/1762030062.json"
"581513","221281","2025-11-08","36.00","NZD","1762030062","23477/2025-11-08/1762030062.json"
"581514","221282","2025-11-08","36.00","NZD","1762030062","23477/2025-11-08/1762030062.json"
"512557","146154","2025-11-08","45.00","NZD","1762030062","23477/2025-11-08/1762030062.json"
"365170","146153","2025-11-08","48.00","NZD","1762030062","23477/2025-11-08/1762030062.json"
"510807","146155","2025-11-08","52.00","NZD","1762030062","23477/2025-11-08/1762030062.json"
"581513","221281","2025-11-06","36.00","NZD","1762030062","23477/2025-11-06/1762030062.json"
"581514","221282","2025-11-06","36.00","NZD","1762030062","23477/2025-11-06/1762030062.json"
"512557","146154","2025-11-06","45.00","NZD","1762030062","23477/2025-11-06/1762030062.json"
"365170","146153","2025-11-06","48.00","NZD","1762030062","23477/2025-11-06/1762030062.json"
"510807","146155","2025-11-06","52.00","NZD","1762030062","23477/2025-11-06/1762030062.json"
"581513","221281","2025-11-09","36.00","NZD","1762030062","23477/2025-11-09/1762030062.json"
"581514","221282","2025-11-09","36.00","NZD","1762030062","23477/2025-11-09/1762030062.json"
"512557","146154","2025-11-09","45.00","NZD","1762030062","23477/2025-11-09/1762030062.json"
"365170","146153","2025-11-09","48.00","NZD","1762030062","23477/2025-11-09/1762030062.json"
"510807","146155","2025-11-09","52.00","NZD","1762030062","23477/2025-11-09/1762030062.json"
"581513","221281","2025-11-11","36.00","NZD","1762030062","23477/2025-11-11/1762030062.json"
"581514","221282","2025-11-11","36.00","NZD","1762030062","23477/2025-11-11/1762030062.json"
"512557","146154","2025-11-11","45.00","NZD","1762030062","23477/2025-11-11/1762030062.json"
"365170","146153","2025-11-11","48.00","NZD","1762030062","23477/2025-11-11/1762030062.json"
"510807","146155","2025-11-11","52.00","NZD","1762030062","23477/2025-11-11/1762030062.json"
"581513","221281","2025-11-12","36.00","NZD","1762030062","23477/2025-11-12/1762030062.json"
"581514","221282","2025-11-12","36.00","NZD","1762030062","23477/2025-11-12/1762030062.json"
"512557","146154","2025-11-12","45.00","NZD","1762030062","23477/2025-11-12/1762030062.json"
"365170","146153","2025-11-12","48.00","NZD","1762030062","23477/2025-11-12/1762030062.json"
"510807","146155","2025-11-12","52.00","NZD","1762030062","23477/2025-11-12/1762030062.json"
"581513","221281","2025-11-10","36.00","NZD","1762030062","23477/2025-11-10/1762030062.json"
"581514","221282","2025-11-10","36.00","NZD","1762030062","23477/2025-11-10/1762030062.json"
"512557","146154","2025-11-10","45.00","NZD","1762030062","23477/2025-11-10/1762030062.json"
"365170","146153","2025-11-10","48.00","NZD","1762030062","23477/2025-11-10/1762030062.json"
"510807","146155","2025-11-10","52.00","NZD","1762030062","23477/2025-11-10/1762030062.json"
"581513","221281","2025-11-13","36.00","NZD","1762030062","23477/2025-11-13/1762030062.json"
"581514","221282","2025-11-13","36.00","NZD","1762030062","23477/2025-11-13/1762030062.json"
"512557","146154","2025-11-13","45.00","NZD","1762030062","23477/2025-11-13/1762030062.json"
"365170","146153","2025-11-13","48.00","NZD","1762030062","23477/2025-11-13/1762030062.json"
"510807","146155","2025-11-13","52.00","NZD","1762030062","23477/2025-11-13/1762030062.json"
"581513","221281","2025-11-15","36.00","NZD","1762030062","23477/2025-11-15/1762030062.json"
"581514","221282","2025-11-15","36.00","NZD","1762030062","23477/2025-11-15/1762030062.json"
"512557","146154","2025-11-15","45.00","NZD","1762030062","23477/2025-11-15/1762030062.json"
"365170","146153","2025-11-15","48.00","NZD","1762030062","23477/2025-11-15/1762030062.json"
"510807","146155","2025-11-15","52.00","NZD","1762030062","23477/2025-11-15/1762030062.json"
"581513","221281","2025-11-16","36.00","NZD","1762030062","23477/2025-11-16/1762030062.json"
"581514","221282","2025-11-16","36.00","NZD","1762030062","23477/2025-11-16/1762030062.json"
"512557","146154","2025-11-16","45.00","NZD","1762030062","23477/2025-11-16/1762030062.json"
"365170","146153","2025-11-16","48.00","NZD","1762030062","23477/2025-11-16/1762030062.json"
"510807","146155","2025-11-16","52.00","NZD","1762030062","23477/2025-11-16/1762030062.json"
"581513","221281","2025-11-14","36.00","NZD","1762030062","23477/2025-11-14/1762030062.json"
"581514","221282","2025-11-14","36.00","NZD","1762030062","23477/2025-11-14/1762030062.json"
"512557","146154","2025-11-14","45.00","NZD","1762030062","23477/2025-11-14/1762030062.json"
"365170","146153","2025-11-14","48.00","NZD","1762030062","23477/2025-11-14/1762030062.json"
"510807","146155","2025-11-14","52.00","NZD","1762030062","23477/2025-11-14/1762030062.json"
"581513","221281","2025-11-17","36.00","NZD","1762030062","23477/2025-11-17/1762030062.json"
"581514","221282","2025-11-17","36.00","NZD","1762030062","23477/2025-11-17/1762030062.json"
"512557","146154","2025-11-17","45.00","NZD","1762030062","23477/2025-11-17/1762030062.json"
"365170","146153","2025-11-17","48.00","NZD","1762030062","23477/2025-11-17/1762030062.json"
"510807","146155","2025-11-17","52.00","NZD","1762030062","23477/2025-11-17/1762030062.json"
"581513","221281","2025-11-18","36.00","NZD","1762030062","23477/2025-11-18/1762030062.json"
"581514","221282","2025-11-18","36.00","NZD","1762030062","23477/2025-11-18/1762030062.json"
"512557","146154","2025-11-18","45.00","NZD","1762030062","23477/2025-11-18/1762030062.json"
"365170","146153","2025-11-18","48.00","NZD","1762030062","23477/2025-11-18/1762030062.json"
"510807","146155","2025-11-18","52.00","NZD","1762030062","23477/2025-11-18/1762030062.json"
"581513","221281","2025-11-19","36.00","NZD","1762030062","23477/2025-11-19/1762030062.json"
"581514","221282","2025-11-19","36.00","NZD","1762030062","23477/2025-11-19/1762030062.json"
"512557","146154","2025-11-19","45.00","NZD","1762030062","23477/2025-11-19/1762030062.json"
"365170","146153","2025-11-19","48.00","NZD","1762030062","23477/2025-11-19/1762030062.json"
"510807","146155","2025-11-19","52.00","NZD","1762030062","23477/2025-11-19/1762030062.json"
"581513","221281","2025-11-20","36.00","NZD","1762030062","23477/2025-11-20/1762030062.json"
"581514","221282","2025-11-20","36.00","NZD","1762030062","23477/2025-11-20/1762030062.json"
"512557","146154","2025-11-20","45.00","NZD","1762030062","23477/2025-11-20/1762030062.json"
"581513","221281","2025-11-21","36.00","NZD","1762030062","23477/2025-11-21/1762030062.json"
"581514","221282","2025-11-21","36.00","NZD","1762030062","23477/2025-11-21/1762030062.json"
"512557","146154","2025-11-21","45.00","NZD","1762030062","23477/2025-11-21/1762030062.json"
"365170","146153","2025-11-21","48.00","NZD","1762030062","23477/2025-11-21/1762030062.json"
"510807","146155","2025-11-21","52.00","NZD","1762030062","23477/2025-11-21/1762030062.json"
"581513","221281","2025-11-23","36.00","NZD","1762030062","23477/2025-11-23/1762030062.json"
"581514","221282","2025-11-23","36.00","NZD","1762030062","23477/2025-11-23/1762030062.json"
"512557","146154","2025-11-23","45.00","NZD","1762030062","23477/2025-11-23/1762030062.json"
"365170","146153","2025-11-23","48.00","NZD","1762030062","23477/2025-11-23/1762030062.json"
"510807","146155","2025-11-23","52.00","NZD","1762030062","23477/2025-11-23/1762030062.json"
"581513","221281","2025-11-22","36.00","NZD","1762030062","23477/2025-11-22/1762030062.json"
"581514","221282","2025-11-22","36.00","NZD","1762030062","23477/2025-11-22/1762030062.json"
"512557","146154","2025-11-22","45.00","NZD","1762030062","23477/2025-11-22/1762030062.json"
"365170","146153","2025-11-22","48.00","NZD","1762030062","23477/2025-11-22/1762030062.json"
"510807","146155","2025-11-22","52.00","NZD","1762030062","23477/2025-11-22/1762030062.json"
"581513","221281","2025-11-24","36.00","NZD","1762030062","23477/2025-11-24/1762030062.json"
"581514","221282","2025-11-24","36.00","NZD","1762030062","23477/2025-11-24/1762030062.json"
"512557","146154","2025-11-24","45.00","NZD","1762030062","23477/2025-11-24/1762030062.json"
"365170","146153","2025-11-24","48.00","NZD","1762030062","23477/2025-11-24/1762030062.json"
"510807","146155","2025-11-24","52.00","NZD","1762030062","23477/2025-11-24/1762030062.json"
"581513","221281","2025-11-25","36.00","NZD","1762030062","23477/2025-11-25/1762030062.json"
"581514","221282","2025-11-25","36.00","NZD","1762030062","23477/2025-11-25/1762030062.json"
"512557","146154","2025-11-25","45.00","NZD","1762030062","23477/2025-11-25/1762030062.json"
"365170","146153","2025-11-25","48.00","NZD","1762030062","23477/2025-11-25/1762030062.json"
"510807","146155","2025-11-25","52.00","NZD","1762030062","23477/2025-11-25/1762030062.json"
"581513","221281","2025-11-26","36.00","NZD","1762030062","23477/2025-11-26/1762030062.json"
"581514","221282","2025-11-26","36.00","NZD","1762030062","23477/2025-11-26/1762030062.json"
"512557","146154","2025-11-26","45.00","NZD","1762030062","23477/2025-11-26/1762030062.json"
"365170","146153","2025-11-26","48.00","NZD","1762030062","23477/2025-11-26/1762030062.json"
"510807","146155","2025-11-26","52.00","NZD","1762030062","23477/2025-11-26/1762030062.json"
"581513","221281","2025-11-28","36.00","NZD","1762030062","23477/2025-11-28/1762030062.json"
"581514","221282","2025-11-28","36.00","NZD","1762030062","23477/2025-11-28/1762030062.json"
"512557","146154","2025-11-28","45.00","NZD","1762030062","23477/2025-11-28/1762030062.json"
"365170","146153","2025-11-28","48.00","NZD","1762030062","23477/2025-11-28/1762030062.json"
"510807","146155","2025-11-28","52.00","NZD","1762030062","23477/2025-11-28/1762030062.json"
"581513","221281","2025-11-27","36.00","NZD","1762030062","23477/2025-11-27/1762030062.json"
"581514","221282","2025-11-27","36.00","NZD","1762030062","23477/2025-11-27/1762030062.json"
"512557","146154","2025-11-27","45.00","NZD","1762030062","23477/2025-11-27/1762030062.json"
"365170","146153","2025-11-27","48.00","NZD","1762030062","23477/2025-11-27/1762030062.json"
"510807","146155","2025-11-27","52.00","NZD","1762030062","23477/2025-11-27/1762030062.json"
"581513","221281","2025-11-29","36.00","NZD","1762030062","23477/2025-11-29/1762030062.json"
"581514","221282","2025-11-29","36.00","NZD","1762030062","23477/2025-11-29/1762030062.json"
"512557","146154","2025-11-29","45.00","NZD","1762030062","23477/2025-11-29/1762030062.json"
"365170","146153","2025-11-29","48.00","NZD","1762030062","23477/2025-11-29/1762030062.json"
"510807","146155","2025-11-29","52.00","NZD","1762030062","23477/2025-11-29/1762030062.json"
"581513","221281","2025-11-30","36.00","NZD","1762030062","23477/2025-11-30/1762030062.json"
"581514","221282","2025-11-30","36.00","NZD","1762030062","23477/2025-11-30/1762030062.json"
"512557","146154","2025-11-30","45.00","NZD","1762030062","23477/2025-11-30/1762030062.json"
"365170","146153","2025-11-30","48.00","NZD","1762030062","23477/2025-11-30/1762030062.json"
"510807","146155","2025-11-30","52.00","NZD","1762030062","23477/2025-11-30/1762030062.json"
"581513","221281","2025-12-02","36.00","NZD","1762030062","23477/2025-12-02/1762030062.json"
"581514","221282","2025-12-02","36.00","NZD","1762030062","23477/2025-12-02/1762030062.json"
"512557","146154","2025-12-02","45.00","NZD","1762030062","23477/2025-12-02/1762030062.json"
"365170","146153","2025-12-02","48.00","NZD","1762030062","23477/2025-12-02/1762030062.json"
"510807","146155","2025-12-02","52.00","NZD","1762030062","23477/2025-12-02/1762030062.json"
"581513","221281","2025-12-01","36.00","NZD","1762030062","23477/2025-12-01/1762030062.json"
"581514","221282","2025-12-01","36.00","NZD","1762030062","23477/2025-12-01/1762030062.json"
"512557","146154","2025-12-01","45.00","NZD","1762030062","23477/2025-12-01/1762030062.json"
"365170","146153","2025-12-01","48.00","NZD","1762030062","23477/2025-12-01/1762030062.json"
"510807","146155","2025-12-01","52.00","NZD","1762030062","23477/2025-12-01/1762030062.json"
"581513","221281","2025-12-03","36.00","NZD","1762030062","23477/2025-12-03/1762030062.json"
"581514","221282","2025-12-03","36.00","NZD","1762030062","23477/2025-12-03/1762030062.json"
"512557","146154","2025-12-03","45.00","NZD","1762030062","23477/2025-12-03/1762030062.json"
"365170","146153","2025-12-03","48.00","NZD","1762030062","23477/2025-12-03/1762030062.json"
"510807","146155","2025-12-03","52.00","NZD","1762030062","23477/2025-12-03/1762030062.json"
"581513","221281","2025-12-04","36.00","NZD","1762030062","23477/2025-12-04/1762030062.json"
"581514","221282","2025-12-04","36.00","NZD","1762030062","23477/2025-12-04/1762030062.json"
"512557","146154","2025-12-04","45.00","NZD","1762030062","23477/2025-12-04/1762030062.json"
"365170","146153","2025-12-04","48.00","NZD","1762030062","23477/2025-12-04/1762030062.json"
"510807","146155","2025-12-04","52.00","NZD","1762030062","23477/2025-12-04/1762030062.json"
"581513","221281","2025-12-05","36.00","NZD","1762030062","23477/2025-12-05/1762030062.json"
"581514","221282","2025-12-05","36.00","NZD","1762030062","23477/2025-12-05/1762030062.json"
"512557","146154","2025-12-05","45.00","NZD","1762030062","23477/2025-12-05/1762030062.json"
"365170","146153","2025-12-05","48.00","NZD","1762030062","23477/2025-12-05/1762030062.json"
"510807","146155","2025-12-05","52.00","NZD","1762030062","23477/2025-12-05/1762030062.json"
"581513","221281","2025-12-06","36.00","NZD","1762030062","23477/2025-12-06/1762030062.json"
"581514","221282","2025-12-06","36.00","NZD","1762030062","23477/2025-12-06/1762030062.json"
"512557","146154","2025-12-06","45.00","NZD","1762030062","23477/2025-12-06/1762030062.json"
"365170","146153","2025-12-06","48.00","NZD","1762030062","23477/2025-12-06/1762030062.json"
"510807","146155","2025-12-06","52.00","NZD","1762030062","23477/2025-12-06/1762030062.json"
"581513","221281","2025-12-07","36.00","NZD","1762030062","23477/2025-12-07/1762030062.json"
"581514","221282","2025-12-07","36.00","NZD","1762030062","23477/2025-12-07/1762030062.json"
"512557","146154","2025-12-07","45.00","NZD","1762030062","23477/2025-12-07/1762030062.json"
"365170","146153","2025-12-07","48.00","NZD","1762030062","23477/2025-12-07/1762030062.json"
"510807","146155","2025-12-07","52.00","NZD","1762030062","23477/2025-12-07/1762030062.json"
"581513","221281","2025-12-08","36.00","NZD","1762030062","23477/2025-12-08/1762030062.json"
"581514","221282","2025-12-08","36.00","NZD","1762030062","23477/2025-12-08/1762030062.json"
"512557","146154","2025-12-08","45.00","NZD","1762030062","23477/2025-12-08/1762030062.json"
"365170","146153","2025-12-08","48.00","NZD","1762030062","23477/2025-12-08/1762030062.json"
"510807","146155","2025-12-08","52.00","NZD","1762030062","23477/2025-12-08/1762030062.json"
"581513","221281","2025-12-09","36.00","NZD","1762030062","23477/2025-12-09/1762030062.json"
"581514","221282","2025-12-09","36.00","NZD","1762030062","23477/2025-12-09/1762030062.json"
"512557","146154","2025-12-09","45.00","NZD","1762030062","23477/2025-12-09/1762030062.json"
"365170","146153","2025-12-09","48.00","NZD","1762030062","23477/2025-12-09/1762030062.json"
"510807","146155","2025-12-09","52.00","NZD","1762030062","23477/2025-12-09/1762030062.json"
"581513","221281","2025-12-11","36.00","NZD","1762030062","23477/2025-12-11/1762030062.json"
"581514","221282","2025-12-11","36.00","NZD","1762030062","23477/2025-12-11/1762030062.json"
"512557","146154","2025-12-11","45.00","NZD","1762030062","23477/2025-12-11/1762030062.json"
"365170","146153","2025-12-11","48.00","NZD","1762030062","23477/2025-12-11/1762030062.json"
"510807","146155","2025-12-11","52.00","NZD","1762030062","23477/2025-12-11/1762030062.json"
"581513","221281","2025-12-12","36.00","NZD","1762030062","23477/2025-12-12/1762030062.json"
"581514","221282","2025-12-12","36.00","NZD","1762030062","23477/2025-12-12/1762030062.json"
"512557","146154","2025-12-12","45.00","NZD","1762030062","23477/2025-12-12/1762030062.json"
"365170","146153","2025-12-12","48.00","NZD","1762030062","23477/2025-12-12/1762030062.json"
"510807","146155","2025-12-12","52.00","NZD","1762030062","23477/2025-12-12/1762030062.json"
"581513","221281","2025-12-10","36.00","NZD","1762030062","23477/2025-12-10/1762030062.json"
"581514","221282","2025-12-10","36.00","NZD","1762030062","23477/2025-12-10/1762030062.json"
"512557","146154","2025-12-10","45.00","NZD","1762030062","23477/2025-12-10/1762030062.json"
"365170","146153","2025-12-10","48.00","NZD","1762030062","23477/2025-12-10/1762030062.json"
"510807","146155","2025-12-10","52.00","NZD","1762030062","23477/2025-12-10/1762030062.json"
"581513","221281","2025-12-13","36.00","NZD","1762030062","23477/2025-12-13/1762030062.json"
"581514","221282","2025-12-13","36.00","NZD","1762030062","23477/2025-12-13/1762030062.json"
"512557","146154","2025-12-13","45.00","NZD","1762030062","23477/2025-12-13/1762030062.json"
"365170","146153","2025-12-13","48.00","NZD","1762030062","23477/2025-12-13/1762030062.json"
"510807","146155","2025-12-13","52.00","NZD","1762030062","23477/2025-12-13/1762030062.json"
"581513","221281","2025-12-14","36.00","NZD","1762030062","23477/2025-12-14/1762030062.json"
"581514","221282","2025-12-14","36.00","NZD","1762030062","23477/2025-12-14/1762030062.json"
"512557","146154","2025-12-14","45.00","NZD","1762030062","23477/2025-12-14/1762030062.json"
"365170","146153","2025-12-14","48.00","NZD","1762030062","23477/2025-12-14/1762030062.json"
"510807","146155","2025-12-14","52.00","NZD","1762030062","23477/2025-12-14/1762030062.json"
"581513","221281","2025-12-15","36.00","NZD","1762030062","23477/2025-12-15/1762030062.json"
"581514","221282","2025-12-15","36.00","NZD","1762030062","23477/2025-12-15/1762030062.json"
"512557","146154","2025-12-15","45.00","NZD","1762030062","23477/2025-12-15/1762030062.json"
"365170","146153","2025-12-15","48.00","NZD","1762030062","23477/2025-12-15/1762030062.json"
"510807","146155","2025-12-15","52.00","NZD","1762030062","23477/2025-12-15/1762030062.json"
"581513","221281","2025-12-16","36.00","NZD","1762030062","23477/2025-12-16/1762030062.json"
"581514","221282","2025-12-16","36.00","NZD","1762030062","23477/2025-12-16/1762030062.json"
"512557","146154","2025-12-16","45.00","NZD","1762030062","23477/2025-12-16/1762030062.json"
"365170","146153","2025-12-16","48.00","NZD","1762030062","23477/2025-12-16/1762030062.json"
"510807","146155","2025-12-16","52.00","NZD","1762030062","23477/2025-12-16/1762030062.json"
"581513","221281","2025-12-18","36.00","NZD","1762030062","23477/2025-12-18/1762030062.json"
"581514","221282","2025-12-18","36.00","NZD","1762030062","23477/2025-12-18/1762030062.json"
"512557","146154","2025-12-18","45.00","NZD","1762030062","23477/2025-12-18/1762030062.json"
"365170","146153","2025-12-18","48.00","NZD","1762030062","23477/2025-12-18/1762030062.json"
"510807","146155","2025-12-18","52.00","NZD","1762030062","23477/2025-12-18/1762030062.json"
"581513","221281","2025-12-17","36.00","NZD","1762030062","23477/2025-12-17/1762030062.json"
"581514","221282","2025-12-17","36.00","NZD","1762030062","23477/2025-12-17/1762030062.json"
"512557","146154","2025-12-17","45.00","NZD","1762030062","23477/2025-12-17/1762030062.json"
"365170","146153","2025-12-17","48.00","NZD","1762030062","23477/2025-12-17/1762030062.json"
"510807","146155","2025-12-17","52.00","NZD","1762030062","23477/2025-12-17/1762030062.json"
"581513","221281","2025-12-19","36.00","NZD","1762030062","23477/2025-12-19/1762030062.json"
"581514","221282","2025-12-19","36.00","NZD","1762030062","23477/2025-12-19/1762030062.json"
"512557","146154","2025-12-19","45.00","NZD","1762030062","23477/2025-12-19/1762030062.json"
"365170","146153","2025-12-19","48.00","NZD","1762030062","23477/2025-12-19/1762030062.json"
"510807","146155","2025-12-19","52.00","NZD","1762030062","23477/2025-12-19/1762030062.json"
"581513","221281","2025-12-20","36.00","NZD","1762030062","23477/2025-12-20/1762030062.json"
"581514","221282","2025-12-20","36.00","NZD","1762030062","23477/2025-12-20/1762030062.json"
"512557","146154","2025-12-20","45.00","NZD","1762030062","23477/2025-12-20/1762030062.json"
"365170","146153","2025-12-20","48.00","NZD","1762030062","23477/2025-12-20/1762030062.json"
"510807","146155","2025-12-20","52.00","NZD","1762030062","23477/2025-12-20/1762030062.json"
"581513","221281","2025-12-22","36.00","NZD","1762030062","23477/2025-12-22/1762030062.json"
"581514","221282","2025-12-22","36.00","NZD","1762030062","23477/2025-12-22/1762030062.json"
"512557","146154","2025-12-22","45.00","NZD","1762030062","23477/2025-12-22/1762030062.json"
"365170","146153","2025-12-22","48.00","NZD","1762030062","23477/2025-12-22/1762030062.json"
"510807","146155","2025-12-22","52.00","NZD","1762030062","23477/2025-12-22/1762030062.json"
"581513","221281","2025-12-21","36.00","NZD","1762030062","23477/2025-12-21/1762030062.json"
"581514","221282","2025-12-21","36.00","NZD","1762030062","23477/2025-12-21/1762030062.json"
"512557","146154","2025-12-21","45.00","NZD","1762030062","23477/2025-12-21/1762030062.json"
"365170","146153","2025-12-21","48.00","NZD","1762030062","23477/2025-12-21/1762030062.json"
"510807","146155","2025-12-21","52.00","NZD","1762030062","23477/2025-12-21/1762030062.json"
"581513","221281","2025-12-23","38.00","NZD","1762030062","23477/2025-12-23/1762030062.json"
"581514","221282","2025-12-23","38.00","NZD","1762030062","23477/2025-12-23/1762030062.json"
"512557","146154","2025-12-23","45.00","NZD","1762030062","23477/2025-12-23/1762030062.json"
"365170","146153","2025-12-23","48.00","NZD","1762030062","23477/2025-12-23/1762030062.json"
"510807","146155","2025-12-23","52.00","NZD","1762030062","23477/2025-12-23/1762030062.json"
"581513","221281","2025-12-24","38.00","NZD","1762030062","23477/2025-12-24/1762030062.json"
"581514","221282","2025-12-24","38.00","NZD","1762030062","23477/2025-12-24/1762030062.json"
"512557","146154","2025-12-24","45.00","NZD","1762030062","23477/2025-12-24/1762030062.json"
"365170","146153","2025-12-24","48.00","NZD","1762030062","23477/2025-12-24/1762030062.json"
"510807","146155","2025-12-24","52.00","NZD","1762030062","23477/2025-12-24/1762030062.json"
"581513","221281","2025-12-25","38.00","NZD","1762030062","23477/2025-12-25/1762030062.json"
"581514","221282","2025-12-25","38.00","NZD","1762030062","23477/2025-12-25/1762030062.json"
"512557","146154","2025-12-25","45.00","NZD","1762030062","23477/2025-12-25/1762030062.json"
"365170","146153","2025-12-25","48.00","NZD","1762030062","23477/2025-12-25/1762030062.json"
"510807","146155","2025-12-25","52.00","NZD","1762030062","23477/2025-12-25/1762030062.json"
"581513","221281","2025-12-27","42.00","NZD","1762030062","23477/2025-12-27/1762030062.json"
"581514","221282","2025-12-27","42.00","NZD","1762030062","23477/2025-12-27/1762030062.json"
"512557","146154","2025-12-27","45.00","NZD","1762030062","23477/2025-12-27/1762030062.json"
"365170","146153","2025-12-27","48.00","NZD","1762030062","23477/2025-12-27/1762030062.json"
"510807","146155","2025-12-27","52.00","NZD","1762030062","23477/2025-12-27/1762030062.json"
"581513","221281","2025-12-26","42.00","NZD","1762030062","23477/2025-12-26/1762030062.json"
"581514","221282","2025-12-26","42.00","NZD","1762030062","23477/2025-12-26/1762030062.json"
"512557","146154","2025-12-26","45.00","NZD","1762030062","23477/2025-12-26/1762030062.json"
"365170","146153","2025-12-26","48.00","NZD","1762030062","23477/2025-12-26/1762030062.json"
"510807","146155","2025-12-26","52.00","NZD","1762030062","23477/2025-12-26/1762030062.json"
"581513","221281","2025-12-28","42.00","NZD","1762030062","23477/2025-12-28/1762030062.json"
"581514","221282","2025-12-28","42.00","NZD","1762030062","23477/2025-12-28/1762030062.json"
"512557","146154","2025-12-28","45.00","NZD","1762030062","23477/2025-12-28/1762030062.json"
"365170","146153","2025-12-28","48.00","NZD","1762030062","23477/2025-12-28/1762030062.json"
"510807","146155","2025-12-28","52.00","NZD","1762030062","23477/2025-12-28/1762030062.json"
"581513","221281","2025-12-29","42.00","NZD","1762030062","23477/2025-12-29/1762030062.json"
"581514","221282","2025-12-29","42.00","NZD","1762030062","23477/2025-12-29/1762030062.json"
"512557","146154","2025-12-29","45.00","NZD","1762030062","23477/2025-12-29/1762030062.json"
"365170","146153","2025-12-29","48.00","NZD","1762030062","23477/2025-12-29/1762030062.json"
"510807","146155","2025-12-29","52.00","NZD","1762030062","23477/2025-12-29/1762030062.json"
"581513","221281","2025-12-31","42.00","NZD","1762030062","23477/2025-12-31/1762030062.json"
"581514","221282","2025-12-31","42.00","NZD","1762030062","23477/2025-12-31/1762030062.json"
"512557","146154","2025-12-31","45.00","NZD","1762030062","23477/2025-12-31/1762030062.json"
"365170","146153","2025-12-31","48.00","NZD","1762030062","23477/2025-12-31/1762030062.json"
"510807","146155","2025-12-31","52.00","NZD","1762030062","23477/2025-12-31/1762030062.json"
"581513","221281","2025-12-30","42.00","NZD","1762030062","23477/2025-12-30/1762030062.json"
"581514","221282","2025-12-30","42.00","NZD","1762030062","23477/2025-12-30/1762030062.json"
"512557","146154","2025-12-30","45.00","NZD","1762030062","23477/2025-12-30/1762030062.json"
"365170","146153","2025-12-30","48.00","NZD","1762030062","23477/2025-12-30/1762030062.json"
"510807","146155","2025-12-30","52.00","NZD","1762030062","23477/2025-12-30/1762030062.json"
"581513","221281","2025-11-03","36.00","NZD","1762055415","23477/2025-11-03/1762055415.json"
"581514","221282","2025-11-03","36.00","NZD","1762055415","23477/2025-11-03/1762055415.json"
"512557","146154","2025-11-03","45.00","NZD","1762055415","23477/2025-11-03/1762055415.json"
"365170","146153","2025-11-03","48.00","NZD","1762055415","23477/2025-11-03/1762055415.json"
"510807","146155","2025-11-03","52.00","NZD","1762055415","23477/2025-11-03/1762055415.json"
"581513","221281","2025-11-05","36.00","NZD","1762055415","23477/2025-11-05/1762055415.json"
"581514","221282","2025-11-05","36.00","NZD","1762055415","23477/2025-11-05/1762055415.json"
"512557","146154","2025-11-05","45.00","NZD","1762055415","23477/2025-11-05/1762055415.json"
"365170","146153","2025-11-05","48.00","NZD","1762055415","23477/2025-11-05/1762055415.json"
"510807","146155","2025-11-05","52.00","NZD","1762055415","23477/2025-11-05/1762055415.json"
"581513","221281","2025-11-02","36.00","NZD","1762055415","23477/2025-11-02/1762055415.json"
"581514","221282","2025-11-02","36.00","NZD","1762055415","23477/2025-11-02/1762055415.json"
"512557","146154","2025-11-02","45.00","NZD","1762055415","23477/2025-11-02/1762055415.json"
"365170","146153","2025-11-02","48.00","NZD","1762055415","23477/2025-11-02/1762055415.json"
"510807","146155","2025-11-02","52.00","NZD","1762055415","23477/2025-11-02/1762055415.json"
"581513","221281","2025-11-04","36.00","NZD","1762055415","23477/2025-11-04/1762055415.json"
"581514","221282","2025-11-04","36.00","NZD","1762055415","23477/2025-11-04/1762055415.json"
"512557","146154","2025-11-04","45.00","NZD","1762055415","23477/2025-11-04/1762055415.json"
"365170","146153","2025-11-04","48.00","NZD","1762055415","23477/2025-11-04/1762055415.json"
"510807","146155","2025-11-04","52.00","NZD","1762055415","23477/2025-11-04/1762055415.json"
"581513","221281","2025-11-06","36.00","NZD","1762055415","23477/2025-11-06/1762055415.json"
"581513","221281","2025-11-07","36.00","NZD","1762055415","23477/2025-11-07/1762055415.json"
"581514","221282","2025-11-06","36.00","NZD","1762055415","23477/2025-11-06/1762055415.json"
"581514","221282","2025-11-07","36.00","NZD","1762055415","23477/2025-11-07/1762055415.json"
"512557","146154","2025-11-06","45.00","NZD","1762055415","23477/2025-11-06/1762055415.json"
"512557","146154","2025-11-07","45.00","NZD","1762055415","23477/2025-11-07/1762055415.json"
"365170","146153","2025-11-06","48.00","NZD","1762055415","23477/2025-11-06/1762055415.json"
"365170","146153","2025-11-07","48.00","NZD","1762055415","23477/2025-11-07/1762055415.json"
"510807","146155","2025-11-06","52.00","NZD","1762055415","23477/2025-11-06/1762055415.json"
"510807","146155","2025-11-07","52.00","NZD","1762055415","23477/2025-11-07/1762055415.json"
"581513","221281","2025-11-08","36.00","NZD","1762055415","23477/2025-11-08/1762055415.json"
"581514","221282","2025-11-08","36.00","NZD","1762055415","23477/2025-11-08/1762055415.json"
"512557","146154","2025-11-08","45.00","NZD","1762055415","23477/2025-11-08/1762055415.json"
"365170","146153","2025-11-08","48.00","NZD","1762055415","23477/2025-11-08/1762055415.json"
"510807","146155","2025-11-08","52.00","NZD","1762055415","23477/2025-11-08/1762055415.json"
"581513","221281","2025-11-09","36.00","NZD","1762055415","23477/2025-11-09/1762055415.json"
"581514","221282","2025-11-09","36.00","NZD","1762055415","23477/2025-11-09/1762055415.json"
"512557","146154","2025-11-09","45.00","NZD","1762055415","23477/2025-11-09/1762055415.json"
"365170","146153","2025-11-09","48.00","NZD","1762055415","23477/2025-11-09/1762055415.json"
"510807","146155","2025-11-09","52.00","NZD","1762055415","23477/2025-11-09/1762055415.json"
"581513","221281","2025-11-11","36.00","NZD","1762055415","23477/2025-11-11/1762055415.json"
"581514","221282","2025-11-11","36.00","NZD","1762055415","23477/2025-11-11/1762055415.json"
"512557","146154","2025-11-11","45.00","NZD","1762055415","23477/2025-11-11/1762055415.json"
"365170","146153","2025-11-11","48.00","NZD","1762055415","23477/2025-11-11/1762055415.json"
"510807","146155","2025-11-11","52.00","NZD","1762055415","23477/2025-11-11/1762055415.json"
"581513","221281","2025-11-10","36.00","NZD","1762055415","23477/2025-11-10/1762055415.json"
"581514","221282","2025-11-10","36.00","NZD","1762055415","23477/2025-11-10/1762055415.json"
"512557","146154","2025-11-10","45.00","NZD","1762055415","23477/2025-11-10/1762055415.json"
"365170","146153","2025-11-10","48.00","NZD","1762055415","23477/2025-11-10/1762055415.json"
"510807","146155","2025-11-10","52.00","NZD","1762055415","23477/2025-11-10/1762055415.json"
"581513","221281","2025-11-12","36.00","NZD","1762055415","23477/2025-11-12/1762055415.json"
"581514","221282","2025-11-12","36.00","NZD","1762055415","23477/2025-11-12/1762055415.json"
"512557","146154","2025-11-12","45.00","NZD","1762055415","23477/2025-11-12/1762055415.json"
"365170","146153","2025-11-12","48.00","NZD","1762055415","23477/2025-11-12/1762055415.json"
"510807","146155","2025-11-12","52.00","NZD","1762055415","23477/2025-11-12/1762055415.json"
"581513","221281","2025-11-13","36.00","NZD","1762055415","23477/2025-11-13/1762055415.json"
"581514","221282","2025-11-13","36.00","NZD","1762055415","23477/2025-11-13/1762055415.json"
"512557","146154","2025-11-13","45.00","NZD","1762055415","23477/2025-11-13/1762055415.json"
"365170","146153","2025-11-13","48.00","NZD","1762055415","23477/2025-11-13/1762055415.json"
"510807","146155","2025-11-13","52.00","NZD","1762055415","23477/2025-11-13/1762055415.json"
"581513","221281","2025-11-15","36.00","NZD","1762055415","23477/2025-11-15/1762055415.json"
"581514","221282","2025-11-15","36.00","NZD","1762055415","23477/2025-11-15/1762055415.json"
"512557","146154","2025-11-15","45.00","NZD","1762055415","23477/2025-11-15/1762055415.json"
"365170","146153","2025-11-15","48.00","NZD","1762055415","23477/2025-11-15/1762055415.json"
"510807","146155","2025-11-15","52.00","NZD","1762055415","23477/2025-11-15/1762055415.json"
"581513","221281","2025-11-14","36.00","NZD","1762055415","23477/2025-11-14/1762055415.json"
"581514","221282","2025-11-14","36.00","NZD","1762055415","23477/2025-11-14/1762055415.json"
"512557","146154","2025-11-14","45.00","NZD","1762055415","23477/2025-11-14/1762055415.json"
"365170","146153","2025-11-14","48.00","NZD","1762055415","23477/2025-11-14/1762055415.json"
"510807","146155","2025-11-14","52.00","NZD","1762055415","23477/2025-11-14/1762055415.json"
"581513","221281","2025-11-17","36.00","NZD","1762055415","23477/2025-11-17/1762055415.json"
"581514","221282","2025-11-17","36.00","NZD","1762055415","23477/2025-11-17/1762055415.json"
"512557","146154","2025-11-17","45.00","NZD","1762055415","23477/2025-11-17/1762055415.json"
"365170","146153","2025-11-17","48.00","NZD","1762055415","23477/2025-11-17/1762055415.json"
"510807","146155","2025-11-17","52.00","NZD","1762055415","23477/2025-11-17/1762055415.json"
"581513","221281","2025-11-16","36.00","NZD","1762055415","23477/2025-11-16/1762055415.json"
"581514","221282","2025-11-16","36.00","NZD","1762055415","23477/2025-11-16/1762055415.json"
"512557","146154","2025-11-16","45.00","NZD","1762055415","23477/2025-11-16/1762055415.json"
"365170","146153","2025-11-16","48.00","NZD","1762055415","23477/2025-11-16/1762055415.json"
"510807","146155","2025-11-16","52.00","NZD","1762055415","23477/2025-11-16/1762055415.json"
"581513","221281","2025-11-19","36.00","NZD","1762055415","23477/2025-11-19/1762055415.json"
"581514","221282","2025-11-19","36.00","NZD","1762055415","23477/2025-11-19/1762055415.json"
"512557","146154","2025-11-19","45.00","NZD","1762055415","23477/2025-11-19/1762055415.json"
"365170","146153","2025-11-19","48.00","NZD","1762055415","23477/2025-11-19/1762055415.json"
"510807","146155","2025-11-19","52.00","NZD","1762055415","23477/2025-11-19/1762055415.json"
"581513","221281","2025-11-18","36.00","NZD","1762055415","23477/2025-11-18/1762055415.json"
"581514","221282","2025-11-18","36.00","NZD","1762055415","23477/2025-11-18/1762055415.json"
"512557","146154","2025-11-18","45.00","NZD","1762055415","23477/2025-11-18/1762055415.json"
"365170","146153","2025-11-18","48.00","NZD","1762055415","23477/2025-11-18/1762055415.json"
"510807","146155","2025-11-18","52.00","NZD","1762055415","23477/2025-11-18/1762055415.json"
"581513","221281","2025-11-20","36.00","NZD","1762055415","23477/2025-11-20/1762055415.json"
"581514","221282","2025-11-20","36.00","NZD","1762055415","23477/2025-11-20/1762055415.json"
"512557","146154","2025-11-20","45.00","NZD","1762055415","23477/2025-11-20/1762055415.json"
"581513","221281","2025-11-21","36.00","NZD","1762055415","23477/2025-11-21/1762055415.json"
"581514","221282","2025-11-21","36.00","NZD","1762055415","23477/2025-11-21/1762055415.json"
"512557","146154","2025-11-21","45.00","NZD","1762055415","23477/2025-11-21/1762055415.json"
"365170","146153","2025-11-21","48.00","NZD","1762055415","23477/2025-11-21/1762055415.json"
"510807","146155","2025-11-21","52.00","NZD","1762055415","23477/2025-11-21/1762055415.json"
"581513","221281","2025-11-22","36.00","NZD","1762055415","23477/2025-11-22/1762055415.json"
"581514","221282","2025-11-22","36.00","NZD","1762055415","23477/2025-11-22/1762055415.json"
"512557","146154","2025-11-22","45.00","NZD","1762055415","23477/2025-11-22/1762055415.json"
"365170","146153","2025-11-22","48.00","NZD","1762055415","23477/2025-11-22/1762055415.json"
"510807","146155","2025-11-22","52.00","NZD","1762055415","23477/2025-11-22/1762055415.json"
"581513","221281","2025-11-24","36.00","NZD","1762055415","23477/2025-11-24/1762055415.json"
"581514","221282","2025-11-24","36.00","NZD","1762055415","23477/2025-11-24/1762055415.json"
"512557","146154","2025-11-24","45.00","NZD","1762055415","23477/2025-11-24/1762055415.json"
"365170","146153","2025-11-24","48.00","NZD","1762055415","23477/2025-11-24/1762055415.json"
"510807","146155","2025-11-24","52.00","NZD","1762055415","23477/2025-11-24/1762055415.json"
"581513","221281","2025-11-23","36.00","NZD","1762055415","23477/2025-11-23/1762055415.json"
"581514","221282","2025-11-23","36.00","NZD","1762055415","23477/2025-11-23/1762055415.json"
"512557","146154","2025-11-23","45.00","NZD","1762055415","23477/2025-11-23/1762055415.json"
"365170","146153","2025-11-23","48.00","NZD","1762055415","23477/2025-11-23/1762055415.json"
"510807","146155","2025-11-23","52.00","NZD","1762055415","23477/2025-11-23/1762055415.json"
"581513","221281","2025-11-25","36.00","NZD","1762055415","23477/2025-11-25/1762055415.json"
"581514","221282","2025-11-25","36.00","NZD","1762055415","23477/2025-11-25/1762055415.json"
"512557","146154","2025-11-25","45.00","NZD","1762055415","23477/2025-11-25/1762055415.json"
"365170","146153","2025-11-25","48.00","NZD","1762055415","23477/2025-11-25/1762055415.json"
"510807","146155","2025-11-25","52.00","NZD","1762055415","23477/2025-11-25/1762055415.json"
"581513","221281","2025-11-26","36.00","NZD","1762055415","23477/2025-11-26/1762055415.json"
"581514","221282","2025-11-26","36.00","NZD","1762055415","23477/2025-11-26/1762055415.json"
"512557","146154","2025-11-26","45.00","NZD","1762055415","23477/2025-11-26/1762055415.json"
"365170","146153","2025-11-26","48.00","NZD","1762055415","23477/2025-11-26/1762055415.json"
"510807","146155","2025-11-26","52.00","NZD","1762055415","23477/2025-11-26/1762055415.json"
"581513","221281","2025-11-27","36.00","NZD","1762055415","23477/2025-11-27/1762055415.json"
"581514","221282","2025-11-27","36.00","NZD","1762055415","23477/2025-11-27/1762055415.json"
"512557","146154","2025-11-27","45.00","NZD","1762055415","23477/2025-11-27/1762055415.json"
"365170","146153","2025-11-27","48.00","NZD","1762055415","23477/2025-11-27/1762055415.json"
"510807","146155","2025-11-27","52.00","NZD","1762055415","23477/2025-11-27/1762055415.json"
"581513","221281","2025-11-28","36.00","NZD","1762055415","23477/2025-11-28/1762055415.json"
"581514","221282","2025-11-28","36.00","NZD","1762055415","23477/2025-11-28/1762055415.json"
"512557","146154","2025-11-28","45.00","NZD","1762055415","23477/2025-11-28/1762055415.json"
"365170","146153","2025-11-28","48.00","NZD","1762055415","23477/2025-11-28/1762055415.json"
"510807","146155","2025-11-28","52.00","NZD","1762055415","23477/2025-11-28/1762055415.json"
"581513","221281","2025-11-29","36.00","NZD","1762055415","23477/2025-11-29/1762055415.json"
"581514","221282","2025-11-29","36.00","NZD","1762055415","23477/2025-11-29/1762055415.json"
"512557","146154","2025-11-29","45.00","NZD","1762055415","23477/2025-11-29/1762055415.json"
"365170","146153","2025-11-29","48.00","NZD","1762055415","23477/2025-11-29/1762055415.json"
"510807","146155","2025-11-29","52.00","NZD","1762055415","23477/2025-11-29/1762055415.json"
"581513","221281","2025-11-30","36.00","NZD","1762055415","23477/2025-11-30/1762055415.json"
"581514","221282","2025-11-30","36.00","NZD","1762055415","23477/2025-11-30/1762055415.json"
"512557","146154","2025-11-30","45.00","NZD","1762055415","23477/2025-11-30/1762055415.json"
"365170","146153","2025-11-30","48.00","NZD","1762055415","23477/2025-11-30/1762055415.json"
"510807","146155","2025-11-30","52.00","NZD","1762055415","23477/2025-11-30/1762055415.json"
"581513","221281","2025-12-02","36.00","NZD","1762055415","23477/2025-12-02/1762055415.json"
"581514","221282","2025-12-02","36.00","NZD","1762055415","23477/2025-12-02/1762055415.json"
"512557","146154","2025-12-02","45.00","NZD","1762055415","23477/2025-12-02/1762055415.json"
"365170","146153","2025-12-02","48.00","NZD","1762055415","23477/2025-12-02/1762055415.json"
"510807","146155","2025-12-02","52.00","NZD","1762055415","23477/2025-12-02/1762055415.json"
"581513","221281","2025-12-01","36.00","NZD","1762055415","23477/2025-12-01/1762055415.json"
"581514","221282","2025-12-01","36.00","NZD","1762055415","23477/2025-12-01/1762055415.json"
"512557","146154","2025-12-01","45.00","NZD","1762055415","23477/2025-12-01/1762055415.json"
"365170","146153","2025-12-01","48.00","NZD","1762055415","23477/2025-12-01/1762055415.json"
"510807","146155","2025-12-01","52.00","NZD","1762055415","23477/2025-12-01/1762055415.json"
"581513","221281","2025-12-03","36.00","NZD","1762055415","23477/2025-12-03/1762055415.json"
"581514","221282","2025-12-03","36.00","NZD","1762055415","23477/2025-12-03/1762055415.json"
"512557","146154","2025-12-03","45.00","NZD","1762055415","23477/2025-12-03/1762055415.json"
"365170","146153","2025-12-03","48.00","NZD","1762055415","23477/2025-12-03/1762055415.json"
"510807","146155","2025-12-03","52.00","NZD","1762055415","23477/2025-12-03/1762055415.json"
"581513","221281","2025-12-04","36.00","NZD","1762055415","23477/2025-12-04/1762055415.json"
"581514","221282","2025-12-04","36.00","NZD","1762055415","23477/2025-12-04/1762055415.json"
"512557","146154","2025-12-04","45.00","NZD","1762055415","23477/2025-12-04/1762055415.json"
"365170","146153","2025-12-04","48.00","NZD","1762055415","23477/2025-12-04/1762055415.json"
"510807","146155","2025-12-04","52.00","NZD","1762055415","23477/2025-12-04/1762055415.json"
"581513","221281","2025-12-05","36.00","NZD","1762055415","23477/2025-12-05/1762055415.json"
"581514","221282","2025-12-05","36.00","NZD","1762055415","23477/2025-12-05/1762055415.json"
"512557","146154","2025-12-05","45.00","NZD","1762055415","23477/2025-12-05/1762055415.json"
"365170","146153","2025-12-05","48.00","NZD","1762055415","23477/2025-12-05/1762055415.json"
"510807","146155","2025-12-05","52.00","NZD","1762055415","23477/2025-12-05/1762055415.json"
"581513","221281","2025-12-06","36.00","NZD","1762055415","23477/2025-12-06/1762055415.json"
"581514","221282","2025-12-06","36.00","NZD","1762055415","23477/2025-12-06/1762055415.json"
"512557","146154","2025-12-06","45.00","NZD","1762055415","23477/2025-12-06/1762055415.json"
"365170","146153","2025-12-06","48.00","NZD","1762055415","23477/2025-12-06/1762055415.json"
"510807","146155","2025-12-06","52.00","NZD","1762055415","23477/2025-12-06/1762055415.json"
"581513","221281","2025-12-07","36.00","NZD","1762055415","23477/2025-12-07/1762055415.json"
"581514","221282","2025-12-07","36.00","NZD","1762055415","23477/2025-12-07/1762055415.json"
"512557","146154","2025-12-07","45.00","NZD","1762055415","23477/2025-12-07/1762055415.json"
"365170","146153","2025-12-07","48.00","NZD","1762055415","23477/2025-12-07/1762055415.json"
"510807","146155","2025-12-07","52.00","NZD","1762055415","23477/2025-12-07/1762055415.json"
"581513","221281","2025-12-08","36.00","NZD","1762055415","23477/2025-12-08/1762055415.json"
"581514","221282","2025-12-08","36.00","NZD","1762055415","23477/2025-12-08/1762055415.json"
"512557","146154","2025-12-08","45.00","NZD","1762055415","23477/2025-12-08/1762055415.json"
"365170","146153","2025-12-08","48.00","NZD","1762055415","23477/2025-12-08/1762055415.json"
"510807","146155","2025-12-08","52.00","NZD","1762055415","23477/2025-12-08/1762055415.json"
"581513","221281","2025-12-09","36.00","NZD","1762055415","23477/2025-12-09/1762055415.json"
"581514","221282","2025-12-09","36.00","NZD","1762055415","23477/2025-12-09/1762055415.json"
"512557","146154","2025-12-09","45.00","NZD","1762055415","23477/2025-12-09/1762055415.json"
"365170","146153","2025-12-09","48.00","NZD","1762055415","23477/2025-12-09/1762055415.json"
"510807","146155","2025-12-09","52.00","NZD","1762055415","23477/2025-12-09/1762055415.json"
"581513","221281","2025-12-10","36.00","NZD","1762055415","23477/2025-12-10/1762055415.json"
"581514","221282","2025-12-10","36.00","NZD","1762055415","23477/2025-12-10/1762055415.json"
"512557","146154","2025-12-10","45.00","NZD","1762055415","23477/2025-12-10/1762055415.json"
"365170","146153","2025-12-10","48.00","NZD","1762055415","23477/2025-12-10/1762055415.json"
"510807","146155","2025-12-10","52.00","NZD","1762055415","23477/2025-12-10/1762055415.json"
"581513","221281","2025-12-11","36.00","NZD","1762055415","23477/2025-12-11/1762055415.json"
"581514","221282","2025-12-11","36.00","NZD","1762055415","23477/2025-12-11/1762055415.json"
"512557","146154","2025-12-11","45.00","NZD","1762055415","23477/2025-12-11/1762055415.json"
"365170","146153","2025-12-11","48.00","NZD","1762055415","23477/2025-12-11/1762055415.json"
"510807","146155","2025-12-11","52.00","NZD","1762055415","23477/2025-12-11/1762055415.json"
"581513","221281","2025-12-14","36.00","NZD","1762055415","23477/2025-12-14/1762055415.json"
"581514","221282","2025-12-14","36.00","NZD","1762055415","23477/2025-12-14/1762055415.json"
"512557","146154","2025-12-14","45.00","NZD","1762055415","23477/2025-12-14/1762055415.json"
"365170","146153","2025-12-14","48.00","NZD","1762055415","23477/2025-12-14/1762055415.json"
"510807","146155","2025-12-14","52.00","NZD","1762055415","23477/2025-12-14/1762055415.json"
"581513","221281","2025-12-15","36.00","NZD","1762055415","23477/2025-12-15/1762055415.json"
"581514","221282","2025-12-15","36.00","NZD","1762055415","23477/2025-12-15/1762055415.json"
"512557","146154","2025-12-15","45.00","NZD","1762055415","23477/2025-12-15/1762055415.json"
"365170","146153","2025-12-15","48.00","NZD","1762055415","23477/2025-12-15/1762055415.json"
"510807","146155","2025-12-15","52.00","NZD","1762055415","23477/2025-12-15/1762055415.json"
"581513","221281","2025-12-13","36.00","NZD","1762055415","23477/2025-12-13/1762055415.json"
"581513","221281","2025-12-12","36.00","NZD","1762055415","23477/2025-12-12/1762055415.json"
"581514","221282","2025-12-13","36.00","NZD","1762055415","23477/2025-12-13/1762055415.json"
"581514","221282","2025-12-12","36.00","NZD","1762055415","23477/2025-12-12/1762055415.json"
"512557","146154","2025-12-13","45.00","NZD","1762055415","23477/2025-12-13/1762055415.json"
"512557","146154","2025-12-12","45.00","NZD","1762055415","23477/2025-12-12/1762055415.json"
"365170","146153","2025-12-12","48.00","NZD","1762055415","23477/2025-12-12/1762055415.json"
"365170","146153","2025-12-13","48.00","NZD","1762055415","23477/2025-12-13/1762055415.json"
"510807","146155","2025-12-12","52.00","NZD","1762055415","23477/2025-12-12/1762055415.json"
"510807","146155","2025-12-13","52.00","NZD","1762055415","23477/2025-12-13/1762055415.json"
"581513","221281","2025-12-16","36.00","NZD","1762055415","23477/2025-12-16/1762055415.json"
"581514","221282","2025-12-16","36.00","NZD","1762055415","23477/2025-12-16/1762055415.json"
"512557","146154","2025-12-16","45.00","NZD","1762055415","23477/2025-12-16/1762055415.json"
"365170","146153","2025-12-16","48.00","NZD","1762055415","23477/2025-12-16/1762055415.json"
"510807","146155","2025-12-16","52.00","NZD","1762055415","23477/2025-12-16/1762055415.json"
"581513","221281","2025-12-17","36.00","NZD","1762055415","23477/2025-12-17/1762055415.json"
"581514","221282","2025-12-17","36.00","NZD","1762055415","23477/2025-12-17/1762055415.json"
"512557","146154","2025-12-17","45.00","NZD","1762055415","23477/2025-12-17/1762055415.json"
"365170","146153","2025-12-17","48.00","NZD","1762055415","23477/2025-12-17/1762055415.json"
"510807","146155","2025-12-17","52.00","NZD","1762055415","23477/2025-12-17/1762055415.json"
"581513","221281","2025-12-18","36.00","NZD","1762055415","23477/2025-12-18/1762055415.json"
"581514","221282","2025-12-18","36.00","NZD","1762055415","23477/2025-12-18/1762055415.json"
"512557","146154","2025-12-18","45.00","NZD","1762055415","23477/2025-12-18/1762055415.json"
"365170","146153","2025-12-18","48.00","NZD","1762055415","23477/2025-12-18/1762055415.json"
"510807","146155","2025-12-18","52.00","NZD","1762055415","23477/2025-12-18/1762055415.json"
"581513","221281","2025-12-19","36.00","NZD","1762055415","23477/2025-12-19/1762055415.json"
"581514","221282","2025-12-19","36.00","NZD","1762055415","23477/2025-12-19/1762055415.json"
"512557","146154","2025-12-19","45.00","NZD","1762055415","23477/2025-12-19/1762055415.json"
"365170","146153","2025-12-19","48.00","NZD","1762055415","23477/2025-12-19/1762055415.json"
"510807","146155","2025-12-19","52.00","NZD","1762055415","23477/2025-12-19/1762055415.json"
"581513","221281","2025-12-20","36.00","NZD","1762055415","23477/2025-12-20/1762055415.json"
"581514","221282","2025-12-20","36.00","NZD","1762055415","23477/2025-12-20/1762055415.json"
"512557","146154","2025-12-20","45.00","NZD","1762055415","23477/2025-12-20/1762055415.json"
"365170","146153","2025-12-20","48.00","NZD","1762055415","23477/2025-12-20/1762055415.json"
"510807","146155","2025-12-20","52.00","NZD","1762055415","23477/2025-12-20/1762055415.json"
"581513","221281","2025-12-21","36.00","NZD","1762055415","23477/2025-12-21/1762055415.json"
"581514","221282","2025-12-21","36.00","NZD","1762055415","23477/2025-12-21/1762055415.json"
"512557","146154","2025-12-21","45.00","NZD","1762055415","23477/2025-12-21/1762055415.json"
"365170","146153","2025-12-21","48.00","NZD","1762055415","23477/2025-12-21/1762055415.json"
"510807","146155","2025-12-21","52.00","NZD","1762055415","23477/2025-12-21/1762055415.json"
"581513","221281","2025-12-23","38.00","NZD","1762055415","23477/2025-12-23/1762055415.json"
"581514","221282","2025-12-23","38.00","NZD","1762055415","23477/2025-12-23/1762055415.json"
"512557","146154","2025-12-23","45.00","NZD","1762055415","23477/2025-12-23/1762055415.json"
"365170","146153","2025-12-23","48.00","NZD","1762055415","23477/2025-12-23/1762055415.json"
"510807","146155","2025-12-23","52.00","NZD","1762055415","23477/2025-12-23/1762055415.json"
"581513","221281","2025-12-22","36.00","NZD","1762055415","23477/2025-12-22/1762055415.json"
"581514","221282","2025-12-22","36.00","NZD","1762055415","23477/2025-12-22/1762055415.json"
"512557","146154","2025-12-22","45.00","NZD","1762055415","23477/2025-12-22/1762055415.json"
"365170","146153","2025-12-22","48.00","NZD","1762055415","23477/2025-12-22/1762055415.json"
"510807","146155","2025-12-22","52.00","NZD","1762055415","23477/2025-12-22/1762055415.json"
"581513","221281","2025-12-24","38.00","NZD","1762055415","23477/2025-12-24/1762055415.json"
"581514","221282","2025-12-24","38.00","NZD","1762055415","23477/2025-12-24/1762055415.json"
"512557","146154","2025-12-24","45.00","NZD","1762055415","23477/2025-12-24/1762055415.json"
"365170","146153","2025-12-24","48.00","NZD","1762055415","23477/2025-12-24/1762055415.json"
"510807","146155","2025-12-24","52.00","NZD","1762055415","23477/2025-12-24/1762055415.json"
"581513","221281","2025-12-25","38.00","NZD","1762055415","23477/2025-12-25/1762055415.json"
"581514","221282","2025-12-25","38.00","NZD","1762055415","23477/2025-12-25/1762055415.json"
"512557","146154","2025-12-25","45.00","NZD","1762055415","23477/2025-12-25/1762055415.json"
"365170","146153","2025-12-25","48.00","NZD","1762055415","23477/2025-12-25/1762055415.json"
"510807","146155","2025-12-25","52.00","NZD","1762055415","23477/2025-12-25/1762055415.json"
"581513","221281","2025-12-26","42.00","NZD","1762055415","23477/2025-12-26/1762055415.json"
"581514","221282","2025-12-26","42.00","NZD","1762055415","23477/2025-12-26/1762055415.json"
"512557","146154","2025-12-26","45.00","NZD","1762055415","23477/2025-12-26/1762055415.json"
"365170","146153","2025-12-26","48.00","NZD","1762055415","23477/2025-12-26/1762055415.json"
"510807","146155","2025-12-26","52.00","NZD","1762055415","23477/2025-12-26/1762055415.json"
"581513","221281","2025-12-27","42.00","NZD","1762055415","23477/2025-12-27/1762055415.json"
"581514","221282","2025-12-27","42.00","NZD","1762055415","23477/2025-12-27/1762055415.json"
"512557","146154","2025-12-27","45.00","NZD","1762055415","23477/2025-12-27/1762055415.json"
"365170","146153","2025-12-27","48.00","NZD","1762055415","23477/2025-12-27/1762055415.json"
"510807","146155","2025-12-27","52.00","NZD","1762055415","23477/2025-12-27/1762055415.json"
"581513","221281","2025-12-28","42.00","NZD","1762055415","23477/2025-12-28/1762055415.json"
"581514","221282","2025-12-28","42.00","NZD","1762055415","23477/2025-12-28/1762055415.json"
"512557","146154","2025-12-28","45.00","NZD","1762055415","23477/2025-12-28/1762055415.json"
"365170","146153","2025-12-28","48.00","NZD","1762055415","23477/2025-12-28/1762055415.json"
"510807","146155","2025-12-28","52.00","NZD","1762055415","23477/2025-12-28/1762055415.json"
"581513","221281","2025-12-29","42.00","NZD","1762055415","23477/2025-12-29/1762055415.json"
"581514","221282","2025-12-29","42.00","NZD","1762055415","23477/2025-12-29/1762055415.json"
"512557","146154","2025-12-29","45.00","NZD","1762055415","23477/2025-12-29/1762055415.json"
"365170","146153","2025-12-29","48.00","NZD","1762055415","23477/2025-12-29/1762055415.json"
"510807","146155","2025-12-29","52.00","NZD","1762055415","23477/2025-12-29/1762055415.json"
"581513","221281","2025-12-31","42.00","NZD","1762055415","23477/2025-12-31/1762055415.json"
"581514","221282","2025-12-31","42.00","NZD","1762055415","23477/2025-12-31/1762055415.json"
"512557","146154","2025-12-31","45.00","NZD","1762055415","23477/2025-12-31/1762055415.json"
"365170","146153","2025-12-31","48.00","NZD","1762055415","23477/2025-12-31/1762055415.json"
"510807","146155","2025-12-31","52.00","NZD","1762055415","23477/2025-12-31/1762055415.json"
"581513","221281","2025-12-30","42.00","NZD","1762055415","23477/2025-12-30/1762055415.json"
"581514","221282","2025-12-30","42.00","NZD","1762055415","23477/2025-12-30/1762055415.json"
"512557","146154","2025-12-30","45.00","NZD","1762055415","23477/2025-12-30/1762055415.json"
"365170","146153","2025-12-30","48.00","NZD","1762055415","23477/2025-12-30/1762055415.json"
"510807","146155","2025-12-30","52.00","NZD","1762055415","23477/2025-12-30/1762055415.json"
"581513","221281","2026-01-01","42.00","NZD","1762055415","23477/2026-01-01/1762055415.json"
"581514","221282","2026-01-01","42.00","NZD","1762055415","23477/2026-01-01/1762055415.json"
"512557","146154","2026-01-01","45.00","NZD","1762055415","23477/2026-01-01/1762055415.json"
"365170","146153","2026-01-01","48.00","NZD","1762055415","23477/2026-01-01/1762055415.json"
"510807","146155","2026-01-01","52.00","NZD","1762055415","23477/2026-01-01/1762055415.json"
"581513","221281","2025-11-04","36.00","NZD","1762058394","23477/2025-11-04/1762058394.json"
"581513","221281","2025-11-03","36.00","NZD","1762058394","23477/2025-11-03/1762058394.json"
"581514","221282","2025-11-03","36.00","NZD","1762058394","23477/2025-11-03/1762058394.json"
"581514","221282","2025-11-04","36.00","NZD","1762058394","23477/2025-11-04/1762058394.json"
"512557","146154","2025-11-04","45.00","NZD","1762058394","23477/2025-11-04/1762058394.json"
"512557","146154","2025-11-03","45.00","NZD","1762058394","23477/2025-11-03/1762058394.json"
"365170","146153","2025-11-03","48.00","NZD","1762058394","23477/2025-11-03/1762058394.json"
"365170","146153","2025-11-04","48.00","NZD","1762058394","23477/2025-11-04/1762058394.json"
"510807","146155","2025-11-04","52.00","NZD","1762058394","23477/2025-11-04/1762058394.json"
"510807","146155","2025-11-03","52.00","NZD","1762058394","23477/2025-11-03/1762058394.json"
"581513","221281","2025-11-05","36.00","NZD","1762058394","23477/2025-11-05/1762058394.json"
"581514","221282","2025-11-05","36.00","NZD","1762058394","23477/2025-11-05/1762058394.json"
"512557","146154","2025-11-05","45.00","NZD","1762058394","23477/2025-11-05/1762058394.json"
"365170","146153","2025-11-05","48.00","NZD","1762058394","23477/2025-11-05/1762058394.json"
"510807","146155","2025-11-05","52.00","NZD","1762058394","23477/2025-11-05/1762058394.json"
"581513","221281","2025-11-02","36.00","NZD","1762058394","23477/2025-11-02/1762058394.json"
"581514","221282","2025-11-02","36.00","NZD","1762058394","23477/2025-11-02/1762058394.json"
"512557","146154","2025-11-02","45.00","NZD","1762058394","23477/2025-11-02/1762058394.json"
"365170","146153","2025-11-02","48.00","NZD","1762058394","23477/2025-11-02/1762058394.json"
"510807","146155","2025-11-02","52.00","NZD","1762058394","23477/2025-11-02/1762058394.json"
"581513","221281","2025-11-06","36.00","NZD","1762058394","23477/2025-11-06/1762058394.json"
"581514","221282","2025-11-06","36.00","NZD","1762058394","23477/2025-11-06/1762058394.json"
"512557","146154","2025-11-06","45.00","NZD","1762058394","23477/2025-11-06/1762058394.json"
"365170","146153","2025-11-06","48.00","NZD","1762058394","23477/2025-11-06/1762058394.json"
"510807","146155","2025-11-06","52.00","NZD","1762058394","23477/2025-11-06/1762058394.json"
"581513","221281","2025-11-08","36.00","NZD","1762058394","23477/2025-11-08/1762058394.json"
"581514","221282","2025-11-08","36.00","NZD","1762058394","23477/2025-11-08/1762058394.json"
"512557","146154","2025-11-08","45.00","NZD","1762058394","23477/2025-11-08/1762058394.json"
"365170","146153","2025-11-08","48.00","NZD","1762058394","23477/2025-11-08/1762058394.json"
"510807","146155","2025-11-08","52.00","NZD","1762058394","23477/2025-11-08/1762058394.json"
"581513","221281","2025-11-07","36.00","NZD","1762058394","23477/2025-11-07/1762058394.json"
"581514","221282","2025-11-07","36.00","NZD","1762058394","23477/2025-11-07/1762058394.json"
"512557","146154","2025-11-07","45.00","NZD","1762058394","23477/2025-11-07/1762058394.json"
"365170","146153","2025-11-07","48.00","NZD","1762058394","23477/2025-11-07/1762058394.json"
"510807","146155","2025-11-07","52.00","NZD","1762058394","23477/2025-11-07/1762058394.json"
"581513","221281","2025-11-09","36.00","NZD","1762058394","23477/2025-11-09/1762058394.json"
"581514","221282","2025-11-09","36.00","NZD","1762058394","23477/2025-11-09/1762058394.json"
"512557","146154","2025-11-09","45.00","NZD","1762058394","23477/2025-11-09/1762058394.json"
"365170","146153","2025-11-09","48.00","NZD","1762058394","23477/2025-11-09/1762058394.json"
"510807","146155","2025-11-09","52.00","NZD","1762058394","23477/2025-11-09/1762058394.json"
"581513","221281","2025-11-11","36.00","NZD","1762058394","23477/2025-11-11/1762058394.json"
"581514","221282","2025-11-11","36.00","NZD","1762058394","23477/2025-11-11/1762058394.json"
"512557","146154","2025-11-11","45.00","NZD","1762058394","23477/2025-11-11/1762058394.json"
"365170","146153","2025-11-11","48.00","NZD","1762058394","23477/2025-11-11/1762058394.json"
"510807","146155","2025-11-11","52.00","NZD","1762058394","23477/2025-11-11/1762058394.json"
"581513","221281","2025-11-10","36.00","NZD","1762058394","23477/2025-11-10/1762058394.json"
"581514","221282","2025-11-10","36.00","NZD","1762058394","23477/2025-11-10/1762058394.json"
"512557","146154","2025-11-10","45.00","NZD","1762058394","23477/2025-11-10/1762058394.json"
"365170","146153","2025-11-10","48.00","NZD","1762058394","23477/2025-11-10/1762058394.json"
"510807","146155","2025-11-10","52.00","NZD","1762058394","23477/2025-11-10/1762058394.json"
"581513","221281","2025-11-13","36.00","NZD","1762058394","23477/2025-11-13/1762058394.json"
"581514","221282","2025-11-13","36.00","NZD","1762058394","23477/2025-11-13/1762058394.json"
"512557","146154","2025-11-13","45.00","NZD","1762058394","23477/2025-11-13/1762058394.json"
"365170","146153","2025-11-13","48.00","NZD","1762058394","23477/2025-11-13/1762058394.json"
"510807","146155","2025-11-13","52.00","NZD","1762058394","23477/2025-11-13/1762058394.json"
"581513","221281","2025-11-12","36.00","NZD","1762058394","23477/2025-11-12/1762058394.json"
"581514","221282","2025-11-12","36.00","NZD","1762058394","23477/2025-11-12/1762058394.json"
"512557","146154","2025-11-12","45.00","NZD","1762058394","23477/2025-11-12/1762058394.json"
"365170","146153","2025-11-12","48.00","NZD","1762058394","23477/2025-11-12/1762058394.json"
"510807","146155","2025-11-12","52.00","NZD","1762058394","23477/2025-11-12/1762058394.json"
"581513","221281","2025-11-14","36.00","NZD","1762058394","23477/2025-11-14/1762058394.json"
"581514","221282","2025-11-14","36.00","NZD","1762058394","23477/2025-11-14/1762058394.json"
"512557","146154","2025-11-14","45.00","NZD","1762058394","23477/2025-11-14/1762058394.json"
"365170","146153","2025-11-14","48.00","NZD","1762058394","23477/2025-11-14/1762058394.json"
"510807","146155","2025-11-14","52.00","NZD","1762058394","23477/2025-11-14/1762058394.json"
"581513","221281","2025-11-15","36.00","NZD","1762058394","23477/2025-11-15/1762058394.json"
"581514","221282","2025-11-15","36.00","NZD","1762058394","23477/2025-11-15/1762058394.json"
"512557","146154","2025-11-15","45.00","NZD","1762058394","23477/2025-11-15/1762058394.json"
"365170","146153","2025-11-15","48.00","NZD","1762058394","23477/2025-11-15/1762058394.json"
"510807","146155","2025-11-15","52.00","NZD","1762058394","23477/2025-11-15/1762058394.json"
"581513","221281","2025-11-16","36.00","NZD","1762058394","23477/2025-11-16/1762058394.json"
"581514","221282","2025-11-16","36.00","NZD","1762058394","23477/2025-11-16/1762058394.json"
"512557","146154","2025-11-16","45.00","NZD","1762058394","23477/2025-11-16/1762058394.json"
"365170","146153","2025-11-16","48.00","NZD","1762058394","23477/2025-11-16/1762058394.json"
"510807","146155","2025-11-16","52.00","NZD","1762058394","23477/2025-11-16/1762058394.json"
"581513","221281","2025-11-17","36.00","NZD","1762058394","23477/2025-11-17/1762058394.json"
"581514","221282","2025-11-17","36.00","NZD","1762058394","23477/2025-11-17/1762058394.json"
"512557","146154","2025-11-17","45.00","NZD","1762058394","23477/2025-11-17/1762058394.json"
"365170","146153","2025-11-17","48.00","NZD","1762058394","23477/2025-11-17/1762058394.json"
"510807","146155","2025-11-17","52.00","NZD","1762058394","23477/2025-11-17/1762058394.json"
"581513","221281","2025-11-18","36.00","NZD","1762058394","23477/2025-11-18/1762058394.json"
"581514","221282","2025-11-18","36.00","NZD","1762058394","23477/2025-11-18/1762058394.json"
"512557","146154","2025-11-18","45.00","NZD","1762058394","23477/2025-11-18/1762058394.json"
"365170","146153","2025-11-18","48.00","NZD","1762058394","23477/2025-11-18/1762058394.json"
"510807","146155","2025-11-18","52.00","NZD","1762058394","23477/2025-11-18/1762058394.json"
"581513","221281","2025-11-19","36.00","NZD","1762058394","23477/2025-11-19/1762058394.json"
"581514","221282","2025-11-19","36.00","NZD","1762058394","23477/2025-11-19/1762058394.json"
"512557","146154","2025-11-19","45.00","NZD","1762058394","23477/2025-11-19/1762058394.json"
"365170","146153","2025-11-19","48.00","NZD","1762058394","23477/2025-11-19/1762058394.json"
"510807","146155","2025-11-19","52.00","NZD","1762058394","23477/2025-11-19/1762058394.json"
"581513","221281","2025-11-20","36.00","NZD","1762058394","23477/2025-11-20/1762058394.json"
"581514","221282","2025-11-20","36.00","NZD","1762058394","23477/2025-11-20/1762058394.json"
"512557","146154","2025-11-20","45.00","NZD","1762058394","23477/2025-11-20/1762058394.json"
"581513","221281","2025-11-21","36.00","NZD","1762058394","23477/2025-11-21/1762058394.json"
"581514","221282","2025-11-21","36.00","NZD","1762058394","23477/2025-11-21/1762058394.json"
"512557","146154","2025-11-21","45.00","NZD","1762058394","23477/2025-11-21/1762058394.json"
"365170","146153","2025-11-21","48.00","NZD","1762058394","23477/2025-11-21/1762058394.json"
"510807","146155","2025-11-21","52.00","NZD","1762058394","23477/2025-11-21/1762058394.json"
"581513","221281","2025-11-22","36.00","NZD","1762058394","23477/2025-11-22/1762058394.json"
"581514","221282","2025-11-22","36.00","NZD","1762058394","23477/2025-11-22/1762058394.json"
"512557","146154","2025-11-22","45.00","NZD","1762058394","23477/2025-11-22/1762058394.json"
"365170","146153","2025-11-22","48.00","NZD","1762058394","23477/2025-11-22/1762058394.json"
"510807","146155","2025-11-22","52.00","NZD","1762058394","23477/2025-11-22/1762058394.json"
"581513","221281","2025-11-25","36.00","NZD","1762058394","23477/2025-11-25/1762058394.json"
"581514","221282","2025-11-25","36.00","NZD","1762058394","23477/2025-11-25/1762058394.json"
"512557","146154","2025-11-25","45.00","NZD","1762058394","23477/2025-11-25/1762058394.json"
"365170","146153","2025-11-25","48.00","NZD","1762058394","23477/2025-11-25/1762058394.json"
"510807","146155","2025-11-25","52.00","NZD","1762058394","23477/2025-11-25/1762058394.json"
"581513","221281","2025-11-24","36.00","NZD","1762058394","23477/2025-11-24/1762058394.json"
"581514","221282","2025-11-24","36.00","NZD","1762058394","23477/2025-11-24/1762058394.json"
"512557","146154","2025-11-24","45.00","NZD","1762058394","23477/2025-11-24/1762058394.json"
"365170","146153","2025-11-24","48.00","NZD","1762058394","23477/2025-11-24/1762058394.json"
"510807","146155","2025-11-24","52.00","NZD","1762058394","23477/2025-11-24/1762058394.json"
"581513","221281","2025-11-23","36.00","NZD","1762058394","23477/2025-11-23/1762058394.json"
"581514","221282","2025-11-23","36.00","NZD","1762058394","23477/2025-11-23/1762058394.json"
"512557","146154","2025-11-23","45.00","NZD","1762058394","23477/2025-11-23/1762058394.json"
"365170","146153","2025-11-23","48.00","NZD","1762058394","23477/2025-11-23/1762058394.json"
"510807","146155","2025-11-23","52.00","NZD","1762058394","23477/2025-11-23/1762058394.json"
"581513","221281","2025-11-26","36.00","NZD","1762058394","23477/2025-11-26/1762058394.json"
"581514","221282","2025-11-26","36.00","NZD","1762058394","23477/2025-11-26/1762058394.json"
"512557","146154","2025-11-26","45.00","NZD","1762058394","23477/2025-11-26/1762058394.json"
"365170","146153","2025-11-26","48.00","NZD","1762058394","23477/2025-11-26/1762058394.json"
"510807","146155","2025-11-26","52.00","NZD","1762058394","23477/2025-11-26/1762058394.json"
"581513","221281","2025-11-29","36.00","NZD","1762058394","23477/2025-11-29/1762058394.json"
"581514","221282","2025-11-29","36.00","NZD","1762058394","23477/2025-11-29/1762058394.json"
"512557","146154","2025-11-29","45.00","NZD","1762058394","23477/2025-11-29/1762058394.json"
"365170","146153","2025-11-29","48.00","NZD","1762058394","23477/2025-11-29/1762058394.json"
"510807","146155","2025-11-29","52.00","NZD","1762058394","23477/2025-11-29/1762058394.json"
"581513","221281","2025-11-28","36.00","NZD","1762058394","23477/2025-11-28/1762058394.json"
"581514","221282","2025-11-28","36.00","NZD","1762058394","23477/2025-11-28/1762058394.json"
"512557","146154","2025-11-28","45.00","NZD","1762058394","23477/2025-11-28/1762058394.json"
"365170","146153","2025-11-28","48.00","NZD","1762058394","23477/2025-11-28/1762058394.json"
"510807","146155","2025-11-28","52.00","NZD","1762058394","23477/2025-11-28/1762058394.json"
"581513","221281","2025-11-27","36.00","NZD","1762058394","23477/2025-11-27/1762058394.json"
"581514","221282","2025-11-27","36.00","NZD","1762058394","23477/2025-11-27/1762058394.json"
"512557","146154","2025-11-27","45.00","NZD","1762058394","23477/2025-11-27/1762058394.json"
"365170","146153","2025-11-27","48.00","NZD","1762058394","23477/2025-11-27/1762058394.json"
"510807","146155","2025-11-27","52.00","NZD","1762058394","23477/2025-11-27/1762058394.json"
"581513","221281","2025-11-30","36.00","NZD","1762058394","23477/2025-11-30/1762058394.json"
"581514","221282","2025-11-30","36.00","NZD","1762058394","23477/2025-11-30/1762058394.json"
"512557","146154","2025-11-30","45.00","NZD","1762058394","23477/2025-11-30/1762058394.json"
"365170","146153","2025-11-30","48.00","NZD","1762058394","23477/2025-11-30/1762058394.json"
"510807","146155","2025-11-30","52.00","NZD","1762058394","23477/2025-11-30/1762058394.json"
"581513","221281","2025-12-02","36.00","NZD","1762058394","23477/2025-12-02/1762058394.json"
"581514","221282","2025-12-02","36.00","NZD","1762058394","23477/2025-12-02/1762058394.json"
"512557","146154","2025-12-02","45.00","NZD","1762058394","23477/2025-12-02/1762058394.json"
"365170","146153","2025-12-02","48.00","NZD","1762058394","23477/2025-12-02/1762058394.json"
"510807","146155","2025-12-02","52.00","NZD","1762058394","23477/2025-12-02/1762058394.json"
"581513","221281","2025-12-03","36.00","NZD","1762058394","23477/2025-12-03/1762058394.json"
"581514","221282","2025-12-03","36.00","NZD","1762058394","23477/2025-12-03/1762058394.json"
"512557","146154","2025-12-03","45.00","NZD","1762058394","23477/2025-12-03/1762058394.json"
"365170","146153","2025-12-03","48.00","NZD","1762058394","23477/2025-12-03/1762058394.json"
"510807","146155","2025-12-03","52.00","NZD","1762058394","23477/2025-12-03/1762058394.json"
"581513","221281","2025-12-01","36.00","NZD","1762058394","23477/2025-12-01/1762058394.json"
"581514","221282","2025-12-01","36.00","NZD","1762058394","23477/2025-12-01/1762058394.json"
"512557","146154","2025-12-01","45.00","NZD","1762058394","23477/2025-12-01/1762058394.json"
"365170","146153","2025-12-01","48.00","NZD","1762058394","23477/2025-12-01/1762058394.json"
"510807","146155","2025-12-01","52.00","NZD","1762058394","23477/2025-12-01/1762058394.json"
"581513","221281","2025-12-04","36.00","NZD","1762058394","23477/2025-12-04/1762058394.json"
"581514","221282","2025-12-04","36.00","NZD","1762058394","23477/2025-12-04/1762058394.json"
"512557","146154","2025-12-04","45.00","NZD","1762058394","23477/2025-12-04/1762058394.json"
"365170","146153","2025-12-04","48.00","NZD","1762058394","23477/2025-12-04/1762058394.json"
"510807","146155","2025-12-04","52.00","NZD","1762058394","23477/2025-12-04/1762058394.json"
"581513","221281","2025-12-05","36.00","NZD","1762058394","23477/2025-12-05/1762058394.json"
"581514","221282","2025-12-05","36.00","NZD","1762058394","23477/2025-12-05/1762058394.json"
"512557","146154","2025-12-05","45.00","NZD","1762058394","23477/2025-12-05/1762058394.json"
"365170","146153","2025-12-05","48.00","NZD","1762058394","23477/2025-12-05/1762058394.json"
"510807","146155","2025-12-05","52.00","NZD","1762058394","23477/2025-12-05/1762058394.json"
"581513","221281","2025-12-06","36.00","NZD","1762058394","23477/2025-12-06/1762058394.json"
"581514","221282","2025-12-06","36.00","NZD","1762058394","23477/2025-12-06/1762058394.json"
"512557","146154","2025-12-06","45.00","NZD","1762058394","23477/2025-12-06/1762058394.json"
"365170","146153","2025-12-06","48.00","NZD","1762058394","23477/2025-12-06/1762058394.json"
"510807","146155","2025-12-06","52.00","NZD","1762058394","23477/2025-12-06/1762058394.json"
"581513","221281","2025-12-07","36.00","NZD","1762058394","23477/2025-12-07/1762058394.json"
"581514","221282","2025-12-07","36.00","NZD","1762058394","23477/2025-12-07/1762058394.json"
"512557","146154","2025-12-07","45.00","NZD","1762058394","23477/2025-12-07/1762058394.json"
"365170","146153","2025-12-07","48.00","NZD","1762058394","23477/2025-12-07/1762058394.json"
"510807","146155","2025-12-07","52.00","NZD","1762058394","23477/2025-12-07/1762058394.json"
"581513","221281","2025-12-08","36.00","NZD","1762058394","23477/2025-12-08/1762058394.json"
"581514","221282","2025-12-08","36.00","NZD","1762058394","23477/2025-12-08/1762058394.json"
"512557","146154","2025-12-08","45.00","NZD","1762058394","23477/2025-12-08/1762058394.json"
"365170","146153","2025-12-08","48.00","NZD","1762058394","23477/2025-12-08/1762058394.json"
"510807","146155","2025-12-08","52.00","NZD","1762058394","23477/2025-12-08/1762058394.json"
"581513","221281","2025-12-10","36.00","NZD","1762058394","23477/2025-12-10/1762058394.json"
"581514","221282","2025-12-10","36.00","NZD","1762058394","23477/2025-12-10/1762058394.json"
"512557","146154","2025-12-10","45.00","NZD","1762058394","23477/2025-12-10/1762058394.json"
"365170","146153","2025-12-10","48.00","NZD","1762058394","23477/2025-12-10/1762058394.json"
"510807","146155","2025-12-10","52.00","NZD","1762058394","23477/2025-12-10/1762058394.json"
"581513","221281","2025-12-09","36.00","NZD","1762058394","23477/2025-12-09/1762058394.json"
"581514","221282","2025-12-09","36.00","NZD","1762058394","23477/2025-12-09/1762058394.json"
"512557","146154","2025-12-09","45.00","NZD","1762058394","23477/2025-12-09/1762058394.json"
"365170","146153","2025-12-09","48.00","NZD","1762058394","23477/2025-12-09/1762058394.json"
"510807","146155","2025-12-09","52.00","NZD","1762058394","23477/2025-12-09/1762058394.json"
"581513","221281","2025-12-11","36.00","NZD","1762058394","23477/2025-12-11/1762058394.json"
"581514","221282","2025-12-11","36.00","NZD","1762058394","23477/2025-12-11/1762058394.json"
"512557","146154","2025-12-11","45.00","NZD","1762058394","23477/2025-12-11/1762058394.json"
"365170","146153","2025-12-11","48.00","NZD","1762058394","23477/2025-12-11/1762058394.json"
"510807","146155","2025-12-11","52.00","NZD","1762058394","23477/2025-12-11/1762058394.json"
"581513","221281","2025-12-12","36.00","NZD","1762058394","23477/2025-12-12/1762058394.json"
"581514","221282","2025-12-12","36.00","NZD","1762058394","23477/2025-12-12/1762058394.json"
"512557","146154","2025-12-12","45.00","NZD","1762058394","23477/2025-12-12/1762058394.json"
"365170","146153","2025-12-12","48.00","NZD","1762058394","23477/2025-12-12/1762058394.json"
"510807","146155","2025-12-12","52.00","NZD","1762058394","23477/2025-12-12/1762058394.json"
"581513","221281","2025-12-13","36.00","NZD","1762058394","23477/2025-12-13/1762058394.json"
"581514","221282","2025-12-13","36.00","NZD","1762058394","23477/2025-12-13/1762058394.json"
"512557","146154","2025-12-13","45.00","NZD","1762058394","23477/2025-12-13/1762058394.json"
"365170","146153","2025-12-13","48.00","NZD","1762058394","23477/2025-12-13/1762058394.json"
"510807","146155","2025-12-13","52.00","NZD","1762058394","23477/2025-12-13/1762058394.json"
"581513","221281","2025-12-14","36.00","NZD","1762058394","23477/2025-12-14/1762058394.json"
"581514","221282","2025-12-14","36.00","NZD","1762058394","23477/2025-12-14/1762058394.json"
"512557","146154","2025-12-14","45.00","NZD","1762058394","23477/2025-12-14/1762058394.json"
"365170","146153","2025-12-14","48.00","NZD","1762058394","23477/2025-12-14/1762058394.json"
"510807","146155","2025-12-14","52.00","NZD","1762058394","23477/2025-12-14/1762058394.json"
"581513","221281","2025-12-16","36.00","NZD","1762058394","23477/2025-12-16/1762058394.json"
"581514","221282","2025-12-16","36.00","NZD","1762058394","23477/2025-12-16/1762058394.json"
"512557","146154","2025-12-16","45.00","NZD","1762058394","23477/2025-12-16/1762058394.json"
"365170","146153","2025-12-16","48.00","NZD","1762058394","23477/2025-12-16/1762058394.json"
"510807","146155","2025-12-16","52.00","NZD","1762058394","23477/2025-12-16/1762058394.json"
"581513","221281","2025-12-15","36.00","NZD","1762058394","23477/2025-12-15/1762058394.json"
"581514","221282","2025-12-15","36.00","NZD","1762058394","23477/2025-12-15/1762058394.json"
"512557","146154","2025-12-15","45.00","NZD","1762058394","23477/2025-12-15/1762058394.json"
"365170","146153","2025-12-15","48.00","NZD","1762058394","23477/2025-12-15/1762058394.json"
"510807","146155","2025-12-15","52.00","NZD","1762058394","23477/2025-12-15/1762058394.json"
"581513","221281","2025-12-18","36.00","NZD","1762058394","23477/2025-12-18/1762058394.json"
"581514","221282","2025-12-18","36.00","NZD","1762058394","23477/2025-12-18/1762058394.json"
"512557","146154","2025-12-18","45.00","NZD","1762058394","23477/2025-12-18/1762058394.json"
"365170","146153","2025-12-18","48.00","NZD","1762058394","23477/2025-12-18/1762058394.json"
"510807","146155","2025-12-18","52.00","NZD","1762058394","23477/2025-12-18/1762058394.json"
"581513","221281","2025-12-17","36.00","NZD","1762058394","23477/2025-12-17/1762058394.json"
"581514","221282","2025-12-17","36.00","NZD","1762058394","23477/2025-12-17/1762058394.json"
"512557","146154","2025-12-17","45.00","NZD","1762058394","23477/2025-12-17/1762058394.json"
"365170","146153","2025-12-17","48.00","NZD","1762058394","23477/2025-12-17/1762058394.json"
"510807","146155","2025-12-17","52.00","NZD","1762058394","23477/2025-12-17/1762058394.json"
"581513","221281","2025-12-22","36.00","NZD","1762058394","23477/2025-12-22/1762058394.json"
"581514","221282","2025-12-22","36.00","NZD","1762058394","23477/2025-12-22/1762058394.json"
"512557","146154","2025-12-22","45.00","NZD","1762058394","23477/2025-12-22/1762058394.json"
"365170","146153","2025-12-22","48.00","NZD","1762058394","23477/2025-12-22/1762058394.json"
"510807","146155","2025-12-22","52.00","NZD","1762058394","23477/2025-12-22/1762058394.json"
"581513","221281","2025-12-20","36.00","NZD","1762058394","23477/2025-12-20/1762058394.json"
"581514","221282","2025-12-20","36.00","NZD","1762058394","23477/2025-12-20/1762058394.json"
"512557","146154","2025-12-20","45.00","NZD","1762058394","23477/2025-12-20/1762058394.json"
"365170","146153","2025-12-20","48.00","NZD","1762058394","23477/2025-12-20/1762058394.json"
"510807","146155","2025-12-20","52.00","NZD","1762058394","23477/2025-12-20/1762058394.json"
"581513","221281","2025-12-21","36.00","NZD","1762058394","23477/2025-12-21/1762058394.json"
"581514","221282","2025-12-21","36.00","NZD","1762058394","23477/2025-12-21/1762058394.json"
"512557","146154","2025-12-21","45.00","NZD","1762058394","23477/2025-12-21/1762058394.json"
"365170","146153","2025-12-21","48.00","NZD","1762058394","23477/2025-12-21/1762058394.json"
"510807","146155","2025-12-21","52.00","NZD","1762058394","23477/2025-12-21/1762058394.json"
"581513","221281","2025-12-19","36.00","NZD","1762058394","23477/2025-12-19/1762058394.json"
"581514","221282","2025-12-19","36.00","NZD","1762058394","23477/2025-12-19/1762058394.json"
"512557","146154","2025-12-19","45.00","NZD","1762058394","23477/2025-12-19/1762058394.json"
"365170","146153","2025-12-19","48.00","NZD","1762058394","23477/2025-12-19/1762058394.json"
"510807","146155","2025-12-19","52.00","NZD","1762058394","23477/2025-12-19/1762058394.json"
"581513","221281","2025-12-24","38.00","NZD","1762058394","23477/2025-12-24/1762058394.json"
"581513","221281","2025-12-23","38.00","NZD","1762058394","23477/2025-12-23/1762058394.json"
"581514","221282","2025-12-23","38.00","NZD","1762058394","23477/2025-12-23/1762058394.json"
"581514","221282","2025-12-24","38.00","NZD","1762058394","23477/2025-12-24/1762058394.json"
"512557","146154","2025-12-24","45.00","NZD","1762058394","23477/2025-12-24/1762058394.json"
"512557","146154","2025-12-23","45.00","NZD","1762058394","23477/2025-12-23/1762058394.json"
"365170","146153","2025-12-24","48.00","NZD","1762058394","23477/2025-12-24/1762058394.json"
"365170","146153","2025-12-23","48.00","NZD","1762058394","23477/2025-12-23/1762058394.json"
"510807","146155","2025-12-24","52.00","NZD","1762058394","23477/2025-12-24/1762058394.json"
"510807","146155","2025-12-23","52.00","NZD","1762058394","23477/2025-12-23/1762058394.json"
"581513","221281","2025-12-25","38.00","NZD","1762058394","23477/2025-12-25/1762058394.json"
"581514","221282","2025-12-25","38.00","NZD","1762058394","23477/2025-12-25/1762058394.json"
"512557","146154","2025-12-25","45.00","NZD","1762058394","23477/2025-12-25/1762058394.json"
"365170","146153","2025-12-25","48.00","NZD","1762058394","23477/2025-12-25/1762058394.json"
"510807","146155","2025-12-25","52.00","NZD","1762058394","23477/2025-12-25/1762058394.json"
"581513","221281","2025-12-26","42.00","NZD","1762058394","23477/2025-12-26/1762058394.json"
"581514","221282","2025-12-26","42.00","NZD","1762058394","23477/2025-12-26/1762058394.json"
"512557","146154","2025-12-26","45.00","NZD","1762058394","23477/2025-12-26/1762058394.json"
"365170","146153","2025-12-26","48.00","NZD","1762058394","23477/2025-12-26/1762058394.json"
"510807","146155","2025-12-26","52.00","NZD","1762058394","23477/2025-12-26/1762058394.json"
"581513","221281","2025-12-27","42.00","NZD","1762058394","23477/2025-12-27/1762058394.json"
"581514","221282","2025-12-27","42.00","NZD","1762058394","23477/2025-12-27/1762058394.json"
"512557","146154","2025-12-27","45.00","NZD","1762058394","23477/2025-12-27/1762058394.json"
"365170","146153","2025-12-27","48.00","NZD","1762058394","23477/2025-12-27/1762058394.json"
"510807","146155","2025-12-27","52.00","NZD","1762058394","23477/2025-12-27/1762058394.json"
"581513","221281","2025-12-28","42.00","NZD","1762058394","23477/2025-12-28/1762058394.json"
"581514","221282","2025-12-28","42.00","NZD","1762058394","23477/2025-12-28/1762058394.json"
"512557","146154","2025-12-28","45.00","NZD","1762058394","23477/2025-12-28/1762058394.json"
"365170","146153","2025-12-28","48.00","NZD","1762058394","23477/2025-12-28/1762058394.json"
"510807","146155","2025-12-28","52.00","NZD","1762058394","23477/2025-12-28/1762058394.json"
"581513","221281","2025-12-29","42.00","NZD","1762058394","23477/2025-12-29/1762058394.json"
"581514","221282","2025-12-29","42.00","NZD","1762058394","23477/2025-12-29/1762058394.json"
"512557","146154","2025-12-29","45.00","NZD","1762058394","23477/2025-12-29/1762058394.json"
"365170","146153","2025-12-29","48.00","NZD","1762058394","23477/2025-12-29/1762058394.json"
"510807","146155","2025-12-29","52.00","NZD","1762058394","23477/2025-12-29/1762058394.json"
"581513","221281","2025-12-31","42.00","NZD","1762058394","23477/2025-12-31/1762058394.json"
"581514","221282","2025-12-31","42.00","NZD","1762058394","23477/2025-12-31/1762058394.json"
"512557","146154","2025-12-31","45.00","NZD","1762058394","23477/2025-12-31/1762058394.json"
"365170","146153","2025-12-31","48.00","NZD","1762058394","23477/2025-12-31/1762058394.json"
"510807","146155","2025-12-31","52.00","NZD","1762058394","23477/2025-12-31/1762058394.json"
"581513","221281","2025-12-30","42.00","NZD","1762058394","23477/2025-12-30/1762058394.json"
"581514","221282","2025-12-30","42.00","NZD","1762058394","23477/2025-12-30/1762058394.json"
"512557","146154","2025-12-30","45.00","NZD","1762058394","23477/2025-12-30/1762058394.json"
"365170","146153","2025-12-30","48.00","NZD","1762058394","23477/2025-12-30/1762058394.json"
"510807","146155","2025-12-30","52.00","NZD","1762058394","23477/2025-12-30/1762058394.json"
"581513","221281","2026-01-01","42.00","NZD","1762058394","23477/2026-01-01/1762058394.json"
"581514","221282","2026-01-01","42.00","NZD","1762058394","23477/2026-01-01/1762058394.json"
"512557","146154","2026-01-01","45.00","NZD","1762058394","23477/2026-01-01/1762058394.json"
"365170","146153","2026-01-01","48.00","NZD","1762058394","23477/2026-01-01/1762058394.json"
"510807","146155","2026-01-01","52.00","NZD","1762058394","23477/2026-01-01/1762058394.json"
"581513","221281","2025-11-05","36.00","NZD","1762072734","23477/2025-11-05/1762072734.json"
"581514","221282","2025-11-05","36.00","NZD","1762072734","23477/2025-11-05/1762072734.json"
"512557","146154","2025-11-05","45.00","NZD","1762072734","23477/2025-11-05/1762072734.json"
"365170","146153","2025-11-05","48.00","NZD","1762072734","23477/2025-11-05/1762072734.json"
"510807","146155","2025-11-05","52.00","NZD","1762072734","23477/2025-11-05/1762072734.json"
"581513","221281","2025-11-03","36.00","NZD","1762072734","23477/2025-11-03/1762072734.json"
"581514","221282","2025-11-03","36.00","NZD","1762072734","23477/2025-11-03/1762072734.json"
"512557","146154","2025-11-03","45.00","NZD","1762072734","23477/2025-11-03/1762072734.json"
"365170","146153","2025-11-03","48.00","NZD","1762072734","23477/2025-11-03/1762072734.json"
"510807","146155","2025-11-03","52.00","NZD","1762072734","23477/2025-11-03/1762072734.json"
"581513","221281","2025-11-04","36.00","NZD","1762072734","23477/2025-11-04/1762072734.json"
"581514","221282","2025-11-04","36.00","NZD","1762072734","23477/2025-11-04/1762072734.json"
"512557","146154","2025-11-04","45.00","NZD","1762072734","23477/2025-11-04/1762072734.json"
"365170","146153","2025-11-04","48.00","NZD","1762072734","23477/2025-11-04/1762072734.json"
"510807","146155","2025-11-04","52.00","NZD","1762072734","23477/2025-11-04/1762072734.json"
"581513","221281","2025-11-02","36.00","NZD","1762072734","23477/2025-11-02/1762072734.json"
"581514","221282","2025-11-02","36.00","NZD","1762072734","23477/2025-11-02/1762072734.json"
"512557","146154","2025-11-02","45.00","NZD","1762072734","23477/2025-11-02/1762072734.json"
"365170","146153","2025-11-02","48.00","NZD","1762072734","23477/2025-11-02/1762072734.json"
"510807","146155","2025-11-02","52.00","NZD","1762072734","23477/2025-11-02/1762072734.json"
"581513","221281","2025-11-06","36.00","NZD","1762072734","23477/2025-11-06/1762072734.json"
"581514","221282","2025-11-06","36.00","NZD","1762072734","23477/2025-11-06/1762072734.json"
"512557","146154","2025-11-06","45.00","NZD","1762072734","23477/2025-11-06/1762072734.json"
"365170","146153","2025-11-06","48.00","NZD","1762072734","23477/2025-11-06/1762072734.json"
"510807","146155","2025-11-06","52.00","NZD","1762072734","23477/2025-11-06/1762072734.json"
"581513","221281","2025-11-07","36.00","NZD","1762072734","23477/2025-11-07/1762072734.json"
"581514","221282","2025-11-07","36.00","NZD","1762072734","23477/2025-11-07/1762072734.json"
"512557","146154","2025-11-07","45.00","NZD","1762072734","23477/2025-11-07/1762072734.json"
"365170","146153","2025-11-07","48.00","NZD","1762072734","23477/2025-11-07/1762072734.json"
"510807","146155","2025-11-07","52.00","NZD","1762072734","23477/2025-11-07/1762072734.json"
"581513","221281","2025-11-08","36.00","NZD","1762072734","23477/2025-11-08/1762072734.json"
"581514","221282","2025-11-08","36.00","NZD","1762072734","23477/2025-11-08/1762072734.json"
"512557","146154","2025-11-08","45.00","NZD","1762072734","23477/2025-11-08/1762072734.json"
"365170","146153","2025-11-08","48.00","NZD","1762072734","23477/2025-11-08/1762072734.json"
"510807","146155","2025-11-08","52.00","NZD","1762072734","23477/2025-11-08/1762072734.json"
"581513","221281","2025-11-09","36.00","NZD","1762072734","23477/2025-11-09/1762072734.json"
"581514","221282","2025-11-09","36.00","NZD","1762072734","23477/2025-11-09/1762072734.json"
"512557","146154","2025-11-09","45.00","NZD","1762072734","23477/2025-11-09/1762072734.json"
"365170","146153","2025-11-09","48.00","NZD","1762072734","23477/2025-11-09/1762072734.json"
"510807","146155","2025-11-09","52.00","NZD","1762072734","23477/2025-11-09/1762072734.json"
"581513","221281","2025-11-10","36.00","NZD","1762072734","23477/2025-11-10/1762072734.json"
"581514","221282","2025-11-10","36.00","NZD","1762072734","23477/2025-11-10/1762072734.json"
"512557","146154","2025-11-10","45.00","NZD","1762072734","23477/2025-11-10/1762072734.json"
"365170","146153","2025-11-10","48.00","NZD","1762072734","23477/2025-11-10/1762072734.json"
"510807","146155","2025-11-10","52.00","NZD","1762072734","23477/2025-11-10/1762072734.json"
"581513","221281","2025-11-11","36.00","NZD","1762072734","23477/2025-11-11/1762072734.json"
"581514","221282","2025-11-11","36.00","NZD","1762072734","23477/2025-11-11/1762072734.json"
"512557","146154","2025-11-11","45.00","NZD","1762072734","23477/2025-11-11/1762072734.json"
"365170","146153","2025-11-11","48.00","NZD","1762072734","23477/2025-11-11/1762072734.json"
"510807","146155","2025-11-11","52.00","NZD","1762072734","23477/2025-11-11/1762072734.json"
"581513","221281","2025-11-13","36.00","NZD","1762072734","23477/2025-11-13/1762072734.json"
"581514","221282","2025-11-13","36.00","NZD","1762072734","23477/2025-11-13/1762072734.json"
"512557","146154","2025-11-13","45.00","NZD","1762072734","23477/2025-11-13/1762072734.json"
"365170","146153","2025-11-13","48.00","NZD","1762072734","23477/2025-11-13/1762072734.json"
"510807","146155","2025-11-13","52.00","NZD","1762072734","23477/2025-11-13/1762072734.json"
"581513","221281","2025-11-12","36.00","NZD","1762072734","23477/2025-11-12/1762072734.json"
"581514","221282","2025-11-12","36.00","NZD","1762072734","23477/2025-11-12/1762072734.json"
"512557","146154","2025-11-12","45.00","NZD","1762072734","23477/2025-11-12/1762072734.json"
"365170","146153","2025-11-12","48.00","NZD","1762072734","23477/2025-11-12/1762072734.json"
"510807","146155","2025-11-12","52.00","NZD","1762072734","23477/2025-11-12/1762072734.json"
"581513","221281","2025-11-14","36.00","NZD","1762072734","23477/2025-11-14/1762072734.json"
"581514","221282","2025-11-14","36.00","NZD","1762072734","23477/2025-11-14/1762072734.json"
"512557","146154","2025-11-14","45.00","NZD","1762072734","23477/2025-11-14/1762072734.json"
"365170","146153","2025-11-14","48.00","NZD","1762072734","23477/2025-11-14/1762072734.json"
"510807","146155","2025-11-14","52.00","NZD","1762072734","23477/2025-11-14/1762072734.json"
"581513","221281","2025-11-15","36.00","NZD","1762072734","23477/2025-11-15/1762072734.json"
"581514","221282","2025-11-15","36.00","NZD","1762072734","23477/2025-11-15/1762072734.json"
"512557","146154","2025-11-15","45.00","NZD","1762072734","23477/2025-11-15/1762072734.json"
"365170","146153","2025-11-15","48.00","NZD","1762072734","23477/2025-11-15/1762072734.json"
"510807","146155","2025-11-15","52.00","NZD","1762072734","23477/2025-11-15/1762072734.json"
"581513","221281","2025-11-17","36.00","NZD","1762072734","23477/2025-11-17/1762072734.json"
"581514","221282","2025-11-17","36.00","NZD","1762072734","23477/2025-11-17/1762072734.json"
"512557","146154","2025-11-17","45.00","NZD","1762072734","23477/2025-11-17/1762072734.json"
"365170","146153","2025-11-17","48.00","NZD","1762072734","23477/2025-11-17/1762072734.json"
"510807","146155","2025-11-17","52.00","NZD","1762072734","23477/2025-11-17/1762072734.json"
"581513","221281","2025-11-16","36.00","NZD","1762072734","23477/2025-11-16/1762072734.json"
"581514","221282","2025-11-16","36.00","NZD","1762072734","23477/2025-11-16/1762072734.json"
"512557","146154","2025-11-16","45.00","NZD","1762072734","23477/2025-11-16/1762072734.json"
"365170","146153","2025-11-16","48.00","NZD","1762072734","23477/2025-11-16/1762072734.json"
"510807","146155","2025-11-16","52.00","NZD","1762072734","23477/2025-11-16/1762072734.json"
"581513","221281","2025-11-19","36.00","NZD","1762072734","23477/2025-11-19/1762072734.json"
"581514","221282","2025-11-19","36.00","NZD","1762072734","23477/2025-11-19/1762072734.json"
"512557","146154","2025-11-19","45.00","NZD","1762072734","23477/2025-11-19/1762072734.json"
"365170","146153","2025-11-19","48.00","NZD","1762072734","23477/2025-11-19/1762072734.json"
"510807","146155","2025-11-19","52.00","NZD","1762072734","23477/2025-11-19/1762072734.json"
"581513","221281","2025-11-18","36.00","NZD","1762072734","23477/2025-11-18/1762072734.json"
"581514","221282","2025-11-18","36.00","NZD","1762072734","23477/2025-11-18/1762072734.json"
"512557","146154","2025-11-18","45.00","NZD","1762072734","23477/2025-11-18/1762072734.json"
"365170","146153","2025-11-18","48.00","NZD","1762072734","23477/2025-11-18/1762072734.json"
"510807","146155","2025-11-18","52.00","NZD","1762072734","23477/2025-11-18/1762072734.json"
"581513","221281","2025-11-20","36.00","NZD","1762072734","23477/2025-11-20/1762072734.json"
"581514","221282","2025-11-20","36.00","NZD","1762072734","23477/2025-11-20/1762072734.json"
"512557","146154","2025-11-20","45.00","NZD","1762072734","23477/2025-11-20/1762072734.json"
"581513","221281","2025-11-21","36.00","NZD","1762072734","23477/2025-11-21/1762072734.json"
"581514","221282","2025-11-21","36.00","NZD","1762072734","23477/2025-11-21/1762072734.json"
"512557","146154","2025-11-21","45.00","NZD","1762072734","23477/2025-11-21/1762072734.json"
"365170","146153","2025-11-21","48.00","NZD","1762072734","23477/2025-11-21/1762072734.json"
"510807","146155","2025-11-21","52.00","NZD","1762072734","23477/2025-11-21/1762072734.json"
"581513","221281","2025-11-22","36.00","NZD","1762072734","23477/2025-11-22/1762072734.json"
"581514","221282","2025-11-22","36.00","NZD","1762072734","23477/2025-11-22/1762072734.json"
"512557","146154","2025-11-22","45.00","NZD","1762072734","23477/2025-11-22/1762072734.json"
"365170","146153","2025-11-22","48.00","NZD","1762072734","23477/2025-11-22/1762072734.json"
"510807","146155","2025-11-22","52.00","NZD","1762072734","23477/2025-11-22/1762072734.json"
"581513","221281","2025-11-23","36.00","NZD","1762072734","23477/2025-11-23/1762072734.json"
"581514","221282","2025-11-23","36.00","NZD","1762072734","23477/2025-11-23/1762072734.json"
"512557","146154","2025-11-23","45.00","NZD","1762072734","23477/2025-11-23/1762072734.json"
"365170","146153","2025-11-23","48.00","NZD","1762072734","23477/2025-11-23/1762072734.json"
"510807","146155","2025-11-23","52.00","NZD","1762072734","23477/2025-11-23/1762072734.json"
"581513","221281","2025-11-25","36.00","NZD","1762072734","23477/2025-11-25/1762072734.json"
"581514","221282","2025-11-25","36.00","NZD","1762072734","23477/2025-11-25/1762072734.json"
"512557","146154","2025-11-25","45.00","NZD","1762072734","23477/2025-11-25/1762072734.json"
"365170","146153","2025-11-25","48.00","NZD","1762072734","23477/2025-11-25/1762072734.json"
"510807","146155","2025-11-25","52.00","NZD","1762072734","23477/2025-11-25/1762072734.json"
"581513","221281","2025-11-24","36.00","NZD","1762072734","23477/2025-11-24/1762072734.json"
"581514","221282","2025-11-24","36.00","NZD","1762072734","23477/2025-11-24/1762072734.json"
"512557","146154","2025-11-24","45.00","NZD","1762072734","23477/2025-11-24/1762072734.json"
"365170","146153","2025-11-24","48.00","NZD","1762072734","23477/2025-11-24/1762072734.json"
"510807","146155","2025-11-24","52.00","NZD","1762072734","23477/2025-11-24/1762072734.json"
"581513","221281","2025-11-26","36.00","NZD","1762072734","23477/2025-11-26/1762072734.json"
"581514","221282","2025-11-26","36.00","NZD","1762072734","23477/2025-11-26/1762072734.json"
"512557","146154","2025-11-26","45.00","NZD","1762072734","23477/2025-11-26/1762072734.json"
"365170","146153","2025-11-26","48.00","NZD","1762072734","23477/2025-11-26/1762072734.json"
"510807","146155","2025-11-26","52.00","NZD","1762072734","23477/2025-11-26/1762072734.json"
"581513","221281","2025-11-28","36.00","NZD","1762072734","23477/2025-11-28/1762072734.json"
"581514","221282","2025-11-28","36.00","NZD","1762072734","23477/2025-11-28/1762072734.json"
"512557","146154","2025-11-28","45.00","NZD","1762072734","23477/2025-11-28/1762072734.json"
"365170","146153","2025-11-28","48.00","NZD","1762072734","23477/2025-11-28/1762072734.json"
"510807","146155","2025-11-28","52.00","NZD","1762072734","23477/2025-11-28/1762072734.json"
"581513","221281","2025-11-27","36.00","NZD","1762072734","23477/2025-11-27/1762072734.json"
"581514","221282","2025-11-27","36.00","NZD","1762072734","23477/2025-11-27/1762072734.json"
"512557","146154","2025-11-27","45.00","NZD","1762072734","23477/2025-11-27/1762072734.json"
"365170","146153","2025-11-27","48.00","NZD","1762072734","23477/2025-11-27/1762072734.json"
"510807","146155","2025-11-27","52.00","NZD","1762072734","23477/2025-11-27/1762072734.json"
"581513","221281","2025-11-30","36.00","NZD","1762072734","23477/2025-11-30/1762072734.json"
"581514","221282","2025-11-30","36.00","NZD","1762072734","23477/2025-11-30/1762072734.json"
"512557","146154","2025-11-30","45.00","NZD","1762072734","23477/2025-11-30/1762072734.json"
"365170","146153","2025-11-30","48.00","NZD","1762072734","23477/2025-11-30/1762072734.json"
"510807","146155","2025-11-30","52.00","NZD","1762072734","23477/2025-11-30/1762072734.json"
"581513","221281","2025-12-01","36.00","NZD","1762072734","23477/2025-12-01/1762072734.json"
"581514","221282","2025-12-01","36.00","NZD","1762072734","23477/2025-12-01/1762072734.json"
"512557","146154","2025-12-01","45.00","NZD","1762072734","23477/2025-12-01/1762072734.json"
"365170","146153","2025-12-01","48.00","NZD","1762072734","23477/2025-12-01/1762072734.json"
"510807","146155","2025-12-01","52.00","NZD","1762072734","23477/2025-12-01/1762072734.json"
"581513","221281","2025-11-29","36.00","NZD","1762072734","23477/2025-11-29/1762072734.json"
"581514","221282","2025-11-29","36.00","NZD","1762072734","23477/2025-11-29/1762072734.json"
"512557","146154","2025-11-29","45.00","NZD","1762072734","23477/2025-11-29/1762072734.json"
"365170","146153","2025-11-29","48.00","NZD","1762072734","23477/2025-11-29/1762072734.json"
"510807","146155","2025-11-29","52.00","NZD","1762072734","23477/2025-11-29/1762072734.json"
"581513","221281","2025-12-02","36.00","NZD","1762072734","23477/2025-12-02/1762072734.json"
"581514","221282","2025-12-02","36.00","NZD","1762072734","23477/2025-12-02/1762072734.json"
"512557","146154","2025-12-02","45.00","NZD","1762072734","23477/2025-12-02/1762072734.json"
"365170","146153","2025-12-02","48.00","NZD","1762072734","23477/2025-12-02/1762072734.json"
"510807","146155","2025-12-02","52.00","NZD","1762072734","23477/2025-12-02/1762072734.json"
"581513","221281","2025-12-04","36.00","NZD","1762072734","23477/2025-12-04/1762072734.json"
"581514","221282","2025-12-04","36.00","NZD","1762072734","23477/2025-12-04/1762072734.json"
"512557","146154","2025-12-04","45.00","NZD","1762072734","23477/2025-12-04/1762072734.json"
"365170","146153","2025-12-04","48.00","NZD","1762072734","23477/2025-12-04/1762072734.json"
"510807","146155","2025-12-04","52.00","NZD","1762072734","23477/2025-12-04/1762072734.json"
"581513","221281","2025-12-03","36.00","NZD","1762072734","23477/2025-12-03/1762072734.json"
"581514","221282","2025-12-03","36.00","NZD","1762072734","23477/2025-12-03/1762072734.json"
"512557","146154","2025-12-03","45.00","NZD","1762072734","23477/2025-12-03/1762072734.json"
"365170","146153","2025-12-03","48.00","NZD","1762072734","23477/2025-12-03/1762072734.json"
"510807","146155","2025-12-03","52.00","NZD","1762072734","23477/2025-12-03/1762072734.json"
"581513","221281","2025-12-05","36.00","NZD","1762072734","23477/2025-12-05/1762072734.json"
"581514","221282","2025-12-05","36.00","NZD","1762072734","23477/2025-12-05/1762072734.json"
"512557","146154","2025-12-05","45.00","NZD","1762072734","23477/2025-12-05/1762072734.json"
"365170","146153","2025-12-05","48.00","NZD","1762072734","23477/2025-12-05/1762072734.json"
"510807","146155","2025-12-05","52.00","NZD","1762072734","23477/2025-12-05/1762072734.json"
"581513","221281","2025-12-06","36.00","NZD","1762072734","23477/2025-12-06/1762072734.json"
"581514","221282","2025-12-06","36.00","NZD","1762072734","23477/2025-12-06/1762072734.json"
"512557","146154","2025-12-06","45.00","NZD","1762072734","23477/2025-12-06/1762072734.json"
"365170","146153","2025-12-06","48.00","NZD","1762072734","23477/2025-12-06/1762072734.json"
"510807","146155","2025-12-06","52.00","NZD","1762072734","23477/2025-12-06/1762072734.json"
"581513","221281","2025-12-08","36.00","NZD","1762072734","23477/2025-12-08/1762072734.json"
"581514","221282","2025-12-08","36.00","NZD","1762072734","23477/2025-12-08/1762072734.json"
"512557","146154","2025-12-08","45.00","NZD","1762072734","23477/2025-12-08/1762072734.json"
"365170","146153","2025-12-08","48.00","NZD","1762072734","23477/2025-12-08/1762072734.json"
"510807","146155","2025-12-08","52.00","NZD","1762072734","23477/2025-12-08/1762072734.json"
"581513","221281","2025-12-07","36.00","NZD","1762072734","23477/2025-12-07/1762072734.json"
"581514","221282","2025-12-07","36.00","NZD","1762072734","23477/2025-12-07/1762072734.json"
"512557","146154","2025-12-07","45.00","NZD","1762072734","23477/2025-12-07/1762072734.json"
"365170","146153","2025-12-07","48.00","NZD","1762072734","23477/2025-12-07/1762072734.json"
"510807","146155","2025-12-07","52.00","NZD","1762072734","23477/2025-12-07/1762072734.json"
"581513","221281","2025-12-10","36.00","NZD","1762072734","23477/2025-12-10/1762072734.json"
"581514","221282","2025-12-10","36.00","NZD","1762072734","23477/2025-12-10/1762072734.json"
"512557","146154","2025-12-10","45.00","NZD","1762072734","23477/2025-12-10/1762072734.json"
"365170","146153","2025-12-10","48.00","NZD","1762072734","23477/2025-12-10/1762072734.json"
"510807","146155","2025-12-10","52.00","NZD","1762072734","23477/2025-12-10/1762072734.json"
"581513","221281","2025-12-09","36.00","NZD","1762072734","23477/2025-12-09/1762072734.json"
"581514","221282","2025-12-09","36.00","NZD","1762072734","23477/2025-12-09/1762072734.json"
"512557","146154","2025-12-09","45.00","NZD","1762072734","23477/2025-12-09/1762072734.json"
"365170","146153","2025-12-09","48.00","NZD","1762072734","23477/2025-12-09/1762072734.json"
"510807","146155","2025-12-09","52.00","NZD","1762072734","23477/2025-12-09/1762072734.json"
"581513","221281","2025-12-11","36.00","NZD","1762072734","23477/2025-12-11/1762072734.json"
"581514","221282","2025-12-11","36.00","NZD","1762072734","23477/2025-12-11/1762072734.json"
"512557","146154","2025-12-11","45.00","NZD","1762072734","23477/2025-12-11/1762072734.json"
"365170","146153","2025-12-11","48.00","NZD","1762072734","23477/2025-12-11/1762072734.json"
"510807","146155","2025-12-11","52.00","NZD","1762072734","23477/2025-12-11/1762072734.json"
"581513","221281","2025-12-12","36.00","NZD","1762072734","23477/2025-12-12/1762072734.json"
"581514","221282","2025-12-12","36.00","NZD","1762072734","23477/2025-12-12/1762072734.json"
"512557","146154","2025-12-12","45.00","NZD","1762072734","23477/2025-12-12/1762072734.json"
"365170","146153","2025-12-12","48.00","NZD","1762072734","23477/2025-12-12/1762072734.json"
"510807","146155","2025-12-12","52.00","NZD","1762072734","23477/2025-12-12/1762072734.json"
"581513","221281","2025-12-13","36.00","NZD","1762072734","23477/2025-12-13/1762072734.json"
"581514","221282","2025-12-13","36.00","NZD","1762072734","23477/2025-12-13/1762072734.json"
"512557","146154","2025-12-13","45.00","NZD","1762072734","23477/2025-12-13/1762072734.json"
"365170","146153","2025-12-13","48.00","NZD","1762072734","23477/2025-12-13/1762072734.json"
"510807","146155","2025-12-13","52.00","NZD","1762072734","23477/2025-12-13/1762072734.json"
"581513","221281","2025-12-14","36.00","NZD","1762072734","23477/2025-12-14/1762072734.json"
"581514","221282","2025-12-14","36.00","NZD","1762072734","23477/2025-12-14/1762072734.json"
"512557","146154","2025-12-14","45.00","NZD","1762072734","23477/2025-12-14/1762072734.json"
"365170","146153","2025-12-14","48.00","NZD","1762072734","23477/2025-12-14/1762072734.json"
"510807","146155","2025-12-14","52.00","NZD","1762072734","23477/2025-12-14/1762072734.json"
"581513","221281","2025-12-16","36.00","NZD","1762072734","23477/2025-12-16/1762072734.json"
"581514","221282","2025-12-16","36.00","NZD","1762072734","23477/2025-12-16/1762072734.json"
"512557","146154","2025-12-16","45.00","NZD","1762072734","23477/2025-12-16/1762072734.json"
"365170","146153","2025-12-16","48.00","NZD","1762072734","23477/2025-12-16/1762072734.json"
"510807","146155","2025-12-16","52.00","NZD","1762072734","23477/2025-12-16/1762072734.json"
"581513","221281","2025-12-15","36.00","NZD","1762072734","23477/2025-12-15/1762072734.json"
"581514","221282","2025-12-15","36.00","NZD","1762072734","23477/2025-12-15/1762072734.json"
"512557","146154","2025-12-15","45.00","NZD","1762072734","23477/2025-12-15/1762072734.json"
"365170","146153","2025-12-15","48.00","NZD","1762072734","23477/2025-12-15/1762072734.json"
"510807","146155","2025-12-15","52.00","NZD","1762072734","23477/2025-12-15/1762072734.json"
"581513","221281","2025-12-17","36.00","NZD","1762072734","23477/2025-12-17/1762072734.json"
"581514","221282","2025-12-17","36.00","NZD","1762072734","23477/2025-12-17/1762072734.json"
"512557","146154","2025-12-17","45.00","NZD","1762072734","23477/2025-12-17/1762072734.json"
"365170","146153","2025-12-17","48.00","NZD","1762072734","23477/2025-12-17/1762072734.json"
"510807","146155","2025-12-17","52.00","NZD","1762072734","23477/2025-12-17/1762072734.json"
"581513","221281","2025-12-18","36.00","NZD","1762072734","23477/2025-12-18/1762072734.json"
"581514","221282","2025-12-18","36.00","NZD","1762072734","23477/2025-12-18/1762072734.json"
"512557","146154","2025-12-18","45.00","NZD","1762072734","23477/2025-12-18/1762072734.json"
"365170","146153","2025-12-18","48.00","NZD","1762072734","23477/2025-12-18/1762072734.json"
"510807","146155","2025-12-18","52.00","NZD","1762072734","23477/2025-12-18/1762072734.json"
"581513","221281","2025-12-19","36.00","NZD","1762072734","23477/2025-12-19/1762072734.json"
"581514","221282","2025-12-19","36.00","NZD","1762072734","23477/2025-12-19/1762072734.json"
"512557","146154","2025-12-19","45.00","NZD","1762072734","23477/2025-12-19/1762072734.json"
"365170","146153","2025-12-19","48.00","NZD","1762072734","23477/2025-12-19/1762072734.json"
"510807","146155","2025-12-19","52.00","NZD","1762072734","23477/2025-12-19/1762072734.json"
"581513","221281","2025-12-20","36.00","NZD","1762072734","23477/2025-12-20/1762072734.json"
"581514","221282","2025-12-20","36.00","NZD","1762072734","23477/2025-12-20/1762072734.json"
"512557","146154","2025-12-20","45.00","NZD","1762072734","23477/2025-12-20/1762072734.json"
"365170","146153","2025-12-20","48.00","NZD","1762072734","23477/2025-12-20/1762072734.json"
"510807","146155","2025-12-20","52.00","NZD","1762072734","23477/2025-12-20/1762072734.json"
"581513","221281","2025-12-21","36.00","NZD","1762072734","23477/2025-12-21/1762072734.json"
"581514","221282","2025-12-21","36.00","NZD","1762072734","23477/2025-12-21/1762072734.json"
"512557","146154","2025-12-21","45.00","NZD","1762072734","23477/2025-12-21/1762072734.json"
"365170","146153","2025-12-21","48.00","NZD","1762072734","23477/2025-12-21/1762072734.json"
"510807","146155","2025-12-21","52.00","NZD","1762072734","23477/2025-12-21/1762072734.json"
"581513","221281","2025-12-22","36.00","NZD","1762072734","23477/2025-12-22/1762072734.json"
"581514","221282","2025-12-22","36.00","NZD","1762072734","23477/2025-12-22/1762072734.json"
"512557","146154","2025-12-22","45.00","NZD","1762072734","23477/2025-12-22/1762072734.json"
"365170","146153","2025-12-22","48.00","NZD","1762072734","23477/2025-12-22/1762072734.json"
"510807","146155","2025-12-22","52.00","NZD","1762072734","23477/2025-12-22/1762072734.json"
"581513","221281","2025-12-23","38.00","NZD","1762072734","23477/2025-12-23/1762072734.json"
"581514","221282","2025-12-23","38.00","NZD","1762072734","23477/2025-12-23/1762072734.json"
"512557","146154","2025-12-23","45.00","NZD","1762072734","23477/2025-12-23/1762072734.json"
"365170","146153","2025-12-23","48.00","NZD","1762072734","23477/2025-12-23/1762072734.json"
"510807","146155","2025-12-23","52.00","NZD","1762072734","23477/2025-12-23/1762072734.json"
"581513","221281","2025-12-24","38.00","NZD","1762072734","23477/2025-12-24/1762072734.json"
"581514","221282","2025-12-24","38.00","NZD","1762072734","23477/2025-12-24/1762072734.json"
"512557","146154","2025-12-24","45.00","NZD","1762072734","23477/2025-12-24/1762072734.json"
"365170","146153","2025-12-24","48.00","NZD","1762072734","23477/2025-12-24/1762072734.json"
"510807","146155","2025-12-24","52.00","NZD","1762072734","23477/2025-12-24/1762072734.json"
"581513","221281","2025-12-25","38.00","NZD","1762072734","23477/2025-12-25/1762072734.json"
"581514","221282","2025-12-25","38.00","NZD","1762072734","23477/2025-12-25/1762072734.json"
"512557","146154","2025-12-25","45.00","NZD","1762072734","23477/2025-12-25/1762072734.json"
"365170","146153","2025-12-25","48.00","NZD","1762072734","23477/2025-12-25/1762072734.json"
"510807","146155","2025-12-25","52.00","NZD","1762072734","23477/2025-12-25/1762072734.json"
"581513","221281","2025-12-26","42.00","NZD","1762072734","23477/2025-12-26/1762072734.json"
"581514","221282","2025-12-26","42.00","NZD","1762072734","23477/2025-12-26/1762072734.json"
"512557","146154","2025-12-26","45.00","NZD","1762072734","23477/2025-12-26/1762072734.json"
"365170","146153","2025-12-26","48.00","NZD","1762072734","23477/2025-12-26/1762072734.json"
"510807","146155","2025-12-26","52.00","NZD","1762072734","23477/2025-12-26/1762072734.json"
"581513","221281","2025-12-27","42.00","NZD","1762072734","23477/2025-12-27/1762072734.json"
"581514","221282","2025-12-27","42.00","NZD","1762072734","23477/2025-12-27/1762072734.json"
"512557","146154","2025-12-27","45.00","NZD","1762072734","23477/2025-12-27/1762072734.json"
"365170","146153","2025-12-27","48.00","NZD","1762072734","23477/2025-12-27/1762072734.json"
"510807","146155","2025-12-27","52.00","NZD","1762072734","23477/2025-12-27/1762072734.json"
"581513","221281","2025-12-28","42.00","NZD","1762072734","23477/2025-12-28/1762072734.json"
"581514","221282","2025-12-28","42.00","NZD","1762072734","23477/2025-12-28/1762072734.json"
"512557","146154","2025-12-28","45.00","NZD","1762072734","23477/2025-12-28/1762072734.json"
"365170","146153","2025-12-28","48.00","NZD","1762072734","23477/2025-12-28/1762072734.json"
"510807","146155","2025-12-28","52.00","NZD","1762072734","23477/2025-12-28/1762072734.json"
"581513","221281","2025-12-29","42.00","NZD","1762072734","23477/2025-12-29/1762072734.json"
"581514","221282","2025-12-29","42.00","NZD","1762072734","23477/2025-12-29/1762072734.json"
"512557","146154","2025-12-29","45.00","NZD","1762072734","23477/2025-12-29/1762072734.json"
"365170","146153","2025-12-29","48.00","NZD","1762072734","23477/2025-12-29/1762072734.json"
"510807","146155","2025-12-29","52.00","NZD","1762072734","23477/2025-12-29/1762072734.json"
"581513","221281","2025-12-30","42.00","NZD","1762072734","23477/2025-12-30/1762072734.json"
"581514","221282","2025-12-30","42.00","NZD","1762072734","23477/2025-12-30/1762072734.json"
"512557","146154","2025-12-30","45.00","NZD","1762072734","23477/2025-12-30/1762072734.json"
"365170","146153","2025-12-30","48.00","NZD","1762072734","23477/2025-12-30/1762072734.json"
"510807","146155","2025-12-30","52.00","NZD","1762072734","23477/2025-12-30/1762072734.json"
"581513","221281","2025-12-31","42.00","NZD","1762072734","23477/2025-12-31/1762072734.json"
"581514","221282","2025-12-31","42.00","NZD","1762072734","23477/2025-12-31/1762072734.json"
"512557","146154","2025-12-31","45.00","NZD","1762072734","23477/2025-12-31/1762072734.json"
"365170","146153","2025-12-31","48.00","NZD","1762072734","23477/2025-12-31/1762072734.json"
"510807","146155","2025-12-31","52.00","NZD","1762072734","23477/2025-12-31/1762072734.json"
"581513","221281","2026-01-01","42.00","NZD","1762072734","23477/2026-01-01/1762072734.json"
"581514","221282","2026-01-01","42.00","NZD","1762072734","23477/2026-01-01/1762072734.json"
"512557","146154","2026-01-01","45.00","NZD","1762072734","23477/2026-01-01/1762072734.json"
"365170","146153","2026-01-01","48.00","NZD","1762072734","23477/2026-01-01/1762072734.json"
"510807","146155","2026-01-01","52.00","NZD","1762072734","23477/2026-01-01/1762072734.json"
"581513","221281","2025-11-04","36.00","NZD","1762087901","23477/2025-11-04/1762087901.json"
"581514","221282","2025-11-04","36.00","NZD","1762087901","23477/2025-11-04/1762087901.json"
"512557","146154","2025-11-04","45.00","NZD","1762087901","23477/2025-11-04/1762087901.json"
"365170","146153","2025-11-04","48.00","NZD","1762087901","23477/2025-11-04/1762087901.json"
"510807","146155","2025-11-04","52.00","NZD","1762087901","23477/2025-11-04/1762087901.json"
"581513","221281","2025-11-05","36.00","NZD","1762087901","23477/2025-11-05/1762087901.json"
"581514","221282","2025-11-05","36.00","NZD","1762087901","23477/2025-11-05/1762087901.json"
"512557","146154","2025-11-05","45.00","NZD","1762087901","23477/2025-11-05/1762087901.json"
"365170","146153","2025-11-05","48.00","NZD","1762087901","23477/2025-11-05/1762087901.json"
"510807","146155","2025-11-05","52.00","NZD","1762087901","23477/2025-11-05/1762087901.json"
"581513","221281","2025-11-06","36.00","NZD","1762087901","23477/2025-11-06/1762087901.json"
"581514","221282","2025-11-06","36.00","NZD","1762087901","23477/2025-11-06/1762087901.json"
"512557","146154","2025-11-06","45.00","NZD","1762087901","23477/2025-11-06/1762087901.json"
"365170","146153","2025-11-06","48.00","NZD","1762087901","23477/2025-11-06/1762087901.json"
"510807","146155","2025-11-06","52.00","NZD","1762087901","23477/2025-11-06/1762087901.json"
"581513","221281","2025-11-03","36.00","NZD","1762087901","23477/2025-11-03/1762087901.json"
"581514","221282","2025-11-03","36.00","NZD","1762087901","23477/2025-11-03/1762087901.json"
"512557","146154","2025-11-03","45.00","NZD","1762087901","23477/2025-11-03/1762087901.json"
"365170","146153","2025-11-03","48.00","NZD","1762087901","23477/2025-11-03/1762087901.json"
"510807","146155","2025-11-03","52.00","NZD","1762087901","23477/2025-11-03/1762087901.json"
"581513","221281","2025-11-07","36.00","NZD","1762087901","23477/2025-11-07/1762087901.json"
"581514","221282","2025-11-07","36.00","NZD","1762087901","23477/2025-11-07/1762087901.json"
"512557","146154","2025-11-07","45.00","NZD","1762087901","23477/2025-11-07/1762087901.json"
"365170","146153","2025-11-07","48.00","NZD","1762087901","23477/2025-11-07/1762087901.json"
"510807","146155","2025-11-07","52.00","NZD","1762087901","23477/2025-11-07/1762087901.json"
"581513","221281","2025-11-08","36.00","NZD","1762087901","23477/2025-11-08/1762087901.json"
"581514","221282","2025-11-08","36.00","NZD","1762087901","23477/2025-11-08/1762087901.json"
"512557","146154","2025-11-08","45.00","NZD","1762087901","23477/2025-11-08/1762087901.json"
"365170","146153","2025-11-08","48.00","NZD","1762087901","23477/2025-11-08/1762087901.json"
"510807","146155","2025-11-08","52.00","NZD","1762087901","23477/2025-11-08/1762087901.json"
"581513","221281","2025-11-09","36.00","NZD","1762087901","23477/2025-11-09/1762087901.json"
"581514","221282","2025-11-09","36.00","NZD","1762087901","23477/2025-11-09/1762087901.json"
"512557","146154","2025-11-09","45.00","NZD","1762087901","23477/2025-11-09/1762087901.json"
"365170","146153","2025-11-09","48.00","NZD","1762087901","23477/2025-11-09/1762087901.json"
"510807","146155","2025-11-09","52.00","NZD","1762087901","23477/2025-11-09/1762087901.json"
"581513","221281","2025-11-10","36.00","NZD","1762087901","23477/2025-11-10/1762087901.json"
"581514","221282","2025-11-10","36.00","NZD","1762087901","23477/2025-11-10/1762087901.json"
"512557","146154","2025-11-10","45.00","NZD","1762087901","23477/2025-11-10/1762087901.json"
"365170","146153","2025-11-10","48.00","NZD","1762087901","23477/2025-11-10/1762087901.json"
"510807","146155","2025-11-10","52.00","NZD","1762087901","23477/2025-11-10/1762087901.json"
"581513","221281","2025-11-11","36.00","NZD","1762087901","23477/2025-11-11/1762087901.json"
"581514","221282","2025-11-11","36.00","NZD","1762087901","23477/2025-11-11/1762087901.json"
"512557","146154","2025-11-11","45.00","NZD","1762087901","23477/2025-11-11/1762087901.json"
"365170","146153","2025-11-11","48.00","NZD","1762087901","23477/2025-11-11/1762087901.json"
"510807","146155","2025-11-11","52.00","NZD","1762087901","23477/2025-11-11/1762087901.json"
"581513","221281","2025-11-12","36.00","NZD","1762087901","23477/2025-11-12/1762087901.json"
"581514","221282","2025-11-12","36.00","NZD","1762087901","23477/2025-11-12/1762087901.json"
"512557","146154","2025-11-12","45.00","NZD","1762087901","23477/2025-11-12/1762087901.json"
"365170","146153","2025-11-12","48.00","NZD","1762087901","23477/2025-11-12/1762087901.json"
"510807","146155","2025-11-12","52.00","NZD","1762087901","23477/2025-11-12/1762087901.json"
"581513","221281","2025-11-14","36.00","NZD","1762087901","23477/2025-11-14/1762087901.json"
"581514","221282","2025-11-14","36.00","NZD","1762087901","23477/2025-11-14/1762087901.json"
"512557","146154","2025-11-14","45.00","NZD","1762087901","23477/2025-11-14/1762087901.json"
"365170","146153","2025-11-14","48.00","NZD","1762087901","23477/2025-11-14/1762087901.json"
"510807","146155","2025-11-14","52.00","NZD","1762087901","23477/2025-11-14/1762087901.json"
"581513","221281","2025-11-13","36.00","NZD","1762087901","23477/2025-11-13/1762087901.json"
"581514","221282","2025-11-13","36.00","NZD","1762087901","23477/2025-11-13/1762087901.json"
"512557","146154","2025-11-13","45.00","NZD","1762087901","23477/2025-11-13/1762087901.json"
"365170","146153","2025-11-13","48.00","NZD","1762087901","23477/2025-11-13/1762087901.json"
"510807","146155","2025-11-13","52.00","NZD","1762087901","23477/2025-11-13/1762087901.json"
"581513","221281","2025-11-15","36.00","NZD","1762087901","23477/2025-11-15/1762087901.json"
"581514","221282","2025-11-15","36.00","NZD","1762087901","23477/2025-11-15/1762087901.json"
"512557","146154","2025-11-15","45.00","NZD","1762087901","23477/2025-11-15/1762087901.json"
"365170","146153","2025-11-15","48.00","NZD","1762087901","23477/2025-11-15/1762087901.json"
"510807","146155","2025-11-15","52.00","NZD","1762087901","23477/2025-11-15/1762087901.json"
"581513","221281","2025-11-16","36.00","NZD","1762087901","23477/2025-11-16/1762087901.json"
"581514","221282","2025-11-16","36.00","NZD","1762087901","23477/2025-11-16/1762087901.json"
"512557","146154","2025-11-16","45.00","NZD","1762087901","23477/2025-11-16/1762087901.json"
"365170","146153","2025-11-16","48.00","NZD","1762087901","23477/2025-11-16/1762087901.json"
"510807","146155","2025-11-16","52.00","NZD","1762087901","23477/2025-11-16/1762087901.json"
"581513","221281","2025-11-18","36.00","NZD","1762087901","23477/2025-11-18/1762087901.json"
"581514","221282","2025-11-18","36.00","NZD","1762087901","23477/2025-11-18/1762087901.json"
"512557","146154","2025-11-18","45.00","NZD","1762087901","23477/2025-11-18/1762087901.json"
"365170","146153","2025-11-18","48.00","NZD","1762087901","23477/2025-11-18/1762087901.json"
"510807","146155","2025-11-18","52.00","NZD","1762087901","23477/2025-11-18/1762087901.json"
"581513","221281","2025-11-17","36.00","NZD","1762087901","23477/2025-11-17/1762087901.json"
"581514","221282","2025-11-17","36.00","NZD","1762087901","23477/2025-11-17/1762087901.json"
"512557","146154","2025-11-17","45.00","NZD","1762087901","23477/2025-11-17/1762087901.json"
"365170","146153","2025-11-17","48.00","NZD","1762087901","23477/2025-11-17/1762087901.json"
"510807","146155","2025-11-17","52.00","NZD","1762087901","23477/2025-11-17/1762087901.json"
"581513","221281","2025-11-19","36.00","NZD","1762087901","23477/2025-11-19/1762087901.json"
"581514","221282","2025-11-19","36.00","NZD","1762087901","23477/2025-11-19/1762087901.json"
"512557","146154","2025-11-19","45.00","NZD","1762087901","23477/2025-11-19/1762087901.json"
"365170","146153","2025-11-19","48.00","NZD","1762087901","23477/2025-11-19/1762087901.json"
"510807","146155","2025-11-19","52.00","NZD","1762087901","23477/2025-11-19/1762087901.json"
"581513","221281","2025-11-20","36.00","NZD","1762087901","23477/2025-11-20/1762087901.json"
"581514","221282","2025-11-20","36.00","NZD","1762087901","23477/2025-11-20/1762087901.json"
"512557","146154","2025-11-20","45.00","NZD","1762087901","23477/2025-11-20/1762087901.json"
"581513","221281","2025-11-21","36.00","NZD","1762087901","23477/2025-11-21/1762087901.json"
"581514","221282","2025-11-21","36.00","NZD","1762087901","23477/2025-11-21/1762087901.json"
"512557","146154","2025-11-21","45.00","NZD","1762087901","23477/2025-11-21/1762087901.json"
"365170","146153","2025-11-21","48.00","NZD","1762087901","23477/2025-11-21/1762087901.json"
"510807","146155","2025-11-21","52.00","NZD","1762087901","23477/2025-11-21/1762087901.json"
"581513","221281","2025-11-22","36.00","NZD","1762087901","23477/2025-11-22/1762087901.json"
"581514","221282","2025-11-22","36.00","NZD","1762087901","23477/2025-11-22/1762087901.json"
"512557","146154","2025-11-22","45.00","NZD","1762087901","23477/2025-11-22/1762087901.json"
"365170","146153","2025-11-22","48.00","NZD","1762087901","23477/2025-11-22/1762087901.json"
"510807","146155","2025-11-22","52.00","NZD","1762087901","23477/2025-11-22/1762087901.json"
"581513","221281","2025-11-23","36.00","NZD","1762087901","23477/2025-11-23/1762087901.json"
"581514","221282","2025-11-23","36.00","NZD","1762087901","23477/2025-11-23/1762087901.json"
"512557","146154","2025-11-23","45.00","NZD","1762087901","23477/2025-11-23/1762087901.json"
"365170","146153","2025-11-23","48.00","NZD","1762087901","23477/2025-11-23/1762087901.json"
"510807","146155","2025-11-23","52.00","NZD","1762087901","23477/2025-11-23/1762087901.json"
"581513","221281","2025-11-24","36.00","NZD","1762087901","23477/2025-11-24/1762087901.json"
"581514","221282","2025-11-24","36.00","NZD","1762087901","23477/2025-11-24/1762087901.json"
"512557","146154","2025-11-24","45.00","NZD","1762087901","23477/2025-11-24/1762087901.json"
"365170","146153","2025-11-24","48.00","NZD","1762087901","23477/2025-11-24/1762087901.json"
"510807","146155","2025-11-24","52.00","NZD","1762087901","23477/2025-11-24/1762087901.json"
"581513","221281","2025-11-25","36.00","NZD","1762087901","23477/2025-11-25/1762087901.json"
"581514","221282","2025-11-25","36.00","NZD","1762087901","23477/2025-11-25/1762087901.json"
"512557","146154","2025-11-25","45.00","NZD","1762087901","23477/2025-11-25/1762087901.json"
"365170","146153","2025-11-25","48.00","NZD","1762087901","23477/2025-11-25/1762087901.json"
"510807","146155","2025-11-25","52.00","NZD","1762087901","23477/2025-11-25/1762087901.json"
"581513","221281","2025-11-26","36.00","NZD","1762087901","23477/2025-11-26/1762087901.json"
"581514","221282","2025-11-26","36.00","NZD","1762087901","23477/2025-11-26/1762087901.json"
"512557","146154","2025-11-26","45.00","NZD","1762087901","23477/2025-11-26/1762087901.json"
"365170","146153","2025-11-26","48.00","NZD","1762087901","23477/2025-11-26/1762087901.json"
"510807","146155","2025-11-26","52.00","NZD","1762087901","23477/2025-11-26/1762087901.json"
"581513","221281","2025-11-27","36.00","NZD","1762087901","23477/2025-11-27/1762087901.json"
"581514","221282","2025-11-27","36.00","NZD","1762087901","23477/2025-11-27/1762087901.json"
"512557","146154","2025-11-27","45.00","NZD","1762087901","23477/2025-11-27/1762087901.json"
"365170","146153","2025-11-27","48.00","NZD","1762087901","23477/2025-11-27/1762087901.json"
"510807","146155","2025-11-27","52.00","NZD","1762087901","23477/2025-11-27/1762087901.json"
"581513","221281","2025-11-28","36.00","NZD","1762087901","23477/2025-11-28/1762087901.json"
"581514","221282","2025-11-28","36.00","NZD","1762087901","23477/2025-11-28/1762087901.json"
"512557","146154","2025-11-28","45.00","NZD","1762087901","23477/2025-11-28/1762087901.json"
"365170","146153","2025-11-28","48.00","NZD","1762087901","23477/2025-11-28/1762087901.json"
"510807","146155","2025-11-28","52.00","NZD","1762087901","23477/2025-11-28/1762087901.json"
"581513","221281","2025-11-29","36.00","NZD","1762087901","23477/2025-11-29/1762087901.json"
"581514","221282","2025-11-29","36.00","NZD","1762087901","23477/2025-11-29/1762087901.json"
"512557","146154","2025-11-29","45.00","NZD","1762087901","23477/2025-11-29/1762087901.json"
"365170","146153","2025-11-29","48.00","NZD","1762087901","23477/2025-11-29/1762087901.json"
"510807","146155","2025-11-29","52.00","NZD","1762087901","23477/2025-11-29/1762087901.json"
"581513","221281","2025-11-30","36.00","NZD","1762087901","23477/2025-11-30/1762087901.json"
"581514","221282","2025-11-30","36.00","NZD","1762087901","23477/2025-11-30/1762087901.json"
"512557","146154","2025-11-30","45.00","NZD","1762087901","23477/2025-11-30/1762087901.json"
"365170","146153","2025-11-30","48.00","NZD","1762087901","23477/2025-11-30/1762087901.json"
"510807","146155","2025-11-30","52.00","NZD","1762087901","23477/2025-11-30/1762087901.json"
"581513","221281","2025-12-01","36.00","NZD","1762087901","23477/2025-12-01/1762087901.json"
"581514","221282","2025-12-01","36.00","NZD","1762087901","23477/2025-12-01/1762087901.json"
"512557","146154","2025-12-01","45.00","NZD","1762087901","23477/2025-12-01/1762087901.json"
"365170","146153","2025-12-01","48.00","NZD","1762087901","23477/2025-12-01/1762087901.json"
"510807","146155","2025-12-01","52.00","NZD","1762087901","23477/2025-12-01/1762087901.json"
"581513","221281","2025-12-02","36.00","NZD","1762087901","23477/2025-12-02/1762087901.json"
"581514","221282","2025-12-02","36.00","NZD","1762087901","23477/2025-12-02/1762087901.json"
"512557","146154","2025-12-02","45.00","NZD","1762087901","23477/2025-12-02/1762087901.json"
"365170","146153","2025-12-02","48.00","NZD","1762087901","23477/2025-12-02/1762087901.json"
"510807","146155","2025-12-02","52.00","NZD","1762087901","23477/2025-12-02/1762087901.json"
"581513","221281","2025-12-04","36.00","NZD","1762087901","23477/2025-12-04/1762087901.json"
"581514","221282","2025-12-04","36.00","NZD","1762087901","23477/2025-12-04/1762087901.json"
"512557","146154","2025-12-04","45.00","NZD","1762087901","23477/2025-12-04/1762087901.json"
"365170","146153","2025-12-04","48.00","NZD","1762087901","23477/2025-12-04/1762087901.json"
"510807","146155","2025-12-04","52.00","NZD","1762087901","23477/2025-12-04/1762087901.json"
"581513","221281","2025-12-03","36.00","NZD","1762087901","23477/2025-12-03/1762087901.json"
"581514","221282","2025-12-03","36.00","NZD","1762087901","23477/2025-12-03/1762087901.json"
"512557","146154","2025-12-03","45.00","NZD","1762087901","23477/2025-12-03/1762087901.json"
"365170","146153","2025-12-03","48.00","NZD","1762087901","23477/2025-12-03/1762087901.json"
"510807","146155","2025-12-03","52.00","NZD","1762087901","23477/2025-12-03/1762087901.json"
"581513","221281","2025-12-05","36.00","NZD","1762087901","23477/2025-12-05/1762087901.json"
"581514","221282","2025-12-05","36.00","NZD","1762087901","23477/2025-12-05/1762087901.json"
"512557","146154","2025-12-05","45.00","NZD","1762087901","23477/2025-12-05/1762087901.json"
"365170","146153","2025-12-05","48.00","NZD","1762087901","23477/2025-12-05/1762087901.json"
"510807","146155","2025-12-05","52.00","NZD","1762087901","23477/2025-12-05/1762087901.json"
"581513","221281","2025-12-06","36.00","NZD","1762087901","23477/2025-12-06/1762087901.json"
"581514","221282","2025-12-06","36.00","NZD","1762087901","23477/2025-12-06/1762087901.json"
"512557","146154","2025-12-06","45.00","NZD","1762087901","23477/2025-12-06/1762087901.json"
"365170","146153","2025-12-06","48.00","NZD","1762087901","23477/2025-12-06/1762087901.json"
"510807","146155","2025-12-06","52.00","NZD","1762087901","23477/2025-12-06/1762087901.json"
"581513","221281","2025-12-07","36.00","NZD","1762087901","23477/2025-12-07/1762087901.json"
"581514","221282","2025-12-07","36.00","NZD","1762087901","23477/2025-12-07/1762087901.json"
"512557","146154","2025-12-07","45.00","NZD","1762087901","23477/2025-12-07/1762087901.json"
"365170","146153","2025-12-07","48.00","NZD","1762087901","23477/2025-12-07/1762087901.json"
"510807","146155","2025-12-07","52.00","NZD","1762087901","23477/2025-12-07/1762087901.json"
"581513","221281","2025-12-08","36.00","NZD","1762087901","23477/2025-12-08/1762087901.json"
"581514","221282","2025-12-08","36.00","NZD","1762087901","23477/2025-12-08/1762087901.json"
"512557","146154","2025-12-08","45.00","NZD","1762087901","23477/2025-12-08/1762087901.json"
"365170","146153","2025-12-08","48.00","NZD","1762087901","23477/2025-12-08/1762087901.json"
"510807","146155","2025-12-08","52.00","NZD","1762087901","23477/2025-12-08/1762087901.json"
"581513","221281","2025-12-09","36.00","NZD","1762087901","23477/2025-12-09/1762087901.json"
"581514","221282","2025-12-09","36.00","NZD","1762087901","23477/2025-12-09/1762087901.json"
"512557","146154","2025-12-09","45.00","NZD","1762087901","23477/2025-12-09/1762087901.json"
"365170","146153","2025-12-09","48.00","NZD","1762087901","23477/2025-12-09/1762087901.json"
"510807","146155","2025-12-09","52.00","NZD","1762087901","23477/2025-12-09/1762087901.json"
"581513","221281","2025-12-10","36.00","NZD","1762087901","23477/2025-12-10/1762087901.json"
"581514","221282","2025-12-10","36.00","NZD","1762087901","23477/2025-12-10/1762087901.json"
"512557","146154","2025-12-10","45.00","NZD","1762087901","23477/2025-12-10/1762087901.json"
"365170","146153","2025-12-10","48.00","NZD","1762087901","23477/2025-12-10/1762087901.json"
"510807","146155","2025-12-10","52.00","NZD","1762087901","23477/2025-12-10/1762087901.json"
"581513","221281","2025-12-11","36.00","NZD","1762087901","23477/2025-12-11/1762087901.json"
"581514","221282","2025-12-11","36.00","NZD","1762087901","23477/2025-12-11/1762087901.json"
"512557","146154","2025-12-11","45.00","NZD","1762087901","23477/2025-12-11/1762087901.json"
"365170","146153","2025-12-11","48.00","NZD","1762087901","23477/2025-12-11/1762087901.json"
"510807","146155","2025-12-11","52.00","NZD","1762087901","23477/2025-12-11/1762087901.json"
"581513","221281","2025-12-12","36.00","NZD","1762087901","23477/2025-12-12/1762087901.json"
"581514","221282","2025-12-12","36.00","NZD","1762087901","23477/2025-12-12/1762087901.json"
"512557","146154","2025-12-12","45.00","NZD","1762087901","23477/2025-12-12/1762087901.json"
"365170","146153","2025-12-12","48.00","NZD","1762087901","23477/2025-12-12/1762087901.json"
"510807","146155","2025-12-12","52.00","NZD","1762087901","23477/2025-12-12/1762087901.json"
"581513","221281","2025-12-13","36.00","NZD","1762087901","23477/2025-12-13/1762087901.json"
"581514","221282","2025-12-13","36.00","NZD","1762087901","23477/2025-12-13/1762087901.json"
"512557","146154","2025-12-13","45.00","NZD","1762087901","23477/2025-12-13/1762087901.json"
"365170","146153","2025-12-13","48.00","NZD","1762087901","23477/2025-12-13/1762087901.json"
"510807","146155","2025-12-13","52.00","NZD","1762087901","23477/2025-12-13/1762087901.json"
"581513","221281","2025-12-14","36.00","NZD","1762087901","23477/2025-12-14/1762087901.json"
"581514","221282","2025-12-14","36.00","NZD","1762087901","23477/2025-12-14/1762087901.json"
"512557","146154","2025-12-14","45.00","NZD","1762087901","23477/2025-12-14/1762087901.json"
"365170","146153","2025-12-14","48.00","NZD","1762087901","23477/2025-12-14/1762087901.json"
"510807","146155","2025-12-14","52.00","NZD","1762087901","23477/2025-12-14/1762087901.json"
"581513","221281","2025-12-16","36.00","NZD","1762087901","23477/2025-12-16/1762087901.json"
"581514","221282","2025-12-16","36.00","NZD","1762087901","23477/2025-12-16/1762087901.json"
"512557","146154","2025-12-16","45.00","NZD","1762087901","23477/2025-12-16/1762087901.json"
"365170","146153","2025-12-16","48.00","NZD","1762087901","23477/2025-12-16/1762087901.json"
"510807","146155","2025-12-16","52.00","NZD","1762087901","23477/2025-12-16/1762087901.json"
"581513","221281","2025-12-15","36.00","NZD","1762087901","23477/2025-12-15/1762087901.json"
"581514","221282","2025-12-15","36.00","NZD","1762087901","23477/2025-12-15/1762087901.json"
"512557","146154","2025-12-15","45.00","NZD","1762087901","23477/2025-12-15/1762087901.json"
"365170","146153","2025-12-15","48.00","NZD","1762087901","23477/2025-12-15/1762087901.json"
"510807","146155","2025-12-15","52.00","NZD","1762087901","23477/2025-12-15/1762087901.json"
"581513","221281","2025-12-17","36.00","NZD","1762087901","23477/2025-12-17/1762087901.json"
"581514","221282","2025-12-17","36.00","NZD","1762087901","23477/2025-12-17/1762087901.json"
"512557","146154","2025-12-17","45.00","NZD","1762087901","23477/2025-12-17/1762087901.json"
"365170","146153","2025-12-17","48.00","NZD","1762087901","23477/2025-12-17/1762087901.json"
"510807","146155","2025-12-17","52.00","NZD","1762087901","23477/2025-12-17/1762087901.json"
"581513","221281","2025-12-18","36.00","NZD","1762087901","23477/2025-12-18/1762087901.json"
"581514","221282","2025-12-18","36.00","NZD","1762087901","23477/2025-12-18/1762087901.json"
"512557","146154","2025-12-18","45.00","NZD","1762087901","23477/2025-12-18/1762087901.json"
"365170","146153","2025-12-18","48.00","NZD","1762087901","23477/2025-12-18/1762087901.json"
"510807","146155","2025-12-18","52.00","NZD","1762087901","23477/2025-12-18/1762087901.json"
"581513","221281","2025-12-20","36.00","NZD","1762087901","23477/2025-12-20/1762087901.json"
"581514","221282","2025-12-20","36.00","NZD","1762087901","23477/2025-12-20/1762087901.json"
"512557","146154","2025-12-20","45.00","NZD","1762087901","23477/2025-12-20/1762087901.json"
"365170","146153","2025-12-20","48.00","NZD","1762087901","23477/2025-12-20/1762087901.json"
"510807","146155","2025-12-20","52.00","NZD","1762087901","23477/2025-12-20/1762087901.json"
"581513","221281","2025-12-19","36.00","NZD","1762087901","23477/2025-12-19/1762087901.json"
"581514","221282","2025-12-19","36.00","NZD","1762087901","23477/2025-12-19/1762087901.json"
"512557","146154","2025-12-19","45.00","NZD","1762087901","23477/2025-12-19/1762087901.json"
"365170","146153","2025-12-19","48.00","NZD","1762087901","23477/2025-12-19/1762087901.json"
"510807","146155","2025-12-19","52.00","NZD","1762087901","23477/2025-12-19/1762087901.json"
"581513","221281","2025-12-21","36.00","NZD","1762087901","23477/2025-12-21/1762087901.json"
"581514","221282","2025-12-21","36.00","NZD","1762087901","23477/2025-12-21/1762087901.json"
"512557","146154","2025-12-21","45.00","NZD","1762087901","23477/2025-12-21/1762087901.json"
"365170","146153","2025-12-21","48.00","NZD","1762087901","23477/2025-12-21/1762087901.json"
"510807","146155","2025-12-21","52.00","NZD","1762087901","23477/2025-12-21/1762087901.json"
"581513","221281","2025-12-23","38.00","NZD","1762087901","23477/2025-12-23/1762087901.json"
"581513","221281","2025-12-22","36.00","NZD","1762087901","23477/2025-12-22/1762087901.json"
"581514","221282","2025-12-22","36.00","NZD","1762087901","23477/2025-12-22/1762087901.json"
"581514","221282","2025-12-23","38.00","NZD","1762087901","23477/2025-12-23/1762087901.json"
"512557","146154","2025-12-22","45.00","NZD","1762087901","23477/2025-12-22/1762087901.json"
"365170","146153","2025-12-22","48.00","NZD","1762087901","23477/2025-12-22/1762087901.json"
"512557","146154","2025-12-23","45.00","NZD","1762087901","23477/2025-12-23/1762087901.json"
"510807","146155","2025-12-22","52.00","NZD","1762087901","23477/2025-12-22/1762087901.json"
"365170","146153","2025-12-23","48.00","NZD","1762087901","23477/2025-12-23/1762087901.json"
"510807","146155","2025-12-23","52.00","NZD","1762087901","23477/2025-12-23/1762087901.json"
"581513","221281","2025-12-25","38.00","NZD","1762087901","23477/2025-12-25/1762087901.json"
"581514","221282","2025-12-25","38.00","NZD","1762087901","23477/2025-12-25/1762087901.json"
"512557","146154","2025-12-25","45.00","NZD","1762087901","23477/2025-12-25/1762087901.json"
"365170","146153","2025-12-25","48.00","NZD","1762087901","23477/2025-12-25/1762087901.json"
"581513","221281","2025-12-24","38.00","NZD","1762087901","23477/2025-12-24/1762087901.json"
"510807","146155","2025-12-25","52.00","NZD","1762087901","23477/2025-12-25/1762087901.json"
"581514","221282","2025-12-24","38.00","NZD","1762087901","23477/2025-12-24/1762087901.json"
"512557","146154","2025-12-24","45.00","NZD","1762087901","23477/2025-12-24/1762087901.json"
"365170","146153","2025-12-24","48.00","NZD","1762087901","23477/2025-12-24/1762087901.json"
"510807","146155","2025-12-24","52.00","NZD","1762087901","23477/2025-12-24/1762087901.json"
"581513","221281","2025-12-26","42.00","NZD","1762087901","23477/2025-12-26/1762087901.json"
"581514","221282","2025-12-26","42.00","NZD","1762087901","23477/2025-12-26/1762087901.json"
"512557","146154","2025-12-26","45.00","NZD","1762087901","23477/2025-12-26/1762087901.json"
"365170","146153","2025-12-26","48.00","NZD","1762087901","23477/2025-12-26/1762087901.json"
"510807","146155","2025-12-26","52.00","NZD","1762087901","23477/2025-12-26/1762087901.json"
"581513","221281","2025-12-27","42.00","NZD","1762087901","23477/2025-12-27/1762087901.json"
"581514","221282","2025-12-27","42.00","NZD","1762087901","23477/2025-12-27/1762087901.json"
"512557","146154","2025-12-27","45.00","NZD","1762087901","23477/2025-12-27/1762087901.json"
"365170","146153","2025-12-27","48.00","NZD","1762087901","23477/2025-12-27/1762087901.json"
"510807","146155","2025-12-27","52.00","NZD","1762087901","23477/2025-12-27/1762087901.json"
"581513","221281","2025-12-28","42.00","NZD","1762087901","23477/2025-12-28/1762087901.json"
"581514","221282","2025-12-28","42.00","NZD","1762087901","23477/2025-12-28/1762087901.json"
"512557","146154","2025-12-28","45.00","NZD","1762087901","23477/2025-12-28/1762087901.json"
"365170","146153","2025-12-28","48.00","NZD","1762087901","23477/2025-12-28/1762087901.json"
"510807","146155","2025-12-28","52.00","NZD","1762087901","23477/2025-12-28/1762087901.json"
"581513","221281","2025-12-29","42.00","NZD","1762087901","23477/2025-12-29/1762087901.json"
"581514","221282","2025-12-29","42.00","NZD","1762087901","23477/2025-12-29/1762087901.json"
"512557","146154","2025-12-29","45.00","NZD","1762087901","23477/2025-12-29/1762087901.json"
"365170","146153","2025-12-29","48.00","NZD","1762087901","23477/2025-12-29/1762087901.json"
"510807","146155","2025-12-29","52.00","NZD","1762087901","23477/2025-12-29/1762087901.json"
"581513","221281","2025-12-30","42.00","NZD","1762087901","23477/2025-12-30/1762087901.json"
"581514","221282","2025-12-30","42.00","NZD","1762087901","23477/2025-12-30/1762087901.json"
"512557","146154","2025-12-30","45.00","NZD","1762087901","23477/2025-12-30/1762087901.json"
"365170","146153","2025-12-30","48.00","NZD","1762087901","23477/2025-12-30/1762087901.json"
"510807","146155","2025-12-30","52.00","NZD","1762087901","23477/2025-12-30/1762087901.json"
"581513","221281","2025-12-31","42.00","NZD","1762087901","23477/2025-12-31/1762087901.json"
"581514","221282","2025-12-31","42.00","NZD","1762087901","23477/2025-12-31/1762087901.json"
"512557","146154","2025-12-31","45.00","NZD","1762087901","23477/2025-12-31/1762087901.json"
"365170","146153","2025-12-31","48.00","NZD","1762087901","23477/2025-12-31/1762087901.json"
"510807","146155","2025-12-31","52.00","NZD","1762087901","23477/2025-12-31/1762087901.json"
"581513","221281","2026-01-01","42.00","NZD","1762087901","23477/2026-01-01/1762087901.json"
"581514","221282","2026-01-01","42.00","NZD","1762087901","23477/2026-01-01/1762087901.json"
"512557","146154","2026-01-01","45.00","NZD","1762087901","23477/2026-01-01/1762087901.json"
"365170","146153","2026-01-01","48.00","NZD","1762087901","23477/2026-01-01/1762087901.json"
"510807","146155","2026-01-01","52.00","NZD","1762087901","23477/2026-01-01/1762087901.json"
"581513","221281","2025-11-03","36.00","NZD","1762101513","23477/2025-11-03/1762101513.json"
"581513","221281","2025-11-04","36.00","NZD","1762101513","23477/2025-11-04/1762101513.json"
"581514","221282","2025-11-04","36.00","NZD","1762101513","23477/2025-11-04/1762101513.json"
"581514","221282","2025-11-03","36.00","NZD","1762101513","23477/2025-11-03/1762101513.json"
"512557","146154","2025-11-04","45.00","NZD","1762101513","23477/2025-11-04/1762101513.json"
"365170","146153","2025-11-04","48.00","NZD","1762101513","23477/2025-11-04/1762101513.json"
"512557","146154","2025-11-03","45.00","NZD","1762101513","23477/2025-11-03/1762101513.json"
"510807","146155","2025-11-04","52.00","NZD","1762101513","23477/2025-11-04/1762101513.json"
"365170","146153","2025-11-03","48.00","NZD","1762101513","23477/2025-11-03/1762101513.json"
"510807","146155","2025-11-03","52.00","NZD","1762101513","23477/2025-11-03/1762101513.json"
"581513","221281","2025-11-05","36.00","NZD","1762101513","23477/2025-11-05/1762101513.json"
"581514","221282","2025-11-05","36.00","NZD","1762101513","23477/2025-11-05/1762101513.json"
"512557","146154","2025-11-05","45.00","NZD","1762101513","23477/2025-11-05/1762101513.json"
"365170","146153","2025-11-05","48.00","NZD","1762101513","23477/2025-11-05/1762101513.json"
"510807","146155","2025-11-05","52.00","NZD","1762101513","23477/2025-11-05/1762101513.json"
"581513","221281","2025-11-06","36.00","NZD","1762101513","23477/2025-11-06/1762101513.json"
"581514","221282","2025-11-06","36.00","NZD","1762101513","23477/2025-11-06/1762101513.json"
"512557","146154","2025-11-06","45.00","NZD","1762101513","23477/2025-11-06/1762101513.json"
"365170","146153","2025-11-06","48.00","NZD","1762101513","23477/2025-11-06/1762101513.json"
"510807","146155","2025-11-06","52.00","NZD","1762101513","23477/2025-11-06/1762101513.json"
"581513","221281","2025-11-07","36.00","NZD","1762101513","23477/2025-11-07/1762101513.json"
"581514","221282","2025-11-07","36.00","NZD","1762101513","23477/2025-11-07/1762101513.json"
"512557","146154","2025-11-07","45.00","NZD","1762101513","23477/2025-11-07/1762101513.json"
"365170","146153","2025-11-07","48.00","NZD","1762101513","23477/2025-11-07/1762101513.json"
"510807","146155","2025-11-07","52.00","NZD","1762101513","23477/2025-11-07/1762101513.json"
"581513","221281","2025-11-10","36.00","NZD","1762101513","23477/2025-11-10/1762101513.json"
"581514","221282","2025-11-10","36.00","NZD","1762101513","23477/2025-11-10/1762101513.json"
"512557","146154","2025-11-10","45.00","NZD","1762101513","23477/2025-11-10/1762101513.json"
"365170","146153","2025-11-10","48.00","NZD","1762101513","23477/2025-11-10/1762101513.json"
"510807","146155","2025-11-10","52.00","NZD","1762101513","23477/2025-11-10/1762101513.json"
"581513","221281","2025-11-08","36.00","NZD","1762101513","23477/2025-11-08/1762101513.json"
"581514","221282","2025-11-08","36.00","NZD","1762101513","23477/2025-11-08/1762101513.json"
"512557","146154","2025-11-08","45.00","NZD","1762101513","23477/2025-11-08/1762101513.json"
"365170","146153","2025-11-08","48.00","NZD","1762101513","23477/2025-11-08/1762101513.json"
"510807","146155","2025-11-08","52.00","NZD","1762101513","23477/2025-11-08/1762101513.json"
"581513","221281","2025-11-09","36.00","NZD","1762101513","23477/2025-11-09/1762101513.json"
"581514","221282","2025-11-09","36.00","NZD","1762101513","23477/2025-11-09/1762101513.json"
"512557","146154","2025-11-09","45.00","NZD","1762101513","23477/2025-11-09/1762101513.json"
"365170","146153","2025-11-09","48.00","NZD","1762101513","23477/2025-11-09/1762101513.json"
"510807","146155","2025-11-09","52.00","NZD","1762101513","23477/2025-11-09/1762101513.json"
"581513","221281","2025-11-11","36.00","NZD","1762101513","23477/2025-11-11/1762101513.json"
"581514","221282","2025-11-11","36.00","NZD","1762101513","23477/2025-11-11/1762101513.json"
"512557","146154","2025-11-11","45.00","NZD","1762101513","23477/2025-11-11/1762101513.json"
"365170","146153","2025-11-11","48.00","NZD","1762101513","23477/2025-11-11/1762101513.json"
"510807","146155","2025-11-11","52.00","NZD","1762101513","23477/2025-11-11/1762101513.json"
"581513","221281","2025-11-12","36.00","NZD","1762101513","23477/2025-11-12/1762101513.json"
"581514","221282","2025-11-12","36.00","NZD","1762101513","23477/2025-11-12/1762101513.json"
"512557","146154","2025-11-12","45.00","NZD","1762101513","23477/2025-11-12/1762101513.json"
"365170","146153","2025-11-12","48.00","NZD","1762101513","23477/2025-11-12/1762101513.json"
"510807","146155","2025-11-12","52.00","NZD","1762101513","23477/2025-11-12/1762101513.json"
"581513","221281","2025-11-13","36.00","NZD","1762101513","23477/2025-11-13/1762101513.json"
"581514","221282","2025-11-13","36.00","NZD","1762101513","23477/2025-11-13/1762101513.json"
"512557","146154","2025-11-13","45.00","NZD","1762101513","23477/2025-11-13/1762101513.json"
"365170","146153","2025-11-13","48.00","NZD","1762101513","23477/2025-11-13/1762101513.json"
"510807","146155","2025-11-13","52.00","NZD","1762101513","23477/2025-11-13/1762101513.json"
"581513","221281","2025-11-15","36.00","NZD","1762101513","23477/2025-11-15/1762101513.json"
"581514","221282","2025-11-15","36.00","NZD","1762101513","23477/2025-11-15/1762101513.json"
"512557","146154","2025-11-15","45.00","NZD","1762101513","23477/2025-11-15/1762101513.json"
"365170","146153","2025-11-15","48.00","NZD","1762101513","23477/2025-11-15/1762101513.json"
"510807","146155","2025-11-15","52.00","NZD","1762101513","23477/2025-11-15/1762101513.json"
"581513","221281","2025-11-14","36.00","NZD","1762101513","23477/2025-11-14/1762101513.json"
"581514","221282","2025-11-14","36.00","NZD","1762101513","23477/2025-11-14/1762101513.json"
"512557","146154","2025-11-14","45.00","NZD","1762101513","23477/2025-11-14/1762101513.json"
"365170","146153","2025-11-14","48.00","NZD","1762101513","23477/2025-11-14/1762101513.json"
"510807","146155","2025-11-14","52.00","NZD","1762101513","23477/2025-11-14/1762101513.json"
"581513","221281","2025-11-16","36.00","NZD","1762101513","23477/2025-11-16/1762101513.json"
"581514","221282","2025-11-16","36.00","NZD","1762101513","23477/2025-11-16/1762101513.json"
"512557","146154","2025-11-16","45.00","NZD","1762101513","23477/2025-11-16/1762101513.json"
"365170","146153","2025-11-16","48.00","NZD","1762101513","23477/2025-11-16/1762101513.json"
"510807","146155","2025-11-16","52.00","NZD","1762101513","23477/2025-11-16/1762101513.json"
"581513","221281","2025-11-17","36.00","NZD","1762101513","23477/2025-11-17/1762101513.json"
"581514","221282","2025-11-17","36.00","NZD","1762101513","23477/2025-11-17/1762101513.json"
"512557","146154","2025-11-17","45.00","NZD","1762101513","23477/2025-11-17/1762101513.json"
"365170","146153","2025-11-17","48.00","NZD","1762101513","23477/2025-11-17/1762101513.json"
"510807","146155","2025-11-17","52.00","NZD","1762101513","23477/2025-11-17/1762101513.json"
"581513","221281","2025-11-18","36.00","NZD","1762101513","23477/2025-11-18/1762101513.json"
"581514","221282","2025-11-18","36.00","NZD","1762101513","23477/2025-11-18/1762101513.json"
"512557","146154","2025-11-18","45.00","NZD","1762101513","23477/2025-11-18/1762101513.json"
"365170","146153","2025-11-18","48.00","NZD","1762101513","23477/2025-11-18/1762101513.json"
"510807","146155","2025-11-18","52.00","NZD","1762101513","23477/2025-11-18/1762101513.json"
"581513","221281","2025-11-19","36.00","NZD","1762101513","23477/2025-11-19/1762101513.json"
"581514","221282","2025-11-19","36.00","NZD","1762101513","23477/2025-11-19/1762101513.json"
"512557","146154","2025-11-19","45.00","NZD","1762101513","23477/2025-11-19/1762101513.json"
"365170","146153","2025-11-19","48.00","NZD","1762101513","23477/2025-11-19/1762101513.json"
"510807","146155","2025-11-19","52.00","NZD","1762101513","23477/2025-11-19/1762101513.json"
"581513","221281","2025-11-20","36.00","NZD","1762101513","23477/2025-11-20/1762101513.json"
"581514","221282","2025-11-20","36.00","NZD","1762101513","23477/2025-11-20/1762101513.json"
"512557","146154","2025-11-20","45.00","NZD","1762101513","23477/2025-11-20/1762101513.json"
"581513","221281","2025-11-21","36.00","NZD","1762101513","23477/2025-11-21/1762101513.json"
"581514","221282","2025-11-21","36.00","NZD","1762101513","23477/2025-11-21/1762101513.json"
"512557","146154","2025-11-21","45.00","NZD","1762101513","23477/2025-11-21/1762101513.json"
"365170","146153","2025-11-21","48.00","NZD","1762101513","23477/2025-11-21/1762101513.json"
"510807","146155","2025-11-21","52.00","NZD","1762101513","23477/2025-11-21/1762101513.json"
"581513","221281","2025-11-22","36.00","NZD","1762101513","23477/2025-11-22/1762101513.json"
"581514","221282","2025-11-22","36.00","NZD","1762101513","23477/2025-11-22/1762101513.json"
"512557","146154","2025-11-22","45.00","NZD","1762101513","23477/2025-11-22/1762101513.json"
"365170","146153","2025-11-22","48.00","NZD","1762101513","23477/2025-11-22/1762101513.json"
"510807","146155","2025-11-22","52.00","NZD","1762101513","23477/2025-11-22/1762101513.json"
"581513","221281","2025-11-23","36.00","NZD","1762101513","23477/2025-11-23/1762101513.json"
"581514","221282","2025-11-23","36.00","NZD","1762101513","23477/2025-11-23/1762101513.json"
"512557","146154","2025-11-23","45.00","NZD","1762101513","23477/2025-11-23/1762101513.json"
"365170","146153","2025-11-23","48.00","NZD","1762101513","23477/2025-11-23/1762101513.json"
"510807","146155","2025-11-23","52.00","NZD","1762101513","23477/2025-11-23/1762101513.json"
"581513","221281","2025-11-24","36.00","NZD","1762101513","23477/2025-11-24/1762101513.json"
"581514","221282","2025-11-24","36.00","NZD","1762101513","23477/2025-11-24/1762101513.json"
"512557","146154","2025-11-24","45.00","NZD","1762101513","23477/2025-11-24/1762101513.json"
"365170","146153","2025-11-24","48.00","NZD","1762101513","23477/2025-11-24/1762101513.json"
"510807","146155","2025-11-24","52.00","NZD","1762101513","23477/2025-11-24/1762101513.json"
"581513","221281","2025-11-26","36.00","NZD","1762101513","23477/2025-11-26/1762101513.json"
"581514","221282","2025-11-26","36.00","NZD","1762101513","23477/2025-11-26/1762101513.json"
"512557","146154","2025-11-26","45.00","NZD","1762101513","23477/2025-11-26/1762101513.json"
"365170","146153","2025-11-26","48.00","NZD","1762101513","23477/2025-11-26/1762101513.json"
"510807","146155","2025-11-26","52.00","NZD","1762101513","23477/2025-11-26/1762101513.json"
"581513","221281","2025-11-25","36.00","NZD","1762101513","23477/2025-11-25/1762101513.json"
"581514","221282","2025-11-25","36.00","NZD","1762101513","23477/2025-11-25/1762101513.json"
"512557","146154","2025-11-25","45.00","NZD","1762101513","23477/2025-11-25/1762101513.json"
"365170","146153","2025-11-25","48.00","NZD","1762101513","23477/2025-11-25/1762101513.json"
"510807","146155","2025-11-25","52.00","NZD","1762101513","23477/2025-11-25/1762101513.json"
"581513","221281","2025-11-27","36.00","NZD","1762101513","23477/2025-11-27/1762101513.json"
"581514","221282","2025-11-27","36.00","NZD","1762101513","23477/2025-11-27/1762101513.json"
"512557","146154","2025-11-27","45.00","NZD","1762101513","23477/2025-11-27/1762101513.json"
"365170","146153","2025-11-27","48.00","NZD","1762101513","23477/2025-11-27/1762101513.json"
"510807","146155","2025-11-27","52.00","NZD","1762101513","23477/2025-11-27/1762101513.json"
"581513","221281","2025-11-28","36.00","NZD","1762101513","23477/2025-11-28/1762101513.json"
"581514","221282","2025-11-28","36.00","NZD","1762101513","23477/2025-11-28/1762101513.json"
"512557","146154","2025-11-28","45.00","NZD","1762101513","23477/2025-11-28/1762101513.json"
"365170","146153","2025-11-28","48.00","NZD","1762101513","23477/2025-11-28/1762101513.json"
"510807","146155","2025-11-28","52.00","NZD","1762101513","23477/2025-11-28/1762101513.json"
"581513","221281","2025-11-29","36.00","NZD","1762101513","23477/2025-11-29/1762101513.json"
"581514","221282","2025-11-29","36.00","NZD","1762101513","23477/2025-11-29/1762101513.json"
"512557","146154","2025-11-29","45.00","NZD","1762101513","23477/2025-11-29/1762101513.json"
"365170","146153","2025-11-29","48.00","NZD","1762101513","23477/2025-11-29/1762101513.json"
"510807","146155","2025-11-29","52.00","NZD","1762101513","23477/2025-11-29/1762101513.json"
"581513","221281","2025-12-01","36.00","NZD","1762101513","23477/2025-12-01/1762101513.json"
"581514","221282","2025-12-01","36.00","NZD","1762101513","23477/2025-12-01/1762101513.json"
"512557","146154","2025-12-01","45.00","NZD","1762101513","23477/2025-12-01/1762101513.json"
"365170","146153","2025-12-01","48.00","NZD","1762101513","23477/2025-12-01/1762101513.json"
"510807","146155","2025-12-01","52.00","NZD","1762101513","23477/2025-12-01/1762101513.json"
"581513","221281","2025-11-30","36.00","NZD","1762101513","23477/2025-11-30/1762101513.json"
"581514","221282","2025-11-30","36.00","NZD","1762101513","23477/2025-11-30/1762101513.json"
"512557","146154","2025-11-30","45.00","NZD","1762101513","23477/2025-11-30/1762101513.json"
"365170","146153","2025-11-30","48.00","NZD","1762101513","23477/2025-11-30/1762101513.json"
"510807","146155","2025-11-30","52.00","NZD","1762101513","23477/2025-11-30/1762101513.json"
"581513","221281","2025-12-03","36.00","NZD","1762101513","23477/2025-12-03/1762101513.json"
"581514","221282","2025-12-03","36.00","NZD","1762101513","23477/2025-12-03/1762101513.json"
"512557","146154","2025-12-03","45.00","NZD","1762101513","23477/2025-12-03/1762101513.json"
"365170","146153","2025-12-03","48.00","NZD","1762101513","23477/2025-12-03/1762101513.json"
"510807","146155","2025-12-03","52.00","NZD","1762101513","23477/2025-12-03/1762101513.json"
"581513","221281","2025-12-02","36.00","NZD","1762101513","23477/2025-12-02/1762101513.json"
"581514","221282","2025-12-02","36.00","NZD","1762101513","23477/2025-12-02/1762101513.json"
"512557","146154","2025-12-02","45.00","NZD","1762101513","23477/2025-12-02/1762101513.json"
"365170","146153","2025-12-02","48.00","NZD","1762101513","23477/2025-12-02/1762101513.json"
"510807","146155","2025-12-02","52.00","NZD","1762101513","23477/2025-12-02/1762101513.json"
"581513","221281","2025-12-04","36.00","NZD","1762101513","23477/2025-12-04/1762101513.json"
"581514","221282","2025-12-04","36.00","NZD","1762101513","23477/2025-12-04/1762101513.json"
"512557","146154","2025-12-04","45.00","NZD","1762101513","23477/2025-12-04/1762101513.json"
"365170","146153","2025-12-04","48.00","NZD","1762101513","23477/2025-12-04/1762101513.json"
"510807","146155","2025-12-04","52.00","NZD","1762101513","23477/2025-12-04/1762101513.json"
"581513","221281","2025-12-05","36.00","NZD","1762101513","23477/2025-12-05/1762101513.json"
"581514","221282","2025-12-05","36.00","NZD","1762101513","23477/2025-12-05/1762101513.json"
"512557","146154","2025-12-05","45.00","NZD","1762101513","23477/2025-12-05/1762101513.json"
"365170","146153","2025-12-05","48.00","NZD","1762101513","23477/2025-12-05/1762101513.json"
"510807","146155","2025-12-05","52.00","NZD","1762101513","23477/2025-12-05/1762101513.json"
"581513","221281","2025-12-06","36.00","NZD","1762101513","23477/2025-12-06/1762101513.json"
"581514","221282","2025-12-06","36.00","NZD","1762101513","23477/2025-12-06/1762101513.json"
"512557","146154","2025-12-06","45.00","NZD","1762101513","23477/2025-12-06/1762101513.json"
"365170","146153","2025-12-06","48.00","NZD","1762101513","23477/2025-12-06/1762101513.json"
"510807","146155","2025-12-06","52.00","NZD","1762101513","23477/2025-12-06/1762101513.json"
"581513","221281","2025-12-07","36.00","NZD","1762101513","23477/2025-12-07/1762101513.json"
"581514","221282","2025-12-07","36.00","NZD","1762101513","23477/2025-12-07/1762101513.json"
"512557","146154","2025-12-07","45.00","NZD","1762101513","23477/2025-12-07/1762101513.json"
"365170","146153","2025-12-07","48.00","NZD","1762101513","23477/2025-12-07/1762101513.json"
"510807","146155","2025-12-07","52.00","NZD","1762101513","23477/2025-12-07/1762101513.json"
"581513","221281","2025-12-09","36.00","NZD","1762101513","23477/2025-12-09/1762101513.json"
"581514","221282","2025-12-09","36.00","NZD","1762101513","23477/2025-12-09/1762101513.json"
"512557","146154","2025-12-09","45.00","NZD","1762101513","23477/2025-12-09/1762101513.json"
"365170","146153","2025-12-09","48.00","NZD","1762101513","23477/2025-12-09/1762101513.json"
"510807","146155","2025-12-09","52.00","NZD","1762101513","23477/2025-12-09/1762101513.json"
"581513","221281","2025-12-08","36.00","NZD","1762101513","23477/2025-12-08/1762101513.json"
"581514","221282","2025-12-08","36.00","NZD","1762101513","23477/2025-12-08/1762101513.json"
"512557","146154","2025-12-08","45.00","NZD","1762101513","23477/2025-12-08/1762101513.json"
"365170","146153","2025-12-08","48.00","NZD","1762101513","23477/2025-12-08/1762101513.json"
"510807","146155","2025-12-08","52.00","NZD","1762101513","23477/2025-12-08/1762101513.json"
"581513","221281","2025-12-10","36.00","NZD","1762101513","23477/2025-12-10/1762101513.json"
"581514","221282","2025-12-10","36.00","NZD","1762101513","23477/2025-12-10/1762101513.json"
"512557","146154","2025-12-10","45.00","NZD","1762101513","23477/2025-12-10/1762101513.json"
"365170","146153","2025-12-10","48.00","NZD","1762101513","23477/2025-12-10/1762101513.json"
"510807","146155","2025-12-10","52.00","NZD","1762101513","23477/2025-12-10/1762101513.json"
"581513","221281","2025-12-11","36.00","NZD","1762101513","23477/2025-12-11/1762101513.json"
"581514","221282","2025-12-11","36.00","NZD","1762101513","23477/2025-12-11/1762101513.json"
"512557","146154","2025-12-11","45.00","NZD","1762101513","23477/2025-12-11/1762101513.json"
"365170","146153","2025-12-11","48.00","NZD","1762101513","23477/2025-12-11/1762101513.json"
"510807","146155","2025-12-11","52.00","NZD","1762101513","23477/2025-12-11/1762101513.json"
"581513","221281","2025-12-12","36.00","NZD","1762101513","23477/2025-12-12/1762101513.json"
"581514","221282","2025-12-12","36.00","NZD","1762101513","23477/2025-12-12/1762101513.json"
"581513","221281","2025-12-13","36.00","NZD","1762101513","23477/2025-12-13/1762101513.json"
"512557","146154","2025-12-12","45.00","NZD","1762101513","23477/2025-12-12/1762101513.json"
"581514","221282","2025-12-13","36.00","NZD","1762101513","23477/2025-12-13/1762101513.json"
"512557","146154","2025-12-13","45.00","NZD","1762101513","23477/2025-12-13/1762101513.json"
"365170","146153","2025-12-12","48.00","NZD","1762101513","23477/2025-12-12/1762101513.json"
"365170","146153","2025-12-13","48.00","NZD","1762101513","23477/2025-12-13/1762101513.json"
"510807","146155","2025-12-13","52.00","NZD","1762101513","23477/2025-12-13/1762101513.json"
"510807","146155","2025-12-12","52.00","NZD","1762101513","23477/2025-12-12/1762101513.json"
"581513","221281","2025-12-15","36.00","NZD","1762101513","23477/2025-12-15/1762101513.json"
"581514","221282","2025-12-15","36.00","NZD","1762101513","23477/2025-12-15/1762101513.json"
"512557","146154","2025-12-15","45.00","NZD","1762101513","23477/2025-12-15/1762101513.json"
"365170","146153","2025-12-15","48.00","NZD","1762101513","23477/2025-12-15/1762101513.json"
"510807","146155","2025-12-15","52.00","NZD","1762101513","23477/2025-12-15/1762101513.json"
"581513","221281","2025-12-14","36.00","NZD","1762101513","23477/2025-12-14/1762101513.json"
"581514","221282","2025-12-14","36.00","NZD","1762101513","23477/2025-12-14/1762101513.json"
"512557","146154","2025-12-14","45.00","NZD","1762101513","23477/2025-12-14/1762101513.json"
"365170","146153","2025-12-14","48.00","NZD","1762101513","23477/2025-12-14/1762101513.json"
"510807","146155","2025-12-14","52.00","NZD","1762101513","23477/2025-12-14/1762101513.json"
"581513","221281","2025-12-17","36.00","NZD","1762101513","23477/2025-12-17/1762101513.json"
"581514","221282","2025-12-17","36.00","NZD","1762101513","23477/2025-12-17/1762101513.json"
"512557","146154","2025-12-17","45.00","NZD","1762101513","23477/2025-12-17/1762101513.json"
"365170","146153","2025-12-17","48.00","NZD","1762101513","23477/2025-12-17/1762101513.json"
"510807","146155","2025-12-17","52.00","NZD","1762101513","23477/2025-12-17/1762101513.json"
"581513","221281","2025-12-16","36.00","NZD","1762101513","23477/2025-12-16/1762101513.json"
"581514","221282","2025-12-16","36.00","NZD","1762101513","23477/2025-12-16/1762101513.json"
"512557","146154","2025-12-16","45.00","NZD","1762101513","23477/2025-12-16/1762101513.json"
"365170","146153","2025-12-16","48.00","NZD","1762101513","23477/2025-12-16/1762101513.json"
"510807","146155","2025-12-16","52.00","NZD","1762101513","23477/2025-12-16/1762101513.json"
"581513","221281","2025-12-18","36.00","NZD","1762101513","23477/2025-12-18/1762101513.json"
"581514","221282","2025-12-18","36.00","NZD","1762101513","23477/2025-12-18/1762101513.json"
"512557","146154","2025-12-18","45.00","NZD","1762101513","23477/2025-12-18/1762101513.json"
"365170","146153","2025-12-18","48.00","NZD","1762101513","23477/2025-12-18/1762101513.json"
"510807","146155","2025-12-18","52.00","NZD","1762101513","23477/2025-12-18/1762101513.json"
"581513","221281","2025-12-19","36.00","NZD","1762101513","23477/2025-12-19/1762101513.json"
"581514","221282","2025-12-19","36.00","NZD","1762101513","23477/2025-12-19/1762101513.json"
"512557","146154","2025-12-19","45.00","NZD","1762101513","23477/2025-12-19/1762101513.json"
"365170","146153","2025-12-19","48.00","NZD","1762101513","23477/2025-12-19/1762101513.json"
"510807","146155","2025-12-19","52.00","NZD","1762101513","23477/2025-12-19/1762101513.json"
"581513","221281","2025-12-20","36.00","NZD","1762101513","23477/2025-12-20/1762101513.json"
"581514","221282","2025-12-20","36.00","NZD","1762101513","23477/2025-12-20/1762101513.json"
"512557","146154","2025-12-20","45.00","NZD","1762101513","23477/2025-12-20/1762101513.json"
"365170","146153","2025-12-20","48.00","NZD","1762101513","23477/2025-12-20/1762101513.json"
"510807","146155","2025-12-20","52.00","NZD","1762101513","23477/2025-12-20/1762101513.json"
"581513","221281","2025-12-21","36.00","NZD","1762101513","23477/2025-12-21/1762101513.json"
"581514","221282","2025-12-21","36.00","NZD","1762101513","23477/2025-12-21/1762101513.json"
"512557","146154","2025-12-21","45.00","NZD","1762101513","23477/2025-12-21/1762101513.json"
"365170","146153","2025-12-21","48.00","NZD","1762101513","23477/2025-12-21/1762101513.json"
"510807","146155","2025-12-21","52.00","NZD","1762101513","23477/2025-12-21/1762101513.json"
"581513","221281","2025-12-22","36.00","NZD","1762101513","23477/2025-12-22/1762101513.json"
"581514","221282","2025-12-22","36.00","NZD","1762101513","23477/2025-12-22/1762101513.json"
"512557","146154","2025-12-22","45.00","NZD","1762101513","23477/2025-12-22/1762101513.json"
"365170","146153","2025-12-22","48.00","NZD","1762101513","23477/2025-12-22/1762101513.json"
"510807","146155","2025-12-22","52.00","NZD","1762101513","23477/2025-12-22/1762101513.json"
"581513","221281","2025-12-24","38.00","NZD","1762101513","23477/2025-12-24/1762101513.json"
"581514","221282","2025-12-24","38.00","NZD","1762101513","23477/2025-12-24/1762101513.json"
"512557","146154","2025-12-24","45.00","NZD","1762101513","23477/2025-12-24/1762101513.json"
"365170","146153","2025-12-24","48.00","NZD","1762101513","23477/2025-12-24/1762101513.json"
"510807","146155","2025-12-24","52.00","NZD","1762101513","23477/2025-12-24/1762101513.json"
"581513","221281","2025-12-23","38.00","NZD","1762101513","23477/2025-12-23/1762101513.json"
"581514","221282","2025-12-23","38.00","NZD","1762101513","23477/2025-12-23/1762101513.json"
"512557","146154","2025-12-23","45.00","NZD","1762101513","23477/2025-12-23/1762101513.json"
"365170","146153","2025-12-23","48.00","NZD","1762101513","23477/2025-12-23/1762101513.json"
"510807","146155","2025-12-23","52.00","NZD","1762101513","23477/2025-12-23/1762101513.json"
"581513","221281","2025-12-25","38.00","NZD","1762101513","23477/2025-12-25/1762101513.json"
"581514","221282","2025-12-25","38.00","NZD","1762101513","23477/2025-12-25/1762101513.json"
"512557","146154","2025-12-25","45.00","NZD","1762101513","23477/2025-12-25/1762101513.json"
"365170","146153","2025-12-25","48.00","NZD","1762101513","23477/2025-12-25/1762101513.json"
"510807","146155","2025-12-25","52.00","NZD","1762101513","23477/2025-12-25/1762101513.json"
"581513","221281","2025-12-26","42.00","NZD","1762101513","23477/2025-12-26/1762101513.json"
"581514","221282","2025-12-26","42.00","NZD","1762101513","23477/2025-12-26/1762101513.json"
"512557","146154","2025-12-26","45.00","NZD","1762101513","23477/2025-12-26/1762101513.json"
"365170","146153","2025-12-26","48.00","NZD","1762101513","23477/2025-12-26/1762101513.json"
"510807","146155","2025-12-26","52.00","NZD","1762101513","23477/2025-12-26/1762101513.json"
"581513","221281","2025-12-27","42.00","NZD","1762101513","23477/2025-12-27/1762101513.json"
"581513","221281","2025-12-28","42.00","NZD","1762101513","23477/2025-12-28/1762101513.json"
"581514","221282","2025-12-28","42.00","NZD","1762101513","23477/2025-12-28/1762101513.json"
"581514","221282","2025-12-27","42.00","NZD","1762101513","23477/2025-12-27/1762101513.json"
"512557","146154","2025-12-28","45.00","NZD","1762101513","23477/2025-12-28/1762101513.json"
"365170","146153","2025-12-28","48.00","NZD","1762101513","23477/2025-12-28/1762101513.json"
"512557","146154","2025-12-27","45.00","NZD","1762101513","23477/2025-12-27/1762101513.json"
"510807","146155","2025-12-28","52.00","NZD","1762101513","23477/2025-12-28/1762101513.json"
"365170","146153","2025-12-27","48.00","NZD","1762101513","23477/2025-12-27/1762101513.json"
"510807","146155","2025-12-27","52.00","NZD","1762101513","23477/2025-12-27/1762101513.json"
"581513","221281","2025-12-30","42.00","NZD","1762101513","23477/2025-12-30/1762101513.json"
"581514","221282","2025-12-30","42.00","NZD","1762101513","23477/2025-12-30/1762101513.json"
"512557","146154","2025-12-30","45.00","NZD","1762101513","23477/2025-12-30/1762101513.json"
"365170","146153","2025-12-30","48.00","NZD","1762101513","23477/2025-12-30/1762101513.json"
"510807","146155","2025-12-30","52.00","NZD","1762101513","23477/2025-12-30/1762101513.json"
"581513","221281","2025-12-29","42.00","NZD","1762101513","23477/2025-12-29/1762101513.json"
"581514","221282","2025-12-29","42.00","NZD","1762101513","23477/2025-12-29/1762101513.json"
"512557","146154","2025-12-29","45.00","NZD","1762101513","23477/2025-12-29/1762101513.json"
"365170","146153","2025-12-29","48.00","NZD","1762101513","23477/2025-12-29/1762101513.json"
"510807","146155","2025-12-29","52.00","NZD","1762101513","23477/2025-12-29/1762101513.json"
"581513","221281","2026-01-01","42.00","NZD","1762101513","23477/2026-01-01/1762101513.json"
"581514","221282","2026-01-01","42.00","NZD","1762101513","23477/2026-01-01/1762101513.json"
"512557","146154","2026-01-01","45.00","NZD","1762101513","23477/2026-01-01/1762101513.json"
"365170","146153","2026-01-01","48.00","NZD","1762101513","23477/2026-01-01/1762101513.json"
"510807","146155","2026-01-01","52.00","NZD","1762101513","23477/2026-01-01/1762101513.json"
"581513","221281","2025-12-31","42.00","NZD","1762101513","23477/2025-12-31/1762101513.json"
"581514","221282","2025-12-31","42.00","NZD","1762101513","23477/2025-12-31/1762101513.json"
"512557","146154","2025-12-31","45.00","NZD","1762101513","23477/2025-12-31/1762101513.json"
"365170","146153","2025-12-31","48.00","NZD","1762101513","23477/2025-12-31/1762101513.json"
"510807","146155","2025-12-31","52.00","NZD","1762101513","23477/2025-12-31/1762101513.json"
"581513","221281","2025-11-05","36.00","NZD","1762115718","23477/2025-11-05/1762115718.json"
"581514","221282","2025-11-05","36.00","NZD","1762115718","23477/2025-11-05/1762115718.json"
"512557","146154","2025-11-05","45.00","NZD","1762115718","23477/2025-11-05/1762115718.json"
"365170","146153","2025-11-05","48.00","NZD","1762115718","23477/2025-11-05/1762115718.json"
"510807","146155","2025-11-05","52.00","NZD","1762115718","23477/2025-11-05/1762115718.json"
"581513","221281","2025-11-04","36.00","NZD","1762115718","23477/2025-11-04/1762115718.json"
"581514","221282","2025-11-04","36.00","NZD","1762115718","23477/2025-11-04/1762115718.json"
"512557","146154","2025-11-04","45.00","NZD","1762115718","23477/2025-11-04/1762115718.json"
"365170","146153","2025-11-04","48.00","NZD","1762115718","23477/2025-11-04/1762115718.json"
"510807","146155","2025-11-04","52.00","NZD","1762115718","23477/2025-11-04/1762115718.json"
"581513","221281","2025-11-03","36.00","NZD","1762115718","23477/2025-11-03/1762115718.json"
"581514","221282","2025-11-03","36.00","NZD","1762115718","23477/2025-11-03/1762115718.json"
"512557","146154","2025-11-03","45.00","NZD","1762115718","23477/2025-11-03/1762115718.json"
"365170","146153","2025-11-03","48.00","NZD","1762115718","23477/2025-11-03/1762115718.json"
"510807","146155","2025-11-03","52.00","NZD","1762115718","23477/2025-11-03/1762115718.json"
"581513","221281","2025-11-06","36.00","NZD","1762115718","23477/2025-11-06/1762115718.json"
"581514","221282","2025-11-06","36.00","NZD","1762115718","23477/2025-11-06/1762115718.json"
"512557","146154","2025-11-06","45.00","NZD","1762115718","23477/2025-11-06/1762115718.json"
"365170","146153","2025-11-06","48.00","NZD","1762115718","23477/2025-11-06/1762115718.json"
"510807","146155","2025-11-06","52.00","NZD","1762115718","23477/2025-11-06/1762115718.json"
"581513","221281","2025-11-07","36.00","NZD","1762115718","23477/2025-11-07/1762115718.json"
"581514","221282","2025-11-07","36.00","NZD","1762115718","23477/2025-11-07/1762115718.json"
"512557","146154","2025-11-07","45.00","NZD","1762115718","23477/2025-11-07/1762115718.json"
"365170","146153","2025-11-07","48.00","NZD","1762115718","23477/2025-11-07/1762115718.json"
"510807","146155","2025-11-07","52.00","NZD","1762115718","23477/2025-11-07/1762115718.json"
"581513","221281","2025-11-09","36.00","NZD","1762115718","23477/2025-11-09/1762115718.json"
"581514","221282","2025-11-09","36.00","NZD","1762115718","23477/2025-11-09/1762115718.json"
"512557","146154","2025-11-09","45.00","NZD","1762115718","23477/2025-11-09/1762115718.json"
"365170","146153","2025-11-09","48.00","NZD","1762115718","23477/2025-11-09/1762115718.json"
"510807","146155","2025-11-09","52.00","NZD","1762115718","23477/2025-11-09/1762115718.json"
"581513","221281","2025-11-08","36.00","NZD","1762115718","23477/2025-11-08/1762115718.json"
"581514","221282","2025-11-08","36.00","NZD","1762115718","23477/2025-11-08/1762115718.json"
"512557","146154","2025-11-08","45.00","NZD","1762115718","23477/2025-11-08/1762115718.json"
"365170","146153","2025-11-08","48.00","NZD","1762115718","23477/2025-11-08/1762115718.json"
"510807","146155","2025-11-08","52.00","NZD","1762115718","23477/2025-11-08/1762115718.json"
"581513","221281","2025-11-10","36.00","NZD","1762115718","23477/2025-11-10/1762115718.json"
"581514","221282","2025-11-10","36.00","NZD","1762115718","23477/2025-11-10/1762115718.json"
"512557","146154","2025-11-10","45.00","NZD","1762115718","23477/2025-11-10/1762115718.json"
"365170","146153","2025-11-10","48.00","NZD","1762115718","23477/2025-11-10/1762115718.json"
"510807","146155","2025-11-10","52.00","NZD","1762115718","23477/2025-11-10/1762115718.json"
"581513","221281","2025-11-11","36.00","NZD","1762115718","23477/2025-11-11/1762115718.json"
"581513","221281","2025-11-13","36.00","NZD","1762115718","23477/2025-11-13/1762115718.json"
"581514","221282","2025-11-13","36.00","NZD","1762115718","23477/2025-11-13/1762115718.json"
"581514","221282","2025-11-11","36.00","NZD","1762115718","23477/2025-11-11/1762115718.json"
"512557","146154","2025-11-13","45.00","NZD","1762115718","23477/2025-11-13/1762115718.json"
"365170","146153","2025-11-13","48.00","NZD","1762115718","23477/2025-11-13/1762115718.json"
"512557","146154","2025-11-11","45.00","NZD","1762115718","23477/2025-11-11/1762115718.json"
"510807","146155","2025-11-13","52.00","NZD","1762115718","23477/2025-11-13/1762115718.json"
"365170","146153","2025-11-11","48.00","NZD","1762115718","23477/2025-11-11/1762115718.json"
"510807","146155","2025-11-11","52.00","NZD","1762115718","23477/2025-11-11/1762115718.json"
"581513","221281","2025-11-12","36.00","NZD","1762115718","23477/2025-11-12/1762115718.json"
"581514","221282","2025-11-12","36.00","NZD","1762115718","23477/2025-11-12/1762115718.json"
"512557","146154","2025-11-12","45.00","NZD","1762115718","23477/2025-11-12/1762115718.json"
"365170","146153","2025-11-12","48.00","NZD","1762115718","23477/2025-11-12/1762115718.json"
"510807","146155","2025-11-12","52.00","NZD","1762115718","23477/2025-11-12/1762115718.json"
"581513","221281","2025-11-14","36.00","NZD","1762115718","23477/2025-11-14/1762115718.json"
"581514","221282","2025-11-14","36.00","NZD","1762115718","23477/2025-11-14/1762115718.json"
"512557","146154","2025-11-14","45.00","NZD","1762115718","23477/2025-11-14/1762115718.json"
"365170","146153","2025-11-14","48.00","NZD","1762115718","23477/2025-11-14/1762115718.json"
"510807","146155","2025-11-14","52.00","NZD","1762115718","23477/2025-11-14/1762115718.json"
"581513","221281","2025-11-15","36.00","NZD","1762115718","23477/2025-11-15/1762115718.json"
"581514","221282","2025-11-15","36.00","NZD","1762115718","23477/2025-11-15/1762115718.json"
"512557","146154","2025-11-15","45.00","NZD","1762115718","23477/2025-11-15/1762115718.json"
"365170","146153","2025-11-15","48.00","NZD","1762115718","23477/2025-11-15/1762115718.json"
"510807","146155","2025-11-15","52.00","NZD","1762115718","23477/2025-11-15/1762115718.json"
"581513","221281","2025-11-16","36.00","NZD","1762115718","23477/2025-11-16/1762115718.json"
"581514","221282","2025-11-16","36.00","NZD","1762115718","23477/2025-11-16/1762115718.json"
"512557","146154","2025-11-16","45.00","NZD","1762115718","23477/2025-11-16/1762115718.json"
"365170","146153","2025-11-16","48.00","NZD","1762115718","23477/2025-11-16/1762115718.json"
"510807","146155","2025-11-16","52.00","NZD","1762115718","23477/2025-11-16/1762115718.json"
"581513","221281","2025-11-17","36.00","NZD","1762115718","23477/2025-11-17/1762115718.json"
"581514","221282","2025-11-17","36.00","NZD","1762115718","23477/2025-11-17/1762115718.json"
"512557","146154","2025-11-17","45.00","NZD","1762115718","23477/2025-11-17/1762115718.json"
"365170","146153","2025-11-17","48.00","NZD","1762115718","23477/2025-11-17/1762115718.json"
"510807","146155","2025-11-17","52.00","NZD","1762115718","23477/2025-11-17/1762115718.json"
"581513","221281","2025-11-18","36.00","NZD","1762115718","23477/2025-11-18/1762115718.json"
"581514","221282","2025-11-18","36.00","NZD","1762115718","23477/2025-11-18/1762115718.json"
"512557","146154","2025-11-18","45.00","NZD","1762115718","23477/2025-11-18/1762115718.json"
"365170","146153","2025-11-18","48.00","NZD","1762115718","23477/2025-11-18/1762115718.json"
"510807","146155","2025-11-18","52.00","NZD","1762115718","23477/2025-11-18/1762115718.json"
"581513","221281","2025-11-19","36.00","NZD","1762115718","23477/2025-11-19/1762115718.json"
"581514","221282","2025-11-19","36.00","NZD","1762115718","23477/2025-11-19/1762115718.json"
"512557","146154","2025-11-19","45.00","NZD","1762115718","23477/2025-11-19/1762115718.json"
"365170","146153","2025-11-19","48.00","NZD","1762115718","23477/2025-11-19/1762115718.json"
"510807","146155","2025-11-19","52.00","NZD","1762115718","23477/2025-11-19/1762115718.json"
"581513","221281","2025-11-20","36.00","NZD","1762115718","23477/2025-11-20/1762115718.json"
"581514","221282","2025-11-20","36.00","NZD","1762115718","23477/2025-11-20/1762115718.json"
"512557","146154","2025-11-20","45.00","NZD","1762115718","23477/2025-11-20/1762115718.json"
"581513","221281","2025-11-21","36.00","NZD","1762115718","23477/2025-11-21/1762115718.json"
"581514","221282","2025-11-21","36.00","NZD","1762115718","23477/2025-11-21/1762115718.json"
"512557","146154","2025-11-21","45.00","NZD","1762115718","23477/2025-11-21/1762115718.json"
"365170","146153","2025-11-21","48.00","NZD","1762115718","23477/2025-11-21/1762115718.json"
"510807","146155","2025-11-21","52.00","NZD","1762115718","23477/2025-11-21/1762115718.json"
"581513","221281","2025-11-22","36.00","NZD","1762115718","23477/2025-11-22/1762115718.json"
"581514","221282","2025-11-22","36.00","NZD","1762115718","23477/2025-11-22/1762115718.json"
"512557","146154","2025-11-22","45.00","NZD","1762115718","23477/2025-11-22/1762115718.json"
"365170","146153","2025-11-22","48.00","NZD","1762115718","23477/2025-11-22/1762115718.json"
"510807","146155","2025-11-22","52.00","NZD","1762115718","23477/2025-11-22/1762115718.json"
"581513","221281","2025-11-24","36.00","NZD","1762115718","23477/2025-11-24/1762115718.json"
"581514","221282","2025-11-24","36.00","NZD","1762115718","23477/2025-11-24/1762115718.json"
"512557","146154","2025-11-24","45.00","NZD","1762115718","23477/2025-11-24/1762115718.json"
"365170","146153","2025-11-24","48.00","NZD","1762115718","23477/2025-11-24/1762115718.json"
"510807","146155","2025-11-24","52.00","NZD","1762115718","23477/2025-11-24/1762115718.json"
"581513","221281","2025-11-23","36.00","NZD","1762115718","23477/2025-11-23/1762115718.json"
"581514","221282","2025-11-23","36.00","NZD","1762115718","23477/2025-11-23/1762115718.json"
"512557","146154","2025-11-23","45.00","NZD","1762115718","23477/2025-11-23/1762115718.json"
"365170","146153","2025-11-23","48.00","NZD","1762115718","23477/2025-11-23/1762115718.json"
"510807","146155","2025-11-23","52.00","NZD","1762115718","23477/2025-11-23/1762115718.json"
"581513","221281","2025-11-25","36.00","NZD","1762115718","23477/2025-11-25/1762115718.json"
"581514","221282","2025-11-25","36.00","NZD","1762115718","23477/2025-11-25/1762115718.json"
"512557","146154","2025-11-25","45.00","NZD","1762115718","23477/2025-11-25/1762115718.json"
"365170","146153","2025-11-25","48.00","NZD","1762115718","23477/2025-11-25/1762115718.json"
"510807","146155","2025-11-25","52.00","NZD","1762115718","23477/2025-11-25/1762115718.json"
"581513","221281","2025-11-26","36.00","NZD","1762115718","23477/2025-11-26/1762115718.json"
"581514","221282","2025-11-26","36.00","NZD","1762115718","23477/2025-11-26/1762115718.json"
"512557","146154","2025-11-26","45.00","NZD","1762115718","23477/2025-11-26/1762115718.json"
"365170","146153","2025-11-26","48.00","NZD","1762115718","23477/2025-11-26/1762115718.json"
"510807","146155","2025-11-26","52.00","NZD","1762115718","23477/2025-11-26/1762115718.json"
"581513","221281","2025-11-27","36.00","NZD","1762115718","23477/2025-11-27/1762115718.json"
"581514","221282","2025-11-27","36.00","NZD","1762115718","23477/2025-11-27/1762115718.json"
"512557","146154","2025-11-27","45.00","NZD","1762115718","23477/2025-11-27/1762115718.json"
"365170","146153","2025-11-27","48.00","NZD","1762115718","23477/2025-11-27/1762115718.json"
"510807","146155","2025-11-27","52.00","NZD","1762115718","23477/2025-11-27/1762115718.json"
"581513","221281","2025-11-29","36.00","NZD","1762115718","23477/2025-11-29/1762115718.json"
"581514","221282","2025-11-29","36.00","NZD","1762115718","23477/2025-11-29/1762115718.json"
"512557","146154","2025-11-29","45.00","NZD","1762115718","23477/2025-11-29/1762115718.json"
"365170","146153","2025-11-29","48.00","NZD","1762115718","23477/2025-11-29/1762115718.json"
"510807","146155","2025-11-29","52.00","NZD","1762115718","23477/2025-11-29/1762115718.json"
"581513","221281","2025-11-28","36.00","NZD","1762115718","23477/2025-11-28/1762115718.json"
"581514","221282","2025-11-28","36.00","NZD","1762115718","23477/2025-11-28/1762115718.json"
"512557","146154","2025-11-28","45.00","NZD","1762115718","23477/2025-11-28/1762115718.json"
"365170","146153","2025-11-28","48.00","NZD","1762115718","23477/2025-11-28/1762115718.json"
"510807","146155","2025-11-28","52.00","NZD","1762115718","23477/2025-11-28/1762115718.json"
"581513","221281","2025-11-30","36.00","NZD","1762115718","23477/2025-11-30/1762115718.json"
"581514","221282","2025-11-30","36.00","NZD","1762115718","23477/2025-11-30/1762115718.json"
"512557","146154","2025-11-30","45.00","NZD","1762115718","23477/2025-11-30/1762115718.json"
"365170","146153","2025-11-30","48.00","NZD","1762115718","23477/2025-11-30/1762115718.json"
"510807","146155","2025-11-30","52.00","NZD","1762115718","23477/2025-11-30/1762115718.json"
"581513","221281","2025-12-01","36.00","NZD","1762115718","23477/2025-12-01/1762115718.json"
"581514","221282","2025-12-01","36.00","NZD","1762115718","23477/2025-12-01/1762115718.json"
"512557","146154","2025-12-01","45.00","NZD","1762115718","23477/2025-12-01/1762115718.json"
"365170","146153","2025-12-01","48.00","NZD","1762115718","23477/2025-12-01/1762115718.json"
"510807","146155","2025-12-01","52.00","NZD","1762115718","23477/2025-12-01/1762115718.json"
"581513","221281","2025-12-02","36.00","NZD","1762115718","23477/2025-12-02/1762115718.json"
"581514","221282","2025-12-02","36.00","NZD","1762115718","23477/2025-12-02/1762115718.json"
"512557","146154","2025-12-02","45.00","NZD","1762115718","23477/2025-12-02/1762115718.json"
"365170","146153","2025-12-02","48.00","NZD","1762115718","23477/2025-12-02/1762115718.json"
"510807","146155","2025-12-02","52.00","NZD","1762115718","23477/2025-12-02/1762115718.json"
"581513","221281","2025-12-03","36.00","NZD","1762115718","23477/2025-12-03/1762115718.json"
"581514","221282","2025-12-03","36.00","NZD","1762115718","23477/2025-12-03/1762115718.json"
"512557","146154","2025-12-03","45.00","NZD","1762115718","23477/2025-12-03/1762115718.json"
"365170","146153","2025-12-03","48.00","NZD","1762115718","23477/2025-12-03/1762115718.json"
"510807","146155","2025-12-03","52.00","NZD","1762115718","23477/2025-12-03/1762115718.json"
"581513","221281","2025-12-04","36.00","NZD","1762115718","23477/2025-12-04/1762115718.json"
"581514","221282","2025-12-04","36.00","NZD","1762115718","23477/2025-12-04/1762115718.json"
"512557","146154","2025-12-04","45.00","NZD","1762115718","23477/2025-12-04/1762115718.json"
"365170","146153","2025-12-04","48.00","NZD","1762115718","23477/2025-12-04/1762115718.json"
"510807","146155","2025-12-04","52.00","NZD","1762115718","23477/2025-12-04/1762115718.json"
"581513","221281","2025-12-05","36.00","NZD","1762115718","23477/2025-12-05/1762115718.json"
"581514","221282","2025-12-05","36.00","NZD","1762115718","23477/2025-12-05/1762115718.json"
"512557","146154","2025-12-05","45.00","NZD","1762115718","23477/2025-12-05/1762115718.json"
"365170","146153","2025-12-05","48.00","NZD","1762115718","23477/2025-12-05/1762115718.json"
"510807","146155","2025-12-05","52.00","NZD","1762115718","23477/2025-12-05/1762115718.json"
"581513","221281","2025-12-07","36.00","NZD","1762115718","23477/2025-12-07/1762115718.json"
"581514","221282","2025-12-07","36.00","NZD","1762115718","23477/2025-12-07/1762115718.json"
"512557","146154","2025-12-07","45.00","NZD","1762115718","23477/2025-12-07/1762115718.json"
"365170","146153","2025-12-07","48.00","NZD","1762115718","23477/2025-12-07/1762115718.json"
"510807","146155","2025-12-07","52.00","NZD","1762115718","23477/2025-12-07/1762115718.json"
"581513","221281","2025-12-08","36.00","NZD","1762115718","23477/2025-12-08/1762115718.json"
"581514","221282","2025-12-08","36.00","NZD","1762115718","23477/2025-12-08/1762115718.json"
"512557","146154","2025-12-08","45.00","NZD","1762115718","23477/2025-12-08/1762115718.json"
"365170","146153","2025-12-08","48.00","NZD","1762115718","23477/2025-12-08/1762115718.json"
"510807","146155","2025-12-08","52.00","NZD","1762115718","23477/2025-12-08/1762115718.json"
"581513","221281","2025-12-09","36.00","NZD","1762115718","23477/2025-12-09/1762115718.json"
"581514","221282","2025-12-09","36.00","NZD","1762115718","23477/2025-12-09/1762115718.json"
"512557","146154","2025-12-09","45.00","NZD","1762115718","23477/2025-12-09/1762115718.json"
"365170","146153","2025-12-09","48.00","NZD","1762115718","23477/2025-12-09/1762115718.json"
"510807","146155","2025-12-09","52.00","NZD","1762115718","23477/2025-12-09/1762115718.json"
"581513","221281","2025-12-10","36.00","NZD","1762115718","23477/2025-12-10/1762115718.json"
"581514","221282","2025-12-10","36.00","NZD","1762115718","23477/2025-12-10/1762115718.json"
"512557","146154","2025-12-10","45.00","NZD","1762115718","23477/2025-12-10/1762115718.json"
"365170","146153","2025-12-10","48.00","NZD","1762115718","23477/2025-12-10/1762115718.json"
"510807","146155","2025-12-10","52.00","NZD","1762115718","23477/2025-12-10/1762115718.json"
"581513","221281","2025-12-11","36.00","NZD","1762115718","23477/2025-12-11/1762115718.json"
"581514","221282","2025-12-11","36.00","NZD","1762115718","23477/2025-12-11/1762115718.json"
"512557","146154","2025-12-11","45.00","NZD","1762115718","23477/2025-12-11/1762115718.json"
"365170","146153","2025-12-11","48.00","NZD","1762115718","23477/2025-12-11/1762115718.json"
"510807","146155","2025-12-11","52.00","NZD","1762115718","23477/2025-12-11/1762115718.json"
"581513","221281","2025-12-12","36.00","NZD","1762115718","23477/2025-12-12/1762115718.json"
"581514","221282","2025-12-12","36.00","NZD","1762115718","23477/2025-12-12/1762115718.json"
"512557","146154","2025-12-12","45.00","NZD","1762115718","23477/2025-12-12/1762115718.json"
"365170","146153","2025-12-12","48.00","NZD","1762115718","23477/2025-12-12/1762115718.json"
"510807","146155","2025-12-12","52.00","NZD","1762115718","23477/2025-12-12/1762115718.json"
"581513","221281","2025-12-13","36.00","NZD","1762115718","23477/2025-12-13/1762115718.json"
"581514","221282","2025-12-13","36.00","NZD","1762115718","23477/2025-12-13/1762115718.json"
"512557","146154","2025-12-13","45.00","NZD","1762115718","23477/2025-12-13/1762115718.json"
"365170","146153","2025-12-13","48.00","NZD","1762115718","23477/2025-12-13/1762115718.json"
"510807","146155","2025-12-13","52.00","NZD","1762115718","23477/2025-12-13/1762115718.json"
"581513","221281","2025-12-14","36.00","NZD","1762115718","23477/2025-12-14/1762115718.json"
"581514","221282","2025-12-14","36.00","NZD","1762115718","23477/2025-12-14/1762115718.json"
"512557","146154","2025-12-14","45.00","NZD","1762115718","23477/2025-12-14/1762115718.json"
"365170","146153","2025-12-14","48.00","NZD","1762115718","23477/2025-12-14/1762115718.json"
"510807","146155","2025-12-14","52.00","NZD","1762115718","23477/2025-12-14/1762115718.json"
"581513","221281","2025-12-15","36.00","NZD","1762115718","23477/2025-12-15/1762115718.json"
"581514","221282","2025-12-15","36.00","NZD","1762115718","23477/2025-12-15/1762115718.json"
"512557","146154","2025-12-15","45.00","NZD","1762115718","23477/2025-12-15/1762115718.json"
"365170","146153","2025-12-15","48.00","NZD","1762115718","23477/2025-12-15/1762115718.json"
"510807","146155","2025-12-15","52.00","NZD","1762115718","23477/2025-12-15/1762115718.json"
"581513","221281","2025-12-06","36.00","NZD","1762115718","23477/2025-12-06/1762115718.json"
"581514","221282","2025-12-06","36.00","NZD","1762115718","23477/2025-12-06/1762115718.json"
"512557","146154","2025-12-06","45.00","NZD","1762115718","23477/2025-12-06/1762115718.json"
"365170","146153","2025-12-06","48.00","NZD","1762115718","23477/2025-12-06/1762115718.json"
"510807","146155","2025-12-06","52.00","NZD","1762115718","23477/2025-12-06/1762115718.json"
"581513","221281","2025-12-16","36.00","NZD","1762115718","23477/2025-12-16/1762115718.json"
"581514","221282","2025-12-16","36.00","NZD","1762115718","23477/2025-12-16/1762115718.json"
"512557","146154","2025-12-16","45.00","NZD","1762115718","23477/2025-12-16/1762115718.json"
"365170","146153","2025-12-16","48.00","NZD","1762115718","23477/2025-12-16/1762115718.json"
"510807","146155","2025-12-16","52.00","NZD","1762115718","23477/2025-12-16/1762115718.json"
"581513","221281","2025-12-17","36.00","NZD","1762115718","23477/2025-12-17/1762115718.json"
"581514","221282","2025-12-17","36.00","NZD","1762115718","23477/2025-12-17/1762115718.json"
"512557","146154","2025-12-17","45.00","NZD","1762115718","23477/2025-12-17/1762115718.json"
"365170","146153","2025-12-17","48.00","NZD","1762115718","23477/2025-12-17/1762115718.json"
"510807","146155","2025-12-17","52.00","NZD","1762115718","23477/2025-12-17/1762115718.json"
"581513","221281","2025-12-18","36.00","NZD","1762115718","23477/2025-12-18/1762115718.json"
"581514","221282","2025-12-18","36.00","NZD","1762115718","23477/2025-12-18/1762115718.json"
"512557","146154","2025-12-18","45.00","NZD","1762115718","23477/2025-12-18/1762115718.json"
"365170","146153","2025-12-18","48.00","NZD","1762115718","23477/2025-12-18/1762115718.json"
"510807","146155","2025-12-18","52.00","NZD","1762115718","23477/2025-12-18/1762115718.json"
"581513","221281","2025-12-19","36.00","NZD","1762115718","23477/2025-12-19/1762115718.json"
"581514","221282","2025-12-19","36.00","NZD","1762115718","23477/2025-12-19/1762115718.json"
"512557","146154","2025-12-19","45.00","NZD","1762115718","23477/2025-12-19/1762115718.json"
"365170","146153","2025-12-19","48.00","NZD","1762115718","23477/2025-12-19/1762115718.json"
"510807","146155","2025-12-19","52.00","NZD","1762115718","23477/2025-12-19/1762115718.json"
"581513","221281","2025-12-20","36.00","NZD","1762115718","23477/2025-12-20/1762115718.json"
"581514","221282","2025-12-20","36.00","NZD","1762115718","23477/2025-12-20/1762115718.json"
"512557","146154","2025-12-20","45.00","NZD","1762115718","23477/2025-12-20/1762115718.json"
"365170","146153","2025-12-20","48.00","NZD","1762115718","23477/2025-12-20/1762115718.json"
"510807","146155","2025-12-20","52.00","NZD","1762115718","23477/2025-12-20/1762115718.json"
"581513","221281","2025-12-21","36.00","NZD","1762115718","23477/2025-12-21/1762115718.json"
"581514","221282","2025-12-21","36.00","NZD","1762115718","23477/2025-12-21/1762115718.json"
"512557","146154","2025-12-21","45.00","NZD","1762115718","23477/2025-12-21/1762115718.json"
"365170","146153","2025-12-21","48.00","NZD","1762115718","23477/2025-12-21/1762115718.json"
"510807","146155","2025-12-21","52.00","NZD","1762115718","23477/2025-12-21/1762115718.json"
"581513","221281","2025-12-22","36.00","NZD","1762115718","23477/2025-12-22/1762115718.json"
"581514","221282","2025-12-22","36.00","NZD","1762115718","23477/2025-12-22/1762115718.json"
"512557","146154","2025-12-22","45.00","NZD","1762115718","23477/2025-12-22/1762115718.json"
"365170","146153","2025-12-22","48.00","NZD","1762115718","23477/2025-12-22/1762115718.json"
"510807","146155","2025-12-22","52.00","NZD","1762115718","23477/2025-12-22/1762115718.json"
"581513","221281","2025-12-23","38.00","NZD","1762115718","23477/2025-12-23/1762115718.json"
"581514","221282","2025-12-23","38.00","NZD","1762115718","23477/2025-12-23/1762115718.json"
"512557","146154","2025-12-23","45.00","NZD","1762115718","23477/2025-12-23/1762115718.json"
"365170","146153","2025-12-23","48.00","NZD","1762115718","23477/2025-12-23/1762115718.json"
"510807","146155","2025-12-23","52.00","NZD","1762115718","23477/2025-12-23/1762115718.json"
"581513","221281","2025-12-25","38.00","NZD","1762115718","23477/2025-12-25/1762115718.json"
"581514","221282","2025-12-25","38.00","NZD","1762115718","23477/2025-12-25/1762115718.json"
"512557","146154","2025-12-25","45.00","NZD","1762115718","23477/2025-12-25/1762115718.json"
"365170","146153","2025-12-25","48.00","NZD","1762115718","23477/2025-12-25/1762115718.json"
"510807","146155","2025-12-25","52.00","NZD","1762115718","23477/2025-12-25/1762115718.json"
"581513","221281","2025-12-24","38.00","NZD","1762115718","23477/2025-12-24/1762115718.json"
"581514","221282","2025-12-24","38.00","NZD","1762115718","23477/2025-12-24/1762115718.json"
"512557","146154","2025-12-24","45.00","NZD","1762115718","23477/2025-12-24/1762115718.json"
"365170","146153","2025-12-24","48.00","NZD","1762115718","23477/2025-12-24/1762115718.json"
"510807","146155","2025-12-24","52.00","NZD","1762115718","23477/2025-12-24/1762115718.json"
"581513","221281","2025-12-27","42.00","NZD","1762115718","23477/2025-12-27/1762115718.json"
"581513","221281","2025-12-26","42.00","NZD","1762115718","23477/2025-12-26/1762115718.json"
"581514","221282","2025-12-27","42.00","NZD","1762115718","23477/2025-12-27/1762115718.json"
"581514","221282","2025-12-26","42.00","NZD","1762115718","23477/2025-12-26/1762115718.json"
"512557","146154","2025-12-27","45.00","NZD","1762115718","23477/2025-12-27/1762115718.json"
"512557","146154","2025-12-26","45.00","NZD","1762115718","23477/2025-12-26/1762115718.json"
"365170","146153","2025-12-26","48.00","NZD","1762115718","23477/2025-12-26/1762115718.json"
"365170","146153","2025-12-27","48.00","NZD","1762115718","23477/2025-12-27/1762115718.json"
"510807","146155","2025-12-26","52.00","NZD","1762115718","23477/2025-12-26/1762115718.json"
"510807","146155","2025-12-27","52.00","NZD","1762115718","23477/2025-12-27/1762115718.json"
"581513","221281","2025-12-29","42.00","NZD","1762115718","23477/2025-12-29/1762115718.json"
"581514","221282","2025-12-29","42.00","NZD","1762115718","23477/2025-12-29/1762115718.json"
"581513","221281","2025-12-28","42.00","NZD","1762115718","23477/2025-12-28/1762115718.json"
"512557","146154","2025-12-29","45.00","NZD","1762115718","23477/2025-12-29/1762115718.json"
"581514","221282","2025-12-28","42.00","NZD","1762115718","23477/2025-12-28/1762115718.json"
"512557","146154","2025-12-28","45.00","NZD","1762115718","23477/2025-12-28/1762115718.json"
"365170","146153","2025-12-29","48.00","NZD","1762115718","23477/2025-12-29/1762115718.json"
"365170","146153","2025-12-28","48.00","NZD","1762115718","23477/2025-12-28/1762115718.json"
"510807","146155","2025-12-28","52.00","NZD","1762115718","23477/2025-12-28/1762115718.json"
"510807","146155","2025-12-29","52.00","NZD","1762115718","23477/2025-12-29/1762115718.json"
"581513","221281","2025-12-30","42.00","NZD","1762115718","23477/2025-12-30/1762115718.json"
"581514","221282","2025-12-30","42.00","NZD","1762115718","23477/2025-12-30/1762115718.json"
"512557","146154","2025-12-30","45.00","NZD","1762115718","23477/2025-12-30/1762115718.json"
"365170","146153","2025-12-30","48.00","NZD","1762115718","23477/2025-12-30/1762115718.json"
"510807","146155","2025-12-30","52.00","NZD","1762115718","23477/2025-12-30/1762115718.json"
"581513","221281","2026-01-01","42.00","NZD","1762115718","23477/2026-01-01/1762115718.json"
"581514","221282","2026-01-01","42.00","NZD","1762115718","23477/2026-01-01/1762115718.json"
"512557","146154","2026-01-01","45.00","NZD","1762115718","23477/2026-01-01/1762115718.json"
"365170","146153","2026-01-01","48.00","NZD","1762115718","23477/2026-01-01/1762115718.json"
"510807","146155","2026-01-01","52.00","NZD","1762115718","23477/2026-01-01/1762115718.json"
"581513","221281","2025-12-31","42.00","NZD","1762115718","23477/2025-12-31/1762115718.json"
"581514","221282","2025-12-31","42.00","NZD","1762115718","23477/2025-12-31/1762115718.json"
"512557","146154","2025-12-31","45.00","NZD","1762115718","23477/2025-12-31/1762115718.json"
"365170","146153","2025-12-31","48.00","NZD","1762115718","23477/2025-12-31/1762115718.json"
"510807","146155","2025-12-31","52.00","NZD","1762115718","23477/2025-12-31/1762115718.json"
"581513","221281","2025-11-05","36.00","NZD","1762135404","23477/2025-11-05/1762135404.json"
"581514","221282","2025-11-05","36.00","NZD","1762135404","23477/2025-11-05/1762135404.json"
"512557","146154","2025-11-05","45.00","NZD","1762135404","23477/2025-11-05/1762135404.json"
"365170","146153","2025-11-05","48.00","NZD","1762135404","23477/2025-11-05/1762135404.json"
"510807","146155","2025-11-05","52.00","NZD","1762135404","23477/2025-11-05/1762135404.json"
"581513","221281","2025-11-06","36.00","NZD","1762135404","23477/2025-11-06/1762135404.json"
"581514","221282","2025-11-06","36.00","NZD","1762135404","23477/2025-11-06/1762135404.json"
"512557","146154","2025-11-06","45.00","NZD","1762135404","23477/2025-11-06/1762135404.json"
"365170","146153","2025-11-06","48.00","NZD","1762135404","23477/2025-11-06/1762135404.json"
"510807","146155","2025-11-06","52.00","NZD","1762135404","23477/2025-11-06/1762135404.json"
"581513","221281","2025-11-04","36.00","NZD","1762135404","23477/2025-11-04/1762135404.json"
"581514","221282","2025-11-04","36.00","NZD","1762135404","23477/2025-11-04/1762135404.json"
"512557","146154","2025-11-04","45.00","NZD","1762135404","23477/2025-11-04/1762135404.json"
"365170","146153","2025-11-04","48.00","NZD","1762135404","23477/2025-11-04/1762135404.json"
"510807","146155","2025-11-04","52.00","NZD","1762135404","23477/2025-11-04/1762135404.json"
"581513","221281","2025-11-07","36.00","NZD","1762135404","23477/2025-11-07/1762135404.json"
"581514","221282","2025-11-07","36.00","NZD","1762135404","23477/2025-11-07/1762135404.json"
"512557","146154","2025-11-07","45.00","NZD","1762135404","23477/2025-11-07/1762135404.json"
"365170","146153","2025-11-07","48.00","NZD","1762135404","23477/2025-11-07/1762135404.json"
"510807","146155","2025-11-07","52.00","NZD","1762135404","23477/2025-11-07/1762135404.json"
"581513","221281","2025-11-08","36.00","NZD","1762135404","23477/2025-11-08/1762135404.json"
"581514","221282","2025-11-08","36.00","NZD","1762135404","23477/2025-11-08/1762135404.json"
"512557","146154","2025-11-08","45.00","NZD","1762135404","23477/2025-11-08/1762135404.json"
"365170","146153","2025-11-08","48.00","NZD","1762135404","23477/2025-11-08/1762135404.json"
"510807","146155","2025-11-08","52.00","NZD","1762135404","23477/2025-11-08/1762135404.json"
"581513","221281","2025-11-09","36.00","NZD","1762135404","23477/2025-11-09/1762135404.json"
"581514","221282","2025-11-09","36.00","NZD","1762135404","23477/2025-11-09/1762135404.json"
"512557","146154","2025-11-09","45.00","NZD","1762135404","23477/2025-11-09/1762135404.json"
"365170","146153","2025-11-09","48.00","NZD","1762135404","23477/2025-11-09/1762135404.json"
"510807","146155","2025-11-09","52.00","NZD","1762135404","23477/2025-11-09/1762135404.json"
"581513","221281","2025-11-10","36.00","NZD","1762135404","23477/2025-11-10/1762135404.json"
"581514","221282","2025-11-10","36.00","NZD","1762135404","23477/2025-11-10/1762135404.json"
"512557","146154","2025-11-10","45.00","NZD","1762135404","23477/2025-11-10/1762135404.json"
"365170","146153","2025-11-10","48.00","NZD","1762135404","23477/2025-11-10/1762135404.json"
"510807","146155","2025-11-10","52.00","NZD","1762135404","23477/2025-11-10/1762135404.json"
"581513","221281","2025-11-11","36.00","NZD","1762135404","23477/2025-11-11/1762135404.json"
"581514","221282","2025-11-11","36.00","NZD","1762135404","23477/2025-11-11/1762135404.json"
"512557","146154","2025-11-11","45.00","NZD","1762135404","23477/2025-11-11/1762135404.json"
"365170","146153","2025-11-11","48.00","NZD","1762135404","23477/2025-11-11/1762135404.json"
"510807","146155","2025-11-11","52.00","NZD","1762135404","23477/2025-11-11/1762135404.json"
"581513","221281","2025-11-03","36.00","NZD","1762135404","23477/2025-11-03/1762135404.json"
"581514","221282","2025-11-03","36.00","NZD","1762135404","23477/2025-11-03/1762135404.json"
"512557","146154","2025-11-03","45.00","NZD","1762135404","23477/2025-11-03/1762135404.json"
"365170","146153","2025-11-03","48.00","NZD","1762135404","23477/2025-11-03/1762135404.json"
"510807","146155","2025-11-03","52.00","NZD","1762135404","23477/2025-11-03/1762135404.json"
"581513","221281","2025-11-12","36.00","NZD","1762135404","23477/2025-11-12/1762135404.json"
"581514","221282","2025-11-12","36.00","NZD","1762135404","23477/2025-11-12/1762135404.json"
"512557","146154","2025-11-12","45.00","NZD","1762135404","23477/2025-11-12/1762135404.json"
"365170","146153","2025-11-12","48.00","NZD","1762135404","23477/2025-11-12/1762135404.json"
"510807","146155","2025-11-12","52.00","NZD","1762135404","23477/2025-11-12/1762135404.json"
"581513","221281","2025-11-13","36.00","NZD","1762135404","23477/2025-11-13/1762135404.json"
"581514","221282","2025-11-13","36.00","NZD","1762135404","23477/2025-11-13/1762135404.json"
"512557","146154","2025-11-13","45.00","NZD","1762135404","23477/2025-11-13/1762135404.json"
"365170","146153","2025-11-13","48.00","NZD","1762135404","23477/2025-11-13/1762135404.json"
"510807","146155","2025-11-13","52.00","NZD","1762135404","23477/2025-11-13/1762135404.json"
"581513","221281","2025-11-14","36.00","NZD","1762135404","23477/2025-11-14/1762135404.json"
"581514","221282","2025-11-14","36.00","NZD","1762135404","23477/2025-11-14/1762135404.json"
"512557","146154","2025-11-14","45.00","NZD","1762135404","23477/2025-11-14/1762135404.json"
"365170","146153","2025-11-14","48.00","NZD","1762135404","23477/2025-11-14/1762135404.json"
"510807","146155","2025-11-14","52.00","NZD","1762135404","23477/2025-11-14/1762135404.json"
"581513","221281","2025-11-15","36.00","NZD","1762135404","23477/2025-11-15/1762135404.json"
"581514","221282","2025-11-15","36.00","NZD","1762135404","23477/2025-11-15/1762135404.json"
"512557","146154","2025-11-15","45.00","NZD","1762135404","23477/2025-11-15/1762135404.json"
"365170","146153","2025-11-15","48.00","NZD","1762135404","23477/2025-11-15/1762135404.json"
"510807","146155","2025-11-15","52.00","NZD","1762135404","23477/2025-11-15/1762135404.json"
"581513","221281","2025-11-16","36.00","NZD","1762135404","23477/2025-11-16/1762135404.json"
"581514","221282","2025-11-16","36.00","NZD","1762135404","23477/2025-11-16/1762135404.json"
"512557","146154","2025-11-16","45.00","NZD","1762135404","23477/2025-11-16/1762135404.json"
"365170","146153","2025-11-16","48.00","NZD","1762135404","23477/2025-11-16/1762135404.json"
"510807","146155","2025-11-16","52.00","NZD","1762135404","23477/2025-11-16/1762135404.json"
"581513","221281","2025-11-17","36.00","NZD","1762135404","23477/2025-11-17/1762135404.json"
"581514","221282","2025-11-17","36.00","NZD","1762135404","23477/2025-11-17/1762135404.json"
"512557","146154","2025-11-17","45.00","NZD","1762135404","23477/2025-11-17/1762135404.json"
"365170","146153","2025-11-17","48.00","NZD","1762135404","23477/2025-11-17/1762135404.json"
"510807","146155","2025-11-17","52.00","NZD","1762135404","23477/2025-11-17/1762135404.json"
"581513","221281","2025-11-19","36.00","NZD","1762135404","23477/2025-11-19/1762135404.json"
"581514","221282","2025-11-19","36.00","NZD","1762135404","23477/2025-11-19/1762135404.json"
"512557","146154","2025-11-19","45.00","NZD","1762135404","23477/2025-11-19/1762135404.json"
"365170","146153","2025-11-19","48.00","NZD","1762135404","23477/2025-11-19/1762135404.json"
"510807","146155","2025-11-19","52.00","NZD","1762135404","23477/2025-11-19/1762135404.json"
"581513","221281","2025-11-18","36.00","NZD","1762135404","23477/2025-11-18/1762135404.json"
"581514","221282","2025-11-18","36.00","NZD","1762135404","23477/2025-11-18/1762135404.json"
"512557","146154","2025-11-18","45.00","NZD","1762135404","23477/2025-11-18/1762135404.json"
"365170","146153","2025-11-18","48.00","NZD","1762135404","23477/2025-11-18/1762135404.json"
"510807","146155","2025-11-18","52.00","NZD","1762135404","23477/2025-11-18/1762135404.json"
"581513","221281","2025-11-20","36.00","NZD","1762135404","23477/2025-11-20/1762135404.json"
"581514","221282","2025-11-20","36.00","NZD","1762135404","23477/2025-11-20/1762135404.json"
"512557","146154","2025-11-20","45.00","NZD","1762135404","23477/2025-11-20/1762135404.json"
"581513","221281","2025-11-21","36.00","NZD","1762135404","23477/2025-11-21/1762135404.json"
"581514","221282","2025-11-21","36.00","NZD","1762135404","23477/2025-11-21/1762135404.json"
"512557","146154","2025-11-21","45.00","NZD","1762135404","23477/2025-11-21/1762135404.json"
"365170","146153","2025-11-21","48.00","NZD","1762135404","23477/2025-11-21/1762135404.json"
"510807","146155","2025-11-21","52.00","NZD","1762135404","23477/2025-11-21/1762135404.json"
"581513","221281","2025-11-23","36.00","NZD","1762135404","23477/2025-11-23/1762135404.json"
"581514","221282","2025-11-23","36.00","NZD","1762135404","23477/2025-11-23/1762135404.json"
"512557","146154","2025-11-23","45.00","NZD","1762135404","23477/2025-11-23/1762135404.json"
"365170","146153","2025-11-23","48.00","NZD","1762135404","23477/2025-11-23/1762135404.json"
"510807","146155","2025-11-23","52.00","NZD","1762135404","23477/2025-11-23/1762135404.json"
"581513","221281","2025-11-24","36.00","NZD","1762135404","23477/2025-11-24/1762135404.json"
"581514","221282","2025-11-24","36.00","NZD","1762135404","23477/2025-11-24/1762135404.json"
"512557","146154","2025-11-24","45.00","NZD","1762135404","23477/2025-11-24/1762135404.json"
"365170","146153","2025-11-24","48.00","NZD","1762135404","23477/2025-11-24/1762135404.json"
"510807","146155","2025-11-24","52.00","NZD","1762135404","23477/2025-11-24/1762135404.json"
"581513","221281","2025-11-22","36.00","NZD","1762135404","23477/2025-11-22/1762135404.json"
"581514","221282","2025-11-22","36.00","NZD","1762135404","23477/2025-11-22/1762135404.json"
"512557","146154","2025-11-22","45.00","NZD","1762135404","23477/2025-11-22/1762135404.json"
"365170","146153","2025-11-22","48.00","NZD","1762135404","23477/2025-11-22/1762135404.json"
"510807","146155","2025-11-22","52.00","NZD","1762135404","23477/2025-11-22/1762135404.json"
"581513","221281","2025-11-25","36.00","NZD","1762135404","23477/2025-11-25/1762135404.json"
"581514","221282","2025-11-25","36.00","NZD","1762135404","23477/2025-11-25/1762135404.json"
"512557","146154","2025-11-25","45.00","NZD","1762135404","23477/2025-11-25/1762135404.json"
"365170","146153","2025-11-25","48.00","NZD","1762135404","23477/2025-11-25/1762135404.json"
"510807","146155","2025-11-25","52.00","NZD","1762135404","23477/2025-11-25/1762135404.json"
"581513","221281","2025-11-26","36.00","NZD","1762135404","23477/2025-11-26/1762135404.json"
"581514","221282","2025-11-26","36.00","NZD","1762135404","23477/2025-11-26/1762135404.json"
"512557","146154","2025-11-26","45.00","NZD","1762135404","23477/2025-11-26/1762135404.json"
"365170","146153","2025-11-26","48.00","NZD","1762135404","23477/2025-11-26/1762135404.json"
"510807","146155","2025-11-26","52.00","NZD","1762135404","23477/2025-11-26/1762135404.json"
"581513","221281","2025-11-27","36.00","NZD","1762135404","23477/2025-11-27/1762135404.json"
"581514","221282","2025-11-27","36.00","NZD","1762135404","23477/2025-11-27/1762135404.json"
"512557","146154","2025-11-27","45.00","NZD","1762135404","23477/2025-11-27/1762135404.json"
"365170","146153","2025-11-27","48.00","NZD","1762135404","23477/2025-11-27/1762135404.json"
"510807","146155","2025-11-27","52.00","NZD","1762135404","23477/2025-11-27/1762135404.json"
"581513","221281","2025-11-28","36.00","NZD","1762135404","23477/2025-11-28/1762135404.json"
"581514","221282","2025-11-28","36.00","NZD","1762135404","23477/2025-11-28/1762135404.json"
"512557","146154","2025-11-28","45.00","NZD","1762135404","23477/2025-11-28/1762135404.json"
"365170","146153","2025-11-28","48.00","NZD","1762135404","23477/2025-11-28/1762135404.json"
"510807","146155","2025-11-28","52.00","NZD","1762135404","23477/2025-11-28/1762135404.json"
"581513","221281","2025-11-29","36.00","NZD","1762135404","23477/2025-11-29/1762135404.json"
"581514","221282","2025-11-29","36.00","NZD","1762135404","23477/2025-11-29/1762135404.json"
"512557","146154","2025-11-29","45.00","NZD","1762135404","23477/2025-11-29/1762135404.json"
"365170","146153","2025-11-29","48.00","NZD","1762135404","23477/2025-11-29/1762135404.json"
"510807","146155","2025-11-29","52.00","NZD","1762135404","23477/2025-11-29/1762135404.json"
"581513","221281","2025-11-30","36.00","NZD","1762135404","23477/2025-11-30/1762135404.json"
"581514","221282","2025-11-30","36.00","NZD","1762135404","23477/2025-11-30/1762135404.json"
"512557","146154","2025-11-30","45.00","NZD","1762135404","23477/2025-11-30/1762135404.json"
"365170","146153","2025-11-30","48.00","NZD","1762135404","23477/2025-11-30/1762135404.json"
"510807","146155","2025-11-30","52.00","NZD","1762135404","23477/2025-11-30/1762135404.json"
"581513","221281","2025-12-01","36.00","NZD","1762135404","23477/2025-12-01/1762135404.json"
"581514","221282","2025-12-01","36.00","NZD","1762135404","23477/2025-12-01/1762135404.json"
"512557","146154","2025-12-01","45.00","NZD","1762135404","23477/2025-12-01/1762135404.json"
"365170","146153","2025-12-01","48.00","NZD","1762135404","23477/2025-12-01/1762135404.json"
"510807","146155","2025-12-01","52.00","NZD","1762135404","23477/2025-12-01/1762135404.json"
"581513","221281","2025-12-02","36.00","NZD","1762135404","23477/2025-12-02/1762135404.json"
"581514","221282","2025-12-02","36.00","NZD","1762135404","23477/2025-12-02/1762135404.json"
"512557","146154","2025-12-02","45.00","NZD","1762135404","23477/2025-12-02/1762135404.json"
"365170","146153","2025-12-02","48.00","NZD","1762135404","23477/2025-12-02/1762135404.json"
"510807","146155","2025-12-02","52.00","NZD","1762135404","23477/2025-12-02/1762135404.json"
"581513","221281","2025-12-03","36.00","NZD","1762135404","23477/2025-12-03/1762135404.json"
"581514","221282","2025-12-03","36.00","NZD","1762135404","23477/2025-12-03/1762135404.json"
"512557","146154","2025-12-03","45.00","NZD","1762135404","23477/2025-12-03/1762135404.json"
"365170","146153","2025-12-03","48.00","NZD","1762135404","23477/2025-12-03/1762135404.json"
"510807","146155","2025-12-03","52.00","NZD","1762135404","23477/2025-12-03/1762135404.json"
"581513","221281","2025-12-04","36.00","NZD","1762135404","23477/2025-12-04/1762135404.json"
"581514","221282","2025-12-04","36.00","NZD","1762135404","23477/2025-12-04/1762135404.json"
"512557","146154","2025-12-04","45.00","NZD","1762135404","23477/2025-12-04/1762135404.json"
"365170","146153","2025-12-04","48.00","NZD","1762135404","23477/2025-12-04/1762135404.json"
"510807","146155","2025-12-04","52.00","NZD","1762135404","23477/2025-12-04/1762135404.json"
"581513","221281","2025-12-05","36.00","NZD","1762135404","23477/2025-12-05/1762135404.json"
"581514","221282","2025-12-05","36.00","NZD","1762135404","23477/2025-12-05/1762135404.json"
"512557","146154","2025-12-05","45.00","NZD","1762135404","23477/2025-12-05/1762135404.json"
"365170","146153","2025-12-05","48.00","NZD","1762135404","23477/2025-12-05/1762135404.json"
"510807","146155","2025-12-05","52.00","NZD","1762135404","23477/2025-12-05/1762135404.json"
"581513","221281","2025-12-06","36.00","NZD","1762135404","23477/2025-12-06/1762135404.json"
"581514","221282","2025-12-06","36.00","NZD","1762135404","23477/2025-12-06/1762135404.json"
"512557","146154","2025-12-06","45.00","NZD","1762135404","23477/2025-12-06/1762135404.json"
"365170","146153","2025-12-06","48.00","NZD","1762135404","23477/2025-12-06/1762135404.json"
"510807","146155","2025-12-06","52.00","NZD","1762135404","23477/2025-12-06/1762135404.json"
"581513","221281","2025-12-07","36.00","NZD","1762135404","23477/2025-12-07/1762135404.json"
"581514","221282","2025-12-07","36.00","NZD","1762135404","23477/2025-12-07/1762135404.json"
"512557","146154","2025-12-07","45.00","NZD","1762135404","23477/2025-12-07/1762135404.json"
"365170","146153","2025-12-07","48.00","NZD","1762135404","23477/2025-12-07/1762135404.json"
"510807","146155","2025-12-07","52.00","NZD","1762135404","23477/2025-12-07/1762135404.json"
"581513","221281","2025-12-08","36.00","NZD","1762135404","23477/2025-12-08/1762135404.json"
"581514","221282","2025-12-08","36.00","NZD","1762135404","23477/2025-12-08/1762135404.json"
"512557","146154","2025-12-08","45.00","NZD","1762135404","23477/2025-12-08/1762135404.json"
"365170","146153","2025-12-08","48.00","NZD","1762135404","23477/2025-12-08/1762135404.json"
"510807","146155","2025-12-08","52.00","NZD","1762135404","23477/2025-12-08/1762135404.json"
"581513","221281","2025-12-09","36.00","NZD","1762135404","23477/2025-12-09/1762135404.json"
"581514","221282","2025-12-09","36.00","NZD","1762135404","23477/2025-12-09/1762135404.json"
"512557","146154","2025-12-09","45.00","NZD","1762135404","23477/2025-12-09/1762135404.json"
"365170","146153","2025-12-09","48.00","NZD","1762135404","23477/2025-12-09/1762135404.json"
"510807","146155","2025-12-09","52.00","NZD","1762135404","23477/2025-12-09/1762135404.json"
"581513","221281","2025-12-10","36.00","NZD","1762135404","23477/2025-12-10/1762135404.json"
"581514","221282","2025-12-10","36.00","NZD","1762135404","23477/2025-12-10/1762135404.json"
"512557","146154","2025-12-10","45.00","NZD","1762135404","23477/2025-12-10/1762135404.json"
"365170","146153","2025-12-10","48.00","NZD","1762135404","23477/2025-12-10/1762135404.json"
"510807","146155","2025-12-10","52.00","NZD","1762135404","23477/2025-12-10/1762135404.json"
"581513","221281","2025-12-13","36.00","NZD","1762135404","23477/2025-12-13/1762135404.json"
"581514","221282","2025-12-13","36.00","NZD","1762135404","23477/2025-12-13/1762135404.json"
"512557","146154","2025-12-13","45.00","NZD","1762135404","23477/2025-12-13/1762135404.json"
"365170","146153","2025-12-13","48.00","NZD","1762135404","23477/2025-12-13/1762135404.json"
"510807","146155","2025-12-13","52.00","NZD","1762135404","23477/2025-12-13/1762135404.json"
"581513","221281","2025-12-12","36.00","NZD","1762135404","23477/2025-12-12/1762135404.json"
"581514","221282","2025-12-12","36.00","NZD","1762135404","23477/2025-12-12/1762135404.json"
"512557","146154","2025-12-12","45.00","NZD","1762135404","23477/2025-12-12/1762135404.json"
"365170","146153","2025-12-12","48.00","NZD","1762135404","23477/2025-12-12/1762135404.json"
"510807","146155","2025-12-12","52.00","NZD","1762135404","23477/2025-12-12/1762135404.json"
"581513","221281","2025-12-11","36.00","NZD","1762135404","23477/2025-12-11/1762135404.json"
"581514","221282","2025-12-11","36.00","NZD","1762135404","23477/2025-12-11/1762135404.json"
"512557","146154","2025-12-11","45.00","NZD","1762135404","23477/2025-12-11/1762135404.json"
"365170","146153","2025-12-11","48.00","NZD","1762135404","23477/2025-12-11/1762135404.json"
"510807","146155","2025-12-11","52.00","NZD","1762135404","23477/2025-12-11/1762135404.json"
"581513","221281","2025-12-14","36.00","NZD","1762135404","23477/2025-12-14/1762135404.json"
"581514","221282","2025-12-14","36.00","NZD","1762135404","23477/2025-12-14/1762135404.json"
"512557","146154","2025-12-14","45.00","NZD","1762135404","23477/2025-12-14/1762135404.json"
"365170","146153","2025-12-14","48.00","NZD","1762135404","23477/2025-12-14/1762135404.json"
"510807","146155","2025-12-14","52.00","NZD","1762135404","23477/2025-12-14/1762135404.json"
"581513","221281","2025-12-16","36.00","NZD","1762135404","23477/2025-12-16/1762135404.json"
"581514","221282","2025-12-16","36.00","NZD","1762135404","23477/2025-12-16/1762135404.json"
"512557","146154","2025-12-16","45.00","NZD","1762135404","23477/2025-12-16/1762135404.json"
"365170","146153","2025-12-16","48.00","NZD","1762135404","23477/2025-12-16/1762135404.json"
"510807","146155","2025-12-16","52.00","NZD","1762135404","23477/2025-12-16/1762135404.json"
"581513","221281","2025-12-15","36.00","NZD","1762135404","23477/2025-12-15/1762135404.json"
"581514","221282","2025-12-15","36.00","NZD","1762135404","23477/2025-12-15/1762135404.json"
"512557","146154","2025-12-15","45.00","NZD","1762135404","23477/2025-12-15/1762135404.json"
"365170","146153","2025-12-15","48.00","NZD","1762135404","23477/2025-12-15/1762135404.json"
"510807","146155","2025-12-15","52.00","NZD","1762135404","23477/2025-12-15/1762135404.json"
"581513","221281","2025-12-17","36.00","NZD","1762135404","23477/2025-12-17/1762135404.json"
"581514","221282","2025-12-17","36.00","NZD","1762135404","23477/2025-12-17/1762135404.json"
"512557","146154","2025-12-17","45.00","NZD","1762135404","23477/2025-12-17/1762135404.json"
"365170","146153","2025-12-17","48.00","NZD","1762135404","23477/2025-12-17/1762135404.json"
"510807","146155","2025-12-17","52.00","NZD","1762135404","23477/2025-12-17/1762135404.json"
"581513","221281","2025-12-18","36.00","NZD","1762135404","23477/2025-12-18/1762135404.json"
"581514","221282","2025-12-18","36.00","NZD","1762135404","23477/2025-12-18/1762135404.json"
"512557","146154","2025-12-18","45.00","NZD","1762135404","23477/2025-12-18/1762135404.json"
"365170","146153","2025-12-18","48.00","NZD","1762135404","23477/2025-12-18/1762135404.json"
"510807","146155","2025-12-18","52.00","NZD","1762135404","23477/2025-12-18/1762135404.json"
"581513","221281","2025-12-19","36.00","NZD","1762135404","23477/2025-12-19/1762135404.json"
"581514","221282","2025-12-19","36.00","NZD","1762135404","23477/2025-12-19/1762135404.json"
"512557","146154","2025-12-19","45.00","NZD","1762135404","23477/2025-12-19/1762135404.json"
"365170","146153","2025-12-19","48.00","NZD","1762135404","23477/2025-12-19/1762135404.json"
"510807","146155","2025-12-19","52.00","NZD","1762135404","23477/2025-12-19/1762135404.json"
"581513","221281","2025-12-20","36.00","NZD","1762135404","23477/2025-12-20/1762135404.json"
"581514","221282","2025-12-20","36.00","NZD","1762135404","23477/2025-12-20/1762135404.json"
"512557","146154","2025-12-20","45.00","NZD","1762135404","23477/2025-12-20/1762135404.json"
"365170","146153","2025-12-20","48.00","NZD","1762135404","23477/2025-12-20/1762135404.json"
"510807","146155","2025-12-20","52.00","NZD","1762135404","23477/2025-12-20/1762135404.json"
"581513","221281","2025-12-21","36.00","NZD","1762135404","23477/2025-12-21/1762135404.json"
"581514","221282","2025-12-21","36.00","NZD","1762135404","23477/2025-12-21/1762135404.json"
"512557","146154","2025-12-21","45.00","NZD","1762135404","23477/2025-12-21/1762135404.json"
"365170","146153","2025-12-21","48.00","NZD","1762135404","23477/2025-12-21/1762135404.json"
"510807","146155","2025-12-21","52.00","NZD","1762135404","23477/2025-12-21/1762135404.json"
"581513","221281","2025-12-22","36.00","NZD","1762135404","23477/2025-12-22/1762135404.json"
"581514","221282","2025-12-22","36.00","NZD","1762135404","23477/2025-12-22/1762135404.json"
"512557","146154","2025-12-22","45.00","NZD","1762135404","23477/2025-12-22/1762135404.json"
"365170","146153","2025-12-22","48.00","NZD","1762135404","23477/2025-12-22/1762135404.json"
"510807","146155","2025-12-22","52.00","NZD","1762135404","23477/2025-12-22/1762135404.json"
"581513","221281","2025-12-25","38.00","NZD","1762135404","23477/2025-12-25/1762135404.json"
"581514","221282","2025-12-25","38.00","NZD","1762135404","23477/2025-12-25/1762135404.json"
"512557","146154","2025-12-25","45.00","NZD","1762135404","23477/2025-12-25/1762135404.json"
"365170","146153","2025-12-25","48.00","NZD","1762135404","23477/2025-12-25/1762135404.json"
"510807","146155","2025-12-25","52.00","NZD","1762135404","23477/2025-12-25/1762135404.json"
"581513","221281","2025-12-26","42.00","NZD","1762135404","23477/2025-12-26/1762135404.json"
"581514","221282","2025-12-26","42.00","NZD","1762135404","23477/2025-12-26/1762135404.json"
"512557","146154","2025-12-26","45.00","NZD","1762135404","23477/2025-12-26/1762135404.json"
"365170","146153","2025-12-26","48.00","NZD","1762135404","23477/2025-12-26/1762135404.json"
"510807","146155","2025-12-26","52.00","NZD","1762135404","23477/2025-12-26/1762135404.json"
"581513","221281","2025-12-23","38.00","NZD","1762135404","23477/2025-12-23/1762135404.json"
"581514","221282","2025-12-23","38.00","NZD","1762135404","23477/2025-12-23/1762135404.json"
"512557","146154","2025-12-23","45.00","NZD","1762135404","23477/2025-12-23/1762135404.json"
"365170","146153","2025-12-23","48.00","NZD","1762135404","23477/2025-12-23/1762135404.json"
"510807","146155","2025-12-23","52.00","NZD","1762135404","23477/2025-12-23/1762135404.json"
"581513","221281","2025-12-24","38.00","NZD","1762135404","23477/2025-12-24/1762135404.json"
"581514","221282","2025-12-24","38.00","NZD","1762135404","23477/2025-12-24/1762135404.json"
"512557","146154","2025-12-24","45.00","NZD","1762135404","23477/2025-12-24/1762135404.json"
"365170","146153","2025-12-24","48.00","NZD","1762135404","23477/2025-12-24/1762135404.json"
"510807","146155","2025-12-24","52.00","NZD","1762135404","23477/2025-12-24/1762135404.json"
"581513","221281","2025-12-27","42.00","NZD","1762135404","23477/2025-12-27/1762135404.json"
"581514","221282","2025-12-27","42.00","NZD","1762135404","23477/2025-12-27/1762135404.json"
"512557","146154","2025-12-27","45.00","NZD","1762135404","23477/2025-12-27/1762135404.json"
"365170","146153","2025-12-27","48.00","NZD","1762135404","23477/2025-12-27/1762135404.json"
"510807","146155","2025-12-27","52.00","NZD","1762135404","23477/2025-12-27/1762135404.json"
"581513","221281","2025-12-28","42.00","NZD","1762135404","23477/2025-12-28/1762135404.json"
"581514","221282","2025-12-28","42.00","NZD","1762135404","23477/2025-12-28/1762135404.json"
"512557","146154","2025-12-28","45.00","NZD","1762135404","23477/2025-12-28/1762135404.json"
"365170","146153","2025-12-28","48.00","NZD","1762135404","23477/2025-12-28/1762135404.json"
"510807","146155","2025-12-28","52.00","NZD","1762135404","23477/2025-12-28/1762135404.json"
"581513","221281","2025-12-29","42.00","NZD","1762135404","23477/2025-12-29/1762135404.json"
"581514","221282","2025-12-29","42.00","NZD","1762135404","23477/2025-12-29/1762135404.json"
"512557","146154","2025-12-29","45.00","NZD","1762135404","23477/2025-12-29/1762135404.json"
"365170","146153","2025-12-29","48.00","NZD","1762135404","23477/2025-12-29/1762135404.json"
"510807","146155","2025-12-29","52.00","NZD","1762135404","23477/2025-12-29/1762135404.json"
"581513","221281","2025-12-30","42.00","NZD","1762135404","23477/2025-12-30/1762135404.json"
"581514","221282","2025-12-30","42.00","NZD","1762135404","23477/2025-12-30/1762135404.json"
"512557","146154","2025-12-30","45.00","NZD","1762135404","23477/2025-12-30/1762135404.json"
"365170","146153","2025-12-30","48.00","NZD","1762135404","23477/2025-12-30/1762135404.json"
"510807","146155","2025-12-30","52.00","NZD","1762135404","23477/2025-12-30/1762135404.json"
"581513","221281","2025-12-31","42.00","NZD","1762135404","23477/2025-12-31/1762135404.json"
"581514","221282","2025-12-31","42.00","NZD","1762135404","23477/2025-12-31/1762135404.json"
"512557","146154","2025-12-31","45.00","NZD","1762135404","23477/2025-12-31/1762135404.json"
"365170","146153","2025-12-31","48.00","NZD","1762135404","23477/2025-12-31/1762135404.json"
"510807","146155","2025-12-31","52.00","NZD","1762135404","23477/2025-12-31/1762135404.json"
"581513","221281","2026-01-01","42.00","NZD","1762135404","23477/2026-01-01/1762135404.json"
"581514","221282","2026-01-01","42.00","NZD","1762135404","23477/2026-01-01/1762135404.json"
"512557","146154","2026-01-01","45.00","NZD","1762135404","23477/2026-01-01/1762135404.json"
"365170","146153","2026-01-01","48.00","NZD","1762135404","23477/2026-01-01/1762135404.json"
"510807","146155","2026-01-01","52.00","NZD","1762135404","23477/2026-01-01/1762135404.json"
"581513","221281","2026-01-02","42.00","NZD","1762135404","23477/2026-01-02/1762135404.json"
"581514","221282","2026-01-02","42.00","NZD","1762135404","23477/2026-01-02/1762135404.json"
"512557","146154","2026-01-02","45.00","NZD","1762135404","23477/2026-01-02/1762135404.json"
"365170","146153","2026-01-02","48.00","NZD","1762135404","23477/2026-01-02/1762135404.json"
"510807","146155","2026-01-02","52.00","NZD","1762135404","23477/2026-01-02/1762135404.json"
"581513","221281","2025-11-03","36.00","NZD","1762145064","23477/2025-11-03/1762145064.json"
"581514","221282","2025-11-03","36.00","NZD","1762145064","23477/2025-11-03/1762145064.json"
"512557","146154","2025-11-03","45.00","NZD","1762145064","23477/2025-11-03/1762145064.json"
"365170","146153","2025-11-03","48.00","NZD","1762145064","23477/2025-11-03/1762145064.json"
"510807","146155","2025-11-03","52.00","NZD","1762145064","23477/2025-11-03/1762145064.json"
"581513","221281","2025-11-04","36.00","NZD","1762145064","23477/2025-11-04/1762145064.json"
"581514","221282","2025-11-04","36.00","NZD","1762145064","23477/2025-11-04/1762145064.json"
"512557","146154","2025-11-04","45.00","NZD","1762145064","23477/2025-11-04/1762145064.json"
"365170","146153","2025-11-04","48.00","NZD","1762145064","23477/2025-11-04/1762145064.json"
"510807","146155","2025-11-04","52.00","NZD","1762145064","23477/2025-11-04/1762145064.json"
"581513","221281","2025-11-06","36.00","NZD","1762145064","23477/2025-11-06/1762145064.json"
"581514","221282","2025-11-06","36.00","NZD","1762145064","23477/2025-11-06/1762145064.json"
"512557","146154","2025-11-06","45.00","NZD","1762145064","23477/2025-11-06/1762145064.json"
"365170","146153","2025-11-06","48.00","NZD","1762145064","23477/2025-11-06/1762145064.json"
"510807","146155","2025-11-06","52.00","NZD","1762145064","23477/2025-11-06/1762145064.json"
"581513","221281","2025-11-05","36.00","NZD","1762145064","23477/2025-11-05/1762145064.json"
"581514","221282","2025-11-05","36.00","NZD","1762145064","23477/2025-11-05/1762145064.json"
"512557","146154","2025-11-05","45.00","NZD","1762145064","23477/2025-11-05/1762145064.json"
"365170","146153","2025-11-05","48.00","NZD","1762145064","23477/2025-11-05/1762145064.json"
"510807","146155","2025-11-05","52.00","NZD","1762145064","23477/2025-11-05/1762145064.json"
"581513","221281","2025-11-07","36.00","NZD","1762145064","23477/2025-11-07/1762145064.json"
"581514","221282","2025-11-07","36.00","NZD","1762145064","23477/2025-11-07/1762145064.json"
"512557","146154","2025-11-07","45.00","NZD","1762145064","23477/2025-11-07/1762145064.json"
"365170","146153","2025-11-07","48.00","NZD","1762145064","23477/2025-11-07/1762145064.json"
"510807","146155","2025-11-07","52.00","NZD","1762145064","23477/2025-11-07/1762145064.json"
"581513","221281","2025-11-10","36.00","NZD","1762145064","23477/2025-11-10/1762145064.json"
"581514","221282","2025-11-10","36.00","NZD","1762145064","23477/2025-11-10/1762145064.json"
"512557","146154","2025-11-10","45.00","NZD","1762145064","23477/2025-11-10/1762145064.json"
"365170","146153","2025-11-10","48.00","NZD","1762145064","23477/2025-11-10/1762145064.json"
"510807","146155","2025-11-10","52.00","NZD","1762145064","23477/2025-11-10/1762145064.json"
"581513","221281","2025-11-09","36.00","NZD","1762145064","23477/2025-11-09/1762145064.json"
"581514","221282","2025-11-09","36.00","NZD","1762145064","23477/2025-11-09/1762145064.json"
"512557","146154","2025-11-09","45.00","NZD","1762145064","23477/2025-11-09/1762145064.json"
"365170","146153","2025-11-09","48.00","NZD","1762145064","23477/2025-11-09/1762145064.json"
"510807","146155","2025-11-09","52.00","NZD","1762145064","23477/2025-11-09/1762145064.json"
"581513","221281","2025-11-08","36.00","NZD","1762145064","23477/2025-11-08/1762145064.json"
"581514","221282","2025-11-08","36.00","NZD","1762145064","23477/2025-11-08/1762145064.json"
"512557","146154","2025-11-08","45.00","NZD","1762145064","23477/2025-11-08/1762145064.json"
"365170","146153","2025-11-08","48.00","NZD","1762145064","23477/2025-11-08/1762145064.json"
"510807","146155","2025-11-08","52.00","NZD","1762145064","23477/2025-11-08/1762145064.json"
"581513","221281","2025-11-11","36.00","NZD","1762145064","23477/2025-11-11/1762145064.json"
"581514","221282","2025-11-11","36.00","NZD","1762145064","23477/2025-11-11/1762145064.json"
"512557","146154","2025-11-11","45.00","NZD","1762145064","23477/2025-11-11/1762145064.json"
"365170","146153","2025-11-11","48.00","NZD","1762145064","23477/2025-11-11/1762145064.json"
"510807","146155","2025-11-11","52.00","NZD","1762145064","23477/2025-11-11/1762145064.json"
"581513","221281","2025-11-13","36.00","NZD","1762145064","23477/2025-11-13/1762145064.json"
"581514","221282","2025-11-13","36.00","NZD","1762145064","23477/2025-11-13/1762145064.json"
"512557","146154","2025-11-13","45.00","NZD","1762145064","23477/2025-11-13/1762145064.json"
"365170","146153","2025-11-13","48.00","NZD","1762145064","23477/2025-11-13/1762145064.json"
"510807","146155","2025-11-13","52.00","NZD","1762145064","23477/2025-11-13/1762145064.json"
"581513","221281","2025-11-12","36.00","NZD","1762145064","23477/2025-11-12/1762145064.json"
"581514","221282","2025-11-12","36.00","NZD","1762145064","23477/2025-11-12/1762145064.json"
"512557","146154","2025-11-12","45.00","NZD","1762145064","23477/2025-11-12/1762145064.json"
"365170","146153","2025-11-12","48.00","NZD","1762145064","23477/2025-11-12/1762145064.json"
"510807","146155","2025-11-12","52.00","NZD","1762145064","23477/2025-11-12/1762145064.json"
"581513","221281","2025-11-14","36.00","NZD","1762145064","23477/2025-11-14/1762145064.json"
"581514","221282","2025-11-14","36.00","NZD","1762145064","23477/2025-11-14/1762145064.json"
"512557","146154","2025-11-14","45.00","NZD","1762145064","23477/2025-11-14/1762145064.json"
"365170","146153","2025-11-14","48.00","NZD","1762145064","23477/2025-11-14/1762145064.json"
"510807","146155","2025-11-14","52.00","NZD","1762145064","23477/2025-11-14/1762145064.json"
"581513","221281","2025-11-15","36.00","NZD","1762145064","23477/2025-11-15/1762145064.json"
"581514","221282","2025-11-15","36.00","NZD","1762145064","23477/2025-11-15/1762145064.json"
"512557","146154","2025-11-15","45.00","NZD","1762145064","23477/2025-11-15/1762145064.json"
"365170","146153","2025-11-15","48.00","NZD","1762145064","23477/2025-11-15/1762145064.json"
"510807","146155","2025-11-15","52.00","NZD","1762145064","23477/2025-11-15/1762145064.json"
"581513","221281","2025-11-17","36.00","NZD","1762145064","23477/2025-11-17/1762145064.json"
"581514","221282","2025-11-17","36.00","NZD","1762145064","23477/2025-11-17/1762145064.json"
"512557","146154","2025-11-17","45.00","NZD","1762145064","23477/2025-11-17/1762145064.json"
"365170","146153","2025-11-17","48.00","NZD","1762145064","23477/2025-11-17/1762145064.json"
"510807","146155","2025-11-17","52.00","NZD","1762145064","23477/2025-11-17/1762145064.json"
"581513","221281","2025-11-16","36.00","NZD","1762145064","23477/2025-11-16/1762145064.json"
"581514","221282","2025-11-16","36.00","NZD","1762145064","23477/2025-11-16/1762145064.json"
"512557","146154","2025-11-16","45.00","NZD","1762145064","23477/2025-11-16/1762145064.json"
"365170","146153","2025-11-16","48.00","NZD","1762145064","23477/2025-11-16/1762145064.json"
"510807","146155","2025-11-16","52.00","NZD","1762145064","23477/2025-11-16/1762145064.json"
"581513","221281","2025-11-18","36.00","NZD","1762145064","23477/2025-11-18/1762145064.json"
"581514","221282","2025-11-18","36.00","NZD","1762145064","23477/2025-11-18/1762145064.json"
"512557","146154","2025-11-18","45.00","NZD","1762145064","23477/2025-11-18/1762145064.json"
"365170","146153","2025-11-18","48.00","NZD","1762145064","23477/2025-11-18/1762145064.json"
"510807","146155","2025-11-18","52.00","NZD","1762145064","23477/2025-11-18/1762145064.json"
"581513","221281","2025-11-20","36.00","NZD","1762145064","23477/2025-11-20/1762145064.json"
"581514","221282","2025-11-20","36.00","NZD","1762145064","23477/2025-11-20/1762145064.json"
"512557","146154","2025-11-20","45.00","NZD","1762145064","23477/2025-11-20/1762145064.json"
"581513","221281","2025-11-19","36.00","NZD","1762145064","23477/2025-11-19/1762145064.json"
"581514","221282","2025-11-19","36.00","NZD","1762145064","23477/2025-11-19/1762145064.json"
"512557","146154","2025-11-19","45.00","NZD","1762145064","23477/2025-11-19/1762145064.json"
"365170","146153","2025-11-19","48.00","NZD","1762145064","23477/2025-11-19/1762145064.json"
"510807","146155","2025-11-19","52.00","NZD","1762145064","23477/2025-11-19/1762145064.json"
"581513","221281","2025-11-22","36.00","NZD","1762145064","23477/2025-11-22/1762145064.json"
"581514","221282","2025-11-22","36.00","NZD","1762145064","23477/2025-11-22/1762145064.json"
"512557","146154","2025-11-22","45.00","NZD","1762145064","23477/2025-11-22/1762145064.json"
"365170","146153","2025-11-22","48.00","NZD","1762145064","23477/2025-11-22/1762145064.json"
"510807","146155","2025-11-22","52.00","NZD","1762145064","23477/2025-11-22/1762145064.json"
"581513","221281","2025-11-21","36.00","NZD","1762145064","23477/2025-11-21/1762145064.json"
"581514","221282","2025-11-21","36.00","NZD","1762145064","23477/2025-11-21/1762145064.json"
"512557","146154","2025-11-21","45.00","NZD","1762145064","23477/2025-11-21/1762145064.json"
"365170","146153","2025-11-21","48.00","NZD","1762145064","23477/2025-11-21/1762145064.json"
"510807","146155","2025-11-21","52.00","NZD","1762145064","23477/2025-11-21/1762145064.json"
"581513","221281","2025-11-24","36.00","NZD","1762145064","23477/2025-11-24/1762145064.json"
"581514","221282","2025-11-24","36.00","NZD","1762145064","23477/2025-11-24/1762145064.json"
"512557","146154","2025-11-24","45.00","NZD","1762145064","23477/2025-11-24/1762145064.json"
"365170","146153","2025-11-24","48.00","NZD","1762145064","23477/2025-11-24/1762145064.json"
"510807","146155","2025-11-24","52.00","NZD","1762145064","23477/2025-11-24/1762145064.json"
"581513","221281","2025-11-23","36.00","NZD","1762145064","23477/2025-11-23/1762145064.json"
"581514","221282","2025-11-23","36.00","NZD","1762145064","23477/2025-11-23/1762145064.json"
"512557","146154","2025-11-23","45.00","NZD","1762145064","23477/2025-11-23/1762145064.json"
"365170","146153","2025-11-23","48.00","NZD","1762145064","23477/2025-11-23/1762145064.json"
"510807","146155","2025-11-23","52.00","NZD","1762145064","23477/2025-11-23/1762145064.json"
"581513","221281","2025-11-25","36.00","NZD","1762145064","23477/2025-11-25/1762145064.json"
"581514","221282","2025-11-25","36.00","NZD","1762145064","23477/2025-11-25/1762145064.json"
"512557","146154","2025-11-25","45.00","NZD","1762145064","23477/2025-11-25/1762145064.json"
"365170","146153","2025-11-25","48.00","NZD","1762145064","23477/2025-11-25/1762145064.json"
"510807","146155","2025-11-25","52.00","NZD","1762145064","23477/2025-11-25/1762145064.json"
"581513","221281","2025-11-26","36.00","NZD","1762145064","23477/2025-11-26/1762145064.json"
"581514","221282","2025-11-26","36.00","NZD","1762145064","23477/2025-11-26/1762145064.json"
"512557","146154","2025-11-26","45.00","NZD","1762145064","23477/2025-11-26/1762145064.json"
"365170","146153","2025-11-26","48.00","NZD","1762145064","23477/2025-11-26/1762145064.json"
"510807","146155","2025-11-26","52.00","NZD","1762145064","23477/2025-11-26/1762145064.json"
"581513","221281","2025-11-28","36.00","NZD","1762145064","23477/2025-11-28/1762145064.json"
"581514","221282","2025-11-28","36.00","NZD","1762145064","23477/2025-11-28/1762145064.json"
"512557","146154","2025-11-28","45.00","NZD","1762145064","23477/2025-11-28/1762145064.json"
"365170","146153","2025-11-28","48.00","NZD","1762145064","23477/2025-11-28/1762145064.json"
"510807","146155","2025-11-28","52.00","NZD","1762145064","23477/2025-11-28/1762145064.json"
"581513","221281","2025-11-27","36.00","NZD","1762145064","23477/2025-11-27/1762145064.json"
"581514","221282","2025-11-27","36.00","NZD","1762145064","23477/2025-11-27/1762145064.json"
"512557","146154","2025-11-27","45.00","NZD","1762145064","23477/2025-11-27/1762145064.json"
"365170","146153","2025-11-27","48.00","NZD","1762145064","23477/2025-11-27/1762145064.json"
"510807","146155","2025-11-27","52.00","NZD","1762145064","23477/2025-11-27/1762145064.json"
"581513","221281","2025-11-30","36.00","NZD","1762145064","23477/2025-11-30/1762145064.json"
"581514","221282","2025-11-30","36.00","NZD","1762145064","23477/2025-11-30/1762145064.json"
"512557","146154","2025-11-30","45.00","NZD","1762145064","23477/2025-11-30/1762145064.json"
"365170","146153","2025-11-30","48.00","NZD","1762145064","23477/2025-11-30/1762145064.json"
"510807","146155","2025-11-30","52.00","NZD","1762145064","23477/2025-11-30/1762145064.json"
"581513","221281","2025-11-29","36.00","NZD","1762145064","23477/2025-11-29/1762145064.json"
"581514","221282","2025-11-29","36.00","NZD","1762145064","23477/2025-11-29/1762145064.json"
"512557","146154","2025-11-29","45.00","NZD","1762145064","23477/2025-11-29/1762145064.json"
"365170","146153","2025-11-29","48.00","NZD","1762145064","23477/2025-11-29/1762145064.json"
"510807","146155","2025-11-29","52.00","NZD","1762145064","23477/2025-11-29/1762145064.json"
"581513","221281","2025-12-02","36.00","NZD","1762145064","23477/2025-12-02/1762145064.json"
"581514","221282","2025-12-02","36.00","NZD","1762145064","23477/2025-12-02/1762145064.json"
"512557","146154","2025-12-02","45.00","NZD","1762145064","23477/2025-12-02/1762145064.json"
"365170","146153","2025-12-02","48.00","NZD","1762145064","23477/2025-12-02/1762145064.json"
"510807","146155","2025-12-02","52.00","NZD","1762145064","23477/2025-12-02/1762145064.json"
"581513","221281","2025-12-01","36.00","NZD","1762145064","23477/2025-12-01/1762145064.json"
"581514","221282","2025-12-01","36.00","NZD","1762145064","23477/2025-12-01/1762145064.json"
"512557","146154","2025-12-01","45.00","NZD","1762145064","23477/2025-12-01/1762145064.json"
"365170","146153","2025-12-01","48.00","NZD","1762145064","23477/2025-12-01/1762145064.json"
"510807","146155","2025-12-01","52.00","NZD","1762145064","23477/2025-12-01/1762145064.json"
"581513","221281","2025-12-03","36.00","NZD","1762145064","23477/2025-12-03/1762145064.json"
"581514","221282","2025-12-03","36.00","NZD","1762145064","23477/2025-12-03/1762145064.json"
"512557","146154","2025-12-03","45.00","NZD","1762145064","23477/2025-12-03/1762145064.json"
"365170","146153","2025-12-03","48.00","NZD","1762145064","23477/2025-12-03/1762145064.json"
"510807","146155","2025-12-03","52.00","NZD","1762145064","23477/2025-12-03/1762145064.json"
"581513","221281","2025-12-04","36.00","NZD","1762145064","23477/2025-12-04/1762145064.json"
"581514","221282","2025-12-04","36.00","NZD","1762145064","23477/2025-12-04/1762145064.json"
"512557","146154","2025-12-04","45.00","NZD","1762145064","23477/2025-12-04/1762145064.json"
"365170","146153","2025-12-04","48.00","NZD","1762145064","23477/2025-12-04/1762145064.json"
"510807","146155","2025-12-04","52.00","NZD","1762145064","23477/2025-12-04/1762145064.json"
"581513","221281","2025-12-06","36.00","NZD","1762145064","23477/2025-12-06/1762145064.json"
"581514","221282","2025-12-06","36.00","NZD","1762145064","23477/2025-12-06/1762145064.json"
"512557","146154","2025-12-06","45.00","NZD","1762145064","23477/2025-12-06/1762145064.json"
"365170","146153","2025-12-06","48.00","NZD","1762145064","23477/2025-12-06/1762145064.json"
"510807","146155","2025-12-06","52.00","NZD","1762145064","23477/2025-12-06/1762145064.json"
"581513","221281","2025-12-05","36.00","NZD","1762145064","23477/2025-12-05/1762145064.json"
"581514","221282","2025-12-05","36.00","NZD","1762145064","23477/2025-12-05/1762145064.json"
"512557","146154","2025-12-05","45.00","NZD","1762145064","23477/2025-12-05/1762145064.json"
"365170","146153","2025-12-05","48.00","NZD","1762145064","23477/2025-12-05/1762145064.json"
"510807","146155","2025-12-05","52.00","NZD","1762145064","23477/2025-12-05/1762145064.json"
"581513","221281","2025-12-07","36.00","NZD","1762145064","23477/2025-12-07/1762145064.json"
"581514","221282","2025-12-07","36.00","NZD","1762145064","23477/2025-12-07/1762145064.json"
"512557","146154","2025-12-07","45.00","NZD","1762145064","23477/2025-12-07/1762145064.json"
"365170","146153","2025-12-07","48.00","NZD","1762145064","23477/2025-12-07/1762145064.json"
"510807","146155","2025-12-07","52.00","NZD","1762145064","23477/2025-12-07/1762145064.json"
"581513","221281","2025-12-08","36.00","NZD","1762145064","23477/2025-12-08/1762145064.json"
"581514","221282","2025-12-08","36.00","NZD","1762145064","23477/2025-12-08/1762145064.json"
"512557","146154","2025-12-08","45.00","NZD","1762145064","23477/2025-12-08/1762145064.json"
"365170","146153","2025-12-08","48.00","NZD","1762145064","23477/2025-12-08/1762145064.json"
"510807","146155","2025-12-08","52.00","NZD","1762145064","23477/2025-12-08/1762145064.json"
"581513","221281","2025-12-10","36.00","NZD","1762145064","23477/2025-12-10/1762145064.json"
"581514","221282","2025-12-10","36.00","NZD","1762145064","23477/2025-12-10/1762145064.json"
"512557","146154","2025-12-10","45.00","NZD","1762145064","23477/2025-12-10/1762145064.json"
"365170","146153","2025-12-10","48.00","NZD","1762145064","23477/2025-12-10/1762145064.json"
"510807","146155","2025-12-10","52.00","NZD","1762145064","23477/2025-12-10/1762145064.json"
"581513","221281","2025-12-09","36.00","NZD","1762145064","23477/2025-12-09/1762145064.json"
"581514","221282","2025-12-09","36.00","NZD","1762145064","23477/2025-12-09/1762145064.json"
"512557","146154","2025-12-09","45.00","NZD","1762145064","23477/2025-12-09/1762145064.json"
"365170","146153","2025-12-09","48.00","NZD","1762145064","23477/2025-12-09/1762145064.json"
"510807","146155","2025-12-09","52.00","NZD","1762145064","23477/2025-12-09/1762145064.json"
"581513","221281","2025-12-11","36.00","NZD","1762145064","23477/2025-12-11/1762145064.json"
"581514","221282","2025-12-11","36.00","NZD","1762145064","23477/2025-12-11/1762145064.json"
"512557","146154","2025-12-11","45.00","NZD","1762145064","23477/2025-12-11/1762145064.json"
"365170","146153","2025-12-11","48.00","NZD","1762145064","23477/2025-12-11/1762145064.json"
"510807","146155","2025-12-11","52.00","NZD","1762145064","23477/2025-12-11/1762145064.json"
"581513","221281","2025-12-12","36.00","NZD","1762145064","23477/2025-12-12/1762145064.json"
"581514","221282","2025-12-12","36.00","NZD","1762145064","23477/2025-12-12/1762145064.json"
"512557","146154","2025-12-12","45.00","NZD","1762145064","23477/2025-12-12/1762145064.json"
"365170","146153","2025-12-12","48.00","NZD","1762145064","23477/2025-12-12/1762145064.json"
"510807","146155","2025-12-12","52.00","NZD","1762145064","23477/2025-12-12/1762145064.json"
"581513","221281","2025-12-13","36.00","NZD","1762145064","23477/2025-12-13/1762145064.json"
"581514","221282","2025-12-13","36.00","NZD","1762145064","23477/2025-12-13/1762145064.json"
"512557","146154","2025-12-13","45.00","NZD","1762145064","23477/2025-12-13/1762145064.json"
"365170","146153","2025-12-13","48.00","NZD","1762145064","23477/2025-12-13/1762145064.json"
"510807","146155","2025-12-13","52.00","NZD","1762145064","23477/2025-12-13/1762145064.json"
"581513","221281","2025-12-14","36.00","NZD","1762145064","23477/2025-12-14/1762145064.json"
"581514","221282","2025-12-14","36.00","NZD","1762145064","23477/2025-12-14/1762145064.json"
"512557","146154","2025-12-14","45.00","NZD","1762145064","23477/2025-12-14/1762145064.json"
"365170","146153","2025-12-14","48.00","NZD","1762145064","23477/2025-12-14/1762145064.json"
"510807","146155","2025-12-14","52.00","NZD","1762145064","23477/2025-12-14/1762145064.json"
"581513","221281","2025-12-15","36.00","NZD","1762145064","23477/2025-12-15/1762145064.json"
"581514","221282","2025-12-15","36.00","NZD","1762145064","23477/2025-12-15/1762145064.json"
"512557","146154","2025-12-15","45.00","NZD","1762145064","23477/2025-12-15/1762145064.json"
"365170","146153","2025-12-15","48.00","NZD","1762145064","23477/2025-12-15/1762145064.json"
"510807","146155","2025-12-15","52.00","NZD","1762145064","23477/2025-12-15/1762145064.json"
"581513","221281","2025-12-18","36.00","NZD","1762145064","23477/2025-12-18/1762145064.json"
"581514","221282","2025-12-18","36.00","NZD","1762145064","23477/2025-12-18/1762145064.json"
"512557","146154","2025-12-18","45.00","NZD","1762145064","23477/2025-12-18/1762145064.json"
"365170","146153","2025-12-18","48.00","NZD","1762145064","23477/2025-12-18/1762145064.json"
"510807","146155","2025-12-18","52.00","NZD","1762145064","23477/2025-12-18/1762145064.json"
"581513","221281","2025-12-17","36.00","NZD","1762145064","23477/2025-12-17/1762145064.json"
"581514","221282","2025-12-17","36.00","NZD","1762145064","23477/2025-12-17/1762145064.json"
"512557","146154","2025-12-17","45.00","NZD","1762145064","23477/2025-12-17/1762145064.json"
"365170","146153","2025-12-17","48.00","NZD","1762145064","23477/2025-12-17/1762145064.json"
"510807","146155","2025-12-17","52.00","NZD","1762145064","23477/2025-12-17/1762145064.json"
"581513","221281","2025-12-16","36.00","NZD","1762145064","23477/2025-12-16/1762145064.json"
"581514","221282","2025-12-16","36.00","NZD","1762145064","23477/2025-12-16/1762145064.json"
"512557","146154","2025-12-16","45.00","NZD","1762145064","23477/2025-12-16/1762145064.json"
"365170","146153","2025-12-16","48.00","NZD","1762145064","23477/2025-12-16/1762145064.json"
"510807","146155","2025-12-16","52.00","NZD","1762145064","23477/2025-12-16/1762145064.json"
"581513","221281","2025-12-19","36.00","NZD","1762145064","23477/2025-12-19/1762145064.json"
"581514","221282","2025-12-19","36.00","NZD","1762145064","23477/2025-12-19/1762145064.json"
"512557","146154","2025-12-19","45.00","NZD","1762145064","23477/2025-12-19/1762145064.json"
"365170","146153","2025-12-19","48.00","NZD","1762145064","23477/2025-12-19/1762145064.json"
"510807","146155","2025-12-19","52.00","NZD","1762145064","23477/2025-12-19/1762145064.json"
"581513","221281","2025-12-20","36.00","NZD","1762145064","23477/2025-12-20/1762145064.json"
"581514","221282","2025-12-20","36.00","NZD","1762145064","23477/2025-12-20/1762145064.json"
"512557","146154","2025-12-20","45.00","NZD","1762145064","23477/2025-12-20/1762145064.json"
"365170","146153","2025-12-20","48.00","NZD","1762145064","23477/2025-12-20/1762145064.json"
"510807","146155","2025-12-20","52.00","NZD","1762145064","23477/2025-12-20/1762145064.json"
"581513","221281","2025-12-21","36.00","NZD","1762145064","23477/2025-12-21/1762145064.json"
"581514","221282","2025-12-21","36.00","NZD","1762145064","23477/2025-12-21/1762145064.json"
"512557","146154","2025-12-21","45.00","NZD","1762145064","23477/2025-12-21/1762145064.json"
"365170","146153","2025-12-21","48.00","NZD","1762145064","23477/2025-12-21/1762145064.json"
"510807","146155","2025-12-21","52.00","NZD","1762145064","23477/2025-12-21/1762145064.json"
"581513","221281","2025-12-22","36.00","NZD","1762145064","23477/2025-12-22/1762145064.json"
"581514","221282","2025-12-22","36.00","NZD","1762145064","23477/2025-12-22/1762145064.json"
"512557","146154","2025-12-22","45.00","NZD","1762145064","23477/2025-12-22/1762145064.json"
"365170","146153","2025-12-22","48.00","NZD","1762145064","23477/2025-12-22/1762145064.json"
"510807","146155","2025-12-22","52.00","NZD","1762145064","23477/2025-12-22/1762145064.json"
"581513","221281","2025-12-23","38.00","NZD","1762145064","23477/2025-12-23/1762145064.json"
"581514","221282","2025-12-23","38.00","NZD","1762145064","23477/2025-12-23/1762145064.json"
"512557","146154","2025-12-23","45.00","NZD","1762145064","23477/2025-12-23/1762145064.json"
"365170","146153","2025-12-23","48.00","NZD","1762145064","23477/2025-12-23/1762145064.json"
"510807","146155","2025-12-23","52.00","NZD","1762145064","23477/2025-12-23/1762145064.json"
"581513","221281","2025-12-24","38.00","NZD","1762145064","23477/2025-12-24/1762145064.json"
"581514","221282","2025-12-24","38.00","NZD","1762145064","23477/2025-12-24/1762145064.json"
"512557","146154","2025-12-24","45.00","NZD","1762145064","23477/2025-12-24/1762145064.json"
"365170","146153","2025-12-24","48.00","NZD","1762145064","23477/2025-12-24/1762145064.json"
"510807","146155","2025-12-24","52.00","NZD","1762145064","23477/2025-12-24/1762145064.json"
"581513","221281","2025-12-25","38.00","NZD","1762145064","23477/2025-12-25/1762145064.json"
"581514","221282","2025-12-25","38.00","NZD","1762145064","23477/2025-12-25/1762145064.json"
"512557","146154","2025-12-25","45.00","NZD","1762145064","23477/2025-12-25/1762145064.json"
"365170","146153","2025-12-25","48.00","NZD","1762145064","23477/2025-12-25/1762145064.json"
"510807","146155","2025-12-25","52.00","NZD","1762145064","23477/2025-12-25/1762145064.json"
"581513","221281","2025-12-26","42.00","NZD","1762145064","23477/2025-12-26/1762145064.json"
"581514","221282","2025-12-26","42.00","NZD","1762145064","23477/2025-12-26/1762145064.json"
"512557","146154","2025-12-26","45.00","NZD","1762145064","23477/2025-12-26/1762145064.json"
"365170","146153","2025-12-26","48.00","NZD","1762145064","23477/2025-12-26/1762145064.json"
"510807","146155","2025-12-26","52.00","NZD","1762145064","23477/2025-12-26/1762145064.json"
"581513","221281","2025-12-27","42.00","NZD","1762145064","23477/2025-12-27/1762145064.json"
"581514","221282","2025-12-27","42.00","NZD","1762145064","23477/2025-12-27/1762145064.json"
"512557","146154","2025-12-27","45.00","NZD","1762145064","23477/2025-12-27/1762145064.json"
"365170","146153","2025-12-27","48.00","NZD","1762145064","23477/2025-12-27/1762145064.json"
"510807","146155","2025-12-27","52.00","NZD","1762145064","23477/2025-12-27/1762145064.json"
"581513","221281","2025-12-28","42.00","NZD","1762145064","23477/2025-12-28/1762145064.json"
"581514","221282","2025-12-28","42.00","NZD","1762145064","23477/2025-12-28/1762145064.json"
"512557","146154","2025-12-28","45.00","NZD","1762145064","23477/2025-12-28/1762145064.json"
"365170","146153","2025-12-28","48.00","NZD","1762145064","23477/2025-12-28/1762145064.json"
"510807","146155","2025-12-28","52.00","NZD","1762145064","23477/2025-12-28/1762145064.json"
"581513","221281","2025-12-29","42.00","NZD","1762145064","23477/2025-12-29/1762145064.json"
"581514","221282","2025-12-29","42.00","NZD","1762145064","23477/2025-12-29/1762145064.json"
"512557","146154","2025-12-29","45.00","NZD","1762145064","23477/2025-12-29/1762145064.json"
"365170","146153","2025-12-29","48.00","NZD","1762145064","23477/2025-12-29/1762145064.json"
"510807","146155","2025-12-29","52.00","NZD","1762145064","23477/2025-12-29/1762145064.json"
"581513","221281","2025-12-30","42.00","NZD","1762145064","23477/2025-12-30/1762145064.json"
"581514","221282","2025-12-30","42.00","NZD","1762145064","23477/2025-12-30/1762145064.json"
"512557","146154","2025-12-30","45.00","NZD","1762145064","23477/2025-12-30/1762145064.json"
"365170","146153","2025-12-30","48.00","NZD","1762145064","23477/2025-12-30/1762145064.json"
"510807","146155","2025-12-30","52.00","NZD","1762145064","23477/2025-12-30/1762145064.json"
"581513","221281","2025-12-31","42.00","NZD","1762145064","23477/2025-12-31/1762145064.json"
"581514","221282","2025-12-31","42.00","NZD","1762145064","23477/2025-12-31/1762145064.json"
"512557","146154","2025-12-31","45.00","NZD","1762145064","23477/2025-12-31/1762145064.json"
"365170","146153","2025-12-31","48.00","NZD","1762145064","23477/2025-12-31/1762145064.json"
"510807","146155","2025-12-31","52.00","NZD","1762145064","23477/2025-12-31/1762145064.json"
"581513","221281","2026-01-01","42.00","NZD","1762145064","23477/2026-01-01/1762145064.json"
"581514","221282","2026-01-01","42.00","NZD","1762145064","23477/2026-01-01/1762145064.json"
"512557","146154","2026-01-01","45.00","NZD","1762145064","23477/2026-01-01/1762145064.json"
"365170","146153","2026-01-01","48.00","NZD","1762145064","23477/2026-01-01/1762145064.json"
"510807","146155","2026-01-01","52.00","NZD","1762145064","23477/2026-01-01/1762145064.json"
"581513","221281","2026-01-02","42.00","NZD","1762145064","23477/2026-01-02/1762145064.json"
"581514","221282","2026-01-02","42.00","NZD","1762145064","23477/2026-01-02/1762145064.json"
"512557","146154","2026-01-02","45.00","NZD","1762145064","23477/2026-01-02/1762145064.json"
"365170","146153","2026-01-02","48.00","NZD","1762145064","23477/2026-01-02/1762145064.json"
"510807","146155","2026-01-02","52.00","NZD","1762145064","23477/2026-01-02/1762145064.json"
"581513","221281","2025-11-04","36.00","NZD","1762159491","23477/2025-11-04/1762159491.json"
"581514","221282","2025-11-04","36.00","NZD","1762159491","23477/2025-11-04/1762159491.json"
"512557","146154","2025-11-04","45.00","NZD","1762159491","23477/2025-11-04/1762159491.json"
"365170","146153","2025-11-04","48.00","NZD","1762159491","23477/2025-11-04/1762159491.json"
"510807","146155","2025-11-04","52.00","NZD","1762159491","23477/2025-11-04/1762159491.json"
"581513","221281","2025-11-03","36.00","NZD","1762159491","23477/2025-11-03/1762159491.json"
"581514","221282","2025-11-03","36.00","NZD","1762159491","23477/2025-11-03/1762159491.json"
"512557","146154","2025-11-03","45.00","NZD","1762159491","23477/2025-11-03/1762159491.json"
"365170","146153","2025-11-03","48.00","NZD","1762159491","23477/2025-11-03/1762159491.json"
"510807","146155","2025-11-03","52.00","NZD","1762159491","23477/2025-11-03/1762159491.json"
"581513","221281","2025-11-05","36.00","NZD","1762159491","23477/2025-11-05/1762159491.json"
"581514","221282","2025-11-05","36.00","NZD","1762159491","23477/2025-11-05/1762159491.json"
"512557","146154","2025-11-05","45.00","NZD","1762159491","23477/2025-11-05/1762159491.json"
"365170","146153","2025-11-05","48.00","NZD","1762159491","23477/2025-11-05/1762159491.json"
"510807","146155","2025-11-05","52.00","NZD","1762159491","23477/2025-11-05/1762159491.json"
"581513","221281","2025-11-06","36.00","NZD","1762159491","23477/2025-11-06/1762159491.json"
"581514","221282","2025-11-06","36.00","NZD","1762159491","23477/2025-11-06/1762159491.json"
"512557","146154","2025-11-06","45.00","NZD","1762159491","23477/2025-11-06/1762159491.json"
"365170","146153","2025-11-06","48.00","NZD","1762159491","23477/2025-11-06/1762159491.json"
"510807","146155","2025-11-06","52.00","NZD","1762159491","23477/2025-11-06/1762159491.json"
"581513","221281","2025-11-08","36.00","NZD","1762159491","23477/2025-11-08/1762159491.json"
"581514","221282","2025-11-08","36.00","NZD","1762159491","23477/2025-11-08/1762159491.json"
"512557","146154","2025-11-08","45.00","NZD","1762159491","23477/2025-11-08/1762159491.json"
"365170","146153","2025-11-08","48.00","NZD","1762159491","23477/2025-11-08/1762159491.json"
"510807","146155","2025-11-08","52.00","NZD","1762159491","23477/2025-11-08/1762159491.json"
"581513","221281","2025-11-07","36.00","NZD","1762159491","23477/2025-11-07/1762159491.json"
"581514","221282","2025-11-07","36.00","NZD","1762159491","23477/2025-11-07/1762159491.json"
"512557","146154","2025-11-07","45.00","NZD","1762159491","23477/2025-11-07/1762159491.json"
"365170","146153","2025-11-07","48.00","NZD","1762159491","23477/2025-11-07/1762159491.json"
"510807","146155","2025-11-07","52.00","NZD","1762159491","23477/2025-11-07/1762159491.json"
"581513","221281","2025-11-09","36.00","NZD","1762159491","23477/2025-11-09/1762159491.json"
"581514","221282","2025-11-09","36.00","NZD","1762159491","23477/2025-11-09/1762159491.json"
"512557","146154","2025-11-09","45.00","NZD","1762159491","23477/2025-11-09/1762159491.json"
"365170","146153","2025-11-09","48.00","NZD","1762159491","23477/2025-11-09/1762159491.json"
"510807","146155","2025-11-09","52.00","NZD","1762159491","23477/2025-11-09/1762159491.json"
"581513","221281","2025-11-10","36.00","NZD","1762159491","23477/2025-11-10/1762159491.json"
"581514","221282","2025-11-10","36.00","NZD","1762159491","23477/2025-11-10/1762159491.json"
"512557","146154","2025-11-10","45.00","NZD","1762159491","23477/2025-11-10/1762159491.json"
"365170","146153","2025-11-10","48.00","NZD","1762159491","23477/2025-11-10/1762159491.json"
"510807","146155","2025-11-10","52.00","NZD","1762159491","23477/2025-11-10/1762159491.json"
"581513","221281","2025-11-12","36.00","NZD","1762159491","23477/2025-11-12/1762159491.json"
"581514","221282","2025-11-12","36.00","NZD","1762159491","23477/2025-11-12/1762159491.json"
"512557","146154","2025-11-12","45.00","NZD","1762159491","23477/2025-11-12/1762159491.json"
"365170","146153","2025-11-12","48.00","NZD","1762159491","23477/2025-11-12/1762159491.json"
"510807","146155","2025-11-12","52.00","NZD","1762159491","23477/2025-11-12/1762159491.json"
"581513","221281","2025-11-11","36.00","NZD","1762159491","23477/2025-11-11/1762159491.json"
"581514","221282","2025-11-11","36.00","NZD","1762159491","23477/2025-11-11/1762159491.json"
"512557","146154","2025-11-11","45.00","NZD","1762159491","23477/2025-11-11/1762159491.json"
"365170","146153","2025-11-11","48.00","NZD","1762159491","23477/2025-11-11/1762159491.json"
"510807","146155","2025-11-11","52.00","NZD","1762159491","23477/2025-11-11/1762159491.json"
"581513","221281","2025-11-13","36.00","NZD","1762159491","23477/2025-11-13/1762159491.json"
"581514","221282","2025-11-13","36.00","NZD","1762159491","23477/2025-11-13/1762159491.json"
"512557","146154","2025-11-13","45.00","NZD","1762159491","23477/2025-11-13/1762159491.json"
"365170","146153","2025-11-13","48.00","NZD","1762159491","23477/2025-11-13/1762159491.json"
"510807","146155","2025-11-13","52.00","NZD","1762159491","23477/2025-11-13/1762159491.json"
"581513","221281","2025-11-14","36.00","NZD","1762159491","23477/2025-11-14/1762159491.json"
"581514","221282","2025-11-14","36.00","NZD","1762159491","23477/2025-11-14/1762159491.json"
"512557","146154","2025-11-14","45.00","NZD","1762159491","23477/2025-11-14/1762159491.json"
"365170","146153","2025-11-14","48.00","NZD","1762159491","23477/2025-11-14/1762159491.json"
"510807","146155","2025-11-14","52.00","NZD","1762159491","23477/2025-11-14/1762159491.json"
"581513","221281","2025-11-15","36.00","NZD","1762159491","23477/2025-11-15/1762159491.json"
"581514","221282","2025-11-15","36.00","NZD","1762159491","23477/2025-11-15/1762159491.json"
"512557","146154","2025-11-15","45.00","NZD","1762159491","23477/2025-11-15/1762159491.json"
"365170","146153","2025-11-15","48.00","NZD","1762159491","23477/2025-11-15/1762159491.json"
"510807","146155","2025-11-15","52.00","NZD","1762159491","23477/2025-11-15/1762159491.json"
"581513","221281","2025-11-16","36.00","NZD","1762159491","23477/2025-11-16/1762159491.json"
"581514","221282","2025-11-16","36.00","NZD","1762159491","23477/2025-11-16/1762159491.json"
"512557","146154","2025-11-16","45.00","NZD","1762159491","23477/2025-11-16/1762159491.json"
"365170","146153","2025-11-16","48.00","NZD","1762159491","23477/2025-11-16/1762159491.json"
"510807","146155","2025-11-16","52.00","NZD","1762159491","23477/2025-11-16/1762159491.json"
"581513","221281","2025-11-17","36.00","NZD","1762159491","23477/2025-11-17/1762159491.json"
"581514","221282","2025-11-17","36.00","NZD","1762159491","23477/2025-11-17/1762159491.json"
"512557","146154","2025-11-17","45.00","NZD","1762159491","23477/2025-11-17/1762159491.json"
"365170","146153","2025-11-17","48.00","NZD","1762159491","23477/2025-11-17/1762159491.json"
"510807","146155","2025-11-17","52.00","NZD","1762159491","23477/2025-11-17/1762159491.json"
"581513","221281","2025-11-18","36.00","NZD","1762159491","23477/2025-11-18/1762159491.json"
"581514","221282","2025-11-18","36.00","NZD","1762159491","23477/2025-11-18/1762159491.json"
"512557","146154","2025-11-18","45.00","NZD","1762159491","23477/2025-11-18/1762159491.json"
"365170","146153","2025-11-18","48.00","NZD","1762159491","23477/2025-11-18/1762159491.json"
"510807","146155","2025-11-18","52.00","NZD","1762159491","23477/2025-11-18/1762159491.json"
"581513","221281","2025-11-21","36.00","NZD","1762159491","23477/2025-11-21/1762159491.json"
"581514","221282","2025-11-21","36.00","NZD","1762159491","23477/2025-11-21/1762159491.json"
"512557","146154","2025-11-21","45.00","NZD","1762159491","23477/2025-11-21/1762159491.json"
"365170","146153","2025-11-21","48.00","NZD","1762159491","23477/2025-11-21/1762159491.json"
"510807","146155","2025-11-21","52.00","NZD","1762159491","23477/2025-11-21/1762159491.json"
"581513","221281","2025-11-20","36.00","NZD","1762159491","23477/2025-11-20/1762159491.json"
"581514","221282","2025-11-20","36.00","NZD","1762159491","23477/2025-11-20/1762159491.json"
"512557","146154","2025-11-20","45.00","NZD","1762159491","23477/2025-11-20/1762159491.json"
"581513","221281","2025-11-19","36.00","NZD","1762159491","23477/2025-11-19/1762159491.json"
"581514","221282","2025-11-19","36.00","NZD","1762159491","23477/2025-11-19/1762159491.json"
"512557","146154","2025-11-19","45.00","NZD","1762159491","23477/2025-11-19/1762159491.json"
"365170","146153","2025-11-19","48.00","NZD","1762159491","23477/2025-11-19/1762159491.json"
"510807","146155","2025-11-19","52.00","NZD","1762159491","23477/2025-11-19/1762159491.json"
"581513","221281","2025-11-24","36.00","NZD","1762159491","23477/2025-11-24/1762159491.json"
"581514","221282","2025-11-24","36.00","NZD","1762159491","23477/2025-11-24/1762159491.json"
"512557","146154","2025-11-24","45.00","NZD","1762159491","23477/2025-11-24/1762159491.json"
"365170","146153","2025-11-24","48.00","NZD","1762159491","23477/2025-11-24/1762159491.json"
"510807","146155","2025-11-24","52.00","NZD","1762159491","23477/2025-11-24/1762159491.json"
"581513","221281","2025-11-23","36.00","NZD","1762159491","23477/2025-11-23/1762159491.json"
"581514","221282","2025-11-23","36.00","NZD","1762159491","23477/2025-11-23/1762159491.json"
"512557","146154","2025-11-23","45.00","NZD","1762159491","23477/2025-11-23/1762159491.json"
"365170","146153","2025-11-23","48.00","NZD","1762159491","23477/2025-11-23/1762159491.json"
"510807","146155","2025-11-23","52.00","NZD","1762159491","23477/2025-11-23/1762159491.json"
"581513","221281","2025-11-22","36.00","NZD","1762159491","23477/2025-11-22/1762159491.json"
"581514","221282","2025-11-22","36.00","NZD","1762159491","23477/2025-11-22/1762159491.json"
"512557","146154","2025-11-22","45.00","NZD","1762159491","23477/2025-11-22/1762159491.json"
"365170","146153","2025-11-22","48.00","NZD","1762159491","23477/2025-11-22/1762159491.json"
"510807","146155","2025-11-22","52.00","NZD","1762159491","23477/2025-11-22/1762159491.json"
"581513","221281","2025-11-25","36.00","NZD","1762159491","23477/2025-11-25/1762159491.json"
"581514","221282","2025-11-25","36.00","NZD","1762159491","23477/2025-11-25/1762159491.json"
"512557","146154","2025-11-25","45.00","NZD","1762159491","23477/2025-11-25/1762159491.json"
"365170","146153","2025-11-25","48.00","NZD","1762159491","23477/2025-11-25/1762159491.json"
"510807","146155","2025-11-25","52.00","NZD","1762159491","23477/2025-11-25/1762159491.json"
"581513","221281","2025-11-26","36.00","NZD","1762159491","23477/2025-11-26/1762159491.json"
"581514","221282","2025-11-26","36.00","NZD","1762159491","23477/2025-11-26/1762159491.json"
"512557","146154","2025-11-26","45.00","NZD","1762159491","23477/2025-11-26/1762159491.json"
"365170","146153","2025-11-26","48.00","NZD","1762159491","23477/2025-11-26/1762159491.json"
"510807","146155","2025-11-26","52.00","NZD","1762159491","23477/2025-11-26/1762159491.json"
"581513","221281","2025-11-28","36.00","NZD","1762159491","23477/2025-11-28/1762159491.json"
"581514","221282","2025-11-28","36.00","NZD","1762159491","23477/2025-11-28/1762159491.json"
"512557","146154","2025-11-28","45.00","NZD","1762159491","23477/2025-11-28/1762159491.json"
"365170","146153","2025-11-28","48.00","NZD","1762159491","23477/2025-11-28/1762159491.json"
"510807","146155","2025-11-28","52.00","NZD","1762159491","23477/2025-11-28/1762159491.json"
"581513","221281","2025-11-29","36.00","NZD","1762159491","23477/2025-11-29/1762159491.json"
"581514","221282","2025-11-29","36.00","NZD","1762159491","23477/2025-11-29/1762159491.json"
"512557","146154","2025-11-29","45.00","NZD","1762159491","23477/2025-11-29/1762159491.json"
"365170","146153","2025-11-29","48.00","NZD","1762159491","23477/2025-11-29/1762159491.json"
"510807","146155","2025-11-29","52.00","NZD","1762159491","23477/2025-11-29/1762159491.json"
"581513","221281","2025-11-27","36.00","NZD","1762159491","23477/2025-11-27/1762159491.json"
"581514","221282","2025-11-27","36.00","NZD","1762159491","23477/2025-11-27/1762159491.json"
"512557","146154","2025-11-27","45.00","NZD","1762159491","23477/2025-11-27/1762159491.json"
"365170","146153","2025-11-27","48.00","NZD","1762159491","23477/2025-11-27/1762159491.json"
"510807","146155","2025-11-27","52.00","NZD","1762159491","23477/2025-11-27/1762159491.json"
"581513","221281","2025-11-30","36.00","NZD","1762159491","23477/2025-11-30/1762159491.json"
"581514","221282","2025-11-30","36.00","NZD","1762159491","23477/2025-11-30/1762159491.json"
"512557","146154","2025-11-30","45.00","NZD","1762159491","23477/2025-11-30/1762159491.json"
"365170","146153","2025-11-30","48.00","NZD","1762159491","23477/2025-11-30/1762159491.json"
"510807","146155","2025-11-30","52.00","NZD","1762159491","23477/2025-11-30/1762159491.json"
"581513","221281","2025-12-01","36.00","NZD","1762159491","23477/2025-12-01/1762159491.json"
"581514","221282","2025-12-01","36.00","NZD","1762159491","23477/2025-12-01/1762159491.json"
"512557","146154","2025-12-01","45.00","NZD","1762159491","23477/2025-12-01/1762159491.json"
"365170","146153","2025-12-01","48.00","NZD","1762159491","23477/2025-12-01/1762159491.json"
"510807","146155","2025-12-01","52.00","NZD","1762159491","23477/2025-12-01/1762159491.json"
"581513","221281","2025-12-02","36.00","NZD","1762159491","23477/2025-12-02/1762159491.json"
"581514","221282","2025-12-02","36.00","NZD","1762159491","23477/2025-12-02/1762159491.json"
"512557","146154","2025-12-02","45.00","NZD","1762159491","23477/2025-12-02/1762159491.json"
"365170","146153","2025-12-02","48.00","NZD","1762159491","23477/2025-12-02/1762159491.json"
"510807","146155","2025-12-02","52.00","NZD","1762159491","23477/2025-12-02/1762159491.json"
"581513","221281","2025-12-03","36.00","NZD","1762159491","23477/2025-12-03/1762159491.json"
"581514","221282","2025-12-03","36.00","NZD","1762159491","23477/2025-12-03/1762159491.json"
"512557","146154","2025-12-03","45.00","NZD","1762159491","23477/2025-12-03/1762159491.json"
"365170","146153","2025-12-03","48.00","NZD","1762159491","23477/2025-12-03/1762159491.json"
"510807","146155","2025-12-03","52.00","NZD","1762159491","23477/2025-12-03/1762159491.json"
"581513","221281","2025-12-05","36.00","NZD","1762159491","23477/2025-12-05/1762159491.json"
"581514","221282","2025-12-05","36.00","NZD","1762159491","23477/2025-12-05/1762159491.json"
"512557","146154","2025-12-05","45.00","NZD","1762159491","23477/2025-12-05/1762159491.json"
"365170","146153","2025-12-05","48.00","NZD","1762159491","23477/2025-12-05/1762159491.json"
"510807","146155","2025-12-05","52.00","NZD","1762159491","23477/2025-12-05/1762159491.json"
"581513","221281","2025-12-06","36.00","NZD","1762159491","23477/2025-12-06/1762159491.json"
"581514","221282","2025-12-06","36.00","NZD","1762159491","23477/2025-12-06/1762159491.json"
"512557","146154","2025-12-06","45.00","NZD","1762159491","23477/2025-12-06/1762159491.json"
"365170","146153","2025-12-06","48.00","NZD","1762159491","23477/2025-12-06/1762159491.json"
"510807","146155","2025-12-06","52.00","NZD","1762159491","23477/2025-12-06/1762159491.json"
"581513","221281","2025-12-04","36.00","NZD","1762159491","23477/2025-12-04/1762159491.json"
"581514","221282","2025-12-04","36.00","NZD","1762159491","23477/2025-12-04/1762159491.json"
"512557","146154","2025-12-04","45.00","NZD","1762159491","23477/2025-12-04/1762159491.json"
"365170","146153","2025-12-04","48.00","NZD","1762159491","23477/2025-12-04/1762159491.json"
"510807","146155","2025-12-04","52.00","NZD","1762159491","23477/2025-12-04/1762159491.json"
"581513","221281","2025-12-07","36.00","NZD","1762159491","23477/2025-12-07/1762159491.json"
"581514","221282","2025-12-07","36.00","NZD","1762159491","23477/2025-12-07/1762159491.json"
"512557","146154","2025-12-07","45.00","NZD","1762159491","23477/2025-12-07/1762159491.json"
"365170","146153","2025-12-07","48.00","NZD","1762159491","23477/2025-12-07/1762159491.json"
"510807","146155","2025-12-07","52.00","NZD","1762159491","23477/2025-12-07/1762159491.json"
"581513","221281","2025-12-09","36.00","NZD","1762159491","23477/2025-12-09/1762159491.json"
"581514","221282","2025-12-09","36.00","NZD","1762159491","23477/2025-12-09/1762159491.json"
"512557","146154","2025-12-09","45.00","NZD","1762159491","23477/2025-12-09/1762159491.json"
"365170","146153","2025-12-09","48.00","NZD","1762159491","23477/2025-12-09/1762159491.json"
"510807","146155","2025-12-09","52.00","NZD","1762159491","23477/2025-12-09/1762159491.json"
"581513","221281","2025-12-08","36.00","NZD","1762159491","23477/2025-12-08/1762159491.json"
"581514","221282","2025-12-08","36.00","NZD","1762159491","23477/2025-12-08/1762159491.json"
"512557","146154","2025-12-08","45.00","NZD","1762159491","23477/2025-12-08/1762159491.json"
"365170","146153","2025-12-08","48.00","NZD","1762159491","23477/2025-12-08/1762159491.json"
"510807","146155","2025-12-08","52.00","NZD","1762159491","23477/2025-12-08/1762159491.json"
"581513","221281","2025-12-10","36.00","NZD","1762159491","23477/2025-12-10/1762159491.json"
"581514","221282","2025-12-10","36.00","NZD","1762159491","23477/2025-12-10/1762159491.json"
"512557","146154","2025-12-10","45.00","NZD","1762159491","23477/2025-12-10/1762159491.json"
"365170","146153","2025-12-10","48.00","NZD","1762159491","23477/2025-12-10/1762159491.json"
"510807","146155","2025-12-10","52.00","NZD","1762159491","23477/2025-12-10/1762159491.json"
"581513","221281","2025-12-11","36.00","NZD","1762159491","23477/2025-12-11/1762159491.json"
"581514","221282","2025-12-11","36.00","NZD","1762159491","23477/2025-12-11/1762159491.json"
"512557","146154","2025-12-11","45.00","NZD","1762159491","23477/2025-12-11/1762159491.json"
"365170","146153","2025-12-11","48.00","NZD","1762159491","23477/2025-12-11/1762159491.json"
"510807","146155","2025-12-11","52.00","NZD","1762159491","23477/2025-12-11/1762159491.json"
"581513","221281","2025-12-13","36.00","NZD","1762159491","23477/2025-12-13/1762159491.json"
"581514","221282","2025-12-13","36.00","NZD","1762159491","23477/2025-12-13/1762159491.json"
"512557","146154","2025-12-13","45.00","NZD","1762159491","23477/2025-12-13/1762159491.json"
"365170","146153","2025-12-13","48.00","NZD","1762159491","23477/2025-12-13/1762159491.json"
"510807","146155","2025-12-13","52.00","NZD","1762159491","23477/2025-12-13/1762159491.json"
"581513","221281","2025-12-12","36.00","NZD","1762159491","23477/2025-12-12/1762159491.json"
"581514","221282","2025-12-12","36.00","NZD","1762159491","23477/2025-12-12/1762159491.json"
"512557","146154","2025-12-12","45.00","NZD","1762159491","23477/2025-12-12/1762159491.json"
"365170","146153","2025-12-12","48.00","NZD","1762159491","23477/2025-12-12/1762159491.json"
"510807","146155","2025-12-12","52.00","NZD","1762159491","23477/2025-12-12/1762159491.json"
"581513","221281","2025-12-14","36.00","NZD","1762159491","23477/2025-12-14/1762159491.json"
"581514","221282","2025-12-14","36.00","NZD","1762159491","23477/2025-12-14/1762159491.json"
"512557","146154","2025-12-14","45.00","NZD","1762159491","23477/2025-12-14/1762159491.json"
"365170","146153","2025-12-14","48.00","NZD","1762159491","23477/2025-12-14/1762159491.json"
"510807","146155","2025-12-14","52.00","NZD","1762159491","23477/2025-12-14/1762159491.json"
"581513","221281","2025-12-15","36.00","NZD","1762159491","23477/2025-12-15/1762159491.json"
"581514","221282","2025-12-15","36.00","NZD","1762159491","23477/2025-12-15/1762159491.json"
"512557","146154","2025-12-15","45.00","NZD","1762159491","23477/2025-12-15/1762159491.json"
"365170","146153","2025-12-15","48.00","NZD","1762159491","23477/2025-12-15/1762159491.json"
"510807","146155","2025-12-15","52.00","NZD","1762159491","23477/2025-12-15/1762159491.json"
"581513","221281","2025-12-17","36.00","NZD","1762159491","23477/2025-12-17/1762159491.json"
"581514","221282","2025-12-17","36.00","NZD","1762159491","23477/2025-12-17/1762159491.json"
"512557","146154","2025-12-17","45.00","NZD","1762159491","23477/2025-12-17/1762159491.json"
"365170","146153","2025-12-17","48.00","NZD","1762159491","23477/2025-12-17/1762159491.json"
"510807","146155","2025-12-17","52.00","NZD","1762159491","23477/2025-12-17/1762159491.json"
"581513","221281","2025-12-19","36.00","NZD","1762159491","23477/2025-12-19/1762159491.json"
"581514","221282","2025-12-19","36.00","NZD","1762159491","23477/2025-12-19/1762159491.json"
"512557","146154","2025-12-19","45.00","NZD","1762159491","23477/2025-12-19/1762159491.json"
"365170","146153","2025-12-19","48.00","NZD","1762159491","23477/2025-12-19/1762159491.json"
"510807","146155","2025-12-19","52.00","NZD","1762159491","23477/2025-12-19/1762159491.json"
"581513","221281","2025-12-16","36.00","NZD","1762159491","23477/2025-12-16/1762159491.json"
"581514","221282","2025-12-16","36.00","NZD","1762159491","23477/2025-12-16/1762159491.json"
"512557","146154","2025-12-16","45.00","NZD","1762159491","23477/2025-12-16/1762159491.json"
"365170","146153","2025-12-16","48.00","NZD","1762159491","23477/2025-12-16/1762159491.json"
"510807","146155","2025-12-16","52.00","NZD","1762159491","23477/2025-12-16/1762159491.json"
"581513","221281","2025-12-20","36.00","NZD","1762159491","23477/2025-12-20/1762159491.json"
"581514","221282","2025-12-20","36.00","NZD","1762159491","23477/2025-12-20/1762159491.json"
"512557","146154","2025-12-20","45.00","NZD","1762159491","23477/2025-12-20/1762159491.json"
"365170","146153","2025-12-20","48.00","NZD","1762159491","23477/2025-12-20/1762159491.json"
"510807","146155","2025-12-20","52.00","NZD","1762159491","23477/2025-12-20/1762159491.json"
"581513","221281","2025-12-18","36.00","NZD","1762159491","23477/2025-12-18/1762159491.json"
"581514","221282","2025-12-18","36.00","NZD","1762159491","23477/2025-12-18/1762159491.json"
"512557","146154","2025-12-18","45.00","NZD","1762159491","23477/2025-12-18/1762159491.json"
"365170","146153","2025-12-18","48.00","NZD","1762159491","23477/2025-12-18/1762159491.json"
"510807","146155","2025-12-18","52.00","NZD","1762159491","23477/2025-12-18/1762159491.json"
"581513","221281","2025-12-21","36.00","NZD","1762159491","23477/2025-12-21/1762159491.json"
"581514","221282","2025-12-21","36.00","NZD","1762159491","23477/2025-12-21/1762159491.json"
"512557","146154","2025-12-21","45.00","NZD","1762159491","23477/2025-12-21/1762159491.json"
"365170","146153","2025-12-21","48.00","NZD","1762159491","23477/2025-12-21/1762159491.json"
"510807","146155","2025-12-21","52.00","NZD","1762159491","23477/2025-12-21/1762159491.json"
"581513","221281","2025-12-23","38.00","NZD","1762159491","23477/2025-12-23/1762159491.json"
"581514","221282","2025-12-23","38.00","NZD","1762159491","23477/2025-12-23/1762159491.json"
"512557","146154","2025-12-23","45.00","NZD","1762159491","23477/2025-12-23/1762159491.json"
"365170","146153","2025-12-23","48.00","NZD","1762159491","23477/2025-12-23/1762159491.json"
"510807","146155","2025-12-23","52.00","NZD","1762159491","23477/2025-12-23/1762159491.json"
"581513","221281","2025-12-24","38.00","NZD","1762159491","23477/2025-12-24/1762159491.json"
"581514","221282","2025-12-24","38.00","NZD","1762159491","23477/2025-12-24/1762159491.json"
"512557","146154","2025-12-24","45.00","NZD","1762159491","23477/2025-12-24/1762159491.json"
"365170","146153","2025-12-24","48.00","NZD","1762159491","23477/2025-12-24/1762159491.json"
"510807","146155","2025-12-24","52.00","NZD","1762159491","23477/2025-12-24/1762159491.json"
"581513","221281","2025-12-25","38.00","NZD","1762159491","23477/2025-12-25/1762159491.json"
"581514","221282","2025-12-25","38.00","NZD","1762159491","23477/2025-12-25/1762159491.json"
"512557","146154","2025-12-25","45.00","NZD","1762159491","23477/2025-12-25/1762159491.json"
"365170","146153","2025-12-25","48.00","NZD","1762159491","23477/2025-12-25/1762159491.json"
"510807","146155","2025-12-25","52.00","NZD","1762159491","23477/2025-12-25/1762159491.json"
"581513","221281","2025-12-26","42.00","NZD","1762159491","23477/2025-12-26/1762159491.json"
"581514","221282","2025-12-26","42.00","NZD","1762159491","23477/2025-12-26/1762159491.json"
"512557","146154","2025-12-26","45.00","NZD","1762159491","23477/2025-12-26/1762159491.json"
"365170","146153","2025-12-26","48.00","NZD","1762159491","23477/2025-12-26/1762159491.json"
"510807","146155","2025-12-26","52.00","NZD","1762159491","23477/2025-12-26/1762159491.json"
"581513","221281","2025-12-27","42.00","NZD","1762159491","23477/2025-12-27/1762159491.json"
"581514","221282","2025-12-27","42.00","NZD","1762159491","23477/2025-12-27/1762159491.json"
"512557","146154","2025-12-27","45.00","NZD","1762159491","23477/2025-12-27/1762159491.json"
"365170","146153","2025-12-27","48.00","NZD","1762159491","23477/2025-12-27/1762159491.json"
"510807","146155","2025-12-27","52.00","NZD","1762159491","23477/2025-12-27/1762159491.json"
"581513","221281","2025-12-28","42.00","NZD","1762159491","23477/2025-12-28/1762159491.json"
"581514","221282","2025-12-28","42.00","NZD","1762159491","23477/2025-12-28/1762159491.json"
"512557","146154","2025-12-28","45.00","NZD","1762159491","23477/2025-12-28/1762159491.json"
"365170","146153","2025-12-28","48.00","NZD","1762159491","23477/2025-12-28/1762159491.json"
"510807","146155","2025-12-28","52.00","NZD","1762159491","23477/2025-12-28/1762159491.json"
"581513","221281","2025-12-29","42.00","NZD","1762159491","23477/2025-12-29/1762159491.json"
"581514","221282","2025-12-29","42.00","NZD","1762159491","23477/2025-12-29/1762159491.json"
"512557","146154","2025-12-29","45.00","NZD","1762159491","23477/2025-12-29/1762159491.json"
"365170","146153","2025-12-29","48.00","NZD","1762159491","23477/2025-12-29/1762159491.json"
"510807","146155","2025-12-29","52.00","NZD","1762159491","23477/2025-12-29/1762159491.json"
"581513","221281","2025-12-30","42.00","NZD","1762159491","23477/2025-12-30/1762159491.json"
"581514","221282","2025-12-30","42.00","NZD","1762159491","23477/2025-12-30/1762159491.json"
"512557","146154","2025-12-30","45.00","NZD","1762159491","23477/2025-12-30/1762159491.json"
"365170","146153","2025-12-30","48.00","NZD","1762159491","23477/2025-12-30/1762159491.json"
"510807","146155","2025-12-30","52.00","NZD","1762159491","23477/2025-12-30/1762159491.json"
"581513","221281","2026-01-01","42.00","NZD","1762159491","23477/2026-01-01/1762159491.json"
"581514","221282","2026-01-01","42.00","NZD","1762159491","23477/2026-01-01/1762159491.json"
"512557","146154","2026-01-01","45.00","NZD","1762159491","23477/2026-01-01/1762159491.json"
"365170","146153","2026-01-01","48.00","NZD","1762159491","23477/2026-01-01/1762159491.json"
"510807","146155","2026-01-01","52.00","NZD","1762159491","23477/2026-01-01/1762159491.json"
"581513","221281","2026-01-02","42.00","NZD","1762159491","23477/2026-01-02/1762159491.json"
"581514","221282","2026-01-02","42.00","NZD","1762159491","23477/2026-01-02/1762159491.json"
"512557","146154","2026-01-02","45.00","NZD","1762159491","23477/2026-01-02/1762159491.json"
"365170","146153","2026-01-02","48.00","NZD","1762159491","23477/2026-01-02/1762159491.json"
"510807","146155","2026-01-02","52.00","NZD","1762159491","23477/2026-01-02/1762159491.json"
"581513","221281","2025-12-31","42.00","NZD","1762159491","23477/2025-12-31/1762159491.json"
"581514","221282","2025-12-31","42.00","NZD","1762159491","23477/2025-12-31/1762159491.json"
"512557","146154","2025-12-31","45.00","NZD","1762159491","23477/2025-12-31/1762159491.json"
"365170","146153","2025-12-31","48.00","NZD","1762159491","23477/2025-12-31/1762159491.json"
"510807","146155","2025-12-31","52.00","NZD","1762159491","23477/2025-12-31/1762159491.json"
"581513","221281","2025-12-22","36.00","NZD","1762159491","23477/2025-12-22/1762159491.json"
"581514","221282","2025-12-22","36.00","NZD","1762159491","23477/2025-12-22/1762159491.json"
"512557","146154","2025-12-22","45.00","NZD","1762159491","23477/2025-12-22/1762159491.json"
"365170","146153","2025-12-22","48.00","NZD","1762159491","23477/2025-12-22/1762159491.json"
"510807","146155","2025-12-22","52.00","NZD","1762159491","23477/2025-12-22/1762159491.json"
"581513","221281","2025-11-07","36.00","NZD","1762174889","23477/2025-11-07/1762174889.json"
"581514","221282","2025-11-07","36.00","NZD","1762174889","23477/2025-11-07/1762174889.json"
"512557","146154","2025-11-07","45.00","NZD","1762174889","23477/2025-11-07/1762174889.json"
"365170","146153","2025-11-07","48.00","NZD","1762174889","23477/2025-11-07/1762174889.json"
"510807","146155","2025-11-07","52.00","NZD","1762174889","23477/2025-11-07/1762174889.json"
"581513","221281","2025-11-06","36.00","NZD","1762174889","23477/2025-11-06/1762174889.json"
"581514","221282","2025-11-06","36.00","NZD","1762174889","23477/2025-11-06/1762174889.json"
"512557","146154","2025-11-06","45.00","NZD","1762174889","23477/2025-11-06/1762174889.json"
"365170","146153","2025-11-06","48.00","NZD","1762174889","23477/2025-11-06/1762174889.json"
"510807","146155","2025-11-06","52.00","NZD","1762174889","23477/2025-11-06/1762174889.json"
"581513","221281","2025-11-04","36.00","NZD","1762174889","23477/2025-11-04/1762174889.json"
"581514","221282","2025-11-04","36.00","NZD","1762174889","23477/2025-11-04/1762174889.json"
"512557","146154","2025-11-04","45.00","NZD","1762174889","23477/2025-11-04/1762174889.json"
"365170","146153","2025-11-04","48.00","NZD","1762174889","23477/2025-11-04/1762174889.json"
"510807","146155","2025-11-04","52.00","NZD","1762174889","23477/2025-11-04/1762174889.json"
"581513","221281","2025-11-05","36.00","NZD","1762174889","23477/2025-11-05/1762174889.json"
"581514","221282","2025-11-05","36.00","NZD","1762174889","23477/2025-11-05/1762174889.json"
"512557","146154","2025-11-05","45.00","NZD","1762174889","23477/2025-11-05/1762174889.json"
"365170","146153","2025-11-05","48.00","NZD","1762174889","23477/2025-11-05/1762174889.json"
"510807","146155","2025-11-05","52.00","NZD","1762174889","23477/2025-11-05/1762174889.json"
"581513","221281","2025-11-09","36.00","NZD","1762174889","23477/2025-11-09/1762174889.json"
"581514","221282","2025-11-09","36.00","NZD","1762174889","23477/2025-11-09/1762174889.json"
"512557","146154","2025-11-09","45.00","NZD","1762174889","23477/2025-11-09/1762174889.json"
"365170","146153","2025-11-09","48.00","NZD","1762174889","23477/2025-11-09/1762174889.json"
"510807","146155","2025-11-09","52.00","NZD","1762174889","23477/2025-11-09/1762174889.json"
"581513","221281","2025-11-08","36.00","NZD","1762174889","23477/2025-11-08/1762174889.json"
"581514","221282","2025-11-08","36.00","NZD","1762174889","23477/2025-11-08/1762174889.json"
"512557","146154","2025-11-08","45.00","NZD","1762174889","23477/2025-11-08/1762174889.json"
"365170","146153","2025-11-08","48.00","NZD","1762174889","23477/2025-11-08/1762174889.json"
"510807","146155","2025-11-08","52.00","NZD","1762174889","23477/2025-11-08/1762174889.json"
"581513","221281","2025-11-10","36.00","NZD","1762174889","23477/2025-11-10/1762174889.json"
"581514","221282","2025-11-10","36.00","NZD","1762174889","23477/2025-11-10/1762174889.json"
"512557","146154","2025-11-10","45.00","NZD","1762174889","23477/2025-11-10/1762174889.json"
"365170","146153","2025-11-10","48.00","NZD","1762174889","23477/2025-11-10/1762174889.json"
"510807","146155","2025-11-10","52.00","NZD","1762174889","23477/2025-11-10/1762174889.json"
"581513","221281","2025-11-11","36.00","NZD","1762174889","23477/2025-11-11/1762174889.json"
"581514","221282","2025-11-11","36.00","NZD","1762174889","23477/2025-11-11/1762174889.json"
"512557","146154","2025-11-11","45.00","NZD","1762174889","23477/2025-11-11/1762174889.json"
"365170","146153","2025-11-11","48.00","NZD","1762174889","23477/2025-11-11/1762174889.json"
"510807","146155","2025-11-11","52.00","NZD","1762174889","23477/2025-11-11/1762174889.json"
"581513","221281","2025-11-12","36.00","NZD","1762174889","23477/2025-11-12/1762174889.json"
"581514","221282","2025-11-12","36.00","NZD","1762174889","23477/2025-11-12/1762174889.json"
"512557","146154","2025-11-12","45.00","NZD","1762174889","23477/2025-11-12/1762174889.json"
"365170","146153","2025-11-12","48.00","NZD","1762174889","23477/2025-11-12/1762174889.json"
"510807","146155","2025-11-12","52.00","NZD","1762174889","23477/2025-11-12/1762174889.json"
"581513","221281","2025-11-13","36.00","NZD","1762174889","23477/2025-11-13/1762174889.json"
"581514","221282","2025-11-13","36.00","NZD","1762174889","23477/2025-11-13/1762174889.json"
"512557","146154","2025-11-13","45.00","NZD","1762174889","23477/2025-11-13/1762174889.json"
"365170","146153","2025-11-13","48.00","NZD","1762174889","23477/2025-11-13/1762174889.json"
"510807","146155","2025-11-13","52.00","NZD","1762174889","23477/2025-11-13/1762174889.json"
"581513","221281","2025-11-15","36.00","NZD","1762174889","23477/2025-11-15/1762174889.json"
"581514","221282","2025-11-15","36.00","NZD","1762174889","23477/2025-11-15/1762174889.json"
"512557","146154","2025-11-15","45.00","NZD","1762174889","23477/2025-11-15/1762174889.json"
"365170","146153","2025-11-15","48.00","NZD","1762174889","23477/2025-11-15/1762174889.json"
"510807","146155","2025-11-15","52.00","NZD","1762174889","23477/2025-11-15/1762174889.json"
"581513","221281","2025-11-14","36.00","NZD","1762174889","23477/2025-11-14/1762174889.json"
"581514","221282","2025-11-14","36.00","NZD","1762174889","23477/2025-11-14/1762174889.json"
"512557","146154","2025-11-14","45.00","NZD","1762174889","23477/2025-11-14/1762174889.json"
"365170","146153","2025-11-14","48.00","NZD","1762174889","23477/2025-11-14/1762174889.json"
"510807","146155","2025-11-14","52.00","NZD","1762174889","23477/2025-11-14/1762174889.json"
"581513","221281","2025-11-16","36.00","NZD","1762174889","23477/2025-11-16/1762174889.json"
"581514","221282","2025-11-16","36.00","NZD","1762174889","23477/2025-11-16/1762174889.json"
"512557","146154","2025-11-16","45.00","NZD","1762174889","23477/2025-11-16/1762174889.json"
"365170","146153","2025-11-16","48.00","NZD","1762174889","23477/2025-11-16/1762174889.json"
"510807","146155","2025-11-16","52.00","NZD","1762174889","23477/2025-11-16/1762174889.json"
"581513","221281","2025-11-19","36.00","NZD","1762174889","23477/2025-11-19/1762174889.json"
"581514","221282","2025-11-19","36.00","NZD","1762174889","23477/2025-11-19/1762174889.json"
"512557","146154","2025-11-19","45.00","NZD","1762174889","23477/2025-11-19/1762174889.json"
"365170","146153","2025-11-19","48.00","NZD","1762174889","23477/2025-11-19/1762174889.json"
"510807","146155","2025-11-19","52.00","NZD","1762174889","23477/2025-11-19/1762174889.json"
"581513","221281","2025-11-18","36.00","NZD","1762174889","23477/2025-11-18/1762174889.json"
"581514","221282","2025-11-18","36.00","NZD","1762174889","23477/2025-11-18/1762174889.json"
"512557","146154","2025-11-18","45.00","NZD","1762174889","23477/2025-11-18/1762174889.json"
"365170","146153","2025-11-18","48.00","NZD","1762174889","23477/2025-11-18/1762174889.json"
"510807","146155","2025-11-18","52.00","NZD","1762174889","23477/2025-11-18/1762174889.json"
"581513","221281","2025-11-17","36.00","NZD","1762174889","23477/2025-11-17/1762174889.json"
"581514","221282","2025-11-17","36.00","NZD","1762174889","23477/2025-11-17/1762174889.json"
"512557","146154","2025-11-17","45.00","NZD","1762174889","23477/2025-11-17/1762174889.json"
"365170","146153","2025-11-17","48.00","NZD","1762174889","23477/2025-11-17/1762174889.json"
"510807","146155","2025-11-17","52.00","NZD","1762174889","23477/2025-11-17/1762174889.json"
"581513","221281","2025-11-20","36.00","NZD","1762174889","23477/2025-11-20/1762174889.json"
"581514","221282","2025-11-20","36.00","NZD","1762174889","23477/2025-11-20/1762174889.json"
"512557","146154","2025-11-20","45.00","NZD","1762174889","23477/2025-11-20/1762174889.json"
"581513","221281","2025-11-22","36.00","NZD","1762174889","23477/2025-11-22/1762174889.json"
"581514","221282","2025-11-22","36.00","NZD","1762174889","23477/2025-11-22/1762174889.json"
"512557","146154","2025-11-22","45.00","NZD","1762174889","23477/2025-11-22/1762174889.json"
"365170","146153","2025-11-22","48.00","NZD","1762174889","23477/2025-11-22/1762174889.json"
"510807","146155","2025-11-22","52.00","NZD","1762174889","23477/2025-11-22/1762174889.json"
"581513","221281","2025-11-21","36.00","NZD","1762174889","23477/2025-11-21/1762174889.json"
"581514","221282","2025-11-21","36.00","NZD","1762174889","23477/2025-11-21/1762174889.json"
"512557","146154","2025-11-21","45.00","NZD","1762174889","23477/2025-11-21/1762174889.json"
"365170","146153","2025-11-21","48.00","NZD","1762174889","23477/2025-11-21/1762174889.json"
"510807","146155","2025-11-21","52.00","NZD","1762174889","23477/2025-11-21/1762174889.json"
"581513","221281","2025-11-23","36.00","NZD","1762174889","23477/2025-11-23/1762174889.json"
"581514","221282","2025-11-23","36.00","NZD","1762174889","23477/2025-11-23/1762174889.json"
"512557","146154","2025-11-23","45.00","NZD","1762174889","23477/2025-11-23/1762174889.json"
"365170","146153","2025-11-23","48.00","NZD","1762174889","23477/2025-11-23/1762174889.json"
"510807","146155","2025-11-23","52.00","NZD","1762174889","23477/2025-11-23/1762174889.json"
"581513","221281","2025-11-24","36.00","NZD","1762174889","23477/2025-11-24/1762174889.json"
"581514","221282","2025-11-24","36.00","NZD","1762174889","23477/2025-11-24/1762174889.json"
"512557","146154","2025-11-24","45.00","NZD","1762174889","23477/2025-11-24/1762174889.json"
"365170","146153","2025-11-24","48.00","NZD","1762174889","23477/2025-11-24/1762174889.json"
"510807","146155","2025-11-24","52.00","NZD","1762174889","23477/2025-11-24/1762174889.json"
"581513","221281","2025-11-27","36.00","NZD","1762174889","23477/2025-11-27/1762174889.json"
"581514","221282","2025-11-27","36.00","NZD","1762174889","23477/2025-11-27/1762174889.json"
"512557","146154","2025-11-27","45.00","NZD","1762174889","23477/2025-11-27/1762174889.json"
"365170","146153","2025-11-27","48.00","NZD","1762174889","23477/2025-11-27/1762174889.json"
"510807","146155","2025-11-27","52.00","NZD","1762174889","23477/2025-11-27/1762174889.json"
"581513","221281","2025-11-26","36.00","NZD","1762174889","23477/2025-11-26/1762174889.json"
"581514","221282","2025-11-26","36.00","NZD","1762174889","23477/2025-11-26/1762174889.json"
"512557","146154","2025-11-26","45.00","NZD","1762174889","23477/2025-11-26/1762174889.json"
"365170","146153","2025-11-26","48.00","NZD","1762174889","23477/2025-11-26/1762174889.json"
"510807","146155","2025-11-26","52.00","NZD","1762174889","23477/2025-11-26/1762174889.json"
"581513","221281","2025-11-25","36.00","NZD","1762174889","23477/2025-11-25/1762174889.json"
"581514","221282","2025-11-25","36.00","NZD","1762174889","23477/2025-11-25/1762174889.json"
"512557","146154","2025-11-25","45.00","NZD","1762174889","23477/2025-11-25/1762174889.json"
"365170","146153","2025-11-25","48.00","NZD","1762174889","23477/2025-11-25/1762174889.json"
"510807","146155","2025-11-25","52.00","NZD","1762174889","23477/2025-11-25/1762174889.json"
"581513","221281","2025-11-28","36.00","NZD","1762174889","23477/2025-11-28/1762174889.json"
"581514","221282","2025-11-28","36.00","NZD","1762174889","23477/2025-11-28/1762174889.json"
"512557","146154","2025-11-28","45.00","NZD","1762174889","23477/2025-11-28/1762174889.json"
"365170","146153","2025-11-28","48.00","NZD","1762174889","23477/2025-11-28/1762174889.json"
"510807","146155","2025-11-28","52.00","NZD","1762174889","23477/2025-11-28/1762174889.json"
"581513","221281","2025-11-29","36.00","NZD","1762174889","23477/2025-11-29/1762174889.json"
"581514","221282","2025-11-29","36.00","NZD","1762174889","23477/2025-11-29/1762174889.json"
"512557","146154","2025-11-29","45.00","NZD","1762174889","23477/2025-11-29/1762174889.json"
"365170","146153","2025-11-29","48.00","NZD","1762174889","23477/2025-11-29/1762174889.json"
"510807","146155","2025-11-29","52.00","NZD","1762174889","23477/2025-11-29/1762174889.json"
"581513","221281","2025-12-01","36.00","NZD","1762174889","23477/2025-12-01/1762174889.json"
"581514","221282","2025-12-01","36.00","NZD","1762174889","23477/2025-12-01/1762174889.json"
"512557","146154","2025-12-01","45.00","NZD","1762174889","23477/2025-12-01/1762174889.json"
"365170","146153","2025-12-01","48.00","NZD","1762174889","23477/2025-12-01/1762174889.json"
"510807","146155","2025-12-01","52.00","NZD","1762174889","23477/2025-12-01/1762174889.json"
"581513","221281","2025-12-02","36.00","NZD","1762174889","23477/2025-12-02/1762174889.json"
"581514","221282","2025-12-02","36.00","NZD","1762174889","23477/2025-12-02/1762174889.json"
"512557","146154","2025-12-02","45.00","NZD","1762174889","23477/2025-12-02/1762174889.json"
"365170","146153","2025-12-02","48.00","NZD","1762174889","23477/2025-12-02/1762174889.json"
"510807","146155","2025-12-02","52.00","NZD","1762174889","23477/2025-12-02/1762174889.json"
"581513","221281","2025-11-30","36.00","NZD","1762174889","23477/2025-11-30/1762174889.json"
"581514","221282","2025-11-30","36.00","NZD","1762174889","23477/2025-11-30/1762174889.json"
"512557","146154","2025-11-30","45.00","NZD","1762174889","23477/2025-11-30/1762174889.json"
"365170","146153","2025-11-30","48.00","NZD","1762174889","23477/2025-11-30/1762174889.json"
"510807","146155","2025-11-30","52.00","NZD","1762174889","23477/2025-11-30/1762174889.json"
"581513","221281","2025-12-03","36.00","NZD","1762174889","23477/2025-12-03/1762174889.json"
"581514","221282","2025-12-03","36.00","NZD","1762174889","23477/2025-12-03/1762174889.json"
"512557","146154","2025-12-03","45.00","NZD","1762174889","23477/2025-12-03/1762174889.json"
"365170","146153","2025-12-03","48.00","NZD","1762174889","23477/2025-12-03/1762174889.json"
"510807","146155","2025-12-03","52.00","NZD","1762174889","23477/2025-12-03/1762174889.json"
"581513","221281","2025-12-04","36.00","NZD","1762174889","23477/2025-12-04/1762174889.json"
"581514","221282","2025-12-04","36.00","NZD","1762174889","23477/2025-12-04/1762174889.json"
"512557","146154","2025-12-04","45.00","NZD","1762174889","23477/2025-12-04/1762174889.json"
"365170","146153","2025-12-04","48.00","NZD","1762174889","23477/2025-12-04/1762174889.json"
"510807","146155","2025-12-04","52.00","NZD","1762174889","23477/2025-12-04/1762174889.json"
"581513","221281","2025-12-06","36.00","NZD","1762174889","23477/2025-12-06/1762174889.json"
"581514","221282","2025-12-06","36.00","NZD","1762174889","23477/2025-12-06/1762174889.json"
"512557","146154","2025-12-06","45.00","NZD","1762174889","23477/2025-12-06/1762174889.json"
"365170","146153","2025-12-06","48.00","NZD","1762174889","23477/2025-12-06/1762174889.json"
"510807","146155","2025-12-06","52.00","NZD","1762174889","23477/2025-12-06/1762174889.json"
"581513","221281","2025-12-07","36.00","NZD","1762174889","23477/2025-12-07/1762174889.json"
"581514","221282","2025-12-07","36.00","NZD","1762174889","23477/2025-12-07/1762174889.json"
"512557","146154","2025-12-07","45.00","NZD","1762174889","23477/2025-12-07/1762174889.json"
"365170","146153","2025-12-07","48.00","NZD","1762174889","23477/2025-12-07/1762174889.json"
"510807","146155","2025-12-07","52.00","NZD","1762174889","23477/2025-12-07/1762174889.json"
"581513","221281","2025-12-05","36.00","NZD","1762174889","23477/2025-12-05/1762174889.json"
"581514","221282","2025-12-05","36.00","NZD","1762174889","23477/2025-12-05/1762174889.json"
"512557","146154","2025-12-05","45.00","NZD","1762174889","23477/2025-12-05/1762174889.json"
"365170","146153","2025-12-05","48.00","NZD","1762174889","23477/2025-12-05/1762174889.json"
"510807","146155","2025-12-05","52.00","NZD","1762174889","23477/2025-12-05/1762174889.json"
"581513","221281","2025-12-10","36.00","NZD","1762174889","23477/2025-12-10/1762174889.json"
"581514","221282","2025-12-10","36.00","NZD","1762174889","23477/2025-12-10/1762174889.json"
"512557","146154","2025-12-10","45.00","NZD","1762174889","23477/2025-12-10/1762174889.json"
"365170","146153","2025-12-10","48.00","NZD","1762174889","23477/2025-12-10/1762174889.json"
"510807","146155","2025-12-10","52.00","NZD","1762174889","23477/2025-12-10/1762174889.json"
"581513","221281","2025-12-09","36.00","NZD","1762174889","23477/2025-12-09/1762174889.json"
"581514","221282","2025-12-09","36.00","NZD","1762174889","23477/2025-12-09/1762174889.json"
"512557","146154","2025-12-09","45.00","NZD","1762174889","23477/2025-12-09/1762174889.json"
"365170","146153","2025-12-09","48.00","NZD","1762174889","23477/2025-12-09/1762174889.json"
"510807","146155","2025-12-09","52.00","NZD","1762174889","23477/2025-12-09/1762174889.json"
"581513","221281","2025-12-08","36.00","NZD","1762174889","23477/2025-12-08/1762174889.json"
"581514","221282","2025-12-08","36.00","NZD","1762174889","23477/2025-12-08/1762174889.json"
"512557","146154","2025-12-08","45.00","NZD","1762174889","23477/2025-12-08/1762174889.json"
"365170","146153","2025-12-08","48.00","NZD","1762174889","23477/2025-12-08/1762174889.json"
"510807","146155","2025-12-08","52.00","NZD","1762174889","23477/2025-12-08/1762174889.json"
"581513","221281","2025-12-11","36.00","NZD","1762174889","23477/2025-12-11/1762174889.json"
"581514","221282","2025-12-11","36.00","NZD","1762174889","23477/2025-12-11/1762174889.json"
"512557","146154","2025-12-11","45.00","NZD","1762174889","23477/2025-12-11/1762174889.json"
"365170","146153","2025-12-11","48.00","NZD","1762174889","23477/2025-12-11/1762174889.json"
"510807","146155","2025-12-11","52.00","NZD","1762174889","23477/2025-12-11/1762174889.json"
"581513","221281","2025-12-12","36.00","NZD","1762174889","23477/2025-12-12/1762174889.json"
"581514","221282","2025-12-12","36.00","NZD","1762174889","23477/2025-12-12/1762174889.json"
"512557","146154","2025-12-12","45.00","NZD","1762174889","23477/2025-12-12/1762174889.json"
"365170","146153","2025-12-12","48.00","NZD","1762174889","23477/2025-12-12/1762174889.json"
"510807","146155","2025-12-12","52.00","NZD","1762174889","23477/2025-12-12/1762174889.json"
"581513","221281","2025-12-14","36.00","NZD","1762174889","23477/2025-12-14/1762174889.json"
"581514","221282","2025-12-14","36.00","NZD","1762174889","23477/2025-12-14/1762174889.json"
"512557","146154","2025-12-14","45.00","NZD","1762174889","23477/2025-12-14/1762174889.json"
"365170","146153","2025-12-14","48.00","NZD","1762174889","23477/2025-12-14/1762174889.json"
"510807","146155","2025-12-14","52.00","NZD","1762174889","23477/2025-12-14/1762174889.json"
"581513","221281","2025-12-13","36.00","NZD","1762174889","23477/2025-12-13/1762174889.json"
"581514","221282","2025-12-13","36.00","NZD","1762174889","23477/2025-12-13/1762174889.json"
"512557","146154","2025-12-13","45.00","NZD","1762174889","23477/2025-12-13/1762174889.json"
"365170","146153","2025-12-13","48.00","NZD","1762174889","23477/2025-12-13/1762174889.json"
"510807","146155","2025-12-13","52.00","NZD","1762174889","23477/2025-12-13/1762174889.json"
"581513","221281","2025-12-16","36.00","NZD","1762174889","23477/2025-12-16/1762174889.json"
"581514","221282","2025-12-16","36.00","NZD","1762174889","23477/2025-12-16/1762174889.json"
"512557","146154","2025-12-16","45.00","NZD","1762174889","23477/2025-12-16/1762174889.json"
"365170","146153","2025-12-16","48.00","NZD","1762174889","23477/2025-12-16/1762174889.json"
"510807","146155","2025-12-16","52.00","NZD","1762174889","23477/2025-12-16/1762174889.json"
"581513","221281","2025-12-15","36.00","NZD","1762174889","23477/2025-12-15/1762174889.json"
"581514","221282","2025-12-15","36.00","NZD","1762174889","23477/2025-12-15/1762174889.json"
"512557","146154","2025-12-15","45.00","NZD","1762174889","23477/2025-12-15/1762174889.json"
"365170","146153","2025-12-15","48.00","NZD","1762174889","23477/2025-12-15/1762174889.json"
"510807","146155","2025-12-15","52.00","NZD","1762174889","23477/2025-12-15/1762174889.json"
"581513","221281","2025-12-19","36.00","NZD","1762174889","23477/2025-12-19/1762174889.json"
"581514","221282","2025-12-19","36.00","NZD","1762174889","23477/2025-12-19/1762174889.json"
"512557","146154","2025-12-19","45.00","NZD","1762174889","23477/2025-12-19/1762174889.json"
"365170","146153","2025-12-19","48.00","NZD","1762174889","23477/2025-12-19/1762174889.json"
"510807","146155","2025-12-19","52.00","NZD","1762174889","23477/2025-12-19/1762174889.json"
"581513","221281","2025-12-17","36.00","NZD","1762174889","23477/2025-12-17/1762174889.json"
"581514","221282","2025-12-17","36.00","NZD","1762174889","23477/2025-12-17/1762174889.json"
"512557","146154","2025-12-17","45.00","NZD","1762174889","23477/2025-12-17/1762174889.json"
"365170","146153","2025-12-17","48.00","NZD","1762174889","23477/2025-12-17/1762174889.json"
"510807","146155","2025-12-17","52.00","NZD","1762174889","23477/2025-12-17/1762174889.json"
"581513","221281","2025-12-18","36.00","NZD","1762174889","23477/2025-12-18/1762174889.json"
"581514","221282","2025-12-18","36.00","NZD","1762174889","23477/2025-12-18/1762174889.json"
"512557","146154","2025-12-18","45.00","NZD","1762174889","23477/2025-12-18/1762174889.json"
"365170","146153","2025-12-18","48.00","NZD","1762174889","23477/2025-12-18/1762174889.json"
"510807","146155","2025-12-18","52.00","NZD","1762174889","23477/2025-12-18/1762174889.json"
"581513","221281","2025-12-20","36.00","NZD","1762174889","23477/2025-12-20/1762174889.json"
"581514","221282","2025-12-20","36.00","NZD","1762174889","23477/2025-12-20/1762174889.json"
"512557","146154","2025-12-20","45.00","NZD","1762174889","23477/2025-12-20/1762174889.json"
"365170","146153","2025-12-20","48.00","NZD","1762174889","23477/2025-12-20/1762174889.json"
"510807","146155","2025-12-20","52.00","NZD","1762174889","23477/2025-12-20/1762174889.json"
"581513","221281","2025-12-22","36.00","NZD","1762174889","23477/2025-12-22/1762174889.json"
"581514","221282","2025-12-22","36.00","NZD","1762174889","23477/2025-12-22/1762174889.json"
"512557","146154","2025-12-22","45.00","NZD","1762174889","23477/2025-12-22/1762174889.json"
"365170","146153","2025-12-22","48.00","NZD","1762174889","23477/2025-12-22/1762174889.json"
"510807","146155","2025-12-22","52.00","NZD","1762174889","23477/2025-12-22/1762174889.json"
"581513","221281","2025-12-23","38.00","NZD","1762174889","23477/2025-12-23/1762174889.json"
"581514","221282","2025-12-23","38.00","NZD","1762174889","23477/2025-12-23/1762174889.json"
"512557","146154","2025-12-23","45.00","NZD","1762174889","23477/2025-12-23/1762174889.json"
"365170","146153","2025-12-23","48.00","NZD","1762174889","23477/2025-12-23/1762174889.json"
"510807","146155","2025-12-23","52.00","NZD","1762174889","23477/2025-12-23/1762174889.json"
"581513","221281","2025-12-21","36.00","NZD","1762174889","23477/2025-12-21/1762174889.json"
"581514","221282","2025-12-21","36.00","NZD","1762174889","23477/2025-12-21/1762174889.json"
"512557","146154","2025-12-21","45.00","NZD","1762174889","23477/2025-12-21/1762174889.json"
"365170","146153","2025-12-21","48.00","NZD","1762174889","23477/2025-12-21/1762174889.json"
"510807","146155","2025-12-21","52.00","NZD","1762174889","23477/2025-12-21/1762174889.json"
"581513","221281","2025-12-24","38.00","NZD","1762174889","23477/2025-12-24/1762174889.json"
"581514","221282","2025-12-24","38.00","NZD","1762174889","23477/2025-12-24/1762174889.json"
"512557","146154","2025-12-24","45.00","NZD","1762174889","23477/2025-12-24/1762174889.json"
"365170","146153","2025-12-24","48.00","NZD","1762174889","23477/2025-12-24/1762174889.json"
"510807","146155","2025-12-24","52.00","NZD","1762174889","23477/2025-12-24/1762174889.json"
"581513","221281","2025-12-26","42.00","NZD","1762174889","23477/2025-12-26/1762174889.json"
"581514","221282","2025-12-26","42.00","NZD","1762174889","23477/2025-12-26/1762174889.json"
"512557","146154","2025-12-26","45.00","NZD","1762174889","23477/2025-12-26/1762174889.json"
"365170","146153","2025-12-26","48.00","NZD","1762174889","23477/2025-12-26/1762174889.json"
"510807","146155","2025-12-26","52.00","NZD","1762174889","23477/2025-12-26/1762174889.json"
"581513","221281","2025-12-27","42.00","NZD","1762174889","23477/2025-12-27/1762174889.json"
"581514","221282","2025-12-27","42.00","NZD","1762174889","23477/2025-12-27/1762174889.json"
"512557","146154","2025-12-27","45.00","NZD","1762174889","23477/2025-12-27/1762174889.json"
"365170","146153","2025-12-27","48.00","NZD","1762174889","23477/2025-12-27/1762174889.json"
"510807","146155","2025-12-27","52.00","NZD","1762174889","23477/2025-12-27/1762174889.json"
"581513","221281","2025-12-28","42.00","NZD","1762174889","23477/2025-12-28/1762174889.json"
"581514","221282","2025-12-28","42.00","NZD","1762174889","23477/2025-12-28/1762174889.json"
"512557","146154","2025-12-28","45.00","NZD","1762174889","23477/2025-12-28/1762174889.json"
"365170","146153","2025-12-28","48.00","NZD","1762174889","23477/2025-12-28/1762174889.json"
"510807","146155","2025-12-28","52.00","NZD","1762174889","23477/2025-12-28/1762174889.json"
"581513","221281","2025-12-25","38.00","NZD","1762174889","23477/2025-12-25/1762174889.json"
"581514","221282","2025-12-25","38.00","NZD","1762174889","23477/2025-12-25/1762174889.json"
"512557","146154","2025-12-25","45.00","NZD","1762174889","23477/2025-12-25/1762174889.json"
"365170","146153","2025-12-25","48.00","NZD","1762174889","23477/2025-12-25/1762174889.json"
"510807","146155","2025-12-25","52.00","NZD","1762174889","23477/2025-12-25/1762174889.json"
"581513","221281","2025-12-29","42.00","NZD","1762174889","23477/2025-12-29/1762174889.json"
"581514","221282","2025-12-29","42.00","NZD","1762174889","23477/2025-12-29/1762174889.json"
"512557","146154","2025-12-29","45.00","NZD","1762174889","23477/2025-12-29/1762174889.json"
"365170","146153","2025-12-29","48.00","NZD","1762174889","23477/2025-12-29/1762174889.json"
"510807","146155","2025-12-29","52.00","NZD","1762174889","23477/2025-12-29/1762174889.json"
"581513","221281","2025-12-30","42.00","NZD","1762174889","23477/2025-12-30/1762174889.json"
"581514","221282","2025-12-30","42.00","NZD","1762174889","23477/2025-12-30/1762174889.json"
"512557","146154","2025-12-30","45.00","NZD","1762174889","23477/2025-12-30/1762174889.json"
"365170","146153","2025-12-30","48.00","NZD","1762174889","23477/2025-12-30/1762174889.json"
"510807","146155","2025-12-30","52.00","NZD","1762174889","23477/2025-12-30/1762174889.json"
"581513","221281","2026-01-01","42.00","NZD","1762174889","23477/2026-01-01/1762174889.json"
"581514","221282","2026-01-01","42.00","NZD","1762174889","23477/2026-01-01/1762174889.json"
"512557","146154","2026-01-01","45.00","NZD","1762174889","23477/2026-01-01/1762174889.json"
"365170","146153","2026-01-01","48.00","NZD","1762174889","23477/2026-01-01/1762174889.json"
"510807","146155","2026-01-01","52.00","NZD","1762174889","23477/2026-01-01/1762174889.json"
"581513","221281","2025-12-31","42.00","NZD","1762174889","23477/2025-12-31/1762174889.json"
"581514","221282","2025-12-31","42.00","NZD","1762174889","23477/2025-12-31/1762174889.json"
"512557","146154","2025-12-31","45.00","NZD","1762174889","23477/2025-12-31/1762174889.json"
"365170","146153","2025-12-31","48.00","NZD","1762174889","23477/2025-12-31/1762174889.json"
"510807","146155","2025-12-31","52.00","NZD","1762174889","23477/2025-12-31/1762174889.json"
"581513","221281","2026-01-02","42.00","NZD","1762174889","23477/2026-01-02/1762174889.json"
"581514","221282","2026-01-02","42.00","NZD","1762174889","23477/2026-01-02/1762174889.json"
"512557","146154","2026-01-02","45.00","NZD","1762174889","23477/2026-01-02/1762174889.json"
"365170","146153","2026-01-02","48.00","NZD","1762174889","23477/2026-01-02/1762174889.json"
"510807","146155","2026-01-02","52.00","NZD","1762174889","23477/2026-01-02/1762174889.json"
"581513","221281","2025-11-06","36.00","NZD","1762187984","23477/2025-11-06/1762187984.json"
"581514","221282","2025-11-06","36.00","NZD","1762187984","23477/2025-11-06/1762187984.json"
"512557","146154","2025-11-06","45.00","NZD","1762187984","23477/2025-11-06/1762187984.json"
"365170","146153","2025-11-06","48.00","NZD","1762187984","23477/2025-11-06/1762187984.json"
"510807","146155","2025-11-06","52.00","NZD","1762187984","23477/2025-11-06/1762187984.json"
"581513","221281","2025-11-05","36.00","NZD","1762187984","23477/2025-11-05/1762187984.json"
"581514","221282","2025-11-05","36.00","NZD","1762187984","23477/2025-11-05/1762187984.json"
"512557","146154","2025-11-05","45.00","NZD","1762187984","23477/2025-11-05/1762187984.json"
"365170","146153","2025-11-05","48.00","NZD","1762187984","23477/2025-11-05/1762187984.json"
"510807","146155","2025-11-05","52.00","NZD","1762187984","23477/2025-11-05/1762187984.json"
"581513","221281","2025-11-07","36.00","NZD","1762187984","23477/2025-11-07/1762187984.json"
"581514","221282","2025-11-07","36.00","NZD","1762187984","23477/2025-11-07/1762187984.json"
"512557","146154","2025-11-07","45.00","NZD","1762187984","23477/2025-11-07/1762187984.json"
"365170","146153","2025-11-07","48.00","NZD","1762187984","23477/2025-11-07/1762187984.json"
"510807","146155","2025-11-07","52.00","NZD","1762187984","23477/2025-11-07/1762187984.json"
"581513","221281","2025-11-04","36.00","NZD","1762187984","23477/2025-11-04/1762187984.json"
"581514","221282","2025-11-04","36.00","NZD","1762187984","23477/2025-11-04/1762187984.json"
"512557","146154","2025-11-04","45.00","NZD","1762187984","23477/2025-11-04/1762187984.json"
"365170","146153","2025-11-04","48.00","NZD","1762187984","23477/2025-11-04/1762187984.json"
"510807","146155","2025-11-04","52.00","NZD","1762187984","23477/2025-11-04/1762187984.json"
"581513","221281","2025-11-10","36.00","NZD","1762187984","23477/2025-11-10/1762187984.json"
"581514","221282","2025-11-10","36.00","NZD","1762187984","23477/2025-11-10/1762187984.json"
"512557","146154","2025-11-10","45.00","NZD","1762187984","23477/2025-11-10/1762187984.json"
"365170","146153","2025-11-10","48.00","NZD","1762187984","23477/2025-11-10/1762187984.json"
"510807","146155","2025-11-10","52.00","NZD","1762187984","23477/2025-11-10/1762187984.json"
"581513","221281","2025-11-11","36.00","NZD","1762187984","23477/2025-11-11/1762187984.json"
"581514","221282","2025-11-11","36.00","NZD","1762187984","23477/2025-11-11/1762187984.json"
"512557","146154","2025-11-11","45.00","NZD","1762187984","23477/2025-11-11/1762187984.json"
"365170","146153","2025-11-11","48.00","NZD","1762187984","23477/2025-11-11/1762187984.json"
"510807","146155","2025-11-11","52.00","NZD","1762187984","23477/2025-11-11/1762187984.json"
"581513","221281","2025-11-09","36.00","NZD","1762187984","23477/2025-11-09/1762187984.json"
"581513","221281","2025-11-08","36.00","NZD","1762187984","23477/2025-11-08/1762187984.json"
"581514","221282","2025-11-09","36.00","NZD","1762187984","23477/2025-11-09/1762187984.json"
"581514","221282","2025-11-08","36.00","NZD","1762187984","23477/2025-11-08/1762187984.json"
"512557","146154","2025-11-09","45.00","NZD","1762187984","23477/2025-11-09/1762187984.json"
"512557","146154","2025-11-08","45.00","NZD","1762187984","23477/2025-11-08/1762187984.json"
"365170","146153","2025-11-08","48.00","NZD","1762187984","23477/2025-11-08/1762187984.json"
"365170","146153","2025-11-09","48.00","NZD","1762187984","23477/2025-11-09/1762187984.json"
"510807","146155","2025-11-09","52.00","NZD","1762187984","23477/2025-11-09/1762187984.json"
"510807","146155","2025-11-08","52.00","NZD","1762187984","23477/2025-11-08/1762187984.json"
"581513","221281","2025-11-12","36.00","NZD","1762187984","23477/2025-11-12/1762187984.json"
"581514","221282","2025-11-12","36.00","NZD","1762187984","23477/2025-11-12/1762187984.json"
"512557","146154","2025-11-12","45.00","NZD","1762187984","23477/2025-11-12/1762187984.json"
"365170","146153","2025-11-12","48.00","NZD","1762187984","23477/2025-11-12/1762187984.json"
"510807","146155","2025-11-12","52.00","NZD","1762187984","23477/2025-11-12/1762187984.json"
"581513","221281","2025-11-13","36.00","NZD","1762187984","23477/2025-11-13/1762187984.json"
"581514","221282","2025-11-13","36.00","NZD","1762187984","23477/2025-11-13/1762187984.json"
"512557","146154","2025-11-13","45.00","NZD","1762187984","23477/2025-11-13/1762187984.json"
"365170","146153","2025-11-13","48.00","NZD","1762187984","23477/2025-11-13/1762187984.json"
"510807","146155","2025-11-13","52.00","NZD","1762187984","23477/2025-11-13/1762187984.json"
"581513","221281","2025-11-14","36.00","NZD","1762187984","23477/2025-11-14/1762187984.json"
"581514","221282","2025-11-14","36.00","NZD","1762187984","23477/2025-11-14/1762187984.json"
"512557","146154","2025-11-14","45.00","NZD","1762187984","23477/2025-11-14/1762187984.json"
"365170","146153","2025-11-14","48.00","NZD","1762187984","23477/2025-11-14/1762187984.json"
"510807","146155","2025-11-14","52.00","NZD","1762187984","23477/2025-11-14/1762187984.json"
"581513","221281","2025-11-15","36.00","NZD","1762187984","23477/2025-11-15/1762187984.json"
"581514","221282","2025-11-15","36.00","NZD","1762187984","23477/2025-11-15/1762187984.json"
"512557","146154","2025-11-15","45.00","NZD","1762187984","23477/2025-11-15/1762187984.json"
"365170","146153","2025-11-15","48.00","NZD","1762187984","23477/2025-11-15/1762187984.json"
"510807","146155","2025-11-15","52.00","NZD","1762187984","23477/2025-11-15/1762187984.json"
"581513","221281","2025-11-17","36.00","NZD","1762187984","23477/2025-11-17/1762187984.json"
"581514","221282","2025-11-17","36.00","NZD","1762187984","23477/2025-11-17/1762187984.json"
"512557","146154","2025-11-17","45.00","NZD","1762187984","23477/2025-11-17/1762187984.json"
"365170","146153","2025-11-17","48.00","NZD","1762187984","23477/2025-11-17/1762187984.json"
"510807","146155","2025-11-17","52.00","NZD","1762187984","23477/2025-11-17/1762187984.json"
"581513","221281","2025-11-16","36.00","NZD","1762187984","23477/2025-11-16/1762187984.json"
"581514","221282","2025-11-16","36.00","NZD","1762187984","23477/2025-11-16/1762187984.json"
"512557","146154","2025-11-16","45.00","NZD","1762187984","23477/2025-11-16/1762187984.json"
"365170","146153","2025-11-16","48.00","NZD","1762187984","23477/2025-11-16/1762187984.json"
"510807","146155","2025-11-16","52.00","NZD","1762187984","23477/2025-11-16/1762187984.json"
"581513","221281","2025-11-19","36.00","NZD","1762187984","23477/2025-11-19/1762187984.json"
"581514","221282","2025-11-19","36.00","NZD","1762187984","23477/2025-11-19/1762187984.json"
"512557","146154","2025-11-19","45.00","NZD","1762187984","23477/2025-11-19/1762187984.json"
"365170","146153","2025-11-19","48.00","NZD","1762187984","23477/2025-11-19/1762187984.json"
"510807","146155","2025-11-19","52.00","NZD","1762187984","23477/2025-11-19/1762187984.json"
"581513","221281","2025-11-18","36.00","NZD","1762187984","23477/2025-11-18/1762187984.json"
"581514","221282","2025-11-18","36.00","NZD","1762187984","23477/2025-11-18/1762187984.json"
"512557","146154","2025-11-18","45.00","NZD","1762187984","23477/2025-11-18/1762187984.json"
"365170","146153","2025-11-18","48.00","NZD","1762187984","23477/2025-11-18/1762187984.json"
"510807","146155","2025-11-18","52.00","NZD","1762187984","23477/2025-11-18/1762187984.json"
"581513","221281","2025-11-20","36.00","NZD","1762187984","23477/2025-11-20/1762187984.json"
"581514","221282","2025-11-20","36.00","NZD","1762187984","23477/2025-11-20/1762187984.json"
"512557","146154","2025-11-20","45.00","NZD","1762187984","23477/2025-11-20/1762187984.json"
"581513","221281","2025-11-21","36.00","NZD","1762187984","23477/2025-11-21/1762187984.json"
"581514","221282","2025-11-21","36.00","NZD","1762187984","23477/2025-11-21/1762187984.json"
"512557","146154","2025-11-21","45.00","NZD","1762187984","23477/2025-11-21/1762187984.json"
"365170","146153","2025-11-21","48.00","NZD","1762187984","23477/2025-11-21/1762187984.json"
"510807","146155","2025-11-21","52.00","NZD","1762187984","23477/2025-11-21/1762187984.json"
"581513","221281","2025-11-23","36.00","NZD","1762187984","23477/2025-11-23/1762187984.json"
"581514","221282","2025-11-23","36.00","NZD","1762187984","23477/2025-11-23/1762187984.json"
"512557","146154","2025-11-23","45.00","NZD","1762187984","23477/2025-11-23/1762187984.json"
"365170","146153","2025-11-23","48.00","NZD","1762187984","23477/2025-11-23/1762187984.json"
"510807","146155","2025-11-23","52.00","NZD","1762187984","23477/2025-11-23/1762187984.json"
"581513","221281","2025-11-22","36.00","NZD","1762187984","23477/2025-11-22/1762187984.json"
"581514","221282","2025-11-22","36.00","NZD","1762187984","23477/2025-11-22/1762187984.json"
"512557","146154","2025-11-22","45.00","NZD","1762187984","23477/2025-11-22/1762187984.json"
"365170","146153","2025-11-22","48.00","NZD","1762187984","23477/2025-11-22/1762187984.json"
"510807","146155","2025-11-22","52.00","NZD","1762187984","23477/2025-11-22/1762187984.json"
"581513","221281","2025-11-25","36.00","NZD","1762187984","23477/2025-11-25/1762187984.json"
"581514","221282","2025-11-25","36.00","NZD","1762187984","23477/2025-11-25/1762187984.json"
"512557","146154","2025-11-25","45.00","NZD","1762187984","23477/2025-11-25/1762187984.json"
"365170","146153","2025-11-25","48.00","NZD","1762187984","23477/2025-11-25/1762187984.json"
"510807","146155","2025-11-25","52.00","NZD","1762187984","23477/2025-11-25/1762187984.json"
"581513","221281","2025-11-24","36.00","NZD","1762187984","23477/2025-11-24/1762187984.json"
"581514","221282","2025-11-24","36.00","NZD","1762187984","23477/2025-11-24/1762187984.json"
"512557","146154","2025-11-24","45.00","NZD","1762187984","23477/2025-11-24/1762187984.json"
"365170","146153","2025-11-24","48.00","NZD","1762187984","23477/2025-11-24/1762187984.json"
"510807","146155","2025-11-24","52.00","NZD","1762187984","23477/2025-11-24/1762187984.json"
"581513","221281","2025-11-27","36.00","NZD","1762187984","23477/2025-11-27/1762187984.json"
"581514","221282","2025-11-27","36.00","NZD","1762187984","23477/2025-11-27/1762187984.json"
"512557","146154","2025-11-27","45.00","NZD","1762187984","23477/2025-11-27/1762187984.json"
"365170","146153","2025-11-27","48.00","NZD","1762187984","23477/2025-11-27/1762187984.json"
"510807","146155","2025-11-27","52.00","NZD","1762187984","23477/2025-11-27/1762187984.json"
"581513","221281","2025-11-26","36.00","NZD","1762187984","23477/2025-11-26/1762187984.json"
"581514","221282","2025-11-26","36.00","NZD","1762187984","23477/2025-11-26/1762187984.json"
"512557","146154","2025-11-26","45.00","NZD","1762187984","23477/2025-11-26/1762187984.json"
"365170","146153","2025-11-26","48.00","NZD","1762187984","23477/2025-11-26/1762187984.json"
"510807","146155","2025-11-26","52.00","NZD","1762187984","23477/2025-11-26/1762187984.json"
"581513","221281","2025-11-29","36.00","NZD","1762187984","23477/2025-11-29/1762187984.json"
"581514","221282","2025-11-29","36.00","NZD","1762187984","23477/2025-11-29/1762187984.json"
"512557","146154","2025-11-29","45.00","NZD","1762187984","23477/2025-11-29/1762187984.json"
"365170","146153","2025-11-29","48.00","NZD","1762187984","23477/2025-11-29/1762187984.json"
"510807","146155","2025-11-29","52.00","NZD","1762187984","23477/2025-11-29/1762187984.json"
"581513","221281","2025-11-30","36.00","NZD","1762187984","23477/2025-11-30/1762187984.json"
"581514","221282","2025-11-30","36.00","NZD","1762187984","23477/2025-11-30/1762187984.json"
"512557","146154","2025-11-30","45.00","NZD","1762187984","23477/2025-11-30/1762187984.json"
"365170","146153","2025-11-30","48.00","NZD","1762187984","23477/2025-11-30/1762187984.json"
"510807","146155","2025-11-30","52.00","NZD","1762187984","23477/2025-11-30/1762187984.json"
"581513","221281","2025-11-28","36.00","NZD","1762187984","23477/2025-11-28/1762187984.json"
"581514","221282","2025-11-28","36.00","NZD","1762187984","23477/2025-11-28/1762187984.json"
"512557","146154","2025-11-28","45.00","NZD","1762187984","23477/2025-11-28/1762187984.json"
"365170","146153","2025-11-28","48.00","NZD","1762187984","23477/2025-11-28/1762187984.json"
"510807","146155","2025-11-28","52.00","NZD","1762187984","23477/2025-11-28/1762187984.json"
"581513","221281","2025-12-01","36.00","NZD","1762187984","23477/2025-12-01/1762187984.json"
"581514","221282","2025-12-01","36.00","NZD","1762187984","23477/2025-12-01/1762187984.json"
"512557","146154","2025-12-01","45.00","NZD","1762187984","23477/2025-12-01/1762187984.json"
"365170","146153","2025-12-01","48.00","NZD","1762187984","23477/2025-12-01/1762187984.json"
"510807","146155","2025-12-01","52.00","NZD","1762187984","23477/2025-12-01/1762187984.json"
"581513","221281","2025-12-02","36.00","NZD","1762187984","23477/2025-12-02/1762187984.json"
"581514","221282","2025-12-02","36.00","NZD","1762187984","23477/2025-12-02/1762187984.json"
"512557","146154","2025-12-02","45.00","NZD","1762187984","23477/2025-12-02/1762187984.json"
"365170","146153","2025-12-02","48.00","NZD","1762187984","23477/2025-12-02/1762187984.json"
"510807","146155","2025-12-02","52.00","NZD","1762187984","23477/2025-12-02/1762187984.json"
"581513","221281","2025-12-05","36.00","NZD","1762187984","23477/2025-12-05/1762187984.json"
"581514","221282","2025-12-05","36.00","NZD","1762187984","23477/2025-12-05/1762187984.json"
"512557","146154","2025-12-05","45.00","NZD","1762187984","23477/2025-12-05/1762187984.json"
"365170","146153","2025-12-05","48.00","NZD","1762187984","23477/2025-12-05/1762187984.json"
"510807","146155","2025-12-05","52.00","NZD","1762187984","23477/2025-12-05/1762187984.json"
"581513","221281","2025-12-06","36.00","NZD","1762187984","23477/2025-12-06/1762187984.json"
"581514","221282","2025-12-06","36.00","NZD","1762187984","23477/2025-12-06/1762187984.json"
"581513","221281","2025-12-04","36.00","NZD","1762187984","23477/2025-12-04/1762187984.json"
"512557","146154","2025-12-06","45.00","NZD","1762187984","23477/2025-12-06/1762187984.json"
"365170","146153","2025-12-06","48.00","NZD","1762187984","23477/2025-12-06/1762187984.json"
"581514","221282","2025-12-04","36.00","NZD","1762187984","23477/2025-12-04/1762187984.json"
"512557","146154","2025-12-04","45.00","NZD","1762187984","23477/2025-12-04/1762187984.json"
"510807","146155","2025-12-06","52.00","NZD","1762187984","23477/2025-12-06/1762187984.json"
"365170","146153","2025-12-04","48.00","NZD","1762187984","23477/2025-12-04/1762187984.json"
"510807","146155","2025-12-04","52.00","NZD","1762187984","23477/2025-12-04/1762187984.json"
"581513","221281","2025-12-03","36.00","NZD","1762187984","23477/2025-12-03/1762187984.json"
"581514","221282","2025-12-03","36.00","NZD","1762187984","23477/2025-12-03/1762187984.json"
"512557","146154","2025-12-03","45.00","NZD","1762187984","23477/2025-12-03/1762187984.json"
"365170","146153","2025-12-03","48.00","NZD","1762187984","23477/2025-12-03/1762187984.json"
"510807","146155","2025-12-03","52.00","NZD","1762187984","23477/2025-12-03/1762187984.json"
"581513","221281","2025-12-09","36.00","NZD","1762187984","23477/2025-12-09/1762187984.json"
"581514","221282","2025-12-09","36.00","NZD","1762187984","23477/2025-12-09/1762187984.json"
"512557","146154","2025-12-09","45.00","NZD","1762187984","23477/2025-12-09/1762187984.json"
"365170","146153","2025-12-09","48.00","NZD","1762187984","23477/2025-12-09/1762187984.json"
"510807","146155","2025-12-09","52.00","NZD","1762187984","23477/2025-12-09/1762187984.json"
"581513","221281","2025-12-10","36.00","NZD","1762187984","23477/2025-12-10/1762187984.json"
"581514","221282","2025-12-10","36.00","NZD","1762187984","23477/2025-12-10/1762187984.json"
"512557","146154","2025-12-10","45.00","NZD","1762187984","23477/2025-12-10/1762187984.json"
"365170","146153","2025-12-10","48.00","NZD","1762187984","23477/2025-12-10/1762187984.json"
"510807","146155","2025-12-10","52.00","NZD","1762187984","23477/2025-12-10/1762187984.json"
"581513","221281","2025-12-07","36.00","NZD","1762187984","23477/2025-12-07/1762187984.json"
"581514","221282","2025-12-07","36.00","NZD","1762187984","23477/2025-12-07/1762187984.json"
"512557","146154","2025-12-07","45.00","NZD","1762187984","23477/2025-12-07/1762187984.json"
"365170","146153","2025-12-07","48.00","NZD","1762187984","23477/2025-12-07/1762187984.json"
"510807","146155","2025-12-07","52.00","NZD","1762187984","23477/2025-12-07/1762187984.json"
"581513","221281","2025-12-08","36.00","NZD","1762187984","23477/2025-12-08/1762187984.json"
"581514","221282","2025-12-08","36.00","NZD","1762187984","23477/2025-12-08/1762187984.json"
"512557","146154","2025-12-08","45.00","NZD","1762187984","23477/2025-12-08/1762187984.json"
"365170","146153","2025-12-08","48.00","NZD","1762187984","23477/2025-12-08/1762187984.json"
"510807","146155","2025-12-08","52.00","NZD","1762187984","23477/2025-12-08/1762187984.json"
"581513","221281","2025-12-11","36.00","NZD","1762187984","23477/2025-12-11/1762187984.json"
"581514","221282","2025-12-11","36.00","NZD","1762187984","23477/2025-12-11/1762187984.json"
"512557","146154","2025-12-11","45.00","NZD","1762187984","23477/2025-12-11/1762187984.json"
"365170","146153","2025-12-11","48.00","NZD","1762187984","23477/2025-12-11/1762187984.json"
"510807","146155","2025-12-11","52.00","NZD","1762187984","23477/2025-12-11/1762187984.json"
"581513","221281","2025-12-12","36.00","NZD","1762187984","23477/2025-12-12/1762187984.json"
"581514","221282","2025-12-12","36.00","NZD","1762187984","23477/2025-12-12/1762187984.json"
"512557","146154","2025-12-12","45.00","NZD","1762187984","23477/2025-12-12/1762187984.json"
"365170","146153","2025-12-12","48.00","NZD","1762187984","23477/2025-12-12/1762187984.json"
"510807","146155","2025-12-12","52.00","NZD","1762187984","23477/2025-12-12/1762187984.json"
"581513","221281","2025-12-13","36.00","NZD","1762187984","23477/2025-12-13/1762187984.json"
"581514","221282","2025-12-13","36.00","NZD","1762187984","23477/2025-12-13/1762187984.json"
"512557","146154","2025-12-13","45.00","NZD","1762187984","23477/2025-12-13/1762187984.json"
"365170","146153","2025-12-13","48.00","NZD","1762187984","23477/2025-12-13/1762187984.json"
"510807","146155","2025-12-13","52.00","NZD","1762187984","23477/2025-12-13/1762187984.json"
"581513","221281","2025-12-15","36.00","NZD","1762187984","23477/2025-12-15/1762187984.json"
"581514","221282","2025-12-15","36.00","NZD","1762187984","23477/2025-12-15/1762187984.json"
"512557","146154","2025-12-15","45.00","NZD","1762187984","23477/2025-12-15/1762187984.json"
"365170","146153","2025-12-15","48.00","NZD","1762187984","23477/2025-12-15/1762187984.json"
"510807","146155","2025-12-15","52.00","NZD","1762187984","23477/2025-12-15/1762187984.json"
"581513","221281","2025-12-16","36.00","NZD","1762187984","23477/2025-12-16/1762187984.json"
"581514","221282","2025-12-16","36.00","NZD","1762187984","23477/2025-12-16/1762187984.json"
"512557","146154","2025-12-16","45.00","NZD","1762187984","23477/2025-12-16/1762187984.json"
"365170","146153","2025-12-16","48.00","NZD","1762187984","23477/2025-12-16/1762187984.json"
"510807","146155","2025-12-16","52.00","NZD","1762187984","23477/2025-12-16/1762187984.json"
"581513","221281","2025-12-14","36.00","NZD","1762187984","23477/2025-12-14/1762187984.json"
"581514","221282","2025-12-14","36.00","NZD","1762187984","23477/2025-12-14/1762187984.json"
"512557","146154","2025-12-14","45.00","NZD","1762187984","23477/2025-12-14/1762187984.json"
"365170","146153","2025-12-14","48.00","NZD","1762187984","23477/2025-12-14/1762187984.json"
"510807","146155","2025-12-14","52.00","NZD","1762187984","23477/2025-12-14/1762187984.json"
"581513","221281","2025-12-18","36.00","NZD","1762187984","23477/2025-12-18/1762187984.json"
"581514","221282","2025-12-18","36.00","NZD","1762187984","23477/2025-12-18/1762187984.json"
"512557","146154","2025-12-18","45.00","NZD","1762187984","23477/2025-12-18/1762187984.json"
"365170","146153","2025-12-18","48.00","NZD","1762187984","23477/2025-12-18/1762187984.json"
"510807","146155","2025-12-18","52.00","NZD","1762187984","23477/2025-12-18/1762187984.json"
"581513","221281","2025-12-17","36.00","NZD","1762187984","23477/2025-12-17/1762187984.json"
"581514","221282","2025-12-17","36.00","NZD","1762187984","23477/2025-12-17/1762187984.json"
"512557","146154","2025-12-17","45.00","NZD","1762187984","23477/2025-12-17/1762187984.json"
"365170","146153","2025-12-17","48.00","NZD","1762187984","23477/2025-12-17/1762187984.json"
"510807","146155","2025-12-17","52.00","NZD","1762187984","23477/2025-12-17/1762187984.json"
"581513","221281","2025-12-21","36.00","NZD","1762187984","23477/2025-12-21/1762187984.json"
"581514","221282","2025-12-21","36.00","NZD","1762187984","23477/2025-12-21/1762187984.json"
"512557","146154","2025-12-21","45.00","NZD","1762187984","23477/2025-12-21/1762187984.json"
"365170","146153","2025-12-21","48.00","NZD","1762187984","23477/2025-12-21/1762187984.json"
"510807","146155","2025-12-21","52.00","NZD","1762187984","23477/2025-12-21/1762187984.json"
"581513","221281","2025-12-19","36.00","NZD","1762187984","23477/2025-12-19/1762187984.json"
"581514","221282","2025-12-19","36.00","NZD","1762187984","23477/2025-12-19/1762187984.json"
"512557","146154","2025-12-19","45.00","NZD","1762187984","23477/2025-12-19/1762187984.json"
"365170","146153","2025-12-19","48.00","NZD","1762187984","23477/2025-12-19/1762187984.json"
"510807","146155","2025-12-19","52.00","NZD","1762187984","23477/2025-12-19/1762187984.json"
"581513","221281","2025-12-22","36.00","NZD","1762187984","23477/2025-12-22/1762187984.json"
"581514","221282","2025-12-22","36.00","NZD","1762187984","23477/2025-12-22/1762187984.json"
"512557","146154","2025-12-22","45.00","NZD","1762187984","23477/2025-12-22/1762187984.json"
"365170","146153","2025-12-22","48.00","NZD","1762187984","23477/2025-12-22/1762187984.json"
"510807","146155","2025-12-22","52.00","NZD","1762187984","23477/2025-12-22/1762187984.json"
"581513","221281","2025-12-20","36.00","NZD","1762187984","23477/2025-12-20/1762187984.json"
"581514","221282","2025-12-20","36.00","NZD","1762187984","23477/2025-12-20/1762187984.json"
"512557","146154","2025-12-20","45.00","NZD","1762187984","23477/2025-12-20/1762187984.json"
"365170","146153","2025-12-20","48.00","NZD","1762187984","23477/2025-12-20/1762187984.json"
"510807","146155","2025-12-20","52.00","NZD","1762187984","23477/2025-12-20/1762187984.json"
"581513","221281","2025-12-23","38.00","NZD","1762187984","23477/2025-12-23/1762187984.json"
"581514","221282","2025-12-23","38.00","NZD","1762187984","23477/2025-12-23/1762187984.json"
"512557","146154","2025-12-23","45.00","NZD","1762187984","23477/2025-12-23/1762187984.json"
"365170","146153","2025-12-23","48.00","NZD","1762187984","23477/2025-12-23/1762187984.json"
"510807","146155","2025-12-23","52.00","NZD","1762187984","23477/2025-12-23/1762187984.json"
"581513","221281","2025-12-24","38.00","NZD","1762187984","23477/2025-12-24/1762187984.json"
"581514","221282","2025-12-24","38.00","NZD","1762187984","23477/2025-12-24/1762187984.json"
"512557","146154","2025-12-24","45.00","NZD","1762187984","23477/2025-12-24/1762187984.json"
"365170","146153","2025-12-24","48.00","NZD","1762187984","23477/2025-12-24/1762187984.json"
"510807","146155","2025-12-24","52.00","NZD","1762187984","23477/2025-12-24/1762187984.json"
"581513","221281","2025-12-25","38.00","NZD","1762187984","23477/2025-12-25/1762187984.json"
"581514","221282","2025-12-25","38.00","NZD","1762187984","23477/2025-12-25/1762187984.json"
"512557","146154","2025-12-25","45.00","NZD","1762187984","23477/2025-12-25/1762187984.json"
"365170","146153","2025-12-25","48.00","NZD","1762187984","23477/2025-12-25/1762187984.json"
"510807","146155","2025-12-25","52.00","NZD","1762187984","23477/2025-12-25/1762187984.json"
"581513","221281","2025-12-26","42.00","NZD","1762187984","23477/2025-12-26/1762187984.json"
"581514","221282","2025-12-26","42.00","NZD","1762187984","23477/2025-12-26/1762187984.json"
"512557","146154","2025-12-26","45.00","NZD","1762187984","23477/2025-12-26/1762187984.json"
"365170","146153","2025-12-26","48.00","NZD","1762187984","23477/2025-12-26/1762187984.json"
"510807","146155","2025-12-26","52.00","NZD","1762187984","23477/2025-12-26/1762187984.json"
"581513","221281","2025-12-28","42.00","NZD","1762187984","23477/2025-12-28/1762187984.json"
"581514","221282","2025-12-28","42.00","NZD","1762187984","23477/2025-12-28/1762187984.json"
"512557","146154","2025-12-28","45.00","NZD","1762187984","23477/2025-12-28/1762187984.json"
"365170","146153","2025-12-28","48.00","NZD","1762187984","23477/2025-12-28/1762187984.json"
"510807","146155","2025-12-28","52.00","NZD","1762187984","23477/2025-12-28/1762187984.json"
"581513","221281","2025-12-27","42.00","NZD","1762187984","23477/2025-12-27/1762187984.json"
"581514","221282","2025-12-27","42.00","NZD","1762187984","23477/2025-12-27/1762187984.json"
"512557","146154","2025-12-27","45.00","NZD","1762187984","23477/2025-12-27/1762187984.json"
"365170","146153","2025-12-27","48.00","NZD","1762187984","23477/2025-12-27/1762187984.json"
"510807","146155","2025-12-27","52.00","NZD","1762187984","23477/2025-12-27/1762187984.json"
"581513","221281","2025-12-30","42.00","NZD","1762187984","23477/2025-12-30/1762187984.json"
"581514","221282","2025-12-30","42.00","NZD","1762187984","23477/2025-12-30/1762187984.json"
"512557","146154","2025-12-30","45.00","NZD","1762187984","23477/2025-12-30/1762187984.json"
"365170","146153","2025-12-30","48.00","NZD","1762187984","23477/2025-12-30/1762187984.json"
"510807","146155","2025-12-30","52.00","NZD","1762187984","23477/2025-12-30/1762187984.json"
"581513","221281","2025-12-29","42.00","NZD","1762187984","23477/2025-12-29/1762187984.json"
"581514","221282","2025-12-29","42.00","NZD","1762187984","23477/2025-12-29/1762187984.json"
"512557","146154","2025-12-29","45.00","NZD","1762187984","23477/2025-12-29/1762187984.json"
"365170","146153","2025-12-29","48.00","NZD","1762187984","23477/2025-12-29/1762187984.json"
"510807","146155","2025-12-29","52.00","NZD","1762187984","23477/2025-12-29/1762187984.json"
"581513","221281","2025-12-31","42.00","NZD","1762187984","23477/2025-12-31/1762187984.json"
"581514","221282","2025-12-31","42.00","NZD","1762187984","23477/2025-12-31/1762187984.json"
"512557","146154","2025-12-31","45.00","NZD","1762187984","23477/2025-12-31/1762187984.json"
"365170","146153","2025-12-31","48.00","NZD","1762187984","23477/2025-12-31/1762187984.json"
"510807","146155","2025-12-31","52.00","NZD","1762187984","23477/2025-12-31/1762187984.json"
"581513","221281","2026-01-01","42.00","NZD","1762187984","23477/2026-01-01/1762187984.json"
"581514","221282","2026-01-01","42.00","NZD","1762187984","23477/2026-01-01/1762187984.json"
"512557","146154","2026-01-01","45.00","NZD","1762187984","23477/2026-01-01/1762187984.json"
"365170","146153","2026-01-01","48.00","NZD","1762187984","23477/2026-01-01/1762187984.json"
"510807","146155","2026-01-01","52.00","NZD","1762187984","23477/2026-01-01/1762187984.json"
"581513","221281","2026-01-02","42.00","NZD","1762187984","23477/2026-01-02/1762187984.json"
"581514","221282","2026-01-02","42.00","NZD","1762187984","23477/2026-01-02/1762187984.json"
"512557","146154","2026-01-02","45.00","NZD","1762187984","23477/2026-01-02/1762187984.json"
"365170","146153","2026-01-02","48.00","NZD","1762187984","23477/2026-01-02/1762187984.json"
"510807","146155","2026-01-02","52.00","NZD","1762187984","23477/2026-01-02/1762187984.json"
"581513","221281","2025-11-04","36.00","NZD","1762202354","23477/2025-11-04/1762202354.json"
"581514","221282","2025-11-04","36.00","NZD","1762202354","23477/2025-11-04/1762202354.json"
"512557","146154","2025-11-04","45.00","NZD","1762202354","23477/2025-11-04/1762202354.json"
"365170","146153","2025-11-04","48.00","NZD","1762202354","23477/2025-11-04/1762202354.json"
"510807","146155","2025-11-04","52.00","NZD","1762202354","23477/2025-11-04/1762202354.json"
"581513","221281","2025-11-06","36.00","NZD","1762202354","23477/2025-11-06/1762202354.json"
"581514","221282","2025-11-06","36.00","NZD","1762202354","23477/2025-11-06/1762202354.json"
"512557","146154","2025-11-06","45.00","NZD","1762202354","23477/2025-11-06/1762202354.json"
"365170","146153","2025-11-06","48.00","NZD","1762202354","23477/2025-11-06/1762202354.json"
"510807","146155","2025-11-06","52.00","NZD","1762202354","23477/2025-11-06/1762202354.json"
"581513","221281","2025-11-05","36.00","NZD","1762202354","23477/2025-11-05/1762202354.json"
"581514","221282","2025-11-05","36.00","NZD","1762202354","23477/2025-11-05/1762202354.json"
"512557","146154","2025-11-05","45.00","NZD","1762202354","23477/2025-11-05/1762202354.json"
"365170","146153","2025-11-05","48.00","NZD","1762202354","23477/2025-11-05/1762202354.json"
"510807","146155","2025-11-05","52.00","NZD","1762202354","23477/2025-11-05/1762202354.json"
"581513","221281","2025-11-07","36.00","NZD","1762202354","23477/2025-11-07/1762202354.json"
"581514","221282","2025-11-07","36.00","NZD","1762202354","23477/2025-11-07/1762202354.json"
"512557","146154","2025-11-07","45.00","NZD","1762202354","23477/2025-11-07/1762202354.json"
"365170","146153","2025-11-07","48.00","NZD","1762202354","23477/2025-11-07/1762202354.json"
"510807","146155","2025-11-07","52.00","NZD","1762202354","23477/2025-11-07/1762202354.json"
"581513","221281","2025-11-10","36.00","NZD","1762202354","23477/2025-11-10/1762202354.json"
"581514","221282","2025-11-10","36.00","NZD","1762202354","23477/2025-11-10/1762202354.json"
"512557","146154","2025-11-10","45.00","NZD","1762202354","23477/2025-11-10/1762202354.json"
"365170","146153","2025-11-10","48.00","NZD","1762202354","23477/2025-11-10/1762202354.json"
"510807","146155","2025-11-10","52.00","NZD","1762202354","23477/2025-11-10/1762202354.json"
"581513","221281","2025-11-11","36.00","NZD","1762202354","23477/2025-11-11/1762202354.json"
"581514","221282","2025-11-11","36.00","NZD","1762202354","23477/2025-11-11/1762202354.json"
"512557","146154","2025-11-11","45.00","NZD","1762202354","23477/2025-11-11/1762202354.json"
"365170","146153","2025-11-11","48.00","NZD","1762202354","23477/2025-11-11/1762202354.json"
"510807","146155","2025-11-11","52.00","NZD","1762202354","23477/2025-11-11/1762202354.json"
"581513","221281","2025-11-09","36.00","NZD","1762202354","23477/2025-11-09/1762202354.json"
"581514","221282","2025-11-09","36.00","NZD","1762202354","23477/2025-11-09/1762202354.json"
"512557","146154","2025-11-09","45.00","NZD","1762202354","23477/2025-11-09/1762202354.json"
"365170","146153","2025-11-09","48.00","NZD","1762202354","23477/2025-11-09/1762202354.json"
"510807","146155","2025-11-09","52.00","NZD","1762202354","23477/2025-11-09/1762202354.json"
"581513","221281","2025-11-08","36.00","NZD","1762202354","23477/2025-11-08/1762202354.json"
"581514","221282","2025-11-08","36.00","NZD","1762202354","23477/2025-11-08/1762202354.json"
"512557","146154","2025-11-08","45.00","NZD","1762202354","23477/2025-11-08/1762202354.json"
"365170","146153","2025-11-08","48.00","NZD","1762202354","23477/2025-11-08/1762202354.json"
"510807","146155","2025-11-08","52.00","NZD","1762202354","23477/2025-11-08/1762202354.json"
"581513","221281","2025-11-12","36.00","NZD","1762202354","23477/2025-11-12/1762202354.json"
"581514","221282","2025-11-12","36.00","NZD","1762202354","23477/2025-11-12/1762202354.json"
"512557","146154","2025-11-12","45.00","NZD","1762202354","23477/2025-11-12/1762202354.json"
"365170","146153","2025-11-12","48.00","NZD","1762202354","23477/2025-11-12/1762202354.json"
"510807","146155","2025-11-12","52.00","NZD","1762202354","23477/2025-11-12/1762202354.json"
"581513","221281","2025-11-14","36.00","NZD","1762202354","23477/2025-11-14/1762202354.json"
"581514","221282","2025-11-14","36.00","NZD","1762202354","23477/2025-11-14/1762202354.json"
"512557","146154","2025-11-14","45.00","NZD","1762202354","23477/2025-11-14/1762202354.json"
"365170","146153","2025-11-14","48.00","NZD","1762202354","23477/2025-11-14/1762202354.json"
"510807","146155","2025-11-14","52.00","NZD","1762202354","23477/2025-11-14/1762202354.json"
"581513","221281","2025-11-13","36.00","NZD","1762202354","23477/2025-11-13/1762202354.json"
"581514","221282","2025-11-13","36.00","NZD","1762202354","23477/2025-11-13/1762202354.json"
"512557","146154","2025-11-13","45.00","NZD","1762202354","23477/2025-11-13/1762202354.json"
"365170","146153","2025-11-13","48.00","NZD","1762202354","23477/2025-11-13/1762202354.json"
"510807","146155","2025-11-13","52.00","NZD","1762202354","23477/2025-11-13/1762202354.json"
"581513","221281","2025-11-15","36.00","NZD","1762202354","23477/2025-11-15/1762202354.json"
"581514","221282","2025-11-15","36.00","NZD","1762202354","23477/2025-11-15/1762202354.json"
"512557","146154","2025-11-15","45.00","NZD","1762202354","23477/2025-11-15/1762202354.json"
"365170","146153","2025-11-15","48.00","NZD","1762202354","23477/2025-11-15/1762202354.json"
"510807","146155","2025-11-15","52.00","NZD","1762202354","23477/2025-11-15/1762202354.json"
"581513","221281","2025-11-17","36.00","NZD","1762202354","23477/2025-11-17/1762202354.json"
"581514","221282","2025-11-17","36.00","NZD","1762202354","23477/2025-11-17/1762202354.json"
"512557","146154","2025-11-17","45.00","NZD","1762202354","23477/2025-11-17/1762202354.json"
"365170","146153","2025-11-17","48.00","NZD","1762202354","23477/2025-11-17/1762202354.json"
"510807","146155","2025-11-17","52.00","NZD","1762202354","23477/2025-11-17/1762202354.json"
"581513","221281","2025-11-18","36.00","NZD","1762202354","23477/2025-11-18/1762202354.json"
"581514","221282","2025-11-18","36.00","NZD","1762202354","23477/2025-11-18/1762202354.json"
"512557","146154","2025-11-18","45.00","NZD","1762202354","23477/2025-11-18/1762202354.json"
"365170","146153","2025-11-18","48.00","NZD","1762202354","23477/2025-11-18/1762202354.json"
"510807","146155","2025-11-18","52.00","NZD","1762202354","23477/2025-11-18/1762202354.json"
"581513","221281","2025-11-16","36.00","NZD","1762202354","23477/2025-11-16/1762202354.json"
"581514","221282","2025-11-16","36.00","NZD","1762202354","23477/2025-11-16/1762202354.json"
"512557","146154","2025-11-16","45.00","NZD","1762202354","23477/2025-11-16/1762202354.json"
"365170","146153","2025-11-16","48.00","NZD","1762202354","23477/2025-11-16/1762202354.json"
"510807","146155","2025-11-16","52.00","NZD","1762202354","23477/2025-11-16/1762202354.json"
"581513","221281","2025-11-19","36.00","NZD","1762202354","23477/2025-11-19/1762202354.json"
"581514","221282","2025-11-19","36.00","NZD","1762202354","23477/2025-11-19/1762202354.json"
"512557","146154","2025-11-19","45.00","NZD","1762202354","23477/2025-11-19/1762202354.json"
"365170","146153","2025-11-19","48.00","NZD","1762202354","23477/2025-11-19/1762202354.json"
"510807","146155","2025-11-19","52.00","NZD","1762202354","23477/2025-11-19/1762202354.json"
"581513","221281","2025-11-21","36.00","NZD","1762202354","23477/2025-11-21/1762202354.json"
"581514","221282","2025-11-21","36.00","NZD","1762202354","23477/2025-11-21/1762202354.json"
"512557","146154","2025-11-21","45.00","NZD","1762202354","23477/2025-11-21/1762202354.json"
"365170","146153","2025-11-21","48.00","NZD","1762202354","23477/2025-11-21/1762202354.json"
"510807","146155","2025-11-21","52.00","NZD","1762202354","23477/2025-11-21/1762202354.json"
"581513","221281","2025-11-20","36.00","NZD","1762202354","23477/2025-11-20/1762202354.json"
"581514","221282","2025-11-20","36.00","NZD","1762202354","23477/2025-11-20/1762202354.json"
"512557","146154","2025-11-20","45.00","NZD","1762202354","23477/2025-11-20/1762202354.json"
"581513","221281","2025-11-22","36.00","NZD","1762202354","23477/2025-11-22/1762202354.json"
"581514","221282","2025-11-22","36.00","NZD","1762202354","23477/2025-11-22/1762202354.json"
"512557","146154","2025-11-22","45.00","NZD","1762202354","23477/2025-11-22/1762202354.json"
"365170","146153","2025-11-22","48.00","NZD","1762202354","23477/2025-11-22/1762202354.json"
"510807","146155","2025-11-22","52.00","NZD","1762202354","23477/2025-11-22/1762202354.json"
"581513","221281","2025-11-23","36.00","NZD","1762202354","23477/2025-11-23/1762202354.json"
"581514","221282","2025-11-23","36.00","NZD","1762202354","23477/2025-11-23/1762202354.json"
"512557","146154","2025-11-23","45.00","NZD","1762202354","23477/2025-11-23/1762202354.json"
"365170","146153","2025-11-23","48.00","NZD","1762202354","23477/2025-11-23/1762202354.json"
"510807","146155","2025-11-23","52.00","NZD","1762202354","23477/2025-11-23/1762202354.json"
"581513","221281","2025-11-24","36.00","NZD","1762202354","23477/2025-11-24/1762202354.json"
"581514","221282","2025-11-24","36.00","NZD","1762202354","23477/2025-11-24/1762202354.json"
"512557","146154","2025-11-24","45.00","NZD","1762202354","23477/2025-11-24/1762202354.json"
"365170","146153","2025-11-24","48.00","NZD","1762202354","23477/2025-11-24/1762202354.json"
"510807","146155","2025-11-24","52.00","NZD","1762202354","23477/2025-11-24/1762202354.json"
"581513","221281","2025-11-25","36.00","NZD","1762202354","23477/2025-11-25/1762202354.json"
"581514","221282","2025-11-25","36.00","NZD","1762202354","23477/2025-11-25/1762202354.json"
"512557","146154","2025-11-25","45.00","NZD","1762202354","23477/2025-11-25/1762202354.json"
"365170","146153","2025-11-25","48.00","NZD","1762202354","23477/2025-11-25/1762202354.json"
"510807","146155","2025-11-25","52.00","NZD","1762202354","23477/2025-11-25/1762202354.json"
"581513","221281","2025-11-26","36.00","NZD","1762202354","23477/2025-11-26/1762202354.json"
"581514","221282","2025-11-26","36.00","NZD","1762202354","23477/2025-11-26/1762202354.json"
"512557","146154","2025-11-26","45.00","NZD","1762202354","23477/2025-11-26/1762202354.json"
"365170","146153","2025-11-26","48.00","NZD","1762202354","23477/2025-11-26/1762202354.json"
"510807","146155","2025-11-26","52.00","NZD","1762202354","23477/2025-11-26/1762202354.json"
"581513","221281","2025-11-27","36.00","NZD","1762202354","23477/2025-11-27/1762202354.json"
"581514","221282","2025-11-27","36.00","NZD","1762202354","23477/2025-11-27/1762202354.json"
"512557","146154","2025-11-27","45.00","NZD","1762202354","23477/2025-11-27/1762202354.json"
"365170","146153","2025-11-27","48.00","NZD","1762202354","23477/2025-11-27/1762202354.json"
"510807","146155","2025-11-27","52.00","NZD","1762202354","23477/2025-11-27/1762202354.json"
"581513","221281","2025-11-29","36.00","NZD","1762202354","23477/2025-11-29/1762202354.json"
"581514","221282","2025-11-29","36.00","NZD","1762202354","23477/2025-11-29/1762202354.json"
"512557","146154","2025-11-29","45.00","NZD","1762202354","23477/2025-11-29/1762202354.json"
"365170","146153","2025-11-29","48.00","NZD","1762202354","23477/2025-11-29/1762202354.json"
"510807","146155","2025-11-29","52.00","NZD","1762202354","23477/2025-11-29/1762202354.json"
"581513","221281","2025-11-30","36.00","NZD","1762202354","23477/2025-11-30/1762202354.json"
"581514","221282","2025-11-30","36.00","NZD","1762202354","23477/2025-11-30/1762202354.json"
"512557","146154","2025-11-30","45.00","NZD","1762202354","23477/2025-11-30/1762202354.json"
"365170","146153","2025-11-30","48.00","NZD","1762202354","23477/2025-11-30/1762202354.json"
"510807","146155","2025-11-30","52.00","NZD","1762202354","23477/2025-11-30/1762202354.json"
"581513","221281","2025-11-28","36.00","NZD","1762202354","23477/2025-11-28/1762202354.json"
"581514","221282","2025-11-28","36.00","NZD","1762202354","23477/2025-11-28/1762202354.json"
"512557","146154","2025-11-28","45.00","NZD","1762202354","23477/2025-11-28/1762202354.json"
"365170","146153","2025-11-28","48.00","NZD","1762202354","23477/2025-11-28/1762202354.json"
"510807","146155","2025-11-28","52.00","NZD","1762202354","23477/2025-11-28/1762202354.json"
"581513","221281","2025-12-02","36.00","NZD","1762202354","23477/2025-12-02/1762202354.json"
"581514","221282","2025-12-02","36.00","NZD","1762202354","23477/2025-12-02/1762202354.json"
"512557","146154","2025-12-02","45.00","NZD","1762202354","23477/2025-12-02/1762202354.json"
"365170","146153","2025-12-02","48.00","NZD","1762202354","23477/2025-12-02/1762202354.json"
"510807","146155","2025-12-02","52.00","NZD","1762202354","23477/2025-12-02/1762202354.json"
"581513","221281","2025-12-01","36.00","NZD","1762202354","23477/2025-12-01/1762202354.json"
"581514","221282","2025-12-01","36.00","NZD","1762202354","23477/2025-12-01/1762202354.json"
"512557","146154","2025-12-01","45.00","NZD","1762202354","23477/2025-12-01/1762202354.json"
"365170","146153","2025-12-01","48.00","NZD","1762202354","23477/2025-12-01/1762202354.json"
"510807","146155","2025-12-01","52.00","NZD","1762202354","23477/2025-12-01/1762202354.json"
"581513","221281","2025-12-03","36.00","NZD","1762202354","23477/2025-12-03/1762202354.json"
"581514","221282","2025-12-03","36.00","NZD","1762202354","23477/2025-12-03/1762202354.json"
"512557","146154","2025-12-03","45.00","NZD","1762202354","23477/2025-12-03/1762202354.json"
"365170","146153","2025-12-03","48.00","NZD","1762202354","23477/2025-12-03/1762202354.json"
"510807","146155","2025-12-03","52.00","NZD","1762202354","23477/2025-12-03/1762202354.json"
"581513","221281","2025-12-04","36.00","NZD","1762202354","23477/2025-12-04/1762202354.json"
"581514","221282","2025-12-04","36.00","NZD","1762202354","23477/2025-12-04/1762202354.json"
"512557","146154","2025-12-04","45.00","NZD","1762202354","23477/2025-12-04/1762202354.json"
"365170","146153","2025-12-04","48.00","NZD","1762202354","23477/2025-12-04/1762202354.json"
"510807","146155","2025-12-04","52.00","NZD","1762202354","23477/2025-12-04/1762202354.json"
"581513","221281","2025-12-05","36.00","NZD","1762202354","23477/2025-12-05/1762202354.json"
"581514","221282","2025-12-05","36.00","NZD","1762202354","23477/2025-12-05/1762202354.json"
"512557","146154","2025-12-05","45.00","NZD","1762202354","23477/2025-12-05/1762202354.json"
"365170","146153","2025-12-05","48.00","NZD","1762202354","23477/2025-12-05/1762202354.json"
"510807","146155","2025-12-05","52.00","NZD","1762202354","23477/2025-12-05/1762202354.json"
"581513","221281","2025-12-06","36.00","NZD","1762202354","23477/2025-12-06/1762202354.json"
"581514","221282","2025-12-06","36.00","NZD","1762202354","23477/2025-12-06/1762202354.json"
"512557","146154","2025-12-06","45.00","NZD","1762202354","23477/2025-12-06/1762202354.json"
"365170","146153","2025-12-06","48.00","NZD","1762202354","23477/2025-12-06/1762202354.json"
"510807","146155","2025-12-06","52.00","NZD","1762202354","23477/2025-12-06/1762202354.json"
"581513","221281","2025-12-08","36.00","NZD","1762202354","23477/2025-12-08/1762202354.json"
"581514","221282","2025-12-08","36.00","NZD","1762202354","23477/2025-12-08/1762202354.json"
"512557","146154","2025-12-08","45.00","NZD","1762202354","23477/2025-12-08/1762202354.json"
"365170","146153","2025-12-08","48.00","NZD","1762202354","23477/2025-12-08/1762202354.json"
"510807","146155","2025-12-08","52.00","NZD","1762202354","23477/2025-12-08/1762202354.json"
"581513","221281","2025-12-07","36.00","NZD","1762202354","23477/2025-12-07/1762202354.json"
"581514","221282","2025-12-07","36.00","NZD","1762202354","23477/2025-12-07/1762202354.json"
"512557","146154","2025-12-07","45.00","NZD","1762202354","23477/2025-12-07/1762202354.json"
"365170","146153","2025-12-07","48.00","NZD","1762202354","23477/2025-12-07/1762202354.json"
"510807","146155","2025-12-07","52.00","NZD","1762202354","23477/2025-12-07/1762202354.json"
"581513","221281","2025-12-09","36.00","NZD","1762202354","23477/2025-12-09/1762202354.json"
"581514","221282","2025-12-09","36.00","NZD","1762202354","23477/2025-12-09/1762202354.json"
"512557","146154","2025-12-09","45.00","NZD","1762202354","23477/2025-12-09/1762202354.json"
"365170","146153","2025-12-09","48.00","NZD","1762202354","23477/2025-12-09/1762202354.json"
"510807","146155","2025-12-09","52.00","NZD","1762202354","23477/2025-12-09/1762202354.json"
"581513","221281","2025-12-10","36.00","NZD","1762202354","23477/2025-12-10/1762202354.json"
"581514","221282","2025-12-10","36.00","NZD","1762202354","23477/2025-12-10/1762202354.json"
"512557","146154","2025-12-10","45.00","NZD","1762202354","23477/2025-12-10/1762202354.json"
"365170","146153","2025-12-10","48.00","NZD","1762202354","23477/2025-12-10/1762202354.json"
"510807","146155","2025-12-10","52.00","NZD","1762202354","23477/2025-12-10/1762202354.json"
"581513","221281","2025-12-11","36.00","NZD","1762202354","23477/2025-12-11/1762202354.json"
"581514","221282","2025-12-11","36.00","NZD","1762202354","23477/2025-12-11/1762202354.json"
"512557","146154","2025-12-11","45.00","NZD","1762202354","23477/2025-12-11/1762202354.json"
"365170","146153","2025-12-11","48.00","NZD","1762202354","23477/2025-12-11/1762202354.json"
"510807","146155","2025-12-11","52.00","NZD","1762202354","23477/2025-12-11/1762202354.json"
"581513","221281","2025-12-12","36.00","NZD","1762202354","23477/2025-12-12/1762202354.json"
"581514","221282","2025-12-12","36.00","NZD","1762202354","23477/2025-12-12/1762202354.json"
"512557","146154","2025-12-12","45.00","NZD","1762202354","23477/2025-12-12/1762202354.json"
"365170","146153","2025-12-12","48.00","NZD","1762202354","23477/2025-12-12/1762202354.json"
"510807","146155","2025-12-12","52.00","NZD","1762202354","23477/2025-12-12/1762202354.json"
"581513","221281","2025-12-13","36.00","NZD","1762202354","23477/2025-12-13/1762202354.json"
"581514","221282","2025-12-13","36.00","NZD","1762202354","23477/2025-12-13/1762202354.json"
"512557","146154","2025-12-13","45.00","NZD","1762202354","23477/2025-12-13/1762202354.json"
"365170","146153","2025-12-13","48.00","NZD","1762202354","23477/2025-12-13/1762202354.json"
"510807","146155","2025-12-13","52.00","NZD","1762202354","23477/2025-12-13/1762202354.json"
"581513","221281","2025-12-14","36.00","NZD","1762202354","23477/2025-12-14/1762202354.json"
"581514","221282","2025-12-14","36.00","NZD","1762202354","23477/2025-12-14/1762202354.json"
"512557","146154","2025-12-14","45.00","NZD","1762202354","23477/2025-12-14/1762202354.json"
"365170","146153","2025-12-14","48.00","NZD","1762202354","23477/2025-12-14/1762202354.json"
"510807","146155","2025-12-14","52.00","NZD","1762202354","23477/2025-12-14/1762202354.json"
"581513","221281","2025-12-15","36.00","NZD","1762202354","23477/2025-12-15/1762202354.json"
"581514","221282","2025-12-15","36.00","NZD","1762202354","23477/2025-12-15/1762202354.json"
"512557","146154","2025-12-15","45.00","NZD","1762202354","23477/2025-12-15/1762202354.json"
"365170","146153","2025-12-15","48.00","NZD","1762202354","23477/2025-12-15/1762202354.json"
"510807","146155","2025-12-15","52.00","NZD","1762202354","23477/2025-12-15/1762202354.json"
"581513","221281","2025-12-16","36.00","NZD","1762202354","23477/2025-12-16/1762202354.json"
"581514","221282","2025-12-16","36.00","NZD","1762202354","23477/2025-12-16/1762202354.json"
"512557","146154","2025-12-16","45.00","NZD","1762202354","23477/2025-12-16/1762202354.json"
"365170","146153","2025-12-16","48.00","NZD","1762202354","23477/2025-12-16/1762202354.json"
"510807","146155","2025-12-16","52.00","NZD","1762202354","23477/2025-12-16/1762202354.json"
"581513","221281","2025-12-17","36.00","NZD","1762202354","23477/2025-12-17/1762202354.json"
"581514","221282","2025-12-17","36.00","NZD","1762202354","23477/2025-12-17/1762202354.json"
"512557","146154","2025-12-17","45.00","NZD","1762202354","23477/2025-12-17/1762202354.json"
"365170","146153","2025-12-17","48.00","NZD","1762202354","23477/2025-12-17/1762202354.json"
"510807","146155","2025-12-17","52.00","NZD","1762202354","23477/2025-12-17/1762202354.json"
"581513","221281","2025-12-19","36.00","NZD","1762202354","23477/2025-12-19/1762202354.json"
"581514","221282","2025-12-19","36.00","NZD","1762202354","23477/2025-12-19/1762202354.json"
"512557","146154","2025-12-19","45.00","NZD","1762202354","23477/2025-12-19/1762202354.json"
"365170","146153","2025-12-19","48.00","NZD","1762202354","23477/2025-12-19/1762202354.json"
"510807","146155","2025-12-19","52.00","NZD","1762202354","23477/2025-12-19/1762202354.json"
"581513","221281","2025-12-18","36.00","NZD","1762202354","23477/2025-12-18/1762202354.json"
"581514","221282","2025-12-18","36.00","NZD","1762202354","23477/2025-12-18/1762202354.json"
"512557","146154","2025-12-18","45.00","NZD","1762202354","23477/2025-12-18/1762202354.json"
"365170","146153","2025-12-18","48.00","NZD","1762202354","23477/2025-12-18/1762202354.json"
"510807","146155","2025-12-18","52.00","NZD","1762202354","23477/2025-12-18/1762202354.json"
"581513","221281","2025-12-20","36.00","NZD","1762202354","23477/2025-12-20/1762202354.json"
"581514","221282","2025-12-20","36.00","NZD","1762202354","23477/2025-12-20/1762202354.json"
"512557","146154","2025-12-20","45.00","NZD","1762202354","23477/2025-12-20/1762202354.json"
"365170","146153","2025-12-20","48.00","NZD","1762202354","23477/2025-12-20/1762202354.json"
"510807","146155","2025-12-20","52.00","NZD","1762202354","23477/2025-12-20/1762202354.json"
"581513","221281","2025-12-21","36.00","NZD","1762202354","23477/2025-12-21/1762202354.json"
"581514","221282","2025-12-21","36.00","NZD","1762202354","23477/2025-12-21/1762202354.json"
"512557","146154","2025-12-21","45.00","NZD","1762202354","23477/2025-12-21/1762202354.json"
"365170","146153","2025-12-21","48.00","NZD","1762202354","23477/2025-12-21/1762202354.json"
"510807","146155","2025-12-21","52.00","NZD","1762202354","23477/2025-12-21/1762202354.json"
"581513","221281","2025-12-22","36.00","NZD","1762202354","23477/2025-12-22/1762202354.json"
"581514","221282","2025-12-22","36.00","NZD","1762202354","23477/2025-12-22/1762202354.json"
"512557","146154","2025-12-22","45.00","NZD","1762202354","23477/2025-12-22/1762202354.json"
"365170","146153","2025-12-22","48.00","NZD","1762202354","23477/2025-12-22/1762202354.json"
"510807","146155","2025-12-22","52.00","NZD","1762202354","23477/2025-12-22/1762202354.json"
"581513","221281","2025-12-23","38.00","NZD","1762202354","23477/2025-12-23/1762202354.json"
"581514","221282","2025-12-23","38.00","NZD","1762202354","23477/2025-12-23/1762202354.json"
"512557","146154","2025-12-23","45.00","NZD","1762202354","23477/2025-12-23/1762202354.json"
"365170","146153","2025-12-23","48.00","NZD","1762202354","23477/2025-12-23/1762202354.json"
"510807","146155","2025-12-23","52.00","NZD","1762202354","23477/2025-12-23/1762202354.json"
"581513","221281","2025-12-24","38.00","NZD","1762202354","23477/2025-12-24/1762202354.json"
"581514","221282","2025-12-24","38.00","NZD","1762202354","23477/2025-12-24/1762202354.json"
"512557","146154","2025-12-24","45.00","NZD","1762202354","23477/2025-12-24/1762202354.json"
"365170","146153","2025-12-24","48.00","NZD","1762202354","23477/2025-12-24/1762202354.json"
"510807","146155","2025-12-24","52.00","NZD","1762202354","23477/2025-12-24/1762202354.json"
"581513","221281","2025-12-25","38.00","NZD","1762202354","23477/2025-12-25/1762202354.json"
"581514","221282","2025-12-25","38.00","NZD","1762202354","23477/2025-12-25/1762202354.json"
"512557","146154","2025-12-25","45.00","NZD","1762202354","23477/2025-12-25/1762202354.json"
"365170","146153","2025-12-25","48.00","NZD","1762202354","23477/2025-12-25/1762202354.json"
"510807","146155","2025-12-25","52.00","NZD","1762202354","23477/2025-12-25/1762202354.json"
"581513","221281","2025-12-28","42.00","NZD","1762202354","23477/2025-12-28/1762202354.json"
"581514","221282","2025-12-28","42.00","NZD","1762202354","23477/2025-12-28/1762202354.json"
"512557","146154","2025-12-28","45.00","NZD","1762202354","23477/2025-12-28/1762202354.json"
"365170","146153","2025-12-28","48.00","NZD","1762202354","23477/2025-12-28/1762202354.json"
"510807","146155","2025-12-28","52.00","NZD","1762202354","23477/2025-12-28/1762202354.json"
"581513","221281","2025-12-26","42.00","NZD","1762202354","23477/2025-12-26/1762202354.json"
"581514","221282","2025-12-26","42.00","NZD","1762202354","23477/2025-12-26/1762202354.json"
"512557","146154","2025-12-26","45.00","NZD","1762202354","23477/2025-12-26/1762202354.json"
"365170","146153","2025-12-26","48.00","NZD","1762202354","23477/2025-12-26/1762202354.json"
"510807","146155","2025-12-26","52.00","NZD","1762202354","23477/2025-12-26/1762202354.json"
"581513","221281","2025-12-27","42.00","NZD","1762202354","23477/2025-12-27/1762202354.json"
"581514","221282","2025-12-27","42.00","NZD","1762202354","23477/2025-12-27/1762202354.json"
"512557","146154","2025-12-27","45.00","NZD","1762202354","23477/2025-12-27/1762202354.json"
"365170","146153","2025-12-27","48.00","NZD","1762202354","23477/2025-12-27/1762202354.json"
"510807","146155","2025-12-27","52.00","NZD","1762202354","23477/2025-12-27/1762202354.json"
"581513","221281","2025-12-29","42.00","NZD","1762202354","23477/2025-12-29/1762202354.json"
"581514","221282","2025-12-29","42.00","NZD","1762202354","23477/2025-12-29/1762202354.json"
"512557","146154","2025-12-29","45.00","NZD","1762202354","23477/2025-12-29/1762202354.json"
"365170","146153","2025-12-29","48.00","NZD","1762202354","23477/2025-12-29/1762202354.json"
"510807","146155","2025-12-29","52.00","NZD","1762202354","23477/2025-12-29/1762202354.json"
"581513","221281","2025-12-30","42.00","NZD","1762202354","23477/2025-12-30/1762202354.json"
"581514","221282","2025-12-30","42.00","NZD","1762202354","23477/2025-12-30/1762202354.json"
"512557","146154","2025-12-30","45.00","NZD","1762202354","23477/2025-12-30/1762202354.json"
"365170","146153","2025-12-30","48.00","NZD","1762202354","23477/2025-12-30/1762202354.json"
"510807","146155","2025-12-30","52.00","NZD","1762202354","23477/2025-12-30/1762202354.json"
"581513","221281","2025-12-31","42.00","NZD","1762202354","23477/2025-12-31/1762202354.json"
"581514","221282","2025-12-31","42.00","NZD","1762202354","23477/2025-12-31/1762202354.json"
"512557","146154","2025-12-31","45.00","NZD","1762202354","23477/2025-12-31/1762202354.json"
"365170","146153","2025-12-31","48.00","NZD","1762202354","23477/2025-12-31/1762202354.json"
"510807","146155","2025-12-31","52.00","NZD","1762202354","23477/2025-12-31/1762202354.json"
"581513","221281","2026-01-02","42.00","NZD","1762202354","23477/2026-01-02/1762202354.json"
"581514","221282","2026-01-02","42.00","NZD","1762202354","23477/2026-01-02/1762202354.json"
"512557","146154","2026-01-02","45.00","NZD","1762202354","23477/2026-01-02/1762202354.json"
"365170","146153","2026-01-02","48.00","NZD","1762202354","23477/2026-01-02/1762202354.json"
"510807","146155","2026-01-02","52.00","NZD","1762202354","23477/2026-01-02/1762202354.json"
"581513","221281","2026-01-01","42.00","NZD","1762202354","23477/2026-01-01/1762202354.json"
"581514","221282","2026-01-01","42.00","NZD","1762202354","23477/2026-01-01/1762202354.json"
"512557","146154","2026-01-01","45.00","NZD","1762202354","23477/2026-01-01/1762202354.json"
"365170","146153","2026-01-01","48.00","NZD","1762202354","23477/2026-01-01/1762202354.json"
"510807","146155","2026-01-01","52.00","NZD","1762202354","23477/2026-01-01/1762202354.json"
"581513","221281","2025-11-04","36.00","NZD","1762221442","23477/2025-11-04/1762221442.json"
"581514","221282","2025-11-04","36.00","NZD","1762221442","23477/2025-11-04/1762221442.json"
"512557","146154","2025-11-04","45.00","NZD","1762221442","23477/2025-11-04/1762221442.json"
"365170","146153","2025-11-04","48.00","NZD","1762221442","23477/2025-11-04/1762221442.json"
"510807","146155","2025-11-04","52.00","NZD","1762221442","23477/2025-11-04/1762221442.json"
"581513","221281","2025-11-06","36.00","NZD","1762221442","23477/2025-11-06/1762221442.json"
"581514","221282","2025-11-06","36.00","NZD","1762221442","23477/2025-11-06/1762221442.json"
"512557","146154","2025-11-06","45.00","NZD","1762221442","23477/2025-11-06/1762221442.json"
"365170","146153","2025-11-06","48.00","NZD","1762221442","23477/2025-11-06/1762221442.json"
"510807","146155","2025-11-06","52.00","NZD","1762221442","23477/2025-11-06/1762221442.json"
"581513","221281","2025-11-05","36.00","NZD","1762221442","23477/2025-11-05/1762221442.json"
"581513","221281","2025-11-07","36.00","NZD","1762221442","23477/2025-11-07/1762221442.json"
"581514","221282","2025-11-07","36.00","NZD","1762221442","23477/2025-11-07/1762221442.json"
"581514","221282","2025-11-05","36.00","NZD","1762221442","23477/2025-11-05/1762221442.json"
"512557","146154","2025-11-07","45.00","NZD","1762221442","23477/2025-11-07/1762221442.json"
"365170","146153","2025-11-07","48.00","NZD","1762221442","23477/2025-11-07/1762221442.json"
"512557","146154","2025-11-05","45.00","NZD","1762221442","23477/2025-11-05/1762221442.json"
"510807","146155","2025-11-07","52.00","NZD","1762221442","23477/2025-11-07/1762221442.json"
"365170","146153","2025-11-05","48.00","NZD","1762221442","23477/2025-11-05/1762221442.json"
"510807","146155","2025-11-05","52.00","NZD","1762221442","23477/2025-11-05/1762221442.json"
"581513","221281","2025-11-09","36.00","NZD","1762221442","23477/2025-11-09/1762221442.json"
"581514","221282","2025-11-09","36.00","NZD","1762221442","23477/2025-11-09/1762221442.json"
"512557","146154","2025-11-09","45.00","NZD","1762221442","23477/2025-11-09/1762221442.json"
"365170","146153","2025-11-09","48.00","NZD","1762221442","23477/2025-11-09/1762221442.json"
"510807","146155","2025-11-09","52.00","NZD","1762221442","23477/2025-11-09/1762221442.json"
"581513","221281","2025-11-08","36.00","NZD","1762221442","23477/2025-11-08/1762221442.json"
"581514","221282","2025-11-08","36.00","NZD","1762221442","23477/2025-11-08/1762221442.json"
"512557","146154","2025-11-08","45.00","NZD","1762221442","23477/2025-11-08/1762221442.json"
"365170","146153","2025-11-08","48.00","NZD","1762221442","23477/2025-11-08/1762221442.json"
"510807","146155","2025-11-08","52.00","NZD","1762221442","23477/2025-11-08/1762221442.json"
"581513","221281","2025-11-10","36.00","NZD","1762221442","23477/2025-11-10/1762221442.json"
"581514","221282","2025-11-10","36.00","NZD","1762221442","23477/2025-11-10/1762221442.json"
"512557","146154","2025-11-10","45.00","NZD","1762221442","23477/2025-11-10/1762221442.json"
"365170","146153","2025-11-10","48.00","NZD","1762221442","23477/2025-11-10/1762221442.json"
"510807","146155","2025-11-10","52.00","NZD","1762221442","23477/2025-11-10/1762221442.json"
"581513","221281","2025-11-11","36.00","NZD","1762221442","23477/2025-11-11/1762221442.json"
"581514","221282","2025-11-11","36.00","NZD","1762221442","23477/2025-11-11/1762221442.json"
"512557","146154","2025-11-11","45.00","NZD","1762221442","23477/2025-11-11/1762221442.json"
"365170","146153","2025-11-11","48.00","NZD","1762221442","23477/2025-11-11/1762221442.json"
"510807","146155","2025-11-11","52.00","NZD","1762221442","23477/2025-11-11/1762221442.json"
"581513","221281","2025-11-14","36.00","NZD","1762221442","23477/2025-11-14/1762221442.json"
"581514","221282","2025-11-14","36.00","NZD","1762221442","23477/2025-11-14/1762221442.json"
"512557","146154","2025-11-14","45.00","NZD","1762221442","23477/2025-11-14/1762221442.json"
"365170","146153","2025-11-14","48.00","NZD","1762221442","23477/2025-11-14/1762221442.json"
"581513","221281","2025-11-13","36.00","NZD","1762221442","23477/2025-11-13/1762221442.json"
"510807","146155","2025-11-14","52.00","NZD","1762221442","23477/2025-11-14/1762221442.json"
"581514","221282","2025-11-13","36.00","NZD","1762221442","23477/2025-11-13/1762221442.json"
"512557","146154","2025-11-13","45.00","NZD","1762221442","23477/2025-11-13/1762221442.json"
"365170","146153","2025-11-13","48.00","NZD","1762221442","23477/2025-11-13/1762221442.json"
"510807","146155","2025-11-13","52.00","NZD","1762221442","23477/2025-11-13/1762221442.json"
"581513","221281","2025-11-12","36.00","NZD","1762221442","23477/2025-11-12/1762221442.json"
"581514","221282","2025-11-12","36.00","NZD","1762221442","23477/2025-11-12/1762221442.json"
"512557","146154","2025-11-12","45.00","NZD","1762221442","23477/2025-11-12/1762221442.json"
"365170","146153","2025-11-12","48.00","NZD","1762221442","23477/2025-11-12/1762221442.json"
"510807","146155","2025-11-12","52.00","NZD","1762221442","23477/2025-11-12/1762221442.json"
"581513","221281","2025-11-15","36.00","NZD","1762221442","23477/2025-11-15/1762221442.json"
"581514","221282","2025-11-15","36.00","NZD","1762221442","23477/2025-11-15/1762221442.json"
"512557","146154","2025-11-15","45.00","NZD","1762221442","23477/2025-11-15/1762221442.json"
"365170","146153","2025-11-15","48.00","NZD","1762221442","23477/2025-11-15/1762221442.json"
"510807","146155","2025-11-15","52.00","NZD","1762221442","23477/2025-11-15/1762221442.json"
"581513","221281","2025-11-17","36.00","NZD","1762221442","23477/2025-11-17/1762221442.json"
"581513","221281","2025-11-18","36.00","NZD","1762221442","23477/2025-11-18/1762221442.json"
"581514","221282","2025-11-18","36.00","NZD","1762221442","23477/2025-11-18/1762221442.json"
"581514","221282","2025-11-17","36.00","NZD","1762221442","23477/2025-11-17/1762221442.json"
"512557","146154","2025-11-18","45.00","NZD","1762221442","23477/2025-11-18/1762221442.json"
"365170","146153","2025-11-18","48.00","NZD","1762221442","23477/2025-11-18/1762221442.json"
"512557","146154","2025-11-17","45.00","NZD","1762221442","23477/2025-11-17/1762221442.json"
"510807","146155","2025-11-18","52.00","NZD","1762221442","23477/2025-11-18/1762221442.json"
"365170","146153","2025-11-17","48.00","NZD","1762221442","23477/2025-11-17/1762221442.json"
"510807","146155","2025-11-17","52.00","NZD","1762221442","23477/2025-11-17/1762221442.json"
"581513","221281","2025-11-19","36.00","NZD","1762221442","23477/2025-11-19/1762221442.json"
"581514","221282","2025-11-19","36.00","NZD","1762221442","23477/2025-11-19/1762221442.json"
"512557","146154","2025-11-19","45.00","NZD","1762221442","23477/2025-11-19/1762221442.json"
"365170","146153","2025-11-19","48.00","NZD","1762221442","23477/2025-11-19/1762221442.json"
"510807","146155","2025-11-19","52.00","NZD","1762221442","23477/2025-11-19/1762221442.json"
"581513","221281","2025-11-16","36.00","NZD","1762221442","23477/2025-11-16/1762221442.json"
"581514","221282","2025-11-16","36.00","NZD","1762221442","23477/2025-11-16/1762221442.json"
"512557","146154","2025-11-16","45.00","NZD","1762221442","23477/2025-11-16/1762221442.json"
"365170","146153","2025-11-16","48.00","NZD","1762221442","23477/2025-11-16/1762221442.json"
"510807","146155","2025-11-16","52.00","NZD","1762221442","23477/2025-11-16/1762221442.json"
"581513","221281","2025-11-20","36.00","NZD","1762221442","23477/2025-11-20/1762221442.json"
"581514","221282","2025-11-20","36.00","NZD","1762221442","23477/2025-11-20/1762221442.json"
"512557","146154","2025-11-20","45.00","NZD","1762221442","23477/2025-11-20/1762221442.json"
"581513","221281","2025-11-21","36.00","NZD","1762221442","23477/2025-11-21/1762221442.json"
"581514","221282","2025-11-21","36.00","NZD","1762221442","23477/2025-11-21/1762221442.json"
"512557","146154","2025-11-21","45.00","NZD","1762221442","23477/2025-11-21/1762221442.json"
"365170","146153","2025-11-21","48.00","NZD","1762221442","23477/2025-11-21/1762221442.json"
"510807","146155","2025-11-21","52.00","NZD","1762221442","23477/2025-11-21/1762221442.json"
"581513","221281","2025-11-22","36.00","NZD","1762221442","23477/2025-11-22/1762221442.json"
"581514","221282","2025-11-22","36.00","NZD","1762221442","23477/2025-11-22/1762221442.json"
"512557","146154","2025-11-22","45.00","NZD","1762221442","23477/2025-11-22/1762221442.json"
"365170","146153","2025-11-22","48.00","NZD","1762221442","23477/2025-11-22/1762221442.json"
"510807","146155","2025-11-22","52.00","NZD","1762221442","23477/2025-11-22/1762221442.json"
"581513","221281","2025-11-25","36.00","NZD","1762221442","23477/2025-11-25/1762221442.json"
"581514","221282","2025-11-25","36.00","NZD","1762221442","23477/2025-11-25/1762221442.json"
"512557","146154","2025-11-25","45.00","NZD","1762221442","23477/2025-11-25/1762221442.json"
"365170","146153","2025-11-25","48.00","NZD","1762221442","23477/2025-11-25/1762221442.json"
"510807","146155","2025-11-25","52.00","NZD","1762221442","23477/2025-11-25/1762221442.json"
"581513","221281","2025-11-23","36.00","NZD","1762221442","23477/2025-11-23/1762221442.json"
"581514","221282","2025-11-23","36.00","NZD","1762221442","23477/2025-11-23/1762221442.json"
"512557","146154","2025-11-23","45.00","NZD","1762221442","23477/2025-11-23/1762221442.json"
"365170","146153","2025-11-23","48.00","NZD","1762221442","23477/2025-11-23/1762221442.json"
"510807","146155","2025-11-23","52.00","NZD","1762221442","23477/2025-11-23/1762221442.json"
"581513","221281","2025-11-26","36.00","NZD","1762221442","23477/2025-11-26/1762221442.json"
"581514","221282","2025-11-26","36.00","NZD","1762221442","23477/2025-11-26/1762221442.json"
"512557","146154","2025-11-26","45.00","NZD","1762221442","23477/2025-11-26/1762221442.json"
"365170","146153","2025-11-26","48.00","NZD","1762221442","23477/2025-11-26/1762221442.json"
"510807","146155","2025-11-26","52.00","NZD","1762221442","23477/2025-11-26/1762221442.json"
"581513","221281","2025-11-24","36.00","NZD","1762221442","23477/2025-11-24/1762221442.json"
"581514","221282","2025-11-24","36.00","NZD","1762221442","23477/2025-11-24/1762221442.json"
"512557","146154","2025-11-24","45.00","NZD","1762221442","23477/2025-11-24/1762221442.json"
"365170","146153","2025-11-24","48.00","NZD","1762221442","23477/2025-11-24/1762221442.json"
"510807","146155","2025-11-24","52.00","NZD","1762221442","23477/2025-11-24/1762221442.json"
"581513","221281","2025-11-28","36.00","NZD","1762221442","23477/2025-11-28/1762221442.json"
"581514","221282","2025-11-28","36.00","NZD","1762221442","23477/2025-11-28/1762221442.json"
"512557","146154","2025-11-28","45.00","NZD","1762221442","23477/2025-11-28/1762221442.json"
"365170","146153","2025-11-28","48.00","NZD","1762221442","23477/2025-11-28/1762221442.json"
"510807","146155","2025-11-28","52.00","NZD","1762221442","23477/2025-11-28/1762221442.json"
"581513","221281","2025-11-27","36.00","NZD","1762221442","23477/2025-11-27/1762221442.json"
"581514","221282","2025-11-27","36.00","NZD","1762221442","23477/2025-11-27/1762221442.json"
"512557","146154","2025-11-27","45.00","NZD","1762221442","23477/2025-11-27/1762221442.json"
"365170","146153","2025-11-27","48.00","NZD","1762221442","23477/2025-11-27/1762221442.json"
"510807","146155","2025-11-27","52.00","NZD","1762221442","23477/2025-11-27/1762221442.json"
"581513","221281","2025-11-30","36.00","NZD","1762221442","23477/2025-11-30/1762221442.json"
"581514","221282","2025-11-30","36.00","NZD","1762221442","23477/2025-11-30/1762221442.json"
"512557","146154","2025-11-30","45.00","NZD","1762221442","23477/2025-11-30/1762221442.json"
"365170","146153","2025-11-30","48.00","NZD","1762221442","23477/2025-11-30/1762221442.json"
"510807","146155","2025-11-30","52.00","NZD","1762221442","23477/2025-11-30/1762221442.json"
"581513","221281","2025-11-29","36.00","NZD","1762221442","23477/2025-11-29/1762221442.json"
"581514","221282","2025-11-29","36.00","NZD","1762221442","23477/2025-11-29/1762221442.json"
"512557","146154","2025-11-29","45.00","NZD","1762221442","23477/2025-11-29/1762221442.json"
"365170","146153","2025-11-29","48.00","NZD","1762221442","23477/2025-11-29/1762221442.json"
"510807","146155","2025-11-29","52.00","NZD","1762221442","23477/2025-11-29/1762221442.json"
"581513","221281","2025-12-01","36.00","NZD","1762221442","23477/2025-12-01/1762221442.json"
"581514","221282","2025-12-01","36.00","NZD","1762221442","23477/2025-12-01/1762221442.json"
"512557","146154","2025-12-01","45.00","NZD","1762221442","23477/2025-12-01/1762221442.json"
"365170","146153","2025-12-01","48.00","NZD","1762221442","23477/2025-12-01/1762221442.json"
"510807","146155","2025-12-01","52.00","NZD","1762221442","23477/2025-12-01/1762221442.json"
"581513","221281","2025-12-02","36.00","NZD","1762221442","23477/2025-12-02/1762221442.json"
"581514","221282","2025-12-02","36.00","NZD","1762221442","23477/2025-12-02/1762221442.json"
"512557","146154","2025-12-02","45.00","NZD","1762221442","23477/2025-12-02/1762221442.json"
"365170","146153","2025-12-02","48.00","NZD","1762221442","23477/2025-12-02/1762221442.json"
"510807","146155","2025-12-02","52.00","NZD","1762221442","23477/2025-12-02/1762221442.json"
"581513","221281","2025-12-03","36.00","NZD","1762221442","23477/2025-12-03/1762221442.json"
"581514","221282","2025-12-03","36.00","NZD","1762221442","23477/2025-12-03/1762221442.json"
"512557","146154","2025-12-03","45.00","NZD","1762221442","23477/2025-12-03/1762221442.json"
"365170","146153","2025-12-03","48.00","NZD","1762221442","23477/2025-12-03/1762221442.json"
"510807","146155","2025-12-03","52.00","NZD","1762221442","23477/2025-12-03/1762221442.json"
"581513","221281","2025-12-04","36.00","NZD","1762221442","23477/2025-12-04/1762221442.json"
"581514","221282","2025-12-04","36.00","NZD","1762221442","23477/2025-12-04/1762221442.json"
"512557","146154","2025-12-04","45.00","NZD","1762221442","23477/2025-12-04/1762221442.json"
"365170","146153","2025-12-04","48.00","NZD","1762221442","23477/2025-12-04/1762221442.json"
"510807","146155","2025-12-04","52.00","NZD","1762221442","23477/2025-12-04/1762221442.json"
"581513","221281","2025-12-05","36.00","NZD","1762221442","23477/2025-12-05/1762221442.json"
"581513","221281","2025-12-06","36.00","NZD","1762221442","23477/2025-12-06/1762221442.json"
"581514","221282","2025-12-06","36.00","NZD","1762221442","23477/2025-12-06/1762221442.json"
"581514","221282","2025-12-05","36.00","NZD","1762221442","23477/2025-12-05/1762221442.json"
"512557","146154","2025-12-06","45.00","NZD","1762221442","23477/2025-12-06/1762221442.json"
"365170","146153","2025-12-06","48.00","NZD","1762221442","23477/2025-12-06/1762221442.json"
"512557","146154","2025-12-05","45.00","NZD","1762221442","23477/2025-12-05/1762221442.json"
"510807","146155","2025-12-06","52.00","NZD","1762221442","23477/2025-12-06/1762221442.json"
"365170","146153","2025-12-05","48.00","NZD","1762221442","23477/2025-12-05/1762221442.json"
"510807","146155","2025-12-05","52.00","NZD","1762221442","23477/2025-12-05/1762221442.json"
"581513","221281","2025-12-07","36.00","NZD","1762221442","23477/2025-12-07/1762221442.json"
"581514","221282","2025-12-07","36.00","NZD","1762221442","23477/2025-12-07/1762221442.json"
"512557","146154","2025-12-07","45.00","NZD","1762221442","23477/2025-12-07/1762221442.json"
"365170","146153","2025-12-07","48.00","NZD","1762221442","23477/2025-12-07/1762221442.json"
"510807","146155","2025-12-07","52.00","NZD","1762221442","23477/2025-12-07/1762221442.json"
"581513","221281","2025-12-10","36.00","NZD","1762221442","23477/2025-12-10/1762221442.json"
"581514","221282","2025-12-10","36.00","NZD","1762221442","23477/2025-12-10/1762221442.json"
"512557","146154","2025-12-10","45.00","NZD","1762221442","23477/2025-12-10/1762221442.json"
"365170","146153","2025-12-10","48.00","NZD","1762221442","23477/2025-12-10/1762221442.json"
"510807","146155","2025-12-10","52.00","NZD","1762221442","23477/2025-12-10/1762221442.json"
"581513","221281","2025-12-11","36.00","NZD","1762221442","23477/2025-12-11/1762221442.json"
"581514","221282","2025-12-11","36.00","NZD","1762221442","23477/2025-12-11/1762221442.json"
"512557","146154","2025-12-11","45.00","NZD","1762221442","23477/2025-12-11/1762221442.json"
"365170","146153","2025-12-11","48.00","NZD","1762221442","23477/2025-12-11/1762221442.json"
"510807","146155","2025-12-11","52.00","NZD","1762221442","23477/2025-12-11/1762221442.json"
"581513","221281","2025-12-08","36.00","NZD","1762221442","23477/2025-12-08/1762221442.json"
"581514","221282","2025-12-08","36.00","NZD","1762221442","23477/2025-12-08/1762221442.json"
"512557","146154","2025-12-08","45.00","NZD","1762221442","23477/2025-12-08/1762221442.json"
"365170","146153","2025-12-08","48.00","NZD","1762221442","23477/2025-12-08/1762221442.json"
"510807","146155","2025-12-08","52.00","NZD","1762221442","23477/2025-12-08/1762221442.json"
"581513","221281","2025-12-09","36.00","NZD","1762221442","23477/2025-12-09/1762221442.json"
"581514","221282","2025-12-09","36.00","NZD","1762221442","23477/2025-12-09/1762221442.json"
"512557","146154","2025-12-09","45.00","NZD","1762221442","23477/2025-12-09/1762221442.json"
"365170","146153","2025-12-09","48.00","NZD","1762221442","23477/2025-12-09/1762221442.json"
"510807","146155","2025-12-09","52.00","NZD","1762221442","23477/2025-12-09/1762221442.json"
"581513","221281","2025-12-12","36.00","NZD","1762221442","23477/2025-12-12/1762221442.json"
"581514","221282","2025-12-12","36.00","NZD","1762221442","23477/2025-12-12/1762221442.json"
"512557","146154","2025-12-12","45.00","NZD","1762221442","23477/2025-12-12/1762221442.json"
"365170","146153","2025-12-12","48.00","NZD","1762221442","23477/2025-12-12/1762221442.json"
"510807","146155","2025-12-12","52.00","NZD","1762221442","23477/2025-12-12/1762221442.json"
"581513","221281","2025-12-14","36.00","NZD","1762221442","23477/2025-12-14/1762221442.json"
"581514","221282","2025-12-14","36.00","NZD","1762221442","23477/2025-12-14/1762221442.json"
"512557","146154","2025-12-14","45.00","NZD","1762221442","23477/2025-12-14/1762221442.json"
"365170","146153","2025-12-14","48.00","NZD","1762221442","23477/2025-12-14/1762221442.json"
"510807","146155","2025-12-14","52.00","NZD","1762221442","23477/2025-12-14/1762221442.json"
"581513","221281","2025-12-13","36.00","NZD","1762221442","23477/2025-12-13/1762221442.json"
"581514","221282","2025-12-13","36.00","NZD","1762221442","23477/2025-12-13/1762221442.json"
"512557","146154","2025-12-13","45.00","NZD","1762221442","23477/2025-12-13/1762221442.json"
"365170","146153","2025-12-13","48.00","NZD","1762221442","23477/2025-12-13/1762221442.json"
"510807","146155","2025-12-13","52.00","NZD","1762221442","23477/2025-12-13/1762221442.json"
"581513","221281","2025-12-16","36.00","NZD","1762221442","23477/2025-12-16/1762221442.json"
"581514","221282","2025-12-16","36.00","NZD","1762221442","23477/2025-12-16/1762221442.json"
"512557","146154","2025-12-16","45.00","NZD","1762221442","23477/2025-12-16/1762221442.json"
"365170","146153","2025-12-16","48.00","NZD","1762221442","23477/2025-12-16/1762221442.json"
"510807","146155","2025-12-16","52.00","NZD","1762221442","23477/2025-12-16/1762221442.json"
"581513","221281","2025-12-15","36.00","NZD","1762221442","23477/2025-12-15/1762221442.json"
"581514","221282","2025-12-15","36.00","NZD","1762221442","23477/2025-12-15/1762221442.json"
"512557","146154","2025-12-15","45.00","NZD","1762221442","23477/2025-12-15/1762221442.json"
"365170","146153","2025-12-15","48.00","NZD","1762221442","23477/2025-12-15/1762221442.json"
"510807","146155","2025-12-15","52.00","NZD","1762221442","23477/2025-12-15/1762221442.json"
"581513","221281","2025-12-17","36.00","NZD","1762221442","23477/2025-12-17/1762221442.json"
"581513","221281","2025-12-18","36.00","NZD","1762221442","23477/2025-12-18/1762221442.json"
"581514","221282","2025-12-18","36.00","NZD","1762221442","23477/2025-12-18/1762221442.json"
"581514","221282","2025-12-17","36.00","NZD","1762221442","23477/2025-12-17/1762221442.json"
"512557","146154","2025-12-18","45.00","NZD","1762221442","23477/2025-12-18/1762221442.json"
"365170","146153","2025-12-18","48.00","NZD","1762221442","23477/2025-12-18/1762221442.json"
"512557","146154","2025-12-17","45.00","NZD","1762221442","23477/2025-12-17/1762221442.json"
"510807","146155","2025-12-18","52.00","NZD","1762221442","23477/2025-12-18/1762221442.json"
"365170","146153","2025-12-17","48.00","NZD","1762221442","23477/2025-12-17/1762221442.json"
"510807","146155","2025-12-17","52.00","NZD","1762221442","23477/2025-12-17/1762221442.json"
"581513","221281","2025-12-19","36.00","NZD","1762221442","23477/2025-12-19/1762221442.json"
"581514","221282","2025-12-19","36.00","NZD","1762221442","23477/2025-12-19/1762221442.json"
"512557","146154","2025-12-19","45.00","NZD","1762221442","23477/2025-12-19/1762221442.json"
"365170","146153","2025-12-19","48.00","NZD","1762221442","23477/2025-12-19/1762221442.json"
"510807","146155","2025-12-19","52.00","NZD","1762221442","23477/2025-12-19/1762221442.json"
"581513","221281","2025-12-20","36.00","NZD","1762221442","23477/2025-12-20/1762221442.json"
"581514","221282","2025-12-20","36.00","NZD","1762221442","23477/2025-12-20/1762221442.json"
"512557","146154","2025-12-20","45.00","NZD","1762221442","23477/2025-12-20/1762221442.json"
"365170","146153","2025-12-20","48.00","NZD","1762221442","23477/2025-12-20/1762221442.json"
"510807","146155","2025-12-20","52.00","NZD","1762221442","23477/2025-12-20/1762221442.json"
"581513","221281","2025-12-22","36.00","NZD","1762221442","23477/2025-12-22/1762221442.json"
"581514","221282","2025-12-22","36.00","NZD","1762221442","23477/2025-12-22/1762221442.json"
"512557","146154","2025-12-22","45.00","NZD","1762221442","23477/2025-12-22/1762221442.json"
"365170","146153","2025-12-22","48.00","NZD","1762221442","23477/2025-12-22/1762221442.json"
"510807","146155","2025-12-22","52.00","NZD","1762221442","23477/2025-12-22/1762221442.json"
"581513","221281","2025-12-21","36.00","NZD","1762221442","23477/2025-12-21/1762221442.json"
"581514","221282","2025-12-21","36.00","NZD","1762221442","23477/2025-12-21/1762221442.json"
"512557","146154","2025-12-21","45.00","NZD","1762221442","23477/2025-12-21/1762221442.json"
"365170","146153","2025-12-21","48.00","NZD","1762221442","23477/2025-12-21/1762221442.json"
"510807","146155","2025-12-21","52.00","NZD","1762221442","23477/2025-12-21/1762221442.json"
"581513","221281","2025-12-24","38.00","NZD","1762221442","23477/2025-12-24/1762221442.json"
"581514","221282","2025-12-24","38.00","NZD","1762221442","23477/2025-12-24/1762221442.json"
"512557","146154","2025-12-24","45.00","NZD","1762221442","23477/2025-12-24/1762221442.json"
"365170","146153","2025-12-24","48.00","NZD","1762221442","23477/2025-12-24/1762221442.json"
"510807","146155","2025-12-24","52.00","NZD","1762221442","23477/2025-12-24/1762221442.json"
"581513","221281","2025-12-23","38.00","NZD","1762221442","23477/2025-12-23/1762221442.json"
"581514","221282","2025-12-23","38.00","NZD","1762221442","23477/2025-12-23/1762221442.json"
"512557","146154","2025-12-23","45.00","NZD","1762221442","23477/2025-12-23/1762221442.json"
"365170","146153","2025-12-23","48.00","NZD","1762221442","23477/2025-12-23/1762221442.json"
"510807","146155","2025-12-23","52.00","NZD","1762221442","23477/2025-12-23/1762221442.json"
"581513","221281","2025-12-25","38.00","NZD","1762221442","23477/2025-12-25/1762221442.json"
"581514","221282","2025-12-25","38.00","NZD","1762221442","23477/2025-12-25/1762221442.json"
"512557","146154","2025-12-25","45.00","NZD","1762221442","23477/2025-12-25/1762221442.json"
"365170","146153","2025-12-25","48.00","NZD","1762221442","23477/2025-12-25/1762221442.json"
"510807","146155","2025-12-25","52.00","NZD","1762221442","23477/2025-12-25/1762221442.json"
"581513","221281","2025-12-27","42.00","NZD","1762221442","23477/2025-12-27/1762221442.json"
"581514","221282","2025-12-27","42.00","NZD","1762221442","23477/2025-12-27/1762221442.json"
"512557","146154","2025-12-27","45.00","NZD","1762221442","23477/2025-12-27/1762221442.json"
"365170","146153","2025-12-27","48.00","NZD","1762221442","23477/2025-12-27/1762221442.json"
"510807","146155","2025-12-27","52.00","NZD","1762221442","23477/2025-12-27/1762221442.json"
"581513","221281","2025-12-26","42.00","NZD","1762221442","23477/2025-12-26/1762221442.json"
"581514","221282","2025-12-26","42.00","NZD","1762221442","23477/2025-12-26/1762221442.json"
"512557","146154","2025-12-26","45.00","NZD","1762221442","23477/2025-12-26/1762221442.json"
"365170","146153","2025-12-26","48.00","NZD","1762221442","23477/2025-12-26/1762221442.json"
"510807","146155","2025-12-26","52.00","NZD","1762221442","23477/2025-12-26/1762221442.json"
"581513","221281","2025-12-29","42.00","NZD","1762221442","23477/2025-12-29/1762221442.json"
"581514","221282","2025-12-29","42.00","NZD","1762221442","23477/2025-12-29/1762221442.json"
"512557","146154","2025-12-29","45.00","NZD","1762221442","23477/2025-12-29/1762221442.json"
"365170","146153","2025-12-29","48.00","NZD","1762221442","23477/2025-12-29/1762221442.json"
"510807","146155","2025-12-29","52.00","NZD","1762221442","23477/2025-12-29/1762221442.json"
"581513","221281","2025-12-28","42.00","NZD","1762221442","23477/2025-12-28/1762221442.json"
"581514","221282","2025-12-28","42.00","NZD","1762221442","23477/2025-12-28/1762221442.json"
"512557","146154","2025-12-28","45.00","NZD","1762221442","23477/2025-12-28/1762221442.json"
"365170","146153","2025-12-28","48.00","NZD","1762221442","23477/2025-12-28/1762221442.json"
"510807","146155","2025-12-28","52.00","NZD","1762221442","23477/2025-12-28/1762221442.json"
"581513","221281","2025-12-31","42.00","NZD","1762221442","23477/2025-12-31/1762221442.json"
"581514","221282","2025-12-31","42.00","NZD","1762221442","23477/2025-12-31/1762221442.json"
"512557","146154","2025-12-31","45.00","NZD","1762221442","23477/2025-12-31/1762221442.json"
"365170","146153","2025-12-31","48.00","NZD","1762221442","23477/2025-12-31/1762221442.json"
"510807","146155","2025-12-31","52.00","NZD","1762221442","23477/2025-12-31/1762221442.json"
"581513","221281","2025-12-30","42.00","NZD","1762221442","23477/2025-12-30/1762221442.json"
"581514","221282","2025-12-30","42.00","NZD","1762221442","23477/2025-12-30/1762221442.json"
"512557","146154","2025-12-30","45.00","NZD","1762221442","23477/2025-12-30/1762221442.json"
"365170","146153","2025-12-30","48.00","NZD","1762221442","23477/2025-12-30/1762221442.json"
"510807","146155","2025-12-30","52.00","NZD","1762221442","23477/2025-12-30/1762221442.json"
"581513","221281","2026-01-02","42.00","NZD","1762221442","23477/2026-01-02/1762221442.json"
"581514","221282","2026-01-02","42.00","NZD","1762221442","23477/2026-01-02/1762221442.json"
"512557","146154","2026-01-02","45.00","NZD","1762221442","23477/2026-01-02/1762221442.json"
"365170","146153","2026-01-02","48.00","NZD","1762221442","23477/2026-01-02/1762221442.json"
"510807","146155","2026-01-02","52.00","NZD","1762221442","23477/2026-01-02/1762221442.json"
"581513","221281","2026-01-01","42.00","NZD","1762221442","23477/2026-01-01/1762221442.json"
"581514","221282","2026-01-01","42.00","NZD","1762221442","23477/2026-01-01/1762221442.json"
"512557","146154","2026-01-01","45.00","NZD","1762221442","23477/2026-01-01/1762221442.json"
"365170","146153","2026-01-01","48.00","NZD","1762221442","23477/2026-01-01/1762221442.json"
"510807","146155","2026-01-01","52.00","NZD","1762221442","23477/2026-01-01/1762221442.json"
"581513","221281","2026-01-03","42.00","NZD","1762221442","23477/2026-01-03/1762221442.json"
"581514","221282","2026-01-03","42.00","NZD","1762221442","23477/2026-01-03/1762221442.json"
"512557","146154","2026-01-03","45.00","NZD","1762221442","23477/2026-01-03/1762221442.json"
"365170","146153","2026-01-03","48.00","NZD","1762221442","23477/2026-01-03/1762221442.json"
"510807","146155","2026-01-03","52.00","NZD","1762221442","23477/2026-01-03/1762221442.json"
"581513","221281","2025-11-07","36.00","NZD","1762231159","23477/2025-11-07/1762231159.json"
"581514","221282","2025-11-07","36.00","NZD","1762231159","23477/2025-11-07/1762231159.json"
"512557","146154","2025-11-07","45.00","NZD","1762231159","23477/2025-11-07/1762231159.json"
"365170","146153","2025-11-07","48.00","NZD","1762231159","23477/2025-11-07/1762231159.json"
"510807","146155","2025-11-07","52.00","NZD","1762231159","23477/2025-11-07/1762231159.json"
"581513","221281","2025-11-06","36.00","NZD","1762231159","23477/2025-11-06/1762231159.json"
"581514","221282","2025-11-06","36.00","NZD","1762231159","23477/2025-11-06/1762231159.json"
"512557","146154","2025-11-06","45.00","NZD","1762231159","23477/2025-11-06/1762231159.json"
"365170","146153","2025-11-06","48.00","NZD","1762231159","23477/2025-11-06/1762231159.json"
"510807","146155","2025-11-06","52.00","NZD","1762231159","23477/2025-11-06/1762231159.json"
"581513","221281","2025-11-04","36.00","NZD","1762231159","23477/2025-11-04/1762231159.json"
"581514","221282","2025-11-04","36.00","NZD","1762231159","23477/2025-11-04/1762231159.json"
"512557","146154","2025-11-04","45.00","NZD","1762231159","23477/2025-11-04/1762231159.json"
"365170","146153","2025-11-04","48.00","NZD","1762231159","23477/2025-11-04/1762231159.json"
"510807","146155","2025-11-04","52.00","NZD","1762231159","23477/2025-11-04/1762231159.json"
"581513","221281","2025-11-05","36.00","NZD","1762231159","23477/2025-11-05/1762231159.json"
"581514","221282","2025-11-05","36.00","NZD","1762231159","23477/2025-11-05/1762231159.json"
"512557","146154","2025-11-05","45.00","NZD","1762231159","23477/2025-11-05/1762231159.json"
"365170","146153","2025-11-05","48.00","NZD","1762231159","23477/2025-11-05/1762231159.json"
"510807","146155","2025-11-05","52.00","NZD","1762231159","23477/2025-11-05/1762231159.json"
"581513","221281","2025-11-11","36.00","NZD","1762231159","23477/2025-11-11/1762231159.json"
"581514","221282","2025-11-11","36.00","NZD","1762231159","23477/2025-11-11/1762231159.json"
"512557","146154","2025-11-11","45.00","NZD","1762231159","23477/2025-11-11/1762231159.json"
"365170","146153","2025-11-11","48.00","NZD","1762231159","23477/2025-11-11/1762231159.json"
"510807","146155","2025-11-11","52.00","NZD","1762231159","23477/2025-11-11/1762231159.json"
"581513","221281","2025-11-08","36.00","NZD","1762231159","23477/2025-11-08/1762231159.json"
"581514","221282","2025-11-08","36.00","NZD","1762231159","23477/2025-11-08/1762231159.json"
"512557","146154","2025-11-08","45.00","NZD","1762231159","23477/2025-11-08/1762231159.json"
"365170","146153","2025-11-08","48.00","NZD","1762231159","23477/2025-11-08/1762231159.json"
"510807","146155","2025-11-08","52.00","NZD","1762231159","23477/2025-11-08/1762231159.json"
"581513","221281","2025-11-09","36.00","NZD","1762231159","23477/2025-11-09/1762231159.json"
"581514","221282","2025-11-09","36.00","NZD","1762231159","23477/2025-11-09/1762231159.json"
"512557","146154","2025-11-09","45.00","NZD","1762231159","23477/2025-11-09/1762231159.json"
"365170","146153","2025-11-09","48.00","NZD","1762231159","23477/2025-11-09/1762231159.json"
"510807","146155","2025-11-09","52.00","NZD","1762231159","23477/2025-11-09/1762231159.json"
"581513","221281","2025-11-10","36.00","NZD","1762231159","23477/2025-11-10/1762231159.json"
"581514","221282","2025-11-10","36.00","NZD","1762231159","23477/2025-11-10/1762231159.json"
"512557","146154","2025-11-10","45.00","NZD","1762231159","23477/2025-11-10/1762231159.json"
"365170","146153","2025-11-10","48.00","NZD","1762231159","23477/2025-11-10/1762231159.json"
"510807","146155","2025-11-10","52.00","NZD","1762231159","23477/2025-11-10/1762231159.json"
"581513","221281","2025-11-12","36.00","NZD","1762231159","23477/2025-11-12/1762231159.json"
"581514","221282","2025-11-12","36.00","NZD","1762231159","23477/2025-11-12/1762231159.json"
"512557","146154","2025-11-12","45.00","NZD","1762231159","23477/2025-11-12/1762231159.json"
"365170","146153","2025-11-12","48.00","NZD","1762231159","23477/2025-11-12/1762231159.json"
"510807","146155","2025-11-12","52.00","NZD","1762231159","23477/2025-11-12/1762231159.json"
"581513","221281","2025-11-14","36.00","NZD","1762231159","23477/2025-11-14/1762231159.json"
"581514","221282","2025-11-14","36.00","NZD","1762231159","23477/2025-11-14/1762231159.json"
"512557","146154","2025-11-14","45.00","NZD","1762231159","23477/2025-11-14/1762231159.json"
"365170","146153","2025-11-14","48.00","NZD","1762231159","23477/2025-11-14/1762231159.json"
"510807","146155","2025-11-14","52.00","NZD","1762231159","23477/2025-11-14/1762231159.json"
"581513","221281","2025-11-13","36.00","NZD","1762231159","23477/2025-11-13/1762231159.json"
"581514","221282","2025-11-13","36.00","NZD","1762231159","23477/2025-11-13/1762231159.json"
"512557","146154","2025-11-13","45.00","NZD","1762231159","23477/2025-11-13/1762231159.json"
"365170","146153","2025-11-13","48.00","NZD","1762231159","23477/2025-11-13/1762231159.json"
"581513","221281","2025-11-15","36.00","NZD","1762231159","23477/2025-11-15/1762231159.json"
"510807","146155","2025-11-13","52.00","NZD","1762231159","23477/2025-11-13/1762231159.json"
"581514","221282","2025-11-15","36.00","NZD","1762231159","23477/2025-11-15/1762231159.json"
"512557","146154","2025-11-15","45.00","NZD","1762231159","23477/2025-11-15/1762231159.json"
"365170","146153","2025-11-15","48.00","NZD","1762231159","23477/2025-11-15/1762231159.json"
"510807","146155","2025-11-15","52.00","NZD","1762231159","23477/2025-11-15/1762231159.json"
"581513","221281","2025-11-16","36.00","NZD","1762231159","23477/2025-11-16/1762231159.json"
"581514","221282","2025-11-16","36.00","NZD","1762231159","23477/2025-11-16/1762231159.json"
"512557","146154","2025-11-16","45.00","NZD","1762231159","23477/2025-11-16/1762231159.json"
"365170","146153","2025-11-16","48.00","NZD","1762231159","23477/2025-11-16/1762231159.json"
"510807","146155","2025-11-16","52.00","NZD","1762231159","23477/2025-11-16/1762231159.json"
"581513","221281","2025-11-17","36.00","NZD","1762231159","23477/2025-11-17/1762231159.json"
"581514","221282","2025-11-17","36.00","NZD","1762231159","23477/2025-11-17/1762231159.json"
"512557","146154","2025-11-17","45.00","NZD","1762231159","23477/2025-11-17/1762231159.json"
"365170","146153","2025-11-17","48.00","NZD","1762231159","23477/2025-11-17/1762231159.json"
"510807","146155","2025-11-17","52.00","NZD","1762231159","23477/2025-11-17/1762231159.json"
"581513","221281","2025-11-19","36.00","NZD","1762231159","23477/2025-11-19/1762231159.json"
"581514","221282","2025-11-19","36.00","NZD","1762231159","23477/2025-11-19/1762231159.json"
"512557","146154","2025-11-19","45.00","NZD","1762231159","23477/2025-11-19/1762231159.json"
"365170","146153","2025-11-19","48.00","NZD","1762231159","23477/2025-11-19/1762231159.json"
"510807","146155","2025-11-19","52.00","NZD","1762231159","23477/2025-11-19/1762231159.json"
"581513","221281","2025-11-18","36.00","NZD","1762231159","23477/2025-11-18/1762231159.json"
"581514","221282","2025-11-18","36.00","NZD","1762231159","23477/2025-11-18/1762231159.json"
"512557","146154","2025-11-18","45.00","NZD","1762231159","23477/2025-11-18/1762231159.json"
"365170","146153","2025-11-18","48.00","NZD","1762231159","23477/2025-11-18/1762231159.json"
"510807","146155","2025-11-18","52.00","NZD","1762231159","23477/2025-11-18/1762231159.json"
"581513","221281","2025-11-20","36.00","NZD","1762231159","23477/2025-11-20/1762231159.json"
"581514","221282","2025-11-20","36.00","NZD","1762231159","23477/2025-11-20/1762231159.json"
"512557","146154","2025-11-20","45.00","NZD","1762231159","23477/2025-11-20/1762231159.json"
"581513","221281","2025-11-23","36.00","NZD","1762231159","23477/2025-11-23/1762231159.json"
"581514","221282","2025-11-23","36.00","NZD","1762231159","23477/2025-11-23/1762231159.json"
"512557","146154","2025-11-23","45.00","NZD","1762231159","23477/2025-11-23/1762231159.json"
"365170","146153","2025-11-23","48.00","NZD","1762231159","23477/2025-11-23/1762231159.json"
"510807","146155","2025-11-23","52.00","NZD","1762231159","23477/2025-11-23/1762231159.json"
"581513","221281","2025-11-21","36.00","NZD","1762231159","23477/2025-11-21/1762231159.json"
"581514","221282","2025-11-21","36.00","NZD","1762231159","23477/2025-11-21/1762231159.json"
"512557","146154","2025-11-21","45.00","NZD","1762231159","23477/2025-11-21/1762231159.json"
"365170","146153","2025-11-21","48.00","NZD","1762231159","23477/2025-11-21/1762231159.json"
"510807","146155","2025-11-21","52.00","NZD","1762231159","23477/2025-11-21/1762231159.json"
"581513","221281","2025-11-22","36.00","NZD","1762231159","23477/2025-11-22/1762231159.json"
"581514","221282","2025-11-22","36.00","NZD","1762231159","23477/2025-11-22/1762231159.json"
"512557","146154","2025-11-22","45.00","NZD","1762231159","23477/2025-11-22/1762231159.json"
"365170","146153","2025-11-22","48.00","NZD","1762231159","23477/2025-11-22/1762231159.json"
"510807","146155","2025-11-22","52.00","NZD","1762231159","23477/2025-11-22/1762231159.json"
"581513","221281","2025-11-24","36.00","NZD","1762231159","23477/2025-11-24/1762231159.json"
"581514","221282","2025-11-24","36.00","NZD","1762231159","23477/2025-11-24/1762231159.json"
"512557","146154","2025-11-24","45.00","NZD","1762231159","23477/2025-11-24/1762231159.json"
"365170","146153","2025-11-24","48.00","NZD","1762231159","23477/2025-11-24/1762231159.json"
"510807","146155","2025-11-24","52.00","NZD","1762231159","23477/2025-11-24/1762231159.json"
"581513","221281","2025-11-26","36.00","NZD","1762231159","23477/2025-11-26/1762231159.json"
"581514","221282","2025-11-26","36.00","NZD","1762231159","23477/2025-11-26/1762231159.json"
"512557","146154","2025-11-26","45.00","NZD","1762231159","23477/2025-11-26/1762231159.json"
"365170","146153","2025-11-26","48.00","NZD","1762231159","23477/2025-11-26/1762231159.json"
"510807","146155","2025-11-26","52.00","NZD","1762231159","23477/2025-11-26/1762231159.json"
"581513","221281","2025-11-25","36.00","NZD","1762231159","23477/2025-11-25/1762231159.json"
"581514","221282","2025-11-25","36.00","NZD","1762231159","23477/2025-11-25/1762231159.json"
"512557","146154","2025-11-25","45.00","NZD","1762231159","23477/2025-11-25/1762231159.json"
"365170","146153","2025-11-25","48.00","NZD","1762231159","23477/2025-11-25/1762231159.json"
"510807","146155","2025-11-25","52.00","NZD","1762231159","23477/2025-11-25/1762231159.json"
"581513","221281","2025-11-27","36.00","NZD","1762231159","23477/2025-11-27/1762231159.json"
"581514","221282","2025-11-27","36.00","NZD","1762231159","23477/2025-11-27/1762231159.json"
"512557","146154","2025-11-27","45.00","NZD","1762231159","23477/2025-11-27/1762231159.json"
"365170","146153","2025-11-27","48.00","NZD","1762231159","23477/2025-11-27/1762231159.json"
"510807","146155","2025-11-27","52.00","NZD","1762231159","23477/2025-11-27/1762231159.json"
"581513","221281","2025-11-28","36.00","NZD","1762231159","23477/2025-11-28/1762231159.json"
"581514","221282","2025-11-28","36.00","NZD","1762231159","23477/2025-11-28/1762231159.json"
"512557","146154","2025-11-28","45.00","NZD","1762231159","23477/2025-11-28/1762231159.json"
"365170","146153","2025-11-28","48.00","NZD","1762231159","23477/2025-11-28/1762231159.json"
"510807","146155","2025-11-28","52.00","NZD","1762231159","23477/2025-11-28/1762231159.json"
"581513","221281","2025-12-01","36.00","NZD","1762231159","23477/2025-12-01/1762231159.json"
"581514","221282","2025-12-01","36.00","NZD","1762231159","23477/2025-12-01/1762231159.json"
"512557","146154","2025-12-01","45.00","NZD","1762231159","23477/2025-12-01/1762231159.json"
"365170","146153","2025-12-01","48.00","NZD","1762231159","23477/2025-12-01/1762231159.json"
"510807","146155","2025-12-01","52.00","NZD","1762231159","23477/2025-12-01/1762231159.json"
"581513","221281","2025-11-30","36.00","NZD","1762231159","23477/2025-11-30/1762231159.json"
"581514","221282","2025-11-30","36.00","NZD","1762231159","23477/2025-11-30/1762231159.json"
"512557","146154","2025-11-30","45.00","NZD","1762231159","23477/2025-11-30/1762231159.json"
"365170","146153","2025-11-30","48.00","NZD","1762231159","23477/2025-11-30/1762231159.json"
"510807","146155","2025-11-30","52.00","NZD","1762231159","23477/2025-11-30/1762231159.json"
"581513","221281","2025-11-29","36.00","NZD","1762231159","23477/2025-11-29/1762231159.json"
"581514","221282","2025-11-29","36.00","NZD","1762231159","23477/2025-11-29/1762231159.json"
"512557","146154","2025-11-29","45.00","NZD","1762231159","23477/2025-11-29/1762231159.json"
"365170","146153","2025-11-29","48.00","NZD","1762231159","23477/2025-11-29/1762231159.json"
"510807","146155","2025-11-29","52.00","NZD","1762231159","23477/2025-11-29/1762231159.json"
"581513","221281","2025-12-02","36.00","NZD","1762231159","23477/2025-12-02/1762231159.json"
"581514","221282","2025-12-02","36.00","NZD","1762231159","23477/2025-12-02/1762231159.json"
"512557","146154","2025-12-02","45.00","NZD","1762231159","23477/2025-12-02/1762231159.json"
"365170","146153","2025-12-02","48.00","NZD","1762231159","23477/2025-12-02/1762231159.json"
"510807","146155","2025-12-02","52.00","NZD","1762231159","23477/2025-12-02/1762231159.json"
"581513","221281","2025-12-03","36.00","NZD","1762231159","23477/2025-12-03/1762231159.json"
"581513","221281","2025-12-04","36.00","NZD","1762231159","23477/2025-12-04/1762231159.json"
"581514","221282","2025-12-03","36.00","NZD","1762231159","23477/2025-12-03/1762231159.json"
"581514","221282","2025-12-04","36.00","NZD","1762231159","23477/2025-12-04/1762231159.json"
"512557","146154","2025-12-03","45.00","NZD","1762231159","23477/2025-12-03/1762231159.json"
"365170","146153","2025-12-03","48.00","NZD","1762231159","23477/2025-12-03/1762231159.json"
"512557","146154","2025-12-04","45.00","NZD","1762231159","23477/2025-12-04/1762231159.json"
"510807","146155","2025-12-03","52.00","NZD","1762231159","23477/2025-12-03/1762231159.json"
"365170","146153","2025-12-04","48.00","NZD","1762231159","23477/2025-12-04/1762231159.json"
"510807","146155","2025-12-04","52.00","NZD","1762231159","23477/2025-12-04/1762231159.json"
"581513","221281","2025-12-05","36.00","NZD","1762231159","23477/2025-12-05/1762231159.json"
"581514","221282","2025-12-05","36.00","NZD","1762231159","23477/2025-12-05/1762231159.json"
"512557","146154","2025-12-05","45.00","NZD","1762231159","23477/2025-12-05/1762231159.json"
"365170","146153","2025-12-05","48.00","NZD","1762231159","23477/2025-12-05/1762231159.json"
"510807","146155","2025-12-05","52.00","NZD","1762231159","23477/2025-12-05/1762231159.json"
"581513","221281","2025-12-06","36.00","NZD","1762231159","23477/2025-12-06/1762231159.json"
"581514","221282","2025-12-06","36.00","NZD","1762231159","23477/2025-12-06/1762231159.json"
"512557","146154","2025-12-06","45.00","NZD","1762231159","23477/2025-12-06/1762231159.json"
"365170","146153","2025-12-06","48.00","NZD","1762231159","23477/2025-12-06/1762231159.json"
"510807","146155","2025-12-06","52.00","NZD","1762231159","23477/2025-12-06/1762231159.json"
"581513","221281","2025-12-08","36.00","NZD","1762231159","23477/2025-12-08/1762231159.json"
"581514","221282","2025-12-08","36.00","NZD","1762231159","23477/2025-12-08/1762231159.json"
"512557","146154","2025-12-08","45.00","NZD","1762231159","23477/2025-12-08/1762231159.json"
"365170","146153","2025-12-08","48.00","NZD","1762231159","23477/2025-12-08/1762231159.json"
"510807","146155","2025-12-08","52.00","NZD","1762231159","23477/2025-12-08/1762231159.json"
"581513","221281","2025-12-07","36.00","NZD","1762231159","23477/2025-12-07/1762231159.json"
"581514","221282","2025-12-07","36.00","NZD","1762231159","23477/2025-12-07/1762231159.json"
"512557","146154","2025-12-07","45.00","NZD","1762231159","23477/2025-12-07/1762231159.json"
"365170","146153","2025-12-07","48.00","NZD","1762231159","23477/2025-12-07/1762231159.json"
"510807","146155","2025-12-07","52.00","NZD","1762231159","23477/2025-12-07/1762231159.json"
"581513","221281","2025-12-09","36.00","NZD","1762231159","23477/2025-12-09/1762231159.json"
"581514","221282","2025-12-09","36.00","NZD","1762231159","23477/2025-12-09/1762231159.json"
"512557","146154","2025-12-09","45.00","NZD","1762231159","23477/2025-12-09/1762231159.json"
"365170","146153","2025-12-09","48.00","NZD","1762231159","23477/2025-12-09/1762231159.json"
"510807","146155","2025-12-09","52.00","NZD","1762231159","23477/2025-12-09/1762231159.json"
"581513","221281","2025-12-10","36.00","NZD","1762231159","23477/2025-12-10/1762231159.json"
"581514","221282","2025-12-10","36.00","NZD","1762231159","23477/2025-12-10/1762231159.json"
"512557","146154","2025-12-10","45.00","NZD","1762231159","23477/2025-12-10/1762231159.json"
"365170","146153","2025-12-10","48.00","NZD","1762231159","23477/2025-12-10/1762231159.json"
"510807","146155","2025-12-10","52.00","NZD","1762231159","23477/2025-12-10/1762231159.json"
"581513","221281","2025-12-11","36.00","NZD","1762231159","23477/2025-12-11/1762231159.json"
"581514","221282","2025-12-11","36.00","NZD","1762231159","23477/2025-12-11/1762231159.json"
"512557","146154","2025-12-11","45.00","NZD","1762231159","23477/2025-12-11/1762231159.json"
"365170","146153","2025-12-11","48.00","NZD","1762231159","23477/2025-12-11/1762231159.json"
"510807","146155","2025-12-11","52.00","NZD","1762231159","23477/2025-12-11/1762231159.json"
"581513","221281","2025-12-12","36.00","NZD","1762231159","23477/2025-12-12/1762231159.json"
"581514","221282","2025-12-12","36.00","NZD","1762231159","23477/2025-12-12/1762231159.json"
"512557","146154","2025-12-12","45.00","NZD","1762231159","23477/2025-12-12/1762231159.json"
"365170","146153","2025-12-12","48.00","NZD","1762231159","23477/2025-12-12/1762231159.json"
"510807","146155","2025-12-12","52.00","NZD","1762231159","23477/2025-12-12/1762231159.json"
"581513","221281","2025-12-14","36.00","NZD","1762231159","23477/2025-12-14/1762231159.json"
"581514","221282","2025-12-14","36.00","NZD","1762231159","23477/2025-12-14/1762231159.json"
"512557","146154","2025-12-14","45.00","NZD","1762231159","23477/2025-12-14/1762231159.json"
"365170","146153","2025-12-14","48.00","NZD","1762231159","23477/2025-12-14/1762231159.json"
"510807","146155","2025-12-14","52.00","NZD","1762231159","23477/2025-12-14/1762231159.json"
"581513","221281","2025-12-13","36.00","NZD","1762231159","23477/2025-12-13/1762231159.json"
"581514","221282","2025-12-13","36.00","NZD","1762231159","23477/2025-12-13/1762231159.json"
"512557","146154","2025-12-13","45.00","NZD","1762231159","23477/2025-12-13/1762231159.json"
"365170","146153","2025-12-13","48.00","NZD","1762231159","23477/2025-12-13/1762231159.json"
"510807","146155","2025-12-13","52.00","NZD","1762231159","23477/2025-12-13/1762231159.json"
"581513","221281","2025-12-16","36.00","NZD","1762231159","23477/2025-12-16/1762231159.json"
"581513","221281","2025-12-15","36.00","NZD","1762231159","23477/2025-12-15/1762231159.json"
"581514","221282","2025-12-16","36.00","NZD","1762231159","23477/2025-12-16/1762231159.json"
"512557","146154","2025-12-16","45.00","NZD","1762231159","23477/2025-12-16/1762231159.json"
"581514","221282","2025-12-15","36.00","NZD","1762231159","23477/2025-12-15/1762231159.json"
"365170","146153","2025-12-16","48.00","NZD","1762231159","23477/2025-12-16/1762231159.json"
"512557","146154","2025-12-15","45.00","NZD","1762231159","23477/2025-12-15/1762231159.json"
"510807","146155","2025-12-16","52.00","NZD","1762231159","23477/2025-12-16/1762231159.json"
"365170","146153","2025-12-15","48.00","NZD","1762231159","23477/2025-12-15/1762231159.json"
"510807","146155","2025-12-15","52.00","NZD","1762231159","23477/2025-12-15/1762231159.json"
"581513","221281","2025-12-18","36.00","NZD","1762231159","23477/2025-12-18/1762231159.json"
"581514","221282","2025-12-18","36.00","NZD","1762231159","23477/2025-12-18/1762231159.json"
"512557","146154","2025-12-18","45.00","NZD","1762231159","23477/2025-12-18/1762231159.json"
"365170","146153","2025-12-18","48.00","NZD","1762231159","23477/2025-12-18/1762231159.json"
"510807","146155","2025-12-18","52.00","NZD","1762231159","23477/2025-12-18/1762231159.json"
"581513","221281","2025-12-17","36.00","NZD","1762231159","23477/2025-12-17/1762231159.json"
"581514","221282","2025-12-17","36.00","NZD","1762231159","23477/2025-12-17/1762231159.json"
"512557","146154","2025-12-17","45.00","NZD","1762231159","23477/2025-12-17/1762231159.json"
"365170","146153","2025-12-17","48.00","NZD","1762231159","23477/2025-12-17/1762231159.json"
"510807","146155","2025-12-17","52.00","NZD","1762231159","23477/2025-12-17/1762231159.json"
"581513","221281","2025-12-19","36.00","NZD","1762231159","23477/2025-12-19/1762231159.json"
"581514","221282","2025-12-19","36.00","NZD","1762231159","23477/2025-12-19/1762231159.json"
"512557","146154","2025-12-19","45.00","NZD","1762231159","23477/2025-12-19/1762231159.json"
"365170","146153","2025-12-19","48.00","NZD","1762231159","23477/2025-12-19/1762231159.json"
"510807","146155","2025-12-19","52.00","NZD","1762231159","23477/2025-12-19/1762231159.json"
"581513","221281","2025-12-22","36.00","NZD","1762231159","23477/2025-12-22/1762231159.json"
"581514","221282","2025-12-22","36.00","NZD","1762231159","23477/2025-12-22/1762231159.json"
"512557","146154","2025-12-22","45.00","NZD","1762231159","23477/2025-12-22/1762231159.json"
"365170","146153","2025-12-22","48.00","NZD","1762231159","23477/2025-12-22/1762231159.json"
"510807","146155","2025-12-22","52.00","NZD","1762231159","23477/2025-12-22/1762231159.json"
"581513","221281","2025-12-20","36.00","NZD","1762231159","23477/2025-12-20/1762231159.json"
"581514","221282","2025-12-20","36.00","NZD","1762231159","23477/2025-12-20/1762231159.json"
"512557","146154","2025-12-20","45.00","NZD","1762231159","23477/2025-12-20/1762231159.json"
"365170","146153","2025-12-20","48.00","NZD","1762231159","23477/2025-12-20/1762231159.json"
"510807","146155","2025-12-20","52.00","NZD","1762231159","23477/2025-12-20/1762231159.json"
"581513","221281","2025-12-21","36.00","NZD","1762231159","23477/2025-12-21/1762231159.json"
"581514","221282","2025-12-21","36.00","NZD","1762231159","23477/2025-12-21/1762231159.json"
"512557","146154","2025-12-21","45.00","NZD","1762231159","23477/2025-12-21/1762231159.json"
"365170","146153","2025-12-21","48.00","NZD","1762231159","23477/2025-12-21/1762231159.json"
"510807","146155","2025-12-21","52.00","NZD","1762231159","23477/2025-12-21/1762231159.json"
"581513","221281","2025-12-23","38.00","NZD","1762231159","23477/2025-12-23/1762231159.json"
"581514","221282","2025-12-23","38.00","NZD","1762231159","23477/2025-12-23/1762231159.json"
"512557","146154","2025-12-23","45.00","NZD","1762231159","23477/2025-12-23/1762231159.json"
"365170","146153","2025-12-23","48.00","NZD","1762231159","23477/2025-12-23/1762231159.json"
"510807","146155","2025-12-23","52.00","NZD","1762231159","23477/2025-12-23/1762231159.json"
"581513","221281","2025-12-24","38.00","NZD","1762231159","23477/2025-12-24/1762231159.json"
"581514","221282","2025-12-24","38.00","NZD","1762231159","23477/2025-12-24/1762231159.json"
"512557","146154","2025-12-24","45.00","NZD","1762231159","23477/2025-12-24/1762231159.json"
"365170","146153","2025-12-24","48.00","NZD","1762231159","23477/2025-12-24/1762231159.json"
"510807","146155","2025-12-24","52.00","NZD","1762231159","23477/2025-12-24/1762231159.json"
"581513","221281","2025-12-26","42.00","NZD","1762231159","23477/2025-12-26/1762231159.json"
"581514","221282","2025-12-26","42.00","NZD","1762231159","23477/2025-12-26/1762231159.json"
"512557","146154","2025-12-26","45.00","NZD","1762231159","23477/2025-12-26/1762231159.json"
"365170","146153","2025-12-26","48.00","NZD","1762231159","23477/2025-12-26/1762231159.json"
"510807","146155","2025-12-26","52.00","NZD","1762231159","23477/2025-12-26/1762231159.json"
"581513","221281","2025-12-25","38.00","NZD","1762231159","23477/2025-12-25/1762231159.json"
"581514","221282","2025-12-25","38.00","NZD","1762231159","23477/2025-12-25/1762231159.json"
"512557","146154","2025-12-25","45.00","NZD","1762231159","23477/2025-12-25/1762231159.json"
"365170","146153","2025-12-25","48.00","NZD","1762231159","23477/2025-12-25/1762231159.json"
"510807","146155","2025-12-25","52.00","NZD","1762231159","23477/2025-12-25/1762231159.json"
"581513","221281","2025-12-27","42.00","NZD","1762231159","23477/2025-12-27/1762231159.json"
"581514","221282","2025-12-27","42.00","NZD","1762231159","23477/2025-12-27/1762231159.json"
"512557","146154","2025-12-27","45.00","NZD","1762231159","23477/2025-12-27/1762231159.json"
"365170","146153","2025-12-27","48.00","NZD","1762231159","23477/2025-12-27/1762231159.json"
"510807","146155","2025-12-27","52.00","NZD","1762231159","23477/2025-12-27/1762231159.json"
"581513","221281","2025-12-28","42.00","NZD","1762231159","23477/2025-12-28/1762231159.json"
"581514","221282","2025-12-28","42.00","NZD","1762231159","23477/2025-12-28/1762231159.json"
"512557","146154","2025-12-28","45.00","NZD","1762231159","23477/2025-12-28/1762231159.json"
"365170","146153","2025-12-28","48.00","NZD","1762231159","23477/2025-12-28/1762231159.json"
"510807","146155","2025-12-28","52.00","NZD","1762231159","23477/2025-12-28/1762231159.json"
"581513","221281","2025-12-29","42.00","NZD","1762231159","23477/2025-12-29/1762231159.json"
"581514","221282","2025-12-29","42.00","NZD","1762231159","23477/2025-12-29/1762231159.json"
"512557","146154","2025-12-29","45.00","NZD","1762231159","23477/2025-12-29/1762231159.json"
"365170","146153","2025-12-29","48.00","NZD","1762231159","23477/2025-12-29/1762231159.json"
"510807","146155","2025-12-29","52.00","NZD","1762231159","23477/2025-12-29/1762231159.json"
"581513","221281","2025-12-30","42.00","NZD","1762231159","23477/2025-12-30/1762231159.json"
"581514","221282","2025-12-30","42.00","NZD","1762231159","23477/2025-12-30/1762231159.json"
"512557","146154","2025-12-30","45.00","NZD","1762231159","23477/2025-12-30/1762231159.json"
"365170","146153","2025-12-30","48.00","NZD","1762231159","23477/2025-12-30/1762231159.json"
"510807","146155","2025-12-30","52.00","NZD","1762231159","23477/2025-12-30/1762231159.json"
"581513","221281","2025-12-31","42.00","NZD","1762231159","23477/2025-12-31/1762231159.json"
"581514","221282","2025-12-31","42.00","NZD","1762231159","23477/2025-12-31/1762231159.json"
"512557","146154","2025-12-31","45.00","NZD","1762231159","23477/2025-12-31/1762231159.json"
"365170","146153","2025-12-31","48.00","NZD","1762231159","23477/2025-12-31/1762231159.json"
"510807","146155","2025-12-31","52.00","NZD","1762231159","23477/2025-12-31/1762231159.json"
"581513","221281","2026-01-01","42.00","NZD","1762231159","23477/2026-01-01/1762231159.json"
"581514","221282","2026-01-01","42.00","NZD","1762231159","23477/2026-01-01/1762231159.json"
"512557","146154","2026-01-01","45.00","NZD","1762231159","23477/2026-01-01/1762231159.json"
"365170","146153","2026-01-01","48.00","NZD","1762231159","23477/2026-01-01/1762231159.json"
"510807","146155","2026-01-01","52.00","NZD","1762231159","23477/2026-01-01/1762231159.json"
"581513","221281","2026-01-02","42.00","NZD","1762231159","23477/2026-01-02/1762231159.json"
"581514","221282","2026-01-02","42.00","NZD","1762231159","23477/2026-01-02/1762231159.json"
"512557","146154","2026-01-02","45.00","NZD","1762231159","23477/2026-01-02/1762231159.json"
"365170","146153","2026-01-02","48.00","NZD","1762231159","23477/2026-01-02/1762231159.json"
"510807","146155","2026-01-02","52.00","NZD","1762231159","23477/2026-01-02/1762231159.json"
"581513","221281","2026-01-03","42.00","NZD","1762231159","23477/2026-01-03/1762231159.json"
"581514","221282","2026-01-03","42.00","NZD","1762231159","23477/2026-01-03/1762231159.json"
"512557","146154","2026-01-03","45.00","NZD","1762231159","23477/2026-01-03/1762231159.json"
"365170","146153","2026-01-03","48.00","NZD","1762231159","23477/2026-01-03/1762231159.json"
"510807","146155","2026-01-03","52.00","NZD","1762231159","23477/2026-01-03/1762231159.json"
"581513","221281","2025-11-06","36.00","NZD","1762245891","23477/2025-11-06/1762245891.json"
"581514","221282","2025-11-06","36.00","NZD","1762245891","23477/2025-11-06/1762245891.json"
"512557","146154","2025-11-06","45.00","NZD","1762245891","23477/2025-11-06/1762245891.json"
"365170","146153","2025-11-06","48.00","NZD","1762245891","23477/2025-11-06/1762245891.json"
"510807","146155","2025-11-06","52.00","NZD","1762245891","23477/2025-11-06/1762245891.json"
"581513","221281","2025-11-04","36.00","NZD","1762245891","23477/2025-11-04/1762245891.json"
"581513","221281","2025-11-05","36.00","NZD","1762245891","23477/2025-11-05/1762245891.json"
"581514","221282","2025-11-04","36.00","NZD","1762245891","23477/2025-11-04/1762245891.json"
"581514","221282","2025-11-05","36.00","NZD","1762245891","23477/2025-11-05/1762245891.json"
"512557","146154","2025-11-04","45.00","NZD","1762245891","23477/2025-11-04/1762245891.json"
"512557","146154","2025-11-05","45.00","NZD","1762245891","23477/2025-11-05/1762245891.json"
"365170","146153","2025-11-04","48.00","NZD","1762245891","23477/2025-11-04/1762245891.json"
"365170","146153","2025-11-05","48.00","NZD","1762245891","23477/2025-11-05/1762245891.json"
"510807","146155","2025-11-04","52.00","NZD","1762245891","23477/2025-11-04/1762245891.json"
"510807","146155","2025-11-05","52.00","NZD","1762245891","23477/2025-11-05/1762245891.json"
"581513","221281","2025-11-07","36.00","NZD","1762245891","23477/2025-11-07/1762245891.json"
"581514","221282","2025-11-07","36.00","NZD","1762245891","23477/2025-11-07/1762245891.json"
"512557","146154","2025-11-07","45.00","NZD","1762245891","23477/2025-11-07/1762245891.json"
"365170","146153","2025-11-07","48.00","NZD","1762245891","23477/2025-11-07/1762245891.json"
"510807","146155","2025-11-07","52.00","NZD","1762245891","23477/2025-11-07/1762245891.json"
"581513","221281","2025-11-08","36.00","NZD","1762245891","23477/2025-11-08/1762245891.json"
"581514","221282","2025-11-08","36.00","NZD","1762245891","23477/2025-11-08/1762245891.json"
"512557","146154","2025-11-08","45.00","NZD","1762245891","23477/2025-11-08/1762245891.json"
"365170","146153","2025-11-08","48.00","NZD","1762245891","23477/2025-11-08/1762245891.json"
"510807","146155","2025-11-08","52.00","NZD","1762245891","23477/2025-11-08/1762245891.json"
"581513","221281","2025-11-11","36.00","NZD","1762245891","23477/2025-11-11/1762245891.json"
"581514","221282","2025-11-11","36.00","NZD","1762245891","23477/2025-11-11/1762245891.json"
"512557","146154","2025-11-11","45.00","NZD","1762245891","23477/2025-11-11/1762245891.json"
"365170","146153","2025-11-11","48.00","NZD","1762245891","23477/2025-11-11/1762245891.json"
"510807","146155","2025-11-11","52.00","NZD","1762245891","23477/2025-11-11/1762245891.json"
"581513","221281","2025-11-09","36.00","NZD","1762245891","23477/2025-11-09/1762245891.json"
"581514","221282","2025-11-09","36.00","NZD","1762245891","23477/2025-11-09/1762245891.json"
"512557","146154","2025-11-09","45.00","NZD","1762245891","23477/2025-11-09/1762245891.json"
"365170","146153","2025-11-09","48.00","NZD","1762245891","23477/2025-11-09/1762245891.json"
"510807","146155","2025-11-09","52.00","NZD","1762245891","23477/2025-11-09/1762245891.json"
"581513","221281","2025-11-10","36.00","NZD","1762245891","23477/2025-11-10/1762245891.json"
"581514","221282","2025-11-10","36.00","NZD","1762245891","23477/2025-11-10/1762245891.json"
"512557","146154","2025-11-10","45.00","NZD","1762245891","23477/2025-11-10/1762245891.json"
"365170","146153","2025-11-10","48.00","NZD","1762245891","23477/2025-11-10/1762245891.json"
"510807","146155","2025-11-10","52.00","NZD","1762245891","23477/2025-11-10/1762245891.json"
"581513","221281","2025-11-12","36.00","NZD","1762245891","23477/2025-11-12/1762245891.json"
"581514","221282","2025-11-12","36.00","NZD","1762245891","23477/2025-11-12/1762245891.json"
"512557","146154","2025-11-12","45.00","NZD","1762245891","23477/2025-11-12/1762245891.json"
"365170","146153","2025-11-12","48.00","NZD","1762245891","23477/2025-11-12/1762245891.json"
"510807","146155","2025-11-12","52.00","NZD","1762245891","23477/2025-11-12/1762245891.json"
"581513","221281","2025-11-13","36.00","NZD","1762245891","23477/2025-11-13/1762245891.json"
"581514","221282","2025-11-13","36.00","NZD","1762245891","23477/2025-11-13/1762245891.json"
"512557","146154","2025-11-13","45.00","NZD","1762245891","23477/2025-11-13/1762245891.json"
"365170","146153","2025-11-13","48.00","NZD","1762245891","23477/2025-11-13/1762245891.json"
"510807","146155","2025-11-13","52.00","NZD","1762245891","23477/2025-11-13/1762245891.json"
"581513","221281","2025-11-15","36.00","NZD","1762245891","23477/2025-11-15/1762245891.json"
"581514","221282","2025-11-15","36.00","NZD","1762245891","23477/2025-11-15/1762245891.json"
"512557","146154","2025-11-15","45.00","NZD","1762245891","23477/2025-11-15/1762245891.json"
"365170","146153","2025-11-15","48.00","NZD","1762245891","23477/2025-11-15/1762245891.json"
"510807","146155","2025-11-15","52.00","NZD","1762245891","23477/2025-11-15/1762245891.json"
"581513","221281","2025-11-14","36.00","NZD","1762245891","23477/2025-11-14/1762245891.json"
"581514","221282","2025-11-14","36.00","NZD","1762245891","23477/2025-11-14/1762245891.json"
"512557","146154","2025-11-14","45.00","NZD","1762245891","23477/2025-11-14/1762245891.json"
"365170","146153","2025-11-14","48.00","NZD","1762245891","23477/2025-11-14/1762245891.json"
"510807","146155","2025-11-14","52.00","NZD","1762245891","23477/2025-11-14/1762245891.json"
"581513","221281","2025-11-16","36.00","NZD","1762245891","23477/2025-11-16/1762245891.json"
"581514","221282","2025-11-16","36.00","NZD","1762245891","23477/2025-11-16/1762245891.json"
"512557","146154","2025-11-16","45.00","NZD","1762245891","23477/2025-11-16/1762245891.json"
"365170","146153","2025-11-16","48.00","NZD","1762245891","23477/2025-11-16/1762245891.json"
"510807","146155","2025-11-16","52.00","NZD","1762245891","23477/2025-11-16/1762245891.json"
"581513","221281","2025-11-18","36.00","NZD","1762245891","23477/2025-11-18/1762245891.json"
"581514","221282","2025-11-18","36.00","NZD","1762245891","23477/2025-11-18/1762245891.json"
"512557","146154","2025-11-18","45.00","NZD","1762245891","23477/2025-11-18/1762245891.json"
"365170","146153","2025-11-18","48.00","NZD","1762245891","23477/2025-11-18/1762245891.json"
"510807","146155","2025-11-18","52.00","NZD","1762245891","23477/2025-11-18/1762245891.json"
"581513","221281","2025-11-19","36.00","NZD","1762245891","23477/2025-11-19/1762245891.json"
"581514","221282","2025-11-19","36.00","NZD","1762245891","23477/2025-11-19/1762245891.json"
"512557","146154","2025-11-19","45.00","NZD","1762245891","23477/2025-11-19/1762245891.json"
"365170","146153","2025-11-19","48.00","NZD","1762245891","23477/2025-11-19/1762245891.json"
"510807","146155","2025-11-19","52.00","NZD","1762245891","23477/2025-11-19/1762245891.json"
"581513","221281","2025-11-17","36.00","NZD","1762245891","23477/2025-11-17/1762245891.json"
"581514","221282","2025-11-17","36.00","NZD","1762245891","23477/2025-11-17/1762245891.json"
"512557","146154","2025-11-17","45.00","NZD","1762245891","23477/2025-11-17/1762245891.json"
"365170","146153","2025-11-17","48.00","NZD","1762245891","23477/2025-11-17/1762245891.json"
"510807","146155","2025-11-17","52.00","NZD","1762245891","23477/2025-11-17/1762245891.json"
"581513","221281","2025-11-20","36.00","NZD","1762245891","23477/2025-11-20/1762245891.json"
"581514","221282","2025-11-20","36.00","NZD","1762245891","23477/2025-11-20/1762245891.json"
"512557","146154","2025-11-20","45.00","NZD","1762245891","23477/2025-11-20/1762245891.json"
"581513","221281","2025-11-23","36.00","NZD","1762245891","23477/2025-11-23/1762245891.json"
"581514","221282","2025-11-23","36.00","NZD","1762245891","23477/2025-11-23/1762245891.json"
"512557","146154","2025-11-23","45.00","NZD","1762245891","23477/2025-11-23/1762245891.json"
"365170","146153","2025-11-23","48.00","NZD","1762245891","23477/2025-11-23/1762245891.json"
"510807","146155","2025-11-23","52.00","NZD","1762245891","23477/2025-11-23/1762245891.json"
"581513","221281","2025-11-22","36.00","NZD","1762245891","23477/2025-11-22/1762245891.json"
"581514","221282","2025-11-22","36.00","NZD","1762245891","23477/2025-11-22/1762245891.json"
"512557","146154","2025-11-22","45.00","NZD","1762245891","23477/2025-11-22/1762245891.json"
"365170","146153","2025-11-22","48.00","NZD","1762245891","23477/2025-11-22/1762245891.json"
"510807","146155","2025-11-22","52.00","NZD","1762245891","23477/2025-11-22/1762245891.json"
"581513","221281","2025-11-21","36.00","NZD","1762245891","23477/2025-11-21/1762245891.json"
"581514","221282","2025-11-21","36.00","NZD","1762245891","23477/2025-11-21/1762245891.json"
"512557","146154","2025-11-21","45.00","NZD","1762245891","23477/2025-11-21/1762245891.json"
"365170","146153","2025-11-21","48.00","NZD","1762245891","23477/2025-11-21/1762245891.json"
"510807","146155","2025-11-21","52.00","NZD","1762245891","23477/2025-11-21/1762245891.json"
"581513","221281","2025-11-24","36.00","NZD","1762245891","23477/2025-11-24/1762245891.json"
"581514","221282","2025-11-24","36.00","NZD","1762245891","23477/2025-11-24/1762245891.json"
"512557","146154","2025-11-24","45.00","NZD","1762245891","23477/2025-11-24/1762245891.json"
"365170","146153","2025-11-24","48.00","NZD","1762245891","23477/2025-11-24/1762245891.json"
"510807","146155","2025-11-24","52.00","NZD","1762245891","23477/2025-11-24/1762245891.json"
"581513","221281","2025-11-26","36.00","NZD","1762245891","23477/2025-11-26/1762245891.json"
"581514","221282","2025-11-26","36.00","NZD","1762245891","23477/2025-11-26/1762245891.json"
"512557","146154","2025-11-26","45.00","NZD","1762245891","23477/2025-11-26/1762245891.json"
"365170","146153","2025-11-26","48.00","NZD","1762245891","23477/2025-11-26/1762245891.json"
"510807","146155","2025-11-26","52.00","NZD","1762245891","23477/2025-11-26/1762245891.json"
"581513","221281","2025-11-27","36.00","NZD","1762245891","23477/2025-11-27/1762245891.json"
"581514","221282","2025-11-27","36.00","NZD","1762245891","23477/2025-11-27/1762245891.json"
"512557","146154","2025-11-27","45.00","NZD","1762245891","23477/2025-11-27/1762245891.json"
"365170","146153","2025-11-27","48.00","NZD","1762245891","23477/2025-11-27/1762245891.json"
"510807","146155","2025-11-27","52.00","NZD","1762245891","23477/2025-11-27/1762245891.json"
"581513","221281","2025-11-28","36.00","NZD","1762245891","23477/2025-11-28/1762245891.json"
"581514","221282","2025-11-28","36.00","NZD","1762245891","23477/2025-11-28/1762245891.json"
"512557","146154","2025-11-28","45.00","NZD","1762245891","23477/2025-11-28/1762245891.json"
"365170","146153","2025-11-28","48.00","NZD","1762245891","23477/2025-11-28/1762245891.json"
"510807","146155","2025-11-28","52.00","NZD","1762245891","23477/2025-11-28/1762245891.json"
"581513","221281","2025-11-25","36.00","NZD","1762245891","23477/2025-11-25/1762245891.json"
"581514","221282","2025-11-25","36.00","NZD","1762245891","23477/2025-11-25/1762245891.json"
"512557","146154","2025-11-25","45.00","NZD","1762245891","23477/2025-11-25/1762245891.json"
"365170","146153","2025-11-25","48.00","NZD","1762245891","23477/2025-11-25/1762245891.json"
"510807","146155","2025-11-25","52.00","NZD","1762245891","23477/2025-11-25/1762245891.json"
"581513","221281","2025-11-30","36.00","NZD","1762245891","23477/2025-11-30/1762245891.json"
"581514","221282","2025-11-30","36.00","NZD","1762245891","23477/2025-11-30/1762245891.json"
"512557","146154","2025-11-30","45.00","NZD","1762245891","23477/2025-11-30/1762245891.json"
"365170","146153","2025-11-30","48.00","NZD","1762245891","23477/2025-11-30/1762245891.json"
"510807","146155","2025-11-30","52.00","NZD","1762245891","23477/2025-11-30/1762245891.json"
"581513","221281","2025-11-29","36.00","NZD","1762245891","23477/2025-11-29/1762245891.json"
"581514","221282","2025-11-29","36.00","NZD","1762245891","23477/2025-11-29/1762245891.json"
"512557","146154","2025-11-29","45.00","NZD","1762245891","23477/2025-11-29/1762245891.json"
"365170","146153","2025-11-29","48.00","NZD","1762245891","23477/2025-11-29/1762245891.json"
"510807","146155","2025-11-29","52.00","NZD","1762245891","23477/2025-11-29/1762245891.json"
"581513","221281","2025-12-01","36.00","NZD","1762245891","23477/2025-12-01/1762245891.json"
"581514","221282","2025-12-01","36.00","NZD","1762245891","23477/2025-12-01/1762245891.json"
"512557","146154","2025-12-01","45.00","NZD","1762245891","23477/2025-12-01/1762245891.json"
"365170","146153","2025-12-01","48.00","NZD","1762245891","23477/2025-12-01/1762245891.json"
"510807","146155","2025-12-01","52.00","NZD","1762245891","23477/2025-12-01/1762245891.json"
"581513","221281","2025-12-02","36.00","NZD","1762245891","23477/2025-12-02/1762245891.json"
"581514","221282","2025-12-02","36.00","NZD","1762245891","23477/2025-12-02/1762245891.json"
"512557","146154","2025-12-02","45.00","NZD","1762245891","23477/2025-12-02/1762245891.json"
"365170","146153","2025-12-02","48.00","NZD","1762245891","23477/2025-12-02/1762245891.json"
"510807","146155","2025-12-02","52.00","NZD","1762245891","23477/2025-12-02/1762245891.json"
"581513","221281","2025-12-03","36.00","NZD","1762245891","23477/2025-12-03/1762245891.json"
"581513","221281","2025-12-04","36.00","NZD","1762245891","23477/2025-12-04/1762245891.json"
"581514","221282","2025-12-03","36.00","NZD","1762245891","23477/2025-12-03/1762245891.json"
"581514","221282","2025-12-04","36.00","NZD","1762245891","23477/2025-12-04/1762245891.json"
"512557","146154","2025-12-03","45.00","NZD","1762245891","23477/2025-12-03/1762245891.json"
"512557","146154","2025-12-04","45.00","NZD","1762245891","23477/2025-12-04/1762245891.json"
"365170","146153","2025-12-04","48.00","NZD","1762245891","23477/2025-12-04/1762245891.json"
"365170","146153","2025-12-03","48.00","NZD","1762245891","23477/2025-12-03/1762245891.json"
"510807","146155","2025-12-04","52.00","NZD","1762245891","23477/2025-12-04/1762245891.json"
"510807","146155","2025-12-03","52.00","NZD","1762245891","23477/2025-12-03/1762245891.json"
"581513","221281","2025-12-05","36.00","NZD","1762245891","23477/2025-12-05/1762245891.json"
"581514","221282","2025-12-05","36.00","NZD","1762245891","23477/2025-12-05/1762245891.json"
"512557","146154","2025-12-05","45.00","NZD","1762245891","23477/2025-12-05/1762245891.json"
"365170","146153","2025-12-05","48.00","NZD","1762245891","23477/2025-12-05/1762245891.json"
"510807","146155","2025-12-05","52.00","NZD","1762245891","23477/2025-12-05/1762245891.json"
"581513","221281","2025-12-06","36.00","NZD","1762245891","23477/2025-12-06/1762245891.json"
"581514","221282","2025-12-06","36.00","NZD","1762245891","23477/2025-12-06/1762245891.json"
"512557","146154","2025-12-06","45.00","NZD","1762245891","23477/2025-12-06/1762245891.json"
"365170","146153","2025-12-06","48.00","NZD","1762245891","23477/2025-12-06/1762245891.json"
"510807","146155","2025-12-06","52.00","NZD","1762245891","23477/2025-12-06/1762245891.json"
"581513","221281","2025-12-08","36.00","NZD","1762245891","23477/2025-12-08/1762245891.json"
"581513","221281","2025-12-07","36.00","NZD","1762245891","23477/2025-12-07/1762245891.json"
"581514","221282","2025-12-08","36.00","NZD","1762245891","23477/2025-12-08/1762245891.json"
"581514","221282","2025-12-07","36.00","NZD","1762245891","23477/2025-12-07/1762245891.json"
"512557","146154","2025-12-07","45.00","NZD","1762245891","23477/2025-12-07/1762245891.json"
"512557","146154","2025-12-08","45.00","NZD","1762245891","23477/2025-12-08/1762245891.json"
"365170","146153","2025-12-07","48.00","NZD","1762245891","23477/2025-12-07/1762245891.json"
"510807","146155","2025-12-07","52.00","NZD","1762245891","23477/2025-12-07/1762245891.json"
"365170","146153","2025-12-08","48.00","NZD","1762245891","23477/2025-12-08/1762245891.json"
"510807","146155","2025-12-08","52.00","NZD","1762245891","23477/2025-12-08/1762245891.json"
"581513","221281","2025-12-09","36.00","NZD","1762245891","23477/2025-12-09/1762245891.json"
"581514","221282","2025-12-09","36.00","NZD","1762245891","23477/2025-12-09/1762245891.json"
"512557","146154","2025-12-09","45.00","NZD","1762245891","23477/2025-12-09/1762245891.json"
"365170","146153","2025-12-09","48.00","NZD","1762245891","23477/2025-12-09/1762245891.json"
"510807","146155","2025-12-09","52.00","NZD","1762245891","23477/2025-12-09/1762245891.json"
"581513","221281","2025-12-12","36.00","NZD","1762245891","23477/2025-12-12/1762245891.json"
"581514","221282","2025-12-12","36.00","NZD","1762245891","23477/2025-12-12/1762245891.json"
"512557","146154","2025-12-12","45.00","NZD","1762245891","23477/2025-12-12/1762245891.json"
"365170","146153","2025-12-12","48.00","NZD","1762245891","23477/2025-12-12/1762245891.json"
"510807","146155","2025-12-12","52.00","NZD","1762245891","23477/2025-12-12/1762245891.json"
"581513","221281","2025-12-11","36.00","NZD","1762245891","23477/2025-12-11/1762245891.json"
"581514","221282","2025-12-11","36.00","NZD","1762245891","23477/2025-12-11/1762245891.json"
"512557","146154","2025-12-11","45.00","NZD","1762245891","23477/2025-12-11/1762245891.json"
"365170","146153","2025-12-11","48.00","NZD","1762245891","23477/2025-12-11/1762245891.json"
"510807","146155","2025-12-11","52.00","NZD","1762245891","23477/2025-12-11/1762245891.json"
"581513","221281","2025-12-13","36.00","NZD","1762245891","23477/2025-12-13/1762245891.json"
"581514","221282","2025-12-13","36.00","NZD","1762245891","23477/2025-12-13/1762245891.json"
"512557","146154","2025-12-13","45.00","NZD","1762245891","23477/2025-12-13/1762245891.json"
"365170","146153","2025-12-13","48.00","NZD","1762245891","23477/2025-12-13/1762245891.json"
"510807","146155","2025-12-13","52.00","NZD","1762245891","23477/2025-12-13/1762245891.json"
"581513","221281","2025-12-10","36.00","NZD","1762245891","23477/2025-12-10/1762245891.json"
"581514","221282","2025-12-10","36.00","NZD","1762245891","23477/2025-12-10/1762245891.json"
"512557","146154","2025-12-10","45.00","NZD","1762245891","23477/2025-12-10/1762245891.json"
"365170","146153","2025-12-10","48.00","NZD","1762245891","23477/2025-12-10/1762245891.json"
"510807","146155","2025-12-10","52.00","NZD","1762245891","23477/2025-12-10/1762245891.json"
"581513","221281","2025-12-14","36.00","NZD","1762245891","23477/2025-12-14/1762245891.json"
"581514","221282","2025-12-14","36.00","NZD","1762245891","23477/2025-12-14/1762245891.json"
"512557","146154","2025-12-14","45.00","NZD","1762245891","23477/2025-12-14/1762245891.json"
"365170","146153","2025-12-14","48.00","NZD","1762245891","23477/2025-12-14/1762245891.json"
"510807","146155","2025-12-14","52.00","NZD","1762245891","23477/2025-12-14/1762245891.json"
"581513","221281","2025-12-17","36.00","NZD","1762245891","23477/2025-12-17/1762245891.json"
"581514","221282","2025-12-17","36.00","NZD","1762245891","23477/2025-12-17/1762245891.json"
"512557","146154","2025-12-17","45.00","NZD","1762245891","23477/2025-12-17/1762245891.json"
"365170","146153","2025-12-17","48.00","NZD","1762245891","23477/2025-12-17/1762245891.json"
"510807","146155","2025-12-17","52.00","NZD","1762245891","23477/2025-12-17/1762245891.json"
"581513","221281","2025-12-16","36.00","NZD","1762245891","23477/2025-12-16/1762245891.json"
"581514","221282","2025-12-16","36.00","NZD","1762245891","23477/2025-12-16/1762245891.json"
"512557","146154","2025-12-16","45.00","NZD","1762245891","23477/2025-12-16/1762245891.json"
"365170","146153","2025-12-16","48.00","NZD","1762245891","23477/2025-12-16/1762245891.json"
"510807","146155","2025-12-16","52.00","NZD","1762245891","23477/2025-12-16/1762245891.json"
"581513","221281","2025-12-18","36.00","NZD","1762245891","23477/2025-12-18/1762245891.json"
"581514","221282","2025-12-18","36.00","NZD","1762245891","23477/2025-12-18/1762245891.json"
"512557","146154","2025-12-18","45.00","NZD","1762245891","23477/2025-12-18/1762245891.json"
"365170","146153","2025-12-18","48.00","NZD","1762245891","23477/2025-12-18/1762245891.json"
"510807","146155","2025-12-18","52.00","NZD","1762245891","23477/2025-12-18/1762245891.json"
"581513","221281","2025-12-19","36.00","NZD","1762245891","23477/2025-12-19/1762245891.json"
"581514","221282","2025-12-19","36.00","NZD","1762245891","23477/2025-12-19/1762245891.json"
"512557","146154","2025-12-19","45.00","NZD","1762245891","23477/2025-12-19/1762245891.json"
"365170","146153","2025-12-19","48.00","NZD","1762245891","23477/2025-12-19/1762245891.json"
"510807","146155","2025-12-19","52.00","NZD","1762245891","23477/2025-12-19/1762245891.json"
"581513","221281","2025-12-20","36.00","NZD","1762245891","23477/2025-12-20/1762245891.json"
"581514","221282","2025-12-20","36.00","NZD","1762245891","23477/2025-12-20/1762245891.json"
"512557","146154","2025-12-20","45.00","NZD","1762245891","23477/2025-12-20/1762245891.json"
"365170","146153","2025-12-20","48.00","NZD","1762245891","23477/2025-12-20/1762245891.json"
"510807","146155","2025-12-20","52.00","NZD","1762245891","23477/2025-12-20/1762245891.json"
"581513","221281","2025-12-21","36.00","NZD","1762245891","23477/2025-12-21/1762245891.json"
"581514","221282","2025-12-21","36.00","NZD","1762245891","23477/2025-12-21/1762245891.json"
"512557","146154","2025-12-21","45.00","NZD","1762245891","23477/2025-12-21/1762245891.json"
"365170","146153","2025-12-21","48.00","NZD","1762245891","23477/2025-12-21/1762245891.json"
"510807","146155","2025-12-21","52.00","NZD","1762245891","23477/2025-12-21/1762245891.json"
"581513","221281","2025-12-22","36.00","NZD","1762245891","23477/2025-12-22/1762245891.json"
"581514","221282","2025-12-22","36.00","NZD","1762245891","23477/2025-12-22/1762245891.json"
"512557","146154","2025-12-22","45.00","NZD","1762245891","23477/2025-12-22/1762245891.json"
"365170","146153","2025-12-22","48.00","NZD","1762245891","23477/2025-12-22/1762245891.json"
"510807","146155","2025-12-22","52.00","NZD","1762245891","23477/2025-12-22/1762245891.json"
"581513","221281","2025-12-23","38.00","NZD","1762245891","23477/2025-12-23/1762245891.json"
"581514","221282","2025-12-23","38.00","NZD","1762245891","23477/2025-12-23/1762245891.json"
"512557","146154","2025-12-23","45.00","NZD","1762245891","23477/2025-12-23/1762245891.json"
"365170","146153","2025-12-23","48.00","NZD","1762245891","23477/2025-12-23/1762245891.json"
"510807","146155","2025-12-23","52.00","NZD","1762245891","23477/2025-12-23/1762245891.json"
"581513","221281","2025-12-24","38.00","NZD","1762245891","23477/2025-12-24/1762245891.json"
"581514","221282","2025-12-24","38.00","NZD","1762245891","23477/2025-12-24/1762245891.json"
"512557","146154","2025-12-24","45.00","NZD","1762245891","23477/2025-12-24/1762245891.json"
"365170","146153","2025-12-24","48.00","NZD","1762245891","23477/2025-12-24/1762245891.json"
"510807","146155","2025-12-24","52.00","NZD","1762245891","23477/2025-12-24/1762245891.json"
"581513","221281","2025-12-25","38.00","NZD","1762245891","23477/2025-12-25/1762245891.json"
"581514","221282","2025-12-25","38.00","NZD","1762245891","23477/2025-12-25/1762245891.json"
"512557","146154","2025-12-25","45.00","NZD","1762245891","23477/2025-12-25/1762245891.json"
"365170","146153","2025-12-25","48.00","NZD","1762245891","23477/2025-12-25/1762245891.json"
"510807","146155","2025-12-25","52.00","NZD","1762245891","23477/2025-12-25/1762245891.json"
"581513","221281","2025-12-26","42.00","NZD","1762245891","23477/2025-12-26/1762245891.json"
"581514","221282","2025-12-26","42.00","NZD","1762245891","23477/2025-12-26/1762245891.json"
"512557","146154","2025-12-26","45.00","NZD","1762245891","23477/2025-12-26/1762245891.json"
"365170","146153","2025-12-26","48.00","NZD","1762245891","23477/2025-12-26/1762245891.json"
"510807","146155","2025-12-26","52.00","NZD","1762245891","23477/2025-12-26/1762245891.json"
"581513","221281","2025-12-27","42.00","NZD","1762245891","23477/2025-12-27/1762245891.json"
"581514","221282","2025-12-27","42.00","NZD","1762245891","23477/2025-12-27/1762245891.json"
"512557","146154","2025-12-27","45.00","NZD","1762245891","23477/2025-12-27/1762245891.json"
"365170","146153","2025-12-27","48.00","NZD","1762245891","23477/2025-12-27/1762245891.json"
"510807","146155","2025-12-27","52.00","NZD","1762245891","23477/2025-12-27/1762245891.json"
"581513","221281","2025-12-15","36.00","NZD","1762245891","23477/2025-12-15/1762245891.json"
"581514","221282","2025-12-15","36.00","NZD","1762245891","23477/2025-12-15/1762245891.json"
"512557","146154","2025-12-15","45.00","NZD","1762245891","23477/2025-12-15/1762245891.json"
"365170","146153","2025-12-15","48.00","NZD","1762245891","23477/2025-12-15/1762245891.json"
"510807","146155","2025-12-15","52.00","NZD","1762245891","23477/2025-12-15/1762245891.json"
"581513","221281","2025-12-29","42.00","NZD","1762245891","23477/2025-12-29/1762245891.json"
"581513","221281","2025-12-28","42.00","NZD","1762245891","23477/2025-12-28/1762245891.json"
"581514","221282","2025-12-29","42.00","NZD","1762245891","23477/2025-12-29/1762245891.json"
"512557","146154","2025-12-29","45.00","NZD","1762245891","23477/2025-12-29/1762245891.json"
"581514","221282","2025-12-28","42.00","NZD","1762245891","23477/2025-12-28/1762245891.json"
"365170","146153","2025-12-29","48.00","NZD","1762245891","23477/2025-12-29/1762245891.json"
"510807","146155","2025-12-29","52.00","NZD","1762245891","23477/2025-12-29/1762245891.json"
"512557","146154","2025-12-28","45.00","NZD","1762245891","23477/2025-12-28/1762245891.json"
"365170","146153","2025-12-28","48.00","NZD","1762245891","23477/2025-12-28/1762245891.json"
"510807","146155","2025-12-28","52.00","NZD","1762245891","23477/2025-12-28/1762245891.json"
"581513","221281","2025-12-31","42.00","NZD","1762245891","23477/2025-12-31/1762245891.json"
"581514","221282","2025-12-31","42.00","NZD","1762245891","23477/2025-12-31/1762245891.json"
"512557","146154","2025-12-31","45.00","NZD","1762245891","23477/2025-12-31/1762245891.json"
"365170","146153","2025-12-31","48.00","NZD","1762245891","23477/2025-12-31/1762245891.json"
"510807","146155","2025-12-31","52.00","NZD","1762245891","23477/2025-12-31/1762245891.json"
"581513","221281","2025-12-30","42.00","NZD","1762245891","23477/2025-12-30/1762245891.json"
"581514","221282","2025-12-30","42.00","NZD","1762245891","23477/2025-12-30/1762245891.json"
"512557","146154","2025-12-30","45.00","NZD","1762245891","23477/2025-12-30/1762245891.json"
"365170","146153","2025-12-30","48.00","NZD","1762245891","23477/2025-12-30/1762245891.json"
"510807","146155","2025-12-30","52.00","NZD","1762245891","23477/2025-12-30/1762245891.json"
"581513","221281","2026-01-01","42.00","NZD","1762245891","23477/2026-01-01/1762245891.json"
"581514","221282","2026-01-01","42.00","NZD","1762245891","23477/2026-01-01/1762245891.json"
"512557","146154","2026-01-01","45.00","NZD","1762245891","23477/2026-01-01/1762245891.json"
"365170","146153","2026-01-01","48.00","NZD","1762245891","23477/2026-01-01/1762245891.json"
"510807","146155","2026-01-01","52.00","NZD","1762245891","23477/2026-01-01/1762245891.json"
"581513","221281","2026-01-02","42.00","NZD","1762245891","23477/2026-01-02/1762245891.json"
"581513","221281","2026-01-03","42.00","NZD","1762245891","23477/2026-01-03/1762245891.json"
"581514","221282","2026-01-02","42.00","NZD","1762245891","23477/2026-01-02/1762245891.json"
"581514","221282","2026-01-03","42.00","NZD","1762245891","23477/2026-01-03/1762245891.json"
"512557","146154","2026-01-02","45.00","NZD","1762245891","23477/2026-01-02/1762245891.json"
"512557","146154","2026-01-03","45.00","NZD","1762245891","23477/2026-01-03/1762245891.json"
"365170","146153","2026-01-03","48.00","NZD","1762245891","23477/2026-01-03/1762245891.json"
"365170","146153","2026-01-02","48.00","NZD","1762245891","23477/2026-01-02/1762245891.json"
"510807","146155","2026-01-03","52.00","NZD","1762245891","23477/2026-01-03/1762245891.json"
"510807","146155","2026-01-02","52.00","NZD","1762245891","23477/2026-01-02/1762245891.json"
"581513","221281","2025-11-06","36.00","NZD","1762261607","23477/2025-11-06/1762261607.json"
"581513","221281","2025-11-05","36.00","NZD","1762261607","23477/2025-11-05/1762261607.json"
"581514","221282","2025-11-06","36.00","NZD","1762261607","23477/2025-11-06/1762261607.json"
"512557","146154","2025-11-06","45.00","NZD","1762261607","23477/2025-11-06/1762261607.json"
"365170","146153","2025-11-06","48.00","NZD","1762261607","23477/2025-11-06/1762261607.json"
"581514","221282","2025-11-05","36.00","NZD","1762261607","23477/2025-11-05/1762261607.json"
"510807","146155","2025-11-06","52.00","NZD","1762261607","23477/2025-11-06/1762261607.json"
"512557","146154","2025-11-05","45.00","NZD","1762261607","23477/2025-11-05/1762261607.json"
"365170","146153","2025-11-05","48.00","NZD","1762261607","23477/2025-11-05/1762261607.json"
"510807","146155","2025-11-05","52.00","NZD","1762261607","23477/2025-11-05/1762261607.json"
"581513","221281","2025-11-08","36.00","NZD","1762261607","23477/2025-11-08/1762261607.json"
"581514","221282","2025-11-08","36.00","NZD","1762261607","23477/2025-11-08/1762261607.json"
"512557","146154","2025-11-08","45.00","NZD","1762261607","23477/2025-11-08/1762261607.json"
"365170","146153","2025-11-08","48.00","NZD","1762261607","23477/2025-11-08/1762261607.json"
"510807","146155","2025-11-08","52.00","NZD","1762261607","23477/2025-11-08/1762261607.json"
"581513","221281","2025-11-07","36.00","NZD","1762261607","23477/2025-11-07/1762261607.json"
"581514","221282","2025-11-07","36.00","NZD","1762261607","23477/2025-11-07/1762261607.json"
"512557","146154","2025-11-07","45.00","NZD","1762261607","23477/2025-11-07/1762261607.json"
"365170","146153","2025-11-07","48.00","NZD","1762261607","23477/2025-11-07/1762261607.json"
"510807","146155","2025-11-07","52.00","NZD","1762261607","23477/2025-11-07/1762261607.json"
"581513","221281","2025-11-10","36.00","NZD","1762261607","23477/2025-11-10/1762261607.json"
"581514","221282","2025-11-10","36.00","NZD","1762261607","23477/2025-11-10/1762261607.json"
"512557","146154","2025-11-10","45.00","NZD","1762261607","23477/2025-11-10/1762261607.json"
"365170","146153","2025-11-10","48.00","NZD","1762261607","23477/2025-11-10/1762261607.json"
"510807","146155","2025-11-10","52.00","NZD","1762261607","23477/2025-11-10/1762261607.json"
"581513","221281","2025-11-09","36.00","NZD","1762261607","23477/2025-11-09/1762261607.json"
"581514","221282","2025-11-09","36.00","NZD","1762261607","23477/2025-11-09/1762261607.json"
"512557","146154","2025-11-09","45.00","NZD","1762261607","23477/2025-11-09/1762261607.json"
"365170","146153","2025-11-09","48.00","NZD","1762261607","23477/2025-11-09/1762261607.json"
"510807","146155","2025-11-09","52.00","NZD","1762261607","23477/2025-11-09/1762261607.json"
"581513","221281","2025-11-12","36.00","NZD","1762261607","23477/2025-11-12/1762261607.json"
"581514","221282","2025-11-12","36.00","NZD","1762261607","23477/2025-11-12/1762261607.json"
"512557","146154","2025-11-12","45.00","NZD","1762261607","23477/2025-11-12/1762261607.json"
"365170","146153","2025-11-12","48.00","NZD","1762261607","23477/2025-11-12/1762261607.json"
"510807","146155","2025-11-12","52.00","NZD","1762261607","23477/2025-11-12/1762261607.json"
"581513","221281","2025-11-11","36.00","NZD","1762261607","23477/2025-11-11/1762261607.json"
"581514","221282","2025-11-11","36.00","NZD","1762261607","23477/2025-11-11/1762261607.json"
"512557","146154","2025-11-11","45.00","NZD","1762261607","23477/2025-11-11/1762261607.json"
"365170","146153","2025-11-11","48.00","NZD","1762261607","23477/2025-11-11/1762261607.json"
"510807","146155","2025-11-11","52.00","NZD","1762261607","23477/2025-11-11/1762261607.json"
"581513","221281","2025-11-14","36.00","NZD","1762261607","23477/2025-11-14/1762261607.json"
"581514","221282","2025-11-14","36.00","NZD","1762261607","23477/2025-11-14/1762261607.json"
"512557","146154","2025-11-14","45.00","NZD","1762261607","23477/2025-11-14/1762261607.json"
"365170","146153","2025-11-14","48.00","NZD","1762261607","23477/2025-11-14/1762261607.json"
"510807","146155","2025-11-14","52.00","NZD","1762261607","23477/2025-11-14/1762261607.json"
"581513","221281","2025-11-13","36.00","NZD","1762261607","23477/2025-11-13/1762261607.json"
"581514","221282","2025-11-13","36.00","NZD","1762261607","23477/2025-11-13/1762261607.json"
"512557","146154","2025-11-13","45.00","NZD","1762261607","23477/2025-11-13/1762261607.json"
"365170","146153","2025-11-13","48.00","NZD","1762261607","23477/2025-11-13/1762261607.json"
"510807","146155","2025-11-13","52.00","NZD","1762261607","23477/2025-11-13/1762261607.json"
"581513","221281","2025-11-15","36.00","NZD","1762261607","23477/2025-11-15/1762261607.json"
"581514","221282","2025-11-15","36.00","NZD","1762261607","23477/2025-11-15/1762261607.json"
"512557","146154","2025-11-15","45.00","NZD","1762261607","23477/2025-11-15/1762261607.json"
"365170","146153","2025-11-15","48.00","NZD","1762261607","23477/2025-11-15/1762261607.json"
"510807","146155","2025-11-15","52.00","NZD","1762261607","23477/2025-11-15/1762261607.json"
"581513","221281","2025-11-16","36.00","NZD","1762261607","23477/2025-11-16/1762261607.json"
"581514","221282","2025-11-16","36.00","NZD","1762261607","23477/2025-11-16/1762261607.json"
"512557","146154","2025-11-16","45.00","NZD","1762261607","23477/2025-11-16/1762261607.json"
"365170","146153","2025-11-16","48.00","NZD","1762261607","23477/2025-11-16/1762261607.json"
"510807","146155","2025-11-16","52.00","NZD","1762261607","23477/2025-11-16/1762261607.json"
"581513","221281","2025-11-17","36.00","NZD","1762261607","23477/2025-11-17/1762261607.json"
"581514","221282","2025-11-17","36.00","NZD","1762261607","23477/2025-11-17/1762261607.json"
"512557","146154","2025-11-17","45.00","NZD","1762261607","23477/2025-11-17/1762261607.json"
"365170","146153","2025-11-17","48.00","NZD","1762261607","23477/2025-11-17/1762261607.json"
"510807","146155","2025-11-17","52.00","NZD","1762261607","23477/2025-11-17/1762261607.json"
"581513","221281","2025-11-18","36.00","NZD","1762261607","23477/2025-11-18/1762261607.json"
"581514","221282","2025-11-18","36.00","NZD","1762261607","23477/2025-11-18/1762261607.json"
"512557","146154","2025-11-18","45.00","NZD","1762261607","23477/2025-11-18/1762261607.json"
"365170","146153","2025-11-18","48.00","NZD","1762261607","23477/2025-11-18/1762261607.json"
"510807","146155","2025-11-18","52.00","NZD","1762261607","23477/2025-11-18/1762261607.json"
"581513","221281","2025-11-19","36.00","NZD","1762261607","23477/2025-11-19/1762261607.json"
"581514","221282","2025-11-19","36.00","NZD","1762261607","23477/2025-11-19/1762261607.json"
"512557","146154","2025-11-19","45.00","NZD","1762261607","23477/2025-11-19/1762261607.json"
"365170","146153","2025-11-19","48.00","NZD","1762261607","23477/2025-11-19/1762261607.json"
"510807","146155","2025-11-19","52.00","NZD","1762261607","23477/2025-11-19/1762261607.json"
"581513","221281","2025-11-20","36.00","NZD","1762261607","23477/2025-11-20/1762261607.json"
"581514","221282","2025-11-20","36.00","NZD","1762261607","23477/2025-11-20/1762261607.json"
"512557","146154","2025-11-20","45.00","NZD","1762261607","23477/2025-11-20/1762261607.json"
"581513","221281","2025-11-21","36.00","NZD","1762261607","23477/2025-11-21/1762261607.json"
"581514","221282","2025-11-21","36.00","NZD","1762261607","23477/2025-11-21/1762261607.json"
"512557","146154","2025-11-21","45.00","NZD","1762261607","23477/2025-11-21/1762261607.json"
"365170","146153","2025-11-21","48.00","NZD","1762261607","23477/2025-11-21/1762261607.json"
"510807","146155","2025-11-21","52.00","NZD","1762261607","23477/2025-11-21/1762261607.json"
"581513","221281","2025-11-22","36.00","NZD","1762261607","23477/2025-11-22/1762261607.json"
"581514","221282","2025-11-22","36.00","NZD","1762261607","23477/2025-11-22/1762261607.json"
"512557","146154","2025-11-22","45.00","NZD","1762261607","23477/2025-11-22/1762261607.json"
"365170","146153","2025-11-22","48.00","NZD","1762261607","23477/2025-11-22/1762261607.json"
"510807","146155","2025-11-22","52.00","NZD","1762261607","23477/2025-11-22/1762261607.json"
"581513","221281","2025-11-23","36.00","NZD","1762261607","23477/2025-11-23/1762261607.json"
"581514","221282","2025-11-23","36.00","NZD","1762261607","23477/2025-11-23/1762261607.json"
"512557","146154","2025-11-23","45.00","NZD","1762261607","23477/2025-11-23/1762261607.json"
"365170","146153","2025-11-23","48.00","NZD","1762261607","23477/2025-11-23/1762261607.json"
"510807","146155","2025-11-23","52.00","NZD","1762261607","23477/2025-11-23/1762261607.json"
"581513","221281","2025-11-24","36.00","NZD","1762261607","23477/2025-11-24/1762261607.json"
"581514","221282","2025-11-24","36.00","NZD","1762261607","23477/2025-11-24/1762261607.json"
"512557","146154","2025-11-24","45.00","NZD","1762261607","23477/2025-11-24/1762261607.json"
"365170","146153","2025-11-24","48.00","NZD","1762261607","23477/2025-11-24/1762261607.json"
"510807","146155","2025-11-24","52.00","NZD","1762261607","23477/2025-11-24/1762261607.json"
"581513","221281","2025-11-28","36.00","NZD","1762261607","23477/2025-11-28/1762261607.json"
"581514","221282","2025-11-28","36.00","NZD","1762261607","23477/2025-11-28/1762261607.json"
"512557","146154","2025-11-28","45.00","NZD","1762261607","23477/2025-11-28/1762261607.json"
"365170","146153","2025-11-28","48.00","NZD","1762261607","23477/2025-11-28/1762261607.json"
"510807","146155","2025-11-28","52.00","NZD","1762261607","23477/2025-11-28/1762261607.json"
"581513","221281","2025-11-27","36.00","NZD","1762261607","23477/2025-11-27/1762261607.json"
"581514","221282","2025-11-27","36.00","NZD","1762261607","23477/2025-11-27/1762261607.json"
"512557","146154","2025-11-27","45.00","NZD","1762261607","23477/2025-11-27/1762261607.json"
"365170","146153","2025-11-27","48.00","NZD","1762261607","23477/2025-11-27/1762261607.json"
"510807","146155","2025-11-27","52.00","NZD","1762261607","23477/2025-11-27/1762261607.json"
"581513","221281","2025-11-26","36.00","NZD","1762261607","23477/2025-11-26/1762261607.json"
"581514","221282","2025-11-26","36.00","NZD","1762261607","23477/2025-11-26/1762261607.json"
"512557","146154","2025-11-26","45.00","NZD","1762261607","23477/2025-11-26/1762261607.json"
"365170","146153","2025-11-26","48.00","NZD","1762261607","23477/2025-11-26/1762261607.json"
"510807","146155","2025-11-26","52.00","NZD","1762261607","23477/2025-11-26/1762261607.json"
"581513","221281","2025-11-25","36.00","NZD","1762261607","23477/2025-11-25/1762261607.json"
"581514","221282","2025-11-25","36.00","NZD","1762261607","23477/2025-11-25/1762261607.json"
"512557","146154","2025-11-25","45.00","NZD","1762261607","23477/2025-11-25/1762261607.json"
"365170","146153","2025-11-25","48.00","NZD","1762261607","23477/2025-11-25/1762261607.json"
"510807","146155","2025-11-25","52.00","NZD","1762261607","23477/2025-11-25/1762261607.json"
"581513","221281","2025-11-29","36.00","NZD","1762261607","23477/2025-11-29/1762261607.json"
"581514","221282","2025-11-29","36.00","NZD","1762261607","23477/2025-11-29/1762261607.json"
"512557","146154","2025-11-29","45.00","NZD","1762261607","23477/2025-11-29/1762261607.json"
"365170","146153","2025-11-29","48.00","NZD","1762261607","23477/2025-11-29/1762261607.json"
"510807","146155","2025-11-29","52.00","NZD","1762261607","23477/2025-11-29/1762261607.json"
"581513","221281","2025-12-01","36.00","NZD","1762261607","23477/2025-12-01/1762261607.json"
"581514","221282","2025-12-01","36.00","NZD","1762261607","23477/2025-12-01/1762261607.json"
"512557","146154","2025-12-01","45.00","NZD","1762261607","23477/2025-12-01/1762261607.json"
"365170","146153","2025-12-01","48.00","NZD","1762261607","23477/2025-12-01/1762261607.json"
"510807","146155","2025-12-01","52.00","NZD","1762261607","23477/2025-12-01/1762261607.json"
"581513","221281","2025-12-02","36.00","NZD","1762261607","23477/2025-12-02/1762261607.json"
"581514","221282","2025-12-02","36.00","NZD","1762261607","23477/2025-12-02/1762261607.json"
"512557","146154","2025-12-02","45.00","NZD","1762261607","23477/2025-12-02/1762261607.json"
"365170","146153","2025-12-02","48.00","NZD","1762261607","23477/2025-12-02/1762261607.json"
"510807","146155","2025-12-02","52.00","NZD","1762261607","23477/2025-12-02/1762261607.json"
"581513","221281","2025-11-30","36.00","NZD","1762261607","23477/2025-11-30/1762261607.json"
"581514","221282","2025-11-30","36.00","NZD","1762261607","23477/2025-11-30/1762261607.json"
"512557","146154","2025-11-30","45.00","NZD","1762261607","23477/2025-11-30/1762261607.json"
"365170","146153","2025-11-30","48.00","NZD","1762261607","23477/2025-11-30/1762261607.json"
"510807","146155","2025-11-30","52.00","NZD","1762261607","23477/2025-11-30/1762261607.json"
"581513","221281","2025-12-04","36.00","NZD","1762261607","23477/2025-12-04/1762261607.json"
"581514","221282","2025-12-04","36.00","NZD","1762261607","23477/2025-12-04/1762261607.json"
"512557","146154","2025-12-04","45.00","NZD","1762261607","23477/2025-12-04/1762261607.json"
"365170","146153","2025-12-04","48.00","NZD","1762261607","23477/2025-12-04/1762261607.json"
"510807","146155","2025-12-04","52.00","NZD","1762261607","23477/2025-12-04/1762261607.json"
"581513","221281","2025-12-03","36.00","NZD","1762261607","23477/2025-12-03/1762261607.json"
"581514","221282","2025-12-03","36.00","NZD","1762261607","23477/2025-12-03/1762261607.json"
"512557","146154","2025-12-03","45.00","NZD","1762261607","23477/2025-12-03/1762261607.json"
"365170","146153","2025-12-03","48.00","NZD","1762261607","23477/2025-12-03/1762261607.json"
"510807","146155","2025-12-03","52.00","NZD","1762261607","23477/2025-12-03/1762261607.json"
"581513","221281","2025-12-05","36.00","NZD","1762261607","23477/2025-12-05/1762261607.json"
"581514","221282","2025-12-05","36.00","NZD","1762261607","23477/2025-12-05/1762261607.json"
"512557","146154","2025-12-05","45.00","NZD","1762261607","23477/2025-12-05/1762261607.json"
"365170","146153","2025-12-05","48.00","NZD","1762261607","23477/2025-12-05/1762261607.json"
"510807","146155","2025-12-05","52.00","NZD","1762261607","23477/2025-12-05/1762261607.json"
"581513","221281","2025-12-06","36.00","NZD","1762261607","23477/2025-12-06/1762261607.json"
"581514","221282","2025-12-06","36.00","NZD","1762261607","23477/2025-12-06/1762261607.json"
"512557","146154","2025-12-06","45.00","NZD","1762261607","23477/2025-12-06/1762261607.json"
"365170","146153","2025-12-06","48.00","NZD","1762261607","23477/2025-12-06/1762261607.json"
"510807","146155","2025-12-06","52.00","NZD","1762261607","23477/2025-12-06/1762261607.json"
"581513","221281","2025-12-08","36.00","NZD","1762261607","23477/2025-12-08/1762261607.json"
"581514","221282","2025-12-08","36.00","NZD","1762261607","23477/2025-12-08/1762261607.json"
"512557","146154","2025-12-08","45.00","NZD","1762261607","23477/2025-12-08/1762261607.json"
"365170","146153","2025-12-08","48.00","NZD","1762261607","23477/2025-12-08/1762261607.json"
"510807","146155","2025-12-08","52.00","NZD","1762261607","23477/2025-12-08/1762261607.json"
"581513","221281","2025-12-07","36.00","NZD","1762261607","23477/2025-12-07/1762261607.json"
"581514","221282","2025-12-07","36.00","NZD","1762261607","23477/2025-12-07/1762261607.json"
"512557","146154","2025-12-07","45.00","NZD","1762261607","23477/2025-12-07/1762261607.json"
"365170","146153","2025-12-07","48.00","NZD","1762261607","23477/2025-12-07/1762261607.json"
"510807","146155","2025-12-07","52.00","NZD","1762261607","23477/2025-12-07/1762261607.json"
"581513","221281","2025-12-09","36.00","NZD","1762261607","23477/2025-12-09/1762261607.json"
"581514","221282","2025-12-09","36.00","NZD","1762261607","23477/2025-12-09/1762261607.json"
"512557","146154","2025-12-09","45.00","NZD","1762261607","23477/2025-12-09/1762261607.json"
"365170","146153","2025-12-09","48.00","NZD","1762261607","23477/2025-12-09/1762261607.json"
"510807","146155","2025-12-09","52.00","NZD","1762261607","23477/2025-12-09/1762261607.json"
"581513","221281","2025-12-10","36.00","NZD","1762261607","23477/2025-12-10/1762261607.json"
"581514","221282","2025-12-10","36.00","NZD","1762261607","23477/2025-12-10/1762261607.json"
"512557","146154","2025-12-10","45.00","NZD","1762261607","23477/2025-12-10/1762261607.json"
"365170","146153","2025-12-10","48.00","NZD","1762261607","23477/2025-12-10/1762261607.json"
"510807","146155","2025-12-10","52.00","NZD","1762261607","23477/2025-12-10/1762261607.json"
"581513","221281","2025-12-12","36.00","NZD","1762261607","23477/2025-12-12/1762261607.json"
"581514","221282","2025-12-12","36.00","NZD","1762261607","23477/2025-12-12/1762261607.json"
"512557","146154","2025-12-12","45.00","NZD","1762261607","23477/2025-12-12/1762261607.json"
"365170","146153","2025-12-12","48.00","NZD","1762261607","23477/2025-12-12/1762261607.json"
"510807","146155","2025-12-12","52.00","NZD","1762261607","23477/2025-12-12/1762261607.json"
"581513","221281","2025-12-11","36.00","NZD","1762261607","23477/2025-12-11/1762261607.json"
"581514","221282","2025-12-11","36.00","NZD","1762261607","23477/2025-12-11/1762261607.json"
"512557","146154","2025-12-11","45.00","NZD","1762261607","23477/2025-12-11/1762261607.json"
"365170","146153","2025-12-11","48.00","NZD","1762261607","23477/2025-12-11/1762261607.json"
"510807","146155","2025-12-11","52.00","NZD","1762261607","23477/2025-12-11/1762261607.json"
"581513","221281","2025-12-13","36.00","NZD","1762261607","23477/2025-12-13/1762261607.json"
"581514","221282","2025-12-13","36.00","NZD","1762261607","23477/2025-12-13/1762261607.json"
"512557","146154","2025-12-13","45.00","NZD","1762261607","23477/2025-12-13/1762261607.json"
"365170","146153","2025-12-13","48.00","NZD","1762261607","23477/2025-12-13/1762261607.json"
"510807","146155","2025-12-13","52.00","NZD","1762261607","23477/2025-12-13/1762261607.json"
"581513","221281","2025-12-16","36.00","NZD","1762261607","23477/2025-12-16/1762261607.json"
"581514","221282","2025-12-16","36.00","NZD","1762261607","23477/2025-12-16/1762261607.json"
"512557","146154","2025-12-16","45.00","NZD","1762261607","23477/2025-12-16/1762261607.json"
"365170","146153","2025-12-16","48.00","NZD","1762261607","23477/2025-12-16/1762261607.json"
"510807","146155","2025-12-16","52.00","NZD","1762261607","23477/2025-12-16/1762261607.json"
"581513","221281","2025-12-14","36.00","NZD","1762261607","23477/2025-12-14/1762261607.json"
"581514","221282","2025-12-14","36.00","NZD","1762261607","23477/2025-12-14/1762261607.json"
"512557","146154","2025-12-14","45.00","NZD","1762261607","23477/2025-12-14/1762261607.json"
"365170","146153","2025-12-14","48.00","NZD","1762261607","23477/2025-12-14/1762261607.json"
"510807","146155","2025-12-14","52.00","NZD","1762261607","23477/2025-12-14/1762261607.json"
"581513","221281","2025-12-15","36.00","NZD","1762261607","23477/2025-12-15/1762261607.json"
"581514","221282","2025-12-15","36.00","NZD","1762261607","23477/2025-12-15/1762261607.json"
"512557","146154","2025-12-15","45.00","NZD","1762261607","23477/2025-12-15/1762261607.json"
"365170","146153","2025-12-15","48.00","NZD","1762261607","23477/2025-12-15/1762261607.json"
"510807","146155","2025-12-15","52.00","NZD","1762261607","23477/2025-12-15/1762261607.json"
"581513","221281","2025-12-17","36.00","NZD","1762261607","23477/2025-12-17/1762261607.json"
"581514","221282","2025-12-17","36.00","NZD","1762261607","23477/2025-12-17/1762261607.json"
"512557","146154","2025-12-17","45.00","NZD","1762261607","23477/2025-12-17/1762261607.json"
"365170","146153","2025-12-17","48.00","NZD","1762261607","23477/2025-12-17/1762261607.json"
"510807","146155","2025-12-17","52.00","NZD","1762261607","23477/2025-12-17/1762261607.json"
"581513","221281","2025-12-18","36.00","NZD","1762261607","23477/2025-12-18/1762261607.json"
"581514","221282","2025-12-18","36.00","NZD","1762261607","23477/2025-12-18/1762261607.json"
"512557","146154","2025-12-18","45.00","NZD","1762261607","23477/2025-12-18/1762261607.json"
"365170","146153","2025-12-18","48.00","NZD","1762261607","23477/2025-12-18/1762261607.json"
"510807","146155","2025-12-18","52.00","NZD","1762261607","23477/2025-12-18/1762261607.json"
"581513","221281","2025-12-19","36.00","NZD","1762261607","23477/2025-12-19/1762261607.json"
"581514","221282","2025-12-19","36.00","NZD","1762261607","23477/2025-12-19/1762261607.json"
"512557","146154","2025-12-19","45.00","NZD","1762261607","23477/2025-12-19/1762261607.json"
"365170","146153","2025-12-19","48.00","NZD","1762261607","23477/2025-12-19/1762261607.json"
"510807","146155","2025-12-19","52.00","NZD","1762261607","23477/2025-12-19/1762261607.json"
"581513","221281","2025-12-20","36.00","NZD","1762261607","23477/2025-12-20/1762261607.json"
"581514","221282","2025-12-20","36.00","NZD","1762261607","23477/2025-12-20/1762261607.json"
"512557","146154","2025-12-20","45.00","NZD","1762261607","23477/2025-12-20/1762261607.json"
"365170","146153","2025-12-20","48.00","NZD","1762261607","23477/2025-12-20/1762261607.json"
"510807","146155","2025-12-20","52.00","NZD","1762261607","23477/2025-12-20/1762261607.json"
"581513","221281","2025-12-21","36.00","NZD","1762261607","23477/2025-12-21/1762261607.json"
"581514","221282","2025-12-21","36.00","NZD","1762261607","23477/2025-12-21/1762261607.json"
"512557","146154","2025-12-21","45.00","NZD","1762261607","23477/2025-12-21/1762261607.json"
"365170","146153","2025-12-21","48.00","NZD","1762261607","23477/2025-12-21/1762261607.json"
"510807","146155","2025-12-21","52.00","NZD","1762261607","23477/2025-12-21/1762261607.json"
"581513","221281","2025-12-22","36.00","NZD","1762261607","23477/2025-12-22/1762261607.json"
"581514","221282","2025-12-22","36.00","NZD","1762261607","23477/2025-12-22/1762261607.json"
"512557","146154","2025-12-22","45.00","NZD","1762261607","23477/2025-12-22/1762261607.json"
"365170","146153","2025-12-22","48.00","NZD","1762261607","23477/2025-12-22/1762261607.json"
"510807","146155","2025-12-22","52.00","NZD","1762261607","23477/2025-12-22/1762261607.json"
"581513","221281","2025-12-24","38.00","NZD","1762261607","23477/2025-12-24/1762261607.json"
"581514","221282","2025-12-24","38.00","NZD","1762261607","23477/2025-12-24/1762261607.json"
"512557","146154","2025-12-24","45.00","NZD","1762261607","23477/2025-12-24/1762261607.json"
"365170","146153","2025-12-24","48.00","NZD","1762261607","23477/2025-12-24/1762261607.json"
"510807","146155","2025-12-24","52.00","NZD","1762261607","23477/2025-12-24/1762261607.json"
"581513","221281","2025-12-25","38.00","NZD","1762261607","23477/2025-12-25/1762261607.json"
"581514","221282","2025-12-25","38.00","NZD","1762261607","23477/2025-12-25/1762261607.json"
"512557","146154","2025-12-25","45.00","NZD","1762261607","23477/2025-12-25/1762261607.json"
"365170","146153","2025-12-25","48.00","NZD","1762261607","23477/2025-12-25/1762261607.json"
"510807","146155","2025-12-25","52.00","NZD","1762261607","23477/2025-12-25/1762261607.json"
"581513","221281","2025-12-26","42.00","NZD","1762261607","23477/2025-12-26/1762261607.json"
"581514","221282","2025-12-26","42.00","NZD","1762261607","23477/2025-12-26/1762261607.json"
"512557","146154","2025-12-26","45.00","NZD","1762261607","23477/2025-12-26/1762261607.json"
"365170","146153","2025-12-26","48.00","NZD","1762261607","23477/2025-12-26/1762261607.json"
"510807","146155","2025-12-26","52.00","NZD","1762261607","23477/2025-12-26/1762261607.json"
"581513","221281","2025-12-28","42.00","NZD","1762261607","23477/2025-12-28/1762261607.json"
"581514","221282","2025-12-28","42.00","NZD","1762261607","23477/2025-12-28/1762261607.json"
"512557","146154","2025-12-28","45.00","NZD","1762261607","23477/2025-12-28/1762261607.json"
"365170","146153","2025-12-28","48.00","NZD","1762261607","23477/2025-12-28/1762261607.json"
"510807","146155","2025-12-28","52.00","NZD","1762261607","23477/2025-12-28/1762261607.json"
"581513","221281","2025-12-23","38.00","NZD","1762261607","23477/2025-12-23/1762261607.json"
"581514","221282","2025-12-23","38.00","NZD","1762261607","23477/2025-12-23/1762261607.json"
"512557","146154","2025-12-23","45.00","NZD","1762261607","23477/2025-12-23/1762261607.json"
"365170","146153","2025-12-23","48.00","NZD","1762261607","23477/2025-12-23/1762261607.json"
"510807","146155","2025-12-23","52.00","NZD","1762261607","23477/2025-12-23/1762261607.json"
"581513","221281","2025-12-29","42.00","NZD","1762261607","23477/2025-12-29/1762261607.json"
"581514","221282","2025-12-29","42.00","NZD","1762261607","23477/2025-12-29/1762261607.json"
"512557","146154","2025-12-29","45.00","NZD","1762261607","23477/2025-12-29/1762261607.json"
"365170","146153","2025-12-29","48.00","NZD","1762261607","23477/2025-12-29/1762261607.json"
"510807","146155","2025-12-29","52.00","NZD","1762261607","23477/2025-12-29/1762261607.json"
"581513","221281","2025-12-27","42.00","NZD","1762261607","23477/2025-12-27/1762261607.json"
"581514","221282","2025-12-27","42.00","NZD","1762261607","23477/2025-12-27/1762261607.json"
"512557","146154","2025-12-27","45.00","NZD","1762261607","23477/2025-12-27/1762261607.json"
"365170","146153","2025-12-27","48.00","NZD","1762261607","23477/2025-12-27/1762261607.json"
"510807","146155","2025-12-27","52.00","NZD","1762261607","23477/2025-12-27/1762261607.json"
"581513","221281","2025-12-30","42.00","NZD","1762261607","23477/2025-12-30/1762261607.json"
"581514","221282","2025-12-30","42.00","NZD","1762261607","23477/2025-12-30/1762261607.json"
"512557","146154","2025-12-30","45.00","NZD","1762261607","23477/2025-12-30/1762261607.json"
"365170","146153","2025-12-30","48.00","NZD","1762261607","23477/2025-12-30/1762261607.json"
"510807","146155","2025-12-30","52.00","NZD","1762261607","23477/2025-12-30/1762261607.json"
"581513","221281","2026-01-01","42.00","NZD","1762261607","23477/2026-01-01/1762261607.json"
"581514","221282","2026-01-01","42.00","NZD","1762261607","23477/2026-01-01/1762261607.json"
"512557","146154","2026-01-01","45.00","NZD","1762261607","23477/2026-01-01/1762261607.json"
"365170","146153","2026-01-01","48.00","NZD","1762261607","23477/2026-01-01/1762261607.json"
"510807","146155","2026-01-01","52.00","NZD","1762261607","23477/2026-01-01/1762261607.json"
"581513","221281","2025-12-31","42.00","NZD","1762261607","23477/2025-12-31/1762261607.json"
"581514","221282","2025-12-31","42.00","NZD","1762261607","23477/2025-12-31/1762261607.json"
"512557","146154","2025-12-31","45.00","NZD","1762261607","23477/2025-12-31/1762261607.json"
"365170","146153","2025-12-31","48.00","NZD","1762261607","23477/2025-12-31/1762261607.json"
"510807","146155","2025-12-31","52.00","NZD","1762261607","23477/2025-12-31/1762261607.json"
"581513","221281","2026-01-02","42.00","NZD","1762261607","23477/2026-01-02/1762261607.json"
"581514","221282","2026-01-02","42.00","NZD","1762261607","23477/2026-01-02/1762261607.json"
"512557","146154","2026-01-02","45.00","NZD","1762261607","23477/2026-01-02/1762261607.json"
"365170","146153","2026-01-02","48.00","NZD","1762261607","23477/2026-01-02/1762261607.json"
"510807","146155","2026-01-02","52.00","NZD","1762261607","23477/2026-01-02/1762261607.json"
"581513","221281","2026-01-03","42.00","NZD","1762261607","23477/2026-01-03/1762261607.json"
"581514","221282","2026-01-03","42.00","NZD","1762261607","23477/2026-01-03/1762261607.json"
"512557","146154","2026-01-03","45.00","NZD","1762261607","23477/2026-01-03/1762261607.json"
"365170","146153","2026-01-03","48.00","NZD","1762261607","23477/2026-01-03/1762261607.json"
"510807","146155","2026-01-03","52.00","NZD","1762261607","23477/2026-01-03/1762261607.json"
"581513","221281","2025-11-07","36.00","NZD","1762274679","23477/2025-11-07/1762274679.json"
"581513","221281","2025-11-06","36.00","NZD","1762274679","23477/2025-11-06/1762274679.json"
"581514","221282","2025-11-07","36.00","NZD","1762274679","23477/2025-11-07/1762274679.json"
"581514","221282","2025-11-06","36.00","NZD","1762274679","23477/2025-11-06/1762274679.json"
"512557","146154","2025-11-07","45.00","NZD","1762274679","23477/2025-11-07/1762274679.json"
"512557","146154","2025-11-06","45.00","NZD","1762274679","23477/2025-11-06/1762274679.json"
"365170","146153","2025-11-07","48.00","NZD","1762274679","23477/2025-11-07/1762274679.json"
"365170","146153","2025-11-06","48.00","NZD","1762274679","23477/2025-11-06/1762274679.json"
"510807","146155","2025-11-07","52.00","NZD","1762274679","23477/2025-11-07/1762274679.json"
"510807","146155","2025-11-06","52.00","NZD","1762274679","23477/2025-11-06/1762274679.json"
"581513","221281","2025-11-05","36.00","NZD","1762274679","23477/2025-11-05/1762274679.json"
"581514","221282","2025-11-05","36.00","NZD","1762274679","23477/2025-11-05/1762274679.json"
"512557","146154","2025-11-05","45.00","NZD","1762274679","23477/2025-11-05/1762274679.json"
"365170","146153","2025-11-05","48.00","NZD","1762274679","23477/2025-11-05/1762274679.json"
"510807","146155","2025-11-05","52.00","NZD","1762274679","23477/2025-11-05/1762274679.json"
"581513","221281","2025-11-08","36.00","NZD","1762274679","23477/2025-11-08/1762274679.json"
"581514","221282","2025-11-08","36.00","NZD","1762274679","23477/2025-11-08/1762274679.json"
"512557","146154","2025-11-08","45.00","NZD","1762274679","23477/2025-11-08/1762274679.json"
"365170","146153","2025-11-08","48.00","NZD","1762274679","23477/2025-11-08/1762274679.json"
"510807","146155","2025-11-08","52.00","NZD","1762274679","23477/2025-11-08/1762274679.json"
"581513","221281","2025-11-11","36.00","NZD","1762274679","23477/2025-11-11/1762274679.json"
"581514","221282","2025-11-11","36.00","NZD","1762274679","23477/2025-11-11/1762274679.json"
"512557","146154","2025-11-11","45.00","NZD","1762274679","23477/2025-11-11/1762274679.json"
"365170","146153","2025-11-11","48.00","NZD","1762274679","23477/2025-11-11/1762274679.json"
"510807","146155","2025-11-11","52.00","NZD","1762274679","23477/2025-11-11/1762274679.json"
"581513","221281","2025-11-10","36.00","NZD","1762274679","23477/2025-11-10/1762274679.json"
"581514","221282","2025-11-10","36.00","NZD","1762274679","23477/2025-11-10/1762274679.json"
"512557","146154","2025-11-10","45.00","NZD","1762274679","23477/2025-11-10/1762274679.json"
"365170","146153","2025-11-10","48.00","NZD","1762274679","23477/2025-11-10/1762274679.json"
"510807","146155","2025-11-10","52.00","NZD","1762274679","23477/2025-11-10/1762274679.json"
"581513","221281","2025-11-09","36.00","NZD","1762274679","23477/2025-11-09/1762274679.json"
"581514","221282","2025-11-09","36.00","NZD","1762274679","23477/2025-11-09/1762274679.json"
"512557","146154","2025-11-09","45.00","NZD","1762274679","23477/2025-11-09/1762274679.json"
"365170","146153","2025-11-09","48.00","NZD","1762274679","23477/2025-11-09/1762274679.json"
"510807","146155","2025-11-09","52.00","NZD","1762274679","23477/2025-11-09/1762274679.json"
"581513","221281","2025-11-12","36.00","NZD","1762274679","23477/2025-11-12/1762274679.json"
"581514","221282","2025-11-12","36.00","NZD","1762274679","23477/2025-11-12/1762274679.json"
"512557","146154","2025-11-12","45.00","NZD","1762274679","23477/2025-11-12/1762274679.json"
"365170","146153","2025-11-12","48.00","NZD","1762274679","23477/2025-11-12/1762274679.json"
"510807","146155","2025-11-12","52.00","NZD","1762274679","23477/2025-11-12/1762274679.json"
"581513","221281","2025-11-13","36.00","NZD","1762274679","23477/2025-11-13/1762274679.json"
"581514","221282","2025-11-13","36.00","NZD","1762274679","23477/2025-11-13/1762274679.json"
"512557","146154","2025-11-13","45.00","NZD","1762274679","23477/2025-11-13/1762274679.json"
"365170","146153","2025-11-13","48.00","NZD","1762274679","23477/2025-11-13/1762274679.json"
"510807","146155","2025-11-13","52.00","NZD","1762274679","23477/2025-11-13/1762274679.json"
"581513","221281","2025-11-15","36.00","NZD","1762274679","23477/2025-11-15/1762274679.json"
"581514","221282","2025-11-15","36.00","NZD","1762274679","23477/2025-11-15/1762274679.json"
"512557","146154","2025-11-15","45.00","NZD","1762274679","23477/2025-11-15/1762274679.json"
"365170","146153","2025-11-15","48.00","NZD","1762274679","23477/2025-11-15/1762274679.json"
"510807","146155","2025-11-15","52.00","NZD","1762274679","23477/2025-11-15/1762274679.json"
"581513","221281","2025-11-16","36.00","NZD","1762274679","23477/2025-11-16/1762274679.json"
"581514","221282","2025-11-16","36.00","NZD","1762274679","23477/2025-11-16/1762274679.json"
"512557","146154","2025-11-16","45.00","NZD","1762274679","23477/2025-11-16/1762274679.json"
"365170","146153","2025-11-16","48.00","NZD","1762274679","23477/2025-11-16/1762274679.json"
"510807","146155","2025-11-16","52.00","NZD","1762274679","23477/2025-11-16/1762274679.json"
"581513","221281","2025-11-14","36.00","NZD","1762274679","23477/2025-11-14/1762274679.json"
"581514","221282","2025-11-14","36.00","NZD","1762274679","23477/2025-11-14/1762274679.json"
"512557","146154","2025-11-14","45.00","NZD","1762274679","23477/2025-11-14/1762274679.json"
"365170","146153","2025-11-14","48.00","NZD","1762274679","23477/2025-11-14/1762274679.json"
"510807","146155","2025-11-14","52.00","NZD","1762274679","23477/2025-11-14/1762274679.json"
"581513","221281","2025-11-17","36.00","NZD","1762274679","23477/2025-11-17/1762274679.json"
"581514","221282","2025-11-17","36.00","NZD","1762274679","23477/2025-11-17/1762274679.json"
"512557","146154","2025-11-17","45.00","NZD","1762274679","23477/2025-11-17/1762274679.json"
"365170","146153","2025-11-17","48.00","NZD","1762274679","23477/2025-11-17/1762274679.json"
"510807","146155","2025-11-17","52.00","NZD","1762274679","23477/2025-11-17/1762274679.json"
"581513","221281","2025-11-18","36.00","NZD","1762274679","23477/2025-11-18/1762274679.json"
"581514","221282","2025-11-18","36.00","NZD","1762274679","23477/2025-11-18/1762274679.json"
"512557","146154","2025-11-18","45.00","NZD","1762274679","23477/2025-11-18/1762274679.json"
"365170","146153","2025-11-18","48.00","NZD","1762274679","23477/2025-11-18/1762274679.json"
"510807","146155","2025-11-18","52.00","NZD","1762274679","23477/2025-11-18/1762274679.json"
"581513","221281","2025-11-19","36.00","NZD","1762274679","23477/2025-11-19/1762274679.json"
"581514","221282","2025-11-19","36.00","NZD","1762274679","23477/2025-11-19/1762274679.json"
"512557","146154","2025-11-19","45.00","NZD","1762274679","23477/2025-11-19/1762274679.json"
"365170","146153","2025-11-19","48.00","NZD","1762274679","23477/2025-11-19/1762274679.json"
"510807","146155","2025-11-19","52.00","NZD","1762274679","23477/2025-11-19/1762274679.json"
"581513","221281","2025-11-20","36.00","NZD","1762274679","23477/2025-11-20/1762274679.json"
"581514","221282","2025-11-20","36.00","NZD","1762274679","23477/2025-11-20/1762274679.json"
"512557","146154","2025-11-20","45.00","NZD","1762274679","23477/2025-11-20/1762274679.json"
"581513","221281","2025-11-22","36.00","NZD","1762274679","23477/2025-11-22/1762274679.json"
"581514","221282","2025-11-22","36.00","NZD","1762274679","23477/2025-11-22/1762274679.json"
"512557","146154","2025-11-22","45.00","NZD","1762274679","23477/2025-11-22/1762274679.json"
"365170","146153","2025-11-22","48.00","NZD","1762274679","23477/2025-11-22/1762274679.json"
"510807","146155","2025-11-22","52.00","NZD","1762274679","23477/2025-11-22/1762274679.json"
"581513","221281","2025-11-21","36.00","NZD","1762274679","23477/2025-11-21/1762274679.json"
"581513","221281","2025-11-23","36.00","NZD","1762274679","23477/2025-11-23/1762274679.json"
"581514","221282","2025-11-21","36.00","NZD","1762274679","23477/2025-11-21/1762274679.json"
"581514","221282","2025-11-23","36.00","NZD","1762274679","23477/2025-11-23/1762274679.json"
"512557","146154","2025-11-23","45.00","NZD","1762274679","23477/2025-11-23/1762274679.json"
"512557","146154","2025-11-21","45.00","NZD","1762274679","23477/2025-11-21/1762274679.json"
"365170","146153","2025-11-23","48.00","NZD","1762274679","23477/2025-11-23/1762274679.json"
"510807","146155","2025-11-23","52.00","NZD","1762274679","23477/2025-11-23/1762274679.json"
"365170","146153","2025-11-21","48.00","NZD","1762274679","23477/2025-11-21/1762274679.json"
"510807","146155","2025-11-21","52.00","NZD","1762274679","23477/2025-11-21/1762274679.json"
"581513","221281","2025-11-24","36.00","NZD","1762274679","23477/2025-11-24/1762274679.json"
"581514","221282","2025-11-24","36.00","NZD","1762274679","23477/2025-11-24/1762274679.json"
"512557","146154","2025-11-24","45.00","NZD","1762274679","23477/2025-11-24/1762274679.json"
"365170","146153","2025-11-24","48.00","NZD","1762274679","23477/2025-11-24/1762274679.json"
"510807","146155","2025-11-24","52.00","NZD","1762274679","23477/2025-11-24/1762274679.json"
"581513","221281","2025-11-27","36.00","NZD","1762274679","23477/2025-11-27/1762274679.json"
"581513","221281","2025-11-28","36.00","NZD","1762274679","23477/2025-11-28/1762274679.json"
"581514","221282","2025-11-27","36.00","NZD","1762274679","23477/2025-11-27/1762274679.json"
"581514","221282","2025-11-28","36.00","NZD","1762274679","23477/2025-11-28/1762274679.json"
"512557","146154","2025-11-27","45.00","NZD","1762274679","23477/2025-11-27/1762274679.json"
"512557","146154","2025-11-28","45.00","NZD","1762274679","23477/2025-11-28/1762274679.json"
"365170","146153","2025-11-27","48.00","NZD","1762274679","23477/2025-11-27/1762274679.json"
"365170","146153","2025-11-28","48.00","NZD","1762274679","23477/2025-11-28/1762274679.json"
"510807","146155","2025-11-28","52.00","NZD","1762274679","23477/2025-11-28/1762274679.json"
"510807","146155","2025-11-27","52.00","NZD","1762274679","23477/2025-11-27/1762274679.json"
"581513","221281","2025-11-26","36.00","NZD","1762274679","23477/2025-11-26/1762274679.json"
"581514","221282","2025-11-26","36.00","NZD","1762274679","23477/2025-11-26/1762274679.json"
"512557","146154","2025-11-26","45.00","NZD","1762274679","23477/2025-11-26/1762274679.json"
"365170","146153","2025-11-26","48.00","NZD","1762274679","23477/2025-11-26/1762274679.json"
"510807","146155","2025-11-26","52.00","NZD","1762274679","23477/2025-11-26/1762274679.json"
"581513","221281","2025-11-29","36.00","NZD","1762274679","23477/2025-11-29/1762274679.json"
"581514","221282","2025-11-29","36.00","NZD","1762274679","23477/2025-11-29/1762274679.json"
"512557","146154","2025-11-29","45.00","NZD","1762274679","23477/2025-11-29/1762274679.json"
"365170","146153","2025-11-29","48.00","NZD","1762274679","23477/2025-11-29/1762274679.json"
"510807","146155","2025-11-29","52.00","NZD","1762274679","23477/2025-11-29/1762274679.json"
"581513","221281","2025-11-30","36.00","NZD","1762274679","23477/2025-11-30/1762274679.json"
"581514","221282","2025-11-30","36.00","NZD","1762274679","23477/2025-11-30/1762274679.json"
"512557","146154","2025-11-30","45.00","NZD","1762274679","23477/2025-11-30/1762274679.json"
"365170","146153","2025-11-30","48.00","NZD","1762274679","23477/2025-11-30/1762274679.json"
"510807","146155","2025-11-30","52.00","NZD","1762274679","23477/2025-11-30/1762274679.json"
"581513","221281","2025-12-01","36.00","NZD","1762274679","23477/2025-12-01/1762274679.json"
"581514","221282","2025-12-01","36.00","NZD","1762274679","23477/2025-12-01/1762274679.json"
"512557","146154","2025-12-01","45.00","NZD","1762274679","23477/2025-12-01/1762274679.json"
"365170","146153","2025-12-01","48.00","NZD","1762274679","23477/2025-12-01/1762274679.json"
"510807","146155","2025-12-01","52.00","NZD","1762274679","23477/2025-12-01/1762274679.json"
"581513","221281","2025-12-02","36.00","NZD","1762274679","23477/2025-12-02/1762274679.json"
"581514","221282","2025-12-02","36.00","NZD","1762274679","23477/2025-12-02/1762274679.json"
"512557","146154","2025-12-02","45.00","NZD","1762274679","23477/2025-12-02/1762274679.json"
"365170","146153","2025-12-02","48.00","NZD","1762274679","23477/2025-12-02/1762274679.json"
"510807","146155","2025-12-02","52.00","NZD","1762274679","23477/2025-12-02/1762274679.json"
"581513","221281","2025-12-03","36.00","NZD","1762274679","23477/2025-12-03/1762274679.json"
"581514","221282","2025-12-03","36.00","NZD","1762274679","23477/2025-12-03/1762274679.json"
"512557","146154","2025-12-03","45.00","NZD","1762274679","23477/2025-12-03/1762274679.json"
"365170","146153","2025-12-03","48.00","NZD","1762274679","23477/2025-12-03/1762274679.json"
"510807","146155","2025-12-03","52.00","NZD","1762274679","23477/2025-12-03/1762274679.json"
"581513","221281","2025-12-04","36.00","NZD","1762274679","23477/2025-12-04/1762274679.json"
"581514","221282","2025-12-04","36.00","NZD","1762274679","23477/2025-12-04/1762274679.json"
"512557","146154","2025-12-04","45.00","NZD","1762274679","23477/2025-12-04/1762274679.json"
"365170","146153","2025-12-04","48.00","NZD","1762274679","23477/2025-12-04/1762274679.json"
"510807","146155","2025-12-04","52.00","NZD","1762274679","23477/2025-12-04/1762274679.json"
"581513","221281","2025-12-06","36.00","NZD","1762274679","23477/2025-12-06/1762274679.json"
"581514","221282","2025-12-06","36.00","NZD","1762274679","23477/2025-12-06/1762274679.json"
"512557","146154","2025-12-06","45.00","NZD","1762274679","23477/2025-12-06/1762274679.json"
"365170","146153","2025-12-06","48.00","NZD","1762274679","23477/2025-12-06/1762274679.json"
"510807","146155","2025-12-06","52.00","NZD","1762274679","23477/2025-12-06/1762274679.json"
"581513","221281","2025-12-05","36.00","NZD","1762274679","23477/2025-12-05/1762274679.json"
"581514","221282","2025-12-05","36.00","NZD","1762274679","23477/2025-12-05/1762274679.json"
"512557","146154","2025-12-05","45.00","NZD","1762274679","23477/2025-12-05/1762274679.json"
"365170","146153","2025-12-05","48.00","NZD","1762274679","23477/2025-12-05/1762274679.json"
"510807","146155","2025-12-05","52.00","NZD","1762274679","23477/2025-12-05/1762274679.json"
"581513","221281","2025-11-25","36.00","NZD","1762274679","23477/2025-11-25/1762274679.json"
"581514","221282","2025-11-25","36.00","NZD","1762274679","23477/2025-11-25/1762274679.json"
"512557","146154","2025-11-25","45.00","NZD","1762274679","23477/2025-11-25/1762274679.json"
"365170","146153","2025-11-25","48.00","NZD","1762274679","23477/2025-11-25/1762274679.json"
"510807","146155","2025-11-25","52.00","NZD","1762274679","23477/2025-11-25/1762274679.json"
"581513","221281","2025-12-07","36.00","NZD","1762274679","23477/2025-12-07/1762274679.json"
"581514","221282","2025-12-07","36.00","NZD","1762274679","23477/2025-12-07/1762274679.json"
"512557","146154","2025-12-07","45.00","NZD","1762274679","23477/2025-12-07/1762274679.json"
"365170","146153","2025-12-07","48.00","NZD","1762274679","23477/2025-12-07/1762274679.json"
"510807","146155","2025-12-07","52.00","NZD","1762274679","23477/2025-12-07/1762274679.json"
"581513","221281","2025-12-08","36.00","NZD","1762274679","23477/2025-12-08/1762274679.json"
"581514","221282","2025-12-08","36.00","NZD","1762274679","23477/2025-12-08/1762274679.json"
"512557","146154","2025-12-08","45.00","NZD","1762274679","23477/2025-12-08/1762274679.json"
"365170","146153","2025-12-08","48.00","NZD","1762274679","23477/2025-12-08/1762274679.json"
"510807","146155","2025-12-08","52.00","NZD","1762274679","23477/2025-12-08/1762274679.json"
"581513","221281","2025-12-09","36.00","NZD","1762274679","23477/2025-12-09/1762274679.json"
"581514","221282","2025-12-09","36.00","NZD","1762274679","23477/2025-12-09/1762274679.json"
"512557","146154","2025-12-09","45.00","NZD","1762274679","23477/2025-12-09/1762274679.json"
"365170","146153","2025-12-09","48.00","NZD","1762274679","23477/2025-12-09/1762274679.json"
"510807","146155","2025-12-09","52.00","NZD","1762274679","23477/2025-12-09/1762274679.json"
"581513","221281","2025-12-10","36.00","NZD","1762274679","23477/2025-12-10/1762274679.json"
"581514","221282","2025-12-10","36.00","NZD","1762274679","23477/2025-12-10/1762274679.json"
"512557","146154","2025-12-10","45.00","NZD","1762274679","23477/2025-12-10/1762274679.json"
"365170","146153","2025-12-10","48.00","NZD","1762274679","23477/2025-12-10/1762274679.json"
"510807","146155","2025-12-10","52.00","NZD","1762274679","23477/2025-12-10/1762274679.json"
"581513","221281","2025-12-11","36.00","NZD","1762274679","23477/2025-12-11/1762274679.json"
"581514","221282","2025-12-11","36.00","NZD","1762274679","23477/2025-12-11/1762274679.json"
"512557","146154","2025-12-11","45.00","NZD","1762274679","23477/2025-12-11/1762274679.json"
"365170","146153","2025-12-11","48.00","NZD","1762274679","23477/2025-12-11/1762274679.json"
"510807","146155","2025-12-11","52.00","NZD","1762274679","23477/2025-12-11/1762274679.json"
"581513","221281","2025-12-14","36.00","NZD","1762274679","23477/2025-12-14/1762274679.json"
"581514","221282","2025-12-14","36.00","NZD","1762274679","23477/2025-12-14/1762274679.json"
"512557","146154","2025-12-14","45.00","NZD","1762274679","23477/2025-12-14/1762274679.json"
"365170","146153","2025-12-14","48.00","NZD","1762274679","23477/2025-12-14/1762274679.json"
"510807","146155","2025-12-14","52.00","NZD","1762274679","23477/2025-12-14/1762274679.json"
"581513","221281","2025-12-12","36.00","NZD","1762274679","23477/2025-12-12/1762274679.json"
"581514","221282","2025-12-12","36.00","NZD","1762274679","23477/2025-12-12/1762274679.json"
"512557","146154","2025-12-12","45.00","NZD","1762274679","23477/2025-12-12/1762274679.json"
"365170","146153","2025-12-12","48.00","NZD","1762274679","23477/2025-12-12/1762274679.json"
"510807","146155","2025-12-12","52.00","NZD","1762274679","23477/2025-12-12/1762274679.json"
"581513","221281","2025-12-13","36.00","NZD","1762274679","23477/2025-12-13/1762274679.json"
"581514","221282","2025-12-13","36.00","NZD","1762274679","23477/2025-12-13/1762274679.json"
"512557","146154","2025-12-13","45.00","NZD","1762274679","23477/2025-12-13/1762274679.json"
"365170","146153","2025-12-13","48.00","NZD","1762274679","23477/2025-12-13/1762274679.json"
"510807","146155","2025-12-13","52.00","NZD","1762274679","23477/2025-12-13/1762274679.json"
"581513","221281","2025-12-15","36.00","NZD","1762274679","23477/2025-12-15/1762274679.json"
"581514","221282","2025-12-15","36.00","NZD","1762274679","23477/2025-12-15/1762274679.json"
"512557","146154","2025-12-15","45.00","NZD","1762274679","23477/2025-12-15/1762274679.json"
"365170","146153","2025-12-15","48.00","NZD","1762274679","23477/2025-12-15/1762274679.json"
"510807","146155","2025-12-15","52.00","NZD","1762274679","23477/2025-12-15/1762274679.json"
"581513","221281","2025-12-17","36.00","NZD","1762274679","23477/2025-12-17/1762274679.json"
"581514","221282","2025-12-17","36.00","NZD","1762274679","23477/2025-12-17/1762274679.json"
"512557","146154","2025-12-17","45.00","NZD","1762274679","23477/2025-12-17/1762274679.json"
"365170","146153","2025-12-17","48.00","NZD","1762274679","23477/2025-12-17/1762274679.json"
"510807","146155","2025-12-17","52.00","NZD","1762274679","23477/2025-12-17/1762274679.json"
"581513","221281","2025-12-18","36.00","NZD","1762274679","23477/2025-12-18/1762274679.json"
"581514","221282","2025-12-18","36.00","NZD","1762274679","23477/2025-12-18/1762274679.json"
"512557","146154","2025-12-18","45.00","NZD","1762274679","23477/2025-12-18/1762274679.json"
"365170","146153","2025-12-18","48.00","NZD","1762274679","23477/2025-12-18/1762274679.json"
"510807","146155","2025-12-18","52.00","NZD","1762274679","23477/2025-12-18/1762274679.json"
"581513","221281","2025-12-16","36.00","NZD","1762274679","23477/2025-12-16/1762274679.json"
"581514","221282","2025-12-16","36.00","NZD","1762274679","23477/2025-12-16/1762274679.json"
"512557","146154","2025-12-16","45.00","NZD","1762274679","23477/2025-12-16/1762274679.json"
"365170","146153","2025-12-16","48.00","NZD","1762274679","23477/2025-12-16/1762274679.json"
"510807","146155","2025-12-16","52.00","NZD","1762274679","23477/2025-12-16/1762274679.json"
"581513","221281","2025-12-19","36.00","NZD","1762274679","23477/2025-12-19/1762274679.json"
"581514","221282","2025-12-19","36.00","NZD","1762274679","23477/2025-12-19/1762274679.json"
"512557","146154","2025-12-19","45.00","NZD","1762274679","23477/2025-12-19/1762274679.json"
"365170","146153","2025-12-19","48.00","NZD","1762274679","23477/2025-12-19/1762274679.json"
"510807","146155","2025-12-19","52.00","NZD","1762274679","23477/2025-12-19/1762274679.json"
"581513","221281","2025-12-20","36.00","NZD","1762274679","23477/2025-12-20/1762274679.json"
"581514","221282","2025-12-20","36.00","NZD","1762274679","23477/2025-12-20/1762274679.json"
"512557","146154","2025-12-20","45.00","NZD","1762274679","23477/2025-12-20/1762274679.json"
"365170","146153","2025-12-20","48.00","NZD","1762274679","23477/2025-12-20/1762274679.json"
"510807","146155","2025-12-20","52.00","NZD","1762274679","23477/2025-12-20/1762274679.json"
"581513","221281","2025-12-21","36.00","NZD","1762274679","23477/2025-12-21/1762274679.json"
"581514","221282","2025-12-21","36.00","NZD","1762274679","23477/2025-12-21/1762274679.json"
"512557","146154","2025-12-21","45.00","NZD","1762274679","23477/2025-12-21/1762274679.json"
"365170","146153","2025-12-21","48.00","NZD","1762274679","23477/2025-12-21/1762274679.json"
"510807","146155","2025-12-21","52.00","NZD","1762274679","23477/2025-12-21/1762274679.json"
"581513","221281","2025-12-22","36.00","NZD","1762274679","23477/2025-12-22/1762274679.json"
"581514","221282","2025-12-22","36.00","NZD","1762274679","23477/2025-12-22/1762274679.json"
"512557","146154","2025-12-22","45.00","NZD","1762274679","23477/2025-12-22/1762274679.json"
"365170","146153","2025-12-22","48.00","NZD","1762274679","23477/2025-12-22/1762274679.json"
"510807","146155","2025-12-22","52.00","NZD","1762274679","23477/2025-12-22/1762274679.json"
"581513","221281","2025-12-23","38.00","NZD","1762274679","23477/2025-12-23/1762274679.json"
"581514","221282","2025-12-23","38.00","NZD","1762274679","23477/2025-12-23/1762274679.json"
"512557","146154","2025-12-23","45.00","NZD","1762274679","23477/2025-12-23/1762274679.json"
"365170","146153","2025-12-23","48.00","NZD","1762274679","23477/2025-12-23/1762274679.json"
"510807","146155","2025-12-23","52.00","NZD","1762274679","23477/2025-12-23/1762274679.json"
"581513","221281","2025-12-26","42.00","NZD","1762274679","23477/2025-12-26/1762274679.json"
"581514","221282","2025-12-26","42.00","NZD","1762274679","23477/2025-12-26/1762274679.json"
"512557","146154","2025-12-26","45.00","NZD","1762274679","23477/2025-12-26/1762274679.json"
"365170","146153","2025-12-26","48.00","NZD","1762274679","23477/2025-12-26/1762274679.json"
"510807","146155","2025-12-26","52.00","NZD","1762274679","23477/2025-12-26/1762274679.json"
"581513","221281","2025-12-24","38.00","NZD","1762274679","23477/2025-12-24/1762274679.json"
"581514","221282","2025-12-24","38.00","NZD","1762274679","23477/2025-12-24/1762274679.json"
"512557","146154","2025-12-24","45.00","NZD","1762274679","23477/2025-12-24/1762274679.json"
"365170","146153","2025-12-24","48.00","NZD","1762274679","23477/2025-12-24/1762274679.json"
"510807","146155","2025-12-24","52.00","NZD","1762274679","23477/2025-12-24/1762274679.json"
"581513","221281","2025-12-29","42.00","NZD","1762274679","23477/2025-12-29/1762274679.json"
"581514","221282","2025-12-29","42.00","NZD","1762274679","23477/2025-12-29/1762274679.json"
"512557","146154","2025-12-29","45.00","NZD","1762274679","23477/2025-12-29/1762274679.json"
"365170","146153","2025-12-29","48.00","NZD","1762274679","23477/2025-12-29/1762274679.json"
"510807","146155","2025-12-29","52.00","NZD","1762274679","23477/2025-12-29/1762274679.json"
"581513","221281","2025-12-25","38.00","NZD","1762274679","23477/2025-12-25/1762274679.json"
"581514","221282","2025-12-25","38.00","NZD","1762274679","23477/2025-12-25/1762274679.json"
"512557","146154","2025-12-25","45.00","NZD","1762274679","23477/2025-12-25/1762274679.json"
"365170","146153","2025-12-25","48.00","NZD","1762274679","23477/2025-12-25/1762274679.json"
"510807","146155","2025-12-25","52.00","NZD","1762274679","23477/2025-12-25/1762274679.json"
"581513","221281","2025-12-27","42.00","NZD","1762274679","23477/2025-12-27/1762274679.json"
"581514","221282","2025-12-27","42.00","NZD","1762274679","23477/2025-12-27/1762274679.json"
"512557","146154","2025-12-27","45.00","NZD","1762274679","23477/2025-12-27/1762274679.json"
"365170","146153","2025-12-27","48.00","NZD","1762274679","23477/2025-12-27/1762274679.json"
"510807","146155","2025-12-27","52.00","NZD","1762274679","23477/2025-12-27/1762274679.json"
"581513","221281","2025-12-28","42.00","NZD","1762274679","23477/2025-12-28/1762274679.json"
"581514","221282","2025-12-28","42.00","NZD","1762274679","23477/2025-12-28/1762274679.json"
"512557","146154","2025-12-28","45.00","NZD","1762274679","23477/2025-12-28/1762274679.json"
"365170","146153","2025-12-28","48.00","NZD","1762274679","23477/2025-12-28/1762274679.json"
"510807","146155","2025-12-28","52.00","NZD","1762274679","23477/2025-12-28/1762274679.json"
"581513","221281","2025-12-31","42.00","NZD","1762274679","23477/2025-12-31/1762274679.json"
"581514","221282","2025-12-31","42.00","NZD","1762274679","23477/2025-12-31/1762274679.json"
"512557","146154","2025-12-31","45.00","NZD","1762274679","23477/2025-12-31/1762274679.json"
"365170","146153","2025-12-31","48.00","NZD","1762274679","23477/2025-12-31/1762274679.json"
"510807","146155","2025-12-31","52.00","NZD","1762274679","23477/2025-12-31/1762274679.json"
"581513","221281","2025-12-30","42.00","NZD","1762274679","23477/2025-12-30/1762274679.json"
"581514","221282","2025-12-30","42.00","NZD","1762274679","23477/2025-12-30/1762274679.json"
"512557","146154","2025-12-30","45.00","NZD","1762274679","23477/2025-12-30/1762274679.json"
"365170","146153","2025-12-30","48.00","NZD","1762274679","23477/2025-12-30/1762274679.json"
"510807","146155","2025-12-30","52.00","NZD","1762274679","23477/2025-12-30/1762274679.json"
"581513","221281","2026-01-02","42.00","NZD","1762274679","23477/2026-01-02/1762274679.json"
"581514","221282","2026-01-02","42.00","NZD","1762274679","23477/2026-01-02/1762274679.json"
"512557","146154","2026-01-02","45.00","NZD","1762274679","23477/2026-01-02/1762274679.json"
"365170","146153","2026-01-02","48.00","NZD","1762274679","23477/2026-01-02/1762274679.json"
"510807","146155","2026-01-02","52.00","NZD","1762274679","23477/2026-01-02/1762274679.json"
"581513","221281","2026-01-01","42.00","NZD","1762274679","23477/2026-01-01/1762274679.json"
"581514","221282","2026-01-01","42.00","NZD","1762274679","23477/2026-01-01/1762274679.json"
"512557","146154","2026-01-01","45.00","NZD","1762274679","23477/2026-01-01/1762274679.json"
"365170","146153","2026-01-01","48.00","NZD","1762274679","23477/2026-01-01/1762274679.json"
"510807","146155","2026-01-01","52.00","NZD","1762274679","23477/2026-01-01/1762274679.json"
"581513","221281","2026-01-03","42.00","NZD","1762274679","23477/2026-01-03/1762274679.json"
"581514","221282","2026-01-03","42.00","NZD","1762274679","23477/2026-01-03/1762274679.json"
"512557","146154","2026-01-03","45.00","NZD","1762274679","23477/2026-01-03/1762274679.json"
"365170","146153","2026-01-03","48.00","NZD","1762274679","23477/2026-01-03/1762274679.json"
"510807","146155","2026-01-03","52.00","NZD","1762274679","23477/2026-01-03/1762274679.json"
"581513","221281","2025-11-05","36.00","NZD","1762288970","23477/2025-11-05/1762288970.json"
"581514","221282","2025-11-05","36.00","NZD","1762288970","23477/2025-11-05/1762288970.json"
"512557","146154","2025-11-05","45.00","NZD","1762288970","23477/2025-11-05/1762288970.json"
"365170","146153","2025-11-05","48.00","NZD","1762288970","23477/2025-11-05/1762288970.json"
"510807","146155","2025-11-05","52.00","NZD","1762288970","23477/2025-11-05/1762288970.json"
"581513","221281","2025-11-07","36.00","NZD","1762288970","23477/2025-11-07/1762288970.json"
"581514","221282","2025-11-07","36.00","NZD","1762288970","23477/2025-11-07/1762288970.json"
"512557","146154","2025-11-07","45.00","NZD","1762288970","23477/2025-11-07/1762288970.json"
"365170","146153","2025-11-07","48.00","NZD","1762288970","23477/2025-11-07/1762288970.json"
"510807","146155","2025-11-07","52.00","NZD","1762288970","23477/2025-11-07/1762288970.json"
"581513","221281","2025-11-06","36.00","NZD","1762288970","23477/2025-11-06/1762288970.json"
"581514","221282","2025-11-06","36.00","NZD","1762288970","23477/2025-11-06/1762288970.json"
"512557","146154","2025-11-06","45.00","NZD","1762288970","23477/2025-11-06/1762288970.json"
"365170","146153","2025-11-06","48.00","NZD","1762288970","23477/2025-11-06/1762288970.json"
"510807","146155","2025-11-06","52.00","NZD","1762288970","23477/2025-11-06/1762288970.json"
"581513","221281","2025-11-08","36.00","NZD","1762288970","23477/2025-11-08/1762288970.json"
"581514","221282","2025-11-08","36.00","NZD","1762288970","23477/2025-11-08/1762288970.json"
"512557","146154","2025-11-08","45.00","NZD","1762288970","23477/2025-11-08/1762288970.json"
"365170","146153","2025-11-08","48.00","NZD","1762288970","23477/2025-11-08/1762288970.json"
"510807","146155","2025-11-08","52.00","NZD","1762288970","23477/2025-11-08/1762288970.json"
"581513","221281","2025-11-10","36.00","NZD","1762288970","23477/2025-11-10/1762288970.json"
"581514","221282","2025-11-10","36.00","NZD","1762288970","23477/2025-11-10/1762288970.json"
"512557","146154","2025-11-10","45.00","NZD","1762288970","23477/2025-11-10/1762288970.json"
"365170","146153","2025-11-10","48.00","NZD","1762288970","23477/2025-11-10/1762288970.json"
"510807","146155","2025-11-10","52.00","NZD","1762288970","23477/2025-11-10/1762288970.json"
"581513","221281","2025-11-09","36.00","NZD","1762288970","23477/2025-11-09/1762288970.json"
"581514","221282","2025-11-09","36.00","NZD","1762288970","23477/2025-11-09/1762288970.json"
"512557","146154","2025-11-09","45.00","NZD","1762288970","23477/2025-11-09/1762288970.json"
"365170","146153","2025-11-09","48.00","NZD","1762288970","23477/2025-11-09/1762288970.json"
"510807","146155","2025-11-09","52.00","NZD","1762288970","23477/2025-11-09/1762288970.json"
"581513","221281","2025-11-12","36.00","NZD","1762288970","23477/2025-11-12/1762288970.json"
"581514","221282","2025-11-12","36.00","NZD","1762288970","23477/2025-11-12/1762288970.json"
"512557","146154","2025-11-12","45.00","NZD","1762288970","23477/2025-11-12/1762288970.json"
"365170","146153","2025-11-12","48.00","NZD","1762288970","23477/2025-11-12/1762288970.json"
"510807","146155","2025-11-12","52.00","NZD","1762288970","23477/2025-11-12/1762288970.json"
"581513","221281","2025-11-13","36.00","NZD","1762288970","23477/2025-11-13/1762288970.json"
"581513","221281","2025-11-14","36.00","NZD","1762288970","23477/2025-11-14/1762288970.json"
"581514","221282","2025-11-14","36.00","NZD","1762288970","23477/2025-11-14/1762288970.json"
"581514","221282","2025-11-13","36.00","NZD","1762288970","23477/2025-11-13/1762288970.json"
"512557","146154","2025-11-14","45.00","NZD","1762288970","23477/2025-11-14/1762288970.json"
"365170","146153","2025-11-14","48.00","NZD","1762288970","23477/2025-11-14/1762288970.json"
"512557","146154","2025-11-13","45.00","NZD","1762288970","23477/2025-11-13/1762288970.json"
"510807","146155","2025-11-14","52.00","NZD","1762288970","23477/2025-11-14/1762288970.json"
"365170","146153","2025-11-13","48.00","NZD","1762288970","23477/2025-11-13/1762288970.json"
"510807","146155","2025-11-13","52.00","NZD","1762288970","23477/2025-11-13/1762288970.json"
"581513","221281","2025-11-11","36.00","NZD","1762288970","23477/2025-11-11/1762288970.json"
"581514","221282","2025-11-11","36.00","NZD","1762288970","23477/2025-11-11/1762288970.json"
"512557","146154","2025-11-11","45.00","NZD","1762288970","23477/2025-11-11/1762288970.json"
"365170","146153","2025-11-11","48.00","NZD","1762288970","23477/2025-11-11/1762288970.json"
"510807","146155","2025-11-11","52.00","NZD","1762288970","23477/2025-11-11/1762288970.json"
"581513","221281","2025-11-15","36.00","NZD","1762288970","23477/2025-11-15/1762288970.json"
"581514","221282","2025-11-15","36.00","NZD","1762288970","23477/2025-11-15/1762288970.json"
"512557","146154","2025-11-15","45.00","NZD","1762288970","23477/2025-11-15/1762288970.json"
"365170","146153","2025-11-15","48.00","NZD","1762288970","23477/2025-11-15/1762288970.json"
"510807","146155","2025-11-15","52.00","NZD","1762288970","23477/2025-11-15/1762288970.json"
"581513","221281","2025-11-16","36.00","NZD","1762288970","23477/2025-11-16/1762288970.json"
"581514","221282","2025-11-16","36.00","NZD","1762288970","23477/2025-11-16/1762288970.json"
"512557","146154","2025-11-16","45.00","NZD","1762288970","23477/2025-11-16/1762288970.json"
"365170","146153","2025-11-16","48.00","NZD","1762288970","23477/2025-11-16/1762288970.json"
"510807","146155","2025-11-16","52.00","NZD","1762288970","23477/2025-11-16/1762288970.json"
"581513","221281","2025-11-17","36.00","NZD","1762288970","23477/2025-11-17/1762288970.json"
"581514","221282","2025-11-17","36.00","NZD","1762288970","23477/2025-11-17/1762288970.json"
"512557","146154","2025-11-17","45.00","NZD","1762288970","23477/2025-11-17/1762288970.json"
"365170","146153","2025-11-17","48.00","NZD","1762288970","23477/2025-11-17/1762288970.json"
"510807","146155","2025-11-17","52.00","NZD","1762288970","23477/2025-11-17/1762288970.json"
"581513","221281","2025-11-18","36.00","NZD","1762288970","23477/2025-11-18/1762288970.json"
"581514","221282","2025-11-18","36.00","NZD","1762288970","23477/2025-11-18/1762288970.json"
"512557","146154","2025-11-18","45.00","NZD","1762288970","23477/2025-11-18/1762288970.json"
"365170","146153","2025-11-18","48.00","NZD","1762288970","23477/2025-11-18/1762288970.json"
"510807","146155","2025-11-18","52.00","NZD","1762288970","23477/2025-11-18/1762288970.json"
"581513","221281","2025-11-19","36.00","NZD","1762288970","23477/2025-11-19/1762288970.json"
"581514","221282","2025-11-19","36.00","NZD","1762288970","23477/2025-11-19/1762288970.json"
"512557","146154","2025-11-19","45.00","NZD","1762288970","23477/2025-11-19/1762288970.json"
"365170","146153","2025-11-19","48.00","NZD","1762288970","23477/2025-11-19/1762288970.json"
"510807","146155","2025-11-19","52.00","NZD","1762288970","23477/2025-11-19/1762288970.json"
"581513","221281","2025-11-20","36.00","NZD","1762288970","23477/2025-11-20/1762288970.json"
"581514","221282","2025-11-20","36.00","NZD","1762288970","23477/2025-11-20/1762288970.json"
"512557","146154","2025-11-20","45.00","NZD","1762288970","23477/2025-11-20/1762288970.json"
"581513","221281","2025-11-21","36.00","NZD","1762288970","23477/2025-11-21/1762288970.json"
"581514","221282","2025-11-21","36.00","NZD","1762288970","23477/2025-11-21/1762288970.json"
"512557","146154","2025-11-21","45.00","NZD","1762288970","23477/2025-11-21/1762288970.json"
"365170","146153","2025-11-21","48.00","NZD","1762288970","23477/2025-11-21/1762288970.json"
"510807","146155","2025-11-21","52.00","NZD","1762288970","23477/2025-11-21/1762288970.json"
"581513","221281","2025-11-22","36.00","NZD","1762288970","23477/2025-11-22/1762288970.json"
"581514","221282","2025-11-22","36.00","NZD","1762288970","23477/2025-11-22/1762288970.json"
"512557","146154","2025-11-22","45.00","NZD","1762288970","23477/2025-11-22/1762288970.json"
"365170","146153","2025-11-22","48.00","NZD","1762288970","23477/2025-11-22/1762288970.json"
"510807","146155","2025-11-22","52.00","NZD","1762288970","23477/2025-11-22/1762288970.json"
"581513","221281","2025-11-23","36.00","NZD","1762288970","23477/2025-11-23/1762288970.json"
"581514","221282","2025-11-23","36.00","NZD","1762288970","23477/2025-11-23/1762288970.json"
"512557","146154","2025-11-23","45.00","NZD","1762288970","23477/2025-11-23/1762288970.json"
"365170","146153","2025-11-23","48.00","NZD","1762288970","23477/2025-11-23/1762288970.json"
"510807","146155","2025-11-23","52.00","NZD","1762288970","23477/2025-11-23/1762288970.json"
"581513","221281","2025-11-24","36.00","NZD","1762288970","23477/2025-11-24/1762288970.json"
"581514","221282","2025-11-24","36.00","NZD","1762288970","23477/2025-11-24/1762288970.json"
"512557","146154","2025-11-24","45.00","NZD","1762288970","23477/2025-11-24/1762288970.json"
"365170","146153","2025-11-24","48.00","NZD","1762288970","23477/2025-11-24/1762288970.json"
"510807","146155","2025-11-24","52.00","NZD","1762288970","23477/2025-11-24/1762288970.json"
"581513","221281","2025-11-26","36.00","NZD","1762288970","23477/2025-11-26/1762288970.json"
"581514","221282","2025-11-26","36.00","NZD","1762288970","23477/2025-11-26/1762288970.json"
"512557","146154","2025-11-26","45.00","NZD","1762288970","23477/2025-11-26/1762288970.json"
"365170","146153","2025-11-26","48.00","NZD","1762288970","23477/2025-11-26/1762288970.json"
"510807","146155","2025-11-26","52.00","NZD","1762288970","23477/2025-11-26/1762288970.json"
"581513","221281","2025-11-25","36.00","NZD","1762288970","23477/2025-11-25/1762288970.json"
"581514","221282","2025-11-25","36.00","NZD","1762288970","23477/2025-11-25/1762288970.json"
"512557","146154","2025-11-25","45.00","NZD","1762288970","23477/2025-11-25/1762288970.json"
"365170","146153","2025-11-25","48.00","NZD","1762288970","23477/2025-11-25/1762288970.json"
"510807","146155","2025-11-25","52.00","NZD","1762288970","23477/2025-11-25/1762288970.json"
"581513","221281","2025-11-27","36.00","NZD","1762288970","23477/2025-11-27/1762288970.json"
"581513","221281","2025-11-28","36.00","NZD","1762288970","23477/2025-11-28/1762288970.json"
"581514","221282","2025-11-27","36.00","NZD","1762288970","23477/2025-11-27/1762288970.json"
"581514","221282","2025-11-28","36.00","NZD","1762288970","23477/2025-11-28/1762288970.json"
"512557","146154","2025-11-28","45.00","NZD","1762288970","23477/2025-11-28/1762288970.json"
"512557","146154","2025-11-27","45.00","NZD","1762288970","23477/2025-11-27/1762288970.json"
"365170","146153","2025-11-28","48.00","NZD","1762288970","23477/2025-11-28/1762288970.json"
"510807","146155","2025-11-28","52.00","NZD","1762288970","23477/2025-11-28/1762288970.json"
"365170","146153","2025-11-27","48.00","NZD","1762288970","23477/2025-11-27/1762288970.json"
"510807","146155","2025-11-27","52.00","NZD","1762288970","23477/2025-11-27/1762288970.json"
"581513","221281","2025-11-29","36.00","NZD","1762288970","23477/2025-11-29/1762288970.json"
"581514","221282","2025-11-29","36.00","NZD","1762288970","23477/2025-11-29/1762288970.json"
"512557","146154","2025-11-29","45.00","NZD","1762288970","23477/2025-11-29/1762288970.json"
"365170","146153","2025-11-29","48.00","NZD","1762288970","23477/2025-11-29/1762288970.json"
"510807","146155","2025-11-29","52.00","NZD","1762288970","23477/2025-11-29/1762288970.json"
"581513","221281","2025-11-30","36.00","NZD","1762288970","23477/2025-11-30/1762288970.json"
"581514","221282","2025-11-30","36.00","NZD","1762288970","23477/2025-11-30/1762288970.json"
"512557","146154","2025-11-30","45.00","NZD","1762288970","23477/2025-11-30/1762288970.json"
"365170","146153","2025-11-30","48.00","NZD","1762288970","23477/2025-11-30/1762288970.json"
"510807","146155","2025-11-30","52.00","NZD","1762288970","23477/2025-11-30/1762288970.json"
"581513","221281","2025-12-01","36.00","NZD","1762288970","23477/2025-12-01/1762288970.json"
"581514","221282","2025-12-01","36.00","NZD","1762288970","23477/2025-12-01/1762288970.json"
"512557","146154","2025-12-01","45.00","NZD","1762288970","23477/2025-12-01/1762288970.json"
"365170","146153","2025-12-01","48.00","NZD","1762288970","23477/2025-12-01/1762288970.json"
"510807","146155","2025-12-01","52.00","NZD","1762288970","23477/2025-12-01/1762288970.json"
"581513","221281","2025-12-03","36.00","NZD","1762288970","23477/2025-12-03/1762288970.json"
"581514","221282","2025-12-03","36.00","NZD","1762288970","23477/2025-12-03/1762288970.json"
"512557","146154","2025-12-03","45.00","NZD","1762288970","23477/2025-12-03/1762288970.json"
"365170","146153","2025-12-03","48.00","NZD","1762288970","23477/2025-12-03/1762288970.json"
"510807","146155","2025-12-03","52.00","NZD","1762288970","23477/2025-12-03/1762288970.json"
"581513","221281","2025-12-04","36.00","NZD","1762288970","23477/2025-12-04/1762288970.json"
"581514","221282","2025-12-04","36.00","NZD","1762288970","23477/2025-12-04/1762288970.json"
"512557","146154","2025-12-04","45.00","NZD","1762288970","23477/2025-12-04/1762288970.json"
"365170","146153","2025-12-04","48.00","NZD","1762288970","23477/2025-12-04/1762288970.json"
"510807","146155","2025-12-04","52.00","NZD","1762288970","23477/2025-12-04/1762288970.json"
"581513","221281","2025-12-02","36.00","NZD","1762288970","23477/2025-12-02/1762288970.json"
"581514","221282","2025-12-02","36.00","NZD","1762288970","23477/2025-12-02/1762288970.json"
"512557","146154","2025-12-02","45.00","NZD","1762288970","23477/2025-12-02/1762288970.json"
"365170","146153","2025-12-02","48.00","NZD","1762288970","23477/2025-12-02/1762288970.json"
"510807","146155","2025-12-02","52.00","NZD","1762288970","23477/2025-12-02/1762288970.json"
"581513","221281","2025-12-05","36.00","NZD","1762288970","23477/2025-12-05/1762288970.json"
"581514","221282","2025-12-05","36.00","NZD","1762288970","23477/2025-12-05/1762288970.json"
"512557","146154","2025-12-05","45.00","NZD","1762288970","23477/2025-12-05/1762288970.json"
"365170","146153","2025-12-05","48.00","NZD","1762288970","23477/2025-12-05/1762288970.json"
"510807","146155","2025-12-05","52.00","NZD","1762288970","23477/2025-12-05/1762288970.json"
"581513","221281","2025-12-06","36.00","NZD","1762288970","23477/2025-12-06/1762288970.json"
"581514","221282","2025-12-06","36.00","NZD","1762288970","23477/2025-12-06/1762288970.json"
"512557","146154","2025-12-06","45.00","NZD","1762288970","23477/2025-12-06/1762288970.json"
"365170","146153","2025-12-06","48.00","NZD","1762288970","23477/2025-12-06/1762288970.json"
"510807","146155","2025-12-06","52.00","NZD","1762288970","23477/2025-12-06/1762288970.json"
"581513","221281","2025-12-07","36.00","NZD","1762288970","23477/2025-12-07/1762288970.json"
"581514","221282","2025-12-07","36.00","NZD","1762288970","23477/2025-12-07/1762288970.json"
"512557","146154","2025-12-07","45.00","NZD","1762288970","23477/2025-12-07/1762288970.json"
"365170","146153","2025-12-07","48.00","NZD","1762288970","23477/2025-12-07/1762288970.json"
"510807","146155","2025-12-07","52.00","NZD","1762288970","23477/2025-12-07/1762288970.json"
"581513","221281","2025-12-09","36.00","NZD","1762288970","23477/2025-12-09/1762288970.json"
"581514","221282","2025-12-09","36.00","NZD","1762288970","23477/2025-12-09/1762288970.json"
"512557","146154","2025-12-09","45.00","NZD","1762288970","23477/2025-12-09/1762288970.json"
"365170","146153","2025-12-09","48.00","NZD","1762288970","23477/2025-12-09/1762288970.json"
"510807","146155","2025-12-09","52.00","NZD","1762288970","23477/2025-12-09/1762288970.json"
"581513","221281","2025-12-08","36.00","NZD","1762288970","23477/2025-12-08/1762288970.json"
"581514","221282","2025-12-08","36.00","NZD","1762288970","23477/2025-12-08/1762288970.json"
"512557","146154","2025-12-08","45.00","NZD","1762288970","23477/2025-12-08/1762288970.json"
"365170","146153","2025-12-08","48.00","NZD","1762288970","23477/2025-12-08/1762288970.json"
"510807","146155","2025-12-08","52.00","NZD","1762288970","23477/2025-12-08/1762288970.json"
"581513","221281","2025-12-11","36.00","NZD","1762288970","23477/2025-12-11/1762288970.json"
"581514","221282","2025-12-11","36.00","NZD","1762288970","23477/2025-12-11/1762288970.json"
"512557","146154","2025-12-11","45.00","NZD","1762288970","23477/2025-12-11/1762288970.json"
"365170","146153","2025-12-11","48.00","NZD","1762288970","23477/2025-12-11/1762288970.json"
"510807","146155","2025-12-11","52.00","NZD","1762288970","23477/2025-12-11/1762288970.json"
"581513","221281","2025-12-10","36.00","NZD","1762288970","23477/2025-12-10/1762288970.json"
"581514","221282","2025-12-10","36.00","NZD","1762288970","23477/2025-12-10/1762288970.json"
"512557","146154","2025-12-10","45.00","NZD","1762288970","23477/2025-12-10/1762288970.json"
"365170","146153","2025-12-10","48.00","NZD","1762288970","23477/2025-12-10/1762288970.json"
"510807","146155","2025-12-10","52.00","NZD","1762288970","23477/2025-12-10/1762288970.json"
"581513","221281","2025-12-12","36.00","NZD","1762288970","23477/2025-12-12/1762288970.json"
"581514","221282","2025-12-12","36.00","NZD","1762288970","23477/2025-12-12/1762288970.json"
"512557","146154","2025-12-12","45.00","NZD","1762288970","23477/2025-12-12/1762288970.json"
"365170","146153","2025-12-12","48.00","NZD","1762288970","23477/2025-12-12/1762288970.json"
"510807","146155","2025-12-12","52.00","NZD","1762288970","23477/2025-12-12/1762288970.json"
"581513","221281","2025-12-13","36.00","NZD","1762288970","23477/2025-12-13/1762288970.json"
"581514","221282","2025-12-13","36.00","NZD","1762288970","23477/2025-12-13/1762288970.json"
"512557","146154","2025-12-13","45.00","NZD","1762288970","23477/2025-12-13/1762288970.json"
"365170","146153","2025-12-13","48.00","NZD","1762288970","23477/2025-12-13/1762288970.json"
"510807","146155","2025-12-13","52.00","NZD","1762288970","23477/2025-12-13/1762288970.json"
"581513","221281","2025-12-14","36.00","NZD","1762288970","23477/2025-12-14/1762288970.json"
"581514","221282","2025-12-14","36.00","NZD","1762288970","23477/2025-12-14/1762288970.json"
"512557","146154","2025-12-14","45.00","NZD","1762288970","23477/2025-12-14/1762288970.json"
"365170","146153","2025-12-14","48.00","NZD","1762288970","23477/2025-12-14/1762288970.json"
"510807","146155","2025-12-14","52.00","NZD","1762288970","23477/2025-12-14/1762288970.json"
"581513","221281","2025-12-16","36.00","NZD","1762288970","23477/2025-12-16/1762288970.json"
"581514","221282","2025-12-16","36.00","NZD","1762288970","23477/2025-12-16/1762288970.json"
"512557","146154","2025-12-16","45.00","NZD","1762288970","23477/2025-12-16/1762288970.json"
"365170","146153","2025-12-16","48.00","NZD","1762288970","23477/2025-12-16/1762288970.json"
"510807","146155","2025-12-16","52.00","NZD","1762288970","23477/2025-12-16/1762288970.json"
"581513","221281","2025-12-15","36.00","NZD","1762288970","23477/2025-12-15/1762288970.json"
"581513","221281","2025-12-17","36.00","NZD","1762288970","23477/2025-12-17/1762288970.json"
"581514","221282","2025-12-15","36.00","NZD","1762288970","23477/2025-12-15/1762288970.json"
"581514","221282","2025-12-17","36.00","NZD","1762288970","23477/2025-12-17/1762288970.json"
"512557","146154","2025-12-17","45.00","NZD","1762288970","23477/2025-12-17/1762288970.json"
"512557","146154","2025-12-15","45.00","NZD","1762288970","23477/2025-12-15/1762288970.json"
"365170","146153","2025-12-17","48.00","NZD","1762288970","23477/2025-12-17/1762288970.json"
"510807","146155","2025-12-17","52.00","NZD","1762288970","23477/2025-12-17/1762288970.json"
"365170","146153","2025-12-15","48.00","NZD","1762288970","23477/2025-12-15/1762288970.json"
"510807","146155","2025-12-15","52.00","NZD","1762288970","23477/2025-12-15/1762288970.json"
"581513","221281","2025-12-18","36.00","NZD","1762288970","23477/2025-12-18/1762288970.json"
"581514","221282","2025-12-18","36.00","NZD","1762288970","23477/2025-12-18/1762288970.json"
"512557","146154","2025-12-18","45.00","NZD","1762288970","23477/2025-12-18/1762288970.json"
"365170","146153","2025-12-18","48.00","NZD","1762288970","23477/2025-12-18/1762288970.json"
"510807","146155","2025-12-18","52.00","NZD","1762288970","23477/2025-12-18/1762288970.json"
"581513","221281","2025-12-21","36.00","NZD","1762288970","23477/2025-12-21/1762288970.json"
"581514","221282","2025-12-21","36.00","NZD","1762288970","23477/2025-12-21/1762288970.json"
"512557","146154","2025-12-21","45.00","NZD","1762288970","23477/2025-12-21/1762288970.json"
"365170","146153","2025-12-21","48.00","NZD","1762288970","23477/2025-12-21/1762288970.json"
"510807","146155","2025-12-21","52.00","NZD","1762288970","23477/2025-12-21/1762288970.json"
"581513","221281","2025-12-19","36.00","NZD","1762288970","23477/2025-12-19/1762288970.json"
"581514","221282","2025-12-19","36.00","NZD","1762288970","23477/2025-12-19/1762288970.json"
"512557","146154","2025-12-19","45.00","NZD","1762288970","23477/2025-12-19/1762288970.json"
"365170","146153","2025-12-19","48.00","NZD","1762288970","23477/2025-12-19/1762288970.json"
"510807","146155","2025-12-19","52.00","NZD","1762288970","23477/2025-12-19/1762288970.json"
"581513","221281","2025-12-20","36.00","NZD","1762288970","23477/2025-12-20/1762288970.json"
"581514","221282","2025-12-20","36.00","NZD","1762288970","23477/2025-12-20/1762288970.json"
"512557","146154","2025-12-20","45.00","NZD","1762288970","23477/2025-12-20/1762288970.json"
"365170","146153","2025-12-20","48.00","NZD","1762288970","23477/2025-12-20/1762288970.json"
"510807","146155","2025-12-20","52.00","NZD","1762288970","23477/2025-12-20/1762288970.json"
"581513","221281","2025-12-22","36.00","NZD","1762288970","23477/2025-12-22/1762288970.json"
"581514","221282","2025-12-22","36.00","NZD","1762288970","23477/2025-12-22/1762288970.json"
"512557","146154","2025-12-22","45.00","NZD","1762288970","23477/2025-12-22/1762288970.json"
"365170","146153","2025-12-22","48.00","NZD","1762288970","23477/2025-12-22/1762288970.json"
"510807","146155","2025-12-22","52.00","NZD","1762288970","23477/2025-12-22/1762288970.json"
"581513","221281","2025-12-23","38.00","NZD","1762288970","23477/2025-12-23/1762288970.json"
"581514","221282","2025-12-23","38.00","NZD","1762288970","23477/2025-12-23/1762288970.json"
"512557","146154","2025-12-23","45.00","NZD","1762288970","23477/2025-12-23/1762288970.json"
"365170","146153","2025-12-23","48.00","NZD","1762288970","23477/2025-12-23/1762288970.json"
"510807","146155","2025-12-23","52.00","NZD","1762288970","23477/2025-12-23/1762288970.json"
"581513","221281","2025-12-24","38.00","NZD","1762288970","23477/2025-12-24/1762288970.json"
"581514","221282","2025-12-24","38.00","NZD","1762288970","23477/2025-12-24/1762288970.json"
"512557","146154","2025-12-24","45.00","NZD","1762288970","23477/2025-12-24/1762288970.json"
"365170","146153","2025-12-24","48.00","NZD","1762288970","23477/2025-12-24/1762288970.json"
"510807","146155","2025-12-24","52.00","NZD","1762288970","23477/2025-12-24/1762288970.json"
"581513","221281","2025-12-25","38.00","NZD","1762288970","23477/2025-12-25/1762288970.json"
"581514","221282","2025-12-25","38.00","NZD","1762288970","23477/2025-12-25/1762288970.json"
"512557","146154","2025-12-25","45.00","NZD","1762288970","23477/2025-12-25/1762288970.json"
"365170","146153","2025-12-25","48.00","NZD","1762288970","23477/2025-12-25/1762288970.json"
"510807","146155","2025-12-25","52.00","NZD","1762288970","23477/2025-12-25/1762288970.json"
"581513","221281","2025-12-26","42.00","NZD","1762288970","23477/2025-12-26/1762288970.json"
"581514","221282","2025-12-26","42.00","NZD","1762288970","23477/2025-12-26/1762288970.json"
"512557","146154","2025-12-26","45.00","NZD","1762288970","23477/2025-12-26/1762288970.json"
"365170","146153","2025-12-26","48.00","NZD","1762288970","23477/2025-12-26/1762288970.json"
"510807","146155","2025-12-26","52.00","NZD","1762288970","23477/2025-12-26/1762288970.json"
"581513","221281","2025-12-27","42.00","NZD","1762288970","23477/2025-12-27/1762288970.json"
"581514","221282","2025-12-27","42.00","NZD","1762288970","23477/2025-12-27/1762288970.json"
"512557","146154","2025-12-27","45.00","NZD","1762288970","23477/2025-12-27/1762288970.json"
"365170","146153","2025-12-27","48.00","NZD","1762288970","23477/2025-12-27/1762288970.json"
"510807","146155","2025-12-27","52.00","NZD","1762288970","23477/2025-12-27/1762288970.json"
"581513","221281","2025-12-29","42.00","NZD","1762288970","23477/2025-12-29/1762288970.json"
"581514","221282","2025-12-29","42.00","NZD","1762288970","23477/2025-12-29/1762288970.json"
"512557","146154","2025-12-29","45.00","NZD","1762288970","23477/2025-12-29/1762288970.json"
"581513","221281","2025-12-30","42.00","NZD","1762288970","23477/2025-12-30/1762288970.json"
"365170","146153","2025-12-29","48.00","NZD","1762288970","23477/2025-12-29/1762288970.json"
"581514","221282","2025-12-30","42.00","NZD","1762288970","23477/2025-12-30/1762288970.json"
"510807","146155","2025-12-29","52.00","NZD","1762288970","23477/2025-12-29/1762288970.json"
"512557","146154","2025-12-30","45.00","NZD","1762288970","23477/2025-12-30/1762288970.json"
"365170","146153","2025-12-30","48.00","NZD","1762288970","23477/2025-12-30/1762288970.json"
"510807","146155","2025-12-30","52.00","NZD","1762288970","23477/2025-12-30/1762288970.json"
"581513","221281","2025-12-28","42.00","NZD","1762288970","23477/2025-12-28/1762288970.json"
"581514","221282","2025-12-28","42.00","NZD","1762288970","23477/2025-12-28/1762288970.json"
"512557","146154","2025-12-28","45.00","NZD","1762288970","23477/2025-12-28/1762288970.json"
"365170","146153","2025-12-28","48.00","NZD","1762288970","23477/2025-12-28/1762288970.json"
"510807","146155","2025-12-28","52.00","NZD","1762288970","23477/2025-12-28/1762288970.json"
"581513","221281","2025-12-31","42.00","NZD","1762288970","23477/2025-12-31/1762288970.json"
"581514","221282","2025-12-31","42.00","NZD","1762288970","23477/2025-12-31/1762288970.json"
"512557","146154","2025-12-31","45.00","NZD","1762288970","23477/2025-12-31/1762288970.json"
"365170","146153","2025-12-31","48.00","NZD","1762288970","23477/2025-12-31/1762288970.json"
"510807","146155","2025-12-31","52.00","NZD","1762288970","23477/2025-12-31/1762288970.json"
"581513","221281","2026-01-03","42.00","NZD","1762288970","23477/2026-01-03/1762288970.json"
"581514","221282","2026-01-03","42.00","NZD","1762288970","23477/2026-01-03/1762288970.json"
"512557","146154","2026-01-03","45.00","NZD","1762288970","23477/2026-01-03/1762288970.json"
"365170","146153","2026-01-03","48.00","NZD","1762288970","23477/2026-01-03/1762288970.json"
"510807","146155","2026-01-03","52.00","NZD","1762288970","23477/2026-01-03/1762288970.json"
"581513","221281","2026-01-01","42.00","NZD","1762288970","23477/2026-01-01/1762288970.json"
"581514","221282","2026-01-01","42.00","NZD","1762288970","23477/2026-01-01/1762288970.json"
"512557","146154","2026-01-01","45.00","NZD","1762288970","23477/2026-01-01/1762288970.json"
"365170","146153","2026-01-01","48.00","NZD","1762288970","23477/2026-01-01/1762288970.json"
"510807","146155","2026-01-01","52.00","NZD","1762288970","23477/2026-01-01/1762288970.json"
"581513","221281","2026-01-02","42.00","NZD","1762288970","23477/2026-01-02/1762288970.json"
"581514","221282","2026-01-02","42.00","NZD","1762288970","23477/2026-01-02/1762288970.json"
"512557","146154","2026-01-02","45.00","NZD","1762288970","23477/2026-01-02/1762288970.json"
"365170","146153","2026-01-02","48.00","NZD","1762288970","23477/2026-01-02/1762288970.json"
"510807","146155","2026-01-02","52.00","NZD","1762288970","23477/2026-01-02/1762288970.json"
"581513","221281","2025-11-07","36.00","NZD","1762308088","23477/2025-11-07/1762308088.json"
"581514","221282","2025-11-07","36.00","NZD","1762308088","23477/2025-11-07/1762308088.json"
"512557","146154","2025-11-07","45.00","NZD","1762308088","23477/2025-11-07/1762308088.json"
"365170","146153","2025-11-07","48.00","NZD","1762308088","23477/2025-11-07/1762308088.json"
"510807","146155","2025-11-07","52.00","NZD","1762308088","23477/2025-11-07/1762308088.json"
"581513","221281","2025-11-05","36.00","NZD","1762308088","23477/2025-11-05/1762308088.json"
"581514","221282","2025-11-05","36.00","NZD","1762308088","23477/2025-11-05/1762308088.json"
"512557","146154","2025-11-05","45.00","NZD","1762308088","23477/2025-11-05/1762308088.json"
"365170","146153","2025-11-05","48.00","NZD","1762308088","23477/2025-11-05/1762308088.json"
"510807","146155","2025-11-05","52.00","NZD","1762308088","23477/2025-11-05/1762308088.json"
"581513","221281","2025-11-06","36.00","NZD","1762308088","23477/2025-11-06/1762308088.json"
"581513","221281","2025-11-08","36.00","NZD","1762308088","23477/2025-11-08/1762308088.json"
"581514","221282","2025-11-06","36.00","NZD","1762308088","23477/2025-11-06/1762308088.json"
"581514","221282","2025-11-08","36.00","NZD","1762308088","23477/2025-11-08/1762308088.json"
"512557","146154","2025-11-08","45.00","NZD","1762308088","23477/2025-11-08/1762308088.json"
"365170","146153","2025-11-08","48.00","NZD","1762308088","23477/2025-11-08/1762308088.json"
"512557","146154","2025-11-06","45.00","NZD","1762308088","23477/2025-11-06/1762308088.json"
"510807","146155","2025-11-08","52.00","NZD","1762308088","23477/2025-11-08/1762308088.json"
"365170","146153","2025-11-06","48.00","NZD","1762308088","23477/2025-11-06/1762308088.json"
"510807","146155","2025-11-06","52.00","NZD","1762308088","23477/2025-11-06/1762308088.json"
"581513","221281","2025-11-11","36.00","NZD","1762308088","23477/2025-11-11/1762308088.json"
"581514","221282","2025-11-11","36.00","NZD","1762308088","23477/2025-11-11/1762308088.json"
"512557","146154","2025-11-11","45.00","NZD","1762308088","23477/2025-11-11/1762308088.json"
"365170","146153","2025-11-11","48.00","NZD","1762308088","23477/2025-11-11/1762308088.json"
"510807","146155","2025-11-11","52.00","NZD","1762308088","23477/2025-11-11/1762308088.json"
"581513","221281","2025-11-10","36.00","NZD","1762308088","23477/2025-11-10/1762308088.json"
"581514","221282","2025-11-10","36.00","NZD","1762308088","23477/2025-11-10/1762308088.json"
"512557","146154","2025-11-10","45.00","NZD","1762308088","23477/2025-11-10/1762308088.json"
"365170","146153","2025-11-10","48.00","NZD","1762308088","23477/2025-11-10/1762308088.json"
"510807","146155","2025-11-10","52.00","NZD","1762308088","23477/2025-11-10/1762308088.json"
"581513","221281","2025-11-09","36.00","NZD","1762308088","23477/2025-11-09/1762308088.json"
"581514","221282","2025-11-09","36.00","NZD","1762308088","23477/2025-11-09/1762308088.json"
"512557","146154","2025-11-09","45.00","NZD","1762308088","23477/2025-11-09/1762308088.json"
"365170","146153","2025-11-09","48.00","NZD","1762308088","23477/2025-11-09/1762308088.json"
"510807","146155","2025-11-09","52.00","NZD","1762308088","23477/2025-11-09/1762308088.json"
"581513","221281","2025-11-12","36.00","NZD","1762308088","23477/2025-11-12/1762308088.json"
"581514","221282","2025-11-12","36.00","NZD","1762308088","23477/2025-11-12/1762308088.json"
"512557","146154","2025-11-12","45.00","NZD","1762308088","23477/2025-11-12/1762308088.json"
"365170","146153","2025-11-12","48.00","NZD","1762308088","23477/2025-11-12/1762308088.json"
"510807","146155","2025-11-12","52.00","NZD","1762308088","23477/2025-11-12/1762308088.json"
"581513","221281","2025-11-16","36.00","NZD","1762308088","23477/2025-11-16/1762308088.json"
"581514","221282","2025-11-16","36.00","NZD","1762308088","23477/2025-11-16/1762308088.json"
"512557","146154","2025-11-16","45.00","NZD","1762308088","23477/2025-11-16/1762308088.json"
"365170","146153","2025-11-16","48.00","NZD","1762308088","23477/2025-11-16/1762308088.json"
"510807","146155","2025-11-16","52.00","NZD","1762308088","23477/2025-11-16/1762308088.json"
"581513","221281","2025-11-15","36.00","NZD","1762308088","23477/2025-11-15/1762308088.json"
"581514","221282","2025-11-15","36.00","NZD","1762308088","23477/2025-11-15/1762308088.json"
"512557","146154","2025-11-15","45.00","NZD","1762308088","23477/2025-11-15/1762308088.json"
"365170","146153","2025-11-15","48.00","NZD","1762308088","23477/2025-11-15/1762308088.json"
"510807","146155","2025-11-15","52.00","NZD","1762308088","23477/2025-11-15/1762308088.json"
"581513","221281","2025-11-14","36.00","NZD","1762308088","23477/2025-11-14/1762308088.json"
"581514","221282","2025-11-14","36.00","NZD","1762308088","23477/2025-11-14/1762308088.json"
"512557","146154","2025-11-14","45.00","NZD","1762308088","23477/2025-11-14/1762308088.json"
"365170","146153","2025-11-14","48.00","NZD","1762308088","23477/2025-11-14/1762308088.json"
"510807","146155","2025-11-14","52.00","NZD","1762308088","23477/2025-11-14/1762308088.json"
"581513","221281","2025-11-13","36.00","NZD","1762308088","23477/2025-11-13/1762308088.json"
"581514","221282","2025-11-13","36.00","NZD","1762308088","23477/2025-11-13/1762308088.json"
"512557","146154","2025-11-13","45.00","NZD","1762308088","23477/2025-11-13/1762308088.json"
"365170","146153","2025-11-13","48.00","NZD","1762308088","23477/2025-11-13/1762308088.json"
"510807","146155","2025-11-13","52.00","NZD","1762308088","23477/2025-11-13/1762308088.json"
"581513","221281","2025-11-18","36.00","NZD","1762308088","23477/2025-11-18/1762308088.json"
"581514","221282","2025-11-18","36.00","NZD","1762308088","23477/2025-11-18/1762308088.json"
"512557","146154","2025-11-18","45.00","NZD","1762308088","23477/2025-11-18/1762308088.json"
"365170","146153","2025-11-18","48.00","NZD","1762308088","23477/2025-11-18/1762308088.json"
"510807","146155","2025-11-18","52.00","NZD","1762308088","23477/2025-11-18/1762308088.json"
"581513","221281","2025-11-19","36.00","NZD","1762308088","23477/2025-11-19/1762308088.json"
"581514","221282","2025-11-19","36.00","NZD","1762308088","23477/2025-11-19/1762308088.json"
"512557","146154","2025-11-19","45.00","NZD","1762308088","23477/2025-11-19/1762308088.json"
"365170","146153","2025-11-19","48.00","NZD","1762308088","23477/2025-11-19/1762308088.json"
"510807","146155","2025-11-19","52.00","NZD","1762308088","23477/2025-11-19/1762308088.json"
"581513","221281","2025-11-20","36.00","NZD","1762308088","23477/2025-11-20/1762308088.json"
"581514","221282","2025-11-20","36.00","NZD","1762308088","23477/2025-11-20/1762308088.json"
"512557","146154","2025-11-20","45.00","NZD","1762308088","23477/2025-11-20/1762308088.json"
"581513","221281","2025-11-17","36.00","NZD","1762308088","23477/2025-11-17/1762308088.json"
"581514","221282","2025-11-17","36.00","NZD","1762308088","23477/2025-11-17/1762308088.json"
"512557","146154","2025-11-17","45.00","NZD","1762308088","23477/2025-11-17/1762308088.json"
"365170","146153","2025-11-17","48.00","NZD","1762308088","23477/2025-11-17/1762308088.json"
"510807","146155","2025-11-17","52.00","NZD","1762308088","23477/2025-11-17/1762308088.json"
"581513","221281","2025-11-21","36.00","NZD","1762308088","23477/2025-11-21/1762308088.json"
"581514","221282","2025-11-21","36.00","NZD","1762308088","23477/2025-11-21/1762308088.json"
"512557","146154","2025-11-21","45.00","NZD","1762308088","23477/2025-11-21/1762308088.json"
"365170","146153","2025-11-21","48.00","NZD","1762308088","23477/2025-11-21/1762308088.json"
"510807","146155","2025-11-21","52.00","NZD","1762308088","23477/2025-11-21/1762308088.json"
"581513","221281","2025-11-22","36.00","NZD","1762308088","23477/2025-11-22/1762308088.json"
"581514","221282","2025-11-22","36.00","NZD","1762308088","23477/2025-11-22/1762308088.json"
"512557","146154","2025-11-22","45.00","NZD","1762308088","23477/2025-11-22/1762308088.json"
"365170","146153","2025-11-22","48.00","NZD","1762308088","23477/2025-11-22/1762308088.json"
"510807","146155","2025-11-22","52.00","NZD","1762308088","23477/2025-11-22/1762308088.json"
"581513","221281","2025-11-23","36.00","NZD","1762308088","23477/2025-11-23/1762308088.json"
"581514","221282","2025-11-23","36.00","NZD","1762308088","23477/2025-11-23/1762308088.json"
"512557","146154","2025-11-23","45.00","NZD","1762308088","23477/2025-11-23/1762308088.json"
"365170","146153","2025-11-23","48.00","NZD","1762308088","23477/2025-11-23/1762308088.json"
"510807","146155","2025-11-23","52.00","NZD","1762308088","23477/2025-11-23/1762308088.json"
"581513","221281","2025-11-24","36.00","NZD","1762308088","23477/2025-11-24/1762308088.json"
"581514","221282","2025-11-24","36.00","NZD","1762308088","23477/2025-11-24/1762308088.json"
"512557","146154","2025-11-24","45.00","NZD","1762308088","23477/2025-11-24/1762308088.json"
"365170","146153","2025-11-24","48.00","NZD","1762308088","23477/2025-11-24/1762308088.json"
"510807","146155","2025-11-24","52.00","NZD","1762308088","23477/2025-11-24/1762308088.json"
"581513","221281","2025-11-25","36.00","NZD","1762308088","23477/2025-11-25/1762308088.json"
"581514","221282","2025-11-25","36.00","NZD","1762308088","23477/2025-11-25/1762308088.json"
"512557","146154","2025-11-25","45.00","NZD","1762308088","23477/2025-11-25/1762308088.json"
"365170","146153","2025-11-25","48.00","NZD","1762308088","23477/2025-11-25/1762308088.json"
"510807","146155","2025-11-25","52.00","NZD","1762308088","23477/2025-11-25/1762308088.json"
"581513","221281","2025-11-27","36.00","NZD","1762308088","23477/2025-11-27/1762308088.json"
"581514","221282","2025-11-27","36.00","NZD","1762308088","23477/2025-11-27/1762308088.json"
"512557","146154","2025-11-27","45.00","NZD","1762308088","23477/2025-11-27/1762308088.json"
"365170","146153","2025-11-27","48.00","NZD","1762308088","23477/2025-11-27/1762308088.json"
"510807","146155","2025-11-27","52.00","NZD","1762308088","23477/2025-11-27/1762308088.json"
"581513","221281","2025-11-26","36.00","NZD","1762308088","23477/2025-11-26/1762308088.json"
"581514","221282","2025-11-26","36.00","NZD","1762308088","23477/2025-11-26/1762308088.json"
"512557","146154","2025-11-26","45.00","NZD","1762308088","23477/2025-11-26/1762308088.json"
"365170","146153","2025-11-26","48.00","NZD","1762308088","23477/2025-11-26/1762308088.json"
"510807","146155","2025-11-26","52.00","NZD","1762308088","23477/2025-11-26/1762308088.json"
"581513","221281","2025-11-28","36.00","NZD","1762308088","23477/2025-11-28/1762308088.json"
"581514","221282","2025-11-28","36.00","NZD","1762308088","23477/2025-11-28/1762308088.json"
"512557","146154","2025-11-28","45.00","NZD","1762308088","23477/2025-11-28/1762308088.json"
"365170","146153","2025-11-28","48.00","NZD","1762308088","23477/2025-11-28/1762308088.json"
"510807","146155","2025-11-28","52.00","NZD","1762308088","23477/2025-11-28/1762308088.json"
"581513","221281","2025-11-30","36.00","NZD","1762308088","23477/2025-11-30/1762308088.json"
"581514","221282","2025-11-30","36.00","NZD","1762308088","23477/2025-11-30/1762308088.json"
"512557","146154","2025-11-30","45.00","NZD","1762308088","23477/2025-11-30/1762308088.json"
"365170","146153","2025-11-30","48.00","NZD","1762308088","23477/2025-11-30/1762308088.json"
"510807","146155","2025-11-30","52.00","NZD","1762308088","23477/2025-11-30/1762308088.json"
"581513","221281","2025-12-01","36.00","NZD","1762308088","23477/2025-12-01/1762308088.json"
"581514","221282","2025-12-01","36.00","NZD","1762308088","23477/2025-12-01/1762308088.json"
"512557","146154","2025-12-01","45.00","NZD","1762308088","23477/2025-12-01/1762308088.json"
"365170","146153","2025-12-01","48.00","NZD","1762308088","23477/2025-12-01/1762308088.json"
"510807","146155","2025-12-01","52.00","NZD","1762308088","23477/2025-12-01/1762308088.json"
"581513","221281","2025-12-02","36.00","NZD","1762308088","23477/2025-12-02/1762308088.json"
"581514","221282","2025-12-02","36.00","NZD","1762308088","23477/2025-12-02/1762308088.json"
"512557","146154","2025-12-02","45.00","NZD","1762308088","23477/2025-12-02/1762308088.json"
"365170","146153","2025-12-02","48.00","NZD","1762308088","23477/2025-12-02/1762308088.json"
"510807","146155","2025-12-02","52.00","NZD","1762308088","23477/2025-12-02/1762308088.json"
"581513","221281","2025-11-29","36.00","NZD","1762308088","23477/2025-11-29/1762308088.json"
"581514","221282","2025-11-29","36.00","NZD","1762308088","23477/2025-11-29/1762308088.json"
"512557","146154","2025-11-29","45.00","NZD","1762308088","23477/2025-11-29/1762308088.json"
"365170","146153","2025-11-29","48.00","NZD","1762308088","23477/2025-11-29/1762308088.json"
"510807","146155","2025-11-29","52.00","NZD","1762308088","23477/2025-11-29/1762308088.json"
"581513","221281","2025-12-03","36.00","NZD","1762308088","23477/2025-12-03/1762308088.json"
"581514","221282","2025-12-03","36.00","NZD","1762308088","23477/2025-12-03/1762308088.json"
"512557","146154","2025-12-03","45.00","NZD","1762308088","23477/2025-12-03/1762308088.json"
"365170","146153","2025-12-03","48.00","NZD","1762308088","23477/2025-12-03/1762308088.json"
"510807","146155","2025-12-03","52.00","NZD","1762308088","23477/2025-12-03/1762308088.json"
"581513","221281","2025-12-04","36.00","NZD","1762308088","23477/2025-12-04/1762308088.json"
"581514","221282","2025-12-04","36.00","NZD","1762308088","23477/2025-12-04/1762308088.json"
"512557","146154","2025-12-04","45.00","NZD","1762308088","23477/2025-12-04/1762308088.json"
"365170","146153","2025-12-04","48.00","NZD","1762308088","23477/2025-12-04/1762308088.json"
"510807","146155","2025-12-04","52.00","NZD","1762308088","23477/2025-12-04/1762308088.json"
"581513","221281","2025-12-06","36.00","NZD","1762308088","23477/2025-12-06/1762308088.json"
"581514","221282","2025-12-06","36.00","NZD","1762308088","23477/2025-12-06/1762308088.json"
"512557","146154","2025-12-06","45.00","NZD","1762308088","23477/2025-12-06/1762308088.json"
"365170","146153","2025-12-06","48.00","NZD","1762308088","23477/2025-12-06/1762308088.json"
"510807","146155","2025-12-06","52.00","NZD","1762308088","23477/2025-12-06/1762308088.json"
"581513","221281","2025-12-05","36.00","NZD","1762308088","23477/2025-12-05/1762308088.json"
"581514","221282","2025-12-05","36.00","NZD","1762308088","23477/2025-12-05/1762308088.json"
"512557","146154","2025-12-05","45.00","NZD","1762308088","23477/2025-12-05/1762308088.json"
"365170","146153","2025-12-05","48.00","NZD","1762308088","23477/2025-12-05/1762308088.json"
"510807","146155","2025-12-05","52.00","NZD","1762308088","23477/2025-12-05/1762308088.json"
"581513","221281","2025-12-07","36.00","NZD","1762308088","23477/2025-12-07/1762308088.json"
"581514","221282","2025-12-07","36.00","NZD","1762308088","23477/2025-12-07/1762308088.json"
"512557","146154","2025-12-07","45.00","NZD","1762308088","23477/2025-12-07/1762308088.json"
"365170","146153","2025-12-07","48.00","NZD","1762308088","23477/2025-12-07/1762308088.json"
"510807","146155","2025-12-07","52.00","NZD","1762308088","23477/2025-12-07/1762308088.json"
"581513","221281","2025-12-08","36.00","NZD","1762308088","23477/2025-12-08/1762308088.json"
"581514","221282","2025-12-08","36.00","NZD","1762308088","23477/2025-12-08/1762308088.json"
"512557","146154","2025-12-08","45.00","NZD","1762308088","23477/2025-12-08/1762308088.json"
"365170","146153","2025-12-08","48.00","NZD","1762308088","23477/2025-12-08/1762308088.json"
"510807","146155","2025-12-08","52.00","NZD","1762308088","23477/2025-12-08/1762308088.json"
"581513","221281","2025-12-09","36.00","NZD","1762308088","23477/2025-12-09/1762308088.json"
"581513","221281","2025-12-10","36.00","NZD","1762308088","23477/2025-12-10/1762308088.json"
"581514","221282","2025-12-09","36.00","NZD","1762308088","23477/2025-12-09/1762308088.json"
"581514","221282","2025-12-10","36.00","NZD","1762308088","23477/2025-12-10/1762308088.json"
"512557","146154","2025-12-10","45.00","NZD","1762308088","23477/2025-12-10/1762308088.json"
"512557","146154","2025-12-09","45.00","NZD","1762308088","23477/2025-12-09/1762308088.json"
"365170","146153","2025-12-10","48.00","NZD","1762308088","23477/2025-12-10/1762308088.json"
"510807","146155","2025-12-10","52.00","NZD","1762308088","23477/2025-12-10/1762308088.json"
"365170","146153","2025-12-09","48.00","NZD","1762308088","23477/2025-12-09/1762308088.json"
"510807","146155","2025-12-09","52.00","NZD","1762308088","23477/2025-12-09/1762308088.json"
"581513","221281","2025-12-11","36.00","NZD","1762308088","23477/2025-12-11/1762308088.json"
"581514","221282","2025-12-11","36.00","NZD","1762308088","23477/2025-12-11/1762308088.json"
"512557","146154","2025-12-11","45.00","NZD","1762308088","23477/2025-12-11/1762308088.json"
"365170","146153","2025-12-11","48.00","NZD","1762308088","23477/2025-12-11/1762308088.json"
"510807","146155","2025-12-11","52.00","NZD","1762308088","23477/2025-12-11/1762308088.json"
"581513","221281","2025-12-14","36.00","NZD","1762308088","23477/2025-12-14/1762308088.json"
"581514","221282","2025-12-14","36.00","NZD","1762308088","23477/2025-12-14/1762308088.json"
"512557","146154","2025-12-14","45.00","NZD","1762308088","23477/2025-12-14/1762308088.json"
"365170","146153","2025-12-14","48.00","NZD","1762308088","23477/2025-12-14/1762308088.json"
"510807","146155","2025-12-14","52.00","NZD","1762308088","23477/2025-12-14/1762308088.json"
"581513","221281","2025-12-13","36.00","NZD","1762308088","23477/2025-12-13/1762308088.json"
"581514","221282","2025-12-13","36.00","NZD","1762308088","23477/2025-12-13/1762308088.json"
"512557","146154","2025-12-13","45.00","NZD","1762308088","23477/2025-12-13/1762308088.json"
"365170","146153","2025-12-13","48.00","NZD","1762308088","23477/2025-12-13/1762308088.json"
"510807","146155","2025-12-13","52.00","NZD","1762308088","23477/2025-12-13/1762308088.json"
"581513","221281","2025-12-12","36.00","NZD","1762308088","23477/2025-12-12/1762308088.json"
"581514","221282","2025-12-12","36.00","NZD","1762308088","23477/2025-12-12/1762308088.json"
"512557","146154","2025-12-12","45.00","NZD","1762308088","23477/2025-12-12/1762308088.json"
"365170","146153","2025-12-12","48.00","NZD","1762308088","23477/2025-12-12/1762308088.json"
"510807","146155","2025-12-12","52.00","NZD","1762308088","23477/2025-12-12/1762308088.json"
"581513","221281","2025-12-17","36.00","NZD","1762308088","23477/2025-12-17/1762308088.json"
"581514","221282","2025-12-17","36.00","NZD","1762308088","23477/2025-12-17/1762308088.json"
"512557","146154","2025-12-17","45.00","NZD","1762308088","23477/2025-12-17/1762308088.json"
"365170","146153","2025-12-17","48.00","NZD","1762308088","23477/2025-12-17/1762308088.json"
"510807","146155","2025-12-17","52.00","NZD","1762308088","23477/2025-12-17/1762308088.json"
"581513","221281","2025-12-16","36.00","NZD","1762308088","23477/2025-12-16/1762308088.json"
"581514","221282","2025-12-16","36.00","NZD","1762308088","23477/2025-12-16/1762308088.json"
"512557","146154","2025-12-16","45.00","NZD","1762308088","23477/2025-12-16/1762308088.json"
"365170","146153","2025-12-16","48.00","NZD","1762308088","23477/2025-12-16/1762308088.json"
"510807","146155","2025-12-16","52.00","NZD","1762308088","23477/2025-12-16/1762308088.json"
"581513","221281","2025-12-15","36.00","NZD","1762308088","23477/2025-12-15/1762308088.json"
"581514","221282","2025-12-15","36.00","NZD","1762308088","23477/2025-12-15/1762308088.json"
"512557","146154","2025-12-15","45.00","NZD","1762308088","23477/2025-12-15/1762308088.json"
"365170","146153","2025-12-15","48.00","NZD","1762308088","23477/2025-12-15/1762308088.json"
"510807","146155","2025-12-15","52.00","NZD","1762308088","23477/2025-12-15/1762308088.json"
"581513","221281","2025-12-18","36.00","NZD","1762308088","23477/2025-12-18/1762308088.json"
"581514","221282","2025-12-18","36.00","NZD","1762308088","23477/2025-12-18/1762308088.json"
"512557","146154","2025-12-18","45.00","NZD","1762308088","23477/2025-12-18/1762308088.json"
"365170","146153","2025-12-18","48.00","NZD","1762308088","23477/2025-12-18/1762308088.json"
"510807","146155","2025-12-18","52.00","NZD","1762308088","23477/2025-12-18/1762308088.json"
"581513","221281","2025-12-20","36.00","NZD","1762308088","23477/2025-12-20/1762308088.json"
"581514","221282","2025-12-20","36.00","NZD","1762308088","23477/2025-12-20/1762308088.json"
"512557","146154","2025-12-20","45.00","NZD","1762308088","23477/2025-12-20/1762308088.json"
"365170","146153","2025-12-20","48.00","NZD","1762308088","23477/2025-12-20/1762308088.json"
"510807","146155","2025-12-20","52.00","NZD","1762308088","23477/2025-12-20/1762308088.json"
"581513","221281","2025-12-19","36.00","NZD","1762308088","23477/2025-12-19/1762308088.json"
"581514","221282","2025-12-19","36.00","NZD","1762308088","23477/2025-12-19/1762308088.json"
"512557","146154","2025-12-19","45.00","NZD","1762308088","23477/2025-12-19/1762308088.json"
"365170","146153","2025-12-19","48.00","NZD","1762308088","23477/2025-12-19/1762308088.json"
"510807","146155","2025-12-19","52.00","NZD","1762308088","23477/2025-12-19/1762308088.json"
"581513","221281","2025-12-21","36.00","NZD","1762308088","23477/2025-12-21/1762308088.json"
"581514","221282","2025-12-21","36.00","NZD","1762308088","23477/2025-12-21/1762308088.json"
"512557","146154","2025-12-21","45.00","NZD","1762308088","23477/2025-12-21/1762308088.json"
"365170","146153","2025-12-21","48.00","NZD","1762308088","23477/2025-12-21/1762308088.json"
"510807","146155","2025-12-21","52.00","NZD","1762308088","23477/2025-12-21/1762308088.json"
"581513","221281","2025-12-23","38.00","NZD","1762308088","23477/2025-12-23/1762308088.json"
"581514","221282","2025-12-23","38.00","NZD","1762308088","23477/2025-12-23/1762308088.json"
"512557","146154","2025-12-23","45.00","NZD","1762308088","23477/2025-12-23/1762308088.json"
"365170","146153","2025-12-23","48.00","NZD","1762308088","23477/2025-12-23/1762308088.json"
"510807","146155","2025-12-23","52.00","NZD","1762308088","23477/2025-12-23/1762308088.json"
"581513","221281","2025-12-24","38.00","NZD","1762308088","23477/2025-12-24/1762308088.json"
"581514","221282","2025-12-24","38.00","NZD","1762308088","23477/2025-12-24/1762308088.json"
"512557","146154","2025-12-24","45.00","NZD","1762308088","23477/2025-12-24/1762308088.json"
"365170","146153","2025-12-24","48.00","NZD","1762308088","23477/2025-12-24/1762308088.json"
"510807","146155","2025-12-24","52.00","NZD","1762308088","23477/2025-12-24/1762308088.json"
"581513","221281","2025-12-25","38.00","NZD","1762308088","23477/2025-12-25/1762308088.json"
"581514","221282","2025-12-25","38.00","NZD","1762308088","23477/2025-12-25/1762308088.json"
"512557","146154","2025-12-25","45.00","NZD","1762308088","23477/2025-12-25/1762308088.json"
"365170","146153","2025-12-25","48.00","NZD","1762308088","23477/2025-12-25/1762308088.json"
"510807","146155","2025-12-25","52.00","NZD","1762308088","23477/2025-12-25/1762308088.json"
"581513","221281","2025-12-26","42.00","NZD","1762308088","23477/2025-12-26/1762308088.json"
"581514","221282","2025-12-26","42.00","NZD","1762308088","23477/2025-12-26/1762308088.json"
"512557","146154","2025-12-26","45.00","NZD","1762308088","23477/2025-12-26/1762308088.json"
"365170","146153","2025-12-26","48.00","NZD","1762308088","23477/2025-12-26/1762308088.json"
"510807","146155","2025-12-26","52.00","NZD","1762308088","23477/2025-12-26/1762308088.json"
"581513","221281","2025-12-22","36.00","NZD","1762308088","23477/2025-12-22/1762308088.json"
"581514","221282","2025-12-22","36.00","NZD","1762308088","23477/2025-12-22/1762308088.json"
"512557","146154","2025-12-22","45.00","NZD","1762308088","23477/2025-12-22/1762308088.json"
"365170","146153","2025-12-22","48.00","NZD","1762308088","23477/2025-12-22/1762308088.json"
"510807","146155","2025-12-22","52.00","NZD","1762308088","23477/2025-12-22/1762308088.json"
"581513","221281","2025-12-27","42.00","NZD","1762308088","23477/2025-12-27/1762308088.json"
"581514","221282","2025-12-27","42.00","NZD","1762308088","23477/2025-12-27/1762308088.json"
"512557","146154","2025-12-27","45.00","NZD","1762308088","23477/2025-12-27/1762308088.json"
"365170","146153","2025-12-27","48.00","NZD","1762308088","23477/2025-12-27/1762308088.json"
"510807","146155","2025-12-27","52.00","NZD","1762308088","23477/2025-12-27/1762308088.json"
"581513","221281","2025-12-28","42.00","NZD","1762308088","23477/2025-12-28/1762308088.json"
"581514","221282","2025-12-28","42.00","NZD","1762308088","23477/2025-12-28/1762308088.json"
"512557","146154","2025-12-28","45.00","NZD","1762308088","23477/2025-12-28/1762308088.json"
"365170","146153","2025-12-28","48.00","NZD","1762308088","23477/2025-12-28/1762308088.json"
"510807","146155","2025-12-28","52.00","NZD","1762308088","23477/2025-12-28/1762308088.json"
"581513","221281","2025-12-29","42.00","NZD","1762308088","23477/2025-12-29/1762308088.json"
"581514","221282","2025-12-29","42.00","NZD","1762308088","23477/2025-12-29/1762308088.json"
"512557","146154","2025-12-29","45.00","NZD","1762308088","23477/2025-12-29/1762308088.json"
"365170","146153","2025-12-29","48.00","NZD","1762308088","23477/2025-12-29/1762308088.json"
"510807","146155","2025-12-29","52.00","NZD","1762308088","23477/2025-12-29/1762308088.json"
"581513","221281","2025-12-31","42.00","NZD","1762308088","23477/2025-12-31/1762308088.json"
"581514","221282","2025-12-31","42.00","NZD","1762308088","23477/2025-12-31/1762308088.json"
"512557","146154","2025-12-31","45.00","NZD","1762308088","23477/2025-12-31/1762308088.json"
"365170","146153","2025-12-31","48.00","NZD","1762308088","23477/2025-12-31/1762308088.json"
"510807","146155","2025-12-31","52.00","NZD","1762308088","23477/2025-12-31/1762308088.json"
"581513","221281","2025-12-30","42.00","NZD","1762308088","23477/2025-12-30/1762308088.json"
"581514","221282","2025-12-30","42.00","NZD","1762308088","23477/2025-12-30/1762308088.json"
"512557","146154","2025-12-30","45.00","NZD","1762308088","23477/2025-12-30/1762308088.json"
"365170","146153","2025-12-30","48.00","NZD","1762308088","23477/2025-12-30/1762308088.json"
"510807","146155","2025-12-30","52.00","NZD","1762308088","23477/2025-12-30/1762308088.json"
"581513","221281","2026-01-01","42.00","NZD","1762308088","23477/2026-01-01/1762308088.json"
"581514","221282","2026-01-01","42.00","NZD","1762308088","23477/2026-01-01/1762308088.json"
"512557","146154","2026-01-01","45.00","NZD","1762308088","23477/2026-01-01/1762308088.json"
"365170","146153","2026-01-01","48.00","NZD","1762308088","23477/2026-01-01/1762308088.json"
"510807","146155","2026-01-01","52.00","NZD","1762308088","23477/2026-01-01/1762308088.json"
"581513","221281","2026-01-02","42.00","NZD","1762308088","23477/2026-01-02/1762308088.json"
"581514","221282","2026-01-02","42.00","NZD","1762308088","23477/2026-01-02/1762308088.json"
"512557","146154","2026-01-02","45.00","NZD","1762308088","23477/2026-01-02/1762308088.json"
"365170","146153","2026-01-02","48.00","NZD","1762308088","23477/2026-01-02/1762308088.json"
"510807","146155","2026-01-02","52.00","NZD","1762308088","23477/2026-01-02/1762308088.json"
"581513","221281","2026-01-03","42.00","NZD","1762308088","23477/2026-01-03/1762308088.json"
"581514","221282","2026-01-03","42.00","NZD","1762308088","23477/2026-01-03/1762308088.json"
"512557","146154","2026-01-03","45.00","NZD","1762308088","23477/2026-01-03/1762308088.json"
"365170","146153","2026-01-03","48.00","NZD","1762308088","23477/2026-01-03/1762308088.json"
"510807","146155","2026-01-03","52.00","NZD","1762308088","23477/2026-01-03/1762308088.json"
"581513","221281","2026-01-04","42.00","NZD","1762308088","23477/2026-01-04/1762308088.json"
"581514","221282","2026-01-04","42.00","NZD","1762308088","23477/2026-01-04/1762308088.json"
"512557","146154","2026-01-04","45.00","NZD","1762308088","23477/2026-01-04/1762308088.json"
"365170","146153","2026-01-04","48.00","NZD","1762308088","23477/2026-01-04/1762308088.json"
"510807","146155","2026-01-04","52.00","NZD","1762308088","23477/2026-01-04/1762308088.json"
"581513","221281","2025-11-05","36.00","NZD","1762317751","23477/2025-11-05/1762317751.json"
"581514","221282","2025-11-05","36.00","NZD","1762317751","23477/2025-11-05/1762317751.json"
"512557","146154","2025-11-05","45.00","NZD","1762317751","23477/2025-11-05/1762317751.json"
"365170","146153","2025-11-05","48.00","NZD","1762317751","23477/2025-11-05/1762317751.json"
"510807","146155","2025-11-05","52.00","NZD","1762317751","23477/2025-11-05/1762317751.json"
"581513","221281","2025-11-08","36.00","NZD","1762317751","23477/2025-11-08/1762317751.json"
"581514","221282","2025-11-08","36.00","NZD","1762317751","23477/2025-11-08/1762317751.json"
"512557","146154","2025-11-08","45.00","NZD","1762317751","23477/2025-11-08/1762317751.json"
"365170","146153","2025-11-08","48.00","NZD","1762317751","23477/2025-11-08/1762317751.json"
"510807","146155","2025-11-08","52.00","NZD","1762317751","23477/2025-11-08/1762317751.json"
"581513","221281","2025-11-06","36.00","NZD","1762317751","23477/2025-11-06/1762317751.json"
"581513","221281","2025-11-07","36.00","NZD","1762317751","23477/2025-11-07/1762317751.json"
"581514","221282","2025-11-06","36.00","NZD","1762317751","23477/2025-11-06/1762317751.json"
"581514","221282","2025-11-07","36.00","NZD","1762317751","23477/2025-11-07/1762317751.json"
"512557","146154","2025-11-07","45.00","NZD","1762317751","23477/2025-11-07/1762317751.json"
"512557","146154","2025-11-06","45.00","NZD","1762317751","23477/2025-11-06/1762317751.json"
"365170","146153","2025-11-07","48.00","NZD","1762317751","23477/2025-11-07/1762317751.json"
"510807","146155","2025-11-07","52.00","NZD","1762317751","23477/2025-11-07/1762317751.json"
"365170","146153","2025-11-06","48.00","NZD","1762317751","23477/2025-11-06/1762317751.json"
"510807","146155","2025-11-06","52.00","NZD","1762317751","23477/2025-11-06/1762317751.json"
"581513","221281","2025-11-10","36.00","NZD","1762317751","23477/2025-11-10/1762317751.json"
"581514","221282","2025-11-10","36.00","NZD","1762317751","23477/2025-11-10/1762317751.json"
"512557","146154","2025-11-10","45.00","NZD","1762317751","23477/2025-11-10/1762317751.json"
"365170","146153","2025-11-10","48.00","NZD","1762317751","23477/2025-11-10/1762317751.json"
"510807","146155","2025-11-10","52.00","NZD","1762317751","23477/2025-11-10/1762317751.json"
"581513","221281","2025-11-09","36.00","NZD","1762317751","23477/2025-11-09/1762317751.json"
"581514","221282","2025-11-09","36.00","NZD","1762317751","23477/2025-11-09/1762317751.json"
"512557","146154","2025-11-09","45.00","NZD","1762317751","23477/2025-11-09/1762317751.json"
"365170","146153","2025-11-09","48.00","NZD","1762317751","23477/2025-11-09/1762317751.json"
"510807","146155","2025-11-09","52.00","NZD","1762317751","23477/2025-11-09/1762317751.json"
"581513","221281","2025-11-12","36.00","NZD","1762317751","23477/2025-11-12/1762317751.json"
"581514","221282","2025-11-12","36.00","NZD","1762317751","23477/2025-11-12/1762317751.json"
"512557","146154","2025-11-12","45.00","NZD","1762317751","23477/2025-11-12/1762317751.json"
"365170","146153","2025-11-12","48.00","NZD","1762317751","23477/2025-11-12/1762317751.json"
"510807","146155","2025-11-12","52.00","NZD","1762317751","23477/2025-11-12/1762317751.json"
"581513","221281","2025-11-11","36.00","NZD","1762317751","23477/2025-11-11/1762317751.json"
"581514","221282","2025-11-11","36.00","NZD","1762317751","23477/2025-11-11/1762317751.json"
"512557","146154","2025-11-11","45.00","NZD","1762317751","23477/2025-11-11/1762317751.json"
"365170","146153","2025-11-11","48.00","NZD","1762317751","23477/2025-11-11/1762317751.json"
"510807","146155","2025-11-11","52.00","NZD","1762317751","23477/2025-11-11/1762317751.json"
"581513","221281","2025-11-13","36.00","NZD","1762317751","23477/2025-11-13/1762317751.json"
"581514","221282","2025-11-13","36.00","NZD","1762317751","23477/2025-11-13/1762317751.json"
"512557","146154","2025-11-13","45.00","NZD","1762317751","23477/2025-11-13/1762317751.json"
"365170","146153","2025-11-13","48.00","NZD","1762317751","23477/2025-11-13/1762317751.json"
"510807","146155","2025-11-13","52.00","NZD","1762317751","23477/2025-11-13/1762317751.json"
"581513","221281","2025-11-14","36.00","NZD","1762317751","23477/2025-11-14/1762317751.json"
"581514","221282","2025-11-14","36.00","NZD","1762317751","23477/2025-11-14/1762317751.json"
"512557","146154","2025-11-14","45.00","NZD","1762317751","23477/2025-11-14/1762317751.json"
"365170","146153","2025-11-14","48.00","NZD","1762317751","23477/2025-11-14/1762317751.json"
"510807","146155","2025-11-14","52.00","NZD","1762317751","23477/2025-11-14/1762317751.json"
"581513","221281","2025-11-15","36.00","NZD","1762317751","23477/2025-11-15/1762317751.json"
"581514","221282","2025-11-15","36.00","NZD","1762317751","23477/2025-11-15/1762317751.json"
"512557","146154","2025-11-15","45.00","NZD","1762317751","23477/2025-11-15/1762317751.json"
"365170","146153","2025-11-15","48.00","NZD","1762317751","23477/2025-11-15/1762317751.json"
"510807","146155","2025-11-15","52.00","NZD","1762317751","23477/2025-11-15/1762317751.json"
"581513","221281","2025-11-16","36.00","NZD","1762317751","23477/2025-11-16/1762317751.json"
"581514","221282","2025-11-16","36.00","NZD","1762317751","23477/2025-11-16/1762317751.json"
"512557","146154","2025-11-16","45.00","NZD","1762317751","23477/2025-11-16/1762317751.json"
"365170","146153","2025-11-16","48.00","NZD","1762317751","23477/2025-11-16/1762317751.json"
"510807","146155","2025-11-16","52.00","NZD","1762317751","23477/2025-11-16/1762317751.json"
"581513","221281","2025-11-19","36.00","NZD","1762317751","23477/2025-11-19/1762317751.json"
"581514","221282","2025-11-19","36.00","NZD","1762317751","23477/2025-11-19/1762317751.json"
"512557","146154","2025-11-19","45.00","NZD","1762317751","23477/2025-11-19/1762317751.json"
"365170","146153","2025-11-19","48.00","NZD","1762317751","23477/2025-11-19/1762317751.json"
"510807","146155","2025-11-19","52.00","NZD","1762317751","23477/2025-11-19/1762317751.json"
"581513","221281","2025-11-17","36.00","NZD","1762317751","23477/2025-11-17/1762317751.json"
"581514","221282","2025-11-17","36.00","NZD","1762317751","23477/2025-11-17/1762317751.json"
"512557","146154","2025-11-17","45.00","NZD","1762317751","23477/2025-11-17/1762317751.json"
"365170","146153","2025-11-17","48.00","NZD","1762317751","23477/2025-11-17/1762317751.json"
"510807","146155","2025-11-17","52.00","NZD","1762317751","23477/2025-11-17/1762317751.json"
"581513","221281","2025-11-18","36.00","NZD","1762317751","23477/2025-11-18/1762317751.json"
"581514","221282","2025-11-18","36.00","NZD","1762317751","23477/2025-11-18/1762317751.json"
"512557","146154","2025-11-18","45.00","NZD","1762317751","23477/2025-11-18/1762317751.json"
"365170","146153","2025-11-18","48.00","NZD","1762317751","23477/2025-11-18/1762317751.json"
"510807","146155","2025-11-18","52.00","NZD","1762317751","23477/2025-11-18/1762317751.json"
"581513","221281","2025-11-20","36.00","NZD","1762317751","23477/2025-11-20/1762317751.json"
"581514","221282","2025-11-20","36.00","NZD","1762317751","23477/2025-11-20/1762317751.json"
"512557","146154","2025-11-20","45.00","NZD","1762317751","23477/2025-11-20/1762317751.json"
"581513","221281","2025-11-21","36.00","NZD","1762317751","23477/2025-11-21/1762317751.json"
"581514","221282","2025-11-21","36.00","NZD","1762317751","23477/2025-11-21/1762317751.json"
"512557","146154","2025-11-21","45.00","NZD","1762317751","23477/2025-11-21/1762317751.json"
"365170","146153","2025-11-21","48.00","NZD","1762317751","23477/2025-11-21/1762317751.json"
"510807","146155","2025-11-21","52.00","NZD","1762317751","23477/2025-11-21/1762317751.json"
"581513","221281","2025-11-22","36.00","NZD","1762317751","23477/2025-11-22/1762317751.json"
"581514","221282","2025-11-22","36.00","NZD","1762317751","23477/2025-11-22/1762317751.json"
"512557","146154","2025-11-22","45.00","NZD","1762317751","23477/2025-11-22/1762317751.json"
"365170","146153","2025-11-22","48.00","NZD","1762317751","23477/2025-11-22/1762317751.json"
"510807","146155","2025-11-22","52.00","NZD","1762317751","23477/2025-11-22/1762317751.json"
"581513","221281","2025-11-23","36.00","NZD","1762317751","23477/2025-11-23/1762317751.json"
"581514","221282","2025-11-23","36.00","NZD","1762317751","23477/2025-11-23/1762317751.json"
"512557","146154","2025-11-23","45.00","NZD","1762317751","23477/2025-11-23/1762317751.json"
"365170","146153","2025-11-23","48.00","NZD","1762317751","23477/2025-11-23/1762317751.json"
"510807","146155","2025-11-23","52.00","NZD","1762317751","23477/2025-11-23/1762317751.json"
"581513","221281","2025-11-24","36.00","NZD","1762317751","23477/2025-11-24/1762317751.json"
"581514","221282","2025-11-24","36.00","NZD","1762317751","23477/2025-11-24/1762317751.json"
"512557","146154","2025-11-24","45.00","NZD","1762317751","23477/2025-11-24/1762317751.json"
"365170","146153","2025-11-24","48.00","NZD","1762317751","23477/2025-11-24/1762317751.json"
"510807","146155","2025-11-24","52.00","NZD","1762317751","23477/2025-11-24/1762317751.json"
"581513","221281","2025-11-25","36.00","NZD","1762317751","23477/2025-11-25/1762317751.json"
"581514","221282","2025-11-25","36.00","NZD","1762317751","23477/2025-11-25/1762317751.json"
"512557","146154","2025-11-25","45.00","NZD","1762317751","23477/2025-11-25/1762317751.json"
"365170","146153","2025-11-25","48.00","NZD","1762317751","23477/2025-11-25/1762317751.json"
"510807","146155","2025-11-25","52.00","NZD","1762317751","23477/2025-11-25/1762317751.json"
"581513","221281","2025-11-26","36.00","NZD","1762317751","23477/2025-11-26/1762317751.json"
"581514","221282","2025-11-26","36.00","NZD","1762317751","23477/2025-11-26/1762317751.json"
"512557","146154","2025-11-26","45.00","NZD","1762317751","23477/2025-11-26/1762317751.json"
"365170","146153","2025-11-26","48.00","NZD","1762317751","23477/2025-11-26/1762317751.json"
"510807","146155","2025-11-26","52.00","NZD","1762317751","23477/2025-11-26/1762317751.json"
"581513","221281","2025-11-27","36.00","NZD","1762317751","23477/2025-11-27/1762317751.json"
"581514","221282","2025-11-27","36.00","NZD","1762317751","23477/2025-11-27/1762317751.json"
"512557","146154","2025-11-27","45.00","NZD","1762317751","23477/2025-11-27/1762317751.json"
"365170","146153","2025-11-27","48.00","NZD","1762317751","23477/2025-11-27/1762317751.json"
"510807","146155","2025-11-27","52.00","NZD","1762317751","23477/2025-11-27/1762317751.json"
"581513","221281","2025-11-28","36.00","NZD","1762317751","23477/2025-11-28/1762317751.json"
"581514","221282","2025-11-28","36.00","NZD","1762317751","23477/2025-11-28/1762317751.json"
"512557","146154","2025-11-28","45.00","NZD","1762317751","23477/2025-11-28/1762317751.json"
"365170","146153","2025-11-28","48.00","NZD","1762317751","23477/2025-11-28/1762317751.json"
"510807","146155","2025-11-28","52.00","NZD","1762317751","23477/2025-11-28/1762317751.json"
"581513","221281","2025-11-30","36.00","NZD","1762317751","23477/2025-11-30/1762317751.json"
"581514","221282","2025-11-30","36.00","NZD","1762317751","23477/2025-11-30/1762317751.json"
"512557","146154","2025-11-30","45.00","NZD","1762317751","23477/2025-11-30/1762317751.json"
"365170","146153","2025-11-30","48.00","NZD","1762317751","23477/2025-11-30/1762317751.json"
"510807","146155","2025-11-30","52.00","NZD","1762317751","23477/2025-11-30/1762317751.json"
"581513","221281","2025-11-29","36.00","NZD","1762317751","23477/2025-11-29/1762317751.json"
"581514","221282","2025-11-29","36.00","NZD","1762317751","23477/2025-11-29/1762317751.json"
"512557","146154","2025-11-29","45.00","NZD","1762317751","23477/2025-11-29/1762317751.json"
"365170","146153","2025-11-29","48.00","NZD","1762317751","23477/2025-11-29/1762317751.json"
"510807","146155","2025-11-29","52.00","NZD","1762317751","23477/2025-11-29/1762317751.json"
"581513","221281","2025-12-01","36.00","NZD","1762317751","23477/2025-12-01/1762317751.json"
"581514","221282","2025-12-01","36.00","NZD","1762317751","23477/2025-12-01/1762317751.json"
"512557","146154","2025-12-01","45.00","NZD","1762317751","23477/2025-12-01/1762317751.json"
"365170","146153","2025-12-01","48.00","NZD","1762317751","23477/2025-12-01/1762317751.json"
"510807","146155","2025-12-01","52.00","NZD","1762317751","23477/2025-12-01/1762317751.json"
"581513","221281","2025-12-02","36.00","NZD","1762317751","23477/2025-12-02/1762317751.json"
"581514","221282","2025-12-02","36.00","NZD","1762317751","23477/2025-12-02/1762317751.json"
"512557","146154","2025-12-02","45.00","NZD","1762317751","23477/2025-12-02/1762317751.json"
"365170","146153","2025-12-02","48.00","NZD","1762317751","23477/2025-12-02/1762317751.json"
"510807","146155","2025-12-02","52.00","NZD","1762317751","23477/2025-12-02/1762317751.json"
"581513","221281","2025-12-04","36.00","NZD","1762317751","23477/2025-12-04/1762317751.json"
"581514","221282","2025-12-04","36.00","NZD","1762317751","23477/2025-12-04/1762317751.json"
"512557","146154","2025-12-04","45.00","NZD","1762317751","23477/2025-12-04/1762317751.json"
"365170","146153","2025-12-04","48.00","NZD","1762317751","23477/2025-12-04/1762317751.json"
"510807","146155","2025-12-04","52.00","NZD","1762317751","23477/2025-12-04/1762317751.json"
"581513","221281","2025-12-05","36.00","NZD","1762317751","23477/2025-12-05/1762317751.json"
"581514","221282","2025-12-05","36.00","NZD","1762317751","23477/2025-12-05/1762317751.json"
"512557","146154","2025-12-05","45.00","NZD","1762317751","23477/2025-12-05/1762317751.json"
"365170","146153","2025-12-05","48.00","NZD","1762317751","23477/2025-12-05/1762317751.json"
"510807","146155","2025-12-05","52.00","NZD","1762317751","23477/2025-12-05/1762317751.json"
"581513","221281","2025-12-03","36.00","NZD","1762317751","23477/2025-12-03/1762317751.json"
"581514","221282","2025-12-03","36.00","NZD","1762317751","23477/2025-12-03/1762317751.json"
"512557","146154","2025-12-03","45.00","NZD","1762317751","23477/2025-12-03/1762317751.json"
"365170","146153","2025-12-03","48.00","NZD","1762317751","23477/2025-12-03/1762317751.json"
"510807","146155","2025-12-03","52.00","NZD","1762317751","23477/2025-12-03/1762317751.json"
"581513","221281","2025-12-06","36.00","NZD","1762317751","23477/2025-12-06/1762317751.json"
"581514","221282","2025-12-06","36.00","NZD","1762317751","23477/2025-12-06/1762317751.json"
"512557","146154","2025-12-06","45.00","NZD","1762317751","23477/2025-12-06/1762317751.json"
"365170","146153","2025-12-06","48.00","NZD","1762317751","23477/2025-12-06/1762317751.json"
"510807","146155","2025-12-06","52.00","NZD","1762317751","23477/2025-12-06/1762317751.json"
"581513","221281","2025-12-07","36.00","NZD","1762317751","23477/2025-12-07/1762317751.json"
"581513","221281","2025-12-08","36.00","NZD","1762317751","23477/2025-12-08/1762317751.json"
"581514","221282","2025-12-08","36.00","NZD","1762317751","23477/2025-12-08/1762317751.json"
"581514","221282","2025-12-07","36.00","NZD","1762317751","23477/2025-12-07/1762317751.json"
"512557","146154","2025-12-08","45.00","NZD","1762317751","23477/2025-12-08/1762317751.json"
"365170","146153","2025-12-08","48.00","NZD","1762317751","23477/2025-12-08/1762317751.json"
"512557","146154","2025-12-07","45.00","NZD","1762317751","23477/2025-12-07/1762317751.json"
"510807","146155","2025-12-08","52.00","NZD","1762317751","23477/2025-12-08/1762317751.json"
"365170","146153","2025-12-07","48.00","NZD","1762317751","23477/2025-12-07/1762317751.json"
"510807","146155","2025-12-07","52.00","NZD","1762317751","23477/2025-12-07/1762317751.json"
"581513","221281","2025-12-10","36.00","NZD","1762317751","23477/2025-12-10/1762317751.json"
"581514","221282","2025-12-10","36.00","NZD","1762317751","23477/2025-12-10/1762317751.json"
"512557","146154","2025-12-10","45.00","NZD","1762317751","23477/2025-12-10/1762317751.json"
"365170","146153","2025-12-10","48.00","NZD","1762317751","23477/2025-12-10/1762317751.json"
"510807","146155","2025-12-10","52.00","NZD","1762317751","23477/2025-12-10/1762317751.json"
"581513","221281","2025-12-09","36.00","NZD","1762317751","23477/2025-12-09/1762317751.json"
"581514","221282","2025-12-09","36.00","NZD","1762317751","23477/2025-12-09/1762317751.json"
"512557","146154","2025-12-09","45.00","NZD","1762317751","23477/2025-12-09/1762317751.json"
"365170","146153","2025-12-09","48.00","NZD","1762317751","23477/2025-12-09/1762317751.json"
"510807","146155","2025-12-09","52.00","NZD","1762317751","23477/2025-12-09/1762317751.json"
"581513","221281","2025-12-11","36.00","NZD","1762317751","23477/2025-12-11/1762317751.json"
"581514","221282","2025-12-11","36.00","NZD","1762317751","23477/2025-12-11/1762317751.json"
"512557","146154","2025-12-11","45.00","NZD","1762317751","23477/2025-12-11/1762317751.json"
"365170","146153","2025-12-11","48.00","NZD","1762317751","23477/2025-12-11/1762317751.json"
"510807","146155","2025-12-11","52.00","NZD","1762317751","23477/2025-12-11/1762317751.json"
"581513","221281","2025-12-12","36.00","NZD","1762317751","23477/2025-12-12/1762317751.json"
"581514","221282","2025-12-12","36.00","NZD","1762317751","23477/2025-12-12/1762317751.json"
"512557","146154","2025-12-12","45.00","NZD","1762317751","23477/2025-12-12/1762317751.json"
"365170","146153","2025-12-12","48.00","NZD","1762317751","23477/2025-12-12/1762317751.json"
"510807","146155","2025-12-12","52.00","NZD","1762317751","23477/2025-12-12/1762317751.json"
"581513","221281","2025-12-14","36.00","NZD","1762317751","23477/2025-12-14/1762317751.json"
"581514","221282","2025-12-14","36.00","NZD","1762317751","23477/2025-12-14/1762317751.json"
"512557","146154","2025-12-14","45.00","NZD","1762317751","23477/2025-12-14/1762317751.json"
"365170","146153","2025-12-14","48.00","NZD","1762317751","23477/2025-12-14/1762317751.json"
"510807","146155","2025-12-14","52.00","NZD","1762317751","23477/2025-12-14/1762317751.json"
"581513","221281","2025-12-13","36.00","NZD","1762317751","23477/2025-12-13/1762317751.json"
"581514","221282","2025-12-13","36.00","NZD","1762317751","23477/2025-12-13/1762317751.json"
"512557","146154","2025-12-13","45.00","NZD","1762317751","23477/2025-12-13/1762317751.json"
"365170","146153","2025-12-13","48.00","NZD","1762317751","23477/2025-12-13/1762317751.json"
"510807","146155","2025-12-13","52.00","NZD","1762317751","23477/2025-12-13/1762317751.json"
"581513","221281","2025-12-16","36.00","NZD","1762317751","23477/2025-12-16/1762317751.json"
"581514","221282","2025-12-16","36.00","NZD","1762317751","23477/2025-12-16/1762317751.json"
"512557","146154","2025-12-16","45.00","NZD","1762317751","23477/2025-12-16/1762317751.json"
"365170","146153","2025-12-16","48.00","NZD","1762317751","23477/2025-12-16/1762317751.json"
"510807","146155","2025-12-16","52.00","NZD","1762317751","23477/2025-12-16/1762317751.json"
"581513","221281","2025-12-17","36.00","NZD","1762317751","23477/2025-12-17/1762317751.json"
"581514","221282","2025-12-17","36.00","NZD","1762317751","23477/2025-12-17/1762317751.json"
"512557","146154","2025-12-17","45.00","NZD","1762317751","23477/2025-12-17/1762317751.json"
"365170","146153","2025-12-17","48.00","NZD","1762317751","23477/2025-12-17/1762317751.json"
"510807","146155","2025-12-17","52.00","NZD","1762317751","23477/2025-12-17/1762317751.json"
"581513","221281","2025-12-15","36.00","NZD","1762317751","23477/2025-12-15/1762317751.json"
"581514","221282","2025-12-15","36.00","NZD","1762317751","23477/2025-12-15/1762317751.json"
"512557","146154","2025-12-15","45.00","NZD","1762317751","23477/2025-12-15/1762317751.json"
"365170","146153","2025-12-15","48.00","NZD","1762317751","23477/2025-12-15/1762317751.json"
"510807","146155","2025-12-15","52.00","NZD","1762317751","23477/2025-12-15/1762317751.json"
"581513","221281","2025-12-18","36.00","NZD","1762317751","23477/2025-12-18/1762317751.json"
"581514","221282","2025-12-18","36.00","NZD","1762317751","23477/2025-12-18/1762317751.json"
"512557","146154","2025-12-18","45.00","NZD","1762317751","23477/2025-12-18/1762317751.json"
"365170","146153","2025-12-18","48.00","NZD","1762317751","23477/2025-12-18/1762317751.json"
"510807","146155","2025-12-18","52.00","NZD","1762317751","23477/2025-12-18/1762317751.json"
"581513","221281","2025-12-19","36.00","NZD","1762317751","23477/2025-12-19/1762317751.json"
"581514","221282","2025-12-19","36.00","NZD","1762317751","23477/2025-12-19/1762317751.json"
"512557","146154","2025-12-19","45.00","NZD","1762317751","23477/2025-12-19/1762317751.json"
"365170","146153","2025-12-19","48.00","NZD","1762317751","23477/2025-12-19/1762317751.json"
"510807","146155","2025-12-19","52.00","NZD","1762317751","23477/2025-12-19/1762317751.json"
"581513","221281","2025-12-20","36.00","NZD","1762317751","23477/2025-12-20/1762317751.json"
"581514","221282","2025-12-20","36.00","NZD","1762317751","23477/2025-12-20/1762317751.json"
"512557","146154","2025-12-20","45.00","NZD","1762317751","23477/2025-12-20/1762317751.json"
"365170","146153","2025-12-20","48.00","NZD","1762317751","23477/2025-12-20/1762317751.json"
"510807","146155","2025-12-20","52.00","NZD","1762317751","23477/2025-12-20/1762317751.json"
"581513","221281","2025-12-21","36.00","NZD","1762317751","23477/2025-12-21/1762317751.json"
"581514","221282","2025-12-21","36.00","NZD","1762317751","23477/2025-12-21/1762317751.json"
"512557","146154","2025-12-21","45.00","NZD","1762317751","23477/2025-12-21/1762317751.json"
"365170","146153","2025-12-21","48.00","NZD","1762317751","23477/2025-12-21/1762317751.json"
"510807","146155","2025-12-21","52.00","NZD","1762317751","23477/2025-12-21/1762317751.json"
"581513","221281","2025-12-23","38.00","NZD","1762317751","23477/2025-12-23/1762317751.json"
"581514","221282","2025-12-23","38.00","NZD","1762317751","23477/2025-12-23/1762317751.json"
"512557","146154","2025-12-23","45.00","NZD","1762317751","23477/2025-12-23/1762317751.json"
"365170","146153","2025-12-23","48.00","NZD","1762317751","23477/2025-12-23/1762317751.json"
"510807","146155","2025-12-23","52.00","NZD","1762317751","23477/2025-12-23/1762317751.json"
"581513","221281","2025-12-22","36.00","NZD","1762317751","23477/2025-12-22/1762317751.json"
"581514","221282","2025-12-22","36.00","NZD","1762317751","23477/2025-12-22/1762317751.json"
"512557","146154","2025-12-22","45.00","NZD","1762317751","23477/2025-12-22/1762317751.json"
"365170","146153","2025-12-22","48.00","NZD","1762317751","23477/2025-12-22/1762317751.json"
"510807","146155","2025-12-22","52.00","NZD","1762317751","23477/2025-12-22/1762317751.json"
"581513","221281","2025-12-24","38.00","NZD","1762317751","23477/2025-12-24/1762317751.json"
"581514","221282","2025-12-24","38.00","NZD","1762317751","23477/2025-12-24/1762317751.json"
"512557","146154","2025-12-24","45.00","NZD","1762317751","23477/2025-12-24/1762317751.json"
"365170","146153","2025-12-24","48.00","NZD","1762317751","23477/2025-12-24/1762317751.json"
"510807","146155","2025-12-24","52.00","NZD","1762317751","23477/2025-12-24/1762317751.json"
"581513","221281","2025-12-25","38.00","NZD","1762317751","23477/2025-12-25/1762317751.json"
"581514","221282","2025-12-25","38.00","NZD","1762317751","23477/2025-12-25/1762317751.json"
"512557","146154","2025-12-25","45.00","NZD","1762317751","23477/2025-12-25/1762317751.json"
"365170","146153","2025-12-25","48.00","NZD","1762317751","23477/2025-12-25/1762317751.json"
"510807","146155","2025-12-25","52.00","NZD","1762317751","23477/2025-12-25/1762317751.json"
"581513","221281","2025-12-26","42.00","NZD","1762317751","23477/2025-12-26/1762317751.json"
"581514","221282","2025-12-26","42.00","NZD","1762317751","23477/2025-12-26/1762317751.json"
"512557","146154","2025-12-26","45.00","NZD","1762317751","23477/2025-12-26/1762317751.json"
"365170","146153","2025-12-26","48.00","NZD","1762317751","23477/2025-12-26/1762317751.json"
"510807","146155","2025-12-26","52.00","NZD","1762317751","23477/2025-12-26/1762317751.json"
"581513","221281","2025-12-27","42.00","NZD","1762317751","23477/2025-12-27/1762317751.json"
"581514","221282","2025-12-27","42.00","NZD","1762317751","23477/2025-12-27/1762317751.json"
"512557","146154","2025-12-27","45.00","NZD","1762317751","23477/2025-12-27/1762317751.json"
"365170","146153","2025-12-27","48.00","NZD","1762317751","23477/2025-12-27/1762317751.json"
"510807","146155","2025-12-27","52.00","NZD","1762317751","23477/2025-12-27/1762317751.json"
"581513","221281","2025-12-28","42.00","NZD","1762317751","23477/2025-12-28/1762317751.json"
"581514","221282","2025-12-28","42.00","NZD","1762317751","23477/2025-12-28/1762317751.json"
"512557","146154","2025-12-28","45.00","NZD","1762317751","23477/2025-12-28/1762317751.json"
"365170","146153","2025-12-28","48.00","NZD","1762317751","23477/2025-12-28/1762317751.json"
"510807","146155","2025-12-28","52.00","NZD","1762317751","23477/2025-12-28/1762317751.json"
"581513","221281","2025-12-29","42.00","NZD","1762317751","23477/2025-12-29/1762317751.json"
"581514","221282","2025-12-29","42.00","NZD","1762317751","23477/2025-12-29/1762317751.json"
"512557","146154","2025-12-29","45.00","NZD","1762317751","23477/2025-12-29/1762317751.json"
"365170","146153","2025-12-29","48.00","NZD","1762317751","23477/2025-12-29/1762317751.json"
"510807","146155","2025-12-29","52.00","NZD","1762317751","23477/2025-12-29/1762317751.json"
"581513","221281","2025-12-30","42.00","NZD","1762317751","23477/2025-12-30/1762317751.json"
"581514","221282","2025-12-30","42.00","NZD","1762317751","23477/2025-12-30/1762317751.json"
"512557","146154","2025-12-30","45.00","NZD","1762317751","23477/2025-12-30/1762317751.json"
"365170","146153","2025-12-30","48.00","NZD","1762317751","23477/2025-12-30/1762317751.json"
"510807","146155","2025-12-30","52.00","NZD","1762317751","23477/2025-12-30/1762317751.json"
"581513","221281","2025-12-31","42.00","NZD","1762317751","23477/2025-12-31/1762317751.json"
"581514","221282","2025-12-31","42.00","NZD","1762317751","23477/2025-12-31/1762317751.json"
"512557","146154","2025-12-31","45.00","NZD","1762317751","23477/2025-12-31/1762317751.json"
"365170","146153","2025-12-31","48.00","NZD","1762317751","23477/2025-12-31/1762317751.json"
"510807","146155","2025-12-31","52.00","NZD","1762317751","23477/2025-12-31/1762317751.json"
"581513","221281","2026-01-01","42.00","NZD","1762317751","23477/2026-01-01/1762317751.json"
"581514","221282","2026-01-01","42.00","NZD","1762317751","23477/2026-01-01/1762317751.json"
"512557","146154","2026-01-01","45.00","NZD","1762317751","23477/2026-01-01/1762317751.json"
"365170","146153","2026-01-01","48.00","NZD","1762317751","23477/2026-01-01/1762317751.json"
"510807","146155","2026-01-01","52.00","NZD","1762317751","23477/2026-01-01/1762317751.json"
"581513","221281","2026-01-02","42.00","NZD","1762317751","23477/2026-01-02/1762317751.json"
"581514","221282","2026-01-02","42.00","NZD","1762317751","23477/2026-01-02/1762317751.json"
"512557","146154","2026-01-02","45.00","NZD","1762317751","23477/2026-01-02/1762317751.json"
"365170","146153","2026-01-02","48.00","NZD","1762317751","23477/2026-01-02/1762317751.json"
"510807","146155","2026-01-02","52.00","NZD","1762317751","23477/2026-01-02/1762317751.json"
"581513","221281","2026-01-03","42.00","NZD","1762317751","23477/2026-01-03/1762317751.json"
"581514","221282","2026-01-03","42.00","NZD","1762317751","23477/2026-01-03/1762317751.json"
"512557","146154","2026-01-03","45.00","NZD","1762317751","23477/2026-01-03/1762317751.json"
"365170","146153","2026-01-03","48.00","NZD","1762317751","23477/2026-01-03/1762317751.json"
"510807","146155","2026-01-03","52.00","NZD","1762317751","23477/2026-01-03/1762317751.json"
"581513","221281","2026-01-04","42.00","NZD","1762317751","23477/2026-01-04/1762317751.json"
"581514","221282","2026-01-04","42.00","NZD","1762317751","23477/2026-01-04/1762317751.json"
"512557","146154","2026-01-04","45.00","NZD","1762317751","23477/2026-01-04/1762317751.json"
"365170","146153","2026-01-04","48.00","NZD","1762317751","23477/2026-01-04/1762317751.json"
"510807","146155","2026-01-04","52.00","NZD","1762317751","23477/2026-01-04/1762317751.json"
"581513","221281","2025-11-06","36.00","NZD","1762332306","23477/2025-11-06/1762332306.json"
"581514","221282","2025-11-06","36.00","NZD","1762332306","23477/2025-11-06/1762332306.json"
"512557","146154","2025-11-06","45.00","NZD","1762332306","23477/2025-11-06/1762332306.json"
"365170","146153","2025-11-06","48.00","NZD","1762332306","23477/2025-11-06/1762332306.json"
"510807","146155","2025-11-06","52.00","NZD","1762332306","23477/2025-11-06/1762332306.json"
"581513","221281","2025-11-05","36.00","NZD","1762332306","23477/2025-11-05/1762332306.json"
"581514","221282","2025-11-05","36.00","NZD","1762332306","23477/2025-11-05/1762332306.json"
"512557","146154","2025-11-05","45.00","NZD","1762332306","23477/2025-11-05/1762332306.json"
"365170","146153","2025-11-05","48.00","NZD","1762332306","23477/2025-11-05/1762332306.json"
"510807","146155","2025-11-05","52.00","NZD","1762332306","23477/2025-11-05/1762332306.json"
"581513","221281","2025-11-08","36.00","NZD","1762332306","23477/2025-11-08/1762332306.json"
"581514","221282","2025-11-08","36.00","NZD","1762332306","23477/2025-11-08/1762332306.json"
"512557","146154","2025-11-08","45.00","NZD","1762332306","23477/2025-11-08/1762332306.json"
"365170","146153","2025-11-08","48.00","NZD","1762332306","23477/2025-11-08/1762332306.json"
"510807","146155","2025-11-08","52.00","NZD","1762332306","23477/2025-11-08/1762332306.json"
"581513","221281","2025-11-07","36.00","NZD","1762332306","23477/2025-11-07/1762332306.json"
"581514","221282","2025-11-07","36.00","NZD","1762332306","23477/2025-11-07/1762332306.json"
"512557","146154","2025-11-07","45.00","NZD","1762332306","23477/2025-11-07/1762332306.json"
"365170","146153","2025-11-07","48.00","NZD","1762332306","23477/2025-11-07/1762332306.json"
"510807","146155","2025-11-07","52.00","NZD","1762332306","23477/2025-11-07/1762332306.json"
"581513","221281","2025-11-11","36.00","NZD","1762332306","23477/2025-11-11/1762332306.json"
"581514","221282","2025-11-11","36.00","NZD","1762332306","23477/2025-11-11/1762332306.json"
"512557","146154","2025-11-11","45.00","NZD","1762332306","23477/2025-11-11/1762332306.json"
"365170","146153","2025-11-11","48.00","NZD","1762332306","23477/2025-11-11/1762332306.json"
"510807","146155","2025-11-11","52.00","NZD","1762332306","23477/2025-11-11/1762332306.json"
"581513","221281","2025-11-10","36.00","NZD","1762332306","23477/2025-11-10/1762332306.json"
"581514","221282","2025-11-10","36.00","NZD","1762332306","23477/2025-11-10/1762332306.json"
"512557","146154","2025-11-10","45.00","NZD","1762332306","23477/2025-11-10/1762332306.json"
"365170","146153","2025-11-10","48.00","NZD","1762332306","23477/2025-11-10/1762332306.json"
"510807","146155","2025-11-10","52.00","NZD","1762332306","23477/2025-11-10/1762332306.json"
"581513","221281","2025-11-09","36.00","NZD","1762332306","23477/2025-11-09/1762332306.json"
"581514","221282","2025-11-09","36.00","NZD","1762332306","23477/2025-11-09/1762332306.json"
"512557","146154","2025-11-09","45.00","NZD","1762332306","23477/2025-11-09/1762332306.json"
"365170","146153","2025-11-09","48.00","NZD","1762332306","23477/2025-11-09/1762332306.json"
"510807","146155","2025-11-09","52.00","NZD","1762332306","23477/2025-11-09/1762332306.json"
"581513","221281","2025-11-12","36.00","NZD","1762332306","23477/2025-11-12/1762332306.json"
"581514","221282","2025-11-12","36.00","NZD","1762332306","23477/2025-11-12/1762332306.json"
"512557","146154","2025-11-12","45.00","NZD","1762332306","23477/2025-11-12/1762332306.json"
"365170","146153","2025-11-12","48.00","NZD","1762332306","23477/2025-11-12/1762332306.json"
"510807","146155","2025-11-12","52.00","NZD","1762332306","23477/2025-11-12/1762332306.json"
"581513","221281","2025-11-13","36.00","NZD","1762332306","23477/2025-11-13/1762332306.json"
"581514","221282","2025-11-13","36.00","NZD","1762332306","23477/2025-11-13/1762332306.json"
"512557","146154","2025-11-13","45.00","NZD","1762332306","23477/2025-11-13/1762332306.json"
"365170","146153","2025-11-13","48.00","NZD","1762332306","23477/2025-11-13/1762332306.json"
"510807","146155","2025-11-13","52.00","NZD","1762332306","23477/2025-11-13/1762332306.json"
"581513","221281","2025-11-14","36.00","NZD","1762332306","23477/2025-11-14/1762332306.json"
"581514","221282","2025-11-14","36.00","NZD","1762332306","23477/2025-11-14/1762332306.json"
"512557","146154","2025-11-14","45.00","NZD","1762332306","23477/2025-11-14/1762332306.json"
"365170","146153","2025-11-14","48.00","NZD","1762332306","23477/2025-11-14/1762332306.json"
"510807","146155","2025-11-14","52.00","NZD","1762332306","23477/2025-11-14/1762332306.json"
"581513","221281","2025-11-15","36.00","NZD","1762332306","23477/2025-11-15/1762332306.json"
"581513","221281","2025-11-16","36.00","NZD","1762332306","23477/2025-11-16/1762332306.json"
"581514","221282","2025-11-16","36.00","NZD","1762332306","23477/2025-11-16/1762332306.json"
"581514","221282","2025-11-15","36.00","NZD","1762332306","23477/2025-11-15/1762332306.json"
"512557","146154","2025-11-16","45.00","NZD","1762332306","23477/2025-11-16/1762332306.json"
"365170","146153","2025-11-16","48.00","NZD","1762332306","23477/2025-11-16/1762332306.json"
"512557","146154","2025-11-15","45.00","NZD","1762332306","23477/2025-11-15/1762332306.json"
"510807","146155","2025-11-16","52.00","NZD","1762332306","23477/2025-11-16/1762332306.json"
"365170","146153","2025-11-15","48.00","NZD","1762332306","23477/2025-11-15/1762332306.json"
"510807","146155","2025-11-15","52.00","NZD","1762332306","23477/2025-11-15/1762332306.json"
"581513","221281","2025-11-18","36.00","NZD","1762332306","23477/2025-11-18/1762332306.json"
"581514","221282","2025-11-18","36.00","NZD","1762332306","23477/2025-11-18/1762332306.json"
"512557","146154","2025-11-18","45.00","NZD","1762332306","23477/2025-11-18/1762332306.json"
"365170","146153","2025-11-18","48.00","NZD","1762332306","23477/2025-11-18/1762332306.json"
"510807","146155","2025-11-18","52.00","NZD","1762332306","23477/2025-11-18/1762332306.json"
"581513","221281","2025-11-17","36.00","NZD","1762332306","23477/2025-11-17/1762332306.json"
"581514","221282","2025-11-17","36.00","NZD","1762332306","23477/2025-11-17/1762332306.json"
"512557","146154","2025-11-17","45.00","NZD","1762332306","23477/2025-11-17/1762332306.json"
"365170","146153","2025-11-17","48.00","NZD","1762332306","23477/2025-11-17/1762332306.json"
"510807","146155","2025-11-17","52.00","NZD","1762332306","23477/2025-11-17/1762332306.json"
"581513","221281","2025-11-19","36.00","NZD","1762332306","23477/2025-11-19/1762332306.json"
"581514","221282","2025-11-19","36.00","NZD","1762332306","23477/2025-11-19/1762332306.json"
"512557","146154","2025-11-19","45.00","NZD","1762332306","23477/2025-11-19/1762332306.json"
"365170","146153","2025-11-19","48.00","NZD","1762332306","23477/2025-11-19/1762332306.json"
"510807","146155","2025-11-19","52.00","NZD","1762332306","23477/2025-11-19/1762332306.json"
"581513","221281","2025-11-20","36.00","NZD","1762332306","23477/2025-11-20/1762332306.json"
"581514","221282","2025-11-20","36.00","NZD","1762332306","23477/2025-11-20/1762332306.json"
"512557","146154","2025-11-20","45.00","NZD","1762332306","23477/2025-11-20/1762332306.json"
"581513","221281","2025-11-21","36.00","NZD","1762332306","23477/2025-11-21/1762332306.json"
"581514","221282","2025-11-21","36.00","NZD","1762332306","23477/2025-11-21/1762332306.json"
"512557","146154","2025-11-21","45.00","NZD","1762332306","23477/2025-11-21/1762332306.json"
"365170","146153","2025-11-21","48.00","NZD","1762332306","23477/2025-11-21/1762332306.json"
"510807","146155","2025-11-21","52.00","NZD","1762332306","23477/2025-11-21/1762332306.json"
"581513","221281","2025-11-24","36.00","NZD","1762332306","23477/2025-11-24/1762332306.json"
"581514","221282","2025-11-24","36.00","NZD","1762332306","23477/2025-11-24/1762332306.json"
"512557","146154","2025-11-24","45.00","NZD","1762332306","23477/2025-11-24/1762332306.json"
"365170","146153","2025-11-24","48.00","NZD","1762332306","23477/2025-11-24/1762332306.json"
"510807","146155","2025-11-24","52.00","NZD","1762332306","23477/2025-11-24/1762332306.json"
"581513","221281","2025-11-22","36.00","NZD","1762332306","23477/2025-11-22/1762332306.json"
"581514","221282","2025-11-22","36.00","NZD","1762332306","23477/2025-11-22/1762332306.json"
"512557","146154","2025-11-22","45.00","NZD","1762332306","23477/2025-11-22/1762332306.json"
"365170","146153","2025-11-22","48.00","NZD","1762332306","23477/2025-11-22/1762332306.json"
"510807","146155","2025-11-22","52.00","NZD","1762332306","23477/2025-11-22/1762332306.json"
"581513","221281","2025-11-25","36.00","NZD","1762332306","23477/2025-11-25/1762332306.json"
"581513","221281","2025-11-23","36.00","NZD","1762332306","23477/2025-11-23/1762332306.json"
"581514","221282","2025-11-25","36.00","NZD","1762332306","23477/2025-11-25/1762332306.json"
"581514","221282","2025-11-23","36.00","NZD","1762332306","23477/2025-11-23/1762332306.json"
"512557","146154","2025-11-23","45.00","NZD","1762332306","23477/2025-11-23/1762332306.json"
"512557","146154","2025-11-25","45.00","NZD","1762332306","23477/2025-11-25/1762332306.json"
"365170","146153","2025-11-23","48.00","NZD","1762332306","23477/2025-11-23/1762332306.json"
"510807","146155","2025-11-23","52.00","NZD","1762332306","23477/2025-11-23/1762332306.json"
"365170","146153","2025-11-25","48.00","NZD","1762332306","23477/2025-11-25/1762332306.json"
"510807","146155","2025-11-25","52.00","NZD","1762332306","23477/2025-11-25/1762332306.json"
"581513","221281","2025-11-26","36.00","NZD","1762332306","23477/2025-11-26/1762332306.json"
"581514","221282","2025-11-26","36.00","NZD","1762332306","23477/2025-11-26/1762332306.json"
"581513","221281","2025-11-27","36.00","NZD","1762332306","23477/2025-11-27/1762332306.json"
"512557","146154","2025-11-26","45.00","NZD","1762332306","23477/2025-11-26/1762332306.json"
"365170","146153","2025-11-26","48.00","NZD","1762332306","23477/2025-11-26/1762332306.json"
"581514","221282","2025-11-27","36.00","NZD","1762332306","23477/2025-11-27/1762332306.json"
"510807","146155","2025-11-26","52.00","NZD","1762332306","23477/2025-11-26/1762332306.json"
"512557","146154","2025-11-27","45.00","NZD","1762332306","23477/2025-11-27/1762332306.json"
"365170","146153","2025-11-27","48.00","NZD","1762332306","23477/2025-11-27/1762332306.json"
"510807","146155","2025-11-27","52.00","NZD","1762332306","23477/2025-11-27/1762332306.json"
"581513","221281","2025-11-28","36.00","NZD","1762332306","23477/2025-11-28/1762332306.json"
"581514","221282","2025-11-28","36.00","NZD","1762332306","23477/2025-11-28/1762332306.json"
"512557","146154","2025-11-28","45.00","NZD","1762332306","23477/2025-11-28/1762332306.json"
"365170","146153","2025-11-28","48.00","NZD","1762332306","23477/2025-11-28/1762332306.json"
"510807","146155","2025-11-28","52.00","NZD","1762332306","23477/2025-11-28/1762332306.json"
"581513","221281","2025-11-29","36.00","NZD","1762332306","23477/2025-11-29/1762332306.json"
"581514","221282","2025-11-29","36.00","NZD","1762332306","23477/2025-11-29/1762332306.json"
"512557","146154","2025-11-29","45.00","NZD","1762332306","23477/2025-11-29/1762332306.json"
"365170","146153","2025-11-29","48.00","NZD","1762332306","23477/2025-11-29/1762332306.json"
"510807","146155","2025-11-29","52.00","NZD","1762332306","23477/2025-11-29/1762332306.json"
"581513","221281","2025-11-30","36.00","NZD","1762332306","23477/2025-11-30/1762332306.json"
"581514","221282","2025-11-30","36.00","NZD","1762332306","23477/2025-11-30/1762332306.json"
"512557","146154","2025-11-30","45.00","NZD","1762332306","23477/2025-11-30/1762332306.json"
"365170","146153","2025-11-30","48.00","NZD","1762332306","23477/2025-11-30/1762332306.json"
"510807","146155","2025-11-30","52.00","NZD","1762332306","23477/2025-11-30/1762332306.json"
"581513","221281","2025-12-01","36.00","NZD","1762332306","23477/2025-12-01/1762332306.json"
"581514","221282","2025-12-01","36.00","NZD","1762332306","23477/2025-12-01/1762332306.json"
"512557","146154","2025-12-01","45.00","NZD","1762332306","23477/2025-12-01/1762332306.json"
"365170","146153","2025-12-01","48.00","NZD","1762332306","23477/2025-12-01/1762332306.json"
"510807","146155","2025-12-01","52.00","NZD","1762332306","23477/2025-12-01/1762332306.json"
"581513","221281","2025-12-02","36.00","NZD","1762332306","23477/2025-12-02/1762332306.json"
"581514","221282","2025-12-02","36.00","NZD","1762332306","23477/2025-12-02/1762332306.json"
"512557","146154","2025-12-02","45.00","NZD","1762332306","23477/2025-12-02/1762332306.json"
"365170","146153","2025-12-02","48.00","NZD","1762332306","23477/2025-12-02/1762332306.json"
"510807","146155","2025-12-02","52.00","NZD","1762332306","23477/2025-12-02/1762332306.json"
"581513","221281","2025-12-03","36.00","NZD","1762332306","23477/2025-12-03/1762332306.json"
"581514","221282","2025-12-03","36.00","NZD","1762332306","23477/2025-12-03/1762332306.json"
"512557","146154","2025-12-03","45.00","NZD","1762332306","23477/2025-12-03/1762332306.json"
"365170","146153","2025-12-03","48.00","NZD","1762332306","23477/2025-12-03/1762332306.json"
"510807","146155","2025-12-03","52.00","NZD","1762332306","23477/2025-12-03/1762332306.json"
"581513","221281","2025-12-04","36.00","NZD","1762332306","23477/2025-12-04/1762332306.json"
"581514","221282","2025-12-04","36.00","NZD","1762332306","23477/2025-12-04/1762332306.json"
"512557","146154","2025-12-04","45.00","NZD","1762332306","23477/2025-12-04/1762332306.json"
"365170","146153","2025-12-04","48.00","NZD","1762332306","23477/2025-12-04/1762332306.json"
"510807","146155","2025-12-04","52.00","NZD","1762332306","23477/2025-12-04/1762332306.json"
"581513","221281","2025-12-05","36.00","NZD","1762332306","23477/2025-12-05/1762332306.json"
"581514","221282","2025-12-05","36.00","NZD","1762332306","23477/2025-12-05/1762332306.json"
"512557","146154","2025-12-05","45.00","NZD","1762332306","23477/2025-12-05/1762332306.json"
"365170","146153","2025-12-05","48.00","NZD","1762332306","23477/2025-12-05/1762332306.json"
"510807","146155","2025-12-05","52.00","NZD","1762332306","23477/2025-12-05/1762332306.json"
"581513","221281","2025-12-06","36.00","NZD","1762332306","23477/2025-12-06/1762332306.json"
"581514","221282","2025-12-06","36.00","NZD","1762332306","23477/2025-12-06/1762332306.json"
"512557","146154","2025-12-06","45.00","NZD","1762332306","23477/2025-12-06/1762332306.json"
"365170","146153","2025-12-06","48.00","NZD","1762332306","23477/2025-12-06/1762332306.json"
"510807","146155","2025-12-06","52.00","NZD","1762332306","23477/2025-12-06/1762332306.json"
"581513","221281","2025-12-07","36.00","NZD","1762332306","23477/2025-12-07/1762332306.json"
"581514","221282","2025-12-07","36.00","NZD","1762332306","23477/2025-12-07/1762332306.json"
"512557","146154","2025-12-07","45.00","NZD","1762332306","23477/2025-12-07/1762332306.json"
"365170","146153","2025-12-07","48.00","NZD","1762332306","23477/2025-12-07/1762332306.json"
"510807","146155","2025-12-07","52.00","NZD","1762332306","23477/2025-12-07/1762332306.json"
"581513","221281","2025-12-08","36.00","NZD","1762332306","23477/2025-12-08/1762332306.json"
"581514","221282","2025-12-08","36.00","NZD","1762332306","23477/2025-12-08/1762332306.json"
"512557","146154","2025-12-08","45.00","NZD","1762332306","23477/2025-12-08/1762332306.json"
"365170","146153","2025-12-08","48.00","NZD","1762332306","23477/2025-12-08/1762332306.json"
"510807","146155","2025-12-08","52.00","NZD","1762332306","23477/2025-12-08/1762332306.json"
"581513","221281","2025-12-09","36.00","NZD","1762332306","23477/2025-12-09/1762332306.json"
"581514","221282","2025-12-09","36.00","NZD","1762332306","23477/2025-12-09/1762332306.json"
"512557","146154","2025-12-09","45.00","NZD","1762332306","23477/2025-12-09/1762332306.json"
"365170","146153","2025-12-09","48.00","NZD","1762332306","23477/2025-12-09/1762332306.json"
"510807","146155","2025-12-09","52.00","NZD","1762332306","23477/2025-12-09/1762332306.json"
"581513","221281","2025-12-10","36.00","NZD","1762332306","23477/2025-12-10/1762332306.json"
"581514","221282","2025-12-10","36.00","NZD","1762332306","23477/2025-12-10/1762332306.json"
"512557","146154","2025-12-10","45.00","NZD","1762332306","23477/2025-12-10/1762332306.json"
"365170","146153","2025-12-10","48.00","NZD","1762332306","23477/2025-12-10/1762332306.json"
"510807","146155","2025-12-10","52.00","NZD","1762332306","23477/2025-12-10/1762332306.json"
"581513","221281","2025-12-11","36.00","NZD","1762332306","23477/2025-12-11/1762332306.json"
"581514","221282","2025-12-11","36.00","NZD","1762332306","23477/2025-12-11/1762332306.json"
"512557","146154","2025-12-11","45.00","NZD","1762332306","23477/2025-12-11/1762332306.json"
"365170","146153","2025-12-11","48.00","NZD","1762332306","23477/2025-12-11/1762332306.json"
"510807","146155","2025-12-11","52.00","NZD","1762332306","23477/2025-12-11/1762332306.json"
"581513","221281","2025-12-12","36.00","NZD","1762332306","23477/2025-12-12/1762332306.json"
"581514","221282","2025-12-12","36.00","NZD","1762332306","23477/2025-12-12/1762332306.json"
"512557","146154","2025-12-12","45.00","NZD","1762332306","23477/2025-12-12/1762332306.json"
"365170","146153","2025-12-12","48.00","NZD","1762332306","23477/2025-12-12/1762332306.json"
"510807","146155","2025-12-12","52.00","NZD","1762332306","23477/2025-12-12/1762332306.json"
"581513","221281","2025-12-13","36.00","NZD","1762332306","23477/2025-12-13/1762332306.json"
"581514","221282","2025-12-13","36.00","NZD","1762332306","23477/2025-12-13/1762332306.json"
"512557","146154","2025-12-13","45.00","NZD","1762332306","23477/2025-12-13/1762332306.json"
"365170","146153","2025-12-13","48.00","NZD","1762332306","23477/2025-12-13/1762332306.json"
"510807","146155","2025-12-13","52.00","NZD","1762332306","23477/2025-12-13/1762332306.json"
"581513","221281","2025-12-15","36.00","NZD","1762332306","23477/2025-12-15/1762332306.json"
"581514","221282","2025-12-15","36.00","NZD","1762332306","23477/2025-12-15/1762332306.json"
"512557","146154","2025-12-15","45.00","NZD","1762332306","23477/2025-12-15/1762332306.json"
"365170","146153","2025-12-15","48.00","NZD","1762332306","23477/2025-12-15/1762332306.json"
"510807","146155","2025-12-15","52.00","NZD","1762332306","23477/2025-12-15/1762332306.json"
"581513","221281","2025-12-16","36.00","NZD","1762332306","23477/2025-12-16/1762332306.json"
"581514","221282","2025-12-16","36.00","NZD","1762332306","23477/2025-12-16/1762332306.json"
"512557","146154","2025-12-16","45.00","NZD","1762332306","23477/2025-12-16/1762332306.json"
"365170","146153","2025-12-16","48.00","NZD","1762332306","23477/2025-12-16/1762332306.json"
"510807","146155","2025-12-16","52.00","NZD","1762332306","23477/2025-12-16/1762332306.json"
"581513","221281","2025-12-17","36.00","NZD","1762332306","23477/2025-12-17/1762332306.json"
"581514","221282","2025-12-17","36.00","NZD","1762332306","23477/2025-12-17/1762332306.json"
"512557","146154","2025-12-17","45.00","NZD","1762332306","23477/2025-12-17/1762332306.json"
"365170","146153","2025-12-17","48.00","NZD","1762332306","23477/2025-12-17/1762332306.json"
"510807","146155","2025-12-17","52.00","NZD","1762332306","23477/2025-12-17/1762332306.json"
"581513","221281","2025-12-14","36.00","NZD","1762332306","23477/2025-12-14/1762332306.json"
"581514","221282","2025-12-14","36.00","NZD","1762332306","23477/2025-12-14/1762332306.json"
"512557","146154","2025-12-14","45.00","NZD","1762332306","23477/2025-12-14/1762332306.json"
"365170","146153","2025-12-14","48.00","NZD","1762332306","23477/2025-12-14/1762332306.json"
"510807","146155","2025-12-14","52.00","NZD","1762332306","23477/2025-12-14/1762332306.json"
"581513","221281","2025-12-18","36.00","NZD","1762332306","23477/2025-12-18/1762332306.json"
"581514","221282","2025-12-18","36.00","NZD","1762332306","23477/2025-12-18/1762332306.json"
"512557","146154","2025-12-18","45.00","NZD","1762332306","23477/2025-12-18/1762332306.json"
"365170","146153","2025-12-18","48.00","NZD","1762332306","23477/2025-12-18/1762332306.json"
"510807","146155","2025-12-18","52.00","NZD","1762332306","23477/2025-12-18/1762332306.json"
"581513","221281","2025-12-19","36.00","NZD","1762332306","23477/2025-12-19/1762332306.json"
"581514","221282","2025-12-19","36.00","NZD","1762332306","23477/2025-12-19/1762332306.json"
"512557","146154","2025-12-19","45.00","NZD","1762332306","23477/2025-12-19/1762332306.json"
"365170","146153","2025-12-19","48.00","NZD","1762332306","23477/2025-12-19/1762332306.json"
"510807","146155","2025-12-19","52.00","NZD","1762332306","23477/2025-12-19/1762332306.json"
"581513","221281","2025-12-20","36.00","NZD","1762332306","23477/2025-12-20/1762332306.json"
"581514","221282","2025-12-20","36.00","NZD","1762332306","23477/2025-12-20/1762332306.json"
"512557","146154","2025-12-20","45.00","NZD","1762332306","23477/2025-12-20/1762332306.json"
"365170","146153","2025-12-20","48.00","NZD","1762332306","23477/2025-12-20/1762332306.json"
"510807","146155","2025-12-20","52.00","NZD","1762332306","23477/2025-12-20/1762332306.json"
"581513","221281","2025-12-21","36.00","NZD","1762332306","23477/2025-12-21/1762332306.json"
"581514","221282","2025-12-21","36.00","NZD","1762332306","23477/2025-12-21/1762332306.json"
"512557","146154","2025-12-21","45.00","NZD","1762332306","23477/2025-12-21/1762332306.json"
"365170","146153","2025-12-21","48.00","NZD","1762332306","23477/2025-12-21/1762332306.json"
"510807","146155","2025-12-21","52.00","NZD","1762332306","23477/2025-12-21/1762332306.json"
"581513","221281","2025-12-22","36.00","NZD","1762332306","23477/2025-12-22/1762332306.json"
"581514","221282","2025-12-22","36.00","NZD","1762332306","23477/2025-12-22/1762332306.json"
"512557","146154","2025-12-22","45.00","NZD","1762332306","23477/2025-12-22/1762332306.json"
"365170","146153","2025-12-22","48.00","NZD","1762332306","23477/2025-12-22/1762332306.json"
"510807","146155","2025-12-22","52.00","NZD","1762332306","23477/2025-12-22/1762332306.json"
"581513","221281","2025-12-23","38.00","NZD","1762332306","23477/2025-12-23/1762332306.json"
"581514","221282","2025-12-23","38.00","NZD","1762332306","23477/2025-12-23/1762332306.json"
"512557","146154","2025-12-23","45.00","NZD","1762332306","23477/2025-12-23/1762332306.json"
"365170","146153","2025-12-23","48.00","NZD","1762332306","23477/2025-12-23/1762332306.json"
"510807","146155","2025-12-23","52.00","NZD","1762332306","23477/2025-12-23/1762332306.json"
"581513","221281","2025-12-25","38.00","NZD","1762332306","23477/2025-12-25/1762332306.json"
"581514","221282","2025-12-25","38.00","NZD","1762332306","23477/2025-12-25/1762332306.json"
"512557","146154","2025-12-25","45.00","NZD","1762332306","23477/2025-12-25/1762332306.json"
"365170","146153","2025-12-25","48.00","NZD","1762332306","23477/2025-12-25/1762332306.json"
"510807","146155","2025-12-25","52.00","NZD","1762332306","23477/2025-12-25/1762332306.json"
"581513","221281","2025-12-26","42.00","NZD","1762332306","23477/2025-12-26/1762332306.json"
"581514","221282","2025-12-26","42.00","NZD","1762332306","23477/2025-12-26/1762332306.json"
"512557","146154","2025-12-26","45.00","NZD","1762332306","23477/2025-12-26/1762332306.json"
"365170","146153","2025-12-26","48.00","NZD","1762332306","23477/2025-12-26/1762332306.json"
"510807","146155","2025-12-26","52.00","NZD","1762332306","23477/2025-12-26/1762332306.json"
"581513","221281","2025-12-24","38.00","NZD","1762332306","23477/2025-12-24/1762332306.json"
"581514","221282","2025-12-24","38.00","NZD","1762332306","23477/2025-12-24/1762332306.json"
"512557","146154","2025-12-24","45.00","NZD","1762332306","23477/2025-12-24/1762332306.json"
"365170","146153","2025-12-24","48.00","NZD","1762332306","23477/2025-12-24/1762332306.json"
"510807","146155","2025-12-24","52.00","NZD","1762332306","23477/2025-12-24/1762332306.json"
"581513","221281","2025-12-27","42.00","NZD","1762332306","23477/2025-12-27/1762332306.json"
"581514","221282","2025-12-27","42.00","NZD","1762332306","23477/2025-12-27/1762332306.json"
"512557","146154","2025-12-27","45.00","NZD","1762332306","23477/2025-12-27/1762332306.json"
"365170","146153","2025-12-27","48.00","NZD","1762332306","23477/2025-12-27/1762332306.json"
"510807","146155","2025-12-27","52.00","NZD","1762332306","23477/2025-12-27/1762332306.json"
"581513","221281","2025-12-28","42.00","NZD","1762332306","23477/2025-12-28/1762332306.json"
"581514","221282","2025-12-28","42.00","NZD","1762332306","23477/2025-12-28/1762332306.json"
"512557","146154","2025-12-28","45.00","NZD","1762332306","23477/2025-12-28/1762332306.json"
"365170","146153","2025-12-28","48.00","NZD","1762332306","23477/2025-12-28/1762332306.json"
"510807","146155","2025-12-28","52.00","NZD","1762332306","23477/2025-12-28/1762332306.json"
"581513","221281","2025-12-29","42.00","NZD","1762332306","23477/2025-12-29/1762332306.json"
"581514","221282","2025-12-29","42.00","NZD","1762332306","23477/2025-12-29/1762332306.json"
"512557","146154","2025-12-29","45.00","NZD","1762332306","23477/2025-12-29/1762332306.json"
"365170","146153","2025-12-29","48.00","NZD","1762332306","23477/2025-12-29/1762332306.json"
"510807","146155","2025-12-29","52.00","NZD","1762332306","23477/2025-12-29/1762332306.json"
"581513","221281","2025-12-30","42.00","NZD","1762332306","23477/2025-12-30/1762332306.json"
"581514","221282","2025-12-30","42.00","NZD","1762332306","23477/2025-12-30/1762332306.json"
"512557","146154","2025-12-30","45.00","NZD","1762332306","23477/2025-12-30/1762332306.json"
"365170","146153","2025-12-30","48.00","NZD","1762332306","23477/2025-12-30/1762332306.json"
"510807","146155","2025-12-30","52.00","NZD","1762332306","23477/2025-12-30/1762332306.json"
"581513","221281","2025-12-31","42.00","NZD","1762332306","23477/2025-12-31/1762332306.json"
"581514","221282","2025-12-31","42.00","NZD","1762332306","23477/2025-12-31/1762332306.json"
"512557","146154","2025-12-31","45.00","NZD","1762332306","23477/2025-12-31/1762332306.json"
"365170","146153","2025-12-31","48.00","NZD","1762332306","23477/2025-12-31/1762332306.json"
"510807","146155","2025-12-31","52.00","NZD","1762332306","23477/2025-12-31/1762332306.json"
"581513","221281","2026-01-02","42.00","NZD","1762332306","23477/2026-01-02/1762332306.json"
"581514","221282","2026-01-02","42.00","NZD","1762332306","23477/2026-01-02/1762332306.json"
"512557","146154","2026-01-02","45.00","NZD","1762332306","23477/2026-01-02/1762332306.json"
"365170","146153","2026-01-02","48.00","NZD","1762332306","23477/2026-01-02/1762332306.json"
"510807","146155","2026-01-02","52.00","NZD","1762332306","23477/2026-01-02/1762332306.json"
"581513","221281","2026-01-01","42.00","NZD","1762332306","23477/2026-01-01/1762332306.json"
"581514","221282","2026-01-01","42.00","NZD","1762332306","23477/2026-01-01/1762332306.json"
"512557","146154","2026-01-01","45.00","NZD","1762332306","23477/2026-01-01/1762332306.json"
"365170","146153","2026-01-01","48.00","NZD","1762332306","23477/2026-01-01/1762332306.json"
"510807","146155","2026-01-01","52.00","NZD","1762332306","23477/2026-01-01/1762332306.json"
"581513","221281","2026-01-04","42.00","NZD","1762332306","23477/2026-01-04/1762332306.json"
"581514","221282","2026-01-04","42.00","NZD","1762332306","23477/2026-01-04/1762332306.json"
"512557","146154","2026-01-04","45.00","NZD","1762332306","23477/2026-01-04/1762332306.json"
"365170","146153","2026-01-04","48.00","NZD","1762332306","23477/2026-01-04/1762332306.json"
"510807","146155","2026-01-04","52.00","NZD","1762332306","23477/2026-01-04/1762332306.json"
"581513","221281","2026-01-03","42.00","NZD","1762332306","23477/2026-01-03/1762332306.json"
"581514","221282","2026-01-03","42.00","NZD","1762332306","23477/2026-01-03/1762332306.json"
"512557","146154","2026-01-03","45.00","NZD","1762332306","23477/2026-01-03/1762332306.json"
"365170","146153","2026-01-03","48.00","NZD","1762332306","23477/2026-01-03/1762332306.json"
"510807","146155","2026-01-03","52.00","NZD","1762332306","23477/2026-01-03/1762332306.json"
"581513","221281","2025-11-07","36.00","NZD","1762347760","23477/2025-11-07/1762347760.json"
"581514","221282","2025-11-07","36.00","NZD","1762347760","23477/2025-11-07/1762347760.json"
"512557","146154","2025-11-07","45.00","NZD","1762347760","23477/2025-11-07/1762347760.json"
"365170","146153","2025-11-07","48.00","NZD","1762347760","23477/2025-11-07/1762347760.json"
"510807","146155","2025-11-07","52.00","NZD","1762347760","23477/2025-11-07/1762347760.json"
"581513","221281","2025-11-08","36.00","NZD","1762347760","23477/2025-11-08/1762347760.json"
"581514","221282","2025-11-08","36.00","NZD","1762347760","23477/2025-11-08/1762347760.json"
"512557","146154","2025-11-08","45.00","NZD","1762347760","23477/2025-11-08/1762347760.json"
"365170","146153","2025-11-08","48.00","NZD","1762347760","23477/2025-11-08/1762347760.json"
"510807","146155","2025-11-08","52.00","NZD","1762347760","23477/2025-11-08/1762347760.json"
"581513","221281","2025-11-06","36.00","NZD","1762347760","23477/2025-11-06/1762347760.json"
"581514","221282","2025-11-06","36.00","NZD","1762347760","23477/2025-11-06/1762347760.json"
"512557","146154","2025-11-06","45.00","NZD","1762347760","23477/2025-11-06/1762347760.json"
"365170","146153","2025-11-06","48.00","NZD","1762347760","23477/2025-11-06/1762347760.json"
"510807","146155","2025-11-06","52.00","NZD","1762347760","23477/2025-11-06/1762347760.json"
"581513","221281","2025-11-09","36.00","NZD","1762347760","23477/2025-11-09/1762347760.json"
"581514","221282","2025-11-09","36.00","NZD","1762347760","23477/2025-11-09/1762347760.json"
"512557","146154","2025-11-09","45.00","NZD","1762347760","23477/2025-11-09/1762347760.json"
"365170","146153","2025-11-09","48.00","NZD","1762347760","23477/2025-11-09/1762347760.json"
"510807","146155","2025-11-09","52.00","NZD","1762347760","23477/2025-11-09/1762347760.json"
"581513","221281","2025-11-11","36.00","NZD","1762347760","23477/2025-11-11/1762347760.json"
"581514","221282","2025-11-11","36.00","NZD","1762347760","23477/2025-11-11/1762347760.json"
"512557","146154","2025-11-11","45.00","NZD","1762347760","23477/2025-11-11/1762347760.json"
"365170","146153","2025-11-11","48.00","NZD","1762347760","23477/2025-11-11/1762347760.json"
"510807","146155","2025-11-11","52.00","NZD","1762347760","23477/2025-11-11/1762347760.json"
"581513","221281","2025-11-10","36.00","NZD","1762347760","23477/2025-11-10/1762347760.json"
"581513","221281","2025-11-12","36.00","NZD","1762347760","23477/2025-11-12/1762347760.json"
"581514","221282","2025-11-10","36.00","NZD","1762347760","23477/2025-11-10/1762347760.json"
"581514","221282","2025-11-12","36.00","NZD","1762347760","23477/2025-11-12/1762347760.json"
"512557","146154","2025-11-10","45.00","NZD","1762347760","23477/2025-11-10/1762347760.json"
"512557","146154","2025-11-12","45.00","NZD","1762347760","23477/2025-11-12/1762347760.json"
"365170","146153","2025-11-10","48.00","NZD","1762347760","23477/2025-11-10/1762347760.json"
"365170","146153","2025-11-12","48.00","NZD","1762347760","23477/2025-11-12/1762347760.json"
"510807","146155","2025-11-10","52.00","NZD","1762347760","23477/2025-11-10/1762347760.json"
"510807","146155","2025-11-12","52.00","NZD","1762347760","23477/2025-11-12/1762347760.json"
"581513","221281","2025-11-13","36.00","NZD","1762347760","23477/2025-11-13/1762347760.json"
"581514","221282","2025-11-13","36.00","NZD","1762347760","23477/2025-11-13/1762347760.json"
"512557","146154","2025-11-13","45.00","NZD","1762347760","23477/2025-11-13/1762347760.json"
"365170","146153","2025-11-13","48.00","NZD","1762347760","23477/2025-11-13/1762347760.json"
"510807","146155","2025-11-13","52.00","NZD","1762347760","23477/2025-11-13/1762347760.json"
"581513","221281","2025-11-16","36.00","NZD","1762347760","23477/2025-11-16/1762347760.json"
"581514","221282","2025-11-16","36.00","NZD","1762347760","23477/2025-11-16/1762347760.json"
"512557","146154","2025-11-16","45.00","NZD","1762347760","23477/2025-11-16/1762347760.json"
"365170","146153","2025-11-16","48.00","NZD","1762347760","23477/2025-11-16/1762347760.json"
"510807","146155","2025-11-16","52.00","NZD","1762347760","23477/2025-11-16/1762347760.json"
"581513","221281","2025-11-14","36.00","NZD","1762347760","23477/2025-11-14/1762347760.json"
"581514","221282","2025-11-14","36.00","NZD","1762347760","23477/2025-11-14/1762347760.json"
"512557","146154","2025-11-14","45.00","NZD","1762347760","23477/2025-11-14/1762347760.json"
"365170","146153","2025-11-14","48.00","NZD","1762347760","23477/2025-11-14/1762347760.json"
"510807","146155","2025-11-14","52.00","NZD","1762347760","23477/2025-11-14/1762347760.json"
"581513","221281","2025-11-15","36.00","NZD","1762347760","23477/2025-11-15/1762347760.json"
"581514","221282","2025-11-15","36.00","NZD","1762347760","23477/2025-11-15/1762347760.json"
"512557","146154","2025-11-15","45.00","NZD","1762347760","23477/2025-11-15/1762347760.json"
"365170","146153","2025-11-15","48.00","NZD","1762347760","23477/2025-11-15/1762347760.json"
"510807","146155","2025-11-15","52.00","NZD","1762347760","23477/2025-11-15/1762347760.json"
"581513","221281","2025-11-17","36.00","NZD","1762347760","23477/2025-11-17/1762347760.json"
"581514","221282","2025-11-17","36.00","NZD","1762347760","23477/2025-11-17/1762347760.json"
"512557","146154","2025-11-17","45.00","NZD","1762347760","23477/2025-11-17/1762347760.json"
"365170","146153","2025-11-17","48.00","NZD","1762347760","23477/2025-11-17/1762347760.json"
"510807","146155","2025-11-17","52.00","NZD","1762347760","23477/2025-11-17/1762347760.json"
"581513","221281","2025-11-18","36.00","NZD","1762347760","23477/2025-11-18/1762347760.json"
"581514","221282","2025-11-18","36.00","NZD","1762347760","23477/2025-11-18/1762347760.json"
"512557","146154","2025-11-18","45.00","NZD","1762347760","23477/2025-11-18/1762347760.json"
"365170","146153","2025-11-18","48.00","NZD","1762347760","23477/2025-11-18/1762347760.json"
"510807","146155","2025-11-18","52.00","NZD","1762347760","23477/2025-11-18/1762347760.json"
"581513","221281","2025-11-19","36.00","NZD","1762347760","23477/2025-11-19/1762347760.json"
"581514","221282","2025-11-19","36.00","NZD","1762347760","23477/2025-11-19/1762347760.json"
"512557","146154","2025-11-19","45.00","NZD","1762347760","23477/2025-11-19/1762347760.json"
"365170","146153","2025-11-19","48.00","NZD","1762347760","23477/2025-11-19/1762347760.json"
"510807","146155","2025-11-19","52.00","NZD","1762347760","23477/2025-11-19/1762347760.json"
"581513","221281","2025-11-20","36.00","NZD","1762347760","23477/2025-11-20/1762347760.json"
"581514","221282","2025-11-20","36.00","NZD","1762347760","23477/2025-11-20/1762347760.json"
"512557","146154","2025-11-20","45.00","NZD","1762347760","23477/2025-11-20/1762347760.json"
"581513","221281","2025-11-21","36.00","NZD","1762347760","23477/2025-11-21/1762347760.json"
"581514","221282","2025-11-21","36.00","NZD","1762347760","23477/2025-11-21/1762347760.json"
"512557","146154","2025-11-21","45.00","NZD","1762347760","23477/2025-11-21/1762347760.json"
"365170","146153","2025-11-21","48.00","NZD","1762347760","23477/2025-11-21/1762347760.json"
"510807","146155","2025-11-21","52.00","NZD","1762347760","23477/2025-11-21/1762347760.json"
"581513","221281","2025-11-22","36.00","NZD","1762347760","23477/2025-11-22/1762347760.json"
"581514","221282","2025-11-22","36.00","NZD","1762347760","23477/2025-11-22/1762347760.json"
"512557","146154","2025-11-22","45.00","NZD","1762347760","23477/2025-11-22/1762347760.json"
"365170","146153","2025-11-22","48.00","NZD","1762347760","23477/2025-11-22/1762347760.json"
"510807","146155","2025-11-22","52.00","NZD","1762347760","23477/2025-11-22/1762347760.json"
"581513","221281","2025-11-23","36.00","NZD","1762347760","23477/2025-11-23/1762347760.json"
"581514","221282","2025-11-23","36.00","NZD","1762347760","23477/2025-11-23/1762347760.json"
"512557","146154","2025-11-23","45.00","NZD","1762347760","23477/2025-11-23/1762347760.json"
"365170","146153","2025-11-23","48.00","NZD","1762347760","23477/2025-11-23/1762347760.json"
"510807","146155","2025-11-23","52.00","NZD","1762347760","23477/2025-11-23/1762347760.json"
"581513","221281","2025-11-25","36.00","NZD","1762347760","23477/2025-11-25/1762347760.json"
"581514","221282","2025-11-25","36.00","NZD","1762347760","23477/2025-11-25/1762347760.json"
"512557","146154","2025-11-25","45.00","NZD","1762347760","23477/2025-11-25/1762347760.json"
"365170","146153","2025-11-25","48.00","NZD","1762347760","23477/2025-11-25/1762347760.json"
"510807","146155","2025-11-25","52.00","NZD","1762347760","23477/2025-11-25/1762347760.json"
"581513","221281","2025-11-24","36.00","NZD","1762347760","23477/2025-11-24/1762347760.json"
"581514","221282","2025-11-24","36.00","NZD","1762347760","23477/2025-11-24/1762347760.json"
"512557","146154","2025-11-24","45.00","NZD","1762347760","23477/2025-11-24/1762347760.json"
"365170","146153","2025-11-24","48.00","NZD","1762347760","23477/2025-11-24/1762347760.json"
"510807","146155","2025-11-24","52.00","NZD","1762347760","23477/2025-11-24/1762347760.json"
"581513","221281","2025-11-26","36.00","NZD","1762347760","23477/2025-11-26/1762347760.json"
"581514","221282","2025-11-26","36.00","NZD","1762347760","23477/2025-11-26/1762347760.json"
"512557","146154","2025-11-26","45.00","NZD","1762347760","23477/2025-11-26/1762347760.json"
"365170","146153","2025-11-26","48.00","NZD","1762347760","23477/2025-11-26/1762347760.json"
"510807","146155","2025-11-26","52.00","NZD","1762347760","23477/2025-11-26/1762347760.json"
"581513","221281","2025-11-27","36.00","NZD","1762347760","23477/2025-11-27/1762347760.json"
"581514","221282","2025-11-27","36.00","NZD","1762347760","23477/2025-11-27/1762347760.json"
"512557","146154","2025-11-27","45.00","NZD","1762347760","23477/2025-11-27/1762347760.json"
"365170","146153","2025-11-27","48.00","NZD","1762347760","23477/2025-11-27/1762347760.json"
"510807","146155","2025-11-27","52.00","NZD","1762347760","23477/2025-11-27/1762347760.json"
"581513","221281","2025-11-28","36.00","NZD","1762347760","23477/2025-11-28/1762347760.json"
"581514","221282","2025-11-28","36.00","NZD","1762347760","23477/2025-11-28/1762347760.json"
"512557","146154","2025-11-28","45.00","NZD","1762347760","23477/2025-11-28/1762347760.json"
"365170","146153","2025-11-28","48.00","NZD","1762347760","23477/2025-11-28/1762347760.json"
"510807","146155","2025-11-28","52.00","NZD","1762347760","23477/2025-11-28/1762347760.json"
"581513","221281","2025-11-29","36.00","NZD","1762347760","23477/2025-11-29/1762347760.json"
"581514","221282","2025-11-29","36.00","NZD","1762347760","23477/2025-11-29/1762347760.json"
"512557","146154","2025-11-29","45.00","NZD","1762347760","23477/2025-11-29/1762347760.json"
"365170","146153","2025-11-29","48.00","NZD","1762347760","23477/2025-11-29/1762347760.json"
"510807","146155","2025-11-29","52.00","NZD","1762347760","23477/2025-11-29/1762347760.json"
"581513","221281","2025-12-01","36.00","NZD","1762347760","23477/2025-12-01/1762347760.json"
"581513","221281","2025-12-02","36.00","NZD","1762347760","23477/2025-12-02/1762347760.json"
"581514","221282","2025-12-01","36.00","NZD","1762347760","23477/2025-12-01/1762347760.json"
"581514","221282","2025-12-02","36.00","NZD","1762347760","23477/2025-12-02/1762347760.json"
"512557","146154","2025-12-02","45.00","NZD","1762347760","23477/2025-12-02/1762347760.json"
"512557","146154","2025-12-01","45.00","NZD","1762347760","23477/2025-12-01/1762347760.json"
"365170","146153","2025-12-02","48.00","NZD","1762347760","23477/2025-12-02/1762347760.json"
"510807","146155","2025-12-02","52.00","NZD","1762347760","23477/2025-12-02/1762347760.json"
"365170","146153","2025-12-01","48.00","NZD","1762347760","23477/2025-12-01/1762347760.json"
"510807","146155","2025-12-01","52.00","NZD","1762347760","23477/2025-12-01/1762347760.json"
"581513","221281","2025-11-30","36.00","NZD","1762347760","23477/2025-11-30/1762347760.json"
"581514","221282","2025-11-30","36.00","NZD","1762347760","23477/2025-11-30/1762347760.json"
"512557","146154","2025-11-30","45.00","NZD","1762347760","23477/2025-11-30/1762347760.json"
"365170","146153","2025-11-30","48.00","NZD","1762347760","23477/2025-11-30/1762347760.json"
"510807","146155","2025-11-30","52.00","NZD","1762347760","23477/2025-11-30/1762347760.json"
"581513","221281","2025-12-04","36.00","NZD","1762347760","23477/2025-12-04/1762347760.json"
"581514","221282","2025-12-04","36.00","NZD","1762347760","23477/2025-12-04/1762347760.json"
"512557","146154","2025-12-04","45.00","NZD","1762347760","23477/2025-12-04/1762347760.json"
"365170","146153","2025-12-04","48.00","NZD","1762347760","23477/2025-12-04/1762347760.json"
"510807","146155","2025-12-04","52.00","NZD","1762347760","23477/2025-12-04/1762347760.json"
"581513","221281","2025-12-05","36.00","NZD","1762347760","23477/2025-12-05/1762347760.json"
"581514","221282","2025-12-05","36.00","NZD","1762347760","23477/2025-12-05/1762347760.json"
"512557","146154","2025-12-05","45.00","NZD","1762347760","23477/2025-12-05/1762347760.json"
"365170","146153","2025-12-05","48.00","NZD","1762347760","23477/2025-12-05/1762347760.json"
"510807","146155","2025-12-05","52.00","NZD","1762347760","23477/2025-12-05/1762347760.json"
"581513","221281","2025-12-06","36.00","NZD","1762347760","23477/2025-12-06/1762347760.json"
"581514","221282","2025-12-06","36.00","NZD","1762347760","23477/2025-12-06/1762347760.json"
"512557","146154","2025-12-06","45.00","NZD","1762347760","23477/2025-12-06/1762347760.json"
"365170","146153","2025-12-06","48.00","NZD","1762347760","23477/2025-12-06/1762347760.json"
"510807","146155","2025-12-06","52.00","NZD","1762347760","23477/2025-12-06/1762347760.json"
"581513","221281","2025-12-03","36.00","NZD","1762347760","23477/2025-12-03/1762347760.json"
"581514","221282","2025-12-03","36.00","NZD","1762347760","23477/2025-12-03/1762347760.json"
"512557","146154","2025-12-03","45.00","NZD","1762347760","23477/2025-12-03/1762347760.json"
"365170","146153","2025-12-03","48.00","NZD","1762347760","23477/2025-12-03/1762347760.json"
"510807","146155","2025-12-03","52.00","NZD","1762347760","23477/2025-12-03/1762347760.json"
"581513","221281","2025-12-07","36.00","NZD","1762347760","23477/2025-12-07/1762347760.json"
"581514","221282","2025-12-07","36.00","NZD","1762347760","23477/2025-12-07/1762347760.json"
"512557","146154","2025-12-07","45.00","NZD","1762347760","23477/2025-12-07/1762347760.json"
"365170","146153","2025-12-07","48.00","NZD","1762347760","23477/2025-12-07/1762347760.json"
"510807","146155","2025-12-07","52.00","NZD","1762347760","23477/2025-12-07/1762347760.json"
"581513","221281","2025-12-08","36.00","NZD","1762347760","23477/2025-12-08/1762347760.json"
"581514","221282","2025-12-08","36.00","NZD","1762347760","23477/2025-12-08/1762347760.json"
"512557","146154","2025-12-08","45.00","NZD","1762347760","23477/2025-12-08/1762347760.json"
"365170","146153","2025-12-08","48.00","NZD","1762347760","23477/2025-12-08/1762347760.json"
"510807","146155","2025-12-08","52.00","NZD","1762347760","23477/2025-12-08/1762347760.json"
"581513","221281","2025-12-09","36.00","NZD","1762347760","23477/2025-12-09/1762347760.json"
"581514","221282","2025-12-09","36.00","NZD","1762347760","23477/2025-12-09/1762347760.json"
"512557","146154","2025-12-09","45.00","NZD","1762347760","23477/2025-12-09/1762347760.json"
"365170","146153","2025-12-09","48.00","NZD","1762347760","23477/2025-12-09/1762347760.json"
"510807","146155","2025-12-09","52.00","NZD","1762347760","23477/2025-12-09/1762347760.json"
"581513","221281","2025-12-10","36.00","NZD","1762347760","23477/2025-12-10/1762347760.json"
"581514","221282","2025-12-10","36.00","NZD","1762347760","23477/2025-12-10/1762347760.json"
"512557","146154","2025-12-10","45.00","NZD","1762347760","23477/2025-12-10/1762347760.json"
"365170","146153","2025-12-10","48.00","NZD","1762347760","23477/2025-12-10/1762347760.json"
"510807","146155","2025-12-10","52.00","NZD","1762347760","23477/2025-12-10/1762347760.json"
"581513","221281","2025-12-11","36.00","NZD","1762347760","23477/2025-12-11/1762347760.json"
"581514","221282","2025-12-11","36.00","NZD","1762347760","23477/2025-12-11/1762347760.json"
"512557","146154","2025-12-11","45.00","NZD","1762347760","23477/2025-12-11/1762347760.json"
"365170","146153","2025-12-11","48.00","NZD","1762347760","23477/2025-12-11/1762347760.json"
"510807","146155","2025-12-11","52.00","NZD","1762347760","23477/2025-12-11/1762347760.json"
"581513","221281","2025-12-12","36.00","NZD","1762347760","23477/2025-12-12/1762347760.json"
"581514","221282","2025-12-12","36.00","NZD","1762347760","23477/2025-12-12/1762347760.json"
"512557","146154","2025-12-12","45.00","NZD","1762347760","23477/2025-12-12/1762347760.json"
"365170","146153","2025-12-12","48.00","NZD","1762347760","23477/2025-12-12/1762347760.json"
"510807","146155","2025-12-12","52.00","NZD","1762347760","23477/2025-12-12/1762347760.json"
"581513","221281","2025-12-14","36.00","NZD","1762347760","23477/2025-12-14/1762347760.json"
"581514","221282","2025-12-14","36.00","NZD","1762347760","23477/2025-12-14/1762347760.json"
"512557","146154","2025-12-14","45.00","NZD","1762347760","23477/2025-12-14/1762347760.json"
"365170","146153","2025-12-14","48.00","NZD","1762347760","23477/2025-12-14/1762347760.json"
"510807","146155","2025-12-14","52.00","NZD","1762347760","23477/2025-12-14/1762347760.json"
"581513","221281","2025-12-13","36.00","NZD","1762347760","23477/2025-12-13/1762347760.json"
"581514","221282","2025-12-13","36.00","NZD","1762347760","23477/2025-12-13/1762347760.json"
"512557","146154","2025-12-13","45.00","NZD","1762347760","23477/2025-12-13/1762347760.json"
"365170","146153","2025-12-13","48.00","NZD","1762347760","23477/2025-12-13/1762347760.json"
"510807","146155","2025-12-13","52.00","NZD","1762347760","23477/2025-12-13/1762347760.json"
"581513","221281","2025-12-15","36.00","NZD","1762347760","23477/2025-12-15/1762347760.json"
"581514","221282","2025-12-15","36.00","NZD","1762347760","23477/2025-12-15/1762347760.json"
"512557","146154","2025-12-15","45.00","NZD","1762347760","23477/2025-12-15/1762347760.json"
"365170","146153","2025-12-15","48.00","NZD","1762347760","23477/2025-12-15/1762347760.json"
"510807","146155","2025-12-15","52.00","NZD","1762347760","23477/2025-12-15/1762347760.json"
"581513","221281","2025-12-16","36.00","NZD","1762347760","23477/2025-12-16/1762347760.json"
"581514","221282","2025-12-16","36.00","NZD","1762347760","23477/2025-12-16/1762347760.json"
"512557","146154","2025-12-16","45.00","NZD","1762347760","23477/2025-12-16/1762347760.json"
"365170","146153","2025-12-16","48.00","NZD","1762347760","23477/2025-12-16/1762347760.json"
"510807","146155","2025-12-16","52.00","NZD","1762347760","23477/2025-12-16/1762347760.json"
"581513","221281","2025-12-17","36.00","NZD","1762347760","23477/2025-12-17/1762347760.json"
"581514","221282","2025-12-17","36.00","NZD","1762347760","23477/2025-12-17/1762347760.json"
"512557","146154","2025-12-17","45.00","NZD","1762347760","23477/2025-12-17/1762347760.json"
"365170","146153","2025-12-17","48.00","NZD","1762347760","23477/2025-12-17/1762347760.json"
"510807","146155","2025-12-17","52.00","NZD","1762347760","23477/2025-12-17/1762347760.json"
"581513","221281","2025-12-19","36.00","NZD","1762347760","23477/2025-12-19/1762347760.json"
"581514","221282","2025-12-19","36.00","NZD","1762347760","23477/2025-12-19/1762347760.json"
"512557","146154","2025-12-19","45.00","NZD","1762347760","23477/2025-12-19/1762347760.json"
"365170","146153","2025-12-19","48.00","NZD","1762347760","23477/2025-12-19/1762347760.json"
"510807","146155","2025-12-19","52.00","NZD","1762347760","23477/2025-12-19/1762347760.json"
"581513","221281","2025-12-20","36.00","NZD","1762347760","23477/2025-12-20/1762347760.json"
"581514","221282","2025-12-20","36.00","NZD","1762347760","23477/2025-12-20/1762347760.json"
"512557","146154","2025-12-20","45.00","NZD","1762347760","23477/2025-12-20/1762347760.json"
"365170","146153","2025-12-20","48.00","NZD","1762347760","23477/2025-12-20/1762347760.json"
"510807","146155","2025-12-20","52.00","NZD","1762347760","23477/2025-12-20/1762347760.json"
"581513","221281","2025-12-18","36.00","NZD","1762347760","23477/2025-12-18/1762347760.json"
"581514","221282","2025-12-18","36.00","NZD","1762347760","23477/2025-12-18/1762347760.json"
"512557","146154","2025-12-18","45.00","NZD","1762347760","23477/2025-12-18/1762347760.json"
"365170","146153","2025-12-18","48.00","NZD","1762347760","23477/2025-12-18/1762347760.json"
"510807","146155","2025-12-18","52.00","NZD","1762347760","23477/2025-12-18/1762347760.json"
"581513","221281","2025-12-21","36.00","NZD","1762347760","23477/2025-12-21/1762347760.json"
"581514","221282","2025-12-21","36.00","NZD","1762347760","23477/2025-12-21/1762347760.json"
"512557","146154","2025-12-21","45.00","NZD","1762347760","23477/2025-12-21/1762347760.json"
"365170","146153","2025-12-21","48.00","NZD","1762347760","23477/2025-12-21/1762347760.json"
"510807","146155","2025-12-21","52.00","NZD","1762347760","23477/2025-12-21/1762347760.json"
"581513","221281","2025-12-22","36.00","NZD","1762347760","23477/2025-12-22/1762347760.json"
"581514","221282","2025-12-22","36.00","NZD","1762347760","23477/2025-12-22/1762347760.json"
"512557","146154","2025-12-22","45.00","NZD","1762347760","23477/2025-12-22/1762347760.json"
"365170","146153","2025-12-22","48.00","NZD","1762347760","23477/2025-12-22/1762347760.json"
"510807","146155","2025-12-22","52.00","NZD","1762347760","23477/2025-12-22/1762347760.json"
"581513","221281","2025-12-23","38.00","NZD","1762347760","23477/2025-12-23/1762347760.json"
"581514","221282","2025-12-23","38.00","NZD","1762347760","23477/2025-12-23/1762347760.json"
"512557","146154","2025-12-23","45.00","NZD","1762347760","23477/2025-12-23/1762347760.json"
"365170","146153","2025-12-23","48.00","NZD","1762347760","23477/2025-12-23/1762347760.json"
"510807","146155","2025-12-23","52.00","NZD","1762347760","23477/2025-12-23/1762347760.json"
"581513","221281","2025-12-24","38.00","NZD","1762347760","23477/2025-12-24/1762347760.json"
"581514","221282","2025-12-24","38.00","NZD","1762347760","23477/2025-12-24/1762347760.json"
"512557","146154","2025-12-24","45.00","NZD","1762347760","23477/2025-12-24/1762347760.json"
"365170","146153","2025-12-24","48.00","NZD","1762347760","23477/2025-12-24/1762347760.json"
"510807","146155","2025-12-24","52.00","NZD","1762347760","23477/2025-12-24/1762347760.json"
"581513","221281","2025-12-25","38.00","NZD","1762347760","23477/2025-12-25/1762347760.json"
"581514","221282","2025-12-25","38.00","NZD","1762347760","23477/2025-12-25/1762347760.json"
"512557","146154","2025-12-25","45.00","NZD","1762347760","23477/2025-12-25/1762347760.json"
"365170","146153","2025-12-25","48.00","NZD","1762347760","23477/2025-12-25/1762347760.json"
"510807","146155","2025-12-25","52.00","NZD","1762347760","23477/2025-12-25/1762347760.json"
"581513","221281","2025-12-26","42.00","NZD","1762347760","23477/2025-12-26/1762347760.json"
"581514","221282","2025-12-26","42.00","NZD","1762347760","23477/2025-12-26/1762347760.json"
"512557","146154","2025-12-26","45.00","NZD","1762347760","23477/2025-12-26/1762347760.json"
"365170","146153","2025-12-26","48.00","NZD","1762347760","23477/2025-12-26/1762347760.json"
"510807","146155","2025-12-26","52.00","NZD","1762347760","23477/2025-12-26/1762347760.json"
"581513","221281","2025-12-27","42.00","NZD","1762347760","23477/2025-12-27/1762347760.json"
"581514","221282","2025-12-27","42.00","NZD","1762347760","23477/2025-12-27/1762347760.json"
"512557","146154","2025-12-27","45.00","NZD","1762347760","23477/2025-12-27/1762347760.json"
"365170","146153","2025-12-27","48.00","NZD","1762347760","23477/2025-12-27/1762347760.json"
"510807","146155","2025-12-27","52.00","NZD","1762347760","23477/2025-12-27/1762347760.json"
"581513","221281","2025-12-28","42.00","NZD","1762347760","23477/2025-12-28/1762347760.json"
"581514","221282","2025-12-28","42.00","NZD","1762347760","23477/2025-12-28/1762347760.json"
"512557","146154","2025-12-28","45.00","NZD","1762347760","23477/2025-12-28/1762347760.json"
"365170","146153","2025-12-28","48.00","NZD","1762347760","23477/2025-12-28/1762347760.json"
"510807","146155","2025-12-28","52.00","NZD","1762347760","23477/2025-12-28/1762347760.json"
"581513","221281","2025-12-30","42.00","NZD","1762347760","23477/2025-12-30/1762347760.json"
"581514","221282","2025-12-30","42.00","NZD","1762347760","23477/2025-12-30/1762347760.json"
"512557","146154","2025-12-30","45.00","NZD","1762347760","23477/2025-12-30/1762347760.json"
"365170","146153","2025-12-30","48.00","NZD","1762347760","23477/2025-12-30/1762347760.json"
"510807","146155","2025-12-30","52.00","NZD","1762347760","23477/2025-12-30/1762347760.json"
"581513","221281","2025-12-31","42.00","NZD","1762347760","23477/2025-12-31/1762347760.json"
"581514","221282","2025-12-31","42.00","NZD","1762347760","23477/2025-12-31/1762347760.json"
"512557","146154","2025-12-31","45.00","NZD","1762347760","23477/2025-12-31/1762347760.json"
"365170","146153","2025-12-31","48.00","NZD","1762347760","23477/2025-12-31/1762347760.json"
"510807","146155","2025-12-31","52.00","NZD","1762347760","23477/2025-12-31/1762347760.json"
"581513","221281","2025-12-29","42.00","NZD","1762347760","23477/2025-12-29/1762347760.json"
"581514","221282","2025-12-29","42.00","NZD","1762347760","23477/2025-12-29/1762347760.json"
"512557","146154","2025-12-29","45.00","NZD","1762347760","23477/2025-12-29/1762347760.json"
"365170","146153","2025-12-29","48.00","NZD","1762347760","23477/2025-12-29/1762347760.json"
"510807","146155","2025-12-29","52.00","NZD","1762347760","23477/2025-12-29/1762347760.json"
"581513","221281","2026-01-01","42.00","NZD","1762347760","23477/2026-01-01/1762347760.json"
"581514","221282","2026-01-01","42.00","NZD","1762347760","23477/2026-01-01/1762347760.json"
"512557","146154","2026-01-01","45.00","NZD","1762347760","23477/2026-01-01/1762347760.json"
"365170","146153","2026-01-01","48.00","NZD","1762347760","23477/2026-01-01/1762347760.json"
"510807","146155","2026-01-01","52.00","NZD","1762347760","23477/2026-01-01/1762347760.json"
"581513","221281","2026-01-03","42.00","NZD","1762347760","23477/2026-01-03/1762347760.json"
"581514","221282","2026-01-03","42.00","NZD","1762347760","23477/2026-01-03/1762347760.json"
"512557","146154","2026-01-03","45.00","NZD","1762347760","23477/2026-01-03/1762347760.json"
"365170","146153","2026-01-03","48.00","NZD","1762347760","23477/2026-01-03/1762347760.json"
"510807","146155","2026-01-03","52.00","NZD","1762347760","23477/2026-01-03/1762347760.json"
"581513","221281","2026-01-02","42.00","NZD","1762347760","23477/2026-01-02/1762347760.json"
"581514","221282","2026-01-02","42.00","NZD","1762347760","23477/2026-01-02/1762347760.json"
"512557","146154","2026-01-02","45.00","NZD","1762347760","23477/2026-01-02/1762347760.json"
"365170","146153","2026-01-02","48.00","NZD","1762347760","23477/2026-01-02/1762347760.json"
"510807","146155","2026-01-02","52.00","NZD","1762347760","23477/2026-01-02/1762347760.json"
"581513","221281","2026-01-04","42.00","NZD","1762347760","23477/2026-01-04/1762347760.json"
"581514","221282","2026-01-04","42.00","NZD","1762347760","23477/2026-01-04/1762347760.json"
"512557","146154","2026-01-04","45.00","NZD","1762347760","23477/2026-01-04/1762347760.json"
"365170","146153","2026-01-04","48.00","NZD","1762347760","23477/2026-01-04/1762347760.json"
"510807","146155","2026-01-04","52.00","NZD","1762347760","23477/2026-01-04/1762347760.json"
"581513","221281","2025-11-08","36.00","NZD","1762361200","23477/2025-11-08/1762361200.json"
"581514","221282","2025-11-08","36.00","NZD","1762361200","23477/2025-11-08/1762361200.json"
"512557","146154","2025-11-08","45.00","NZD","1762361200","23477/2025-11-08/1762361200.json"
"365170","146153","2025-11-08","48.00","NZD","1762361200","23477/2025-11-08/1762361200.json"
"510807","146155","2025-11-08","52.00","NZD","1762361200","23477/2025-11-08/1762361200.json"
"581513","221281","2025-11-06","36.00","NZD","1762361200","23477/2025-11-06/1762361200.json"
"581514","221282","2025-11-06","36.00","NZD","1762361200","23477/2025-11-06/1762361200.json"
"512557","146154","2025-11-06","45.00","NZD","1762361200","23477/2025-11-06/1762361200.json"
"365170","146153","2025-11-06","48.00","NZD","1762361200","23477/2025-11-06/1762361200.json"
"510807","146155","2025-11-06","52.00","NZD","1762361200","23477/2025-11-06/1762361200.json"
"581513","221281","2025-11-07","36.00","NZD","1762361200","23477/2025-11-07/1762361200.json"
"581514","221282","2025-11-07","36.00","NZD","1762361200","23477/2025-11-07/1762361200.json"
"512557","146154","2025-11-07","45.00","NZD","1762361200","23477/2025-11-07/1762361200.json"
"365170","146153","2025-11-07","48.00","NZD","1762361200","23477/2025-11-07/1762361200.json"
"510807","146155","2025-11-07","52.00","NZD","1762361200","23477/2025-11-07/1762361200.json"
"581513","221281","2025-11-09","36.00","NZD","1762361200","23477/2025-11-09/1762361200.json"
"581514","221282","2025-11-09","36.00","NZD","1762361200","23477/2025-11-09/1762361200.json"
"512557","146154","2025-11-09","45.00","NZD","1762361200","23477/2025-11-09/1762361200.json"
"365170","146153","2025-11-09","48.00","NZD","1762361200","23477/2025-11-09/1762361200.json"
"510807","146155","2025-11-09","52.00","NZD","1762361200","23477/2025-11-09/1762361200.json"
"581513","221281","2025-11-11","36.00","NZD","1762361200","23477/2025-11-11/1762361200.json"
"581514","221282","2025-11-11","36.00","NZD","1762361200","23477/2025-11-11/1762361200.json"
"512557","146154","2025-11-11","45.00","NZD","1762361200","23477/2025-11-11/1762361200.json"
"365170","146153","2025-11-11","48.00","NZD","1762361200","23477/2025-11-11/1762361200.json"
"510807","146155","2025-11-11","52.00","NZD","1762361200","23477/2025-11-11/1762361200.json"
"581513","221281","2025-11-12","36.00","NZD","1762361200","23477/2025-11-12/1762361200.json"
"581514","221282","2025-11-12","36.00","NZD","1762361200","23477/2025-11-12/1762361200.json"
"512557","146154","2025-11-12","45.00","NZD","1762361200","23477/2025-11-12/1762361200.json"
"365170","146153","2025-11-12","48.00","NZD","1762361200","23477/2025-11-12/1762361200.json"
"510807","146155","2025-11-12","52.00","NZD","1762361200","23477/2025-11-12/1762361200.json"
"581513","221281","2025-11-10","36.00","NZD","1762361200","23477/2025-11-10/1762361200.json"
"581514","221282","2025-11-10","36.00","NZD","1762361200","23477/2025-11-10/1762361200.json"
"512557","146154","2025-11-10","45.00","NZD","1762361200","23477/2025-11-10/1762361200.json"
"365170","146153","2025-11-10","48.00","NZD","1762361200","23477/2025-11-10/1762361200.json"
"510807","146155","2025-11-10","52.00","NZD","1762361200","23477/2025-11-10/1762361200.json"
"581513","221281","2025-11-13","36.00","NZD","1762361200","23477/2025-11-13/1762361200.json"
"581514","221282","2025-11-13","36.00","NZD","1762361200","23477/2025-11-13/1762361200.json"
"512557","146154","2025-11-13","45.00","NZD","1762361200","23477/2025-11-13/1762361200.json"
"365170","146153","2025-11-13","48.00","NZD","1762361200","23477/2025-11-13/1762361200.json"
"510807","146155","2025-11-13","52.00","NZD","1762361200","23477/2025-11-13/1762361200.json"
"581513","221281","2025-11-14","36.00","NZD","1762361200","23477/2025-11-14/1762361200.json"
"581514","221282","2025-11-14","36.00","NZD","1762361200","23477/2025-11-14/1762361200.json"
"512557","146154","2025-11-14","45.00","NZD","1762361200","23477/2025-11-14/1762361200.json"
"365170","146153","2025-11-14","48.00","NZD","1762361200","23477/2025-11-14/1762361200.json"
"510807","146155","2025-11-14","52.00","NZD","1762361200","23477/2025-11-14/1762361200.json"
"581513","221281","2025-11-15","36.00","NZD","1762361200","23477/2025-11-15/1762361200.json"
"581514","221282","2025-11-15","36.00","NZD","1762361200","23477/2025-11-15/1762361200.json"
"512557","146154","2025-11-15","45.00","NZD","1762361200","23477/2025-11-15/1762361200.json"
"365170","146153","2025-11-15","48.00","NZD","1762361200","23477/2025-11-15/1762361200.json"
"510807","146155","2025-11-15","52.00","NZD","1762361200","23477/2025-11-15/1762361200.json"
"581513","221281","2025-11-16","36.00","NZD","1762361200","23477/2025-11-16/1762361200.json"
"581514","221282","2025-11-16","36.00","NZD","1762361200","23477/2025-11-16/1762361200.json"
"512557","146154","2025-11-16","45.00","NZD","1762361200","23477/2025-11-16/1762361200.json"
"365170","146153","2025-11-16","48.00","NZD","1762361200","23477/2025-11-16/1762361200.json"
"510807","146155","2025-11-16","52.00","NZD","1762361200","23477/2025-11-16/1762361200.json"
"581513","221281","2025-11-17","36.00","NZD","1762361200","23477/2025-11-17/1762361200.json"
"581514","221282","2025-11-17","36.00","NZD","1762361200","23477/2025-11-17/1762361200.json"
"512557","146154","2025-11-17","45.00","NZD","1762361200","23477/2025-11-17/1762361200.json"
"365170","146153","2025-11-17","48.00","NZD","1762361200","23477/2025-11-17/1762361200.json"
"510807","146155","2025-11-17","52.00","NZD","1762361200","23477/2025-11-17/1762361200.json"
"581513","221281","2025-11-18","36.00","NZD","1762361200","23477/2025-11-18/1762361200.json"
"581514","221282","2025-11-18","36.00","NZD","1762361200","23477/2025-11-18/1762361200.json"
"512557","146154","2025-11-18","45.00","NZD","1762361200","23477/2025-11-18/1762361200.json"
"365170","146153","2025-11-18","48.00","NZD","1762361200","23477/2025-11-18/1762361200.json"
"510807","146155","2025-11-18","52.00","NZD","1762361200","23477/2025-11-18/1762361200.json"
"581513","221281","2025-11-19","36.00","NZD","1762361200","23477/2025-11-19/1762361200.json"
"581514","221282","2025-11-19","36.00","NZD","1762361200","23477/2025-11-19/1762361200.json"
"512557","146154","2025-11-19","45.00","NZD","1762361200","23477/2025-11-19/1762361200.json"
"365170","146153","2025-11-19","48.00","NZD","1762361200","23477/2025-11-19/1762361200.json"
"510807","146155","2025-11-19","52.00","NZD","1762361200","23477/2025-11-19/1762361200.json"
"581513","221281","2025-11-20","36.00","NZD","1762361200","23477/2025-11-20/1762361200.json"
"581514","221282","2025-11-20","36.00","NZD","1762361200","23477/2025-11-20/1762361200.json"
"512557","146154","2025-11-20","45.00","NZD","1762361200","23477/2025-11-20/1762361200.json"
"581513","221281","2025-11-23","36.00","NZD","1762361200","23477/2025-11-23/1762361200.json"
"581514","221282","2025-11-23","36.00","NZD","1762361200","23477/2025-11-23/1762361200.json"
"512557","146154","2025-11-23","45.00","NZD","1762361200","23477/2025-11-23/1762361200.json"
"365170","146153","2025-11-23","48.00","NZD","1762361200","23477/2025-11-23/1762361200.json"
"510807","146155","2025-11-23","52.00","NZD","1762361200","23477/2025-11-23/1762361200.json"
"581513","221281","2025-11-22","36.00","NZD","1762361200","23477/2025-11-22/1762361200.json"
"581514","221282","2025-11-22","36.00","NZD","1762361200","23477/2025-11-22/1762361200.json"
"512557","146154","2025-11-22","45.00","NZD","1762361200","23477/2025-11-22/1762361200.json"
"365170","146153","2025-11-22","48.00","NZD","1762361200","23477/2025-11-22/1762361200.json"
"510807","146155","2025-11-22","52.00","NZD","1762361200","23477/2025-11-22/1762361200.json"
"581513","221281","2025-11-24","36.00","NZD","1762361200","23477/2025-11-24/1762361200.json"
"581514","221282","2025-11-24","36.00","NZD","1762361200","23477/2025-11-24/1762361200.json"
"512557","146154","2025-11-24","45.00","NZD","1762361200","23477/2025-11-24/1762361200.json"
"365170","146153","2025-11-24","48.00","NZD","1762361200","23477/2025-11-24/1762361200.json"
"510807","146155","2025-11-24","52.00","NZD","1762361200","23477/2025-11-24/1762361200.json"
"581513","221281","2025-11-25","36.00","NZD","1762361200","23477/2025-11-25/1762361200.json"
"581514","221282","2025-11-25","36.00","NZD","1762361200","23477/2025-11-25/1762361200.json"
"512557","146154","2025-11-25","45.00","NZD","1762361200","23477/2025-11-25/1762361200.json"
"365170","146153","2025-11-25","48.00","NZD","1762361200","23477/2025-11-25/1762361200.json"
"510807","146155","2025-11-25","52.00","NZD","1762361200","23477/2025-11-25/1762361200.json"
"581513","221281","2025-11-26","36.00","NZD","1762361200","23477/2025-11-26/1762361200.json"
"581514","221282","2025-11-26","36.00","NZD","1762361200","23477/2025-11-26/1762361200.json"
"512557","146154","2025-11-26","45.00","NZD","1762361200","23477/2025-11-26/1762361200.json"
"365170","146153","2025-11-26","48.00","NZD","1762361200","23477/2025-11-26/1762361200.json"
"510807","146155","2025-11-26","52.00","NZD","1762361200","23477/2025-11-26/1762361200.json"
"581513","221281","2025-11-21","36.00","NZD","1762361200","23477/2025-11-21/1762361200.json"
"581514","221282","2025-11-21","36.00","NZD","1762361200","23477/2025-11-21/1762361200.json"
"512557","146154","2025-11-21","45.00","NZD","1762361200","23477/2025-11-21/1762361200.json"
"365170","146153","2025-11-21","48.00","NZD","1762361200","23477/2025-11-21/1762361200.json"
"510807","146155","2025-11-21","52.00","NZD","1762361200","23477/2025-11-21/1762361200.json"
"581513","221281","2025-11-27","36.00","NZD","1762361200","23477/2025-11-27/1762361200.json"
"581514","221282","2025-11-27","36.00","NZD","1762361200","23477/2025-11-27/1762361200.json"
"512557","146154","2025-11-27","45.00","NZD","1762361200","23477/2025-11-27/1762361200.json"
"365170","146153","2025-11-27","48.00","NZD","1762361200","23477/2025-11-27/1762361200.json"
"510807","146155","2025-11-27","52.00","NZD","1762361200","23477/2025-11-27/1762361200.json"
"581513","221281","2025-11-28","36.00","NZD","1762361200","23477/2025-11-28/1762361200.json"
"581514","221282","2025-11-28","36.00","NZD","1762361200","23477/2025-11-28/1762361200.json"
"512557","146154","2025-11-28","45.00","NZD","1762361200","23477/2025-11-28/1762361200.json"
"365170","146153","2025-11-28","48.00","NZD","1762361200","23477/2025-11-28/1762361200.json"
"510807","146155","2025-11-28","52.00","NZD","1762361200","23477/2025-11-28/1762361200.json"
"581513","221281","2025-11-29","36.00","NZD","1762361200","23477/2025-11-29/1762361200.json"
"581514","221282","2025-11-29","36.00","NZD","1762361200","23477/2025-11-29/1762361200.json"
"512557","146154","2025-11-29","45.00","NZD","1762361200","23477/2025-11-29/1762361200.json"
"365170","146153","2025-11-29","48.00","NZD","1762361200","23477/2025-11-29/1762361200.json"
"510807","146155","2025-11-29","52.00","NZD","1762361200","23477/2025-11-29/1762361200.json"
"581513","221281","2025-11-30","36.00","NZD","1762361200","23477/2025-11-30/1762361200.json"
"581514","221282","2025-11-30","36.00","NZD","1762361200","23477/2025-11-30/1762361200.json"
"512557","146154","2025-11-30","45.00","NZD","1762361200","23477/2025-11-30/1762361200.json"
"365170","146153","2025-11-30","48.00","NZD","1762361200","23477/2025-11-30/1762361200.json"
"510807","146155","2025-11-30","52.00","NZD","1762361200","23477/2025-11-30/1762361200.json"
"581513","221281","2025-12-01","36.00","NZD","1762361200","23477/2025-12-01/1762361200.json"
"581514","221282","2025-12-01","36.00","NZD","1762361200","23477/2025-12-01/1762361200.json"
"512557","146154","2025-12-01","45.00","NZD","1762361200","23477/2025-12-01/1762361200.json"
"365170","146153","2025-12-01","48.00","NZD","1762361200","23477/2025-12-01/1762361200.json"
"510807","146155","2025-12-01","52.00","NZD","1762361200","23477/2025-12-01/1762361200.json"
"581513","221281","2025-12-02","36.00","NZD","1762361200","23477/2025-12-02/1762361200.json"
"581514","221282","2025-12-02","36.00","NZD","1762361200","23477/2025-12-02/1762361200.json"
"512557","146154","2025-12-02","45.00","NZD","1762361200","23477/2025-12-02/1762361200.json"
"365170","146153","2025-12-02","48.00","NZD","1762361200","23477/2025-12-02/1762361200.json"
"510807","146155","2025-12-02","52.00","NZD","1762361200","23477/2025-12-02/1762361200.json"
"581513","221281","2025-12-03","36.00","NZD","1762361200","23477/2025-12-03/1762361200.json"
"581514","221282","2025-12-03","36.00","NZD","1762361200","23477/2025-12-03/1762361200.json"
"512557","146154","2025-12-03","45.00","NZD","1762361200","23477/2025-12-03/1762361200.json"
"365170","146153","2025-12-03","48.00","NZD","1762361200","23477/2025-12-03/1762361200.json"
"510807","146155","2025-12-03","52.00","NZD","1762361200","23477/2025-12-03/1762361200.json"
"581513","221281","2025-12-04","36.00","NZD","1762361200","23477/2025-12-04/1762361200.json"
"581514","221282","2025-12-04","36.00","NZD","1762361200","23477/2025-12-04/1762361200.json"
"512557","146154","2025-12-04","45.00","NZD","1762361200","23477/2025-12-04/1762361200.json"
"365170","146153","2025-12-04","48.00","NZD","1762361200","23477/2025-12-04/1762361200.json"
"510807","146155","2025-12-04","52.00","NZD","1762361200","23477/2025-12-04/1762361200.json"
"581513","221281","2025-12-05","36.00","NZD","1762361200","23477/2025-12-05/1762361200.json"
"581514","221282","2025-12-05","36.00","NZD","1762361200","23477/2025-12-05/1762361200.json"
"512557","146154","2025-12-05","45.00","NZD","1762361200","23477/2025-12-05/1762361200.json"
"365170","146153","2025-12-05","48.00","NZD","1762361200","23477/2025-12-05/1762361200.json"
"510807","146155","2025-12-05","52.00","NZD","1762361200","23477/2025-12-05/1762361200.json"
"581513","221281","2025-12-07","36.00","NZD","1762361200","23477/2025-12-07/1762361200.json"
"581514","221282","2025-12-07","36.00","NZD","1762361200","23477/2025-12-07/1762361200.json"
"512557","146154","2025-12-07","45.00","NZD","1762361200","23477/2025-12-07/1762361200.json"
"365170","146153","2025-12-07","48.00","NZD","1762361200","23477/2025-12-07/1762361200.json"
"510807","146155","2025-12-07","52.00","NZD","1762361200","23477/2025-12-07/1762361200.json"
"581513","221281","2025-12-06","36.00","NZD","1762361200","23477/2025-12-06/1762361200.json"
"581514","221282","2025-12-06","36.00","NZD","1762361200","23477/2025-12-06/1762361200.json"
"512557","146154","2025-12-06","45.00","NZD","1762361200","23477/2025-12-06/1762361200.json"
"365170","146153","2025-12-06","48.00","NZD","1762361200","23477/2025-12-06/1762361200.json"
"510807","146155","2025-12-06","52.00","NZD","1762361200","23477/2025-12-06/1762361200.json"
"581513","221281","2025-12-08","36.00","NZD","1762361200","23477/2025-12-08/1762361200.json"
"581514","221282","2025-12-08","36.00","NZD","1762361200","23477/2025-12-08/1762361200.json"
"512557","146154","2025-12-08","45.00","NZD","1762361200","23477/2025-12-08/1762361200.json"
"365170","146153","2025-12-08","48.00","NZD","1762361200","23477/2025-12-08/1762361200.json"
"510807","146155","2025-12-08","52.00","NZD","1762361200","23477/2025-12-08/1762361200.json"
"581513","221281","2025-12-09","36.00","NZD","1762361200","23477/2025-12-09/1762361200.json"
"581514","221282","2025-12-09","36.00","NZD","1762361200","23477/2025-12-09/1762361200.json"
"512557","146154","2025-12-09","45.00","NZD","1762361200","23477/2025-12-09/1762361200.json"
"365170","146153","2025-12-09","48.00","NZD","1762361200","23477/2025-12-09/1762361200.json"
"510807","146155","2025-12-09","52.00","NZD","1762361200","23477/2025-12-09/1762361200.json"
"581513","221281","2025-12-11","36.00","NZD","1762361200","23477/2025-12-11/1762361200.json"
"581514","221282","2025-12-11","36.00","NZD","1762361200","23477/2025-12-11/1762361200.json"
"512557","146154","2025-12-11","45.00","NZD","1762361200","23477/2025-12-11/1762361200.json"
"365170","146153","2025-12-11","48.00","NZD","1762361200","23477/2025-12-11/1762361200.json"
"510807","146155","2025-12-11","52.00","NZD","1762361200","23477/2025-12-11/1762361200.json"
"581513","221281","2025-12-12","36.00","NZD","1762361200","23477/2025-12-12/1762361200.json"
"581514","221282","2025-12-12","36.00","NZD","1762361200","23477/2025-12-12/1762361200.json"
"512557","146154","2025-12-12","45.00","NZD","1762361200","23477/2025-12-12/1762361200.json"
"365170","146153","2025-12-12","48.00","NZD","1762361200","23477/2025-12-12/1762361200.json"
"510807","146155","2025-12-12","52.00","NZD","1762361200","23477/2025-12-12/1762361200.json"
"581513","221281","2025-12-10","36.00","NZD","1762361200","23477/2025-12-10/1762361200.json"
"581514","221282","2025-12-10","36.00","NZD","1762361200","23477/2025-12-10/1762361200.json"
"512557","146154","2025-12-10","45.00","NZD","1762361200","23477/2025-12-10/1762361200.json"
"365170","146153","2025-12-10","48.00","NZD","1762361200","23477/2025-12-10/1762361200.json"
"510807","146155","2025-12-10","52.00","NZD","1762361200","23477/2025-12-10/1762361200.json"
"581513","221281","2025-12-13","36.00","NZD","1762361200","23477/2025-12-13/1762361200.json"
"581514","221282","2025-12-13","36.00","NZD","1762361200","23477/2025-12-13/1762361200.json"
"512557","146154","2025-12-13","45.00","NZD","1762361200","23477/2025-12-13/1762361200.json"
"365170","146153","2025-12-13","48.00","NZD","1762361200","23477/2025-12-13/1762361200.json"
"510807","146155","2025-12-13","52.00","NZD","1762361200","23477/2025-12-13/1762361200.json"
"581513","221281","2025-12-14","36.00","NZD","1762361200","23477/2025-12-14/1762361200.json"
"581514","221282","2025-12-14","36.00","NZD","1762361200","23477/2025-12-14/1762361200.json"
"512557","146154","2025-12-14","45.00","NZD","1762361200","23477/2025-12-14/1762361200.json"
"365170","146153","2025-12-14","48.00","NZD","1762361200","23477/2025-12-14/1762361200.json"
"510807","146155","2025-12-14","52.00","NZD","1762361200","23477/2025-12-14/1762361200.json"
"581513","221281","2025-12-16","36.00","NZD","1762361200","23477/2025-12-16/1762361200.json"
"581514","221282","2025-12-16","36.00","NZD","1762361200","23477/2025-12-16/1762361200.json"
"512557","146154","2025-12-16","45.00","NZD","1762361200","23477/2025-12-16/1762361200.json"
"365170","146153","2025-12-16","48.00","NZD","1762361200","23477/2025-12-16/1762361200.json"
"510807","146155","2025-12-16","52.00","NZD","1762361200","23477/2025-12-16/1762361200.json"
"581513","221281","2025-12-17","36.00","NZD","1762361200","23477/2025-12-17/1762361200.json"
"581514","221282","2025-12-17","36.00","NZD","1762361200","23477/2025-12-17/1762361200.json"
"512557","146154","2025-12-17","45.00","NZD","1762361200","23477/2025-12-17/1762361200.json"
"365170","146153","2025-12-17","48.00","NZD","1762361200","23477/2025-12-17/1762361200.json"
"510807","146155","2025-12-17","52.00","NZD","1762361200","23477/2025-12-17/1762361200.json"
"581513","221281","2025-12-15","36.00","NZD","1762361200","23477/2025-12-15/1762361200.json"
"581514","221282","2025-12-15","36.00","NZD","1762361200","23477/2025-12-15/1762361200.json"
"512557","146154","2025-12-15","45.00","NZD","1762361200","23477/2025-12-15/1762361200.json"
"365170","146153","2025-12-15","48.00","NZD","1762361200","23477/2025-12-15/1762361200.json"
"510807","146155","2025-12-15","52.00","NZD","1762361200","23477/2025-12-15/1762361200.json"
"581513","221281","2025-12-18","36.00","NZD","1762361200","23477/2025-12-18/1762361200.json"
"581514","221282","2025-12-18","36.00","NZD","1762361200","23477/2025-12-18/1762361200.json"
"512557","146154","2025-12-18","45.00","NZD","1762361200","23477/2025-12-18/1762361200.json"
"365170","146153","2025-12-18","48.00","NZD","1762361200","23477/2025-12-18/1762361200.json"
"510807","146155","2025-12-18","52.00","NZD","1762361200","23477/2025-12-18/1762361200.json"
"581513","221281","2025-12-19","36.00","NZD","1762361200","23477/2025-12-19/1762361200.json"
"581514","221282","2025-12-19","36.00","NZD","1762361200","23477/2025-12-19/1762361200.json"
"512557","146154","2025-12-19","45.00","NZD","1762361200","23477/2025-12-19/1762361200.json"
"365170","146153","2025-12-19","48.00","NZD","1762361200","23477/2025-12-19/1762361200.json"
"510807","146155","2025-12-19","52.00","NZD","1762361200","23477/2025-12-19/1762361200.json"
"581513","221281","2025-12-20","36.00","NZD","1762361200","23477/2025-12-20/1762361200.json"
"581514","221282","2025-12-20","36.00","NZD","1762361200","23477/2025-12-20/1762361200.json"
"512557","146154","2025-12-20","45.00","NZD","1762361200","23477/2025-12-20/1762361200.json"
"365170","146153","2025-12-20","48.00","NZD","1762361200","23477/2025-12-20/1762361200.json"
"510807","146155","2025-12-20","52.00","NZD","1762361200","23477/2025-12-20/1762361200.json"
"581513","221281","2025-12-21","36.00","NZD","1762361200","23477/2025-12-21/1762361200.json"
"581514","221282","2025-12-21","36.00","NZD","1762361200","23477/2025-12-21/1762361200.json"
"512557","146154","2025-12-21","45.00","NZD","1762361200","23477/2025-12-21/1762361200.json"
"365170","146153","2025-12-21","48.00","NZD","1762361200","23477/2025-12-21/1762361200.json"
"510807","146155","2025-12-21","52.00","NZD","1762361200","23477/2025-12-21/1762361200.json"
"581513","221281","2025-12-23","38.00","NZD","1762361200","23477/2025-12-23/1762361200.json"
"581514","221282","2025-12-23","38.00","NZD","1762361200","23477/2025-12-23/1762361200.json"
"512557","146154","2025-12-23","45.00","NZD","1762361200","23477/2025-12-23/1762361200.json"
"365170","146153","2025-12-23","48.00","NZD","1762361200","23477/2025-12-23/1762361200.json"
"510807","146155","2025-12-23","52.00","NZD","1762361200","23477/2025-12-23/1762361200.json"
"581513","221281","2025-12-22","36.00","NZD","1762361200","23477/2025-12-22/1762361200.json"
"581514","221282","2025-12-22","36.00","NZD","1762361200","23477/2025-12-22/1762361200.json"
"512557","146154","2025-12-22","45.00","NZD","1762361200","23477/2025-12-22/1762361200.json"
"365170","146153","2025-12-22","48.00","NZD","1762361200","23477/2025-12-22/1762361200.json"
"510807","146155","2025-12-22","52.00","NZD","1762361200","23477/2025-12-22/1762361200.json"
"581513","221281","2025-12-25","38.00","NZD","1762361200","23477/2025-12-25/1762361200.json"
"581514","221282","2025-12-25","38.00","NZD","1762361200","23477/2025-12-25/1762361200.json"
"512557","146154","2025-12-25","45.00","NZD","1762361200","23477/2025-12-25/1762361200.json"
"365170","146153","2025-12-25","48.00","NZD","1762361200","23477/2025-12-25/1762361200.json"
"510807","146155","2025-12-25","52.00","NZD","1762361200","23477/2025-12-25/1762361200.json"
"581513","221281","2025-12-24","38.00","NZD","1762361200","23477/2025-12-24/1762361200.json"
"581514","221282","2025-12-24","38.00","NZD","1762361200","23477/2025-12-24/1762361200.json"
"512557","146154","2025-12-24","45.00","NZD","1762361200","23477/2025-12-24/1762361200.json"
"365170","146153","2025-12-24","48.00","NZD","1762361200","23477/2025-12-24/1762361200.json"
"510807","146155","2025-12-24","52.00","NZD","1762361200","23477/2025-12-24/1762361200.json"
"581513","221281","2025-12-27","42.00","NZD","1762361200","23477/2025-12-27/1762361200.json"
"581514","221282","2025-12-27","42.00","NZD","1762361200","23477/2025-12-27/1762361200.json"
"512557","146154","2025-12-27","45.00","NZD","1762361200","23477/2025-12-27/1762361200.json"
"365170","146153","2025-12-27","48.00","NZD","1762361200","23477/2025-12-27/1762361200.json"
"510807","146155","2025-12-27","52.00","NZD","1762361200","23477/2025-12-27/1762361200.json"
"581513","221281","2025-12-26","42.00","NZD","1762361200","23477/2025-12-26/1762361200.json"
"581514","221282","2025-12-26","42.00","NZD","1762361200","23477/2025-12-26/1762361200.json"
"512557","146154","2025-12-26","45.00","NZD","1762361200","23477/2025-12-26/1762361200.json"
"365170","146153","2025-12-26","48.00","NZD","1762361200","23477/2025-12-26/1762361200.json"
"510807","146155","2025-12-26","52.00","NZD","1762361200","23477/2025-12-26/1762361200.json"
"581513","221281","2025-12-29","42.00","NZD","1762361200","23477/2025-12-29/1762361200.json"
"581514","221282","2025-12-29","42.00","NZD","1762361200","23477/2025-12-29/1762361200.json"
"512557","146154","2025-12-29","45.00","NZD","1762361200","23477/2025-12-29/1762361200.json"
"365170","146153","2025-12-29","48.00","NZD","1762361200","23477/2025-12-29/1762361200.json"
"510807","146155","2025-12-29","52.00","NZD","1762361200","23477/2025-12-29/1762361200.json"
"581513","221281","2025-12-28","42.00","NZD","1762361200","23477/2025-12-28/1762361200.json"
"581514","221282","2025-12-28","42.00","NZD","1762361200","23477/2025-12-28/1762361200.json"
"512557","146154","2025-12-28","45.00","NZD","1762361200","23477/2025-12-28/1762361200.json"
"365170","146153","2025-12-28","48.00","NZD","1762361200","23477/2025-12-28/1762361200.json"
"510807","146155","2025-12-28","52.00","NZD","1762361200","23477/2025-12-28/1762361200.json"
"581513","221281","2025-12-30","42.00","NZD","1762361200","23477/2025-12-30/1762361200.json"
"581514","221282","2025-12-30","42.00","NZD","1762361200","23477/2025-12-30/1762361200.json"
"512557","146154","2025-12-30","45.00","NZD","1762361200","23477/2025-12-30/1762361200.json"
"365170","146153","2025-12-30","48.00","NZD","1762361200","23477/2025-12-30/1762361200.json"
"510807","146155","2025-12-30","52.00","NZD","1762361200","23477/2025-12-30/1762361200.json"
"581513","221281","2026-01-01","42.00","NZD","1762361200","23477/2026-01-01/1762361200.json"
"581514","221282","2026-01-01","42.00","NZD","1762361200","23477/2026-01-01/1762361200.json"
"512557","146154","2026-01-01","45.00","NZD","1762361200","23477/2026-01-01/1762361200.json"
"365170","146153","2026-01-01","48.00","NZD","1762361200","23477/2026-01-01/1762361200.json"
"510807","146155","2026-01-01","52.00","NZD","1762361200","23477/2026-01-01/1762361200.json"
"581513","221281","2025-12-31","42.00","NZD","1762361200","23477/2025-12-31/1762361200.json"
"581514","221282","2025-12-31","42.00","NZD","1762361200","23477/2025-12-31/1762361200.json"
"512557","146154","2025-12-31","45.00","NZD","1762361200","23477/2025-12-31/1762361200.json"
"365170","146153","2025-12-31","48.00","NZD","1762361200","23477/2025-12-31/1762361200.json"
"510807","146155","2025-12-31","52.00","NZD","1762361200","23477/2025-12-31/1762361200.json"
"581513","221281","2026-01-02","42.00","NZD","1762361200","23477/2026-01-02/1762361200.json"
"581514","221282","2026-01-02","42.00","NZD","1762361200","23477/2026-01-02/1762361200.json"
"512557","146154","2026-01-02","45.00","NZD","1762361200","23477/2026-01-02/1762361200.json"
"365170","146153","2026-01-02","48.00","NZD","1762361200","23477/2026-01-02/1762361200.json"
"510807","146155","2026-01-02","52.00","NZD","1762361200","23477/2026-01-02/1762361200.json"
"581513","221281","2026-01-03","42.00","NZD","1762361200","23477/2026-01-03/1762361200.json"
"581514","221282","2026-01-03","42.00","NZD","1762361200","23477/2026-01-03/1762361200.json"
"512557","146154","2026-01-03","45.00","NZD","1762361200","23477/2026-01-03/1762361200.json"
"365170","146153","2026-01-03","48.00","NZD","1762361200","23477/2026-01-03/1762361200.json"
"510807","146155","2026-01-03","52.00","NZD","1762361200","23477/2026-01-03/1762361200.json"
"581513","221281","2026-01-04","42.00","NZD","1762361200","23477/2026-01-04/1762361200.json"
"581514","221282","2026-01-04","42.00","NZD","1762361200","23477/2026-01-04/1762361200.json"
"512557","146154","2026-01-04","45.00","NZD","1762361200","23477/2026-01-04/1762361200.json"
"365170","146153","2026-01-04","48.00","NZD","1762361200","23477/2026-01-04/1762361200.json"
"510807","146155","2026-01-04","52.00","NZD","1762361200","23477/2026-01-04/1762361200.json"
"581513","221281","2025-11-06","36.00","NZD","1762375225","23477/2025-11-06/1762375225.json"
"581514","221282","2025-11-06","36.00","NZD","1762375225","23477/2025-11-06/1762375225.json"
"512557","146154","2025-11-06","45.00","NZD","1762375225","23477/2025-11-06/1762375225.json"
"365170","146153","2025-11-06","48.00","NZD","1762375225","23477/2025-11-06/1762375225.json"
"510807","146155","2025-11-06","52.00","NZD","1762375225","23477/2025-11-06/1762375225.json"
"581513","221281","2025-11-08","36.00","NZD","1762375225","23477/2025-11-08/1762375225.json"
"581513","221281","2025-11-07","36.00","NZD","1762375225","23477/2025-11-07/1762375225.json"
"581514","221282","2025-11-08","36.00","NZD","1762375225","23477/2025-11-08/1762375225.json"
"581514","221282","2025-11-07","36.00","NZD","1762375225","23477/2025-11-07/1762375225.json"
"512557","146154","2025-11-08","45.00","NZD","1762375225","23477/2025-11-08/1762375225.json"
"512557","146154","2025-11-07","45.00","NZD","1762375225","23477/2025-11-07/1762375225.json"
"365170","146153","2025-11-07","48.00","NZD","1762375225","23477/2025-11-07/1762375225.json"
"365170","146153","2025-11-08","48.00","NZD","1762375225","23477/2025-11-08/1762375225.json"
"510807","146155","2025-11-08","52.00","NZD","1762375225","23477/2025-11-08/1762375225.json"
"510807","146155","2025-11-07","52.00","NZD","1762375225","23477/2025-11-07/1762375225.json"
"581513","221281","2025-11-09","36.00","NZD","1762375225","23477/2025-11-09/1762375225.json"
"581514","221282","2025-11-09","36.00","NZD","1762375225","23477/2025-11-09/1762375225.json"
"512557","146154","2025-11-09","45.00","NZD","1762375225","23477/2025-11-09/1762375225.json"
"365170","146153","2025-11-09","48.00","NZD","1762375225","23477/2025-11-09/1762375225.json"
"510807","146155","2025-11-09","52.00","NZD","1762375225","23477/2025-11-09/1762375225.json"
"581513","221281","2025-11-11","36.00","NZD","1762375225","23477/2025-11-11/1762375225.json"
"581514","221282","2025-11-11","36.00","NZD","1762375225","23477/2025-11-11/1762375225.json"
"512557","146154","2025-11-11","45.00","NZD","1762375225","23477/2025-11-11/1762375225.json"
"365170","146153","2025-11-11","48.00","NZD","1762375225","23477/2025-11-11/1762375225.json"
"510807","146155","2025-11-11","52.00","NZD","1762375225","23477/2025-11-11/1762375225.json"
"581513","221281","2025-11-12","36.00","NZD","1762375225","23477/2025-11-12/1762375225.json"
"581514","221282","2025-11-12","36.00","NZD","1762375225","23477/2025-11-12/1762375225.json"
"512557","146154","2025-11-12","45.00","NZD","1762375225","23477/2025-11-12/1762375225.json"
"365170","146153","2025-11-12","48.00","NZD","1762375225","23477/2025-11-12/1762375225.json"
"510807","146155","2025-11-12","52.00","NZD","1762375225","23477/2025-11-12/1762375225.json"
"581513","221281","2025-11-10","36.00","NZD","1762375225","23477/2025-11-10/1762375225.json"
"581514","221282","2025-11-10","36.00","NZD","1762375225","23477/2025-11-10/1762375225.json"
"512557","146154","2025-11-10","45.00","NZD","1762375225","23477/2025-11-10/1762375225.json"
"365170","146153","2025-11-10","48.00","NZD","1762375225","23477/2025-11-10/1762375225.json"
"510807","146155","2025-11-10","52.00","NZD","1762375225","23477/2025-11-10/1762375225.json"
"581513","221281","2025-11-13","36.00","NZD","1762375225","23477/2025-11-13/1762375225.json"
"581514","221282","2025-11-13","36.00","NZD","1762375225","23477/2025-11-13/1762375225.json"
"512557","146154","2025-11-13","45.00","NZD","1762375225","23477/2025-11-13/1762375225.json"
"365170","146153","2025-11-13","48.00","NZD","1762375225","23477/2025-11-13/1762375225.json"
"510807","146155","2025-11-13","52.00","NZD","1762375225","23477/2025-11-13/1762375225.json"
"581513","221281","2025-11-14","36.00","NZD","1762375225","23477/2025-11-14/1762375225.json"
"581514","221282","2025-11-14","36.00","NZD","1762375225","23477/2025-11-14/1762375225.json"
"512557","146154","2025-11-14","45.00","NZD","1762375225","23477/2025-11-14/1762375225.json"
"365170","146153","2025-11-14","48.00","NZD","1762375225","23477/2025-11-14/1762375225.json"
"510807","146155","2025-11-14","52.00","NZD","1762375225","23477/2025-11-14/1762375225.json"
"581513","221281","2025-11-17","36.00","NZD","1762375225","23477/2025-11-17/1762375225.json"
"581514","221282","2025-11-17","36.00","NZD","1762375225","23477/2025-11-17/1762375225.json"
"512557","146154","2025-11-17","45.00","NZD","1762375225","23477/2025-11-17/1762375225.json"
"365170","146153","2025-11-17","48.00","NZD","1762375225","23477/2025-11-17/1762375225.json"
"510807","146155","2025-11-17","52.00","NZD","1762375225","23477/2025-11-17/1762375225.json"
"581513","221281","2025-11-16","36.00","NZD","1762375225","23477/2025-11-16/1762375225.json"
"581514","221282","2025-11-16","36.00","NZD","1762375225","23477/2025-11-16/1762375225.json"
"512557","146154","2025-11-16","45.00","NZD","1762375225","23477/2025-11-16/1762375225.json"
"365170","146153","2025-11-16","48.00","NZD","1762375225","23477/2025-11-16/1762375225.json"
"510807","146155","2025-11-16","52.00","NZD","1762375225","23477/2025-11-16/1762375225.json"
"581513","221281","2025-11-15","36.00","NZD","1762375225","23477/2025-11-15/1762375225.json"
"581514","221282","2025-11-15","36.00","NZD","1762375225","23477/2025-11-15/1762375225.json"
"512557","146154","2025-11-15","45.00","NZD","1762375225","23477/2025-11-15/1762375225.json"
"365170","146153","2025-11-15","48.00","NZD","1762375225","23477/2025-11-15/1762375225.json"
"510807","146155","2025-11-15","52.00","NZD","1762375225","23477/2025-11-15/1762375225.json"
"581513","221281","2025-11-18","36.00","NZD","1762375225","23477/2025-11-18/1762375225.json"
"581514","221282","2025-11-18","36.00","NZD","1762375225","23477/2025-11-18/1762375225.json"
"512557","146154","2025-11-18","45.00","NZD","1762375225","23477/2025-11-18/1762375225.json"
"365170","146153","2025-11-18","48.00","NZD","1762375225","23477/2025-11-18/1762375225.json"
"510807","146155","2025-11-18","52.00","NZD","1762375225","23477/2025-11-18/1762375225.json"
"581513","221281","2025-11-20","36.00","NZD","1762375225","23477/2025-11-20/1762375225.json"
"581514","221282","2025-11-20","36.00","NZD","1762375225","23477/2025-11-20/1762375225.json"
"512557","146154","2025-11-20","45.00","NZD","1762375225","23477/2025-11-20/1762375225.json"
"581513","221281","2025-11-19","36.00","NZD","1762375225","23477/2025-11-19/1762375225.json"
"581514","221282","2025-11-19","36.00","NZD","1762375225","23477/2025-11-19/1762375225.json"
"512557","146154","2025-11-19","45.00","NZD","1762375225","23477/2025-11-19/1762375225.json"
"365170","146153","2025-11-19","48.00","NZD","1762375225","23477/2025-11-19/1762375225.json"
"510807","146155","2025-11-19","52.00","NZD","1762375225","23477/2025-11-19/1762375225.json"
"581513","221281","2025-11-22","36.00","NZD","1762375225","23477/2025-11-22/1762375225.json"
"581514","221282","2025-11-22","36.00","NZD","1762375225","23477/2025-11-22/1762375225.json"
"512557","146154","2025-11-22","45.00","NZD","1762375225","23477/2025-11-22/1762375225.json"
"365170","146153","2025-11-22","48.00","NZD","1762375225","23477/2025-11-22/1762375225.json"
"510807","146155","2025-11-22","52.00","NZD","1762375225","23477/2025-11-22/1762375225.json"
"581513","221281","2025-11-24","36.00","NZD","1762375225","23477/2025-11-24/1762375225.json"
"581514","221282","2025-11-24","36.00","NZD","1762375225","23477/2025-11-24/1762375225.json"
"512557","146154","2025-11-24","45.00","NZD","1762375225","23477/2025-11-24/1762375225.json"
"365170","146153","2025-11-24","48.00","NZD","1762375225","23477/2025-11-24/1762375225.json"
"510807","146155","2025-11-24","52.00","NZD","1762375225","23477/2025-11-24/1762375225.json"
"581513","221281","2025-11-21","36.00","NZD","1762375225","23477/2025-11-21/1762375225.json"
"581513","221281","2025-11-23","36.00","NZD","1762375225","23477/2025-11-23/1762375225.json"
"581514","221282","2025-11-23","36.00","NZD","1762375225","23477/2025-11-23/1762375225.json"
"512557","146154","2025-11-23","45.00","NZD","1762375225","23477/2025-11-23/1762375225.json"
"365170","146153","2025-11-23","48.00","NZD","1762375225","23477/2025-11-23/1762375225.json"
"510807","146155","2025-11-23","52.00","NZD","1762375225","23477/2025-11-23/1762375225.json"
"581514","221282","2025-11-21","36.00","NZD","1762375225","23477/2025-11-21/1762375225.json"
"512557","146154","2025-11-21","45.00","NZD","1762375225","23477/2025-11-21/1762375225.json"
"365170","146153","2025-11-21","48.00","NZD","1762375225","23477/2025-11-21/1762375225.json"
"510807","146155","2025-11-21","52.00","NZD","1762375225","23477/2025-11-21/1762375225.json"
"581513","221281","2025-11-25","36.00","NZD","1762375225","23477/2025-11-25/1762375225.json"
"581514","221282","2025-11-25","36.00","NZD","1762375225","23477/2025-11-25/1762375225.json"
"512557","146154","2025-11-25","45.00","NZD","1762375225","23477/2025-11-25/1762375225.json"
"365170","146153","2025-11-25","48.00","NZD","1762375225","23477/2025-11-25/1762375225.json"
"510807","146155","2025-11-25","52.00","NZD","1762375225","23477/2025-11-25/1762375225.json"
"581513","221281","2025-11-27","36.00","NZD","1762375225","23477/2025-11-27/1762375225.json"
"581514","221282","2025-11-27","36.00","NZD","1762375225","23477/2025-11-27/1762375225.json"
"512557","146154","2025-11-27","45.00","NZD","1762375225","23477/2025-11-27/1762375225.json"
"365170","146153","2025-11-27","48.00","NZD","1762375225","23477/2025-11-27/1762375225.json"
"510807","146155","2025-11-27","52.00","NZD","1762375225","23477/2025-11-27/1762375225.json"
"581513","221281","2025-11-28","36.00","NZD","1762375225","23477/2025-11-28/1762375225.json"
"581514","221282","2025-11-28","36.00","NZD","1762375225","23477/2025-11-28/1762375225.json"
"512557","146154","2025-11-28","45.00","NZD","1762375225","23477/2025-11-28/1762375225.json"
"365170","146153","2025-11-28","48.00","NZD","1762375225","23477/2025-11-28/1762375225.json"
"510807","146155","2025-11-28","52.00","NZD","1762375225","23477/2025-11-28/1762375225.json"
"581513","221281","2025-11-26","36.00","NZD","1762375225","23477/2025-11-26/1762375225.json"
"581514","221282","2025-11-26","36.00","NZD","1762375225","23477/2025-11-26/1762375225.json"
"512557","146154","2025-11-26","45.00","NZD","1762375225","23477/2025-11-26/1762375225.json"
"365170","146153","2025-11-26","48.00","NZD","1762375225","23477/2025-11-26/1762375225.json"
"510807","146155","2025-11-26","52.00","NZD","1762375225","23477/2025-11-26/1762375225.json"
"581513","221281","2025-11-29","36.00","NZD","1762375225","23477/2025-11-29/1762375225.json"
"581514","221282","2025-11-29","36.00","NZD","1762375225","23477/2025-11-29/1762375225.json"
"512557","146154","2025-11-29","45.00","NZD","1762375225","23477/2025-11-29/1762375225.json"
"365170","146153","2025-11-29","48.00","NZD","1762375225","23477/2025-11-29/1762375225.json"
"510807","146155","2025-11-29","52.00","NZD","1762375225","23477/2025-11-29/1762375225.json"
"581513","221281","2025-12-01","36.00","NZD","1762375225","23477/2025-12-01/1762375225.json"
"581514","221282","2025-12-01","36.00","NZD","1762375225","23477/2025-12-01/1762375225.json"
"512557","146154","2025-12-01","45.00","NZD","1762375225","23477/2025-12-01/1762375225.json"
"365170","146153","2025-12-01","48.00","NZD","1762375225","23477/2025-12-01/1762375225.json"
"510807","146155","2025-12-01","52.00","NZD","1762375225","23477/2025-12-01/1762375225.json"
"581513","221281","2025-12-02","36.00","NZD","1762375225","23477/2025-12-02/1762375225.json"
"581514","221282","2025-12-02","36.00","NZD","1762375225","23477/2025-12-02/1762375225.json"
"512557","146154","2025-12-02","45.00","NZD","1762375225","23477/2025-12-02/1762375225.json"
"365170","146153","2025-12-02","48.00","NZD","1762375225","23477/2025-12-02/1762375225.json"
"510807","146155","2025-12-02","52.00","NZD","1762375225","23477/2025-12-02/1762375225.json"
"581513","221281","2025-11-30","36.00","NZD","1762375225","23477/2025-11-30/1762375225.json"
"581514","221282","2025-11-30","36.00","NZD","1762375225","23477/2025-11-30/1762375225.json"
"512557","146154","2025-11-30","45.00","NZD","1762375225","23477/2025-11-30/1762375225.json"
"365170","146153","2025-11-30","48.00","NZD","1762375225","23477/2025-11-30/1762375225.json"
"510807","146155","2025-11-30","52.00","NZD","1762375225","23477/2025-11-30/1762375225.json"
"581513","221281","2025-12-04","36.00","NZD","1762375225","23477/2025-12-04/1762375225.json"
"581514","221282","2025-12-04","36.00","NZD","1762375225","23477/2025-12-04/1762375225.json"
"512557","146154","2025-12-04","45.00","NZD","1762375225","23477/2025-12-04/1762375225.json"
"365170","146153","2025-12-04","48.00","NZD","1762375225","23477/2025-12-04/1762375225.json"
"510807","146155","2025-12-04","52.00","NZD","1762375225","23477/2025-12-04/1762375225.json"
"581513","221281","2025-12-05","36.00","NZD","1762375225","23477/2025-12-05/1762375225.json"
"581514","221282","2025-12-05","36.00","NZD","1762375225","23477/2025-12-05/1762375225.json"
"512557","146154","2025-12-05","45.00","NZD","1762375225","23477/2025-12-05/1762375225.json"
"365170","146153","2025-12-05","48.00","NZD","1762375225","23477/2025-12-05/1762375225.json"
"510807","146155","2025-12-05","52.00","NZD","1762375225","23477/2025-12-05/1762375225.json"
"581513","221281","2025-12-03","36.00","NZD","1762375225","23477/2025-12-03/1762375225.json"
"581514","221282","2025-12-03","36.00","NZD","1762375225","23477/2025-12-03/1762375225.json"
"512557","146154","2025-12-03","45.00","NZD","1762375225","23477/2025-12-03/1762375225.json"
"365170","146153","2025-12-03","48.00","NZD","1762375225","23477/2025-12-03/1762375225.json"
"510807","146155","2025-12-03","52.00","NZD","1762375225","23477/2025-12-03/1762375225.json"
"581513","221281","2025-12-07","36.00","NZD","1762375225","23477/2025-12-07/1762375225.json"
"581514","221282","2025-12-07","36.00","NZD","1762375225","23477/2025-12-07/1762375225.json"
"512557","146154","2025-12-07","45.00","NZD","1762375225","23477/2025-12-07/1762375225.json"
"365170","146153","2025-12-07","48.00","NZD","1762375225","23477/2025-12-07/1762375225.json"
"510807","146155","2025-12-07","52.00","NZD","1762375225","23477/2025-12-07/1762375225.json"
"581513","221281","2025-12-06","36.00","NZD","1762375225","23477/2025-12-06/1762375225.json"
"581514","221282","2025-12-06","36.00","NZD","1762375225","23477/2025-12-06/1762375225.json"
"512557","146154","2025-12-06","45.00","NZD","1762375225","23477/2025-12-06/1762375225.json"
"365170","146153","2025-12-06","48.00","NZD","1762375225","23477/2025-12-06/1762375225.json"
"510807","146155","2025-12-06","52.00","NZD","1762375225","23477/2025-12-06/1762375225.json"
"581513","221281","2025-12-08","36.00","NZD","1762375225","23477/2025-12-08/1762375225.json"
"581514","221282","2025-12-08","36.00","NZD","1762375225","23477/2025-12-08/1762375225.json"
"512557","146154","2025-12-08","45.00","NZD","1762375225","23477/2025-12-08/1762375225.json"
"365170","146153","2025-12-08","48.00","NZD","1762375225","23477/2025-12-08/1762375225.json"
"510807","146155","2025-12-08","52.00","NZD","1762375225","23477/2025-12-08/1762375225.json"
"581513","221281","2025-12-09","36.00","NZD","1762375225","23477/2025-12-09/1762375225.json"
"581514","221282","2025-12-09","36.00","NZD","1762375225","23477/2025-12-09/1762375225.json"
"512557","146154","2025-12-09","45.00","NZD","1762375225","23477/2025-12-09/1762375225.json"
"365170","146153","2025-12-09","48.00","NZD","1762375225","23477/2025-12-09/1762375225.json"
"510807","146155","2025-12-09","52.00","NZD","1762375225","23477/2025-12-09/1762375225.json"
"581513","221281","2025-12-10","36.00","NZD","1762375225","23477/2025-12-10/1762375225.json"
"581514","221282","2025-12-10","36.00","NZD","1762375225","23477/2025-12-10/1762375225.json"
"512557","146154","2025-12-10","45.00","NZD","1762375225","23477/2025-12-10/1762375225.json"
"365170","146153","2025-12-10","48.00","NZD","1762375225","23477/2025-12-10/1762375225.json"
"510807","146155","2025-12-10","52.00","NZD","1762375225","23477/2025-12-10/1762375225.json"
"581513","221281","2025-12-13","36.00","NZD","1762375225","23477/2025-12-13/1762375225.json"
"581514","221282","2025-12-13","36.00","NZD","1762375225","23477/2025-12-13/1762375225.json"
"512557","146154","2025-12-13","45.00","NZD","1762375225","23477/2025-12-13/1762375225.json"
"365170","146153","2025-12-13","48.00","NZD","1762375225","23477/2025-12-13/1762375225.json"
"510807","146155","2025-12-13","52.00","NZD","1762375225","23477/2025-12-13/1762375225.json"
"581513","221281","2025-12-11","36.00","NZD","1762375225","23477/2025-12-11/1762375225.json"
"581514","221282","2025-12-11","36.00","NZD","1762375225","23477/2025-12-11/1762375225.json"
"512557","146154","2025-12-11","45.00","NZD","1762375225","23477/2025-12-11/1762375225.json"
"365170","146153","2025-12-11","48.00","NZD","1762375225","23477/2025-12-11/1762375225.json"
"510807","146155","2025-12-11","52.00","NZD","1762375225","23477/2025-12-11/1762375225.json"
"581513","221281","2025-12-12","36.00","NZD","1762375225","23477/2025-12-12/1762375225.json"
"581514","221282","2025-12-12","36.00","NZD","1762375225","23477/2025-12-12/1762375225.json"
"512557","146154","2025-12-12","45.00","NZD","1762375225","23477/2025-12-12/1762375225.json"
"365170","146153","2025-12-12","48.00","NZD","1762375225","23477/2025-12-12/1762375225.json"
"510807","146155","2025-12-12","52.00","NZD","1762375225","23477/2025-12-12/1762375225.json"
"581513","221281","2025-12-14","36.00","NZD","1762375225","23477/2025-12-14/1762375225.json"
"581514","221282","2025-12-14","36.00","NZD","1762375225","23477/2025-12-14/1762375225.json"
"512557","146154","2025-12-14","45.00","NZD","1762375225","23477/2025-12-14/1762375225.json"
"365170","146153","2025-12-14","48.00","NZD","1762375225","23477/2025-12-14/1762375225.json"
"510807","146155","2025-12-14","52.00","NZD","1762375225","23477/2025-12-14/1762375225.json"
"581513","221281","2025-12-15","36.00","NZD","1762375225","23477/2025-12-15/1762375225.json"
"581514","221282","2025-12-15","36.00","NZD","1762375225","23477/2025-12-15/1762375225.json"
"512557","146154","2025-12-15","45.00","NZD","1762375225","23477/2025-12-15/1762375225.json"
"365170","146153","2025-12-15","48.00","NZD","1762375225","23477/2025-12-15/1762375225.json"
"510807","146155","2025-12-15","52.00","NZD","1762375225","23477/2025-12-15/1762375225.json"
"581513","221281","2025-12-16","36.00","NZD","1762375225","23477/2025-12-16/1762375225.json"
"581514","221282","2025-12-16","36.00","NZD","1762375225","23477/2025-12-16/1762375225.json"
"512557","146154","2025-12-16","45.00","NZD","1762375225","23477/2025-12-16/1762375225.json"
"365170","146153","2025-12-16","48.00","NZD","1762375225","23477/2025-12-16/1762375225.json"
"510807","146155","2025-12-16","52.00","NZD","1762375225","23477/2025-12-16/1762375225.json"
"581513","221281","2025-12-17","36.00","NZD","1762375225","23477/2025-12-17/1762375225.json"
"581514","221282","2025-12-17","36.00","NZD","1762375225","23477/2025-12-17/1762375225.json"
"512557","146154","2025-12-17","45.00","NZD","1762375225","23477/2025-12-17/1762375225.json"
"365170","146153","2025-12-17","48.00","NZD","1762375225","23477/2025-12-17/1762375225.json"
"510807","146155","2025-12-17","52.00","NZD","1762375225","23477/2025-12-17/1762375225.json"
"581513","221281","2025-12-18","36.00","NZD","1762375225","23477/2025-12-18/1762375225.json"
"581514","221282","2025-12-18","36.00","NZD","1762375225","23477/2025-12-18/1762375225.json"
"512557","146154","2025-12-18","45.00","NZD","1762375225","23477/2025-12-18/1762375225.json"
"365170","146153","2025-12-18","48.00","NZD","1762375225","23477/2025-12-18/1762375225.json"
"510807","146155","2025-12-18","52.00","NZD","1762375225","23477/2025-12-18/1762375225.json"
"581513","221281","2025-12-19","36.00","NZD","1762375225","23477/2025-12-19/1762375225.json"
"581514","221282","2025-12-19","36.00","NZD","1762375225","23477/2025-12-19/1762375225.json"
"512557","146154","2025-12-19","45.00","NZD","1762375225","23477/2025-12-19/1762375225.json"
"365170","146153","2025-12-19","48.00","NZD","1762375225","23477/2025-12-19/1762375225.json"
"510807","146155","2025-12-19","52.00","NZD","1762375225","23477/2025-12-19/1762375225.json"
"581513","221281","2025-12-21","36.00","NZD","1762375225","23477/2025-12-21/1762375225.json"
"581514","221282","2025-12-21","36.00","NZD","1762375225","23477/2025-12-21/1762375225.json"
"581513","221281","2025-12-20","36.00","NZD","1762375225","23477/2025-12-20/1762375225.json"
"512557","146154","2025-12-21","45.00","NZD","1762375225","23477/2025-12-21/1762375225.json"
"581514","221282","2025-12-20","36.00","NZD","1762375225","23477/2025-12-20/1762375225.json"
"365170","146153","2025-12-21","48.00","NZD","1762375225","23477/2025-12-21/1762375225.json"
"512557","146154","2025-12-20","45.00","NZD","1762375225","23477/2025-12-20/1762375225.json"
"510807","146155","2025-12-21","52.00","NZD","1762375225","23477/2025-12-21/1762375225.json"
"365170","146153","2025-12-20","48.00","NZD","1762375225","23477/2025-12-20/1762375225.json"
"510807","146155","2025-12-20","52.00","NZD","1762375225","23477/2025-12-20/1762375225.json"
"581513","221281","2025-12-22","36.00","NZD","1762375225","23477/2025-12-22/1762375225.json"
"581514","221282","2025-12-22","36.00","NZD","1762375225","23477/2025-12-22/1762375225.json"
"512557","146154","2025-12-22","45.00","NZD","1762375225","23477/2025-12-22/1762375225.json"
"365170","146153","2025-12-22","48.00","NZD","1762375225","23477/2025-12-22/1762375225.json"
"510807","146155","2025-12-22","52.00","NZD","1762375225","23477/2025-12-22/1762375225.json"
"581513","221281","2025-12-23","38.00","NZD","1762375225","23477/2025-12-23/1762375225.json"
"581514","221282","2025-12-23","38.00","NZD","1762375225","23477/2025-12-23/1762375225.json"
"512557","146154","2025-12-23","45.00","NZD","1762375225","23477/2025-12-23/1762375225.json"
"365170","146153","2025-12-23","48.00","NZD","1762375225","23477/2025-12-23/1762375225.json"
"510807","146155","2025-12-23","52.00","NZD","1762375225","23477/2025-12-23/1762375225.json"
"581513","221281","2025-12-24","38.00","NZD","1762375225","23477/2025-12-24/1762375225.json"
"581514","221282","2025-12-24","38.00","NZD","1762375225","23477/2025-12-24/1762375225.json"
"512557","146154","2025-12-24","45.00","NZD","1762375225","23477/2025-12-24/1762375225.json"
"365170","146153","2025-12-24","48.00","NZD","1762375225","23477/2025-12-24/1762375225.json"
"510807","146155","2025-12-24","52.00","NZD","1762375225","23477/2025-12-24/1762375225.json"
"581513","221281","2025-12-25","38.00","NZD","1762375225","23477/2025-12-25/1762375225.json"
"581514","221282","2025-12-25","38.00","NZD","1762375225","23477/2025-12-25/1762375225.json"
"512557","146154","2025-12-25","45.00","NZD","1762375225","23477/2025-12-25/1762375225.json"
"365170","146153","2025-12-25","48.00","NZD","1762375225","23477/2025-12-25/1762375225.json"
"510807","146155","2025-12-25","52.00","NZD","1762375225","23477/2025-12-25/1762375225.json"
"581513","221281","2025-12-26","42.00","NZD","1762375225","23477/2025-12-26/1762375225.json"
"581514","221282","2025-12-26","42.00","NZD","1762375225","23477/2025-12-26/1762375225.json"
"512557","146154","2025-12-26","45.00","NZD","1762375225","23477/2025-12-26/1762375225.json"
"365170","146153","2025-12-26","48.00","NZD","1762375225","23477/2025-12-26/1762375225.json"
"510807","146155","2025-12-26","52.00","NZD","1762375225","23477/2025-12-26/1762375225.json"
"581513","221281","2025-12-27","42.00","NZD","1762375225","23477/2025-12-27/1762375225.json"
"581514","221282","2025-12-27","42.00","NZD","1762375225","23477/2025-12-27/1762375225.json"
"512557","146154","2025-12-27","45.00","NZD","1762375225","23477/2025-12-27/1762375225.json"
"365170","146153","2025-12-27","48.00","NZD","1762375225","23477/2025-12-27/1762375225.json"
"510807","146155","2025-12-27","52.00","NZD","1762375225","23477/2025-12-27/1762375225.json"
"581513","221281","2025-12-28","42.00","NZD","1762375225","23477/2025-12-28/1762375225.json"
"581514","221282","2025-12-28","42.00","NZD","1762375225","23477/2025-12-28/1762375225.json"
"512557","146154","2025-12-28","45.00","NZD","1762375225","23477/2025-12-28/1762375225.json"
"365170","146153","2025-12-28","48.00","NZD","1762375225","23477/2025-12-28/1762375225.json"
"510807","146155","2025-12-28","52.00","NZD","1762375225","23477/2025-12-28/1762375225.json"
"581513","221281","2025-12-30","42.00","NZD","1762375225","23477/2025-12-30/1762375225.json"
"581514","221282","2025-12-30","42.00","NZD","1762375225","23477/2025-12-30/1762375225.json"
"512557","146154","2025-12-30","45.00","NZD","1762375225","23477/2025-12-30/1762375225.json"
"365170","146153","2025-12-30","48.00","NZD","1762375225","23477/2025-12-30/1762375225.json"
"510807","146155","2025-12-30","52.00","NZD","1762375225","23477/2025-12-30/1762375225.json"
"581513","221281","2025-12-29","42.00","NZD","1762375225","23477/2025-12-29/1762375225.json"
"581514","221282","2025-12-29","42.00","NZD","1762375225","23477/2025-12-29/1762375225.json"
"512557","146154","2025-12-29","45.00","NZD","1762375225","23477/2025-12-29/1762375225.json"
"365170","146153","2025-12-29","48.00","NZD","1762375225","23477/2025-12-29/1762375225.json"
"510807","146155","2025-12-29","52.00","NZD","1762375225","23477/2025-12-29/1762375225.json"
"581513","221281","2025-12-31","42.00","NZD","1762375225","23477/2025-12-31/1762375225.json"
"581514","221282","2025-12-31","42.00","NZD","1762375225","23477/2025-12-31/1762375225.json"
"512557","146154","2025-12-31","45.00","NZD","1762375225","23477/2025-12-31/1762375225.json"
"365170","146153","2025-12-31","48.00","NZD","1762375225","23477/2025-12-31/1762375225.json"
"510807","146155","2025-12-31","52.00","NZD","1762375225","23477/2025-12-31/1762375225.json"
"581513","221281","2026-01-01","42.00","NZD","1762375225","23477/2026-01-01/1762375225.json"
"581514","221282","2026-01-01","42.00","NZD","1762375225","23477/2026-01-01/1762375225.json"
"512557","146154","2026-01-01","45.00","NZD","1762375225","23477/2026-01-01/1762375225.json"
"365170","146153","2026-01-01","48.00","NZD","1762375225","23477/2026-01-01/1762375225.json"
"510807","146155","2026-01-01","52.00","NZD","1762375225","23477/2026-01-01/1762375225.json"
"581513","221281","2026-01-04","42.00","NZD","1762375225","23477/2026-01-04/1762375225.json"
"581514","221282","2026-01-04","42.00","NZD","1762375225","23477/2026-01-04/1762375225.json"
"512557","146154","2026-01-04","45.00","NZD","1762375225","23477/2026-01-04/1762375225.json"
"365170","146153","2026-01-04","48.00","NZD","1762375225","23477/2026-01-04/1762375225.json"
"510807","146155","2026-01-04","52.00","NZD","1762375225","23477/2026-01-04/1762375225.json"
"581513","221281","2026-01-02","42.00","NZD","1762375225","23477/2026-01-02/1762375225.json"
"581514","221282","2026-01-02","42.00","NZD","1762375225","23477/2026-01-02/1762375225.json"
"512557","146154","2026-01-02","45.00","NZD","1762375225","23477/2026-01-02/1762375225.json"
"365170","146153","2026-01-02","48.00","NZD","1762375225","23477/2026-01-02/1762375225.json"
"510807","146155","2026-01-02","52.00","NZD","1762375225","23477/2026-01-02/1762375225.json"
"581513","221281","2026-01-03","42.00","NZD","1762375225","23477/2026-01-03/1762375225.json"
"581514","221282","2026-01-03","42.00","NZD","1762375225","23477/2026-01-03/1762375225.json"
"512557","146154","2026-01-03","45.00","NZD","1762375225","23477/2026-01-03/1762375225.json"
"365170","146153","2026-01-03","48.00","NZD","1762375225","23477/2026-01-03/1762375225.json"
"510807","146155","2026-01-03","52.00","NZD","1762375225","23477/2026-01-03/1762375225.json"
"581513","221281","2025-11-06","36.00","NZD","1762394285","23477/2025-11-06/1762394285.json"
"581514","221282","2025-11-06","36.00","NZD","1762394285","23477/2025-11-06/1762394285.json"
"581513","221281","2025-11-09","36.00","NZD","1762394285","23477/2025-11-09/1762394285.json"
"512557","146154","2025-11-06","45.00","NZD","1762394285","23477/2025-11-06/1762394285.json"
"581514","221282","2025-11-09","36.00","NZD","1762394285","23477/2025-11-09/1762394285.json"
"512557","146154","2025-11-09","45.00","NZD","1762394285","23477/2025-11-09/1762394285.json"
"365170","146153","2025-11-06","48.00","NZD","1762394285","23477/2025-11-06/1762394285.json"
"365170","146153","2025-11-09","48.00","NZD","1762394285","23477/2025-11-09/1762394285.json"
"510807","146155","2025-11-06","52.00","NZD","1762394285","23477/2025-11-06/1762394285.json"
"510807","146155","2025-11-09","52.00","NZD","1762394285","23477/2025-11-09/1762394285.json"
"581513","221281","2025-11-07","36.00","NZD","1762394285","23477/2025-11-07/1762394285.json"
"581514","221282","2025-11-07","36.00","NZD","1762394285","23477/2025-11-07/1762394285.json"
"512557","146154","2025-11-07","45.00","NZD","1762394285","23477/2025-11-07/1762394285.json"
"365170","146153","2025-11-07","48.00","NZD","1762394285","23477/2025-11-07/1762394285.json"
"510807","146155","2025-11-07","52.00","NZD","1762394285","23477/2025-11-07/1762394285.json"
"581513","221281","2025-11-08","36.00","NZD","1762394285","23477/2025-11-08/1762394285.json"
"581514","221282","2025-11-08","36.00","NZD","1762394285","23477/2025-11-08/1762394285.json"
"512557","146154","2025-11-08","45.00","NZD","1762394285","23477/2025-11-08/1762394285.json"
"365170","146153","2025-11-08","48.00","NZD","1762394285","23477/2025-11-08/1762394285.json"
"510807","146155","2025-11-08","52.00","NZD","1762394285","23477/2025-11-08/1762394285.json"
"581513","221281","2025-11-10","36.00","NZD","1762394285","23477/2025-11-10/1762394285.json"
"581514","221282","2025-11-10","36.00","NZD","1762394285","23477/2025-11-10/1762394285.json"
"512557","146154","2025-11-10","45.00","NZD","1762394285","23477/2025-11-10/1762394285.json"
"365170","146153","2025-11-10","48.00","NZD","1762394285","23477/2025-11-10/1762394285.json"
"510807","146155","2025-11-10","52.00","NZD","1762394285","23477/2025-11-10/1762394285.json"
"581513","221281","2025-11-11","36.00","NZD","1762394285","23477/2025-11-11/1762394285.json"
"581514","221282","2025-11-11","36.00","NZD","1762394285","23477/2025-11-11/1762394285.json"
"512557","146154","2025-11-11","45.00","NZD","1762394285","23477/2025-11-11/1762394285.json"
"365170","146153","2025-11-11","48.00","NZD","1762394285","23477/2025-11-11/1762394285.json"
"510807","146155","2025-11-11","52.00","NZD","1762394285","23477/2025-11-11/1762394285.json"
"581513","221281","2025-11-13","36.00","NZD","1762394285","23477/2025-11-13/1762394285.json"
"581514","221282","2025-11-13","36.00","NZD","1762394285","23477/2025-11-13/1762394285.json"
"512557","146154","2025-11-13","45.00","NZD","1762394285","23477/2025-11-13/1762394285.json"
"365170","146153","2025-11-13","48.00","NZD","1762394285","23477/2025-11-13/1762394285.json"
"510807","146155","2025-11-13","52.00","NZD","1762394285","23477/2025-11-13/1762394285.json"
"581513","221281","2025-11-15","36.00","NZD","1762394285","23477/2025-11-15/1762394285.json"
"581514","221282","2025-11-15","36.00","NZD","1762394285","23477/2025-11-15/1762394285.json"
"512557","146154","2025-11-15","45.00","NZD","1762394285","23477/2025-11-15/1762394285.json"
"365170","146153","2025-11-15","48.00","NZD","1762394285","23477/2025-11-15/1762394285.json"
"510807","146155","2025-11-15","52.00","NZD","1762394285","23477/2025-11-15/1762394285.json"
"581513","221281","2025-11-12","36.00","NZD","1762394285","23477/2025-11-12/1762394285.json"
"581514","221282","2025-11-12","36.00","NZD","1762394285","23477/2025-11-12/1762394285.json"
"512557","146154","2025-11-12","45.00","NZD","1762394285","23477/2025-11-12/1762394285.json"
"365170","146153","2025-11-12","48.00","NZD","1762394285","23477/2025-11-12/1762394285.json"
"510807","146155","2025-11-12","52.00","NZD","1762394285","23477/2025-11-12/1762394285.json"
"581513","221281","2025-11-16","36.00","NZD","1762394285","23477/2025-11-16/1762394285.json"
"581514","221282","2025-11-16","36.00","NZD","1762394285","23477/2025-11-16/1762394285.json"
"512557","146154","2025-11-16","45.00","NZD","1762394285","23477/2025-11-16/1762394285.json"
"365170","146153","2025-11-16","48.00","NZD","1762394285","23477/2025-11-16/1762394285.json"
"510807","146155","2025-11-16","52.00","NZD","1762394285","23477/2025-11-16/1762394285.json"
"581513","221281","2025-11-14","36.00","NZD","1762394285","23477/2025-11-14/1762394285.json"
"581514","221282","2025-11-14","36.00","NZD","1762394285","23477/2025-11-14/1762394285.json"
"512557","146154","2025-11-14","45.00","NZD","1762394285","23477/2025-11-14/1762394285.json"
"365170","146153","2025-11-14","48.00","NZD","1762394285","23477/2025-11-14/1762394285.json"
"510807","146155","2025-11-14","52.00","NZD","1762394285","23477/2025-11-14/1762394285.json"
"581513","221281","2025-11-17","36.00","NZD","1762394285","23477/2025-11-17/1762394285.json"
"581514","221282","2025-11-17","36.00","NZD","1762394285","23477/2025-11-17/1762394285.json"
"512557","146154","2025-11-17","45.00","NZD","1762394285","23477/2025-11-17/1762394285.json"
"365170","146153","2025-11-17","48.00","NZD","1762394285","23477/2025-11-17/1762394285.json"
"510807","146155","2025-11-17","52.00","NZD","1762394285","23477/2025-11-17/1762394285.json"
"581513","221281","2025-11-18","36.00","NZD","1762394285","23477/2025-11-18/1762394285.json"
"581514","221282","2025-11-18","36.00","NZD","1762394285","23477/2025-11-18/1762394285.json"
"512557","146154","2025-11-18","45.00","NZD","1762394285","23477/2025-11-18/1762394285.json"
"365170","146153","2025-11-18","48.00","NZD","1762394285","23477/2025-11-18/1762394285.json"
"510807","146155","2025-11-18","52.00","NZD","1762394285","23477/2025-11-18/1762394285.json"
"581513","221281","2025-11-20","36.00","NZD","1762394285","23477/2025-11-20/1762394285.json"
"581514","221282","2025-11-20","36.00","NZD","1762394285","23477/2025-11-20/1762394285.json"
"512557","146154","2025-11-20","45.00","NZD","1762394285","23477/2025-11-20/1762394285.json"
"581513","221281","2025-11-19","36.00","NZD","1762394285","23477/2025-11-19/1762394285.json"
"581514","221282","2025-11-19","36.00","NZD","1762394285","23477/2025-11-19/1762394285.json"
"512557","146154","2025-11-19","45.00","NZD","1762394285","23477/2025-11-19/1762394285.json"
"365170","146153","2025-11-19","48.00","NZD","1762394285","23477/2025-11-19/1762394285.json"
"510807","146155","2025-11-19","52.00","NZD","1762394285","23477/2025-11-19/1762394285.json"
"581513","221281","2025-11-21","36.00","NZD","1762394285","23477/2025-11-21/1762394285.json"
"581514","221282","2025-11-21","36.00","NZD","1762394285","23477/2025-11-21/1762394285.json"
"512557","146154","2025-11-21","45.00","NZD","1762394285","23477/2025-11-21/1762394285.json"
"365170","146153","2025-11-21","48.00","NZD","1762394285","23477/2025-11-21/1762394285.json"
"510807","146155","2025-11-21","52.00","NZD","1762394285","23477/2025-11-21/1762394285.json"
"581513","221281","2025-11-22","36.00","NZD","1762394285","23477/2025-11-22/1762394285.json"
"581514","221282","2025-11-22","36.00","NZD","1762394285","23477/2025-11-22/1762394285.json"
"512557","146154","2025-11-22","45.00","NZD","1762394285","23477/2025-11-22/1762394285.json"
"365170","146153","2025-11-22","48.00","NZD","1762394285","23477/2025-11-22/1762394285.json"
"510807","146155","2025-11-22","52.00","NZD","1762394285","23477/2025-11-22/1762394285.json"
"581513","221281","2025-11-23","36.00","NZD","1762394285","23477/2025-11-23/1762394285.json"
"581514","221282","2025-11-23","36.00","NZD","1762394285","23477/2025-11-23/1762394285.json"
"512557","146154","2025-11-23","45.00","NZD","1762394285","23477/2025-11-23/1762394285.json"
"365170","146153","2025-11-23","48.00","NZD","1762394285","23477/2025-11-23/1762394285.json"
"510807","146155","2025-11-23","52.00","NZD","1762394285","23477/2025-11-23/1762394285.json"
"581513","221281","2025-11-24","36.00","NZD","1762394285","23477/2025-11-24/1762394285.json"
"581514","221282","2025-11-24","36.00","NZD","1762394285","23477/2025-11-24/1762394285.json"
"512557","146154","2025-11-24","45.00","NZD","1762394285","23477/2025-11-24/1762394285.json"
"365170","146153","2025-11-24","48.00","NZD","1762394285","23477/2025-11-24/1762394285.json"
"510807","146155","2025-11-24","52.00","NZD","1762394285","23477/2025-11-24/1762394285.json"
"581513","221281","2025-11-25","36.00","NZD","1762394285","23477/2025-11-25/1762394285.json"
"581514","221282","2025-11-25","36.00","NZD","1762394285","23477/2025-11-25/1762394285.json"
"512557","146154","2025-11-25","45.00","NZD","1762394285","23477/2025-11-25/1762394285.json"
"365170","146153","2025-11-25","48.00","NZD","1762394285","23477/2025-11-25/1762394285.json"
"510807","146155","2025-11-25","52.00","NZD","1762394285","23477/2025-11-25/1762394285.json"
"581513","221281","2025-11-27","36.00","NZD","1762394285","23477/2025-11-27/1762394285.json"
"581514","221282","2025-11-27","36.00","NZD","1762394285","23477/2025-11-27/1762394285.json"
"512557","146154","2025-11-27","45.00","NZD","1762394285","23477/2025-11-27/1762394285.json"
"365170","146153","2025-11-27","48.00","NZD","1762394285","23477/2025-11-27/1762394285.json"
"510807","146155","2025-11-27","52.00","NZD","1762394285","23477/2025-11-27/1762394285.json"
"581513","221281","2025-11-26","36.00","NZD","1762394285","23477/2025-11-26/1762394285.json"
"581514","221282","2025-11-26","36.00","NZD","1762394285","23477/2025-11-26/1762394285.json"
"512557","146154","2025-11-26","45.00","NZD","1762394285","23477/2025-11-26/1762394285.json"
"365170","146153","2025-11-26","48.00","NZD","1762394285","23477/2025-11-26/1762394285.json"
"510807","146155","2025-11-26","52.00","NZD","1762394285","23477/2025-11-26/1762394285.json"
"581513","221281","2025-11-28","36.00","NZD","1762394285","23477/2025-11-28/1762394285.json"
"581514","221282","2025-11-28","36.00","NZD","1762394285","23477/2025-11-28/1762394285.json"
"512557","146154","2025-11-28","45.00","NZD","1762394285","23477/2025-11-28/1762394285.json"
"365170","146153","2025-11-28","48.00","NZD","1762394285","23477/2025-11-28/1762394285.json"
"510807","146155","2025-11-28","52.00","NZD","1762394285","23477/2025-11-28/1762394285.json"
"581513","221281","2025-11-29","36.00","NZD","1762394285","23477/2025-11-29/1762394285.json"
"581514","221282","2025-11-29","36.00","NZD","1762394285","23477/2025-11-29/1762394285.json"
"512557","146154","2025-11-29","45.00","NZD","1762394285","23477/2025-11-29/1762394285.json"
"365170","146153","2025-11-29","48.00","NZD","1762394285","23477/2025-11-29/1762394285.json"
"510807","146155","2025-11-29","52.00","NZD","1762394285","23477/2025-11-29/1762394285.json"
"581513","221281","2025-12-01","36.00","NZD","1762394285","23477/2025-12-01/1762394285.json"
"581513","221281","2025-11-30","36.00","NZD","1762394285","23477/2025-11-30/1762394285.json"
"581514","221282","2025-12-01","36.00","NZD","1762394285","23477/2025-12-01/1762394285.json"
"581514","221282","2025-11-30","36.00","NZD","1762394285","23477/2025-11-30/1762394285.json"
"512557","146154","2025-11-30","45.00","NZD","1762394285","23477/2025-11-30/1762394285.json"
"512557","146154","2025-12-01","45.00","NZD","1762394285","23477/2025-12-01/1762394285.json"
"365170","146153","2025-11-30","48.00","NZD","1762394285","23477/2025-11-30/1762394285.json"
"510807","146155","2025-11-30","52.00","NZD","1762394285","23477/2025-11-30/1762394285.json"
"365170","146153","2025-12-01","48.00","NZD","1762394285","23477/2025-12-01/1762394285.json"
"510807","146155","2025-12-01","52.00","NZD","1762394285","23477/2025-12-01/1762394285.json"
"581513","221281","2025-12-03","36.00","NZD","1762394285","23477/2025-12-03/1762394285.json"
"581514","221282","2025-12-03","36.00","NZD","1762394285","23477/2025-12-03/1762394285.json"
"512557","146154","2025-12-03","45.00","NZD","1762394285","23477/2025-12-03/1762394285.json"
"365170","146153","2025-12-03","48.00","NZD","1762394285","23477/2025-12-03/1762394285.json"
"510807","146155","2025-12-03","52.00","NZD","1762394285","23477/2025-12-03/1762394285.json"
"581513","221281","2025-12-02","36.00","NZD","1762394285","23477/2025-12-02/1762394285.json"
"581514","221282","2025-12-02","36.00","NZD","1762394285","23477/2025-12-02/1762394285.json"
"512557","146154","2025-12-02","45.00","NZD","1762394285","23477/2025-12-02/1762394285.json"
"365170","146153","2025-12-02","48.00","NZD","1762394285","23477/2025-12-02/1762394285.json"
"510807","146155","2025-12-02","52.00","NZD","1762394285","23477/2025-12-02/1762394285.json"
"581513","221281","2025-12-05","36.00","NZD","1762394285","23477/2025-12-05/1762394285.json"
"581514","221282","2025-12-05","36.00","NZD","1762394285","23477/2025-12-05/1762394285.json"
"512557","146154","2025-12-05","45.00","NZD","1762394285","23477/2025-12-05/1762394285.json"
"365170","146153","2025-12-05","48.00","NZD","1762394285","23477/2025-12-05/1762394285.json"
"510807","146155","2025-12-05","52.00","NZD","1762394285","23477/2025-12-05/1762394285.json"
"581513","221281","2025-12-04","36.00","NZD","1762394285","23477/2025-12-04/1762394285.json"
"581514","221282","2025-12-04","36.00","NZD","1762394285","23477/2025-12-04/1762394285.json"
"512557","146154","2025-12-04","45.00","NZD","1762394285","23477/2025-12-04/1762394285.json"
"365170","146153","2025-12-04","48.00","NZD","1762394285","23477/2025-12-04/1762394285.json"
"510807","146155","2025-12-04","52.00","NZD","1762394285","23477/2025-12-04/1762394285.json"
"581513","221281","2025-12-07","36.00","NZD","1762394285","23477/2025-12-07/1762394285.json"
"581514","221282","2025-12-07","36.00","NZD","1762394285","23477/2025-12-07/1762394285.json"
"512557","146154","2025-12-07","45.00","NZD","1762394285","23477/2025-12-07/1762394285.json"
"365170","146153","2025-12-07","48.00","NZD","1762394285","23477/2025-12-07/1762394285.json"
"510807","146155","2025-12-07","52.00","NZD","1762394285","23477/2025-12-07/1762394285.json"
"581513","221281","2025-12-06","36.00","NZD","1762394285","23477/2025-12-06/1762394285.json"
"581514","221282","2025-12-06","36.00","NZD","1762394285","23477/2025-12-06/1762394285.json"
"512557","146154","2025-12-06","45.00","NZD","1762394285","23477/2025-12-06/1762394285.json"
"365170","146153","2025-12-06","48.00","NZD","1762394285","23477/2025-12-06/1762394285.json"
"510807","146155","2025-12-06","52.00","NZD","1762394285","23477/2025-12-06/1762394285.json"
"581513","221281","2025-12-08","36.00","NZD","1762394285","23477/2025-12-08/1762394285.json"
"581514","221282","2025-12-08","36.00","NZD","1762394285","23477/2025-12-08/1762394285.json"
"512557","146154","2025-12-08","45.00","NZD","1762394285","23477/2025-12-08/1762394285.json"
"365170","146153","2025-12-08","48.00","NZD","1762394285","23477/2025-12-08/1762394285.json"
"510807","146155","2025-12-08","52.00","NZD","1762394285","23477/2025-12-08/1762394285.json"
"581513","221281","2025-12-09","36.00","NZD","1762394285","23477/2025-12-09/1762394285.json"
"581514","221282","2025-12-09","36.00","NZD","1762394285","23477/2025-12-09/1762394285.json"
"512557","146154","2025-12-09","45.00","NZD","1762394285","23477/2025-12-09/1762394285.json"
"365170","146153","2025-12-09","48.00","NZD","1762394285","23477/2025-12-09/1762394285.json"
"510807","146155","2025-12-09","52.00","NZD","1762394285","23477/2025-12-09/1762394285.json"
"581513","221281","2025-12-10","36.00","NZD","1762394285","23477/2025-12-10/1762394285.json"
"581514","221282","2025-12-10","36.00","NZD","1762394285","23477/2025-12-10/1762394285.json"
"512557","146154","2025-12-10","45.00","NZD","1762394285","23477/2025-12-10/1762394285.json"
"365170","146153","2025-12-10","48.00","NZD","1762394285","23477/2025-12-10/1762394285.json"
"510807","146155","2025-12-10","52.00","NZD","1762394285","23477/2025-12-10/1762394285.json"
"581513","221281","2025-12-13","36.00","NZD","1762394285","23477/2025-12-13/1762394285.json"
"581514","221282","2025-12-13","36.00","NZD","1762394285","23477/2025-12-13/1762394285.json"
"512557","146154","2025-12-13","45.00","NZD","1762394285","23477/2025-12-13/1762394285.json"
"365170","146153","2025-12-13","48.00","NZD","1762394285","23477/2025-12-13/1762394285.json"
"510807","146155","2025-12-13","52.00","NZD","1762394285","23477/2025-12-13/1762394285.json"
"581513","221281","2025-12-11","36.00","NZD","1762394285","23477/2025-12-11/1762394285.json"
"581514","221282","2025-12-11","36.00","NZD","1762394285","23477/2025-12-11/1762394285.json"
"512557","146154","2025-12-11","45.00","NZD","1762394285","23477/2025-12-11/1762394285.json"
"365170","146153","2025-12-11","48.00","NZD","1762394285","23477/2025-12-11/1762394285.json"
"510807","146155","2025-12-11","52.00","NZD","1762394285","23477/2025-12-11/1762394285.json"
"581513","221281","2025-12-14","36.00","NZD","1762394285","23477/2025-12-14/1762394285.json"
"581514","221282","2025-12-14","36.00","NZD","1762394285","23477/2025-12-14/1762394285.json"
"512557","146154","2025-12-14","45.00","NZD","1762394285","23477/2025-12-14/1762394285.json"
"365170","146153","2025-12-14","48.00","NZD","1762394285","23477/2025-12-14/1762394285.json"
"510807","146155","2025-12-14","52.00","NZD","1762394285","23477/2025-12-14/1762394285.json"
"581513","221281","2025-12-15","36.00","NZD","1762394285","23477/2025-12-15/1762394285.json"
"581514","221282","2025-12-15","36.00","NZD","1762394285","23477/2025-12-15/1762394285.json"
"512557","146154","2025-12-15","45.00","NZD","1762394285","23477/2025-12-15/1762394285.json"
"365170","146153","2025-12-15","48.00","NZD","1762394285","23477/2025-12-15/1762394285.json"
"510807","146155","2025-12-15","52.00","NZD","1762394285","23477/2025-12-15/1762394285.json"
"581513","221281","2025-12-16","36.00","NZD","1762394285","23477/2025-12-16/1762394285.json"
"581514","221282","2025-12-16","36.00","NZD","1762394285","23477/2025-12-16/1762394285.json"
"512557","146154","2025-12-16","45.00","NZD","1762394285","23477/2025-12-16/1762394285.json"
"365170","146153","2025-12-16","48.00","NZD","1762394285","23477/2025-12-16/1762394285.json"
"510807","146155","2025-12-16","52.00","NZD","1762394285","23477/2025-12-16/1762394285.json"
"581513","221281","2025-12-17","36.00","NZD","1762394285","23477/2025-12-17/1762394285.json"
"581514","221282","2025-12-17","36.00","NZD","1762394285","23477/2025-12-17/1762394285.json"
"512557","146154","2025-12-17","45.00","NZD","1762394285","23477/2025-12-17/1762394285.json"
"365170","146153","2025-12-17","48.00","NZD","1762394285","23477/2025-12-17/1762394285.json"
"510807","146155","2025-12-17","52.00","NZD","1762394285","23477/2025-12-17/1762394285.json"
"581513","221281","2025-12-19","36.00","NZD","1762394285","23477/2025-12-19/1762394285.json"
"581514","221282","2025-12-19","36.00","NZD","1762394285","23477/2025-12-19/1762394285.json"
"512557","146154","2025-12-19","45.00","NZD","1762394285","23477/2025-12-19/1762394285.json"
"365170","146153","2025-12-19","48.00","NZD","1762394285","23477/2025-12-19/1762394285.json"
"510807","146155","2025-12-19","52.00","NZD","1762394285","23477/2025-12-19/1762394285.json"
"581513","221281","2025-12-20","36.00","NZD","1762394285","23477/2025-12-20/1762394285.json"
"581513","221281","2025-12-18","36.00","NZD","1762394285","23477/2025-12-18/1762394285.json"
"581514","221282","2025-12-20","36.00","NZD","1762394285","23477/2025-12-20/1762394285.json"
"581514","221282","2025-12-18","36.00","NZD","1762394285","23477/2025-12-18/1762394285.json"
"512557","146154","2025-12-20","45.00","NZD","1762394285","23477/2025-12-20/1762394285.json"
"365170","146153","2025-12-20","48.00","NZD","1762394285","23477/2025-12-20/1762394285.json"
"512557","146154","2025-12-18","45.00","NZD","1762394285","23477/2025-12-18/1762394285.json"
"510807","146155","2025-12-20","52.00","NZD","1762394285","23477/2025-12-20/1762394285.json"
"365170","146153","2025-12-18","48.00","NZD","1762394285","23477/2025-12-18/1762394285.json"
"510807","146155","2025-12-18","52.00","NZD","1762394285","23477/2025-12-18/1762394285.json"
"581513","221281","2025-12-12","36.00","NZD","1762394285","23477/2025-12-12/1762394285.json"
"581514","221282","2025-12-12","36.00","NZD","1762394285","23477/2025-12-12/1762394285.json"
"512557","146154","2025-12-12","45.00","NZD","1762394285","23477/2025-12-12/1762394285.json"
"365170","146153","2025-12-12","48.00","NZD","1762394285","23477/2025-12-12/1762394285.json"
"510807","146155","2025-12-12","52.00","NZD","1762394285","23477/2025-12-12/1762394285.json"
"581513","221281","2025-12-22","36.00","NZD","1762394285","23477/2025-12-22/1762394285.json"
"581514","221282","2025-12-22","36.00","NZD","1762394285","23477/2025-12-22/1762394285.json"
"512557","146154","2025-12-22","45.00","NZD","1762394285","23477/2025-12-22/1762394285.json"
"365170","146153","2025-12-22","48.00","NZD","1762394285","23477/2025-12-22/1762394285.json"
"510807","146155","2025-12-22","52.00","NZD","1762394285","23477/2025-12-22/1762394285.json"
"581513","221281","2025-12-23","38.00","NZD","1762394285","23477/2025-12-23/1762394285.json"
"581514","221282","2025-12-23","38.00","NZD","1762394285","23477/2025-12-23/1762394285.json"
"512557","146154","2025-12-23","45.00","NZD","1762394285","23477/2025-12-23/1762394285.json"
"365170","146153","2025-12-23","48.00","NZD","1762394285","23477/2025-12-23/1762394285.json"
"510807","146155","2025-12-23","52.00","NZD","1762394285","23477/2025-12-23/1762394285.json"
"581513","221281","2025-12-21","36.00","NZD","1762394285","23477/2025-12-21/1762394285.json"
"581513","221281","2025-12-24","38.00","NZD","1762394285","23477/2025-12-24/1762394285.json"
"581514","221282","2025-12-21","36.00","NZD","1762394285","23477/2025-12-21/1762394285.json"
"581514","221282","2025-12-24","38.00","NZD","1762394285","23477/2025-12-24/1762394285.json"
"512557","146154","2025-12-24","45.00","NZD","1762394285","23477/2025-12-24/1762394285.json"
"512557","146154","2025-12-21","45.00","NZD","1762394285","23477/2025-12-21/1762394285.json"
"365170","146153","2025-12-24","48.00","NZD","1762394285","23477/2025-12-24/1762394285.json"
"510807","146155","2025-12-24","52.00","NZD","1762394285","23477/2025-12-24/1762394285.json"
"365170","146153","2025-12-21","48.00","NZD","1762394285","23477/2025-12-21/1762394285.json"
"510807","146155","2025-12-21","52.00","NZD","1762394285","23477/2025-12-21/1762394285.json"
"581513","221281","2025-12-26","42.00","NZD","1762394285","23477/2025-12-26/1762394285.json"
"581514","221282","2025-12-26","42.00","NZD","1762394285","23477/2025-12-26/1762394285.json"
"512557","146154","2025-12-26","45.00","NZD","1762394285","23477/2025-12-26/1762394285.json"
"365170","146153","2025-12-26","48.00","NZD","1762394285","23477/2025-12-26/1762394285.json"
"510807","146155","2025-12-26","52.00","NZD","1762394285","23477/2025-12-26/1762394285.json"
"581513","221281","2025-12-25","38.00","NZD","1762394285","23477/2025-12-25/1762394285.json"
"581514","221282","2025-12-25","38.00","NZD","1762394285","23477/2025-12-25/1762394285.json"
"512557","146154","2025-12-25","45.00","NZD","1762394285","23477/2025-12-25/1762394285.json"
"365170","146153","2025-12-25","48.00","NZD","1762394285","23477/2025-12-25/1762394285.json"
"510807","146155","2025-12-25","52.00","NZD","1762394285","23477/2025-12-25/1762394285.json"
"581513","221281","2025-12-27","42.00","NZD","1762394285","23477/2025-12-27/1762394285.json"
"581514","221282","2025-12-27","42.00","NZD","1762394285","23477/2025-12-27/1762394285.json"
"512557","146154","2025-12-27","45.00","NZD","1762394285","23477/2025-12-27/1762394285.json"
"365170","146153","2025-12-27","48.00","NZD","1762394285","23477/2025-12-27/1762394285.json"
"510807","146155","2025-12-27","52.00","NZD","1762394285","23477/2025-12-27/1762394285.json"
"581513","221281","2025-12-28","42.00","NZD","1762394285","23477/2025-12-28/1762394285.json"
"581514","221282","2025-12-28","42.00","NZD","1762394285","23477/2025-12-28/1762394285.json"
"512557","146154","2025-12-28","45.00","NZD","1762394285","23477/2025-12-28/1762394285.json"
"365170","146153","2025-12-28","48.00","NZD","1762394285","23477/2025-12-28/1762394285.json"
"510807","146155","2025-12-28","52.00","NZD","1762394285","23477/2025-12-28/1762394285.json"
"581513","221281","2025-12-30","42.00","NZD","1762394285","23477/2025-12-30/1762394285.json"
"581514","221282","2025-12-30","42.00","NZD","1762394285","23477/2025-12-30/1762394285.json"
"512557","146154","2025-12-30","45.00","NZD","1762394285","23477/2025-12-30/1762394285.json"
"365170","146153","2025-12-30","48.00","NZD","1762394285","23477/2025-12-30/1762394285.json"
"510807","146155","2025-12-30","52.00","NZD","1762394285","23477/2025-12-30/1762394285.json"
"581513","221281","2025-12-29","42.00","NZD","1762394285","23477/2025-12-29/1762394285.json"
"581514","221282","2025-12-29","42.00","NZD","1762394285","23477/2025-12-29/1762394285.json"
"512557","146154","2025-12-29","45.00","NZD","1762394285","23477/2025-12-29/1762394285.json"
"365170","146153","2025-12-29","48.00","NZD","1762394285","23477/2025-12-29/1762394285.json"
"510807","146155","2025-12-29","52.00","NZD","1762394285","23477/2025-12-29/1762394285.json"
"581513","221281","2025-12-31","42.00","NZD","1762394285","23477/2025-12-31/1762394285.json"
"581514","221282","2025-12-31","42.00","NZD","1762394285","23477/2025-12-31/1762394285.json"
"512557","146154","2025-12-31","45.00","NZD","1762394285","23477/2025-12-31/1762394285.json"
"365170","146153","2025-12-31","48.00","NZD","1762394285","23477/2025-12-31/1762394285.json"
"510807","146155","2025-12-31","52.00","NZD","1762394285","23477/2025-12-31/1762394285.json"
"581513","221281","2026-01-01","42.00","NZD","1762394285","23477/2026-01-01/1762394285.json"
"581514","221282","2026-01-01","42.00","NZD","1762394285","23477/2026-01-01/1762394285.json"
"512557","146154","2026-01-01","45.00","NZD","1762394285","23477/2026-01-01/1762394285.json"
"365170","146153","2026-01-01","48.00","NZD","1762394285","23477/2026-01-01/1762394285.json"
"510807","146155","2026-01-01","52.00","NZD","1762394285","23477/2026-01-01/1762394285.json"
"581513","221281","2026-01-03","42.00","NZD","1762394285","23477/2026-01-03/1762394285.json"
"581514","221282","2026-01-03","42.00","NZD","1762394285","23477/2026-01-03/1762394285.json"
"512557","146154","2026-01-03","45.00","NZD","1762394285","23477/2026-01-03/1762394285.json"
"365170","146153","2026-01-03","48.00","NZD","1762394285","23477/2026-01-03/1762394285.json"
"510807","146155","2026-01-03","52.00","NZD","1762394285","23477/2026-01-03/1762394285.json"
"581513","221281","2026-01-04","42.00","NZD","1762394285","23477/2026-01-04/1762394285.json"
"581514","221282","2026-01-04","42.00","NZD","1762394285","23477/2026-01-04/1762394285.json"
"512557","146154","2026-01-04","45.00","NZD","1762394285","23477/2026-01-04/1762394285.json"
"365170","146153","2026-01-04","48.00","NZD","1762394285","23477/2026-01-04/1762394285.json"
"510807","146155","2026-01-04","52.00","NZD","1762394285","23477/2026-01-04/1762394285.json"
"581513","221281","2026-01-05","36.00","NZD","1762394285","23477/2026-01-05/1762394285.json"
"581514","221282","2026-01-05","36.00","NZD","1762394285","23477/2026-01-05/1762394285.json"
"512557","146154","2026-01-05","45.00","NZD","1762394285","23477/2026-01-05/1762394285.json"
"365170","146153","2026-01-05","48.00","NZD","1762394285","23477/2026-01-05/1762394285.json"
"510807","146155","2026-01-05","52.00","NZD","1762394285","23477/2026-01-05/1762394285.json"
"581513","221281","2026-01-02","42.00","NZD","1762394285","23477/2026-01-02/1762394285.json"
"581514","221282","2026-01-02","42.00","NZD","1762394285","23477/2026-01-02/1762394285.json"
"512557","146154","2026-01-02","45.00","NZD","1762394285","23477/2026-01-02/1762394285.json"
"365170","146153","2026-01-02","48.00","NZD","1762394285","23477/2026-01-02/1762394285.json"
"510807","146155","2026-01-02","52.00","NZD","1762394285","23477/2026-01-02/1762394285.json"
"581513","221281","2025-11-06","36.00","NZD","1762404211","23477/2025-11-06/1762404211.json"
"581514","221282","2025-11-06","36.00","NZD","1762404211","23477/2025-11-06/1762404211.json"
"512557","146154","2025-11-06","45.00","NZD","1762404211","23477/2025-11-06/1762404211.json"
"365170","146153","2025-11-06","48.00","NZD","1762404211","23477/2025-11-06/1762404211.json"
"510807","146155","2025-11-06","52.00","NZD","1762404211","23477/2025-11-06/1762404211.json"
"581513","221281","2025-11-07","36.00","NZD","1762404211","23477/2025-11-07/1762404211.json"
"581514","221282","2025-11-07","36.00","NZD","1762404211","23477/2025-11-07/1762404211.json"
"581513","221281","2025-11-09","36.00","NZD","1762404211","23477/2025-11-09/1762404211.json"
"512557","146154","2025-11-07","45.00","NZD","1762404211","23477/2025-11-07/1762404211.json"
"581514","221282","2025-11-09","36.00","NZD","1762404211","23477/2025-11-09/1762404211.json"
"365170","146153","2025-11-07","48.00","NZD","1762404211","23477/2025-11-07/1762404211.json"
"512557","146154","2025-11-09","45.00","NZD","1762404211","23477/2025-11-09/1762404211.json"
"365170","146153","2025-11-09","48.00","NZD","1762404211","23477/2025-11-09/1762404211.json"
"510807","146155","2025-11-07","52.00","NZD","1762404211","23477/2025-11-07/1762404211.json"
"510807","146155","2025-11-09","52.00","NZD","1762404211","23477/2025-11-09/1762404211.json"
"581513","221281","2025-11-08","36.00","NZD","1762404211","23477/2025-11-08/1762404211.json"
"581514","221282","2025-11-08","36.00","NZD","1762404211","23477/2025-11-08/1762404211.json"
"512557","146154","2025-11-08","45.00","NZD","1762404211","23477/2025-11-08/1762404211.json"
"365170","146153","2025-11-08","48.00","NZD","1762404211","23477/2025-11-08/1762404211.json"
"510807","146155","2025-11-08","52.00","NZD","1762404211","23477/2025-11-08/1762404211.json"
"581513","221281","2025-11-10","36.00","NZD","1762404211","23477/2025-11-10/1762404211.json"
"581514","221282","2025-11-10","36.00","NZD","1762404211","23477/2025-11-10/1762404211.json"
"512557","146154","2025-11-10","45.00","NZD","1762404211","23477/2025-11-10/1762404211.json"
"365170","146153","2025-11-10","48.00","NZD","1762404211","23477/2025-11-10/1762404211.json"
"510807","146155","2025-11-10","52.00","NZD","1762404211","23477/2025-11-10/1762404211.json"
"581513","221281","2025-11-12","36.00","NZD","1762404211","23477/2025-11-12/1762404211.json"
"581514","221282","2025-11-12","36.00","NZD","1762404211","23477/2025-11-12/1762404211.json"
"512557","146154","2025-11-12","45.00","NZD","1762404211","23477/2025-11-12/1762404211.json"
"365170","146153","2025-11-12","48.00","NZD","1762404211","23477/2025-11-12/1762404211.json"
"510807","146155","2025-11-12","52.00","NZD","1762404211","23477/2025-11-12/1762404211.json"
"581513","221281","2025-11-11","36.00","NZD","1762404211","23477/2025-11-11/1762404211.json"
"581514","221282","2025-11-11","36.00","NZD","1762404211","23477/2025-11-11/1762404211.json"
"512557","146154","2025-11-11","45.00","NZD","1762404211","23477/2025-11-11/1762404211.json"
"365170","146153","2025-11-11","48.00","NZD","1762404211","23477/2025-11-11/1762404211.json"
"510807","146155","2025-11-11","52.00","NZD","1762404211","23477/2025-11-11/1762404211.json"
"581513","221281","2025-11-14","36.00","NZD","1762404211","23477/2025-11-14/1762404211.json"
"581514","221282","2025-11-14","36.00","NZD","1762404211","23477/2025-11-14/1762404211.json"
"512557","146154","2025-11-14","45.00","NZD","1762404211","23477/2025-11-14/1762404211.json"
"365170","146153","2025-11-14","48.00","NZD","1762404211","23477/2025-11-14/1762404211.json"
"581513","221281","2025-11-13","36.00","NZD","1762404211","23477/2025-11-13/1762404211.json"
"510807","146155","2025-11-14","52.00","NZD","1762404211","23477/2025-11-14/1762404211.json"
"581514","221282","2025-11-13","36.00","NZD","1762404211","23477/2025-11-13/1762404211.json"
"512557","146154","2025-11-13","45.00","NZD","1762404211","23477/2025-11-13/1762404211.json"
"365170","146153","2025-11-13","48.00","NZD","1762404211","23477/2025-11-13/1762404211.json"
"510807","146155","2025-11-13","52.00","NZD","1762404211","23477/2025-11-13/1762404211.json"
"581513","221281","2025-11-15","36.00","NZD","1762404211","23477/2025-11-15/1762404211.json"
"581514","221282","2025-11-15","36.00","NZD","1762404211","23477/2025-11-15/1762404211.json"
"512557","146154","2025-11-15","45.00","NZD","1762404211","23477/2025-11-15/1762404211.json"
"365170","146153","2025-11-15","48.00","NZD","1762404211","23477/2025-11-15/1762404211.json"
"510807","146155","2025-11-15","52.00","NZD","1762404211","23477/2025-11-15/1762404211.json"
"581513","221281","2025-11-16","36.00","NZD","1762404211","23477/2025-11-16/1762404211.json"
"581514","221282","2025-11-16","36.00","NZD","1762404211","23477/2025-11-16/1762404211.json"
"512557","146154","2025-11-16","45.00","NZD","1762404211","23477/2025-11-16/1762404211.json"
"365170","146153","2025-11-16","48.00","NZD","1762404211","23477/2025-11-16/1762404211.json"
"510807","146155","2025-11-16","52.00","NZD","1762404211","23477/2025-11-16/1762404211.json"
"581513","221281","2025-11-17","36.00","NZD","1762404211","23477/2025-11-17/1762404211.json"
"581514","221282","2025-11-17","36.00","NZD","1762404211","23477/2025-11-17/1762404211.json"
"512557","146154","2025-11-17","45.00","NZD","1762404211","23477/2025-11-17/1762404211.json"
"365170","146153","2025-11-17","48.00","NZD","1762404211","23477/2025-11-17/1762404211.json"
"510807","146155","2025-11-17","52.00","NZD","1762404211","23477/2025-11-17/1762404211.json"
"581513","221281","2025-11-18","36.00","NZD","1762404211","23477/2025-11-18/1762404211.json"
"581514","221282","2025-11-18","36.00","NZD","1762404211","23477/2025-11-18/1762404211.json"
"512557","146154","2025-11-18","45.00","NZD","1762404211","23477/2025-11-18/1762404211.json"
"365170","146153","2025-11-18","48.00","NZD","1762404211","23477/2025-11-18/1762404211.json"
"510807","146155","2025-11-18","52.00","NZD","1762404211","23477/2025-11-18/1762404211.json"
"581513","221281","2025-11-19","36.00","NZD","1762404211","23477/2025-11-19/1762404211.json"
"581514","221282","2025-11-19","36.00","NZD","1762404211","23477/2025-11-19/1762404211.json"
"512557","146154","2025-11-19","45.00","NZD","1762404211","23477/2025-11-19/1762404211.json"
"365170","146153","2025-11-19","48.00","NZD","1762404211","23477/2025-11-19/1762404211.json"
"510807","146155","2025-11-19","52.00","NZD","1762404211","23477/2025-11-19/1762404211.json"
"581513","221281","2025-11-20","36.00","NZD","1762404211","23477/2025-11-20/1762404211.json"
"581514","221282","2025-11-20","36.00","NZD","1762404211","23477/2025-11-20/1762404211.json"
"512557","146154","2025-11-20","45.00","NZD","1762404211","23477/2025-11-20/1762404211.json"
"581513","221281","2025-11-21","36.00","NZD","1762404211","23477/2025-11-21/1762404211.json"
"581514","221282","2025-11-21","36.00","NZD","1762404211","23477/2025-11-21/1762404211.json"
"512557","146154","2025-11-21","45.00","NZD","1762404211","23477/2025-11-21/1762404211.json"
"365170","146153","2025-11-21","48.00","NZD","1762404211","23477/2025-11-21/1762404211.json"
"510807","146155","2025-11-21","52.00","NZD","1762404211","23477/2025-11-21/1762404211.json"
"581513","221281","2025-11-23","36.00","NZD","1762404211","23477/2025-11-23/1762404211.json"
"581514","221282","2025-11-23","36.00","NZD","1762404211","23477/2025-11-23/1762404211.json"
"512557","146154","2025-11-23","45.00","NZD","1762404211","23477/2025-11-23/1762404211.json"
"365170","146153","2025-11-23","48.00","NZD","1762404211","23477/2025-11-23/1762404211.json"
"510807","146155","2025-11-23","52.00","NZD","1762404211","23477/2025-11-23/1762404211.json"
"581513","221281","2025-11-22","36.00","NZD","1762404211","23477/2025-11-22/1762404211.json"
"581514","221282","2025-11-22","36.00","NZD","1762404211","23477/2025-11-22/1762404211.json"
"512557","146154","2025-11-22","45.00","NZD","1762404211","23477/2025-11-22/1762404211.json"
"365170","146153","2025-11-22","48.00","NZD","1762404211","23477/2025-11-22/1762404211.json"
"510807","146155","2025-11-22","52.00","NZD","1762404211","23477/2025-11-22/1762404211.json"
"581513","221281","2025-11-24","36.00","NZD","1762404211","23477/2025-11-24/1762404211.json"
"581514","221282","2025-11-24","36.00","NZD","1762404211","23477/2025-11-24/1762404211.json"
"512557","146154","2025-11-24","45.00","NZD","1762404211","23477/2025-11-24/1762404211.json"
"365170","146153","2025-11-24","48.00","NZD","1762404211","23477/2025-11-24/1762404211.json"
"510807","146155","2025-11-24","52.00","NZD","1762404211","23477/2025-11-24/1762404211.json"
"581513","221281","2025-11-25","36.00","NZD","1762404211","23477/2025-11-25/1762404211.json"
"581514","221282","2025-11-25","36.00","NZD","1762404211","23477/2025-11-25/1762404211.json"
"512557","146154","2025-11-25","45.00","NZD","1762404211","23477/2025-11-25/1762404211.json"
"365170","146153","2025-11-25","48.00","NZD","1762404211","23477/2025-11-25/1762404211.json"
"510807","146155","2025-11-25","52.00","NZD","1762404211","23477/2025-11-25/1762404211.json"
"581513","221281","2025-11-26","36.00","NZD","1762404211","23477/2025-11-26/1762404211.json"
"581514","221282","2025-11-26","36.00","NZD","1762404211","23477/2025-11-26/1762404211.json"
"512557","146154","2025-11-26","45.00","NZD","1762404211","23477/2025-11-26/1762404211.json"
"365170","146153","2025-11-26","48.00","NZD","1762404211","23477/2025-11-26/1762404211.json"
"510807","146155","2025-11-26","52.00","NZD","1762404211","23477/2025-11-26/1762404211.json"
"581513","221281","2025-11-27","36.00","NZD","1762404211","23477/2025-11-27/1762404211.json"
"581514","221282","2025-11-27","36.00","NZD","1762404211","23477/2025-11-27/1762404211.json"
"512557","146154","2025-11-27","45.00","NZD","1762404211","23477/2025-11-27/1762404211.json"
"365170","146153","2025-11-27","48.00","NZD","1762404211","23477/2025-11-27/1762404211.json"
"510807","146155","2025-11-27","52.00","NZD","1762404211","23477/2025-11-27/1762404211.json"
"581513","221281","2025-11-28","36.00","NZD","1762404211","23477/2025-11-28/1762404211.json"
"581514","221282","2025-11-28","36.00","NZD","1762404211","23477/2025-11-28/1762404211.json"
"512557","146154","2025-11-28","45.00","NZD","1762404211","23477/2025-11-28/1762404211.json"
"365170","146153","2025-11-28","48.00","NZD","1762404211","23477/2025-11-28/1762404211.json"
"510807","146155","2025-11-28","52.00","NZD","1762404211","23477/2025-11-28/1762404211.json"
"581513","221281","2025-11-29","36.00","NZD","1762404211","23477/2025-11-29/1762404211.json"
"581514","221282","2025-11-29","36.00","NZD","1762404211","23477/2025-11-29/1762404211.json"
"512557","146154","2025-11-29","45.00","NZD","1762404211","23477/2025-11-29/1762404211.json"
"365170","146153","2025-11-29","48.00","NZD","1762404211","23477/2025-11-29/1762404211.json"
"510807","146155","2025-11-29","52.00","NZD","1762404211","23477/2025-11-29/1762404211.json"
"581513","221281","2025-12-01","36.00","NZD","1762404211","23477/2025-12-01/1762404211.json"
"581514","221282","2025-12-01","36.00","NZD","1762404211","23477/2025-12-01/1762404211.json"
"512557","146154","2025-12-01","45.00","NZD","1762404211","23477/2025-12-01/1762404211.json"
"365170","146153","2025-12-01","48.00","NZD","1762404211","23477/2025-12-01/1762404211.json"
"510807","146155","2025-12-01","52.00","NZD","1762404211","23477/2025-12-01/1762404211.json"
"581513","221281","2025-11-30","36.00","NZD","1762404211","23477/2025-11-30/1762404211.json"
"581514","221282","2025-11-30","36.00","NZD","1762404211","23477/2025-11-30/1762404211.json"
"512557","146154","2025-11-30","45.00","NZD","1762404211","23477/2025-11-30/1762404211.json"
"365170","146153","2025-11-30","48.00","NZD","1762404211","23477/2025-11-30/1762404211.json"
"510807","146155","2025-11-30","52.00","NZD","1762404211","23477/2025-11-30/1762404211.json"
"581513","221281","2025-12-02","36.00","NZD","1762404211","23477/2025-12-02/1762404211.json"
"581514","221282","2025-12-02","36.00","NZD","1762404211","23477/2025-12-02/1762404211.json"
"512557","146154","2025-12-02","45.00","NZD","1762404211","23477/2025-12-02/1762404211.json"
"365170","146153","2025-12-02","48.00","NZD","1762404211","23477/2025-12-02/1762404211.json"
"510807","146155","2025-12-02","52.00","NZD","1762404211","23477/2025-12-02/1762404211.json"
"581513","221281","2025-12-03","36.00","NZD","1762404211","23477/2025-12-03/1762404211.json"
"581514","221282","2025-12-03","36.00","NZD","1762404211","23477/2025-12-03/1762404211.json"
"512557","146154","2025-12-03","45.00","NZD","1762404211","23477/2025-12-03/1762404211.json"
"365170","146153","2025-12-03","48.00","NZD","1762404211","23477/2025-12-03/1762404211.json"
"510807","146155","2025-12-03","52.00","NZD","1762404211","23477/2025-12-03/1762404211.json"
"581513","221281","2025-12-04","36.00","NZD","1762404211","23477/2025-12-04/1762404211.json"
"581514","221282","2025-12-04","36.00","NZD","1762404211","23477/2025-12-04/1762404211.json"
"512557","146154","2025-12-04","45.00","NZD","1762404211","23477/2025-12-04/1762404211.json"
"365170","146153","2025-12-04","48.00","NZD","1762404211","23477/2025-12-04/1762404211.json"
"510807","146155","2025-12-04","52.00","NZD","1762404211","23477/2025-12-04/1762404211.json"
"581513","221281","2025-12-05","36.00","NZD","1762404211","23477/2025-12-05/1762404211.json"
"581514","221282","2025-12-05","36.00","NZD","1762404211","23477/2025-12-05/1762404211.json"
"512557","146154","2025-12-05","45.00","NZD","1762404211","23477/2025-12-05/1762404211.json"
"365170","146153","2025-12-05","48.00","NZD","1762404211","23477/2025-12-05/1762404211.json"
"510807","146155","2025-12-05","52.00","NZD","1762404211","23477/2025-12-05/1762404211.json"
"581513","221281","2025-12-06","36.00","NZD","1762404211","23477/2025-12-06/1762404211.json"
"581514","221282","2025-12-06","36.00","NZD","1762404211","23477/2025-12-06/1762404211.json"
"512557","146154","2025-12-06","45.00","NZD","1762404211","23477/2025-12-06/1762404211.json"
"365170","146153","2025-12-06","48.00","NZD","1762404211","23477/2025-12-06/1762404211.json"
"510807","146155","2025-12-06","52.00","NZD","1762404211","23477/2025-12-06/1762404211.json"
"581513","221281","2025-12-07","36.00","NZD","1762404211","23477/2025-12-07/1762404211.json"
"581514","221282","2025-12-07","36.00","NZD","1762404211","23477/2025-12-07/1762404211.json"
"512557","146154","2025-12-07","45.00","NZD","1762404211","23477/2025-12-07/1762404211.json"
"365170","146153","2025-12-07","48.00","NZD","1762404211","23477/2025-12-07/1762404211.json"
"510807","146155","2025-12-07","52.00","NZD","1762404211","23477/2025-12-07/1762404211.json"
"581513","221281","2025-12-08","36.00","NZD","1762404211","23477/2025-12-08/1762404211.json"
"581514","221282","2025-12-08","36.00","NZD","1762404211","23477/2025-12-08/1762404211.json"
"512557","146154","2025-12-08","45.00","NZD","1762404211","23477/2025-12-08/1762404211.json"
"365170","146153","2025-12-08","48.00","NZD","1762404211","23477/2025-12-08/1762404211.json"
"510807","146155","2025-12-08","52.00","NZD","1762404211","23477/2025-12-08/1762404211.json"
"581513","221281","2025-12-10","36.00","NZD","1762404211","23477/2025-12-10/1762404211.json"
"581514","221282","2025-12-10","36.00","NZD","1762404211","23477/2025-12-10/1762404211.json"
"512557","146154","2025-12-10","45.00","NZD","1762404211","23477/2025-12-10/1762404211.json"
"365170","146153","2025-12-10","48.00","NZD","1762404211","23477/2025-12-10/1762404211.json"
"510807","146155","2025-12-10","52.00","NZD","1762404211","23477/2025-12-10/1762404211.json"
"581513","221281","2025-12-09","36.00","NZD","1762404211","23477/2025-12-09/1762404211.json"
"581514","221282","2025-12-09","36.00","NZD","1762404211","23477/2025-12-09/1762404211.json"
"512557","146154","2025-12-09","45.00","NZD","1762404211","23477/2025-12-09/1762404211.json"
"365170","146153","2025-12-09","48.00","NZD","1762404211","23477/2025-12-09/1762404211.json"
"510807","146155","2025-12-09","52.00","NZD","1762404211","23477/2025-12-09/1762404211.json"
"581513","221281","2025-12-11","36.00","NZD","1762404211","23477/2025-12-11/1762404211.json"
"581514","221282","2025-12-11","36.00","NZD","1762404211","23477/2025-12-11/1762404211.json"
"512557","146154","2025-12-11","45.00","NZD","1762404211","23477/2025-12-11/1762404211.json"
"365170","146153","2025-12-11","48.00","NZD","1762404211","23477/2025-12-11/1762404211.json"
"510807","146155","2025-12-11","52.00","NZD","1762404211","23477/2025-12-11/1762404211.json"
"581513","221281","2025-12-12","36.00","NZD","1762404211","23477/2025-12-12/1762404211.json"
"581514","221282","2025-12-12","36.00","NZD","1762404211","23477/2025-12-12/1762404211.json"
"512557","146154","2025-12-12","45.00","NZD","1762404211","23477/2025-12-12/1762404211.json"
"365170","146153","2025-12-12","48.00","NZD","1762404211","23477/2025-12-12/1762404211.json"
"510807","146155","2025-12-12","52.00","NZD","1762404211","23477/2025-12-12/1762404211.json"
"581513","221281","2025-12-14","36.00","NZD","1762404211","23477/2025-12-14/1762404211.json"
"581514","221282","2025-12-14","36.00","NZD","1762404211","23477/2025-12-14/1762404211.json"
"512557","146154","2025-12-14","45.00","NZD","1762404211","23477/2025-12-14/1762404211.json"
"365170","146153","2025-12-14","48.00","NZD","1762404211","23477/2025-12-14/1762404211.json"
"510807","146155","2025-12-14","52.00","NZD","1762404211","23477/2025-12-14/1762404211.json"
"581513","221281","2025-12-13","36.00","NZD","1762404211","23477/2025-12-13/1762404211.json"
"581514","221282","2025-12-13","36.00","NZD","1762404211","23477/2025-12-13/1762404211.json"
"512557","146154","2025-12-13","45.00","NZD","1762404211","23477/2025-12-13/1762404211.json"
"365170","146153","2025-12-13","48.00","NZD","1762404211","23477/2025-12-13/1762404211.json"
"510807","146155","2025-12-13","52.00","NZD","1762404211","23477/2025-12-13/1762404211.json"
"581513","221281","2025-12-16","36.00","NZD","1762404211","23477/2025-12-16/1762404211.json"
"581514","221282","2025-12-16","36.00","NZD","1762404211","23477/2025-12-16/1762404211.json"
"512557","146154","2025-12-16","45.00","NZD","1762404211","23477/2025-12-16/1762404211.json"
"365170","146153","2025-12-16","48.00","NZD","1762404211","23477/2025-12-16/1762404211.json"
"510807","146155","2025-12-16","52.00","NZD","1762404211","23477/2025-12-16/1762404211.json"
"581513","221281","2025-12-15","36.00","NZD","1762404211","23477/2025-12-15/1762404211.json"
"581514","221282","2025-12-15","36.00","NZD","1762404211","23477/2025-12-15/1762404211.json"
"512557","146154","2025-12-15","45.00","NZD","1762404211","23477/2025-12-15/1762404211.json"
"365170","146153","2025-12-15","48.00","NZD","1762404211","23477/2025-12-15/1762404211.json"
"510807","146155","2025-12-15","52.00","NZD","1762404211","23477/2025-12-15/1762404211.json"
"581513","221281","2025-12-17","36.00","NZD","1762404211","23477/2025-12-17/1762404211.json"
"581514","221282","2025-12-17","36.00","NZD","1762404211","23477/2025-12-17/1762404211.json"
"512557","146154","2025-12-17","45.00","NZD","1762404211","23477/2025-12-17/1762404211.json"
"365170","146153","2025-12-17","48.00","NZD","1762404211","23477/2025-12-17/1762404211.json"
"510807","146155","2025-12-17","52.00","NZD","1762404211","23477/2025-12-17/1762404211.json"
"581513","221281","2025-12-18","36.00","NZD","1762404211","23477/2025-12-18/1762404211.json"
"581514","221282","2025-12-18","36.00","NZD","1762404211","23477/2025-12-18/1762404211.json"
"512557","146154","2025-12-18","45.00","NZD","1762404211","23477/2025-12-18/1762404211.json"
"365170","146153","2025-12-18","48.00","NZD","1762404211","23477/2025-12-18/1762404211.json"
"510807","146155","2025-12-18","52.00","NZD","1762404211","23477/2025-12-18/1762404211.json"
"581513","221281","2025-12-19","36.00","NZD","1762404211","23477/2025-12-19/1762404211.json"
"581514","221282","2025-12-19","36.00","NZD","1762404211","23477/2025-12-19/1762404211.json"
"512557","146154","2025-12-19","45.00","NZD","1762404211","23477/2025-12-19/1762404211.json"
"365170","146153","2025-12-19","48.00","NZD","1762404211","23477/2025-12-19/1762404211.json"
"510807","146155","2025-12-19","52.00","NZD","1762404211","23477/2025-12-19/1762404211.json"
"581513","221281","2025-12-20","36.00","NZD","1762404211","23477/2025-12-20/1762404211.json"
"581514","221282","2025-12-20","36.00","NZD","1762404211","23477/2025-12-20/1762404211.json"
"512557","146154","2025-12-20","45.00","NZD","1762404211","23477/2025-12-20/1762404211.json"
"365170","146153","2025-12-20","48.00","NZD","1762404211","23477/2025-12-20/1762404211.json"
"510807","146155","2025-12-20","52.00","NZD","1762404211","23477/2025-12-20/1762404211.json"
"581513","221281","2025-12-22","36.00","NZD","1762404211","23477/2025-12-22/1762404211.json"
"581514","221282","2025-12-22","36.00","NZD","1762404211","23477/2025-12-22/1762404211.json"
"512557","146154","2025-12-22","45.00","NZD","1762404211","23477/2025-12-22/1762404211.json"
"365170","146153","2025-12-22","48.00","NZD","1762404211","23477/2025-12-22/1762404211.json"
"510807","146155","2025-12-22","52.00","NZD","1762404211","23477/2025-12-22/1762404211.json"
"581513","221281","2025-12-21","36.00","NZD","1762404211","23477/2025-12-21/1762404211.json"
"581514","221282","2025-12-21","36.00","NZD","1762404211","23477/2025-12-21/1762404211.json"
"512557","146154","2025-12-21","45.00","NZD","1762404211","23477/2025-12-21/1762404211.json"
"365170","146153","2025-12-21","48.00","NZD","1762404211","23477/2025-12-21/1762404211.json"
"510807","146155","2025-12-21","52.00","NZD","1762404211","23477/2025-12-21/1762404211.json"
"581513","221281","2025-12-23","38.00","NZD","1762404211","23477/2025-12-23/1762404211.json"
"581514","221282","2025-12-23","38.00","NZD","1762404211","23477/2025-12-23/1762404211.json"
"512557","146154","2025-12-23","45.00","NZD","1762404211","23477/2025-12-23/1762404211.json"
"365170","146153","2025-12-23","48.00","NZD","1762404211","23477/2025-12-23/1762404211.json"
"510807","146155","2025-12-23","52.00","NZD","1762404211","23477/2025-12-23/1762404211.json"
"581513","221281","2025-12-26","42.00","NZD","1762404211","23477/2025-12-26/1762404211.json"
"581514","221282","2025-12-26","42.00","NZD","1762404211","23477/2025-12-26/1762404211.json"
"512557","146154","2025-12-26","45.00","NZD","1762404211","23477/2025-12-26/1762404211.json"
"365170","146153","2025-12-26","48.00","NZD","1762404211","23477/2025-12-26/1762404211.json"
"510807","146155","2025-12-26","52.00","NZD","1762404211","23477/2025-12-26/1762404211.json"
"581513","221281","2025-12-24","38.00","NZD","1762404211","23477/2025-12-24/1762404211.json"
"581514","221282","2025-12-24","38.00","NZD","1762404211","23477/2025-12-24/1762404211.json"
"512557","146154","2025-12-24","45.00","NZD","1762404211","23477/2025-12-24/1762404211.json"
"365170","146153","2025-12-24","48.00","NZD","1762404211","23477/2025-12-24/1762404211.json"
"510807","146155","2025-12-24","52.00","NZD","1762404211","23477/2025-12-24/1762404211.json"
"581513","221281","2025-12-25","38.00","NZD","1762404211","23477/2025-12-25/1762404211.json"
"581514","221282","2025-12-25","38.00","NZD","1762404211","23477/2025-12-25/1762404211.json"
"512557","146154","2025-12-25","45.00","NZD","1762404211","23477/2025-12-25/1762404211.json"
"365170","146153","2025-12-25","48.00","NZD","1762404211","23477/2025-12-25/1762404211.json"
"510807","146155","2025-12-25","52.00","NZD","1762404211","23477/2025-12-25/1762404211.json"
"581513","221281","2025-12-27","42.00","NZD","1762404211","23477/2025-12-27/1762404211.json"
"581514","221282","2025-12-27","42.00","NZD","1762404211","23477/2025-12-27/1762404211.json"
"512557","146154","2025-12-27","45.00","NZD","1762404211","23477/2025-12-27/1762404211.json"
"365170","146153","2025-12-27","48.00","NZD","1762404211","23477/2025-12-27/1762404211.json"
"510807","146155","2025-12-27","52.00","NZD","1762404211","23477/2025-12-27/1762404211.json"
"581513","221281","2025-12-29","42.00","NZD","1762404211","23477/2025-12-29/1762404211.json"
"581514","221282","2025-12-29","42.00","NZD","1762404211","23477/2025-12-29/1762404211.json"
"512557","146154","2025-12-29","45.00","NZD","1762404211","23477/2025-12-29/1762404211.json"
"365170","146153","2025-12-29","48.00","NZD","1762404211","23477/2025-12-29/1762404211.json"
"510807","146155","2025-12-29","52.00","NZD","1762404211","23477/2025-12-29/1762404211.json"
"581513","221281","2025-12-28","42.00","NZD","1762404211","23477/2025-12-28/1762404211.json"
"581514","221282","2025-12-28","42.00","NZD","1762404211","23477/2025-12-28/1762404211.json"
"512557","146154","2025-12-28","45.00","NZD","1762404211","23477/2025-12-28/1762404211.json"
"365170","146153","2025-12-28","48.00","NZD","1762404211","23477/2025-12-28/1762404211.json"
"510807","146155","2025-12-28","52.00","NZD","1762404211","23477/2025-12-28/1762404211.json"
"581513","221281","2025-12-30","42.00","NZD","1762404211","23477/2025-12-30/1762404211.json"
"581514","221282","2025-12-30","42.00","NZD","1762404211","23477/2025-12-30/1762404211.json"
"512557","146154","2025-12-30","45.00","NZD","1762404211","23477/2025-12-30/1762404211.json"
"365170","146153","2025-12-30","48.00","NZD","1762404211","23477/2025-12-30/1762404211.json"
"510807","146155","2025-12-30","52.00","NZD","1762404211","23477/2025-12-30/1762404211.json"
"581513","221281","2025-12-31","42.00","NZD","1762404211","23477/2025-12-31/1762404211.json"
"581514","221282","2025-12-31","42.00","NZD","1762404211","23477/2025-12-31/1762404211.json"
"512557","146154","2025-12-31","45.00","NZD","1762404211","23477/2025-12-31/1762404211.json"
"365170","146153","2025-12-31","48.00","NZD","1762404211","23477/2025-12-31/1762404211.json"
"510807","146155","2025-12-31","52.00","NZD","1762404211","23477/2025-12-31/1762404211.json"
"581513","221281","2026-01-01","42.00","NZD","1762404211","23477/2026-01-01/1762404211.json"
"581514","221282","2026-01-01","42.00","NZD","1762404211","23477/2026-01-01/1762404211.json"
"512557","146154","2026-01-01","45.00","NZD","1762404211","23477/2026-01-01/1762404211.json"
"365170","146153","2026-01-01","48.00","NZD","1762404211","23477/2026-01-01/1762404211.json"
"510807","146155","2026-01-01","52.00","NZD","1762404211","23477/2026-01-01/1762404211.json"
"581513","221281","2026-01-02","42.00","NZD","1762404211","23477/2026-01-02/1762404211.json"
"581514","221282","2026-01-02","42.00","NZD","1762404211","23477/2026-01-02/1762404211.json"
"512557","146154","2026-01-02","45.00","NZD","1762404211","23477/2026-01-02/1762404211.json"
"365170","146153","2026-01-02","48.00","NZD","1762404211","23477/2026-01-02/1762404211.json"
"510807","146155","2026-01-02","52.00","NZD","1762404211","23477/2026-01-02/1762404211.json"
"581513","221281","2026-01-03","42.00","NZD","1762404211","23477/2026-01-03/1762404211.json"
"581514","221282","2026-01-03","42.00","NZD","1762404211","23477/2026-01-03/1762404211.json"
"512557","146154","2026-01-03","45.00","NZD","1762404211","23477/2026-01-03/1762404211.json"
"365170","146153","2026-01-03","48.00","NZD","1762404211","23477/2026-01-03/1762404211.json"
"510807","146155","2026-01-03","52.00","NZD","1762404211","23477/2026-01-03/1762404211.json"
"581513","221281","2026-01-04","42.00","NZD","1762404211","23477/2026-01-04/1762404211.json"
"581514","221282","2026-01-04","42.00","NZD","1762404211","23477/2026-01-04/1762404211.json"
"512557","146154","2026-01-04","45.00","NZD","1762404211","23477/2026-01-04/1762404211.json"
"365170","146153","2026-01-04","48.00","NZD","1762404211","23477/2026-01-04/1762404211.json"
"510807","146155","2026-01-04","52.00","NZD","1762404211","23477/2026-01-04/1762404211.json"
"581513","221281","2026-01-05","36.00","NZD","1762404211","23477/2026-01-05/1762404211.json"
"581514","221282","2026-01-05","36.00","NZD","1762404211","23477/2026-01-05/1762404211.json"
"512557","146154","2026-01-05","45.00","NZD","1762404211","23477/2026-01-05/1762404211.json"
"365170","146153","2026-01-05","48.00","NZD","1762404211","23477/2026-01-05/1762404211.json"
"510807","146155","2026-01-05","52.00","NZD","1762404211","23477/2026-01-05/1762404211.json"
"581513","221281","2025-11-06","36.00","NZD","1762418652","23477/2025-11-06/1762418652.json"
"581513","221281","2025-11-08","36.00","NZD","1762418652","23477/2025-11-08/1762418652.json"
"581514","221282","2025-11-08","36.00","NZD","1762418652","23477/2025-11-08/1762418652.json"
"581514","221282","2025-11-06","36.00","NZD","1762418652","23477/2025-11-06/1762418652.json"
"512557","146154","2025-11-08","45.00","NZD","1762418652","23477/2025-11-08/1762418652.json"
"512557","146154","2025-11-06","45.00","NZD","1762418652","23477/2025-11-06/1762418652.json"
"365170","146153","2025-11-08","48.00","NZD","1762418652","23477/2025-11-08/1762418652.json"
"510807","146155","2025-11-08","52.00","NZD","1762418652","23477/2025-11-08/1762418652.json"
"365170","146153","2025-11-06","48.00","NZD","1762418652","23477/2025-11-06/1762418652.json"
"510807","146155","2025-11-06","52.00","NZD","1762418652","23477/2025-11-06/1762418652.json"
"581513","221281","2025-11-09","36.00","NZD","1762418652","23477/2025-11-09/1762418652.json"
"581514","221282","2025-11-09","36.00","NZD","1762418652","23477/2025-11-09/1762418652.json"
"512557","146154","2025-11-09","45.00","NZD","1762418652","23477/2025-11-09/1762418652.json"
"365170","146153","2025-11-09","48.00","NZD","1762418652","23477/2025-11-09/1762418652.json"
"510807","146155","2025-11-09","52.00","NZD","1762418652","23477/2025-11-09/1762418652.json"
"581513","221281","2025-11-11","36.00","NZD","1762418652","23477/2025-11-11/1762418652.json"
"581514","221282","2025-11-11","36.00","NZD","1762418652","23477/2025-11-11/1762418652.json"
"512557","146154","2025-11-11","45.00","NZD","1762418652","23477/2025-11-11/1762418652.json"
"365170","146153","2025-11-11","48.00","NZD","1762418652","23477/2025-11-11/1762418652.json"
"510807","146155","2025-11-11","52.00","NZD","1762418652","23477/2025-11-11/1762418652.json"
"581513","221281","2025-11-12","36.00","NZD","1762418652","23477/2025-11-12/1762418652.json"
"581514","221282","2025-11-12","36.00","NZD","1762418652","23477/2025-11-12/1762418652.json"
"512557","146154","2025-11-12","45.00","NZD","1762418652","23477/2025-11-12/1762418652.json"
"365170","146153","2025-11-12","48.00","NZD","1762418652","23477/2025-11-12/1762418652.json"
"510807","146155","2025-11-12","52.00","NZD","1762418652","23477/2025-11-12/1762418652.json"
"581513","221281","2025-11-13","36.00","NZD","1762418652","23477/2025-11-13/1762418652.json"
"581514","221282","2025-11-13","36.00","NZD","1762418652","23477/2025-11-13/1762418652.json"
"512557","146154","2025-11-13","45.00","NZD","1762418652","23477/2025-11-13/1762418652.json"
"365170","146153","2025-11-13","48.00","NZD","1762418652","23477/2025-11-13/1762418652.json"
"510807","146155","2025-11-13","52.00","NZD","1762418652","23477/2025-11-13/1762418652.json"
"581513","221281","2025-11-14","36.00","NZD","1762418652","23477/2025-11-14/1762418652.json"
"581514","221282","2025-11-14","36.00","NZD","1762418652","23477/2025-11-14/1762418652.json"
"512557","146154","2025-11-14","45.00","NZD","1762418652","23477/2025-11-14/1762418652.json"
"365170","146153","2025-11-14","48.00","NZD","1762418652","23477/2025-11-14/1762418652.json"
"510807","146155","2025-11-14","52.00","NZD","1762418652","23477/2025-11-14/1762418652.json"
"581513","221281","2025-11-10","36.00","NZD","1762418652","23477/2025-11-10/1762418652.json"
"581514","221282","2025-11-10","36.00","NZD","1762418652","23477/2025-11-10/1762418652.json"
"512557","146154","2025-11-10","45.00","NZD","1762418652","23477/2025-11-10/1762418652.json"
"365170","146153","2025-11-10","48.00","NZD","1762418652","23477/2025-11-10/1762418652.json"
"510807","146155","2025-11-10","52.00","NZD","1762418652","23477/2025-11-10/1762418652.json"
"581513","221281","2025-11-15","36.00","NZD","1762418652","23477/2025-11-15/1762418652.json"
"581514","221282","2025-11-15","36.00","NZD","1762418652","23477/2025-11-15/1762418652.json"
"512557","146154","2025-11-15","45.00","NZD","1762418652","23477/2025-11-15/1762418652.json"
"365170","146153","2025-11-15","48.00","NZD","1762418652","23477/2025-11-15/1762418652.json"
"510807","146155","2025-11-15","52.00","NZD","1762418652","23477/2025-11-15/1762418652.json"
"581513","221281","2025-11-07","36.00","NZD","1762418652","23477/2025-11-07/1762418652.json"
"581514","221282","2025-11-07","36.00","NZD","1762418652","23477/2025-11-07/1762418652.json"
"512557","146154","2025-11-07","45.00","NZD","1762418652","23477/2025-11-07/1762418652.json"
"365170","146153","2025-11-07","48.00","NZD","1762418652","23477/2025-11-07/1762418652.json"
"510807","146155","2025-11-07","52.00","NZD","1762418652","23477/2025-11-07/1762418652.json"
"581513","221281","2025-11-16","36.00","NZD","1762418652","23477/2025-11-16/1762418652.json"
"581514","221282","2025-11-16","36.00","NZD","1762418652","23477/2025-11-16/1762418652.json"
"512557","146154","2025-11-16","45.00","NZD","1762418652","23477/2025-11-16/1762418652.json"
"365170","146153","2025-11-16","48.00","NZD","1762418652","23477/2025-11-16/1762418652.json"
"510807","146155","2025-11-16","52.00","NZD","1762418652","23477/2025-11-16/1762418652.json"
"581513","221281","2025-11-17","36.00","NZD","1762418652","23477/2025-11-17/1762418652.json"
"581514","221282","2025-11-17","36.00","NZD","1762418652","23477/2025-11-17/1762418652.json"
"512557","146154","2025-11-17","45.00","NZD","1762418652","23477/2025-11-17/1762418652.json"
"365170","146153","2025-11-17","48.00","NZD","1762418652","23477/2025-11-17/1762418652.json"
"510807","146155","2025-11-17","52.00","NZD","1762418652","23477/2025-11-17/1762418652.json"
"581513","221281","2025-11-18","36.00","NZD","1762418652","23477/2025-11-18/1762418652.json"
"581514","221282","2025-11-18","36.00","NZD","1762418652","23477/2025-11-18/1762418652.json"
"512557","146154","2025-11-18","45.00","NZD","1762418652","23477/2025-11-18/1762418652.json"
"365170","146153","2025-11-18","48.00","NZD","1762418652","23477/2025-11-18/1762418652.json"
"510807","146155","2025-11-18","52.00","NZD","1762418652","23477/2025-11-18/1762418652.json"
"581513","221281","2025-11-19","36.00","NZD","1762418652","23477/2025-11-19/1762418652.json"
"581514","221282","2025-11-19","36.00","NZD","1762418652","23477/2025-11-19/1762418652.json"
"512557","146154","2025-11-19","45.00","NZD","1762418652","23477/2025-11-19/1762418652.json"
"365170","146153","2025-11-19","48.00","NZD","1762418652","23477/2025-11-19/1762418652.json"
"510807","146155","2025-11-19","52.00","NZD","1762418652","23477/2025-11-19/1762418652.json"
"581513","221281","2025-11-20","36.00","NZD","1762418652","23477/2025-11-20/1762418652.json"
"581514","221282","2025-11-20","36.00","NZD","1762418652","23477/2025-11-20/1762418652.json"
"512557","146154","2025-11-20","45.00","NZD","1762418652","23477/2025-11-20/1762418652.json"
"581513","221281","2025-11-22","36.00","NZD","1762418652","23477/2025-11-22/1762418652.json"
"581514","221282","2025-11-22","36.00","NZD","1762418652","23477/2025-11-22/1762418652.json"
"512557","146154","2025-11-22","45.00","NZD","1762418652","23477/2025-11-22/1762418652.json"
"365170","146153","2025-11-22","48.00","NZD","1762418652","23477/2025-11-22/1762418652.json"
"510807","146155","2025-11-22","52.00","NZD","1762418652","23477/2025-11-22/1762418652.json"
"581513","221281","2025-11-23","36.00","NZD","1762418652","23477/2025-11-23/1762418652.json"
"581514","221282","2025-11-23","36.00","NZD","1762418652","23477/2025-11-23/1762418652.json"
"512557","146154","2025-11-23","45.00","NZD","1762418652","23477/2025-11-23/1762418652.json"
"365170","146153","2025-11-23","48.00","NZD","1762418652","23477/2025-11-23/1762418652.json"
"510807","146155","2025-11-23","52.00","NZD","1762418652","23477/2025-11-23/1762418652.json"
"581513","221281","2025-11-21","36.00","NZD","1762418652","23477/2025-11-21/1762418652.json"
"581514","221282","2025-11-21","36.00","NZD","1762418652","23477/2025-11-21/1762418652.json"
"512557","146154","2025-11-21","45.00","NZD","1762418652","23477/2025-11-21/1762418652.json"
"365170","146153","2025-11-21","48.00","NZD","1762418652","23477/2025-11-21/1762418652.json"
"510807","146155","2025-11-21","52.00","NZD","1762418652","23477/2025-11-21/1762418652.json"
"581513","221281","2025-11-24","36.00","NZD","1762418652","23477/2025-11-24/1762418652.json"
"581514","221282","2025-11-24","36.00","NZD","1762418652","23477/2025-11-24/1762418652.json"
"512557","146154","2025-11-24","45.00","NZD","1762418652","23477/2025-11-24/1762418652.json"
"365170","146153","2025-11-24","48.00","NZD","1762418652","23477/2025-11-24/1762418652.json"
"510807","146155","2025-11-24","52.00","NZD","1762418652","23477/2025-11-24/1762418652.json"
"581513","221281","2025-11-27","36.00","NZD","1762418652","23477/2025-11-27/1762418652.json"
"581514","221282","2025-11-27","36.00","NZD","1762418652","23477/2025-11-27/1762418652.json"
"512557","146154","2025-11-27","45.00","NZD","1762418652","23477/2025-11-27/1762418652.json"
"365170","146153","2025-11-27","48.00","NZD","1762418652","23477/2025-11-27/1762418652.json"
"510807","146155","2025-11-27","52.00","NZD","1762418652","23477/2025-11-27/1762418652.json"
"581513","221281","2025-11-25","36.00","NZD","1762418652","23477/2025-11-25/1762418652.json"
"581514","221282","2025-11-25","36.00","NZD","1762418652","23477/2025-11-25/1762418652.json"
"512557","146154","2025-11-25","45.00","NZD","1762418652","23477/2025-11-25/1762418652.json"
"365170","146153","2025-11-25","48.00","NZD","1762418652","23477/2025-11-25/1762418652.json"
"510807","146155","2025-11-25","52.00","NZD","1762418652","23477/2025-11-25/1762418652.json"
"581513","221281","2025-11-26","36.00","NZD","1762418652","23477/2025-11-26/1762418652.json"
"581514","221282","2025-11-26","36.00","NZD","1762418652","23477/2025-11-26/1762418652.json"
"512557","146154","2025-11-26","45.00","NZD","1762418652","23477/2025-11-26/1762418652.json"
"365170","146153","2025-11-26","48.00","NZD","1762418652","23477/2025-11-26/1762418652.json"
"510807","146155","2025-11-26","52.00","NZD","1762418652","23477/2025-11-26/1762418652.json"
"581513","221281","2025-11-28","36.00","NZD","1762418652","23477/2025-11-28/1762418652.json"
"581514","221282","2025-11-28","36.00","NZD","1762418652","23477/2025-11-28/1762418652.json"
"512557","146154","2025-11-28","45.00","NZD","1762418652","23477/2025-11-28/1762418652.json"
"365170","146153","2025-11-28","48.00","NZD","1762418652","23477/2025-11-28/1762418652.json"
"510807","146155","2025-11-28","52.00","NZD","1762418652","23477/2025-11-28/1762418652.json"
"581513","221281","2025-11-30","36.00","NZD","1762418652","23477/2025-11-30/1762418652.json"
"581514","221282","2025-11-30","36.00","NZD","1762418652","23477/2025-11-30/1762418652.json"
"512557","146154","2025-11-30","45.00","NZD","1762418652","23477/2025-11-30/1762418652.json"
"365170","146153","2025-11-30","48.00","NZD","1762418652","23477/2025-11-30/1762418652.json"
"510807","146155","2025-11-30","52.00","NZD","1762418652","23477/2025-11-30/1762418652.json"
"581513","221281","2025-11-29","36.00","NZD","1762418652","23477/2025-11-29/1762418652.json"
"581514","221282","2025-11-29","36.00","NZD","1762418652","23477/2025-11-29/1762418652.json"
"512557","146154","2025-11-29","45.00","NZD","1762418652","23477/2025-11-29/1762418652.json"
"365170","146153","2025-11-29","48.00","NZD","1762418652","23477/2025-11-29/1762418652.json"
"510807","146155","2025-11-29","52.00","NZD","1762418652","23477/2025-11-29/1762418652.json"
"581513","221281","2025-12-01","36.00","NZD","1762418652","23477/2025-12-01/1762418652.json"
"581514","221282","2025-12-01","36.00","NZD","1762418652","23477/2025-12-01/1762418652.json"
"512557","146154","2025-12-01","45.00","NZD","1762418652","23477/2025-12-01/1762418652.json"
"365170","146153","2025-12-01","48.00","NZD","1762418652","23477/2025-12-01/1762418652.json"
"510807","146155","2025-12-01","52.00","NZD","1762418652","23477/2025-12-01/1762418652.json"
"581513","221281","2025-12-02","36.00","NZD","1762418652","23477/2025-12-02/1762418652.json"
"581514","221282","2025-12-02","36.00","NZD","1762418652","23477/2025-12-02/1762418652.json"
"512557","146154","2025-12-02","45.00","NZD","1762418652","23477/2025-12-02/1762418652.json"
"365170","146153","2025-12-02","48.00","NZD","1762418652","23477/2025-12-02/1762418652.json"
"510807","146155","2025-12-02","52.00","NZD","1762418652","23477/2025-12-02/1762418652.json"
"581513","221281","2025-12-05","36.00","NZD","1762418652","23477/2025-12-05/1762418652.json"
"581513","221281","2025-12-03","36.00","NZD","1762418652","23477/2025-12-03/1762418652.json"
"581514","221282","2025-12-05","36.00","NZD","1762418652","23477/2025-12-05/1762418652.json"
"581514","221282","2025-12-03","36.00","NZD","1762418652","23477/2025-12-03/1762418652.json"
"512557","146154","2025-12-05","45.00","NZD","1762418652","23477/2025-12-05/1762418652.json"
"512557","146154","2025-12-03","45.00","NZD","1762418652","23477/2025-12-03/1762418652.json"
"365170","146153","2025-12-05","48.00","NZD","1762418652","23477/2025-12-05/1762418652.json"
"365170","146153","2025-12-03","48.00","NZD","1762418652","23477/2025-12-03/1762418652.json"
"510807","146155","2025-12-05","52.00","NZD","1762418652","23477/2025-12-05/1762418652.json"
"510807","146155","2025-12-03","52.00","NZD","1762418652","23477/2025-12-03/1762418652.json"
"581513","221281","2025-12-06","36.00","NZD","1762418652","23477/2025-12-06/1762418652.json"
"581514","221282","2025-12-06","36.00","NZD","1762418652","23477/2025-12-06/1762418652.json"
"512557","146154","2025-12-06","45.00","NZD","1762418652","23477/2025-12-06/1762418652.json"
"365170","146153","2025-12-06","48.00","NZD","1762418652","23477/2025-12-06/1762418652.json"
"510807","146155","2025-12-06","52.00","NZD","1762418652","23477/2025-12-06/1762418652.json"
"581513","221281","2025-12-04","36.00","NZD","1762418652","23477/2025-12-04/1762418652.json"
"581514","221282","2025-12-04","36.00","NZD","1762418652","23477/2025-12-04/1762418652.json"
"512557","146154","2025-12-04","45.00","NZD","1762418652","23477/2025-12-04/1762418652.json"
"365170","146153","2025-12-04","48.00","NZD","1762418652","23477/2025-12-04/1762418652.json"
"510807","146155","2025-12-04","52.00","NZD","1762418652","23477/2025-12-04/1762418652.json"
"581513","221281","2025-12-08","36.00","NZD","1762418652","23477/2025-12-08/1762418652.json"
"581514","221282","2025-12-08","36.00","NZD","1762418652","23477/2025-12-08/1762418652.json"
"512557","146154","2025-12-08","45.00","NZD","1762418652","23477/2025-12-08/1762418652.json"
"365170","146153","2025-12-08","48.00","NZD","1762418652","23477/2025-12-08/1762418652.json"
"510807","146155","2025-12-08","52.00","NZD","1762418652","23477/2025-12-08/1762418652.json"
"581513","221281","2025-12-10","36.00","NZD","1762418652","23477/2025-12-10/1762418652.json"
"581514","221282","2025-12-10","36.00","NZD","1762418652","23477/2025-12-10/1762418652.json"
"512557","146154","2025-12-10","45.00","NZD","1762418652","23477/2025-12-10/1762418652.json"
"365170","146153","2025-12-10","48.00","NZD","1762418652","23477/2025-12-10/1762418652.json"
"510807","146155","2025-12-10","52.00","NZD","1762418652","23477/2025-12-10/1762418652.json"
"581513","221281","2025-12-09","36.00","NZD","1762418652","23477/2025-12-09/1762418652.json"
"581514","221282","2025-12-09","36.00","NZD","1762418652","23477/2025-12-09/1762418652.json"
"512557","146154","2025-12-09","45.00","NZD","1762418652","23477/2025-12-09/1762418652.json"
"365170","146153","2025-12-09","48.00","NZD","1762418652","23477/2025-12-09/1762418652.json"
"510807","146155","2025-12-09","52.00","NZD","1762418652","23477/2025-12-09/1762418652.json"
"581513","221281","2025-12-07","36.00","NZD","1762418652","23477/2025-12-07/1762418652.json"
"581514","221282","2025-12-07","36.00","NZD","1762418652","23477/2025-12-07/1762418652.json"
"512557","146154","2025-12-07","45.00","NZD","1762418652","23477/2025-12-07/1762418652.json"
"365170","146153","2025-12-07","48.00","NZD","1762418652","23477/2025-12-07/1762418652.json"
"510807","146155","2025-12-07","52.00","NZD","1762418652","23477/2025-12-07/1762418652.json"
"581513","221281","2025-12-12","36.00","NZD","1762418652","23477/2025-12-12/1762418652.json"
"581514","221282","2025-12-12","36.00","NZD","1762418652","23477/2025-12-12/1762418652.json"
"512557","146154","2025-12-12","45.00","NZD","1762418652","23477/2025-12-12/1762418652.json"
"365170","146153","2025-12-12","48.00","NZD","1762418652","23477/2025-12-12/1762418652.json"
"510807","146155","2025-12-12","52.00","NZD","1762418652","23477/2025-12-12/1762418652.json"
"581513","221281","2025-12-13","36.00","NZD","1762418652","23477/2025-12-13/1762418652.json"
"581514","221282","2025-12-13","36.00","NZD","1762418652","23477/2025-12-13/1762418652.json"
"512557","146154","2025-12-13","45.00","NZD","1762418652","23477/2025-12-13/1762418652.json"
"365170","146153","2025-12-13","48.00","NZD","1762418652","23477/2025-12-13/1762418652.json"
"510807","146155","2025-12-13","52.00","NZD","1762418652","23477/2025-12-13/1762418652.json"
"581513","221281","2025-12-11","36.00","NZD","1762418652","23477/2025-12-11/1762418652.json"
"581514","221282","2025-12-11","36.00","NZD","1762418652","23477/2025-12-11/1762418652.json"
"512557","146154","2025-12-11","45.00","NZD","1762418652","23477/2025-12-11/1762418652.json"
"365170","146153","2025-12-11","48.00","NZD","1762418652","23477/2025-12-11/1762418652.json"
"510807","146155","2025-12-11","52.00","NZD","1762418652","23477/2025-12-11/1762418652.json"
"581513","221281","2025-12-14","36.00","NZD","1762418652","23477/2025-12-14/1762418652.json"
"581514","221282","2025-12-14","36.00","NZD","1762418652","23477/2025-12-14/1762418652.json"
"512557","146154","2025-12-14","45.00","NZD","1762418652","23477/2025-12-14/1762418652.json"
"365170","146153","2025-12-14","48.00","NZD","1762418652","23477/2025-12-14/1762418652.json"
"510807","146155","2025-12-14","52.00","NZD","1762418652","23477/2025-12-14/1762418652.json"
"581513","221281","2025-12-15","36.00","NZD","1762418652","23477/2025-12-15/1762418652.json"
"581514","221282","2025-12-15","36.00","NZD","1762418652","23477/2025-12-15/1762418652.json"
"512557","146154","2025-12-15","45.00","NZD","1762418652","23477/2025-12-15/1762418652.json"
"365170","146153","2025-12-15","48.00","NZD","1762418652","23477/2025-12-15/1762418652.json"
"510807","146155","2025-12-15","52.00","NZD","1762418652","23477/2025-12-15/1762418652.json"
"581513","221281","2025-12-18","36.00","NZD","1762418652","23477/2025-12-18/1762418652.json"
"581514","221282","2025-12-18","36.00","NZD","1762418652","23477/2025-12-18/1762418652.json"
"512557","146154","2025-12-18","45.00","NZD","1762418652","23477/2025-12-18/1762418652.json"
"365170","146153","2025-12-18","48.00","NZD","1762418652","23477/2025-12-18/1762418652.json"
"510807","146155","2025-12-18","52.00","NZD","1762418652","23477/2025-12-18/1762418652.json"
"581513","221281","2025-12-16","36.00","NZD","1762418652","23477/2025-12-16/1762418652.json"
"581514","221282","2025-12-16","36.00","NZD","1762418652","23477/2025-12-16/1762418652.json"
"512557","146154","2025-12-16","45.00","NZD","1762418652","23477/2025-12-16/1762418652.json"
"365170","146153","2025-12-16","48.00","NZD","1762418652","23477/2025-12-16/1762418652.json"
"510807","146155","2025-12-16","52.00","NZD","1762418652","23477/2025-12-16/1762418652.json"
"581513","221281","2025-12-17","36.00","NZD","1762418652","23477/2025-12-17/1762418652.json"
"581514","221282","2025-12-17","36.00","NZD","1762418652","23477/2025-12-17/1762418652.json"
"512557","146154","2025-12-17","45.00","NZD","1762418652","23477/2025-12-17/1762418652.json"
"365170","146153","2025-12-17","48.00","NZD","1762418652","23477/2025-12-17/1762418652.json"
"510807","146155","2025-12-17","52.00","NZD","1762418652","23477/2025-12-17/1762418652.json"
"581513","221281","2025-12-20","36.00","NZD","1762418652","23477/2025-12-20/1762418652.json"
"581514","221282","2025-12-20","36.00","NZD","1762418652","23477/2025-12-20/1762418652.json"
"512557","146154","2025-12-20","45.00","NZD","1762418652","23477/2025-12-20/1762418652.json"
"365170","146153","2025-12-20","48.00","NZD","1762418652","23477/2025-12-20/1762418652.json"
"510807","146155","2025-12-20","52.00","NZD","1762418652","23477/2025-12-20/1762418652.json"
"581513","221281","2025-12-19","36.00","NZD","1762418652","23477/2025-12-19/1762418652.json"
"581514","221282","2025-12-19","36.00","NZD","1762418652","23477/2025-12-19/1762418652.json"
"512557","146154","2025-12-19","45.00","NZD","1762418652","23477/2025-12-19/1762418652.json"
"365170","146153","2025-12-19","48.00","NZD","1762418652","23477/2025-12-19/1762418652.json"
"510807","146155","2025-12-19","52.00","NZD","1762418652","23477/2025-12-19/1762418652.json"
"581513","221281","2025-12-22","36.00","NZD","1762418652","23477/2025-12-22/1762418652.json"
"581514","221282","2025-12-22","36.00","NZD","1762418652","23477/2025-12-22/1762418652.json"
"512557","146154","2025-12-22","45.00","NZD","1762418652","23477/2025-12-22/1762418652.json"
"365170","146153","2025-12-22","48.00","NZD","1762418652","23477/2025-12-22/1762418652.json"
"510807","146155","2025-12-22","52.00","NZD","1762418652","23477/2025-12-22/1762418652.json"
"581513","221281","2025-12-21","36.00","NZD","1762418652","23477/2025-12-21/1762418652.json"
"581514","221282","2025-12-21","36.00","NZD","1762418652","23477/2025-12-21/1762418652.json"
"512557","146154","2025-12-21","45.00","NZD","1762418652","23477/2025-12-21/1762418652.json"
"365170","146153","2025-12-21","48.00","NZD","1762418652","23477/2025-12-21/1762418652.json"
"510807","146155","2025-12-21","52.00","NZD","1762418652","23477/2025-12-21/1762418652.json"
"581513","221281","2025-12-23","38.00","NZD","1762418652","23477/2025-12-23/1762418652.json"
"581514","221282","2025-12-23","38.00","NZD","1762418652","23477/2025-12-23/1762418652.json"
"512557","146154","2025-12-23","45.00","NZD","1762418652","23477/2025-12-23/1762418652.json"
"365170","146153","2025-12-23","48.00","NZD","1762418652","23477/2025-12-23/1762418652.json"
"510807","146155","2025-12-23","52.00","NZD","1762418652","23477/2025-12-23/1762418652.json"
"581513","221281","2025-12-24","38.00","NZD","1762418652","23477/2025-12-24/1762418652.json"
"581514","221282","2025-12-24","38.00","NZD","1762418652","23477/2025-12-24/1762418652.json"
"512557","146154","2025-12-24","45.00","NZD","1762418652","23477/2025-12-24/1762418652.json"
"365170","146153","2025-12-24","48.00","NZD","1762418652","23477/2025-12-24/1762418652.json"
"510807","146155","2025-12-24","52.00","NZD","1762418652","23477/2025-12-24/1762418652.json"
"581513","221281","2025-12-25","38.00","NZD","1762418652","23477/2025-12-25/1762418652.json"
"581514","221282","2025-12-25","38.00","NZD","1762418652","23477/2025-12-25/1762418652.json"
"512557","146154","2025-12-25","45.00","NZD","1762418652","23477/2025-12-25/1762418652.json"
"365170","146153","2025-12-25","48.00","NZD","1762418652","23477/2025-12-25/1762418652.json"
"510807","146155","2025-12-25","52.00","NZD","1762418652","23477/2025-12-25/1762418652.json"
"581513","221281","2025-12-26","42.00","NZD","1762418652","23477/2025-12-26/1762418652.json"
"581514","221282","2025-12-26","42.00","NZD","1762418652","23477/2025-12-26/1762418652.json"
"512557","146154","2025-12-26","45.00","NZD","1762418652","23477/2025-12-26/1762418652.json"
"365170","146153","2025-12-26","48.00","NZD","1762418652","23477/2025-12-26/1762418652.json"
"510807","146155","2025-12-26","52.00","NZD","1762418652","23477/2025-12-26/1762418652.json"
"581513","221281","2025-12-27","42.00","NZD","1762418652","23477/2025-12-27/1762418652.json"
"581514","221282","2025-12-27","42.00","NZD","1762418652","23477/2025-12-27/1762418652.json"
"512557","146154","2025-12-27","45.00","NZD","1762418652","23477/2025-12-27/1762418652.json"
"365170","146153","2025-12-27","48.00","NZD","1762418652","23477/2025-12-27/1762418652.json"
"510807","146155","2025-12-27","52.00","NZD","1762418652","23477/2025-12-27/1762418652.json"
"581513","221281","2025-12-28","42.00","NZD","1762418652","23477/2025-12-28/1762418652.json"
"581514","221282","2025-12-28","42.00","NZD","1762418652","23477/2025-12-28/1762418652.json"
"512557","146154","2025-12-28","45.00","NZD","1762418652","23477/2025-12-28/1762418652.json"
"365170","146153","2025-12-28","48.00","NZD","1762418652","23477/2025-12-28/1762418652.json"
"510807","146155","2025-12-28","52.00","NZD","1762418652","23477/2025-12-28/1762418652.json"
"581513","221281","2025-12-30","42.00","NZD","1762418652","23477/2025-12-30/1762418652.json"
"581514","221282","2025-12-30","42.00","NZD","1762418652","23477/2025-12-30/1762418652.json"
"512557","146154","2025-12-30","45.00","NZD","1762418652","23477/2025-12-30/1762418652.json"
"365170","146153","2025-12-30","48.00","NZD","1762418652","23477/2025-12-30/1762418652.json"
"510807","146155","2025-12-30","52.00","NZD","1762418652","23477/2025-12-30/1762418652.json"
"581513","221281","2025-12-29","42.00","NZD","1762418652","23477/2025-12-29/1762418652.json"
"581514","221282","2025-12-29","42.00","NZD","1762418652","23477/2025-12-29/1762418652.json"
"512557","146154","2025-12-29","45.00","NZD","1762418652","23477/2025-12-29/1762418652.json"
"365170","146153","2025-12-29","48.00","NZD","1762418652","23477/2025-12-29/1762418652.json"
"510807","146155","2025-12-29","52.00","NZD","1762418652","23477/2025-12-29/1762418652.json"
"581513","221281","2025-12-31","42.00","NZD","1762418652","23477/2025-12-31/1762418652.json"
"581514","221282","2025-12-31","42.00","NZD","1762418652","23477/2025-12-31/1762418652.json"
"512557","146154","2025-12-31","45.00","NZD","1762418652","23477/2025-12-31/1762418652.json"
"365170","146153","2025-12-31","48.00","NZD","1762418652","23477/2025-12-31/1762418652.json"
"510807","146155","2025-12-31","52.00","NZD","1762418652","23477/2025-12-31/1762418652.json"
"581513","221281","2026-01-01","42.00","NZD","1762418652","23477/2026-01-01/1762418652.json"
"581514","221282","2026-01-01","42.00","NZD","1762418652","23477/2026-01-01/1762418652.json"
"512557","146154","2026-01-01","45.00","NZD","1762418652","23477/2026-01-01/1762418652.json"
"365170","146153","2026-01-01","48.00","NZD","1762418652","23477/2026-01-01/1762418652.json"
"510807","146155","2026-01-01","52.00","NZD","1762418652","23477/2026-01-01/1762418652.json"
"581513","221281","2026-01-02","42.00","NZD","1762418652","23477/2026-01-02/1762418652.json"
"581514","221282","2026-01-02","42.00","NZD","1762418652","23477/2026-01-02/1762418652.json"
"512557","146154","2026-01-02","45.00","NZD","1762418652","23477/2026-01-02/1762418652.json"
"365170","146153","2026-01-02","48.00","NZD","1762418652","23477/2026-01-02/1762418652.json"
"510807","146155","2026-01-02","52.00","NZD","1762418652","23477/2026-01-02/1762418652.json"
"581513","221281","2026-01-03","42.00","NZD","1762418652","23477/2026-01-03/1762418652.json"
"581514","221282","2026-01-03","42.00","NZD","1762418652","23477/2026-01-03/1762418652.json"
"512557","146154","2026-01-03","45.00","NZD","1762418652","23477/2026-01-03/1762418652.json"
"365170","146153","2026-01-03","48.00","NZD","1762418652","23477/2026-01-03/1762418652.json"
"510807","146155","2026-01-03","52.00","NZD","1762418652","23477/2026-01-03/1762418652.json"
"581513","221281","2026-01-04","42.00","NZD","1762418652","23477/2026-01-04/1762418652.json"
"581514","221282","2026-01-04","42.00","NZD","1762418652","23477/2026-01-04/1762418652.json"
"512557","146154","2026-01-04","45.00","NZD","1762418652","23477/2026-01-04/1762418652.json"
"365170","146153","2026-01-04","48.00","NZD","1762418652","23477/2026-01-04/1762418652.json"
"510807","146155","2026-01-04","52.00","NZD","1762418652","23477/2026-01-04/1762418652.json"
"581513","221281","2026-01-05","36.00","NZD","1762418652","23477/2026-01-05/1762418652.json"
"581514","221282","2026-01-05","36.00","NZD","1762418652","23477/2026-01-05/1762418652.json"
"512557","146154","2026-01-05","45.00","NZD","1762418652","23477/2026-01-05/1762418652.json"
"365170","146153","2026-01-05","48.00","NZD","1762418652","23477/2026-01-05/1762418652.json"
"510807","146155","2026-01-05","52.00","NZD","1762418652","23477/2026-01-05/1762418652.json"
"581513","221281","2025-11-09","36.00","NZD","1762434134","23477/2025-11-09/1762434134.json"
"581514","221282","2025-11-09","36.00","NZD","1762434134","23477/2025-11-09/1762434134.json"
"512557","146154","2025-11-09","45.00","NZD","1762434134","23477/2025-11-09/1762434134.json"
"365170","146153","2025-11-09","48.00","NZD","1762434134","23477/2025-11-09/1762434134.json"
"510807","146155","2025-11-09","52.00","NZD","1762434134","23477/2025-11-09/1762434134.json"
"581513","221281","2025-11-07","36.00","NZD","1762434134","23477/2025-11-07/1762434134.json"
"581514","221282","2025-11-07","36.00","NZD","1762434134","23477/2025-11-07/1762434134.json"
"512557","146154","2025-11-07","45.00","NZD","1762434134","23477/2025-11-07/1762434134.json"
"365170","146153","2025-11-07","48.00","NZD","1762434134","23477/2025-11-07/1762434134.json"
"510807","146155","2025-11-07","52.00","NZD","1762434134","23477/2025-11-07/1762434134.json"
"581513","221281","2025-11-08","36.00","NZD","1762434134","23477/2025-11-08/1762434134.json"
"581514","221282","2025-11-08","36.00","NZD","1762434134","23477/2025-11-08/1762434134.json"
"512557","146154","2025-11-08","45.00","NZD","1762434134","23477/2025-11-08/1762434134.json"
"365170","146153","2025-11-08","48.00","NZD","1762434134","23477/2025-11-08/1762434134.json"
"510807","146155","2025-11-08","52.00","NZD","1762434134","23477/2025-11-08/1762434134.json"
"581513","221281","2025-11-10","36.00","NZD","1762434134","23477/2025-11-10/1762434134.json"
"581514","221282","2025-11-10","36.00","NZD","1762434134","23477/2025-11-10/1762434134.json"
"512557","146154","2025-11-10","45.00","NZD","1762434134","23477/2025-11-10/1762434134.json"
"365170","146153","2025-11-10","48.00","NZD","1762434134","23477/2025-11-10/1762434134.json"
"510807","146155","2025-11-10","52.00","NZD","1762434134","23477/2025-11-10/1762434134.json"
"581513","221281","2025-11-11","36.00","NZD","1762434134","23477/2025-11-11/1762434134.json"
"581514","221282","2025-11-11","36.00","NZD","1762434134","23477/2025-11-11/1762434134.json"
"512557","146154","2025-11-11","45.00","NZD","1762434134","23477/2025-11-11/1762434134.json"
"365170","146153","2025-11-11","48.00","NZD","1762434134","23477/2025-11-11/1762434134.json"
"510807","146155","2025-11-11","52.00","NZD","1762434134","23477/2025-11-11/1762434134.json"
"581513","221281","2025-11-12","36.00","NZD","1762434134","23477/2025-11-12/1762434134.json"
"581514","221282","2025-11-12","36.00","NZD","1762434134","23477/2025-11-12/1762434134.json"
"512557","146154","2025-11-12","45.00","NZD","1762434134","23477/2025-11-12/1762434134.json"
"365170","146153","2025-11-12","48.00","NZD","1762434134","23477/2025-11-12/1762434134.json"
"510807","146155","2025-11-12","52.00","NZD","1762434134","23477/2025-11-12/1762434134.json"
"581513","221281","2025-11-13","36.00","NZD","1762434134","23477/2025-11-13/1762434134.json"
"581514","221282","2025-11-13","36.00","NZD","1762434134","23477/2025-11-13/1762434134.json"
"512557","146154","2025-11-13","45.00","NZD","1762434134","23477/2025-11-13/1762434134.json"
"365170","146153","2025-11-13","48.00","NZD","1762434134","23477/2025-11-13/1762434134.json"
"510807","146155","2025-11-13","52.00","NZD","1762434134","23477/2025-11-13/1762434134.json"
"581513","221281","2025-11-14","36.00","NZD","1762434134","23477/2025-11-14/1762434134.json"
"581514","221282","2025-11-14","36.00","NZD","1762434134","23477/2025-11-14/1762434134.json"
"512557","146154","2025-11-14","45.00","NZD","1762434134","23477/2025-11-14/1762434134.json"
"365170","146153","2025-11-14","48.00","NZD","1762434134","23477/2025-11-14/1762434134.json"
"510807","146155","2025-11-14","52.00","NZD","1762434134","23477/2025-11-14/1762434134.json"
"581513","221281","2025-11-15","36.00","NZD","1762434134","23477/2025-11-15/1762434134.json"
"581514","221282","2025-11-15","36.00","NZD","1762434134","23477/2025-11-15/1762434134.json"
"512557","146154","2025-11-15","45.00","NZD","1762434134","23477/2025-11-15/1762434134.json"
"365170","146153","2025-11-15","48.00","NZD","1762434134","23477/2025-11-15/1762434134.json"
"510807","146155","2025-11-15","52.00","NZD","1762434134","23477/2025-11-15/1762434134.json"
"581513","221281","2025-11-17","36.00","NZD","1762434134","23477/2025-11-17/1762434134.json"
"581514","221282","2025-11-17","36.00","NZD","1762434134","23477/2025-11-17/1762434134.json"
"512557","146154","2025-11-17","45.00","NZD","1762434134","23477/2025-11-17/1762434134.json"
"365170","146153","2025-11-17","48.00","NZD","1762434134","23477/2025-11-17/1762434134.json"
"510807","146155","2025-11-17","52.00","NZD","1762434134","23477/2025-11-17/1762434134.json"
"581513","221281","2025-11-16","36.00","NZD","1762434134","23477/2025-11-16/1762434134.json"
"581514","221282","2025-11-16","36.00","NZD","1762434134","23477/2025-11-16/1762434134.json"
"512557","146154","2025-11-16","45.00","NZD","1762434134","23477/2025-11-16/1762434134.json"
"365170","146153","2025-11-16","48.00","NZD","1762434134","23477/2025-11-16/1762434134.json"
"510807","146155","2025-11-16","52.00","NZD","1762434134","23477/2025-11-16/1762434134.json"
"581513","221281","2025-11-18","36.00","NZD","1762434134","23477/2025-11-18/1762434134.json"
"581514","221282","2025-11-18","36.00","NZD","1762434134","23477/2025-11-18/1762434134.json"
"512557","146154","2025-11-18","45.00","NZD","1762434134","23477/2025-11-18/1762434134.json"
"365170","146153","2025-11-18","48.00","NZD","1762434134","23477/2025-11-18/1762434134.json"
"510807","146155","2025-11-18","52.00","NZD","1762434134","23477/2025-11-18/1762434134.json"
"581513","221281","2025-11-19","36.00","NZD","1762434134","23477/2025-11-19/1762434134.json"
"581514","221282","2025-11-19","36.00","NZD","1762434134","23477/2025-11-19/1762434134.json"
"512557","146154","2025-11-19","45.00","NZD","1762434134","23477/2025-11-19/1762434134.json"
"365170","146153","2025-11-19","48.00","NZD","1762434134","23477/2025-11-19/1762434134.json"
"510807","146155","2025-11-19","52.00","NZD","1762434134","23477/2025-11-19/1762434134.json"
"581513","221281","2025-11-20","36.00","NZD","1762434134","23477/2025-11-20/1762434134.json"
"581514","221282","2025-11-20","36.00","NZD","1762434134","23477/2025-11-20/1762434134.json"
"512557","146154","2025-11-20","45.00","NZD","1762434134","23477/2025-11-20/1762434134.json"
"581513","221281","2025-11-22","36.00","NZD","1762434134","23477/2025-11-22/1762434134.json"
"581514","221282","2025-11-22","36.00","NZD","1762434134","23477/2025-11-22/1762434134.json"
"512557","146154","2025-11-22","45.00","NZD","1762434134","23477/2025-11-22/1762434134.json"
"365170","146153","2025-11-22","48.00","NZD","1762434134","23477/2025-11-22/1762434134.json"
"510807","146155","2025-11-22","52.00","NZD","1762434134","23477/2025-11-22/1762434134.json"
"581513","221281","2025-11-21","36.00","NZD","1762434134","23477/2025-11-21/1762434134.json"
"581514","221282","2025-11-21","36.00","NZD","1762434134","23477/2025-11-21/1762434134.json"
"512557","146154","2025-11-21","45.00","NZD","1762434134","23477/2025-11-21/1762434134.json"
"365170","146153","2025-11-21","48.00","NZD","1762434134","23477/2025-11-21/1762434134.json"
"510807","146155","2025-11-21","52.00","NZD","1762434134","23477/2025-11-21/1762434134.json"
"581513","221281","2025-11-23","36.00","NZD","1762434134","23477/2025-11-23/1762434134.json"
"581514","221282","2025-11-23","36.00","NZD","1762434134","23477/2025-11-23/1762434134.json"
"512557","146154","2025-11-23","45.00","NZD","1762434134","23477/2025-11-23/1762434134.json"
"365170","146153","2025-11-23","48.00","NZD","1762434134","23477/2025-11-23/1762434134.json"
"510807","146155","2025-11-23","52.00","NZD","1762434134","23477/2025-11-23/1762434134.json"
"581513","221281","2025-11-24","36.00","NZD","1762434134","23477/2025-11-24/1762434134.json"
"581514","221282","2025-11-24","36.00","NZD","1762434134","23477/2025-11-24/1762434134.json"
"512557","146154","2025-11-24","45.00","NZD","1762434134","23477/2025-11-24/1762434134.json"
"365170","146153","2025-11-24","48.00","NZD","1762434134","23477/2025-11-24/1762434134.json"
"510807","146155","2025-11-24","52.00","NZD","1762434134","23477/2025-11-24/1762434134.json"
"581513","221281","2025-11-26","36.00","NZD","1762434134","23477/2025-11-26/1762434134.json"
"581514","221282","2025-11-26","36.00","NZD","1762434134","23477/2025-11-26/1762434134.json"
"512557","146154","2025-11-26","45.00","NZD","1762434134","23477/2025-11-26/1762434134.json"
"365170","146153","2025-11-26","48.00","NZD","1762434134","23477/2025-11-26/1762434134.json"
"510807","146155","2025-11-26","52.00","NZD","1762434134","23477/2025-11-26/1762434134.json"
"581513","221281","2025-11-25","36.00","NZD","1762434134","23477/2025-11-25/1762434134.json"
"581514","221282","2025-11-25","36.00","NZD","1762434134","23477/2025-11-25/1762434134.json"
"512557","146154","2025-11-25","45.00","NZD","1762434134","23477/2025-11-25/1762434134.json"
"365170","146153","2025-11-25","48.00","NZD","1762434134","23477/2025-11-25/1762434134.json"
"510807","146155","2025-11-25","52.00","NZD","1762434134","23477/2025-11-25/1762434134.json"
"581513","221281","2025-11-27","36.00","NZD","1762434134","23477/2025-11-27/1762434134.json"
"581514","221282","2025-11-27","36.00","NZD","1762434134","23477/2025-11-27/1762434134.json"
"512557","146154","2025-11-27","45.00","NZD","1762434134","23477/2025-11-27/1762434134.json"
"365170","146153","2025-11-27","48.00","NZD","1762434134","23477/2025-11-27/1762434134.json"
"510807","146155","2025-11-27","52.00","NZD","1762434134","23477/2025-11-27/1762434134.json"
"581513","221281","2025-11-28","36.00","NZD","1762434134","23477/2025-11-28/1762434134.json"
"581514","221282","2025-11-28","36.00","NZD","1762434134","23477/2025-11-28/1762434134.json"
"512557","146154","2025-11-28","45.00","NZD","1762434134","23477/2025-11-28/1762434134.json"
"365170","146153","2025-11-28","48.00","NZD","1762434134","23477/2025-11-28/1762434134.json"
"510807","146155","2025-11-28","52.00","NZD","1762434134","23477/2025-11-28/1762434134.json"
"581513","221281","2025-11-29","36.00","NZD","1762434134","23477/2025-11-29/1762434134.json"
"581514","221282","2025-11-29","36.00","NZD","1762434134","23477/2025-11-29/1762434134.json"
"512557","146154","2025-11-29","45.00","NZD","1762434134","23477/2025-11-29/1762434134.json"
"365170","146153","2025-11-29","48.00","NZD","1762434134","23477/2025-11-29/1762434134.json"
"510807","146155","2025-11-29","52.00","NZD","1762434134","23477/2025-11-29/1762434134.json"
"581513","221281","2025-11-30","36.00","NZD","1762434134","23477/2025-11-30/1762434134.json"
"581514","221282","2025-11-30","36.00","NZD","1762434134","23477/2025-11-30/1762434134.json"
"512557","146154","2025-11-30","45.00","NZD","1762434134","23477/2025-11-30/1762434134.json"
"365170","146153","2025-11-30","48.00","NZD","1762434134","23477/2025-11-30/1762434134.json"
"510807","146155","2025-11-30","52.00","NZD","1762434134","23477/2025-11-30/1762434134.json"
"581513","221281","2025-12-01","36.00","NZD","1762434134","23477/2025-12-01/1762434134.json"
"581514","221282","2025-12-01","36.00","NZD","1762434134","23477/2025-12-01/1762434134.json"
"512557","146154","2025-12-01","45.00","NZD","1762434134","23477/2025-12-01/1762434134.json"
"365170","146153","2025-12-01","48.00","NZD","1762434134","23477/2025-12-01/1762434134.json"
"510807","146155","2025-12-01","52.00","NZD","1762434134","23477/2025-12-01/1762434134.json"
"581513","221281","2025-12-02","36.00","NZD","1762434134","23477/2025-12-02/1762434134.json"
"581514","221282","2025-12-02","36.00","NZD","1762434134","23477/2025-12-02/1762434134.json"
"512557","146154","2025-12-02","45.00","NZD","1762434134","23477/2025-12-02/1762434134.json"
"365170","146153","2025-12-02","48.00","NZD","1762434134","23477/2025-12-02/1762434134.json"
"510807","146155","2025-12-02","52.00","NZD","1762434134","23477/2025-12-02/1762434134.json"
"581513","221281","2025-12-03","36.00","NZD","1762434134","23477/2025-12-03/1762434134.json"
"581514","221282","2025-12-03","36.00","NZD","1762434134","23477/2025-12-03/1762434134.json"
"512557","146154","2025-12-03","45.00","NZD","1762434134","23477/2025-12-03/1762434134.json"
"365170","146153","2025-12-03","48.00","NZD","1762434134","23477/2025-12-03/1762434134.json"
"510807","146155","2025-12-03","52.00","NZD","1762434134","23477/2025-12-03/1762434134.json"
"581513","221281","2025-12-04","36.00","NZD","1762434134","23477/2025-12-04/1762434134.json"
"581514","221282","2025-12-04","36.00","NZD","1762434134","23477/2025-12-04/1762434134.json"
"512557","146154","2025-12-04","45.00","NZD","1762434134","23477/2025-12-04/1762434134.json"
"365170","146153","2025-12-04","48.00","NZD","1762434134","23477/2025-12-04/1762434134.json"
"510807","146155","2025-12-04","52.00","NZD","1762434134","23477/2025-12-04/1762434134.json"
"581513","221281","2025-12-05","36.00","NZD","1762434134","23477/2025-12-05/1762434134.json"
"581514","221282","2025-12-05","36.00","NZD","1762434134","23477/2025-12-05/1762434134.json"
"512557","146154","2025-12-05","45.00","NZD","1762434134","23477/2025-12-05/1762434134.json"
"365170","146153","2025-12-05","48.00","NZD","1762434134","23477/2025-12-05/1762434134.json"
"510807","146155","2025-12-05","52.00","NZD","1762434134","23477/2025-12-05/1762434134.json"
"581513","221281","2025-12-06","36.00","NZD","1762434134","23477/2025-12-06/1762434134.json"
"581514","221282","2025-12-06","36.00","NZD","1762434134","23477/2025-12-06/1762434134.json"
"512557","146154","2025-12-06","45.00","NZD","1762434134","23477/2025-12-06/1762434134.json"
"365170","146153","2025-12-06","48.00","NZD","1762434134","23477/2025-12-06/1762434134.json"
"510807","146155","2025-12-06","52.00","NZD","1762434134","23477/2025-12-06/1762434134.json"
"581513","221281","2025-12-07","36.00","NZD","1762434134","23477/2025-12-07/1762434134.json"
"581514","221282","2025-12-07","36.00","NZD","1762434134","23477/2025-12-07/1762434134.json"
"512557","146154","2025-12-07","45.00","NZD","1762434134","23477/2025-12-07/1762434134.json"
"365170","146153","2025-12-07","48.00","NZD","1762434134","23477/2025-12-07/1762434134.json"
"510807","146155","2025-12-07","52.00","NZD","1762434134","23477/2025-12-07/1762434134.json"
"581513","221281","2025-12-08","36.00","NZD","1762434134","23477/2025-12-08/1762434134.json"
"581514","221282","2025-12-08","36.00","NZD","1762434134","23477/2025-12-08/1762434134.json"
"512557","146154","2025-12-08","45.00","NZD","1762434134","23477/2025-12-08/1762434134.json"
"365170","146153","2025-12-08","48.00","NZD","1762434134","23477/2025-12-08/1762434134.json"
"510807","146155","2025-12-08","52.00","NZD","1762434134","23477/2025-12-08/1762434134.json"
"581513","221281","2025-12-09","36.00","NZD","1762434134","23477/2025-12-09/1762434134.json"
"581514","221282","2025-12-09","36.00","NZD","1762434134","23477/2025-12-09/1762434134.json"
"512557","146154","2025-12-09","45.00","NZD","1762434134","23477/2025-12-09/1762434134.json"
"365170","146153","2025-12-09","48.00","NZD","1762434134","23477/2025-12-09/1762434134.json"
"510807","146155","2025-12-09","52.00","NZD","1762434134","23477/2025-12-09/1762434134.json"
"581513","221281","2025-12-10","36.00","NZD","1762434134","23477/2025-12-10/1762434134.json"
"581514","221282","2025-12-10","36.00","NZD","1762434134","23477/2025-12-10/1762434134.json"
"512557","146154","2025-12-10","45.00","NZD","1762434134","23477/2025-12-10/1762434134.json"
"365170","146153","2025-12-10","48.00","NZD","1762434134","23477/2025-12-10/1762434134.json"
"510807","146155","2025-12-10","52.00","NZD","1762434134","23477/2025-12-10/1762434134.json"
"581513","221281","2025-12-12","36.00","NZD","1762434134","23477/2025-12-12/1762434134.json"
"581514","221282","2025-12-12","36.00","NZD","1762434134","23477/2025-12-12/1762434134.json"
"512557","146154","2025-12-12","45.00","NZD","1762434134","23477/2025-12-12/1762434134.json"
"365170","146153","2025-12-12","48.00","NZD","1762434134","23477/2025-12-12/1762434134.json"
"510807","146155","2025-12-12","52.00","NZD","1762434134","23477/2025-12-12/1762434134.json"
"581513","221281","2025-12-11","36.00","NZD","1762434134","23477/2025-12-11/1762434134.json"
"581514","221282","2025-12-11","36.00","NZD","1762434134","23477/2025-12-11/1762434134.json"
"512557","146154","2025-12-11","45.00","NZD","1762434134","23477/2025-12-11/1762434134.json"
"365170","146153","2025-12-11","48.00","NZD","1762434134","23477/2025-12-11/1762434134.json"
"510807","146155","2025-12-11","52.00","NZD","1762434134","23477/2025-12-11/1762434134.json"
"581513","221281","2025-12-13","36.00","NZD","1762434134","23477/2025-12-13/1762434134.json"
"581514","221282","2025-12-13","36.00","NZD","1762434134","23477/2025-12-13/1762434134.json"
"512557","146154","2025-12-13","45.00","NZD","1762434134","23477/2025-12-13/1762434134.json"
"365170","146153","2025-12-13","48.00","NZD","1762434134","23477/2025-12-13/1762434134.json"
"510807","146155","2025-12-13","52.00","NZD","1762434134","23477/2025-12-13/1762434134.json"
"581513","221281","2025-12-14","36.00","NZD","1762434134","23477/2025-12-14/1762434134.json"
"581514","221282","2025-12-14","36.00","NZD","1762434134","23477/2025-12-14/1762434134.json"
"512557","146154","2025-12-14","45.00","NZD","1762434134","23477/2025-12-14/1762434134.json"
"365170","146153","2025-12-14","48.00","NZD","1762434134","23477/2025-12-14/1762434134.json"
"510807","146155","2025-12-14","52.00","NZD","1762434134","23477/2025-12-14/1762434134.json"
"581513","221281","2025-12-16","36.00","NZD","1762434134","23477/2025-12-16/1762434134.json"
"581514","221282","2025-12-16","36.00","NZD","1762434134","23477/2025-12-16/1762434134.json"
"512557","146154","2025-12-16","45.00","NZD","1762434134","23477/2025-12-16/1762434134.json"
"365170","146153","2025-12-16","48.00","NZD","1762434134","23477/2025-12-16/1762434134.json"
"510807","146155","2025-12-16","52.00","NZD","1762434134","23477/2025-12-16/1762434134.json"
"581513","221281","2025-12-15","36.00","NZD","1762434134","23477/2025-12-15/1762434134.json"
"581514","221282","2025-12-15","36.00","NZD","1762434134","23477/2025-12-15/1762434134.json"
"512557","146154","2025-12-15","45.00","NZD","1762434134","23477/2025-12-15/1762434134.json"
"365170","146153","2025-12-15","48.00","NZD","1762434134","23477/2025-12-15/1762434134.json"
"510807","146155","2025-12-15","52.00","NZD","1762434134","23477/2025-12-15/1762434134.json"
"581513","221281","2025-12-17","36.00","NZD","1762434134","23477/2025-12-17/1762434134.json"
"581514","221282","2025-12-17","36.00","NZD","1762434134","23477/2025-12-17/1762434134.json"
"512557","146154","2025-12-17","45.00","NZD","1762434134","23477/2025-12-17/1762434134.json"
"365170","146153","2025-12-17","48.00","NZD","1762434134","23477/2025-12-17/1762434134.json"
"510807","146155","2025-12-17","52.00","NZD","1762434134","23477/2025-12-17/1762434134.json"
"581513","221281","2025-12-18","36.00","NZD","1762434134","23477/2025-12-18/1762434134.json"
"581514","221282","2025-12-18","36.00","NZD","1762434134","23477/2025-12-18/1762434134.json"
"512557","146154","2025-12-18","45.00","NZD","1762434134","23477/2025-12-18/1762434134.json"
"365170","146153","2025-12-18","48.00","NZD","1762434134","23477/2025-12-18/1762434134.json"
"510807","146155","2025-12-18","52.00","NZD","1762434134","23477/2025-12-18/1762434134.json"
"581513","221281","2025-12-19","36.00","NZD","1762434134","23477/2025-12-19/1762434134.json"
"581514","221282","2025-12-19","36.00","NZD","1762434134","23477/2025-12-19/1762434134.json"
"512557","146154","2025-12-19","45.00","NZD","1762434134","23477/2025-12-19/1762434134.json"
"365170","146153","2025-12-19","48.00","NZD","1762434134","23477/2025-12-19/1762434134.json"
"510807","146155","2025-12-19","52.00","NZD","1762434134","23477/2025-12-19/1762434134.json"
"581513","221281","2025-12-20","36.00","NZD","1762434134","23477/2025-12-20/1762434134.json"
"581514","221282","2025-12-20","36.00","NZD","1762434134","23477/2025-12-20/1762434134.json"
"512557","146154","2025-12-20","45.00","NZD","1762434134","23477/2025-12-20/1762434134.json"
"365170","146153","2025-12-20","48.00","NZD","1762434134","23477/2025-12-20/1762434134.json"
"510807","146155","2025-12-20","52.00","NZD","1762434134","23477/2025-12-20/1762434134.json"
"581513","221281","2025-12-22","36.00","NZD","1762434134","23477/2025-12-22/1762434134.json"
"581514","221282","2025-12-22","36.00","NZD","1762434134","23477/2025-12-22/1762434134.json"
"512557","146154","2025-12-22","45.00","NZD","1762434134","23477/2025-12-22/1762434134.json"
"365170","146153","2025-12-22","48.00","NZD","1762434134","23477/2025-12-22/1762434134.json"
"510807","146155","2025-12-22","52.00","NZD","1762434134","23477/2025-12-22/1762434134.json"
"581513","221281","2025-12-21","36.00","NZD","1762434134","23477/2025-12-21/1762434134.json"
"581514","221282","2025-12-21","36.00","NZD","1762434134","23477/2025-12-21/1762434134.json"
"512557","146154","2025-12-21","45.00","NZD","1762434134","23477/2025-12-21/1762434134.json"
"365170","146153","2025-12-21","48.00","NZD","1762434134","23477/2025-12-21/1762434134.json"
"510807","146155","2025-12-21","52.00","NZD","1762434134","23477/2025-12-21/1762434134.json"
"581513","221281","2025-12-23","38.00","NZD","1762434134","23477/2025-12-23/1762434134.json"
"581514","221282","2025-12-23","38.00","NZD","1762434134","23477/2025-12-23/1762434134.json"
"512557","146154","2025-12-23","45.00","NZD","1762434134","23477/2025-12-23/1762434134.json"
"365170","146153","2025-12-23","48.00","NZD","1762434134","23477/2025-12-23/1762434134.json"
"510807","146155","2025-12-23","52.00","NZD","1762434134","23477/2025-12-23/1762434134.json"
"581513","221281","2025-12-26","42.00","NZD","1762434134","23477/2025-12-26/1762434134.json"
"581514","221282","2025-12-26","42.00","NZD","1762434134","23477/2025-12-26/1762434134.json"
"512557","146154","2025-12-26","45.00","NZD","1762434134","23477/2025-12-26/1762434134.json"
"365170","146153","2025-12-26","48.00","NZD","1762434134","23477/2025-12-26/1762434134.json"
"510807","146155","2025-12-26","52.00","NZD","1762434134","23477/2025-12-26/1762434134.json"
"581513","221281","2025-12-24","38.00","NZD","1762434134","23477/2025-12-24/1762434134.json"
"581514","221282","2025-12-24","38.00","NZD","1762434134","23477/2025-12-24/1762434134.json"
"512557","146154","2025-12-24","45.00","NZD","1762434134","23477/2025-12-24/1762434134.json"
"365170","146153","2025-12-24","48.00","NZD","1762434134","23477/2025-12-24/1762434134.json"
"510807","146155","2025-12-24","52.00","NZD","1762434134","23477/2025-12-24/1762434134.json"
"581513","221281","2025-12-25","38.00","NZD","1762434134","23477/2025-12-25/1762434134.json"
"581514","221282","2025-12-25","38.00","NZD","1762434134","23477/2025-12-25/1762434134.json"
"512557","146154","2025-12-25","45.00","NZD","1762434134","23477/2025-12-25/1762434134.json"
"365170","146153","2025-12-25","48.00","NZD","1762434134","23477/2025-12-25/1762434134.json"
"510807","146155","2025-12-25","52.00","NZD","1762434134","23477/2025-12-25/1762434134.json"
"581513","221281","2025-12-27","42.00","NZD","1762434134","23477/2025-12-27/1762434134.json"
"581514","221282","2025-12-27","42.00","NZD","1762434134","23477/2025-12-27/1762434134.json"
"512557","146154","2025-12-27","45.00","NZD","1762434134","23477/2025-12-27/1762434134.json"
"365170","146153","2025-12-27","48.00","NZD","1762434134","23477/2025-12-27/1762434134.json"
"510807","146155","2025-12-27","52.00","NZD","1762434134","23477/2025-12-27/1762434134.json"
"581513","221281","2025-12-28","42.00","NZD","1762434134","23477/2025-12-28/1762434134.json"
"581514","221282","2025-12-28","42.00","NZD","1762434134","23477/2025-12-28/1762434134.json"
"512557","146154","2025-12-28","45.00","NZD","1762434134","23477/2025-12-28/1762434134.json"
"365170","146153","2025-12-28","48.00","NZD","1762434134","23477/2025-12-28/1762434134.json"
"510807","146155","2025-12-28","52.00","NZD","1762434134","23477/2025-12-28/1762434134.json"
"581513","221281","2025-12-29","42.00","NZD","1762434134","23477/2025-12-29/1762434134.json"
"581514","221282","2025-12-29","42.00","NZD","1762434134","23477/2025-12-29/1762434134.json"
"512557","146154","2025-12-29","45.00","NZD","1762434134","23477/2025-12-29/1762434134.json"
"365170","146153","2025-12-29","48.00","NZD","1762434134","23477/2025-12-29/1762434134.json"
"510807","146155","2025-12-29","52.00","NZD","1762434134","23477/2025-12-29/1762434134.json"
"581513","221281","2025-12-30","42.00","NZD","1762434134","23477/2025-12-30/1762434134.json"
"581514","221282","2025-12-30","42.00","NZD","1762434134","23477/2025-12-30/1762434134.json"
"512557","146154","2025-12-30","45.00","NZD","1762434134","23477/2025-12-30/1762434134.json"
"365170","146153","2025-12-30","48.00","NZD","1762434134","23477/2025-12-30/1762434134.json"
"510807","146155","2025-12-30","52.00","NZD","1762434134","23477/2025-12-30/1762434134.json"
"581513","221281","2025-12-31","42.00","NZD","1762434134","23477/2025-12-31/1762434134.json"
"581514","221282","2025-12-31","42.00","NZD","1762434134","23477/2025-12-31/1762434134.json"
"512557","146154","2025-12-31","45.00","NZD","1762434134","23477/2025-12-31/1762434134.json"
"365170","146153","2025-12-31","48.00","NZD","1762434134","23477/2025-12-31/1762434134.json"
"510807","146155","2025-12-31","52.00","NZD","1762434134","23477/2025-12-31/1762434134.json"
"581513","221281","2026-01-01","42.00","NZD","1762434134","23477/2026-01-01/1762434134.json"
"581514","221282","2026-01-01","42.00","NZD","1762434134","23477/2026-01-01/1762434134.json"
"512557","146154","2026-01-01","45.00","NZD","1762434134","23477/2026-01-01/1762434134.json"
"365170","146153","2026-01-01","48.00","NZD","1762434134","23477/2026-01-01/1762434134.json"
"510807","146155","2026-01-01","52.00","NZD","1762434134","23477/2026-01-01/1762434134.json"
"581513","221281","2026-01-02","42.00","NZD","1762434134","23477/2026-01-02/1762434134.json"
"581514","221282","2026-01-02","42.00","NZD","1762434134","23477/2026-01-02/1762434134.json"
"512557","146154","2026-01-02","45.00","NZD","1762434134","23477/2026-01-02/1762434134.json"
"365170","146153","2026-01-02","48.00","NZD","1762434134","23477/2026-01-02/1762434134.json"
"510807","146155","2026-01-02","52.00","NZD","1762434134","23477/2026-01-02/1762434134.json"
"581513","221281","2026-01-04","42.00","NZD","1762434134","23477/2026-01-04/1762434134.json"
"581514","221282","2026-01-04","42.00","NZD","1762434134","23477/2026-01-04/1762434134.json"
"512557","146154","2026-01-04","45.00","NZD","1762434134","23477/2026-01-04/1762434134.json"
"365170","146153","2026-01-04","48.00","NZD","1762434134","23477/2026-01-04/1762434134.json"
"510807","146155","2026-01-04","52.00","NZD","1762434134","23477/2026-01-04/1762434134.json"
"581513","221281","2026-01-03","42.00","NZD","1762434134","23477/2026-01-03/1762434134.json"
"581514","221282","2026-01-03","42.00","NZD","1762434134","23477/2026-01-03/1762434134.json"
"512557","146154","2026-01-03","45.00","NZD","1762434134","23477/2026-01-03/1762434134.json"
"365170","146153","2026-01-03","48.00","NZD","1762434134","23477/2026-01-03/1762434134.json"
"510807","146155","2026-01-03","52.00","NZD","1762434134","23477/2026-01-03/1762434134.json"
"581513","221281","2026-01-05","36.00","NZD","1762434134","23477/2026-01-05/1762434134.json"
"581514","221282","2026-01-05","36.00","NZD","1762434134","23477/2026-01-05/1762434134.json"
"512557","146154","2026-01-05","45.00","NZD","1762434134","23477/2026-01-05/1762434134.json"
"365170","146153","2026-01-05","48.00","NZD","1762434134","23477/2026-01-05/1762434134.json"
"510807","146155","2026-01-05","52.00","NZD","1762434134","23477/2026-01-05/1762434134.json"
"581513","221281","2025-11-07","36.00","NZD","1762447516","23477/2025-11-07/1762447516.json"
"581514","221282","2025-11-07","36.00","NZD","1762447516","23477/2025-11-07/1762447516.json"
"512557","146154","2025-11-07","45.00","NZD","1762447516","23477/2025-11-07/1762447516.json"
"365170","146153","2025-11-07","48.00","NZD","1762447516","23477/2025-11-07/1762447516.json"
"510807","146155","2025-11-07","52.00","NZD","1762447516","23477/2025-11-07/1762447516.json"
"581513","221281","2025-11-10","36.00","NZD","1762447516","23477/2025-11-10/1762447516.json"
"581513","221281","2025-11-08","36.00","NZD","1762447516","23477/2025-11-08/1762447516.json"
"581514","221282","2025-11-10","36.00","NZD","1762447516","23477/2025-11-10/1762447516.json"
"581514","221282","2025-11-08","36.00","NZD","1762447516","23477/2025-11-08/1762447516.json"
"512557","146154","2025-11-08","45.00","NZD","1762447516","23477/2025-11-08/1762447516.json"
"512557","146154","2025-11-10","45.00","NZD","1762447516","23477/2025-11-10/1762447516.json"
"365170","146153","2025-11-08","48.00","NZD","1762447516","23477/2025-11-08/1762447516.json"
"510807","146155","2025-11-08","52.00","NZD","1762447516","23477/2025-11-08/1762447516.json"
"365170","146153","2025-11-10","48.00","NZD","1762447516","23477/2025-11-10/1762447516.json"
"510807","146155","2025-11-10","52.00","NZD","1762447516","23477/2025-11-10/1762447516.json"
"581513","221281","2025-11-09","36.00","NZD","1762447516","23477/2025-11-09/1762447516.json"
"581514","221282","2025-11-09","36.00","NZD","1762447516","23477/2025-11-09/1762447516.json"
"512557","146154","2025-11-09","45.00","NZD","1762447516","23477/2025-11-09/1762447516.json"
"365170","146153","2025-11-09","48.00","NZD","1762447516","23477/2025-11-09/1762447516.json"
"510807","146155","2025-11-09","52.00","NZD","1762447516","23477/2025-11-09/1762447516.json"
"581513","221281","2025-11-11","36.00","NZD","1762447516","23477/2025-11-11/1762447516.json"
"581514","221282","2025-11-11","36.00","NZD","1762447516","23477/2025-11-11/1762447516.json"
"512557","146154","2025-11-11","45.00","NZD","1762447516","23477/2025-11-11/1762447516.json"
"365170","146153","2025-11-11","48.00","NZD","1762447516","23477/2025-11-11/1762447516.json"
"510807","146155","2025-11-11","52.00","NZD","1762447516","23477/2025-11-11/1762447516.json"
"581513","221281","2025-11-12","36.00","NZD","1762447516","23477/2025-11-12/1762447516.json"
"581514","221282","2025-11-12","36.00","NZD","1762447516","23477/2025-11-12/1762447516.json"
"512557","146154","2025-11-12","45.00","NZD","1762447516","23477/2025-11-12/1762447516.json"
"365170","146153","2025-11-12","48.00","NZD","1762447516","23477/2025-11-12/1762447516.json"
"510807","146155","2025-11-12","52.00","NZD","1762447516","23477/2025-11-12/1762447516.json"
"581513","221281","2025-11-13","36.00","NZD","1762447516","23477/2025-11-13/1762447516.json"
"581514","221282","2025-11-13","36.00","NZD","1762447516","23477/2025-11-13/1762447516.json"
"512557","146154","2025-11-13","45.00","NZD","1762447516","23477/2025-11-13/1762447516.json"
"365170","146153","2025-11-13","48.00","NZD","1762447516","23477/2025-11-13/1762447516.json"
"510807","146155","2025-11-13","52.00","NZD","1762447516","23477/2025-11-13/1762447516.json"
"581513","221281","2025-11-14","36.00","NZD","1762447516","23477/2025-11-14/1762447516.json"
"581514","221282","2025-11-14","36.00","NZD","1762447516","23477/2025-11-14/1762447516.json"
"512557","146154","2025-11-14","45.00","NZD","1762447516","23477/2025-11-14/1762447516.json"
"365170","146153","2025-11-14","48.00","NZD","1762447516","23477/2025-11-14/1762447516.json"
"510807","146155","2025-11-14","52.00","NZD","1762447516","23477/2025-11-14/1762447516.json"
"581513","221281","2025-11-17","36.00","NZD","1762447516","23477/2025-11-17/1762447516.json"
"581514","221282","2025-11-17","36.00","NZD","1762447516","23477/2025-11-17/1762447516.json"
"512557","146154","2025-11-17","45.00","NZD","1762447516","23477/2025-11-17/1762447516.json"
"365170","146153","2025-11-17","48.00","NZD","1762447516","23477/2025-11-17/1762447516.json"
"510807","146155","2025-11-17","52.00","NZD","1762447516","23477/2025-11-17/1762447516.json"
"581513","221281","2025-11-16","36.00","NZD","1762447516","23477/2025-11-16/1762447516.json"
"581514","221282","2025-11-16","36.00","NZD","1762447516","23477/2025-11-16/1762447516.json"
"512557","146154","2025-11-16","45.00","NZD","1762447516","23477/2025-11-16/1762447516.json"
"365170","146153","2025-11-16","48.00","NZD","1762447516","23477/2025-11-16/1762447516.json"
"510807","146155","2025-11-16","52.00","NZD","1762447516","23477/2025-11-16/1762447516.json"
"581513","221281","2025-11-15","36.00","NZD","1762447516","23477/2025-11-15/1762447516.json"
"581514","221282","2025-11-15","36.00","NZD","1762447516","23477/2025-11-15/1762447516.json"
"512557","146154","2025-11-15","45.00","NZD","1762447516","23477/2025-11-15/1762447516.json"
"365170","146153","2025-11-15","48.00","NZD","1762447516","23477/2025-11-15/1762447516.json"
"510807","146155","2025-11-15","52.00","NZD","1762447516","23477/2025-11-15/1762447516.json"
"581513","221281","2025-11-18","36.00","NZD","1762447516","23477/2025-11-18/1762447516.json"
"581514","221282","2025-11-18","36.00","NZD","1762447516","23477/2025-11-18/1762447516.json"
"512557","146154","2025-11-18","45.00","NZD","1762447516","23477/2025-11-18/1762447516.json"
"365170","146153","2025-11-18","48.00","NZD","1762447516","23477/2025-11-18/1762447516.json"
"510807","146155","2025-11-18","52.00","NZD","1762447516","23477/2025-11-18/1762447516.json"
"581513","221281","2025-11-20","36.00","NZD","1762447516","23477/2025-11-20/1762447516.json"
"581514","221282","2025-11-20","36.00","NZD","1762447516","23477/2025-11-20/1762447516.json"
"512557","146154","2025-11-20","45.00","NZD","1762447516","23477/2025-11-20/1762447516.json"
"581513","221281","2025-11-19","36.00","NZD","1762447516","23477/2025-11-19/1762447516.json"
"581514","221282","2025-11-19","36.00","NZD","1762447516","23477/2025-11-19/1762447516.json"
"512557","146154","2025-11-19","45.00","NZD","1762447516","23477/2025-11-19/1762447516.json"
"365170","146153","2025-11-19","48.00","NZD","1762447516","23477/2025-11-19/1762447516.json"
"510807","146155","2025-11-19","52.00","NZD","1762447516","23477/2025-11-19/1762447516.json"
"581513","221281","2025-11-21","36.00","NZD","1762447516","23477/2025-11-21/1762447516.json"
"581514","221282","2025-11-21","36.00","NZD","1762447516","23477/2025-11-21/1762447516.json"
"512557","146154","2025-11-21","45.00","NZD","1762447516","23477/2025-11-21/1762447516.json"
"365170","146153","2025-11-21","48.00","NZD","1762447516","23477/2025-11-21/1762447516.json"
"510807","146155","2025-11-21","52.00","NZD","1762447516","23477/2025-11-21/1762447516.json"
"581513","221281","2025-11-22","36.00","NZD","1762447516","23477/2025-11-22/1762447516.json"
"581514","221282","2025-11-22","36.00","NZD","1762447516","23477/2025-11-22/1762447516.json"
"512557","146154","2025-11-22","45.00","NZD","1762447516","23477/2025-11-22/1762447516.json"
"365170","146153","2025-11-22","48.00","NZD","1762447516","23477/2025-11-22/1762447516.json"
"510807","146155","2025-11-22","52.00","NZD","1762447516","23477/2025-11-22/1762447516.json"
"581513","221281","2025-11-24","36.00","NZD","1762447516","23477/2025-11-24/1762447516.json"
"581514","221282","2025-11-24","36.00","NZD","1762447516","23477/2025-11-24/1762447516.json"
"512557","146154","2025-11-24","45.00","NZD","1762447516","23477/2025-11-24/1762447516.json"
"365170","146153","2025-11-24","48.00","NZD","1762447516","23477/2025-11-24/1762447516.json"
"510807","146155","2025-11-24","52.00","NZD","1762447516","23477/2025-11-24/1762447516.json"
"581513","221281","2025-11-25","36.00","NZD","1762447516","23477/2025-11-25/1762447516.json"
"581514","221282","2025-11-25","36.00","NZD","1762447516","23477/2025-11-25/1762447516.json"
"512557","146154","2025-11-25","45.00","NZD","1762447516","23477/2025-11-25/1762447516.json"
"365170","146153","2025-11-25","48.00","NZD","1762447516","23477/2025-11-25/1762447516.json"
"510807","146155","2025-11-25","52.00","NZD","1762447516","23477/2025-11-25/1762447516.json"
"581513","221281","2025-11-23","36.00","NZD","1762447516","23477/2025-11-23/1762447516.json"
"581514","221282","2025-11-23","36.00","NZD","1762447516","23477/2025-11-23/1762447516.json"
"512557","146154","2025-11-23","45.00","NZD","1762447516","23477/2025-11-23/1762447516.json"
"365170","146153","2025-11-23","48.00","NZD","1762447516","23477/2025-11-23/1762447516.json"
"510807","146155","2025-11-23","52.00","NZD","1762447516","23477/2025-11-23/1762447516.json"
"581513","221281","2025-11-27","36.00","NZD","1762447516","23477/2025-11-27/1762447516.json"
"581514","221282","2025-11-27","36.00","NZD","1762447516","23477/2025-11-27/1762447516.json"
"512557","146154","2025-11-27","45.00","NZD","1762447516","23477/2025-11-27/1762447516.json"
"365170","146153","2025-11-27","48.00","NZD","1762447516","23477/2025-11-27/1762447516.json"
"510807","146155","2025-11-27","52.00","NZD","1762447516","23477/2025-11-27/1762447516.json"
"581513","221281","2025-11-28","36.00","NZD","1762447516","23477/2025-11-28/1762447516.json"
"581514","221282","2025-11-28","36.00","NZD","1762447516","23477/2025-11-28/1762447516.json"
"512557","146154","2025-11-28","45.00","NZD","1762447516","23477/2025-11-28/1762447516.json"
"365170","146153","2025-11-28","48.00","NZD","1762447516","23477/2025-11-28/1762447516.json"
"510807","146155","2025-11-28","52.00","NZD","1762447516","23477/2025-11-28/1762447516.json"
"581513","221281","2025-11-29","36.00","NZD","1762447516","23477/2025-11-29/1762447516.json"
"581514","221282","2025-11-29","36.00","NZD","1762447516","23477/2025-11-29/1762447516.json"
"512557","146154","2025-11-29","45.00","NZD","1762447516","23477/2025-11-29/1762447516.json"
"365170","146153","2025-11-29","48.00","NZD","1762447516","23477/2025-11-29/1762447516.json"
"510807","146155","2025-11-29","52.00","NZD","1762447516","23477/2025-11-29/1762447516.json"
"581513","221281","2025-11-26","36.00","NZD","1762447516","23477/2025-11-26/1762447516.json"
"581514","221282","2025-11-26","36.00","NZD","1762447516","23477/2025-11-26/1762447516.json"
"512557","146154","2025-11-26","45.00","NZD","1762447516","23477/2025-11-26/1762447516.json"
"365170","146153","2025-11-26","48.00","NZD","1762447516","23477/2025-11-26/1762447516.json"
"510807","146155","2025-11-26","52.00","NZD","1762447516","23477/2025-11-26/1762447516.json"
"581513","221281","2025-11-30","36.00","NZD","1762447516","23477/2025-11-30/1762447516.json"
"581514","221282","2025-11-30","36.00","NZD","1762447516","23477/2025-11-30/1762447516.json"
"512557","146154","2025-11-30","45.00","NZD","1762447516","23477/2025-11-30/1762447516.json"
"365170","146153","2025-11-30","48.00","NZD","1762447516","23477/2025-11-30/1762447516.json"
"510807","146155","2025-11-30","52.00","NZD","1762447516","23477/2025-11-30/1762447516.json"
"581513","221281","2025-12-01","36.00","NZD","1762447516","23477/2025-12-01/1762447516.json"
"581514","221282","2025-12-01","36.00","NZD","1762447516","23477/2025-12-01/1762447516.json"
"512557","146154","2025-12-01","45.00","NZD","1762447516","23477/2025-12-01/1762447516.json"
"365170","146153","2025-12-01","48.00","NZD","1762447516","23477/2025-12-01/1762447516.json"
"510807","146155","2025-12-01","52.00","NZD","1762447516","23477/2025-12-01/1762447516.json"
"581513","221281","2025-12-03","36.00","NZD","1762447516","23477/2025-12-03/1762447516.json"
"581514","221282","2025-12-03","36.00","NZD","1762447516","23477/2025-12-03/1762447516.json"
"512557","146154","2025-12-03","45.00","NZD","1762447516","23477/2025-12-03/1762447516.json"
"365170","146153","2025-12-03","48.00","NZD","1762447516","23477/2025-12-03/1762447516.json"
"510807","146155","2025-12-03","52.00","NZD","1762447516","23477/2025-12-03/1762447516.json"
"581513","221281","2025-12-02","36.00","NZD","1762447516","23477/2025-12-02/1762447516.json"
"581514","221282","2025-12-02","36.00","NZD","1762447516","23477/2025-12-02/1762447516.json"
"512557","146154","2025-12-02","45.00","NZD","1762447516","23477/2025-12-02/1762447516.json"
"365170","146153","2025-12-02","48.00","NZD","1762447516","23477/2025-12-02/1762447516.json"
"510807","146155","2025-12-02","52.00","NZD","1762447516","23477/2025-12-02/1762447516.json"
"581513","221281","2025-12-04","36.00","NZD","1762447516","23477/2025-12-04/1762447516.json"
"581514","221282","2025-12-04","36.00","NZD","1762447516","23477/2025-12-04/1762447516.json"
"512557","146154","2025-12-04","45.00","NZD","1762447516","23477/2025-12-04/1762447516.json"
"365170","146153","2025-12-04","48.00","NZD","1762447516","23477/2025-12-04/1762447516.json"
"510807","146155","2025-12-04","52.00","NZD","1762447516","23477/2025-12-04/1762447516.json"
"581513","221281","2025-12-05","36.00","NZD","1762447516","23477/2025-12-05/1762447516.json"
"581514","221282","2025-12-05","36.00","NZD","1762447516","23477/2025-12-05/1762447516.json"
"512557","146154","2025-12-05","45.00","NZD","1762447516","23477/2025-12-05/1762447516.json"
"365170","146153","2025-12-05","48.00","NZD","1762447516","23477/2025-12-05/1762447516.json"
"510807","146155","2025-12-05","52.00","NZD","1762447516","23477/2025-12-05/1762447516.json"
"581513","221281","2025-12-06","36.00","NZD","1762447516","23477/2025-12-06/1762447516.json"
"581514","221282","2025-12-06","36.00","NZD","1762447516","23477/2025-12-06/1762447516.json"
"512557","146154","2025-12-06","45.00","NZD","1762447516","23477/2025-12-06/1762447516.json"
"365170","146153","2025-12-06","48.00","NZD","1762447516","23477/2025-12-06/1762447516.json"
"510807","146155","2025-12-06","52.00","NZD","1762447516","23477/2025-12-06/1762447516.json"
"581513","221281","2025-12-07","36.00","NZD","1762447516","23477/2025-12-07/1762447516.json"
"581514","221282","2025-12-07","36.00","NZD","1762447516","23477/2025-12-07/1762447516.json"
"512557","146154","2025-12-07","45.00","NZD","1762447516","23477/2025-12-07/1762447516.json"
"365170","146153","2025-12-07","48.00","NZD","1762447516","23477/2025-12-07/1762447516.json"
"510807","146155","2025-12-07","52.00","NZD","1762447516","23477/2025-12-07/1762447516.json"
"581513","221281","2025-12-09","36.00","NZD","1762447516","23477/2025-12-09/1762447516.json"
"581514","221282","2025-12-09","36.00","NZD","1762447516","23477/2025-12-09/1762447516.json"
"512557","146154","2025-12-09","45.00","NZD","1762447516","23477/2025-12-09/1762447516.json"
"365170","146153","2025-12-09","48.00","NZD","1762447516","23477/2025-12-09/1762447516.json"
"510807","146155","2025-12-09","52.00","NZD","1762447516","23477/2025-12-09/1762447516.json"
"581513","221281","2025-12-10","36.00","NZD","1762447516","23477/2025-12-10/1762447516.json"
"581514","221282","2025-12-10","36.00","NZD","1762447516","23477/2025-12-10/1762447516.json"
"512557","146154","2025-12-10","45.00","NZD","1762447516","23477/2025-12-10/1762447516.json"
"365170","146153","2025-12-10","48.00","NZD","1762447516","23477/2025-12-10/1762447516.json"
"510807","146155","2025-12-10","52.00","NZD","1762447516","23477/2025-12-10/1762447516.json"
"581513","221281","2025-12-08","36.00","NZD","1762447516","23477/2025-12-08/1762447516.json"
"581514","221282","2025-12-08","36.00","NZD","1762447516","23477/2025-12-08/1762447516.json"
"512557","146154","2025-12-08","45.00","NZD","1762447516","23477/2025-12-08/1762447516.json"
"365170","146153","2025-12-08","48.00","NZD","1762447516","23477/2025-12-08/1762447516.json"
"510807","146155","2025-12-08","52.00","NZD","1762447516","23477/2025-12-08/1762447516.json"
"581513","221281","2025-12-11","36.00","NZD","1762447516","23477/2025-12-11/1762447516.json"
"581514","221282","2025-12-11","36.00","NZD","1762447516","23477/2025-12-11/1762447516.json"
"512557","146154","2025-12-11","45.00","NZD","1762447516","23477/2025-12-11/1762447516.json"
"365170","146153","2025-12-11","48.00","NZD","1762447516","23477/2025-12-11/1762447516.json"
"510807","146155","2025-12-11","52.00","NZD","1762447516","23477/2025-12-11/1762447516.json"
"581513","221281","2025-12-12","36.00","NZD","1762447516","23477/2025-12-12/1762447516.json"
"581514","221282","2025-12-12","36.00","NZD","1762447516","23477/2025-12-12/1762447516.json"
"512557","146154","2025-12-12","45.00","NZD","1762447516","23477/2025-12-12/1762447516.json"
"365170","146153","2025-12-12","48.00","NZD","1762447516","23477/2025-12-12/1762447516.json"
"510807","146155","2025-12-12","52.00","NZD","1762447516","23477/2025-12-12/1762447516.json"
"581513","221281","2025-12-13","36.00","NZD","1762447516","23477/2025-12-13/1762447516.json"
"581514","221282","2025-12-13","36.00","NZD","1762447516","23477/2025-12-13/1762447516.json"
"512557","146154","2025-12-13","45.00","NZD","1762447516","23477/2025-12-13/1762447516.json"
"365170","146153","2025-12-13","48.00","NZD","1762447516","23477/2025-12-13/1762447516.json"
"510807","146155","2025-12-13","52.00","NZD","1762447516","23477/2025-12-13/1762447516.json"
"581513","221281","2025-12-14","36.00","NZD","1762447516","23477/2025-12-14/1762447516.json"
"581514","221282","2025-12-14","36.00","NZD","1762447516","23477/2025-12-14/1762447516.json"
"512557","146154","2025-12-14","45.00","NZD","1762447516","23477/2025-12-14/1762447516.json"
"365170","146153","2025-12-14","48.00","NZD","1762447516","23477/2025-12-14/1762447516.json"
"510807","146155","2025-12-14","52.00","NZD","1762447516","23477/2025-12-14/1762447516.json"
"581513","221281","2025-12-15","36.00","NZD","1762447516","23477/2025-12-15/1762447516.json"
"581514","221282","2025-12-15","36.00","NZD","1762447516","23477/2025-12-15/1762447516.json"
"512557","146154","2025-12-15","45.00","NZD","1762447516","23477/2025-12-15/1762447516.json"
"365170","146153","2025-12-15","48.00","NZD","1762447516","23477/2025-12-15/1762447516.json"
"510807","146155","2025-12-15","52.00","NZD","1762447516","23477/2025-12-15/1762447516.json"
"581513","221281","2025-12-16","36.00","NZD","1762447516","23477/2025-12-16/1762447516.json"
"581514","221282","2025-12-16","36.00","NZD","1762447516","23477/2025-12-16/1762447516.json"
"512557","146154","2025-12-16","45.00","NZD","1762447516","23477/2025-12-16/1762447516.json"
"365170","146153","2025-12-16","48.00","NZD","1762447516","23477/2025-12-16/1762447516.json"
"510807","146155","2025-12-16","52.00","NZD","1762447516","23477/2025-12-16/1762447516.json"
"581513","221281","2025-12-18","36.00","NZD","1762447516","23477/2025-12-18/1762447516.json"
"581514","221282","2025-12-18","36.00","NZD","1762447516","23477/2025-12-18/1762447516.json"
"512557","146154","2025-12-18","45.00","NZD","1762447516","23477/2025-12-18/1762447516.json"
"365170","146153","2025-12-18","48.00","NZD","1762447516","23477/2025-12-18/1762447516.json"
"510807","146155","2025-12-18","52.00","NZD","1762447516","23477/2025-12-18/1762447516.json"
"581513","221281","2025-12-17","36.00","NZD","1762447516","23477/2025-12-17/1762447516.json"
"581514","221282","2025-12-17","36.00","NZD","1762447516","23477/2025-12-17/1762447516.json"
"512557","146154","2025-12-17","45.00","NZD","1762447516","23477/2025-12-17/1762447516.json"
"365170","146153","2025-12-17","48.00","NZD","1762447516","23477/2025-12-17/1762447516.json"
"510807","146155","2025-12-17","52.00","NZD","1762447516","23477/2025-12-17/1762447516.json"
"581513","221281","2025-12-19","36.00","NZD","1762447516","23477/2025-12-19/1762447516.json"
"581514","221282","2025-12-19","36.00","NZD","1762447516","23477/2025-12-19/1762447516.json"
"512557","146154","2025-12-19","45.00","NZD","1762447516","23477/2025-12-19/1762447516.json"
"365170","146153","2025-12-19","48.00","NZD","1762447516","23477/2025-12-19/1762447516.json"
"510807","146155","2025-12-19","52.00","NZD","1762447516","23477/2025-12-19/1762447516.json"
"581513","221281","2025-12-20","36.00","NZD","1762447516","23477/2025-12-20/1762447516.json"
"581514","221282","2025-12-20","36.00","NZD","1762447516","23477/2025-12-20/1762447516.json"
"512557","146154","2025-12-20","45.00","NZD","1762447516","23477/2025-12-20/1762447516.json"
"365170","146153","2025-12-20","48.00","NZD","1762447516","23477/2025-12-20/1762447516.json"
"510807","146155","2025-12-20","52.00","NZD","1762447516","23477/2025-12-20/1762447516.json"
"581513","221281","2025-12-23","38.00","NZD","1762447516","23477/2025-12-23/1762447516.json"
"581514","221282","2025-12-23","38.00","NZD","1762447516","23477/2025-12-23/1762447516.json"
"512557","146154","2025-12-23","45.00","NZD","1762447516","23477/2025-12-23/1762447516.json"
"365170","146153","2025-12-23","48.00","NZD","1762447516","23477/2025-12-23/1762447516.json"
"510807","146155","2025-12-23","52.00","NZD","1762447516","23477/2025-12-23/1762447516.json"
"581513","221281","2025-12-21","36.00","NZD","1762447516","23477/2025-12-21/1762447516.json"
"581514","221282","2025-12-21","36.00","NZD","1762447516","23477/2025-12-21/1762447516.json"
"512557","146154","2025-12-21","45.00","NZD","1762447516","23477/2025-12-21/1762447516.json"
"365170","146153","2025-12-21","48.00","NZD","1762447516","23477/2025-12-21/1762447516.json"
"510807","146155","2025-12-21","52.00","NZD","1762447516","23477/2025-12-21/1762447516.json"
"581513","221281","2025-12-22","36.00","NZD","1762447516","23477/2025-12-22/1762447516.json"
"581514","221282","2025-12-22","36.00","NZD","1762447516","23477/2025-12-22/1762447516.json"
"512557","146154","2025-12-22","45.00","NZD","1762447516","23477/2025-12-22/1762447516.json"
"365170","146153","2025-12-22","48.00","NZD","1762447516","23477/2025-12-22/1762447516.json"
"510807","146155","2025-12-22","52.00","NZD","1762447516","23477/2025-12-22/1762447516.json"
"581513","221281","2025-12-24","38.00","NZD","1762447516","23477/2025-12-24/1762447516.json"
"581514","221282","2025-12-24","38.00","NZD","1762447516","23477/2025-12-24/1762447516.json"
"512557","146154","2025-12-24","45.00","NZD","1762447516","23477/2025-12-24/1762447516.json"
"365170","146153","2025-12-24","48.00","NZD","1762447516","23477/2025-12-24/1762447516.json"
"510807","146155","2025-12-24","52.00","NZD","1762447516","23477/2025-12-24/1762447516.json"
"581513","221281","2025-12-25","38.00","NZD","1762447516","23477/2025-12-25/1762447516.json"
"581514","221282","2025-12-25","38.00","NZD","1762447516","23477/2025-12-25/1762447516.json"
"512557","146154","2025-12-25","45.00","NZD","1762447516","23477/2025-12-25/1762447516.json"
"365170","146153","2025-12-25","48.00","NZD","1762447516","23477/2025-12-25/1762447516.json"
"510807","146155","2025-12-25","52.00","NZD","1762447516","23477/2025-12-25/1762447516.json"
"581513","221281","2025-12-27","42.00","NZD","1762447516","23477/2025-12-27/1762447516.json"
"581514","221282","2025-12-27","42.00","NZD","1762447516","23477/2025-12-27/1762447516.json"
"512557","146154","2025-12-27","45.00","NZD","1762447516","23477/2025-12-27/1762447516.json"
"365170","146153","2025-12-27","48.00","NZD","1762447516","23477/2025-12-27/1762447516.json"
"510807","146155","2025-12-27","52.00","NZD","1762447516","23477/2025-12-27/1762447516.json"
"581513","221281","2025-12-26","42.00","NZD","1762447516","23477/2025-12-26/1762447516.json"
"581514","221282","2025-12-26","42.00","NZD","1762447516","23477/2025-12-26/1762447516.json"
"512557","146154","2025-12-26","45.00","NZD","1762447516","23477/2025-12-26/1762447516.json"
"365170","146153","2025-12-26","48.00","NZD","1762447516","23477/2025-12-26/1762447516.json"
"510807","146155","2025-12-26","52.00","NZD","1762447516","23477/2025-12-26/1762447516.json"
"581513","221281","2025-12-28","42.00","NZD","1762447516","23477/2025-12-28/1762447516.json"
"581514","221282","2025-12-28","42.00","NZD","1762447516","23477/2025-12-28/1762447516.json"
"512557","146154","2025-12-28","45.00","NZD","1762447516","23477/2025-12-28/1762447516.json"
"365170","146153","2025-12-28","48.00","NZD","1762447516","23477/2025-12-28/1762447516.json"
"510807","146155","2025-12-28","52.00","NZD","1762447516","23477/2025-12-28/1762447516.json"
"581513","221281","2025-12-29","42.00","NZD","1762447516","23477/2025-12-29/1762447516.json"
"581514","221282","2025-12-29","42.00","NZD","1762447516","23477/2025-12-29/1762447516.json"
"512557","146154","2025-12-29","45.00","NZD","1762447516","23477/2025-12-29/1762447516.json"
"365170","146153","2025-12-29","48.00","NZD","1762447516","23477/2025-12-29/1762447516.json"
"510807","146155","2025-12-29","52.00","NZD","1762447516","23477/2025-12-29/1762447516.json"
"581513","221281","2025-12-30","42.00","NZD","1762447516","23477/2025-12-30/1762447516.json"
"581514","221282","2025-12-30","42.00","NZD","1762447516","23477/2025-12-30/1762447516.json"
"512557","146154","2025-12-30","45.00","NZD","1762447516","23477/2025-12-30/1762447516.json"
"365170","146153","2025-12-30","48.00","NZD","1762447516","23477/2025-12-30/1762447516.json"
"510807","146155","2025-12-30","52.00","NZD","1762447516","23477/2025-12-30/1762447516.json"
"581513","221281","2025-12-31","42.00","NZD","1762447516","23477/2025-12-31/1762447516.json"
"581514","221282","2025-12-31","42.00","NZD","1762447516","23477/2025-12-31/1762447516.json"
"512557","146154","2025-12-31","45.00","NZD","1762447516","23477/2025-12-31/1762447516.json"
"365170","146153","2025-12-31","48.00","NZD","1762447516","23477/2025-12-31/1762447516.json"
"510807","146155","2025-12-31","52.00","NZD","1762447516","23477/2025-12-31/1762447516.json"
"581513","221281","2026-01-01","42.00","NZD","1762447516","23477/2026-01-01/1762447516.json"
"581514","221282","2026-01-01","42.00","NZD","1762447516","23477/2026-01-01/1762447516.json"
"512557","146154","2026-01-01","45.00","NZD","1762447516","23477/2026-01-01/1762447516.json"
"365170","146153","2026-01-01","48.00","NZD","1762447516","23477/2026-01-01/1762447516.json"
"510807","146155","2026-01-01","52.00","NZD","1762447516","23477/2026-01-01/1762447516.json"
"581513","221281","2026-01-03","42.00","NZD","1762447516","23477/2026-01-03/1762447516.json"
"581514","221282","2026-01-03","42.00","NZD","1762447516","23477/2026-01-03/1762447516.json"
"512557","146154","2026-01-03","45.00","NZD","1762447516","23477/2026-01-03/1762447516.json"
"365170","146153","2026-01-03","48.00","NZD","1762447516","23477/2026-01-03/1762447516.json"
"510807","146155","2026-01-03","52.00","NZD","1762447516","23477/2026-01-03/1762447516.json"
"581513","221281","2026-01-02","42.00","NZD","1762447516","23477/2026-01-02/1762447516.json"
"581514","221282","2026-01-02","42.00","NZD","1762447516","23477/2026-01-02/1762447516.json"
"512557","146154","2026-01-02","45.00","NZD","1762447516","23477/2026-01-02/1762447516.json"
"365170","146153","2026-01-02","48.00","NZD","1762447516","23477/2026-01-02/1762447516.json"
"510807","146155","2026-01-02","52.00","NZD","1762447516","23477/2026-01-02/1762447516.json"
"581513","221281","2026-01-05","36.00","NZD","1762447516","23477/2026-01-05/1762447516.json"
"581514","221282","2026-01-05","36.00","NZD","1762447516","23477/2026-01-05/1762447516.json"
"512557","146154","2026-01-05","45.00","NZD","1762447516","23477/2026-01-05/1762447516.json"
"365170","146153","2026-01-05","48.00","NZD","1762447516","23477/2026-01-05/1762447516.json"
"510807","146155","2026-01-05","52.00","NZD","1762447516","23477/2026-01-05/1762447516.json"
"581513","221281","2026-01-04","42.00","NZD","1762447516","23477/2026-01-04/1762447516.json"
"581514","221282","2026-01-04","42.00","NZD","1762447516","23477/2026-01-04/1762447516.json"
"512557","146154","2026-01-04","45.00","NZD","1762447516","23477/2026-01-04/1762447516.json"
"365170","146153","2026-01-04","48.00","NZD","1762447516","23477/2026-01-04/1762447516.json"
"510807","146155","2026-01-04","52.00","NZD","1762447516","23477/2026-01-04/1762447516.json"
"581513","221281","2025-11-09","36.00","NZD","1762461703","23477/2025-11-09/1762461703.json"
"581514","221282","2025-11-09","36.00","NZD","1762461703","23477/2025-11-09/1762461703.json"
"512557","146154","2025-11-09","45.00","NZD","1762461703","23477/2025-11-09/1762461703.json"
"365170","146153","2025-11-09","48.00","NZD","1762461703","23477/2025-11-09/1762461703.json"
"510807","146155","2025-11-09","52.00","NZD","1762461703","23477/2025-11-09/1762461703.json"
"581513","221281","2025-11-07","36.00","NZD","1762461703","23477/2025-11-07/1762461703.json"
"581514","221282","2025-11-07","36.00","NZD","1762461703","23477/2025-11-07/1762461703.json"
"512557","146154","2025-11-07","45.00","NZD","1762461703","23477/2025-11-07/1762461703.json"
"365170","146153","2025-11-07","48.00","NZD","1762461703","23477/2025-11-07/1762461703.json"
"510807","146155","2025-11-07","52.00","NZD","1762461703","23477/2025-11-07/1762461703.json"
"581513","221281","2025-11-10","36.00","NZD","1762461703","23477/2025-11-10/1762461703.json"
"581514","221282","2025-11-10","36.00","NZD","1762461703","23477/2025-11-10/1762461703.json"
"512557","146154","2025-11-10","45.00","NZD","1762461703","23477/2025-11-10/1762461703.json"
"365170","146153","2025-11-10","48.00","NZD","1762461703","23477/2025-11-10/1762461703.json"
"510807","146155","2025-11-10","52.00","NZD","1762461703","23477/2025-11-10/1762461703.json"
"581513","221281","2025-11-08","36.00","NZD","1762461703","23477/2025-11-08/1762461703.json"
"581514","221282","2025-11-08","36.00","NZD","1762461703","23477/2025-11-08/1762461703.json"
"512557","146154","2025-11-08","45.00","NZD","1762461703","23477/2025-11-08/1762461703.json"
"365170","146153","2025-11-08","48.00","NZD","1762461703","23477/2025-11-08/1762461703.json"
"510807","146155","2025-11-08","52.00","NZD","1762461703","23477/2025-11-08/1762461703.json"
"581513","221281","2025-11-13","36.00","NZD","1762461703","23477/2025-11-13/1762461703.json"
"581514","221282","2025-11-13","36.00","NZD","1762461703","23477/2025-11-13/1762461703.json"
"512557","146154","2025-11-13","45.00","NZD","1762461703","23477/2025-11-13/1762461703.json"
"365170","146153","2025-11-13","48.00","NZD","1762461703","23477/2025-11-13/1762461703.json"
"510807","146155","2025-11-13","52.00","NZD","1762461703","23477/2025-11-13/1762461703.json"
"581513","221281","2025-11-12","36.00","NZD","1762461703","23477/2025-11-12/1762461703.json"
"581514","221282","2025-11-12","36.00","NZD","1762461703","23477/2025-11-12/1762461703.json"
"512557","146154","2025-11-12","45.00","NZD","1762461703","23477/2025-11-12/1762461703.json"
"365170","146153","2025-11-12","48.00","NZD","1762461703","23477/2025-11-12/1762461703.json"
"510807","146155","2025-11-12","52.00","NZD","1762461703","23477/2025-11-12/1762461703.json"
"581513","221281","2025-11-11","36.00","NZD","1762461703","23477/2025-11-11/1762461703.json"
"581514","221282","2025-11-11","36.00","NZD","1762461703","23477/2025-11-11/1762461703.json"
"512557","146154","2025-11-11","45.00","NZD","1762461703","23477/2025-11-11/1762461703.json"
"365170","146153","2025-11-11","48.00","NZD","1762461703","23477/2025-11-11/1762461703.json"
"510807","146155","2025-11-11","52.00","NZD","1762461703","23477/2025-11-11/1762461703.json"
"581513","221281","2025-11-14","36.00","NZD","1762461703","23477/2025-11-14/1762461703.json"
"581514","221282","2025-11-14","36.00","NZD","1762461703","23477/2025-11-14/1762461703.json"
"512557","146154","2025-11-14","45.00","NZD","1762461703","23477/2025-11-14/1762461703.json"
"365170","146153","2025-11-14","48.00","NZD","1762461703","23477/2025-11-14/1762461703.json"
"510807","146155","2025-11-14","52.00","NZD","1762461703","23477/2025-11-14/1762461703.json"
"581513","221281","2025-11-15","36.00","NZD","1762461703","23477/2025-11-15/1762461703.json"
"581514","221282","2025-11-15","36.00","NZD","1762461703","23477/2025-11-15/1762461703.json"
"512557","146154","2025-11-15","45.00","NZD","1762461703","23477/2025-11-15/1762461703.json"
"365170","146153","2025-11-15","48.00","NZD","1762461703","23477/2025-11-15/1762461703.json"
"510807","146155","2025-11-15","52.00","NZD","1762461703","23477/2025-11-15/1762461703.json"
"581513","221281","2025-11-16","36.00","NZD","1762461703","23477/2025-11-16/1762461703.json"
"581514","221282","2025-11-16","36.00","NZD","1762461703","23477/2025-11-16/1762461703.json"
"512557","146154","2025-11-16","45.00","NZD","1762461703","23477/2025-11-16/1762461703.json"
"365170","146153","2025-11-16","48.00","NZD","1762461703","23477/2025-11-16/1762461703.json"
"510807","146155","2025-11-16","52.00","NZD","1762461703","23477/2025-11-16/1762461703.json"
"581513","221281","2025-11-17","36.00","NZD","1762461703","23477/2025-11-17/1762461703.json"
"581514","221282","2025-11-17","36.00","NZD","1762461703","23477/2025-11-17/1762461703.json"
"512557","146154","2025-11-17","45.00","NZD","1762461703","23477/2025-11-17/1762461703.json"
"365170","146153","2025-11-17","48.00","NZD","1762461703","23477/2025-11-17/1762461703.json"
"510807","146155","2025-11-17","52.00","NZD","1762461703","23477/2025-11-17/1762461703.json"
"581513","221281","2025-11-18","36.00","NZD","1762461703","23477/2025-11-18/1762461703.json"
"581514","221282","2025-11-18","36.00","NZD","1762461703","23477/2025-11-18/1762461703.json"
"512557","146154","2025-11-18","45.00","NZD","1762461703","23477/2025-11-18/1762461703.json"
"365170","146153","2025-11-18","48.00","NZD","1762461703","23477/2025-11-18/1762461703.json"
"510807","146155","2025-11-18","52.00","NZD","1762461703","23477/2025-11-18/1762461703.json"
"581513","221281","2025-11-19","36.00","NZD","1762461703","23477/2025-11-19/1762461703.json"
"581514","221282","2025-11-19","36.00","NZD","1762461703","23477/2025-11-19/1762461703.json"
"512557","146154","2025-11-19","45.00","NZD","1762461703","23477/2025-11-19/1762461703.json"
"365170","146153","2025-11-19","48.00","NZD","1762461703","23477/2025-11-19/1762461703.json"
"510807","146155","2025-11-19","52.00","NZD","1762461703","23477/2025-11-19/1762461703.json"
"581513","221281","2025-11-20","36.00","NZD","1762461703","23477/2025-11-20/1762461703.json"
"581514","221282","2025-11-20","36.00","NZD","1762461703","23477/2025-11-20/1762461703.json"
"512557","146154","2025-11-20","45.00","NZD","1762461703","23477/2025-11-20/1762461703.json"
"581513","221281","2025-11-21","36.00","NZD","1762461703","23477/2025-11-21/1762461703.json"
"581514","221282","2025-11-21","36.00","NZD","1762461703","23477/2025-11-21/1762461703.json"
"512557","146154","2025-11-21","45.00","NZD","1762461703","23477/2025-11-21/1762461703.json"
"365170","146153","2025-11-21","48.00","NZD","1762461703","23477/2025-11-21/1762461703.json"
"510807","146155","2025-11-21","52.00","NZD","1762461703","23477/2025-11-21/1762461703.json"
"581513","221281","2025-11-24","36.00","NZD","1762461703","23477/2025-11-24/1762461703.json"
"581514","221282","2025-11-24","36.00","NZD","1762461703","23477/2025-11-24/1762461703.json"
"512557","146154","2025-11-24","45.00","NZD","1762461703","23477/2025-11-24/1762461703.json"
"365170","146153","2025-11-24","48.00","NZD","1762461703","23477/2025-11-24/1762461703.json"
"510807","146155","2025-11-24","52.00","NZD","1762461703","23477/2025-11-24/1762461703.json"
"581513","221281","2025-11-23","36.00","NZD","1762461703","23477/2025-11-23/1762461703.json"
"581514","221282","2025-11-23","36.00","NZD","1762461703","23477/2025-11-23/1762461703.json"
"512557","146154","2025-11-23","45.00","NZD","1762461703","23477/2025-11-23/1762461703.json"
"365170","146153","2025-11-23","48.00","NZD","1762461703","23477/2025-11-23/1762461703.json"
"510807","146155","2025-11-23","52.00","NZD","1762461703","23477/2025-11-23/1762461703.json"
"581513","221281","2025-11-25","36.00","NZD","1762461703","23477/2025-11-25/1762461703.json"
"581514","221282","2025-11-25","36.00","NZD","1762461703","23477/2025-11-25/1762461703.json"
"512557","146154","2025-11-25","45.00","NZD","1762461703","23477/2025-11-25/1762461703.json"
"365170","146153","2025-11-25","48.00","NZD","1762461703","23477/2025-11-25/1762461703.json"
"510807","146155","2025-11-25","52.00","NZD","1762461703","23477/2025-11-25/1762461703.json"
"581513","221281","2025-11-26","36.00","NZD","1762461703","23477/2025-11-26/1762461703.json"
"581514","221282","2025-11-26","36.00","NZD","1762461703","23477/2025-11-26/1762461703.json"
"512557","146154","2025-11-26","45.00","NZD","1762461703","23477/2025-11-26/1762461703.json"
"365170","146153","2025-11-26","48.00","NZD","1762461703","23477/2025-11-26/1762461703.json"
"510807","146155","2025-11-26","52.00","NZD","1762461703","23477/2025-11-26/1762461703.json"
"581513","221281","2025-11-27","36.00","NZD","1762461703","23477/2025-11-27/1762461703.json"
"581514","221282","2025-11-27","36.00","NZD","1762461703","23477/2025-11-27/1762461703.json"
"512557","146154","2025-11-27","45.00","NZD","1762461703","23477/2025-11-27/1762461703.json"
"365170","146153","2025-11-27","48.00","NZD","1762461703","23477/2025-11-27/1762461703.json"
"510807","146155","2025-11-27","52.00","NZD","1762461703","23477/2025-11-27/1762461703.json"
"581513","221281","2025-11-28","36.00","NZD","1762461703","23477/2025-11-28/1762461703.json"
"581514","221282","2025-11-28","36.00","NZD","1762461703","23477/2025-11-28/1762461703.json"
"512557","146154","2025-11-28","45.00","NZD","1762461703","23477/2025-11-28/1762461703.json"
"365170","146153","2025-11-28","48.00","NZD","1762461703","23477/2025-11-28/1762461703.json"
"510807","146155","2025-11-28","52.00","NZD","1762461703","23477/2025-11-28/1762461703.json"
"581513","221281","2025-11-22","36.00","NZD","1762461703","23477/2025-11-22/1762461703.json"
"581514","221282","2025-11-22","36.00","NZD","1762461703","23477/2025-11-22/1762461703.json"
"512557","146154","2025-11-22","45.00","NZD","1762461703","23477/2025-11-22/1762461703.json"
"365170","146153","2025-11-22","48.00","NZD","1762461703","23477/2025-11-22/1762461703.json"
"510807","146155","2025-11-22","52.00","NZD","1762461703","23477/2025-11-22/1762461703.json"
"581513","221281","2025-11-29","36.00","NZD","1762461703","23477/2025-11-29/1762461703.json"
"581514","221282","2025-11-29","36.00","NZD","1762461703","23477/2025-11-29/1762461703.json"
"512557","146154","2025-11-29","45.00","NZD","1762461703","23477/2025-11-29/1762461703.json"
"365170","146153","2025-11-29","48.00","NZD","1762461703","23477/2025-11-29/1762461703.json"
"510807","146155","2025-11-29","52.00","NZD","1762461703","23477/2025-11-29/1762461703.json"
"581513","221281","2025-11-30","36.00","NZD","1762461703","23477/2025-11-30/1762461703.json"
"581514","221282","2025-11-30","36.00","NZD","1762461703","23477/2025-11-30/1762461703.json"
"512557","146154","2025-11-30","45.00","NZD","1762461703","23477/2025-11-30/1762461703.json"
"365170","146153","2025-11-30","48.00","NZD","1762461703","23477/2025-11-30/1762461703.json"
"510807","146155","2025-11-30","52.00","NZD","1762461703","23477/2025-11-30/1762461703.json"
"581513","221281","2025-12-01","36.00","NZD","1762461703","23477/2025-12-01/1762461703.json"
"581514","221282","2025-12-01","36.00","NZD","1762461703","23477/2025-12-01/1762461703.json"
"512557","146154","2025-12-01","45.00","NZD","1762461703","23477/2025-12-01/1762461703.json"
"365170","146153","2025-12-01","48.00","NZD","1762461703","23477/2025-12-01/1762461703.json"
"510807","146155","2025-12-01","52.00","NZD","1762461703","23477/2025-12-01/1762461703.json"
"581513","221281","2025-12-02","36.00","NZD","1762461703","23477/2025-12-02/1762461703.json"
"581514","221282","2025-12-02","36.00","NZD","1762461703","23477/2025-12-02/1762461703.json"
"512557","146154","2025-12-02","45.00","NZD","1762461703","23477/2025-12-02/1762461703.json"
"365170","146153","2025-12-02","48.00","NZD","1762461703","23477/2025-12-02/1762461703.json"
"510807","146155","2025-12-02","52.00","NZD","1762461703","23477/2025-12-02/1762461703.json"
"581513","221281","2025-12-03","36.00","NZD","1762461703","23477/2025-12-03/1762461703.json"
"581514","221282","2025-12-03","36.00","NZD","1762461703","23477/2025-12-03/1762461703.json"
"512557","146154","2025-12-03","45.00","NZD","1762461703","23477/2025-12-03/1762461703.json"
"365170","146153","2025-12-03","48.00","NZD","1762461703","23477/2025-12-03/1762461703.json"
"510807","146155","2025-12-03","52.00","NZD","1762461703","23477/2025-12-03/1762461703.json"
"581513","221281","2025-12-04","36.00","NZD","1762461703","23477/2025-12-04/1762461703.json"
"581514","221282","2025-12-04","36.00","NZD","1762461703","23477/2025-12-04/1762461703.json"
"512557","146154","2025-12-04","45.00","NZD","1762461703","23477/2025-12-04/1762461703.json"
"365170","146153","2025-12-04","48.00","NZD","1762461703","23477/2025-12-04/1762461703.json"
"510807","146155","2025-12-04","52.00","NZD","1762461703","23477/2025-12-04/1762461703.json"
"581513","221281","2025-12-05","36.00","NZD","1762461703","23477/2025-12-05/1762461703.json"
"581514","221282","2025-12-05","36.00","NZD","1762461703","23477/2025-12-05/1762461703.json"
"512557","146154","2025-12-05","45.00","NZD","1762461703","23477/2025-12-05/1762461703.json"
"365170","146153","2025-12-05","48.00","NZD","1762461703","23477/2025-12-05/1762461703.json"
"510807","146155","2025-12-05","52.00","NZD","1762461703","23477/2025-12-05/1762461703.json"
"581513","221281","2025-12-07","36.00","NZD","1762461703","23477/2025-12-07/1762461703.json"
"581514","221282","2025-12-07","36.00","NZD","1762461703","23477/2025-12-07/1762461703.json"
"512557","146154","2025-12-07","45.00","NZD","1762461703","23477/2025-12-07/1762461703.json"
"365170","146153","2025-12-07","48.00","NZD","1762461703","23477/2025-12-07/1762461703.json"
"510807","146155","2025-12-07","52.00","NZD","1762461703","23477/2025-12-07/1762461703.json"
"581513","221281","2025-12-06","36.00","NZD","1762461703","23477/2025-12-06/1762461703.json"
"581514","221282","2025-12-06","36.00","NZD","1762461703","23477/2025-12-06/1762461703.json"
"512557","146154","2025-12-06","45.00","NZD","1762461703","23477/2025-12-06/1762461703.json"
"365170","146153","2025-12-06","48.00","NZD","1762461703","23477/2025-12-06/1762461703.json"
"510807","146155","2025-12-06","52.00","NZD","1762461703","23477/2025-12-06/1762461703.json"
"581513","221281","2025-12-08","36.00","NZD","1762461703","23477/2025-12-08/1762461703.json"
"581514","221282","2025-12-08","36.00","NZD","1762461703","23477/2025-12-08/1762461703.json"
"512557","146154","2025-12-08","45.00","NZD","1762461703","23477/2025-12-08/1762461703.json"
"365170","146153","2025-12-08","48.00","NZD","1762461703","23477/2025-12-08/1762461703.json"
"510807","146155","2025-12-08","52.00","NZD","1762461703","23477/2025-12-08/1762461703.json"
"581513","221281","2025-12-09","36.00","NZD","1762461703","23477/2025-12-09/1762461703.json"
"581514","221282","2025-12-09","36.00","NZD","1762461703","23477/2025-12-09/1762461703.json"
"512557","146154","2025-12-09","45.00","NZD","1762461703","23477/2025-12-09/1762461703.json"
"365170","146153","2025-12-09","48.00","NZD","1762461703","23477/2025-12-09/1762461703.json"
"510807","146155","2025-12-09","52.00","NZD","1762461703","23477/2025-12-09/1762461703.json"
"581513","221281","2025-12-10","36.00","NZD","1762461703","23477/2025-12-10/1762461703.json"
"581514","221282","2025-12-10","36.00","NZD","1762461703","23477/2025-12-10/1762461703.json"
"512557","146154","2025-12-10","45.00","NZD","1762461703","23477/2025-12-10/1762461703.json"
"365170","146153","2025-12-10","48.00","NZD","1762461703","23477/2025-12-10/1762461703.json"
"510807","146155","2025-12-10","52.00","NZD","1762461703","23477/2025-12-10/1762461703.json"
"581513","221281","2025-12-11","36.00","NZD","1762461703","23477/2025-12-11/1762461703.json"
"581514","221282","2025-12-11","36.00","NZD","1762461703","23477/2025-12-11/1762461703.json"
"512557","146154","2025-12-11","45.00","NZD","1762461703","23477/2025-12-11/1762461703.json"
"365170","146153","2025-12-11","48.00","NZD","1762461703","23477/2025-12-11/1762461703.json"
"510807","146155","2025-12-11","52.00","NZD","1762461703","23477/2025-12-11/1762461703.json"
"581513","221281","2025-12-12","36.00","NZD","1762461703","23477/2025-12-12/1762461703.json"
"581514","221282","2025-12-12","36.00","NZD","1762461703","23477/2025-12-12/1762461703.json"
"512557","146154","2025-12-12","45.00","NZD","1762461703","23477/2025-12-12/1762461703.json"
"365170","146153","2025-12-12","48.00","NZD","1762461703","23477/2025-12-12/1762461703.json"
"510807","146155","2025-12-12","52.00","NZD","1762461703","23477/2025-12-12/1762461703.json"
"581513","221281","2025-12-13","36.00","NZD","1762461703","23477/2025-12-13/1762461703.json"
"581514","221282","2025-12-13","36.00","NZD","1762461703","23477/2025-12-13/1762461703.json"
"512557","146154","2025-12-13","45.00","NZD","1762461703","23477/2025-12-13/1762461703.json"
"365170","146153","2025-12-13","48.00","NZD","1762461703","23477/2025-12-13/1762461703.json"
"510807","146155","2025-12-13","52.00","NZD","1762461703","23477/2025-12-13/1762461703.json"
"581513","221281","2025-12-14","36.00","NZD","1762461703","23477/2025-12-14/1762461703.json"
"581514","221282","2025-12-14","36.00","NZD","1762461703","23477/2025-12-14/1762461703.json"
"512557","146154","2025-12-14","45.00","NZD","1762461703","23477/2025-12-14/1762461703.json"
"365170","146153","2025-12-14","48.00","NZD","1762461703","23477/2025-12-14/1762461703.json"
"510807","146155","2025-12-14","52.00","NZD","1762461703","23477/2025-12-14/1762461703.json"
"581513","221281","2025-12-15","36.00","NZD","1762461703","23477/2025-12-15/1762461703.json"
"581514","221282","2025-12-15","36.00","NZD","1762461703","23477/2025-12-15/1762461703.json"
"512557","146154","2025-12-15","45.00","NZD","1762461703","23477/2025-12-15/1762461703.json"
"365170","146153","2025-12-15","48.00","NZD","1762461703","23477/2025-12-15/1762461703.json"
"510807","146155","2025-12-15","52.00","NZD","1762461703","23477/2025-12-15/1762461703.json"
"581513","221281","2025-12-16","36.00","NZD","1762461703","23477/2025-12-16/1762461703.json"
"581514","221282","2025-12-16","36.00","NZD","1762461703","23477/2025-12-16/1762461703.json"
"512557","146154","2025-12-16","45.00","NZD","1762461703","23477/2025-12-16/1762461703.json"
"365170","146153","2025-12-16","48.00","NZD","1762461703","23477/2025-12-16/1762461703.json"
"510807","146155","2025-12-16","52.00","NZD","1762461703","23477/2025-12-16/1762461703.json"
"581513","221281","2025-12-17","36.00","NZD","1762461703","23477/2025-12-17/1762461703.json"
"581514","221282","2025-12-17","36.00","NZD","1762461703","23477/2025-12-17/1762461703.json"
"512557","146154","2025-12-17","45.00","NZD","1762461703","23477/2025-12-17/1762461703.json"
"365170","146153","2025-12-17","48.00","NZD","1762461703","23477/2025-12-17/1762461703.json"
"510807","146155","2025-12-17","52.00","NZD","1762461703","23477/2025-12-17/1762461703.json"
"581513","221281","2025-12-19","36.00","NZD","1762461703","23477/2025-12-19/1762461703.json"
"581514","221282","2025-12-19","36.00","NZD","1762461703","23477/2025-12-19/1762461703.json"
"512557","146154","2025-12-19","45.00","NZD","1762461703","23477/2025-12-19/1762461703.json"
"365170","146153","2025-12-19","48.00","NZD","1762461703","23477/2025-12-19/1762461703.json"
"510807","146155","2025-12-19","52.00","NZD","1762461703","23477/2025-12-19/1762461703.json"
"581513","221281","2025-12-18","36.00","NZD","1762461703","23477/2025-12-18/1762461703.json"
"581514","221282","2025-12-18","36.00","NZD","1762461703","23477/2025-12-18/1762461703.json"
"512557","146154","2025-12-18","45.00","NZD","1762461703","23477/2025-12-18/1762461703.json"
"365170","146153","2025-12-18","48.00","NZD","1762461703","23477/2025-12-18/1762461703.json"
"510807","146155","2025-12-18","52.00","NZD","1762461703","23477/2025-12-18/1762461703.json"
"581513","221281","2025-12-20","36.00","NZD","1762461703","23477/2025-12-20/1762461703.json"
"581514","221282","2025-12-20","36.00","NZD","1762461703","23477/2025-12-20/1762461703.json"
"512557","146154","2025-12-20","45.00","NZD","1762461703","23477/2025-12-20/1762461703.json"
"365170","146153","2025-12-20","48.00","NZD","1762461703","23477/2025-12-20/1762461703.json"
"510807","146155","2025-12-20","52.00","NZD","1762461703","23477/2025-12-20/1762461703.json"
"581513","221281","2025-12-22","36.00","NZD","1762461703","23477/2025-12-22/1762461703.json"
"581514","221282","2025-12-22","36.00","NZD","1762461703","23477/2025-12-22/1762461703.json"
"512557","146154","2025-12-22","45.00","NZD","1762461703","23477/2025-12-22/1762461703.json"
"365170","146153","2025-12-22","48.00","NZD","1762461703","23477/2025-12-22/1762461703.json"
"510807","146155","2025-12-22","52.00","NZD","1762461703","23477/2025-12-22/1762461703.json"
"581513","221281","2025-12-21","36.00","NZD","1762461703","23477/2025-12-21/1762461703.json"
"581514","221282","2025-12-21","36.00","NZD","1762461703","23477/2025-12-21/1762461703.json"
"512557","146154","2025-12-21","45.00","NZD","1762461703","23477/2025-12-21/1762461703.json"
"365170","146153","2025-12-21","48.00","NZD","1762461703","23477/2025-12-21/1762461703.json"
"510807","146155","2025-12-21","52.00","NZD","1762461703","23477/2025-12-21/1762461703.json"
"581513","221281","2025-12-23","38.00","NZD","1762461703","23477/2025-12-23/1762461703.json"
"581514","221282","2025-12-23","38.00","NZD","1762461703","23477/2025-12-23/1762461703.json"
"512557","146154","2025-12-23","45.00","NZD","1762461703","23477/2025-12-23/1762461703.json"
"365170","146153","2025-12-23","48.00","NZD","1762461703","23477/2025-12-23/1762461703.json"
"510807","146155","2025-12-23","52.00","NZD","1762461703","23477/2025-12-23/1762461703.json"
"581513","221281","2025-12-24","38.00","NZD","1762461703","23477/2025-12-24/1762461703.json"
"581514","221282","2025-12-24","38.00","NZD","1762461703","23477/2025-12-24/1762461703.json"
"512557","146154","2025-12-24","45.00","NZD","1762461703","23477/2025-12-24/1762461703.json"
"365170","146153","2025-12-24","48.00","NZD","1762461703","23477/2025-12-24/1762461703.json"
"510807","146155","2025-12-24","52.00","NZD","1762461703","23477/2025-12-24/1762461703.json"
"581513","221281","2025-12-25","38.00","NZD","1762461703","23477/2025-12-25/1762461703.json"
"581514","221282","2025-12-25","38.00","NZD","1762461703","23477/2025-12-25/1762461703.json"
"512557","146154","2025-12-25","45.00","NZD","1762461703","23477/2025-12-25/1762461703.json"
"365170","146153","2025-12-25","48.00","NZD","1762461703","23477/2025-12-25/1762461703.json"
"510807","146155","2025-12-25","52.00","NZD","1762461703","23477/2025-12-25/1762461703.json"
"581513","221281","2025-12-26","42.00","NZD","1762461703","23477/2025-12-26/1762461703.json"
"581514","221282","2025-12-26","42.00","NZD","1762461703","23477/2025-12-26/1762461703.json"
"512557","146154","2025-12-26","45.00","NZD","1762461703","23477/2025-12-26/1762461703.json"
"365170","146153","2025-12-26","48.00","NZD","1762461703","23477/2025-12-26/1762461703.json"
"510807","146155","2025-12-26","52.00","NZD","1762461703","23477/2025-12-26/1762461703.json"
"581513","221281","2025-12-27","42.00","NZD","1762461703","23477/2025-12-27/1762461703.json"
"581514","221282","2025-12-27","42.00","NZD","1762461703","23477/2025-12-27/1762461703.json"
"512557","146154","2025-12-27","45.00","NZD","1762461703","23477/2025-12-27/1762461703.json"
"365170","146153","2025-12-27","48.00","NZD","1762461703","23477/2025-12-27/1762461703.json"
"510807","146155","2025-12-27","52.00","NZD","1762461703","23477/2025-12-27/1762461703.json"
"581513","221281","2025-12-28","42.00","NZD","1762461703","23477/2025-12-28/1762461703.json"
"581514","221282","2025-12-28","42.00","NZD","1762461703","23477/2025-12-28/1762461703.json"
"512557","146154","2025-12-28","45.00","NZD","1762461703","23477/2025-12-28/1762461703.json"
"365170","146153","2025-12-28","48.00","NZD","1762461703","23477/2025-12-28/1762461703.json"
"510807","146155","2025-12-28","52.00","NZD","1762461703","23477/2025-12-28/1762461703.json"
"581513","221281","2025-12-29","42.00","NZD","1762461703","23477/2025-12-29/1762461703.json"
"581514","221282","2025-12-29","42.00","NZD","1762461703","23477/2025-12-29/1762461703.json"
"512557","146154","2025-12-29","45.00","NZD","1762461703","23477/2025-12-29/1762461703.json"
"365170","146153","2025-12-29","48.00","NZD","1762461703","23477/2025-12-29/1762461703.json"
"510807","146155","2025-12-29","52.00","NZD","1762461703","23477/2025-12-29/1762461703.json"
"581513","221281","2025-12-30","42.00","NZD","1762461703","23477/2025-12-30/1762461703.json"
"581514","221282","2025-12-30","42.00","NZD","1762461703","23477/2025-12-30/1762461703.json"
"512557","146154","2025-12-30","45.00","NZD","1762461703","23477/2025-12-30/1762461703.json"
"365170","146153","2025-12-30","48.00","NZD","1762461703","23477/2025-12-30/1762461703.json"
"510807","146155","2025-12-30","52.00","NZD","1762461703","23477/2025-12-30/1762461703.json"
"581513","221281","2025-12-31","42.00","NZD","1762461703","23477/2025-12-31/1762461703.json"
"581514","221282","2025-12-31","42.00","NZD","1762461703","23477/2025-12-31/1762461703.json"
"512557","146154","2025-12-31","45.00","NZD","1762461703","23477/2025-12-31/1762461703.json"
"365170","146153","2025-12-31","48.00","NZD","1762461703","23477/2025-12-31/1762461703.json"
"510807","146155","2025-12-31","52.00","NZD","1762461703","23477/2025-12-31/1762461703.json"
"581513","221281","2026-01-03","42.00","NZD","1762461703","23477/2026-01-03/1762461703.json"
"581514","221282","2026-01-03","42.00","NZD","1762461703","23477/2026-01-03/1762461703.json"
"512557","146154","2026-01-03","45.00","NZD","1762461703","23477/2026-01-03/1762461703.json"
"365170","146153","2026-01-03","48.00","NZD","1762461703","23477/2026-01-03/1762461703.json"
"510807","146155","2026-01-03","52.00","NZD","1762461703","23477/2026-01-03/1762461703.json"
"581513","221281","2026-01-04","42.00","NZD","1762461703","23477/2026-01-04/1762461703.json"
"581514","221282","2026-01-04","42.00","NZD","1762461703","23477/2026-01-04/1762461703.json"
"512557","146154","2026-01-04","45.00","NZD","1762461703","23477/2026-01-04/1762461703.json"
"365170","146153","2026-01-04","48.00","NZD","1762461703","23477/2026-01-04/1762461703.json"
"510807","146155","2026-01-04","52.00","NZD","1762461703","23477/2026-01-04/1762461703.json"
"581513","221281","2026-01-01","42.00","NZD","1762461703","23477/2026-01-01/1762461703.json"
"581514","221282","2026-01-01","42.00","NZD","1762461703","23477/2026-01-01/1762461703.json"
"512557","146154","2026-01-01","45.00","NZD","1762461703","23477/2026-01-01/1762461703.json"
"365170","146153","2026-01-01","48.00","NZD","1762461703","23477/2026-01-01/1762461703.json"
"510807","146155","2026-01-01","52.00","NZD","1762461703","23477/2026-01-01/1762461703.json"
"581513","221281","2026-01-02","42.00","NZD","1762461703","23477/2026-01-02/1762461703.json"
"581514","221282","2026-01-02","42.00","NZD","1762461703","23477/2026-01-02/1762461703.json"
"512557","146154","2026-01-02","45.00","NZD","1762461703","23477/2026-01-02/1762461703.json"
"365170","146153","2026-01-02","48.00","NZD","1762461703","23477/2026-01-02/1762461703.json"
"510807","146155","2026-01-02","52.00","NZD","1762461703","23477/2026-01-02/1762461703.json"
"581513","221281","2026-01-05","36.00","NZD","1762461703","23477/2026-01-05/1762461703.json"
"581514","221282","2026-01-05","36.00","NZD","1762461703","23477/2026-01-05/1762461703.json"
"512557","146154","2026-01-05","45.00","NZD","1762461703","23477/2026-01-05/1762461703.json"
"365170","146153","2026-01-05","48.00","NZD","1762461703","23477/2026-01-05/1762461703.json"
"510807","146155","2026-01-05","52.00","NZD","1762461703","23477/2026-01-05/1762461703.json"
"581513","221281","2025-11-07","36.00","NZD","1762480809","23477/2025-11-07/1762480809.json"
"581514","221282","2025-11-07","36.00","NZD","1762480809","23477/2025-11-07/1762480809.json"
"512557","146154","2025-11-07","45.00","NZD","1762480809","23477/2025-11-07/1762480809.json"
"365170","146153","2025-11-07","48.00","NZD","1762480809","23477/2025-11-07/1762480809.json"
"510807","146155","2025-11-07","52.00","NZD","1762480809","23477/2025-11-07/1762480809.json"
"581513","221281","2025-11-08","36.00","NZD","1762480809","23477/2025-11-08/1762480809.json"
"581514","221282","2025-11-08","36.00","NZD","1762480809","23477/2025-11-08/1762480809.json"
"512557","146154","2025-11-08","45.00","NZD","1762480809","23477/2025-11-08/1762480809.json"
"365170","146153","2025-11-08","48.00","NZD","1762480809","23477/2025-11-08/1762480809.json"
"510807","146155","2025-11-08","52.00","NZD","1762480809","23477/2025-11-08/1762480809.json"
"581513","221281","2025-11-10","36.00","NZD","1762480809","23477/2025-11-10/1762480809.json"
"581514","221282","2025-11-10","36.00","NZD","1762480809","23477/2025-11-10/1762480809.json"
"512557","146154","2025-11-10","45.00","NZD","1762480809","23477/2025-11-10/1762480809.json"
"365170","146153","2025-11-10","48.00","NZD","1762480809","23477/2025-11-10/1762480809.json"
"510807","146155","2025-11-10","52.00","NZD","1762480809","23477/2025-11-10/1762480809.json"
"581513","221281","2025-11-09","36.00","NZD","1762480809","23477/2025-11-09/1762480809.json"
"581514","221282","2025-11-09","36.00","NZD","1762480809","23477/2025-11-09/1762480809.json"
"512557","146154","2025-11-09","45.00","NZD","1762480809","23477/2025-11-09/1762480809.json"
"365170","146153","2025-11-09","48.00","NZD","1762480809","23477/2025-11-09/1762480809.json"
"510807","146155","2025-11-09","52.00","NZD","1762480809","23477/2025-11-09/1762480809.json"
"581513","221281","2025-11-14","36.00","NZD","1762480809","23477/2025-11-14/1762480809.json"
"581514","221282","2025-11-14","36.00","NZD","1762480809","23477/2025-11-14/1762480809.json"
"512557","146154","2025-11-14","45.00","NZD","1762480809","23477/2025-11-14/1762480809.json"
"365170","146153","2025-11-14","48.00","NZD","1762480809","23477/2025-11-14/1762480809.json"
"510807","146155","2025-11-14","52.00","NZD","1762480809","23477/2025-11-14/1762480809.json"
"581513","221281","2025-11-12","36.00","NZD","1762480809","23477/2025-11-12/1762480809.json"
"581514","221282","2025-11-12","36.00","NZD","1762480809","23477/2025-11-12/1762480809.json"
"512557","146154","2025-11-12","45.00","NZD","1762480809","23477/2025-11-12/1762480809.json"
"365170","146153","2025-11-12","48.00","NZD","1762480809","23477/2025-11-12/1762480809.json"
"510807","146155","2025-11-12","52.00","NZD","1762480809","23477/2025-11-12/1762480809.json"
"581513","221281","2025-11-13","36.00","NZD","1762480809","23477/2025-11-13/1762480809.json"
"581514","221282","2025-11-13","36.00","NZD","1762480809","23477/2025-11-13/1762480809.json"
"512557","146154","2025-11-13","45.00","NZD","1762480809","23477/2025-11-13/1762480809.json"
"365170","146153","2025-11-13","48.00","NZD","1762480809","23477/2025-11-13/1762480809.json"
"510807","146155","2025-11-13","52.00","NZD","1762480809","23477/2025-11-13/1762480809.json"
"581513","221281","2025-11-11","36.00","NZD","1762480809","23477/2025-11-11/1762480809.json"
"581514","221282","2025-11-11","36.00","NZD","1762480809","23477/2025-11-11/1762480809.json"
"512557","146154","2025-11-11","45.00","NZD","1762480809","23477/2025-11-11/1762480809.json"
"365170","146153","2025-11-11","48.00","NZD","1762480809","23477/2025-11-11/1762480809.json"
"510807","146155","2025-11-11","52.00","NZD","1762480809","23477/2025-11-11/1762480809.json"
"581513","221281","2025-11-15","36.00","NZD","1762480809","23477/2025-11-15/1762480809.json"
"581514","221282","2025-11-15","36.00","NZD","1762480809","23477/2025-11-15/1762480809.json"
"512557","146154","2025-11-15","45.00","NZD","1762480809","23477/2025-11-15/1762480809.json"
"365170","146153","2025-11-15","48.00","NZD","1762480809","23477/2025-11-15/1762480809.json"
"510807","146155","2025-11-15","52.00","NZD","1762480809","23477/2025-11-15/1762480809.json"
"581513","221281","2025-11-16","36.00","NZD","1762480809","23477/2025-11-16/1762480809.json"
"581514","221282","2025-11-16","36.00","NZD","1762480809","23477/2025-11-16/1762480809.json"
"512557","146154","2025-11-16","45.00","NZD","1762480809","23477/2025-11-16/1762480809.json"
"365170","146153","2025-11-16","48.00","NZD","1762480809","23477/2025-11-16/1762480809.json"
"510807","146155","2025-11-16","52.00","NZD","1762480809","23477/2025-11-16/1762480809.json"
"581513","221281","2025-11-17","36.00","NZD","1762480809","23477/2025-11-17/1762480809.json"
"581514","221282","2025-11-17","36.00","NZD","1762480809","23477/2025-11-17/1762480809.json"
"512557","146154","2025-11-17","45.00","NZD","1762480809","23477/2025-11-17/1762480809.json"
"365170","146153","2025-11-17","48.00","NZD","1762480809","23477/2025-11-17/1762480809.json"
"510807","146155","2025-11-17","52.00","NZD","1762480809","23477/2025-11-17/1762480809.json"
"581513","221281","2025-11-18","36.00","NZD","1762480809","23477/2025-11-18/1762480809.json"
"581514","221282","2025-11-18","36.00","NZD","1762480809","23477/2025-11-18/1762480809.json"
"512557","146154","2025-11-18","45.00","NZD","1762480809","23477/2025-11-18/1762480809.json"
"365170","146153","2025-11-18","48.00","NZD","1762480809","23477/2025-11-18/1762480809.json"
"510807","146155","2025-11-18","52.00","NZD","1762480809","23477/2025-11-18/1762480809.json"
"581513","221281","2025-11-21","36.00","NZD","1762480809","23477/2025-11-21/1762480809.json"
"581514","221282","2025-11-21","36.00","NZD","1762480809","23477/2025-11-21/1762480809.json"
"512557","146154","2025-11-21","45.00","NZD","1762480809","23477/2025-11-21/1762480809.json"
"365170","146153","2025-11-21","48.00","NZD","1762480809","23477/2025-11-21/1762480809.json"
"510807","146155","2025-11-21","52.00","NZD","1762480809","23477/2025-11-21/1762480809.json"
"581513","221281","2025-11-20","36.00","NZD","1762480809","23477/2025-11-20/1762480809.json"
"581514","221282","2025-11-20","36.00","NZD","1762480809","23477/2025-11-20/1762480809.json"
"512557","146154","2025-11-20","45.00","NZD","1762480809","23477/2025-11-20/1762480809.json"
"581513","221281","2025-11-19","36.00","NZD","1762480809","23477/2025-11-19/1762480809.json"
"581514","221282","2025-11-19","36.00","NZD","1762480809","23477/2025-11-19/1762480809.json"
"512557","146154","2025-11-19","45.00","NZD","1762480809","23477/2025-11-19/1762480809.json"
"365170","146153","2025-11-19","48.00","NZD","1762480809","23477/2025-11-19/1762480809.json"
"510807","146155","2025-11-19","52.00","NZD","1762480809","23477/2025-11-19/1762480809.json"
"581513","221281","2025-11-23","36.00","NZD","1762480809","23477/2025-11-23/1762480809.json"
"581514","221282","2025-11-23","36.00","NZD","1762480809","23477/2025-11-23/1762480809.json"
"512557","146154","2025-11-23","45.00","NZD","1762480809","23477/2025-11-23/1762480809.json"
"365170","146153","2025-11-23","48.00","NZD","1762480809","23477/2025-11-23/1762480809.json"
"510807","146155","2025-11-23","52.00","NZD","1762480809","23477/2025-11-23/1762480809.json"
"581513","221281","2025-11-24","36.00","NZD","1762480809","23477/2025-11-24/1762480809.json"
"581514","221282","2025-11-24","36.00","NZD","1762480809","23477/2025-11-24/1762480809.json"
"512557","146154","2025-11-24","45.00","NZD","1762480809","23477/2025-11-24/1762480809.json"
"365170","146153","2025-11-24","48.00","NZD","1762480809","23477/2025-11-24/1762480809.json"
"510807","146155","2025-11-24","52.00","NZD","1762480809","23477/2025-11-24/1762480809.json"
"581513","221281","2025-11-22","36.00","NZD","1762480809","23477/2025-11-22/1762480809.json"
"581514","221282","2025-11-22","36.00","NZD","1762480809","23477/2025-11-22/1762480809.json"
"512557","146154","2025-11-22","45.00","NZD","1762480809","23477/2025-11-22/1762480809.json"
"365170","146153","2025-11-22","48.00","NZD","1762480809","23477/2025-11-22/1762480809.json"
"510807","146155","2025-11-22","52.00","NZD","1762480809","23477/2025-11-22/1762480809.json"
"581513","221281","2025-11-25","36.00","NZD","1762480809","23477/2025-11-25/1762480809.json"
"581514","221282","2025-11-25","36.00","NZD","1762480809","23477/2025-11-25/1762480809.json"
"512557","146154","2025-11-25","45.00","NZD","1762480809","23477/2025-11-25/1762480809.json"
"365170","146153","2025-11-25","48.00","NZD","1762480809","23477/2025-11-25/1762480809.json"
"510807","146155","2025-11-25","52.00","NZD","1762480809","23477/2025-11-25/1762480809.json"
"581513","221281","2025-11-27","36.00","NZD","1762480809","23477/2025-11-27/1762480809.json"
"581514","221282","2025-11-27","36.00","NZD","1762480809","23477/2025-11-27/1762480809.json"
"512557","146154","2025-11-27","45.00","NZD","1762480809","23477/2025-11-27/1762480809.json"
"365170","146153","2025-11-27","48.00","NZD","1762480809","23477/2025-11-27/1762480809.json"
"510807","146155","2025-11-27","52.00","NZD","1762480809","23477/2025-11-27/1762480809.json"
"581513","221281","2025-11-26","36.00","NZD","1762480809","23477/2025-11-26/1762480809.json"
"581514","221282","2025-11-26","36.00","NZD","1762480809","23477/2025-11-26/1762480809.json"
"512557","146154","2025-11-26","45.00","NZD","1762480809","23477/2025-11-26/1762480809.json"
"365170","146153","2025-11-26","48.00","NZD","1762480809","23477/2025-11-26/1762480809.json"
"510807","146155","2025-11-26","52.00","NZD","1762480809","23477/2025-11-26/1762480809.json"
"581513","221281","2025-11-28","36.00","NZD","1762480809","23477/2025-11-28/1762480809.json"
"581514","221282","2025-11-28","36.00","NZD","1762480809","23477/2025-11-28/1762480809.json"
"512557","146154","2025-11-28","45.00","NZD","1762480809","23477/2025-11-28/1762480809.json"
"365170","146153","2025-11-28","48.00","NZD","1762480809","23477/2025-11-28/1762480809.json"
"510807","146155","2025-11-28","52.00","NZD","1762480809","23477/2025-11-28/1762480809.json"
"581513","221281","2025-11-29","36.00","NZD","1762480809","23477/2025-11-29/1762480809.json"
"581514","221282","2025-11-29","36.00","NZD","1762480809","23477/2025-11-29/1762480809.json"
"512557","146154","2025-11-29","45.00","NZD","1762480809","23477/2025-11-29/1762480809.json"
"365170","146153","2025-11-29","48.00","NZD","1762480809","23477/2025-11-29/1762480809.json"
"510807","146155","2025-11-29","52.00","NZD","1762480809","23477/2025-11-29/1762480809.json"
"581513","221281","2025-11-30","36.00","NZD","1762480809","23477/2025-11-30/1762480809.json"
"581514","221282","2025-11-30","36.00","NZD","1762480809","23477/2025-11-30/1762480809.json"
"512557","146154","2025-11-30","45.00","NZD","1762480809","23477/2025-11-30/1762480809.json"
"365170","146153","2025-11-30","48.00","NZD","1762480809","23477/2025-11-30/1762480809.json"
"510807","146155","2025-11-30","52.00","NZD","1762480809","23477/2025-11-30/1762480809.json"
"581513","221281","2025-12-01","36.00","NZD","1762480809","23477/2025-12-01/1762480809.json"
"581514","221282","2025-12-01","36.00","NZD","1762480809","23477/2025-12-01/1762480809.json"
"512557","146154","2025-12-01","45.00","NZD","1762480809","23477/2025-12-01/1762480809.json"
"365170","146153","2025-12-01","48.00","NZD","1762480809","23477/2025-12-01/1762480809.json"
"510807","146155","2025-12-01","52.00","NZD","1762480809","23477/2025-12-01/1762480809.json"
"581513","221281","2025-12-02","36.00","NZD","1762480809","23477/2025-12-02/1762480809.json"
"581514","221282","2025-12-02","36.00","NZD","1762480809","23477/2025-12-02/1762480809.json"
"512557","146154","2025-12-02","45.00","NZD","1762480809","23477/2025-12-02/1762480809.json"
"365170","146153","2025-12-02","48.00","NZD","1762480809","23477/2025-12-02/1762480809.json"
"510807","146155","2025-12-02","52.00","NZD","1762480809","23477/2025-12-02/1762480809.json"
"581513","221281","2025-12-03","36.00","NZD","1762480809","23477/2025-12-03/1762480809.json"
"581514","221282","2025-12-03","36.00","NZD","1762480809","23477/2025-12-03/1762480809.json"
"512557","146154","2025-12-03","45.00","NZD","1762480809","23477/2025-12-03/1762480809.json"
"365170","146153","2025-12-03","48.00","NZD","1762480809","23477/2025-12-03/1762480809.json"
"510807","146155","2025-12-03","52.00","NZD","1762480809","23477/2025-12-03/1762480809.json"
"581513","221281","2025-12-04","36.00","NZD","1762480809","23477/2025-12-04/1762480809.json"
"581514","221282","2025-12-04","36.00","NZD","1762480809","23477/2025-12-04/1762480809.json"
"512557","146154","2025-12-04","45.00","NZD","1762480809","23477/2025-12-04/1762480809.json"
"365170","146153","2025-12-04","48.00","NZD","1762480809","23477/2025-12-04/1762480809.json"
"510807","146155","2025-12-04","52.00","NZD","1762480809","23477/2025-12-04/1762480809.json"
"581513","221281","2025-12-05","36.00","NZD","1762480809","23477/2025-12-05/1762480809.json"
"581514","221282","2025-12-05","36.00","NZD","1762480809","23477/2025-12-05/1762480809.json"
"512557","146154","2025-12-05","45.00","NZD","1762480809","23477/2025-12-05/1762480809.json"
"365170","146153","2025-12-05","48.00","NZD","1762480809","23477/2025-12-05/1762480809.json"
"510807","146155","2025-12-05","52.00","NZD","1762480809","23477/2025-12-05/1762480809.json"
"581513","221281","2025-12-06","36.00","NZD","1762480809","23477/2025-12-06/1762480809.json"
"581514","221282","2025-12-06","36.00","NZD","1762480809","23477/2025-12-06/1762480809.json"
"512557","146154","2025-12-06","45.00","NZD","1762480809","23477/2025-12-06/1762480809.json"
"365170","146153","2025-12-06","48.00","NZD","1762480809","23477/2025-12-06/1762480809.json"
"510807","146155","2025-12-06","52.00","NZD","1762480809","23477/2025-12-06/1762480809.json"
"581513","221281","2025-12-07","36.00","NZD","1762480809","23477/2025-12-07/1762480809.json"
"581514","221282","2025-12-07","36.00","NZD","1762480809","23477/2025-12-07/1762480809.json"
"512557","146154","2025-12-07","45.00","NZD","1762480809","23477/2025-12-07/1762480809.json"
"365170","146153","2025-12-07","48.00","NZD","1762480809","23477/2025-12-07/1762480809.json"
"510807","146155","2025-12-07","52.00","NZD","1762480809","23477/2025-12-07/1762480809.json"
"581513","221281","2025-12-08","36.00","NZD","1762480809","23477/2025-12-08/1762480809.json"
"581514","221282","2025-12-08","36.00","NZD","1762480809","23477/2025-12-08/1762480809.json"
"512557","146154","2025-12-08","45.00","NZD","1762480809","23477/2025-12-08/1762480809.json"
"365170","146153","2025-12-08","48.00","NZD","1762480809","23477/2025-12-08/1762480809.json"
"510807","146155","2025-12-08","52.00","NZD","1762480809","23477/2025-12-08/1762480809.json"
"581513","221281","2025-12-10","36.00","NZD","1762480809","23477/2025-12-10/1762480809.json"
"581514","221282","2025-12-10","36.00","NZD","1762480809","23477/2025-12-10/1762480809.json"
"512557","146154","2025-12-10","45.00","NZD","1762480809","23477/2025-12-10/1762480809.json"
"365170","146153","2025-12-10","48.00","NZD","1762480809","23477/2025-12-10/1762480809.json"
"510807","146155","2025-12-10","52.00","NZD","1762480809","23477/2025-12-10/1762480809.json"
"581513","221281","2025-12-09","36.00","NZD","1762480809","23477/2025-12-09/1762480809.json"
"581514","221282","2025-12-09","36.00","NZD","1762480809","23477/2025-12-09/1762480809.json"
"512557","146154","2025-12-09","45.00","NZD","1762480809","23477/2025-12-09/1762480809.json"
"365170","146153","2025-12-09","48.00","NZD","1762480809","23477/2025-12-09/1762480809.json"
"510807","146155","2025-12-09","52.00","NZD","1762480809","23477/2025-12-09/1762480809.json"
"581513","221281","2025-12-14","36.00","NZD","1762480809","23477/2025-12-14/1762480809.json"
"581514","221282","2025-12-14","36.00","NZD","1762480809","23477/2025-12-14/1762480809.json"
"512557","146154","2025-12-14","45.00","NZD","1762480809","23477/2025-12-14/1762480809.json"
"365170","146153","2025-12-14","48.00","NZD","1762480809","23477/2025-12-14/1762480809.json"
"510807","146155","2025-12-14","52.00","NZD","1762480809","23477/2025-12-14/1762480809.json"
"581513","221281","2025-12-12","36.00","NZD","1762480809","23477/2025-12-12/1762480809.json"
"581514","221282","2025-12-12","36.00","NZD","1762480809","23477/2025-12-12/1762480809.json"
"512557","146154","2025-12-12","45.00","NZD","1762480809","23477/2025-12-12/1762480809.json"
"365170","146153","2025-12-12","48.00","NZD","1762480809","23477/2025-12-12/1762480809.json"
"510807","146155","2025-12-12","52.00","NZD","1762480809","23477/2025-12-12/1762480809.json"
"581513","221281","2025-12-11","36.00","NZD","1762480809","23477/2025-12-11/1762480809.json"
"581514","221282","2025-12-11","36.00","NZD","1762480809","23477/2025-12-11/1762480809.json"
"512557","146154","2025-12-11","45.00","NZD","1762480809","23477/2025-12-11/1762480809.json"
"365170","146153","2025-12-11","48.00","NZD","1762480809","23477/2025-12-11/1762480809.json"
"510807","146155","2025-12-11","52.00","NZD","1762480809","23477/2025-12-11/1762480809.json"
"581513","221281","2025-12-13","36.00","NZD","1762480809","23477/2025-12-13/1762480809.json"
"581514","221282","2025-12-13","36.00","NZD","1762480809","23477/2025-12-13/1762480809.json"
"512557","146154","2025-12-13","45.00","NZD","1762480809","23477/2025-12-13/1762480809.json"
"365170","146153","2025-12-13","48.00","NZD","1762480809","23477/2025-12-13/1762480809.json"
"510807","146155","2025-12-13","52.00","NZD","1762480809","23477/2025-12-13/1762480809.json"
"581513","221281","2025-12-15","36.00","NZD","1762480809","23477/2025-12-15/1762480809.json"
"581514","221282","2025-12-15","36.00","NZD","1762480809","23477/2025-12-15/1762480809.json"
"512557","146154","2025-12-15","45.00","NZD","1762480809","23477/2025-12-15/1762480809.json"
"365170","146153","2025-12-15","48.00","NZD","1762480809","23477/2025-12-15/1762480809.json"
"510807","146155","2025-12-15","52.00","NZD","1762480809","23477/2025-12-15/1762480809.json"
"581513","221281","2025-12-17","36.00","NZD","1762480809","23477/2025-12-17/1762480809.json"
"581514","221282","2025-12-17","36.00","NZD","1762480809","23477/2025-12-17/1762480809.json"
"512557","146154","2025-12-17","45.00","NZD","1762480809","23477/2025-12-17/1762480809.json"
"365170","146153","2025-12-17","48.00","NZD","1762480809","23477/2025-12-17/1762480809.json"
"510807","146155","2025-12-17","52.00","NZD","1762480809","23477/2025-12-17/1762480809.json"
"581513","221281","2025-12-16","36.00","NZD","1762480809","23477/2025-12-16/1762480809.json"
"581514","221282","2025-12-16","36.00","NZD","1762480809","23477/2025-12-16/1762480809.json"
"512557","146154","2025-12-16","45.00","NZD","1762480809","23477/2025-12-16/1762480809.json"
"365170","146153","2025-12-16","48.00","NZD","1762480809","23477/2025-12-16/1762480809.json"
"510807","146155","2025-12-16","52.00","NZD","1762480809","23477/2025-12-16/1762480809.json"
"581513","221281","2025-12-18","36.00","NZD","1762480809","23477/2025-12-18/1762480809.json"
"581514","221282","2025-12-18","36.00","NZD","1762480809","23477/2025-12-18/1762480809.json"
"512557","146154","2025-12-18","45.00","NZD","1762480809","23477/2025-12-18/1762480809.json"
"365170","146153","2025-12-18","48.00","NZD","1762480809","23477/2025-12-18/1762480809.json"
"510807","146155","2025-12-18","52.00","NZD","1762480809","23477/2025-12-18/1762480809.json"
"581513","221281","2025-12-20","36.00","NZD","1762480809","23477/2025-12-20/1762480809.json"
"581514","221282","2025-12-20","36.00","NZD","1762480809","23477/2025-12-20/1762480809.json"
"512557","146154","2025-12-20","45.00","NZD","1762480809","23477/2025-12-20/1762480809.json"
"365170","146153","2025-12-20","48.00","NZD","1762480809","23477/2025-12-20/1762480809.json"
"510807","146155","2025-12-20","52.00","NZD","1762480809","23477/2025-12-20/1762480809.json"
"581513","221281","2025-12-19","36.00","NZD","1762480809","23477/2025-12-19/1762480809.json"
"581514","221282","2025-12-19","36.00","NZD","1762480809","23477/2025-12-19/1762480809.json"
"512557","146154","2025-12-19","45.00","NZD","1762480809","23477/2025-12-19/1762480809.json"
"365170","146153","2025-12-19","48.00","NZD","1762480809","23477/2025-12-19/1762480809.json"
"510807","146155","2025-12-19","52.00","NZD","1762480809","23477/2025-12-19/1762480809.json"
"581513","221281","2025-12-21","36.00","NZD","1762480809","23477/2025-12-21/1762480809.json"
"581514","221282","2025-12-21","36.00","NZD","1762480809","23477/2025-12-21/1762480809.json"
"512557","146154","2025-12-21","45.00","NZD","1762480809","23477/2025-12-21/1762480809.json"
"365170","146153","2025-12-21","48.00","NZD","1762480809","23477/2025-12-21/1762480809.json"
"510807","146155","2025-12-21","52.00","NZD","1762480809","23477/2025-12-21/1762480809.json"
"581513","221281","2025-12-22","36.00","NZD","1762480809","23477/2025-12-22/1762480809.json"
"581514","221282","2025-12-22","36.00","NZD","1762480809","23477/2025-12-22/1762480809.json"
"512557","146154","2025-12-22","45.00","NZD","1762480809","23477/2025-12-22/1762480809.json"
"365170","146153","2025-12-22","48.00","NZD","1762480809","23477/2025-12-22/1762480809.json"
"510807","146155","2025-12-22","52.00","NZD","1762480809","23477/2025-12-22/1762480809.json"
"581513","221281","2025-12-23","38.00","NZD","1762480809","23477/2025-12-23/1762480809.json"
"581514","221282","2025-12-23","38.00","NZD","1762480809","23477/2025-12-23/1762480809.json"
"512557","146154","2025-12-23","45.00","NZD","1762480809","23477/2025-12-23/1762480809.json"
"365170","146153","2025-12-23","48.00","NZD","1762480809","23477/2025-12-23/1762480809.json"
"510807","146155","2025-12-23","52.00","NZD","1762480809","23477/2025-12-23/1762480809.json"
"581513","221281","2025-12-24","38.00","NZD","1762480809","23477/2025-12-24/1762480809.json"
"581514","221282","2025-12-24","38.00","NZD","1762480809","23477/2025-12-24/1762480809.json"
"512557","146154","2025-12-24","45.00","NZD","1762480809","23477/2025-12-24/1762480809.json"
"365170","146153","2025-12-24","48.00","NZD","1762480809","23477/2025-12-24/1762480809.json"
"510807","146155","2025-12-24","52.00","NZD","1762480809","23477/2025-12-24/1762480809.json"
"581513","221281","2025-12-25","38.00","NZD","1762480809","23477/2025-12-25/1762480809.json"
"581514","221282","2025-12-25","38.00","NZD","1762480809","23477/2025-12-25/1762480809.json"
"512557","146154","2025-12-25","45.00","NZD","1762480809","23477/2025-12-25/1762480809.json"
"365170","146153","2025-12-25","48.00","NZD","1762480809","23477/2025-12-25/1762480809.json"
"510807","146155","2025-12-25","52.00","NZD","1762480809","23477/2025-12-25/1762480809.json"
"581513","221281","2025-12-27","42.00","NZD","1762480809","23477/2025-12-27/1762480809.json"
"581514","221282","2025-12-27","42.00","NZD","1762480809","23477/2025-12-27/1762480809.json"
"512557","146154","2025-12-27","45.00","NZD","1762480809","23477/2025-12-27/1762480809.json"
"365170","146153","2025-12-27","48.00","NZD","1762480809","23477/2025-12-27/1762480809.json"
"510807","146155","2025-12-27","52.00","NZD","1762480809","23477/2025-12-27/1762480809.json"
"581513","221281","2025-12-26","42.00","NZD","1762480809","23477/2025-12-26/1762480809.json"
"581514","221282","2025-12-26","42.00","NZD","1762480809","23477/2025-12-26/1762480809.json"
"512557","146154","2025-12-26","45.00","NZD","1762480809","23477/2025-12-26/1762480809.json"
"365170","146153","2025-12-26","48.00","NZD","1762480809","23477/2025-12-26/1762480809.json"
"510807","146155","2025-12-26","52.00","NZD","1762480809","23477/2025-12-26/1762480809.json"
"581513","221281","2025-12-29","42.00","NZD","1762480809","23477/2025-12-29/1762480809.json"
"581514","221282","2025-12-29","42.00","NZD","1762480809","23477/2025-12-29/1762480809.json"
"512557","146154","2025-12-29","45.00","NZD","1762480809","23477/2025-12-29/1762480809.json"
"365170","146153","2025-12-29","48.00","NZD","1762480809","23477/2025-12-29/1762480809.json"
"510807","146155","2025-12-29","52.00","NZD","1762480809","23477/2025-12-29/1762480809.json"
"581513","221281","2025-12-28","42.00","NZD","1762480809","23477/2025-12-28/1762480809.json"
"581513","221281","2025-12-30","42.00","NZD","1762480809","23477/2025-12-30/1762480809.json"
"581514","221282","2025-12-28","42.00","NZD","1762480809","23477/2025-12-28/1762480809.json"
"512557","146154","2025-12-28","45.00","NZD","1762480809","23477/2025-12-28/1762480809.json"
"581514","221282","2025-12-30","42.00","NZD","1762480809","23477/2025-12-30/1762480809.json"
"365170","146153","2025-12-28","48.00","NZD","1762480809","23477/2025-12-28/1762480809.json"
"510807","146155","2025-12-28","52.00","NZD","1762480809","23477/2025-12-28/1762480809.json"
"512557","146154","2025-12-30","45.00","NZD","1762480809","23477/2025-12-30/1762480809.json"
"365170","146153","2025-12-30","48.00","NZD","1762480809","23477/2025-12-30/1762480809.json"
"510807","146155","2025-12-30","52.00","NZD","1762480809","23477/2025-12-30/1762480809.json"
"581513","221281","2025-12-31","42.00","NZD","1762480809","23477/2025-12-31/1762480809.json"
"581514","221282","2025-12-31","42.00","NZD","1762480809","23477/2025-12-31/1762480809.json"
"512557","146154","2025-12-31","45.00","NZD","1762480809","23477/2025-12-31/1762480809.json"
"365170","146153","2025-12-31","48.00","NZD","1762480809","23477/2025-12-31/1762480809.json"
"510807","146155","2025-12-31","52.00","NZD","1762480809","23477/2025-12-31/1762480809.json"
"581513","221281","2026-01-01","42.00","NZD","1762480809","23477/2026-01-01/1762480809.json"
"581514","221282","2026-01-01","42.00","NZD","1762480809","23477/2026-01-01/1762480809.json"
"512557","146154","2026-01-01","45.00","NZD","1762480809","23477/2026-01-01/1762480809.json"
"365170","146153","2026-01-01","48.00","NZD","1762480809","23477/2026-01-01/1762480809.json"
"510807","146155","2026-01-01","52.00","NZD","1762480809","23477/2026-01-01/1762480809.json"
"581513","221281","2026-01-04","42.00","NZD","1762480809","23477/2026-01-04/1762480809.json"
"581514","221282","2026-01-04","42.00","NZD","1762480809","23477/2026-01-04/1762480809.json"
"512557","146154","2026-01-04","45.00","NZD","1762480809","23477/2026-01-04/1762480809.json"
"365170","146153","2026-01-04","48.00","NZD","1762480809","23477/2026-01-04/1762480809.json"
"510807","146155","2026-01-04","52.00","NZD","1762480809","23477/2026-01-04/1762480809.json"
"581513","221281","2026-01-03","42.00","NZD","1762480809","23477/2026-01-03/1762480809.json"
"581514","221282","2026-01-03","42.00","NZD","1762480809","23477/2026-01-03/1762480809.json"
"512557","146154","2026-01-03","45.00","NZD","1762480809","23477/2026-01-03/1762480809.json"
"365170","146153","2026-01-03","48.00","NZD","1762480809","23477/2026-01-03/1762480809.json"
"510807","146155","2026-01-03","52.00","NZD","1762480809","23477/2026-01-03/1762480809.json"
"581513","221281","2026-01-02","42.00","NZD","1762480809","23477/2026-01-02/1762480809.json"
"581514","221282","2026-01-02","42.00","NZD","1762480809","23477/2026-01-02/1762480809.json"
"512557","146154","2026-01-02","45.00","NZD","1762480809","23477/2026-01-02/1762480809.json"
"365170","146153","2026-01-02","48.00","NZD","1762480809","23477/2026-01-02/1762480809.json"
"510807","146155","2026-01-02","52.00","NZD","1762480809","23477/2026-01-02/1762480809.json"
"581513","221281","2026-01-05","36.00","NZD","1762480809","23477/2026-01-05/1762480809.json"
"581514","221282","2026-01-05","36.00","NZD","1762480809","23477/2026-01-05/1762480809.json"
"512557","146154","2026-01-05","45.00","NZD","1762480809","23477/2026-01-05/1762480809.json"
"365170","146153","2026-01-05","48.00","NZD","1762480809","23477/2026-01-05/1762480809.json"
"510807","146155","2026-01-05","52.00","NZD","1762480809","23477/2026-01-05/1762480809.json"
"581513","221281","2026-01-06","36.00","NZD","1762480809","23477/2026-01-06/1762480809.json"
"581514","221282","2026-01-06","36.00","NZD","1762480809","23477/2026-01-06/1762480809.json"
"512557","146154","2026-01-06","45.00","NZD","1762480809","23477/2026-01-06/1762480809.json"
"365170","146153","2026-01-06","48.00","NZD","1762480809","23477/2026-01-06/1762480809.json"
"510807","146155","2026-01-06","52.00","NZD","1762480809","23477/2026-01-06/1762480809.json"
"581513","221281","2025-11-09","36.00","NZD","1762490393","23477/2025-11-09/1762490393.json"
"581514","221282","2025-11-09","36.00","NZD","1762490393","23477/2025-11-09/1762490393.json"
"512557","146154","2025-11-09","45.00","NZD","1762490393","23477/2025-11-09/1762490393.json"
"581513","221281","2025-11-08","36.00","NZD","1762490393","23477/2025-11-08/1762490393.json"
"365170","146153","2025-11-09","48.00","NZD","1762490393","23477/2025-11-09/1762490393.json"
"510807","146155","2025-11-09","52.00","NZD","1762490393","23477/2025-11-09/1762490393.json"
"581514","221282","2025-11-08","36.00","NZD","1762490393","23477/2025-11-08/1762490393.json"
"512557","146154","2025-11-08","45.00","NZD","1762490393","23477/2025-11-08/1762490393.json"
"365170","146153","2025-11-08","48.00","NZD","1762490393","23477/2025-11-08/1762490393.json"
"510807","146155","2025-11-08","52.00","NZD","1762490393","23477/2025-11-08/1762490393.json"
"581513","221281","2025-11-07","36.00","NZD","1762490393","23477/2025-11-07/1762490393.json"
"581514","221282","2025-11-07","36.00","NZD","1762490393","23477/2025-11-07/1762490393.json"
"512557","146154","2025-11-07","45.00","NZD","1762490393","23477/2025-11-07/1762490393.json"
"365170","146153","2025-11-07","48.00","NZD","1762490393","23477/2025-11-07/1762490393.json"
"510807","146155","2025-11-07","52.00","NZD","1762490393","23477/2025-11-07/1762490393.json"
"581513","221281","2025-11-10","36.00","NZD","1762490393","23477/2025-11-10/1762490393.json"
"581514","221282","2025-11-10","36.00","NZD","1762490393","23477/2025-11-10/1762490393.json"
"512557","146154","2025-11-10","45.00","NZD","1762490393","23477/2025-11-10/1762490393.json"
"365170","146153","2025-11-10","48.00","NZD","1762490393","23477/2025-11-10/1762490393.json"
"510807","146155","2025-11-10","52.00","NZD","1762490393","23477/2025-11-10/1762490393.json"
"581513","221281","2025-11-14","36.00","NZD","1762490393","23477/2025-11-14/1762490393.json"
"581514","221282","2025-11-14","36.00","NZD","1762490393","23477/2025-11-14/1762490393.json"
"512557","146154","2025-11-14","45.00","NZD","1762490393","23477/2025-11-14/1762490393.json"
"365170","146153","2025-11-14","48.00","NZD","1762490393","23477/2025-11-14/1762490393.json"
"510807","146155","2025-11-14","52.00","NZD","1762490393","23477/2025-11-14/1762490393.json"
"581513","221281","2025-11-13","36.00","NZD","1762490393","23477/2025-11-13/1762490393.json"
"581514","221282","2025-11-13","36.00","NZD","1762490393","23477/2025-11-13/1762490393.json"
"512557","146154","2025-11-13","45.00","NZD","1762490393","23477/2025-11-13/1762490393.json"
"365170","146153","2025-11-13","48.00","NZD","1762490393","23477/2025-11-13/1762490393.json"
"510807","146155","2025-11-13","52.00","NZD","1762490393","23477/2025-11-13/1762490393.json"
"581513","221281","2025-11-11","36.00","NZD","1762490393","23477/2025-11-11/1762490393.json"
"581514","221282","2025-11-11","36.00","NZD","1762490393","23477/2025-11-11/1762490393.json"
"512557","146154","2025-11-11","45.00","NZD","1762490393","23477/2025-11-11/1762490393.json"
"365170","146153","2025-11-11","48.00","NZD","1762490393","23477/2025-11-11/1762490393.json"
"510807","146155","2025-11-11","52.00","NZD","1762490393","23477/2025-11-11/1762490393.json"
"581513","221281","2025-11-12","36.00","NZD","1762490393","23477/2025-11-12/1762490393.json"
"581514","221282","2025-11-12","36.00","NZD","1762490393","23477/2025-11-12/1762490393.json"
"512557","146154","2025-11-12","45.00","NZD","1762490393","23477/2025-11-12/1762490393.json"
"365170","146153","2025-11-12","48.00","NZD","1762490393","23477/2025-11-12/1762490393.json"
"510807","146155","2025-11-12","52.00","NZD","1762490393","23477/2025-11-12/1762490393.json"
"581513","221281","2025-11-15","36.00","NZD","1762490393","23477/2025-11-15/1762490393.json"
"581514","221282","2025-11-15","36.00","NZD","1762490393","23477/2025-11-15/1762490393.json"
"512557","146154","2025-11-15","45.00","NZD","1762490393","23477/2025-11-15/1762490393.json"
"365170","146153","2025-11-15","48.00","NZD","1762490393","23477/2025-11-15/1762490393.json"
"510807","146155","2025-11-15","52.00","NZD","1762490393","23477/2025-11-15/1762490393.json"
"581513","221281","2025-11-16","36.00","NZD","1762490393","23477/2025-11-16/1762490393.json"
"581514","221282","2025-11-16","36.00","NZD","1762490393","23477/2025-11-16/1762490393.json"
"512557","146154","2025-11-16","45.00","NZD","1762490393","23477/2025-11-16/1762490393.json"
"365170","146153","2025-11-16","48.00","NZD","1762490393","23477/2025-11-16/1762490393.json"
"510807","146155","2025-11-16","52.00","NZD","1762490393","23477/2025-11-16/1762490393.json"
"581513","221281","2025-11-17","36.00","NZD","1762490393","23477/2025-11-17/1762490393.json"
"581514","221282","2025-11-17","36.00","NZD","1762490393","23477/2025-11-17/1762490393.json"
"512557","146154","2025-11-17","45.00","NZD","1762490393","23477/2025-11-17/1762490393.json"
"365170","146153","2025-11-17","48.00","NZD","1762490393","23477/2025-11-17/1762490393.json"
"510807","146155","2025-11-17","52.00","NZD","1762490393","23477/2025-11-17/1762490393.json"
"581513","221281","2025-11-18","36.00","NZD","1762490393","23477/2025-11-18/1762490393.json"
"581514","221282","2025-11-18","36.00","NZD","1762490393","23477/2025-11-18/1762490393.json"
"512557","146154","2025-11-18","45.00","NZD","1762490393","23477/2025-11-18/1762490393.json"
"365170","146153","2025-11-18","48.00","NZD","1762490393","23477/2025-11-18/1762490393.json"
"510807","146155","2025-11-18","52.00","NZD","1762490393","23477/2025-11-18/1762490393.json"
"581513","221281","2025-11-21","36.00","NZD","1762490393","23477/2025-11-21/1762490393.json"
"581514","221282","2025-11-21","36.00","NZD","1762490393","23477/2025-11-21/1762490393.json"
"512557","146154","2025-11-21","45.00","NZD","1762490393","23477/2025-11-21/1762490393.json"
"365170","146153","2025-11-21","48.00","NZD","1762490393","23477/2025-11-21/1762490393.json"
"510807","146155","2025-11-21","52.00","NZD","1762490393","23477/2025-11-21/1762490393.json"
"581513","221281","2025-11-22","36.00","NZD","1762490393","23477/2025-11-22/1762490393.json"
"581514","221282","2025-11-22","36.00","NZD","1762490393","23477/2025-11-22/1762490393.json"
"512557","146154","2025-11-22","45.00","NZD","1762490393","23477/2025-11-22/1762490393.json"
"365170","146153","2025-11-22","48.00","NZD","1762490393","23477/2025-11-22/1762490393.json"
"510807","146155","2025-11-22","52.00","NZD","1762490393","23477/2025-11-22/1762490393.json"
"581513","221281","2025-11-19","36.00","NZD","1762490393","23477/2025-11-19/1762490393.json"
"581514","221282","2025-11-19","36.00","NZD","1762490393","23477/2025-11-19/1762490393.json"
"512557","146154","2025-11-19","45.00","NZD","1762490393","23477/2025-11-19/1762490393.json"
"365170","146153","2025-11-19","48.00","NZD","1762490393","23477/2025-11-19/1762490393.json"
"510807","146155","2025-11-19","52.00","NZD","1762490393","23477/2025-11-19/1762490393.json"
"581513","221281","2025-11-20","36.00","NZD","1762490393","23477/2025-11-20/1762490393.json"
"581514","221282","2025-11-20","36.00","NZD","1762490393","23477/2025-11-20/1762490393.json"
"512557","146154","2025-11-20","45.00","NZD","1762490393","23477/2025-11-20/1762490393.json"
"581513","221281","2025-11-24","36.00","NZD","1762490393","23477/2025-11-24/1762490393.json"
"581514","221282","2025-11-24","36.00","NZD","1762490393","23477/2025-11-24/1762490393.json"
"512557","146154","2025-11-24","45.00","NZD","1762490393","23477/2025-11-24/1762490393.json"
"365170","146153","2025-11-24","48.00","NZD","1762490393","23477/2025-11-24/1762490393.json"
"510807","146155","2025-11-24","52.00","NZD","1762490393","23477/2025-11-24/1762490393.json"
"581513","221281","2025-11-25","36.00","NZD","1762490393","23477/2025-11-25/1762490393.json"
"581514","221282","2025-11-25","36.00","NZD","1762490393","23477/2025-11-25/1762490393.json"
"512557","146154","2025-11-25","45.00","NZD","1762490393","23477/2025-11-25/1762490393.json"
"365170","146153","2025-11-25","48.00","NZD","1762490393","23477/2025-11-25/1762490393.json"
"510807","146155","2025-11-25","52.00","NZD","1762490393","23477/2025-11-25/1762490393.json"
"581513","221281","2025-11-26","36.00","NZD","1762490393","23477/2025-11-26/1762490393.json"
"581514","221282","2025-11-26","36.00","NZD","1762490393","23477/2025-11-26/1762490393.json"
"512557","146154","2025-11-26","45.00","NZD","1762490393","23477/2025-11-26/1762490393.json"
"365170","146153","2025-11-26","48.00","NZD","1762490393","23477/2025-11-26/1762490393.json"
"510807","146155","2025-11-26","52.00","NZD","1762490393","23477/2025-11-26/1762490393.json"
"581513","221281","2025-11-23","36.00","NZD","1762490393","23477/2025-11-23/1762490393.json"
"581514","221282","2025-11-23","36.00","NZD","1762490393","23477/2025-11-23/1762490393.json"
"512557","146154","2025-11-23","45.00","NZD","1762490393","23477/2025-11-23/1762490393.json"
"365170","146153","2025-11-23","48.00","NZD","1762490393","23477/2025-11-23/1762490393.json"
"510807","146155","2025-11-23","52.00","NZD","1762490393","23477/2025-11-23/1762490393.json"
"581513","221281","2025-11-27","36.00","NZD","1762490393","23477/2025-11-27/1762490393.json"
"581514","221282","2025-11-27","36.00","NZD","1762490393","23477/2025-11-27/1762490393.json"
"512557","146154","2025-11-27","45.00","NZD","1762490393","23477/2025-11-27/1762490393.json"
"365170","146153","2025-11-27","48.00","NZD","1762490393","23477/2025-11-27/1762490393.json"
"510807","146155","2025-11-27","52.00","NZD","1762490393","23477/2025-11-27/1762490393.json"
"581513","221281","2025-11-29","36.00","NZD","1762490393","23477/2025-11-29/1762490393.json"
"581514","221282","2025-11-29","36.00","NZD","1762490393","23477/2025-11-29/1762490393.json"
"512557","146154","2025-11-29","45.00","NZD","1762490393","23477/2025-11-29/1762490393.json"
"365170","146153","2025-11-29","48.00","NZD","1762490393","23477/2025-11-29/1762490393.json"
"510807","146155","2025-11-29","52.00","NZD","1762490393","23477/2025-11-29/1762490393.json"
"581513","221281","2025-11-28","36.00","NZD","1762490393","23477/2025-11-28/1762490393.json"
"581514","221282","2025-11-28","36.00","NZD","1762490393","23477/2025-11-28/1762490393.json"
"512557","146154","2025-11-28","45.00","NZD","1762490393","23477/2025-11-28/1762490393.json"
"365170","146153","2025-11-28","48.00","NZD","1762490393","23477/2025-11-28/1762490393.json"
"510807","146155","2025-11-28","52.00","NZD","1762490393","23477/2025-11-28/1762490393.json"
"581513","221281","2025-11-30","36.00","NZD","1762490393","23477/2025-11-30/1762490393.json"
"581513","221281","2025-12-01","36.00","NZD","1762490393","23477/2025-12-01/1762490393.json"
"581514","221282","2025-11-30","36.00","NZD","1762490393","23477/2025-11-30/1762490393.json"
"581514","221282","2025-12-01","36.00","NZD","1762490393","23477/2025-12-01/1762490393.json"
"512557","146154","2025-11-30","45.00","NZD","1762490393","23477/2025-11-30/1762490393.json"
"512557","146154","2025-12-01","45.00","NZD","1762490393","23477/2025-12-01/1762490393.json"
"365170","146153","2025-11-30","48.00","NZD","1762490393","23477/2025-11-30/1762490393.json"
"365170","146153","2025-12-01","48.00","NZD","1762490393","23477/2025-12-01/1762490393.json"
"510807","146155","2025-11-30","52.00","NZD","1762490393","23477/2025-11-30/1762490393.json"
"510807","146155","2025-12-01","52.00","NZD","1762490393","23477/2025-12-01/1762490393.json"
"581513","221281","2025-12-02","36.00","NZD","1762490393","23477/2025-12-02/1762490393.json"
"581514","221282","2025-12-02","36.00","NZD","1762490393","23477/2025-12-02/1762490393.json"
"512557","146154","2025-12-02","45.00","NZD","1762490393","23477/2025-12-02/1762490393.json"
"365170","146153","2025-12-02","48.00","NZD","1762490393","23477/2025-12-02/1762490393.json"
"510807","146155","2025-12-02","52.00","NZD","1762490393","23477/2025-12-02/1762490393.json"
"581513","221281","2025-12-03","36.00","NZD","1762490393","23477/2025-12-03/1762490393.json"
"581514","221282","2025-12-03","36.00","NZD","1762490393","23477/2025-12-03/1762490393.json"
"512557","146154","2025-12-03","45.00","NZD","1762490393","23477/2025-12-03/1762490393.json"
"365170","146153","2025-12-03","48.00","NZD","1762490393","23477/2025-12-03/1762490393.json"
"510807","146155","2025-12-03","52.00","NZD","1762490393","23477/2025-12-03/1762490393.json"
"581513","221281","2025-12-06","36.00","NZD","1762490393","23477/2025-12-06/1762490393.json"
"581513","221281","2025-12-05","36.00","NZD","1762490393","23477/2025-12-05/1762490393.json"
"581514","221282","2025-12-06","36.00","NZD","1762490393","23477/2025-12-06/1762490393.json"
"581514","221282","2025-12-05","36.00","NZD","1762490393","23477/2025-12-05/1762490393.json"
"512557","146154","2025-12-06","45.00","NZD","1762490393","23477/2025-12-06/1762490393.json"
"512557","146154","2025-12-05","45.00","NZD","1762490393","23477/2025-12-05/1762490393.json"
"365170","146153","2025-12-05","48.00","NZD","1762490393","23477/2025-12-05/1762490393.json"
"365170","146153","2025-12-06","48.00","NZD","1762490393","23477/2025-12-06/1762490393.json"
"510807","146155","2025-12-05","52.00","NZD","1762490393","23477/2025-12-05/1762490393.json"
"510807","146155","2025-12-06","52.00","NZD","1762490393","23477/2025-12-06/1762490393.json"
"581513","221281","2025-12-04","36.00","NZD","1762490393","23477/2025-12-04/1762490393.json"
"581514","221282","2025-12-04","36.00","NZD","1762490393","23477/2025-12-04/1762490393.json"
"512557","146154","2025-12-04","45.00","NZD","1762490393","23477/2025-12-04/1762490393.json"
"365170","146153","2025-12-04","48.00","NZD","1762490393","23477/2025-12-04/1762490393.json"
"510807","146155","2025-12-04","52.00","NZD","1762490393","23477/2025-12-04/1762490393.json"
"581513","221281","2025-12-07","36.00","NZD","1762490393","23477/2025-12-07/1762490393.json"
"581514","221282","2025-12-07","36.00","NZD","1762490393","23477/2025-12-07/1762490393.json"
"512557","146154","2025-12-07","45.00","NZD","1762490393","23477/2025-12-07/1762490393.json"
"365170","146153","2025-12-07","48.00","NZD","1762490393","23477/2025-12-07/1762490393.json"
"510807","146155","2025-12-07","52.00","NZD","1762490393","23477/2025-12-07/1762490393.json"
"581513","221281","2025-12-10","36.00","NZD","1762490393","23477/2025-12-10/1762490393.json"
"581514","221282","2025-12-10","36.00","NZD","1762490393","23477/2025-12-10/1762490393.json"
"512557","146154","2025-12-10","45.00","NZD","1762490393","23477/2025-12-10/1762490393.json"
"365170","146153","2025-12-10","48.00","NZD","1762490393","23477/2025-12-10/1762490393.json"
"510807","146155","2025-12-10","52.00","NZD","1762490393","23477/2025-12-10/1762490393.json"
"581513","221281","2025-12-09","36.00","NZD","1762490393","23477/2025-12-09/1762490393.json"
"581514","221282","2025-12-09","36.00","NZD","1762490393","23477/2025-12-09/1762490393.json"
"512557","146154","2025-12-09","45.00","NZD","1762490393","23477/2025-12-09/1762490393.json"
"365170","146153","2025-12-09","48.00","NZD","1762490393","23477/2025-12-09/1762490393.json"
"510807","146155","2025-12-09","52.00","NZD","1762490393","23477/2025-12-09/1762490393.json"
"581513","221281","2025-12-08","36.00","NZD","1762490393","23477/2025-12-08/1762490393.json"
"581514","221282","2025-12-08","36.00","NZD","1762490393","23477/2025-12-08/1762490393.json"
"512557","146154","2025-12-08","45.00","NZD","1762490393","23477/2025-12-08/1762490393.json"
"365170","146153","2025-12-08","48.00","NZD","1762490393","23477/2025-12-08/1762490393.json"
"510807","146155","2025-12-08","52.00","NZD","1762490393","23477/2025-12-08/1762490393.json"
"581513","221281","2025-12-11","36.00","NZD","1762490393","23477/2025-12-11/1762490393.json"
"581514","221282","2025-12-11","36.00","NZD","1762490393","23477/2025-12-11/1762490393.json"
"512557","146154","2025-12-11","45.00","NZD","1762490393","23477/2025-12-11/1762490393.json"
"365170","146153","2025-12-11","48.00","NZD","1762490393","23477/2025-12-11/1762490393.json"
"510807","146155","2025-12-11","52.00","NZD","1762490393","23477/2025-12-11/1762490393.json"
"581513","221281","2025-12-12","36.00","NZD","1762490393","23477/2025-12-12/1762490393.json"
"581514","221282","2025-12-12","36.00","NZD","1762490393","23477/2025-12-12/1762490393.json"
"512557","146154","2025-12-12","45.00","NZD","1762490393","23477/2025-12-12/1762490393.json"
"365170","146153","2025-12-12","48.00","NZD","1762490393","23477/2025-12-12/1762490393.json"
"510807","146155","2025-12-12","52.00","NZD","1762490393","23477/2025-12-12/1762490393.json"
"581513","221281","2025-12-14","36.00","NZD","1762490393","23477/2025-12-14/1762490393.json"
"581514","221282","2025-12-14","36.00","NZD","1762490393","23477/2025-12-14/1762490393.json"
"512557","146154","2025-12-14","45.00","NZD","1762490393","23477/2025-12-14/1762490393.json"
"365170","146153","2025-12-14","48.00","NZD","1762490393","23477/2025-12-14/1762490393.json"
"510807","146155","2025-12-14","52.00","NZD","1762490393","23477/2025-12-14/1762490393.json"
"581513","221281","2025-12-13","36.00","NZD","1762490393","23477/2025-12-13/1762490393.json"
"581514","221282","2025-12-13","36.00","NZD","1762490393","23477/2025-12-13/1762490393.json"
"512557","146154","2025-12-13","45.00","NZD","1762490393","23477/2025-12-13/1762490393.json"
"365170","146153","2025-12-13","48.00","NZD","1762490393","23477/2025-12-13/1762490393.json"
"510807","146155","2025-12-13","52.00","NZD","1762490393","23477/2025-12-13/1762490393.json"
"581513","221281","2025-12-16","36.00","NZD","1762490393","23477/2025-12-16/1762490393.json"
"581514","221282","2025-12-16","36.00","NZD","1762490393","23477/2025-12-16/1762490393.json"
"512557","146154","2025-12-16","45.00","NZD","1762490393","23477/2025-12-16/1762490393.json"
"365170","146153","2025-12-16","48.00","NZD","1762490393","23477/2025-12-16/1762490393.json"
"510807","146155","2025-12-16","52.00","NZD","1762490393","23477/2025-12-16/1762490393.json"
"581513","221281","2025-12-15","36.00","NZD","1762490393","23477/2025-12-15/1762490393.json"
"581514","221282","2025-12-15","36.00","NZD","1762490393","23477/2025-12-15/1762490393.json"
"512557","146154","2025-12-15","45.00","NZD","1762490393","23477/2025-12-15/1762490393.json"
"365170","146153","2025-12-15","48.00","NZD","1762490393","23477/2025-12-15/1762490393.json"
"510807","146155","2025-12-15","52.00","NZD","1762490393","23477/2025-12-15/1762490393.json"
"581513","221281","2025-12-17","36.00","NZD","1762490393","23477/2025-12-17/1762490393.json"
"581513","221281","2025-12-18","36.00","NZD","1762490393","23477/2025-12-18/1762490393.json"
"581514","221282","2025-12-17","36.00","NZD","1762490393","23477/2025-12-17/1762490393.json"
"581514","221282","2025-12-18","36.00","NZD","1762490393","23477/2025-12-18/1762490393.json"
"512557","146154","2025-12-18","45.00","NZD","1762490393","23477/2025-12-18/1762490393.json"
"512557","146154","2025-12-17","45.00","NZD","1762490393","23477/2025-12-17/1762490393.json"
"365170","146153","2025-12-18","48.00","NZD","1762490393","23477/2025-12-18/1762490393.json"
"365170","146153","2025-12-17","48.00","NZD","1762490393","23477/2025-12-17/1762490393.json"
"510807","146155","2025-12-18","52.00","NZD","1762490393","23477/2025-12-18/1762490393.json"
"510807","146155","2025-12-17","52.00","NZD","1762490393","23477/2025-12-17/1762490393.json"
"581513","221281","2025-12-20","36.00","NZD","1762490393","23477/2025-12-20/1762490393.json"
"581514","221282","2025-12-20","36.00","NZD","1762490393","23477/2025-12-20/1762490393.json"
"512557","146154","2025-12-20","45.00","NZD","1762490393","23477/2025-12-20/1762490393.json"
"365170","146153","2025-12-20","48.00","NZD","1762490393","23477/2025-12-20/1762490393.json"
"510807","146155","2025-12-20","52.00","NZD","1762490393","23477/2025-12-20/1762490393.json"
"581513","221281","2025-12-19","36.00","NZD","1762490393","23477/2025-12-19/1762490393.json"
"581514","221282","2025-12-19","36.00","NZD","1762490393","23477/2025-12-19/1762490393.json"
"512557","146154","2025-12-19","45.00","NZD","1762490393","23477/2025-12-19/1762490393.json"
"365170","146153","2025-12-19","48.00","NZD","1762490393","23477/2025-12-19/1762490393.json"
"510807","146155","2025-12-19","52.00","NZD","1762490393","23477/2025-12-19/1762490393.json"
"581513","221281","2025-12-21","36.00","NZD","1762490393","23477/2025-12-21/1762490393.json"
"581514","221282","2025-12-21","36.00","NZD","1762490393","23477/2025-12-21/1762490393.json"
"512557","146154","2025-12-21","45.00","NZD","1762490393","23477/2025-12-21/1762490393.json"
"365170","146153","2025-12-21","48.00","NZD","1762490393","23477/2025-12-21/1762490393.json"
"510807","146155","2025-12-21","52.00","NZD","1762490393","23477/2025-12-21/1762490393.json"
"581513","221281","2025-12-22","36.00","NZD","1762490393","23477/2025-12-22/1762490393.json"
"581514","221282","2025-12-22","36.00","NZD","1762490393","23477/2025-12-22/1762490393.json"
"512557","146154","2025-12-22","45.00","NZD","1762490393","23477/2025-12-22/1762490393.json"
"365170","146153","2025-12-22","48.00","NZD","1762490393","23477/2025-12-22/1762490393.json"
"510807","146155","2025-12-22","52.00","NZD","1762490393","23477/2025-12-22/1762490393.json"
"581513","221281","2025-12-24","38.00","NZD","1762490393","23477/2025-12-24/1762490393.json"
"581514","221282","2025-12-24","38.00","NZD","1762490393","23477/2025-12-24/1762490393.json"
"512557","146154","2025-12-24","45.00","NZD","1762490393","23477/2025-12-24/1762490393.json"
"365170","146153","2025-12-24","48.00","NZD","1762490393","23477/2025-12-24/1762490393.json"
"510807","146155","2025-12-24","52.00","NZD","1762490393","23477/2025-12-24/1762490393.json"
"581513","221281","2025-12-26","42.00","NZD","1762490393","23477/2025-12-26/1762490393.json"
"581514","221282","2025-12-26","42.00","NZD","1762490393","23477/2025-12-26/1762490393.json"
"512557","146154","2025-12-26","45.00","NZD","1762490393","23477/2025-12-26/1762490393.json"
"365170","146153","2025-12-26","48.00","NZD","1762490393","23477/2025-12-26/1762490393.json"
"510807","146155","2025-12-26","52.00","NZD","1762490393","23477/2025-12-26/1762490393.json"
"581513","221281","2025-12-25","38.00","NZD","1762490393","23477/2025-12-25/1762490393.json"
"581514","221282","2025-12-25","38.00","NZD","1762490393","23477/2025-12-25/1762490393.json"
"512557","146154","2025-12-25","45.00","NZD","1762490393","23477/2025-12-25/1762490393.json"
"365170","146153","2025-12-25","48.00","NZD","1762490393","23477/2025-12-25/1762490393.json"
"510807","146155","2025-12-25","52.00","NZD","1762490393","23477/2025-12-25/1762490393.json"
"581513","221281","2025-12-23","38.00","NZD","1762490393","23477/2025-12-23/1762490393.json"
"581514","221282","2025-12-23","38.00","NZD","1762490393","23477/2025-12-23/1762490393.json"
"512557","146154","2025-12-23","45.00","NZD","1762490393","23477/2025-12-23/1762490393.json"
"365170","146153","2025-12-23","48.00","NZD","1762490393","23477/2025-12-23/1762490393.json"
"510807","146155","2025-12-23","52.00","NZD","1762490393","23477/2025-12-23/1762490393.json"
"581513","221281","2025-12-27","42.00","NZD","1762490393","23477/2025-12-27/1762490393.json"
"581514","221282","2025-12-27","42.00","NZD","1762490393","23477/2025-12-27/1762490393.json"
"512557","146154","2025-12-27","45.00","NZD","1762490393","23477/2025-12-27/1762490393.json"
"365170","146153","2025-12-27","48.00","NZD","1762490393","23477/2025-12-27/1762490393.json"
"510807","146155","2025-12-27","52.00","NZD","1762490393","23477/2025-12-27/1762490393.json"
"581513","221281","2025-12-28","42.00","NZD","1762490393","23477/2025-12-28/1762490393.json"
"581514","221282","2025-12-28","42.00","NZD","1762490393","23477/2025-12-28/1762490393.json"
"512557","146154","2025-12-28","45.00","NZD","1762490393","23477/2025-12-28/1762490393.json"
"365170","146153","2025-12-28","48.00","NZD","1762490393","23477/2025-12-28/1762490393.json"
"510807","146155","2025-12-28","52.00","NZD","1762490393","23477/2025-12-28/1762490393.json"
"581513","221281","2025-12-29","42.00","NZD","1762490393","23477/2025-12-29/1762490393.json"
"581514","221282","2025-12-29","42.00","NZD","1762490393","23477/2025-12-29/1762490393.json"
"512557","146154","2025-12-29","45.00","NZD","1762490393","23477/2025-12-29/1762490393.json"
"365170","146153","2025-12-29","48.00","NZD","1762490393","23477/2025-12-29/1762490393.json"
"510807","146155","2025-12-29","52.00","NZD","1762490393","23477/2025-12-29/1762490393.json"
"581513","221281","2025-12-30","42.00","NZD","1762490393","23477/2025-12-30/1762490393.json"
"581514","221282","2025-12-30","42.00","NZD","1762490393","23477/2025-12-30/1762490393.json"
"512557","146154","2025-12-30","45.00","NZD","1762490393","23477/2025-12-30/1762490393.json"
"365170","146153","2025-12-30","48.00","NZD","1762490393","23477/2025-12-30/1762490393.json"
"510807","146155","2025-12-30","52.00","NZD","1762490393","23477/2025-12-30/1762490393.json"
"581513","221281","2025-12-31","42.00","NZD","1762490393","23477/2025-12-31/1762490393.json"
"581514","221282","2025-12-31","42.00","NZD","1762490393","23477/2025-12-31/1762490393.json"
"512557","146154","2025-12-31","45.00","NZD","1762490393","23477/2025-12-31/1762490393.json"
"365170","146153","2025-12-31","48.00","NZD","1762490393","23477/2025-12-31/1762490393.json"
"510807","146155","2025-12-31","52.00","NZD","1762490393","23477/2025-12-31/1762490393.json"
"581513","221281","2026-01-01","42.00","NZD","1762490393","23477/2026-01-01/1762490393.json"
"581514","221282","2026-01-01","42.00","NZD","1762490393","23477/2026-01-01/1762490393.json"
"512557","146154","2026-01-01","45.00","NZD","1762490393","23477/2026-01-01/1762490393.json"
"365170","146153","2026-01-01","48.00","NZD","1762490393","23477/2026-01-01/1762490393.json"
"510807","146155","2026-01-01","52.00","NZD","1762490393","23477/2026-01-01/1762490393.json"
"581513","221281","2026-01-02","42.00","NZD","1762490393","23477/2026-01-02/1762490393.json"
"581514","221282","2026-01-02","42.00","NZD","1762490393","23477/2026-01-02/1762490393.json"
"512557","146154","2026-01-02","45.00","NZD","1762490393","23477/2026-01-02/1762490393.json"
"365170","146153","2026-01-02","48.00","NZD","1762490393","23477/2026-01-02/1762490393.json"
"510807","146155","2026-01-02","52.00","NZD","1762490393","23477/2026-01-02/1762490393.json"
"581513","221281","2026-01-03","42.00","NZD","1762490393","23477/2026-01-03/1762490393.json"
"581514","221282","2026-01-03","42.00","NZD","1762490393","23477/2026-01-03/1762490393.json"
"512557","146154","2026-01-03","45.00","NZD","1762490393","23477/2026-01-03/1762490393.json"
"365170","146153","2026-01-03","48.00","NZD","1762490393","23477/2026-01-03/1762490393.json"
"510807","146155","2026-01-03","52.00","NZD","1762490393","23477/2026-01-03/1762490393.json"
"581513","221281","2026-01-04","42.00","NZD","1762490393","23477/2026-01-04/1762490393.json"
"581514","221282","2026-01-04","42.00","NZD","1762490393","23477/2026-01-04/1762490393.json"
"512557","146154","2026-01-04","45.00","NZD","1762490393","23477/2026-01-04/1762490393.json"
"365170","146153","2026-01-04","48.00","NZD","1762490393","23477/2026-01-04/1762490393.json"
"510807","146155","2026-01-04","52.00","NZD","1762490393","23477/2026-01-04/1762490393.json"
"581513","221281","2026-01-05","36.00","NZD","1762490393","23477/2026-01-05/1762490393.json"
"581514","221282","2026-01-05","36.00","NZD","1762490393","23477/2026-01-05/1762490393.json"
"512557","146154","2026-01-05","45.00","NZD","1762490393","23477/2026-01-05/1762490393.json"
"365170","146153","2026-01-05","48.00","NZD","1762490393","23477/2026-01-05/1762490393.json"
"510807","146155","2026-01-05","52.00","NZD","1762490393","23477/2026-01-05/1762490393.json"
"581513","221281","2026-01-06","36.00","NZD","1762490393","23477/2026-01-06/1762490393.json"
"581514","221282","2026-01-06","36.00","NZD","1762490393","23477/2026-01-06/1762490393.json"
"512557","146154","2026-01-06","45.00","NZD","1762490393","23477/2026-01-06/1762490393.json"
"365170","146153","2026-01-06","48.00","NZD","1762490393","23477/2026-01-06/1762490393.json"
"510807","146155","2026-01-06","52.00","NZD","1762490393","23477/2026-01-06/1762490393.json"
"581513","221281","2025-11-09","36.00","NZD","1762505211","23477/2025-11-09/1762505211.json"
"581514","221282","2025-11-09","36.00","NZD","1762505211","23477/2025-11-09/1762505211.json"
"512557","146154","2025-11-09","45.00","NZD","1762505211","23477/2025-11-09/1762505211.json"
"365170","146153","2025-11-09","48.00","NZD","1762505211","23477/2025-11-09/1762505211.json"
"510807","146155","2025-11-09","52.00","NZD","1762505211","23477/2025-11-09/1762505211.json"
"581513","221281","2025-11-07","36.00","NZD","1762505211","23477/2025-11-07/1762505211.json"
"581514","221282","2025-11-07","36.00","NZD","1762505211","23477/2025-11-07/1762505211.json"
"512557","146154","2025-11-07","45.00","NZD","1762505211","23477/2025-11-07/1762505211.json"
"365170","146153","2025-11-07","48.00","NZD","1762505211","23477/2025-11-07/1762505211.json"
"510807","146155","2025-11-07","52.00","NZD","1762505211","23477/2025-11-07/1762505211.json"
"581513","221281","2025-11-08","36.00","NZD","1762505211","23477/2025-11-08/1762505211.json"
"581514","221282","2025-11-08","36.00","NZD","1762505211","23477/2025-11-08/1762505211.json"
"512557","146154","2025-11-08","45.00","NZD","1762505211","23477/2025-11-08/1762505211.json"
"581513","221281","2025-11-10","36.00","NZD","1762505211","23477/2025-11-10/1762505211.json"
"365170","146153","2025-11-08","48.00","NZD","1762505211","23477/2025-11-08/1762505211.json"
"581514","221282","2025-11-10","36.00","NZD","1762505211","23477/2025-11-10/1762505211.json"
"510807","146155","2025-11-08","52.00","NZD","1762505211","23477/2025-11-08/1762505211.json"
"512557","146154","2025-11-10","45.00","NZD","1762505211","23477/2025-11-10/1762505211.json"
"365170","146153","2025-11-10","48.00","NZD","1762505211","23477/2025-11-10/1762505211.json"
"510807","146155","2025-11-10","52.00","NZD","1762505211","23477/2025-11-10/1762505211.json"
"581513","221281","2025-11-11","36.00","NZD","1762505211","23477/2025-11-11/1762505211.json"
"581514","221282","2025-11-11","36.00","NZD","1762505211","23477/2025-11-11/1762505211.json"
"512557","146154","2025-11-11","45.00","NZD","1762505211","23477/2025-11-11/1762505211.json"
"365170","146153","2025-11-11","48.00","NZD","1762505211","23477/2025-11-11/1762505211.json"
"510807","146155","2025-11-11","52.00","NZD","1762505211","23477/2025-11-11/1762505211.json"
"581513","221281","2025-11-12","36.00","NZD","1762505211","23477/2025-11-12/1762505211.json"
"581514","221282","2025-11-12","36.00","NZD","1762505211","23477/2025-11-12/1762505211.json"
"512557","146154","2025-11-12","45.00","NZD","1762505211","23477/2025-11-12/1762505211.json"
"365170","146153","2025-11-12","48.00","NZD","1762505211","23477/2025-11-12/1762505211.json"
"510807","146155","2025-11-12","52.00","NZD","1762505211","23477/2025-11-12/1762505211.json"
"581513","221281","2025-11-13","36.00","NZD","1762505211","23477/2025-11-13/1762505211.json"
"581514","221282","2025-11-13","36.00","NZD","1762505211","23477/2025-11-13/1762505211.json"
"512557","146154","2025-11-13","45.00","NZD","1762505211","23477/2025-11-13/1762505211.json"
"365170","146153","2025-11-13","48.00","NZD","1762505211","23477/2025-11-13/1762505211.json"
"510807","146155","2025-11-13","52.00","NZD","1762505211","23477/2025-11-13/1762505211.json"
"581513","221281","2025-11-14","36.00","NZD","1762505211","23477/2025-11-14/1762505211.json"
"581514","221282","2025-11-14","36.00","NZD","1762505211","23477/2025-11-14/1762505211.json"
"512557","146154","2025-11-14","45.00","NZD","1762505211","23477/2025-11-14/1762505211.json"
"365170","146153","2025-11-14","48.00","NZD","1762505211","23477/2025-11-14/1762505211.json"
"510807","146155","2025-11-14","52.00","NZD","1762505211","23477/2025-11-14/1762505211.json"
"581513","221281","2025-11-16","36.00","NZD","1762505211","23477/2025-11-16/1762505211.json"
"581514","221282","2025-11-16","36.00","NZD","1762505211","23477/2025-11-16/1762505211.json"
"512557","146154","2025-11-16","45.00","NZD","1762505211","23477/2025-11-16/1762505211.json"
"365170","146153","2025-11-16","48.00","NZD","1762505211","23477/2025-11-16/1762505211.json"
"510807","146155","2025-11-16","52.00","NZD","1762505211","23477/2025-11-16/1762505211.json"
"581513","221281","2025-11-15","36.00","NZD","1762505211","23477/2025-11-15/1762505211.json"
"581514","221282","2025-11-15","36.00","NZD","1762505211","23477/2025-11-15/1762505211.json"
"512557","146154","2025-11-15","45.00","NZD","1762505211","23477/2025-11-15/1762505211.json"
"365170","146153","2025-11-15","48.00","NZD","1762505211","23477/2025-11-15/1762505211.json"
"510807","146155","2025-11-15","52.00","NZD","1762505211","23477/2025-11-15/1762505211.json"
"581513","221281","2025-11-18","36.00","NZD","1762505211","23477/2025-11-18/1762505211.json"
"581514","221282","2025-11-18","36.00","NZD","1762505211","23477/2025-11-18/1762505211.json"
"512557","146154","2025-11-18","45.00","NZD","1762505211","23477/2025-11-18/1762505211.json"
"365170","146153","2025-11-18","48.00","NZD","1762505211","23477/2025-11-18/1762505211.json"
"510807","146155","2025-11-18","52.00","NZD","1762505211","23477/2025-11-18/1762505211.json"
"581513","221281","2025-11-17","36.00","NZD","1762505211","23477/2025-11-17/1762505211.json"
"581514","221282","2025-11-17","36.00","NZD","1762505211","23477/2025-11-17/1762505211.json"
"512557","146154","2025-11-17","45.00","NZD","1762505211","23477/2025-11-17/1762505211.json"
"365170","146153","2025-11-17","48.00","NZD","1762505211","23477/2025-11-17/1762505211.json"
"510807","146155","2025-11-17","52.00","NZD","1762505211","23477/2025-11-17/1762505211.json"
"581513","221281","2025-11-19","36.00","NZD","1762505211","23477/2025-11-19/1762505211.json"
"581514","221282","2025-11-19","36.00","NZD","1762505211","23477/2025-11-19/1762505211.json"
"512557","146154","2025-11-19","45.00","NZD","1762505211","23477/2025-11-19/1762505211.json"
"365170","146153","2025-11-19","48.00","NZD","1762505211","23477/2025-11-19/1762505211.json"
"510807","146155","2025-11-19","52.00","NZD","1762505211","23477/2025-11-19/1762505211.json"
"581513","221281","2025-11-20","36.00","NZD","1762505211","23477/2025-11-20/1762505211.json"
"581514","221282","2025-11-20","36.00","NZD","1762505211","23477/2025-11-20/1762505211.json"
"512557","146154","2025-11-20","45.00","NZD","1762505211","23477/2025-11-20/1762505211.json"
"581513","221281","2025-11-21","36.00","NZD","1762505211","23477/2025-11-21/1762505211.json"
"581514","221282","2025-11-21","36.00","NZD","1762505211","23477/2025-11-21/1762505211.json"
"512557","146154","2025-11-21","45.00","NZD","1762505211","23477/2025-11-21/1762505211.json"
"365170","146153","2025-11-21","48.00","NZD","1762505211","23477/2025-11-21/1762505211.json"
"510807","146155","2025-11-21","52.00","NZD","1762505211","23477/2025-11-21/1762505211.json"
"581513","221281","2025-11-22","36.00","NZD","1762505211","23477/2025-11-22/1762505211.json"
"581514","221282","2025-11-22","36.00","NZD","1762505211","23477/2025-11-22/1762505211.json"
"512557","146154","2025-11-22","45.00","NZD","1762505211","23477/2025-11-22/1762505211.json"
"365170","146153","2025-11-22","48.00","NZD","1762505211","23477/2025-11-22/1762505211.json"
"510807","146155","2025-11-22","52.00","NZD","1762505211","23477/2025-11-22/1762505211.json"
"581513","221281","2025-11-23","36.00","NZD","1762505211","23477/2025-11-23/1762505211.json"
"581514","221282","2025-11-23","36.00","NZD","1762505211","23477/2025-11-23/1762505211.json"
"512557","146154","2025-11-23","45.00","NZD","1762505211","23477/2025-11-23/1762505211.json"
"365170","146153","2025-11-23","48.00","NZD","1762505211","23477/2025-11-23/1762505211.json"
"510807","146155","2025-11-23","52.00","NZD","1762505211","23477/2025-11-23/1762505211.json"
"581513","221281","2025-11-24","36.00","NZD","1762505211","23477/2025-11-24/1762505211.json"
"581514","221282","2025-11-24","36.00","NZD","1762505211","23477/2025-11-24/1762505211.json"
"512557","146154","2025-11-24","45.00","NZD","1762505211","23477/2025-11-24/1762505211.json"
"365170","146153","2025-11-24","48.00","NZD","1762505211","23477/2025-11-24/1762505211.json"
"510807","146155","2025-11-24","52.00","NZD","1762505211","23477/2025-11-24/1762505211.json"
"581513","221281","2025-11-25","36.00","NZD","1762505211","23477/2025-11-25/1762505211.json"
"581514","221282","2025-11-25","36.00","NZD","1762505211","23477/2025-11-25/1762505211.json"
"512557","146154","2025-11-25","45.00","NZD","1762505211","23477/2025-11-25/1762505211.json"
"365170","146153","2025-11-25","48.00","NZD","1762505211","23477/2025-11-25/1762505211.json"
"510807","146155","2025-11-25","52.00","NZD","1762505211","23477/2025-11-25/1762505211.json"
"581513","221281","2025-11-26","36.00","NZD","1762505211","23477/2025-11-26/1762505211.json"
"581514","221282","2025-11-26","36.00","NZD","1762505211","23477/2025-11-26/1762505211.json"
"512557","146154","2025-11-26","45.00","NZD","1762505211","23477/2025-11-26/1762505211.json"
"365170","146153","2025-11-26","48.00","NZD","1762505211","23477/2025-11-26/1762505211.json"
"510807","146155","2025-11-26","52.00","NZD","1762505211","23477/2025-11-26/1762505211.json"
"581513","221281","2025-11-27","36.00","NZD","1762505211","23477/2025-11-27/1762505211.json"
"581514","221282","2025-11-27","36.00","NZD","1762505211","23477/2025-11-27/1762505211.json"
"512557","146154","2025-11-27","45.00","NZD","1762505211","23477/2025-11-27/1762505211.json"
"365170","146153","2025-11-27","48.00","NZD","1762505211","23477/2025-11-27/1762505211.json"
"510807","146155","2025-11-27","52.00","NZD","1762505211","23477/2025-11-27/1762505211.json"
"581513","221281","2025-11-28","36.00","NZD","1762505211","23477/2025-11-28/1762505211.json"
"581514","221282","2025-11-28","36.00","NZD","1762505211","23477/2025-11-28/1762505211.json"
"512557","146154","2025-11-28","45.00","NZD","1762505211","23477/2025-11-28/1762505211.json"
"365170","146153","2025-11-28","48.00","NZD","1762505211","23477/2025-11-28/1762505211.json"
"510807","146155","2025-11-28","52.00","NZD","1762505211","23477/2025-11-28/1762505211.json"
"581513","221281","2025-11-29","36.00","NZD","1762505211","23477/2025-11-29/1762505211.json"
"581514","221282","2025-11-29","36.00","NZD","1762505211","23477/2025-11-29/1762505211.json"
"512557","146154","2025-11-29","45.00","NZD","1762505211","23477/2025-11-29/1762505211.json"
"365170","146153","2025-11-29","48.00","NZD","1762505211","23477/2025-11-29/1762505211.json"
"510807","146155","2025-11-29","52.00","NZD","1762505211","23477/2025-11-29/1762505211.json"
"581513","221281","2025-11-30","36.00","NZD","1762505211","23477/2025-11-30/1762505211.json"
"581514","221282","2025-11-30","36.00","NZD","1762505211","23477/2025-11-30/1762505211.json"
"512557","146154","2025-11-30","45.00","NZD","1762505211","23477/2025-11-30/1762505211.json"
"365170","146153","2025-11-30","48.00","NZD","1762505211","23477/2025-11-30/1762505211.json"
"510807","146155","2025-11-30","52.00","NZD","1762505211","23477/2025-11-30/1762505211.json"
"581513","221281","2025-12-01","36.00","NZD","1762505211","23477/2025-12-01/1762505211.json"
"581514","221282","2025-12-01","36.00","NZD","1762505211","23477/2025-12-01/1762505211.json"
"512557","146154","2025-12-01","45.00","NZD","1762505211","23477/2025-12-01/1762505211.json"
"365170","146153","2025-12-01","48.00","NZD","1762505211","23477/2025-12-01/1762505211.json"
"510807","146155","2025-12-01","52.00","NZD","1762505211","23477/2025-12-01/1762505211.json"
"581513","221281","2025-12-02","36.00","NZD","1762505211","23477/2025-12-02/1762505211.json"
"581514","221282","2025-12-02","36.00","NZD","1762505211","23477/2025-12-02/1762505211.json"
"512557","146154","2025-12-02","45.00","NZD","1762505211","23477/2025-12-02/1762505211.json"
"365170","146153","2025-12-02","48.00","NZD","1762505211","23477/2025-12-02/1762505211.json"
"510807","146155","2025-12-02","52.00","NZD","1762505211","23477/2025-12-02/1762505211.json"
"581513","221281","2025-12-03","36.00","NZD","1762505211","23477/2025-12-03/1762505211.json"
"581514","221282","2025-12-03","36.00","NZD","1762505211","23477/2025-12-03/1762505211.json"
"512557","146154","2025-12-03","45.00","NZD","1762505211","23477/2025-12-03/1762505211.json"
"365170","146153","2025-12-03","48.00","NZD","1762505211","23477/2025-12-03/1762505211.json"
"510807","146155","2025-12-03","52.00","NZD","1762505211","23477/2025-12-03/1762505211.json"
"581513","221281","2025-12-06","36.00","NZD","1762505211","23477/2025-12-06/1762505211.json"
"581514","221282","2025-12-06","36.00","NZD","1762505211","23477/2025-12-06/1762505211.json"
"512557","146154","2025-12-06","45.00","NZD","1762505211","23477/2025-12-06/1762505211.json"
"365170","146153","2025-12-06","48.00","NZD","1762505211","23477/2025-12-06/1762505211.json"
"510807","146155","2025-12-06","52.00","NZD","1762505211","23477/2025-12-06/1762505211.json"
"581513","221281","2025-12-05","36.00","NZD","1762505211","23477/2025-12-05/1762505211.json"
"581514","221282","2025-12-05","36.00","NZD","1762505211","23477/2025-12-05/1762505211.json"
"512557","146154","2025-12-05","45.00","NZD","1762505211","23477/2025-12-05/1762505211.json"
"365170","146153","2025-12-05","48.00","NZD","1762505211","23477/2025-12-05/1762505211.json"
"510807","146155","2025-12-05","52.00","NZD","1762505211","23477/2025-12-05/1762505211.json"
"581513","221281","2025-12-04","36.00","NZD","1762505211","23477/2025-12-04/1762505211.json"
"581514","221282","2025-12-04","36.00","NZD","1762505211","23477/2025-12-04/1762505211.json"
"512557","146154","2025-12-04","45.00","NZD","1762505211","23477/2025-12-04/1762505211.json"
"365170","146153","2025-12-04","48.00","NZD","1762505211","23477/2025-12-04/1762505211.json"
"510807","146155","2025-12-04","52.00","NZD","1762505211","23477/2025-12-04/1762505211.json"
"581513","221281","2025-12-07","36.00","NZD","1762505211","23477/2025-12-07/1762505211.json"
"581514","221282","2025-12-07","36.00","NZD","1762505211","23477/2025-12-07/1762505211.json"
"512557","146154","2025-12-07","45.00","NZD","1762505211","23477/2025-12-07/1762505211.json"
"365170","146153","2025-12-07","48.00","NZD","1762505211","23477/2025-12-07/1762505211.json"
"510807","146155","2025-12-07","52.00","NZD","1762505211","23477/2025-12-07/1762505211.json"
"581513","221281","2025-12-08","36.00","NZD","1762505211","23477/2025-12-08/1762505211.json"
"581514","221282","2025-12-08","36.00","NZD","1762505211","23477/2025-12-08/1762505211.json"
"512557","146154","2025-12-08","45.00","NZD","1762505211","23477/2025-12-08/1762505211.json"
"365170","146153","2025-12-08","48.00","NZD","1762505211","23477/2025-12-08/1762505211.json"
"510807","146155","2025-12-08","52.00","NZD","1762505211","23477/2025-12-08/1762505211.json"
"581513","221281","2025-12-10","36.00","NZD","1762505211","23477/2025-12-10/1762505211.json"
"581514","221282","2025-12-10","36.00","NZD","1762505211","23477/2025-12-10/1762505211.json"
"512557","146154","2025-12-10","45.00","NZD","1762505211","23477/2025-12-10/1762505211.json"
"365170","146153","2025-12-10","48.00","NZD","1762505211","23477/2025-12-10/1762505211.json"
"510807","146155","2025-12-10","52.00","NZD","1762505211","23477/2025-12-10/1762505211.json"
"581513","221281","2025-12-09","36.00","NZD","1762505211","23477/2025-12-09/1762505211.json"
"581514","221282","2025-12-09","36.00","NZD","1762505211","23477/2025-12-09/1762505211.json"
"512557","146154","2025-12-09","45.00","NZD","1762505211","23477/2025-12-09/1762505211.json"
"365170","146153","2025-12-09","48.00","NZD","1762505211","23477/2025-12-09/1762505211.json"
"510807","146155","2025-12-09","52.00","NZD","1762505211","23477/2025-12-09/1762505211.json"
"581513","221281","2025-12-11","36.00","NZD","1762505211","23477/2025-12-11/1762505211.json"
"581514","221282","2025-12-11","36.00","NZD","1762505211","23477/2025-12-11/1762505211.json"
"512557","146154","2025-12-11","45.00","NZD","1762505211","23477/2025-12-11/1762505211.json"
"365170","146153","2025-12-11","48.00","NZD","1762505211","23477/2025-12-11/1762505211.json"
"510807","146155","2025-12-11","52.00","NZD","1762505211","23477/2025-12-11/1762505211.json"
"581513","221281","2025-12-12","36.00","NZD","1762505211","23477/2025-12-12/1762505211.json"
"581514","221282","2025-12-12","36.00","NZD","1762505211","23477/2025-12-12/1762505211.json"
"512557","146154","2025-12-12","45.00","NZD","1762505211","23477/2025-12-12/1762505211.json"
"365170","146153","2025-12-12","48.00","NZD","1762505211","23477/2025-12-12/1762505211.json"
"510807","146155","2025-12-12","52.00","NZD","1762505211","23477/2025-12-12/1762505211.json"
"581513","221281","2025-12-15","36.00","NZD","1762505211","23477/2025-12-15/1762505211.json"
"581514","221282","2025-12-15","36.00","NZD","1762505211","23477/2025-12-15/1762505211.json"
"512557","146154","2025-12-15","45.00","NZD","1762505211","23477/2025-12-15/1762505211.json"
"365170","146153","2025-12-15","48.00","NZD","1762505211","23477/2025-12-15/1762505211.json"
"510807","146155","2025-12-15","52.00","NZD","1762505211","23477/2025-12-15/1762505211.json"
"581513","221281","2025-12-13","36.00","NZD","1762505211","23477/2025-12-13/1762505211.json"
"581514","221282","2025-12-13","36.00","NZD","1762505211","23477/2025-12-13/1762505211.json"
"512557","146154","2025-12-13","45.00","NZD","1762505211","23477/2025-12-13/1762505211.json"
"365170","146153","2025-12-13","48.00","NZD","1762505211","23477/2025-12-13/1762505211.json"
"510807","146155","2025-12-13","52.00","NZD","1762505211","23477/2025-12-13/1762505211.json"
"581513","221281","2025-12-16","36.00","NZD","1762505211","23477/2025-12-16/1762505211.json"
"581514","221282","2025-12-16","36.00","NZD","1762505211","23477/2025-12-16/1762505211.json"
"512557","146154","2025-12-16","45.00","NZD","1762505211","23477/2025-12-16/1762505211.json"
"365170","146153","2025-12-16","48.00","NZD","1762505211","23477/2025-12-16/1762505211.json"
"510807","146155","2025-12-16","52.00","NZD","1762505211","23477/2025-12-16/1762505211.json"
"581513","221281","2025-12-17","36.00","NZD","1762505211","23477/2025-12-17/1762505211.json"
"581514","221282","2025-12-17","36.00","NZD","1762505211","23477/2025-12-17/1762505211.json"
"512557","146154","2025-12-17","45.00","NZD","1762505211","23477/2025-12-17/1762505211.json"
"365170","146153","2025-12-17","48.00","NZD","1762505211","23477/2025-12-17/1762505211.json"
"510807","146155","2025-12-17","52.00","NZD","1762505211","23477/2025-12-17/1762505211.json"
"581513","221281","2025-12-18","36.00","NZD","1762505211","23477/2025-12-18/1762505211.json"
"581514","221282","2025-12-18","36.00","NZD","1762505211","23477/2025-12-18/1762505211.json"
"512557","146154","2025-12-18","45.00","NZD","1762505211","23477/2025-12-18/1762505211.json"
"365170","146153","2025-12-18","48.00","NZD","1762505211","23477/2025-12-18/1762505211.json"
"510807","146155","2025-12-18","52.00","NZD","1762505211","23477/2025-12-18/1762505211.json"
"581513","221281","2025-12-19","36.00","NZD","1762505211","23477/2025-12-19/1762505211.json"
"581514","221282","2025-12-19","36.00","NZD","1762505211","23477/2025-12-19/1762505211.json"
"512557","146154","2025-12-19","45.00","NZD","1762505211","23477/2025-12-19/1762505211.json"
"365170","146153","2025-12-19","48.00","NZD","1762505211","23477/2025-12-19/1762505211.json"
"510807","146155","2025-12-19","52.00","NZD","1762505211","23477/2025-12-19/1762505211.json"
"581513","221281","2025-12-14","36.00","NZD","1762505211","23477/2025-12-14/1762505211.json"
"581514","221282","2025-12-14","36.00","NZD","1762505211","23477/2025-12-14/1762505211.json"
"512557","146154","2025-12-14","45.00","NZD","1762505211","23477/2025-12-14/1762505211.json"
"365170","146153","2025-12-14","48.00","NZD","1762505211","23477/2025-12-14/1762505211.json"
"510807","146155","2025-12-14","52.00","NZD","1762505211","23477/2025-12-14/1762505211.json"
"581513","221281","2025-12-20","36.00","NZD","1762505211","23477/2025-12-20/1762505211.json"
"581514","221282","2025-12-20","36.00","NZD","1762505211","23477/2025-12-20/1762505211.json"
"512557","146154","2025-12-20","45.00","NZD","1762505211","23477/2025-12-20/1762505211.json"
"365170","146153","2025-12-20","48.00","NZD","1762505211","23477/2025-12-20/1762505211.json"
"510807","146155","2025-12-20","52.00","NZD","1762505211","23477/2025-12-20/1762505211.json"
"581513","221281","2025-12-22","36.00","NZD","1762505211","23477/2025-12-22/1762505211.json"
"581514","221282","2025-12-22","36.00","NZD","1762505211","23477/2025-12-22/1762505211.json"
"512557","146154","2025-12-22","45.00","NZD","1762505211","23477/2025-12-22/1762505211.json"
"365170","146153","2025-12-22","48.00","NZD","1762505211","23477/2025-12-22/1762505211.json"
"510807","146155","2025-12-22","52.00","NZD","1762505211","23477/2025-12-22/1762505211.json"
"581513","221281","2025-12-21","36.00","NZD","1762505211","23477/2025-12-21/1762505211.json"
"581514","221282","2025-12-21","36.00","NZD","1762505211","23477/2025-12-21/1762505211.json"
"512557","146154","2025-12-21","45.00","NZD","1762505211","23477/2025-12-21/1762505211.json"
"365170","146153","2025-12-21","48.00","NZD","1762505211","23477/2025-12-21/1762505211.json"
"510807","146155","2025-12-21","52.00","NZD","1762505211","23477/2025-12-21/1762505211.json"
"581513","221281","2025-12-23","38.00","NZD","1762505211","23477/2025-12-23/1762505211.json"
"581514","221282","2025-12-23","38.00","NZD","1762505211","23477/2025-12-23/1762505211.json"
"512557","146154","2025-12-23","45.00","NZD","1762505211","23477/2025-12-23/1762505211.json"
"365170","146153","2025-12-23","48.00","NZD","1762505211","23477/2025-12-23/1762505211.json"
"510807","146155","2025-12-23","52.00","NZD","1762505211","23477/2025-12-23/1762505211.json"
"581513","221281","2025-12-24","38.00","NZD","1762505211","23477/2025-12-24/1762505211.json"
"581514","221282","2025-12-24","38.00","NZD","1762505211","23477/2025-12-24/1762505211.json"
"512557","146154","2025-12-24","45.00","NZD","1762505211","23477/2025-12-24/1762505211.json"
"365170","146153","2025-12-24","48.00","NZD","1762505211","23477/2025-12-24/1762505211.json"
"510807","146155","2025-12-24","52.00","NZD","1762505211","23477/2025-12-24/1762505211.json"
"581513","221281","2025-12-26","42.00","NZD","1762505211","23477/2025-12-26/1762505211.json"
"581514","221282","2025-12-26","42.00","NZD","1762505211","23477/2025-12-26/1762505211.json"
"512557","146154","2025-12-26","45.00","NZD","1762505211","23477/2025-12-26/1762505211.json"
"365170","146153","2025-12-26","48.00","NZD","1762505211","23477/2025-12-26/1762505211.json"
"510807","146155","2025-12-26","52.00","NZD","1762505211","23477/2025-12-26/1762505211.json"
"581513","221281","2025-12-27","42.00","NZD","1762505211","23477/2025-12-27/1762505211.json"
"581514","221282","2025-12-27","42.00","NZD","1762505211","23477/2025-12-27/1762505211.json"
"512557","146154","2025-12-27","45.00","NZD","1762505211","23477/2025-12-27/1762505211.json"
"365170","146153","2025-12-27","48.00","NZD","1762505211","23477/2025-12-27/1762505211.json"
"510807","146155","2025-12-27","52.00","NZD","1762505211","23477/2025-12-27/1762505211.json"
"581513","221281","2025-12-25","38.00","NZD","1762505211","23477/2025-12-25/1762505211.json"
"581514","221282","2025-12-25","38.00","NZD","1762505211","23477/2025-12-25/1762505211.json"
"512557","146154","2025-12-25","45.00","NZD","1762505211","23477/2025-12-25/1762505211.json"
"365170","146153","2025-12-25","48.00","NZD","1762505211","23477/2025-12-25/1762505211.json"
"510807","146155","2025-12-25","52.00","NZD","1762505211","23477/2025-12-25/1762505211.json"
"581513","221281","2025-12-31","42.00","NZD","1762505211","23477/2025-12-31/1762505211.json"
"581514","221282","2025-12-31","42.00","NZD","1762505211","23477/2025-12-31/1762505211.json"
"512557","146154","2025-12-31","45.00","NZD","1762505211","23477/2025-12-31/1762505211.json"
"365170","146153","2025-12-31","48.00","NZD","1762505211","23477/2025-12-31/1762505211.json"
"510807","146155","2025-12-31","52.00","NZD","1762505211","23477/2025-12-31/1762505211.json"
"581513","221281","2025-12-29","42.00","NZD","1762505211","23477/2025-12-29/1762505211.json"
"581514","221282","2025-12-29","42.00","NZD","1762505211","23477/2025-12-29/1762505211.json"
"512557","146154","2025-12-29","45.00","NZD","1762505211","23477/2025-12-29/1762505211.json"
"365170","146153","2025-12-29","48.00","NZD","1762505211","23477/2025-12-29/1762505211.json"
"510807","146155","2025-12-29","52.00","NZD","1762505211","23477/2025-12-29/1762505211.json"
"581513","221281","2025-12-28","42.00","NZD","1762505211","23477/2025-12-28/1762505211.json"
"581514","221282","2025-12-28","42.00","NZD","1762505211","23477/2025-12-28/1762505211.json"
"512557","146154","2025-12-28","45.00","NZD","1762505211","23477/2025-12-28/1762505211.json"
"365170","146153","2025-12-28","48.00","NZD","1762505211","23477/2025-12-28/1762505211.json"
"510807","146155","2025-12-28","52.00","NZD","1762505211","23477/2025-12-28/1762505211.json"
"581513","221281","2025-12-30","42.00","NZD","1762505211","23477/2025-12-30/1762505211.json"
"581514","221282","2025-12-30","42.00","NZD","1762505211","23477/2025-12-30/1762505211.json"
"512557","146154","2025-12-30","45.00","NZD","1762505211","23477/2025-12-30/1762505211.json"
"365170","146153","2025-12-30","48.00","NZD","1762505211","23477/2025-12-30/1762505211.json"
"510807","146155","2025-12-30","52.00","NZD","1762505211","23477/2025-12-30/1762505211.json"
"581513","221281","2026-01-04","42.00","NZD","1762505211","23477/2026-01-04/1762505211.json"
"581514","221282","2026-01-04","42.00","NZD","1762505211","23477/2026-01-04/1762505211.json"
"512557","146154","2026-01-04","45.00","NZD","1762505211","23477/2026-01-04/1762505211.json"
"365170","146153","2026-01-04","48.00","NZD","1762505211","23477/2026-01-04/1762505211.json"
"510807","146155","2026-01-04","52.00","NZD","1762505211","23477/2026-01-04/1762505211.json"
"581513","221281","2026-01-01","42.00","NZD","1762505211","23477/2026-01-01/1762505211.json"
"581514","221282","2026-01-01","42.00","NZD","1762505211","23477/2026-01-01/1762505211.json"
"512557","146154","2026-01-01","45.00","NZD","1762505211","23477/2026-01-01/1762505211.json"
"365170","146153","2026-01-01","48.00","NZD","1762505211","23477/2026-01-01/1762505211.json"
"510807","146155","2026-01-01","52.00","NZD","1762505211","23477/2026-01-01/1762505211.json"
"581513","221281","2026-01-02","42.00","NZD","1762505211","23477/2026-01-02/1762505211.json"
"581514","221282","2026-01-02","42.00","NZD","1762505211","23477/2026-01-02/1762505211.json"
"512557","146154","2026-01-02","45.00","NZD","1762505211","23477/2026-01-02/1762505211.json"
"365170","146153","2026-01-02","48.00","NZD","1762505211","23477/2026-01-02/1762505211.json"
"510807","146155","2026-01-02","52.00","NZD","1762505211","23477/2026-01-02/1762505211.json"
"581513","221281","2026-01-03","42.00","NZD","1762505211","23477/2026-01-03/1762505211.json"
"581514","221282","2026-01-03","42.00","NZD","1762505211","23477/2026-01-03/1762505211.json"
"512557","146154","2026-01-03","45.00","NZD","1762505211","23477/2026-01-03/1762505211.json"
"365170","146153","2026-01-03","48.00","NZD","1762505211","23477/2026-01-03/1762505211.json"
"510807","146155","2026-01-03","52.00","NZD","1762505211","23477/2026-01-03/1762505211.json"
"581513","221281","2026-01-06","36.00","NZD","1762505211","23477/2026-01-06/1762505211.json"
"581514","221282","2026-01-06","36.00","NZD","1762505211","23477/2026-01-06/1762505211.json"
"512557","146154","2026-01-06","45.00","NZD","1762505211","23477/2026-01-06/1762505211.json"
"365170","146153","2026-01-06","48.00","NZD","1762505211","23477/2026-01-06/1762505211.json"
"510807","146155","2026-01-06","52.00","NZD","1762505211","23477/2026-01-06/1762505211.json"
"581513","221281","2026-01-05","36.00","NZD","1762505211","23477/2026-01-05/1762505211.json"
"581514","221282","2026-01-05","36.00","NZD","1762505211","23477/2026-01-05/1762505211.json"
"512557","146154","2026-01-05","45.00","NZD","1762505211","23477/2026-01-05/1762505211.json"
"365170","146153","2026-01-05","48.00","NZD","1762505211","23477/2026-01-05/1762505211.json"
"510807","146155","2026-01-05","52.00","NZD","1762505211","23477/2026-01-05/1762505211.json"
"581513","221281","2025-11-10","36.00","NZD","1762520446","23477/2025-11-10/1762520446.json"
"581514","221282","2025-11-10","36.00","NZD","1762520446","23477/2025-11-10/1762520446.json"
"512557","146154","2025-11-10","45.00","NZD","1762520446","23477/2025-11-10/1762520446.json"
"365170","146153","2025-11-10","48.00","NZD","1762520446","23477/2025-11-10/1762520446.json"
"510807","146155","2025-11-10","52.00","NZD","1762520446","23477/2025-11-10/1762520446.json"
"581513","221281","2025-11-08","36.00","NZD","1762520446","23477/2025-11-08/1762520446.json"
"581514","221282","2025-11-08","36.00","NZD","1762520446","23477/2025-11-08/1762520446.json"
"512557","146154","2025-11-08","45.00","NZD","1762520446","23477/2025-11-08/1762520446.json"
"365170","146153","2025-11-08","48.00","NZD","1762520446","23477/2025-11-08/1762520446.json"
"510807","146155","2025-11-08","52.00","NZD","1762520446","23477/2025-11-08/1762520446.json"
"581513","221281","2025-11-09","36.00","NZD","1762520446","23477/2025-11-09/1762520446.json"
"581514","221282","2025-11-09","36.00","NZD","1762520446","23477/2025-11-09/1762520446.json"
"512557","146154","2025-11-09","45.00","NZD","1762520446","23477/2025-11-09/1762520446.json"
"365170","146153","2025-11-09","48.00","NZD","1762520446","23477/2025-11-09/1762520446.json"
"510807","146155","2025-11-09","52.00","NZD","1762520446","23477/2025-11-09/1762520446.json"
"581513","221281","2025-11-11","36.00","NZD","1762520446","23477/2025-11-11/1762520446.json"
"581514","221282","2025-11-11","36.00","NZD","1762520446","23477/2025-11-11/1762520446.json"
"512557","146154","2025-11-11","45.00","NZD","1762520446","23477/2025-11-11/1762520446.json"
"365170","146153","2025-11-11","48.00","NZD","1762520446","23477/2025-11-11/1762520446.json"
"510807","146155","2025-11-11","52.00","NZD","1762520446","23477/2025-11-11/1762520446.json"
"581513","221281","2025-11-12","36.00","NZD","1762520446","23477/2025-11-12/1762520446.json"
"581514","221282","2025-11-12","36.00","NZD","1762520446","23477/2025-11-12/1762520446.json"
"512557","146154","2025-11-12","45.00","NZD","1762520446","23477/2025-11-12/1762520446.json"
"365170","146153","2025-11-12","48.00","NZD","1762520446","23477/2025-11-12/1762520446.json"
"510807","146155","2025-11-12","52.00","NZD","1762520446","23477/2025-11-12/1762520446.json"
"581513","221281","2025-11-14","36.00","NZD","1762520446","23477/2025-11-14/1762520446.json"
"581514","221282","2025-11-14","36.00","NZD","1762520446","23477/2025-11-14/1762520446.json"
"512557","146154","2025-11-14","45.00","NZD","1762520446","23477/2025-11-14/1762520446.json"
"365170","146153","2025-11-14","48.00","NZD","1762520446","23477/2025-11-14/1762520446.json"
"510807","146155","2025-11-14","52.00","NZD","1762520446","23477/2025-11-14/1762520446.json"
"581513","221281","2025-11-13","36.00","NZD","1762520446","23477/2025-11-13/1762520446.json"
"581514","221282","2025-11-13","36.00","NZD","1762520446","23477/2025-11-13/1762520446.json"
"512557","146154","2025-11-13","45.00","NZD","1762520446","23477/2025-11-13/1762520446.json"
"365170","146153","2025-11-13","48.00","NZD","1762520446","23477/2025-11-13/1762520446.json"
"510807","146155","2025-11-13","52.00","NZD","1762520446","23477/2025-11-13/1762520446.json"
"581513","221281","2025-11-15","36.00","NZD","1762520446","23477/2025-11-15/1762520446.json"
"581514","221282","2025-11-15","36.00","NZD","1762520446","23477/2025-11-15/1762520446.json"
"512557","146154","2025-11-15","45.00","NZD","1762520446","23477/2025-11-15/1762520446.json"
"365170","146153","2025-11-15","48.00","NZD","1762520446","23477/2025-11-15/1762520446.json"
"510807","146155","2025-11-15","52.00","NZD","1762520446","23477/2025-11-15/1762520446.json"
"581513","221281","2025-11-17","36.00","NZD","1762520446","23477/2025-11-17/1762520446.json"
"581514","221282","2025-11-17","36.00","NZD","1762520446","23477/2025-11-17/1762520446.json"
"512557","146154","2025-11-17","45.00","NZD","1762520446","23477/2025-11-17/1762520446.json"
"365170","146153","2025-11-17","48.00","NZD","1762520446","23477/2025-11-17/1762520446.json"
"510807","146155","2025-11-17","52.00","NZD","1762520446","23477/2025-11-17/1762520446.json"
"581513","221281","2025-11-16","36.00","NZD","1762520446","23477/2025-11-16/1762520446.json"
"581514","221282","2025-11-16","36.00","NZD","1762520446","23477/2025-11-16/1762520446.json"
"512557","146154","2025-11-16","45.00","NZD","1762520446","23477/2025-11-16/1762520446.json"
"365170","146153","2025-11-16","48.00","NZD","1762520446","23477/2025-11-16/1762520446.json"
"510807","146155","2025-11-16","52.00","NZD","1762520446","23477/2025-11-16/1762520446.json"
"581513","221281","2025-11-18","36.00","NZD","1762520446","23477/2025-11-18/1762520446.json"
"581514","221282","2025-11-18","36.00","NZD","1762520446","23477/2025-11-18/1762520446.json"
"512557","146154","2025-11-18","45.00","NZD","1762520446","23477/2025-11-18/1762520446.json"
"365170","146153","2025-11-18","48.00","NZD","1762520446","23477/2025-11-18/1762520446.json"
"510807","146155","2025-11-18","52.00","NZD","1762520446","23477/2025-11-18/1762520446.json"
"581513","221281","2025-11-19","36.00","NZD","1762520446","23477/2025-11-19/1762520446.json"
"581514","221282","2025-11-19","36.00","NZD","1762520446","23477/2025-11-19/1762520446.json"
"512557","146154","2025-11-19","45.00","NZD","1762520446","23477/2025-11-19/1762520446.json"
"365170","146153","2025-11-19","48.00","NZD","1762520446","23477/2025-11-19/1762520446.json"
"510807","146155","2025-11-19","52.00","NZD","1762520446","23477/2025-11-19/1762520446.json"
"581513","221281","2025-11-21","36.00","NZD","1762520446","23477/2025-11-21/1762520446.json"
"581514","221282","2025-11-21","36.00","NZD","1762520446","23477/2025-11-21/1762520446.json"
"512557","146154","2025-11-21","45.00","NZD","1762520446","23477/2025-11-21/1762520446.json"
"365170","146153","2025-11-21","48.00","NZD","1762520446","23477/2025-11-21/1762520446.json"
"510807","146155","2025-11-21","52.00","NZD","1762520446","23477/2025-11-21/1762520446.json"
"581513","221281","2025-11-22","36.00","NZD","1762520446","23477/2025-11-22/1762520446.json"
"581514","221282","2025-11-22","36.00","NZD","1762520446","23477/2025-11-22/1762520446.json"
"512557","146154","2025-11-22","45.00","NZD","1762520446","23477/2025-11-22/1762520446.json"
"365170","146153","2025-11-22","48.00","NZD","1762520446","23477/2025-11-22/1762520446.json"
"510807","146155","2025-11-22","52.00","NZD","1762520446","23477/2025-11-22/1762520446.json"
"581513","221281","2025-11-20","36.00","NZD","1762520446","23477/2025-11-20/1762520446.json"
"581514","221282","2025-11-20","36.00","NZD","1762520446","23477/2025-11-20/1762520446.json"
"512557","146154","2025-11-20","45.00","NZD","1762520446","23477/2025-11-20/1762520446.json"
"581513","221281","2025-11-23","36.00","NZD","1762520446","23477/2025-11-23/1762520446.json"
"581514","221282","2025-11-23","36.00","NZD","1762520446","23477/2025-11-23/1762520446.json"
"512557","146154","2025-11-23","45.00","NZD","1762520446","23477/2025-11-23/1762520446.json"
"365170","146153","2025-11-23","48.00","NZD","1762520446","23477/2025-11-23/1762520446.json"
"510807","146155","2025-11-23","52.00","NZD","1762520446","23477/2025-11-23/1762520446.json"
"581513","221281","2025-11-25","36.00","NZD","1762520446","23477/2025-11-25/1762520446.json"
"581514","221282","2025-11-25","36.00","NZD","1762520446","23477/2025-11-25/1762520446.json"
"512557","146154","2025-11-25","45.00","NZD","1762520446","23477/2025-11-25/1762520446.json"
"365170","146153","2025-11-25","48.00","NZD","1762520446","23477/2025-11-25/1762520446.json"
"510807","146155","2025-11-25","52.00","NZD","1762520446","23477/2025-11-25/1762520446.json"
"581513","221281","2025-11-24","36.00","NZD","1762520446","23477/2025-11-24/1762520446.json"
"581514","221282","2025-11-24","36.00","NZD","1762520446","23477/2025-11-24/1762520446.json"
"512557","146154","2025-11-24","45.00","NZD","1762520446","23477/2025-11-24/1762520446.json"
"365170","146153","2025-11-24","48.00","NZD","1762520446","23477/2025-11-24/1762520446.json"
"510807","146155","2025-11-24","52.00","NZD","1762520446","23477/2025-11-24/1762520446.json"
"581513","221281","2025-11-27","36.00","NZD","1762520446","23477/2025-11-27/1762520446.json"
"581514","221282","2025-11-27","36.00","NZD","1762520446","23477/2025-11-27/1762520446.json"
"512557","146154","2025-11-27","45.00","NZD","1762520446","23477/2025-11-27/1762520446.json"
"365170","146153","2025-11-27","48.00","NZD","1762520446","23477/2025-11-27/1762520446.json"
"510807","146155","2025-11-27","52.00","NZD","1762520446","23477/2025-11-27/1762520446.json"
"581513","221281","2025-11-26","36.00","NZD","1762520446","23477/2025-11-26/1762520446.json"
"581514","221282","2025-11-26","36.00","NZD","1762520446","23477/2025-11-26/1762520446.json"
"512557","146154","2025-11-26","45.00","NZD","1762520446","23477/2025-11-26/1762520446.json"
"365170","146153","2025-11-26","48.00","NZD","1762520446","23477/2025-11-26/1762520446.json"
"510807","146155","2025-11-26","52.00","NZD","1762520446","23477/2025-11-26/1762520446.json"
"581513","221281","2025-11-28","36.00","NZD","1762520446","23477/2025-11-28/1762520446.json"
"581514","221282","2025-11-28","36.00","NZD","1762520446","23477/2025-11-28/1762520446.json"
"512557","146154","2025-11-28","45.00","NZD","1762520446","23477/2025-11-28/1762520446.json"
"365170","146153","2025-11-28","48.00","NZD","1762520446","23477/2025-11-28/1762520446.json"
"510807","146155","2025-11-28","52.00","NZD","1762520446","23477/2025-11-28/1762520446.json"
"581513","221281","2025-11-29","36.00","NZD","1762520446","23477/2025-11-29/1762520446.json"
"581514","221282","2025-11-29","36.00","NZD","1762520446","23477/2025-11-29/1762520446.json"
"512557","146154","2025-11-29","45.00","NZD","1762520446","23477/2025-11-29/1762520446.json"
"365170","146153","2025-11-29","48.00","NZD","1762520446","23477/2025-11-29/1762520446.json"
"510807","146155","2025-11-29","52.00","NZD","1762520446","23477/2025-11-29/1762520446.json"
"581513","221281","2025-11-30","36.00","NZD","1762520446","23477/2025-11-30/1762520446.json"
"581514","221282","2025-11-30","36.00","NZD","1762520446","23477/2025-11-30/1762520446.json"
"512557","146154","2025-11-30","45.00","NZD","1762520446","23477/2025-11-30/1762520446.json"
"365170","146153","2025-11-30","48.00","NZD","1762520446","23477/2025-11-30/1762520446.json"
"510807","146155","2025-11-30","52.00","NZD","1762520446","23477/2025-11-30/1762520446.json"
"581513","221281","2025-12-01","36.00","NZD","1762520446","23477/2025-12-01/1762520446.json"
"581514","221282","2025-12-01","36.00","NZD","1762520446","23477/2025-12-01/1762520446.json"
"512557","146154","2025-12-01","45.00","NZD","1762520446","23477/2025-12-01/1762520446.json"
"365170","146153","2025-12-01","48.00","NZD","1762520446","23477/2025-12-01/1762520446.json"
"510807","146155","2025-12-01","52.00","NZD","1762520446","23477/2025-12-01/1762520446.json"
"581513","221281","2025-12-02","36.00","NZD","1762520446","23477/2025-12-02/1762520446.json"
"581514","221282","2025-12-02","36.00","NZD","1762520446","23477/2025-12-02/1762520446.json"
"512557","146154","2025-12-02","45.00","NZD","1762520446","23477/2025-12-02/1762520446.json"
"365170","146153","2025-12-02","48.00","NZD","1762520446","23477/2025-12-02/1762520446.json"
"510807","146155","2025-12-02","52.00","NZD","1762520446","23477/2025-12-02/1762520446.json"
"581513","221281","2025-12-03","36.00","NZD","1762520446","23477/2025-12-03/1762520446.json"
"581514","221282","2025-12-03","36.00","NZD","1762520446","23477/2025-12-03/1762520446.json"
"512557","146154","2025-12-03","45.00","NZD","1762520446","23477/2025-12-03/1762520446.json"
"365170","146153","2025-12-03","48.00","NZD","1762520446","23477/2025-12-03/1762520446.json"
"510807","146155","2025-12-03","52.00","NZD","1762520446","23477/2025-12-03/1762520446.json"
"581513","221281","2025-12-04","36.00","NZD","1762520446","23477/2025-12-04/1762520446.json"
"581514","221282","2025-12-04","36.00","NZD","1762520446","23477/2025-12-04/1762520446.json"
"512557","146154","2025-12-04","45.00","NZD","1762520446","23477/2025-12-04/1762520446.json"
"365170","146153","2025-12-04","48.00","NZD","1762520446","23477/2025-12-04/1762520446.json"
"510807","146155","2025-12-04","52.00","NZD","1762520446","23477/2025-12-04/1762520446.json"
"581513","221281","2025-12-05","36.00","NZD","1762520446","23477/2025-12-05/1762520446.json"
"581514","221282","2025-12-05","36.00","NZD","1762520446","23477/2025-12-05/1762520446.json"
"512557","146154","2025-12-05","45.00","NZD","1762520446","23477/2025-12-05/1762520446.json"
"365170","146153","2025-12-05","48.00","NZD","1762520446","23477/2025-12-05/1762520446.json"
"510807","146155","2025-12-05","52.00","NZD","1762520446","23477/2025-12-05/1762520446.json"
"581513","221281","2025-12-06","36.00","NZD","1762520446","23477/2025-12-06/1762520446.json"
"581514","221282","2025-12-06","36.00","NZD","1762520446","23477/2025-12-06/1762520446.json"
"512557","146154","2025-12-06","45.00","NZD","1762520446","23477/2025-12-06/1762520446.json"
"365170","146153","2025-12-06","48.00","NZD","1762520446","23477/2025-12-06/1762520446.json"
"510807","146155","2025-12-06","52.00","NZD","1762520446","23477/2025-12-06/1762520446.json"
"581513","221281","2025-12-08","36.00","NZD","1762520446","23477/2025-12-08/1762520446.json"
"581514","221282","2025-12-08","36.00","NZD","1762520446","23477/2025-12-08/1762520446.json"
"512557","146154","2025-12-08","45.00","NZD","1762520446","23477/2025-12-08/1762520446.json"
"365170","146153","2025-12-08","48.00","NZD","1762520446","23477/2025-12-08/1762520446.json"
"510807","146155","2025-12-08","52.00","NZD","1762520446","23477/2025-12-08/1762520446.json"
"581513","221281","2025-12-07","36.00","NZD","1762520446","23477/2025-12-07/1762520446.json"
"581514","221282","2025-12-07","36.00","NZD","1762520446","23477/2025-12-07/1762520446.json"
"512557","146154","2025-12-07","45.00","NZD","1762520446","23477/2025-12-07/1762520446.json"
"365170","146153","2025-12-07","48.00","NZD","1762520446","23477/2025-12-07/1762520446.json"
"510807","146155","2025-12-07","52.00","NZD","1762520446","23477/2025-12-07/1762520446.json"
"581513","221281","2025-12-09","36.00","NZD","1762520446","23477/2025-12-09/1762520446.json"
"581514","221282","2025-12-09","36.00","NZD","1762520446","23477/2025-12-09/1762520446.json"
"512557","146154","2025-12-09","45.00","NZD","1762520446","23477/2025-12-09/1762520446.json"
"365170","146153","2025-12-09","48.00","NZD","1762520446","23477/2025-12-09/1762520446.json"
"510807","146155","2025-12-09","52.00","NZD","1762520446","23477/2025-12-09/1762520446.json"
"581513","221281","2025-12-10","36.00","NZD","1762520446","23477/2025-12-10/1762520446.json"
"581514","221282","2025-12-10","36.00","NZD","1762520446","23477/2025-12-10/1762520446.json"
"512557","146154","2025-12-10","45.00","NZD","1762520446","23477/2025-12-10/1762520446.json"
"365170","146153","2025-12-10","48.00","NZD","1762520446","23477/2025-12-10/1762520446.json"
"510807","146155","2025-12-10","52.00","NZD","1762520446","23477/2025-12-10/1762520446.json"
"581513","221281","2025-12-11","36.00","NZD","1762520446","23477/2025-12-11/1762520446.json"
"581514","221282","2025-12-11","36.00","NZD","1762520446","23477/2025-12-11/1762520446.json"
"512557","146154","2025-12-11","45.00","NZD","1762520446","23477/2025-12-11/1762520446.json"
"365170","146153","2025-12-11","48.00","NZD","1762520446","23477/2025-12-11/1762520446.json"
"510807","146155","2025-12-11","52.00","NZD","1762520446","23477/2025-12-11/1762520446.json"
"581513","221281","2025-12-13","36.00","NZD","1762520446","23477/2025-12-13/1762520446.json"
"581514","221282","2025-12-13","36.00","NZD","1762520446","23477/2025-12-13/1762520446.json"
"512557","146154","2025-12-13","45.00","NZD","1762520446","23477/2025-12-13/1762520446.json"
"365170","146153","2025-12-13","48.00","NZD","1762520446","23477/2025-12-13/1762520446.json"
"510807","146155","2025-12-13","52.00","NZD","1762520446","23477/2025-12-13/1762520446.json"
"581513","221281","2025-12-12","36.00","NZD","1762520446","23477/2025-12-12/1762520446.json"
"581514","221282","2025-12-12","36.00","NZD","1762520446","23477/2025-12-12/1762520446.json"
"512557","146154","2025-12-12","45.00","NZD","1762520446","23477/2025-12-12/1762520446.json"
"365170","146153","2025-12-12","48.00","NZD","1762520446","23477/2025-12-12/1762520446.json"
"510807","146155","2025-12-12","52.00","NZD","1762520446","23477/2025-12-12/1762520446.json"
"581513","221281","2025-12-15","36.00","NZD","1762520446","23477/2025-12-15/1762520446.json"
"581514","221282","2025-12-15","36.00","NZD","1762520446","23477/2025-12-15/1762520446.json"
"512557","146154","2025-12-15","45.00","NZD","1762520446","23477/2025-12-15/1762520446.json"
"365170","146153","2025-12-15","48.00","NZD","1762520446","23477/2025-12-15/1762520446.json"
"510807","146155","2025-12-15","52.00","NZD","1762520446","23477/2025-12-15/1762520446.json"
"581513","221281","2025-12-14","36.00","NZD","1762520446","23477/2025-12-14/1762520446.json"
"581514","221282","2025-12-14","36.00","NZD","1762520446","23477/2025-12-14/1762520446.json"
"512557","146154","2025-12-14","45.00","NZD","1762520446","23477/2025-12-14/1762520446.json"
"365170","146153","2025-12-14","48.00","NZD","1762520446","23477/2025-12-14/1762520446.json"
"510807","146155","2025-12-14","52.00","NZD","1762520446","23477/2025-12-14/1762520446.json"
"581513","221281","2025-12-17","36.00","NZD","1762520446","23477/2025-12-17/1762520446.json"
"581514","221282","2025-12-17","36.00","NZD","1762520446","23477/2025-12-17/1762520446.json"
"512557","146154","2025-12-17","45.00","NZD","1762520446","23477/2025-12-17/1762520446.json"
"365170","146153","2025-12-17","48.00","NZD","1762520446","23477/2025-12-17/1762520446.json"
"510807","146155","2025-12-17","52.00","NZD","1762520446","23477/2025-12-17/1762520446.json"
"581513","221281","2025-12-16","36.00","NZD","1762520446","23477/2025-12-16/1762520446.json"
"581514","221282","2025-12-16","36.00","NZD","1762520446","23477/2025-12-16/1762520446.json"
"512557","146154","2025-12-16","45.00","NZD","1762520446","23477/2025-12-16/1762520446.json"
"365170","146153","2025-12-16","48.00","NZD","1762520446","23477/2025-12-16/1762520446.json"
"510807","146155","2025-12-16","52.00","NZD","1762520446","23477/2025-12-16/1762520446.json"
"581513","221281","2025-12-18","36.00","NZD","1762520446","23477/2025-12-18/1762520446.json"
"581514","221282","2025-12-18","36.00","NZD","1762520446","23477/2025-12-18/1762520446.json"
"512557","146154","2025-12-18","45.00","NZD","1762520446","23477/2025-12-18/1762520446.json"
"365170","146153","2025-12-18","48.00","NZD","1762520446","23477/2025-12-18/1762520446.json"
"510807","146155","2025-12-18","52.00","NZD","1762520446","23477/2025-12-18/1762520446.json"
"581513","221281","2025-12-20","36.00","NZD","1762520446","23477/2025-12-20/1762520446.json"
"581514","221282","2025-12-20","36.00","NZD","1762520446","23477/2025-12-20/1762520446.json"
"512557","146154","2025-12-20","45.00","NZD","1762520446","23477/2025-12-20/1762520446.json"
"365170","146153","2025-12-20","48.00","NZD","1762520446","23477/2025-12-20/1762520446.json"
"510807","146155","2025-12-20","52.00","NZD","1762520446","23477/2025-12-20/1762520446.json"
"581513","221281","2025-12-19","36.00","NZD","1762520446","23477/2025-12-19/1762520446.json"
"581514","221282","2025-12-19","36.00","NZD","1762520446","23477/2025-12-19/1762520446.json"
"512557","146154","2025-12-19","45.00","NZD","1762520446","23477/2025-12-19/1762520446.json"
"365170","146153","2025-12-19","48.00","NZD","1762520446","23477/2025-12-19/1762520446.json"
"510807","146155","2025-12-19","52.00","NZD","1762520446","23477/2025-12-19/1762520446.json"
"581513","221281","2025-12-21","36.00","NZD","1762520446","23477/2025-12-21/1762520446.json"
"581514","221282","2025-12-21","36.00","NZD","1762520446","23477/2025-12-21/1762520446.json"
"512557","146154","2025-12-21","45.00","NZD","1762520446","23477/2025-12-21/1762520446.json"
"365170","146153","2025-12-21","48.00","NZD","1762520446","23477/2025-12-21/1762520446.json"
"510807","146155","2025-12-21","52.00","NZD","1762520446","23477/2025-12-21/1762520446.json"
"581513","221281","2025-12-24","38.00","NZD","1762520446","23477/2025-12-24/1762520446.json"
"581514","221282","2025-12-24","38.00","NZD","1762520446","23477/2025-12-24/1762520446.json"
"512557","146154","2025-12-24","45.00","NZD","1762520446","23477/2025-12-24/1762520446.json"
"365170","146153","2025-12-24","48.00","NZD","1762520446","23477/2025-12-24/1762520446.json"
"510807","146155","2025-12-24","52.00","NZD","1762520446","23477/2025-12-24/1762520446.json"
"581513","221281","2025-12-23","38.00","NZD","1762520446","23477/2025-12-23/1762520446.json"
"581514","221282","2025-12-23","38.00","NZD","1762520446","23477/2025-12-23/1762520446.json"
"512557","146154","2025-12-23","45.00","NZD","1762520446","23477/2025-12-23/1762520446.json"
"365170","146153","2025-12-23","48.00","NZD","1762520446","23477/2025-12-23/1762520446.json"
"510807","146155","2025-12-23","52.00","NZD","1762520446","23477/2025-12-23/1762520446.json"
"581513","221281","2025-12-22","36.00","NZD","1762520446","23477/2025-12-22/1762520446.json"
"581514","221282","2025-12-22","36.00","NZD","1762520446","23477/2025-12-22/1762520446.json"
"512557","146154","2025-12-22","45.00","NZD","1762520446","23477/2025-12-22/1762520446.json"
"365170","146153","2025-12-22","48.00","NZD","1762520446","23477/2025-12-22/1762520446.json"
"510807","146155","2025-12-22","52.00","NZD","1762520446","23477/2025-12-22/1762520446.json"
"581513","221281","2025-12-25","38.00","NZD","1762520446","23477/2025-12-25/1762520446.json"
"581514","221282","2025-12-25","38.00","NZD","1762520446","23477/2025-12-25/1762520446.json"
"512557","146154","2025-12-25","45.00","NZD","1762520446","23477/2025-12-25/1762520446.json"
"365170","146153","2025-12-25","48.00","NZD","1762520446","23477/2025-12-25/1762520446.json"
"510807","146155","2025-12-25","52.00","NZD","1762520446","23477/2025-12-25/1762520446.json"
"581513","221281","2025-12-27","42.00","NZD","1762520446","23477/2025-12-27/1762520446.json"
"581514","221282","2025-12-27","42.00","NZD","1762520446","23477/2025-12-27/1762520446.json"
"512557","146154","2025-12-27","45.00","NZD","1762520446","23477/2025-12-27/1762520446.json"
"365170","146153","2025-12-27","48.00","NZD","1762520446","23477/2025-12-27/1762520446.json"
"510807","146155","2025-12-27","52.00","NZD","1762520446","23477/2025-12-27/1762520446.json"
"581513","221281","2025-12-26","42.00","NZD","1762520446","23477/2025-12-26/1762520446.json"
"581514","221282","2025-12-26","42.00","NZD","1762520446","23477/2025-12-26/1762520446.json"
"512557","146154","2025-12-26","45.00","NZD","1762520446","23477/2025-12-26/1762520446.json"
"365170","146153","2025-12-26","48.00","NZD","1762520446","23477/2025-12-26/1762520446.json"
"510807","146155","2025-12-26","52.00","NZD","1762520446","23477/2025-12-26/1762520446.json"
"581513","221281","2025-12-28","42.00","NZD","1762520446","23477/2025-12-28/1762520446.json"
"581514","221282","2025-12-28","42.00","NZD","1762520446","23477/2025-12-28/1762520446.json"
"512557","146154","2025-12-28","45.00","NZD","1762520446","23477/2025-12-28/1762520446.json"
"365170","146153","2025-12-28","48.00","NZD","1762520446","23477/2025-12-28/1762520446.json"
"510807","146155","2025-12-28","52.00","NZD","1762520446","23477/2025-12-28/1762520446.json"
"581513","221281","2025-12-29","42.00","NZD","1762520446","23477/2025-12-29/1762520446.json"
"581514","221282","2025-12-29","42.00","NZD","1762520446","23477/2025-12-29/1762520446.json"
"512557","146154","2025-12-29","45.00","NZD","1762520446","23477/2025-12-29/1762520446.json"
"365170","146153","2025-12-29","48.00","NZD","1762520446","23477/2025-12-29/1762520446.json"
"510807","146155","2025-12-29","52.00","NZD","1762520446","23477/2025-12-29/1762520446.json"
"581513","221281","2025-12-30","42.00","NZD","1762520446","23477/2025-12-30/1762520446.json"
"581514","221282","2025-12-30","42.00","NZD","1762520446","23477/2025-12-30/1762520446.json"
"512557","146154","2025-12-30","45.00","NZD","1762520446","23477/2025-12-30/1762520446.json"
"365170","146153","2025-12-30","48.00","NZD","1762520446","23477/2025-12-30/1762520446.json"
"510807","146155","2025-12-30","52.00","NZD","1762520446","23477/2025-12-30/1762520446.json"
"581513","221281","2025-12-31","42.00","NZD","1762520446","23477/2025-12-31/1762520446.json"
"581514","221282","2025-12-31","42.00","NZD","1762520446","23477/2025-12-31/1762520446.json"
"512557","146154","2025-12-31","45.00","NZD","1762520446","23477/2025-12-31/1762520446.json"
"365170","146153","2025-12-31","48.00","NZD","1762520446","23477/2025-12-31/1762520446.json"
"510807","146155","2025-12-31","52.00","NZD","1762520446","23477/2025-12-31/1762520446.json"
"581513","221281","2026-01-01","42.00","NZD","1762520446","23477/2026-01-01/1762520446.json"
"581514","221282","2026-01-01","42.00","NZD","1762520446","23477/2026-01-01/1762520446.json"
"512557","146154","2026-01-01","45.00","NZD","1762520446","23477/2026-01-01/1762520446.json"
"365170","146153","2026-01-01","48.00","NZD","1762520446","23477/2026-01-01/1762520446.json"
"510807","146155","2026-01-01","52.00","NZD","1762520446","23477/2026-01-01/1762520446.json"
"581513","221281","2026-01-02","42.00","NZD","1762520446","23477/2026-01-02/1762520446.json"
"581514","221282","2026-01-02","42.00","NZD","1762520446","23477/2026-01-02/1762520446.json"
"512557","146154","2026-01-02","45.00","NZD","1762520446","23477/2026-01-02/1762520446.json"
"365170","146153","2026-01-02","48.00","NZD","1762520446","23477/2026-01-02/1762520446.json"
"510807","146155","2026-01-02","52.00","NZD","1762520446","23477/2026-01-02/1762520446.json"
"581513","221281","2026-01-03","42.00","NZD","1762520446","23477/2026-01-03/1762520446.json"
"581514","221282","2026-01-03","42.00","NZD","1762520446","23477/2026-01-03/1762520446.json"
"512557","146154","2026-01-03","45.00","NZD","1762520446","23477/2026-01-03/1762520446.json"
"365170","146153","2026-01-03","48.00","NZD","1762520446","23477/2026-01-03/1762520446.json"
"510807","146155","2026-01-03","52.00","NZD","1762520446","23477/2026-01-03/1762520446.json"
"581513","221281","2026-01-04","42.00","NZD","1762520446","23477/2026-01-04/1762520446.json"
"581514","221282","2026-01-04","42.00","NZD","1762520446","23477/2026-01-04/1762520446.json"
"512557","146154","2026-01-04","45.00","NZD","1762520446","23477/2026-01-04/1762520446.json"
"365170","146153","2026-01-04","48.00","NZD","1762520446","23477/2026-01-04/1762520446.json"
"510807","146155","2026-01-04","52.00","NZD","1762520446","23477/2026-01-04/1762520446.json"
"581513","221281","2026-01-05","36.00","NZD","1762520446","23477/2026-01-05/1762520446.json"
"581514","221282","2026-01-05","36.00","NZD","1762520446","23477/2026-01-05/1762520446.json"
"512557","146154","2026-01-05","45.00","NZD","1762520446","23477/2026-01-05/1762520446.json"
"365170","146153","2026-01-05","48.00","NZD","1762520446","23477/2026-01-05/1762520446.json"
"510807","146155","2026-01-05","52.00","NZD","1762520446","23477/2026-01-05/1762520446.json"
"581513","221281","2026-01-06","36.00","NZD","1762520446","23477/2026-01-06/1762520446.json"
"581514","221282","2026-01-06","36.00","NZD","1762520446","23477/2026-01-06/1762520446.json"
"512557","146154","2026-01-06","45.00","NZD","1762520446","23477/2026-01-06/1762520446.json"
"365170","146153","2026-01-06","48.00","NZD","1762520446","23477/2026-01-06/1762520446.json"
"510807","146155","2026-01-06","52.00","NZD","1762520446","23477/2026-01-06/1762520446.json"
"581513","221281","2025-11-10","36.00","NZD","1762533687","23477/2025-11-10/1762533687.json"
"581514","221282","2025-11-10","36.00","NZD","1762533687","23477/2025-11-10/1762533687.json"
"512557","146154","2025-11-10","45.00","NZD","1762533687","23477/2025-11-10/1762533687.json"
"365170","146153","2025-11-10","48.00","NZD","1762533687","23477/2025-11-10/1762533687.json"
"510807","146155","2025-11-10","52.00","NZD","1762533687","23477/2025-11-10/1762533687.json"
"581513","221281","2025-11-08","36.00","NZD","1762533687","23477/2025-11-08/1762533687.json"
"581514","221282","2025-11-08","36.00","NZD","1762533687","23477/2025-11-08/1762533687.json"
"512557","146154","2025-11-08","45.00","NZD","1762533687","23477/2025-11-08/1762533687.json"
"365170","146153","2025-11-08","48.00","NZD","1762533687","23477/2025-11-08/1762533687.json"
"510807","146155","2025-11-08","52.00","NZD","1762533687","23477/2025-11-08/1762533687.json"
"581513","221281","2025-11-09","36.00","NZD","1762533687","23477/2025-11-09/1762533687.json"
"581514","221282","2025-11-09","36.00","NZD","1762533687","23477/2025-11-09/1762533687.json"
"512557","146154","2025-11-09","45.00","NZD","1762533687","23477/2025-11-09/1762533687.json"
"365170","146153","2025-11-09","48.00","NZD","1762533687","23477/2025-11-09/1762533687.json"
"510807","146155","2025-11-09","52.00","NZD","1762533687","23477/2025-11-09/1762533687.json"
"581513","221281","2025-11-13","36.00","NZD","1762533687","23477/2025-11-13/1762533687.json"
"581514","221282","2025-11-13","36.00","NZD","1762533687","23477/2025-11-13/1762533687.json"
"512557","146154","2025-11-13","45.00","NZD","1762533687","23477/2025-11-13/1762533687.json"
"365170","146153","2025-11-13","48.00","NZD","1762533687","23477/2025-11-13/1762533687.json"
"510807","146155","2025-11-13","52.00","NZD","1762533687","23477/2025-11-13/1762533687.json"
"581513","221281","2025-11-12","36.00","NZD","1762533687","23477/2025-11-12/1762533687.json"
"581514","221282","2025-11-12","36.00","NZD","1762533687","23477/2025-11-12/1762533687.json"
"512557","146154","2025-11-12","45.00","NZD","1762533687","23477/2025-11-12/1762533687.json"
"365170","146153","2025-11-12","48.00","NZD","1762533687","23477/2025-11-12/1762533687.json"
"510807","146155","2025-11-12","52.00","NZD","1762533687","23477/2025-11-12/1762533687.json"
"581513","221281","2025-11-14","36.00","NZD","1762533687","23477/2025-11-14/1762533687.json"
"581514","221282","2025-11-14","36.00","NZD","1762533687","23477/2025-11-14/1762533687.json"
"512557","146154","2025-11-14","45.00","NZD","1762533687","23477/2025-11-14/1762533687.json"
"365170","146153","2025-11-14","48.00","NZD","1762533687","23477/2025-11-14/1762533687.json"
"510807","146155","2025-11-14","52.00","NZD","1762533687","23477/2025-11-14/1762533687.json"
"581513","221281","2025-11-11","36.00","NZD","1762533687","23477/2025-11-11/1762533687.json"
"581514","221282","2025-11-11","36.00","NZD","1762533687","23477/2025-11-11/1762533687.json"
"512557","146154","2025-11-11","45.00","NZD","1762533687","23477/2025-11-11/1762533687.json"
"365170","146153","2025-11-11","48.00","NZD","1762533687","23477/2025-11-11/1762533687.json"
"510807","146155","2025-11-11","52.00","NZD","1762533687","23477/2025-11-11/1762533687.json"
"581513","221281","2025-11-15","36.00","NZD","1762533687","23477/2025-11-15/1762533687.json"
"581514","221282","2025-11-15","36.00","NZD","1762533687","23477/2025-11-15/1762533687.json"
"512557","146154","2025-11-15","45.00","NZD","1762533687","23477/2025-11-15/1762533687.json"
"365170","146153","2025-11-15","48.00","NZD","1762533687","23477/2025-11-15/1762533687.json"
"510807","146155","2025-11-15","52.00","NZD","1762533687","23477/2025-11-15/1762533687.json"
"581513","221281","2025-11-16","36.00","NZD","1762533687","23477/2025-11-16/1762533687.json"
"581514","221282","2025-11-16","36.00","NZD","1762533687","23477/2025-11-16/1762533687.json"
"512557","146154","2025-11-16","45.00","NZD","1762533687","23477/2025-11-16/1762533687.json"
"365170","146153","2025-11-16","48.00","NZD","1762533687","23477/2025-11-16/1762533687.json"
"510807","146155","2025-11-16","52.00","NZD","1762533687","23477/2025-11-16/1762533687.json"
"581513","221281","2025-11-17","36.00","NZD","1762533687","23477/2025-11-17/1762533687.json"
"581514","221282","2025-11-17","36.00","NZD","1762533687","23477/2025-11-17/1762533687.json"
"512557","146154","2025-11-17","45.00","NZD","1762533687","23477/2025-11-17/1762533687.json"
"365170","146153","2025-11-17","48.00","NZD","1762533687","23477/2025-11-17/1762533687.json"
"510807","146155","2025-11-17","52.00","NZD","1762533687","23477/2025-11-17/1762533687.json"
"581513","221281","2025-11-18","36.00","NZD","1762533687","23477/2025-11-18/1762533687.json"
"581514","221282","2025-11-18","36.00","NZD","1762533687","23477/2025-11-18/1762533687.json"
"512557","146154","2025-11-18","45.00","NZD","1762533687","23477/2025-11-18/1762533687.json"
"365170","146153","2025-11-18","48.00","NZD","1762533687","23477/2025-11-18/1762533687.json"
"510807","146155","2025-11-18","52.00","NZD","1762533687","23477/2025-11-18/1762533687.json"
"581513","221281","2025-11-19","36.00","NZD","1762533687","23477/2025-11-19/1762533687.json"
"581514","221282","2025-11-19","36.00","NZD","1762533687","23477/2025-11-19/1762533687.json"
"512557","146154","2025-11-19","45.00","NZD","1762533687","23477/2025-11-19/1762533687.json"
"365170","146153","2025-11-19","48.00","NZD","1762533687","23477/2025-11-19/1762533687.json"
"510807","146155","2025-11-19","52.00","NZD","1762533687","23477/2025-11-19/1762533687.json"
"581513","221281","2025-11-20","36.00","NZD","1762533687","23477/2025-11-20/1762533687.json"
"581514","221282","2025-11-20","36.00","NZD","1762533687","23477/2025-11-20/1762533687.json"
"512557","146154","2025-11-20","45.00","NZD","1762533687","23477/2025-11-20/1762533687.json"
"581513","221281","2025-11-21","36.00","NZD","1762533687","23477/2025-11-21/1762533687.json"
"581514","221282","2025-11-21","36.00","NZD","1762533687","23477/2025-11-21/1762533687.json"
"512557","146154","2025-11-21","45.00","NZD","1762533687","23477/2025-11-21/1762533687.json"
"365170","146153","2025-11-21","48.00","NZD","1762533687","23477/2025-11-21/1762533687.json"
"510807","146155","2025-11-21","52.00","NZD","1762533687","23477/2025-11-21/1762533687.json"
"581513","221281","2025-11-22","36.00","NZD","1762533687","23477/2025-11-22/1762533687.json"
"581514","221282","2025-11-22","36.00","NZD","1762533687","23477/2025-11-22/1762533687.json"
"512557","146154","2025-11-22","45.00","NZD","1762533687","23477/2025-11-22/1762533687.json"
"365170","146153","2025-11-22","48.00","NZD","1762533687","23477/2025-11-22/1762533687.json"
"510807","146155","2025-11-22","52.00","NZD","1762533687","23477/2025-11-22/1762533687.json"
"581513","221281","2025-11-23","36.00","NZD","1762533687","23477/2025-11-23/1762533687.json"
"581514","221282","2025-11-23","36.00","NZD","1762533687","23477/2025-11-23/1762533687.json"
"512557","146154","2025-11-23","45.00","NZD","1762533687","23477/2025-11-23/1762533687.json"
"365170","146153","2025-11-23","48.00","NZD","1762533687","23477/2025-11-23/1762533687.json"
"510807","146155","2025-11-23","52.00","NZD","1762533687","23477/2025-11-23/1762533687.json"
"581513","221281","2025-11-24","36.00","NZD","1762533687","23477/2025-11-24/1762533687.json"
"581514","221282","2025-11-24","36.00","NZD","1762533687","23477/2025-11-24/1762533687.json"
"512557","146154","2025-11-24","45.00","NZD","1762533687","23477/2025-11-24/1762533687.json"
"365170","146153","2025-11-24","48.00","NZD","1762533687","23477/2025-11-24/1762533687.json"
"510807","146155","2025-11-24","52.00","NZD","1762533687","23477/2025-11-24/1762533687.json"
"581513","221281","2025-11-25","36.00","NZD","1762533687","23477/2025-11-25/1762533687.json"
"581514","221282","2025-11-25","36.00","NZD","1762533687","23477/2025-11-25/1762533687.json"
"512557","146154","2025-11-25","45.00","NZD","1762533687","23477/2025-11-25/1762533687.json"
"365170","146153","2025-11-25","48.00","NZD","1762533687","23477/2025-11-25/1762533687.json"
"510807","146155","2025-11-25","52.00","NZD","1762533687","23477/2025-11-25/1762533687.json"
"581513","221281","2025-11-27","36.00","NZD","1762533687","23477/2025-11-27/1762533687.json"
"581514","221282","2025-11-27","36.00","NZD","1762533687","23477/2025-11-27/1762533687.json"
"512557","146154","2025-11-27","45.00","NZD","1762533687","23477/2025-11-27/1762533687.json"
"365170","146153","2025-11-27","48.00","NZD","1762533687","23477/2025-11-27/1762533687.json"
"510807","146155","2025-11-27","52.00","NZD","1762533687","23477/2025-11-27/1762533687.json"
"581513","221281","2025-11-26","36.00","NZD","1762533687","23477/2025-11-26/1762533687.json"
"581514","221282","2025-11-26","36.00","NZD","1762533687","23477/2025-11-26/1762533687.json"
"512557","146154","2025-11-26","45.00","NZD","1762533687","23477/2025-11-26/1762533687.json"
"365170","146153","2025-11-26","48.00","NZD","1762533687","23477/2025-11-26/1762533687.json"
"510807","146155","2025-11-26","52.00","NZD","1762533687","23477/2025-11-26/1762533687.json"
"581513","221281","2025-11-28","36.00","NZD","1762533687","23477/2025-11-28/1762533687.json"
"581514","221282","2025-11-28","36.00","NZD","1762533687","23477/2025-11-28/1762533687.json"
"512557","146154","2025-11-28","45.00","NZD","1762533687","23477/2025-11-28/1762533687.json"
"365170","146153","2025-11-28","48.00","NZD","1762533687","23477/2025-11-28/1762533687.json"
"510807","146155","2025-11-28","52.00","NZD","1762533687","23477/2025-11-28/1762533687.json"
"581513","221281","2025-11-29","36.00","NZD","1762533687","23477/2025-11-29/1762533687.json"
"581514","221282","2025-11-29","36.00","NZD","1762533687","23477/2025-11-29/1762533687.json"
"512557","146154","2025-11-29","45.00","NZD","1762533687","23477/2025-11-29/1762533687.json"
"365170","146153","2025-11-29","48.00","NZD","1762533687","23477/2025-11-29/1762533687.json"
"510807","146155","2025-11-29","52.00","NZD","1762533687","23477/2025-11-29/1762533687.json"
"581513","221281","2025-11-30","36.00","NZD","1762533687","23477/2025-11-30/1762533687.json"
"581514","221282","2025-11-30","36.00","NZD","1762533687","23477/2025-11-30/1762533687.json"
"512557","146154","2025-11-30","45.00","NZD","1762533687","23477/2025-11-30/1762533687.json"
"365170","146153","2025-11-30","48.00","NZD","1762533687","23477/2025-11-30/1762533687.json"
"510807","146155","2025-11-30","52.00","NZD","1762533687","23477/2025-11-30/1762533687.json"
"581513","221281","2025-12-01","36.00","NZD","1762533687","23477/2025-12-01/1762533687.json"
"581514","221282","2025-12-01","36.00","NZD","1762533687","23477/2025-12-01/1762533687.json"
"512557","146154","2025-12-01","45.00","NZD","1762533687","23477/2025-12-01/1762533687.json"
"365170","146153","2025-12-01","48.00","NZD","1762533687","23477/2025-12-01/1762533687.json"
"510807","146155","2025-12-01","52.00","NZD","1762533687","23477/2025-12-01/1762533687.json"
"581513","221281","2025-12-02","36.00","NZD","1762533687","23477/2025-12-02/1762533687.json"
"581514","221282","2025-12-02","36.00","NZD","1762533687","23477/2025-12-02/1762533687.json"
"512557","146154","2025-12-02","45.00","NZD","1762533687","23477/2025-12-02/1762533687.json"
"365170","146153","2025-12-02","48.00","NZD","1762533687","23477/2025-12-02/1762533687.json"
"510807","146155","2025-12-02","52.00","NZD","1762533687","23477/2025-12-02/1762533687.json"
"581513","221281","2025-12-04","36.00","NZD","1762533687","23477/2025-12-04/1762533687.json"
"581514","221282","2025-12-04","36.00","NZD","1762533687","23477/2025-12-04/1762533687.json"
"512557","146154","2025-12-04","45.00","NZD","1762533687","23477/2025-12-04/1762533687.json"
"365170","146153","2025-12-04","48.00","NZD","1762533687","23477/2025-12-04/1762533687.json"
"510807","146155","2025-12-04","52.00","NZD","1762533687","23477/2025-12-04/1762533687.json"
"581513","221281","2025-12-05","36.00","NZD","1762533687","23477/2025-12-05/1762533687.json"
"581514","221282","2025-12-05","36.00","NZD","1762533687","23477/2025-12-05/1762533687.json"
"512557","146154","2025-12-05","45.00","NZD","1762533687","23477/2025-12-05/1762533687.json"
"365170","146153","2025-12-05","48.00","NZD","1762533687","23477/2025-12-05/1762533687.json"
"510807","146155","2025-12-05","52.00","NZD","1762533687","23477/2025-12-05/1762533687.json"
"581513","221281","2025-12-03","36.00","NZD","1762533687","23477/2025-12-03/1762533687.json"
"581514","221282","2025-12-03","36.00","NZD","1762533687","23477/2025-12-03/1762533687.json"
"512557","146154","2025-12-03","45.00","NZD","1762533687","23477/2025-12-03/1762533687.json"
"365170","146153","2025-12-03","48.00","NZD","1762533687","23477/2025-12-03/1762533687.json"
"510807","146155","2025-12-03","52.00","NZD","1762533687","23477/2025-12-03/1762533687.json"
"581513","221281","2025-12-07","36.00","NZD","1762533687","23477/2025-12-07/1762533687.json"
"581514","221282","2025-12-07","36.00","NZD","1762533687","23477/2025-12-07/1762533687.json"
"512557","146154","2025-12-07","45.00","NZD","1762533687","23477/2025-12-07/1762533687.json"
"365170","146153","2025-12-07","48.00","NZD","1762533687","23477/2025-12-07/1762533687.json"
"510807","146155","2025-12-07","52.00","NZD","1762533687","23477/2025-12-07/1762533687.json"
"581513","221281","2025-12-06","36.00","NZD","1762533687","23477/2025-12-06/1762533687.json"
"581514","221282","2025-12-06","36.00","NZD","1762533687","23477/2025-12-06/1762533687.json"
"512557","146154","2025-12-06","45.00","NZD","1762533687","23477/2025-12-06/1762533687.json"
"365170","146153","2025-12-06","48.00","NZD","1762533687","23477/2025-12-06/1762533687.json"
"510807","146155","2025-12-06","52.00","NZD","1762533687","23477/2025-12-06/1762533687.json"
"581513","221281","2025-12-08","36.00","NZD","1762533687","23477/2025-12-08/1762533687.json"
"581514","221282","2025-12-08","36.00","NZD","1762533687","23477/2025-12-08/1762533687.json"
"512557","146154","2025-12-08","45.00","NZD","1762533687","23477/2025-12-08/1762533687.json"
"365170","146153","2025-12-08","48.00","NZD","1762533687","23477/2025-12-08/1762533687.json"
"510807","146155","2025-12-08","52.00","NZD","1762533687","23477/2025-12-08/1762533687.json"
"581513","221281","2025-12-09","36.00","NZD","1762533687","23477/2025-12-09/1762533687.json"
"581514","221282","2025-12-09","36.00","NZD","1762533687","23477/2025-12-09/1762533687.json"
"512557","146154","2025-12-09","45.00","NZD","1762533687","23477/2025-12-09/1762533687.json"
"365170","146153","2025-12-09","48.00","NZD","1762533687","23477/2025-12-09/1762533687.json"
"510807","146155","2025-12-09","52.00","NZD","1762533687","23477/2025-12-09/1762533687.json"
"581513","221281","2025-12-10","36.00","NZD","1762533687","23477/2025-12-10/1762533687.json"
"581514","221282","2025-12-10","36.00","NZD","1762533687","23477/2025-12-10/1762533687.json"
"512557","146154","2025-12-10","45.00","NZD","1762533687","23477/2025-12-10/1762533687.json"
"365170","146153","2025-12-10","48.00","NZD","1762533687","23477/2025-12-10/1762533687.json"
"510807","146155","2025-12-10","52.00","NZD","1762533687","23477/2025-12-10/1762533687.json"
"581513","221281","2025-12-11","36.00","NZD","1762533687","23477/2025-12-11/1762533687.json"
"581514","221282","2025-12-11","36.00","NZD","1762533687","23477/2025-12-11/1762533687.json"
"512557","146154","2025-12-11","45.00","NZD","1762533687","23477/2025-12-11/1762533687.json"
"365170","146153","2025-12-11","48.00","NZD","1762533687","23477/2025-12-11/1762533687.json"
"510807","146155","2025-12-11","52.00","NZD","1762533687","23477/2025-12-11/1762533687.json"
"581513","221281","2025-12-12","36.00","NZD","1762533687","23477/2025-12-12/1762533687.json"
"581514","221282","2025-12-12","36.00","NZD","1762533687","23477/2025-12-12/1762533687.json"
"512557","146154","2025-12-12","45.00","NZD","1762533687","23477/2025-12-12/1762533687.json"
"365170","146153","2025-12-12","48.00","NZD","1762533687","23477/2025-12-12/1762533687.json"
"510807","146155","2025-12-12","52.00","NZD","1762533687","23477/2025-12-12/1762533687.json"
"581513","221281","2025-12-13","36.00","NZD","1762533687","23477/2025-12-13/1762533687.json"
"581514","221282","2025-12-13","36.00","NZD","1762533687","23477/2025-12-13/1762533687.json"
"512557","146154","2025-12-13","45.00","NZD","1762533687","23477/2025-12-13/1762533687.json"
"365170","146153","2025-12-13","48.00","NZD","1762533687","23477/2025-12-13/1762533687.json"
"510807","146155","2025-12-13","52.00","NZD","1762533687","23477/2025-12-13/1762533687.json"
"581513","221281","2025-12-14","36.00","NZD","1762533687","23477/2025-12-14/1762533687.json"
"581514","221282","2025-12-14","36.00","NZD","1762533687","23477/2025-12-14/1762533687.json"
"512557","146154","2025-12-14","45.00","NZD","1762533687","23477/2025-12-14/1762533687.json"
"365170","146153","2025-12-14","48.00","NZD","1762533687","23477/2025-12-14/1762533687.json"
"510807","146155","2025-12-14","52.00","NZD","1762533687","23477/2025-12-14/1762533687.json"
"581513","221281","2025-12-15","36.00","NZD","1762533687","23477/2025-12-15/1762533687.json"
"581514","221282","2025-12-15","36.00","NZD","1762533687","23477/2025-12-15/1762533687.json"
"512557","146154","2025-12-15","45.00","NZD","1762533687","23477/2025-12-15/1762533687.json"
"365170","146153","2025-12-15","48.00","NZD","1762533687","23477/2025-12-15/1762533687.json"
"510807","146155","2025-12-15","52.00","NZD","1762533687","23477/2025-12-15/1762533687.json"
"581513","221281","2025-12-16","36.00","NZD","1762533687","23477/2025-12-16/1762533687.json"
"581514","221282","2025-12-16","36.00","NZD","1762533687","23477/2025-12-16/1762533687.json"
"512557","146154","2025-12-16","45.00","NZD","1762533687","23477/2025-12-16/1762533687.json"
"365170","146153","2025-12-16","48.00","NZD","1762533687","23477/2025-12-16/1762533687.json"
"510807","146155","2025-12-16","52.00","NZD","1762533687","23477/2025-12-16/1762533687.json"
"581513","221281","2025-12-17","36.00","NZD","1762533687","23477/2025-12-17/1762533687.json"
"581514","221282","2025-12-17","36.00","NZD","1762533687","23477/2025-12-17/1762533687.json"
"512557","146154","2025-12-17","45.00","NZD","1762533687","23477/2025-12-17/1762533687.json"
"365170","146153","2025-12-17","48.00","NZD","1762533687","23477/2025-12-17/1762533687.json"
"510807","146155","2025-12-17","52.00","NZD","1762533687","23477/2025-12-17/1762533687.json"
"581513","221281","2025-12-18","36.00","NZD","1762533687","23477/2025-12-18/1762533687.json"
"581514","221282","2025-12-18","36.00","NZD","1762533687","23477/2025-12-18/1762533687.json"
"512557","146154","2025-12-18","45.00","NZD","1762533687","23477/2025-12-18/1762533687.json"
"365170","146153","2025-12-18","48.00","NZD","1762533687","23477/2025-12-18/1762533687.json"
"510807","146155","2025-12-18","52.00","NZD","1762533687","23477/2025-12-18/1762533687.json"
"581513","221281","2025-12-19","36.00","NZD","1762533687","23477/2025-12-19/1762533687.json"
"581514","221282","2025-12-19","36.00","NZD","1762533687","23477/2025-12-19/1762533687.json"
"512557","146154","2025-12-19","45.00","NZD","1762533687","23477/2025-12-19/1762533687.json"
"365170","146153","2025-12-19","48.00","NZD","1762533687","23477/2025-12-19/1762533687.json"
"510807","146155","2025-12-19","52.00","NZD","1762533687","23477/2025-12-19/1762533687.json"
"581513","221281","2025-12-20","36.00","NZD","1762533687","23477/2025-12-20/1762533687.json"
"581514","221282","2025-12-20","36.00","NZD","1762533687","23477/2025-12-20/1762533687.json"
"512557","146154","2025-12-20","45.00","NZD","1762533687","23477/2025-12-20/1762533687.json"
"365170","146153","2025-12-20","48.00","NZD","1762533687","23477/2025-12-20/1762533687.json"
"510807","146155","2025-12-20","52.00","NZD","1762533687","23477/2025-12-20/1762533687.json"
"581513","221281","2025-12-21","36.00","NZD","1762533687","23477/2025-12-21/1762533687.json"
"581514","221282","2025-12-21","36.00","NZD","1762533687","23477/2025-12-21/1762533687.json"
"512557","146154","2025-12-21","45.00","NZD","1762533687","23477/2025-12-21/1762533687.json"
"365170","146153","2025-12-21","48.00","NZD","1762533687","23477/2025-12-21/1762533687.json"
"510807","146155","2025-12-21","52.00","NZD","1762533687","23477/2025-12-21/1762533687.json"
"581513","221281","2025-12-22","36.00","NZD","1762533687","23477/2025-12-22/1762533687.json"
"581514","221282","2025-12-22","36.00","NZD","1762533687","23477/2025-12-22/1762533687.json"
"512557","146154","2025-12-22","45.00","NZD","1762533687","23477/2025-12-22/1762533687.json"
"365170","146153","2025-12-22","48.00","NZD","1762533687","23477/2025-12-22/1762533687.json"
"510807","146155","2025-12-22","52.00","NZD","1762533687","23477/2025-12-22/1762533687.json"
"581513","221281","2025-12-23","38.00","NZD","1762533687","23477/2025-12-23/1762533687.json"
"581514","221282","2025-12-23","38.00","NZD","1762533687","23477/2025-12-23/1762533687.json"
"512557","146154","2025-12-23","45.00","NZD","1762533687","23477/2025-12-23/1762533687.json"
"365170","146153","2025-12-23","48.00","NZD","1762533687","23477/2025-12-23/1762533687.json"
"510807","146155","2025-12-23","52.00","NZD","1762533687","23477/2025-12-23/1762533687.json"
"581513","221281","2025-12-25","38.00","NZD","1762533687","23477/2025-12-25/1762533687.json"
"581514","221282","2025-12-25","38.00","NZD","1762533687","23477/2025-12-25/1762533687.json"
"512557","146154","2025-12-25","45.00","NZD","1762533687","23477/2025-12-25/1762533687.json"
"365170","146153","2025-12-25","48.00","NZD","1762533687","23477/2025-12-25/1762533687.json"
"510807","146155","2025-12-25","52.00","NZD","1762533687","23477/2025-12-25/1762533687.json"
"581513","221281","2025-12-24","38.00","NZD","1762533687","23477/2025-12-24/1762533687.json"
"581514","221282","2025-12-24","38.00","NZD","1762533687","23477/2025-12-24/1762533687.json"
"512557","146154","2025-12-24","45.00","NZD","1762533687","23477/2025-12-24/1762533687.json"
"365170","146153","2025-12-24","48.00","NZD","1762533687","23477/2025-12-24/1762533687.json"
"510807","146155","2025-12-24","52.00","NZD","1762533687","23477/2025-12-24/1762533687.json"
"581513","221281","2025-12-26","42.00","NZD","1762533687","23477/2025-12-26/1762533687.json"
"581514","221282","2025-12-26","42.00","NZD","1762533687","23477/2025-12-26/1762533687.json"
"512557","146154","2025-12-26","45.00","NZD","1762533687","23477/2025-12-26/1762533687.json"
"365170","146153","2025-12-26","48.00","NZD","1762533687","23477/2025-12-26/1762533687.json"
"510807","146155","2025-12-26","52.00","NZD","1762533687","23477/2025-12-26/1762533687.json"
"581513","221281","2025-12-27","42.00","NZD","1762533687","23477/2025-12-27/1762533687.json"
"581514","221282","2025-12-27","42.00","NZD","1762533687","23477/2025-12-27/1762533687.json"
"512557","146154","2025-12-27","45.00","NZD","1762533687","23477/2025-12-27/1762533687.json"
"365170","146153","2025-12-27","48.00","NZD","1762533687","23477/2025-12-27/1762533687.json"
"510807","146155","2025-12-27","52.00","NZD","1762533687","23477/2025-12-27/1762533687.json"
"581513","221281","2025-12-29","42.00","NZD","1762533687","23477/2025-12-29/1762533687.json"
"581514","221282","2025-12-29","42.00","NZD","1762533687","23477/2025-12-29/1762533687.json"
"512557","146154","2025-12-29","45.00","NZD","1762533687","23477/2025-12-29/1762533687.json"
"365170","146153","2025-12-29","48.00","NZD","1762533687","23477/2025-12-29/1762533687.json"
"510807","146155","2025-12-29","52.00","NZD","1762533687","23477/2025-12-29/1762533687.json"
"581513","221281","2025-12-28","42.00","NZD","1762533687","23477/2025-12-28/1762533687.json"
"581514","221282","2025-12-28","42.00","NZD","1762533687","23477/2025-12-28/1762533687.json"
"512557","146154","2025-12-28","45.00","NZD","1762533687","23477/2025-12-28/1762533687.json"
"365170","146153","2025-12-28","48.00","NZD","1762533687","23477/2025-12-28/1762533687.json"
"510807","146155","2025-12-28","52.00","NZD","1762533687","23477/2025-12-28/1762533687.json"
"581513","221281","2025-12-31","42.00","NZD","1762533687","23477/2025-12-31/1762533687.json"
"581514","221282","2025-12-31","42.00","NZD","1762533687","23477/2025-12-31/1762533687.json"
"512557","146154","2025-12-31","45.00","NZD","1762533687","23477/2025-12-31/1762533687.json"
"365170","146153","2025-12-31","48.00","NZD","1762533687","23477/2025-12-31/1762533687.json"
"510807","146155","2025-12-31","52.00","NZD","1762533687","23477/2025-12-31/1762533687.json"
"581513","221281","2025-12-30","42.00","NZD","1762533687","23477/2025-12-30/1762533687.json"
"581514","221282","2025-12-30","42.00","NZD","1762533687","23477/2025-12-30/1762533687.json"
"512557","146154","2025-12-30","45.00","NZD","1762533687","23477/2025-12-30/1762533687.json"
"365170","146153","2025-12-30","48.00","NZD","1762533687","23477/2025-12-30/1762533687.json"
"510807","146155","2025-12-30","52.00","NZD","1762533687","23477/2025-12-30/1762533687.json"
"581513","221281","2026-01-02","42.00","NZD","1762533687","23477/2026-01-02/1762533687.json"
"581514","221282","2026-01-02","42.00","NZD","1762533687","23477/2026-01-02/1762533687.json"
"512557","146154","2026-01-02","45.00","NZD","1762533687","23477/2026-01-02/1762533687.json"
"365170","146153","2026-01-02","48.00","NZD","1762533687","23477/2026-01-02/1762533687.json"
"510807","146155","2026-01-02","52.00","NZD","1762533687","23477/2026-01-02/1762533687.json"
"581513","221281","2026-01-01","42.00","NZD","1762533687","23477/2026-01-01/1762533687.json"
"581514","221282","2026-01-01","42.00","NZD","1762533687","23477/2026-01-01/1762533687.json"
"512557","146154","2026-01-01","45.00","NZD","1762533687","23477/2026-01-01/1762533687.json"
"365170","146153","2026-01-01","48.00","NZD","1762533687","23477/2026-01-01/1762533687.json"
"510807","146155","2026-01-01","52.00","NZD","1762533687","23477/2026-01-01/1762533687.json"
"581513","221281","2026-01-04","42.00","NZD","1762533687","23477/2026-01-04/1762533687.json"
"581514","221282","2026-01-04","42.00","NZD","1762533687","23477/2026-01-04/1762533687.json"
"512557","146154","2026-01-04","45.00","NZD","1762533687","23477/2026-01-04/1762533687.json"
"365170","146153","2026-01-04","48.00","NZD","1762533687","23477/2026-01-04/1762533687.json"
"510807","146155","2026-01-04","52.00","NZD","1762533687","23477/2026-01-04/1762533687.json"
"581513","221281","2026-01-03","42.00","NZD","1762533687","23477/2026-01-03/1762533687.json"
"581514","221282","2026-01-03","42.00","NZD","1762533687","23477/2026-01-03/1762533687.json"
"512557","146154","2026-01-03","45.00","NZD","1762533687","23477/2026-01-03/1762533687.json"
"365170","146153","2026-01-03","48.00","NZD","1762533687","23477/2026-01-03/1762533687.json"
"510807","146155","2026-01-03","52.00","NZD","1762533687","23477/2026-01-03/1762533687.json"
"581513","221281","2026-01-06","36.00","NZD","1762533687","23477/2026-01-06/1762533687.json"
"581514","221282","2026-01-06","36.00","NZD","1762533687","23477/2026-01-06/1762533687.json"
"512557","146154","2026-01-06","45.00","NZD","1762533687","23477/2026-01-06/1762533687.json"
"365170","146153","2026-01-06","48.00","NZD","1762533687","23477/2026-01-06/1762533687.json"
"510807","146155","2026-01-06","52.00","NZD","1762533687","23477/2026-01-06/1762533687.json"
"581513","221281","2026-01-05","36.00","NZD","1762533687","23477/2026-01-05/1762533687.json"
"581514","221282","2026-01-05","36.00","NZD","1762533687","23477/2026-01-05/1762533687.json"
"512557","146154","2026-01-05","45.00","NZD","1762533687","23477/2026-01-05/1762533687.json"
"365170","146153","2026-01-05","48.00","NZD","1762533687","23477/2026-01-05/1762533687.json"
"510807","146155","2026-01-05","52.00","NZD","1762533687","23477/2026-01-05/1762533687.json"
"581513","221281","2025-11-09","36.00","NZD","1762547867","23477/2025-11-09/1762547867.json"
"581514","221282","2025-11-09","36.00","NZD","1762547867","23477/2025-11-09/1762547867.json"
"512557","146154","2025-11-09","45.00","NZD","1762547867","23477/2025-11-09/1762547867.json"
"365170","146153","2025-11-09","48.00","NZD","1762547867","23477/2025-11-09/1762547867.json"
"510807","146155","2025-11-09","52.00","NZD","1762547867","23477/2025-11-09/1762547867.json"
"581513","221281","2025-11-08","36.00","NZD","1762547867","23477/2025-11-08/1762547867.json"
"581514","221282","2025-11-08","36.00","NZD","1762547867","23477/2025-11-08/1762547867.json"
"512557","146154","2025-11-08","45.00","NZD","1762547867","23477/2025-11-08/1762547867.json"
"365170","146153","2025-11-08","48.00","NZD","1762547867","23477/2025-11-08/1762547867.json"
"510807","146155","2025-11-08","52.00","NZD","1762547867","23477/2025-11-08/1762547867.json"
"581513","221281","2025-11-10","36.00","NZD","1762547867","23477/2025-11-10/1762547867.json"
"581514","221282","2025-11-10","36.00","NZD","1762547867","23477/2025-11-10/1762547867.json"
"512557","146154","2025-11-10","45.00","NZD","1762547867","23477/2025-11-10/1762547867.json"
"365170","146153","2025-11-10","48.00","NZD","1762547867","23477/2025-11-10/1762547867.json"
"510807","146155","2025-11-10","52.00","NZD","1762547867","23477/2025-11-10/1762547867.json"
"581513","221281","2025-11-11","36.00","NZD","1762547867","23477/2025-11-11/1762547867.json"
"581514","221282","2025-11-11","36.00","NZD","1762547867","23477/2025-11-11/1762547867.json"
"512557","146154","2025-11-11","45.00","NZD","1762547867","23477/2025-11-11/1762547867.json"
"365170","146153","2025-11-11","48.00","NZD","1762547867","23477/2025-11-11/1762547867.json"
"510807","146155","2025-11-11","52.00","NZD","1762547867","23477/2025-11-11/1762547867.json"
"581513","221281","2025-11-12","36.00","NZD","1762547867","23477/2025-11-12/1762547867.json"
"581514","221282","2025-11-12","36.00","NZD","1762547867","23477/2025-11-12/1762547867.json"
"512557","146154","2025-11-12","45.00","NZD","1762547867","23477/2025-11-12/1762547867.json"
"365170","146153","2025-11-12","48.00","NZD","1762547867","23477/2025-11-12/1762547867.json"
"510807","146155","2025-11-12","52.00","NZD","1762547867","23477/2025-11-12/1762547867.json"
"581513","221281","2025-11-13","36.00","NZD","1762547867","23477/2025-11-13/1762547867.json"
"581514","221282","2025-11-13","36.00","NZD","1762547867","23477/2025-11-13/1762547867.json"
"512557","146154","2025-11-13","45.00","NZD","1762547867","23477/2025-11-13/1762547867.json"
"365170","146153","2025-11-13","48.00","NZD","1762547867","23477/2025-11-13/1762547867.json"
"510807","146155","2025-11-13","52.00","NZD","1762547867","23477/2025-11-13/1762547867.json"
"581513","221281","2025-11-15","36.00","NZD","1762547867","23477/2025-11-15/1762547867.json"
"581514","221282","2025-11-15","36.00","NZD","1762547867","23477/2025-11-15/1762547867.json"
"512557","146154","2025-11-15","45.00","NZD","1762547867","23477/2025-11-15/1762547867.json"
"365170","146153","2025-11-15","48.00","NZD","1762547867","23477/2025-11-15/1762547867.json"
"510807","146155","2025-11-15","52.00","NZD","1762547867","23477/2025-11-15/1762547867.json"
"581513","221281","2025-11-14","36.00","NZD","1762547867","23477/2025-11-14/1762547867.json"
"581514","221282","2025-11-14","36.00","NZD","1762547867","23477/2025-11-14/1762547867.json"
"512557","146154","2025-11-14","45.00","NZD","1762547867","23477/2025-11-14/1762547867.json"
"365170","146153","2025-11-14","48.00","NZD","1762547867","23477/2025-11-14/1762547867.json"
"510807","146155","2025-11-14","52.00","NZD","1762547867","23477/2025-11-14/1762547867.json"
"581513","221281","2025-11-16","36.00","NZD","1762547867","23477/2025-11-16/1762547867.json"
"581514","221282","2025-11-16","36.00","NZD","1762547867","23477/2025-11-16/1762547867.json"
"512557","146154","2025-11-16","45.00","NZD","1762547867","23477/2025-11-16/1762547867.json"
"365170","146153","2025-11-16","48.00","NZD","1762547867","23477/2025-11-16/1762547867.json"
"510807","146155","2025-11-16","52.00","NZD","1762547867","23477/2025-11-16/1762547867.json"
"581513","221281","2025-11-17","36.00","NZD","1762547867","23477/2025-11-17/1762547867.json"
"581514","221282","2025-11-17","36.00","NZD","1762547867","23477/2025-11-17/1762547867.json"
"512557","146154","2025-11-17","45.00","NZD","1762547867","23477/2025-11-17/1762547867.json"
"365170","146153","2025-11-17","48.00","NZD","1762547867","23477/2025-11-17/1762547867.json"
"510807","146155","2025-11-17","52.00","NZD","1762547867","23477/2025-11-17/1762547867.json"
"581513","221281","2025-11-19","36.00","NZD","1762547867","23477/2025-11-19/1762547867.json"
"581514","221282","2025-11-19","36.00","NZD","1762547867","23477/2025-11-19/1762547867.json"
"512557","146154","2025-11-19","45.00","NZD","1762547867","23477/2025-11-19/1762547867.json"
"365170","146153","2025-11-19","48.00","NZD","1762547867","23477/2025-11-19/1762547867.json"
"510807","146155","2025-11-19","52.00","NZD","1762547867","23477/2025-11-19/1762547867.json"
"581513","221281","2025-11-20","36.00","NZD","1762547867","23477/2025-11-20/1762547867.json"
"581514","221282","2025-11-20","36.00","NZD","1762547867","23477/2025-11-20/1762547867.json"
"512557","146154","2025-11-20","45.00","NZD","1762547867","23477/2025-11-20/1762547867.json"
"581513","221281","2025-11-18","36.00","NZD","1762547867","23477/2025-11-18/1762547867.json"
"581514","221282","2025-11-18","36.00","NZD","1762547867","23477/2025-11-18/1762547867.json"
"512557","146154","2025-11-18","45.00","NZD","1762547867","23477/2025-11-18/1762547867.json"
"365170","146153","2025-11-18","48.00","NZD","1762547867","23477/2025-11-18/1762547867.json"
"510807","146155","2025-11-18","52.00","NZD","1762547867","23477/2025-11-18/1762547867.json"
"581513","221281","2025-11-21","36.00","NZD","1762547867","23477/2025-11-21/1762547867.json"
"581514","221282","2025-11-21","36.00","NZD","1762547867","23477/2025-11-21/1762547867.json"
"512557","146154","2025-11-21","45.00","NZD","1762547867","23477/2025-11-21/1762547867.json"
"365170","146153","2025-11-21","48.00","NZD","1762547867","23477/2025-11-21/1762547867.json"
"510807","146155","2025-11-21","52.00","NZD","1762547867","23477/2025-11-21/1762547867.json"
"581513","221281","2025-11-22","36.00","NZD","1762547867","23477/2025-11-22/1762547867.json"
"581514","221282","2025-11-22","36.00","NZD","1762547867","23477/2025-11-22/1762547867.json"
"512557","146154","2025-11-22","45.00","NZD","1762547867","23477/2025-11-22/1762547867.json"
"365170","146153","2025-11-22","48.00","NZD","1762547867","23477/2025-11-22/1762547867.json"
"510807","146155","2025-11-22","52.00","NZD","1762547867","23477/2025-11-22/1762547867.json"
"581513","221281","2025-11-23","36.00","NZD","1762547867","23477/2025-11-23/1762547867.json"
"581514","221282","2025-11-23","36.00","NZD","1762547867","23477/2025-11-23/1762547867.json"
"512557","146154","2025-11-23","45.00","NZD","1762547867","23477/2025-11-23/1762547867.json"
"365170","146153","2025-11-23","48.00","NZD","1762547867","23477/2025-11-23/1762547867.json"
"510807","146155","2025-11-23","52.00","NZD","1762547867","23477/2025-11-23/1762547867.json"
"581513","221281","2025-11-24","36.00","NZD","1762547867","23477/2025-11-24/1762547867.json"
"581514","221282","2025-11-24","36.00","NZD","1762547867","23477/2025-11-24/1762547867.json"
"512557","146154","2025-11-24","45.00","NZD","1762547867","23477/2025-11-24/1762547867.json"
"365170","146153","2025-11-24","48.00","NZD","1762547867","23477/2025-11-24/1762547867.json"
"510807","146155","2025-11-24","52.00","NZD","1762547867","23477/2025-11-24/1762547867.json"
"581513","221281","2025-11-25","36.00","NZD","1762547867","23477/2025-11-25/1762547867.json"
"581514","221282","2025-11-25","36.00","NZD","1762547867","23477/2025-11-25/1762547867.json"
"512557","146154","2025-11-25","45.00","NZD","1762547867","23477/2025-11-25/1762547867.json"
"365170","146153","2025-11-25","48.00","NZD","1762547867","23477/2025-11-25/1762547867.json"
"510807","146155","2025-11-25","52.00","NZD","1762547867","23477/2025-11-25/1762547867.json"
"581513","221281","2025-11-26","36.00","NZD","1762547867","23477/2025-11-26/1762547867.json"
"581514","221282","2025-11-26","36.00","NZD","1762547867","23477/2025-11-26/1762547867.json"
"512557","146154","2025-11-26","45.00","NZD","1762547867","23477/2025-11-26/1762547867.json"
"365170","146153","2025-11-26","48.00","NZD","1762547867","23477/2025-11-26/1762547867.json"
"510807","146155","2025-11-26","52.00","NZD","1762547867","23477/2025-11-26/1762547867.json"
"581513","221281","2025-11-28","36.00","NZD","1762547867","23477/2025-11-28/1762547867.json"
"581514","221282","2025-11-28","36.00","NZD","1762547867","23477/2025-11-28/1762547867.json"
"512557","146154","2025-11-28","45.00","NZD","1762547867","23477/2025-11-28/1762547867.json"
"365170","146153","2025-11-28","48.00","NZD","1762547867","23477/2025-11-28/1762547867.json"
"510807","146155","2025-11-28","52.00","NZD","1762547867","23477/2025-11-28/1762547867.json"
"581513","221281","2025-11-27","36.00","NZD","1762547867","23477/2025-11-27/1762547867.json"
"581514","221282","2025-11-27","36.00","NZD","1762547867","23477/2025-11-27/1762547867.json"
"512557","146154","2025-11-27","45.00","NZD","1762547867","23477/2025-11-27/1762547867.json"
"365170","146153","2025-11-27","48.00","NZD","1762547867","23477/2025-11-27/1762547867.json"
"510807","146155","2025-11-27","52.00","NZD","1762547867","23477/2025-11-27/1762547867.json"
"581513","221281","2025-11-29","36.00","NZD","1762547867","23477/2025-11-29/1762547867.json"
"581514","221282","2025-11-29","36.00","NZD","1762547867","23477/2025-11-29/1762547867.json"
"512557","146154","2025-11-29","45.00","NZD","1762547867","23477/2025-11-29/1762547867.json"
"365170","146153","2025-11-29","48.00","NZD","1762547867","23477/2025-11-29/1762547867.json"
"510807","146155","2025-11-29","52.00","NZD","1762547867","23477/2025-11-29/1762547867.json"
"581513","221281","2025-11-30","36.00","NZD","1762547867","23477/2025-11-30/1762547867.json"
"581514","221282","2025-11-30","36.00","NZD","1762547867","23477/2025-11-30/1762547867.json"
"512557","146154","2025-11-30","45.00","NZD","1762547867","23477/2025-11-30/1762547867.json"
"365170","146153","2025-11-30","48.00","NZD","1762547867","23477/2025-11-30/1762547867.json"
"510807","146155","2025-11-30","52.00","NZD","1762547867","23477/2025-11-30/1762547867.json"
"581513","221281","2025-12-01","36.00","NZD","1762547867","23477/2025-12-01/1762547867.json"
"581514","221282","2025-12-01","36.00","NZD","1762547867","23477/2025-12-01/1762547867.json"
"512557","146154","2025-12-01","45.00","NZD","1762547867","23477/2025-12-01/1762547867.json"
"365170","146153","2025-12-01","48.00","NZD","1762547867","23477/2025-12-01/1762547867.json"
"510807","146155","2025-12-01","52.00","NZD","1762547867","23477/2025-12-01/1762547867.json"
"581513","221281","2025-12-03","36.00","NZD","1762547867","23477/2025-12-03/1762547867.json"
"581514","221282","2025-12-03","36.00","NZD","1762547867","23477/2025-12-03/1762547867.json"
"512557","146154","2025-12-03","45.00","NZD","1762547867","23477/2025-12-03/1762547867.json"
"365170","146153","2025-12-03","48.00","NZD","1762547867","23477/2025-12-03/1762547867.json"
"510807","146155","2025-12-03","52.00","NZD","1762547867","23477/2025-12-03/1762547867.json"
"581513","221281","2025-12-02","36.00","NZD","1762547867","23477/2025-12-02/1762547867.json"
"581514","221282","2025-12-02","36.00","NZD","1762547867","23477/2025-12-02/1762547867.json"
"512557","146154","2025-12-02","45.00","NZD","1762547867","23477/2025-12-02/1762547867.json"
"365170","146153","2025-12-02","48.00","NZD","1762547867","23477/2025-12-02/1762547867.json"
"510807","146155","2025-12-02","52.00","NZD","1762547867","23477/2025-12-02/1762547867.json"
"581513","221281","2025-12-04","36.00","NZD","1762547867","23477/2025-12-04/1762547867.json"
"581514","221282","2025-12-04","36.00","NZD","1762547867","23477/2025-12-04/1762547867.json"
"512557","146154","2025-12-04","45.00","NZD","1762547867","23477/2025-12-04/1762547867.json"
"365170","146153","2025-12-04","48.00","NZD","1762547867","23477/2025-12-04/1762547867.json"
"510807","146155","2025-12-04","52.00","NZD","1762547867","23477/2025-12-04/1762547867.json"
"581513","221281","2025-12-05","36.00","NZD","1762547867","23477/2025-12-05/1762547867.json"
"581514","221282","2025-12-05","36.00","NZD","1762547867","23477/2025-12-05/1762547867.json"
"512557","146154","2025-12-05","45.00","NZD","1762547867","23477/2025-12-05/1762547867.json"
"365170","146153","2025-12-05","48.00","NZD","1762547867","23477/2025-12-05/1762547867.json"
"510807","146155","2025-12-05","52.00","NZD","1762547867","23477/2025-12-05/1762547867.json"
"581513","221281","2025-12-06","36.00","NZD","1762547867","23477/2025-12-06/1762547867.json"
"581514","221282","2025-12-06","36.00","NZD","1762547867","23477/2025-12-06/1762547867.json"
"512557","146154","2025-12-06","45.00","NZD","1762547867","23477/2025-12-06/1762547867.json"
"365170","146153","2025-12-06","48.00","NZD","1762547867","23477/2025-12-06/1762547867.json"
"510807","146155","2025-12-06","52.00","NZD","1762547867","23477/2025-12-06/1762547867.json"
"581513","221281","2025-12-07","36.00","NZD","1762547867","23477/2025-12-07/1762547867.json"
"581514","221282","2025-12-07","36.00","NZD","1762547867","23477/2025-12-07/1762547867.json"
"512557","146154","2025-12-07","45.00","NZD","1762547867","23477/2025-12-07/1762547867.json"
"365170","146153","2025-12-07","48.00","NZD","1762547867","23477/2025-12-07/1762547867.json"
"510807","146155","2025-12-07","52.00","NZD","1762547867","23477/2025-12-07/1762547867.json"
"581513","221281","2025-12-09","36.00","NZD","1762547867","23477/2025-12-09/1762547867.json"
"581514","221282","2025-12-09","36.00","NZD","1762547867","23477/2025-12-09/1762547867.json"
"512557","146154","2025-12-09","45.00","NZD","1762547867","23477/2025-12-09/1762547867.json"
"365170","146153","2025-12-09","48.00","NZD","1762547867","23477/2025-12-09/1762547867.json"
"510807","146155","2025-12-09","52.00","NZD","1762547867","23477/2025-12-09/1762547867.json"
"581513","221281","2025-12-08","36.00","NZD","1762547867","23477/2025-12-08/1762547867.json"
"581514","221282","2025-12-08","36.00","NZD","1762547867","23477/2025-12-08/1762547867.json"
"512557","146154","2025-12-08","45.00","NZD","1762547867","23477/2025-12-08/1762547867.json"
"365170","146153","2025-12-08","48.00","NZD","1762547867","23477/2025-12-08/1762547867.json"
"510807","146155","2025-12-08","52.00","NZD","1762547867","23477/2025-12-08/1762547867.json"
"581513","221281","2025-12-10","36.00","NZD","1762547867","23477/2025-12-10/1762547867.json"
"581514","221282","2025-12-10","36.00","NZD","1762547867","23477/2025-12-10/1762547867.json"
"512557","146154","2025-12-10","45.00","NZD","1762547867","23477/2025-12-10/1762547867.json"
"365170","146153","2025-12-10","48.00","NZD","1762547867","23477/2025-12-10/1762547867.json"
"510807","146155","2025-12-10","52.00","NZD","1762547867","23477/2025-12-10/1762547867.json"
"581513","221281","2025-12-11","36.00","NZD","1762547867","23477/2025-12-11/1762547867.json"
"581514","221282","2025-12-11","36.00","NZD","1762547867","23477/2025-12-11/1762547867.json"
"512557","146154","2025-12-11","45.00","NZD","1762547867","23477/2025-12-11/1762547867.json"
"365170","146153","2025-12-11","48.00","NZD","1762547867","23477/2025-12-11/1762547867.json"
"510807","146155","2025-12-11","52.00","NZD","1762547867","23477/2025-12-11/1762547867.json"
"581513","221281","2025-12-12","36.00","NZD","1762547867","23477/2025-12-12/1762547867.json"
"581514","221282","2025-12-12","36.00","NZD","1762547867","23477/2025-12-12/1762547867.json"
"512557","146154","2025-12-12","45.00","NZD","1762547867","23477/2025-12-12/1762547867.json"
"365170","146153","2025-12-12","48.00","NZD","1762547867","23477/2025-12-12/1762547867.json"
"510807","146155","2025-12-12","52.00","NZD","1762547867","23477/2025-12-12/1762547867.json"
"581513","221281","2025-12-14","36.00","NZD","1762547867","23477/2025-12-14/1762547867.json"
"581514","221282","2025-12-14","36.00","NZD","1762547867","23477/2025-12-14/1762547867.json"
"512557","146154","2025-12-14","45.00","NZD","1762547867","23477/2025-12-14/1762547867.json"
"365170","146153","2025-12-14","48.00","NZD","1762547867","23477/2025-12-14/1762547867.json"
"510807","146155","2025-12-14","52.00","NZD","1762547867","23477/2025-12-14/1762547867.json"
"581513","221281","2025-12-13","36.00","NZD","1762547867","23477/2025-12-13/1762547867.json"
"581514","221282","2025-12-13","36.00","NZD","1762547867","23477/2025-12-13/1762547867.json"
"512557","146154","2025-12-13","45.00","NZD","1762547867","23477/2025-12-13/1762547867.json"
"365170","146153","2025-12-13","48.00","NZD","1762547867","23477/2025-12-13/1762547867.json"
"510807","146155","2025-12-13","52.00","NZD","1762547867","23477/2025-12-13/1762547867.json"
"581513","221281","2025-12-15","36.00","NZD","1762547867","23477/2025-12-15/1762547867.json"
"581514","221282","2025-12-15","36.00","NZD","1762547867","23477/2025-12-15/1762547867.json"
"512557","146154","2025-12-15","45.00","NZD","1762547867","23477/2025-12-15/1762547867.json"
"365170","146153","2025-12-15","48.00","NZD","1762547867","23477/2025-12-15/1762547867.json"
"510807","146155","2025-12-15","52.00","NZD","1762547867","23477/2025-12-15/1762547867.json"
"581513","221281","2025-12-17","36.00","NZD","1762547867","23477/2025-12-17/1762547867.json"
"581514","221282","2025-12-17","36.00","NZD","1762547867","23477/2025-12-17/1762547867.json"
"512557","146154","2025-12-17","45.00","NZD","1762547867","23477/2025-12-17/1762547867.json"
"365170","146153","2025-12-17","48.00","NZD","1762547867","23477/2025-12-17/1762547867.json"
"510807","146155","2025-12-17","52.00","NZD","1762547867","23477/2025-12-17/1762547867.json"
"581513","221281","2025-12-18","36.00","NZD","1762547867","23477/2025-12-18/1762547867.json"
"581514","221282","2025-12-18","36.00","NZD","1762547867","23477/2025-12-18/1762547867.json"
"512557","146154","2025-12-18","45.00","NZD","1762547867","23477/2025-12-18/1762547867.json"
"365170","146153","2025-12-18","48.00","NZD","1762547867","23477/2025-12-18/1762547867.json"
"510807","146155","2025-12-18","52.00","NZD","1762547867","23477/2025-12-18/1762547867.json"
"581513","221281","2025-12-16","36.00","NZD","1762547867","23477/2025-12-16/1762547867.json"
"581514","221282","2025-12-16","36.00","NZD","1762547867","23477/2025-12-16/1762547867.json"
"512557","146154","2025-12-16","45.00","NZD","1762547867","23477/2025-12-16/1762547867.json"
"365170","146153","2025-12-16","48.00","NZD","1762547867","23477/2025-12-16/1762547867.json"
"510807","146155","2025-12-16","52.00","NZD","1762547867","23477/2025-12-16/1762547867.json"
"581513","221281","2025-12-19","36.00","NZD","1762547867","23477/2025-12-19/1762547867.json"
"581514","221282","2025-12-19","36.00","NZD","1762547867","23477/2025-12-19/1762547867.json"
"512557","146154","2025-12-19","45.00","NZD","1762547867","23477/2025-12-19/1762547867.json"
"365170","146153","2025-12-19","48.00","NZD","1762547867","23477/2025-12-19/1762547867.json"
"510807","146155","2025-12-19","52.00","NZD","1762547867","23477/2025-12-19/1762547867.json"
"581513","221281","2025-12-20","36.00","NZD","1762547867","23477/2025-12-20/1762547867.json"
"581514","221282","2025-12-20","36.00","NZD","1762547867","23477/2025-12-20/1762547867.json"
"512557","146154","2025-12-20","45.00","NZD","1762547867","23477/2025-12-20/1762547867.json"
"365170","146153","2025-12-20","48.00","NZD","1762547867","23477/2025-12-20/1762547867.json"
"510807","146155","2025-12-20","52.00","NZD","1762547867","23477/2025-12-20/1762547867.json"
"581513","221281","2025-12-21","36.00","NZD","1762547867","23477/2025-12-21/1762547867.json"
"581514","221282","2025-12-21","36.00","NZD","1762547867","23477/2025-12-21/1762547867.json"
"512557","146154","2025-12-21","45.00","NZD","1762547867","23477/2025-12-21/1762547867.json"
"365170","146153","2025-12-21","48.00","NZD","1762547867","23477/2025-12-21/1762547867.json"
"510807","146155","2025-12-21","52.00","NZD","1762547867","23477/2025-12-21/1762547867.json"
"581513","221281","2025-12-22","36.00","NZD","1762547867","23477/2025-12-22/1762547867.json"
"581514","221282","2025-12-22","36.00","NZD","1762547867","23477/2025-12-22/1762547867.json"
"512557","146154","2025-12-22","45.00","NZD","1762547867","23477/2025-12-22/1762547867.json"
"365170","146153","2025-12-22","48.00","NZD","1762547867","23477/2025-12-22/1762547867.json"
"510807","146155","2025-12-22","52.00","NZD","1762547867","23477/2025-12-22/1762547867.json"
"581513","221281","2025-12-23","38.00","NZD","1762547867","23477/2025-12-23/1762547867.json"
"581514","221282","2025-12-23","38.00","NZD","1762547867","23477/2025-12-23/1762547867.json"
"512557","146154","2025-12-23","45.00","NZD","1762547867","23477/2025-12-23/1762547867.json"
"365170","146153","2025-12-23","48.00","NZD","1762547867","23477/2025-12-23/1762547867.json"
"510807","146155","2025-12-23","52.00","NZD","1762547867","23477/2025-12-23/1762547867.json"
"581513","221281","2025-12-24","38.00","NZD","1762547867","23477/2025-12-24/1762547867.json"
"581514","221282","2025-12-24","38.00","NZD","1762547867","23477/2025-12-24/1762547867.json"
"512557","146154","2025-12-24","45.00","NZD","1762547867","23477/2025-12-24/1762547867.json"
"365170","146153","2025-12-24","48.00","NZD","1762547867","23477/2025-12-24/1762547867.json"
"510807","146155","2025-12-24","52.00","NZD","1762547867","23477/2025-12-24/1762547867.json"
"581513","221281","2025-12-26","42.00","NZD","1762547867","23477/2025-12-26/1762547867.json"
"581514","221282","2025-12-26","42.00","NZD","1762547867","23477/2025-12-26/1762547867.json"
"512557","146154","2025-12-26","45.00","NZD","1762547867","23477/2025-12-26/1762547867.json"
"365170","146153","2025-12-26","48.00","NZD","1762547867","23477/2025-12-26/1762547867.json"
"510807","146155","2025-12-26","52.00","NZD","1762547867","23477/2025-12-26/1762547867.json"
"581513","221281","2025-12-25","38.00","NZD","1762547867","23477/2025-12-25/1762547867.json"
"581514","221282","2025-12-25","38.00","NZD","1762547867","23477/2025-12-25/1762547867.json"
"512557","146154","2025-12-25","45.00","NZD","1762547867","23477/2025-12-25/1762547867.json"
"365170","146153","2025-12-25","48.00","NZD","1762547867","23477/2025-12-25/1762547867.json"
"510807","146155","2025-12-25","52.00","NZD","1762547867","23477/2025-12-25/1762547867.json"
"581513","221281","2025-12-27","42.00","NZD","1762547867","23477/2025-12-27/1762547867.json"
"581514","221282","2025-12-27","42.00","NZD","1762547867","23477/2025-12-27/1762547867.json"
"512557","146154","2025-12-27","45.00","NZD","1762547867","23477/2025-12-27/1762547867.json"
"365170","146153","2025-12-27","48.00","NZD","1762547867","23477/2025-12-27/1762547867.json"
"510807","146155","2025-12-27","52.00","NZD","1762547867","23477/2025-12-27/1762547867.json"
"581513","221281","2025-12-30","42.00","NZD","1762547867","23477/2025-12-30/1762547867.json"
"581514","221282","2025-12-30","42.00","NZD","1762547867","23477/2025-12-30/1762547867.json"
"512557","146154","2025-12-30","45.00","NZD","1762547867","23477/2025-12-30/1762547867.json"
"365170","146153","2025-12-30","48.00","NZD","1762547867","23477/2025-12-30/1762547867.json"
"510807","146155","2025-12-30","52.00","NZD","1762547867","23477/2025-12-30/1762547867.json"
"581513","221281","2025-12-29","42.00","NZD","1762547867","23477/2025-12-29/1762547867.json"
"581514","221282","2025-12-29","42.00","NZD","1762547867","23477/2025-12-29/1762547867.json"
"512557","146154","2025-12-29","45.00","NZD","1762547867","23477/2025-12-29/1762547867.json"
"365170","146153","2025-12-29","48.00","NZD","1762547867","23477/2025-12-29/1762547867.json"
"510807","146155","2025-12-29","52.00","NZD","1762547867","23477/2025-12-29/1762547867.json"
"581513","221281","2025-12-28","42.00","NZD","1762547867","23477/2025-12-28/1762547867.json"
"581514","221282","2025-12-28","42.00","NZD","1762547867","23477/2025-12-28/1762547867.json"
"512557","146154","2025-12-28","45.00","NZD","1762547867","23477/2025-12-28/1762547867.json"
"365170","146153","2025-12-28","48.00","NZD","1762547867","23477/2025-12-28/1762547867.json"
"510807","146155","2025-12-28","52.00","NZD","1762547867","23477/2025-12-28/1762547867.json"
"581513","221281","2025-12-31","42.00","NZD","1762547867","23477/2025-12-31/1762547867.json"
"581514","221282","2025-12-31","42.00","NZD","1762547867","23477/2025-12-31/1762547867.json"
"512557","146154","2025-12-31","45.00","NZD","1762547867","23477/2025-12-31/1762547867.json"
"365170","146153","2025-12-31","48.00","NZD","1762547867","23477/2025-12-31/1762547867.json"
"510807","146155","2025-12-31","52.00","NZD","1762547867","23477/2025-12-31/1762547867.json"
"581513","221281","2026-01-02","42.00","NZD","1762547867","23477/2026-01-02/1762547867.json"
"581514","221282","2026-01-02","42.00","NZD","1762547867","23477/2026-01-02/1762547867.json"
"512557","146154","2026-01-02","45.00","NZD","1762547867","23477/2026-01-02/1762547867.json"
"365170","146153","2026-01-02","48.00","NZD","1762547867","23477/2026-01-02/1762547867.json"
"510807","146155","2026-01-02","52.00","NZD","1762547867","23477/2026-01-02/1762547867.json"
"581513","221281","2026-01-01","42.00","NZD","1762547867","23477/2026-01-01/1762547867.json"
"581514","221282","2026-01-01","42.00","NZD","1762547867","23477/2026-01-01/1762547867.json"
"512557","146154","2026-01-01","45.00","NZD","1762547867","23477/2026-01-01/1762547867.json"
"365170","146153","2026-01-01","48.00","NZD","1762547867","23477/2026-01-01/1762547867.json"
"510807","146155","2026-01-01","52.00","NZD","1762547867","23477/2026-01-01/1762547867.json"
"581513","221281","2026-01-03","42.00","NZD","1762547867","23477/2026-01-03/1762547867.json"
"581514","221282","2026-01-03","42.00","NZD","1762547867","23477/2026-01-03/1762547867.json"
"512557","146154","2026-01-03","45.00","NZD","1762547867","23477/2026-01-03/1762547867.json"
"365170","146153","2026-01-03","48.00","NZD","1762547867","23477/2026-01-03/1762547867.json"
"510807","146155","2026-01-03","52.00","NZD","1762547867","23477/2026-01-03/1762547867.json"
"581513","221281","2026-01-04","42.00","NZD","1762547867","23477/2026-01-04/1762547867.json"
"581514","221282","2026-01-04","42.00","NZD","1762547867","23477/2026-01-04/1762547867.json"
"512557","146154","2026-01-04","45.00","NZD","1762547867","23477/2026-01-04/1762547867.json"
"365170","146153","2026-01-04","48.00","NZD","1762547867","23477/2026-01-04/1762547867.json"
"510807","146155","2026-01-04","52.00","NZD","1762547867","23477/2026-01-04/1762547867.json"
"581513","221281","2026-01-05","36.00","NZD","1762547867","23477/2026-01-05/1762547867.json"
"581514","221282","2026-01-05","36.00","NZD","1762547867","23477/2026-01-05/1762547867.json"
"512557","146154","2026-01-05","45.00","NZD","1762547867","23477/2026-01-05/1762547867.json"
"365170","146153","2026-01-05","48.00","NZD","1762547867","23477/2026-01-05/1762547867.json"
"510807","146155","2026-01-05","52.00","NZD","1762547867","23477/2026-01-05/1762547867.json"
"581513","221281","2026-01-06","36.00","NZD","1762547867","23477/2026-01-06/1762547867.json"
"581514","221282","2026-01-06","36.00","NZD","1762547867","23477/2026-01-06/1762547867.json"
"512557","146154","2026-01-06","45.00","NZD","1762547867","23477/2026-01-06/1762547867.json"
"365170","146153","2026-01-06","48.00","NZD","1762547867","23477/2026-01-06/1762547867.json"
"510807","146155","2026-01-06","52.00","NZD","1762547867","23477/2026-01-06/1762547867.json"
"581513","221281","2025-11-08","36.00","NZD","1762566859","23477/2025-11-08/1762566859.json"
"581514","221282","2025-11-08","36.00","NZD","1762566859","23477/2025-11-08/1762566859.json"
"512557","146154","2025-11-08","45.00","NZD","1762566859","23477/2025-11-08/1762566859.json"
"365170","146153","2025-11-08","48.00","NZD","1762566859","23477/2025-11-08/1762566859.json"
"510807","146155","2025-11-08","52.00","NZD","1762566859","23477/2025-11-08/1762566859.json"
"581513","221281","2025-11-09","36.00","NZD","1762566859","23477/2025-11-09/1762566859.json"
"581514","221282","2025-11-09","36.00","NZD","1762566859","23477/2025-11-09/1762566859.json"
"512557","146154","2025-11-09","45.00","NZD","1762566859","23477/2025-11-09/1762566859.json"
"365170","146153","2025-11-09","48.00","NZD","1762566859","23477/2025-11-09/1762566859.json"
"510807","146155","2025-11-09","52.00","NZD","1762566859","23477/2025-11-09/1762566859.json"
"581513","221281","2025-11-10","36.00","NZD","1762566859","23477/2025-11-10/1762566859.json"
"581514","221282","2025-11-10","36.00","NZD","1762566859","23477/2025-11-10/1762566859.json"
"512557","146154","2025-11-10","45.00","NZD","1762566859","23477/2025-11-10/1762566859.json"
"365170","146153","2025-11-10","48.00","NZD","1762566859","23477/2025-11-10/1762566859.json"
"510807","146155","2025-11-10","52.00","NZD","1762566859","23477/2025-11-10/1762566859.json"
"581513","221281","2025-11-11","36.00","NZD","1762566859","23477/2025-11-11/1762566859.json"
"581514","221282","2025-11-11","36.00","NZD","1762566859","23477/2025-11-11/1762566859.json"
"512557","146154","2025-11-11","45.00","NZD","1762566859","23477/2025-11-11/1762566859.json"
"365170","146153","2025-11-11","48.00","NZD","1762566859","23477/2025-11-11/1762566859.json"
"510807","146155","2025-11-11","52.00","NZD","1762566859","23477/2025-11-11/1762566859.json"
"581513","221281","2025-11-13","36.00","NZD","1762566859","23477/2025-11-13/1762566859.json"
"581514","221282","2025-11-13","36.00","NZD","1762566859","23477/2025-11-13/1762566859.json"
"512557","146154","2025-11-13","45.00","NZD","1762566859","23477/2025-11-13/1762566859.json"
"365170","146153","2025-11-13","48.00","NZD","1762566859","23477/2025-11-13/1762566859.json"
"510807","146155","2025-11-13","52.00","NZD","1762566859","23477/2025-11-13/1762566859.json"
"581513","221281","2025-11-15","36.00","NZD","1762566859","23477/2025-11-15/1762566859.json"
"581514","221282","2025-11-15","36.00","NZD","1762566859","23477/2025-11-15/1762566859.json"
"512557","146154","2025-11-15","45.00","NZD","1762566859","23477/2025-11-15/1762566859.json"
"365170","146153","2025-11-15","48.00","NZD","1762566859","23477/2025-11-15/1762566859.json"
"510807","146155","2025-11-15","52.00","NZD","1762566859","23477/2025-11-15/1762566859.json"
"581513","221281","2025-11-12","36.00","NZD","1762566859","23477/2025-11-12/1762566859.json"
"581514","221282","2025-11-12","36.00","NZD","1762566859","23477/2025-11-12/1762566859.json"
"512557","146154","2025-11-12","45.00","NZD","1762566859","23477/2025-11-12/1762566859.json"
"365170","146153","2025-11-12","48.00","NZD","1762566859","23477/2025-11-12/1762566859.json"
"510807","146155","2025-11-12","52.00","NZD","1762566859","23477/2025-11-12/1762566859.json"
"581513","221281","2025-11-14","36.00","NZD","1762566859","23477/2025-11-14/1762566859.json"
"581514","221282","2025-11-14","36.00","NZD","1762566859","23477/2025-11-14/1762566859.json"
"512557","146154","2025-11-14","45.00","NZD","1762566859","23477/2025-11-14/1762566859.json"
"365170","146153","2025-11-14","48.00","NZD","1762566859","23477/2025-11-14/1762566859.json"
"510807","146155","2025-11-14","52.00","NZD","1762566859","23477/2025-11-14/1762566859.json"
"581513","221281","2025-11-16","36.00","NZD","1762566859","23477/2025-11-16/1762566859.json"
"581514","221282","2025-11-16","36.00","NZD","1762566859","23477/2025-11-16/1762566859.json"
"512557","146154","2025-11-16","45.00","NZD","1762566859","23477/2025-11-16/1762566859.json"
"365170","146153","2025-11-16","48.00","NZD","1762566859","23477/2025-11-16/1762566859.json"
"510807","146155","2025-11-16","52.00","NZD","1762566859","23477/2025-11-16/1762566859.json"
"581513","221281","2025-11-17","36.00","NZD","1762566859","23477/2025-11-17/1762566859.json"
"581514","221282","2025-11-17","36.00","NZD","1762566859","23477/2025-11-17/1762566859.json"
"512557","146154","2025-11-17","45.00","NZD","1762566859","23477/2025-11-17/1762566859.json"
"365170","146153","2025-11-17","48.00","NZD","1762566859","23477/2025-11-17/1762566859.json"
"510807","146155","2025-11-17","52.00","NZD","1762566859","23477/2025-11-17/1762566859.json"
"581513","221281","2025-11-18","36.00","NZD","1762566859","23477/2025-11-18/1762566859.json"
"581514","221282","2025-11-18","36.00","NZD","1762566859","23477/2025-11-18/1762566859.json"
"512557","146154","2025-11-18","45.00","NZD","1762566859","23477/2025-11-18/1762566859.json"
"365170","146153","2025-11-18","48.00","NZD","1762566859","23477/2025-11-18/1762566859.json"
"510807","146155","2025-11-18","52.00","NZD","1762566859","23477/2025-11-18/1762566859.json"
"581513","221281","2025-11-19","36.00","NZD","1762566859","23477/2025-11-19/1762566859.json"
"581514","221282","2025-11-19","36.00","NZD","1762566859","23477/2025-11-19/1762566859.json"
"512557","146154","2025-11-19","45.00","NZD","1762566859","23477/2025-11-19/1762566859.json"
"365170","146153","2025-11-19","48.00","NZD","1762566859","23477/2025-11-19/1762566859.json"
"510807","146155","2025-11-19","52.00","NZD","1762566859","23477/2025-11-19/1762566859.json"
"581513","221281","2025-11-20","36.00","NZD","1762566859","23477/2025-11-20/1762566859.json"
"581514","221282","2025-11-20","36.00","NZD","1762566859","23477/2025-11-20/1762566859.json"
"512557","146154","2025-11-20","45.00","NZD","1762566859","23477/2025-11-20/1762566859.json"
"581513","221281","2025-11-21","36.00","NZD","1762566859","23477/2025-11-21/1762566859.json"
"581514","221282","2025-11-21","36.00","NZD","1762566859","23477/2025-11-21/1762566859.json"
"512557","146154","2025-11-21","45.00","NZD","1762566859","23477/2025-11-21/1762566859.json"
"365170","146153","2025-11-21","48.00","NZD","1762566859","23477/2025-11-21/1762566859.json"
"510807","146155","2025-11-21","52.00","NZD","1762566859","23477/2025-11-21/1762566859.json"
"581513","221281","2025-11-22","36.00","NZD","1762566859","23477/2025-11-22/1762566859.json"
"581514","221282","2025-11-22","36.00","NZD","1762566859","23477/2025-11-22/1762566859.json"
"512557","146154","2025-11-22","45.00","NZD","1762566859","23477/2025-11-22/1762566859.json"
"365170","146153","2025-11-22","48.00","NZD","1762566859","23477/2025-11-22/1762566859.json"
"510807","146155","2025-11-22","52.00","NZD","1762566859","23477/2025-11-22/1762566859.json"
"581513","221281","2025-11-23","36.00","NZD","1762566859","23477/2025-11-23/1762566859.json"
"581514","221282","2025-11-23","36.00","NZD","1762566859","23477/2025-11-23/1762566859.json"
"512557","146154","2025-11-23","45.00","NZD","1762566859","23477/2025-11-23/1762566859.json"
"365170","146153","2025-11-23","48.00","NZD","1762566859","23477/2025-11-23/1762566859.json"
"510807","146155","2025-11-23","52.00","NZD","1762566859","23477/2025-11-23/1762566859.json"
"581513","221281","2025-11-24","36.00","NZD","1762566859","23477/2025-11-24/1762566859.json"
"581513","221281","2025-11-25","36.00","NZD","1762566859","23477/2025-11-25/1762566859.json"
"581514","221282","2025-11-24","36.00","NZD","1762566859","23477/2025-11-24/1762566859.json"
"581514","221282","2025-11-25","36.00","NZD","1762566859","23477/2025-11-25/1762566859.json"
"512557","146154","2025-11-25","45.00","NZD","1762566859","23477/2025-11-25/1762566859.json"
"512557","146154","2025-11-24","45.00","NZD","1762566859","23477/2025-11-24/1762566859.json"
"365170","146153","2025-11-25","48.00","NZD","1762566859","23477/2025-11-25/1762566859.json"
"510807","146155","2025-11-25","52.00","NZD","1762566859","23477/2025-11-25/1762566859.json"
"365170","146153","2025-11-24","48.00","NZD","1762566859","23477/2025-11-24/1762566859.json"
"510807","146155","2025-11-24","52.00","NZD","1762566859","23477/2025-11-24/1762566859.json"
"581513","221281","2025-11-26","36.00","NZD","1762566859","23477/2025-11-26/1762566859.json"
"581514","221282","2025-11-26","36.00","NZD","1762566859","23477/2025-11-26/1762566859.json"
"512557","146154","2025-11-26","45.00","NZD","1762566859","23477/2025-11-26/1762566859.json"
"365170","146153","2025-11-26","48.00","NZD","1762566859","23477/2025-11-26/1762566859.json"
"510807","146155","2025-11-26","52.00","NZD","1762566859","23477/2025-11-26/1762566859.json"
"581513","221281","2025-11-29","36.00","NZD","1762566859","23477/2025-11-29/1762566859.json"
"581514","221282","2025-11-29","36.00","NZD","1762566859","23477/2025-11-29/1762566859.json"
"512557","146154","2025-11-29","45.00","NZD","1762566859","23477/2025-11-29/1762566859.json"
"365170","146153","2025-11-29","48.00","NZD","1762566859","23477/2025-11-29/1762566859.json"
"510807","146155","2025-11-29","52.00","NZD","1762566859","23477/2025-11-29/1762566859.json"
"581513","221281","2025-11-28","36.00","NZD","1762566859","23477/2025-11-28/1762566859.json"
"581514","221282","2025-11-28","36.00","NZD","1762566859","23477/2025-11-28/1762566859.json"
"512557","146154","2025-11-28","45.00","NZD","1762566859","23477/2025-11-28/1762566859.json"
"365170","146153","2025-11-28","48.00","NZD","1762566859","23477/2025-11-28/1762566859.json"
"510807","146155","2025-11-28","52.00","NZD","1762566859","23477/2025-11-28/1762566859.json"
"581513","221281","2025-11-30","36.00","NZD","1762566859","23477/2025-11-30/1762566859.json"
"581514","221282","2025-11-30","36.00","NZD","1762566859","23477/2025-11-30/1762566859.json"
"512557","146154","2025-11-30","45.00","NZD","1762566859","23477/2025-11-30/1762566859.json"
"365170","146153","2025-11-30","48.00","NZD","1762566859","23477/2025-11-30/1762566859.json"
"510807","146155","2025-11-30","52.00","NZD","1762566859","23477/2025-11-30/1762566859.json"
"581513","221281","2025-12-02","36.00","NZD","1762566859","23477/2025-12-02/1762566859.json"
"581513","221281","2025-12-01","36.00","NZD","1762566859","23477/2025-12-01/1762566859.json"
"581514","221282","2025-12-02","36.00","NZD","1762566859","23477/2025-12-02/1762566859.json"
"581514","221282","2025-12-01","36.00","NZD","1762566859","23477/2025-12-01/1762566859.json"
"512557","146154","2025-12-01","45.00","NZD","1762566859","23477/2025-12-01/1762566859.json"
"512557","146154","2025-12-02","45.00","NZD","1762566859","23477/2025-12-02/1762566859.json"
"365170","146153","2025-12-01","48.00","NZD","1762566859","23477/2025-12-01/1762566859.json"
"510807","146155","2025-12-01","52.00","NZD","1762566859","23477/2025-12-01/1762566859.json"
"365170","146153","2025-12-02","48.00","NZD","1762566859","23477/2025-12-02/1762566859.json"
"510807","146155","2025-12-02","52.00","NZD","1762566859","23477/2025-12-02/1762566859.json"
"581513","221281","2025-12-03","36.00","NZD","1762566859","23477/2025-12-03/1762566859.json"
"581514","221282","2025-12-03","36.00","NZD","1762566859","23477/2025-12-03/1762566859.json"
"512557","146154","2025-12-03","45.00","NZD","1762566859","23477/2025-12-03/1762566859.json"
"365170","146153","2025-12-03","48.00","NZD","1762566859","23477/2025-12-03/1762566859.json"
"510807","146155","2025-12-03","52.00","NZD","1762566859","23477/2025-12-03/1762566859.json"
"581513","221281","2025-12-05","36.00","NZD","1762566859","23477/2025-12-05/1762566859.json"
"581514","221282","2025-12-05","36.00","NZD","1762566859","23477/2025-12-05/1762566859.json"
"512557","146154","2025-12-05","45.00","NZD","1762566859","23477/2025-12-05/1762566859.json"
"365170","146153","2025-12-05","48.00","NZD","1762566859","23477/2025-12-05/1762566859.json"
"510807","146155","2025-12-05","52.00","NZD","1762566859","23477/2025-12-05/1762566859.json"
"581513","221281","2025-12-04","36.00","NZD","1762566859","23477/2025-12-04/1762566859.json"
"581514","221282","2025-12-04","36.00","NZD","1762566859","23477/2025-12-04/1762566859.json"
"512557","146154","2025-12-04","45.00","NZD","1762566859","23477/2025-12-04/1762566859.json"
"365170","146153","2025-12-04","48.00","NZD","1762566859","23477/2025-12-04/1762566859.json"
"510807","146155","2025-12-04","52.00","NZD","1762566859","23477/2025-12-04/1762566859.json"
"581513","221281","2025-12-06","36.00","NZD","1762566859","23477/2025-12-06/1762566859.json"
"581514","221282","2025-12-06","36.00","NZD","1762566859","23477/2025-12-06/1762566859.json"
"512557","146154","2025-12-06","45.00","NZD","1762566859","23477/2025-12-06/1762566859.json"
"365170","146153","2025-12-06","48.00","NZD","1762566859","23477/2025-12-06/1762566859.json"
"510807","146155","2025-12-06","52.00","NZD","1762566859","23477/2025-12-06/1762566859.json"
"581513","221281","2025-11-27","36.00","NZD","1762566859","23477/2025-11-27/1762566859.json"
"581514","221282","2025-11-27","36.00","NZD","1762566859","23477/2025-11-27/1762566859.json"
"512557","146154","2025-11-27","45.00","NZD","1762566859","23477/2025-11-27/1762566859.json"
"365170","146153","2025-11-27","48.00","NZD","1762566859","23477/2025-11-27/1762566859.json"
"510807","146155","2025-11-27","52.00","NZD","1762566859","23477/2025-11-27/1762566859.json"
"581513","221281","2025-12-08","36.00","NZD","1762566859","23477/2025-12-08/1762566859.json"
"581514","221282","2025-12-08","36.00","NZD","1762566859","23477/2025-12-08/1762566859.json"
"512557","146154","2025-12-08","45.00","NZD","1762566859","23477/2025-12-08/1762566859.json"
"365170","146153","2025-12-08","48.00","NZD","1762566859","23477/2025-12-08/1762566859.json"
"510807","146155","2025-12-08","52.00","NZD","1762566859","23477/2025-12-08/1762566859.json"
"581513","221281","2025-12-07","36.00","NZD","1762566859","23477/2025-12-07/1762566859.json"
"581514","221282","2025-12-07","36.00","NZD","1762566859","23477/2025-12-07/1762566859.json"
"512557","146154","2025-12-07","45.00","NZD","1762566859","23477/2025-12-07/1762566859.json"
"365170","146153","2025-12-07","48.00","NZD","1762566859","23477/2025-12-07/1762566859.json"
"510807","146155","2025-12-07","52.00","NZD","1762566859","23477/2025-12-07/1762566859.json"
"581513","221281","2025-12-09","36.00","NZD","1762566859","23477/2025-12-09/1762566859.json"
"581514","221282","2025-12-09","36.00","NZD","1762566859","23477/2025-12-09/1762566859.json"
"512557","146154","2025-12-09","45.00","NZD","1762566859","23477/2025-12-09/1762566859.json"
"365170","146153","2025-12-09","48.00","NZD","1762566859","23477/2025-12-09/1762566859.json"
"510807","146155","2025-12-09","52.00","NZD","1762566859","23477/2025-12-09/1762566859.json"
"581513","221281","2025-12-10","36.00","NZD","1762566859","23477/2025-12-10/1762566859.json"
"581514","221282","2025-12-10","36.00","NZD","1762566859","23477/2025-12-10/1762566859.json"
"512557","146154","2025-12-10","45.00","NZD","1762566859","23477/2025-12-10/1762566859.json"
"365170","146153","2025-12-10","48.00","NZD","1762566859","23477/2025-12-10/1762566859.json"
"510807","146155","2025-12-10","52.00","NZD","1762566859","23477/2025-12-10/1762566859.json"
"581513","221281","2025-12-11","36.00","NZD","1762566859","23477/2025-12-11/1762566859.json"
"581514","221282","2025-12-11","36.00","NZD","1762566859","23477/2025-12-11/1762566859.json"
"512557","146154","2025-12-11","45.00","NZD","1762566859","23477/2025-12-11/1762566859.json"
"365170","146153","2025-12-11","48.00","NZD","1762566859","23477/2025-12-11/1762566859.json"
"510807","146155","2025-12-11","52.00","NZD","1762566859","23477/2025-12-11/1762566859.json"
"581513","221281","2025-12-12","36.00","NZD","1762566859","23477/2025-12-12/1762566859.json"
"581514","221282","2025-12-12","36.00","NZD","1762566859","23477/2025-12-12/1762566859.json"
"512557","146154","2025-12-12","45.00","NZD","1762566859","23477/2025-12-12/1762566859.json"
"365170","146153","2025-12-12","48.00","NZD","1762566859","23477/2025-12-12/1762566859.json"
"510807","146155","2025-12-12","52.00","NZD","1762566859","23477/2025-12-12/1762566859.json"
"581513","221281","2025-12-13","36.00","NZD","1762566859","23477/2025-12-13/1762566859.json"
"581514","221282","2025-12-13","36.00","NZD","1762566859","23477/2025-12-13/1762566859.json"
"512557","146154","2025-12-13","45.00","NZD","1762566859","23477/2025-12-13/1762566859.json"
"365170","146153","2025-12-13","48.00","NZD","1762566859","23477/2025-12-13/1762566859.json"
"510807","146155","2025-12-13","52.00","NZD","1762566859","23477/2025-12-13/1762566859.json"
"581513","221281","2025-12-14","36.00","NZD","1762566859","23477/2025-12-14/1762566859.json"
"581514","221282","2025-12-14","36.00","NZD","1762566859","23477/2025-12-14/1762566859.json"
"512557","146154","2025-12-14","45.00","NZD","1762566859","23477/2025-12-14/1762566859.json"
"365170","146153","2025-12-14","48.00","NZD","1762566859","23477/2025-12-14/1762566859.json"
"510807","146155","2025-12-14","52.00","NZD","1762566859","23477/2025-12-14/1762566859.json"
"581513","221281","2025-12-15","36.00","NZD","1762566859","23477/2025-12-15/1762566859.json"
"581514","221282","2025-12-15","36.00","NZD","1762566859","23477/2025-12-15/1762566859.json"
"512557","146154","2025-12-15","45.00","NZD","1762566859","23477/2025-12-15/1762566859.json"
"365170","146153","2025-12-15","48.00","NZD","1762566859","23477/2025-12-15/1762566859.json"
"510807","146155","2025-12-15","52.00","NZD","1762566859","23477/2025-12-15/1762566859.json"
"581513","221281","2025-12-17","36.00","NZD","1762566859","23477/2025-12-17/1762566859.json"
"581514","221282","2025-12-17","36.00","NZD","1762566859","23477/2025-12-17/1762566859.json"
"512557","146154","2025-12-17","45.00","NZD","1762566859","23477/2025-12-17/1762566859.json"
"365170","146153","2025-12-17","48.00","NZD","1762566859","23477/2025-12-17/1762566859.json"
"510807","146155","2025-12-17","52.00","NZD","1762566859","23477/2025-12-17/1762566859.json"
"581513","221281","2025-12-18","36.00","NZD","1762566859","23477/2025-12-18/1762566859.json"
"581514","221282","2025-12-18","36.00","NZD","1762566859","23477/2025-12-18/1762566859.json"
"512557","146154","2025-12-18","45.00","NZD","1762566859","23477/2025-12-18/1762566859.json"
"365170","146153","2025-12-18","48.00","NZD","1762566859","23477/2025-12-18/1762566859.json"
"510807","146155","2025-12-18","52.00","NZD","1762566859","23477/2025-12-18/1762566859.json"
"581513","221281","2025-12-19","36.00","NZD","1762566859","23477/2025-12-19/1762566859.json"
"581514","221282","2025-12-19","36.00","NZD","1762566859","23477/2025-12-19/1762566859.json"
"512557","146154","2025-12-19","45.00","NZD","1762566859","23477/2025-12-19/1762566859.json"
"365170","146153","2025-12-19","48.00","NZD","1762566859","23477/2025-12-19/1762566859.json"
"510807","146155","2025-12-19","52.00","NZD","1762566859","23477/2025-12-19/1762566859.json"
"581513","221281","2025-12-20","36.00","NZD","1762566859","23477/2025-12-20/1762566859.json"
"581514","221282","2025-12-20","36.00","NZD","1762566859","23477/2025-12-20/1762566859.json"
"512557","146154","2025-12-20","45.00","NZD","1762566859","23477/2025-12-20/1762566859.json"
"365170","146153","2025-12-20","48.00","NZD","1762566859","23477/2025-12-20/1762566859.json"
"510807","146155","2025-12-20","52.00","NZD","1762566859","23477/2025-12-20/1762566859.json"
"581513","221281","2025-12-21","36.00","NZD","1762566859","23477/2025-12-21/1762566859.json"
"581514","221282","2025-12-21","36.00","NZD","1762566859","23477/2025-12-21/1762566859.json"
"512557","146154","2025-12-21","45.00","NZD","1762566859","23477/2025-12-21/1762566859.json"
"365170","146153","2025-12-21","48.00","NZD","1762566859","23477/2025-12-21/1762566859.json"
"510807","146155","2025-12-21","52.00","NZD","1762566859","23477/2025-12-21/1762566859.json"
"581513","221281","2025-12-23","38.00","NZD","1762566859","23477/2025-12-23/1762566859.json"
"581514","221282","2025-12-23","38.00","NZD","1762566859","23477/2025-12-23/1762566859.json"
"512557","146154","2025-12-23","45.00","NZD","1762566859","23477/2025-12-23/1762566859.json"
"365170","146153","2025-12-23","48.00","NZD","1762566859","23477/2025-12-23/1762566859.json"
"510807","146155","2025-12-23","52.00","NZD","1762566859","23477/2025-12-23/1762566859.json"
"581513","221281","2025-12-24","38.00","NZD","1762566859","23477/2025-12-24/1762566859.json"
"581514","221282","2025-12-24","38.00","NZD","1762566859","23477/2025-12-24/1762566859.json"
"512557","146154","2025-12-24","45.00","NZD","1762566859","23477/2025-12-24/1762566859.json"
"365170","146153","2025-12-24","48.00","NZD","1762566859","23477/2025-12-24/1762566859.json"
"510807","146155","2025-12-24","52.00","NZD","1762566859","23477/2025-12-24/1762566859.json"
"581513","221281","2025-12-22","36.00","NZD","1762566859","23477/2025-12-22/1762566859.json"
"581514","221282","2025-12-22","36.00","NZD","1762566859","23477/2025-12-22/1762566859.json"
"512557","146154","2025-12-22","45.00","NZD","1762566859","23477/2025-12-22/1762566859.json"
"365170","146153","2025-12-22","48.00","NZD","1762566859","23477/2025-12-22/1762566859.json"
"510807","146155","2025-12-22","52.00","NZD","1762566859","23477/2025-12-22/1762566859.json"
"581513","221281","2025-12-25","38.00","NZD","1762566859","23477/2025-12-25/1762566859.json"
"581514","221282","2025-12-25","38.00","NZD","1762566859","23477/2025-12-25/1762566859.json"
"512557","146154","2025-12-25","45.00","NZD","1762566859","23477/2025-12-25/1762566859.json"
"365170","146153","2025-12-25","48.00","NZD","1762566859","23477/2025-12-25/1762566859.json"
"510807","146155","2025-12-25","52.00","NZD","1762566859","23477/2025-12-25/1762566859.json"
"581513","221281","2025-12-26","42.00","NZD","1762566859","23477/2025-12-26/1762566859.json"
"581514","221282","2025-12-26","42.00","NZD","1762566859","23477/2025-12-26/1762566859.json"
"512557","146154","2025-12-26","45.00","NZD","1762566859","23477/2025-12-26/1762566859.json"
"365170","146153","2025-12-26","48.00","NZD","1762566859","23477/2025-12-26/1762566859.json"
"510807","146155","2025-12-26","52.00","NZD","1762566859","23477/2025-12-26/1762566859.json"
"581513","221281","2025-12-27","42.00","NZD","1762566859","23477/2025-12-27/1762566859.json"
"581514","221282","2025-12-27","42.00","NZD","1762566859","23477/2025-12-27/1762566859.json"
"512557","146154","2025-12-27","45.00","NZD","1762566859","23477/2025-12-27/1762566859.json"
"365170","146153","2025-12-27","48.00","NZD","1762566859","23477/2025-12-27/1762566859.json"
"510807","146155","2025-12-27","52.00","NZD","1762566859","23477/2025-12-27/1762566859.json"
"581513","221281","2025-12-28","42.00","NZD","1762566859","23477/2025-12-28/1762566859.json"
"581514","221282","2025-12-28","42.00","NZD","1762566859","23477/2025-12-28/1762566859.json"
"512557","146154","2025-12-28","45.00","NZD","1762566859","23477/2025-12-28/1762566859.json"
"365170","146153","2025-12-28","48.00","NZD","1762566859","23477/2025-12-28/1762566859.json"
"510807","146155","2025-12-28","52.00","NZD","1762566859","23477/2025-12-28/1762566859.json"
"581513","221281","2025-12-16","36.00","NZD","1762566859","23477/2025-12-16/1762566859.json"
"581514","221282","2025-12-16","36.00","NZD","1762566859","23477/2025-12-16/1762566859.json"
"512557","146154","2025-12-16","45.00","NZD","1762566859","23477/2025-12-16/1762566859.json"
"365170","146153","2025-12-16","48.00","NZD","1762566859","23477/2025-12-16/1762566859.json"
"510807","146155","2025-12-16","52.00","NZD","1762566859","23477/2025-12-16/1762566859.json"
"581513","221281","2025-12-30","42.00","NZD","1762566859","23477/2025-12-30/1762566859.json"
"581514","221282","2025-12-30","42.00","NZD","1762566859","23477/2025-12-30/1762566859.json"
"512557","146154","2025-12-30","45.00","NZD","1762566859","23477/2025-12-30/1762566859.json"
"365170","146153","2025-12-30","48.00","NZD","1762566859","23477/2025-12-30/1762566859.json"
"510807","146155","2025-12-30","52.00","NZD","1762566859","23477/2025-12-30/1762566859.json"
"581513","221281","2025-12-29","42.00","NZD","1762566859","23477/2025-12-29/1762566859.json"
"581514","221282","2025-12-29","42.00","NZD","1762566859","23477/2025-12-29/1762566859.json"
"512557","146154","2025-12-29","45.00","NZD","1762566859","23477/2025-12-29/1762566859.json"
"365170","146153","2025-12-29","48.00","NZD","1762566859","23477/2025-12-29/1762566859.json"
"510807","146155","2025-12-29","52.00","NZD","1762566859","23477/2025-12-29/1762566859.json"
"581513","221281","2025-12-31","42.00","NZD","1762566859","23477/2025-12-31/1762566859.json"
"581514","221282","2025-12-31","42.00","NZD","1762566859","23477/2025-12-31/1762566859.json"
"512557","146154","2025-12-31","45.00","NZD","1762566859","23477/2025-12-31/1762566859.json"
"365170","146153","2025-12-31","48.00","NZD","1762566859","23477/2025-12-31/1762566859.json"
"510807","146155","2025-12-31","52.00","NZD","1762566859","23477/2025-12-31/1762566859.json"
"581513","221281","2026-01-01","42.00","NZD","1762566859","23477/2026-01-01/1762566859.json"
"581514","221282","2026-01-01","42.00","NZD","1762566859","23477/2026-01-01/1762566859.json"
"512557","146154","2026-01-01","45.00","NZD","1762566859","23477/2026-01-01/1762566859.json"
"365170","146153","2026-01-01","48.00","NZD","1762566859","23477/2026-01-01/1762566859.json"
"510807","146155","2026-01-01","52.00","NZD","1762566859","23477/2026-01-01/1762566859.json"
"581513","221281","2026-01-03","42.00","NZD","1762566859","23477/2026-01-03/1762566859.json"
"581514","221282","2026-01-03","42.00","NZD","1762566859","23477/2026-01-03/1762566859.json"
"512557","146154","2026-01-03","45.00","NZD","1762566859","23477/2026-01-03/1762566859.json"
"365170","146153","2026-01-03","48.00","NZD","1762566859","23477/2026-01-03/1762566859.json"
"510807","146155","2026-01-03","52.00","NZD","1762566859","23477/2026-01-03/1762566859.json"
"581513","221281","2026-01-02","42.00","NZD","1762566859","23477/2026-01-02/1762566859.json"
"581514","221282","2026-01-02","42.00","NZD","1762566859","23477/2026-01-02/1762566859.json"
"512557","146154","2026-01-02","45.00","NZD","1762566859","23477/2026-01-02/1762566859.json"
"365170","146153","2026-01-02","48.00","NZD","1762566859","23477/2026-01-02/1762566859.json"
"510807","146155","2026-01-02","52.00","NZD","1762566859","23477/2026-01-02/1762566859.json"
"581513","221281","2026-01-04","42.00","NZD","1762566859","23477/2026-01-04/1762566859.json"
"581514","221282","2026-01-04","42.00","NZD","1762566859","23477/2026-01-04/1762566859.json"
"512557","146154","2026-01-04","45.00","NZD","1762566859","23477/2026-01-04/1762566859.json"
"365170","146153","2026-01-04","48.00","NZD","1762566859","23477/2026-01-04/1762566859.json"
"510807","146155","2026-01-04","52.00","NZD","1762566859","23477/2026-01-04/1762566859.json"
"581513","221281","2026-01-05","36.00","NZD","1762566859","23477/2026-01-05/1762566859.json"
"581514","221282","2026-01-05","36.00","NZD","1762566859","23477/2026-01-05/1762566859.json"
"512557","146154","2026-01-05","45.00","NZD","1762566859","23477/2026-01-05/1762566859.json"
"365170","146153","2026-01-05","48.00","NZD","1762566859","23477/2026-01-05/1762566859.json"
"510807","146155","2026-01-05","52.00","NZD","1762566859","23477/2026-01-05/1762566859.json"
"581513","221281","2026-01-06","36.00","NZD","1762566859","23477/2026-01-06/1762566859.json"
"581514","221282","2026-01-06","36.00","NZD","1762566859","23477/2026-01-06/1762566859.json"
"512557","146154","2026-01-06","45.00","NZD","1762566859","23477/2026-01-06/1762566859.json"
"365170","146153","2026-01-06","48.00","NZD","1762566859","23477/2026-01-06/1762566859.json"
"510807","146155","2026-01-06","52.00","NZD","1762566859","23477/2026-01-06/1762566859.json"
"581513","221281","2026-01-07","36.00","NZD","1762566859","23477/2026-01-07/1762566859.json"
"581514","221282","2026-01-07","36.00","NZD","1762566859","23477/2026-01-07/1762566859.json"
"512557","146154","2026-01-07","45.00","NZD","1762566859","23477/2026-01-07/1762566859.json"
"365170","146153","2026-01-07","48.00","NZD","1762566859","23477/2026-01-07/1762566859.json"
"510807","146155","2026-01-07","52.00","NZD","1762566859","23477/2026-01-07/1762566859.json"
"581513","221281","2025-11-10","36.00","NZD","1762576777","23477/2025-11-10/1762576777.json"
"581514","221282","2025-11-10","36.00","NZD","1762576777","23477/2025-11-10/1762576777.json"
"512557","146154","2025-11-10","45.00","NZD","1762576777","23477/2025-11-10/1762576777.json"
"365170","146153","2025-11-10","48.00","NZD","1762576777","23477/2025-11-10/1762576777.json"
"510807","146155","2025-11-10","52.00","NZD","1762576777","23477/2025-11-10/1762576777.json"
"581513","221281","2025-11-11","36.00","NZD","1762576777","23477/2025-11-11/1762576777.json"
"581514","221282","2025-11-11","36.00","NZD","1762576777","23477/2025-11-11/1762576777.json"
"512557","146154","2025-11-11","45.00","NZD","1762576777","23477/2025-11-11/1762576777.json"
"365170","146153","2025-11-11","48.00","NZD","1762576777","23477/2025-11-11/1762576777.json"
"510807","146155","2025-11-11","52.00","NZD","1762576777","23477/2025-11-11/1762576777.json"
"581513","221281","2025-11-09","36.00","NZD","1762576777","23477/2025-11-09/1762576777.json"
"581514","221282","2025-11-09","36.00","NZD","1762576777","23477/2025-11-09/1762576777.json"
"512557","146154","2025-11-09","45.00","NZD","1762576777","23477/2025-11-09/1762576777.json"
"365170","146153","2025-11-09","48.00","NZD","1762576777","23477/2025-11-09/1762576777.json"
"510807","146155","2025-11-09","52.00","NZD","1762576777","23477/2025-11-09/1762576777.json"
"581513","221281","2025-11-08","36.00","NZD","1762576777","23477/2025-11-08/1762576777.json"
"581514","221282","2025-11-08","36.00","NZD","1762576777","23477/2025-11-08/1762576777.json"
"512557","146154","2025-11-08","45.00","NZD","1762576777","23477/2025-11-08/1762576777.json"
"365170","146153","2025-11-08","48.00","NZD","1762576777","23477/2025-11-08/1762576777.json"
"510807","146155","2025-11-08","52.00","NZD","1762576777","23477/2025-11-08/1762576777.json"
"581513","221281","2025-11-13","36.00","NZD","1762576777","23477/2025-11-13/1762576777.json"
"581514","221282","2025-11-13","36.00","NZD","1762576777","23477/2025-11-13/1762576777.json"
"512557","146154","2025-11-13","45.00","NZD","1762576777","23477/2025-11-13/1762576777.json"
"365170","146153","2025-11-13","48.00","NZD","1762576777","23477/2025-11-13/1762576777.json"
"510807","146155","2025-11-13","52.00","NZD","1762576777","23477/2025-11-13/1762576777.json"
"581513","221281","2025-11-14","36.00","NZD","1762576777","23477/2025-11-14/1762576777.json"
"581514","221282","2025-11-14","36.00","NZD","1762576777","23477/2025-11-14/1762576777.json"
"512557","146154","2025-11-14","45.00","NZD","1762576777","23477/2025-11-14/1762576777.json"
"365170","146153","2025-11-14","48.00","NZD","1762576777","23477/2025-11-14/1762576777.json"
"510807","146155","2025-11-14","52.00","NZD","1762576777","23477/2025-11-14/1762576777.json"
"581513","221281","2025-11-15","36.00","NZD","1762576777","23477/2025-11-15/1762576777.json"
"581514","221282","2025-11-15","36.00","NZD","1762576777","23477/2025-11-15/1762576777.json"
"512557","146154","2025-11-15","45.00","NZD","1762576777","23477/2025-11-15/1762576777.json"
"365170","146153","2025-11-15","48.00","NZD","1762576777","23477/2025-11-15/1762576777.json"
"510807","146155","2025-11-15","52.00","NZD","1762576777","23477/2025-11-15/1762576777.json"
"581513","221281","2025-11-17","36.00","NZD","1762576777","23477/2025-11-17/1762576777.json"
"581514","221282","2025-11-17","36.00","NZD","1762576777","23477/2025-11-17/1762576777.json"
"512557","146154","2025-11-17","45.00","NZD","1762576777","23477/2025-11-17/1762576777.json"
"365170","146153","2025-11-17","48.00","NZD","1762576777","23477/2025-11-17/1762576777.json"
"510807","146155","2025-11-17","52.00","NZD","1762576777","23477/2025-11-17/1762576777.json"
"581513","221281","2025-11-16","36.00","NZD","1762576777","23477/2025-11-16/1762576777.json"
"581514","221282","2025-11-16","36.00","NZD","1762576777","23477/2025-11-16/1762576777.json"
"512557","146154","2025-11-16","45.00","NZD","1762576777","23477/2025-11-16/1762576777.json"
"365170","146153","2025-11-16","48.00","NZD","1762576777","23477/2025-11-16/1762576777.json"
"510807","146155","2025-11-16","52.00","NZD","1762576777","23477/2025-11-16/1762576777.json"
"581513","221281","2025-11-18","36.00","NZD","1762576777","23477/2025-11-18/1762576777.json"
"581514","221282","2025-11-18","36.00","NZD","1762576777","23477/2025-11-18/1762576777.json"
"512557","146154","2025-11-18","45.00","NZD","1762576777","23477/2025-11-18/1762576777.json"
"365170","146153","2025-11-18","48.00","NZD","1762576777","23477/2025-11-18/1762576777.json"
"510807","146155","2025-11-18","52.00","NZD","1762576777","23477/2025-11-18/1762576777.json"
"581513","221281","2025-11-19","36.00","NZD","1762576777","23477/2025-11-19/1762576777.json"
"581514","221282","2025-11-19","36.00","NZD","1762576777","23477/2025-11-19/1762576777.json"
"512557","146154","2025-11-19","45.00","NZD","1762576777","23477/2025-11-19/1762576777.json"
"365170","146153","2025-11-19","48.00","NZD","1762576777","23477/2025-11-19/1762576777.json"
"510807","146155","2025-11-19","52.00","NZD","1762576777","23477/2025-11-19/1762576777.json"
"581513","221281","2025-11-20","36.00","NZD","1762576777","23477/2025-11-20/1762576777.json"
"581514","221282","2025-11-20","36.00","NZD","1762576777","23477/2025-11-20/1762576777.json"
"512557","146154","2025-11-20","45.00","NZD","1762576777","23477/2025-11-20/1762576777.json"
"581513","221281","2025-11-22","36.00","NZD","1762576777","23477/2025-11-22/1762576777.json"
"581514","221282","2025-11-22","36.00","NZD","1762576777","23477/2025-11-22/1762576777.json"
"512557","146154","2025-11-22","45.00","NZD","1762576777","23477/2025-11-22/1762576777.json"
"365170","146153","2025-11-22","48.00","NZD","1762576777","23477/2025-11-22/1762576777.json"
"510807","146155","2025-11-22","52.00","NZD","1762576777","23477/2025-11-22/1762576777.json"
"581513","221281","2025-11-21","36.00","NZD","1762576777","23477/2025-11-21/1762576777.json"
"581514","221282","2025-11-21","36.00","NZD","1762576777","23477/2025-11-21/1762576777.json"
"512557","146154","2025-11-21","45.00","NZD","1762576777","23477/2025-11-21/1762576777.json"
"365170","146153","2025-11-21","48.00","NZD","1762576777","23477/2025-11-21/1762576777.json"
"510807","146155","2025-11-21","52.00","NZD","1762576777","23477/2025-11-21/1762576777.json"
"581513","221281","2025-11-12","36.00","NZD","1762576777","23477/2025-11-12/1762576777.json"
"581514","221282","2025-11-12","36.00","NZD","1762576777","23477/2025-11-12/1762576777.json"
"512557","146154","2025-11-12","45.00","NZD","1762576777","23477/2025-11-12/1762576777.json"
"365170","146153","2025-11-12","48.00","NZD","1762576777","23477/2025-11-12/1762576777.json"
"510807","146155","2025-11-12","52.00","NZD","1762576777","23477/2025-11-12/1762576777.json"
"581513","221281","2025-11-23","36.00","NZD","1762576777","23477/2025-11-23/1762576777.json"
"581514","221282","2025-11-23","36.00","NZD","1762576777","23477/2025-11-23/1762576777.json"
"512557","146154","2025-11-23","45.00","NZD","1762576777","23477/2025-11-23/1762576777.json"
"365170","146153","2025-11-23","48.00","NZD","1762576777","23477/2025-11-23/1762576777.json"
"510807","146155","2025-11-23","52.00","NZD","1762576777","23477/2025-11-23/1762576777.json"
"581513","221281","2025-11-24","36.00","NZD","1762576777","23477/2025-11-24/1762576777.json"
"581514","221282","2025-11-24","36.00","NZD","1762576777","23477/2025-11-24/1762576777.json"
"512557","146154","2025-11-24","45.00","NZD","1762576777","23477/2025-11-24/1762576777.json"
"365170","146153","2025-11-24","48.00","NZD","1762576777","23477/2025-11-24/1762576777.json"
"510807","146155","2025-11-24","52.00","NZD","1762576777","23477/2025-11-24/1762576777.json"
"581513","221281","2025-11-26","36.00","NZD","1762576777","23477/2025-11-26/1762576777.json"
"581514","221282","2025-11-26","36.00","NZD","1762576777","23477/2025-11-26/1762576777.json"
"512557","146154","2025-11-26","45.00","NZD","1762576777","23477/2025-11-26/1762576777.json"
"365170","146153","2025-11-26","48.00","NZD","1762576777","23477/2025-11-26/1762576777.json"
"510807","146155","2025-11-26","52.00","NZD","1762576777","23477/2025-11-26/1762576777.json"
"581513","221281","2025-11-25","36.00","NZD","1762576777","23477/2025-11-25/1762576777.json"
"581514","221282","2025-11-25","36.00","NZD","1762576777","23477/2025-11-25/1762576777.json"
"512557","146154","2025-11-25","45.00","NZD","1762576777","23477/2025-11-25/1762576777.json"
"365170","146153","2025-11-25","48.00","NZD","1762576777","23477/2025-11-25/1762576777.json"
"510807","146155","2025-11-25","52.00","NZD","1762576777","23477/2025-11-25/1762576777.json"
"581513","221281","2025-11-27","36.00","NZD","1762576777","23477/2025-11-27/1762576777.json"
"581514","221282","2025-11-27","36.00","NZD","1762576777","23477/2025-11-27/1762576777.json"
"512557","146154","2025-11-27","45.00","NZD","1762576777","23477/2025-11-27/1762576777.json"
"365170","146153","2025-11-27","48.00","NZD","1762576777","23477/2025-11-27/1762576777.json"
"510807","146155","2025-11-27","52.00","NZD","1762576777","23477/2025-11-27/1762576777.json"
"581513","221281","2025-11-29","36.00","NZD","1762576777","23477/2025-11-29/1762576777.json"
"581514","221282","2025-11-29","36.00","NZD","1762576777","23477/2025-11-29/1762576777.json"
"512557","146154","2025-11-29","45.00","NZD","1762576777","23477/2025-11-29/1762576777.json"
"365170","146153","2025-11-29","48.00","NZD","1762576777","23477/2025-11-29/1762576777.json"
"510807","146155","2025-11-29","52.00","NZD","1762576777","23477/2025-11-29/1762576777.json"
"581513","221281","2025-11-30","36.00","NZD","1762576777","23477/2025-11-30/1762576777.json"
"581514","221282","2025-11-30","36.00","NZD","1762576777","23477/2025-11-30/1762576777.json"
"512557","146154","2025-11-30","45.00","NZD","1762576777","23477/2025-11-30/1762576777.json"
"365170","146153","2025-11-30","48.00","NZD","1762576777","23477/2025-11-30/1762576777.json"
"510807","146155","2025-11-30","52.00","NZD","1762576777","23477/2025-11-30/1762576777.json"
"581513","221281","2025-12-01","36.00","NZD","1762576777","23477/2025-12-01/1762576777.json"
"581514","221282","2025-12-01","36.00","NZD","1762576777","23477/2025-12-01/1762576777.json"
"512557","146154","2025-12-01","45.00","NZD","1762576777","23477/2025-12-01/1762576777.json"
"365170","146153","2025-12-01","48.00","NZD","1762576777","23477/2025-12-01/1762576777.json"
"510807","146155","2025-12-01","52.00","NZD","1762576777","23477/2025-12-01/1762576777.json"
"581513","221281","2025-12-02","36.00","NZD","1762576777","23477/2025-12-02/1762576777.json"
"581514","221282","2025-12-02","36.00","NZD","1762576777","23477/2025-12-02/1762576777.json"
"512557","146154","2025-12-02","45.00","NZD","1762576777","23477/2025-12-02/1762576777.json"
"365170","146153","2025-12-02","48.00","NZD","1762576777","23477/2025-12-02/1762576777.json"
"510807","146155","2025-12-02","52.00","NZD","1762576777","23477/2025-12-02/1762576777.json"
"581513","221281","2025-12-03","36.00","NZD","1762576777","23477/2025-12-03/1762576777.json"
"581514","221282","2025-12-03","36.00","NZD","1762576777","23477/2025-12-03/1762576777.json"
"512557","146154","2025-12-03","45.00","NZD","1762576777","23477/2025-12-03/1762576777.json"
"365170","146153","2025-12-03","48.00","NZD","1762576777","23477/2025-12-03/1762576777.json"
"510807","146155","2025-12-03","52.00","NZD","1762576777","23477/2025-12-03/1762576777.json"
"581513","221281","2025-12-04","36.00","NZD","1762576777","23477/2025-12-04/1762576777.json"
"581514","221282","2025-12-04","36.00","NZD","1762576777","23477/2025-12-04/1762576777.json"
"512557","146154","2025-12-04","45.00","NZD","1762576777","23477/2025-12-04/1762576777.json"
"365170","146153","2025-12-04","48.00","NZD","1762576777","23477/2025-12-04/1762576777.json"
"510807","146155","2025-12-04","52.00","NZD","1762576777","23477/2025-12-04/1762576777.json"
"581513","221281","2025-12-05","36.00","NZD","1762576777","23477/2025-12-05/1762576777.json"
"581514","221282","2025-12-05","36.00","NZD","1762576777","23477/2025-12-05/1762576777.json"
"512557","146154","2025-12-05","45.00","NZD","1762576777","23477/2025-12-05/1762576777.json"
"365170","146153","2025-12-05","48.00","NZD","1762576777","23477/2025-12-05/1762576777.json"
"510807","146155","2025-12-05","52.00","NZD","1762576777","23477/2025-12-05/1762576777.json"
"581513","221281","2025-12-06","36.00","NZD","1762576777","23477/2025-12-06/1762576777.json"
"581514","221282","2025-12-06","36.00","NZD","1762576777","23477/2025-12-06/1762576777.json"
"512557","146154","2025-12-06","45.00","NZD","1762576777","23477/2025-12-06/1762576777.json"
"365170","146153","2025-12-06","48.00","NZD","1762576777","23477/2025-12-06/1762576777.json"
"510807","146155","2025-12-06","52.00","NZD","1762576777","23477/2025-12-06/1762576777.json"
"581513","221281","2025-12-07","36.00","NZD","1762576777","23477/2025-12-07/1762576777.json"
"581514","221282","2025-12-07","36.00","NZD","1762576777","23477/2025-12-07/1762576777.json"
"512557","146154","2025-12-07","45.00","NZD","1762576777","23477/2025-12-07/1762576777.json"
"365170","146153","2025-12-07","48.00","NZD","1762576777","23477/2025-12-07/1762576777.json"
"510807","146155","2025-12-07","52.00","NZD","1762576777","23477/2025-12-07/1762576777.json"
"581513","221281","2025-12-08","36.00","NZD","1762576777","23477/2025-12-08/1762576777.json"
"581514","221282","2025-12-08","36.00","NZD","1762576777","23477/2025-12-08/1762576777.json"
"512557","146154","2025-12-08","45.00","NZD","1762576777","23477/2025-12-08/1762576777.json"
"365170","146153","2025-12-08","48.00","NZD","1762576777","23477/2025-12-08/1762576777.json"
"510807","146155","2025-12-08","52.00","NZD","1762576777","23477/2025-12-08/1762576777.json"
"581513","221281","2025-11-28","36.00","NZD","1762576777","23477/2025-11-28/1762576777.json"
"581514","221282","2025-11-28","36.00","NZD","1762576777","23477/2025-11-28/1762576777.json"
"512557","146154","2025-11-28","45.00","NZD","1762576777","23477/2025-11-28/1762576777.json"
"365170","146153","2025-11-28","48.00","NZD","1762576777","23477/2025-11-28/1762576777.json"
"510807","146155","2025-11-28","52.00","NZD","1762576777","23477/2025-11-28/1762576777.json"
"581513","221281","2025-12-09","36.00","NZD","1762576777","23477/2025-12-09/1762576777.json"
"581514","221282","2025-12-09","36.00","NZD","1762576777","23477/2025-12-09/1762576777.json"
"512557","146154","2025-12-09","45.00","NZD","1762576777","23477/2025-12-09/1762576777.json"
"365170","146153","2025-12-09","48.00","NZD","1762576777","23477/2025-12-09/1762576777.json"
"510807","146155","2025-12-09","52.00","NZD","1762576777","23477/2025-12-09/1762576777.json"
"581513","221281","2025-12-10","36.00","NZD","1762576777","23477/2025-12-10/1762576777.json"
"581514","221282","2025-12-10","36.00","NZD","1762576777","23477/2025-12-10/1762576777.json"
"512557","146154","2025-12-10","45.00","NZD","1762576777","23477/2025-12-10/1762576777.json"
"365170","146153","2025-12-10","48.00","NZD","1762576777","23477/2025-12-10/1762576777.json"
"510807","146155","2025-12-10","52.00","NZD","1762576777","23477/2025-12-10/1762576777.json"
"581513","221281","2025-12-11","36.00","NZD","1762576777","23477/2025-12-11/1762576777.json"
"581514","221282","2025-12-11","36.00","NZD","1762576777","23477/2025-12-11/1762576777.json"
"512557","146154","2025-12-11","45.00","NZD","1762576777","23477/2025-12-11/1762576777.json"
"365170","146153","2025-12-11","48.00","NZD","1762576777","23477/2025-12-11/1762576777.json"
"510807","146155","2025-12-11","52.00","NZD","1762576777","23477/2025-12-11/1762576777.json"
"581513","221281","2025-12-12","36.00","NZD","1762576777","23477/2025-12-12/1762576777.json"
"581514","221282","2025-12-12","36.00","NZD","1762576777","23477/2025-12-12/1762576777.json"
"512557","146154","2025-12-12","45.00","NZD","1762576777","23477/2025-12-12/1762576777.json"
"365170","146153","2025-12-12","48.00","NZD","1762576777","23477/2025-12-12/1762576777.json"
"510807","146155","2025-12-12","52.00","NZD","1762576777","23477/2025-12-12/1762576777.json"
"581513","221281","2025-12-13","36.00","NZD","1762576777","23477/2025-12-13/1762576777.json"
"581514","221282","2025-12-13","36.00","NZD","1762576777","23477/2025-12-13/1762576777.json"
"512557","146154","2025-12-13","45.00","NZD","1762576777","23477/2025-12-13/1762576777.json"
"365170","146153","2025-12-13","48.00","NZD","1762576777","23477/2025-12-13/1762576777.json"
"510807","146155","2025-12-13","52.00","NZD","1762576777","23477/2025-12-13/1762576777.json"
"581513","221281","2025-12-14","36.00","NZD","1762576777","23477/2025-12-14/1762576777.json"
"581514","221282","2025-12-14","36.00","NZD","1762576777","23477/2025-12-14/1762576777.json"
"512557","146154","2025-12-14","45.00","NZD","1762576777","23477/2025-12-14/1762576777.json"
"365170","146153","2025-12-14","48.00","NZD","1762576777","23477/2025-12-14/1762576777.json"
"510807","146155","2025-12-14","52.00","NZD","1762576777","23477/2025-12-14/1762576777.json"
"581513","221281","2025-12-15","36.00","NZD","1762576777","23477/2025-12-15/1762576777.json"
"581514","221282","2025-12-15","36.00","NZD","1762576777","23477/2025-12-15/1762576777.json"
"512557","146154","2025-12-15","45.00","NZD","1762576777","23477/2025-12-15/1762576777.json"
"365170","146153","2025-12-15","48.00","NZD","1762576777","23477/2025-12-15/1762576777.json"
"510807","146155","2025-12-15","52.00","NZD","1762576777","23477/2025-12-15/1762576777.json"
"581513","221281","2025-12-16","36.00","NZD","1762576777","23477/2025-12-16/1762576777.json"
"581514","221282","2025-12-16","36.00","NZD","1762576777","23477/2025-12-16/1762576777.json"
"512557","146154","2025-12-16","45.00","NZD","1762576777","23477/2025-12-16/1762576777.json"
"365170","146153","2025-12-16","48.00","NZD","1762576777","23477/2025-12-16/1762576777.json"
"510807","146155","2025-12-16","52.00","NZD","1762576777","23477/2025-12-16/1762576777.json"
"581513","221281","2025-12-17","36.00","NZD","1762576777","23477/2025-12-17/1762576777.json"
"581514","221282","2025-12-17","36.00","NZD","1762576777","23477/2025-12-17/1762576777.json"
"512557","146154","2025-12-17","45.00","NZD","1762576777","23477/2025-12-17/1762576777.json"
"365170","146153","2025-12-17","48.00","NZD","1762576777","23477/2025-12-17/1762576777.json"
"510807","146155","2025-12-17","52.00","NZD","1762576777","23477/2025-12-17/1762576777.json"
"581513","221281","2025-12-18","36.00","NZD","1762576777","23477/2025-12-18/1762576777.json"
"581514","221282","2025-12-18","36.00","NZD","1762576777","23477/2025-12-18/1762576777.json"
"512557","146154","2025-12-18","45.00","NZD","1762576777","23477/2025-12-18/1762576777.json"
"365170","146153","2025-12-18","48.00","NZD","1762576777","23477/2025-12-18/1762576777.json"
"510807","146155","2025-12-18","52.00","NZD","1762576777","23477/2025-12-18/1762576777.json"
"581513","221281","2025-12-19","36.00","NZD","1762576777","23477/2025-12-19/1762576777.json"
"581514","221282","2025-12-19","36.00","NZD","1762576777","23477/2025-12-19/1762576777.json"
"512557","146154","2025-12-19","45.00","NZD","1762576777","23477/2025-12-19/1762576777.json"
"365170","146153","2025-12-19","48.00","NZD","1762576777","23477/2025-12-19/1762576777.json"
"510807","146155","2025-12-19","52.00","NZD","1762576777","23477/2025-12-19/1762576777.json"
"581513","221281","2025-12-21","36.00","NZD","1762576777","23477/2025-12-21/1762576777.json"
"581514","221282","2025-12-21","36.00","NZD","1762576777","23477/2025-12-21/1762576777.json"
"512557","146154","2025-12-21","45.00","NZD","1762576777","23477/2025-12-21/1762576777.json"
"365170","146153","2025-12-21","48.00","NZD","1762576777","23477/2025-12-21/1762576777.json"
"510807","146155","2025-12-21","52.00","NZD","1762576777","23477/2025-12-21/1762576777.json"
"581513","221281","2025-12-20","36.00","NZD","1762576777","23477/2025-12-20/1762576777.json"
"581514","221282","2025-12-20","36.00","NZD","1762576777","23477/2025-12-20/1762576777.json"
"512557","146154","2025-12-20","45.00","NZD","1762576777","23477/2025-12-20/1762576777.json"
"365170","146153","2025-12-20","48.00","NZD","1762576777","23477/2025-12-20/1762576777.json"
"510807","146155","2025-12-20","52.00","NZD","1762576777","23477/2025-12-20/1762576777.json"
"581513","221281","2025-12-22","36.00","NZD","1762576777","23477/2025-12-22/1762576777.json"
"581514","221282","2025-12-22","36.00","NZD","1762576777","23477/2025-12-22/1762576777.json"
"512557","146154","2025-12-22","45.00","NZD","1762576777","23477/2025-12-22/1762576777.json"
"365170","146153","2025-12-22","48.00","NZD","1762576777","23477/2025-12-22/1762576777.json"
"510807","146155","2025-12-22","52.00","NZD","1762576777","23477/2025-12-22/1762576777.json"
"581513","221281","2025-12-25","38.00","NZD","1762576777","23477/2025-12-25/1762576777.json"
"581514","221282","2025-12-25","38.00","NZD","1762576777","23477/2025-12-25/1762576777.json"
"512557","146154","2025-12-25","45.00","NZD","1762576777","23477/2025-12-25/1762576777.json"
"365170","146153","2025-12-25","48.00","NZD","1762576777","23477/2025-12-25/1762576777.json"
"510807","146155","2025-12-25","52.00","NZD","1762576777","23477/2025-12-25/1762576777.json"
"581513","221281","2025-12-24","38.00","NZD","1762576777","23477/2025-12-24/1762576777.json"
"581514","221282","2025-12-24","38.00","NZD","1762576777","23477/2025-12-24/1762576777.json"
"512557","146154","2025-12-24","45.00","NZD","1762576777","23477/2025-12-24/1762576777.json"
"365170","146153","2025-12-24","48.00","NZD","1762576777","23477/2025-12-24/1762576777.json"
"510807","146155","2025-12-24","52.00","NZD","1762576777","23477/2025-12-24/1762576777.json"
"581513","221281","2025-12-23","38.00","NZD","1762576777","23477/2025-12-23/1762576777.json"
"581514","221282","2025-12-23","38.00","NZD","1762576777","23477/2025-12-23/1762576777.json"
"512557","146154","2025-12-23","45.00","NZD","1762576777","23477/2025-12-23/1762576777.json"
"365170","146153","2025-12-23","48.00","NZD","1762576777","23477/2025-12-23/1762576777.json"
"510807","146155","2025-12-23","52.00","NZD","1762576777","23477/2025-12-23/1762576777.json"
"581513","221281","2025-12-26","42.00","NZD","1762576777","23477/2025-12-26/1762576777.json"
"581514","221282","2025-12-26","42.00","NZD","1762576777","23477/2025-12-26/1762576777.json"
"512557","146154","2025-12-26","45.00","NZD","1762576777","23477/2025-12-26/1762576777.json"
"365170","146153","2025-12-26","48.00","NZD","1762576777","23477/2025-12-26/1762576777.json"
"510807","146155","2025-12-26","52.00","NZD","1762576777","23477/2025-12-26/1762576777.json"
"581513","221281","2025-12-28","42.00","NZD","1762576777","23477/2025-12-28/1762576777.json"
"581514","221282","2025-12-28","42.00","NZD","1762576777","23477/2025-12-28/1762576777.json"
"512557","146154","2025-12-28","45.00","NZD","1762576777","23477/2025-12-28/1762576777.json"
"365170","146153","2025-12-28","48.00","NZD","1762576777","23477/2025-12-28/1762576777.json"
"510807","146155","2025-12-28","52.00","NZD","1762576777","23477/2025-12-28/1762576777.json"
"581513","221281","2025-12-27","42.00","NZD","1762576777","23477/2025-12-27/1762576777.json"
"581514","221282","2025-12-27","42.00","NZD","1762576777","23477/2025-12-27/1762576777.json"
"512557","146154","2025-12-27","45.00","NZD","1762576777","23477/2025-12-27/1762576777.json"
"365170","146153","2025-12-27","48.00","NZD","1762576777","23477/2025-12-27/1762576777.json"
"510807","146155","2025-12-27","52.00","NZD","1762576777","23477/2025-12-27/1762576777.json"
"581513","221281","2025-12-30","42.00","NZD","1762576777","23477/2025-12-30/1762576777.json"
"581514","221282","2025-12-30","42.00","NZD","1762576777","23477/2025-12-30/1762576777.json"
"512557","146154","2025-12-30","45.00","NZD","1762576777","23477/2025-12-30/1762576777.json"
"365170","146153","2025-12-30","48.00","NZD","1762576777","23477/2025-12-30/1762576777.json"
"510807","146155","2025-12-30","52.00","NZD","1762576777","23477/2025-12-30/1762576777.json"
"581513","221281","2025-12-29","42.00","NZD","1762576777","23477/2025-12-29/1762576777.json"
"581514","221282","2025-12-29","42.00","NZD","1762576777","23477/2025-12-29/1762576777.json"
"512557","146154","2025-12-29","45.00","NZD","1762576777","23477/2025-12-29/1762576777.json"
"365170","146153","2025-12-29","48.00","NZD","1762576777","23477/2025-12-29/1762576777.json"
"510807","146155","2025-12-29","52.00","NZD","1762576777","23477/2025-12-29/1762576777.json"
"581513","221281","2025-12-31","42.00","NZD","1762576777","23477/2025-12-31/1762576777.json"
"581514","221282","2025-12-31","42.00","NZD","1762576777","23477/2025-12-31/1762576777.json"
"512557","146154","2025-12-31","45.00","NZD","1762576777","23477/2025-12-31/1762576777.json"
"365170","146153","2025-12-31","48.00","NZD","1762576777","23477/2025-12-31/1762576777.json"
"510807","146155","2025-12-31","52.00","NZD","1762576777","23477/2025-12-31/1762576777.json"
"581513","221281","2026-01-01","42.00","NZD","1762576777","23477/2026-01-01/1762576777.json"
"581514","221282","2026-01-01","42.00","NZD","1762576777","23477/2026-01-01/1762576777.json"
"512557","146154","2026-01-01","45.00","NZD","1762576777","23477/2026-01-01/1762576777.json"
"365170","146153","2026-01-01","48.00","NZD","1762576777","23477/2026-01-01/1762576777.json"
"510807","146155","2026-01-01","52.00","NZD","1762576777","23477/2026-01-01/1762576777.json"
"581513","221281","2026-01-03","42.00","NZD","1762576777","23477/2026-01-03/1762576777.json"
"581514","221282","2026-01-03","42.00","NZD","1762576777","23477/2026-01-03/1762576777.json"
"512557","146154","2026-01-03","45.00","NZD","1762576777","23477/2026-01-03/1762576777.json"
"365170","146153","2026-01-03","48.00","NZD","1762576777","23477/2026-01-03/1762576777.json"
"510807","146155","2026-01-03","52.00","NZD","1762576777","23477/2026-01-03/1762576777.json"
"581513","221281","2026-01-02","42.00","NZD","1762576777","23477/2026-01-02/1762576777.json"
"581514","221282","2026-01-02","42.00","NZD","1762576777","23477/2026-01-02/1762576777.json"
"512557","146154","2026-01-02","45.00","NZD","1762576777","23477/2026-01-02/1762576777.json"
"365170","146153","2026-01-02","48.00","NZD","1762576777","23477/2026-01-02/1762576777.json"
"510807","146155","2026-01-02","52.00","NZD","1762576777","23477/2026-01-02/1762576777.json"
"581513","221281","2026-01-06","36.00","NZD","1762576777","23477/2026-01-06/1762576777.json"
"581514","221282","2026-01-06","36.00","NZD","1762576777","23477/2026-01-06/1762576777.json"
"512557","146154","2026-01-06","45.00","NZD","1762576777","23477/2026-01-06/1762576777.json"
"365170","146153","2026-01-06","48.00","NZD","1762576777","23477/2026-01-06/1762576777.json"
"510807","146155","2026-01-06","52.00","NZD","1762576777","23477/2026-01-06/1762576777.json"
"581513","221281","2026-01-04","42.00","NZD","1762576777","23477/2026-01-04/1762576777.json"
"581514","221282","2026-01-04","42.00","NZD","1762576777","23477/2026-01-04/1762576777.json"
"512557","146154","2026-01-04","45.00","NZD","1762576777","23477/2026-01-04/1762576777.json"
"365170","146153","2026-01-04","48.00","NZD","1762576777","23477/2026-01-04/1762576777.json"
"510807","146155","2026-01-04","52.00","NZD","1762576777","23477/2026-01-04/1762576777.json"
"581513","221281","2026-01-05","36.00","NZD","1762576777","23477/2026-01-05/1762576777.json"
"581514","221282","2026-01-05","36.00","NZD","1762576777","23477/2026-01-05/1762576777.json"
"512557","146154","2026-01-05","45.00","NZD","1762576777","23477/2026-01-05/1762576777.json"
"365170","146153","2026-01-05","48.00","NZD","1762576777","23477/2026-01-05/1762576777.json"
"510807","146155","2026-01-05","52.00","NZD","1762576777","23477/2026-01-05/1762576777.json"
"581513","221281","2026-01-07","36.00","NZD","1762576777","23477/2026-01-07/1762576777.json"
"581514","221282","2026-01-07","36.00","NZD","1762576777","23477/2026-01-07/1762576777.json"
"512557","146154","2026-01-07","45.00","NZD","1762576777","23477/2026-01-07/1762576777.json"
"365170","146153","2026-01-07","48.00","NZD","1762576777","23477/2026-01-07/1762576777.json"
"510807","146155","2026-01-07","52.00","NZD","1762576777","23477/2026-01-07/1762576777.json"
"581513","221281","2025-11-08","36.00","NZD","1762591243","23477/2025-11-08/1762591243.json"
"581514","221282","2025-11-08","36.00","NZD","1762591243","23477/2025-11-08/1762591243.json"
"512557","146154","2025-11-08","45.00","NZD","1762591243","23477/2025-11-08/1762591243.json"
"365170","146153","2025-11-08","48.00","NZD","1762591243","23477/2025-11-08/1762591243.json"
"510807","146155","2025-11-08","52.00","NZD","1762591243","23477/2025-11-08/1762591243.json"
"581513","221281","2025-11-09","36.00","NZD","1762591243","23477/2025-11-09/1762591243.json"
"581514","221282","2025-11-09","36.00","NZD","1762591243","23477/2025-11-09/1762591243.json"
"512557","146154","2025-11-09","45.00","NZD","1762591243","23477/2025-11-09/1762591243.json"
"365170","146153","2025-11-09","48.00","NZD","1762591243","23477/2025-11-09/1762591243.json"
"510807","146155","2025-11-09","52.00","NZD","1762591243","23477/2025-11-09/1762591243.json"
"581513","221281","2025-11-11","36.00","NZD","1762591243","23477/2025-11-11/1762591243.json"
"581514","221282","2025-11-11","36.00","NZD","1762591243","23477/2025-11-11/1762591243.json"
"512557","146154","2025-11-11","45.00","NZD","1762591243","23477/2025-11-11/1762591243.json"
"365170","146153","2025-11-11","48.00","NZD","1762591243","23477/2025-11-11/1762591243.json"
"510807","146155","2025-11-11","52.00","NZD","1762591243","23477/2025-11-11/1762591243.json"
"581513","221281","2025-11-10","36.00","NZD","1762591243","23477/2025-11-10/1762591243.json"
"581514","221282","2025-11-10","36.00","NZD","1762591243","23477/2025-11-10/1762591243.json"
"512557","146154","2025-11-10","45.00","NZD","1762591243","23477/2025-11-10/1762591243.json"
"365170","146153","2025-11-10","48.00","NZD","1762591243","23477/2025-11-10/1762591243.json"
"510807","146155","2025-11-10","52.00","NZD","1762591243","23477/2025-11-10/1762591243.json"
"581513","221281","2025-11-12","36.00","NZD","1762591243","23477/2025-11-12/1762591243.json"
"581514","221282","2025-11-12","36.00","NZD","1762591243","23477/2025-11-12/1762591243.json"
"512557","146154","2025-11-12","45.00","NZD","1762591243","23477/2025-11-12/1762591243.json"
"365170","146153","2025-11-12","48.00","NZD","1762591243","23477/2025-11-12/1762591243.json"
"510807","146155","2025-11-12","52.00","NZD","1762591243","23477/2025-11-12/1762591243.json"
"581513","221281","2025-11-13","36.00","NZD","1762591243","23477/2025-11-13/1762591243.json"
"581514","221282","2025-11-13","36.00","NZD","1762591243","23477/2025-11-13/1762591243.json"
"512557","146154","2025-11-13","45.00","NZD","1762591243","23477/2025-11-13/1762591243.json"
"365170","146153","2025-11-13","48.00","NZD","1762591243","23477/2025-11-13/1762591243.json"
"510807","146155","2025-11-13","52.00","NZD","1762591243","23477/2025-11-13/1762591243.json"
"581513","221281","2025-11-14","36.00","NZD","1762591243","23477/2025-11-14/1762591243.json"
"581514","221282","2025-11-14","36.00","NZD","1762591243","23477/2025-11-14/1762591243.json"
"512557","146154","2025-11-14","45.00","NZD","1762591243","23477/2025-11-14/1762591243.json"
"365170","146153","2025-11-14","48.00","NZD","1762591243","23477/2025-11-14/1762591243.json"
"510807","146155","2025-11-14","52.00","NZD","1762591243","23477/2025-11-14/1762591243.json"
"581513","221281","2025-11-15","36.00","NZD","1762591243","23477/2025-11-15/1762591243.json"
"581514","221282","2025-11-15","36.00","NZD","1762591243","23477/2025-11-15/1762591243.json"
"512557","146154","2025-11-15","45.00","NZD","1762591243","23477/2025-11-15/1762591243.json"
"365170","146153","2025-11-15","48.00","NZD","1762591243","23477/2025-11-15/1762591243.json"
"510807","146155","2025-11-15","52.00","NZD","1762591243","23477/2025-11-15/1762591243.json"
"581513","221281","2025-11-16","36.00","NZD","1762591243","23477/2025-11-16/1762591243.json"
"581514","221282","2025-11-16","36.00","NZD","1762591243","23477/2025-11-16/1762591243.json"
"512557","146154","2025-11-16","45.00","NZD","1762591243","23477/2025-11-16/1762591243.json"
"365170","146153","2025-11-16","48.00","NZD","1762591243","23477/2025-11-16/1762591243.json"
"510807","146155","2025-11-16","52.00","NZD","1762591243","23477/2025-11-16/1762591243.json"
"581513","221281","2025-11-18","36.00","NZD","1762591243","23477/2025-11-18/1762591243.json"
"581514","221282","2025-11-18","36.00","NZD","1762591243","23477/2025-11-18/1762591243.json"
"512557","146154","2025-11-18","45.00","NZD","1762591243","23477/2025-11-18/1762591243.json"
"365170","146153","2025-11-18","48.00","NZD","1762591243","23477/2025-11-18/1762591243.json"
"510807","146155","2025-11-18","52.00","NZD","1762591243","23477/2025-11-18/1762591243.json"
"581513","221281","2025-11-19","36.00","NZD","1762591243","23477/2025-11-19/1762591243.json"
"581514","221282","2025-11-19","36.00","NZD","1762591243","23477/2025-11-19/1762591243.json"
"512557","146154","2025-11-19","45.00","NZD","1762591243","23477/2025-11-19/1762591243.json"
"365170","146153","2025-11-19","48.00","NZD","1762591243","23477/2025-11-19/1762591243.json"
"510807","146155","2025-11-19","52.00","NZD","1762591243","23477/2025-11-19/1762591243.json"
"581513","221281","2025-11-20","36.00","NZD","1762591243","23477/2025-11-20/1762591243.json"
"581514","221282","2025-11-20","36.00","NZD","1762591243","23477/2025-11-20/1762591243.json"
"512557","146154","2025-11-20","45.00","NZD","1762591243","23477/2025-11-20/1762591243.json"
"581513","221281","2025-11-17","36.00","NZD","1762591243","23477/2025-11-17/1762591243.json"
"581514","221282","2025-11-17","36.00","NZD","1762591243","23477/2025-11-17/1762591243.json"
"512557","146154","2025-11-17","45.00","NZD","1762591243","23477/2025-11-17/1762591243.json"
"365170","146153","2025-11-17","48.00","NZD","1762591243","23477/2025-11-17/1762591243.json"
"510807","146155","2025-11-17","52.00","NZD","1762591243","23477/2025-11-17/1762591243.json"
"581513","221281","2025-11-21","36.00","NZD","1762591243","23477/2025-11-21/1762591243.json"
"581514","221282","2025-11-21","36.00","NZD","1762591243","23477/2025-11-21/1762591243.json"
"512557","146154","2025-11-21","45.00","NZD","1762591243","23477/2025-11-21/1762591243.json"
"365170","146153","2025-11-21","48.00","NZD","1762591243","23477/2025-11-21/1762591243.json"
"510807","146155","2025-11-21","52.00","NZD","1762591243","23477/2025-11-21/1762591243.json"
"581513","221281","2025-11-23","36.00","NZD","1762591243","23477/2025-11-23/1762591243.json"
"581514","221282","2025-11-23","36.00","NZD","1762591243","23477/2025-11-23/1762591243.json"
"512557","146154","2025-11-23","45.00","NZD","1762591243","23477/2025-11-23/1762591243.json"
"365170","146153","2025-11-23","48.00","NZD","1762591243","23477/2025-11-23/1762591243.json"
"510807","146155","2025-11-23","52.00","NZD","1762591243","23477/2025-11-23/1762591243.json"
"581513","221281","2025-11-24","36.00","NZD","1762591243","23477/2025-11-24/1762591243.json"
"581514","221282","2025-11-24","36.00","NZD","1762591243","23477/2025-11-24/1762591243.json"
"512557","146154","2025-11-24","45.00","NZD","1762591243","23477/2025-11-24/1762591243.json"
"365170","146153","2025-11-24","48.00","NZD","1762591243","23477/2025-11-24/1762591243.json"
"510807","146155","2025-11-24","52.00","NZD","1762591243","23477/2025-11-24/1762591243.json"
"581513","221281","2025-11-22","36.00","NZD","1762591243","23477/2025-11-22/1762591243.json"
"581514","221282","2025-11-22","36.00","NZD","1762591243","23477/2025-11-22/1762591243.json"
"512557","146154","2025-11-22","45.00","NZD","1762591243","23477/2025-11-22/1762591243.json"
"365170","146153","2025-11-22","48.00","NZD","1762591243","23477/2025-11-22/1762591243.json"
"510807","146155","2025-11-22","52.00","NZD","1762591243","23477/2025-11-22/1762591243.json"
"581513","221281","2025-11-25","36.00","NZD","1762591243","23477/2025-11-25/1762591243.json"
"581514","221282","2025-11-25","36.00","NZD","1762591243","23477/2025-11-25/1762591243.json"
"512557","146154","2025-11-25","45.00","NZD","1762591243","23477/2025-11-25/1762591243.json"
"365170","146153","2025-11-25","48.00","NZD","1762591243","23477/2025-11-25/1762591243.json"
"510807","146155","2025-11-25","52.00","NZD","1762591243","23477/2025-11-25/1762591243.json"
"581513","221281","2025-11-26","36.00","NZD","1762591243","23477/2025-11-26/1762591243.json"
"581514","221282","2025-11-26","36.00","NZD","1762591243","23477/2025-11-26/1762591243.json"
"512557","146154","2025-11-26","45.00","NZD","1762591243","23477/2025-11-26/1762591243.json"
"365170","146153","2025-11-26","48.00","NZD","1762591243","23477/2025-11-26/1762591243.json"
"510807","146155","2025-11-26","52.00","NZD","1762591243","23477/2025-11-26/1762591243.json"
"581513","221281","2025-11-27","36.00","NZD","1762591243","23477/2025-11-27/1762591243.json"
"581514","221282","2025-11-27","36.00","NZD","1762591243","23477/2025-11-27/1762591243.json"
"512557","146154","2025-11-27","45.00","NZD","1762591243","23477/2025-11-27/1762591243.json"
"365170","146153","2025-11-27","48.00","NZD","1762591243","23477/2025-11-27/1762591243.json"
"510807","146155","2025-11-27","52.00","NZD","1762591243","23477/2025-11-27/1762591243.json"
"581513","221281","2025-11-28","36.00","NZD","1762591243","23477/2025-11-28/1762591243.json"
"581514","221282","2025-11-28","36.00","NZD","1762591243","23477/2025-11-28/1762591243.json"
"512557","146154","2025-11-28","45.00","NZD","1762591243","23477/2025-11-28/1762591243.json"
"365170","146153","2025-11-28","48.00","NZD","1762591243","23477/2025-11-28/1762591243.json"
"510807","146155","2025-11-28","52.00","NZD","1762591243","23477/2025-11-28/1762591243.json"
"581513","221281","2025-11-29","36.00","NZD","1762591243","23477/2025-11-29/1762591243.json"
"581514","221282","2025-11-29","36.00","NZD","1762591243","23477/2025-11-29/1762591243.json"
"512557","146154","2025-11-29","45.00","NZD","1762591243","23477/2025-11-29/1762591243.json"
"365170","146153","2025-11-29","48.00","NZD","1762591243","23477/2025-11-29/1762591243.json"
"510807","146155","2025-11-29","52.00","NZD","1762591243","23477/2025-11-29/1762591243.json"
"581513","221281","2025-11-30","36.00","NZD","1762591243","23477/2025-11-30/1762591243.json"
"581514","221282","2025-11-30","36.00","NZD","1762591243","23477/2025-11-30/1762591243.json"
"512557","146154","2025-11-30","45.00","NZD","1762591243","23477/2025-11-30/1762591243.json"
"365170","146153","2025-11-30","48.00","NZD","1762591243","23477/2025-11-30/1762591243.json"
"510807","146155","2025-11-30","52.00","NZD","1762591243","23477/2025-11-30/1762591243.json"
"581513","221281","2025-12-01","36.00","NZD","1762591243","23477/2025-12-01/1762591243.json"
"581514","221282","2025-12-01","36.00","NZD","1762591243","23477/2025-12-01/1762591243.json"
"512557","146154","2025-12-01","45.00","NZD","1762591243","23477/2025-12-01/1762591243.json"
"365170","146153","2025-12-01","48.00","NZD","1762591243","23477/2025-12-01/1762591243.json"
"510807","146155","2025-12-01","52.00","NZD","1762591243","23477/2025-12-01/1762591243.json"
"581513","221281","2025-12-02","36.00","NZD","1762591243","23477/2025-12-02/1762591243.json"
"581514","221282","2025-12-02","36.00","NZD","1762591243","23477/2025-12-02/1762591243.json"
"512557","146154","2025-12-02","45.00","NZD","1762591243","23477/2025-12-02/1762591243.json"
"365170","146153","2025-12-02","48.00","NZD","1762591243","23477/2025-12-02/1762591243.json"
"510807","146155","2025-12-02","52.00","NZD","1762591243","23477/2025-12-02/1762591243.json"
"581513","221281","2025-12-04","36.00","NZD","1762591243","23477/2025-12-04/1762591243.json"
"581514","221282","2025-12-04","36.00","NZD","1762591243","23477/2025-12-04/1762591243.json"
"512557","146154","2025-12-04","45.00","NZD","1762591243","23477/2025-12-04/1762591243.json"
"365170","146153","2025-12-04","48.00","NZD","1762591243","23477/2025-12-04/1762591243.json"
"510807","146155","2025-12-04","52.00","NZD","1762591243","23477/2025-12-04/1762591243.json"
"581513","221281","2025-12-03","36.00","NZD","1762591243","23477/2025-12-03/1762591243.json"
"581514","221282","2025-12-03","36.00","NZD","1762591243","23477/2025-12-03/1762591243.json"
"512557","146154","2025-12-03","45.00","NZD","1762591243","23477/2025-12-03/1762591243.json"
"365170","146153","2025-12-03","48.00","NZD","1762591243","23477/2025-12-03/1762591243.json"
"510807","146155","2025-12-03","52.00","NZD","1762591243","23477/2025-12-03/1762591243.json"
"581513","221281","2025-12-05","36.00","NZD","1762591243","23477/2025-12-05/1762591243.json"
"581514","221282","2025-12-05","36.00","NZD","1762591243","23477/2025-12-05/1762591243.json"
"512557","146154","2025-12-05","45.00","NZD","1762591243","23477/2025-12-05/1762591243.json"
"365170","146153","2025-12-05","48.00","NZD","1762591243","23477/2025-12-05/1762591243.json"
"510807","146155","2025-12-05","52.00","NZD","1762591243","23477/2025-12-05/1762591243.json"
"581513","221281","2025-12-06","36.00","NZD","1762591243","23477/2025-12-06/1762591243.json"
"581514","221282","2025-12-06","36.00","NZD","1762591243","23477/2025-12-06/1762591243.json"
"512557","146154","2025-12-06","45.00","NZD","1762591243","23477/2025-12-06/1762591243.json"
"365170","146153","2025-12-06","48.00","NZD","1762591243","23477/2025-12-06/1762591243.json"
"510807","146155","2025-12-06","52.00","NZD","1762591243","23477/2025-12-06/1762591243.json"
"581513","221281","2025-12-07","36.00","NZD","1762591243","23477/2025-12-07/1762591243.json"
"581514","221282","2025-12-07","36.00","NZD","1762591243","23477/2025-12-07/1762591243.json"
"512557","146154","2025-12-07","45.00","NZD","1762591243","23477/2025-12-07/1762591243.json"
"365170","146153","2025-12-07","48.00","NZD","1762591243","23477/2025-12-07/1762591243.json"
"510807","146155","2025-12-07","52.00","NZD","1762591243","23477/2025-12-07/1762591243.json"
"581513","221281","2025-12-08","36.00","NZD","1762591243","23477/2025-12-08/1762591243.json"
"581514","221282","2025-12-08","36.00","NZD","1762591243","23477/2025-12-08/1762591243.json"
"512557","146154","2025-12-08","45.00","NZD","1762591243","23477/2025-12-08/1762591243.json"
"365170","146153","2025-12-08","48.00","NZD","1762591243","23477/2025-12-08/1762591243.json"
"510807","146155","2025-12-08","52.00","NZD","1762591243","23477/2025-12-08/1762591243.json"
"581513","221281","2025-12-09","36.00","NZD","1762591243","23477/2025-12-09/1762591243.json"
"581514","221282","2025-12-09","36.00","NZD","1762591243","23477/2025-12-09/1762591243.json"
"512557","146154","2025-12-09","45.00","NZD","1762591243","23477/2025-12-09/1762591243.json"
"365170","146153","2025-12-09","48.00","NZD","1762591243","23477/2025-12-09/1762591243.json"
"510807","146155","2025-12-09","52.00","NZD","1762591243","23477/2025-12-09/1762591243.json"
"581513","221281","2025-12-10","36.00","NZD","1762591243","23477/2025-12-10/1762591243.json"
"581514","221282","2025-12-10","36.00","NZD","1762591243","23477/2025-12-10/1762591243.json"
"512557","146154","2025-12-10","45.00","NZD","1762591243","23477/2025-12-10/1762591243.json"
"365170","146153","2025-12-10","48.00","NZD","1762591243","23477/2025-12-10/1762591243.json"
"510807","146155","2025-12-10","52.00","NZD","1762591243","23477/2025-12-10/1762591243.json"
"581513","221281","2025-12-11","36.00","NZD","1762591243","23477/2025-12-11/1762591243.json"
"581514","221282","2025-12-11","36.00","NZD","1762591243","23477/2025-12-11/1762591243.json"
"512557","146154","2025-12-11","45.00","NZD","1762591243","23477/2025-12-11/1762591243.json"
"365170","146153","2025-12-11","48.00","NZD","1762591243","23477/2025-12-11/1762591243.json"
"510807","146155","2025-12-11","52.00","NZD","1762591243","23477/2025-12-11/1762591243.json"
"581513","221281","2025-12-13","36.00","NZD","1762591243","23477/2025-12-13/1762591243.json"
"581514","221282","2025-12-13","36.00","NZD","1762591243","23477/2025-12-13/1762591243.json"
"512557","146154","2025-12-13","45.00","NZD","1762591243","23477/2025-12-13/1762591243.json"
"365170","146153","2025-12-13","48.00","NZD","1762591243","23477/2025-12-13/1762591243.json"
"510807","146155","2025-12-13","52.00","NZD","1762591243","23477/2025-12-13/1762591243.json"
"581513","221281","2025-12-12","36.00","NZD","1762591243","23477/2025-12-12/1762591243.json"
"581514","221282","2025-12-12","36.00","NZD","1762591243","23477/2025-12-12/1762591243.json"
"512557","146154","2025-12-12","45.00","NZD","1762591243","23477/2025-12-12/1762591243.json"
"365170","146153","2025-12-12","48.00","NZD","1762591243","23477/2025-12-12/1762591243.json"
"510807","146155","2025-12-12","52.00","NZD","1762591243","23477/2025-12-12/1762591243.json"
"581513","221281","2025-12-14","36.00","NZD","1762591243","23477/2025-12-14/1762591243.json"
"581514","221282","2025-12-14","36.00","NZD","1762591243","23477/2025-12-14/1762591243.json"
"512557","146154","2025-12-14","45.00","NZD","1762591243","23477/2025-12-14/1762591243.json"
"365170","146153","2025-12-14","48.00","NZD","1762591243","23477/2025-12-14/1762591243.json"
"510807","146155","2025-12-14","52.00","NZD","1762591243","23477/2025-12-14/1762591243.json"
"581513","221281","2025-12-15","36.00","NZD","1762591243","23477/2025-12-15/1762591243.json"
"581514","221282","2025-12-15","36.00","NZD","1762591243","23477/2025-12-15/1762591243.json"
"512557","146154","2025-12-15","45.00","NZD","1762591243","23477/2025-12-15/1762591243.json"
"365170","146153","2025-12-15","48.00","NZD","1762591243","23477/2025-12-15/1762591243.json"
"510807","146155","2025-12-15","52.00","NZD","1762591243","23477/2025-12-15/1762591243.json"
"581513","221281","2025-12-16","36.00","NZD","1762591243","23477/2025-12-16/1762591243.json"
"581514","221282","2025-12-16","36.00","NZD","1762591243","23477/2025-12-16/1762591243.json"
"512557","146154","2025-12-16","45.00","NZD","1762591243","23477/2025-12-16/1762591243.json"
"365170","146153","2025-12-16","48.00","NZD","1762591243","23477/2025-12-16/1762591243.json"
"510807","146155","2025-12-16","52.00","NZD","1762591243","23477/2025-12-16/1762591243.json"
"581513","221281","2025-12-17","36.00","NZD","1762591243","23477/2025-12-17/1762591243.json"
"581514","221282","2025-12-17","36.00","NZD","1762591243","23477/2025-12-17/1762591243.json"
"512557","146154","2025-12-17","45.00","NZD","1762591243","23477/2025-12-17/1762591243.json"
"365170","146153","2025-12-17","48.00","NZD","1762591243","23477/2025-12-17/1762591243.json"
"510807","146155","2025-12-17","52.00","NZD","1762591243","23477/2025-12-17/1762591243.json"
"581513","221281","2025-12-18","36.00","NZD","1762591243","23477/2025-12-18/1762591243.json"
"581514","221282","2025-12-18","36.00","NZD","1762591243","23477/2025-12-18/1762591243.json"
"512557","146154","2025-12-18","45.00","NZD","1762591243","23477/2025-12-18/1762591243.json"
"365170","146153","2025-12-18","48.00","NZD","1762591243","23477/2025-12-18/1762591243.json"
"510807","146155","2025-12-18","52.00","NZD","1762591243","23477/2025-12-18/1762591243.json"
"581513","221281","2025-12-19","36.00","NZD","1762591243","23477/2025-12-19/1762591243.json"
"581514","221282","2025-12-19","36.00","NZD","1762591243","23477/2025-12-19/1762591243.json"
"512557","146154","2025-12-19","45.00","NZD","1762591243","23477/2025-12-19/1762591243.json"
"365170","146153","2025-12-19","48.00","NZD","1762591243","23477/2025-12-19/1762591243.json"
"510807","146155","2025-12-19","52.00","NZD","1762591243","23477/2025-12-19/1762591243.json"
"581513","221281","2025-12-21","36.00","NZD","1762591243","23477/2025-12-21/1762591243.json"
"581514","221282","2025-12-21","36.00","NZD","1762591243","23477/2025-12-21/1762591243.json"
"512557","146154","2025-12-21","45.00","NZD","1762591243","23477/2025-12-21/1762591243.json"
"365170","146153","2025-12-21","48.00","NZD","1762591243","23477/2025-12-21/1762591243.json"
"510807","146155","2025-12-21","52.00","NZD","1762591243","23477/2025-12-21/1762591243.json"
"581513","221281","2025-12-20","36.00","NZD","1762591243","23477/2025-12-20/1762591243.json"
"581514","221282","2025-12-20","36.00","NZD","1762591243","23477/2025-12-20/1762591243.json"
"512557","146154","2025-12-20","45.00","NZD","1762591243","23477/2025-12-20/1762591243.json"
"365170","146153","2025-12-20","48.00","NZD","1762591243","23477/2025-12-20/1762591243.json"
"510807","146155","2025-12-20","52.00","NZD","1762591243","23477/2025-12-20/1762591243.json"
"581513","221281","2025-12-22","36.00","NZD","1762591243","23477/2025-12-22/1762591243.json"
"581514","221282","2025-12-22","36.00","NZD","1762591243","23477/2025-12-22/1762591243.json"
"512557","146154","2025-12-22","45.00","NZD","1762591243","23477/2025-12-22/1762591243.json"
"365170","146153","2025-12-22","48.00","NZD","1762591243","23477/2025-12-22/1762591243.json"
"510807","146155","2025-12-22","52.00","NZD","1762591243","23477/2025-12-22/1762591243.json"
"581513","221281","2025-12-23","38.00","NZD","1762591243","23477/2025-12-23/1762591243.json"
"581514","221282","2025-12-23","38.00","NZD","1762591243","23477/2025-12-23/1762591243.json"
"512557","146154","2025-12-23","45.00","NZD","1762591243","23477/2025-12-23/1762591243.json"
"365170","146153","2025-12-23","48.00","NZD","1762591243","23477/2025-12-23/1762591243.json"
"510807","146155","2025-12-23","52.00","NZD","1762591243","23477/2025-12-23/1762591243.json"
"581513","221281","2025-12-25","38.00","NZD","1762591243","23477/2025-12-25/1762591243.json"
"581514","221282","2025-12-25","38.00","NZD","1762591243","23477/2025-12-25/1762591243.json"
"512557","146154","2025-12-25","45.00","NZD","1762591243","23477/2025-12-25/1762591243.json"
"365170","146153","2025-12-25","48.00","NZD","1762591243","23477/2025-12-25/1762591243.json"
"510807","146155","2025-12-25","52.00","NZD","1762591243","23477/2025-12-25/1762591243.json"
"581513","221281","2025-12-24","38.00","NZD","1762591243","23477/2025-12-24/1762591243.json"
"581514","221282","2025-12-24","38.00","NZD","1762591243","23477/2025-12-24/1762591243.json"
"512557","146154","2025-12-24","45.00","NZD","1762591243","23477/2025-12-24/1762591243.json"
"365170","146153","2025-12-24","48.00","NZD","1762591243","23477/2025-12-24/1762591243.json"
"510807","146155","2025-12-24","52.00","NZD","1762591243","23477/2025-12-24/1762591243.json"
"581513","221281","2025-12-26","42.00","NZD","1762591243","23477/2025-12-26/1762591243.json"
"581514","221282","2025-12-26","42.00","NZD","1762591243","23477/2025-12-26/1762591243.json"
"512557","146154","2025-12-26","45.00","NZD","1762591243","23477/2025-12-26/1762591243.json"
"365170","146153","2025-12-26","48.00","NZD","1762591243","23477/2025-12-26/1762591243.json"
"510807","146155","2025-12-26","52.00","NZD","1762591243","23477/2025-12-26/1762591243.json"
"581513","221281","2025-12-27","42.00","NZD","1762591243","23477/2025-12-27/1762591243.json"
"581514","221282","2025-12-27","42.00","NZD","1762591243","23477/2025-12-27/1762591243.json"
"512557","146154","2025-12-27","45.00","NZD","1762591243","23477/2025-12-27/1762591243.json"
"365170","146153","2025-12-27","48.00","NZD","1762591243","23477/2025-12-27/1762591243.json"
"510807","146155","2025-12-27","52.00","NZD","1762591243","23477/2025-12-27/1762591243.json"
"581513","221281","2025-12-28","42.00","NZD","1762591243","23477/2025-12-28/1762591243.json"
"581514","221282","2025-12-28","42.00","NZD","1762591243","23477/2025-12-28/1762591243.json"
"512557","146154","2025-12-28","45.00","NZD","1762591243","23477/2025-12-28/1762591243.json"
"365170","146153","2025-12-28","48.00","NZD","1762591243","23477/2025-12-28/1762591243.json"
"510807","146155","2025-12-28","52.00","NZD","1762591243","23477/2025-12-28/1762591243.json"
"581513","221281","2025-12-29","42.00","NZD","1762591243","23477/2025-12-29/1762591243.json"
"581514","221282","2025-12-29","42.00","NZD","1762591243","23477/2025-12-29/1762591243.json"
"512557","146154","2025-12-29","45.00","NZD","1762591243","23477/2025-12-29/1762591243.json"
"365170","146153","2025-12-29","48.00","NZD","1762591243","23477/2025-12-29/1762591243.json"
"510807","146155","2025-12-29","52.00","NZD","1762591243","23477/2025-12-29/1762591243.json"
"581513","221281","2025-12-30","42.00","NZD","1762591243","23477/2025-12-30/1762591243.json"
"581514","221282","2025-12-30","42.00","NZD","1762591243","23477/2025-12-30/1762591243.json"
"512557","146154","2025-12-30","45.00","NZD","1762591243","23477/2025-12-30/1762591243.json"
"365170","146153","2025-12-30","48.00","NZD","1762591243","23477/2025-12-30/1762591243.json"
"510807","146155","2025-12-30","52.00","NZD","1762591243","23477/2025-12-30/1762591243.json"
"581513","221281","2025-12-31","42.00","NZD","1762591243","23477/2025-12-31/1762591243.json"
"581514","221282","2025-12-31","42.00","NZD","1762591243","23477/2025-12-31/1762591243.json"
"512557","146154","2025-12-31","45.00","NZD","1762591243","23477/2025-12-31/1762591243.json"
"365170","146153","2025-12-31","48.00","NZD","1762591243","23477/2025-12-31/1762591243.json"
"510807","146155","2025-12-31","52.00","NZD","1762591243","23477/2025-12-31/1762591243.json"
"581513","221281","2026-01-01","42.00","NZD","1762591243","23477/2026-01-01/1762591243.json"
"581514","221282","2026-01-01","42.00","NZD","1762591243","23477/2026-01-01/1762591243.json"
"512557","146154","2026-01-01","45.00","NZD","1762591243","23477/2026-01-01/1762591243.json"
"365170","146153","2026-01-01","48.00","NZD","1762591243","23477/2026-01-01/1762591243.json"
"510807","146155","2026-01-01","52.00","NZD","1762591243","23477/2026-01-01/1762591243.json"
"581513","221281","2026-01-03","42.00","NZD","1762591243","23477/2026-01-03/1762591243.json"
"581514","221282","2026-01-03","42.00","NZD","1762591243","23477/2026-01-03/1762591243.json"
"512557","146154","2026-01-03","45.00","NZD","1762591243","23477/2026-01-03/1762591243.json"
"365170","146153","2026-01-03","48.00","NZD","1762591243","23477/2026-01-03/1762591243.json"
"510807","146155","2026-01-03","52.00","NZD","1762591243","23477/2026-01-03/1762591243.json"
"581513","221281","2026-01-04","42.00","NZD","1762591243","23477/2026-01-04/1762591243.json"
"581514","221282","2026-01-04","42.00","NZD","1762591243","23477/2026-01-04/1762591243.json"
"512557","146154","2026-01-04","45.00","NZD","1762591243","23477/2026-01-04/1762591243.json"
"365170","146153","2026-01-04","48.00","NZD","1762591243","23477/2026-01-04/1762591243.json"
"510807","146155","2026-01-04","52.00","NZD","1762591243","23477/2026-01-04/1762591243.json"
"581513","221281","2026-01-02","42.00","NZD","1762591243","23477/2026-01-02/1762591243.json"
"581514","221282","2026-01-02","42.00","NZD","1762591243","23477/2026-01-02/1762591243.json"
"512557","146154","2026-01-02","45.00","NZD","1762591243","23477/2026-01-02/1762591243.json"
"365170","146153","2026-01-02","48.00","NZD","1762591243","23477/2026-01-02/1762591243.json"
"510807","146155","2026-01-02","52.00","NZD","1762591243","23477/2026-01-02/1762591243.json"
"581513","221281","2026-01-05","36.00","NZD","1762591243","23477/2026-01-05/1762591243.json"
"581514","221282","2026-01-05","36.00","NZD","1762591243","23477/2026-01-05/1762591243.json"
"512557","146154","2026-01-05","45.00","NZD","1762591243","23477/2026-01-05/1762591243.json"
"365170","146153","2026-01-05","48.00","NZD","1762591243","23477/2026-01-05/1762591243.json"
"510807","146155","2026-01-05","52.00","NZD","1762591243","23477/2026-01-05/1762591243.json"
"581513","221281","2026-01-06","36.00","NZD","1762591243","23477/2026-01-06/1762591243.json"
"581514","221282","2026-01-06","36.00","NZD","1762591243","23477/2026-01-06/1762591243.json"
"512557","146154","2026-01-06","45.00","NZD","1762591243","23477/2026-01-06/1762591243.json"
"365170","146153","2026-01-06","48.00","NZD","1762591243","23477/2026-01-06/1762591243.json"
"510807","146155","2026-01-06","52.00","NZD","1762591243","23477/2026-01-06/1762591243.json"
"581513","221281","2026-01-07","36.00","NZD","1762591243","23477/2026-01-07/1762591243.json"
"581514","221282","2026-01-07","36.00","NZD","1762591243","23477/2026-01-07/1762591243.json"
"512557","146154","2026-01-07","45.00","NZD","1762591243","23477/2026-01-07/1762591243.json"
"365170","146153","2026-01-07","48.00","NZD","1762591243","23477/2026-01-07/1762591243.json"
"510807","146155","2026-01-07","52.00","NZD","1762591243","23477/2026-01-07/1762591243.json"
"581513","221281","2025-11-10","36.00","NZD","1762606419","23477/2025-11-10/1762606419.json"
"581514","221282","2025-11-10","36.00","NZD","1762606419","23477/2025-11-10/1762606419.json"
"512557","146154","2025-11-10","45.00","NZD","1762606419","23477/2025-11-10/1762606419.json"
"365170","146153","2025-11-10","48.00","NZD","1762606419","23477/2025-11-10/1762606419.json"
"510807","146155","2025-11-10","52.00","NZD","1762606419","23477/2025-11-10/1762606419.json"
"581513","221281","2025-11-11","36.00","NZD","1762606419","23477/2025-11-11/1762606419.json"
"581514","221282","2025-11-11","36.00","NZD","1762606419","23477/2025-11-11/1762606419.json"
"512557","146154","2025-11-11","45.00","NZD","1762606419","23477/2025-11-11/1762606419.json"
"365170","146153","2025-11-11","48.00","NZD","1762606419","23477/2025-11-11/1762606419.json"
"510807","146155","2025-11-11","52.00","NZD","1762606419","23477/2025-11-11/1762606419.json"
"581513","221281","2025-11-13","36.00","NZD","1762606419","23477/2025-11-13/1762606419.json"
"581514","221282","2025-11-13","36.00","NZD","1762606419","23477/2025-11-13/1762606419.json"
"512557","146154","2025-11-13","45.00","NZD","1762606419","23477/2025-11-13/1762606419.json"
"365170","146153","2025-11-13","48.00","NZD","1762606419","23477/2025-11-13/1762606419.json"
"510807","146155","2025-11-13","52.00","NZD","1762606419","23477/2025-11-13/1762606419.json"
"581513","221281","2025-11-09","36.00","NZD","1762606419","23477/2025-11-09/1762606419.json"
"581514","221282","2025-11-09","36.00","NZD","1762606419","23477/2025-11-09/1762606419.json"
"512557","146154","2025-11-09","45.00","NZD","1762606419","23477/2025-11-09/1762606419.json"
"365170","146153","2025-11-09","48.00","NZD","1762606419","23477/2025-11-09/1762606419.json"
"510807","146155","2025-11-09","52.00","NZD","1762606419","23477/2025-11-09/1762606419.json"
"581513","221281","2025-11-14","36.00","NZD","1762606419","23477/2025-11-14/1762606419.json"
"581514","221282","2025-11-14","36.00","NZD","1762606419","23477/2025-11-14/1762606419.json"
"512557","146154","2025-11-14","45.00","NZD","1762606419","23477/2025-11-14/1762606419.json"
"365170","146153","2025-11-14","48.00","NZD","1762606419","23477/2025-11-14/1762606419.json"
"510807","146155","2025-11-14","52.00","NZD","1762606419","23477/2025-11-14/1762606419.json"
"581513","221281","2025-11-12","36.00","NZD","1762606419","23477/2025-11-12/1762606419.json"
"581514","221282","2025-11-12","36.00","NZD","1762606419","23477/2025-11-12/1762606419.json"
"512557","146154","2025-11-12","45.00","NZD","1762606419","23477/2025-11-12/1762606419.json"
"365170","146153","2025-11-12","48.00","NZD","1762606419","23477/2025-11-12/1762606419.json"
"510807","146155","2025-11-12","52.00","NZD","1762606419","23477/2025-11-12/1762606419.json"
"581513","221281","2025-11-15","36.00","NZD","1762606419","23477/2025-11-15/1762606419.json"
"581514","221282","2025-11-15","36.00","NZD","1762606419","23477/2025-11-15/1762606419.json"
"512557","146154","2025-11-15","45.00","NZD","1762606419","23477/2025-11-15/1762606419.json"
"365170","146153","2025-11-15","48.00","NZD","1762606419","23477/2025-11-15/1762606419.json"
"510807","146155","2025-11-15","52.00","NZD","1762606419","23477/2025-11-15/1762606419.json"
"581513","221281","2025-11-16","36.00","NZD","1762606419","23477/2025-11-16/1762606419.json"
"581514","221282","2025-11-16","36.00","NZD","1762606419","23477/2025-11-16/1762606419.json"
"512557","146154","2025-11-16","45.00","NZD","1762606419","23477/2025-11-16/1762606419.json"
"365170","146153","2025-11-16","48.00","NZD","1762606419","23477/2025-11-16/1762606419.json"
"510807","146155","2025-11-16","52.00","NZD","1762606419","23477/2025-11-16/1762606419.json"
"581513","221281","2025-11-17","36.00","NZD","1762606419","23477/2025-11-17/1762606419.json"
"581514","221282","2025-11-17","36.00","NZD","1762606419","23477/2025-11-17/1762606419.json"
"512557","146154","2025-11-17","45.00","NZD","1762606419","23477/2025-11-17/1762606419.json"
"365170","146153","2025-11-17","48.00","NZD","1762606419","23477/2025-11-17/1762606419.json"
"510807","146155","2025-11-17","52.00","NZD","1762606419","23477/2025-11-17/1762606419.json"
"581513","221281","2025-11-18","36.00","NZD","1762606419","23477/2025-11-18/1762606419.json"
"581514","221282","2025-11-18","36.00","NZD","1762606419","23477/2025-11-18/1762606419.json"
"512557","146154","2025-11-18","45.00","NZD","1762606419","23477/2025-11-18/1762606419.json"
"365170","146153","2025-11-18","48.00","NZD","1762606419","23477/2025-11-18/1762606419.json"
"510807","146155","2025-11-18","52.00","NZD","1762606419","23477/2025-11-18/1762606419.json"
"581513","221281","2025-11-19","36.00","NZD","1762606419","23477/2025-11-19/1762606419.json"
"581514","221282","2025-11-19","36.00","NZD","1762606419","23477/2025-11-19/1762606419.json"
"512557","146154","2025-11-19","45.00","NZD","1762606419","23477/2025-11-19/1762606419.json"
"365170","146153","2025-11-19","48.00","NZD","1762606419","23477/2025-11-19/1762606419.json"
"510807","146155","2025-11-19","52.00","NZD","1762606419","23477/2025-11-19/1762606419.json"
"581513","221281","2025-11-20","36.00","NZD","1762606419","23477/2025-11-20/1762606419.json"
"581514","221282","2025-11-20","36.00","NZD","1762606419","23477/2025-11-20/1762606419.json"
"512557","146154","2025-11-20","45.00","NZD","1762606419","23477/2025-11-20/1762606419.json"
"581513","221281","2025-11-22","36.00","NZD","1762606419","23477/2025-11-22/1762606419.json"
"581514","221282","2025-11-22","36.00","NZD","1762606419","23477/2025-11-22/1762606419.json"
"512557","146154","2025-11-22","45.00","NZD","1762606419","23477/2025-11-22/1762606419.json"
"365170","146153","2025-11-22","48.00","NZD","1762606419","23477/2025-11-22/1762606419.json"
"510807","146155","2025-11-22","52.00","NZD","1762606419","23477/2025-11-22/1762606419.json"
"581513","221281","2025-11-23","36.00","NZD","1762606419","23477/2025-11-23/1762606419.json"
"581514","221282","2025-11-23","36.00","NZD","1762606419","23477/2025-11-23/1762606419.json"
"512557","146154","2025-11-23","45.00","NZD","1762606419","23477/2025-11-23/1762606419.json"
"365170","146153","2025-11-23","48.00","NZD","1762606419","23477/2025-11-23/1762606419.json"
"510807","146155","2025-11-23","52.00","NZD","1762606419","23477/2025-11-23/1762606419.json"
"581513","221281","2025-11-21","36.00","NZD","1762606419","23477/2025-11-21/1762606419.json"
"581514","221282","2025-11-21","36.00","NZD","1762606419","23477/2025-11-21/1762606419.json"
"512557","146154","2025-11-21","45.00","NZD","1762606419","23477/2025-11-21/1762606419.json"
"365170","146153","2025-11-21","48.00","NZD","1762606419","23477/2025-11-21/1762606419.json"
"510807","146155","2025-11-21","52.00","NZD","1762606419","23477/2025-11-21/1762606419.json"
"581513","221281","2025-11-24","36.00","NZD","1762606419","23477/2025-11-24/1762606419.json"
"581514","221282","2025-11-24","36.00","NZD","1762606419","23477/2025-11-24/1762606419.json"
"512557","146154","2025-11-24","45.00","NZD","1762606419","23477/2025-11-24/1762606419.json"
"365170","146153","2025-11-24","48.00","NZD","1762606419","23477/2025-11-24/1762606419.json"
"510807","146155","2025-11-24","52.00","NZD","1762606419","23477/2025-11-24/1762606419.json"
"581513","221281","2025-11-25","36.00","NZD","1762606419","23477/2025-11-25/1762606419.json"
"581514","221282","2025-11-25","36.00","NZD","1762606419","23477/2025-11-25/1762606419.json"
"512557","146154","2025-11-25","45.00","NZD","1762606419","23477/2025-11-25/1762606419.json"
"365170","146153","2025-11-25","48.00","NZD","1762606419","23477/2025-11-25/1762606419.json"
"510807","146155","2025-11-25","52.00","NZD","1762606419","23477/2025-11-25/1762606419.json"
"581513","221281","2025-11-26","36.00","NZD","1762606419","23477/2025-11-26/1762606419.json"
"581514","221282","2025-11-26","36.00","NZD","1762606419","23477/2025-11-26/1762606419.json"
"512557","146154","2025-11-26","45.00","NZD","1762606419","23477/2025-11-26/1762606419.json"
"365170","146153","2025-11-26","48.00","NZD","1762606419","23477/2025-11-26/1762606419.json"
"510807","146155","2025-11-26","52.00","NZD","1762606419","23477/2025-11-26/1762606419.json"
"581513","221281","2025-11-27","36.00","NZD","1762606419","23477/2025-11-27/1762606419.json"
"581514","221282","2025-11-27","36.00","NZD","1762606419","23477/2025-11-27/1762606419.json"
"512557","146154","2025-11-27","45.00","NZD","1762606419","23477/2025-11-27/1762606419.json"
"365170","146153","2025-11-27","48.00","NZD","1762606419","23477/2025-11-27/1762606419.json"
"510807","146155","2025-11-27","52.00","NZD","1762606419","23477/2025-11-27/1762606419.json"
"581513","221281","2025-11-28","36.00","NZD","1762606419","23477/2025-11-28/1762606419.json"
"581514","221282","2025-11-28","36.00","NZD","1762606419","23477/2025-11-28/1762606419.json"
"512557","146154","2025-11-28","45.00","NZD","1762606419","23477/2025-11-28/1762606419.json"
"365170","146153","2025-11-28","48.00","NZD","1762606419","23477/2025-11-28/1762606419.json"
"510807","146155","2025-11-28","52.00","NZD","1762606419","23477/2025-11-28/1762606419.json"
"581513","221281","2025-11-29","36.00","NZD","1762606419","23477/2025-11-29/1762606419.json"
"581514","221282","2025-11-29","36.00","NZD","1762606419","23477/2025-11-29/1762606419.json"
"512557","146154","2025-11-29","45.00","NZD","1762606419","23477/2025-11-29/1762606419.json"
"365170","146153","2025-11-29","48.00","NZD","1762606419","23477/2025-11-29/1762606419.json"
"510807","146155","2025-11-29","52.00","NZD","1762606419","23477/2025-11-29/1762606419.json"
"581513","221281","2025-12-01","36.00","NZD","1762606419","23477/2025-12-01/1762606419.json"
"581514","221282","2025-12-01","36.00","NZD","1762606419","23477/2025-12-01/1762606419.json"
"512557","146154","2025-12-01","45.00","NZD","1762606419","23477/2025-12-01/1762606419.json"
"365170","146153","2025-12-01","48.00","NZD","1762606419","23477/2025-12-01/1762606419.json"
"510807","146155","2025-12-01","52.00","NZD","1762606419","23477/2025-12-01/1762606419.json"
"581513","221281","2025-11-30","36.00","NZD","1762606419","23477/2025-11-30/1762606419.json"
"581514","221282","2025-11-30","36.00","NZD","1762606419","23477/2025-11-30/1762606419.json"
"512557","146154","2025-11-30","45.00","NZD","1762606419","23477/2025-11-30/1762606419.json"
"365170","146153","2025-11-30","48.00","NZD","1762606419","23477/2025-11-30/1762606419.json"
"510807","146155","2025-11-30","52.00","NZD","1762606419","23477/2025-11-30/1762606419.json"
"581513","221281","2025-12-02","36.00","NZD","1762606419","23477/2025-12-02/1762606419.json"
"581514","221282","2025-12-02","36.00","NZD","1762606419","23477/2025-12-02/1762606419.json"
"512557","146154","2025-12-02","45.00","NZD","1762606419","23477/2025-12-02/1762606419.json"
"365170","146153","2025-12-02","48.00","NZD","1762606419","23477/2025-12-02/1762606419.json"
"510807","146155","2025-12-02","52.00","NZD","1762606419","23477/2025-12-02/1762606419.json"
"581513","221281","2025-12-03","36.00","NZD","1762606419","23477/2025-12-03/1762606419.json"
"581514","221282","2025-12-03","36.00","NZD","1762606419","23477/2025-12-03/1762606419.json"
"512557","146154","2025-12-03","45.00","NZD","1762606419","23477/2025-12-03/1762606419.json"
"365170","146153","2025-12-03","48.00","NZD","1762606419","23477/2025-12-03/1762606419.json"
"510807","146155","2025-12-03","52.00","NZD","1762606419","23477/2025-12-03/1762606419.json"
"581513","221281","2025-12-04","36.00","NZD","1762606419","23477/2025-12-04/1762606419.json"
"581514","221282","2025-12-04","36.00","NZD","1762606419","23477/2025-12-04/1762606419.json"
"512557","146154","2025-12-04","45.00","NZD","1762606419","23477/2025-12-04/1762606419.json"
"365170","146153","2025-12-04","48.00","NZD","1762606419","23477/2025-12-04/1762606419.json"
"510807","146155","2025-12-04","52.00","NZD","1762606419","23477/2025-12-04/1762606419.json"
"581513","221281","2025-12-05","36.00","NZD","1762606419","23477/2025-12-05/1762606419.json"
"581514","221282","2025-12-05","36.00","NZD","1762606419","23477/2025-12-05/1762606419.json"
"512557","146154","2025-12-05","45.00","NZD","1762606419","23477/2025-12-05/1762606419.json"
"365170","146153","2025-12-05","48.00","NZD","1762606419","23477/2025-12-05/1762606419.json"
"510807","146155","2025-12-05","52.00","NZD","1762606419","23477/2025-12-05/1762606419.json"
"581513","221281","2025-12-06","36.00","NZD","1762606419","23477/2025-12-06/1762606419.json"
"581514","221282","2025-12-06","36.00","NZD","1762606419","23477/2025-12-06/1762606419.json"
"512557","146154","2025-12-06","45.00","NZD","1762606419","23477/2025-12-06/1762606419.json"
"365170","146153","2025-12-06","48.00","NZD","1762606419","23477/2025-12-06/1762606419.json"
"510807","146155","2025-12-06","52.00","NZD","1762606419","23477/2025-12-06/1762606419.json"
"581513","221281","2025-12-09","36.00","NZD","1762606419","23477/2025-12-09/1762606419.json"
"581514","221282","2025-12-09","36.00","NZD","1762606419","23477/2025-12-09/1762606419.json"
"512557","146154","2025-12-09","45.00","NZD","1762606419","23477/2025-12-09/1762606419.json"
"365170","146153","2025-12-09","48.00","NZD","1762606419","23477/2025-12-09/1762606419.json"
"510807","146155","2025-12-09","52.00","NZD","1762606419","23477/2025-12-09/1762606419.json"
"581513","221281","2025-12-08","36.00","NZD","1762606419","23477/2025-12-08/1762606419.json"
"581514","221282","2025-12-08","36.00","NZD","1762606419","23477/2025-12-08/1762606419.json"
"512557","146154","2025-12-08","45.00","NZD","1762606419","23477/2025-12-08/1762606419.json"
"365170","146153","2025-12-08","48.00","NZD","1762606419","23477/2025-12-08/1762606419.json"
"510807","146155","2025-12-08","52.00","NZD","1762606419","23477/2025-12-08/1762606419.json"
"581513","221281","2025-12-07","36.00","NZD","1762606419","23477/2025-12-07/1762606419.json"
"581514","221282","2025-12-07","36.00","NZD","1762606419","23477/2025-12-07/1762606419.json"
"512557","146154","2025-12-07","45.00","NZD","1762606419","23477/2025-12-07/1762606419.json"
"365170","146153","2025-12-07","48.00","NZD","1762606419","23477/2025-12-07/1762606419.json"
"510807","146155","2025-12-07","52.00","NZD","1762606419","23477/2025-12-07/1762606419.json"
"581513","221281","2025-12-10","36.00","NZD","1762606419","23477/2025-12-10/1762606419.json"
"581514","221282","2025-12-10","36.00","NZD","1762606419","23477/2025-12-10/1762606419.json"
"512557","146154","2025-12-10","45.00","NZD","1762606419","23477/2025-12-10/1762606419.json"
"365170","146153","2025-12-10","48.00","NZD","1762606419","23477/2025-12-10/1762606419.json"
"510807","146155","2025-12-10","52.00","NZD","1762606419","23477/2025-12-10/1762606419.json"
"581513","221281","2025-12-11","36.00","NZD","1762606419","23477/2025-12-11/1762606419.json"
"581514","221282","2025-12-11","36.00","NZD","1762606419","23477/2025-12-11/1762606419.json"
"512557","146154","2025-12-11","45.00","NZD","1762606419","23477/2025-12-11/1762606419.json"
"365170","146153","2025-12-11","48.00","NZD","1762606419","23477/2025-12-11/1762606419.json"
"510807","146155","2025-12-11","52.00","NZD","1762606419","23477/2025-12-11/1762606419.json"
"581513","221281","2025-12-12","36.00","NZD","1762606419","23477/2025-12-12/1762606419.json"
"581514","221282","2025-12-12","36.00","NZD","1762606419","23477/2025-12-12/1762606419.json"
"512557","146154","2025-12-12","45.00","NZD","1762606419","23477/2025-12-12/1762606419.json"
"365170","146153","2025-12-12","48.00","NZD","1762606419","23477/2025-12-12/1762606419.json"
"510807","146155","2025-12-12","52.00","NZD","1762606419","23477/2025-12-12/1762606419.json"
"581513","221281","2025-12-13","36.00","NZD","1762606419","23477/2025-12-13/1762606419.json"
"581514","221282","2025-12-13","36.00","NZD","1762606419","23477/2025-12-13/1762606419.json"
"512557","146154","2025-12-13","45.00","NZD","1762606419","23477/2025-12-13/1762606419.json"
"365170","146153","2025-12-13","48.00","NZD","1762606419","23477/2025-12-13/1762606419.json"
"510807","146155","2025-12-13","52.00","NZD","1762606419","23477/2025-12-13/1762606419.json"
"581513","221281","2025-12-14","36.00","NZD","1762606419","23477/2025-12-14/1762606419.json"
"581514","221282","2025-12-14","36.00","NZD","1762606419","23477/2025-12-14/1762606419.json"
"512557","146154","2025-12-14","45.00","NZD","1762606419","23477/2025-12-14/1762606419.json"
"365170","146153","2025-12-14","48.00","NZD","1762606419","23477/2025-12-14/1762606419.json"
"510807","146155","2025-12-14","52.00","NZD","1762606419","23477/2025-12-14/1762606419.json"
"581513","221281","2025-12-16","36.00","NZD","1762606419","23477/2025-12-16/1762606419.json"
"581514","221282","2025-12-16","36.00","NZD","1762606419","23477/2025-12-16/1762606419.json"
"512557","146154","2025-12-16","45.00","NZD","1762606419","23477/2025-12-16/1762606419.json"
"365170","146153","2025-12-16","48.00","NZD","1762606419","23477/2025-12-16/1762606419.json"
"510807","146155","2025-12-16","52.00","NZD","1762606419","23477/2025-12-16/1762606419.json"
"581513","221281","2025-12-15","36.00","NZD","1762606419","23477/2025-12-15/1762606419.json"
"581514","221282","2025-12-15","36.00","NZD","1762606419","23477/2025-12-15/1762606419.json"
"512557","146154","2025-12-15","45.00","NZD","1762606419","23477/2025-12-15/1762606419.json"
"365170","146153","2025-12-15","48.00","NZD","1762606419","23477/2025-12-15/1762606419.json"
"510807","146155","2025-12-15","52.00","NZD","1762606419","23477/2025-12-15/1762606419.json"
"581513","221281","2025-12-17","36.00","NZD","1762606419","23477/2025-12-17/1762606419.json"
"581514","221282","2025-12-17","36.00","NZD","1762606419","23477/2025-12-17/1762606419.json"
"512557","146154","2025-12-17","45.00","NZD","1762606419","23477/2025-12-17/1762606419.json"
"365170","146153","2025-12-17","48.00","NZD","1762606419","23477/2025-12-17/1762606419.json"
"510807","146155","2025-12-17","52.00","NZD","1762606419","23477/2025-12-17/1762606419.json"
"581513","221281","2025-12-18","36.00","NZD","1762606419","23477/2025-12-18/1762606419.json"
"581514","221282","2025-12-18","36.00","NZD","1762606419","23477/2025-12-18/1762606419.json"
"512557","146154","2025-12-18","45.00","NZD","1762606419","23477/2025-12-18/1762606419.json"
"365170","146153","2025-12-18","48.00","NZD","1762606419","23477/2025-12-18/1762606419.json"
"510807","146155","2025-12-18","52.00","NZD","1762606419","23477/2025-12-18/1762606419.json"
"581513","221281","2025-12-19","36.00","NZD","1762606419","23477/2025-12-19/1762606419.json"
"581514","221282","2025-12-19","36.00","NZD","1762606419","23477/2025-12-19/1762606419.json"
"512557","146154","2025-12-19","45.00","NZD","1762606419","23477/2025-12-19/1762606419.json"
"365170","146153","2025-12-19","48.00","NZD","1762606419","23477/2025-12-19/1762606419.json"
"510807","146155","2025-12-19","52.00","NZD","1762606419","23477/2025-12-19/1762606419.json"
"581513","221281","2025-12-20","36.00","NZD","1762606419","23477/2025-12-20/1762606419.json"
"581514","221282","2025-12-20","36.00","NZD","1762606419","23477/2025-12-20/1762606419.json"
"512557","146154","2025-12-20","45.00","NZD","1762606419","23477/2025-12-20/1762606419.json"
"365170","146153","2025-12-20","48.00","NZD","1762606419","23477/2025-12-20/1762606419.json"
"510807","146155","2025-12-20","52.00","NZD","1762606419","23477/2025-12-20/1762606419.json"
"581513","221281","2025-12-21","36.00","NZD","1762606419","23477/2025-12-21/1762606419.json"
"581514","221282","2025-12-21","36.00","NZD","1762606419","23477/2025-12-21/1762606419.json"
"512557","146154","2025-12-21","45.00","NZD","1762606419","23477/2025-12-21/1762606419.json"
"365170","146153","2025-12-21","48.00","NZD","1762606419","23477/2025-12-21/1762606419.json"
"510807","146155","2025-12-21","52.00","NZD","1762606419","23477/2025-12-21/1762606419.json"
"581513","221281","2025-12-22","36.00","NZD","1762606419","23477/2025-12-22/1762606419.json"
"581514","221282","2025-12-22","36.00","NZD","1762606419","23477/2025-12-22/1762606419.json"
"512557","146154","2025-12-22","45.00","NZD","1762606419","23477/2025-12-22/1762606419.json"
"365170","146153","2025-12-22","48.00","NZD","1762606419","23477/2025-12-22/1762606419.json"
"510807","146155","2025-12-22","52.00","NZD","1762606419","23477/2025-12-22/1762606419.json"
"581513","221281","2025-12-23","38.00","NZD","1762606419","23477/2025-12-23/1762606419.json"
"581514","221282","2025-12-23","38.00","NZD","1762606419","23477/2025-12-23/1762606419.json"
"512557","146154","2025-12-23","45.00","NZD","1762606419","23477/2025-12-23/1762606419.json"
"365170","146153","2025-12-23","48.00","NZD","1762606419","23477/2025-12-23/1762606419.json"
"510807","146155","2025-12-23","52.00","NZD","1762606419","23477/2025-12-23/1762606419.json"
"581513","221281","2025-12-24","38.00","NZD","1762606419","23477/2025-12-24/1762606419.json"
"581514","221282","2025-12-24","38.00","NZD","1762606419","23477/2025-12-24/1762606419.json"
"512557","146154","2025-12-24","45.00","NZD","1762606419","23477/2025-12-24/1762606419.json"
"365170","146153","2025-12-24","48.00","NZD","1762606419","23477/2025-12-24/1762606419.json"
"510807","146155","2025-12-24","52.00","NZD","1762606419","23477/2025-12-24/1762606419.json"
"581513","221281","2025-12-25","38.00","NZD","1762606419","23477/2025-12-25/1762606419.json"
"581514","221282","2025-12-25","38.00","NZD","1762606419","23477/2025-12-25/1762606419.json"
"512557","146154","2025-12-25","45.00","NZD","1762606419","23477/2025-12-25/1762606419.json"
"365170","146153","2025-12-25","48.00","NZD","1762606419","23477/2025-12-25/1762606419.json"
"510807","146155","2025-12-25","52.00","NZD","1762606419","23477/2025-12-25/1762606419.json"
"581513","221281","2025-12-26","42.00","NZD","1762606419","23477/2025-12-26/1762606419.json"
"581514","221282","2025-12-26","42.00","NZD","1762606419","23477/2025-12-26/1762606419.json"
"512557","146154","2025-12-26","45.00","NZD","1762606419","23477/2025-12-26/1762606419.json"
"365170","146153","2025-12-26","48.00","NZD","1762606419","23477/2025-12-26/1762606419.json"
"510807","146155","2025-12-26","52.00","NZD","1762606419","23477/2025-12-26/1762606419.json"
"581513","221281","2025-12-28","42.00","NZD","1762606419","23477/2025-12-28/1762606419.json"
"581514","221282","2025-12-28","42.00","NZD","1762606419","23477/2025-12-28/1762606419.json"
"512557","146154","2025-12-28","45.00","NZD","1762606419","23477/2025-12-28/1762606419.json"
"365170","146153","2025-12-28","48.00","NZD","1762606419","23477/2025-12-28/1762606419.json"
"510807","146155","2025-12-28","52.00","NZD","1762606419","23477/2025-12-28/1762606419.json"
"581513","221281","2025-12-27","42.00","NZD","1762606419","23477/2025-12-27/1762606419.json"
"581513","221281","2025-12-29","42.00","NZD","1762606419","23477/2025-12-29/1762606419.json"
"581514","221282","2025-12-27","42.00","NZD","1762606419","23477/2025-12-27/1762606419.json"
"581514","221282","2025-12-29","42.00","NZD","1762606419","23477/2025-12-29/1762606419.json"
"512557","146154","2025-12-29","45.00","NZD","1762606419","23477/2025-12-29/1762606419.json"
"512557","146154","2025-12-27","45.00","NZD","1762606419","23477/2025-12-27/1762606419.json"
"365170","146153","2025-12-29","48.00","NZD","1762606419","23477/2025-12-29/1762606419.json"
"510807","146155","2025-12-29","52.00","NZD","1762606419","23477/2025-12-29/1762606419.json"
"365170","146153","2025-12-27","48.00","NZD","1762606419","23477/2025-12-27/1762606419.json"
"510807","146155","2025-12-27","52.00","NZD","1762606419","23477/2025-12-27/1762606419.json"
"581513","221281","2025-12-30","42.00","NZD","1762606419","23477/2025-12-30/1762606419.json"
"581514","221282","2025-12-30","42.00","NZD","1762606419","23477/2025-12-30/1762606419.json"
"512557","146154","2025-12-30","45.00","NZD","1762606419","23477/2025-12-30/1762606419.json"
"365170","146153","2025-12-30","48.00","NZD","1762606419","23477/2025-12-30/1762606419.json"
"510807","146155","2025-12-30","52.00","NZD","1762606419","23477/2025-12-30/1762606419.json"
"581513","221281","2026-01-02","42.00","NZD","1762606419","23477/2026-01-02/1762606419.json"
"581514","221282","2026-01-02","42.00","NZD","1762606419","23477/2026-01-02/1762606419.json"
"512557","146154","2026-01-02","45.00","NZD","1762606419","23477/2026-01-02/1762606419.json"
"365170","146153","2026-01-02","48.00","NZD","1762606419","23477/2026-01-02/1762606419.json"
"510807","146155","2026-01-02","52.00","NZD","1762606419","23477/2026-01-02/1762606419.json"
"581513","221281","2026-01-01","42.00","NZD","1762606419","23477/2026-01-01/1762606419.json"
"581514","221282","2026-01-01","42.00","NZD","1762606419","23477/2026-01-01/1762606419.json"
"512557","146154","2026-01-01","45.00","NZD","1762606419","23477/2026-01-01/1762606419.json"
"365170","146153","2026-01-01","48.00","NZD","1762606419","23477/2026-01-01/1762606419.json"
"510807","146155","2026-01-01","52.00","NZD","1762606419","23477/2026-01-01/1762606419.json"
"581513","221281","2025-12-31","42.00","NZD","1762606419","23477/2025-12-31/1762606419.json"
"581514","221282","2025-12-31","42.00","NZD","1762606419","23477/2025-12-31/1762606419.json"
"512557","146154","2025-12-31","45.00","NZD","1762606419","23477/2025-12-31/1762606419.json"
"365170","146153","2025-12-31","48.00","NZD","1762606419","23477/2025-12-31/1762606419.json"
"510807","146155","2025-12-31","52.00","NZD","1762606419","23477/2025-12-31/1762606419.json"
"581513","221281","2026-01-03","42.00","NZD","1762606419","23477/2026-01-03/1762606419.json"
"581514","221282","2026-01-03","42.00","NZD","1762606419","23477/2026-01-03/1762606419.json"
"512557","146154","2026-01-03","45.00","NZD","1762606419","23477/2026-01-03/1762606419.json"
"365170","146153","2026-01-03","48.00","NZD","1762606419","23477/2026-01-03/1762606419.json"
"510807","146155","2026-01-03","52.00","NZD","1762606419","23477/2026-01-03/1762606419.json"
"581513","221281","2026-01-05","36.00","NZD","1762606419","23477/2026-01-05/1762606419.json"
"581514","221282","2026-01-05","36.00","NZD","1762606419","23477/2026-01-05/1762606419.json"
"512557","146154","2026-01-05","45.00","NZD","1762606419","23477/2026-01-05/1762606419.json"
"365170","146153","2026-01-05","48.00","NZD","1762606419","23477/2026-01-05/1762606419.json"
"510807","146155","2026-01-05","52.00","NZD","1762606419","23477/2026-01-05/1762606419.json"
"581513","221281","2026-01-04","42.00","NZD","1762606419","23477/2026-01-04/1762606419.json"
"581514","221282","2026-01-04","42.00","NZD","1762606419","23477/2026-01-04/1762606419.json"
"512557","146154","2026-01-04","45.00","NZD","1762606419","23477/2026-01-04/1762606419.json"
"365170","146153","2026-01-04","48.00","NZD","1762606419","23477/2026-01-04/1762606419.json"
"510807","146155","2026-01-04","52.00","NZD","1762606419","23477/2026-01-04/1762606419.json"
"581513","221281","2026-01-07","36.00","NZD","1762606419","23477/2026-01-07/1762606419.json"
"581514","221282","2026-01-07","36.00","NZD","1762606419","23477/2026-01-07/1762606419.json"
"512557","146154","2026-01-07","45.00","NZD","1762606419","23477/2026-01-07/1762606419.json"
"365170","146153","2026-01-07","48.00","NZD","1762606419","23477/2026-01-07/1762606419.json"
"510807","146155","2026-01-07","52.00","NZD","1762606419","23477/2026-01-07/1762606419.json"
"581513","221281","2026-01-06","36.00","NZD","1762606419","23477/2026-01-06/1762606419.json"
"581514","221282","2026-01-06","36.00","NZD","1762606419","23477/2026-01-06/1762606419.json"
"512557","146154","2026-01-06","45.00","NZD","1762606419","23477/2026-01-06/1762606419.json"
"365170","146153","2026-01-06","48.00","NZD","1762606419","23477/2026-01-06/1762606419.json"
"510807","146155","2026-01-06","52.00","NZD","1762606419","23477/2026-01-06/1762606419.json"
"581513","221281","2025-11-11","36.00","NZD","1762620063","23477/2025-11-11/1762620063.json"
"581514","221282","2025-11-11","36.00","NZD","1762620063","23477/2025-11-11/1762620063.json"
"512557","146154","2025-11-11","45.00","NZD","1762620063","23477/2025-11-11/1762620063.json"
"365170","146153","2025-11-11","48.00","NZD","1762620063","23477/2025-11-11/1762620063.json"
"510807","146155","2025-11-11","52.00","NZD","1762620063","23477/2025-11-11/1762620063.json"
"581513","221281","2025-11-09","36.00","NZD","1762620063","23477/2025-11-09/1762620063.json"
"581514","221282","2025-11-09","36.00","NZD","1762620063","23477/2025-11-09/1762620063.json"
"512557","146154","2025-11-09","45.00","NZD","1762620063","23477/2025-11-09/1762620063.json"
"365170","146153","2025-11-09","48.00","NZD","1762620063","23477/2025-11-09/1762620063.json"
"510807","146155","2025-11-09","52.00","NZD","1762620063","23477/2025-11-09/1762620063.json"
"581513","221281","2025-11-10","36.00","NZD","1762620063","23477/2025-11-10/1762620063.json"
"581514","221282","2025-11-10","36.00","NZD","1762620063","23477/2025-11-10/1762620063.json"
"512557","146154","2025-11-10","45.00","NZD","1762620063","23477/2025-11-10/1762620063.json"
"365170","146153","2025-11-10","48.00","NZD","1762620063","23477/2025-11-10/1762620063.json"
"510807","146155","2025-11-10","52.00","NZD","1762620063","23477/2025-11-10/1762620063.json"
"581513","221281","2025-11-12","36.00","NZD","1762620063","23477/2025-11-12/1762620063.json"
"581514","221282","2025-11-12","36.00","NZD","1762620063","23477/2025-11-12/1762620063.json"
"512557","146154","2025-11-12","45.00","NZD","1762620063","23477/2025-11-12/1762620063.json"
"365170","146153","2025-11-12","48.00","NZD","1762620063","23477/2025-11-12/1762620063.json"
"510807","146155","2025-11-12","52.00","NZD","1762620063","23477/2025-11-12/1762620063.json"
"581513","221281","2025-11-13","36.00","NZD","1762620063","23477/2025-11-13/1762620063.json"
"581514","221282","2025-11-13","36.00","NZD","1762620063","23477/2025-11-13/1762620063.json"
"512557","146154","2025-11-13","45.00","NZD","1762620063","23477/2025-11-13/1762620063.json"
"365170","146153","2025-11-13","48.00","NZD","1762620063","23477/2025-11-13/1762620063.json"
"510807","146155","2025-11-13","52.00","NZD","1762620063","23477/2025-11-13/1762620063.json"
"581513","221281","2025-11-14","36.00","NZD","1762620063","23477/2025-11-14/1762620063.json"
"581514","221282","2025-11-14","36.00","NZD","1762620063","23477/2025-11-14/1762620063.json"
"512557","146154","2025-11-14","45.00","NZD","1762620063","23477/2025-11-14/1762620063.json"
"365170","146153","2025-11-14","48.00","NZD","1762620063","23477/2025-11-14/1762620063.json"
"510807","146155","2025-11-14","52.00","NZD","1762620063","23477/2025-11-14/1762620063.json"
"581513","221281","2025-11-15","36.00","NZD","1762620063","23477/2025-11-15/1762620063.json"
"581514","221282","2025-11-15","36.00","NZD","1762620063","23477/2025-11-15/1762620063.json"
"512557","146154","2025-11-15","45.00","NZD","1762620063","23477/2025-11-15/1762620063.json"
"365170","146153","2025-11-15","48.00","NZD","1762620063","23477/2025-11-15/1762620063.json"
"510807","146155","2025-11-15","52.00","NZD","1762620063","23477/2025-11-15/1762620063.json"
"581513","221281","2025-11-16","36.00","NZD","1762620063","23477/2025-11-16/1762620063.json"
"581514","221282","2025-11-16","36.00","NZD","1762620063","23477/2025-11-16/1762620063.json"
"512557","146154","2025-11-16","45.00","NZD","1762620063","23477/2025-11-16/1762620063.json"
"365170","146153","2025-11-16","48.00","NZD","1762620063","23477/2025-11-16/1762620063.json"
"510807","146155","2025-11-16","52.00","NZD","1762620063","23477/2025-11-16/1762620063.json"
"581513","221281","2025-11-19","36.00","NZD","1762620063","23477/2025-11-19/1762620063.json"
"581514","221282","2025-11-19","36.00","NZD","1762620063","23477/2025-11-19/1762620063.json"
"512557","146154","2025-11-19","45.00","NZD","1762620063","23477/2025-11-19/1762620063.json"
"365170","146153","2025-11-19","48.00","NZD","1762620063","23477/2025-11-19/1762620063.json"
"510807","146155","2025-11-19","52.00","NZD","1762620063","23477/2025-11-19/1762620063.json"
"581513","221281","2025-11-18","36.00","NZD","1762620063","23477/2025-11-18/1762620063.json"
"581514","221282","2025-11-18","36.00","NZD","1762620063","23477/2025-11-18/1762620063.json"
"512557","146154","2025-11-18","45.00","NZD","1762620063","23477/2025-11-18/1762620063.json"
"365170","146153","2025-11-18","48.00","NZD","1762620063","23477/2025-11-18/1762620063.json"
"510807","146155","2025-11-18","52.00","NZD","1762620063","23477/2025-11-18/1762620063.json"
"581513","221281","2025-11-17","36.00","NZD","1762620063","23477/2025-11-17/1762620063.json"
"581514","221282","2025-11-17","36.00","NZD","1762620063","23477/2025-11-17/1762620063.json"
"512557","146154","2025-11-17","45.00","NZD","1762620063","23477/2025-11-17/1762620063.json"
"365170","146153","2025-11-17","48.00","NZD","1762620063","23477/2025-11-17/1762620063.json"
"510807","146155","2025-11-17","52.00","NZD","1762620063","23477/2025-11-17/1762620063.json"
"581513","221281","2025-11-20","36.00","NZD","1762620063","23477/2025-11-20/1762620063.json"
"581514","221282","2025-11-20","36.00","NZD","1762620063","23477/2025-11-20/1762620063.json"
"512557","146154","2025-11-20","45.00","NZD","1762620063","23477/2025-11-20/1762620063.json"
"581513","221281","2025-11-21","36.00","NZD","1762620063","23477/2025-11-21/1762620063.json"
"581514","221282","2025-11-21","36.00","NZD","1762620063","23477/2025-11-21/1762620063.json"
"512557","146154","2025-11-21","45.00","NZD","1762620063","23477/2025-11-21/1762620063.json"
"365170","146153","2025-11-21","48.00","NZD","1762620063","23477/2025-11-21/1762620063.json"
"510807","146155","2025-11-21","52.00","NZD","1762620063","23477/2025-11-21/1762620063.json"
"581513","221281","2025-11-22","36.00","NZD","1762620063","23477/2025-11-22/1762620063.json"
"581514","221282","2025-11-22","36.00","NZD","1762620063","23477/2025-11-22/1762620063.json"
"512557","146154","2025-11-22","45.00","NZD","1762620063","23477/2025-11-22/1762620063.json"
"365170","146153","2025-11-22","48.00","NZD","1762620063","23477/2025-11-22/1762620063.json"
"510807","146155","2025-11-22","52.00","NZD","1762620063","23477/2025-11-22/1762620063.json"
"581513","221281","2025-11-23","36.00","NZD","1762620063","23477/2025-11-23/1762620063.json"
"581514","221282","2025-11-23","36.00","NZD","1762620063","23477/2025-11-23/1762620063.json"
"512557","146154","2025-11-23","45.00","NZD","1762620063","23477/2025-11-23/1762620063.json"
"365170","146153","2025-11-23","48.00","NZD","1762620063","23477/2025-11-23/1762620063.json"
"510807","146155","2025-11-23","52.00","NZD","1762620063","23477/2025-11-23/1762620063.json"
"581513","221281","2025-11-24","36.00","NZD","1762620063","23477/2025-11-24/1762620063.json"
"581514","221282","2025-11-24","36.00","NZD","1762620063","23477/2025-11-24/1762620063.json"
"512557","146154","2025-11-24","45.00","NZD","1762620063","23477/2025-11-24/1762620063.json"
"365170","146153","2025-11-24","48.00","NZD","1762620063","23477/2025-11-24/1762620063.json"
"510807","146155","2025-11-24","52.00","NZD","1762620063","23477/2025-11-24/1762620063.json"
"581513","221281","2025-11-25","36.00","NZD","1762620063","23477/2025-11-25/1762620063.json"
"581514","221282","2025-11-25","36.00","NZD","1762620063","23477/2025-11-25/1762620063.json"
"512557","146154","2025-11-25","45.00","NZD","1762620063","23477/2025-11-25/1762620063.json"
"365170","146153","2025-11-25","48.00","NZD","1762620063","23477/2025-11-25/1762620063.json"
"510807","146155","2025-11-25","52.00","NZD","1762620063","23477/2025-11-25/1762620063.json"
"581513","221281","2025-11-26","36.00","NZD","1762620063","23477/2025-11-26/1762620063.json"
"581514","221282","2025-11-26","36.00","NZD","1762620063","23477/2025-11-26/1762620063.json"
"512557","146154","2025-11-26","45.00","NZD","1762620063","23477/2025-11-26/1762620063.json"
"365170","146153","2025-11-26","48.00","NZD","1762620063","23477/2025-11-26/1762620063.json"
"510807","146155","2025-11-26","52.00","NZD","1762620063","23477/2025-11-26/1762620063.json"
"581513","221281","2025-11-27","36.00","NZD","1762620063","23477/2025-11-27/1762620063.json"
"581514","221282","2025-11-27","36.00","NZD","1762620063","23477/2025-11-27/1762620063.json"
"512557","146154","2025-11-27","45.00","NZD","1762620063","23477/2025-11-27/1762620063.json"
"365170","146153","2025-11-27","48.00","NZD","1762620063","23477/2025-11-27/1762620063.json"
"510807","146155","2025-11-27","52.00","NZD","1762620063","23477/2025-11-27/1762620063.json"
"581513","221281","2025-11-28","36.00","NZD","1762620063","23477/2025-11-28/1762620063.json"
"581514","221282","2025-11-28","36.00","NZD","1762620063","23477/2025-11-28/1762620063.json"
"512557","146154","2025-11-28","45.00","NZD","1762620063","23477/2025-11-28/1762620063.json"
"365170","146153","2025-11-28","48.00","NZD","1762620063","23477/2025-11-28/1762620063.json"
"510807","146155","2025-11-28","52.00","NZD","1762620063","23477/2025-11-28/1762620063.json"
"581513","221281","2025-11-29","36.00","NZD","1762620063","23477/2025-11-29/1762620063.json"
"581514","221282","2025-11-29","36.00","NZD","1762620063","23477/2025-11-29/1762620063.json"
"512557","146154","2025-11-29","45.00","NZD","1762620063","23477/2025-11-29/1762620063.json"
"365170","146153","2025-11-29","48.00","NZD","1762620063","23477/2025-11-29/1762620063.json"
"510807","146155","2025-11-29","52.00","NZD","1762620063","23477/2025-11-29/1762620063.json"
"581513","221281","2025-11-30","36.00","NZD","1762620063","23477/2025-11-30/1762620063.json"
"581514","221282","2025-11-30","36.00","NZD","1762620063","23477/2025-11-30/1762620063.json"
"512557","146154","2025-11-30","45.00","NZD","1762620063","23477/2025-11-30/1762620063.json"
"365170","146153","2025-11-30","48.00","NZD","1762620063","23477/2025-11-30/1762620063.json"
"510807","146155","2025-11-30","52.00","NZD","1762620063","23477/2025-11-30/1762620063.json"
"581513","221281","2025-12-01","36.00","NZD","1762620063","23477/2025-12-01/1762620063.json"
"581514","221282","2025-12-01","36.00","NZD","1762620063","23477/2025-12-01/1762620063.json"
"512557","146154","2025-12-01","45.00","NZD","1762620063","23477/2025-12-01/1762620063.json"
"365170","146153","2025-12-01","48.00","NZD","1762620063","23477/2025-12-01/1762620063.json"
"510807","146155","2025-12-01","52.00","NZD","1762620063","23477/2025-12-01/1762620063.json"
"581513","221281","2025-12-02","36.00","NZD","1762620063","23477/2025-12-02/1762620063.json"
"581514","221282","2025-12-02","36.00","NZD","1762620063","23477/2025-12-02/1762620063.json"
"512557","146154","2025-12-02","45.00","NZD","1762620063","23477/2025-12-02/1762620063.json"
"365170","146153","2025-12-02","48.00","NZD","1762620063","23477/2025-12-02/1762620063.json"
"510807","146155","2025-12-02","52.00","NZD","1762620063","23477/2025-12-02/1762620063.json"
"581513","221281","2025-12-03","36.00","NZD","1762620063","23477/2025-12-03/1762620063.json"
"581514","221282","2025-12-03","36.00","NZD","1762620063","23477/2025-12-03/1762620063.json"
"512557","146154","2025-12-03","45.00","NZD","1762620063","23477/2025-12-03/1762620063.json"
"365170","146153","2025-12-03","48.00","NZD","1762620063","23477/2025-12-03/1762620063.json"
"510807","146155","2025-12-03","52.00","NZD","1762620063","23477/2025-12-03/1762620063.json"
"581513","221281","2025-12-04","36.00","NZD","1762620063","23477/2025-12-04/1762620063.json"
"581514","221282","2025-12-04","36.00","NZD","1762620063","23477/2025-12-04/1762620063.json"
"512557","146154","2025-12-04","45.00","NZD","1762620063","23477/2025-12-04/1762620063.json"
"365170","146153","2025-12-04","48.00","NZD","1762620063","23477/2025-12-04/1762620063.json"
"510807","146155","2025-12-04","52.00","NZD","1762620063","23477/2025-12-04/1762620063.json"
"581513","221281","2025-12-05","36.00","NZD","1762620063","23477/2025-12-05/1762620063.json"
"581514","221282","2025-12-05","36.00","NZD","1762620063","23477/2025-12-05/1762620063.json"
"512557","146154","2025-12-05","45.00","NZD","1762620063","23477/2025-12-05/1762620063.json"
"365170","146153","2025-12-05","48.00","NZD","1762620063","23477/2025-12-05/1762620063.json"
"510807","146155","2025-12-05","52.00","NZD","1762620063","23477/2025-12-05/1762620063.json"
"581513","221281","2025-12-06","36.00","NZD","1762620063","23477/2025-12-06/1762620063.json"
"581514","221282","2025-12-06","36.00","NZD","1762620063","23477/2025-12-06/1762620063.json"
"512557","146154","2025-12-06","45.00","NZD","1762620063","23477/2025-12-06/1762620063.json"
"365170","146153","2025-12-06","48.00","NZD","1762620063","23477/2025-12-06/1762620063.json"
"510807","146155","2025-12-06","52.00","NZD","1762620063","23477/2025-12-06/1762620063.json"
"581513","221281","2025-12-07","36.00","NZD","1762620063","23477/2025-12-07/1762620063.json"
"581514","221282","2025-12-07","36.00","NZD","1762620063","23477/2025-12-07/1762620063.json"
"512557","146154","2025-12-07","45.00","NZD","1762620063","23477/2025-12-07/1762620063.json"
"365170","146153","2025-12-07","48.00","NZD","1762620063","23477/2025-12-07/1762620063.json"
"510807","146155","2025-12-07","52.00","NZD","1762620063","23477/2025-12-07/1762620063.json"
"581513","221281","2025-12-08","36.00","NZD","1762620063","23477/2025-12-08/1762620063.json"
"581514","221282","2025-12-08","36.00","NZD","1762620063","23477/2025-12-08/1762620063.json"
"512557","146154","2025-12-08","45.00","NZD","1762620063","23477/2025-12-08/1762620063.json"
"365170","146153","2025-12-08","48.00","NZD","1762620063","23477/2025-12-08/1762620063.json"
"510807","146155","2025-12-08","52.00","NZD","1762620063","23477/2025-12-08/1762620063.json"
"581513","221281","2025-12-09","36.00","NZD","1762620063","23477/2025-12-09/1762620063.json"
"581514","221282","2025-12-09","36.00","NZD","1762620063","23477/2025-12-09/1762620063.json"
"512557","146154","2025-12-09","45.00","NZD","1762620063","23477/2025-12-09/1762620063.json"
"365170","146153","2025-12-09","48.00","NZD","1762620063","23477/2025-12-09/1762620063.json"
"510807","146155","2025-12-09","52.00","NZD","1762620063","23477/2025-12-09/1762620063.json"
"581513","221281","2025-12-11","36.00","NZD","1762620063","23477/2025-12-11/1762620063.json"
"581514","221282","2025-12-11","36.00","NZD","1762620063","23477/2025-12-11/1762620063.json"
"512557","146154","2025-12-11","45.00","NZD","1762620063","23477/2025-12-11/1762620063.json"
"365170","146153","2025-12-11","48.00","NZD","1762620063","23477/2025-12-11/1762620063.json"
"510807","146155","2025-12-11","52.00","NZD","1762620063","23477/2025-12-11/1762620063.json"
"581513","221281","2025-12-12","36.00","NZD","1762620063","23477/2025-12-12/1762620063.json"
"581514","221282","2025-12-12","36.00","NZD","1762620063","23477/2025-12-12/1762620063.json"
"512557","146154","2025-12-12","45.00","NZD","1762620063","23477/2025-12-12/1762620063.json"
"365170","146153","2025-12-12","48.00","NZD","1762620063","23477/2025-12-12/1762620063.json"
"510807","146155","2025-12-12","52.00","NZD","1762620063","23477/2025-12-12/1762620063.json"
"581513","221281","2025-12-10","36.00","NZD","1762620063","23477/2025-12-10/1762620063.json"
"581514","221282","2025-12-10","36.00","NZD","1762620063","23477/2025-12-10/1762620063.json"
"512557","146154","2025-12-10","45.00","NZD","1762620063","23477/2025-12-10/1762620063.json"
"365170","146153","2025-12-10","48.00","NZD","1762620063","23477/2025-12-10/1762620063.json"
"510807","146155","2025-12-10","52.00","NZD","1762620063","23477/2025-12-10/1762620063.json"
"581513","221281","2025-12-13","36.00","NZD","1762620063","23477/2025-12-13/1762620063.json"
"581514","221282","2025-12-13","36.00","NZD","1762620063","23477/2025-12-13/1762620063.json"
"512557","146154","2025-12-13","45.00","NZD","1762620063","23477/2025-12-13/1762620063.json"
"365170","146153","2025-12-13","48.00","NZD","1762620063","23477/2025-12-13/1762620063.json"
"510807","146155","2025-12-13","52.00","NZD","1762620063","23477/2025-12-13/1762620063.json"
"581513","221281","2025-12-14","36.00","NZD","1762620063","23477/2025-12-14/1762620063.json"
"581514","221282","2025-12-14","36.00","NZD","1762620063","23477/2025-12-14/1762620063.json"
"512557","146154","2025-12-14","45.00","NZD","1762620063","23477/2025-12-14/1762620063.json"
"365170","146153","2025-12-14","48.00","NZD","1762620063","23477/2025-12-14/1762620063.json"
"510807","146155","2025-12-14","52.00","NZD","1762620063","23477/2025-12-14/1762620063.json"
"581513","221281","2025-12-16","36.00","NZD","1762620063","23477/2025-12-16/1762620063.json"
"581514","221282","2025-12-16","36.00","NZD","1762620063","23477/2025-12-16/1762620063.json"
"512557","146154","2025-12-16","45.00","NZD","1762620063","23477/2025-12-16/1762620063.json"
"365170","146153","2025-12-16","48.00","NZD","1762620063","23477/2025-12-16/1762620063.json"
"510807","146155","2025-12-16","52.00","NZD","1762620063","23477/2025-12-16/1762620063.json"
"581513","221281","2025-12-17","36.00","NZD","1762620063","23477/2025-12-17/1762620063.json"
"581514","221282","2025-12-17","36.00","NZD","1762620063","23477/2025-12-17/1762620063.json"
"512557","146154","2025-12-17","45.00","NZD","1762620063","23477/2025-12-17/1762620063.json"
"365170","146153","2025-12-17","48.00","NZD","1762620063","23477/2025-12-17/1762620063.json"
"510807","146155","2025-12-17","52.00","NZD","1762620063","23477/2025-12-17/1762620063.json"
"581513","221281","2025-12-15","36.00","NZD","1762620063","23477/2025-12-15/1762620063.json"
"581514","221282","2025-12-15","36.00","NZD","1762620063","23477/2025-12-15/1762620063.json"
"512557","146154","2025-12-15","45.00","NZD","1762620063","23477/2025-12-15/1762620063.json"
"365170","146153","2025-12-15","48.00","NZD","1762620063","23477/2025-12-15/1762620063.json"
"510807","146155","2025-12-15","52.00","NZD","1762620063","23477/2025-12-15/1762620063.json"
"581513","221281","2025-12-18","36.00","NZD","1762620063","23477/2025-12-18/1762620063.json"
"581514","221282","2025-12-18","36.00","NZD","1762620063","23477/2025-12-18/1762620063.json"
"512557","146154","2025-12-18","45.00","NZD","1762620063","23477/2025-12-18/1762620063.json"
"365170","146153","2025-12-18","48.00","NZD","1762620063","23477/2025-12-18/1762620063.json"
"510807","146155","2025-12-18","52.00","NZD","1762620063","23477/2025-12-18/1762620063.json"
"581513","221281","2025-12-19","36.00","NZD","1762620063","23477/2025-12-19/1762620063.json"
"581514","221282","2025-12-19","36.00","NZD","1762620063","23477/2025-12-19/1762620063.json"
"512557","146154","2025-12-19","45.00","NZD","1762620063","23477/2025-12-19/1762620063.json"
"365170","146153","2025-12-19","48.00","NZD","1762620063","23477/2025-12-19/1762620063.json"
"510807","146155","2025-12-19","52.00","NZD","1762620063","23477/2025-12-19/1762620063.json"
"581513","221281","2025-12-21","36.00","NZD","1762620063","23477/2025-12-21/1762620063.json"
"581514","221282","2025-12-21","36.00","NZD","1762620063","23477/2025-12-21/1762620063.json"
"512557","146154","2025-12-21","45.00","NZD","1762620063","23477/2025-12-21/1762620063.json"
"365170","146153","2025-12-21","48.00","NZD","1762620063","23477/2025-12-21/1762620063.json"
"510807","146155","2025-12-21","52.00","NZD","1762620063","23477/2025-12-21/1762620063.json"
"581513","221281","2025-12-20","36.00","NZD","1762620063","23477/2025-12-20/1762620063.json"
"581514","221282","2025-12-20","36.00","NZD","1762620063","23477/2025-12-20/1762620063.json"
"512557","146154","2025-12-20","45.00","NZD","1762620063","23477/2025-12-20/1762620063.json"
"365170","146153","2025-12-20","48.00","NZD","1762620063","23477/2025-12-20/1762620063.json"
"510807","146155","2025-12-20","52.00","NZD","1762620063","23477/2025-12-20/1762620063.json"
"581513","221281","2025-12-23","38.00","NZD","1762620063","23477/2025-12-23/1762620063.json"
"581514","221282","2025-12-23","38.00","NZD","1762620063","23477/2025-12-23/1762620063.json"
"512557","146154","2025-12-23","45.00","NZD","1762620063","23477/2025-12-23/1762620063.json"
"365170","146153","2025-12-23","48.00","NZD","1762620063","23477/2025-12-23/1762620063.json"
"510807","146155","2025-12-23","52.00","NZD","1762620063","23477/2025-12-23/1762620063.json"
"581513","221281","2025-12-22","36.00","NZD","1762620063","23477/2025-12-22/1762620063.json"
"581514","221282","2025-12-22","36.00","NZD","1762620063","23477/2025-12-22/1762620063.json"
"512557","146154","2025-12-22","45.00","NZD","1762620063","23477/2025-12-22/1762620063.json"
"365170","146153","2025-12-22","48.00","NZD","1762620063","23477/2025-12-22/1762620063.json"
"510807","146155","2025-12-22","52.00","NZD","1762620063","23477/2025-12-22/1762620063.json"
"581513","221281","2025-12-24","38.00","NZD","1762620063","23477/2025-12-24/1762620063.json"
"581514","221282","2025-12-24","38.00","NZD","1762620063","23477/2025-12-24/1762620063.json"
"512557","146154","2025-12-24","45.00","NZD","1762620063","23477/2025-12-24/1762620063.json"
"365170","146153","2025-12-24","48.00","NZD","1762620063","23477/2025-12-24/1762620063.json"
"510807","146155","2025-12-24","52.00","NZD","1762620063","23477/2025-12-24/1762620063.json"
"581513","221281","2025-12-25","38.00","NZD","1762620063","23477/2025-12-25/1762620063.json"
"581514","221282","2025-12-25","38.00","NZD","1762620063","23477/2025-12-25/1762620063.json"
"512557","146154","2025-12-25","45.00","NZD","1762620063","23477/2025-12-25/1762620063.json"
"365170","146153","2025-12-25","48.00","NZD","1762620063","23477/2025-12-25/1762620063.json"
"510807","146155","2025-12-25","52.00","NZD","1762620063","23477/2025-12-25/1762620063.json"
"581513","221281","2025-12-26","42.00","NZD","1762620063","23477/2025-12-26/1762620063.json"
"581514","221282","2025-12-26","42.00","NZD","1762620063","23477/2025-12-26/1762620063.json"
"512557","146154","2025-12-26","45.00","NZD","1762620063","23477/2025-12-26/1762620063.json"
"365170","146153","2025-12-26","48.00","NZD","1762620063","23477/2025-12-26/1762620063.json"
"510807","146155","2025-12-26","52.00","NZD","1762620063","23477/2025-12-26/1762620063.json"
"581513","221281","2025-12-27","42.00","NZD","1762620063","23477/2025-12-27/1762620063.json"
"581514","221282","2025-12-27","42.00","NZD","1762620063","23477/2025-12-27/1762620063.json"
"512557","146154","2025-12-27","45.00","NZD","1762620063","23477/2025-12-27/1762620063.json"
"365170","146153","2025-12-27","48.00","NZD","1762620063","23477/2025-12-27/1762620063.json"
"510807","146155","2025-12-27","52.00","NZD","1762620063","23477/2025-12-27/1762620063.json"
"581513","221281","2025-12-28","42.00","NZD","1762620063","23477/2025-12-28/1762620063.json"
"581514","221282","2025-12-28","42.00","NZD","1762620063","23477/2025-12-28/1762620063.json"
"512557","146154","2025-12-28","45.00","NZD","1762620063","23477/2025-12-28/1762620063.json"
"365170","146153","2025-12-28","48.00","NZD","1762620063","23477/2025-12-28/1762620063.json"
"510807","146155","2025-12-28","52.00","NZD","1762620063","23477/2025-12-28/1762620063.json"
"581513","221281","2025-12-29","42.00","NZD","1762620063","23477/2025-12-29/1762620063.json"
"581514","221282","2025-12-29","42.00","NZD","1762620063","23477/2025-12-29/1762620063.json"
"512557","146154","2025-12-29","45.00","NZD","1762620063","23477/2025-12-29/1762620063.json"
"365170","146153","2025-12-29","48.00","NZD","1762620063","23477/2025-12-29/1762620063.json"
"510807","146155","2025-12-29","52.00","NZD","1762620063","23477/2025-12-29/1762620063.json"
"581513","221281","2025-12-30","42.00","NZD","1762620063","23477/2025-12-30/1762620063.json"
"581514","221282","2025-12-30","42.00","NZD","1762620063","23477/2025-12-30/1762620063.json"
"512557","146154","2025-12-30","45.00","NZD","1762620063","23477/2025-12-30/1762620063.json"
"365170","146153","2025-12-30","48.00","NZD","1762620063","23477/2025-12-30/1762620063.json"
"510807","146155","2025-12-30","52.00","NZD","1762620063","23477/2025-12-30/1762620063.json"
"581513","221281","2026-01-01","42.00","NZD","1762620063","23477/2026-01-01/1762620063.json"
"581514","221282","2026-01-01","42.00","NZD","1762620063","23477/2026-01-01/1762620063.json"
"512557","146154","2026-01-01","45.00","NZD","1762620063","23477/2026-01-01/1762620063.json"
"365170","146153","2026-01-01","48.00","NZD","1762620063","23477/2026-01-01/1762620063.json"
"510807","146155","2026-01-01","52.00","NZD","1762620063","23477/2026-01-01/1762620063.json"
"581513","221281","2025-12-31","42.00","NZD","1762620063","23477/2025-12-31/1762620063.json"
"581514","221282","2025-12-31","42.00","NZD","1762620063","23477/2025-12-31/1762620063.json"
"512557","146154","2025-12-31","45.00","NZD","1762620063","23477/2025-12-31/1762620063.json"
"365170","146153","2025-12-31","48.00","NZD","1762620063","23477/2025-12-31/1762620063.json"
"510807","146155","2025-12-31","52.00","NZD","1762620063","23477/2025-12-31/1762620063.json"
"581513","221281","2026-01-02","42.00","NZD","1762620063","23477/2026-01-02/1762620063.json"
"581514","221282","2026-01-02","42.00","NZD","1762620063","23477/2026-01-02/1762620063.json"
"512557","146154","2026-01-02","45.00","NZD","1762620063","23477/2026-01-02/1762620063.json"
"365170","146153","2026-01-02","48.00","NZD","1762620063","23477/2026-01-02/1762620063.json"
"510807","146155","2026-01-02","52.00","NZD","1762620063","23477/2026-01-02/1762620063.json"
"581513","221281","2026-01-03","42.00","NZD","1762620063","23477/2026-01-03/1762620063.json"
"581514","221282","2026-01-03","42.00","NZD","1762620063","23477/2026-01-03/1762620063.json"
"512557","146154","2026-01-03","45.00","NZD","1762620063","23477/2026-01-03/1762620063.json"
"365170","146153","2026-01-03","48.00","NZD","1762620063","23477/2026-01-03/1762620063.json"
"510807","146155","2026-01-03","52.00","NZD","1762620063","23477/2026-01-03/1762620063.json"
"581513","221281","2026-01-05","36.00","NZD","1762620063","23477/2026-01-05/1762620063.json"
"581514","221282","2026-01-05","36.00","NZD","1762620063","23477/2026-01-05/1762620063.json"
"512557","146154","2026-01-05","45.00","NZD","1762620063","23477/2026-01-05/1762620063.json"
"365170","146153","2026-01-05","48.00","NZD","1762620063","23477/2026-01-05/1762620063.json"
"510807","146155","2026-01-05","52.00","NZD","1762620063","23477/2026-01-05/1762620063.json"
"581513","221281","2026-01-04","42.00","NZD","1762620063","23477/2026-01-04/1762620063.json"
"581514","221282","2026-01-04","42.00","NZD","1762620063","23477/2026-01-04/1762620063.json"
"512557","146154","2026-01-04","45.00","NZD","1762620063","23477/2026-01-04/1762620063.json"
"365170","146153","2026-01-04","48.00","NZD","1762620063","23477/2026-01-04/1762620063.json"
"510807","146155","2026-01-04","52.00","NZD","1762620063","23477/2026-01-04/1762620063.json"
"581513","221281","2026-01-06","36.00","NZD","1762620063","23477/2026-01-06/1762620063.json"
"581514","221282","2026-01-06","36.00","NZD","1762620063","23477/2026-01-06/1762620063.json"
"512557","146154","2026-01-06","45.00","NZD","1762620063","23477/2026-01-06/1762620063.json"
"365170","146153","2026-01-06","48.00","NZD","1762620063","23477/2026-01-06/1762620063.json"
"510807","146155","2026-01-06","52.00","NZD","1762620063","23477/2026-01-06/1762620063.json"
"581513","221281","2026-01-07","36.00","NZD","1762620063","23477/2026-01-07/1762620063.json"
"581514","221282","2026-01-07","36.00","NZD","1762620063","23477/2026-01-07/1762620063.json"
"512557","146154","2026-01-07","45.00","NZD","1762620063","23477/2026-01-07/1762620063.json"
"365170","146153","2026-01-07","48.00","NZD","1762620063","23477/2026-01-07/1762620063.json"
"510807","146155","2026-01-07","52.00","NZD","1762620063","23477/2026-01-07/1762620063.json"
"581513","221281","2025-11-11","36.00","NZD","1762634086","23477/2025-11-11/1762634086.json"
"581514","221282","2025-11-11","36.00","NZD","1762634086","23477/2025-11-11/1762634086.json"
"512557","146154","2025-11-11","45.00","NZD","1762634086","23477/2025-11-11/1762634086.json"
"365170","146153","2025-11-11","48.00","NZD","1762634086","23477/2025-11-11/1762634086.json"
"510807","146155","2025-11-11","52.00","NZD","1762634086","23477/2025-11-11/1762634086.json"
"581513","221281","2025-11-10","36.00","NZD","1762634086","23477/2025-11-10/1762634086.json"
"581514","221282","2025-11-10","36.00","NZD","1762634086","23477/2025-11-10/1762634086.json"
"512557","146154","2025-11-10","45.00","NZD","1762634086","23477/2025-11-10/1762634086.json"
"365170","146153","2025-11-10","48.00","NZD","1762634086","23477/2025-11-10/1762634086.json"
"510807","146155","2025-11-10","52.00","NZD","1762634086","23477/2025-11-10/1762634086.json"
"581513","221281","2025-11-12","36.00","NZD","1762634086","23477/2025-11-12/1762634086.json"
"581514","221282","2025-11-12","36.00","NZD","1762634086","23477/2025-11-12/1762634086.json"
"512557","146154","2025-11-12","45.00","NZD","1762634086","23477/2025-11-12/1762634086.json"
"365170","146153","2025-11-12","48.00","NZD","1762634086","23477/2025-11-12/1762634086.json"
"510807","146155","2025-11-12","52.00","NZD","1762634086","23477/2025-11-12/1762634086.json"
"581513","221281","2025-11-09","36.00","NZD","1762634086","23477/2025-11-09/1762634086.json"
"581514","221282","2025-11-09","36.00","NZD","1762634086","23477/2025-11-09/1762634086.json"
"512557","146154","2025-11-09","45.00","NZD","1762634086","23477/2025-11-09/1762634086.json"
"365170","146153","2025-11-09","48.00","NZD","1762634086","23477/2025-11-09/1762634086.json"
"510807","146155","2025-11-09","52.00","NZD","1762634086","23477/2025-11-09/1762634086.json"
"581513","221281","2025-11-13","36.00","NZD","1762634086","23477/2025-11-13/1762634086.json"
"581514","221282","2025-11-13","36.00","NZD","1762634086","23477/2025-11-13/1762634086.json"
"512557","146154","2025-11-13","45.00","NZD","1762634086","23477/2025-11-13/1762634086.json"
"365170","146153","2025-11-13","48.00","NZD","1762634086","23477/2025-11-13/1762634086.json"
"510807","146155","2025-11-13","52.00","NZD","1762634086","23477/2025-11-13/1762634086.json"
"581513","221281","2025-11-14","36.00","NZD","1762634086","23477/2025-11-14/1762634086.json"
"581514","221282","2025-11-14","36.00","NZD","1762634086","23477/2025-11-14/1762634086.json"
"512557","146154","2025-11-14","45.00","NZD","1762634086","23477/2025-11-14/1762634086.json"
"365170","146153","2025-11-14","48.00","NZD","1762634086","23477/2025-11-14/1762634086.json"
"510807","146155","2025-11-14","52.00","NZD","1762634086","23477/2025-11-14/1762634086.json"
"581513","221281","2025-11-15","36.00","NZD","1762634086","23477/2025-11-15/1762634086.json"
"581514","221282","2025-11-15","36.00","NZD","1762634086","23477/2025-11-15/1762634086.json"
"512557","146154","2025-11-15","45.00","NZD","1762634086","23477/2025-11-15/1762634086.json"
"365170","146153","2025-11-15","48.00","NZD","1762634086","23477/2025-11-15/1762634086.json"
"510807","146155","2025-11-15","52.00","NZD","1762634086","23477/2025-11-15/1762634086.json"
"581513","221281","2025-11-17","36.00","NZD","1762634086","23477/2025-11-17/1762634086.json"
"581514","221282","2025-11-17","36.00","NZD","1762634086","23477/2025-11-17/1762634086.json"
"512557","146154","2025-11-17","45.00","NZD","1762634086","23477/2025-11-17/1762634086.json"
"365170","146153","2025-11-17","48.00","NZD","1762634086","23477/2025-11-17/1762634086.json"
"510807","146155","2025-11-17","52.00","NZD","1762634086","23477/2025-11-17/1762634086.json"
"581513","221281","2025-11-16","36.00","NZD","1762634086","23477/2025-11-16/1762634086.json"
"581514","221282","2025-11-16","36.00","NZD","1762634086","23477/2025-11-16/1762634086.json"
"512557","146154","2025-11-16","45.00","NZD","1762634086","23477/2025-11-16/1762634086.json"
"365170","146153","2025-11-16","48.00","NZD","1762634086","23477/2025-11-16/1762634086.json"
"510807","146155","2025-11-16","52.00","NZD","1762634086","23477/2025-11-16/1762634086.json"
"581513","221281","2025-11-18","36.00","NZD","1762634086","23477/2025-11-18/1762634086.json"
"581514","221282","2025-11-18","36.00","NZD","1762634086","23477/2025-11-18/1762634086.json"
"512557","146154","2025-11-18","45.00","NZD","1762634086","23477/2025-11-18/1762634086.json"
"365170","146153","2025-11-18","48.00","NZD","1762634086","23477/2025-11-18/1762634086.json"
"510807","146155","2025-11-18","52.00","NZD","1762634086","23477/2025-11-18/1762634086.json"
"581513","221281","2025-11-19","36.00","NZD","1762634086","23477/2025-11-19/1762634086.json"
"581514","221282","2025-11-19","36.00","NZD","1762634086","23477/2025-11-19/1762634086.json"
"512557","146154","2025-11-19","45.00","NZD","1762634086","23477/2025-11-19/1762634086.json"
"365170","146153","2025-11-19","48.00","NZD","1762634086","23477/2025-11-19/1762634086.json"
"510807","146155","2025-11-19","52.00","NZD","1762634086","23477/2025-11-19/1762634086.json"
"581513","221281","2025-11-21","36.00","NZD","1762634086","23477/2025-11-21/1762634086.json"
"581514","221282","2025-11-21","36.00","NZD","1762634086","23477/2025-11-21/1762634086.json"
"512557","146154","2025-11-21","45.00","NZD","1762634086","23477/2025-11-21/1762634086.json"
"365170","146153","2025-11-21","48.00","NZD","1762634086","23477/2025-11-21/1762634086.json"
"510807","146155","2025-11-21","52.00","NZD","1762634086","23477/2025-11-21/1762634086.json"
"581513","221281","2025-11-22","36.00","NZD","1762634086","23477/2025-11-22/1762634086.json"
"581514","221282","2025-11-22","36.00","NZD","1762634086","23477/2025-11-22/1762634086.json"
"512557","146154","2025-11-22","45.00","NZD","1762634086","23477/2025-11-22/1762634086.json"
"365170","146153","2025-11-22","48.00","NZD","1762634086","23477/2025-11-22/1762634086.json"
"510807","146155","2025-11-22","52.00","NZD","1762634086","23477/2025-11-22/1762634086.json"
"581513","221281","2025-11-23","36.00","NZD","1762634086","23477/2025-11-23/1762634086.json"
"581514","221282","2025-11-23","36.00","NZD","1762634086","23477/2025-11-23/1762634086.json"
"512557","146154","2025-11-23","45.00","NZD","1762634086","23477/2025-11-23/1762634086.json"
"365170","146153","2025-11-23","48.00","NZD","1762634086","23477/2025-11-23/1762634086.json"
"510807","146155","2025-11-23","52.00","NZD","1762634086","23477/2025-11-23/1762634086.json"
"581513","221281","2025-11-20","36.00","NZD","1762634086","23477/2025-11-20/1762634086.json"
"581514","221282","2025-11-20","36.00","NZD","1762634086","23477/2025-11-20/1762634086.json"
"512557","146154","2025-11-20","45.00","NZD","1762634086","23477/2025-11-20/1762634086.json"
"581513","221281","2025-11-24","36.00","NZD","1762634086","23477/2025-11-24/1762634086.json"
"581514","221282","2025-11-24","36.00","NZD","1762634086","23477/2025-11-24/1762634086.json"
"512557","146154","2025-11-24","45.00","NZD","1762634086","23477/2025-11-24/1762634086.json"
"365170","146153","2025-11-24","48.00","NZD","1762634086","23477/2025-11-24/1762634086.json"
"510807","146155","2025-11-24","52.00","NZD","1762634086","23477/2025-11-24/1762634086.json"
"581513","221281","2025-11-26","36.00","NZD","1762634086","23477/2025-11-26/1762634086.json"
"581514","221282","2025-11-26","36.00","NZD","1762634086","23477/2025-11-26/1762634086.json"
"512557","146154","2025-11-26","45.00","NZD","1762634086","23477/2025-11-26/1762634086.json"
"365170","146153","2025-11-26","48.00","NZD","1762634086","23477/2025-11-26/1762634086.json"
"510807","146155","2025-11-26","52.00","NZD","1762634086","23477/2025-11-26/1762634086.json"
"581513","221281","2025-11-25","36.00","NZD","1762634086","23477/2025-11-25/1762634086.json"
"581514","221282","2025-11-25","36.00","NZD","1762634086","23477/2025-11-25/1762634086.json"
"512557","146154","2025-11-25","45.00","NZD","1762634086","23477/2025-11-25/1762634086.json"
"365170","146153","2025-11-25","48.00","NZD","1762634086","23477/2025-11-25/1762634086.json"
"510807","146155","2025-11-25","52.00","NZD","1762634086","23477/2025-11-25/1762634086.json"
"581513","221281","2025-11-27","36.00","NZD","1762634086","23477/2025-11-27/1762634086.json"
"581514","221282","2025-11-27","36.00","NZD","1762634086","23477/2025-11-27/1762634086.json"
"512557","146154","2025-11-27","45.00","NZD","1762634086","23477/2025-11-27/1762634086.json"
"365170","146153","2025-11-27","48.00","NZD","1762634086","23477/2025-11-27/1762634086.json"
"510807","146155","2025-11-27","52.00","NZD","1762634086","23477/2025-11-27/1762634086.json"
"581513","221281","2025-11-29","36.00","NZD","1762634086","23477/2025-11-29/1762634086.json"
"581514","221282","2025-11-29","36.00","NZD","1762634086","23477/2025-11-29/1762634086.json"
"512557","146154","2025-11-29","45.00","NZD","1762634086","23477/2025-11-29/1762634086.json"
"365170","146153","2025-11-29","48.00","NZD","1762634086","23477/2025-11-29/1762634086.json"
"510807","146155","2025-11-29","52.00","NZD","1762634086","23477/2025-11-29/1762634086.json"
"581513","221281","2025-11-28","36.00","NZD","1762634086","23477/2025-11-28/1762634086.json"
"581514","221282","2025-11-28","36.00","NZD","1762634086","23477/2025-11-28/1762634086.json"
"512557","146154","2025-11-28","45.00","NZD","1762634086","23477/2025-11-28/1762634086.json"
"365170","146153","2025-11-28","48.00","NZD","1762634086","23477/2025-11-28/1762634086.json"
"510807","146155","2025-11-28","52.00","NZD","1762634086","23477/2025-11-28/1762634086.json"
"581513","221281","2025-11-30","36.00","NZD","1762634086","23477/2025-11-30/1762634086.json"
"581514","221282","2025-11-30","36.00","NZD","1762634086","23477/2025-11-30/1762634086.json"
"512557","146154","2025-11-30","45.00","NZD","1762634086","23477/2025-11-30/1762634086.json"
"365170","146153","2025-11-30","48.00","NZD","1762634086","23477/2025-11-30/1762634086.json"
"510807","146155","2025-11-30","52.00","NZD","1762634086","23477/2025-11-30/1762634086.json"
"581513","221281","2025-12-02","36.00","NZD","1762634086","23477/2025-12-02/1762634086.json"
"581514","221282","2025-12-02","36.00","NZD","1762634086","23477/2025-12-02/1762634086.json"
"512557","146154","2025-12-02","45.00","NZD","1762634086","23477/2025-12-02/1762634086.json"
"365170","146153","2025-12-02","48.00","NZD","1762634086","23477/2025-12-02/1762634086.json"
"510807","146155","2025-12-02","52.00","NZD","1762634086","23477/2025-12-02/1762634086.json"
"581513","221281","2025-12-01","36.00","NZD","1762634086","23477/2025-12-01/1762634086.json"
"581514","221282","2025-12-01","36.00","NZD","1762634086","23477/2025-12-01/1762634086.json"
"512557","146154","2025-12-01","45.00","NZD","1762634086","23477/2025-12-01/1762634086.json"
"365170","146153","2025-12-01","48.00","NZD","1762634086","23477/2025-12-01/1762634086.json"
"510807","146155","2025-12-01","52.00","NZD","1762634086","23477/2025-12-01/1762634086.json"
"581513","221281","2025-12-03","36.00","NZD","1762634086","23477/2025-12-03/1762634086.json"
"581514","221282","2025-12-03","36.00","NZD","1762634086","23477/2025-12-03/1762634086.json"
"512557","146154","2025-12-03","45.00","NZD","1762634086","23477/2025-12-03/1762634086.json"
"365170","146153","2025-12-03","48.00","NZD","1762634086","23477/2025-12-03/1762634086.json"
"510807","146155","2025-12-03","52.00","NZD","1762634086","23477/2025-12-03/1762634086.json"
"581513","221281","2025-12-05","36.00","NZD","1762634086","23477/2025-12-05/1762634086.json"
"581514","221282","2025-12-05","36.00","NZD","1762634086","23477/2025-12-05/1762634086.json"
"512557","146154","2025-12-05","45.00","NZD","1762634086","23477/2025-12-05/1762634086.json"
"365170","146153","2025-12-05","48.00","NZD","1762634086","23477/2025-12-05/1762634086.json"
"510807","146155","2025-12-05","52.00","NZD","1762634086","23477/2025-12-05/1762634086.json"
"581513","221281","2025-12-06","36.00","NZD","1762634086","23477/2025-12-06/1762634086.json"
"581514","221282","2025-12-06","36.00","NZD","1762634086","23477/2025-12-06/1762634086.json"
"512557","146154","2025-12-06","45.00","NZD","1762634086","23477/2025-12-06/1762634086.json"
"365170","146153","2025-12-06","48.00","NZD","1762634086","23477/2025-12-06/1762634086.json"
"510807","146155","2025-12-06","52.00","NZD","1762634086","23477/2025-12-06/1762634086.json"
"581513","221281","2025-12-07","36.00","NZD","1762634086","23477/2025-12-07/1762634086.json"
"581514","221282","2025-12-07","36.00","NZD","1762634086","23477/2025-12-07/1762634086.json"
"512557","146154","2025-12-07","45.00","NZD","1762634086","23477/2025-12-07/1762634086.json"
"365170","146153","2025-12-07","48.00","NZD","1762634086","23477/2025-12-07/1762634086.json"
"510807","146155","2025-12-07","52.00","NZD","1762634086","23477/2025-12-07/1762634086.json"
"581513","221281","2025-12-09","36.00","NZD","1762634086","23477/2025-12-09/1762634086.json"
"581514","221282","2025-12-09","36.00","NZD","1762634086","23477/2025-12-09/1762634086.json"
"512557","146154","2025-12-09","45.00","NZD","1762634086","23477/2025-12-09/1762634086.json"
"365170","146153","2025-12-09","48.00","NZD","1762634086","23477/2025-12-09/1762634086.json"
"510807","146155","2025-12-09","52.00","NZD","1762634086","23477/2025-12-09/1762634086.json"
"581513","221281","2025-12-08","36.00","NZD","1762634086","23477/2025-12-08/1762634086.json"
"581514","221282","2025-12-08","36.00","NZD","1762634086","23477/2025-12-08/1762634086.json"
"512557","146154","2025-12-08","45.00","NZD","1762634086","23477/2025-12-08/1762634086.json"
"365170","146153","2025-12-08","48.00","NZD","1762634086","23477/2025-12-08/1762634086.json"
"510807","146155","2025-12-08","52.00","NZD","1762634086","23477/2025-12-08/1762634086.json"
"581513","221281","2025-12-04","36.00","NZD","1762634086","23477/2025-12-04/1762634086.json"
"581514","221282","2025-12-04","36.00","NZD","1762634086","23477/2025-12-04/1762634086.json"
"512557","146154","2025-12-04","45.00","NZD","1762634086","23477/2025-12-04/1762634086.json"
"365170","146153","2025-12-04","48.00","NZD","1762634086","23477/2025-12-04/1762634086.json"
"510807","146155","2025-12-04","52.00","NZD","1762634086","23477/2025-12-04/1762634086.json"
"581513","221281","2025-12-10","36.00","NZD","1762634086","23477/2025-12-10/1762634086.json"
"581514","221282","2025-12-10","36.00","NZD","1762634086","23477/2025-12-10/1762634086.json"
"512557","146154","2025-12-10","45.00","NZD","1762634086","23477/2025-12-10/1762634086.json"
"365170","146153","2025-12-10","48.00","NZD","1762634086","23477/2025-12-10/1762634086.json"
"510807","146155","2025-12-10","52.00","NZD","1762634086","23477/2025-12-10/1762634086.json"
"581513","221281","2025-12-11","36.00","NZD","1762634086","23477/2025-12-11/1762634086.json"
"581514","221282","2025-12-11","36.00","NZD","1762634086","23477/2025-12-11/1762634086.json"
"512557","146154","2025-12-11","45.00","NZD","1762634086","23477/2025-12-11/1762634086.json"
"365170","146153","2025-12-11","48.00","NZD","1762634086","23477/2025-12-11/1762634086.json"
"510807","146155","2025-12-11","52.00","NZD","1762634086","23477/2025-12-11/1762634086.json"
"581513","221281","2025-12-12","36.00","NZD","1762634086","23477/2025-12-12/1762634086.json"
"581514","221282","2025-12-12","36.00","NZD","1762634086","23477/2025-12-12/1762634086.json"
"512557","146154","2025-12-12","45.00","NZD","1762634086","23477/2025-12-12/1762634086.json"
"365170","146153","2025-12-12","48.00","NZD","1762634086","23477/2025-12-12/1762634086.json"
"510807","146155","2025-12-12","52.00","NZD","1762634086","23477/2025-12-12/1762634086.json"
"581513","221281","2025-12-13","36.00","NZD","1762634086","23477/2025-12-13/1762634086.json"
"581514","221282","2025-12-13","36.00","NZD","1762634086","23477/2025-12-13/1762634086.json"
"512557","146154","2025-12-13","45.00","NZD","1762634086","23477/2025-12-13/1762634086.json"
"365170","146153","2025-12-13","48.00","NZD","1762634086","23477/2025-12-13/1762634086.json"
"510807","146155","2025-12-13","52.00","NZD","1762634086","23477/2025-12-13/1762634086.json"
"581513","221281","2025-12-14","36.00","NZD","1762634086","23477/2025-12-14/1762634086.json"
"581514","221282","2025-12-14","36.00","NZD","1762634086","23477/2025-12-14/1762634086.json"
"512557","146154","2025-12-14","45.00","NZD","1762634086","23477/2025-12-14/1762634086.json"
"365170","146153","2025-12-14","48.00","NZD","1762634086","23477/2025-12-14/1762634086.json"
"510807","146155","2025-12-14","52.00","NZD","1762634086","23477/2025-12-14/1762634086.json"
"581513","221281","2025-12-15","36.00","NZD","1762634086","23477/2025-12-15/1762634086.json"
"581514","221282","2025-12-15","36.00","NZD","1762634086","23477/2025-12-15/1762634086.json"
"512557","146154","2025-12-15","45.00","NZD","1762634086","23477/2025-12-15/1762634086.json"
"365170","146153","2025-12-15","48.00","NZD","1762634086","23477/2025-12-15/1762634086.json"
"510807","146155","2025-12-15","52.00","NZD","1762634086","23477/2025-12-15/1762634086.json"
"581513","221281","2025-12-17","36.00","NZD","1762634086","23477/2025-12-17/1762634086.json"
"581514","221282","2025-12-17","36.00","NZD","1762634086","23477/2025-12-17/1762634086.json"
"512557","146154","2025-12-17","45.00","NZD","1762634086","23477/2025-12-17/1762634086.json"
"365170","146153","2025-12-17","48.00","NZD","1762634086","23477/2025-12-17/1762634086.json"
"510807","146155","2025-12-17","52.00","NZD","1762634086","23477/2025-12-17/1762634086.json"
"581513","221281","2025-12-16","36.00","NZD","1762634086","23477/2025-12-16/1762634086.json"
"581514","221282","2025-12-16","36.00","NZD","1762634086","23477/2025-12-16/1762634086.json"
"512557","146154","2025-12-16","45.00","NZD","1762634086","23477/2025-12-16/1762634086.json"
"365170","146153","2025-12-16","48.00","NZD","1762634086","23477/2025-12-16/1762634086.json"
"510807","146155","2025-12-16","52.00","NZD","1762634086","23477/2025-12-16/1762634086.json"
"581513","221281","2025-12-18","36.00","NZD","1762634086","23477/2025-12-18/1762634086.json"
"581514","221282","2025-12-18","36.00","NZD","1762634086","23477/2025-12-18/1762634086.json"
"512557","146154","2025-12-18","45.00","NZD","1762634086","23477/2025-12-18/1762634086.json"
"365170","146153","2025-12-18","48.00","NZD","1762634086","23477/2025-12-18/1762634086.json"
"510807","146155","2025-12-18","52.00","NZD","1762634086","23477/2025-12-18/1762634086.json"
"581513","221281","2025-12-19","36.00","NZD","1762634086","23477/2025-12-19/1762634086.json"
"581514","221282","2025-12-19","36.00","NZD","1762634086","23477/2025-12-19/1762634086.json"
"512557","146154","2025-12-19","45.00","NZD","1762634086","23477/2025-12-19/1762634086.json"
"365170","146153","2025-12-19","48.00","NZD","1762634086","23477/2025-12-19/1762634086.json"
"510807","146155","2025-12-19","52.00","NZD","1762634086","23477/2025-12-19/1762634086.json"
"581513","221281","2025-12-21","36.00","NZD","1762634086","23477/2025-12-21/1762634086.json"
"581514","221282","2025-12-21","36.00","NZD","1762634086","23477/2025-12-21/1762634086.json"
"512557","146154","2025-12-21","45.00","NZD","1762634086","23477/2025-12-21/1762634086.json"
"365170","146153","2025-12-21","48.00","NZD","1762634086","23477/2025-12-21/1762634086.json"
"510807","146155","2025-12-21","52.00","NZD","1762634086","23477/2025-12-21/1762634086.json"
"581513","221281","2025-12-20","36.00","NZD","1762634086","23477/2025-12-20/1762634086.json"
"581514","221282","2025-12-20","36.00","NZD","1762634086","23477/2025-12-20/1762634086.json"
"512557","146154","2025-12-20","45.00","NZD","1762634086","23477/2025-12-20/1762634086.json"
"365170","146153","2025-12-20","48.00","NZD","1762634086","23477/2025-12-20/1762634086.json"
"510807","146155","2025-12-20","52.00","NZD","1762634086","23477/2025-12-20/1762634086.json"
"581513","221281","2025-12-22","36.00","NZD","1762634086","23477/2025-12-22/1762634086.json"
"581514","221282","2025-12-22","36.00","NZD","1762634086","23477/2025-12-22/1762634086.json"
"512557","146154","2025-12-22","45.00","NZD","1762634086","23477/2025-12-22/1762634086.json"
"365170","146153","2025-12-22","48.00","NZD","1762634086","23477/2025-12-22/1762634086.json"
"510807","146155","2025-12-22","52.00","NZD","1762634086","23477/2025-12-22/1762634086.json"
"581513","221281","2025-12-23","38.00","NZD","1762634086","23477/2025-12-23/1762634086.json"
"581514","221282","2025-12-23","38.00","NZD","1762634086","23477/2025-12-23/1762634086.json"
"512557","146154","2025-12-23","45.00","NZD","1762634086","23477/2025-12-23/1762634086.json"
"365170","146153","2025-12-23","48.00","NZD","1762634086","23477/2025-12-23/1762634086.json"
"510807","146155","2025-12-23","52.00","NZD","1762634086","23477/2025-12-23/1762634086.json"
"581513","221281","2025-12-24","38.00","NZD","1762634086","23477/2025-12-24/1762634086.json"
"581514","221282","2025-12-24","38.00","NZD","1762634086","23477/2025-12-24/1762634086.json"
"512557","146154","2025-12-24","45.00","NZD","1762634086","23477/2025-12-24/1762634086.json"
"365170","146153","2025-12-24","48.00","NZD","1762634086","23477/2025-12-24/1762634086.json"
"510807","146155","2025-12-24","52.00","NZD","1762634086","23477/2025-12-24/1762634086.json"
"581513","221281","2025-12-26","42.00","NZD","1762634086","23477/2025-12-26/1762634086.json"
"581514","221282","2025-12-26","42.00","NZD","1762634086","23477/2025-12-26/1762634086.json"
"512557","146154","2025-12-26","45.00","NZD","1762634086","23477/2025-12-26/1762634086.json"
"365170","146153","2025-12-26","48.00","NZD","1762634086","23477/2025-12-26/1762634086.json"
"510807","146155","2025-12-26","52.00","NZD","1762634086","23477/2025-12-26/1762634086.json"
"581513","221281","2025-12-25","38.00","NZD","1762634086","23477/2025-12-25/1762634086.json"
"581514","221282","2025-12-25","38.00","NZD","1762634086","23477/2025-12-25/1762634086.json"
"512557","146154","2025-12-25","45.00","NZD","1762634086","23477/2025-12-25/1762634086.json"
"365170","146153","2025-12-25","48.00","NZD","1762634086","23477/2025-12-25/1762634086.json"
"510807","146155","2025-12-25","52.00","NZD","1762634086","23477/2025-12-25/1762634086.json"
"581513","221281","2025-12-28","42.00","NZD","1762634086","23477/2025-12-28/1762634086.json"
"581514","221282","2025-12-28","42.00","NZD","1762634086","23477/2025-12-28/1762634086.json"
"512557","146154","2025-12-28","45.00","NZD","1762634086","23477/2025-12-28/1762634086.json"
"365170","146153","2025-12-28","48.00","NZD","1762634086","23477/2025-12-28/1762634086.json"
"510807","146155","2025-12-28","52.00","NZD","1762634086","23477/2025-12-28/1762634086.json"
"581513","221281","2025-12-27","42.00","NZD","1762634086","23477/2025-12-27/1762634086.json"
"581514","221282","2025-12-27","42.00","NZD","1762634086","23477/2025-12-27/1762634086.json"
"512557","146154","2025-12-27","45.00","NZD","1762634086","23477/2025-12-27/1762634086.json"
"365170","146153","2025-12-27","48.00","NZD","1762634086","23477/2025-12-27/1762634086.json"
"510807","146155","2025-12-27","52.00","NZD","1762634086","23477/2025-12-27/1762634086.json"
"581513","221281","2025-12-29","42.00","NZD","1762634086","23477/2025-12-29/1762634086.json"
"581514","221282","2025-12-29","42.00","NZD","1762634086","23477/2025-12-29/1762634086.json"
"512557","146154","2025-12-29","45.00","NZD","1762634086","23477/2025-12-29/1762634086.json"
"365170","146153","2025-12-29","48.00","NZD","1762634086","23477/2025-12-29/1762634086.json"
"510807","146155","2025-12-29","52.00","NZD","1762634086","23477/2025-12-29/1762634086.json"
"581513","221281","2025-12-30","42.00","NZD","1762634086","23477/2025-12-30/1762634086.json"
"581514","221282","2025-12-30","42.00","NZD","1762634086","23477/2025-12-30/1762634086.json"
"512557","146154","2025-12-30","45.00","NZD","1762634086","23477/2025-12-30/1762634086.json"
"365170","146153","2025-12-30","48.00","NZD","1762634086","23477/2025-12-30/1762634086.json"
"510807","146155","2025-12-30","52.00","NZD","1762634086","23477/2025-12-30/1762634086.json"
"581513","221281","2025-12-31","42.00","NZD","1762634086","23477/2025-12-31/1762634086.json"
"581514","221282","2025-12-31","42.00","NZD","1762634086","23477/2025-12-31/1762634086.json"
"512557","146154","2025-12-31","45.00","NZD","1762634086","23477/2025-12-31/1762634086.json"
"365170","146153","2025-12-31","48.00","NZD","1762634086","23477/2025-12-31/1762634086.json"
"510807","146155","2025-12-31","52.00","NZD","1762634086","23477/2025-12-31/1762634086.json"
"581513","221281","2026-01-02","42.00","NZD","1762634086","23477/2026-01-02/1762634086.json"
"581514","221282","2026-01-02","42.00","NZD","1762634086","23477/2026-01-02/1762634086.json"
"512557","146154","2026-01-02","45.00","NZD","1762634086","23477/2026-01-02/1762634086.json"
"365170","146153","2026-01-02","48.00","NZD","1762634086","23477/2026-01-02/1762634086.json"
"510807","146155","2026-01-02","52.00","NZD","1762634086","23477/2026-01-02/1762634086.json"
"581513","221281","2026-01-01","42.00","NZD","1762634086","23477/2026-01-01/1762634086.json"
"581514","221282","2026-01-01","42.00","NZD","1762634086","23477/2026-01-01/1762634086.json"
"512557","146154","2026-01-01","45.00","NZD","1762634086","23477/2026-01-01/1762634086.json"
"365170","146153","2026-01-01","48.00","NZD","1762634086","23477/2026-01-01/1762634086.json"
"510807","146155","2026-01-01","52.00","NZD","1762634086","23477/2026-01-01/1762634086.json"
"581513","221281","2026-01-03","42.00","NZD","1762634086","23477/2026-01-03/1762634086.json"
"581514","221282","2026-01-03","42.00","NZD","1762634086","23477/2026-01-03/1762634086.json"
"512557","146154","2026-01-03","45.00","NZD","1762634086","23477/2026-01-03/1762634086.json"
"365170","146153","2026-01-03","48.00","NZD","1762634086","23477/2026-01-03/1762634086.json"
"510807","146155","2026-01-03","52.00","NZD","1762634086","23477/2026-01-03/1762634086.json"
"581513","221281","2026-01-04","42.00","NZD","1762634086","23477/2026-01-04/1762634086.json"
"581514","221282","2026-01-04","42.00","NZD","1762634086","23477/2026-01-04/1762634086.json"
"512557","146154","2026-01-04","45.00","NZD","1762634086","23477/2026-01-04/1762634086.json"
"365170","146153","2026-01-04","48.00","NZD","1762634086","23477/2026-01-04/1762634086.json"
"510807","146155","2026-01-04","52.00","NZD","1762634086","23477/2026-01-04/1762634086.json"
"581513","221281","2026-01-05","36.00","NZD","1762634086","23477/2026-01-05/1762634086.json"
"581514","221282","2026-01-05","36.00","NZD","1762634086","23477/2026-01-05/1762634086.json"
"512557","146154","2026-01-05","45.00","NZD","1762634086","23477/2026-01-05/1762634086.json"
"365170","146153","2026-01-05","48.00","NZD","1762634086","23477/2026-01-05/1762634086.json"
"510807","146155","2026-01-05","52.00","NZD","1762634086","23477/2026-01-05/1762634086.json"
"581513","221281","2026-01-06","36.00","NZD","1762634086","23477/2026-01-06/1762634086.json"
"581514","221282","2026-01-06","36.00","NZD","1762634086","23477/2026-01-06/1762634086.json"
"512557","146154","2026-01-06","45.00","NZD","1762634086","23477/2026-01-06/1762634086.json"
"365170","146153","2026-01-06","48.00","NZD","1762634086","23477/2026-01-06/1762634086.json"
"510807","146155","2026-01-06","52.00","NZD","1762634086","23477/2026-01-06/1762634086.json"
"581513","221281","2026-01-07","36.00","NZD","1762634086","23477/2026-01-07/1762634086.json"
"581514","221282","2026-01-07","36.00","NZD","1762634086","23477/2026-01-07/1762634086.json"
"512557","146154","2026-01-07","45.00","NZD","1762634086","23477/2026-01-07/1762634086.json"
"365170","146153","2026-01-07","48.00","NZD","1762634086","23477/2026-01-07/1762634086.json"
"510807","146155","2026-01-07","52.00","NZD","1762634086","23477/2026-01-07/1762634086.json"
"581513","221281","2025-11-11","36.00","NZD","1762653677","23477/2025-11-11/1762653677.json"
"581514","221282","2025-11-11","36.00","NZD","1762653677","23477/2025-11-11/1762653677.json"
"512557","146154","2025-11-11","45.00","NZD","1762653677","23477/2025-11-11/1762653677.json"
"365170","146153","2025-11-11","48.00","NZD","1762653677","23477/2025-11-11/1762653677.json"
"510807","146155","2025-11-11","52.00","NZD","1762653677","23477/2025-11-11/1762653677.json"
"581513","221281","2025-11-10","36.00","NZD","1762653677","23477/2025-11-10/1762653677.json"
"581514","221282","2025-11-10","36.00","NZD","1762653677","23477/2025-11-10/1762653677.json"
"512557","146154","2025-11-10","45.00","NZD","1762653677","23477/2025-11-10/1762653677.json"
"365170","146153","2025-11-10","48.00","NZD","1762653677","23477/2025-11-10/1762653677.json"
"510807","146155","2025-11-10","52.00","NZD","1762653677","23477/2025-11-10/1762653677.json"
"581513","221281","2025-11-12","36.00","NZD","1762653677","23477/2025-11-12/1762653677.json"
"581514","221282","2025-11-12","36.00","NZD","1762653677","23477/2025-11-12/1762653677.json"
"512557","146154","2025-11-12","45.00","NZD","1762653677","23477/2025-11-12/1762653677.json"
"365170","146153","2025-11-12","48.00","NZD","1762653677","23477/2025-11-12/1762653677.json"
"510807","146155","2025-11-12","52.00","NZD","1762653677","23477/2025-11-12/1762653677.json"
"581513","221281","2025-11-09","36.00","NZD","1762653677","23477/2025-11-09/1762653677.json"
"581514","221282","2025-11-09","36.00","NZD","1762653677","23477/2025-11-09/1762653677.json"
"512557","146154","2025-11-09","45.00","NZD","1762653677","23477/2025-11-09/1762653677.json"
"365170","146153","2025-11-09","48.00","NZD","1762653677","23477/2025-11-09/1762653677.json"
"510807","146155","2025-11-09","52.00","NZD","1762653677","23477/2025-11-09/1762653677.json"
"581513","221281","2025-11-14","36.00","NZD","1762653677","23477/2025-11-14/1762653677.json"
"581513","221281","2025-11-15","36.00","NZD","1762653677","23477/2025-11-15/1762653677.json"
"581514","221282","2025-11-15","36.00","NZD","1762653677","23477/2025-11-15/1762653677.json"
"581514","221282","2025-11-14","36.00","NZD","1762653677","23477/2025-11-14/1762653677.json"
"512557","146154","2025-11-15","45.00","NZD","1762653677","23477/2025-11-15/1762653677.json"
"365170","146153","2025-11-15","48.00","NZD","1762653677","23477/2025-11-15/1762653677.json"
"512557","146154","2025-11-14","45.00","NZD","1762653677","23477/2025-11-14/1762653677.json"
"510807","146155","2025-11-15","52.00","NZD","1762653677","23477/2025-11-15/1762653677.json"
"365170","146153","2025-11-14","48.00","NZD","1762653677","23477/2025-11-14/1762653677.json"
"510807","146155","2025-11-14","52.00","NZD","1762653677","23477/2025-11-14/1762653677.json"
"581513","221281","2025-11-13","36.00","NZD","1762653677","23477/2025-11-13/1762653677.json"
"581514","221282","2025-11-13","36.00","NZD","1762653677","23477/2025-11-13/1762653677.json"
"512557","146154","2025-11-13","45.00","NZD","1762653677","23477/2025-11-13/1762653677.json"
"365170","146153","2025-11-13","48.00","NZD","1762653677","23477/2025-11-13/1762653677.json"
"510807","146155","2025-11-13","52.00","NZD","1762653677","23477/2025-11-13/1762653677.json"
"581513","221281","2025-11-16","36.00","NZD","1762653677","23477/2025-11-16/1762653677.json"
"581514","221282","2025-11-16","36.00","NZD","1762653677","23477/2025-11-16/1762653677.json"
"512557","146154","2025-11-16","45.00","NZD","1762653677","23477/2025-11-16/1762653677.json"
"365170","146153","2025-11-16","48.00","NZD","1762653677","23477/2025-11-16/1762653677.json"
"510807","146155","2025-11-16","52.00","NZD","1762653677","23477/2025-11-16/1762653677.json"
"581513","221281","2025-11-17","36.00","NZD","1762653677","23477/2025-11-17/1762653677.json"
"581514","221282","2025-11-17","36.00","NZD","1762653677","23477/2025-11-17/1762653677.json"
"512557","146154","2025-11-17","45.00","NZD","1762653677","23477/2025-11-17/1762653677.json"
"365170","146153","2025-11-17","48.00","NZD","1762653677","23477/2025-11-17/1762653677.json"
"510807","146155","2025-11-17","52.00","NZD","1762653677","23477/2025-11-17/1762653677.json"
"581513","221281","2025-11-19","36.00","NZD","1762653677","23477/2025-11-19/1762653677.json"
"581514","221282","2025-11-19","36.00","NZD","1762653677","23477/2025-11-19/1762653677.json"
"512557","146154","2025-11-19","45.00","NZD","1762653677","23477/2025-11-19/1762653677.json"
"365170","146153","2025-11-19","48.00","NZD","1762653677","23477/2025-11-19/1762653677.json"
"510807","146155","2025-11-19","52.00","NZD","1762653677","23477/2025-11-19/1762653677.json"
"581513","221281","2025-11-20","36.00","NZD","1762653677","23477/2025-11-20/1762653677.json"
"581514","221282","2025-11-20","36.00","NZD","1762653677","23477/2025-11-20/1762653677.json"
"512557","146154","2025-11-20","45.00","NZD","1762653677","23477/2025-11-20/1762653677.json"
"581513","221281","2025-11-18","36.00","NZD","1762653677","23477/2025-11-18/1762653677.json"
"581514","221282","2025-11-18","36.00","NZD","1762653677","23477/2025-11-18/1762653677.json"
"512557","146154","2025-11-18","45.00","NZD","1762653677","23477/2025-11-18/1762653677.json"
"365170","146153","2025-11-18","48.00","NZD","1762653677","23477/2025-11-18/1762653677.json"
"510807","146155","2025-11-18","52.00","NZD","1762653677","23477/2025-11-18/1762653677.json"
"581513","221281","2025-11-21","36.00","NZD","1762653677","23477/2025-11-21/1762653677.json"
"581514","221282","2025-11-21","36.00","NZD","1762653677","23477/2025-11-21/1762653677.json"
"512557","146154","2025-11-21","45.00","NZD","1762653677","23477/2025-11-21/1762653677.json"
"365170","146153","2025-11-21","48.00","NZD","1762653677","23477/2025-11-21/1762653677.json"
"510807","146155","2025-11-21","52.00","NZD","1762653677","23477/2025-11-21/1762653677.json"
"581513","221281","2025-11-22","36.00","NZD","1762653677","23477/2025-11-22/1762653677.json"
"581514","221282","2025-11-22","36.00","NZD","1762653677","23477/2025-11-22/1762653677.json"
"512557","146154","2025-11-22","45.00","NZD","1762653677","23477/2025-11-22/1762653677.json"
"365170","146153","2025-11-22","48.00","NZD","1762653677","23477/2025-11-22/1762653677.json"
"510807","146155","2025-11-22","52.00","NZD","1762653677","23477/2025-11-22/1762653677.json"
"581513","221281","2025-11-23","36.00","NZD","1762653677","23477/2025-11-23/1762653677.json"
"581514","221282","2025-11-23","36.00","NZD","1762653677","23477/2025-11-23/1762653677.json"
"512557","146154","2025-11-23","45.00","NZD","1762653677","23477/2025-11-23/1762653677.json"
"365170","146153","2025-11-23","48.00","NZD","1762653677","23477/2025-11-23/1762653677.json"
"510807","146155","2025-11-23","52.00","NZD","1762653677","23477/2025-11-23/1762653677.json"
"581513","221281","2025-11-24","36.00","NZD","1762653677","23477/2025-11-24/1762653677.json"
"581514","221282","2025-11-24","36.00","NZD","1762653677","23477/2025-11-24/1762653677.json"
"512557","146154","2025-11-24","45.00","NZD","1762653677","23477/2025-11-24/1762653677.json"
"365170","146153","2025-11-24","48.00","NZD","1762653677","23477/2025-11-24/1762653677.json"
"510807","146155","2025-11-24","52.00","NZD","1762653677","23477/2025-11-24/1762653677.json"
"581513","221281","2025-11-25","36.00","NZD","1762653677","23477/2025-11-25/1762653677.json"
"581514","221282","2025-11-25","36.00","NZD","1762653677","23477/2025-11-25/1762653677.json"
"512557","146154","2025-11-25","45.00","NZD","1762653677","23477/2025-11-25/1762653677.json"
"365170","146153","2025-11-25","48.00","NZD","1762653677","23477/2025-11-25/1762653677.json"
"510807","146155","2025-11-25","52.00","NZD","1762653677","23477/2025-11-25/1762653677.json"
"581513","221281","2025-11-26","36.00","NZD","1762653677","23477/2025-11-26/1762653677.json"
"581514","221282","2025-11-26","36.00","NZD","1762653677","23477/2025-11-26/1762653677.json"
"512557","146154","2025-11-26","45.00","NZD","1762653677","23477/2025-11-26/1762653677.json"
"365170","146153","2025-11-26","48.00","NZD","1762653677","23477/2025-11-26/1762653677.json"
"510807","146155","2025-11-26","52.00","NZD","1762653677","23477/2025-11-26/1762653677.json"
"581513","221281","2025-11-27","36.00","NZD","1762653677","23477/2025-11-27/1762653677.json"
"581514","221282","2025-11-27","36.00","NZD","1762653677","23477/2025-11-27/1762653677.json"
"512557","146154","2025-11-27","45.00","NZD","1762653677","23477/2025-11-27/1762653677.json"
"365170","146153","2025-11-27","48.00","NZD","1762653677","23477/2025-11-27/1762653677.json"
"510807","146155","2025-11-27","52.00","NZD","1762653677","23477/2025-11-27/1762653677.json"
"581513","221281","2025-11-28","36.00","NZD","1762653677","23477/2025-11-28/1762653677.json"
"581514","221282","2025-11-28","36.00","NZD","1762653677","23477/2025-11-28/1762653677.json"
"512557","146154","2025-11-28","45.00","NZD","1762653677","23477/2025-11-28/1762653677.json"
"365170","146153","2025-11-28","48.00","NZD","1762653677","23477/2025-11-28/1762653677.json"
"510807","146155","2025-11-28","52.00","NZD","1762653677","23477/2025-11-28/1762653677.json"
"581513","221281","2025-11-30","36.00","NZD","1762653677","23477/2025-11-30/1762653677.json"
"581514","221282","2025-11-30","36.00","NZD","1762653677","23477/2025-11-30/1762653677.json"
"512557","146154","2025-11-30","45.00","NZD","1762653677","23477/2025-11-30/1762653677.json"
"365170","146153","2025-11-30","48.00","NZD","1762653677","23477/2025-11-30/1762653677.json"
"510807","146155","2025-11-30","52.00","NZD","1762653677","23477/2025-11-30/1762653677.json"
"581513","221281","2025-12-01","36.00","NZD","1762653677","23477/2025-12-01/1762653677.json"
"581514","221282","2025-12-01","36.00","NZD","1762653677","23477/2025-12-01/1762653677.json"
"512557","146154","2025-12-01","45.00","NZD","1762653677","23477/2025-12-01/1762653677.json"
"365170","146153","2025-12-01","48.00","NZD","1762653677","23477/2025-12-01/1762653677.json"
"510807","146155","2025-12-01","52.00","NZD","1762653677","23477/2025-12-01/1762653677.json"
"581513","221281","2025-11-29","36.00","NZD","1762653677","23477/2025-11-29/1762653677.json"
"581514","221282","2025-11-29","36.00","NZD","1762653677","23477/2025-11-29/1762653677.json"
"512557","146154","2025-11-29","45.00","NZD","1762653677","23477/2025-11-29/1762653677.json"
"365170","146153","2025-11-29","48.00","NZD","1762653677","23477/2025-11-29/1762653677.json"
"510807","146155","2025-11-29","52.00","NZD","1762653677","23477/2025-11-29/1762653677.json"
"581513","221281","2025-12-02","36.00","NZD","1762653677","23477/2025-12-02/1762653677.json"
"581514","221282","2025-12-02","36.00","NZD","1762653677","23477/2025-12-02/1762653677.json"
"512557","146154","2025-12-02","45.00","NZD","1762653677","23477/2025-12-02/1762653677.json"
"365170","146153","2025-12-02","48.00","NZD","1762653677","23477/2025-12-02/1762653677.json"
"510807","146155","2025-12-02","52.00","NZD","1762653677","23477/2025-12-02/1762653677.json"
"581513","221281","2025-12-03","36.00","NZD","1762653677","23477/2025-12-03/1762653677.json"
"581514","221282","2025-12-03","36.00","NZD","1762653677","23477/2025-12-03/1762653677.json"
"512557","146154","2025-12-03","45.00","NZD","1762653677","23477/2025-12-03/1762653677.json"
"365170","146153","2025-12-03","48.00","NZD","1762653677","23477/2025-12-03/1762653677.json"
"510807","146155","2025-12-03","52.00","NZD","1762653677","23477/2025-12-03/1762653677.json"
"581513","221281","2025-12-04","36.00","NZD","1762653677","23477/2025-12-04/1762653677.json"
"581514","221282","2025-12-04","36.00","NZD","1762653677","23477/2025-12-04/1762653677.json"
"512557","146154","2025-12-04","45.00","NZD","1762653677","23477/2025-12-04/1762653677.json"
"365170","146153","2025-12-04","48.00","NZD","1762653677","23477/2025-12-04/1762653677.json"
"510807","146155","2025-12-04","52.00","NZD","1762653677","23477/2025-12-04/1762653677.json"
"581513","221281","2025-12-05","36.00","NZD","1762653677","23477/2025-12-05/1762653677.json"
"581514","221282","2025-12-05","36.00","NZD","1762653677","23477/2025-12-05/1762653677.json"
"512557","146154","2025-12-05","45.00","NZD","1762653677","23477/2025-12-05/1762653677.json"
"365170","146153","2025-12-05","48.00","NZD","1762653677","23477/2025-12-05/1762653677.json"
"510807","146155","2025-12-05","52.00","NZD","1762653677","23477/2025-12-05/1762653677.json"
"581513","221281","2025-12-06","36.00","NZD","1762653677","23477/2025-12-06/1762653677.json"
"581514","221282","2025-12-06","36.00","NZD","1762653677","23477/2025-12-06/1762653677.json"
"512557","146154","2025-12-06","45.00","NZD","1762653677","23477/2025-12-06/1762653677.json"
"365170","146153","2025-12-06","48.00","NZD","1762653677","23477/2025-12-06/1762653677.json"
"510807","146155","2025-12-06","52.00","NZD","1762653677","23477/2025-12-06/1762653677.json"
"581513","221281","2025-12-07","36.00","NZD","1762653677","23477/2025-12-07/1762653677.json"
"581514","221282","2025-12-07","36.00","NZD","1762653677","23477/2025-12-07/1762653677.json"
"512557","146154","2025-12-07","45.00","NZD","1762653677","23477/2025-12-07/1762653677.json"
"365170","146153","2025-12-07","48.00","NZD","1762653677","23477/2025-12-07/1762653677.json"
"510807","146155","2025-12-07","52.00","NZD","1762653677","23477/2025-12-07/1762653677.json"
"581513","221281","2025-12-08","36.00","NZD","1762653677","23477/2025-12-08/1762653677.json"
"581514","221282","2025-12-08","36.00","NZD","1762653677","23477/2025-12-08/1762653677.json"
"512557","146154","2025-12-08","45.00","NZD","1762653677","23477/2025-12-08/1762653677.json"
"365170","146153","2025-12-08","48.00","NZD","1762653677","23477/2025-12-08/1762653677.json"
"510807","146155","2025-12-08","52.00","NZD","1762653677","23477/2025-12-08/1762653677.json"
"581513","221281","2025-12-09","36.00","NZD","1762653677","23477/2025-12-09/1762653677.json"
"581514","221282","2025-12-09","36.00","NZD","1762653677","23477/2025-12-09/1762653677.json"
"512557","146154","2025-12-09","45.00","NZD","1762653677","23477/2025-12-09/1762653677.json"
"365170","146153","2025-12-09","48.00","NZD","1762653677","23477/2025-12-09/1762653677.json"
"510807","146155","2025-12-09","52.00","NZD","1762653677","23477/2025-12-09/1762653677.json"
"581513","221281","2025-12-10","36.00","NZD","1762653677","23477/2025-12-10/1762653677.json"
"581514","221282","2025-12-10","36.00","NZD","1762653677","23477/2025-12-10/1762653677.json"
"512557","146154","2025-12-10","45.00","NZD","1762653677","23477/2025-12-10/1762653677.json"
"365170","146153","2025-12-10","48.00","NZD","1762653677","23477/2025-12-10/1762653677.json"
"510807","146155","2025-12-10","52.00","NZD","1762653677","23477/2025-12-10/1762653677.json"
"581513","221281","2025-12-11","36.00","NZD","1762653677","23477/2025-12-11/1762653677.json"
"581514","221282","2025-12-11","36.00","NZD","1762653677","23477/2025-12-11/1762653677.json"
"512557","146154","2025-12-11","45.00","NZD","1762653677","23477/2025-12-11/1762653677.json"
"365170","146153","2025-12-11","48.00","NZD","1762653677","23477/2025-12-11/1762653677.json"
"510807","146155","2025-12-11","52.00","NZD","1762653677","23477/2025-12-11/1762653677.json"
"581513","221281","2025-12-13","36.00","NZD","1762653677","23477/2025-12-13/1762653677.json"
"581514","221282","2025-12-13","36.00","NZD","1762653677","23477/2025-12-13/1762653677.json"
"512557","146154","2025-12-13","45.00","NZD","1762653677","23477/2025-12-13/1762653677.json"
"365170","146153","2025-12-13","48.00","NZD","1762653677","23477/2025-12-13/1762653677.json"
"510807","146155","2025-12-13","52.00","NZD","1762653677","23477/2025-12-13/1762653677.json"
"581513","221281","2025-12-12","36.00","NZD","1762653677","23477/2025-12-12/1762653677.json"
"581514","221282","2025-12-12","36.00","NZD","1762653677","23477/2025-12-12/1762653677.json"
"512557","146154","2025-12-12","45.00","NZD","1762653677","23477/2025-12-12/1762653677.json"
"365170","146153","2025-12-12","48.00","NZD","1762653677","23477/2025-12-12/1762653677.json"
"510807","146155","2025-12-12","52.00","NZD","1762653677","23477/2025-12-12/1762653677.json"
"581513","221281","2025-12-14","36.00","NZD","1762653677","23477/2025-12-14/1762653677.json"
"581514","221282","2025-12-14","36.00","NZD","1762653677","23477/2025-12-14/1762653677.json"
"512557","146154","2025-12-14","45.00","NZD","1762653677","23477/2025-12-14/1762653677.json"
"365170","146153","2025-12-14","48.00","NZD","1762653677","23477/2025-12-14/1762653677.json"
"510807","146155","2025-12-14","52.00","NZD","1762653677","23477/2025-12-14/1762653677.json"
"581513","221281","2025-12-15","36.00","NZD","1762653677","23477/2025-12-15/1762653677.json"
"581514","221282","2025-12-15","36.00","NZD","1762653677","23477/2025-12-15/1762653677.json"
"512557","146154","2025-12-15","45.00","NZD","1762653677","23477/2025-12-15/1762653677.json"
"365170","146153","2025-12-15","48.00","NZD","1762653677","23477/2025-12-15/1762653677.json"
"510807","146155","2025-12-15","52.00","NZD","1762653677","23477/2025-12-15/1762653677.json"
"581513","221281","2025-12-16","36.00","NZD","1762653677","23477/2025-12-16/1762653677.json"
"581514","221282","2025-12-16","36.00","NZD","1762653677","23477/2025-12-16/1762653677.json"
"512557","146154","2025-12-16","45.00","NZD","1762653677","23477/2025-12-16/1762653677.json"
"365170","146153","2025-12-16","48.00","NZD","1762653677","23477/2025-12-16/1762653677.json"
"510807","146155","2025-12-16","52.00","NZD","1762653677","23477/2025-12-16/1762653677.json"
"581513","221281","2025-12-17","36.00","NZD","1762653677","23477/2025-12-17/1762653677.json"
"581514","221282","2025-12-17","36.00","NZD","1762653677","23477/2025-12-17/1762653677.json"
"512557","146154","2025-12-17","45.00","NZD","1762653677","23477/2025-12-17/1762653677.json"
"365170","146153","2025-12-17","48.00","NZD","1762653677","23477/2025-12-17/1762653677.json"
"510807","146155","2025-12-17","52.00","NZD","1762653677","23477/2025-12-17/1762653677.json"
"581513","221281","2025-12-18","36.00","NZD","1762653677","23477/2025-12-18/1762653677.json"
"581514","221282","2025-12-18","36.00","NZD","1762653677","23477/2025-12-18/1762653677.json"
"512557","146154","2025-12-18","45.00","NZD","1762653677","23477/2025-12-18/1762653677.json"
"365170","146153","2025-12-18","48.00","NZD","1762653677","23477/2025-12-18/1762653677.json"
"510807","146155","2025-12-18","52.00","NZD","1762653677","23477/2025-12-18/1762653677.json"
"581513","221281","2025-12-19","36.00","NZD","1762653677","23477/2025-12-19/1762653677.json"
"581514","221282","2025-12-19","36.00","NZD","1762653677","23477/2025-12-19/1762653677.json"
"512557","146154","2025-12-19","45.00","NZD","1762653677","23477/2025-12-19/1762653677.json"
"365170","146153","2025-12-19","48.00","NZD","1762653677","23477/2025-12-19/1762653677.json"
"510807","146155","2025-12-19","52.00","NZD","1762653677","23477/2025-12-19/1762653677.json"
"581513","221281","2025-12-20","36.00","NZD","1762653677","23477/2025-12-20/1762653677.json"
"581514","221282","2025-12-20","36.00","NZD","1762653677","23477/2025-12-20/1762653677.json"
"512557","146154","2025-12-20","45.00","NZD","1762653677","23477/2025-12-20/1762653677.json"
"365170","146153","2025-12-20","48.00","NZD","1762653677","23477/2025-12-20/1762653677.json"
"510807","146155","2025-12-20","52.00","NZD","1762653677","23477/2025-12-20/1762653677.json"
"581513","221281","2025-12-21","36.00","NZD","1762653677","23477/2025-12-21/1762653677.json"
"581514","221282","2025-12-21","36.00","NZD","1762653677","23477/2025-12-21/1762653677.json"
"512557","146154","2025-12-21","45.00","NZD","1762653677","23477/2025-12-21/1762653677.json"
"365170","146153","2025-12-21","48.00","NZD","1762653677","23477/2025-12-21/1762653677.json"
"510807","146155","2025-12-21","52.00","NZD","1762653677","23477/2025-12-21/1762653677.json"
"581513","221281","2025-12-22","36.00","NZD","1762653677","23477/2025-12-22/1762653677.json"
"581514","221282","2025-12-22","36.00","NZD","1762653677","23477/2025-12-22/1762653677.json"
"512557","146154","2025-12-22","45.00","NZD","1762653677","23477/2025-12-22/1762653677.json"
"365170","146153","2025-12-22","48.00","NZD","1762653677","23477/2025-12-22/1762653677.json"
"510807","146155","2025-12-22","52.00","NZD","1762653677","23477/2025-12-22/1762653677.json"
"581513","221281","2025-12-24","38.00","NZD","1762653677","23477/2025-12-24/1762653677.json"
"581514","221282","2025-12-24","38.00","NZD","1762653677","23477/2025-12-24/1762653677.json"
"512557","146154","2025-12-24","45.00","NZD","1762653677","23477/2025-12-24/1762653677.json"
"365170","146153","2025-12-24","48.00","NZD","1762653677","23477/2025-12-24/1762653677.json"
"510807","146155","2025-12-24","52.00","NZD","1762653677","23477/2025-12-24/1762653677.json"
"581513","221281","2025-12-23","38.00","NZD","1762653677","23477/2025-12-23/1762653677.json"
"581514","221282","2025-12-23","38.00","NZD","1762653677","23477/2025-12-23/1762653677.json"
"512557","146154","2025-12-23","45.00","NZD","1762653677","23477/2025-12-23/1762653677.json"
"365170","146153","2025-12-23","48.00","NZD","1762653677","23477/2025-12-23/1762653677.json"
"510807","146155","2025-12-23","52.00","NZD","1762653677","23477/2025-12-23/1762653677.json"
"581513","221281","2025-12-26","42.00","NZD","1762653677","23477/2025-12-26/1762653677.json"
"581514","221282","2025-12-26","42.00","NZD","1762653677","23477/2025-12-26/1762653677.json"
"512557","146154","2025-12-26","45.00","NZD","1762653677","23477/2025-12-26/1762653677.json"
"365170","146153","2025-12-26","48.00","NZD","1762653677","23477/2025-12-26/1762653677.json"
"510807","146155","2025-12-26","52.00","NZD","1762653677","23477/2025-12-26/1762653677.json"
"581513","221281","2025-12-25","38.00","NZD","1762653677","23477/2025-12-25/1762653677.json"
"581514","221282","2025-12-25","38.00","NZD","1762653677","23477/2025-12-25/1762653677.json"
"512557","146154","2025-12-25","45.00","NZD","1762653677","23477/2025-12-25/1762653677.json"
"365170","146153","2025-12-25","48.00","NZD","1762653677","23477/2025-12-25/1762653677.json"
"510807","146155","2025-12-25","52.00","NZD","1762653677","23477/2025-12-25/1762653677.json"
"581513","221281","2025-12-27","42.00","NZD","1762653677","23477/2025-12-27/1762653677.json"
"581514","221282","2025-12-27","42.00","NZD","1762653677","23477/2025-12-27/1762653677.json"
"512557","146154","2025-12-27","45.00","NZD","1762653677","23477/2025-12-27/1762653677.json"
"365170","146153","2025-12-27","48.00","NZD","1762653677","23477/2025-12-27/1762653677.json"
"510807","146155","2025-12-27","52.00","NZD","1762653677","23477/2025-12-27/1762653677.json"
"581513","221281","2025-12-28","42.00","NZD","1762653677","23477/2025-12-28/1762653677.json"
"581514","221282","2025-12-28","42.00","NZD","1762653677","23477/2025-12-28/1762653677.json"
"512557","146154","2025-12-28","45.00","NZD","1762653677","23477/2025-12-28/1762653677.json"
"365170","146153","2025-12-28","48.00","NZD","1762653677","23477/2025-12-28/1762653677.json"
"510807","146155","2025-12-28","52.00","NZD","1762653677","23477/2025-12-28/1762653677.json"
"581513","221281","2025-12-29","42.00","NZD","1762653677","23477/2025-12-29/1762653677.json"
"581514","221282","2025-12-29","42.00","NZD","1762653677","23477/2025-12-29/1762653677.json"
"512557","146154","2025-12-29","45.00","NZD","1762653677","23477/2025-12-29/1762653677.json"
"365170","146153","2025-12-29","48.00","NZD","1762653677","23477/2025-12-29/1762653677.json"
"510807","146155","2025-12-29","52.00","NZD","1762653677","23477/2025-12-29/1762653677.json"
"581513","221281","2025-12-30","42.00","NZD","1762653677","23477/2025-12-30/1762653677.json"
"581514","221282","2025-12-30","42.00","NZD","1762653677","23477/2025-12-30/1762653677.json"
"512557","146154","2025-12-30","45.00","NZD","1762653677","23477/2025-12-30/1762653677.json"
"365170","146153","2025-12-30","48.00","NZD","1762653677","23477/2025-12-30/1762653677.json"
"510807","146155","2025-12-30","52.00","NZD","1762653677","23477/2025-12-30/1762653677.json"
"581513","221281","2026-01-01","42.00","NZD","1762653677","23477/2026-01-01/1762653677.json"
"581514","221282","2026-01-01","42.00","NZD","1762653677","23477/2026-01-01/1762653677.json"
"512557","146154","2026-01-01","45.00","NZD","1762653677","23477/2026-01-01/1762653677.json"
"365170","146153","2026-01-01","48.00","NZD","1762653677","23477/2026-01-01/1762653677.json"
"510807","146155","2026-01-01","52.00","NZD","1762653677","23477/2026-01-01/1762653677.json"
"581513","221281","2025-12-31","42.00","NZD","1762653677","23477/2025-12-31/1762653677.json"
"581514","221282","2025-12-31","42.00","NZD","1762653677","23477/2025-12-31/1762653677.json"
"512557","146154","2025-12-31","45.00","NZD","1762653677","23477/2025-12-31/1762653677.json"
"365170","146153","2025-12-31","48.00","NZD","1762653677","23477/2025-12-31/1762653677.json"
"510807","146155","2025-12-31","52.00","NZD","1762653677","23477/2025-12-31/1762653677.json"
"581513","221281","2026-01-02","42.00","NZD","1762653677","23477/2026-01-02/1762653677.json"
"581514","221282","2026-01-02","42.00","NZD","1762653677","23477/2026-01-02/1762653677.json"
"512557","146154","2026-01-02","45.00","NZD","1762653677","23477/2026-01-02/1762653677.json"
"365170","146153","2026-01-02","48.00","NZD","1762653677","23477/2026-01-02/1762653677.json"
"510807","146155","2026-01-02","52.00","NZD","1762653677","23477/2026-01-02/1762653677.json"
"581513","221281","2026-01-03","42.00","NZD","1762653677","23477/2026-01-03/1762653677.json"
"581514","221282","2026-01-03","42.00","NZD","1762653677","23477/2026-01-03/1762653677.json"
"512557","146154","2026-01-03","45.00","NZD","1762653677","23477/2026-01-03/1762653677.json"
"365170","146153","2026-01-03","48.00","NZD","1762653677","23477/2026-01-03/1762653677.json"
"510807","146155","2026-01-03","52.00","NZD","1762653677","23477/2026-01-03/1762653677.json"
"581513","221281","2026-01-05","36.00","NZD","1762653677","23477/2026-01-05/1762653677.json"
"581514","221282","2026-01-05","36.00","NZD","1762653677","23477/2026-01-05/1762653677.json"
"512557","146154","2026-01-05","45.00","NZD","1762653677","23477/2026-01-05/1762653677.json"
"365170","146153","2026-01-05","48.00","NZD","1762653677","23477/2026-01-05/1762653677.json"
"510807","146155","2026-01-05","52.00","NZD","1762653677","23477/2026-01-05/1762653677.json"
"581513","221281","2026-01-04","42.00","NZD","1762653677","23477/2026-01-04/1762653677.json"
"581514","221282","2026-01-04","42.00","NZD","1762653677","23477/2026-01-04/1762653677.json"
"512557","146154","2026-01-04","45.00","NZD","1762653677","23477/2026-01-04/1762653677.json"
"365170","146153","2026-01-04","48.00","NZD","1762653677","23477/2026-01-04/1762653677.json"
"510807","146155","2026-01-04","52.00","NZD","1762653677","23477/2026-01-04/1762653677.json"
"581513","221281","2026-01-06","36.00","NZD","1762653677","23477/2026-01-06/1762653677.json"
"581514","221282","2026-01-06","36.00","NZD","1762653677","23477/2026-01-06/1762653677.json"
"512557","146154","2026-01-06","45.00","NZD","1762653677","23477/2026-01-06/1762653677.json"
"365170","146153","2026-01-06","48.00","NZD","1762653677","23477/2026-01-06/1762653677.json"
"510807","146155","2026-01-06","52.00","NZD","1762653677","23477/2026-01-06/1762653677.json"
"581513","221281","2026-01-07","36.00","NZD","1762653677","23477/2026-01-07/1762653677.json"
"581514","221282","2026-01-07","36.00","NZD","1762653677","23477/2026-01-07/1762653677.json"
"512557","146154","2026-01-07","45.00","NZD","1762653677","23477/2026-01-07/1762653677.json"
"365170","146153","2026-01-07","48.00","NZD","1762653677","23477/2026-01-07/1762653677.json"
"510807","146155","2026-01-07","52.00","NZD","1762653677","23477/2026-01-07/1762653677.json"
"581513","221281","2026-01-08","36.00","NZD","1762653677","23477/2026-01-08/1762653677.json"
"581514","221282","2026-01-08","36.00","NZD","1762653677","23477/2026-01-08/1762653677.json"
"512557","146154","2026-01-08","45.00","NZD","1762653677","23477/2026-01-08/1762653677.json"
"365170","146153","2026-01-08","48.00","NZD","1762653677","23477/2026-01-08/1762653677.json"
"510807","146155","2026-01-08","52.00","NZD","1762653677","23477/2026-01-08/1762653677.json"
"581513","221281","2025-11-09","36.00","NZD","1762663280","23477/2025-11-09/1762663280.json"
"581514","221282","2025-11-09","36.00","NZD","1762663280","23477/2025-11-09/1762663280.json"
"512557","146154","2025-11-09","45.00","NZD","1762663280","23477/2025-11-09/1762663280.json"
"365170","146153","2025-11-09","48.00","NZD","1762663280","23477/2025-11-09/1762663280.json"
"510807","146155","2025-11-09","52.00","NZD","1762663280","23477/2025-11-09/1762663280.json"
"581513","221281","2025-11-11","36.00","NZD","1762663280","23477/2025-11-11/1762663280.json"
"581514","221282","2025-11-11","36.00","NZD","1762663280","23477/2025-11-11/1762663280.json"
"512557","146154","2025-11-11","45.00","NZD","1762663280","23477/2025-11-11/1762663280.json"
"365170","146153","2025-11-11","48.00","NZD","1762663280","23477/2025-11-11/1762663280.json"
"510807","146155","2025-11-11","52.00","NZD","1762663280","23477/2025-11-11/1762663280.json"
"581513","221281","2025-11-12","36.00","NZD","1762663280","23477/2025-11-12/1762663280.json"
"581514","221282","2025-11-12","36.00","NZD","1762663280","23477/2025-11-12/1762663280.json"
"512557","146154","2025-11-12","45.00","NZD","1762663280","23477/2025-11-12/1762663280.json"
"365170","146153","2025-11-12","48.00","NZD","1762663280","23477/2025-11-12/1762663280.json"
"510807","146155","2025-11-12","52.00","NZD","1762663280","23477/2025-11-12/1762663280.json"
"581513","221281","2025-11-10","36.00","NZD","1762663280","23477/2025-11-10/1762663280.json"
"581514","221282","2025-11-10","36.00","NZD","1762663280","23477/2025-11-10/1762663280.json"
"512557","146154","2025-11-10","45.00","NZD","1762663280","23477/2025-11-10/1762663280.json"
"365170","146153","2025-11-10","48.00","NZD","1762663280","23477/2025-11-10/1762663280.json"
"510807","146155","2025-11-10","52.00","NZD","1762663280","23477/2025-11-10/1762663280.json"
"581513","221281","2025-11-13","36.00","NZD","1762663280","23477/2025-11-13/1762663280.json"
"581514","221282","2025-11-13","36.00","NZD","1762663280","23477/2025-11-13/1762663280.json"
"512557","146154","2025-11-13","45.00","NZD","1762663280","23477/2025-11-13/1762663280.json"
"365170","146153","2025-11-13","48.00","NZD","1762663280","23477/2025-11-13/1762663280.json"
"510807","146155","2025-11-13","52.00","NZD","1762663280","23477/2025-11-13/1762663280.json"
"581513","221281","2025-11-14","36.00","NZD","1762663280","23477/2025-11-14/1762663280.json"
"581514","221282","2025-11-14","36.00","NZD","1762663280","23477/2025-11-14/1762663280.json"
"512557","146154","2025-11-14","45.00","NZD","1762663280","23477/2025-11-14/1762663280.json"
"365170","146153","2025-11-14","48.00","NZD","1762663280","23477/2025-11-14/1762663280.json"
"510807","146155","2025-11-14","52.00","NZD","1762663280","23477/2025-11-14/1762663280.json"
"581513","221281","2025-11-16","36.00","NZD","1762663280","23477/2025-11-16/1762663280.json"
"581514","221282","2025-11-16","36.00","NZD","1762663280","23477/2025-11-16/1762663280.json"
"512557","146154","2025-11-16","45.00","NZD","1762663280","23477/2025-11-16/1762663280.json"
"365170","146153","2025-11-16","48.00","NZD","1762663280","23477/2025-11-16/1762663280.json"
"510807","146155","2025-11-16","52.00","NZD","1762663280","23477/2025-11-16/1762663280.json"
"581513","221281","2025-11-15","36.00","NZD","1762663280","23477/2025-11-15/1762663280.json"
"581514","221282","2025-11-15","36.00","NZD","1762663280","23477/2025-11-15/1762663280.json"
"512557","146154","2025-11-15","45.00","NZD","1762663280","23477/2025-11-15/1762663280.json"
"365170","146153","2025-11-15","48.00","NZD","1762663280","23477/2025-11-15/1762663280.json"
"510807","146155","2025-11-15","52.00","NZD","1762663280","23477/2025-11-15/1762663280.json"
"581513","221281","2025-11-17","36.00","NZD","1762663280","23477/2025-11-17/1762663280.json"
"581514","221282","2025-11-17","36.00","NZD","1762663280","23477/2025-11-17/1762663280.json"
"512557","146154","2025-11-17","45.00","NZD","1762663280","23477/2025-11-17/1762663280.json"
"365170","146153","2025-11-17","48.00","NZD","1762663280","23477/2025-11-17/1762663280.json"
"510807","146155","2025-11-17","52.00","NZD","1762663280","23477/2025-11-17/1762663280.json"
"581513","221281","2025-11-19","36.00","NZD","1762663280","23477/2025-11-19/1762663280.json"
"581514","221282","2025-11-19","36.00","NZD","1762663280","23477/2025-11-19/1762663280.json"
"512557","146154","2025-11-19","45.00","NZD","1762663280","23477/2025-11-19/1762663280.json"
"365170","146153","2025-11-19","48.00","NZD","1762663280","23477/2025-11-19/1762663280.json"
"510807","146155","2025-11-19","52.00","NZD","1762663280","23477/2025-11-19/1762663280.json"
"581513","221281","2025-11-20","36.00","NZD","1762663280","23477/2025-11-20/1762663280.json"
"581514","221282","2025-11-20","36.00","NZD","1762663280","23477/2025-11-20/1762663280.json"
"512557","146154","2025-11-20","45.00","NZD","1762663280","23477/2025-11-20/1762663280.json"
"581513","221281","2025-11-18","36.00","NZD","1762663280","23477/2025-11-18/1762663280.json"
"581514","221282","2025-11-18","36.00","NZD","1762663280","23477/2025-11-18/1762663280.json"
"512557","146154","2025-11-18","45.00","NZD","1762663280","23477/2025-11-18/1762663280.json"
"365170","146153","2025-11-18","48.00","NZD","1762663280","23477/2025-11-18/1762663280.json"
"510807","146155","2025-11-18","52.00","NZD","1762663280","23477/2025-11-18/1762663280.json"
"581513","221281","2025-11-24","36.00","NZD","1762663280","23477/2025-11-24/1762663280.json"
"581514","221282","2025-11-24","36.00","NZD","1762663280","23477/2025-11-24/1762663280.json"
"512557","146154","2025-11-24","45.00","NZD","1762663280","23477/2025-11-24/1762663280.json"
"365170","146153","2025-11-24","48.00","NZD","1762663280","23477/2025-11-24/1762663280.json"
"510807","146155","2025-11-24","52.00","NZD","1762663280","23477/2025-11-24/1762663280.json"
"581513","221281","2025-11-22","36.00","NZD","1762663280","23477/2025-11-22/1762663280.json"
"581514","221282","2025-11-22","36.00","NZD","1762663280","23477/2025-11-22/1762663280.json"
"512557","146154","2025-11-22","45.00","NZD","1762663280","23477/2025-11-22/1762663280.json"
"365170","146153","2025-11-22","48.00","NZD","1762663280","23477/2025-11-22/1762663280.json"
"510807","146155","2025-11-22","52.00","NZD","1762663280","23477/2025-11-22/1762663280.json"
"581513","221281","2025-11-21","36.00","NZD","1762663280","23477/2025-11-21/1762663280.json"
"581514","221282","2025-11-21","36.00","NZD","1762663280","23477/2025-11-21/1762663280.json"
"512557","146154","2025-11-21","45.00","NZD","1762663280","23477/2025-11-21/1762663280.json"
"365170","146153","2025-11-21","48.00","NZD","1762663280","23477/2025-11-21/1762663280.json"
"510807","146155","2025-11-21","52.00","NZD","1762663280","23477/2025-11-21/1762663280.json"
"581513","221281","2025-11-23","36.00","NZD","1762663280","23477/2025-11-23/1762663280.json"
"581514","221282","2025-11-23","36.00","NZD","1762663280","23477/2025-11-23/1762663280.json"
"512557","146154","2025-11-23","45.00","NZD","1762663280","23477/2025-11-23/1762663280.json"
"365170","146153","2025-11-23","48.00","NZD","1762663280","23477/2025-11-23/1762663280.json"
"510807","146155","2025-11-23","52.00","NZD","1762663280","23477/2025-11-23/1762663280.json"
"581513","221281","2025-11-28","36.00","NZD","1762663280","23477/2025-11-28/1762663280.json"
"581514","221282","2025-11-28","36.00","NZD","1762663280","23477/2025-11-28/1762663280.json"
"512557","146154","2025-11-28","45.00","NZD","1762663280","23477/2025-11-28/1762663280.json"
"365170","146153","2025-11-28","48.00","NZD","1762663280","23477/2025-11-28/1762663280.json"
"510807","146155","2025-11-28","52.00","NZD","1762663280","23477/2025-11-28/1762663280.json"
"581513","221281","2025-11-25","36.00","NZD","1762663280","23477/2025-11-25/1762663280.json"
"581514","221282","2025-11-25","36.00","NZD","1762663280","23477/2025-11-25/1762663280.json"
"512557","146154","2025-11-25","45.00","NZD","1762663280","23477/2025-11-25/1762663280.json"
"365170","146153","2025-11-25","48.00","NZD","1762663280","23477/2025-11-25/1762663280.json"
"510807","146155","2025-11-25","52.00","NZD","1762663280","23477/2025-11-25/1762663280.json"
"581513","221281","2025-11-27","36.00","NZD","1762663280","23477/2025-11-27/1762663280.json"
"581514","221282","2025-11-27","36.00","NZD","1762663280","23477/2025-11-27/1762663280.json"
"512557","146154","2025-11-27","45.00","NZD","1762663280","23477/2025-11-27/1762663280.json"
"365170","146153","2025-11-27","48.00","NZD","1762663280","23477/2025-11-27/1762663280.json"
"510807","146155","2025-11-27","52.00","NZD","1762663280","23477/2025-11-27/1762663280.json"
"581513","221281","2025-11-26","36.00","NZD","1762663280","23477/2025-11-26/1762663280.json"
"581514","221282","2025-11-26","36.00","NZD","1762663280","23477/2025-11-26/1762663280.json"
"512557","146154","2025-11-26","45.00","NZD","1762663280","23477/2025-11-26/1762663280.json"
"365170","146153","2025-11-26","48.00","NZD","1762663280","23477/2025-11-26/1762663280.json"
"510807","146155","2025-11-26","52.00","NZD","1762663280","23477/2025-11-26/1762663280.json"
"581513","221281","2025-11-29","36.00","NZD","1762663280","23477/2025-11-29/1762663280.json"
"581514","221282","2025-11-29","36.00","NZD","1762663280","23477/2025-11-29/1762663280.json"
"512557","146154","2025-11-29","45.00","NZD","1762663280","23477/2025-11-29/1762663280.json"
"365170","146153","2025-11-29","48.00","NZD","1762663280","23477/2025-11-29/1762663280.json"
"510807","146155","2025-11-29","52.00","NZD","1762663280","23477/2025-11-29/1762663280.json"
"581513","221281","2025-12-02","36.00","NZD","1762663280","23477/2025-12-02/1762663280.json"
"581514","221282","2025-12-02","36.00","NZD","1762663280","23477/2025-12-02/1762663280.json"
"512557","146154","2025-12-02","45.00","NZD","1762663280","23477/2025-12-02/1762663280.json"
"365170","146153","2025-12-02","48.00","NZD","1762663280","23477/2025-12-02/1762663280.json"
"510807","146155","2025-12-02","52.00","NZD","1762663280","23477/2025-12-02/1762663280.json"
"581513","221281","2025-11-30","36.00","NZD","1762663280","23477/2025-11-30/1762663280.json"
"581514","221282","2025-11-30","36.00","NZD","1762663280","23477/2025-11-30/1762663280.json"
"512557","146154","2025-11-30","45.00","NZD","1762663280","23477/2025-11-30/1762663280.json"
"365170","146153","2025-11-30","48.00","NZD","1762663280","23477/2025-11-30/1762663280.json"
"510807","146155","2025-11-30","52.00","NZD","1762663280","23477/2025-11-30/1762663280.json"
"581513","221281","2025-12-01","36.00","NZD","1762663280","23477/2025-12-01/1762663280.json"
"581514","221282","2025-12-01","36.00","NZD","1762663280","23477/2025-12-01/1762663280.json"
"512557","146154","2025-12-01","45.00","NZD","1762663280","23477/2025-12-01/1762663280.json"
"365170","146153","2025-12-01","48.00","NZD","1762663280","23477/2025-12-01/1762663280.json"
"510807","146155","2025-12-01","52.00","NZD","1762663280","23477/2025-12-01/1762663280.json"
"581513","221281","2025-12-03","36.00","NZD","1762663280","23477/2025-12-03/1762663280.json"
"581514","221282","2025-12-03","36.00","NZD","1762663280","23477/2025-12-03/1762663280.json"
"512557","146154","2025-12-03","45.00","NZD","1762663280","23477/2025-12-03/1762663280.json"
"365170","146153","2025-12-03","48.00","NZD","1762663280","23477/2025-12-03/1762663280.json"
"510807","146155","2025-12-03","52.00","NZD","1762663280","23477/2025-12-03/1762663280.json"
"581513","221281","2025-12-04","36.00","NZD","1762663280","23477/2025-12-04/1762663280.json"
"581514","221282","2025-12-04","36.00","NZD","1762663280","23477/2025-12-04/1762663280.json"
"512557","146154","2025-12-04","45.00","NZD","1762663280","23477/2025-12-04/1762663280.json"
"365170","146153","2025-12-04","48.00","NZD","1762663280","23477/2025-12-04/1762663280.json"
"510807","146155","2025-12-04","52.00","NZD","1762663280","23477/2025-12-04/1762663280.json"
"581513","221281","2025-12-05","36.00","NZD","1762663280","23477/2025-12-05/1762663280.json"
"581514","221282","2025-12-05","36.00","NZD","1762663280","23477/2025-12-05/1762663280.json"
"512557","146154","2025-12-05","45.00","NZD","1762663280","23477/2025-12-05/1762663280.json"
"365170","146153","2025-12-05","48.00","NZD","1762663280","23477/2025-12-05/1762663280.json"
"510807","146155","2025-12-05","52.00","NZD","1762663280","23477/2025-12-05/1762663280.json"
"581513","221281","2025-12-06","36.00","NZD","1762663280","23477/2025-12-06/1762663280.json"
"581514","221282","2025-12-06","36.00","NZD","1762663280","23477/2025-12-06/1762663280.json"
"512557","146154","2025-12-06","45.00","NZD","1762663280","23477/2025-12-06/1762663280.json"
"365170","146153","2025-12-06","48.00","NZD","1762663280","23477/2025-12-06/1762663280.json"
"510807","146155","2025-12-06","52.00","NZD","1762663280","23477/2025-12-06/1762663280.json"
"581513","221281","2025-12-07","36.00","NZD","1762663280","23477/2025-12-07/1762663280.json"
"581514","221282","2025-12-07","36.00","NZD","1762663280","23477/2025-12-07/1762663280.json"
"512557","146154","2025-12-07","45.00","NZD","1762663280","23477/2025-12-07/1762663280.json"
"365170","146153","2025-12-07","48.00","NZD","1762663280","23477/2025-12-07/1762663280.json"
"510807","146155","2025-12-07","52.00","NZD","1762663280","23477/2025-12-07/1762663280.json"
"581513","221281","2025-12-08","36.00","NZD","1762663280","23477/2025-12-08/1762663280.json"
"581514","221282","2025-12-08","36.00","NZD","1762663280","23477/2025-12-08/1762663280.json"
"512557","146154","2025-12-08","45.00","NZD","1762663280","23477/2025-12-08/1762663280.json"
"365170","146153","2025-12-08","48.00","NZD","1762663280","23477/2025-12-08/1762663280.json"
"510807","146155","2025-12-08","52.00","NZD","1762663280","23477/2025-12-08/1762663280.json"
"581513","221281","2025-12-10","36.00","NZD","1762663280","23477/2025-12-10/1762663280.json"
"581514","221282","2025-12-10","36.00","NZD","1762663280","23477/2025-12-10/1762663280.json"
"512557","146154","2025-12-10","45.00","NZD","1762663280","23477/2025-12-10/1762663280.json"
"365170","146153","2025-12-10","48.00","NZD","1762663280","23477/2025-12-10/1762663280.json"
"510807","146155","2025-12-10","52.00","NZD","1762663280","23477/2025-12-10/1762663280.json"
"581513","221281","2025-12-09","36.00","NZD","1762663280","23477/2025-12-09/1762663280.json"
"581514","221282","2025-12-09","36.00","NZD","1762663280","23477/2025-12-09/1762663280.json"
"512557","146154","2025-12-09","45.00","NZD","1762663280","23477/2025-12-09/1762663280.json"
"365170","146153","2025-12-09","48.00","NZD","1762663280","23477/2025-12-09/1762663280.json"
"510807","146155","2025-12-09","52.00","NZD","1762663280","23477/2025-12-09/1762663280.json"
"581513","221281","2025-12-11","36.00","NZD","1762663280","23477/2025-12-11/1762663280.json"
"581514","221282","2025-12-11","36.00","NZD","1762663280","23477/2025-12-11/1762663280.json"
"512557","146154","2025-12-11","45.00","NZD","1762663280","23477/2025-12-11/1762663280.json"
"365170","146153","2025-12-11","48.00","NZD","1762663280","23477/2025-12-11/1762663280.json"
"510807","146155","2025-12-11","52.00","NZD","1762663280","23477/2025-12-11/1762663280.json"
"581513","221281","2025-12-14","36.00","NZD","1762663280","23477/2025-12-14/1762663280.json"
"581514","221282","2025-12-14","36.00","NZD","1762663280","23477/2025-12-14/1762663280.json"
"512557","146154","2025-12-14","45.00","NZD","1762663280","23477/2025-12-14/1762663280.json"
"365170","146153","2025-12-14","48.00","NZD","1762663280","23477/2025-12-14/1762663280.json"
"510807","146155","2025-12-14","52.00","NZD","1762663280","23477/2025-12-14/1762663280.json"
"581513","221281","2025-12-12","36.00","NZD","1762663280","23477/2025-12-12/1762663280.json"
"581514","221282","2025-12-12","36.00","NZD","1762663280","23477/2025-12-12/1762663280.json"
"512557","146154","2025-12-12","45.00","NZD","1762663280","23477/2025-12-12/1762663280.json"
"365170","146153","2025-12-12","48.00","NZD","1762663280","23477/2025-12-12/1762663280.json"
"510807","146155","2025-12-12","52.00","NZD","1762663280","23477/2025-12-12/1762663280.json"
"581513","221281","2025-12-13","36.00","NZD","1762663280","23477/2025-12-13/1762663280.json"
"581514","221282","2025-12-13","36.00","NZD","1762663280","23477/2025-12-13/1762663280.json"
"512557","146154","2025-12-13","45.00","NZD","1762663280","23477/2025-12-13/1762663280.json"
"365170","146153","2025-12-13","48.00","NZD","1762663280","23477/2025-12-13/1762663280.json"
"510807","146155","2025-12-13","52.00","NZD","1762663280","23477/2025-12-13/1762663280.json"
"581513","221281","2025-12-15","36.00","NZD","1762663280","23477/2025-12-15/1762663280.json"
"581514","221282","2025-12-15","36.00","NZD","1762663280","23477/2025-12-15/1762663280.json"
"512557","146154","2025-12-15","45.00","NZD","1762663280","23477/2025-12-15/1762663280.json"
"365170","146153","2025-12-15","48.00","NZD","1762663280","23477/2025-12-15/1762663280.json"
"510807","146155","2025-12-15","52.00","NZD","1762663280","23477/2025-12-15/1762663280.json"
"581513","221281","2025-12-16","36.00","NZD","1762663280","23477/2025-12-16/1762663280.json"
"581514","221282","2025-12-16","36.00","NZD","1762663280","23477/2025-12-16/1762663280.json"
"512557","146154","2025-12-16","45.00","NZD","1762663280","23477/2025-12-16/1762663280.json"
"365170","146153","2025-12-16","48.00","NZD","1762663280","23477/2025-12-16/1762663280.json"
"510807","146155","2025-12-16","52.00","NZD","1762663280","23477/2025-12-16/1762663280.json"
"581513","221281","2025-12-18","36.00","NZD","1762663280","23477/2025-12-18/1762663280.json"
"581514","221282","2025-12-18","36.00","NZD","1762663280","23477/2025-12-18/1762663280.json"
"512557","146154","2025-12-18","45.00","NZD","1762663280","23477/2025-12-18/1762663280.json"
"365170","146153","2025-12-18","48.00","NZD","1762663280","23477/2025-12-18/1762663280.json"
"510807","146155","2025-12-18","52.00","NZD","1762663280","23477/2025-12-18/1762663280.json"
"581513","221281","2025-12-17","36.00","NZD","1762663280","23477/2025-12-17/1762663280.json"
"581514","221282","2025-12-17","36.00","NZD","1762663280","23477/2025-12-17/1762663280.json"
"512557","146154","2025-12-17","45.00","NZD","1762663280","23477/2025-12-17/1762663280.json"
"365170","146153","2025-12-17","48.00","NZD","1762663280","23477/2025-12-17/1762663280.json"
"510807","146155","2025-12-17","52.00","NZD","1762663280","23477/2025-12-17/1762663280.json"
"581513","221281","2025-12-20","36.00","NZD","1762663280","23477/2025-12-20/1762663280.json"
"581514","221282","2025-12-20","36.00","NZD","1762663280","23477/2025-12-20/1762663280.json"
"512557","146154","2025-12-20","45.00","NZD","1762663280","23477/2025-12-20/1762663280.json"
"365170","146153","2025-12-20","48.00","NZD","1762663280","23477/2025-12-20/1762663280.json"
"510807","146155","2025-12-20","52.00","NZD","1762663280","23477/2025-12-20/1762663280.json"
"581513","221281","2025-12-19","36.00","NZD","1762663280","23477/2025-12-19/1762663280.json"
"581514","221282","2025-12-19","36.00","NZD","1762663280","23477/2025-12-19/1762663280.json"
"512557","146154","2025-12-19","45.00","NZD","1762663280","23477/2025-12-19/1762663280.json"
"365170","146153","2025-12-19","48.00","NZD","1762663280","23477/2025-12-19/1762663280.json"
"510807","146155","2025-12-19","52.00","NZD","1762663280","23477/2025-12-19/1762663280.json"
"581513","221281","2025-12-21","36.00","NZD","1762663280","23477/2025-12-21/1762663280.json"
"581514","221282","2025-12-21","36.00","NZD","1762663280","23477/2025-12-21/1762663280.json"
"512557","146154","2025-12-21","45.00","NZD","1762663280","23477/2025-12-21/1762663280.json"
"365170","146153","2025-12-21","48.00","NZD","1762663280","23477/2025-12-21/1762663280.json"
"510807","146155","2025-12-21","52.00","NZD","1762663280","23477/2025-12-21/1762663280.json"
"581513","221281","2025-12-22","36.00","NZD","1762663280","23477/2025-12-22/1762663280.json"
"581514","221282","2025-12-22","36.00","NZD","1762663280","23477/2025-12-22/1762663280.json"
"512557","146154","2025-12-22","45.00","NZD","1762663280","23477/2025-12-22/1762663280.json"
"365170","146153","2025-12-22","48.00","NZD","1762663280","23477/2025-12-22/1762663280.json"
"510807","146155","2025-12-22","52.00","NZD","1762663280","23477/2025-12-22/1762663280.json"
"581513","221281","2025-12-23","38.00","NZD","1762663280","23477/2025-12-23/1762663280.json"
"581514","221282","2025-12-23","38.00","NZD","1762663280","23477/2025-12-23/1762663280.json"
"512557","146154","2025-12-23","45.00","NZD","1762663280","23477/2025-12-23/1762663280.json"
"365170","146153","2025-12-23","48.00","NZD","1762663280","23477/2025-12-23/1762663280.json"
"510807","146155","2025-12-23","52.00","NZD","1762663280","23477/2025-12-23/1762663280.json"
"581513","221281","2025-12-24","38.00","NZD","1762663280","23477/2025-12-24/1762663280.json"
"581514","221282","2025-12-24","38.00","NZD","1762663280","23477/2025-12-24/1762663280.json"
"512557","146154","2025-12-24","45.00","NZD","1762663280","23477/2025-12-24/1762663280.json"
"365170","146153","2025-12-24","48.00","NZD","1762663280","23477/2025-12-24/1762663280.json"
"510807","146155","2025-12-24","52.00","NZD","1762663280","23477/2025-12-24/1762663280.json"
"581513","221281","2025-12-25","38.00","NZD","1762663280","23477/2025-12-25/1762663280.json"
"581514","221282","2025-12-25","38.00","NZD","1762663280","23477/2025-12-25/1762663280.json"
"512557","146154","2025-12-25","45.00","NZD","1762663280","23477/2025-12-25/1762663280.json"
"365170","146153","2025-12-25","48.00","NZD","1762663280","23477/2025-12-25/1762663280.json"
"510807","146155","2025-12-25","52.00","NZD","1762663280","23477/2025-12-25/1762663280.json"
"581513","221281","2025-12-26","42.00","NZD","1762663280","23477/2025-12-26/1762663280.json"
"581514","221282","2025-12-26","42.00","NZD","1762663280","23477/2025-12-26/1762663280.json"
"512557","146154","2025-12-26","45.00","NZD","1762663280","23477/2025-12-26/1762663280.json"
"365170","146153","2025-12-26","48.00","NZD","1762663280","23477/2025-12-26/1762663280.json"
"510807","146155","2025-12-26","52.00","NZD","1762663280","23477/2025-12-26/1762663280.json"
"581513","221281","2025-12-28","42.00","NZD","1762663280","23477/2025-12-28/1762663280.json"
"581514","221282","2025-12-28","42.00","NZD","1762663280","23477/2025-12-28/1762663280.json"
"512557","146154","2025-12-28","45.00","NZD","1762663280","23477/2025-12-28/1762663280.json"
"365170","146153","2025-12-28","48.00","NZD","1762663280","23477/2025-12-28/1762663280.json"
"510807","146155","2025-12-28","52.00","NZD","1762663280","23477/2025-12-28/1762663280.json"
"581513","221281","2025-12-27","42.00","NZD","1762663280","23477/2025-12-27/1762663280.json"
"581514","221282","2025-12-27","42.00","NZD","1762663280","23477/2025-12-27/1762663280.json"
"512557","146154","2025-12-27","45.00","NZD","1762663280","23477/2025-12-27/1762663280.json"
"365170","146153","2025-12-27","48.00","NZD","1762663280","23477/2025-12-27/1762663280.json"
"510807","146155","2025-12-27","52.00","NZD","1762663280","23477/2025-12-27/1762663280.json"
"581513","221281","2025-12-30","42.00","NZD","1762663280","23477/2025-12-30/1762663280.json"
"581514","221282","2025-12-30","42.00","NZD","1762663280","23477/2025-12-30/1762663280.json"
"512557","146154","2025-12-30","45.00","NZD","1762663280","23477/2025-12-30/1762663280.json"
"365170","146153","2025-12-30","48.00","NZD","1762663280","23477/2025-12-30/1762663280.json"
"510807","146155","2025-12-30","52.00","NZD","1762663280","23477/2025-12-30/1762663280.json"
"581513","221281","2025-12-29","42.00","NZD","1762663280","23477/2025-12-29/1762663280.json"
"581514","221282","2025-12-29","42.00","NZD","1762663280","23477/2025-12-29/1762663280.json"
"512557","146154","2025-12-29","45.00","NZD","1762663280","23477/2025-12-29/1762663280.json"
"365170","146153","2025-12-29","48.00","NZD","1762663280","23477/2025-12-29/1762663280.json"
"510807","146155","2025-12-29","52.00","NZD","1762663280","23477/2025-12-29/1762663280.json"
"581513","221281","2025-12-31","42.00","NZD","1762663280","23477/2025-12-31/1762663280.json"
"581514","221282","2025-12-31","42.00","NZD","1762663280","23477/2025-12-31/1762663280.json"
"512557","146154","2025-12-31","45.00","NZD","1762663280","23477/2025-12-31/1762663280.json"
"365170","146153","2025-12-31","48.00","NZD","1762663280","23477/2025-12-31/1762663280.json"
"510807","146155","2025-12-31","52.00","NZD","1762663280","23477/2025-12-31/1762663280.json"
"581513","221281","2026-01-01","42.00","NZD","1762663280","23477/2026-01-01/1762663280.json"
"581514","221282","2026-01-01","42.00","NZD","1762663280","23477/2026-01-01/1762663280.json"
"512557","146154","2026-01-01","45.00","NZD","1762663280","23477/2026-01-01/1762663280.json"
"365170","146153","2026-01-01","48.00","NZD","1762663280","23477/2026-01-01/1762663280.json"
"510807","146155","2026-01-01","52.00","NZD","1762663280","23477/2026-01-01/1762663280.json"
"581513","221281","2026-01-02","42.00","NZD","1762663280","23477/2026-01-02/1762663280.json"
"581514","221282","2026-01-02","42.00","NZD","1762663280","23477/2026-01-02/1762663280.json"
"512557","146154","2026-01-02","45.00","NZD","1762663280","23477/2026-01-02/1762663280.json"
"365170","146153","2026-01-02","48.00","NZD","1762663280","23477/2026-01-02/1762663280.json"
"510807","146155","2026-01-02","52.00","NZD","1762663280","23477/2026-01-02/1762663280.json"
"581513","221281","2026-01-03","42.00","NZD","1762663280","23477/2026-01-03/1762663280.json"
"581514","221282","2026-01-03","42.00","NZD","1762663280","23477/2026-01-03/1762663280.json"
"512557","146154","2026-01-03","45.00","NZD","1762663280","23477/2026-01-03/1762663280.json"
"365170","146153","2026-01-03","48.00","NZD","1762663280","23477/2026-01-03/1762663280.json"
"510807","146155","2026-01-03","52.00","NZD","1762663280","23477/2026-01-03/1762663280.json"
"581513","221281","2026-01-04","42.00","NZD","1762663280","23477/2026-01-04/1762663280.json"
"581514","221282","2026-01-04","42.00","NZD","1762663280","23477/2026-01-04/1762663280.json"
"512557","146154","2026-01-04","45.00","NZD","1762663280","23477/2026-01-04/1762663280.json"
"365170","146153","2026-01-04","48.00","NZD","1762663280","23477/2026-01-04/1762663280.json"
"510807","146155","2026-01-04","52.00","NZD","1762663280","23477/2026-01-04/1762663280.json"
"581513","221281","2026-01-05","36.00","NZD","1762663280","23477/2026-01-05/1762663280.json"
"581514","221282","2026-01-05","36.00","NZD","1762663280","23477/2026-01-05/1762663280.json"
"512557","146154","2026-01-05","45.00","NZD","1762663280","23477/2026-01-05/1762663280.json"
"365170","146153","2026-01-05","48.00","NZD","1762663280","23477/2026-01-05/1762663280.json"
"510807","146155","2026-01-05","52.00","NZD","1762663280","23477/2026-01-05/1762663280.json"
"581513","221281","2026-01-06","36.00","NZD","1762663280","23477/2026-01-06/1762663280.json"
"581514","221282","2026-01-06","36.00","NZD","1762663280","23477/2026-01-06/1762663280.json"
"512557","146154","2026-01-06","45.00","NZD","1762663280","23477/2026-01-06/1762663280.json"
"365170","146153","2026-01-06","48.00","NZD","1762663280","23477/2026-01-06/1762663280.json"
"510807","146155","2026-01-06","52.00","NZD","1762663280","23477/2026-01-06/1762663280.json"
"581513","221281","2026-01-07","36.00","NZD","1762663280","23477/2026-01-07/1762663280.json"
"581514","221282","2026-01-07","36.00","NZD","1762663280","23477/2026-01-07/1762663280.json"
"512557","146154","2026-01-07","45.00","NZD","1762663280","23477/2026-01-07/1762663280.json"
"365170","146153","2026-01-07","48.00","NZD","1762663280","23477/2026-01-07/1762663280.json"
"510807","146155","2026-01-07","52.00","NZD","1762663280","23477/2026-01-07/1762663280.json"
"581513","221281","2026-01-08","36.00","NZD","1762663280","23477/2026-01-08/1762663280.json"
"581514","221282","2026-01-08","36.00","NZD","1762663280","23477/2026-01-08/1762663280.json"
"512557","146154","2026-01-08","45.00","NZD","1762663280","23477/2026-01-08/1762663280.json"
"365170","146153","2026-01-08","48.00","NZD","1762663280","23477/2026-01-08/1762663280.json"
"510807","146155","2026-01-08","52.00","NZD","1762663280","23477/2026-01-08/1762663280.json"
"581513","221281","2025-11-10","36.00","NZD","1762677741","23477/2025-11-10/1762677741.json"
"581514","221282","2025-11-10","36.00","NZD","1762677741","23477/2025-11-10/1762677741.json"
"512557","146154","2025-11-10","45.00","NZD","1762677741","23477/2025-11-10/1762677741.json"
"365170","146153","2025-11-10","48.00","NZD","1762677741","23477/2025-11-10/1762677741.json"
"510807","146155","2025-11-10","52.00","NZD","1762677741","23477/2025-11-10/1762677741.json"
"581513","221281","2025-11-11","36.00","NZD","1762677741","23477/2025-11-11/1762677741.json"
"581514","221282","2025-11-11","36.00","NZD","1762677741","23477/2025-11-11/1762677741.json"
"512557","146154","2025-11-11","45.00","NZD","1762677741","23477/2025-11-11/1762677741.json"
"365170","146153","2025-11-11","48.00","NZD","1762677741","23477/2025-11-11/1762677741.json"
"510807","146155","2025-11-11","52.00","NZD","1762677741","23477/2025-11-11/1762677741.json"
"581513","221281","2025-11-09","36.00","NZD","1762677741","23477/2025-11-09/1762677741.json"
"581514","221282","2025-11-09","36.00","NZD","1762677741","23477/2025-11-09/1762677741.json"
"512557","146154","2025-11-09","45.00","NZD","1762677741","23477/2025-11-09/1762677741.json"
"365170","146153","2025-11-09","48.00","NZD","1762677741","23477/2025-11-09/1762677741.json"
"510807","146155","2025-11-09","52.00","NZD","1762677741","23477/2025-11-09/1762677741.json"
"581513","221281","2025-11-12","36.00","NZD","1762677741","23477/2025-11-12/1762677741.json"
"581514","221282","2025-11-12","36.00","NZD","1762677741","23477/2025-11-12/1762677741.json"
"512557","146154","2025-11-12","45.00","NZD","1762677741","23477/2025-11-12/1762677741.json"
"365170","146153","2025-11-12","48.00","NZD","1762677741","23477/2025-11-12/1762677741.json"
"510807","146155","2025-11-12","52.00","NZD","1762677741","23477/2025-11-12/1762677741.json"
"581513","221281","2025-11-13","36.00","NZD","1762677741","23477/2025-11-13/1762677741.json"
"581514","221282","2025-11-13","36.00","NZD","1762677741","23477/2025-11-13/1762677741.json"
"512557","146154","2025-11-13","45.00","NZD","1762677741","23477/2025-11-13/1762677741.json"
"365170","146153","2025-11-13","48.00","NZD","1762677741","23477/2025-11-13/1762677741.json"
"510807","146155","2025-11-13","52.00","NZD","1762677741","23477/2025-11-13/1762677741.json"
"581513","221281","2025-11-14","36.00","NZD","1762677741","23477/2025-11-14/1762677741.json"
"581514","221282","2025-11-14","36.00","NZD","1762677741","23477/2025-11-14/1762677741.json"
"512557","146154","2025-11-14","45.00","NZD","1762677741","23477/2025-11-14/1762677741.json"
"365170","146153","2025-11-14","48.00","NZD","1762677741","23477/2025-11-14/1762677741.json"
"510807","146155","2025-11-14","52.00","NZD","1762677741","23477/2025-11-14/1762677741.json"
"581513","221281","2025-11-16","36.00","NZD","1762677741","23477/2025-11-16/1762677741.json"
"581514","221282","2025-11-16","36.00","NZD","1762677741","23477/2025-11-16/1762677741.json"
"512557","146154","2025-11-16","45.00","NZD","1762677741","23477/2025-11-16/1762677741.json"
"365170","146153","2025-11-16","48.00","NZD","1762677741","23477/2025-11-16/1762677741.json"
"510807","146155","2025-11-16","52.00","NZD","1762677741","23477/2025-11-16/1762677741.json"
"581513","221281","2025-11-15","36.00","NZD","1762677741","23477/2025-11-15/1762677741.json"
"581514","221282","2025-11-15","36.00","NZD","1762677741","23477/2025-11-15/1762677741.json"
"512557","146154","2025-11-15","45.00","NZD","1762677741","23477/2025-11-15/1762677741.json"
"365170","146153","2025-11-15","48.00","NZD","1762677741","23477/2025-11-15/1762677741.json"
"510807","146155","2025-11-15","52.00","NZD","1762677741","23477/2025-11-15/1762677741.json"
"581513","221281","2025-11-17","36.00","NZD","1762677741","23477/2025-11-17/1762677741.json"
"581514","221282","2025-11-17","36.00","NZD","1762677741","23477/2025-11-17/1762677741.json"
"512557","146154","2025-11-17","45.00","NZD","1762677741","23477/2025-11-17/1762677741.json"
"365170","146153","2025-11-17","48.00","NZD","1762677741","23477/2025-11-17/1762677741.json"
"510807","146155","2025-11-17","52.00","NZD","1762677741","23477/2025-11-17/1762677741.json"
"581513","221281","2025-11-18","36.00","NZD","1762677741","23477/2025-11-18/1762677741.json"
"581514","221282","2025-11-18","36.00","NZD","1762677741","23477/2025-11-18/1762677741.json"
"512557","146154","2025-11-18","45.00","NZD","1762677741","23477/2025-11-18/1762677741.json"
"365170","146153","2025-11-18","48.00","NZD","1762677741","23477/2025-11-18/1762677741.json"
"510807","146155","2025-11-18","52.00","NZD","1762677741","23477/2025-11-18/1762677741.json"
"581513","221281","2025-11-19","36.00","NZD","1762677741","23477/2025-11-19/1762677741.json"
"581514","221282","2025-11-19","36.00","NZD","1762677741","23477/2025-11-19/1762677741.json"
"512557","146154","2025-11-19","45.00","NZD","1762677741","23477/2025-11-19/1762677741.json"
"365170","146153","2025-11-19","48.00","NZD","1762677741","23477/2025-11-19/1762677741.json"
"510807","146155","2025-11-19","52.00","NZD","1762677741","23477/2025-11-19/1762677741.json"
"581513","221281","2025-11-20","36.00","NZD","1762677741","23477/2025-11-20/1762677741.json"
"581514","221282","2025-11-20","36.00","NZD","1762677741","23477/2025-11-20/1762677741.json"
"512557","146154","2025-11-20","45.00","NZD","1762677741","23477/2025-11-20/1762677741.json"
"581513","221281","2025-11-21","36.00","NZD","1762677741","23477/2025-11-21/1762677741.json"
"581514","221282","2025-11-21","36.00","NZD","1762677741","23477/2025-11-21/1762677741.json"
"512557","146154","2025-11-21","45.00","NZD","1762677741","23477/2025-11-21/1762677741.json"
"365170","146153","2025-11-21","48.00","NZD","1762677741","23477/2025-11-21/1762677741.json"
"510807","146155","2025-11-21","52.00","NZD","1762677741","23477/2025-11-21/1762677741.json"
"581513","221281","2025-11-22","36.00","NZD","1762677741","23477/2025-11-22/1762677741.json"
"581514","221282","2025-11-22","36.00","NZD","1762677741","23477/2025-11-22/1762677741.json"
"512557","146154","2025-11-22","45.00","NZD","1762677741","23477/2025-11-22/1762677741.json"
"365170","146153","2025-11-22","48.00","NZD","1762677741","23477/2025-11-22/1762677741.json"
"510807","146155","2025-11-22","52.00","NZD","1762677741","23477/2025-11-22/1762677741.json"
"581513","221281","2025-11-23","36.00","NZD","1762677741","23477/2025-11-23/1762677741.json"
"581514","221282","2025-11-23","36.00","NZD","1762677741","23477/2025-11-23/1762677741.json"
"512557","146154","2025-11-23","45.00","NZD","1762677741","23477/2025-11-23/1762677741.json"
"365170","146153","2025-11-23","48.00","NZD","1762677741","23477/2025-11-23/1762677741.json"
"510807","146155","2025-11-23","52.00","NZD","1762677741","23477/2025-11-23/1762677741.json"
"581513","221281","2025-11-24","36.00","NZD","1762677741","23477/2025-11-24/1762677741.json"
"581514","221282","2025-11-24","36.00","NZD","1762677741","23477/2025-11-24/1762677741.json"
"512557","146154","2025-11-24","45.00","NZD","1762677741","23477/2025-11-24/1762677741.json"
"365170","146153","2025-11-24","48.00","NZD","1762677741","23477/2025-11-24/1762677741.json"
"510807","146155","2025-11-24","52.00","NZD","1762677741","23477/2025-11-24/1762677741.json"
"581513","221281","2025-11-26","36.00","NZD","1762677741","23477/2025-11-26/1762677741.json"
"581514","221282","2025-11-26","36.00","NZD","1762677741","23477/2025-11-26/1762677741.json"
"512557","146154","2025-11-26","45.00","NZD","1762677741","23477/2025-11-26/1762677741.json"
"365170","146153","2025-11-26","48.00","NZD","1762677741","23477/2025-11-26/1762677741.json"
"510807","146155","2025-11-26","52.00","NZD","1762677741","23477/2025-11-26/1762677741.json"
"581513","221281","2025-11-25","36.00","NZD","1762677741","23477/2025-11-25/1762677741.json"
"581514","221282","2025-11-25","36.00","NZD","1762677741","23477/2025-11-25/1762677741.json"
"512557","146154","2025-11-25","45.00","NZD","1762677741","23477/2025-11-25/1762677741.json"
"365170","146153","2025-11-25","48.00","NZD","1762677741","23477/2025-11-25/1762677741.json"
"510807","146155","2025-11-25","52.00","NZD","1762677741","23477/2025-11-25/1762677741.json"
"581513","221281","2025-11-27","36.00","NZD","1762677741","23477/2025-11-27/1762677741.json"
"581514","221282","2025-11-27","36.00","NZD","1762677741","23477/2025-11-27/1762677741.json"
"512557","146154","2025-11-27","45.00","NZD","1762677741","23477/2025-11-27/1762677741.json"
"365170","146153","2025-11-27","48.00","NZD","1762677741","23477/2025-11-27/1762677741.json"
"510807","146155","2025-11-27","52.00","NZD","1762677741","23477/2025-11-27/1762677741.json"
"581513","221281","2025-11-30","36.00","NZD","1762677741","23477/2025-11-30/1762677741.json"
"581514","221282","2025-11-30","36.00","NZD","1762677741","23477/2025-11-30/1762677741.json"
"512557","146154","2025-11-30","45.00","NZD","1762677741","23477/2025-11-30/1762677741.json"
"365170","146153","2025-11-30","48.00","NZD","1762677741","23477/2025-11-30/1762677741.json"
"510807","146155","2025-11-30","52.00","NZD","1762677741","23477/2025-11-30/1762677741.json"
"581513","221281","2025-11-29","36.00","NZD","1762677741","23477/2025-11-29/1762677741.json"
"581514","221282","2025-11-29","36.00","NZD","1762677741","23477/2025-11-29/1762677741.json"
"512557","146154","2025-11-29","45.00","NZD","1762677741","23477/2025-11-29/1762677741.json"
"365170","146153","2025-11-29","48.00","NZD","1762677741","23477/2025-11-29/1762677741.json"
"510807","146155","2025-11-29","52.00","NZD","1762677741","23477/2025-11-29/1762677741.json"
"581513","221281","2025-12-01","36.00","NZD","1762677741","23477/2025-12-01/1762677741.json"
"581514","221282","2025-12-01","36.00","NZD","1762677741","23477/2025-12-01/1762677741.json"
"512557","146154","2025-12-01","45.00","NZD","1762677741","23477/2025-12-01/1762677741.json"
"365170","146153","2025-12-01","48.00","NZD","1762677741","23477/2025-12-01/1762677741.json"
"510807","146155","2025-12-01","52.00","NZD","1762677741","23477/2025-12-01/1762677741.json"
"581513","221281","2025-11-28","36.00","NZD","1762677741","23477/2025-11-28/1762677741.json"
"581514","221282","2025-11-28","36.00","NZD","1762677741","23477/2025-11-28/1762677741.json"
"512557","146154","2025-11-28","45.00","NZD","1762677741","23477/2025-11-28/1762677741.json"
"365170","146153","2025-11-28","48.00","NZD","1762677741","23477/2025-11-28/1762677741.json"
"510807","146155","2025-11-28","52.00","NZD","1762677741","23477/2025-11-28/1762677741.json"
"581513","221281","2025-12-02","36.00","NZD","1762677741","23477/2025-12-02/1762677741.json"
"581514","221282","2025-12-02","36.00","NZD","1762677741","23477/2025-12-02/1762677741.json"
"512557","146154","2025-12-02","45.00","NZD","1762677741","23477/2025-12-02/1762677741.json"
"365170","146153","2025-12-02","48.00","NZD","1762677741","23477/2025-12-02/1762677741.json"
"510807","146155","2025-12-02","52.00","NZD","1762677741","23477/2025-12-02/1762677741.json"
"581513","221281","2025-12-03","36.00","NZD","1762677741","23477/2025-12-03/1762677741.json"
"581514","221282","2025-12-03","36.00","NZD","1762677741","23477/2025-12-03/1762677741.json"
"512557","146154","2025-12-03","45.00","NZD","1762677741","23477/2025-12-03/1762677741.json"
"365170","146153","2025-12-03","48.00","NZD","1762677741","23477/2025-12-03/1762677741.json"
"510807","146155","2025-12-03","52.00","NZD","1762677741","23477/2025-12-03/1762677741.json"
"581513","221281","2025-12-05","36.00","NZD","1762677741","23477/2025-12-05/1762677741.json"
"581514","221282","2025-12-05","36.00","NZD","1762677741","23477/2025-12-05/1762677741.json"
"512557","146154","2025-12-05","45.00","NZD","1762677741","23477/2025-12-05/1762677741.json"
"365170","146153","2025-12-05","48.00","NZD","1762677741","23477/2025-12-05/1762677741.json"
"510807","146155","2025-12-05","52.00","NZD","1762677741","23477/2025-12-05/1762677741.json"
"581513","221281","2025-12-04","36.00","NZD","1762677741","23477/2025-12-04/1762677741.json"
"581514","221282","2025-12-04","36.00","NZD","1762677741","23477/2025-12-04/1762677741.json"
"512557","146154","2025-12-04","45.00","NZD","1762677741","23477/2025-12-04/1762677741.json"
"365170","146153","2025-12-04","48.00","NZD","1762677741","23477/2025-12-04/1762677741.json"
"510807","146155","2025-12-04","52.00","NZD","1762677741","23477/2025-12-04/1762677741.json"
"581513","221281","2025-12-06","36.00","NZD","1762677741","23477/2025-12-06/1762677741.json"
"581514","221282","2025-12-06","36.00","NZD","1762677741","23477/2025-12-06/1762677741.json"
"512557","146154","2025-12-06","45.00","NZD","1762677741","23477/2025-12-06/1762677741.json"
"365170","146153","2025-12-06","48.00","NZD","1762677741","23477/2025-12-06/1762677741.json"
"510807","146155","2025-12-06","52.00","NZD","1762677741","23477/2025-12-06/1762677741.json"
"581513","221281","2025-12-07","36.00","NZD","1762677741","23477/2025-12-07/1762677741.json"
"581514","221282","2025-12-07","36.00","NZD","1762677741","23477/2025-12-07/1762677741.json"
"512557","146154","2025-12-07","45.00","NZD","1762677741","23477/2025-12-07/1762677741.json"
"365170","146153","2025-12-07","48.00","NZD","1762677741","23477/2025-12-07/1762677741.json"
"510807","146155","2025-12-07","52.00","NZD","1762677741","23477/2025-12-07/1762677741.json"
"581513","221281","2025-12-08","36.00","NZD","1762677741","23477/2025-12-08/1762677741.json"
"581514","221282","2025-12-08","36.00","NZD","1762677741","23477/2025-12-08/1762677741.json"
"512557","146154","2025-12-08","45.00","NZD","1762677741","23477/2025-12-08/1762677741.json"
"365170","146153","2025-12-08","48.00","NZD","1762677741","23477/2025-12-08/1762677741.json"
"510807","146155","2025-12-08","52.00","NZD","1762677741","23477/2025-12-08/1762677741.json"
"581513","221281","2025-12-09","36.00","NZD","1762677741","23477/2025-12-09/1762677741.json"
"581514","221282","2025-12-09","36.00","NZD","1762677741","23477/2025-12-09/1762677741.json"
"512557","146154","2025-12-09","45.00","NZD","1762677741","23477/2025-12-09/1762677741.json"
"365170","146153","2025-12-09","48.00","NZD","1762677741","23477/2025-12-09/1762677741.json"
"510807","146155","2025-12-09","52.00","NZD","1762677741","23477/2025-12-09/1762677741.json"
"581513","221281","2025-12-11","36.00","NZD","1762677741","23477/2025-12-11/1762677741.json"
"581514","221282","2025-12-11","36.00","NZD","1762677741","23477/2025-12-11/1762677741.json"
"512557","146154","2025-12-11","45.00","NZD","1762677741","23477/2025-12-11/1762677741.json"
"365170","146153","2025-12-11","48.00","NZD","1762677741","23477/2025-12-11/1762677741.json"
"510807","146155","2025-12-11","52.00","NZD","1762677741","23477/2025-12-11/1762677741.json"
"581513","221281","2025-12-10","36.00","NZD","1762677741","23477/2025-12-10/1762677741.json"
"581514","221282","2025-12-10","36.00","NZD","1762677741","23477/2025-12-10/1762677741.json"
"512557","146154","2025-12-10","45.00","NZD","1762677741","23477/2025-12-10/1762677741.json"
"365170","146153","2025-12-10","48.00","NZD","1762677741","23477/2025-12-10/1762677741.json"
"510807","146155","2025-12-10","52.00","NZD","1762677741","23477/2025-12-10/1762677741.json"
"581513","221281","2025-12-13","36.00","NZD","1762677741","23477/2025-12-13/1762677741.json"
"581514","221282","2025-12-13","36.00","NZD","1762677741","23477/2025-12-13/1762677741.json"
"512557","146154","2025-12-13","45.00","NZD","1762677741","23477/2025-12-13/1762677741.json"
"365170","146153","2025-12-13","48.00","NZD","1762677741","23477/2025-12-13/1762677741.json"
"510807","146155","2025-12-13","52.00","NZD","1762677741","23477/2025-12-13/1762677741.json"
"581513","221281","2025-12-14","36.00","NZD","1762677741","23477/2025-12-14/1762677741.json"
"581514","221282","2025-12-14","36.00","NZD","1762677741","23477/2025-12-14/1762677741.json"
"512557","146154","2025-12-14","45.00","NZD","1762677741","23477/2025-12-14/1762677741.json"
"365170","146153","2025-12-14","48.00","NZD","1762677741","23477/2025-12-14/1762677741.json"
"510807","146155","2025-12-14","52.00","NZD","1762677741","23477/2025-12-14/1762677741.json"
"581513","221281","2025-12-15","36.00","NZD","1762677741","23477/2025-12-15/1762677741.json"
"581514","221282","2025-12-15","36.00","NZD","1762677741","23477/2025-12-15/1762677741.json"
"512557","146154","2025-12-15","45.00","NZD","1762677741","23477/2025-12-15/1762677741.json"
"365170","146153","2025-12-15","48.00","NZD","1762677741","23477/2025-12-15/1762677741.json"
"510807","146155","2025-12-15","52.00","NZD","1762677741","23477/2025-12-15/1762677741.json"
"581513","221281","2025-12-12","36.00","NZD","1762677741","23477/2025-12-12/1762677741.json"
"581514","221282","2025-12-12","36.00","NZD","1762677741","23477/2025-12-12/1762677741.json"
"512557","146154","2025-12-12","45.00","NZD","1762677741","23477/2025-12-12/1762677741.json"
"365170","146153","2025-12-12","48.00","NZD","1762677741","23477/2025-12-12/1762677741.json"
"510807","146155","2025-12-12","52.00","NZD","1762677741","23477/2025-12-12/1762677741.json"
"581513","221281","2025-12-16","36.00","NZD","1762677741","23477/2025-12-16/1762677741.json"
"581514","221282","2025-12-16","36.00","NZD","1762677741","23477/2025-12-16/1762677741.json"
"512557","146154","2025-12-16","45.00","NZD","1762677741","23477/2025-12-16/1762677741.json"
"365170","146153","2025-12-16","48.00","NZD","1762677741","23477/2025-12-16/1762677741.json"
"510807","146155","2025-12-16","52.00","NZD","1762677741","23477/2025-12-16/1762677741.json"
"581513","221281","2025-12-18","36.00","NZD","1762677741","23477/2025-12-18/1762677741.json"
"581514","221282","2025-12-18","36.00","NZD","1762677741","23477/2025-12-18/1762677741.json"
"512557","146154","2025-12-18","45.00","NZD","1762677741","23477/2025-12-18/1762677741.json"
"365170","146153","2025-12-18","48.00","NZD","1762677741","23477/2025-12-18/1762677741.json"
"510807","146155","2025-12-18","52.00","NZD","1762677741","23477/2025-12-18/1762677741.json"
"581513","221281","2025-12-17","36.00","NZD","1762677741","23477/2025-12-17/1762677741.json"
"581514","221282","2025-12-17","36.00","NZD","1762677741","23477/2025-12-17/1762677741.json"
"512557","146154","2025-12-17","45.00","NZD","1762677741","23477/2025-12-17/1762677741.json"
"365170","146153","2025-12-17","48.00","NZD","1762677741","23477/2025-12-17/1762677741.json"
"510807","146155","2025-12-17","52.00","NZD","1762677741","23477/2025-12-17/1762677741.json"
"581513","221281","2025-12-19","36.00","NZD","1762677741","23477/2025-12-19/1762677741.json"
"581514","221282","2025-12-19","36.00","NZD","1762677741","23477/2025-12-19/1762677741.json"
"512557","146154","2025-12-19","45.00","NZD","1762677741","23477/2025-12-19/1762677741.json"
"365170","146153","2025-12-19","48.00","NZD","1762677741","23477/2025-12-19/1762677741.json"
"510807","146155","2025-12-19","52.00","NZD","1762677741","23477/2025-12-19/1762677741.json"
"581513","221281","2025-12-20","36.00","NZD","1762677741","23477/2025-12-20/1762677741.json"
"581514","221282","2025-12-20","36.00","NZD","1762677741","23477/2025-12-20/1762677741.json"
"512557","146154","2025-12-20","45.00","NZD","1762677741","23477/2025-12-20/1762677741.json"
"365170","146153","2025-12-20","48.00","NZD","1762677741","23477/2025-12-20/1762677741.json"
"510807","146155","2025-12-20","52.00","NZD","1762677741","23477/2025-12-20/1762677741.json"
"581513","221281","2025-12-21","36.00","NZD","1762677741","23477/2025-12-21/1762677741.json"
"581514","221282","2025-12-21","36.00","NZD","1762677741","23477/2025-12-21/1762677741.json"
"512557","146154","2025-12-21","45.00","NZD","1762677741","23477/2025-12-21/1762677741.json"
"365170","146153","2025-12-21","48.00","NZD","1762677741","23477/2025-12-21/1762677741.json"
"510807","146155","2025-12-21","52.00","NZD","1762677741","23477/2025-12-21/1762677741.json"
"581513","221281","2025-12-22","36.00","NZD","1762677741","23477/2025-12-22/1762677741.json"
"581514","221282","2025-12-22","36.00","NZD","1762677741","23477/2025-12-22/1762677741.json"
"512557","146154","2025-12-22","45.00","NZD","1762677741","23477/2025-12-22/1762677741.json"
"365170","146153","2025-12-22","48.00","NZD","1762677741","23477/2025-12-22/1762677741.json"
"510807","146155","2025-12-22","52.00","NZD","1762677741","23477/2025-12-22/1762677741.json"
"581513","221281","2025-12-23","38.00","NZD","1762677741","23477/2025-12-23/1762677741.json"
"581514","221282","2025-12-23","38.00","NZD","1762677741","23477/2025-12-23/1762677741.json"
"512557","146154","2025-12-23","45.00","NZD","1762677741","23477/2025-12-23/1762677741.json"
"365170","146153","2025-12-23","48.00","NZD","1762677741","23477/2025-12-23/1762677741.json"
"510807","146155","2025-12-23","52.00","NZD","1762677741","23477/2025-12-23/1762677741.json"
"581513","221281","2025-12-24","38.00","NZD","1762677741","23477/2025-12-24/1762677741.json"
"581514","221282","2025-12-24","38.00","NZD","1762677741","23477/2025-12-24/1762677741.json"
"512557","146154","2025-12-24","45.00","NZD","1762677741","23477/2025-12-24/1762677741.json"
"365170","146153","2025-12-24","48.00","NZD","1762677741","23477/2025-12-24/1762677741.json"
"510807","146155","2025-12-24","52.00","NZD","1762677741","23477/2025-12-24/1762677741.json"
"581513","221281","2025-12-25","38.00","NZD","1762677741","23477/2025-12-25/1762677741.json"
"581514","221282","2025-12-25","38.00","NZD","1762677741","23477/2025-12-25/1762677741.json"
"512557","146154","2025-12-25","45.00","NZD","1762677741","23477/2025-12-25/1762677741.json"
"365170","146153","2025-12-25","48.00","NZD","1762677741","23477/2025-12-25/1762677741.json"
"510807","146155","2025-12-25","52.00","NZD","1762677741","23477/2025-12-25/1762677741.json"
"581513","221281","2025-12-27","42.00","NZD","1762677741","23477/2025-12-27/1762677741.json"
"581514","221282","2025-12-27","42.00","NZD","1762677741","23477/2025-12-27/1762677741.json"
"512557","146154","2025-12-27","45.00","NZD","1762677741","23477/2025-12-27/1762677741.json"
"365170","146153","2025-12-27","48.00","NZD","1762677741","23477/2025-12-27/1762677741.json"
"581513","221281","2025-12-26","42.00","NZD","1762677741","23477/2025-12-26/1762677741.json"
"510807","146155","2025-12-27","52.00","NZD","1762677741","23477/2025-12-27/1762677741.json"
"581514","221282","2025-12-26","42.00","NZD","1762677741","23477/2025-12-26/1762677741.json"
"512557","146154","2025-12-26","45.00","NZD","1762677741","23477/2025-12-26/1762677741.json"
"365170","146153","2025-12-26","48.00","NZD","1762677741","23477/2025-12-26/1762677741.json"
"510807","146155","2025-12-26","52.00","NZD","1762677741","23477/2025-12-26/1762677741.json"
"581513","221281","2025-12-28","42.00","NZD","1762677741","23477/2025-12-28/1762677741.json"
"581514","221282","2025-12-28","42.00","NZD","1762677741","23477/2025-12-28/1762677741.json"
"512557","146154","2025-12-28","45.00","NZD","1762677741","23477/2025-12-28/1762677741.json"
"365170","146153","2025-12-28","48.00","NZD","1762677741","23477/2025-12-28/1762677741.json"
"510807","146155","2025-12-28","52.00","NZD","1762677741","23477/2025-12-28/1762677741.json"
"581513","221281","2025-12-29","42.00","NZD","1762677741","23477/2025-12-29/1762677741.json"
"581514","221282","2025-12-29","42.00","NZD","1762677741","23477/2025-12-29/1762677741.json"
"512557","146154","2025-12-29","45.00","NZD","1762677741","23477/2025-12-29/1762677741.json"
"365170","146153","2025-12-29","48.00","NZD","1762677741","23477/2025-12-29/1762677741.json"
"510807","146155","2025-12-29","52.00","NZD","1762677741","23477/2025-12-29/1762677741.json"
"581513","221281","2025-12-30","42.00","NZD","1762677741","23477/2025-12-30/1762677741.json"
"581513","221281","2025-12-31","42.00","NZD","1762677741","23477/2025-12-31/1762677741.json"
"581514","221282","2025-12-30","42.00","NZD","1762677741","23477/2025-12-30/1762677741.json"
"581514","221282","2025-12-31","42.00","NZD","1762677741","23477/2025-12-31/1762677741.json"
"512557","146154","2025-12-31","45.00","NZD","1762677741","23477/2025-12-31/1762677741.json"
"512557","146154","2025-12-30","45.00","NZD","1762677741","23477/2025-12-30/1762677741.json"
"365170","146153","2025-12-30","48.00","NZD","1762677741","23477/2025-12-30/1762677741.json"
"365170","146153","2025-12-31","48.00","NZD","1762677741","23477/2025-12-31/1762677741.json"
"510807","146155","2025-12-31","52.00","NZD","1762677741","23477/2025-12-31/1762677741.json"
"510807","146155","2025-12-30","52.00","NZD","1762677741","23477/2025-12-30/1762677741.json"
"581513","221281","2026-01-01","42.00","NZD","1762677741","23477/2026-01-01/1762677741.json"
"581514","221282","2026-01-01","42.00","NZD","1762677741","23477/2026-01-01/1762677741.json"
"512557","146154","2026-01-01","45.00","NZD","1762677741","23477/2026-01-01/1762677741.json"
"365170","146153","2026-01-01","48.00","NZD","1762677741","23477/2026-01-01/1762677741.json"
"510807","146155","2026-01-01","52.00","NZD","1762677741","23477/2026-01-01/1762677741.json"
"581513","221281","2026-01-02","42.00","NZD","1762677741","23477/2026-01-02/1762677741.json"
"581514","221282","2026-01-02","42.00","NZD","1762677741","23477/2026-01-02/1762677741.json"
"512557","146154","2026-01-02","45.00","NZD","1762677741","23477/2026-01-02/1762677741.json"
"365170","146153","2026-01-02","48.00","NZD","1762677741","23477/2026-01-02/1762677741.json"
"510807","146155","2026-01-02","52.00","NZD","1762677741","23477/2026-01-02/1762677741.json"
"581513","221281","2026-01-03","42.00","NZD","1762677741","23477/2026-01-03/1762677741.json"
"581514","221282","2026-01-03","42.00","NZD","1762677741","23477/2026-01-03/1762677741.json"
"512557","146154","2026-01-03","45.00","NZD","1762677741","23477/2026-01-03/1762677741.json"
"365170","146153","2026-01-03","48.00","NZD","1762677741","23477/2026-01-03/1762677741.json"
"510807","146155","2026-01-03","52.00","NZD","1762677741","23477/2026-01-03/1762677741.json"
"581513","221281","2026-01-04","42.00","NZD","1762677741","23477/2026-01-04/1762677741.json"
"581514","221282","2026-01-04","42.00","NZD","1762677741","23477/2026-01-04/1762677741.json"
"512557","146154","2026-01-04","45.00","NZD","1762677741","23477/2026-01-04/1762677741.json"
"365170","146153","2026-01-04","48.00","NZD","1762677741","23477/2026-01-04/1762677741.json"
"510807","146155","2026-01-04","52.00","NZD","1762677741","23477/2026-01-04/1762677741.json"
"581513","221281","2026-01-07","36.00","NZD","1762677741","23477/2026-01-07/1762677741.json"
"581514","221282","2026-01-07","36.00","NZD","1762677741","23477/2026-01-07/1762677741.json"
"512557","146154","2026-01-07","45.00","NZD","1762677741","23477/2026-01-07/1762677741.json"
"365170","146153","2026-01-07","48.00","NZD","1762677741","23477/2026-01-07/1762677741.json"
"510807","146155","2026-01-07","52.00","NZD","1762677741","23477/2026-01-07/1762677741.json"
"581513","221281","2026-01-08","36.00","NZD","1762677741","23477/2026-01-08/1762677741.json"
"581514","221282","2026-01-08","36.00","NZD","1762677741","23477/2026-01-08/1762677741.json"
"512557","146154","2026-01-08","45.00","NZD","1762677741","23477/2026-01-08/1762677741.json"
"365170","146153","2026-01-08","48.00","NZD","1762677741","23477/2026-01-08/1762677741.json"
"510807","146155","2026-01-08","52.00","NZD","1762677741","23477/2026-01-08/1762677741.json"
"581513","221281","2026-01-05","36.00","NZD","1762677741","23477/2026-01-05/1762677741.json"
"581514","221282","2026-01-05","36.00","NZD","1762677741","23477/2026-01-05/1762677741.json"
"512557","146154","2026-01-05","45.00","NZD","1762677741","23477/2026-01-05/1762677741.json"
"365170","146153","2026-01-05","48.00","NZD","1762677741","23477/2026-01-05/1762677741.json"
"510807","146155","2026-01-05","52.00","NZD","1762677741","23477/2026-01-05/1762677741.json"
"581513","221281","2026-01-06","36.00","NZD","1762677741","23477/2026-01-06/1762677741.json"
"581514","221282","2026-01-06","36.00","NZD","1762677741","23477/2026-01-06/1762677741.json"
"512557","146154","2026-01-06","45.00","NZD","1762677741","23477/2026-01-06/1762677741.json"
"365170","146153","2026-01-06","48.00","NZD","1762677741","23477/2026-01-06/1762677741.json"
"510807","146155","2026-01-06","52.00","NZD","1762677741","23477/2026-01-06/1762677741.json"
"581513","221281","2025-11-10","36.00","NZD","1762692949","23477/2025-11-10/1762692949.json"
"581514","221282","2025-11-10","36.00","NZD","1762692949","23477/2025-11-10/1762692949.json"
"512557","146154","2025-11-10","45.00","NZD","1762692949","23477/2025-11-10/1762692949.json"
"365170","146153","2025-11-10","48.00","NZD","1762692949","23477/2025-11-10/1762692949.json"
"510807","146155","2025-11-10","52.00","NZD","1762692949","23477/2025-11-10/1762692949.json"
"581513","221281","2025-11-11","36.00","NZD","1762692949","23477/2025-11-11/1762692949.json"
"581514","221282","2025-11-11","36.00","NZD","1762692949","23477/2025-11-11/1762692949.json"
"512557","146154","2025-11-11","45.00","NZD","1762692949","23477/2025-11-11/1762692949.json"
"365170","146153","2025-11-11","48.00","NZD","1762692949","23477/2025-11-11/1762692949.json"
"510807","146155","2025-11-11","52.00","NZD","1762692949","23477/2025-11-11/1762692949.json"
"581513","221281","2025-11-12","36.00","NZD","1762692949","23477/2025-11-12/1762692949.json"
"581514","221282","2025-11-12","36.00","NZD","1762692949","23477/2025-11-12/1762692949.json"
"512557","146154","2025-11-12","45.00","NZD","1762692949","23477/2025-11-12/1762692949.json"
"365170","146153","2025-11-12","48.00","NZD","1762692949","23477/2025-11-12/1762692949.json"
"510807","146155","2025-11-12","52.00","NZD","1762692949","23477/2025-11-12/1762692949.json"
"581513","221281","2025-11-16","36.00","NZD","1762692949","23477/2025-11-16/1762692949.json"
"581514","221282","2025-11-16","36.00","NZD","1762692949","23477/2025-11-16/1762692949.json"
"512557","146154","2025-11-16","45.00","NZD","1762692949","23477/2025-11-16/1762692949.json"
"365170","146153","2025-11-16","48.00","NZD","1762692949","23477/2025-11-16/1762692949.json"
"510807","146155","2025-11-16","52.00","NZD","1762692949","23477/2025-11-16/1762692949.json"
"581513","221281","2025-11-14","36.00","NZD","1762692949","23477/2025-11-14/1762692949.json"
"581514","221282","2025-11-14","36.00","NZD","1762692949","23477/2025-11-14/1762692949.json"
"512557","146154","2025-11-14","45.00","NZD","1762692949","23477/2025-11-14/1762692949.json"
"365170","146153","2025-11-14","48.00","NZD","1762692949","23477/2025-11-14/1762692949.json"
"510807","146155","2025-11-14","52.00","NZD","1762692949","23477/2025-11-14/1762692949.json"
"581513","221281","2025-11-13","36.00","NZD","1762692949","23477/2025-11-13/1762692949.json"
"581514","221282","2025-11-13","36.00","NZD","1762692949","23477/2025-11-13/1762692949.json"
"512557","146154","2025-11-13","45.00","NZD","1762692949","23477/2025-11-13/1762692949.json"
"365170","146153","2025-11-13","48.00","NZD","1762692949","23477/2025-11-13/1762692949.json"
"510807","146155","2025-11-13","52.00","NZD","1762692949","23477/2025-11-13/1762692949.json"
"581513","221281","2025-11-15","36.00","NZD","1762692949","23477/2025-11-15/1762692949.json"
"581514","221282","2025-11-15","36.00","NZD","1762692949","23477/2025-11-15/1762692949.json"
"512557","146154","2025-11-15","45.00","NZD","1762692949","23477/2025-11-15/1762692949.json"
"365170","146153","2025-11-15","48.00","NZD","1762692949","23477/2025-11-15/1762692949.json"
"510807","146155","2025-11-15","52.00","NZD","1762692949","23477/2025-11-15/1762692949.json"
"581513","221281","2025-11-18","36.00","NZD","1762692949","23477/2025-11-18/1762692949.json"
"581514","221282","2025-11-18","36.00","NZD","1762692949","23477/2025-11-18/1762692949.json"
"512557","146154","2025-11-18","45.00","NZD","1762692949","23477/2025-11-18/1762692949.json"
"365170","146153","2025-11-18","48.00","NZD","1762692949","23477/2025-11-18/1762692949.json"
"510807","146155","2025-11-18","52.00","NZD","1762692949","23477/2025-11-18/1762692949.json"
"581513","221281","2025-11-19","36.00","NZD","1762692949","23477/2025-11-19/1762692949.json"
"581514","221282","2025-11-19","36.00","NZD","1762692949","23477/2025-11-19/1762692949.json"
"512557","146154","2025-11-19","45.00","NZD","1762692949","23477/2025-11-19/1762692949.json"
"581513","221281","2025-11-17","36.00","NZD","1762692949","23477/2025-11-17/1762692949.json"
"365170","146153","2025-11-19","48.00","NZD","1762692949","23477/2025-11-19/1762692949.json"
"581514","221282","2025-11-17","36.00","NZD","1762692949","23477/2025-11-17/1762692949.json"
"510807","146155","2025-11-19","52.00","NZD","1762692949","23477/2025-11-19/1762692949.json"
"512557","146154","2025-11-17","45.00","NZD","1762692949","23477/2025-11-17/1762692949.json"
"365170","146153","2025-11-17","48.00","NZD","1762692949","23477/2025-11-17/1762692949.json"
"510807","146155","2025-11-17","52.00","NZD","1762692949","23477/2025-11-17/1762692949.json"
"581513","221281","2025-11-20","36.00","NZD","1762692949","23477/2025-11-20/1762692949.json"
"581514","221282","2025-11-20","36.00","NZD","1762692949","23477/2025-11-20/1762692949.json"
"512557","146154","2025-11-20","45.00","NZD","1762692949","23477/2025-11-20/1762692949.json"
"581513","221281","2025-11-21","36.00","NZD","1762692949","23477/2025-11-21/1762692949.json"
"581514","221282","2025-11-21","36.00","NZD","1762692949","23477/2025-11-21/1762692949.json"
"512557","146154","2025-11-21","45.00","NZD","1762692949","23477/2025-11-21/1762692949.json"
"365170","146153","2025-11-21","48.00","NZD","1762692949","23477/2025-11-21/1762692949.json"
"510807","146155","2025-11-21","52.00","NZD","1762692949","23477/2025-11-21/1762692949.json"
"581513","221281","2025-11-23","36.00","NZD","1762692949","23477/2025-11-23/1762692949.json"
"581514","221282","2025-11-23","36.00","NZD","1762692949","23477/2025-11-23/1762692949.json"
"512557","146154","2025-11-23","45.00","NZD","1762692949","23477/2025-11-23/1762692949.json"
"365170","146153","2025-11-23","48.00","NZD","1762692949","23477/2025-11-23/1762692949.json"
"510807","146155","2025-11-23","52.00","NZD","1762692949","23477/2025-11-23/1762692949.json"
"581513","221281","2025-11-24","36.00","NZD","1762692949","23477/2025-11-24/1762692949.json"
"581514","221282","2025-11-24","36.00","NZD","1762692949","23477/2025-11-24/1762692949.json"
"512557","146154","2025-11-24","45.00","NZD","1762692949","23477/2025-11-24/1762692949.json"
"365170","146153","2025-11-24","48.00","NZD","1762692949","23477/2025-11-24/1762692949.json"
"510807","146155","2025-11-24","52.00","NZD","1762692949","23477/2025-11-24/1762692949.json"
"581513","221281","2025-11-22","36.00","NZD","1762692949","23477/2025-11-22/1762692949.json"
"581514","221282","2025-11-22","36.00","NZD","1762692949","23477/2025-11-22/1762692949.json"
"512557","146154","2025-11-22","45.00","NZD","1762692949","23477/2025-11-22/1762692949.json"
"365170","146153","2025-11-22","48.00","NZD","1762692949","23477/2025-11-22/1762692949.json"
"510807","146155","2025-11-22","52.00","NZD","1762692949","23477/2025-11-22/1762692949.json"
"581513","221281","2025-11-25","36.00","NZD","1762692949","23477/2025-11-25/1762692949.json"
"581514","221282","2025-11-25","36.00","NZD","1762692949","23477/2025-11-25/1762692949.json"
"512557","146154","2025-11-25","45.00","NZD","1762692949","23477/2025-11-25/1762692949.json"
"365170","146153","2025-11-25","48.00","NZD","1762692949","23477/2025-11-25/1762692949.json"
"510807","146155","2025-11-25","52.00","NZD","1762692949","23477/2025-11-25/1762692949.json"
"581513","221281","2025-11-26","36.00","NZD","1762692949","23477/2025-11-26/1762692949.json"
"581514","221282","2025-11-26","36.00","NZD","1762692949","23477/2025-11-26/1762692949.json"
"512557","146154","2025-11-26","45.00","NZD","1762692949","23477/2025-11-26/1762692949.json"
"365170","146153","2025-11-26","48.00","NZD","1762692949","23477/2025-11-26/1762692949.json"
"510807","146155","2025-11-26","52.00","NZD","1762692949","23477/2025-11-26/1762692949.json"
"581513","221281","2025-11-27","36.00","NZD","1762692949","23477/2025-11-27/1762692949.json"
"581514","221282","2025-11-27","36.00","NZD","1762692949","23477/2025-11-27/1762692949.json"
"512557","146154","2025-11-27","45.00","NZD","1762692949","23477/2025-11-27/1762692949.json"
"365170","146153","2025-11-27","48.00","NZD","1762692949","23477/2025-11-27/1762692949.json"
"510807","146155","2025-11-27","52.00","NZD","1762692949","23477/2025-11-27/1762692949.json"
"581513","221281","2025-11-28","36.00","NZD","1762692949","23477/2025-11-28/1762692949.json"
"581514","221282","2025-11-28","36.00","NZD","1762692949","23477/2025-11-28/1762692949.json"
"512557","146154","2025-11-28","45.00","NZD","1762692949","23477/2025-11-28/1762692949.json"
"365170","146153","2025-11-28","48.00","NZD","1762692949","23477/2025-11-28/1762692949.json"
"510807","146155","2025-11-28","52.00","NZD","1762692949","23477/2025-11-28/1762692949.json"
"581513","221281","2025-11-29","36.00","NZD","1762692949","23477/2025-11-29/1762692949.json"
"581514","221282","2025-11-29","36.00","NZD","1762692949","23477/2025-11-29/1762692949.json"
"512557","146154","2025-11-29","45.00","NZD","1762692949","23477/2025-11-29/1762692949.json"
"365170","146153","2025-11-29","48.00","NZD","1762692949","23477/2025-11-29/1762692949.json"
"510807","146155","2025-11-29","52.00","NZD","1762692949","23477/2025-11-29/1762692949.json"
"581513","221281","2025-11-30","36.00","NZD","1762692949","23477/2025-11-30/1762692949.json"
"581514","221282","2025-11-30","36.00","NZD","1762692949","23477/2025-11-30/1762692949.json"
"512557","146154","2025-11-30","45.00","NZD","1762692949","23477/2025-11-30/1762692949.json"
"365170","146153","2025-11-30","48.00","NZD","1762692949","23477/2025-11-30/1762692949.json"
"510807","146155","2025-11-30","52.00","NZD","1762692949","23477/2025-11-30/1762692949.json"
"581513","221281","2025-12-02","36.00","NZD","1762692949","23477/2025-12-02/1762692949.json"
"581513","221281","2025-12-01","36.00","NZD","1762692949","23477/2025-12-01/1762692949.json"
"581514","221282","2025-12-02","36.00","NZD","1762692949","23477/2025-12-02/1762692949.json"
"581514","221282","2025-12-01","36.00","NZD","1762692949","23477/2025-12-01/1762692949.json"
"512557","146154","2025-12-01","45.00","NZD","1762692949","23477/2025-12-01/1762692949.json"
"512557","146154","2025-12-02","45.00","NZD","1762692949","23477/2025-12-02/1762692949.json"
"365170","146153","2025-12-01","48.00","NZD","1762692949","23477/2025-12-01/1762692949.json"
"510807","146155","2025-12-01","52.00","NZD","1762692949","23477/2025-12-01/1762692949.json"
"365170","146153","2025-12-02","48.00","NZD","1762692949","23477/2025-12-02/1762692949.json"
"510807","146155","2025-12-02","52.00","NZD","1762692949","23477/2025-12-02/1762692949.json"
"581513","221281","2025-12-04","36.00","NZD","1762692949","23477/2025-12-04/1762692949.json"
"581514","221282","2025-12-04","36.00","NZD","1762692949","23477/2025-12-04/1762692949.json"
"512557","146154","2025-12-04","45.00","NZD","1762692949","23477/2025-12-04/1762692949.json"
"365170","146153","2025-12-04","48.00","NZD","1762692949","23477/2025-12-04/1762692949.json"
"510807","146155","2025-12-04","52.00","NZD","1762692949","23477/2025-12-04/1762692949.json"
"581513","221281","2025-12-03","36.00","NZD","1762692949","23477/2025-12-03/1762692949.json"
"581514","221282","2025-12-03","36.00","NZD","1762692949","23477/2025-12-03/1762692949.json"
"512557","146154","2025-12-03","45.00","NZD","1762692949","23477/2025-12-03/1762692949.json"
"365170","146153","2025-12-03","48.00","NZD","1762692949","23477/2025-12-03/1762692949.json"
"510807","146155","2025-12-03","52.00","NZD","1762692949","23477/2025-12-03/1762692949.json"
"581513","221281","2025-12-05","36.00","NZD","1762692949","23477/2025-12-05/1762692949.json"
"581514","221282","2025-12-05","36.00","NZD","1762692949","23477/2025-12-05/1762692949.json"
"512557","146154","2025-12-05","45.00","NZD","1762692949","23477/2025-12-05/1762692949.json"
"365170","146153","2025-12-05","48.00","NZD","1762692949","23477/2025-12-05/1762692949.json"
"510807","146155","2025-12-05","52.00","NZD","1762692949","23477/2025-12-05/1762692949.json"
"581513","221281","2025-12-06","36.00","NZD","1762692949","23477/2025-12-06/1762692949.json"
"581514","221282","2025-12-06","36.00","NZD","1762692949","23477/2025-12-06/1762692949.json"
"512557","146154","2025-12-06","45.00","NZD","1762692949","23477/2025-12-06/1762692949.json"
"365170","146153","2025-12-06","48.00","NZD","1762692949","23477/2025-12-06/1762692949.json"
"510807","146155","2025-12-06","52.00","NZD","1762692949","23477/2025-12-06/1762692949.json"
"581513","221281","2025-12-07","36.00","NZD","1762692949","23477/2025-12-07/1762692949.json"
"581514","221282","2025-12-07","36.00","NZD","1762692949","23477/2025-12-07/1762692949.json"
"512557","146154","2025-12-07","45.00","NZD","1762692949","23477/2025-12-07/1762692949.json"
"365170","146153","2025-12-07","48.00","NZD","1762692949","23477/2025-12-07/1762692949.json"
"510807","146155","2025-12-07","52.00","NZD","1762692949","23477/2025-12-07/1762692949.json"
"581513","221281","2025-12-09","36.00","NZD","1762692949","23477/2025-12-09/1762692949.json"
"581514","221282","2025-12-09","36.00","NZD","1762692949","23477/2025-12-09/1762692949.json"
"512557","146154","2025-12-09","45.00","NZD","1762692949","23477/2025-12-09/1762692949.json"
"365170","146153","2025-12-09","48.00","NZD","1762692949","23477/2025-12-09/1762692949.json"
"510807","146155","2025-12-09","52.00","NZD","1762692949","23477/2025-12-09/1762692949.json"
"581513","221281","2025-12-08","36.00","NZD","1762692949","23477/2025-12-08/1762692949.json"
"581514","221282","2025-12-08","36.00","NZD","1762692949","23477/2025-12-08/1762692949.json"
"512557","146154","2025-12-08","45.00","NZD","1762692949","23477/2025-12-08/1762692949.json"
"365170","146153","2025-12-08","48.00","NZD","1762692949","23477/2025-12-08/1762692949.json"
"510807","146155","2025-12-08","52.00","NZD","1762692949","23477/2025-12-08/1762692949.json"
"581513","221281","2025-12-10","36.00","NZD","1762692949","23477/2025-12-10/1762692949.json"
"581514","221282","2025-12-10","36.00","NZD","1762692949","23477/2025-12-10/1762692949.json"
"512557","146154","2025-12-10","45.00","NZD","1762692949","23477/2025-12-10/1762692949.json"
"365170","146153","2025-12-10","48.00","NZD","1762692949","23477/2025-12-10/1762692949.json"
"510807","146155","2025-12-10","52.00","NZD","1762692949","23477/2025-12-10/1762692949.json"
"581513","221281","2025-12-11","36.00","NZD","1762692949","23477/2025-12-11/1762692949.json"
"581514","221282","2025-12-11","36.00","NZD","1762692949","23477/2025-12-11/1762692949.json"
"512557","146154","2025-12-11","45.00","NZD","1762692949","23477/2025-12-11/1762692949.json"
"365170","146153","2025-12-11","48.00","NZD","1762692949","23477/2025-12-11/1762692949.json"
"510807","146155","2025-12-11","52.00","NZD","1762692949","23477/2025-12-11/1762692949.json"
"581513","221281","2025-12-12","36.00","NZD","1762692949","23477/2025-12-12/1762692949.json"
"581514","221282","2025-12-12","36.00","NZD","1762692949","23477/2025-12-12/1762692949.json"
"512557","146154","2025-12-12","45.00","NZD","1762692949","23477/2025-12-12/1762692949.json"
"365170","146153","2025-12-12","48.00","NZD","1762692949","23477/2025-12-12/1762692949.json"
"510807","146155","2025-12-12","52.00","NZD","1762692949","23477/2025-12-12/1762692949.json"
"581513","221281","2025-12-13","36.00","NZD","1762692949","23477/2025-12-13/1762692949.json"
"581514","221282","2025-12-13","36.00","NZD","1762692949","23477/2025-12-13/1762692949.json"
"512557","146154","2025-12-13","45.00","NZD","1762692949","23477/2025-12-13/1762692949.json"
"365170","146153","2025-12-13","48.00","NZD","1762692949","23477/2025-12-13/1762692949.json"
"510807","146155","2025-12-13","52.00","NZD","1762692949","23477/2025-12-13/1762692949.json"
"581513","221281","2025-12-14","36.00","NZD","1762692949","23477/2025-12-14/1762692949.json"
"581514","221282","2025-12-14","36.00","NZD","1762692949","23477/2025-12-14/1762692949.json"
"512557","146154","2025-12-14","45.00","NZD","1762692949","23477/2025-12-14/1762692949.json"
"365170","146153","2025-12-14","48.00","NZD","1762692949","23477/2025-12-14/1762692949.json"
"510807","146155","2025-12-14","52.00","NZD","1762692949","23477/2025-12-14/1762692949.json"
"581513","221281","2025-12-15","36.00","NZD","1762692949","23477/2025-12-15/1762692949.json"
"581514","221282","2025-12-15","36.00","NZD","1762692949","23477/2025-12-15/1762692949.json"
"512557","146154","2025-12-15","45.00","NZD","1762692949","23477/2025-12-15/1762692949.json"
"365170","146153","2025-12-15","48.00","NZD","1762692949","23477/2025-12-15/1762692949.json"
"510807","146155","2025-12-15","52.00","NZD","1762692949","23477/2025-12-15/1762692949.json"
"581513","221281","2025-12-18","36.00","NZD","1762692949","23477/2025-12-18/1762692949.json"
"581514","221282","2025-12-18","36.00","NZD","1762692949","23477/2025-12-18/1762692949.json"
"512557","146154","2025-12-18","45.00","NZD","1762692949","23477/2025-12-18/1762692949.json"
"365170","146153","2025-12-18","48.00","NZD","1762692949","23477/2025-12-18/1762692949.json"
"510807","146155","2025-12-18","52.00","NZD","1762692949","23477/2025-12-18/1762692949.json"
"581513","221281","2025-12-16","36.00","NZD","1762692949","23477/2025-12-16/1762692949.json"
"581514","221282","2025-12-16","36.00","NZD","1762692949","23477/2025-12-16/1762692949.json"
"512557","146154","2025-12-16","45.00","NZD","1762692949","23477/2025-12-16/1762692949.json"
"365170","146153","2025-12-16","48.00","NZD","1762692949","23477/2025-12-16/1762692949.json"
"510807","146155","2025-12-16","52.00","NZD","1762692949","23477/2025-12-16/1762692949.json"
"581513","221281","2025-12-17","36.00","NZD","1762692949","23477/2025-12-17/1762692949.json"
"581514","221282","2025-12-17","36.00","NZD","1762692949","23477/2025-12-17/1762692949.json"
"512557","146154","2025-12-17","45.00","NZD","1762692949","23477/2025-12-17/1762692949.json"
"365170","146153","2025-12-17","48.00","NZD","1762692949","23477/2025-12-17/1762692949.json"
"510807","146155","2025-12-17","52.00","NZD","1762692949","23477/2025-12-17/1762692949.json"
"581513","221281","2025-12-19","36.00","NZD","1762692949","23477/2025-12-19/1762692949.json"
"581514","221282","2025-12-19","36.00","NZD","1762692949","23477/2025-12-19/1762692949.json"
"512557","146154","2025-12-19","45.00","NZD","1762692949","23477/2025-12-19/1762692949.json"
"365170","146153","2025-12-19","48.00","NZD","1762692949","23477/2025-12-19/1762692949.json"
"510807","146155","2025-12-19","52.00","NZD","1762692949","23477/2025-12-19/1762692949.json"
"581513","221281","2025-12-21","36.00","NZD","1762692949","23477/2025-12-21/1762692949.json"
"581514","221282","2025-12-21","36.00","NZD","1762692949","23477/2025-12-21/1762692949.json"
"512557","146154","2025-12-21","45.00","NZD","1762692949","23477/2025-12-21/1762692949.json"
"365170","146153","2025-12-21","48.00","NZD","1762692949","23477/2025-12-21/1762692949.json"
"510807","146155","2025-12-21","52.00","NZD","1762692949","23477/2025-12-21/1762692949.json"
"581513","221281","2025-12-20","36.00","NZD","1762692949","23477/2025-12-20/1762692949.json"
"581514","221282","2025-12-20","36.00","NZD","1762692949","23477/2025-12-20/1762692949.json"
"512557","146154","2025-12-20","45.00","NZD","1762692949","23477/2025-12-20/1762692949.json"
"365170","146153","2025-12-20","48.00","NZD","1762692949","23477/2025-12-20/1762692949.json"
"510807","146155","2025-12-20","52.00","NZD","1762692949","23477/2025-12-20/1762692949.json"
"581513","221281","2025-12-22","36.00","NZD","1762692949","23477/2025-12-22/1762692949.json"
"581514","221282","2025-12-22","36.00","NZD","1762692949","23477/2025-12-22/1762692949.json"
"512557","146154","2025-12-22","45.00","NZD","1762692949","23477/2025-12-22/1762692949.json"
"365170","146153","2025-12-22","48.00","NZD","1762692949","23477/2025-12-22/1762692949.json"
"510807","146155","2025-12-22","52.00","NZD","1762692949","23477/2025-12-22/1762692949.json"
"581513","221281","2025-12-23","38.00","NZD","1762692949","23477/2025-12-23/1762692949.json"
"581514","221282","2025-12-23","38.00","NZD","1762692949","23477/2025-12-23/1762692949.json"
"512557","146154","2025-12-23","45.00","NZD","1762692949","23477/2025-12-23/1762692949.json"
"365170","146153","2025-12-23","48.00","NZD","1762692949","23477/2025-12-23/1762692949.json"
"510807","146155","2025-12-23","52.00","NZD","1762692949","23477/2025-12-23/1762692949.json"
"581513","221281","2025-12-25","38.00","NZD","1762692949","23477/2025-12-25/1762692949.json"
"581514","221282","2025-12-25","38.00","NZD","1762692949","23477/2025-12-25/1762692949.json"
"512557","146154","2025-12-25","45.00","NZD","1762692949","23477/2025-12-25/1762692949.json"
"365170","146153","2025-12-25","48.00","NZD","1762692949","23477/2025-12-25/1762692949.json"
"510807","146155","2025-12-25","52.00","NZD","1762692949","23477/2025-12-25/1762692949.json"
"581513","221281","2025-12-24","38.00","NZD","1762692949","23477/2025-12-24/1762692949.json"
"581514","221282","2025-12-24","38.00","NZD","1762692949","23477/2025-12-24/1762692949.json"
"512557","146154","2025-12-24","45.00","NZD","1762692949","23477/2025-12-24/1762692949.json"
"365170","146153","2025-12-24","48.00","NZD","1762692949","23477/2025-12-24/1762692949.json"
"510807","146155","2025-12-24","52.00","NZD","1762692949","23477/2025-12-24/1762692949.json"
"581513","221281","2025-12-26","42.00","NZD","1762692949","23477/2025-12-26/1762692949.json"
"581514","221282","2025-12-26","42.00","NZD","1762692949","23477/2025-12-26/1762692949.json"
"512557","146154","2025-12-26","45.00","NZD","1762692949","23477/2025-12-26/1762692949.json"
"365170","146153","2025-12-26","48.00","NZD","1762692949","23477/2025-12-26/1762692949.json"
"510807","146155","2025-12-26","52.00","NZD","1762692949","23477/2025-12-26/1762692949.json"
"581513","221281","2025-12-27","42.00","NZD","1762692949","23477/2025-12-27/1762692949.json"
"581514","221282","2025-12-27","42.00","NZD","1762692949","23477/2025-12-27/1762692949.json"
"512557","146154","2025-12-27","45.00","NZD","1762692949","23477/2025-12-27/1762692949.json"
"365170","146153","2025-12-27","48.00","NZD","1762692949","23477/2025-12-27/1762692949.json"
"510807","146155","2025-12-27","52.00","NZD","1762692949","23477/2025-12-27/1762692949.json"
"581513","221281","2025-12-29","42.00","NZD","1762692949","23477/2025-12-29/1762692949.json"
"581514","221282","2025-12-29","42.00","NZD","1762692949","23477/2025-12-29/1762692949.json"
"512557","146154","2025-12-29","45.00","NZD","1762692949","23477/2025-12-29/1762692949.json"
"365170","146153","2025-12-29","48.00","NZD","1762692949","23477/2025-12-29/1762692949.json"
"510807","146155","2025-12-29","52.00","NZD","1762692949","23477/2025-12-29/1762692949.json"
"581513","221281","2025-12-28","42.00","NZD","1762692949","23477/2025-12-28/1762692949.json"
"581514","221282","2025-12-28","42.00","NZD","1762692949","23477/2025-12-28/1762692949.json"
"512557","146154","2025-12-28","45.00","NZD","1762692949","23477/2025-12-28/1762692949.json"
"365170","146153","2025-12-28","48.00","NZD","1762692949","23477/2025-12-28/1762692949.json"
"510807","146155","2025-12-28","52.00","NZD","1762692949","23477/2025-12-28/1762692949.json"
"581513","221281","2025-12-30","42.00","NZD","1762692949","23477/2025-12-30/1762692949.json"
"581514","221282","2025-12-30","42.00","NZD","1762692949","23477/2025-12-30/1762692949.json"
"512557","146154","2025-12-30","45.00","NZD","1762692949","23477/2025-12-30/1762692949.json"
"365170","146153","2025-12-30","48.00","NZD","1762692949","23477/2025-12-30/1762692949.json"
"510807","146155","2025-12-30","52.00","NZD","1762692949","23477/2025-12-30/1762692949.json"
"581513","221281","2025-12-31","42.00","NZD","1762692949","23477/2025-12-31/1762692949.json"
"581514","221282","2025-12-31","42.00","NZD","1762692949","23477/2025-12-31/1762692949.json"
"512557","146154","2025-12-31","45.00","NZD","1762692949","23477/2025-12-31/1762692949.json"
"365170","146153","2025-12-31","48.00","NZD","1762692949","23477/2025-12-31/1762692949.json"
"510807","146155","2025-12-31","52.00","NZD","1762692949","23477/2025-12-31/1762692949.json"
"581513","221281","2026-01-01","42.00","NZD","1762692949","23477/2026-01-01/1762692949.json"
"581514","221282","2026-01-01","42.00","NZD","1762692949","23477/2026-01-01/1762692949.json"
"512557","146154","2026-01-01","45.00","NZD","1762692949","23477/2026-01-01/1762692949.json"
"365170","146153","2026-01-01","48.00","NZD","1762692949","23477/2026-01-01/1762692949.json"
"510807","146155","2026-01-01","52.00","NZD","1762692949","23477/2026-01-01/1762692949.json"
"581513","221281","2026-01-03","42.00","NZD","1762692949","23477/2026-01-03/1762692949.json"
"581514","221282","2026-01-03","42.00","NZD","1762692949","23477/2026-01-03/1762692949.json"
"512557","146154","2026-01-03","45.00","NZD","1762692949","23477/2026-01-03/1762692949.json"
"365170","146153","2026-01-03","48.00","NZD","1762692949","23477/2026-01-03/1762692949.json"
"510807","146155","2026-01-03","52.00","NZD","1762692949","23477/2026-01-03/1762692949.json"
"581513","221281","2026-01-04","42.00","NZD","1762692949","23477/2026-01-04/1762692949.json"
"581514","221282","2026-01-04","42.00","NZD","1762692949","23477/2026-01-04/1762692949.json"
"512557","146154","2026-01-04","45.00","NZD","1762692949","23477/2026-01-04/1762692949.json"
"365170","146153","2026-01-04","48.00","NZD","1762692949","23477/2026-01-04/1762692949.json"
"510807","146155","2026-01-04","52.00","NZD","1762692949","23477/2026-01-04/1762692949.json"
"581513","221281","2026-01-02","42.00","NZD","1762692949","23477/2026-01-02/1762692949.json"
"581514","221282","2026-01-02","42.00","NZD","1762692949","23477/2026-01-02/1762692949.json"
"512557","146154","2026-01-02","45.00","NZD","1762692949","23477/2026-01-02/1762692949.json"
"365170","146153","2026-01-02","48.00","NZD","1762692949","23477/2026-01-02/1762692949.json"
"510807","146155","2026-01-02","52.00","NZD","1762692949","23477/2026-01-02/1762692949.json"
"581513","221281","2026-01-05","36.00","NZD","1762692949","23477/2026-01-05/1762692949.json"
"581514","221282","2026-01-05","36.00","NZD","1762692949","23477/2026-01-05/1762692949.json"
"512557","146154","2026-01-05","45.00","NZD","1762692949","23477/2026-01-05/1762692949.json"
"365170","146153","2026-01-05","48.00","NZD","1762692949","23477/2026-01-05/1762692949.json"
"510807","146155","2026-01-05","52.00","NZD","1762692949","23477/2026-01-05/1762692949.json"
"581513","221281","2026-01-07","36.00","NZD","1762692949","23477/2026-01-07/1762692949.json"
"581514","221282","2026-01-07","36.00","NZD","1762692949","23477/2026-01-07/1762692949.json"
"512557","146154","2026-01-07","45.00","NZD","1762692949","23477/2026-01-07/1762692949.json"
"365170","146153","2026-01-07","48.00","NZD","1762692949","23477/2026-01-07/1762692949.json"
"510807","146155","2026-01-07","52.00","NZD","1762692949","23477/2026-01-07/1762692949.json"
"581513","221281","2026-01-08","36.00","NZD","1762692949","23477/2026-01-08/1762692949.json"
"581514","221282","2026-01-08","36.00","NZD","1762692949","23477/2026-01-08/1762692949.json"
"512557","146154","2026-01-08","45.00","NZD","1762692949","23477/2026-01-08/1762692949.json"
"365170","146153","2026-01-08","48.00","NZD","1762692949","23477/2026-01-08/1762692949.json"
"510807","146155","2026-01-08","52.00","NZD","1762692949","23477/2026-01-08/1762692949.json"
"581513","221281","2026-01-06","36.00","NZD","1762692949","23477/2026-01-06/1762692949.json"
"581514","221282","2026-01-06","36.00","NZD","1762692949","23477/2026-01-06/1762692949.json"
"512557","146154","2026-01-06","45.00","NZD","1762692949","23477/2026-01-06/1762692949.json"
"365170","146153","2026-01-06","48.00","NZD","1762692949","23477/2026-01-06/1762692949.json"
"510807","146155","2026-01-06","52.00","NZD","1762692949","23477/2026-01-06/1762692949.json"
"581513","221281","2025-11-11","36.00","NZD","1762706332","23477/2025-11-11/1762706332.json"
"581514","221282","2025-11-11","36.00","NZD","1762706332","23477/2025-11-11/1762706332.json"
"512557","146154","2025-11-11","45.00","NZD","1762706332","23477/2025-11-11/1762706332.json"
"365170","146153","2025-11-11","48.00","NZD","1762706332","23477/2025-11-11/1762706332.json"
"510807","146155","2025-11-11","52.00","NZD","1762706332","23477/2025-11-11/1762706332.json"
"581513","221281","2025-11-10","36.00","NZD","1762706332","23477/2025-11-10/1762706332.json"
"581514","221282","2025-11-10","36.00","NZD","1762706332","23477/2025-11-10/1762706332.json"
"512557","146154","2025-11-10","45.00","NZD","1762706332","23477/2025-11-10/1762706332.json"
"365170","146153","2025-11-10","48.00","NZD","1762706332","23477/2025-11-10/1762706332.json"
"510807","146155","2025-11-10","52.00","NZD","1762706332","23477/2025-11-10/1762706332.json"
"581513","221281","2025-11-12","36.00","NZD","1762706332","23477/2025-11-12/1762706332.json"
"581514","221282","2025-11-12","36.00","NZD","1762706332","23477/2025-11-12/1762706332.json"
"512557","146154","2025-11-12","45.00","NZD","1762706332","23477/2025-11-12/1762706332.json"
"365170","146153","2025-11-12","48.00","NZD","1762706332","23477/2025-11-12/1762706332.json"
"510807","146155","2025-11-12","52.00","NZD","1762706332","23477/2025-11-12/1762706332.json"
"581513","221281","2025-11-13","36.00","NZD","1762706332","23477/2025-11-13/1762706332.json"
"581514","221282","2025-11-13","36.00","NZD","1762706332","23477/2025-11-13/1762706332.json"
"512557","146154","2025-11-13","45.00","NZD","1762706332","23477/2025-11-13/1762706332.json"
"365170","146153","2025-11-13","48.00","NZD","1762706332","23477/2025-11-13/1762706332.json"
"510807","146155","2025-11-13","52.00","NZD","1762706332","23477/2025-11-13/1762706332.json"
"581513","221281","2025-11-16","36.00","NZD","1762706332","23477/2025-11-16/1762706332.json"
"581514","221282","2025-11-16","36.00","NZD","1762706332","23477/2025-11-16/1762706332.json"
"512557","146154","2025-11-16","45.00","NZD","1762706332","23477/2025-11-16/1762706332.json"
"365170","146153","2025-11-16","48.00","NZD","1762706332","23477/2025-11-16/1762706332.json"
"510807","146155","2025-11-16","52.00","NZD","1762706332","23477/2025-11-16/1762706332.json"
"581513","221281","2025-11-14","36.00","NZD","1762706332","23477/2025-11-14/1762706332.json"
"581514","221282","2025-11-14","36.00","NZD","1762706332","23477/2025-11-14/1762706332.json"
"512557","146154","2025-11-14","45.00","NZD","1762706332","23477/2025-11-14/1762706332.json"
"365170","146153","2025-11-14","48.00","NZD","1762706332","23477/2025-11-14/1762706332.json"
"510807","146155","2025-11-14","52.00","NZD","1762706332","23477/2025-11-14/1762706332.json"
"581513","221281","2025-11-15","36.00","NZD","1762706332","23477/2025-11-15/1762706332.json"
"581514","221282","2025-11-15","36.00","NZD","1762706332","23477/2025-11-15/1762706332.json"
"512557","146154","2025-11-15","45.00","NZD","1762706332","23477/2025-11-15/1762706332.json"
"365170","146153","2025-11-15","48.00","NZD","1762706332","23477/2025-11-15/1762706332.json"
"510807","146155","2025-11-15","52.00","NZD","1762706332","23477/2025-11-15/1762706332.json"
"581513","221281","2025-11-17","36.00","NZD","1762706332","23477/2025-11-17/1762706332.json"
"581514","221282","2025-11-17","36.00","NZD","1762706332","23477/2025-11-17/1762706332.json"
"512557","146154","2025-11-17","45.00","NZD","1762706332","23477/2025-11-17/1762706332.json"
"365170","146153","2025-11-17","48.00","NZD","1762706332","23477/2025-11-17/1762706332.json"
"510807","146155","2025-11-17","52.00","NZD","1762706332","23477/2025-11-17/1762706332.json"
"581513","221281","2025-11-18","36.00","NZD","1762706332","23477/2025-11-18/1762706332.json"
"581514","221282","2025-11-18","36.00","NZD","1762706332","23477/2025-11-18/1762706332.json"
"512557","146154","2025-11-18","45.00","NZD","1762706332","23477/2025-11-18/1762706332.json"
"365170","146153","2025-11-18","48.00","NZD","1762706332","23477/2025-11-18/1762706332.json"
"510807","146155","2025-11-18","52.00","NZD","1762706332","23477/2025-11-18/1762706332.json"
"581513","221281","2025-11-19","36.00","NZD","1762706332","23477/2025-11-19/1762706332.json"
"581514","221282","2025-11-19","36.00","NZD","1762706332","23477/2025-11-19/1762706332.json"
"512557","146154","2025-11-19","45.00","NZD","1762706332","23477/2025-11-19/1762706332.json"
"365170","146153","2025-11-19","48.00","NZD","1762706332","23477/2025-11-19/1762706332.json"
"510807","146155","2025-11-19","52.00","NZD","1762706332","23477/2025-11-19/1762706332.json"
"581513","221281","2025-11-20","36.00","NZD","1762706332","23477/2025-11-20/1762706332.json"
"581514","221282","2025-11-20","36.00","NZD","1762706332","23477/2025-11-20/1762706332.json"
"512557","146154","2025-11-20","45.00","NZD","1762706332","23477/2025-11-20/1762706332.json"
"581513","221281","2025-11-21","36.00","NZD","1762706332","23477/2025-11-21/1762706332.json"
"581514","221282","2025-11-21","36.00","NZD","1762706332","23477/2025-11-21/1762706332.json"
"512557","146154","2025-11-21","45.00","NZD","1762706332","23477/2025-11-21/1762706332.json"
"365170","146153","2025-11-21","48.00","NZD","1762706332","23477/2025-11-21/1762706332.json"
"510807","146155","2025-11-21","52.00","NZD","1762706332","23477/2025-11-21/1762706332.json"
"581513","221281","2025-11-22","36.00","NZD","1762706332","23477/2025-11-22/1762706332.json"
"581514","221282","2025-11-22","36.00","NZD","1762706332","23477/2025-11-22/1762706332.json"
"512557","146154","2025-11-22","45.00","NZD","1762706332","23477/2025-11-22/1762706332.json"
"365170","146153","2025-11-22","48.00","NZD","1762706332","23477/2025-11-22/1762706332.json"
"510807","146155","2025-11-22","52.00","NZD","1762706332","23477/2025-11-22/1762706332.json"
"581513","221281","2025-11-24","36.00","NZD","1762706332","23477/2025-11-24/1762706332.json"
"581514","221282","2025-11-24","36.00","NZD","1762706332","23477/2025-11-24/1762706332.json"
"512557","146154","2025-11-24","45.00","NZD","1762706332","23477/2025-11-24/1762706332.json"
"365170","146153","2025-11-24","48.00","NZD","1762706332","23477/2025-11-24/1762706332.json"
"510807","146155","2025-11-24","52.00","NZD","1762706332","23477/2025-11-24/1762706332.json"
"581513","221281","2025-11-23","36.00","NZD","1762706332","23477/2025-11-23/1762706332.json"
"581514","221282","2025-11-23","36.00","NZD","1762706332","23477/2025-11-23/1762706332.json"
"512557","146154","2025-11-23","45.00","NZD","1762706332","23477/2025-11-23/1762706332.json"
"365170","146153","2025-11-23","48.00","NZD","1762706332","23477/2025-11-23/1762706332.json"
"510807","146155","2025-11-23","52.00","NZD","1762706332","23477/2025-11-23/1762706332.json"
"581513","221281","2025-11-25","36.00","NZD","1762706332","23477/2025-11-25/1762706332.json"
"581514","221282","2025-11-25","36.00","NZD","1762706332","23477/2025-11-25/1762706332.json"
"512557","146154","2025-11-25","45.00","NZD","1762706332","23477/2025-11-25/1762706332.json"
"365170","146153","2025-11-25","48.00","NZD","1762706332","23477/2025-11-25/1762706332.json"
"510807","146155","2025-11-25","52.00","NZD","1762706332","23477/2025-11-25/1762706332.json"
"581513","221281","2025-11-26","36.00","NZD","1762706332","23477/2025-11-26/1762706332.json"
"581514","221282","2025-11-26","36.00","NZD","1762706332","23477/2025-11-26/1762706332.json"
"512557","146154","2025-11-26","45.00","NZD","1762706332","23477/2025-11-26/1762706332.json"
"365170","146153","2025-11-26","48.00","NZD","1762706332","23477/2025-11-26/1762706332.json"
"510807","146155","2025-11-26","52.00","NZD","1762706332","23477/2025-11-26/1762706332.json"
"581513","221281","2025-11-27","36.00","NZD","1762706332","23477/2025-11-27/1762706332.json"
"581514","221282","2025-11-27","36.00","NZD","1762706332","23477/2025-11-27/1762706332.json"
"512557","146154","2025-11-27","45.00","NZD","1762706332","23477/2025-11-27/1762706332.json"
"365170","146153","2025-11-27","48.00","NZD","1762706332","23477/2025-11-27/1762706332.json"
"510807","146155","2025-11-27","52.00","NZD","1762706332","23477/2025-11-27/1762706332.json"
"581513","221281","2025-11-28","36.00","NZD","1762706332","23477/2025-11-28/1762706332.json"
"581514","221282","2025-11-28","36.00","NZD","1762706332","23477/2025-11-28/1762706332.json"
"512557","146154","2025-11-28","45.00","NZD","1762706332","23477/2025-11-28/1762706332.json"
"365170","146153","2025-11-28","48.00","NZD","1762706332","23477/2025-11-28/1762706332.json"
"510807","146155","2025-11-28","52.00","NZD","1762706332","23477/2025-11-28/1762706332.json"
"581513","221281","2025-11-29","36.00","NZD","1762706332","23477/2025-11-29/1762706332.json"
"581514","221282","2025-11-29","36.00","NZD","1762706332","23477/2025-11-29/1762706332.json"
"512557","146154","2025-11-29","45.00","NZD","1762706332","23477/2025-11-29/1762706332.json"
"365170","146153","2025-11-29","48.00","NZD","1762706332","23477/2025-11-29/1762706332.json"
"510807","146155","2025-11-29","52.00","NZD","1762706332","23477/2025-11-29/1762706332.json"
"581513","221281","2025-11-30","36.00","NZD","1762706332","23477/2025-11-30/1762706332.json"
"581514","221282","2025-11-30","36.00","NZD","1762706332","23477/2025-11-30/1762706332.json"
"512557","146154","2025-11-30","45.00","NZD","1762706332","23477/2025-11-30/1762706332.json"
"365170","146153","2025-11-30","48.00","NZD","1762706332","23477/2025-11-30/1762706332.json"
"510807","146155","2025-11-30","52.00","NZD","1762706332","23477/2025-11-30/1762706332.json"
"581513","221281","2025-12-01","36.00","NZD","1762706332","23477/2025-12-01/1762706332.json"
"581514","221282","2025-12-01","36.00","NZD","1762706332","23477/2025-12-01/1762706332.json"
"512557","146154","2025-12-01","45.00","NZD","1762706332","23477/2025-12-01/1762706332.json"
"365170","146153","2025-12-01","48.00","NZD","1762706332","23477/2025-12-01/1762706332.json"
"510807","146155","2025-12-01","52.00","NZD","1762706332","23477/2025-12-01/1762706332.json"
"581513","221281","2025-12-02","36.00","NZD","1762706332","23477/2025-12-02/1762706332.json"
"581514","221282","2025-12-02","36.00","NZD","1762706332","23477/2025-12-02/1762706332.json"
"512557","146154","2025-12-02","45.00","NZD","1762706332","23477/2025-12-02/1762706332.json"
"365170","146153","2025-12-02","48.00","NZD","1762706332","23477/2025-12-02/1762706332.json"
"510807","146155","2025-12-02","52.00","NZD","1762706332","23477/2025-12-02/1762706332.json"
"581513","221281","2025-12-04","36.00","NZD","1762706332","23477/2025-12-04/1762706332.json"
"581514","221282","2025-12-04","36.00","NZD","1762706332","23477/2025-12-04/1762706332.json"
"512557","146154","2025-12-04","45.00","NZD","1762706332","23477/2025-12-04/1762706332.json"
"365170","146153","2025-12-04","48.00","NZD","1762706332","23477/2025-12-04/1762706332.json"
"510807","146155","2025-12-04","52.00","NZD","1762706332","23477/2025-12-04/1762706332.json"
"581513","221281","2025-12-03","36.00","NZD","1762706332","23477/2025-12-03/1762706332.json"
"581514","221282","2025-12-03","36.00","NZD","1762706332","23477/2025-12-03/1762706332.json"
"512557","146154","2025-12-03","45.00","NZD","1762706332","23477/2025-12-03/1762706332.json"
"365170","146153","2025-12-03","48.00","NZD","1762706332","23477/2025-12-03/1762706332.json"
"510807","146155","2025-12-03","52.00","NZD","1762706332","23477/2025-12-03/1762706332.json"
"581513","221281","2025-12-05","36.00","NZD","1762706332","23477/2025-12-05/1762706332.json"
"581514","221282","2025-12-05","36.00","NZD","1762706332","23477/2025-12-05/1762706332.json"
"512557","146154","2025-12-05","45.00","NZD","1762706332","23477/2025-12-05/1762706332.json"
"365170","146153","2025-12-05","48.00","NZD","1762706332","23477/2025-12-05/1762706332.json"
"510807","146155","2025-12-05","52.00","NZD","1762706332","23477/2025-12-05/1762706332.json"
"581513","221281","2025-12-06","36.00","NZD","1762706332","23477/2025-12-06/1762706332.json"
"581514","221282","2025-12-06","36.00","NZD","1762706332","23477/2025-12-06/1762706332.json"
"512557","146154","2025-12-06","45.00","NZD","1762706332","23477/2025-12-06/1762706332.json"
"365170","146153","2025-12-06","48.00","NZD","1762706332","23477/2025-12-06/1762706332.json"
"510807","146155","2025-12-06","52.00","NZD","1762706332","23477/2025-12-06/1762706332.json"
"581513","221281","2025-12-09","36.00","NZD","1762706332","23477/2025-12-09/1762706332.json"
"581514","221282","2025-12-09","36.00","NZD","1762706332","23477/2025-12-09/1762706332.json"
"512557","146154","2025-12-09","45.00","NZD","1762706332","23477/2025-12-09/1762706332.json"
"365170","146153","2025-12-09","48.00","NZD","1762706332","23477/2025-12-09/1762706332.json"
"510807","146155","2025-12-09","52.00","NZD","1762706332","23477/2025-12-09/1762706332.json"
"581513","221281","2025-12-07","36.00","NZD","1762706332","23477/2025-12-07/1762706332.json"
"581514","221282","2025-12-07","36.00","NZD","1762706332","23477/2025-12-07/1762706332.json"
"512557","146154","2025-12-07","45.00","NZD","1762706332","23477/2025-12-07/1762706332.json"
"365170","146153","2025-12-07","48.00","NZD","1762706332","23477/2025-12-07/1762706332.json"
"510807","146155","2025-12-07","52.00","NZD","1762706332","23477/2025-12-07/1762706332.json"
"581513","221281","2025-12-08","36.00","NZD","1762706332","23477/2025-12-08/1762706332.json"
"581514","221282","2025-12-08","36.00","NZD","1762706332","23477/2025-12-08/1762706332.json"
"512557","146154","2025-12-08","45.00","NZD","1762706332","23477/2025-12-08/1762706332.json"
"365170","146153","2025-12-08","48.00","NZD","1762706332","23477/2025-12-08/1762706332.json"
"510807","146155","2025-12-08","52.00","NZD","1762706332","23477/2025-12-08/1762706332.json"
"581513","221281","2025-12-10","36.00","NZD","1762706332","23477/2025-12-10/1762706332.json"
"581514","221282","2025-12-10","36.00","NZD","1762706332","23477/2025-12-10/1762706332.json"
"512557","146154","2025-12-10","45.00","NZD","1762706332","23477/2025-12-10/1762706332.json"
"365170","146153","2025-12-10","48.00","NZD","1762706332","23477/2025-12-10/1762706332.json"
"510807","146155","2025-12-10","52.00","NZD","1762706332","23477/2025-12-10/1762706332.json"
"581513","221281","2025-12-11","36.00","NZD","1762706332","23477/2025-12-11/1762706332.json"
"581514","221282","2025-12-11","36.00","NZD","1762706332","23477/2025-12-11/1762706332.json"
"512557","146154","2025-12-11","45.00","NZD","1762706332","23477/2025-12-11/1762706332.json"
"365170","146153","2025-12-11","48.00","NZD","1762706332","23477/2025-12-11/1762706332.json"
"510807","146155","2025-12-11","52.00","NZD","1762706332","23477/2025-12-11/1762706332.json"
"581513","221281","2025-12-12","36.00","NZD","1762706332","23477/2025-12-12/1762706332.json"
"581514","221282","2025-12-12","36.00","NZD","1762706332","23477/2025-12-12/1762706332.json"
"512557","146154","2025-12-12","45.00","NZD","1762706332","23477/2025-12-12/1762706332.json"
"365170","146153","2025-12-12","48.00","NZD","1762706332","23477/2025-12-12/1762706332.json"
"510807","146155","2025-12-12","52.00","NZD","1762706332","23477/2025-12-12/1762706332.json"
"581513","221281","2025-12-13","36.00","NZD","1762706332","23477/2025-12-13/1762706332.json"
"581514","221282","2025-12-13","36.00","NZD","1762706332","23477/2025-12-13/1762706332.json"
"512557","146154","2025-12-13","45.00","NZD","1762706332","23477/2025-12-13/1762706332.json"
"365170","146153","2025-12-13","48.00","NZD","1762706332","23477/2025-12-13/1762706332.json"
"510807","146155","2025-12-13","52.00","NZD","1762706332","23477/2025-12-13/1762706332.json"
"581513","221281","2025-12-14","36.00","NZD","1762706332","23477/2025-12-14/1762706332.json"
"581514","221282","2025-12-14","36.00","NZD","1762706332","23477/2025-12-14/1762706332.json"
"512557","146154","2025-12-14","45.00","NZD","1762706332","23477/2025-12-14/1762706332.json"
"365170","146153","2025-12-14","48.00","NZD","1762706332","23477/2025-12-14/1762706332.json"
"510807","146155","2025-12-14","52.00","NZD","1762706332","23477/2025-12-14/1762706332.json"
"581513","221281","2025-12-15","36.00","NZD","1762706332","23477/2025-12-15/1762706332.json"
"581514","221282","2025-12-15","36.00","NZD","1762706332","23477/2025-12-15/1762706332.json"
"512557","146154","2025-12-15","45.00","NZD","1762706332","23477/2025-12-15/1762706332.json"
"365170","146153","2025-12-15","48.00","NZD","1762706332","23477/2025-12-15/1762706332.json"
"510807","146155","2025-12-15","52.00","NZD","1762706332","23477/2025-12-15/1762706332.json"
"581513","221281","2025-12-16","36.00","NZD","1762706332","23477/2025-12-16/1762706332.json"
"581514","221282","2025-12-16","36.00","NZD","1762706332","23477/2025-12-16/1762706332.json"
"512557","146154","2025-12-16","45.00","NZD","1762706332","23477/2025-12-16/1762706332.json"
"365170","146153","2025-12-16","48.00","NZD","1762706332","23477/2025-12-16/1762706332.json"
"510807","146155","2025-12-16","52.00","NZD","1762706332","23477/2025-12-16/1762706332.json"
"581513","221281","2025-12-17","36.00","NZD","1762706332","23477/2025-12-17/1762706332.json"
"581514","221282","2025-12-17","36.00","NZD","1762706332","23477/2025-12-17/1762706332.json"
"512557","146154","2025-12-17","45.00","NZD","1762706332","23477/2025-12-17/1762706332.json"
"365170","146153","2025-12-17","48.00","NZD","1762706332","23477/2025-12-17/1762706332.json"
"510807","146155","2025-12-17","52.00","NZD","1762706332","23477/2025-12-17/1762706332.json"
"581513","221281","2025-12-18","36.00","NZD","1762706332","23477/2025-12-18/1762706332.json"
"581514","221282","2025-12-18","36.00","NZD","1762706332","23477/2025-12-18/1762706332.json"
"512557","146154","2025-12-18","45.00","NZD","1762706332","23477/2025-12-18/1762706332.json"
"365170","146153","2025-12-18","48.00","NZD","1762706332","23477/2025-12-18/1762706332.json"
"510807","146155","2025-12-18","52.00","NZD","1762706332","23477/2025-12-18/1762706332.json"
"581513","221281","2025-12-19","36.00","NZD","1762706332","23477/2025-12-19/1762706332.json"
"581514","221282","2025-12-19","36.00","NZD","1762706332","23477/2025-12-19/1762706332.json"
"512557","146154","2025-12-19","45.00","NZD","1762706332","23477/2025-12-19/1762706332.json"
"365170","146153","2025-12-19","48.00","NZD","1762706332","23477/2025-12-19/1762706332.json"
"510807","146155","2025-12-19","52.00","NZD","1762706332","23477/2025-12-19/1762706332.json"
"581513","221281","2025-12-20","36.00","NZD","1762706332","23477/2025-12-20/1762706332.json"
"581514","221282","2025-12-20","36.00","NZD","1762706332","23477/2025-12-20/1762706332.json"
"512557","146154","2025-12-20","45.00","NZD","1762706332","23477/2025-12-20/1762706332.json"
"365170","146153","2025-12-20","48.00","NZD","1762706332","23477/2025-12-20/1762706332.json"
"510807","146155","2025-12-20","52.00","NZD","1762706332","23477/2025-12-20/1762706332.json"
"581513","221281","2025-12-21","36.00","NZD","1762706332","23477/2025-12-21/1762706332.json"
"581514","221282","2025-12-21","36.00","NZD","1762706332","23477/2025-12-21/1762706332.json"
"512557","146154","2025-12-21","45.00","NZD","1762706332","23477/2025-12-21/1762706332.json"
"365170","146153","2025-12-21","48.00","NZD","1762706332","23477/2025-12-21/1762706332.json"
"510807","146155","2025-12-21","52.00","NZD","1762706332","23477/2025-12-21/1762706332.json"
"581513","221281","2025-12-23","38.00","NZD","1762706332","23477/2025-12-23/1762706332.json"
"581514","221282","2025-12-23","38.00","NZD","1762706332","23477/2025-12-23/1762706332.json"
"512557","146154","2025-12-23","45.00","NZD","1762706332","23477/2025-12-23/1762706332.json"
"365170","146153","2025-12-23","48.00","NZD","1762706332","23477/2025-12-23/1762706332.json"
"510807","146155","2025-12-23","52.00","NZD","1762706332","23477/2025-12-23/1762706332.json"
"581513","221281","2025-12-24","38.00","NZD","1762706332","23477/2025-12-24/1762706332.json"
"581514","221282","2025-12-24","38.00","NZD","1762706332","23477/2025-12-24/1762706332.json"
"512557","146154","2025-12-24","45.00","NZD","1762706332","23477/2025-12-24/1762706332.json"
"365170","146153","2025-12-24","48.00","NZD","1762706332","23477/2025-12-24/1762706332.json"
"510807","146155","2025-12-24","52.00","NZD","1762706332","23477/2025-12-24/1762706332.json"
"581513","221281","2025-12-22","36.00","NZD","1762706332","23477/2025-12-22/1762706332.json"
"581514","221282","2025-12-22","36.00","NZD","1762706332","23477/2025-12-22/1762706332.json"
"512557","146154","2025-12-22","45.00","NZD","1762706332","23477/2025-12-22/1762706332.json"
"365170","146153","2025-12-22","48.00","NZD","1762706332","23477/2025-12-22/1762706332.json"
"510807","146155","2025-12-22","52.00","NZD","1762706332","23477/2025-12-22/1762706332.json"
"581513","221281","2025-12-26","42.00","NZD","1762706332","23477/2025-12-26/1762706332.json"
"581514","221282","2025-12-26","42.00","NZD","1762706332","23477/2025-12-26/1762706332.json"
"512557","146154","2025-12-26","45.00","NZD","1762706332","23477/2025-12-26/1762706332.json"
"365170","146153","2025-12-26","48.00","NZD","1762706332","23477/2025-12-26/1762706332.json"
"510807","146155","2025-12-26","52.00","NZD","1762706332","23477/2025-12-26/1762706332.json"
"581513","221281","2025-12-25","38.00","NZD","1762706332","23477/2025-12-25/1762706332.json"
"581514","221282","2025-12-25","38.00","NZD","1762706332","23477/2025-12-25/1762706332.json"
"512557","146154","2025-12-25","45.00","NZD","1762706332","23477/2025-12-25/1762706332.json"
"365170","146153","2025-12-25","48.00","NZD","1762706332","23477/2025-12-25/1762706332.json"
"510807","146155","2025-12-25","52.00","NZD","1762706332","23477/2025-12-25/1762706332.json"
"581513","221281","2025-12-27","42.00","NZD","1762706332","23477/2025-12-27/1762706332.json"
"581514","221282","2025-12-27","42.00","NZD","1762706332","23477/2025-12-27/1762706332.json"
"512557","146154","2025-12-27","45.00","NZD","1762706332","23477/2025-12-27/1762706332.json"
"365170","146153","2025-12-27","48.00","NZD","1762706332","23477/2025-12-27/1762706332.json"
"510807","146155","2025-12-27","52.00","NZD","1762706332","23477/2025-12-27/1762706332.json"
"581513","221281","2025-12-28","42.00","NZD","1762706332","23477/2025-12-28/1762706332.json"
"581514","221282","2025-12-28","42.00","NZD","1762706332","23477/2025-12-28/1762706332.json"
"512557","146154","2025-12-28","45.00","NZD","1762706332","23477/2025-12-28/1762706332.json"
"365170","146153","2025-12-28","48.00","NZD","1762706332","23477/2025-12-28/1762706332.json"
"510807","146155","2025-12-28","52.00","NZD","1762706332","23477/2025-12-28/1762706332.json"
"581513","221281","2025-12-30","42.00","NZD","1762706332","23477/2025-12-30/1762706332.json"
"581514","221282","2025-12-30","42.00","NZD","1762706332","23477/2025-12-30/1762706332.json"
"512557","146154","2025-12-30","45.00","NZD","1762706332","23477/2025-12-30/1762706332.json"
"365170","146153","2025-12-30","48.00","NZD","1762706332","23477/2025-12-30/1762706332.json"
"510807","146155","2025-12-30","52.00","NZD","1762706332","23477/2025-12-30/1762706332.json"
"581513","221281","2026-01-01","42.00","NZD","1762706332","23477/2026-01-01/1762706332.json"
"581514","221282","2026-01-01","42.00","NZD","1762706332","23477/2026-01-01/1762706332.json"
"512557","146154","2026-01-01","45.00","NZD","1762706332","23477/2026-01-01/1762706332.json"
"365170","146153","2026-01-01","48.00","NZD","1762706332","23477/2026-01-01/1762706332.json"
"510807","146155","2026-01-01","52.00","NZD","1762706332","23477/2026-01-01/1762706332.json"
"581513","221281","2025-12-31","42.00","NZD","1762706332","23477/2025-12-31/1762706332.json"
"581514","221282","2025-12-31","42.00","NZD","1762706332","23477/2025-12-31/1762706332.json"
"512557","146154","2025-12-31","45.00","NZD","1762706332","23477/2025-12-31/1762706332.json"
"365170","146153","2025-12-31","48.00","NZD","1762706332","23477/2025-12-31/1762706332.json"
"510807","146155","2025-12-31","52.00","NZD","1762706332","23477/2025-12-31/1762706332.json"
"581513","221281","2025-12-29","42.00","NZD","1762706332","23477/2025-12-29/1762706332.json"
"581514","221282","2025-12-29","42.00","NZD","1762706332","23477/2025-12-29/1762706332.json"
"512557","146154","2025-12-29","45.00","NZD","1762706332","23477/2025-12-29/1762706332.json"
"365170","146153","2025-12-29","48.00","NZD","1762706332","23477/2025-12-29/1762706332.json"
"510807","146155","2025-12-29","52.00","NZD","1762706332","23477/2025-12-29/1762706332.json"
"581513","221281","2026-01-04","42.00","NZD","1762706332","23477/2026-01-04/1762706332.json"
"581514","221282","2026-01-04","42.00","NZD","1762706332","23477/2026-01-04/1762706332.json"
"512557","146154","2026-01-04","45.00","NZD","1762706332","23477/2026-01-04/1762706332.json"
"365170","146153","2026-01-04","48.00","NZD","1762706332","23477/2026-01-04/1762706332.json"
"510807","146155","2026-01-04","52.00","NZD","1762706332","23477/2026-01-04/1762706332.json"
"581513","221281","2026-01-03","42.00","NZD","1762706332","23477/2026-01-03/1762706332.json"
"581514","221282","2026-01-03","42.00","NZD","1762706332","23477/2026-01-03/1762706332.json"
"512557","146154","2026-01-03","45.00","NZD","1762706332","23477/2026-01-03/1762706332.json"
"365170","146153","2026-01-03","48.00","NZD","1762706332","23477/2026-01-03/1762706332.json"
"510807","146155","2026-01-03","52.00","NZD","1762706332","23477/2026-01-03/1762706332.json"
"581513","221281","2026-01-05","36.00","NZD","1762706332","23477/2026-01-05/1762706332.json"
"581514","221282","2026-01-05","36.00","NZD","1762706332","23477/2026-01-05/1762706332.json"
"512557","146154","2026-01-05","45.00","NZD","1762706332","23477/2026-01-05/1762706332.json"
"365170","146153","2026-01-05","48.00","NZD","1762706332","23477/2026-01-05/1762706332.json"
"510807","146155","2026-01-05","52.00","NZD","1762706332","23477/2026-01-05/1762706332.json"
"581513","221281","2026-01-02","42.00","NZD","1762706332","23477/2026-01-02/1762706332.json"
"581514","221282","2026-01-02","42.00","NZD","1762706332","23477/2026-01-02/1762706332.json"
"512557","146154","2026-01-02","45.00","NZD","1762706332","23477/2026-01-02/1762706332.json"
"365170","146153","2026-01-02","48.00","NZD","1762706332","23477/2026-01-02/1762706332.json"
"510807","146155","2026-01-02","52.00","NZD","1762706332","23477/2026-01-02/1762706332.json"
"581513","221281","2026-01-06","36.00","NZD","1762706332","23477/2026-01-06/1762706332.json"
"581514","221282","2026-01-06","36.00","NZD","1762706332","23477/2026-01-06/1762706332.json"
"512557","146154","2026-01-06","45.00","NZD","1762706332","23477/2026-01-06/1762706332.json"
"365170","146153","2026-01-06","48.00","NZD","1762706332","23477/2026-01-06/1762706332.json"
"510807","146155","2026-01-06","52.00","NZD","1762706332","23477/2026-01-06/1762706332.json"
"581513","221281","2026-01-07","36.00","NZD","1762706332","23477/2026-01-07/1762706332.json"
"581514","221282","2026-01-07","36.00","NZD","1762706332","23477/2026-01-07/1762706332.json"
"512557","146154","2026-01-07","45.00","NZD","1762706332","23477/2026-01-07/1762706332.json"
"365170","146153","2026-01-07","48.00","NZD","1762706332","23477/2026-01-07/1762706332.json"
"510807","146155","2026-01-07","52.00","NZD","1762706332","23477/2026-01-07/1762706332.json"
"581513","221281","2026-01-08","36.00","NZD","1762706332","23477/2026-01-08/1762706332.json"
"581514","221282","2026-01-08","36.00","NZD","1762706332","23477/2026-01-08/1762706332.json"
"512557","146154","2026-01-08","45.00","NZD","1762706332","23477/2026-01-08/1762706332.json"
"365170","146153","2026-01-08","48.00","NZD","1762706332","23477/2026-01-08/1762706332.json"
"510807","146155","2026-01-08","52.00","NZD","1762706332","23477/2026-01-08/1762706332.json"
"581513","221281","2025-11-10","36.00","NZD","1762720503","23477/2025-11-10/1762720503.json"
"581514","221282","2025-11-10","36.00","NZD","1762720503","23477/2025-11-10/1762720503.json"
"512557","146154","2025-11-10","45.00","NZD","1762720503","23477/2025-11-10/1762720503.json"
"365170","146153","2025-11-10","48.00","NZD","1762720503","23477/2025-11-10/1762720503.json"
"510807","146155","2025-11-10","52.00","NZD","1762720503","23477/2025-11-10/1762720503.json"
"581513","221281","2025-11-11","36.00","NZD","1762720503","23477/2025-11-11/1762720503.json"
"581514","221282","2025-11-11","36.00","NZD","1762720503","23477/2025-11-11/1762720503.json"
"512557","146154","2025-11-11","45.00","NZD","1762720503","23477/2025-11-11/1762720503.json"
"365170","146153","2025-11-11","48.00","NZD","1762720503","23477/2025-11-11/1762720503.json"
"581513","221281","2025-11-12","36.00","NZD","1762720503","23477/2025-11-12/1762720503.json"
"510807","146155","2025-11-11","52.00","NZD","1762720503","23477/2025-11-11/1762720503.json"
"581514","221282","2025-11-12","36.00","NZD","1762720503","23477/2025-11-12/1762720503.json"
"512557","146154","2025-11-12","45.00","NZD","1762720503","23477/2025-11-12/1762720503.json"
"365170","146153","2025-11-12","48.00","NZD","1762720503","23477/2025-11-12/1762720503.json"
"510807","146155","2025-11-12","52.00","NZD","1762720503","23477/2025-11-12/1762720503.json"
"581513","221281","2025-11-13","36.00","NZD","1762720503","23477/2025-11-13/1762720503.json"
"581514","221282","2025-11-13","36.00","NZD","1762720503","23477/2025-11-13/1762720503.json"
"512557","146154","2025-11-13","45.00","NZD","1762720503","23477/2025-11-13/1762720503.json"
"365170","146153","2025-11-13","48.00","NZD","1762720503","23477/2025-11-13/1762720503.json"
"510807","146155","2025-11-13","52.00","NZD","1762720503","23477/2025-11-13/1762720503.json"
"581513","221281","2025-11-14","36.00","NZD","1762720503","23477/2025-11-14/1762720503.json"
"581514","221282","2025-11-14","36.00","NZD","1762720503","23477/2025-11-14/1762720503.json"
"512557","146154","2025-11-14","45.00","NZD","1762720503","23477/2025-11-14/1762720503.json"
"365170","146153","2025-11-14","48.00","NZD","1762720503","23477/2025-11-14/1762720503.json"
"510807","146155","2025-11-14","52.00","NZD","1762720503","23477/2025-11-14/1762720503.json"
"581513","221281","2025-11-16","36.00","NZD","1762720503","23477/2025-11-16/1762720503.json"
"581514","221282","2025-11-16","36.00","NZD","1762720503","23477/2025-11-16/1762720503.json"
"512557","146154","2025-11-16","45.00","NZD","1762720503","23477/2025-11-16/1762720503.json"
"365170","146153","2025-11-16","48.00","NZD","1762720503","23477/2025-11-16/1762720503.json"
"510807","146155","2025-11-16","52.00","NZD","1762720503","23477/2025-11-16/1762720503.json"
"581513","221281","2025-11-15","36.00","NZD","1762720503","23477/2025-11-15/1762720503.json"
"581514","221282","2025-11-15","36.00","NZD","1762720503","23477/2025-11-15/1762720503.json"
"512557","146154","2025-11-15","45.00","NZD","1762720503","23477/2025-11-15/1762720503.json"
"365170","146153","2025-11-15","48.00","NZD","1762720503","23477/2025-11-15/1762720503.json"
"510807","146155","2025-11-15","52.00","NZD","1762720503","23477/2025-11-15/1762720503.json"
"581513","221281","2025-11-18","36.00","NZD","1762720503","23477/2025-11-18/1762720503.json"
"581514","221282","2025-11-18","36.00","NZD","1762720503","23477/2025-11-18/1762720503.json"
"512557","146154","2025-11-18","45.00","NZD","1762720503","23477/2025-11-18/1762720503.json"
"365170","146153","2025-11-18","48.00","NZD","1762720503","23477/2025-11-18/1762720503.json"
"510807","146155","2025-11-18","52.00","NZD","1762720503","23477/2025-11-18/1762720503.json"
"581513","221281","2025-11-17","36.00","NZD","1762720503","23477/2025-11-17/1762720503.json"
"581514","221282","2025-11-17","36.00","NZD","1762720503","23477/2025-11-17/1762720503.json"
"512557","146154","2025-11-17","45.00","NZD","1762720503","23477/2025-11-17/1762720503.json"
"365170","146153","2025-11-17","48.00","NZD","1762720503","23477/2025-11-17/1762720503.json"
"510807","146155","2025-11-17","52.00","NZD","1762720503","23477/2025-11-17/1762720503.json"
"581513","221281","2025-11-20","36.00","NZD","1762720503","23477/2025-11-20/1762720503.json"
"581514","221282","2025-11-20","36.00","NZD","1762720503","23477/2025-11-20/1762720503.json"
"512557","146154","2025-11-20","45.00","NZD","1762720503","23477/2025-11-20/1762720503.json"
"581513","221281","2025-11-19","36.00","NZD","1762720503","23477/2025-11-19/1762720503.json"
"581514","221282","2025-11-19","36.00","NZD","1762720503","23477/2025-11-19/1762720503.json"
"512557","146154","2025-11-19","45.00","NZD","1762720503","23477/2025-11-19/1762720503.json"
"365170","146153","2025-11-19","48.00","NZD","1762720503","23477/2025-11-19/1762720503.json"
"510807","146155","2025-11-19","52.00","NZD","1762720503","23477/2025-11-19/1762720503.json"
"581513","221281","2025-11-21","36.00","NZD","1762720503","23477/2025-11-21/1762720503.json"
"581514","221282","2025-11-21","36.00","NZD","1762720503","23477/2025-11-21/1762720503.json"
"512557","146154","2025-11-21","45.00","NZD","1762720503","23477/2025-11-21/1762720503.json"
"365170","146153","2025-11-21","48.00","NZD","1762720503","23477/2025-11-21/1762720503.json"
"510807","146155","2025-11-21","52.00","NZD","1762720503","23477/2025-11-21/1762720503.json"
"581513","221281","2025-11-24","36.00","NZD","1762720503","23477/2025-11-24/1762720503.json"
"581514","221282","2025-11-24","36.00","NZD","1762720503","23477/2025-11-24/1762720503.json"
"512557","146154","2025-11-24","45.00","NZD","1762720503","23477/2025-11-24/1762720503.json"
"365170","146153","2025-11-24","48.00","NZD","1762720503","23477/2025-11-24/1762720503.json"
"510807","146155","2025-11-24","52.00","NZD","1762720503","23477/2025-11-24/1762720503.json"
"581513","221281","2025-11-23","36.00","NZD","1762720503","23477/2025-11-23/1762720503.json"
"581514","221282","2025-11-23","36.00","NZD","1762720503","23477/2025-11-23/1762720503.json"
"512557","146154","2025-11-23","45.00","NZD","1762720503","23477/2025-11-23/1762720503.json"
"365170","146153","2025-11-23","48.00","NZD","1762720503","23477/2025-11-23/1762720503.json"
"510807","146155","2025-11-23","52.00","NZD","1762720503","23477/2025-11-23/1762720503.json"
"581513","221281","2025-11-22","36.00","NZD","1762720503","23477/2025-11-22/1762720503.json"
"581514","221282","2025-11-22","36.00","NZD","1762720503","23477/2025-11-22/1762720503.json"
"512557","146154","2025-11-22","45.00","NZD","1762720503","23477/2025-11-22/1762720503.json"
"365170","146153","2025-11-22","48.00","NZD","1762720503","23477/2025-11-22/1762720503.json"
"510807","146155","2025-11-22","52.00","NZD","1762720503","23477/2025-11-22/1762720503.json"
"581513","221281","2025-11-25","36.00","NZD","1762720503","23477/2025-11-25/1762720503.json"
"581514","221282","2025-11-25","36.00","NZD","1762720503","23477/2025-11-25/1762720503.json"
"512557","146154","2025-11-25","45.00","NZD","1762720503","23477/2025-11-25/1762720503.json"
"365170","146153","2025-11-25","48.00","NZD","1762720503","23477/2025-11-25/1762720503.json"
"510807","146155","2025-11-25","52.00","NZD","1762720503","23477/2025-11-25/1762720503.json"
"581513","221281","2025-11-27","36.00","NZD","1762720503","23477/2025-11-27/1762720503.json"
"581514","221282","2025-11-27","36.00","NZD","1762720503","23477/2025-11-27/1762720503.json"
"512557","146154","2025-11-27","45.00","NZD","1762720503","23477/2025-11-27/1762720503.json"
"365170","146153","2025-11-27","48.00","NZD","1762720503","23477/2025-11-27/1762720503.json"
"510807","146155","2025-11-27","52.00","NZD","1762720503","23477/2025-11-27/1762720503.json"
"581513","221281","2025-11-26","36.00","NZD","1762720503","23477/2025-11-26/1762720503.json"
"581514","221282","2025-11-26","36.00","NZD","1762720503","23477/2025-11-26/1762720503.json"
"512557","146154","2025-11-26","45.00","NZD","1762720503","23477/2025-11-26/1762720503.json"
"365170","146153","2025-11-26","48.00","NZD","1762720503","23477/2025-11-26/1762720503.json"
"510807","146155","2025-11-26","52.00","NZD","1762720503","23477/2025-11-26/1762720503.json"
"581513","221281","2025-11-28","36.00","NZD","1762720503","23477/2025-11-28/1762720503.json"
"581514","221282","2025-11-28","36.00","NZD","1762720503","23477/2025-11-28/1762720503.json"
"512557","146154","2025-11-28","45.00","NZD","1762720503","23477/2025-11-28/1762720503.json"
"365170","146153","2025-11-28","48.00","NZD","1762720503","23477/2025-11-28/1762720503.json"
"510807","146155","2025-11-28","52.00","NZD","1762720503","23477/2025-11-28/1762720503.json"
"581513","221281","2025-11-29","36.00","NZD","1762720503","23477/2025-11-29/1762720503.json"
"581514","221282","2025-11-29","36.00","NZD","1762720503","23477/2025-11-29/1762720503.json"
"512557","146154","2025-11-29","45.00","NZD","1762720503","23477/2025-11-29/1762720503.json"
"365170","146153","2025-11-29","48.00","NZD","1762720503","23477/2025-11-29/1762720503.json"
"510807","146155","2025-11-29","52.00","NZD","1762720503","23477/2025-11-29/1762720503.json"
"581513","221281","2025-12-01","36.00","NZD","1762720503","23477/2025-12-01/1762720503.json"
"581514","221282","2025-12-01","36.00","NZD","1762720503","23477/2025-12-01/1762720503.json"
"512557","146154","2025-12-01","45.00","NZD","1762720503","23477/2025-12-01/1762720503.json"
"365170","146153","2025-12-01","48.00","NZD","1762720503","23477/2025-12-01/1762720503.json"
"510807","146155","2025-12-01","52.00","NZD","1762720503","23477/2025-12-01/1762720503.json"
"581513","221281","2025-11-30","36.00","NZD","1762720503","23477/2025-11-30/1762720503.json"
"581514","221282","2025-11-30","36.00","NZD","1762720503","23477/2025-11-30/1762720503.json"
"512557","146154","2025-11-30","45.00","NZD","1762720503","23477/2025-11-30/1762720503.json"
"365170","146153","2025-11-30","48.00","NZD","1762720503","23477/2025-11-30/1762720503.json"
"510807","146155","2025-11-30","52.00","NZD","1762720503","23477/2025-11-30/1762720503.json"
"581513","221281","2025-12-02","36.00","NZD","1762720503","23477/2025-12-02/1762720503.json"
"581514","221282","2025-12-02","36.00","NZD","1762720503","23477/2025-12-02/1762720503.json"
"512557","146154","2025-12-02","45.00","NZD","1762720503","23477/2025-12-02/1762720503.json"
"365170","146153","2025-12-02","48.00","NZD","1762720503","23477/2025-12-02/1762720503.json"
"510807","146155","2025-12-02","52.00","NZD","1762720503","23477/2025-12-02/1762720503.json"
"581513","221281","2025-12-03","36.00","NZD","1762720503","23477/2025-12-03/1762720503.json"
"581514","221282","2025-12-03","36.00","NZD","1762720503","23477/2025-12-03/1762720503.json"
"512557","146154","2025-12-03","45.00","NZD","1762720503","23477/2025-12-03/1762720503.json"
"365170","146153","2025-12-03","48.00","NZD","1762720503","23477/2025-12-03/1762720503.json"
"510807","146155","2025-12-03","52.00","NZD","1762720503","23477/2025-12-03/1762720503.json"
"581513","221281","2025-12-05","36.00","NZD","1762720503","23477/2025-12-05/1762720503.json"
"581514","221282","2025-12-05","36.00","NZD","1762720503","23477/2025-12-05/1762720503.json"
"512557","146154","2025-12-05","45.00","NZD","1762720503","23477/2025-12-05/1762720503.json"
"365170","146153","2025-12-05","48.00","NZD","1762720503","23477/2025-12-05/1762720503.json"
"510807","146155","2025-12-05","52.00","NZD","1762720503","23477/2025-12-05/1762720503.json"
"581513","221281","2025-12-06","36.00","NZD","1762720503","23477/2025-12-06/1762720503.json"
"581514","221282","2025-12-06","36.00","NZD","1762720503","23477/2025-12-06/1762720503.json"
"512557","146154","2025-12-06","45.00","NZD","1762720503","23477/2025-12-06/1762720503.json"
"365170","146153","2025-12-06","48.00","NZD","1762720503","23477/2025-12-06/1762720503.json"
"510807","146155","2025-12-06","52.00","NZD","1762720503","23477/2025-12-06/1762720503.json"
"581513","221281","2025-12-07","36.00","NZD","1762720503","23477/2025-12-07/1762720503.json"
"581514","221282","2025-12-07","36.00","NZD","1762720503","23477/2025-12-07/1762720503.json"
"512557","146154","2025-12-07","45.00","NZD","1762720503","23477/2025-12-07/1762720503.json"
"365170","146153","2025-12-07","48.00","NZD","1762720503","23477/2025-12-07/1762720503.json"
"510807","146155","2025-12-07","52.00","NZD","1762720503","23477/2025-12-07/1762720503.json"
"581513","221281","2025-12-04","36.00","NZD","1762720503","23477/2025-12-04/1762720503.json"
"581514","221282","2025-12-04","36.00","NZD","1762720503","23477/2025-12-04/1762720503.json"
"512557","146154","2025-12-04","45.00","NZD","1762720503","23477/2025-12-04/1762720503.json"
"365170","146153","2025-12-04","48.00","NZD","1762720503","23477/2025-12-04/1762720503.json"
"510807","146155","2025-12-04","52.00","NZD","1762720503","23477/2025-12-04/1762720503.json"
"581513","221281","2025-12-08","36.00","NZD","1762720503","23477/2025-12-08/1762720503.json"
"581514","221282","2025-12-08","36.00","NZD","1762720503","23477/2025-12-08/1762720503.json"
"512557","146154","2025-12-08","45.00","NZD","1762720503","23477/2025-12-08/1762720503.json"
"365170","146153","2025-12-08","48.00","NZD","1762720503","23477/2025-12-08/1762720503.json"
"510807","146155","2025-12-08","52.00","NZD","1762720503","23477/2025-12-08/1762720503.json"
"581513","221281","2025-12-09","36.00","NZD","1762720503","23477/2025-12-09/1762720503.json"
"581514","221282","2025-12-09","36.00","NZD","1762720503","23477/2025-12-09/1762720503.json"
"512557","146154","2025-12-09","45.00","NZD","1762720503","23477/2025-12-09/1762720503.json"
"365170","146153","2025-12-09","48.00","NZD","1762720503","23477/2025-12-09/1762720503.json"
"510807","146155","2025-12-09","52.00","NZD","1762720503","23477/2025-12-09/1762720503.json"
"581513","221281","2025-12-10","36.00","NZD","1762720503","23477/2025-12-10/1762720503.json"
"581514","221282","2025-12-10","36.00","NZD","1762720503","23477/2025-12-10/1762720503.json"
"512557","146154","2025-12-10","45.00","NZD","1762720503","23477/2025-12-10/1762720503.json"
"365170","146153","2025-12-10","48.00","NZD","1762720503","23477/2025-12-10/1762720503.json"
"510807","146155","2025-12-10","52.00","NZD","1762720503","23477/2025-12-10/1762720503.json"
"581513","221281","2025-12-12","36.00","NZD","1762720503","23477/2025-12-12/1762720503.json"
"581514","221282","2025-12-12","36.00","NZD","1762720503","23477/2025-12-12/1762720503.json"
"512557","146154","2025-12-12","45.00","NZD","1762720503","23477/2025-12-12/1762720503.json"
"365170","146153","2025-12-12","48.00","NZD","1762720503","23477/2025-12-12/1762720503.json"
"510807","146155","2025-12-12","52.00","NZD","1762720503","23477/2025-12-12/1762720503.json"
"581513","221281","2025-12-11","36.00","NZD","1762720503","23477/2025-12-11/1762720503.json"
"581514","221282","2025-12-11","36.00","NZD","1762720503","23477/2025-12-11/1762720503.json"
"512557","146154","2025-12-11","45.00","NZD","1762720503","23477/2025-12-11/1762720503.json"
"365170","146153","2025-12-11","48.00","NZD","1762720503","23477/2025-12-11/1762720503.json"
"510807","146155","2025-12-11","52.00","NZD","1762720503","23477/2025-12-11/1762720503.json"
"581513","221281","2025-12-13","36.00","NZD","1762720503","23477/2025-12-13/1762720503.json"
"581514","221282","2025-12-13","36.00","NZD","1762720503","23477/2025-12-13/1762720503.json"
"512557","146154","2025-12-13","45.00","NZD","1762720503","23477/2025-12-13/1762720503.json"
"365170","146153","2025-12-13","48.00","NZD","1762720503","23477/2025-12-13/1762720503.json"
"510807","146155","2025-12-13","52.00","NZD","1762720503","23477/2025-12-13/1762720503.json"
"581513","221281","2025-12-15","36.00","NZD","1762720503","23477/2025-12-15/1762720503.json"
"581514","221282","2025-12-15","36.00","NZD","1762720503","23477/2025-12-15/1762720503.json"
"512557","146154","2025-12-15","45.00","NZD","1762720503","23477/2025-12-15/1762720503.json"
"365170","146153","2025-12-15","48.00","NZD","1762720503","23477/2025-12-15/1762720503.json"
"510807","146155","2025-12-15","52.00","NZD","1762720503","23477/2025-12-15/1762720503.json"
"581513","221281","2025-12-17","36.00","NZD","1762720503","23477/2025-12-17/1762720503.json"
"581514","221282","2025-12-17","36.00","NZD","1762720503","23477/2025-12-17/1762720503.json"
"512557","146154","2025-12-17","45.00","NZD","1762720503","23477/2025-12-17/1762720503.json"
"365170","146153","2025-12-17","48.00","NZD","1762720503","23477/2025-12-17/1762720503.json"
"510807","146155","2025-12-17","52.00","NZD","1762720503","23477/2025-12-17/1762720503.json"
"581513","221281","2025-12-18","36.00","NZD","1762720503","23477/2025-12-18/1762720503.json"
"581514","221282","2025-12-18","36.00","NZD","1762720503","23477/2025-12-18/1762720503.json"
"512557","146154","2025-12-18","45.00","NZD","1762720503","23477/2025-12-18/1762720503.json"
"365170","146153","2025-12-18","48.00","NZD","1762720503","23477/2025-12-18/1762720503.json"
"510807","146155","2025-12-18","52.00","NZD","1762720503","23477/2025-12-18/1762720503.json"
"581513","221281","2025-12-19","36.00","NZD","1762720503","23477/2025-12-19/1762720503.json"
"581514","221282","2025-12-19","36.00","NZD","1762720503","23477/2025-12-19/1762720503.json"
"512557","146154","2025-12-19","45.00","NZD","1762720503","23477/2025-12-19/1762720503.json"
"365170","146153","2025-12-19","48.00","NZD","1762720503","23477/2025-12-19/1762720503.json"
"510807","146155","2025-12-19","52.00","NZD","1762720503","23477/2025-12-19/1762720503.json"
"581513","221281","2025-12-14","36.00","NZD","1762720503","23477/2025-12-14/1762720503.json"
"581514","221282","2025-12-14","36.00","NZD","1762720503","23477/2025-12-14/1762720503.json"
"512557","146154","2025-12-14","45.00","NZD","1762720503","23477/2025-12-14/1762720503.json"
"365170","146153","2025-12-14","48.00","NZD","1762720503","23477/2025-12-14/1762720503.json"
"510807","146155","2025-12-14","52.00","NZD","1762720503","23477/2025-12-14/1762720503.json"
"581513","221281","2025-12-20","36.00","NZD","1762720503","23477/2025-12-20/1762720503.json"
"581514","221282","2025-12-20","36.00","NZD","1762720503","23477/2025-12-20/1762720503.json"
"512557","146154","2025-12-20","45.00","NZD","1762720503","23477/2025-12-20/1762720503.json"
"365170","146153","2025-12-20","48.00","NZD","1762720503","23477/2025-12-20/1762720503.json"
"510807","146155","2025-12-20","52.00","NZD","1762720503","23477/2025-12-20/1762720503.json"
"581513","221281","2025-12-16","36.00","NZD","1762720503","23477/2025-12-16/1762720503.json"
"581514","221282","2025-12-16","36.00","NZD","1762720503","23477/2025-12-16/1762720503.json"
"512557","146154","2025-12-16","45.00","NZD","1762720503","23477/2025-12-16/1762720503.json"
"365170","146153","2025-12-16","48.00","NZD","1762720503","23477/2025-12-16/1762720503.json"
"510807","146155","2025-12-16","52.00","NZD","1762720503","23477/2025-12-16/1762720503.json"
"581513","221281","2025-12-21","36.00","NZD","1762720503","23477/2025-12-21/1762720503.json"
"581514","221282","2025-12-21","36.00","NZD","1762720503","23477/2025-12-21/1762720503.json"
"512557","146154","2025-12-21","45.00","NZD","1762720503","23477/2025-12-21/1762720503.json"
"365170","146153","2025-12-21","48.00","NZD","1762720503","23477/2025-12-21/1762720503.json"
"510807","146155","2025-12-21","52.00","NZD","1762720503","23477/2025-12-21/1762720503.json"
"581513","221281","2025-12-22","36.00","NZD","1762720503","23477/2025-12-22/1762720503.json"
"581514","221282","2025-12-22","36.00","NZD","1762720503","23477/2025-12-22/1762720503.json"
"512557","146154","2025-12-22","45.00","NZD","1762720503","23477/2025-12-22/1762720503.json"
"365170","146153","2025-12-22","48.00","NZD","1762720503","23477/2025-12-22/1762720503.json"
"510807","146155","2025-12-22","52.00","NZD","1762720503","23477/2025-12-22/1762720503.json"
"581513","221281","2025-12-23","38.00","NZD","1762720503","23477/2025-12-23/1762720503.json"
"581514","221282","2025-12-23","38.00","NZD","1762720503","23477/2025-12-23/1762720503.json"
"512557","146154","2025-12-23","45.00","NZD","1762720503","23477/2025-12-23/1762720503.json"
"365170","146153","2025-12-23","48.00","NZD","1762720503","23477/2025-12-23/1762720503.json"
"510807","146155","2025-12-23","52.00","NZD","1762720503","23477/2025-12-23/1762720503.json"
"581513","221281","2025-12-25","38.00","NZD","1762720503","23477/2025-12-25/1762720503.json"
"581514","221282","2025-12-25","38.00","NZD","1762720503","23477/2025-12-25/1762720503.json"
"512557","146154","2025-12-25","45.00","NZD","1762720503","23477/2025-12-25/1762720503.json"
"365170","146153","2025-12-25","48.00","NZD","1762720503","23477/2025-12-25/1762720503.json"
"510807","146155","2025-12-25","52.00","NZD","1762720503","23477/2025-12-25/1762720503.json"
"581513","221281","2025-12-24","38.00","NZD","1762720503","23477/2025-12-24/1762720503.json"
"581514","221282","2025-12-24","38.00","NZD","1762720503","23477/2025-12-24/1762720503.json"
"512557","146154","2025-12-24","45.00","NZD","1762720503","23477/2025-12-24/1762720503.json"
"365170","146153","2025-12-24","48.00","NZD","1762720503","23477/2025-12-24/1762720503.json"
"510807","146155","2025-12-24","52.00","NZD","1762720503","23477/2025-12-24/1762720503.json"
"581513","221281","2025-12-26","42.00","NZD","1762720503","23477/2025-12-26/1762720503.json"
"581514","221282","2025-12-26","42.00","NZD","1762720503","23477/2025-12-26/1762720503.json"
"512557","146154","2025-12-26","45.00","NZD","1762720503","23477/2025-12-26/1762720503.json"
"365170","146153","2025-12-26","48.00","NZD","1762720503","23477/2025-12-26/1762720503.json"
"510807","146155","2025-12-26","52.00","NZD","1762720503","23477/2025-12-26/1762720503.json"
"581513","221281","2025-12-27","42.00","NZD","1762720503","23477/2025-12-27/1762720503.json"
"581514","221282","2025-12-27","42.00","NZD","1762720503","23477/2025-12-27/1762720503.json"
"512557","146154","2025-12-27","45.00","NZD","1762720503","23477/2025-12-27/1762720503.json"
"365170","146153","2025-12-27","48.00","NZD","1762720503","23477/2025-12-27/1762720503.json"
"510807","146155","2025-12-27","52.00","NZD","1762720503","23477/2025-12-27/1762720503.json"
"581513","221281","2025-12-29","42.00","NZD","1762720503","23477/2025-12-29/1762720503.json"
"581514","221282","2025-12-29","42.00","NZD","1762720503","23477/2025-12-29/1762720503.json"
"512557","146154","2025-12-29","45.00","NZD","1762720503","23477/2025-12-29/1762720503.json"
"365170","146153","2025-12-29","48.00","NZD","1762720503","23477/2025-12-29/1762720503.json"
"510807","146155","2025-12-29","52.00","NZD","1762720503","23477/2025-12-29/1762720503.json"
"581513","221281","2025-12-28","42.00","NZD","1762720503","23477/2025-12-28/1762720503.json"
"581514","221282","2025-12-28","42.00","NZD","1762720503","23477/2025-12-28/1762720503.json"
"512557","146154","2025-12-28","45.00","NZD","1762720503","23477/2025-12-28/1762720503.json"
"365170","146153","2025-12-28","48.00","NZD","1762720503","23477/2025-12-28/1762720503.json"
"510807","146155","2025-12-28","52.00","NZD","1762720503","23477/2025-12-28/1762720503.json"
"581513","221281","2025-12-30","42.00","NZD","1762720503","23477/2025-12-30/1762720503.json"
"581514","221282","2025-12-30","42.00","NZD","1762720503","23477/2025-12-30/1762720503.json"
"512557","146154","2025-12-30","45.00","NZD","1762720503","23477/2025-12-30/1762720503.json"
"365170","146153","2025-12-30","48.00","NZD","1762720503","23477/2025-12-30/1762720503.json"
"510807","146155","2025-12-30","52.00","NZD","1762720503","23477/2025-12-30/1762720503.json"
"581513","221281","2025-12-31","42.00","NZD","1762720503","23477/2025-12-31/1762720503.json"
"581514","221282","2025-12-31","42.00","NZD","1762720503","23477/2025-12-31/1762720503.json"
"512557","146154","2025-12-31","45.00","NZD","1762720503","23477/2025-12-31/1762720503.json"
"365170","146153","2025-12-31","48.00","NZD","1762720503","23477/2025-12-31/1762720503.json"
"510807","146155","2025-12-31","52.00","NZD","1762720503","23477/2025-12-31/1762720503.json"
"581513","221281","2026-01-01","42.00","NZD","1762720503","23477/2026-01-01/1762720503.json"
"581514","221282","2026-01-01","42.00","NZD","1762720503","23477/2026-01-01/1762720503.json"
"512557","146154","2026-01-01","45.00","NZD","1762720503","23477/2026-01-01/1762720503.json"
"365170","146153","2026-01-01","48.00","NZD","1762720503","23477/2026-01-01/1762720503.json"
"510807","146155","2026-01-01","52.00","NZD","1762720503","23477/2026-01-01/1762720503.json"
"581513","221281","2026-01-03","42.00","NZD","1762720503","23477/2026-01-03/1762720503.json"
"581514","221282","2026-01-03","42.00","NZD","1762720503","23477/2026-01-03/1762720503.json"
"512557","146154","2026-01-03","45.00","NZD","1762720503","23477/2026-01-03/1762720503.json"
"365170","146153","2026-01-03","48.00","NZD","1762720503","23477/2026-01-03/1762720503.json"
"510807","146155","2026-01-03","52.00","NZD","1762720503","23477/2026-01-03/1762720503.json"
"581513","221281","2026-01-02","42.00","NZD","1762720503","23477/2026-01-02/1762720503.json"
"581514","221282","2026-01-02","42.00","NZD","1762720503","23477/2026-01-02/1762720503.json"
"512557","146154","2026-01-02","45.00","NZD","1762720503","23477/2026-01-02/1762720503.json"
"365170","146153","2026-01-02","48.00","NZD","1762720503","23477/2026-01-02/1762720503.json"
"510807","146155","2026-01-02","52.00","NZD","1762720503","23477/2026-01-02/1762720503.json"
"581513","221281","2026-01-04","42.00","NZD","1762720503","23477/2026-01-04/1762720503.json"
"581514","221282","2026-01-04","42.00","NZD","1762720503","23477/2026-01-04/1762720503.json"
"512557","146154","2026-01-04","45.00","NZD","1762720503","23477/2026-01-04/1762720503.json"
"365170","146153","2026-01-04","48.00","NZD","1762720503","23477/2026-01-04/1762720503.json"
"510807","146155","2026-01-04","52.00","NZD","1762720503","23477/2026-01-04/1762720503.json"
"581513","221281","2026-01-05","36.00","NZD","1762720503","23477/2026-01-05/1762720503.json"
"581514","221282","2026-01-05","36.00","NZD","1762720503","23477/2026-01-05/1762720503.json"
"512557","146154","2026-01-05","45.00","NZD","1762720503","23477/2026-01-05/1762720503.json"
"365170","146153","2026-01-05","48.00","NZD","1762720503","23477/2026-01-05/1762720503.json"
"510807","146155","2026-01-05","52.00","NZD","1762720503","23477/2026-01-05/1762720503.json"
"581513","221281","2026-01-06","36.00","NZD","1762720503","23477/2026-01-06/1762720503.json"
"581514","221282","2026-01-06","36.00","NZD","1762720503","23477/2026-01-06/1762720503.json"
"512557","146154","2026-01-06","45.00","NZD","1762720503","23477/2026-01-06/1762720503.json"
"365170","146153","2026-01-06","48.00","NZD","1762720503","23477/2026-01-06/1762720503.json"
"510807","146155","2026-01-06","52.00","NZD","1762720503","23477/2026-01-06/1762720503.json"
"581513","221281","2026-01-07","36.00","NZD","1762720503","23477/2026-01-07/1762720503.json"
"581514","221282","2026-01-07","36.00","NZD","1762720503","23477/2026-01-07/1762720503.json"
"512557","146154","2026-01-07","45.00","NZD","1762720503","23477/2026-01-07/1762720503.json"
"365170","146153","2026-01-07","48.00","NZD","1762720503","23477/2026-01-07/1762720503.json"
"510807","146155","2026-01-07","52.00","NZD","1762720503","23477/2026-01-07/1762720503.json"
"581513","221281","2026-01-08","36.00","NZD","1762720503","23477/2026-01-08/1762720503.json"
"581514","221282","2026-01-08","36.00","NZD","1762720503","23477/2026-01-08/1762720503.json"
"512557","146154","2026-01-08","45.00","NZD","1762720503","23477/2026-01-08/1762720503.json"
"365170","146153","2026-01-08","48.00","NZD","1762720503","23477/2026-01-08/1762720503.json"
"510807","146155","2026-01-08","52.00","NZD","1762720503","23477/2026-01-08/1762720503.json"
"581513","221281","2025-11-13","36.00","NZD","1762740280","23477/2025-11-13/1762740280.json"
"581514","221282","2025-11-13","36.00","NZD","1762740280","23477/2025-11-13/1762740280.json"
"512557","146154","2025-11-13","45.00","NZD","1762740280","23477/2025-11-13/1762740280.json"
"365170","146153","2025-11-13","48.00","NZD","1762740280","23477/2025-11-13/1762740280.json"
"510807","146155","2025-11-13","52.00","NZD","1762740280","23477/2025-11-13/1762740280.json"
"581513","221281","2025-11-12","36.00","NZD","1762740280","23477/2025-11-12/1762740280.json"
"581514","221282","2025-11-12","36.00","NZD","1762740280","23477/2025-11-12/1762740280.json"
"512557","146154","2025-11-12","45.00","NZD","1762740280","23477/2025-11-12/1762740280.json"
"365170","146153","2025-11-12","48.00","NZD","1762740280","23477/2025-11-12/1762740280.json"
"510807","146155","2025-11-12","52.00","NZD","1762740280","23477/2025-11-12/1762740280.json"
"581513","221281","2025-11-11","36.00","NZD","1762740280","23477/2025-11-11/1762740280.json"
"581514","221282","2025-11-11","36.00","NZD","1762740280","23477/2025-11-11/1762740280.json"
"512557","146154","2025-11-11","45.00","NZD","1762740280","23477/2025-11-11/1762740280.json"
"365170","146153","2025-11-11","48.00","NZD","1762740280","23477/2025-11-11/1762740280.json"
"510807","146155","2025-11-11","52.00","NZD","1762740280","23477/2025-11-11/1762740280.json"
"581513","221281","2025-11-10","36.00","NZD","1762740280","23477/2025-11-10/1762740280.json"
"581514","221282","2025-11-10","36.00","NZD","1762740280","23477/2025-11-10/1762740280.json"
"512557","146154","2025-11-10","45.00","NZD","1762740280","23477/2025-11-10/1762740280.json"
"365170","146153","2025-11-10","48.00","NZD","1762740280","23477/2025-11-10/1762740280.json"
"510807","146155","2025-11-10","52.00","NZD","1762740280","23477/2025-11-10/1762740280.json"
"581513","221281","2025-11-14","36.00","NZD","1762740280","23477/2025-11-14/1762740280.json"
"581514","221282","2025-11-14","36.00","NZD","1762740280","23477/2025-11-14/1762740280.json"
"512557","146154","2025-11-14","45.00","NZD","1762740280","23477/2025-11-14/1762740280.json"
"365170","146153","2025-11-14","48.00","NZD","1762740280","23477/2025-11-14/1762740280.json"
"510807","146155","2025-11-14","52.00","NZD","1762740280","23477/2025-11-14/1762740280.json"
"581513","221281","2025-11-15","36.00","NZD","1762740280","23477/2025-11-15/1762740280.json"
"581513","221281","2025-11-16","36.00","NZD","1762740280","23477/2025-11-16/1762740280.json"
"581514","221282","2025-11-15","36.00","NZD","1762740280","23477/2025-11-15/1762740280.json"
"581514","221282","2025-11-16","36.00","NZD","1762740280","23477/2025-11-16/1762740280.json"
"512557","146154","2025-11-16","45.00","NZD","1762740280","23477/2025-11-16/1762740280.json"
"512557","146154","2025-11-15","45.00","NZD","1762740280","23477/2025-11-15/1762740280.json"
"365170","146153","2025-11-16","48.00","NZD","1762740280","23477/2025-11-16/1762740280.json"
"510807","146155","2025-11-16","52.00","NZD","1762740280","23477/2025-11-16/1762740280.json"
"365170","146153","2025-11-15","48.00","NZD","1762740280","23477/2025-11-15/1762740280.json"
"510807","146155","2025-11-15","52.00","NZD","1762740280","23477/2025-11-15/1762740280.json"
"581513","221281","2025-11-17","36.00","NZD","1762740280","23477/2025-11-17/1762740280.json"
"581514","221282","2025-11-17","36.00","NZD","1762740280","23477/2025-11-17/1762740280.json"
"512557","146154","2025-11-17","45.00","NZD","1762740280","23477/2025-11-17/1762740280.json"
"365170","146153","2025-11-17","48.00","NZD","1762740280","23477/2025-11-17/1762740280.json"
"510807","146155","2025-11-17","52.00","NZD","1762740280","23477/2025-11-17/1762740280.json"
"581513","221281","2025-11-18","36.00","NZD","1762740280","23477/2025-11-18/1762740280.json"
"581514","221282","2025-11-18","36.00","NZD","1762740280","23477/2025-11-18/1762740280.json"
"512557","146154","2025-11-18","45.00","NZD","1762740280","23477/2025-11-18/1762740280.json"
"365170","146153","2025-11-18","48.00","NZD","1762740280","23477/2025-11-18/1762740280.json"
"510807","146155","2025-11-18","52.00","NZD","1762740280","23477/2025-11-18/1762740280.json"
"581513","221281","2025-11-19","36.00","NZD","1762740280","23477/2025-11-19/1762740280.json"
"581514","221282","2025-11-19","36.00","NZD","1762740280","23477/2025-11-19/1762740280.json"
"512557","146154","2025-11-19","45.00","NZD","1762740280","23477/2025-11-19/1762740280.json"
"365170","146153","2025-11-19","48.00","NZD","1762740280","23477/2025-11-19/1762740280.json"
"510807","146155","2025-11-19","52.00","NZD","1762740280","23477/2025-11-19/1762740280.json"
"581513","221281","2025-11-20","36.00","NZD","1762740280","23477/2025-11-20/1762740280.json"
"581513","221281","2025-11-21","36.00","NZD","1762740280","23477/2025-11-21/1762740280.json"
"581514","221282","2025-11-20","36.00","NZD","1762740280","23477/2025-11-20/1762740280.json"
"581514","221282","2025-11-21","36.00","NZD","1762740280","23477/2025-11-21/1762740280.json"
"512557","146154","2025-11-20","45.00","NZD","1762740280","23477/2025-11-20/1762740280.json"
"512557","146154","2025-11-21","45.00","NZD","1762740280","23477/2025-11-21/1762740280.json"
"365170","146153","2025-11-21","48.00","NZD","1762740280","23477/2025-11-21/1762740280.json"
"510807","146155","2025-11-21","52.00","NZD","1762740280","23477/2025-11-21/1762740280.json"
"581513","221281","2025-11-22","36.00","NZD","1762740280","23477/2025-11-22/1762740280.json"
"581514","221282","2025-11-22","36.00","NZD","1762740280","23477/2025-11-22/1762740280.json"
"512557","146154","2025-11-22","45.00","NZD","1762740280","23477/2025-11-22/1762740280.json"
"365170","146153","2025-11-22","48.00","NZD","1762740280","23477/2025-11-22/1762740280.json"
"510807","146155","2025-11-22","52.00","NZD","1762740280","23477/2025-11-22/1762740280.json"
"581513","221281","2025-11-24","36.00","NZD","1762740280","23477/2025-11-24/1762740280.json"
"581514","221282","2025-11-24","36.00","NZD","1762740280","23477/2025-11-24/1762740280.json"
"512557","146154","2025-11-24","45.00","NZD","1762740280","23477/2025-11-24/1762740280.json"
"365170","146153","2025-11-24","48.00","NZD","1762740280","23477/2025-11-24/1762740280.json"
"510807","146155","2025-11-24","52.00","NZD","1762740280","23477/2025-11-24/1762740280.json"
"581513","221281","2025-11-26","36.00","NZD","1762740280","23477/2025-11-26/1762740280.json"
"581514","221282","2025-11-26","36.00","NZD","1762740280","23477/2025-11-26/1762740280.json"
"512557","146154","2025-11-26","45.00","NZD","1762740280","23477/2025-11-26/1762740280.json"
"365170","146153","2025-11-26","48.00","NZD","1762740280","23477/2025-11-26/1762740280.json"
"510807","146155","2025-11-26","52.00","NZD","1762740280","23477/2025-11-26/1762740280.json"
"581513","221281","2025-11-23","36.00","NZD","1762740280","23477/2025-11-23/1762740280.json"
"581514","221282","2025-11-23","36.00","NZD","1762740280","23477/2025-11-23/1762740280.json"
"512557","146154","2025-11-23","45.00","NZD","1762740280","23477/2025-11-23/1762740280.json"
"365170","146153","2025-11-23","48.00","NZD","1762740280","23477/2025-11-23/1762740280.json"
"510807","146155","2025-11-23","52.00","NZD","1762740280","23477/2025-11-23/1762740280.json"
"581513","221281","2025-11-25","36.00","NZD","1762740280","23477/2025-11-25/1762740280.json"
"581514","221282","2025-11-25","36.00","NZD","1762740280","23477/2025-11-25/1762740280.json"
"512557","146154","2025-11-25","45.00","NZD","1762740280","23477/2025-11-25/1762740280.json"
"365170","146153","2025-11-25","48.00","NZD","1762740280","23477/2025-11-25/1762740280.json"
"510807","146155","2025-11-25","52.00","NZD","1762740280","23477/2025-11-25/1762740280.json"
"581513","221281","2025-11-27","36.00","NZD","1762740280","23477/2025-11-27/1762740280.json"
"581514","221282","2025-11-27","36.00","NZD","1762740280","23477/2025-11-27/1762740280.json"
"512557","146154","2025-11-27","45.00","NZD","1762740280","23477/2025-11-27/1762740280.json"
"365170","146153","2025-11-27","48.00","NZD","1762740280","23477/2025-11-27/1762740280.json"
"510807","146155","2025-11-27","52.00","NZD","1762740280","23477/2025-11-27/1762740280.json"
"581513","221281","2025-11-29","36.00","NZD","1762740280","23477/2025-11-29/1762740280.json"
"581514","221282","2025-11-29","36.00","NZD","1762740280","23477/2025-11-29/1762740280.json"
"512557","146154","2025-11-29","45.00","NZD","1762740280","23477/2025-11-29/1762740280.json"
"365170","146153","2025-11-29","48.00","NZD","1762740280","23477/2025-11-29/1762740280.json"
"510807","146155","2025-11-29","52.00","NZD","1762740280","23477/2025-11-29/1762740280.json"
"581513","221281","2025-11-28","36.00","NZD","1762740280","23477/2025-11-28/1762740280.json"
"581514","221282","2025-11-28","36.00","NZD","1762740280","23477/2025-11-28/1762740280.json"
"512557","146154","2025-11-28","45.00","NZD","1762740280","23477/2025-11-28/1762740280.json"
"365170","146153","2025-11-28","48.00","NZD","1762740280","23477/2025-11-28/1762740280.json"
"510807","146155","2025-11-28","52.00","NZD","1762740280","23477/2025-11-28/1762740280.json"
"581513","221281","2025-11-30","36.00","NZD","1762740280","23477/2025-11-30/1762740280.json"
"581514","221282","2025-11-30","36.00","NZD","1762740280","23477/2025-11-30/1762740280.json"
"512557","146154","2025-11-30","45.00","NZD","1762740280","23477/2025-11-30/1762740280.json"
"365170","146153","2025-11-30","48.00","NZD","1762740280","23477/2025-11-30/1762740280.json"
"510807","146155","2025-11-30","52.00","NZD","1762740280","23477/2025-11-30/1762740280.json"
"581513","221281","2025-12-01","36.00","NZD","1762740280","23477/2025-12-01/1762740280.json"
"581514","221282","2025-12-01","36.00","NZD","1762740280","23477/2025-12-01/1762740280.json"
"512557","146154","2025-12-01","45.00","NZD","1762740280","23477/2025-12-01/1762740280.json"
"365170","146153","2025-12-01","48.00","NZD","1762740280","23477/2025-12-01/1762740280.json"
"510807","146155","2025-12-01","52.00","NZD","1762740280","23477/2025-12-01/1762740280.json"
"581513","221281","2025-12-02","36.00","NZD","1762740280","23477/2025-12-02/1762740280.json"
"581514","221282","2025-12-02","36.00","NZD","1762740280","23477/2025-12-02/1762740280.json"
"512557","146154","2025-12-02","45.00","NZD","1762740280","23477/2025-12-02/1762740280.json"
"365170","146153","2025-12-02","48.00","NZD","1762740280","23477/2025-12-02/1762740280.json"
"510807","146155","2025-12-02","52.00","NZD","1762740280","23477/2025-12-02/1762740280.json"
"581513","221281","2025-12-03","36.00","NZD","1762740280","23477/2025-12-03/1762740280.json"
"581514","221282","2025-12-03","36.00","NZD","1762740280","23477/2025-12-03/1762740280.json"
"512557","146154","2025-12-03","45.00","NZD","1762740280","23477/2025-12-03/1762740280.json"
"365170","146153","2025-12-03","48.00","NZD","1762740280","23477/2025-12-03/1762740280.json"
"510807","146155","2025-12-03","52.00","NZD","1762740280","23477/2025-12-03/1762740280.json"
"581513","221281","2025-12-04","36.00","NZD","1762740280","23477/2025-12-04/1762740280.json"
"581514","221282","2025-12-04","36.00","NZD","1762740280","23477/2025-12-04/1762740280.json"
"512557","146154","2025-12-04","45.00","NZD","1762740280","23477/2025-12-04/1762740280.json"
"365170","146153","2025-12-04","48.00","NZD","1762740280","23477/2025-12-04/1762740280.json"
"510807","146155","2025-12-04","52.00","NZD","1762740280","23477/2025-12-04/1762740280.json"
"581513","221281","2025-12-06","36.00","NZD","1762740280","23477/2025-12-06/1762740280.json"
"581514","221282","2025-12-06","36.00","NZD","1762740280","23477/2025-12-06/1762740280.json"
"512557","146154","2025-12-06","45.00","NZD","1762740280","23477/2025-12-06/1762740280.json"
"365170","146153","2025-12-06","48.00","NZD","1762740280","23477/2025-12-06/1762740280.json"
"510807","146155","2025-12-06","52.00","NZD","1762740280","23477/2025-12-06/1762740280.json"
"581513","221281","2025-12-08","36.00","NZD","1762740280","23477/2025-12-08/1762740280.json"
"581514","221282","2025-12-08","36.00","NZD","1762740280","23477/2025-12-08/1762740280.json"
"512557","146154","2025-12-08","45.00","NZD","1762740280","23477/2025-12-08/1762740280.json"
"365170","146153","2025-12-08","48.00","NZD","1762740280","23477/2025-12-08/1762740280.json"
"510807","146155","2025-12-08","52.00","NZD","1762740280","23477/2025-12-08/1762740280.json"
"581513","221281","2025-12-07","36.00","NZD","1762740280","23477/2025-12-07/1762740280.json"
"581514","221282","2025-12-07","36.00","NZD","1762740280","23477/2025-12-07/1762740280.json"
"512557","146154","2025-12-07","45.00","NZD","1762740280","23477/2025-12-07/1762740280.json"
"365170","146153","2025-12-07","48.00","NZD","1762740280","23477/2025-12-07/1762740280.json"
"510807","146155","2025-12-07","52.00","NZD","1762740280","23477/2025-12-07/1762740280.json"
"581513","221281","2025-12-05","36.00","NZD","1762740280","23477/2025-12-05/1762740280.json"
"581514","221282","2025-12-05","36.00","NZD","1762740280","23477/2025-12-05/1762740280.json"
"512557","146154","2025-12-05","45.00","NZD","1762740280","23477/2025-12-05/1762740280.json"
"365170","146153","2025-12-05","48.00","NZD","1762740280","23477/2025-12-05/1762740280.json"
"510807","146155","2025-12-05","52.00","NZD","1762740280","23477/2025-12-05/1762740280.json"
"581513","221281","2025-12-09","36.00","NZD","1762740280","23477/2025-12-09/1762740280.json"
"581514","221282","2025-12-09","36.00","NZD","1762740280","23477/2025-12-09/1762740280.json"
"512557","146154","2025-12-09","45.00","NZD","1762740280","23477/2025-12-09/1762740280.json"
"365170","146153","2025-12-09","48.00","NZD","1762740280","23477/2025-12-09/1762740280.json"
"510807","146155","2025-12-09","52.00","NZD","1762740280","23477/2025-12-09/1762740280.json"
"581513","221281","2025-12-12","36.00","NZD","1762740280","23477/2025-12-12/1762740280.json"
"581514","221282","2025-12-12","36.00","NZD","1762740280","23477/2025-12-12/1762740280.json"
"512557","146154","2025-12-12","45.00","NZD","1762740280","23477/2025-12-12/1762740280.json"
"365170","146153","2025-12-12","48.00","NZD","1762740280","23477/2025-12-12/1762740280.json"
"510807","146155","2025-12-12","52.00","NZD","1762740280","23477/2025-12-12/1762740280.json"
"581513","221281","2025-12-10","36.00","NZD","1762740280","23477/2025-12-10/1762740280.json"
"581514","221282","2025-12-10","36.00","NZD","1762740280","23477/2025-12-10/1762740280.json"
"512557","146154","2025-12-10","45.00","NZD","1762740280","23477/2025-12-10/1762740280.json"
"365170","146153","2025-12-10","48.00","NZD","1762740280","23477/2025-12-10/1762740280.json"
"510807","146155","2025-12-10","52.00","NZD","1762740280","23477/2025-12-10/1762740280.json"
"581513","221281","2025-12-11","36.00","NZD","1762740280","23477/2025-12-11/1762740280.json"
"581514","221282","2025-12-11","36.00","NZD","1762740280","23477/2025-12-11/1762740280.json"
"512557","146154","2025-12-11","45.00","NZD","1762740280","23477/2025-12-11/1762740280.json"
"365170","146153","2025-12-11","48.00","NZD","1762740280","23477/2025-12-11/1762740280.json"
"510807","146155","2025-12-11","52.00","NZD","1762740280","23477/2025-12-11/1762740280.json"
"581513","221281","2025-12-13","36.00","NZD","1762740280","23477/2025-12-13/1762740280.json"
"581514","221282","2025-12-13","36.00","NZD","1762740280","23477/2025-12-13/1762740280.json"
"512557","146154","2025-12-13","45.00","NZD","1762740280","23477/2025-12-13/1762740280.json"
"365170","146153","2025-12-13","48.00","NZD","1762740280","23477/2025-12-13/1762740280.json"
"510807","146155","2025-12-13","52.00","NZD","1762740280","23477/2025-12-13/1762740280.json"
"581513","221281","2025-12-14","36.00","NZD","1762740280","23477/2025-12-14/1762740280.json"
"581514","221282","2025-12-14","36.00","NZD","1762740280","23477/2025-12-14/1762740280.json"
"512557","146154","2025-12-14","45.00","NZD","1762740280","23477/2025-12-14/1762740280.json"
"365170","146153","2025-12-14","48.00","NZD","1762740280","23477/2025-12-14/1762740280.json"
"510807","146155","2025-12-14","52.00","NZD","1762740280","23477/2025-12-14/1762740280.json"
"581513","221281","2025-12-15","36.00","NZD","1762740280","23477/2025-12-15/1762740280.json"
"581514","221282","2025-12-15","36.00","NZD","1762740280","23477/2025-12-15/1762740280.json"
"512557","146154","2025-12-15","45.00","NZD","1762740280","23477/2025-12-15/1762740280.json"
"365170","146153","2025-12-15","48.00","NZD","1762740280","23477/2025-12-15/1762740280.json"
"510807","146155","2025-12-15","52.00","NZD","1762740280","23477/2025-12-15/1762740280.json"
"581513","221281","2025-12-16","36.00","NZD","1762740280","23477/2025-12-16/1762740280.json"
"581514","221282","2025-12-16","36.00","NZD","1762740280","23477/2025-12-16/1762740280.json"
"512557","146154","2025-12-16","45.00","NZD","1762740280","23477/2025-12-16/1762740280.json"
"365170","146153","2025-12-16","48.00","NZD","1762740280","23477/2025-12-16/1762740280.json"
"510807","146155","2025-12-16","52.00","NZD","1762740280","23477/2025-12-16/1762740280.json"
"581513","221281","2025-12-17","36.00","NZD","1762740280","23477/2025-12-17/1762740280.json"
"581514","221282","2025-12-17","36.00","NZD","1762740280","23477/2025-12-17/1762740280.json"
"512557","146154","2025-12-17","45.00","NZD","1762740280","23477/2025-12-17/1762740280.json"
"365170","146153","2025-12-17","48.00","NZD","1762740280","23477/2025-12-17/1762740280.json"
"510807","146155","2025-12-17","52.00","NZD","1762740280","23477/2025-12-17/1762740280.json"
"581513","221281","2025-12-20","36.00","NZD","1762740280","23477/2025-12-20/1762740280.json"
"581514","221282","2025-12-20","36.00","NZD","1762740280","23477/2025-12-20/1762740280.json"
"512557","146154","2025-12-20","45.00","NZD","1762740280","23477/2025-12-20/1762740280.json"
"365170","146153","2025-12-20","48.00","NZD","1762740280","23477/2025-12-20/1762740280.json"
"510807","146155","2025-12-20","52.00","NZD","1762740280","23477/2025-12-20/1762740280.json"
"581513","221281","2025-12-19","36.00","NZD","1762740280","23477/2025-12-19/1762740280.json"
"581514","221282","2025-12-19","36.00","NZD","1762740280","23477/2025-12-19/1762740280.json"
"512557","146154","2025-12-19","45.00","NZD","1762740280","23477/2025-12-19/1762740280.json"
"365170","146153","2025-12-19","48.00","NZD","1762740280","23477/2025-12-19/1762740280.json"
"510807","146155","2025-12-19","52.00","NZD","1762740280","23477/2025-12-19/1762740280.json"
"581513","221281","2025-12-18","36.00","NZD","1762740280","23477/2025-12-18/1762740280.json"
"581514","221282","2025-12-18","36.00","NZD","1762740280","23477/2025-12-18/1762740280.json"
"512557","146154","2025-12-18","45.00","NZD","1762740280","23477/2025-12-18/1762740280.json"
"365170","146153","2025-12-18","48.00","NZD","1762740280","23477/2025-12-18/1762740280.json"
"510807","146155","2025-12-18","52.00","NZD","1762740280","23477/2025-12-18/1762740280.json"
"581513","221281","2025-12-21","36.00","NZD","1762740280","23477/2025-12-21/1762740280.json"
"581514","221282","2025-12-21","36.00","NZD","1762740280","23477/2025-12-21/1762740280.json"
"512557","146154","2025-12-21","45.00","NZD","1762740280","23477/2025-12-21/1762740280.json"
"365170","146153","2025-12-21","48.00","NZD","1762740280","23477/2025-12-21/1762740280.json"
"510807","146155","2025-12-21","52.00","NZD","1762740280","23477/2025-12-21/1762740280.json"
"581513","221281","2025-12-22","36.00","NZD","1762740280","23477/2025-12-22/1762740280.json"
"581514","221282","2025-12-22","36.00","NZD","1762740280","23477/2025-12-22/1762740280.json"
"512557","146154","2025-12-22","45.00","NZD","1762740280","23477/2025-12-22/1762740280.json"
"365170","146153","2025-12-22","48.00","NZD","1762740280","23477/2025-12-22/1762740280.json"
"510807","146155","2025-12-22","52.00","NZD","1762740280","23477/2025-12-22/1762740280.json"
"581513","221281","2025-12-23","38.00","NZD","1762740280","23477/2025-12-23/1762740280.json"
"581514","221282","2025-12-23","38.00","NZD","1762740280","23477/2025-12-23/1762740280.json"
"512557","146154","2025-12-23","45.00","NZD","1762740280","23477/2025-12-23/1762740280.json"
"365170","146153","2025-12-23","48.00","NZD","1762740280","23477/2025-12-23/1762740280.json"
"510807","146155","2025-12-23","52.00","NZD","1762740280","23477/2025-12-23/1762740280.json"
"581513","221281","2025-12-24","38.00","NZD","1762740280","23477/2025-12-24/1762740280.json"
"581514","221282","2025-12-24","38.00","NZD","1762740280","23477/2025-12-24/1762740280.json"
"512557","146154","2025-12-24","45.00","NZD","1762740280","23477/2025-12-24/1762740280.json"
"365170","146153","2025-12-24","48.00","NZD","1762740280","23477/2025-12-24/1762740280.json"
"510807","146155","2025-12-24","52.00","NZD","1762740280","23477/2025-12-24/1762740280.json"
"581513","221281","2025-12-25","38.00","NZD","1762740280","23477/2025-12-25/1762740280.json"
"581514","221282","2025-12-25","38.00","NZD","1762740280","23477/2025-12-25/1762740280.json"
"512557","146154","2025-12-25","45.00","NZD","1762740280","23477/2025-12-25/1762740280.json"
"365170","146153","2025-12-25","48.00","NZD","1762740280","23477/2025-12-25/1762740280.json"
"510807","146155","2025-12-25","52.00","NZD","1762740280","23477/2025-12-25/1762740280.json"
"581513","221281","2025-12-26","42.00","NZD","1762740280","23477/2025-12-26/1762740280.json"
"581514","221282","2025-12-26","42.00","NZD","1762740280","23477/2025-12-26/1762740280.json"
"512557","146154","2025-12-26","45.00","NZD","1762740280","23477/2025-12-26/1762740280.json"
"365170","146153","2025-12-26","48.00","NZD","1762740280","23477/2025-12-26/1762740280.json"
"510807","146155","2025-12-26","52.00","NZD","1762740280","23477/2025-12-26/1762740280.json"
"581513","221281","2025-12-27","42.00","NZD","1762740280","23477/2025-12-27/1762740280.json"
"581514","221282","2025-12-27","42.00","NZD","1762740280","23477/2025-12-27/1762740280.json"
"512557","146154","2025-12-27","45.00","NZD","1762740280","23477/2025-12-27/1762740280.json"
"365170","146153","2025-12-27","48.00","NZD","1762740280","23477/2025-12-27/1762740280.json"
"510807","146155","2025-12-27","52.00","NZD","1762740280","23477/2025-12-27/1762740280.json"
"581513","221281","2025-12-29","42.00","NZD","1762740280","23477/2025-12-29/1762740280.json"
"581514","221282","2025-12-29","42.00","NZD","1762740280","23477/2025-12-29/1762740280.json"
"512557","146154","2025-12-29","45.00","NZD","1762740280","23477/2025-12-29/1762740280.json"
"365170","146153","2025-12-29","48.00","NZD","1762740280","23477/2025-12-29/1762740280.json"
"510807","146155","2025-12-29","52.00","NZD","1762740280","23477/2025-12-29/1762740280.json"
"581513","221281","2025-12-28","42.00","NZD","1762740280","23477/2025-12-28/1762740280.json"
"581514","221282","2025-12-28","42.00","NZD","1762740280","23477/2025-12-28/1762740280.json"
"512557","146154","2025-12-28","45.00","NZD","1762740280","23477/2025-12-28/1762740280.json"
"365170","146153","2025-12-28","48.00","NZD","1762740280","23477/2025-12-28/1762740280.json"
"510807","146155","2025-12-28","52.00","NZD","1762740280","23477/2025-12-28/1762740280.json"
"581513","221281","2025-12-31","42.00","NZD","1762740280","23477/2025-12-31/1762740280.json"
"581514","221282","2025-12-31","42.00","NZD","1762740280","23477/2025-12-31/1762740280.json"
"512557","146154","2025-12-31","45.00","NZD","1762740280","23477/2025-12-31/1762740280.json"
"365170","146153","2025-12-31","48.00","NZD","1762740280","23477/2025-12-31/1762740280.json"
"510807","146155","2025-12-31","52.00","NZD","1762740280","23477/2025-12-31/1762740280.json"
"581513","221281","2026-01-02","42.00","NZD","1762740280","23477/2026-01-02/1762740280.json"
"581514","221282","2026-01-02","42.00","NZD","1762740280","23477/2026-01-02/1762740280.json"
"512557","146154","2026-01-02","45.00","NZD","1762740280","23477/2026-01-02/1762740280.json"
"365170","146153","2026-01-02","48.00","NZD","1762740280","23477/2026-01-02/1762740280.json"
"510807","146155","2026-01-02","52.00","NZD","1762740280","23477/2026-01-02/1762740280.json"
"581513","221281","2026-01-01","42.00","NZD","1762740280","23477/2026-01-01/1762740280.json"
"581514","221282","2026-01-01","42.00","NZD","1762740280","23477/2026-01-01/1762740280.json"
"512557","146154","2026-01-01","45.00","NZD","1762740280","23477/2026-01-01/1762740280.json"
"365170","146153","2026-01-01","48.00","NZD","1762740280","23477/2026-01-01/1762740280.json"
"510807","146155","2026-01-01","52.00","NZD","1762740280","23477/2026-01-01/1762740280.json"
"581513","221281","2025-12-30","42.00","NZD","1762740280","23477/2025-12-30/1762740280.json"
"581514","221282","2025-12-30","42.00","NZD","1762740280","23477/2025-12-30/1762740280.json"
"512557","146154","2025-12-30","45.00","NZD","1762740280","23477/2025-12-30/1762740280.json"
"365170","146153","2025-12-30","48.00","NZD","1762740280","23477/2025-12-30/1762740280.json"
"510807","146155","2025-12-30","52.00","NZD","1762740280","23477/2025-12-30/1762740280.json"
"581513","221281","2026-01-03","42.00","NZD","1762740280","23477/2026-01-03/1762740280.json"
"581514","221282","2026-01-03","42.00","NZD","1762740280","23477/2026-01-03/1762740280.json"
"512557","146154","2026-01-03","45.00","NZD","1762740280","23477/2026-01-03/1762740280.json"
"365170","146153","2026-01-03","48.00","NZD","1762740280","23477/2026-01-03/1762740280.json"
"510807","146155","2026-01-03","52.00","NZD","1762740280","23477/2026-01-03/1762740280.json"
"581513","221281","2026-01-04","42.00","NZD","1762740280","23477/2026-01-04/1762740280.json"
"581514","221282","2026-01-04","42.00","NZD","1762740280","23477/2026-01-04/1762740280.json"
"512557","146154","2026-01-04","45.00","NZD","1762740280","23477/2026-01-04/1762740280.json"
"365170","146153","2026-01-04","48.00","NZD","1762740280","23477/2026-01-04/1762740280.json"
"510807","146155","2026-01-04","52.00","NZD","1762740280","23477/2026-01-04/1762740280.json"
"581513","221281","2026-01-05","36.00","NZD","1762740280","23477/2026-01-05/1762740280.json"
"581514","221282","2026-01-05","36.00","NZD","1762740280","23477/2026-01-05/1762740280.json"
"512557","146154","2026-01-05","45.00","NZD","1762740280","23477/2026-01-05/1762740280.json"
"365170","146153","2026-01-05","48.00","NZD","1762740280","23477/2026-01-05/1762740280.json"
"510807","146155","2026-01-05","52.00","NZD","1762740280","23477/2026-01-05/1762740280.json"
"581513","221281","2026-01-06","36.00","NZD","1762740280","23477/2026-01-06/1762740280.json"
"581514","221282","2026-01-06","36.00","NZD","1762740280","23477/2026-01-06/1762740280.json"
"512557","146154","2026-01-06","45.00","NZD","1762740280","23477/2026-01-06/1762740280.json"
"365170","146153","2026-01-06","48.00","NZD","1762740280","23477/2026-01-06/1762740280.json"
"510807","146155","2026-01-06","52.00","NZD","1762740280","23477/2026-01-06/1762740280.json"
"581513","221281","2026-01-07","36.00","NZD","1762740280","23477/2026-01-07/1762740280.json"
"581514","221282","2026-01-07","36.00","NZD","1762740280","23477/2026-01-07/1762740280.json"
"512557","146154","2026-01-07","45.00","NZD","1762740280","23477/2026-01-07/1762740280.json"
"365170","146153","2026-01-07","48.00","NZD","1762740280","23477/2026-01-07/1762740280.json"
"510807","146155","2026-01-07","52.00","NZD","1762740280","23477/2026-01-07/1762740280.json"
"581513","221281","2026-01-08","36.00","NZD","1762740280","23477/2026-01-08/1762740280.json"
"581514","221282","2026-01-08","36.00","NZD","1762740280","23477/2026-01-08/1762740280.json"
"512557","146154","2026-01-08","45.00","NZD","1762740280","23477/2026-01-08/1762740280.json"
"365170","146153","2026-01-08","48.00","NZD","1762740280","23477/2026-01-08/1762740280.json"
"510807","146155","2026-01-08","52.00","NZD","1762740280","23477/2026-01-08/1762740280.json"
"581513","221281","2026-01-09","36.00","NZD","1762740280","23477/2026-01-09/1762740280.json"
"581514","221282","2026-01-09","36.00","NZD","1762740280","23477/2026-01-09/1762740280.json"
"512557","146154","2026-01-09","45.00","NZD","1762740280","23477/2026-01-09/1762740280.json"
"365170","146153","2026-01-09","48.00","NZD","1762740280","23477/2026-01-09/1762740280.json"
"510807","146155","2026-01-09","52.00","NZD","1762740280","23477/2026-01-09/1762740280.json"
"581513","221281","2025-11-13","36.00","NZD","1762749800","23477/2025-11-13/1762749800.json"
"581514","221282","2025-11-13","36.00","NZD","1762749800","23477/2025-11-13/1762749800.json"
"512557","146154","2025-11-13","45.00","NZD","1762749800","23477/2025-11-13/1762749800.json"
"365170","146153","2025-11-13","48.00","NZD","1762749800","23477/2025-11-13/1762749800.json"
"510807","146155","2025-11-13","52.00","NZD","1762749800","23477/2025-11-13/1762749800.json"
"581513","221281","2025-11-10","36.00","NZD","1762749800","23477/2025-11-10/1762749800.json"
"581514","221282","2025-11-10","36.00","NZD","1762749800","23477/2025-11-10/1762749800.json"
"512557","146154","2025-11-10","45.00","NZD","1762749800","23477/2025-11-10/1762749800.json"
"365170","146153","2025-11-10","48.00","NZD","1762749800","23477/2025-11-10/1762749800.json"
"510807","146155","2025-11-10","52.00","NZD","1762749800","23477/2025-11-10/1762749800.json"
"581513","221281","2025-11-12","36.00","NZD","1762749800","23477/2025-11-12/1762749800.json"
"581514","221282","2025-11-12","36.00","NZD","1762749800","23477/2025-11-12/1762749800.json"
"512557","146154","2025-11-12","45.00","NZD","1762749800","23477/2025-11-12/1762749800.json"
"365170","146153","2025-11-12","48.00","NZD","1762749800","23477/2025-11-12/1762749800.json"
"510807","146155","2025-11-12","52.00","NZD","1762749800","23477/2025-11-12/1762749800.json"
"581513","221281","2025-11-11","36.00","NZD","1762749800","23477/2025-11-11/1762749800.json"
"581514","221282","2025-11-11","36.00","NZD","1762749800","23477/2025-11-11/1762749800.json"
"512557","146154","2025-11-11","45.00","NZD","1762749800","23477/2025-11-11/1762749800.json"
"365170","146153","2025-11-11","48.00","NZD","1762749800","23477/2025-11-11/1762749800.json"
"510807","146155","2025-11-11","52.00","NZD","1762749800","23477/2025-11-11/1762749800.json"
"581513","221281","2025-11-14","36.00","NZD","1762749800","23477/2025-11-14/1762749800.json"
"581514","221282","2025-11-14","36.00","NZD","1762749800","23477/2025-11-14/1762749800.json"
"512557","146154","2025-11-14","45.00","NZD","1762749800","23477/2025-11-14/1762749800.json"
"365170","146153","2025-11-14","48.00","NZD","1762749800","23477/2025-11-14/1762749800.json"
"510807","146155","2025-11-14","52.00","NZD","1762749800","23477/2025-11-14/1762749800.json"
"581513","221281","2025-11-15","36.00","NZD","1762749800","23477/2025-11-15/1762749800.json"
"581514","221282","2025-11-15","36.00","NZD","1762749800","23477/2025-11-15/1762749800.json"
"512557","146154","2025-11-15","45.00","NZD","1762749800","23477/2025-11-15/1762749800.json"
"365170","146153","2025-11-15","48.00","NZD","1762749800","23477/2025-11-15/1762749800.json"
"510807","146155","2025-11-15","52.00","NZD","1762749800","23477/2025-11-15/1762749800.json"
"581513","221281","2025-11-17","36.00","NZD","1762749800","23477/2025-11-17/1762749800.json"
"581514","221282","2025-11-17","36.00","NZD","1762749800","23477/2025-11-17/1762749800.json"
"512557","146154","2025-11-17","45.00","NZD","1762749800","23477/2025-11-17/1762749800.json"
"365170","146153","2025-11-17","48.00","NZD","1762749800","23477/2025-11-17/1762749800.json"
"510807","146155","2025-11-17","52.00","NZD","1762749800","23477/2025-11-17/1762749800.json"
"581513","221281","2025-11-16","36.00","NZD","1762749800","23477/2025-11-16/1762749800.json"
"581514","221282","2025-11-16","36.00","NZD","1762749800","23477/2025-11-16/1762749800.json"
"512557","146154","2025-11-16","45.00","NZD","1762749800","23477/2025-11-16/1762749800.json"
"365170","146153","2025-11-16","48.00","NZD","1762749800","23477/2025-11-16/1762749800.json"
"510807","146155","2025-11-16","52.00","NZD","1762749800","23477/2025-11-16/1762749800.json"
"581513","221281","2025-11-18","36.00","NZD","1762749800","23477/2025-11-18/1762749800.json"
"581514","221282","2025-11-18","36.00","NZD","1762749800","23477/2025-11-18/1762749800.json"
"512557","146154","2025-11-18","45.00","NZD","1762749800","23477/2025-11-18/1762749800.json"
"365170","146153","2025-11-18","48.00","NZD","1762749800","23477/2025-11-18/1762749800.json"
"510807","146155","2025-11-18","52.00","NZD","1762749800","23477/2025-11-18/1762749800.json"
"581513","221281","2025-11-20","36.00","NZD","1762749800","23477/2025-11-20/1762749800.json"
"581514","221282","2025-11-20","36.00","NZD","1762749800","23477/2025-11-20/1762749800.json"
"512557","146154","2025-11-20","45.00","NZD","1762749800","23477/2025-11-20/1762749800.json"
"581513","221281","2025-11-19","36.00","NZD","1762749800","23477/2025-11-19/1762749800.json"
"581513","221281","2025-11-21","36.00","NZD","1762749800","23477/2025-11-21/1762749800.json"
"581514","221282","2025-11-21","36.00","NZD","1762749800","23477/2025-11-21/1762749800.json"
"512557","146154","2025-11-21","45.00","NZD","1762749800","23477/2025-11-21/1762749800.json"
"365170","146153","2025-11-21","48.00","NZD","1762749800","23477/2025-11-21/1762749800.json"
"581514","221282","2025-11-19","36.00","NZD","1762749800","23477/2025-11-19/1762749800.json"
"510807","146155","2025-11-21","52.00","NZD","1762749800","23477/2025-11-21/1762749800.json"
"512557","146154","2025-11-19","45.00","NZD","1762749800","23477/2025-11-19/1762749800.json"
"365170","146153","2025-11-19","48.00","NZD","1762749800","23477/2025-11-19/1762749800.json"
"510807","146155","2025-11-19","52.00","NZD","1762749800","23477/2025-11-19/1762749800.json"
"581513","221281","2025-11-22","36.00","NZD","1762749800","23477/2025-11-22/1762749800.json"
"581514","221282","2025-11-22","36.00","NZD","1762749800","23477/2025-11-22/1762749800.json"
"512557","146154","2025-11-22","45.00","NZD","1762749800","23477/2025-11-22/1762749800.json"
"365170","146153","2025-11-22","48.00","NZD","1762749800","23477/2025-11-22/1762749800.json"
"510807","146155","2025-11-22","52.00","NZD","1762749800","23477/2025-11-22/1762749800.json"
"581513","221281","2025-11-23","36.00","NZD","1762749800","23477/2025-11-23/1762749800.json"
"581513","221281","2025-11-25","36.00","NZD","1762749800","23477/2025-11-25/1762749800.json"
"581514","221282","2025-11-23","36.00","NZD","1762749800","23477/2025-11-23/1762749800.json"
"581514","221282","2025-11-25","36.00","NZD","1762749800","23477/2025-11-25/1762749800.json"
"512557","146154","2025-11-25","45.00","NZD","1762749800","23477/2025-11-25/1762749800.json"
"512557","146154","2025-11-23","45.00","NZD","1762749800","23477/2025-11-23/1762749800.json"
"365170","146153","2025-11-25","48.00","NZD","1762749800","23477/2025-11-25/1762749800.json"
"510807","146155","2025-11-25","52.00","NZD","1762749800","23477/2025-11-25/1762749800.json"
"365170","146153","2025-11-23","48.00","NZD","1762749800","23477/2025-11-23/1762749800.json"
"510807","146155","2025-11-23","52.00","NZD","1762749800","23477/2025-11-23/1762749800.json"
"581513","221281","2025-11-26","36.00","NZD","1762749800","23477/2025-11-26/1762749800.json"
"581514","221282","2025-11-26","36.00","NZD","1762749800","23477/2025-11-26/1762749800.json"
"512557","146154","2025-11-26","45.00","NZD","1762749800","23477/2025-11-26/1762749800.json"
"365170","146153","2025-11-26","48.00","NZD","1762749800","23477/2025-11-26/1762749800.json"
"510807","146155","2025-11-26","52.00","NZD","1762749800","23477/2025-11-26/1762749800.json"
"581513","221281","2025-11-24","36.00","NZD","1762749800","23477/2025-11-24/1762749800.json"
"581514","221282","2025-11-24","36.00","NZD","1762749800","23477/2025-11-24/1762749800.json"
"512557","146154","2025-11-24","45.00","NZD","1762749800","23477/2025-11-24/1762749800.json"
"365170","146153","2025-11-24","48.00","NZD","1762749800","23477/2025-11-24/1762749800.json"
"510807","146155","2025-11-24","52.00","NZD","1762749800","23477/2025-11-24/1762749800.json"
"581513","221281","2025-11-28","36.00","NZD","1762749800","23477/2025-11-28/1762749800.json"
"581514","221282","2025-11-28","36.00","NZD","1762749800","23477/2025-11-28/1762749800.json"
"512557","146154","2025-11-28","45.00","NZD","1762749800","23477/2025-11-28/1762749800.json"
"365170","146153","2025-11-28","48.00","NZD","1762749800","23477/2025-11-28/1762749800.json"
"510807","146155","2025-11-28","52.00","NZD","1762749800","23477/2025-11-28/1762749800.json"
"581513","221281","2025-11-27","36.00","NZD","1762749800","23477/2025-11-27/1762749800.json"
"581514","221282","2025-11-27","36.00","NZD","1762749800","23477/2025-11-27/1762749800.json"
"512557","146154","2025-11-27","45.00","NZD","1762749800","23477/2025-11-27/1762749800.json"
"365170","146153","2025-11-27","48.00","NZD","1762749800","23477/2025-11-27/1762749800.json"
"510807","146155","2025-11-27","52.00","NZD","1762749800","23477/2025-11-27/1762749800.json"
"581513","221281","2025-12-01","36.00","NZD","1762749800","23477/2025-12-01/1762749800.json"
"581513","221281","2025-11-29","36.00","NZD","1762749800","23477/2025-11-29/1762749800.json"
"581514","221282","2025-12-01","36.00","NZD","1762749800","23477/2025-12-01/1762749800.json"
"581514","221282","2025-11-29","36.00","NZD","1762749800","23477/2025-11-29/1762749800.json"
"512557","146154","2025-11-29","45.00","NZD","1762749800","23477/2025-11-29/1762749800.json"
"512557","146154","2025-12-01","45.00","NZD","1762749800","23477/2025-12-01/1762749800.json"
"365170","146153","2025-11-29","48.00","NZD","1762749800","23477/2025-11-29/1762749800.json"
"365170","146153","2025-12-01","48.00","NZD","1762749800","23477/2025-12-01/1762749800.json"
"510807","146155","2025-11-29","52.00","NZD","1762749800","23477/2025-11-29/1762749800.json"
"510807","146155","2025-12-01","52.00","NZD","1762749800","23477/2025-12-01/1762749800.json"
"581513","221281","2025-12-02","36.00","NZD","1762749800","23477/2025-12-02/1762749800.json"
"581514","221282","2025-12-02","36.00","NZD","1762749800","23477/2025-12-02/1762749800.json"
"512557","146154","2025-12-02","45.00","NZD","1762749800","23477/2025-12-02/1762749800.json"
"365170","146153","2025-12-02","48.00","NZD","1762749800","23477/2025-12-02/1762749800.json"
"510807","146155","2025-12-02","52.00","NZD","1762749800","23477/2025-12-02/1762749800.json"
"581513","221281","2025-11-30","36.00","NZD","1762749800","23477/2025-11-30/1762749800.json"
"581514","221282","2025-11-30","36.00","NZD","1762749800","23477/2025-11-30/1762749800.json"
"512557","146154","2025-11-30","45.00","NZD","1762749800","23477/2025-11-30/1762749800.json"
"365170","146153","2025-11-30","48.00","NZD","1762749800","23477/2025-11-30/1762749800.json"
"510807","146155","2025-11-30","52.00","NZD","1762749800","23477/2025-11-30/1762749800.json"
"581513","221281","2025-12-04","36.00","NZD","1762749800","23477/2025-12-04/1762749800.json"
"581514","221282","2025-12-04","36.00","NZD","1762749800","23477/2025-12-04/1762749800.json"
"512557","146154","2025-12-04","45.00","NZD","1762749800","23477/2025-12-04/1762749800.json"
"365170","146153","2025-12-04","48.00","NZD","1762749800","23477/2025-12-04/1762749800.json"
"510807","146155","2025-12-04","52.00","NZD","1762749800","23477/2025-12-04/1762749800.json"
"581513","221281","2025-12-03","36.00","NZD","1762749800","23477/2025-12-03/1762749800.json"
"581514","221282","2025-12-03","36.00","NZD","1762749800","23477/2025-12-03/1762749800.json"
"512557","146154","2025-12-03","45.00","NZD","1762749800","23477/2025-12-03/1762749800.json"
"365170","146153","2025-12-03","48.00","NZD","1762749800","23477/2025-12-03/1762749800.json"
"510807","146155","2025-12-03","52.00","NZD","1762749800","23477/2025-12-03/1762749800.json"
"581513","221281","2025-12-06","36.00","NZD","1762749800","23477/2025-12-06/1762749800.json"
"581514","221282","2025-12-06","36.00","NZD","1762749800","23477/2025-12-06/1762749800.json"
"512557","146154","2025-12-06","45.00","NZD","1762749800","23477/2025-12-06/1762749800.json"
"365170","146153","2025-12-06","48.00","NZD","1762749800","23477/2025-12-06/1762749800.json"
"510807","146155","2025-12-06","52.00","NZD","1762749800","23477/2025-12-06/1762749800.json"
"581513","221281","2025-12-07","36.00","NZD","1762749800","23477/2025-12-07/1762749800.json"
"581514","221282","2025-12-07","36.00","NZD","1762749800","23477/2025-12-07/1762749800.json"
"512557","146154","2025-12-07","45.00","NZD","1762749800","23477/2025-12-07/1762749800.json"
"365170","146153","2025-12-07","48.00","NZD","1762749800","23477/2025-12-07/1762749800.json"
"510807","146155","2025-12-07","52.00","NZD","1762749800","23477/2025-12-07/1762749800.json"
"581513","221281","2025-12-08","36.00","NZD","1762749800","23477/2025-12-08/1762749800.json"
"581514","221282","2025-12-08","36.00","NZD","1762749800","23477/2025-12-08/1762749800.json"
"512557","146154","2025-12-08","45.00","NZD","1762749800","23477/2025-12-08/1762749800.json"
"365170","146153","2025-12-08","48.00","NZD","1762749800","23477/2025-12-08/1762749800.json"
"510807","146155","2025-12-08","52.00","NZD","1762749800","23477/2025-12-08/1762749800.json"
"581513","221281","2025-12-05","36.00","NZD","1762749800","23477/2025-12-05/1762749800.json"
"581514","221282","2025-12-05","36.00","NZD","1762749800","23477/2025-12-05/1762749800.json"
"512557","146154","2025-12-05","45.00","NZD","1762749800","23477/2025-12-05/1762749800.json"
"365170","146153","2025-12-05","48.00","NZD","1762749800","23477/2025-12-05/1762749800.json"
"510807","146155","2025-12-05","52.00","NZD","1762749800","23477/2025-12-05/1762749800.json"
"581513","221281","2025-12-09","36.00","NZD","1762749800","23477/2025-12-09/1762749800.json"
"581513","221281","2025-12-10","36.00","NZD","1762749800","23477/2025-12-10/1762749800.json"
"581514","221282","2025-12-09","36.00","NZD","1762749800","23477/2025-12-09/1762749800.json"
"581514","221282","2025-12-10","36.00","NZD","1762749800","23477/2025-12-10/1762749800.json"
"512557","146154","2025-12-10","45.00","NZD","1762749800","23477/2025-12-10/1762749800.json"
"512557","146154","2025-12-09","45.00","NZD","1762749800","23477/2025-12-09/1762749800.json"
"365170","146153","2025-12-10","48.00","NZD","1762749800","23477/2025-12-10/1762749800.json"
"365170","146153","2025-12-09","48.00","NZD","1762749800","23477/2025-12-09/1762749800.json"
"510807","146155","2025-12-10","52.00","NZD","1762749800","23477/2025-12-10/1762749800.json"
"510807","146155","2025-12-09","52.00","NZD","1762749800","23477/2025-12-09/1762749800.json"
"581513","221281","2025-12-11","36.00","NZD","1762749800","23477/2025-12-11/1762749800.json"
"581514","221282","2025-12-11","36.00","NZD","1762749800","23477/2025-12-11/1762749800.json"
"512557","146154","2025-12-11","45.00","NZD","1762749800","23477/2025-12-11/1762749800.json"
"365170","146153","2025-12-11","48.00","NZD","1762749800","23477/2025-12-11/1762749800.json"
"510807","146155","2025-12-11","52.00","NZD","1762749800","23477/2025-12-11/1762749800.json"
"581513","221281","2025-12-12","36.00","NZD","1762749800","23477/2025-12-12/1762749800.json"
"581514","221282","2025-12-12","36.00","NZD","1762749800","23477/2025-12-12/1762749800.json"
"512557","146154","2025-12-12","45.00","NZD","1762749800","23477/2025-12-12/1762749800.json"
"365170","146153","2025-12-12","48.00","NZD","1762749800","23477/2025-12-12/1762749800.json"
"510807","146155","2025-12-12","52.00","NZD","1762749800","23477/2025-12-12/1762749800.json"
"581513","221281","2025-12-13","36.00","NZD","1762749800","23477/2025-12-13/1762749800.json"
"581514","221282","2025-12-13","36.00","NZD","1762749800","23477/2025-12-13/1762749800.json"
"512557","146154","2025-12-13","45.00","NZD","1762749800","23477/2025-12-13/1762749800.json"
"365170","146153","2025-12-13","48.00","NZD","1762749800","23477/2025-12-13/1762749800.json"
"510807","146155","2025-12-13","52.00","NZD","1762749800","23477/2025-12-13/1762749800.json"
"581513","221281","2025-12-14","36.00","NZD","1762749800","23477/2025-12-14/1762749800.json"
"581514","221282","2025-12-14","36.00","NZD","1762749800","23477/2025-12-14/1762749800.json"
"512557","146154","2025-12-14","45.00","NZD","1762749800","23477/2025-12-14/1762749800.json"
"365170","146153","2025-12-14","48.00","NZD","1762749800","23477/2025-12-14/1762749800.json"
"510807","146155","2025-12-14","52.00","NZD","1762749800","23477/2025-12-14/1762749800.json"
"581513","221281","2025-12-16","36.00","NZD","1762749800","23477/2025-12-16/1762749800.json"
"581514","221282","2025-12-16","36.00","NZD","1762749800","23477/2025-12-16/1762749800.json"
"512557","146154","2025-12-16","45.00","NZD","1762749800","23477/2025-12-16/1762749800.json"
"365170","146153","2025-12-16","48.00","NZD","1762749800","23477/2025-12-16/1762749800.json"
"510807","146155","2025-12-16","52.00","NZD","1762749800","23477/2025-12-16/1762749800.json"
"581513","221281","2025-12-15","36.00","NZD","1762749800","23477/2025-12-15/1762749800.json"
"581514","221282","2025-12-15","36.00","NZD","1762749800","23477/2025-12-15/1762749800.json"
"512557","146154","2025-12-15","45.00","NZD","1762749800","23477/2025-12-15/1762749800.json"
"365170","146153","2025-12-15","48.00","NZD","1762749800","23477/2025-12-15/1762749800.json"
"510807","146155","2025-12-15","52.00","NZD","1762749800","23477/2025-12-15/1762749800.json"
"581513","221281","2025-12-17","36.00","NZD","1762749800","23477/2025-12-17/1762749800.json"
"581514","221282","2025-12-17","36.00","NZD","1762749800","23477/2025-12-17/1762749800.json"
"512557","146154","2025-12-17","45.00","NZD","1762749800","23477/2025-12-17/1762749800.json"
"365170","146153","2025-12-17","48.00","NZD","1762749800","23477/2025-12-17/1762749800.json"
"510807","146155","2025-12-17","52.00","NZD","1762749800","23477/2025-12-17/1762749800.json"
"581513","221281","2025-12-18","36.00","NZD","1762749800","23477/2025-12-18/1762749800.json"
"581514","221282","2025-12-18","36.00","NZD","1762749800","23477/2025-12-18/1762749800.json"
"512557","146154","2025-12-18","45.00","NZD","1762749800","23477/2025-12-18/1762749800.json"
"365170","146153","2025-12-18","48.00","NZD","1762749800","23477/2025-12-18/1762749800.json"
"510807","146155","2025-12-18","52.00","NZD","1762749800","23477/2025-12-18/1762749800.json"
"581513","221281","2025-12-19","36.00","NZD","1762749800","23477/2025-12-19/1762749800.json"
"581514","221282","2025-12-19","36.00","NZD","1762749800","23477/2025-12-19/1762749800.json"
"512557","146154","2025-12-19","45.00","NZD","1762749800","23477/2025-12-19/1762749800.json"
"365170","146153","2025-12-19","48.00","NZD","1762749800","23477/2025-12-19/1762749800.json"
"510807","146155","2025-12-19","52.00","NZD","1762749800","23477/2025-12-19/1762749800.json"
"581513","221281","2025-12-21","36.00","NZD","1762749800","23477/2025-12-21/1762749800.json"
"581514","221282","2025-12-21","36.00","NZD","1762749800","23477/2025-12-21/1762749800.json"
"512557","146154","2025-12-21","45.00","NZD","1762749800","23477/2025-12-21/1762749800.json"
"365170","146153","2025-12-21","48.00","NZD","1762749800","23477/2025-12-21/1762749800.json"
"510807","146155","2025-12-21","52.00","NZD","1762749800","23477/2025-12-21/1762749800.json"
"581513","221281","2025-12-20","36.00","NZD","1762749800","23477/2025-12-20/1762749800.json"
"581514","221282","2025-12-20","36.00","NZD","1762749800","23477/2025-12-20/1762749800.json"
"512557","146154","2025-12-20","45.00","NZD","1762749800","23477/2025-12-20/1762749800.json"
"365170","146153","2025-12-20","48.00","NZD","1762749800","23477/2025-12-20/1762749800.json"
"510807","146155","2025-12-20","52.00","NZD","1762749800","23477/2025-12-20/1762749800.json"
"581513","221281","2025-12-22","36.00","NZD","1762749800","23477/2025-12-22/1762749800.json"
"581514","221282","2025-12-22","36.00","NZD","1762749800","23477/2025-12-22/1762749800.json"
"512557","146154","2025-12-22","45.00","NZD","1762749800","23477/2025-12-22/1762749800.json"
"365170","146153","2025-12-22","48.00","NZD","1762749800","23477/2025-12-22/1762749800.json"
"510807","146155","2025-12-22","52.00","NZD","1762749800","23477/2025-12-22/1762749800.json"
"581513","221281","2025-12-23","38.00","NZD","1762749800","23477/2025-12-23/1762749800.json"
"581514","221282","2025-12-23","38.00","NZD","1762749800","23477/2025-12-23/1762749800.json"
"512557","146154","2025-12-23","45.00","NZD","1762749800","23477/2025-12-23/1762749800.json"
"365170","146153","2025-12-23","48.00","NZD","1762749800","23477/2025-12-23/1762749800.json"
"510807","146155","2025-12-23","52.00","NZD","1762749800","23477/2025-12-23/1762749800.json"
"581513","221281","2025-12-24","38.00","NZD","1762749800","23477/2025-12-24/1762749800.json"
"581514","221282","2025-12-24","38.00","NZD","1762749800","23477/2025-12-24/1762749800.json"
"512557","146154","2025-12-24","45.00","NZD","1762749800","23477/2025-12-24/1762749800.json"
"365170","146153","2025-12-24","48.00","NZD","1762749800","23477/2025-12-24/1762749800.json"
"510807","146155","2025-12-24","52.00","NZD","1762749800","23477/2025-12-24/1762749800.json"
"581513","221281","2025-12-25","38.00","NZD","1762749800","23477/2025-12-25/1762749800.json"
"581514","221282","2025-12-25","38.00","NZD","1762749800","23477/2025-12-25/1762749800.json"
"512557","146154","2025-12-25","45.00","NZD","1762749800","23477/2025-12-25/1762749800.json"
"365170","146153","2025-12-25","48.00","NZD","1762749800","23477/2025-12-25/1762749800.json"
"510807","146155","2025-12-25","52.00","NZD","1762749800","23477/2025-12-25/1762749800.json"
"581513","221281","2025-12-26","42.00","NZD","1762749800","23477/2025-12-26/1762749800.json"
"581514","221282","2025-12-26","42.00","NZD","1762749800","23477/2025-12-26/1762749800.json"
"512557","146154","2025-12-26","45.00","NZD","1762749800","23477/2025-12-26/1762749800.json"
"365170","146153","2025-12-26","48.00","NZD","1762749800","23477/2025-12-26/1762749800.json"
"510807","146155","2025-12-26","52.00","NZD","1762749800","23477/2025-12-26/1762749800.json"
"581513","221281","2025-12-28","42.00","NZD","1762749800","23477/2025-12-28/1762749800.json"
"581514","221282","2025-12-28","42.00","NZD","1762749800","23477/2025-12-28/1762749800.json"
"512557","146154","2025-12-28","45.00","NZD","1762749800","23477/2025-12-28/1762749800.json"
"365170","146153","2025-12-28","48.00","NZD","1762749800","23477/2025-12-28/1762749800.json"
"510807","146155","2025-12-28","52.00","NZD","1762749800","23477/2025-12-28/1762749800.json"
"581513","221281","2025-12-29","42.00","NZD","1762749800","23477/2025-12-29/1762749800.json"
"581514","221282","2025-12-29","42.00","NZD","1762749800","23477/2025-12-29/1762749800.json"
"512557","146154","2025-12-29","45.00","NZD","1762749800","23477/2025-12-29/1762749800.json"
"365170","146153","2025-12-29","48.00","NZD","1762749800","23477/2025-12-29/1762749800.json"
"510807","146155","2025-12-29","52.00","NZD","1762749800","23477/2025-12-29/1762749800.json"
"581513","221281","2025-12-27","42.00","NZD","1762749800","23477/2025-12-27/1762749800.json"
"581514","221282","2025-12-27","42.00","NZD","1762749800","23477/2025-12-27/1762749800.json"
"512557","146154","2025-12-27","45.00","NZD","1762749800","23477/2025-12-27/1762749800.json"
"365170","146153","2025-12-27","48.00","NZD","1762749800","23477/2025-12-27/1762749800.json"
"510807","146155","2025-12-27","52.00","NZD","1762749800","23477/2025-12-27/1762749800.json"
"581513","221281","2025-12-30","42.00","NZD","1762749800","23477/2025-12-30/1762749800.json"
"581514","221282","2025-12-30","42.00","NZD","1762749800","23477/2025-12-30/1762749800.json"
"512557","146154","2025-12-30","45.00","NZD","1762749800","23477/2025-12-30/1762749800.json"
"365170","146153","2025-12-30","48.00","NZD","1762749800","23477/2025-12-30/1762749800.json"
"510807","146155","2025-12-30","52.00","NZD","1762749800","23477/2025-12-30/1762749800.json"
"581513","221281","2026-01-01","42.00","NZD","1762749800","23477/2026-01-01/1762749800.json"
"581514","221282","2026-01-01","42.00","NZD","1762749800","23477/2026-01-01/1762749800.json"
"512557","146154","2026-01-01","45.00","NZD","1762749800","23477/2026-01-01/1762749800.json"
"365170","146153","2026-01-01","48.00","NZD","1762749800","23477/2026-01-01/1762749800.json"
"510807","146155","2026-01-01","52.00","NZD","1762749800","23477/2026-01-01/1762749800.json"
"581513","221281","2025-12-31","42.00","NZD","1762749800","23477/2025-12-31/1762749800.json"
"581514","221282","2025-12-31","42.00","NZD","1762749800","23477/2025-12-31/1762749800.json"
"512557","146154","2025-12-31","45.00","NZD","1762749800","23477/2025-12-31/1762749800.json"
"365170","146153","2025-12-31","48.00","NZD","1762749800","23477/2025-12-31/1762749800.json"
"510807","146155","2025-12-31","52.00","NZD","1762749800","23477/2025-12-31/1762749800.json"
"581513","221281","2026-01-02","42.00","NZD","1762749800","23477/2026-01-02/1762749800.json"
"581514","221282","2026-01-02","42.00","NZD","1762749800","23477/2026-01-02/1762749800.json"
"512557","146154","2026-01-02","45.00","NZD","1762749800","23477/2026-01-02/1762749800.json"
"365170","146153","2026-01-02","48.00","NZD","1762749800","23477/2026-01-02/1762749800.json"
"510807","146155","2026-01-02","52.00","NZD","1762749800","23477/2026-01-02/1762749800.json"
"581513","221281","2026-01-04","42.00","NZD","1762749800","23477/2026-01-04/1762749800.json"
"581514","221282","2026-01-04","42.00","NZD","1762749800","23477/2026-01-04/1762749800.json"
"512557","146154","2026-01-04","45.00","NZD","1762749800","23477/2026-01-04/1762749800.json"
"365170","146153","2026-01-04","48.00","NZD","1762749800","23477/2026-01-04/1762749800.json"
"510807","146155","2026-01-04","52.00","NZD","1762749800","23477/2026-01-04/1762749800.json"
"581513","221281","2026-01-03","42.00","NZD","1762749800","23477/2026-01-03/1762749800.json"
"581514","221282","2026-01-03","42.00","NZD","1762749800","23477/2026-01-03/1762749800.json"
"512557","146154","2026-01-03","45.00","NZD","1762749800","23477/2026-01-03/1762749800.json"
"365170","146153","2026-01-03","48.00","NZD","1762749800","23477/2026-01-03/1762749800.json"
"510807","146155","2026-01-03","52.00","NZD","1762749800","23477/2026-01-03/1762749800.json"
"581513","221281","2026-01-06","36.00","NZD","1762749800","23477/2026-01-06/1762749800.json"
"581514","221282","2026-01-06","36.00","NZD","1762749800","23477/2026-01-06/1762749800.json"
"512557","146154","2026-01-06","45.00","NZD","1762749800","23477/2026-01-06/1762749800.json"
"365170","146153","2026-01-06","48.00","NZD","1762749800","23477/2026-01-06/1762749800.json"
"510807","146155","2026-01-06","52.00","NZD","1762749800","23477/2026-01-06/1762749800.json"
"581513","221281","2026-01-05","36.00","NZD","1762749800","23477/2026-01-05/1762749800.json"
"581514","221282","2026-01-05","36.00","NZD","1762749800","23477/2026-01-05/1762749800.json"
"512557","146154","2026-01-05","45.00","NZD","1762749800","23477/2026-01-05/1762749800.json"
"365170","146153","2026-01-05","48.00","NZD","1762749800","23477/2026-01-05/1762749800.json"
"510807","146155","2026-01-05","52.00","NZD","1762749800","23477/2026-01-05/1762749800.json"
"581513","221281","2026-01-07","36.00","NZD","1762749800","23477/2026-01-07/1762749800.json"
"581514","221282","2026-01-07","36.00","NZD","1762749800","23477/2026-01-07/1762749800.json"
"512557","146154","2026-01-07","45.00","NZD","1762749800","23477/2026-01-07/1762749800.json"
"365170","146153","2026-01-07","48.00","NZD","1762749800","23477/2026-01-07/1762749800.json"
"510807","146155","2026-01-07","52.00","NZD","1762749800","23477/2026-01-07/1762749800.json"
"581513","221281","2026-01-08","36.00","NZD","1762749800","23477/2026-01-08/1762749800.json"
"581514","221282","2026-01-08","36.00","NZD","1762749800","23477/2026-01-08/1762749800.json"
"512557","146154","2026-01-08","45.00","NZD","1762749800","23477/2026-01-08/1762749800.json"
"365170","146153","2026-01-08","48.00","NZD","1762749800","23477/2026-01-08/1762749800.json"
"510807","146155","2026-01-08","52.00","NZD","1762749800","23477/2026-01-08/1762749800.json"
"581513","221281","2026-01-09","36.00","NZD","1762749800","23477/2026-01-09/1762749800.json"
"581514","221282","2026-01-09","36.00","NZD","1762749800","23477/2026-01-09/1762749800.json"
"512557","146154","2026-01-09","45.00","NZD","1762749800","23477/2026-01-09/1762749800.json"
"365170","146153","2026-01-09","48.00","NZD","1762749800","23477/2026-01-09/1762749800.json"
"510807","146155","2026-01-09","52.00","NZD","1762749800","23477/2026-01-09/1762749800.json"
"581513","221281","2025-11-12","36.00","NZD","1762764467","23477/2025-11-12/1762764467.json"
"581514","221282","2025-11-12","36.00","NZD","1762764467","23477/2025-11-12/1762764467.json"
"512557","146154","2025-11-12","45.00","NZD","1762764467","23477/2025-11-12/1762764467.json"
"365170","146153","2025-11-12","48.00","NZD","1762764467","23477/2025-11-12/1762764467.json"
"510807","146155","2025-11-12","52.00","NZD","1762764467","23477/2025-11-12/1762764467.json"
"581513","221281","2025-11-10","36.00","NZD","1762764467","23477/2025-11-10/1762764467.json"
"581514","221282","2025-11-10","36.00","NZD","1762764467","23477/2025-11-10/1762764467.json"
"512557","146154","2025-11-10","45.00","NZD","1762764467","23477/2025-11-10/1762764467.json"
"365170","146153","2025-11-10","48.00","NZD","1762764467","23477/2025-11-10/1762764467.json"
"510807","146155","2025-11-10","52.00","NZD","1762764467","23477/2025-11-10/1762764467.json"
"581513","221281","2025-11-11","36.00","NZD","1762764467","23477/2025-11-11/1762764467.json"
"581514","221282","2025-11-11","36.00","NZD","1762764467","23477/2025-11-11/1762764467.json"
"512557","146154","2025-11-11","45.00","NZD","1762764467","23477/2025-11-11/1762764467.json"
"365170","146153","2025-11-11","48.00","NZD","1762764467","23477/2025-11-11/1762764467.json"
"510807","146155","2025-11-11","52.00","NZD","1762764467","23477/2025-11-11/1762764467.json"
"581513","221281","2025-11-13","36.00","NZD","1762764467","23477/2025-11-13/1762764467.json"
"581514","221282","2025-11-13","36.00","NZD","1762764467","23477/2025-11-13/1762764467.json"
"512557","146154","2025-11-13","45.00","NZD","1762764467","23477/2025-11-13/1762764467.json"
"365170","146153","2025-11-13","48.00","NZD","1762764467","23477/2025-11-13/1762764467.json"
"510807","146155","2025-11-13","52.00","NZD","1762764467","23477/2025-11-13/1762764467.json"
"581513","221281","2025-11-17","36.00","NZD","1762764467","23477/2025-11-17/1762764467.json"
"581514","221282","2025-11-17","36.00","NZD","1762764467","23477/2025-11-17/1762764467.json"
"512557","146154","2025-11-17","45.00","NZD","1762764467","23477/2025-11-17/1762764467.json"
"365170","146153","2025-11-17","48.00","NZD","1762764467","23477/2025-11-17/1762764467.json"
"510807","146155","2025-11-17","52.00","NZD","1762764467","23477/2025-11-17/1762764467.json"
"581513","221281","2025-11-14","36.00","NZD","1762764467","23477/2025-11-14/1762764467.json"
"581514","221282","2025-11-14","36.00","NZD","1762764467","23477/2025-11-14/1762764467.json"
"512557","146154","2025-11-14","45.00","NZD","1762764467","23477/2025-11-14/1762764467.json"
"365170","146153","2025-11-14","48.00","NZD","1762764467","23477/2025-11-14/1762764467.json"
"510807","146155","2025-11-14","52.00","NZD","1762764467","23477/2025-11-14/1762764467.json"
"581513","221281","2025-11-16","36.00","NZD","1762764467","23477/2025-11-16/1762764467.json"
"581514","221282","2025-11-16","36.00","NZD","1762764467","23477/2025-11-16/1762764467.json"
"512557","146154","2025-11-16","45.00","NZD","1762764467","23477/2025-11-16/1762764467.json"
"365170","146153","2025-11-16","48.00","NZD","1762764467","23477/2025-11-16/1762764467.json"
"510807","146155","2025-11-16","52.00","NZD","1762764467","23477/2025-11-16/1762764467.json"
"581513","221281","2025-11-15","36.00","NZD","1762764467","23477/2025-11-15/1762764467.json"
"581514","221282","2025-11-15","36.00","NZD","1762764467","23477/2025-11-15/1762764467.json"
"512557","146154","2025-11-15","45.00","NZD","1762764467","23477/2025-11-15/1762764467.json"
"365170","146153","2025-11-15","48.00","NZD","1762764467","23477/2025-11-15/1762764467.json"
"510807","146155","2025-11-15","52.00","NZD","1762764467","23477/2025-11-15/1762764467.json"
"581513","221281","2025-11-19","36.00","NZD","1762764467","23477/2025-11-19/1762764467.json"
"581514","221282","2025-11-19","36.00","NZD","1762764467","23477/2025-11-19/1762764467.json"
"512557","146154","2025-11-19","45.00","NZD","1762764467","23477/2025-11-19/1762764467.json"
"365170","146153","2025-11-19","48.00","NZD","1762764467","23477/2025-11-19/1762764467.json"
"510807","146155","2025-11-19","52.00","NZD","1762764467","23477/2025-11-19/1762764467.json"
"581513","221281","2025-11-20","36.00","NZD","1762764467","23477/2025-11-20/1762764467.json"
"581514","221282","2025-11-20","36.00","NZD","1762764467","23477/2025-11-20/1762764467.json"
"512557","146154","2025-11-20","45.00","NZD","1762764467","23477/2025-11-20/1762764467.json"
"581513","221281","2025-11-18","36.00","NZD","1762764467","23477/2025-11-18/1762764467.json"
"581514","221282","2025-11-18","36.00","NZD","1762764467","23477/2025-11-18/1762764467.json"
"512557","146154","2025-11-18","45.00","NZD","1762764467","23477/2025-11-18/1762764467.json"
"365170","146153","2025-11-18","48.00","NZD","1762764467","23477/2025-11-18/1762764467.json"
"510807","146155","2025-11-18","52.00","NZD","1762764467","23477/2025-11-18/1762764467.json"
"581513","221281","2025-11-21","36.00","NZD","1762764467","23477/2025-11-21/1762764467.json"
"581514","221282","2025-11-21","36.00","NZD","1762764467","23477/2025-11-21/1762764467.json"
"512557","146154","2025-11-21","45.00","NZD","1762764467","23477/2025-11-21/1762764467.json"
"365170","146153","2025-11-21","48.00","NZD","1762764467","23477/2025-11-21/1762764467.json"
"510807","146155","2025-11-21","52.00","NZD","1762764467","23477/2025-11-21/1762764467.json"
"581513","221281","2025-11-22","36.00","NZD","1762764467","23477/2025-11-22/1762764467.json"
"581514","221282","2025-11-22","36.00","NZD","1762764467","23477/2025-11-22/1762764467.json"
"512557","146154","2025-11-22","45.00","NZD","1762764467","23477/2025-11-22/1762764467.json"
"365170","146153","2025-11-22","48.00","NZD","1762764467","23477/2025-11-22/1762764467.json"
"510807","146155","2025-11-22","52.00","NZD","1762764467","23477/2025-11-22/1762764467.json"
"581513","221281","2025-11-23","36.00","NZD","1762764467","23477/2025-11-23/1762764467.json"
"581514","221282","2025-11-23","36.00","NZD","1762764467","23477/2025-11-23/1762764467.json"
"512557","146154","2025-11-23","45.00","NZD","1762764467","23477/2025-11-23/1762764467.json"
"365170","146153","2025-11-23","48.00","NZD","1762764467","23477/2025-11-23/1762764467.json"
"510807","146155","2025-11-23","52.00","NZD","1762764467","23477/2025-11-23/1762764467.json"
"581513","221281","2025-11-24","36.00","NZD","1762764467","23477/2025-11-24/1762764467.json"
"581514","221282","2025-11-24","36.00","NZD","1762764467","23477/2025-11-24/1762764467.json"
"512557","146154","2025-11-24","45.00","NZD","1762764467","23477/2025-11-24/1762764467.json"
"365170","146153","2025-11-24","48.00","NZD","1762764467","23477/2025-11-24/1762764467.json"
"510807","146155","2025-11-24","52.00","NZD","1762764467","23477/2025-11-24/1762764467.json"
"581513","221281","2025-11-25","36.00","NZD","1762764467","23477/2025-11-25/1762764467.json"
"581514","221282","2025-11-25","36.00","NZD","1762764467","23477/2025-11-25/1762764467.json"
"512557","146154","2025-11-25","45.00","NZD","1762764467","23477/2025-11-25/1762764467.json"
"365170","146153","2025-11-25","48.00","NZD","1762764467","23477/2025-11-25/1762764467.json"
"510807","146155","2025-11-25","52.00","NZD","1762764467","23477/2025-11-25/1762764467.json"
"581513","221281","2025-11-26","36.00","NZD","1762764467","23477/2025-11-26/1762764467.json"
"581514","221282","2025-11-26","36.00","NZD","1762764467","23477/2025-11-26/1762764467.json"
"512557","146154","2025-11-26","45.00","NZD","1762764467","23477/2025-11-26/1762764467.json"
"365170","146153","2025-11-26","48.00","NZD","1762764467","23477/2025-11-26/1762764467.json"
"510807","146155","2025-11-26","52.00","NZD","1762764467","23477/2025-11-26/1762764467.json"
"581513","221281","2025-11-27","36.00","NZD","1762764467","23477/2025-11-27/1762764467.json"
"581514","221282","2025-11-27","36.00","NZD","1762764467","23477/2025-11-27/1762764467.json"
"512557","146154","2025-11-27","45.00","NZD","1762764467","23477/2025-11-27/1762764467.json"
"365170","146153","2025-11-27","48.00","NZD","1762764467","23477/2025-11-27/1762764467.json"
"510807","146155","2025-11-27","52.00","NZD","1762764467","23477/2025-11-27/1762764467.json"
"581513","221281","2025-11-29","36.00","NZD","1762764467","23477/2025-11-29/1762764467.json"
"581514","221282","2025-11-29","36.00","NZD","1762764467","23477/2025-11-29/1762764467.json"
"512557","146154","2025-11-29","45.00","NZD","1762764467","23477/2025-11-29/1762764467.json"
"365170","146153","2025-11-29","48.00","NZD","1762764467","23477/2025-11-29/1762764467.json"
"510807","146155","2025-11-29","52.00","NZD","1762764467","23477/2025-11-29/1762764467.json"
"581513","221281","2025-11-28","36.00","NZD","1762764467","23477/2025-11-28/1762764467.json"
"581514","221282","2025-11-28","36.00","NZD","1762764467","23477/2025-11-28/1762764467.json"
"512557","146154","2025-11-28","45.00","NZD","1762764467","23477/2025-11-28/1762764467.json"
"365170","146153","2025-11-28","48.00","NZD","1762764467","23477/2025-11-28/1762764467.json"
"510807","146155","2025-11-28","52.00","NZD","1762764467","23477/2025-11-28/1762764467.json"
"581513","221281","2025-11-30","36.00","NZD","1762764467","23477/2025-11-30/1762764467.json"
"581514","221282","2025-11-30","36.00","NZD","1762764467","23477/2025-11-30/1762764467.json"
"512557","146154","2025-11-30","45.00","NZD","1762764467","23477/2025-11-30/1762764467.json"
"365170","146153","2025-11-30","48.00","NZD","1762764467","23477/2025-11-30/1762764467.json"
"510807","146155","2025-11-30","52.00","NZD","1762764467","23477/2025-11-30/1762764467.json"
"581513","221281","2025-12-01","36.00","NZD","1762764467","23477/2025-12-01/1762764467.json"
"581514","221282","2025-12-01","36.00","NZD","1762764467","23477/2025-12-01/1762764467.json"
"512557","146154","2025-12-01","45.00","NZD","1762764467","23477/2025-12-01/1762764467.json"
"365170","146153","2025-12-01","48.00","NZD","1762764467","23477/2025-12-01/1762764467.json"
"510807","146155","2025-12-01","52.00","NZD","1762764467","23477/2025-12-01/1762764467.json"
"581513","221281","2025-12-03","36.00","NZD","1762764467","23477/2025-12-03/1762764467.json"
"581514","221282","2025-12-03","36.00","NZD","1762764467","23477/2025-12-03/1762764467.json"
"512557","146154","2025-12-03","45.00","NZD","1762764467","23477/2025-12-03/1762764467.json"
"365170","146153","2025-12-03","48.00","NZD","1762764467","23477/2025-12-03/1762764467.json"
"510807","146155","2025-12-03","52.00","NZD","1762764467","23477/2025-12-03/1762764467.json"
"581513","221281","2025-12-02","36.00","NZD","1762764467","23477/2025-12-02/1762764467.json"
"581514","221282","2025-12-02","36.00","NZD","1762764467","23477/2025-12-02/1762764467.json"
"512557","146154","2025-12-02","45.00","NZD","1762764467","23477/2025-12-02/1762764467.json"
"365170","146153","2025-12-02","48.00","NZD","1762764467","23477/2025-12-02/1762764467.json"
"510807","146155","2025-12-02","52.00","NZD","1762764467","23477/2025-12-02/1762764467.json"
"581513","221281","2025-12-05","36.00","NZD","1762764467","23477/2025-12-05/1762764467.json"
"581514","221282","2025-12-05","36.00","NZD","1762764467","23477/2025-12-05/1762764467.json"
"512557","146154","2025-12-05","45.00","NZD","1762764467","23477/2025-12-05/1762764467.json"
"365170","146153","2025-12-05","48.00","NZD","1762764467","23477/2025-12-05/1762764467.json"
"510807","146155","2025-12-05","52.00","NZD","1762764467","23477/2025-12-05/1762764467.json"
"581513","221281","2025-12-04","36.00","NZD","1762764467","23477/2025-12-04/1762764467.json"
"581514","221282","2025-12-04","36.00","NZD","1762764467","23477/2025-12-04/1762764467.json"
"512557","146154","2025-12-04","45.00","NZD","1762764467","23477/2025-12-04/1762764467.json"
"365170","146153","2025-12-04","48.00","NZD","1762764467","23477/2025-12-04/1762764467.json"
"510807","146155","2025-12-04","52.00","NZD","1762764467","23477/2025-12-04/1762764467.json"
"581513","221281","2025-12-06","36.00","NZD","1762764467","23477/2025-12-06/1762764467.json"
"581514","221282","2025-12-06","36.00","NZD","1762764467","23477/2025-12-06/1762764467.json"
"512557","146154","2025-12-06","45.00","NZD","1762764467","23477/2025-12-06/1762764467.json"
"365170","146153","2025-12-06","48.00","NZD","1762764467","23477/2025-12-06/1762764467.json"
"510807","146155","2025-12-06","52.00","NZD","1762764467","23477/2025-12-06/1762764467.json"
"581513","221281","2025-12-09","36.00","NZD","1762764467","23477/2025-12-09/1762764467.json"
"581514","221282","2025-12-09","36.00","NZD","1762764467","23477/2025-12-09/1762764467.json"
"512557","146154","2025-12-09","45.00","NZD","1762764467","23477/2025-12-09/1762764467.json"
"365170","146153","2025-12-09","48.00","NZD","1762764467","23477/2025-12-09/1762764467.json"
"510807","146155","2025-12-09","52.00","NZD","1762764467","23477/2025-12-09/1762764467.json"
"581513","221281","2025-12-10","36.00","NZD","1762764467","23477/2025-12-10/1762764467.json"
"581514","221282","2025-12-10","36.00","NZD","1762764467","23477/2025-12-10/1762764467.json"
"512557","146154","2025-12-10","45.00","NZD","1762764467","23477/2025-12-10/1762764467.json"
"365170","146153","2025-12-10","48.00","NZD","1762764467","23477/2025-12-10/1762764467.json"
"510807","146155","2025-12-10","52.00","NZD","1762764467","23477/2025-12-10/1762764467.json"
"581513","221281","2025-12-08","36.00","NZD","1762764467","23477/2025-12-08/1762764467.json"
"581514","221282","2025-12-08","36.00","NZD","1762764467","23477/2025-12-08/1762764467.json"
"512557","146154","2025-12-08","45.00","NZD","1762764467","23477/2025-12-08/1762764467.json"
"365170","146153","2025-12-08","48.00","NZD","1762764467","23477/2025-12-08/1762764467.json"
"510807","146155","2025-12-08","52.00","NZD","1762764467","23477/2025-12-08/1762764467.json"
"581513","221281","2025-12-07","36.00","NZD","1762764467","23477/2025-12-07/1762764467.json"
"581514","221282","2025-12-07","36.00","NZD","1762764467","23477/2025-12-07/1762764467.json"
"512557","146154","2025-12-07","45.00","NZD","1762764467","23477/2025-12-07/1762764467.json"
"365170","146153","2025-12-07","48.00","NZD","1762764467","23477/2025-12-07/1762764467.json"
"510807","146155","2025-12-07","52.00","NZD","1762764467","23477/2025-12-07/1762764467.json"
"581513","221281","2025-12-11","36.00","NZD","1762764467","23477/2025-12-11/1762764467.json"
"581514","221282","2025-12-11","36.00","NZD","1762764467","23477/2025-12-11/1762764467.json"
"512557","146154","2025-12-11","45.00","NZD","1762764467","23477/2025-12-11/1762764467.json"
"365170","146153","2025-12-11","48.00","NZD","1762764467","23477/2025-12-11/1762764467.json"
"510807","146155","2025-12-11","52.00","NZD","1762764467","23477/2025-12-11/1762764467.json"
"581513","221281","2025-12-13","36.00","NZD","1762764467","23477/2025-12-13/1762764467.json"
"581514","221282","2025-12-13","36.00","NZD","1762764467","23477/2025-12-13/1762764467.json"
"512557","146154","2025-12-13","45.00","NZD","1762764467","23477/2025-12-13/1762764467.json"
"365170","146153","2025-12-13","48.00","NZD","1762764467","23477/2025-12-13/1762764467.json"
"510807","146155","2025-12-13","52.00","NZD","1762764467","23477/2025-12-13/1762764467.json"
"581513","221281","2025-12-12","36.00","NZD","1762764467","23477/2025-12-12/1762764467.json"
"581514","221282","2025-12-12","36.00","NZD","1762764467","23477/2025-12-12/1762764467.json"
"512557","146154","2025-12-12","45.00","NZD","1762764467","23477/2025-12-12/1762764467.json"
"365170","146153","2025-12-12","48.00","NZD","1762764467","23477/2025-12-12/1762764467.json"
"510807","146155","2025-12-12","52.00","NZD","1762764467","23477/2025-12-12/1762764467.json"
"581513","221281","2025-12-14","36.00","NZD","1762764467","23477/2025-12-14/1762764467.json"
"581514","221282","2025-12-14","36.00","NZD","1762764467","23477/2025-12-14/1762764467.json"
"512557","146154","2025-12-14","45.00","NZD","1762764467","23477/2025-12-14/1762764467.json"
"365170","146153","2025-12-14","48.00","NZD","1762764467","23477/2025-12-14/1762764467.json"
"510807","146155","2025-12-14","52.00","NZD","1762764467","23477/2025-12-14/1762764467.json"
"581513","221281","2025-12-16","36.00","NZD","1762764467","23477/2025-12-16/1762764467.json"
"581514","221282","2025-12-16","36.00","NZD","1762764467","23477/2025-12-16/1762764467.json"
"512557","146154","2025-12-16","45.00","NZD","1762764467","23477/2025-12-16/1762764467.json"
"365170","146153","2025-12-16","48.00","NZD","1762764467","23477/2025-12-16/1762764467.json"
"510807","146155","2025-12-16","52.00","NZD","1762764467","23477/2025-12-16/1762764467.json"
"581513","221281","2025-12-15","36.00","NZD","1762764467","23477/2025-12-15/1762764467.json"
"581514","221282","2025-12-15","36.00","NZD","1762764467","23477/2025-12-15/1762764467.json"
"512557","146154","2025-12-15","45.00","NZD","1762764467","23477/2025-12-15/1762764467.json"
"365170","146153","2025-12-15","48.00","NZD","1762764467","23477/2025-12-15/1762764467.json"
"510807","146155","2025-12-15","52.00","NZD","1762764467","23477/2025-12-15/1762764467.json"
"581513","221281","2025-12-17","36.00","NZD","1762764467","23477/2025-12-17/1762764467.json"
"581514","221282","2025-12-17","36.00","NZD","1762764467","23477/2025-12-17/1762764467.json"
"512557","146154","2025-12-17","45.00","NZD","1762764467","23477/2025-12-17/1762764467.json"
"365170","146153","2025-12-17","48.00","NZD","1762764467","23477/2025-12-17/1762764467.json"
"510807","146155","2025-12-17","52.00","NZD","1762764467","23477/2025-12-17/1762764467.json"
"581513","221281","2025-12-18","36.00","NZD","1762764467","23477/2025-12-18/1762764467.json"
"581514","221282","2025-12-18","36.00","NZD","1762764467","23477/2025-12-18/1762764467.json"
"512557","146154","2025-12-18","45.00","NZD","1762764467","23477/2025-12-18/1762764467.json"
"365170","146153","2025-12-18","48.00","NZD","1762764467","23477/2025-12-18/1762764467.json"
"510807","146155","2025-12-18","52.00","NZD","1762764467","23477/2025-12-18/1762764467.json"
"581513","221281","2025-12-19","36.00","NZD","1762764467","23477/2025-12-19/1762764467.json"
"581514","221282","2025-12-19","36.00","NZD","1762764467","23477/2025-12-19/1762764467.json"
"512557","146154","2025-12-19","45.00","NZD","1762764467","23477/2025-12-19/1762764467.json"
"365170","146153","2025-12-19","48.00","NZD","1762764467","23477/2025-12-19/1762764467.json"
"510807","146155","2025-12-19","52.00","NZD","1762764467","23477/2025-12-19/1762764467.json"
"581513","221281","2025-12-22","36.00","NZD","1762764467","23477/2025-12-22/1762764467.json"
"581514","221282","2025-12-22","36.00","NZD","1762764467","23477/2025-12-22/1762764467.json"
"512557","146154","2025-12-22","45.00","NZD","1762764467","23477/2025-12-22/1762764467.json"
"365170","146153","2025-12-22","48.00","NZD","1762764467","23477/2025-12-22/1762764467.json"
"510807","146155","2025-12-22","52.00","NZD","1762764467","23477/2025-12-22/1762764467.json"
"581513","221281","2025-12-20","36.00","NZD","1762764467","23477/2025-12-20/1762764467.json"
"581514","221282","2025-12-20","36.00","NZD","1762764467","23477/2025-12-20/1762764467.json"
"512557","146154","2025-12-20","45.00","NZD","1762764467","23477/2025-12-20/1762764467.json"
"365170","146153","2025-12-20","48.00","NZD","1762764467","23477/2025-12-20/1762764467.json"
"510807","146155","2025-12-20","52.00","NZD","1762764467","23477/2025-12-20/1762764467.json"
"581513","221281","2025-12-21","36.00","NZD","1762764467","23477/2025-12-21/1762764467.json"
"581514","221282","2025-12-21","36.00","NZD","1762764467","23477/2025-12-21/1762764467.json"
"512557","146154","2025-12-21","45.00","NZD","1762764467","23477/2025-12-21/1762764467.json"
"365170","146153","2025-12-21","48.00","NZD","1762764467","23477/2025-12-21/1762764467.json"
"510807","146155","2025-12-21","52.00","NZD","1762764467","23477/2025-12-21/1762764467.json"
"581513","221281","2025-12-24","38.00","NZD","1762764467","23477/2025-12-24/1762764467.json"
"581514","221282","2025-12-24","38.00","NZD","1762764467","23477/2025-12-24/1762764467.json"
"512557","146154","2025-12-24","45.00","NZD","1762764467","23477/2025-12-24/1762764467.json"
"365170","146153","2025-12-24","48.00","NZD","1762764467","23477/2025-12-24/1762764467.json"
"510807","146155","2025-12-24","52.00","NZD","1762764467","23477/2025-12-24/1762764467.json"
"581513","221281","2025-12-23","38.00","NZD","1762764467","23477/2025-12-23/1762764467.json"
"581514","221282","2025-12-23","38.00","NZD","1762764467","23477/2025-12-23/1762764467.json"
"512557","146154","2025-12-23","45.00","NZD","1762764467","23477/2025-12-23/1762764467.json"
"365170","146153","2025-12-23","48.00","NZD","1762764467","23477/2025-12-23/1762764467.json"
"510807","146155","2025-12-23","52.00","NZD","1762764467","23477/2025-12-23/1762764467.json"
"581513","221281","2025-12-25","38.00","NZD","1762764467","23477/2025-12-25/1762764467.json"
"581514","221282","2025-12-25","38.00","NZD","1762764467","23477/2025-12-25/1762764467.json"
"512557","146154","2025-12-25","45.00","NZD","1762764467","23477/2025-12-25/1762764467.json"
"365170","146153","2025-12-25","48.00","NZD","1762764467","23477/2025-12-25/1762764467.json"
"510807","146155","2025-12-25","52.00","NZD","1762764467","23477/2025-12-25/1762764467.json"
"581513","221281","2025-12-26","42.00","NZD","1762764467","23477/2025-12-26/1762764467.json"
"581514","221282","2025-12-26","42.00","NZD","1762764467","23477/2025-12-26/1762764467.json"
"512557","146154","2025-12-26","45.00","NZD","1762764467","23477/2025-12-26/1762764467.json"
"365170","146153","2025-12-26","48.00","NZD","1762764467","23477/2025-12-26/1762764467.json"
"510807","146155","2025-12-26","52.00","NZD","1762764467","23477/2025-12-26/1762764467.json"
"581513","221281","2025-12-28","42.00","NZD","1762764467","23477/2025-12-28/1762764467.json"
"581514","221282","2025-12-28","42.00","NZD","1762764467","23477/2025-12-28/1762764467.json"
"512557","146154","2025-12-28","45.00","NZD","1762764467","23477/2025-12-28/1762764467.json"
"365170","146153","2025-12-28","48.00","NZD","1762764467","23477/2025-12-28/1762764467.json"
"510807","146155","2025-12-28","52.00","NZD","1762764467","23477/2025-12-28/1762764467.json"
"581513","221281","2025-12-27","42.00","NZD","1762764467","23477/2025-12-27/1762764467.json"
"581514","221282","2025-12-27","42.00","NZD","1762764467","23477/2025-12-27/1762764467.json"
"512557","146154","2025-12-27","45.00","NZD","1762764467","23477/2025-12-27/1762764467.json"
"365170","146153","2025-12-27","48.00","NZD","1762764467","23477/2025-12-27/1762764467.json"
"510807","146155","2025-12-27","52.00","NZD","1762764467","23477/2025-12-27/1762764467.json"
"581513","221281","2025-12-29","42.00","NZD","1762764467","23477/2025-12-29/1762764467.json"
"581514","221282","2025-12-29","42.00","NZD","1762764467","23477/2025-12-29/1762764467.json"
"512557","146154","2025-12-29","45.00","NZD","1762764467","23477/2025-12-29/1762764467.json"
"365170","146153","2025-12-29","48.00","NZD","1762764467","23477/2025-12-29/1762764467.json"
"510807","146155","2025-12-29","52.00","NZD","1762764467","23477/2025-12-29/1762764467.json"
"581513","221281","2025-12-30","42.00","NZD","1762764467","23477/2025-12-30/1762764467.json"
"581514","221282","2025-12-30","42.00","NZD","1762764467","23477/2025-12-30/1762764467.json"
"512557","146154","2025-12-30","45.00","NZD","1762764467","23477/2025-12-30/1762764467.json"
"365170","146153","2025-12-30","48.00","NZD","1762764467","23477/2025-12-30/1762764467.json"
"510807","146155","2025-12-30","52.00","NZD","1762764467","23477/2025-12-30/1762764467.json"
"581513","221281","2025-12-31","42.00","NZD","1762764467","23477/2025-12-31/1762764467.json"
"581514","221282","2025-12-31","42.00","NZD","1762764467","23477/2025-12-31/1762764467.json"
"512557","146154","2025-12-31","45.00","NZD","1762764467","23477/2025-12-31/1762764467.json"
"365170","146153","2025-12-31","48.00","NZD","1762764467","23477/2025-12-31/1762764467.json"
"510807","146155","2025-12-31","52.00","NZD","1762764467","23477/2025-12-31/1762764467.json"
"581513","221281","2026-01-01","42.00","NZD","1762764467","23477/2026-01-01/1762764467.json"
"581514","221282","2026-01-01","42.00","NZD","1762764467","23477/2026-01-01/1762764467.json"
"512557","146154","2026-01-01","45.00","NZD","1762764467","23477/2026-01-01/1762764467.json"
"365170","146153","2026-01-01","48.00","NZD","1762764467","23477/2026-01-01/1762764467.json"
"510807","146155","2026-01-01","52.00","NZD","1762764467","23477/2026-01-01/1762764467.json"
"581513","221281","2026-01-02","42.00","NZD","1762764467","23477/2026-01-02/1762764467.json"
"581514","221282","2026-01-02","42.00","NZD","1762764467","23477/2026-01-02/1762764467.json"
"512557","146154","2026-01-02","45.00","NZD","1762764467","23477/2026-01-02/1762764467.json"
"365170","146153","2026-01-02","48.00","NZD","1762764467","23477/2026-01-02/1762764467.json"
"510807","146155","2026-01-02","52.00","NZD","1762764467","23477/2026-01-02/1762764467.json"
"581513","221281","2026-01-03","42.00","NZD","1762764467","23477/2026-01-03/1762764467.json"
"581514","221282","2026-01-03","42.00","NZD","1762764467","23477/2026-01-03/1762764467.json"
"512557","146154","2026-01-03","45.00","NZD","1762764467","23477/2026-01-03/1762764467.json"
"365170","146153","2026-01-03","48.00","NZD","1762764467","23477/2026-01-03/1762764467.json"
"510807","146155","2026-01-03","52.00","NZD","1762764467","23477/2026-01-03/1762764467.json"
"581513","221281","2026-01-04","42.00","NZD","1762764467","23477/2026-01-04/1762764467.json"
"581514","221282","2026-01-04","42.00","NZD","1762764467","23477/2026-01-04/1762764467.json"
"512557","146154","2026-01-04","45.00","NZD","1762764467","23477/2026-01-04/1762764467.json"
"365170","146153","2026-01-04","48.00","NZD","1762764467","23477/2026-01-04/1762764467.json"
"510807","146155","2026-01-04","52.00","NZD","1762764467","23477/2026-01-04/1762764467.json"
"581513","221281","2026-01-05","36.00","NZD","1762764467","23477/2026-01-05/1762764467.json"
"581514","221282","2026-01-05","36.00","NZD","1762764467","23477/2026-01-05/1762764467.json"
"512557","146154","2026-01-05","45.00","NZD","1762764467","23477/2026-01-05/1762764467.json"
"365170","146153","2026-01-05","48.00","NZD","1762764467","23477/2026-01-05/1762764467.json"
"510807","146155","2026-01-05","52.00","NZD","1762764467","23477/2026-01-05/1762764467.json"
"581513","221281","2026-01-06","36.00","NZD","1762764467","23477/2026-01-06/1762764467.json"
"581514","221282","2026-01-06","36.00","NZD","1762764467","23477/2026-01-06/1762764467.json"
"512557","146154","2026-01-06","45.00","NZD","1762764467","23477/2026-01-06/1762764467.json"
"365170","146153","2026-01-06","48.00","NZD","1762764467","23477/2026-01-06/1762764467.json"
"510807","146155","2026-01-06","52.00","NZD","1762764467","23477/2026-01-06/1762764467.json"
"581513","221281","2026-01-07","36.00","NZD","1762764467","23477/2026-01-07/1762764467.json"
"581514","221282","2026-01-07","36.00","NZD","1762764467","23477/2026-01-07/1762764467.json"
"512557","146154","2026-01-07","45.00","NZD","1762764467","23477/2026-01-07/1762764467.json"
"365170","146153","2026-01-07","48.00","NZD","1762764467","23477/2026-01-07/1762764467.json"
"510807","146155","2026-01-07","52.00","NZD","1762764467","23477/2026-01-07/1762764467.json"
"581513","221281","2026-01-09","36.00","NZD","1762764467","23477/2026-01-09/1762764467.json"
"581514","221282","2026-01-09","36.00","NZD","1762764467","23477/2026-01-09/1762764467.json"
"512557","146154","2026-01-09","45.00","NZD","1762764467","23477/2026-01-09/1762764467.json"
"365170","146153","2026-01-09","48.00","NZD","1762764467","23477/2026-01-09/1762764467.json"
"510807","146155","2026-01-09","52.00","NZD","1762764467","23477/2026-01-09/1762764467.json"
"581513","221281","2026-01-08","36.00","NZD","1762764467","23477/2026-01-08/1762764467.json"
"581514","221282","2026-01-08","36.00","NZD","1762764467","23477/2026-01-08/1762764467.json"
"512557","146154","2026-01-08","45.00","NZD","1762764467","23477/2026-01-08/1762764467.json"
"365170","146153","2026-01-08","48.00","NZD","1762764467","23477/2026-01-08/1762764467.json"
"510807","146155","2026-01-08","52.00","NZD","1762764467","23477/2026-01-08/1762764467.json"
"581513","221281","2025-11-11","36.00","NZD","1762779803","23477/2025-11-11/1762779803.json"
"581514","221282","2025-11-11","36.00","NZD","1762779803","23477/2025-11-11/1762779803.json"
"512557","146154","2025-11-11","45.00","NZD","1762779803","23477/2025-11-11/1762779803.json"
"365170","146153","2025-11-11","48.00","NZD","1762779803","23477/2025-11-11/1762779803.json"
"510807","146155","2025-11-11","52.00","NZD","1762779803","23477/2025-11-11/1762779803.json"
"581513","221281","2025-11-12","36.00","NZD","1762779803","23477/2025-11-12/1762779803.json"
"581514","221282","2025-11-12","36.00","NZD","1762779803","23477/2025-11-12/1762779803.json"
"512557","146154","2025-11-12","45.00","NZD","1762779803","23477/2025-11-12/1762779803.json"
"365170","146153","2025-11-12","48.00","NZD","1762779803","23477/2025-11-12/1762779803.json"
"510807","146155","2025-11-12","52.00","NZD","1762779803","23477/2025-11-12/1762779803.json"
"581513","221281","2025-11-13","36.00","NZD","1762779803","23477/2025-11-13/1762779803.json"
"581514","221282","2025-11-13","36.00","NZD","1762779803","23477/2025-11-13/1762779803.json"
"512557","146154","2025-11-13","45.00","NZD","1762779803","23477/2025-11-13/1762779803.json"
"365170","146153","2025-11-13","48.00","NZD","1762779803","23477/2025-11-13/1762779803.json"
"510807","146155","2025-11-13","52.00","NZD","1762779803","23477/2025-11-13/1762779803.json"
"581513","221281","2025-11-14","36.00","NZD","1762779803","23477/2025-11-14/1762779803.json"
"581514","221282","2025-11-14","36.00","NZD","1762779803","23477/2025-11-14/1762779803.json"
"512557","146154","2025-11-14","45.00","NZD","1762779803","23477/2025-11-14/1762779803.json"
"365170","146153","2025-11-14","48.00","NZD","1762779803","23477/2025-11-14/1762779803.json"
"510807","146155","2025-11-14","52.00","NZD","1762779803","23477/2025-11-14/1762779803.json"
"581513","221281","2025-11-15","36.00","NZD","1762779803","23477/2025-11-15/1762779803.json"
"581514","221282","2025-11-15","36.00","NZD","1762779803","23477/2025-11-15/1762779803.json"
"512557","146154","2025-11-15","45.00","NZD","1762779803","23477/2025-11-15/1762779803.json"
"365170","146153","2025-11-15","48.00","NZD","1762779803","23477/2025-11-15/1762779803.json"
"510807","146155","2025-11-15","52.00","NZD","1762779803","23477/2025-11-15/1762779803.json"
"581513","221281","2025-11-17","36.00","NZD","1762779803","23477/2025-11-17/1762779803.json"
"581514","221282","2025-11-17","36.00","NZD","1762779803","23477/2025-11-17/1762779803.json"
"512557","146154","2025-11-17","45.00","NZD","1762779803","23477/2025-11-17/1762779803.json"
"365170","146153","2025-11-17","48.00","NZD","1762779803","23477/2025-11-17/1762779803.json"
"510807","146155","2025-11-17","52.00","NZD","1762779803","23477/2025-11-17/1762779803.json"
"581513","221281","2025-11-16","36.00","NZD","1762779803","23477/2025-11-16/1762779803.json"
"581514","221282","2025-11-16","36.00","NZD","1762779803","23477/2025-11-16/1762779803.json"
"512557","146154","2025-11-16","45.00","NZD","1762779803","23477/2025-11-16/1762779803.json"
"365170","146153","2025-11-16","48.00","NZD","1762779803","23477/2025-11-16/1762779803.json"
"510807","146155","2025-11-16","52.00","NZD","1762779803","23477/2025-11-16/1762779803.json"
"581513","221281","2025-11-19","36.00","NZD","1762779803","23477/2025-11-19/1762779803.json"
"581514","221282","2025-11-19","36.00","NZD","1762779803","23477/2025-11-19/1762779803.json"
"512557","146154","2025-11-19","45.00","NZD","1762779803","23477/2025-11-19/1762779803.json"
"365170","146153","2025-11-19","48.00","NZD","1762779803","23477/2025-11-19/1762779803.json"
"510807","146155","2025-11-19","52.00","NZD","1762779803","23477/2025-11-19/1762779803.json"
"581513","221281","2025-11-18","36.00","NZD","1762779803","23477/2025-11-18/1762779803.json"
"581514","221282","2025-11-18","36.00","NZD","1762779803","23477/2025-11-18/1762779803.json"
"512557","146154","2025-11-18","45.00","NZD","1762779803","23477/2025-11-18/1762779803.json"
"365170","146153","2025-11-18","48.00","NZD","1762779803","23477/2025-11-18/1762779803.json"
"510807","146155","2025-11-18","52.00","NZD","1762779803","23477/2025-11-18/1762779803.json"
"581513","221281","2025-11-20","36.00","NZD","1762779803","23477/2025-11-20/1762779803.json"
"581514","221282","2025-11-20","36.00","NZD","1762779803","23477/2025-11-20/1762779803.json"
"512557","146154","2025-11-20","45.00","NZD","1762779803","23477/2025-11-20/1762779803.json"
"581513","221281","2025-11-21","36.00","NZD","1762779803","23477/2025-11-21/1762779803.json"
"581514","221282","2025-11-21","36.00","NZD","1762779803","23477/2025-11-21/1762779803.json"
"512557","146154","2025-11-21","45.00","NZD","1762779803","23477/2025-11-21/1762779803.json"
"365170","146153","2025-11-21","48.00","NZD","1762779803","23477/2025-11-21/1762779803.json"
"510807","146155","2025-11-21","52.00","NZD","1762779803","23477/2025-11-21/1762779803.json"
"581513","221281","2025-11-23","36.00","NZD","1762779803","23477/2025-11-23/1762779803.json"
"581514","221282","2025-11-23","36.00","NZD","1762779803","23477/2025-11-23/1762779803.json"
"512557","146154","2025-11-23","45.00","NZD","1762779803","23477/2025-11-23/1762779803.json"
"365170","146153","2025-11-23","48.00","NZD","1762779803","23477/2025-11-23/1762779803.json"
"510807","146155","2025-11-23","52.00","NZD","1762779803","23477/2025-11-23/1762779803.json"
"581513","221281","2025-11-22","36.00","NZD","1762779803","23477/2025-11-22/1762779803.json"
"581514","221282","2025-11-22","36.00","NZD","1762779803","23477/2025-11-22/1762779803.json"
"512557","146154","2025-11-22","45.00","NZD","1762779803","23477/2025-11-22/1762779803.json"
"365170","146153","2025-11-22","48.00","NZD","1762779803","23477/2025-11-22/1762779803.json"
"510807","146155","2025-11-22","52.00","NZD","1762779803","23477/2025-11-22/1762779803.json"
"581513","221281","2025-11-24","36.00","NZD","1762779803","23477/2025-11-24/1762779803.json"
"581514","221282","2025-11-24","36.00","NZD","1762779803","23477/2025-11-24/1762779803.json"
"512557","146154","2025-11-24","45.00","NZD","1762779803","23477/2025-11-24/1762779803.json"
"365170","146153","2025-11-24","48.00","NZD","1762779803","23477/2025-11-24/1762779803.json"
"510807","146155","2025-11-24","52.00","NZD","1762779803","23477/2025-11-24/1762779803.json"
"581513","221281","2025-11-25","36.00","NZD","1762779803","23477/2025-11-25/1762779803.json"
"581514","221282","2025-11-25","36.00","NZD","1762779803","23477/2025-11-25/1762779803.json"
"512557","146154","2025-11-25","45.00","NZD","1762779803","23477/2025-11-25/1762779803.json"
"365170","146153","2025-11-25","48.00","NZD","1762779803","23477/2025-11-25/1762779803.json"
"510807","146155","2025-11-25","52.00","NZD","1762779803","23477/2025-11-25/1762779803.json"
"581513","221281","2025-11-26","36.00","NZD","1762779803","23477/2025-11-26/1762779803.json"
"581514","221282","2025-11-26","36.00","NZD","1762779803","23477/2025-11-26/1762779803.json"
"512557","146154","2025-11-26","45.00","NZD","1762779803","23477/2025-11-26/1762779803.json"
"365170","146153","2025-11-26","48.00","NZD","1762779803","23477/2025-11-26/1762779803.json"
"510807","146155","2025-11-26","52.00","NZD","1762779803","23477/2025-11-26/1762779803.json"
"581513","221281","2025-11-27","36.00","NZD","1762779803","23477/2025-11-27/1762779803.json"
"581514","221282","2025-11-27","36.00","NZD","1762779803","23477/2025-11-27/1762779803.json"
"512557","146154","2025-11-27","45.00","NZD","1762779803","23477/2025-11-27/1762779803.json"
"365170","146153","2025-11-27","48.00","NZD","1762779803","23477/2025-11-27/1762779803.json"
"510807","146155","2025-11-27","52.00","NZD","1762779803","23477/2025-11-27/1762779803.json"
"581513","221281","2025-11-30","36.00","NZD","1762779803","23477/2025-11-30/1762779803.json"
"581514","221282","2025-11-30","36.00","NZD","1762779803","23477/2025-11-30/1762779803.json"
"512557","146154","2025-11-30","45.00","NZD","1762779803","23477/2025-11-30/1762779803.json"
"365170","146153","2025-11-30","48.00","NZD","1762779803","23477/2025-11-30/1762779803.json"
"510807","146155","2025-11-30","52.00","NZD","1762779803","23477/2025-11-30/1762779803.json"
"581513","221281","2025-12-01","36.00","NZD","1762779803","23477/2025-12-01/1762779803.json"
"581514","221282","2025-12-01","36.00","NZD","1762779803","23477/2025-12-01/1762779803.json"
"512557","146154","2025-12-01","45.00","NZD","1762779803","23477/2025-12-01/1762779803.json"
"365170","146153","2025-12-01","48.00","NZD","1762779803","23477/2025-12-01/1762779803.json"
"510807","146155","2025-12-01","52.00","NZD","1762779803","23477/2025-12-01/1762779803.json"
"581513","221281","2025-11-28","36.00","NZD","1762779803","23477/2025-11-28/1762779803.json"
"581514","221282","2025-11-28","36.00","NZD","1762779803","23477/2025-11-28/1762779803.json"
"512557","146154","2025-11-28","45.00","NZD","1762779803","23477/2025-11-28/1762779803.json"
"365170","146153","2025-11-28","48.00","NZD","1762779803","23477/2025-11-28/1762779803.json"
"510807","146155","2025-11-28","52.00","NZD","1762779803","23477/2025-11-28/1762779803.json"
"581513","221281","2025-11-29","36.00","NZD","1762779803","23477/2025-11-29/1762779803.json"
"581514","221282","2025-11-29","36.00","NZD","1762779803","23477/2025-11-29/1762779803.json"
"512557","146154","2025-11-29","45.00","NZD","1762779803","23477/2025-11-29/1762779803.json"
"365170","146153","2025-11-29","48.00","NZD","1762779803","23477/2025-11-29/1762779803.json"
"510807","146155","2025-11-29","52.00","NZD","1762779803","23477/2025-11-29/1762779803.json"
"581513","221281","2025-12-02","36.00","NZD","1762779803","23477/2025-12-02/1762779803.json"
"581514","221282","2025-12-02","36.00","NZD","1762779803","23477/2025-12-02/1762779803.json"
"512557","146154","2025-12-02","45.00","NZD","1762779803","23477/2025-12-02/1762779803.json"
"365170","146153","2025-12-02","48.00","NZD","1762779803","23477/2025-12-02/1762779803.json"
"510807","146155","2025-12-02","52.00","NZD","1762779803","23477/2025-12-02/1762779803.json"
"581513","221281","2025-12-03","36.00","NZD","1762779803","23477/2025-12-03/1762779803.json"
"581514","221282","2025-12-03","36.00","NZD","1762779803","23477/2025-12-03/1762779803.json"
"512557","146154","2025-12-03","45.00","NZD","1762779803","23477/2025-12-03/1762779803.json"
"365170","146153","2025-12-03","48.00","NZD","1762779803","23477/2025-12-03/1762779803.json"
"510807","146155","2025-12-03","52.00","NZD","1762779803","23477/2025-12-03/1762779803.json"
"581513","221281","2025-12-05","36.00","NZD","1762779803","23477/2025-12-05/1762779803.json"
"581514","221282","2025-12-05","36.00","NZD","1762779803","23477/2025-12-05/1762779803.json"
"512557","146154","2025-12-05","45.00","NZD","1762779803","23477/2025-12-05/1762779803.json"
"365170","146153","2025-12-05","48.00","NZD","1762779803","23477/2025-12-05/1762779803.json"
"510807","146155","2025-12-05","52.00","NZD","1762779803","23477/2025-12-05/1762779803.json"
"581513","221281","2025-12-04","36.00","NZD","1762779803","23477/2025-12-04/1762779803.json"
"581514","221282","2025-12-04","36.00","NZD","1762779803","23477/2025-12-04/1762779803.json"
"512557","146154","2025-12-04","45.00","NZD","1762779803","23477/2025-12-04/1762779803.json"
"365170","146153","2025-12-04","48.00","NZD","1762779803","23477/2025-12-04/1762779803.json"
"510807","146155","2025-12-04","52.00","NZD","1762779803","23477/2025-12-04/1762779803.json"
"581513","221281","2025-12-06","36.00","NZD","1762779803","23477/2025-12-06/1762779803.json"
"581514","221282","2025-12-06","36.00","NZD","1762779803","23477/2025-12-06/1762779803.json"
"512557","146154","2025-12-06","45.00","NZD","1762779803","23477/2025-12-06/1762779803.json"
"365170","146153","2025-12-06","48.00","NZD","1762779803","23477/2025-12-06/1762779803.json"
"510807","146155","2025-12-06","52.00","NZD","1762779803","23477/2025-12-06/1762779803.json"
"581513","221281","2025-12-07","36.00","NZD","1762779803","23477/2025-12-07/1762779803.json"
"581514","221282","2025-12-07","36.00","NZD","1762779803","23477/2025-12-07/1762779803.json"
"512557","146154","2025-12-07","45.00","NZD","1762779803","23477/2025-12-07/1762779803.json"
"365170","146153","2025-12-07","48.00","NZD","1762779803","23477/2025-12-07/1762779803.json"
"510807","146155","2025-12-07","52.00","NZD","1762779803","23477/2025-12-07/1762779803.json"
"581513","221281","2025-12-08","36.00","NZD","1762779803","23477/2025-12-08/1762779803.json"
"581514","221282","2025-12-08","36.00","NZD","1762779803","23477/2025-12-08/1762779803.json"
"512557","146154","2025-12-08","45.00","NZD","1762779803","23477/2025-12-08/1762779803.json"
"365170","146153","2025-12-08","48.00","NZD","1762779803","23477/2025-12-08/1762779803.json"
"510807","146155","2025-12-08","52.00","NZD","1762779803","23477/2025-12-08/1762779803.json"
"581513","221281","2025-12-10","36.00","NZD","1762779803","23477/2025-12-10/1762779803.json"
"581514","221282","2025-12-10","36.00","NZD","1762779803","23477/2025-12-10/1762779803.json"
"512557","146154","2025-12-10","45.00","NZD","1762779803","23477/2025-12-10/1762779803.json"
"365170","146153","2025-12-10","48.00","NZD","1762779803","23477/2025-12-10/1762779803.json"
"510807","146155","2025-12-10","52.00","NZD","1762779803","23477/2025-12-10/1762779803.json"
"581513","221281","2025-12-11","36.00","NZD","1762779803","23477/2025-12-11/1762779803.json"
"581514","221282","2025-12-11","36.00","NZD","1762779803","23477/2025-12-11/1762779803.json"
"512557","146154","2025-12-11","45.00","NZD","1762779803","23477/2025-12-11/1762779803.json"
"365170","146153","2025-12-11","48.00","NZD","1762779803","23477/2025-12-11/1762779803.json"
"510807","146155","2025-12-11","52.00","NZD","1762779803","23477/2025-12-11/1762779803.json"
"581513","221281","2025-12-12","36.00","NZD","1762779803","23477/2025-12-12/1762779803.json"
"581514","221282","2025-12-12","36.00","NZD","1762779803","23477/2025-12-12/1762779803.json"
"512557","146154","2025-12-12","45.00","NZD","1762779803","23477/2025-12-12/1762779803.json"
"365170","146153","2025-12-12","48.00","NZD","1762779803","23477/2025-12-12/1762779803.json"
"510807","146155","2025-12-12","52.00","NZD","1762779803","23477/2025-12-12/1762779803.json"
"581513","221281","2025-12-09","36.00","NZD","1762779803","23477/2025-12-09/1762779803.json"
"581514","221282","2025-12-09","36.00","NZD","1762779803","23477/2025-12-09/1762779803.json"
"512557","146154","2025-12-09","45.00","NZD","1762779803","23477/2025-12-09/1762779803.json"
"365170","146153","2025-12-09","48.00","NZD","1762779803","23477/2025-12-09/1762779803.json"
"510807","146155","2025-12-09","52.00","NZD","1762779803","23477/2025-12-09/1762779803.json"
"581513","221281","2025-12-13","36.00","NZD","1762779803","23477/2025-12-13/1762779803.json"
"581514","221282","2025-12-13","36.00","NZD","1762779803","23477/2025-12-13/1762779803.json"
"512557","146154","2025-12-13","45.00","NZD","1762779803","23477/2025-12-13/1762779803.json"
"365170","146153","2025-12-13","48.00","NZD","1762779803","23477/2025-12-13/1762779803.json"
"510807","146155","2025-12-13","52.00","NZD","1762779803","23477/2025-12-13/1762779803.json"
"581513","221281","2025-12-14","36.00","NZD","1762779803","23477/2025-12-14/1762779803.json"
"581514","221282","2025-12-14","36.00","NZD","1762779803","23477/2025-12-14/1762779803.json"
"512557","146154","2025-12-14","45.00","NZD","1762779803","23477/2025-12-14/1762779803.json"
"365170","146153","2025-12-14","48.00","NZD","1762779803","23477/2025-12-14/1762779803.json"
"510807","146155","2025-12-14","52.00","NZD","1762779803","23477/2025-12-14/1762779803.json"
"581513","221281","2025-12-15","36.00","NZD","1762779803","23477/2025-12-15/1762779803.json"
"581514","221282","2025-12-15","36.00","NZD","1762779803","23477/2025-12-15/1762779803.json"
"512557","146154","2025-12-15","45.00","NZD","1762779803","23477/2025-12-15/1762779803.json"
"365170","146153","2025-12-15","48.00","NZD","1762779803","23477/2025-12-15/1762779803.json"
"510807","146155","2025-12-15","52.00","NZD","1762779803","23477/2025-12-15/1762779803.json"
"581513","221281","2025-12-16","36.00","NZD","1762779803","23477/2025-12-16/1762779803.json"
"581514","221282","2025-12-16","36.00","NZD","1762779803","23477/2025-12-16/1762779803.json"
"512557","146154","2025-12-16","45.00","NZD","1762779803","23477/2025-12-16/1762779803.json"
"365170","146153","2025-12-16","48.00","NZD","1762779803","23477/2025-12-16/1762779803.json"
"510807","146155","2025-12-16","52.00","NZD","1762779803","23477/2025-12-16/1762779803.json"
"581513","221281","2025-12-17","36.00","NZD","1762779803","23477/2025-12-17/1762779803.json"
"581514","221282","2025-12-17","36.00","NZD","1762779803","23477/2025-12-17/1762779803.json"
"512557","146154","2025-12-17","45.00","NZD","1762779803","23477/2025-12-17/1762779803.json"
"365170","146153","2025-12-17","48.00","NZD","1762779803","23477/2025-12-17/1762779803.json"
"510807","146155","2025-12-17","52.00","NZD","1762779803","23477/2025-12-17/1762779803.json"
"581513","221281","2025-12-18","36.00","NZD","1762779803","23477/2025-12-18/1762779803.json"
"581514","221282","2025-12-18","36.00","NZD","1762779803","23477/2025-12-18/1762779803.json"
"512557","146154","2025-12-18","45.00","NZD","1762779803","23477/2025-12-18/1762779803.json"
"365170","146153","2025-12-18","48.00","NZD","1762779803","23477/2025-12-18/1762779803.json"
"510807","146155","2025-12-18","52.00","NZD","1762779803","23477/2025-12-18/1762779803.json"
"581513","221281","2025-12-19","36.00","NZD","1762779803","23477/2025-12-19/1762779803.json"
"581513","221281","2025-12-20","36.00","NZD","1762779803","23477/2025-12-20/1762779803.json"
"581514","221282","2025-12-19","36.00","NZD","1762779803","23477/2025-12-19/1762779803.json"
"581514","221282","2025-12-20","36.00","NZD","1762779803","23477/2025-12-20/1762779803.json"
"512557","146154","2025-12-20","45.00","NZD","1762779803","23477/2025-12-20/1762779803.json"
"512557","146154","2025-12-19","45.00","NZD","1762779803","23477/2025-12-19/1762779803.json"
"365170","146153","2025-12-20","48.00","NZD","1762779803","23477/2025-12-20/1762779803.json"
"510807","146155","2025-12-20","52.00","NZD","1762779803","23477/2025-12-20/1762779803.json"
"365170","146153","2025-12-19","48.00","NZD","1762779803","23477/2025-12-19/1762779803.json"
"510807","146155","2025-12-19","52.00","NZD","1762779803","23477/2025-12-19/1762779803.json"
"581513","221281","2025-12-21","36.00","NZD","1762779803","23477/2025-12-21/1762779803.json"
"581514","221282","2025-12-21","36.00","NZD","1762779803","23477/2025-12-21/1762779803.json"
"512557","146154","2025-12-21","45.00","NZD","1762779803","23477/2025-12-21/1762779803.json"
"365170","146153","2025-12-21","48.00","NZD","1762779803","23477/2025-12-21/1762779803.json"
"510807","146155","2025-12-21","52.00","NZD","1762779803","23477/2025-12-21/1762779803.json"
"581513","221281","2025-12-22","36.00","NZD","1762779803","23477/2025-12-22/1762779803.json"
"581514","221282","2025-12-22","36.00","NZD","1762779803","23477/2025-12-22/1762779803.json"
"512557","146154","2025-12-22","45.00","NZD","1762779803","23477/2025-12-22/1762779803.json"
"365170","146153","2025-12-22","48.00","NZD","1762779803","23477/2025-12-22/1762779803.json"
"510807","146155","2025-12-22","52.00","NZD","1762779803","23477/2025-12-22/1762779803.json"
"581513","221281","2025-12-23","38.00","NZD","1762779803","23477/2025-12-23/1762779803.json"
"581514","221282","2025-12-23","38.00","NZD","1762779803","23477/2025-12-23/1762779803.json"
"512557","146154","2025-12-23","45.00","NZD","1762779803","23477/2025-12-23/1762779803.json"
"365170","146153","2025-12-23","48.00","NZD","1762779803","23477/2025-12-23/1762779803.json"
"510807","146155","2025-12-23","52.00","NZD","1762779803","23477/2025-12-23/1762779803.json"
"581513","221281","2025-12-24","38.00","NZD","1762779803","23477/2025-12-24/1762779803.json"
"581514","221282","2025-12-24","38.00","NZD","1762779803","23477/2025-12-24/1762779803.json"
"512557","146154","2025-12-24","45.00","NZD","1762779803","23477/2025-12-24/1762779803.json"
"365170","146153","2025-12-24","48.00","NZD","1762779803","23477/2025-12-24/1762779803.json"
"510807","146155","2025-12-24","52.00","NZD","1762779803","23477/2025-12-24/1762779803.json"
"581513","221281","2025-12-25","38.00","NZD","1762779803","23477/2025-12-25/1762779803.json"
"581514","221282","2025-12-25","38.00","NZD","1762779803","23477/2025-12-25/1762779803.json"
"512557","146154","2025-12-25","45.00","NZD","1762779803","23477/2025-12-25/1762779803.json"
"365170","146153","2025-12-25","48.00","NZD","1762779803","23477/2025-12-25/1762779803.json"
"510807","146155","2025-12-25","52.00","NZD","1762779803","23477/2025-12-25/1762779803.json"
"581513","221281","2025-12-26","42.00","NZD","1762779803","23477/2025-12-26/1762779803.json"
"581514","221282","2025-12-26","42.00","NZD","1762779803","23477/2025-12-26/1762779803.json"
"512557","146154","2025-12-26","45.00","NZD","1762779803","23477/2025-12-26/1762779803.json"
"365170","146153","2025-12-26","48.00","NZD","1762779803","23477/2025-12-26/1762779803.json"
"510807","146155","2025-12-26","52.00","NZD","1762779803","23477/2025-12-26/1762779803.json"
"581513","221281","2025-12-27","42.00","NZD","1762779803","23477/2025-12-27/1762779803.json"
"581514","221282","2025-12-27","42.00","NZD","1762779803","23477/2025-12-27/1762779803.json"
"512557","146154","2025-12-27","45.00","NZD","1762779803","23477/2025-12-27/1762779803.json"
"365170","146153","2025-12-27","48.00","NZD","1762779803","23477/2025-12-27/1762779803.json"
"510807","146155","2025-12-27","52.00","NZD","1762779803","23477/2025-12-27/1762779803.json"
"581513","221281","2025-12-28","42.00","NZD","1762779803","23477/2025-12-28/1762779803.json"
"581514","221282","2025-12-28","42.00","NZD","1762779803","23477/2025-12-28/1762779803.json"
"512557","146154","2025-12-28","45.00","NZD","1762779803","23477/2025-12-28/1762779803.json"
"365170","146153","2025-12-28","48.00","NZD","1762779803","23477/2025-12-28/1762779803.json"
"510807","146155","2025-12-28","52.00","NZD","1762779803","23477/2025-12-28/1762779803.json"
"581513","221281","2025-12-29","42.00","NZD","1762779803","23477/2025-12-29/1762779803.json"
"581514","221282","2025-12-29","42.00","NZD","1762779803","23477/2025-12-29/1762779803.json"
"512557","146154","2025-12-29","45.00","NZD","1762779803","23477/2025-12-29/1762779803.json"
"365170","146153","2025-12-29","48.00","NZD","1762779803","23477/2025-12-29/1762779803.json"
"510807","146155","2025-12-29","52.00","NZD","1762779803","23477/2025-12-29/1762779803.json"
"581513","221281","2025-12-30","42.00","NZD","1762779803","23477/2025-12-30/1762779803.json"
"581514","221282","2025-12-30","42.00","NZD","1762779803","23477/2025-12-30/1762779803.json"
"512557","146154","2025-12-30","45.00","NZD","1762779803","23477/2025-12-30/1762779803.json"
"365170","146153","2025-12-30","48.00","NZD","1762779803","23477/2025-12-30/1762779803.json"
"510807","146155","2025-12-30","52.00","NZD","1762779803","23477/2025-12-30/1762779803.json"
"581513","221281","2025-12-31","42.00","NZD","1762779803","23477/2025-12-31/1762779803.json"
"581514","221282","2025-12-31","42.00","NZD","1762779803","23477/2025-12-31/1762779803.json"
"512557","146154","2025-12-31","45.00","NZD","1762779803","23477/2025-12-31/1762779803.json"
"365170","146153","2025-12-31","48.00","NZD","1762779803","23477/2025-12-31/1762779803.json"
"510807","146155","2025-12-31","52.00","NZD","1762779803","23477/2025-12-31/1762779803.json"
"581513","221281","2026-01-01","42.00","NZD","1762779803","23477/2026-01-01/1762779803.json"
"581514","221282","2026-01-01","42.00","NZD","1762779803","23477/2026-01-01/1762779803.json"
"512557","146154","2026-01-01","45.00","NZD","1762779803","23477/2026-01-01/1762779803.json"
"365170","146153","2026-01-01","48.00","NZD","1762779803","23477/2026-01-01/1762779803.json"
"510807","146155","2026-01-01","52.00","NZD","1762779803","23477/2026-01-01/1762779803.json"
"581513","221281","2026-01-03","42.00","NZD","1762779803","23477/2026-01-03/1762779803.json"
"581514","221282","2026-01-03","42.00","NZD","1762779803","23477/2026-01-03/1762779803.json"
"512557","146154","2026-01-03","45.00","NZD","1762779803","23477/2026-01-03/1762779803.json"
"365170","146153","2026-01-03","48.00","NZD","1762779803","23477/2026-01-03/1762779803.json"
"510807","146155","2026-01-03","52.00","NZD","1762779803","23477/2026-01-03/1762779803.json"
"581513","221281","2026-01-04","42.00","NZD","1762779803","23477/2026-01-04/1762779803.json"
"581514","221282","2026-01-04","42.00","NZD","1762779803","23477/2026-01-04/1762779803.json"
"512557","146154","2026-01-04","45.00","NZD","1762779803","23477/2026-01-04/1762779803.json"
"365170","146153","2026-01-04","48.00","NZD","1762779803","23477/2026-01-04/1762779803.json"
"510807","146155","2026-01-04","52.00","NZD","1762779803","23477/2026-01-04/1762779803.json"
"581513","221281","2026-01-05","36.00","NZD","1762779803","23477/2026-01-05/1762779803.json"
"581514","221282","2026-01-05","36.00","NZD","1762779803","23477/2026-01-05/1762779803.json"
"512557","146154","2026-01-05","45.00","NZD","1762779803","23477/2026-01-05/1762779803.json"
"365170","146153","2026-01-05","48.00","NZD","1762779803","23477/2026-01-05/1762779803.json"
"510807","146155","2026-01-05","52.00","NZD","1762779803","23477/2026-01-05/1762779803.json"
"581513","221281","2026-01-02","42.00","NZD","1762779803","23477/2026-01-02/1762779803.json"
"581514","221282","2026-01-02","42.00","NZD","1762779803","23477/2026-01-02/1762779803.json"
"512557","146154","2026-01-02","45.00","NZD","1762779803","23477/2026-01-02/1762779803.json"
"365170","146153","2026-01-02","48.00","NZD","1762779803","23477/2026-01-02/1762779803.json"
"510807","146155","2026-01-02","52.00","NZD","1762779803","23477/2026-01-02/1762779803.json"
"581513","221281","2026-01-07","36.00","NZD","1762779803","23477/2026-01-07/1762779803.json"
"581514","221282","2026-01-07","36.00","NZD","1762779803","23477/2026-01-07/1762779803.json"
"512557","146154","2026-01-07","45.00","NZD","1762779803","23477/2026-01-07/1762779803.json"
"365170","146153","2026-01-07","48.00","NZD","1762779803","23477/2026-01-07/1762779803.json"
"510807","146155","2026-01-07","52.00","NZD","1762779803","23477/2026-01-07/1762779803.json"
"581513","221281","2026-01-06","36.00","NZD","1762779803","23477/2026-01-06/1762779803.json"
"581514","221282","2026-01-06","36.00","NZD","1762779803","23477/2026-01-06/1762779803.json"
"512557","146154","2026-01-06","45.00","NZD","1762779803","23477/2026-01-06/1762779803.json"
"365170","146153","2026-01-06","48.00","NZD","1762779803","23477/2026-01-06/1762779803.json"
"510807","146155","2026-01-06","52.00","NZD","1762779803","23477/2026-01-06/1762779803.json"
"581513","221281","2026-01-08","36.00","NZD","1762779803","23477/2026-01-08/1762779803.json"
"581514","221282","2026-01-08","36.00","NZD","1762779803","23477/2026-01-08/1762779803.json"
"512557","146154","2026-01-08","45.00","NZD","1762779803","23477/2026-01-08/1762779803.json"
"365170","146153","2026-01-08","48.00","NZD","1762779803","23477/2026-01-08/1762779803.json"
"510807","146155","2026-01-08","52.00","NZD","1762779803","23477/2026-01-08/1762779803.json"
"581513","221281","2026-01-09","36.00","NZD","1762779803","23477/2026-01-09/1762779803.json"
"581514","221282","2026-01-09","36.00","NZD","1762779803","23477/2026-01-09/1762779803.json"
"512557","146154","2026-01-09","45.00","NZD","1762779803","23477/2026-01-09/1762779803.json"
"365170","146153","2026-01-09","48.00","NZD","1762779803","23477/2026-01-09/1762779803.json"
"510807","146155","2026-01-09","52.00","NZD","1762779803","23477/2026-01-09/1762779803.json"
"581513","221281","2025-11-12","36.00","NZD","1762793227","23477/2025-11-12/1762793227.json"
"581514","221282","2025-11-12","36.00","NZD","1762793227","23477/2025-11-12/1762793227.json"
"512557","146154","2025-11-12","45.00","NZD","1762793227","23477/2025-11-12/1762793227.json"
"365170","146153","2025-11-12","48.00","NZD","1762793227","23477/2025-11-12/1762793227.json"
"510807","146155","2025-11-12","52.00","NZD","1762793227","23477/2025-11-12/1762793227.json"
"581513","221281","2025-11-13","36.00","NZD","1762793227","23477/2025-11-13/1762793227.json"
"581514","221282","2025-11-13","36.00","NZD","1762793227","23477/2025-11-13/1762793227.json"
"512557","146154","2025-11-13","45.00","NZD","1762793227","23477/2025-11-13/1762793227.json"
"365170","146153","2025-11-13","48.00","NZD","1762793227","23477/2025-11-13/1762793227.json"
"510807","146155","2025-11-13","52.00","NZD","1762793227","23477/2025-11-13/1762793227.json"
"581513","221281","2025-11-11","36.00","NZD","1762793227","23477/2025-11-11/1762793227.json"
"581514","221282","2025-11-11","36.00","NZD","1762793227","23477/2025-11-11/1762793227.json"
"512557","146154","2025-11-11","45.00","NZD","1762793227","23477/2025-11-11/1762793227.json"
"365170","146153","2025-11-11","48.00","NZD","1762793227","23477/2025-11-11/1762793227.json"
"510807","146155","2025-11-11","52.00","NZD","1762793227","23477/2025-11-11/1762793227.json"
"581513","221281","2025-11-14","36.00","NZD","1762793227","23477/2025-11-14/1762793227.json"
"581514","221282","2025-11-14","36.00","NZD","1762793227","23477/2025-11-14/1762793227.json"
"512557","146154","2025-11-14","45.00","NZD","1762793227","23477/2025-11-14/1762793227.json"
"365170","146153","2025-11-14","48.00","NZD","1762793227","23477/2025-11-14/1762793227.json"
"510807","146155","2025-11-14","52.00","NZD","1762793227","23477/2025-11-14/1762793227.json"
"581513","221281","2025-11-17","36.00","NZD","1762793227","23477/2025-11-17/1762793227.json"
"581514","221282","2025-11-17","36.00","NZD","1762793227","23477/2025-11-17/1762793227.json"
"512557","146154","2025-11-17","45.00","NZD","1762793227","23477/2025-11-17/1762793227.json"
"365170","146153","2025-11-17","48.00","NZD","1762793227","23477/2025-11-17/1762793227.json"
"510807","146155","2025-11-17","52.00","NZD","1762793227","23477/2025-11-17/1762793227.json"
"581513","221281","2025-11-15","36.00","NZD","1762793227","23477/2025-11-15/1762793227.json"
"581514","221282","2025-11-15","36.00","NZD","1762793227","23477/2025-11-15/1762793227.json"
"512557","146154","2025-11-15","45.00","NZD","1762793227","23477/2025-11-15/1762793227.json"
"365170","146153","2025-11-15","48.00","NZD","1762793227","23477/2025-11-15/1762793227.json"
"510807","146155","2025-11-15","52.00","NZD","1762793227","23477/2025-11-15/1762793227.json"
"581513","221281","2025-11-16","36.00","NZD","1762793227","23477/2025-11-16/1762793227.json"
"581514","221282","2025-11-16","36.00","NZD","1762793227","23477/2025-11-16/1762793227.json"
"512557","146154","2025-11-16","45.00","NZD","1762793227","23477/2025-11-16/1762793227.json"
"365170","146153","2025-11-16","48.00","NZD","1762793227","23477/2025-11-16/1762793227.json"
"510807","146155","2025-11-16","52.00","NZD","1762793227","23477/2025-11-16/1762793227.json"
"581513","221281","2025-11-18","36.00","NZD","1762793227","23477/2025-11-18/1762793227.json"
"581514","221282","2025-11-18","36.00","NZD","1762793227","23477/2025-11-18/1762793227.json"
"512557","146154","2025-11-18","45.00","NZD","1762793227","23477/2025-11-18/1762793227.json"
"365170","146153","2025-11-18","48.00","NZD","1762793227","23477/2025-11-18/1762793227.json"
"510807","146155","2025-11-18","52.00","NZD","1762793227","23477/2025-11-18/1762793227.json"
"581513","221281","2025-11-19","36.00","NZD","1762793227","23477/2025-11-19/1762793227.json"
"581514","221282","2025-11-19","36.00","NZD","1762793227","23477/2025-11-19/1762793227.json"
"512557","146154","2025-11-19","45.00","NZD","1762793227","23477/2025-11-19/1762793227.json"
"365170","146153","2025-11-19","48.00","NZD","1762793227","23477/2025-11-19/1762793227.json"
"510807","146155","2025-11-19","52.00","NZD","1762793227","23477/2025-11-19/1762793227.json"
"581513","221281","2025-11-21","36.00","NZD","1762793227","23477/2025-11-21/1762793227.json"
"581514","221282","2025-11-21","36.00","NZD","1762793227","23477/2025-11-21/1762793227.json"
"512557","146154","2025-11-21","45.00","NZD","1762793227","23477/2025-11-21/1762793227.json"
"365170","146153","2025-11-21","48.00","NZD","1762793227","23477/2025-11-21/1762793227.json"
"510807","146155","2025-11-21","52.00","NZD","1762793227","23477/2025-11-21/1762793227.json"
"581513","221281","2025-11-20","36.00","NZD","1762793227","23477/2025-11-20/1762793227.json"
"581514","221282","2025-11-20","36.00","NZD","1762793227","23477/2025-11-20/1762793227.json"
"512557","146154","2025-11-20","45.00","NZD","1762793227","23477/2025-11-20/1762793227.json"
"581513","221281","2025-11-22","36.00","NZD","1762793227","23477/2025-11-22/1762793227.json"
"581514","221282","2025-11-22","36.00","NZD","1762793227","23477/2025-11-22/1762793227.json"
"512557","146154","2025-11-22","45.00","NZD","1762793227","23477/2025-11-22/1762793227.json"
"365170","146153","2025-11-22","48.00","NZD","1762793227","23477/2025-11-22/1762793227.json"
"510807","146155","2025-11-22","52.00","NZD","1762793227","23477/2025-11-22/1762793227.json"
"581513","221281","2025-11-23","36.00","NZD","1762793227","23477/2025-11-23/1762793227.json"
"581514","221282","2025-11-23","36.00","NZD","1762793227","23477/2025-11-23/1762793227.json"
"512557","146154","2025-11-23","45.00","NZD","1762793227","23477/2025-11-23/1762793227.json"
"365170","146153","2025-11-23","48.00","NZD","1762793227","23477/2025-11-23/1762793227.json"
"510807","146155","2025-11-23","52.00","NZD","1762793227","23477/2025-11-23/1762793227.json"
"581513","221281","2025-11-24","36.00","NZD","1762793227","23477/2025-11-24/1762793227.json"
"581514","221282","2025-11-24","36.00","NZD","1762793227","23477/2025-11-24/1762793227.json"
"512557","146154","2025-11-24","45.00","NZD","1762793227","23477/2025-11-24/1762793227.json"
"365170","146153","2025-11-24","48.00","NZD","1762793227","23477/2025-11-24/1762793227.json"
"510807","146155","2025-11-24","52.00","NZD","1762793227","23477/2025-11-24/1762793227.json"
"581513","221281","2025-11-25","36.00","NZD","1762793227","23477/2025-11-25/1762793227.json"
"581514","221282","2025-11-25","36.00","NZD","1762793227","23477/2025-11-25/1762793227.json"
"512557","146154","2025-11-25","45.00","NZD","1762793227","23477/2025-11-25/1762793227.json"
"365170","146153","2025-11-25","48.00","NZD","1762793227","23477/2025-11-25/1762793227.json"
"510807","146155","2025-11-25","52.00","NZD","1762793227","23477/2025-11-25/1762793227.json"
"581513","221281","2025-11-26","36.00","NZD","1762793227","23477/2025-11-26/1762793227.json"
"581514","221282","2025-11-26","36.00","NZD","1762793227","23477/2025-11-26/1762793227.json"
"512557","146154","2025-11-26","45.00","NZD","1762793227","23477/2025-11-26/1762793227.json"
"365170","146153","2025-11-26","48.00","NZD","1762793227","23477/2025-11-26/1762793227.json"
"510807","146155","2025-11-26","52.00","NZD","1762793227","23477/2025-11-26/1762793227.json"
"581513","221281","2025-11-27","36.00","NZD","1762793227","23477/2025-11-27/1762793227.json"
"581514","221282","2025-11-27","36.00","NZD","1762793227","23477/2025-11-27/1762793227.json"
"512557","146154","2025-11-27","45.00","NZD","1762793227","23477/2025-11-27/1762793227.json"
"365170","146153","2025-11-27","48.00","NZD","1762793227","23477/2025-11-27/1762793227.json"
"510807","146155","2025-11-27","52.00","NZD","1762793227","23477/2025-11-27/1762793227.json"
"581513","221281","2025-11-29","36.00","NZD","1762793227","23477/2025-11-29/1762793227.json"
"581514","221282","2025-11-29","36.00","NZD","1762793227","23477/2025-11-29/1762793227.json"
"512557","146154","2025-11-29","45.00","NZD","1762793227","23477/2025-11-29/1762793227.json"
"365170","146153","2025-11-29","48.00","NZD","1762793227","23477/2025-11-29/1762793227.json"
"510807","146155","2025-11-29","52.00","NZD","1762793227","23477/2025-11-29/1762793227.json"
"581513","221281","2025-11-30","36.00","NZD","1762793227","23477/2025-11-30/1762793227.json"
"581514","221282","2025-11-30","36.00","NZD","1762793227","23477/2025-11-30/1762793227.json"
"512557","146154","2025-11-30","45.00","NZD","1762793227","23477/2025-11-30/1762793227.json"
"365170","146153","2025-11-30","48.00","NZD","1762793227","23477/2025-11-30/1762793227.json"
"510807","146155","2025-11-30","52.00","NZD","1762793227","23477/2025-11-30/1762793227.json"
"581513","221281","2025-11-28","36.00","NZD","1762793227","23477/2025-11-28/1762793227.json"
"581514","221282","2025-11-28","36.00","NZD","1762793227","23477/2025-11-28/1762793227.json"
"512557","146154","2025-11-28","45.00","NZD","1762793227","23477/2025-11-28/1762793227.json"
"365170","146153","2025-11-28","48.00","NZD","1762793227","23477/2025-11-28/1762793227.json"
"510807","146155","2025-11-28","52.00","NZD","1762793227","23477/2025-11-28/1762793227.json"
"581513","221281","2025-12-04","36.00","NZD","1762793227","23477/2025-12-04/1762793227.json"
"581514","221282","2025-12-04","36.00","NZD","1762793227","23477/2025-12-04/1762793227.json"
"512557","146154","2025-12-04","45.00","NZD","1762793227","23477/2025-12-04/1762793227.json"
"365170","146153","2025-12-04","48.00","NZD","1762793227","23477/2025-12-04/1762793227.json"
"510807","146155","2025-12-04","52.00","NZD","1762793227","23477/2025-12-04/1762793227.json"
"581513","221281","2025-12-02","36.00","NZD","1762793227","23477/2025-12-02/1762793227.json"
"581514","221282","2025-12-02","36.00","NZD","1762793227","23477/2025-12-02/1762793227.json"
"512557","146154","2025-12-02","45.00","NZD","1762793227","23477/2025-12-02/1762793227.json"
"365170","146153","2025-12-02","48.00","NZD","1762793227","23477/2025-12-02/1762793227.json"
"510807","146155","2025-12-02","52.00","NZD","1762793227","23477/2025-12-02/1762793227.json"
"581513","221281","2025-12-03","36.00","NZD","1762793227","23477/2025-12-03/1762793227.json"
"581514","221282","2025-12-03","36.00","NZD","1762793227","23477/2025-12-03/1762793227.json"
"512557","146154","2025-12-03","45.00","NZD","1762793227","23477/2025-12-03/1762793227.json"
"365170","146153","2025-12-03","48.00","NZD","1762793227","23477/2025-12-03/1762793227.json"
"510807","146155","2025-12-03","52.00","NZD","1762793227","23477/2025-12-03/1762793227.json"
"581513","221281","2025-12-01","36.00","NZD","1762793227","23477/2025-12-01/1762793227.json"
"581514","221282","2025-12-01","36.00","NZD","1762793227","23477/2025-12-01/1762793227.json"
"512557","146154","2025-12-01","45.00","NZD","1762793227","23477/2025-12-01/1762793227.json"
"365170","146153","2025-12-01","48.00","NZD","1762793227","23477/2025-12-01/1762793227.json"
"510807","146155","2025-12-01","52.00","NZD","1762793227","23477/2025-12-01/1762793227.json"
"581513","221281","2025-12-05","36.00","NZD","1762793227","23477/2025-12-05/1762793227.json"
"581514","221282","2025-12-05","36.00","NZD","1762793227","23477/2025-12-05/1762793227.json"
"512557","146154","2025-12-05","45.00","NZD","1762793227","23477/2025-12-05/1762793227.json"
"365170","146153","2025-12-05","48.00","NZD","1762793227","23477/2025-12-05/1762793227.json"
"510807","146155","2025-12-05","52.00","NZD","1762793227","23477/2025-12-05/1762793227.json"
"581513","221281","2025-12-07","36.00","NZD","1762793227","23477/2025-12-07/1762793227.json"
"581514","221282","2025-12-07","36.00","NZD","1762793227","23477/2025-12-07/1762793227.json"
"512557","146154","2025-12-07","45.00","NZD","1762793227","23477/2025-12-07/1762793227.json"
"365170","146153","2025-12-07","48.00","NZD","1762793227","23477/2025-12-07/1762793227.json"
"510807","146155","2025-12-07","52.00","NZD","1762793227","23477/2025-12-07/1762793227.json"
"581513","221281","2025-12-06","36.00","NZD","1762793227","23477/2025-12-06/1762793227.json"
"581514","221282","2025-12-06","36.00","NZD","1762793227","23477/2025-12-06/1762793227.json"
"512557","146154","2025-12-06","45.00","NZD","1762793227","23477/2025-12-06/1762793227.json"
"365170","146153","2025-12-06","48.00","NZD","1762793227","23477/2025-12-06/1762793227.json"
"510807","146155","2025-12-06","52.00","NZD","1762793227","23477/2025-12-06/1762793227.json"
"581513","221281","2025-12-08","36.00","NZD","1762793227","23477/2025-12-08/1762793227.json"
"581514","221282","2025-12-08","36.00","NZD","1762793227","23477/2025-12-08/1762793227.json"
"512557","146154","2025-12-08","45.00","NZD","1762793227","23477/2025-12-08/1762793227.json"
"365170","146153","2025-12-08","48.00","NZD","1762793227","23477/2025-12-08/1762793227.json"
"510807","146155","2025-12-08","52.00","NZD","1762793227","23477/2025-12-08/1762793227.json"
"581513","221281","2025-12-11","36.00","NZD","1762793227","23477/2025-12-11/1762793227.json"
"581514","221282","2025-12-11","36.00","NZD","1762793227","23477/2025-12-11/1762793227.json"
"512557","146154","2025-12-11","45.00","NZD","1762793227","23477/2025-12-11/1762793227.json"
"365170","146153","2025-12-11","48.00","NZD","1762793227","23477/2025-12-11/1762793227.json"
"510807","146155","2025-12-11","52.00","NZD","1762793227","23477/2025-12-11/1762793227.json"
"581513","221281","2025-12-09","36.00","NZD","1762793227","23477/2025-12-09/1762793227.json"
"581514","221282","2025-12-09","36.00","NZD","1762793227","23477/2025-12-09/1762793227.json"
"512557","146154","2025-12-09","45.00","NZD","1762793227","23477/2025-12-09/1762793227.json"
"365170","146153","2025-12-09","48.00","NZD","1762793227","23477/2025-12-09/1762793227.json"
"510807","146155","2025-12-09","52.00","NZD","1762793227","23477/2025-12-09/1762793227.json"
"581513","221281","2025-12-10","36.00","NZD","1762793227","23477/2025-12-10/1762793227.json"
"581514","221282","2025-12-10","36.00","NZD","1762793227","23477/2025-12-10/1762793227.json"
"512557","146154","2025-12-10","45.00","NZD","1762793227","23477/2025-12-10/1762793227.json"
"365170","146153","2025-12-10","48.00","NZD","1762793227","23477/2025-12-10/1762793227.json"
"510807","146155","2025-12-10","52.00","NZD","1762793227","23477/2025-12-10/1762793227.json"
"581513","221281","2025-12-12","36.00","NZD","1762793227","23477/2025-12-12/1762793227.json"
"581514","221282","2025-12-12","36.00","NZD","1762793227","23477/2025-12-12/1762793227.json"
"512557","146154","2025-12-12","45.00","NZD","1762793227","23477/2025-12-12/1762793227.json"
"365170","146153","2025-12-12","48.00","NZD","1762793227","23477/2025-12-12/1762793227.json"
"510807","146155","2025-12-12","52.00","NZD","1762793227","23477/2025-12-12/1762793227.json"
"581513","221281","2025-12-14","36.00","NZD","1762793227","23477/2025-12-14/1762793227.json"
"581514","221282","2025-12-14","36.00","NZD","1762793227","23477/2025-12-14/1762793227.json"
"512557","146154","2025-12-14","45.00","NZD","1762793227","23477/2025-12-14/1762793227.json"
"365170","146153","2025-12-14","48.00","NZD","1762793227","23477/2025-12-14/1762793227.json"
"510807","146155","2025-12-14","52.00","NZD","1762793227","23477/2025-12-14/1762793227.json"
"581513","221281","2025-12-13","36.00","NZD","1762793227","23477/2025-12-13/1762793227.json"
"581514","221282","2025-12-13","36.00","NZD","1762793227","23477/2025-12-13/1762793227.json"
"512557","146154","2025-12-13","45.00","NZD","1762793227","23477/2025-12-13/1762793227.json"
"365170","146153","2025-12-13","48.00","NZD","1762793227","23477/2025-12-13/1762793227.json"
"510807","146155","2025-12-13","52.00","NZD","1762793227","23477/2025-12-13/1762793227.json"
"581513","221281","2025-12-16","36.00","NZD","1762793227","23477/2025-12-16/1762793227.json"
"581514","221282","2025-12-16","36.00","NZD","1762793227","23477/2025-12-16/1762793227.json"
"512557","146154","2025-12-16","45.00","NZD","1762793227","23477/2025-12-16/1762793227.json"
"365170","146153","2025-12-16","48.00","NZD","1762793227","23477/2025-12-16/1762793227.json"
"510807","146155","2025-12-16","52.00","NZD","1762793227","23477/2025-12-16/1762793227.json"
"581513","221281","2025-12-15","36.00","NZD","1762793227","23477/2025-12-15/1762793227.json"
"581514","221282","2025-12-15","36.00","NZD","1762793227","23477/2025-12-15/1762793227.json"
"512557","146154","2025-12-15","45.00","NZD","1762793227","23477/2025-12-15/1762793227.json"
"365170","146153","2025-12-15","48.00","NZD","1762793227","23477/2025-12-15/1762793227.json"
"510807","146155","2025-12-15","52.00","NZD","1762793227","23477/2025-12-15/1762793227.json"
"581513","221281","2025-12-17","36.00","NZD","1762793227","23477/2025-12-17/1762793227.json"
"581514","221282","2025-12-17","36.00","NZD","1762793227","23477/2025-12-17/1762793227.json"
"512557","146154","2025-12-17","45.00","NZD","1762793227","23477/2025-12-17/1762793227.json"
"365170","146153","2025-12-17","48.00","NZD","1762793227","23477/2025-12-17/1762793227.json"
"510807","146155","2025-12-17","52.00","NZD","1762793227","23477/2025-12-17/1762793227.json"
"581513","221281","2025-12-18","36.00","NZD","1762793227","23477/2025-12-18/1762793227.json"
"581514","221282","2025-12-18","36.00","NZD","1762793227","23477/2025-12-18/1762793227.json"
"512557","146154","2025-12-18","45.00","NZD","1762793227","23477/2025-12-18/1762793227.json"
"365170","146153","2025-12-18","48.00","NZD","1762793227","23477/2025-12-18/1762793227.json"
"510807","146155","2025-12-18","52.00","NZD","1762793227","23477/2025-12-18/1762793227.json"
"581513","221281","2025-12-20","36.00","NZD","1762793227","23477/2025-12-20/1762793227.json"
"581514","221282","2025-12-20","36.00","NZD","1762793227","23477/2025-12-20/1762793227.json"
"512557","146154","2025-12-20","45.00","NZD","1762793227","23477/2025-12-20/1762793227.json"
"365170","146153","2025-12-20","48.00","NZD","1762793227","23477/2025-12-20/1762793227.json"
"510807","146155","2025-12-20","52.00","NZD","1762793227","23477/2025-12-20/1762793227.json"
"581513","221281","2025-12-19","36.00","NZD","1762793227","23477/2025-12-19/1762793227.json"
"581514","221282","2025-12-19","36.00","NZD","1762793227","23477/2025-12-19/1762793227.json"
"512557","146154","2025-12-19","45.00","NZD","1762793227","23477/2025-12-19/1762793227.json"
"365170","146153","2025-12-19","48.00","NZD","1762793227","23477/2025-12-19/1762793227.json"
"510807","146155","2025-12-19","52.00","NZD","1762793227","23477/2025-12-19/1762793227.json"
"581513","221281","2025-12-21","36.00","NZD","1762793227","23477/2025-12-21/1762793227.json"
"581514","221282","2025-12-21","36.00","NZD","1762793227","23477/2025-12-21/1762793227.json"
"512557","146154","2025-12-21","45.00","NZD","1762793227","23477/2025-12-21/1762793227.json"
"365170","146153","2025-12-21","48.00","NZD","1762793227","23477/2025-12-21/1762793227.json"
"510807","146155","2025-12-21","52.00","NZD","1762793227","23477/2025-12-21/1762793227.json"
"581513","221281","2025-12-22","36.00","NZD","1762793227","23477/2025-12-22/1762793227.json"
"581514","221282","2025-12-22","36.00","NZD","1762793227","23477/2025-12-22/1762793227.json"
"512557","146154","2025-12-22","45.00","NZD","1762793227","23477/2025-12-22/1762793227.json"
"365170","146153","2025-12-22","48.00","NZD","1762793227","23477/2025-12-22/1762793227.json"
"510807","146155","2025-12-22","52.00","NZD","1762793227","23477/2025-12-22/1762793227.json"
"581513","221281","2025-12-23","38.00","NZD","1762793227","23477/2025-12-23/1762793227.json"
"581514","221282","2025-12-23","38.00","NZD","1762793227","23477/2025-12-23/1762793227.json"
"512557","146154","2025-12-23","45.00","NZD","1762793227","23477/2025-12-23/1762793227.json"
"365170","146153","2025-12-23","48.00","NZD","1762793227","23477/2025-12-23/1762793227.json"
"510807","146155","2025-12-23","52.00","NZD","1762793227","23477/2025-12-23/1762793227.json"
"581513","221281","2025-12-24","38.00","NZD","1762793227","23477/2025-12-24/1762793227.json"
"581514","221282","2025-12-24","38.00","NZD","1762793227","23477/2025-12-24/1762793227.json"
"512557","146154","2025-12-24","45.00","NZD","1762793227","23477/2025-12-24/1762793227.json"
"365170","146153","2025-12-24","48.00","NZD","1762793227","23477/2025-12-24/1762793227.json"
"510807","146155","2025-12-24","52.00","NZD","1762793227","23477/2025-12-24/1762793227.json"
"581513","221281","2025-12-25","38.00","NZD","1762793227","23477/2025-12-25/1762793227.json"
"581514","221282","2025-12-25","38.00","NZD","1762793227","23477/2025-12-25/1762793227.json"
"512557","146154","2025-12-25","45.00","NZD","1762793227","23477/2025-12-25/1762793227.json"
"365170","146153","2025-12-25","48.00","NZD","1762793227","23477/2025-12-25/1762793227.json"
"510807","146155","2025-12-25","52.00","NZD","1762793227","23477/2025-12-25/1762793227.json"
"581513","221281","2025-12-26","42.00","NZD","1762793227","23477/2025-12-26/1762793227.json"
"581514","221282","2025-12-26","42.00","NZD","1762793227","23477/2025-12-26/1762793227.json"
"512557","146154","2025-12-26","45.00","NZD","1762793227","23477/2025-12-26/1762793227.json"
"365170","146153","2025-12-26","48.00","NZD","1762793227","23477/2025-12-26/1762793227.json"
"510807","146155","2025-12-26","52.00","NZD","1762793227","23477/2025-12-26/1762793227.json"
"581513","221281","2025-12-27","42.00","NZD","1762793227","23477/2025-12-27/1762793227.json"
"581514","221282","2025-12-27","42.00","NZD","1762793227","23477/2025-12-27/1762793227.json"
"512557","146154","2025-12-27","45.00","NZD","1762793227","23477/2025-12-27/1762793227.json"
"365170","146153","2025-12-27","48.00","NZD","1762793227","23477/2025-12-27/1762793227.json"
"510807","146155","2025-12-27","52.00","NZD","1762793227","23477/2025-12-27/1762793227.json"
"581513","221281","2025-12-28","42.00","NZD","1762793227","23477/2025-12-28/1762793227.json"
"581514","221282","2025-12-28","42.00","NZD","1762793227","23477/2025-12-28/1762793227.json"
"512557","146154","2025-12-28","45.00","NZD","1762793227","23477/2025-12-28/1762793227.json"
"365170","146153","2025-12-28","48.00","NZD","1762793227","23477/2025-12-28/1762793227.json"
"510807","146155","2025-12-28","52.00","NZD","1762793227","23477/2025-12-28/1762793227.json"
"581513","221281","2025-12-29","42.00","NZD","1762793227","23477/2025-12-29/1762793227.json"
"581514","221282","2025-12-29","42.00","NZD","1762793227","23477/2025-12-29/1762793227.json"
"512557","146154","2025-12-29","45.00","NZD","1762793227","23477/2025-12-29/1762793227.json"
"365170","146153","2025-12-29","48.00","NZD","1762793227","23477/2025-12-29/1762793227.json"
"510807","146155","2025-12-29","52.00","NZD","1762793227","23477/2025-12-29/1762793227.json"
"581513","221281","2025-12-30","42.00","NZD","1762793227","23477/2025-12-30/1762793227.json"
"581514","221282","2025-12-30","42.00","NZD","1762793227","23477/2025-12-30/1762793227.json"
"512557","146154","2025-12-30","45.00","NZD","1762793227","23477/2025-12-30/1762793227.json"
"365170","146153","2025-12-30","48.00","NZD","1762793227","23477/2025-12-30/1762793227.json"
"510807","146155","2025-12-30","52.00","NZD","1762793227","23477/2025-12-30/1762793227.json"
"581513","221281","2025-12-31","42.00","NZD","1762793227","23477/2025-12-31/1762793227.json"
"581514","221282","2025-12-31","42.00","NZD","1762793227","23477/2025-12-31/1762793227.json"
"512557","146154","2025-12-31","45.00","NZD","1762793227","23477/2025-12-31/1762793227.json"
"365170","146153","2025-12-31","48.00","NZD","1762793227","23477/2025-12-31/1762793227.json"
"510807","146155","2025-12-31","52.00","NZD","1762793227","23477/2025-12-31/1762793227.json"
"581513","221281","2026-01-01","42.00","NZD","1762793227","23477/2026-01-01/1762793227.json"
"581514","221282","2026-01-01","42.00","NZD","1762793227","23477/2026-01-01/1762793227.json"
"512557","146154","2026-01-01","45.00","NZD","1762793227","23477/2026-01-01/1762793227.json"
"365170","146153","2026-01-01","48.00","NZD","1762793227","23477/2026-01-01/1762793227.json"
"510807","146155","2026-01-01","52.00","NZD","1762793227","23477/2026-01-01/1762793227.json"
"581513","221281","2026-01-02","42.00","NZD","1762793227","23477/2026-01-02/1762793227.json"
"581514","221282","2026-01-02","42.00","NZD","1762793227","23477/2026-01-02/1762793227.json"
"512557","146154","2026-01-02","45.00","NZD","1762793227","23477/2026-01-02/1762793227.json"
"365170","146153","2026-01-02","48.00","NZD","1762793227","23477/2026-01-02/1762793227.json"
"510807","146155","2026-01-02","52.00","NZD","1762793227","23477/2026-01-02/1762793227.json"
"581513","221281","2026-01-03","42.00","NZD","1762793227","23477/2026-01-03/1762793227.json"
"581514","221282","2026-01-03","42.00","NZD","1762793227","23477/2026-01-03/1762793227.json"
"512557","146154","2026-01-03","45.00","NZD","1762793227","23477/2026-01-03/1762793227.json"
"365170","146153","2026-01-03","48.00","NZD","1762793227","23477/2026-01-03/1762793227.json"
"510807","146155","2026-01-03","52.00","NZD","1762793227","23477/2026-01-03/1762793227.json"
"581513","221281","2026-01-04","42.00","NZD","1762793227","23477/2026-01-04/1762793227.json"
"581514","221282","2026-01-04","42.00","NZD","1762793227","23477/2026-01-04/1762793227.json"
"512557","146154","2026-01-04","45.00","NZD","1762793227","23477/2026-01-04/1762793227.json"
"365170","146153","2026-01-04","48.00","NZD","1762793227","23477/2026-01-04/1762793227.json"
"510807","146155","2026-01-04","52.00","NZD","1762793227","23477/2026-01-04/1762793227.json"
"581513","221281","2026-01-05","36.00","NZD","1762793227","23477/2026-01-05/1762793227.json"
"581514","221282","2026-01-05","36.00","NZD","1762793227","23477/2026-01-05/1762793227.json"
"512557","146154","2026-01-05","45.00","NZD","1762793227","23477/2026-01-05/1762793227.json"
"365170","146153","2026-01-05","48.00","NZD","1762793227","23477/2026-01-05/1762793227.json"
"510807","146155","2026-01-05","52.00","NZD","1762793227","23477/2026-01-05/1762793227.json"
"581513","221281","2026-01-06","36.00","NZD","1762793227","23477/2026-01-06/1762793227.json"
"581514","221282","2026-01-06","36.00","NZD","1762793227","23477/2026-01-06/1762793227.json"
"512557","146154","2026-01-06","45.00","NZD","1762793227","23477/2026-01-06/1762793227.json"
"365170","146153","2026-01-06","48.00","NZD","1762793227","23477/2026-01-06/1762793227.json"
"510807","146155","2026-01-06","52.00","NZD","1762793227","23477/2026-01-06/1762793227.json"
"581513","221281","2026-01-08","36.00","NZD","1762793227","23477/2026-01-08/1762793227.json"
"581514","221282","2026-01-08","36.00","NZD","1762793227","23477/2026-01-08/1762793227.json"
"512557","146154","2026-01-08","45.00","NZD","1762793227","23477/2026-01-08/1762793227.json"
"365170","146153","2026-01-08","48.00","NZD","1762793227","23477/2026-01-08/1762793227.json"
"510807","146155","2026-01-08","52.00","NZD","1762793227","23477/2026-01-08/1762793227.json"
"581513","221281","2026-01-07","36.00","NZD","1762793227","23477/2026-01-07/1762793227.json"
"581514","221282","2026-01-07","36.00","NZD","1762793227","23477/2026-01-07/1762793227.json"
"512557","146154","2026-01-07","45.00","NZD","1762793227","23477/2026-01-07/1762793227.json"
"365170","146153","2026-01-07","48.00","NZD","1762793227","23477/2026-01-07/1762793227.json"
"510807","146155","2026-01-07","52.00","NZD","1762793227","23477/2026-01-07/1762793227.json"
"581513","221281","2026-01-09","36.00","NZD","1762793227","23477/2026-01-09/1762793227.json"
"581514","221282","2026-01-09","36.00","NZD","1762793227","23477/2026-01-09/1762793227.json"
"512557","146154","2026-01-09","45.00","NZD","1762793227","23477/2026-01-09/1762793227.json"
"365170","146153","2026-01-09","48.00","NZD","1762793227","23477/2026-01-09/1762793227.json"
"510807","146155","2026-01-09","52.00","NZD","1762793227","23477/2026-01-09/1762793227.json"
"581513","221281","2025-11-12","36.00","NZD","1762807369","23477/2025-11-12/1762807369.json"
"581514","221282","2025-11-12","36.00","NZD","1762807369","23477/2025-11-12/1762807369.json"
"512557","146154","2025-11-12","45.00","NZD","1762807369","23477/2025-11-12/1762807369.json"
"365170","146153","2025-11-12","48.00","NZD","1762807369","23477/2025-11-12/1762807369.json"
"510807","146155","2025-11-12","52.00","NZD","1762807369","23477/2025-11-12/1762807369.json"
"581513","221281","2025-11-11","36.00","NZD","1762807369","23477/2025-11-11/1762807369.json"
"581514","221282","2025-11-11","36.00","NZD","1762807369","23477/2025-11-11/1762807369.json"
"512557","146154","2025-11-11","45.00","NZD","1762807369","23477/2025-11-11/1762807369.json"
"365170","146153","2025-11-11","48.00","NZD","1762807369","23477/2025-11-11/1762807369.json"
"510807","146155","2025-11-11","52.00","NZD","1762807369","23477/2025-11-11/1762807369.json"
"581513","221281","2025-11-13","36.00","NZD","1762807369","23477/2025-11-13/1762807369.json"
"581514","221282","2025-11-13","36.00","NZD","1762807369","23477/2025-11-13/1762807369.json"
"512557","146154","2025-11-13","45.00","NZD","1762807369","23477/2025-11-13/1762807369.json"
"365170","146153","2025-11-13","48.00","NZD","1762807369","23477/2025-11-13/1762807369.json"
"510807","146155","2025-11-13","52.00","NZD","1762807369","23477/2025-11-13/1762807369.json"
"581513","221281","2025-11-14","36.00","NZD","1762807369","23477/2025-11-14/1762807369.json"
"581514","221282","2025-11-14","36.00","NZD","1762807369","23477/2025-11-14/1762807369.json"
"512557","146154","2025-11-14","45.00","NZD","1762807369","23477/2025-11-14/1762807369.json"
"365170","146153","2025-11-14","48.00","NZD","1762807369","23477/2025-11-14/1762807369.json"
"510807","146155","2025-11-14","52.00","NZD","1762807369","23477/2025-11-14/1762807369.json"
"581513","221281","2025-11-17","36.00","NZD","1762807369","23477/2025-11-17/1762807369.json"
"581514","221282","2025-11-17","36.00","NZD","1762807369","23477/2025-11-17/1762807369.json"
"512557","146154","2025-11-17","45.00","NZD","1762807369","23477/2025-11-17/1762807369.json"
"365170","146153","2025-11-17","48.00","NZD","1762807369","23477/2025-11-17/1762807369.json"
"510807","146155","2025-11-17","52.00","NZD","1762807369","23477/2025-11-17/1762807369.json"
"581513","221281","2025-11-18","36.00","NZD","1762807369","23477/2025-11-18/1762807369.json"
"581514","221282","2025-11-18","36.00","NZD","1762807369","23477/2025-11-18/1762807369.json"
"512557","146154","2025-11-18","45.00","NZD","1762807369","23477/2025-11-18/1762807369.json"
"365170","146153","2025-11-18","48.00","NZD","1762807369","23477/2025-11-18/1762807369.json"
"510807","146155","2025-11-18","52.00","NZD","1762807369","23477/2025-11-18/1762807369.json"
"581513","221281","2025-11-16","36.00","NZD","1762807369","23477/2025-11-16/1762807369.json"
"581513","221281","2025-11-15","36.00","NZD","1762807369","23477/2025-11-15/1762807369.json"
"581514","221282","2025-11-16","36.00","NZD","1762807369","23477/2025-11-16/1762807369.json"
"581514","221282","2025-11-15","36.00","NZD","1762807369","23477/2025-11-15/1762807369.json"
"512557","146154","2025-11-15","45.00","NZD","1762807369","23477/2025-11-15/1762807369.json"
"512557","146154","2025-11-16","45.00","NZD","1762807369","23477/2025-11-16/1762807369.json"
"365170","146153","2025-11-15","48.00","NZD","1762807369","23477/2025-11-15/1762807369.json"
"510807","146155","2025-11-15","52.00","NZD","1762807369","23477/2025-11-15/1762807369.json"
"365170","146153","2025-11-16","48.00","NZD","1762807369","23477/2025-11-16/1762807369.json"
"510807","146155","2025-11-16","52.00","NZD","1762807369","23477/2025-11-16/1762807369.json"
"581513","221281","2025-11-20","36.00","NZD","1762807369","23477/2025-11-20/1762807369.json"
"581514","221282","2025-11-20","36.00","NZD","1762807369","23477/2025-11-20/1762807369.json"
"512557","146154","2025-11-20","45.00","NZD","1762807369","23477/2025-11-20/1762807369.json"
"581513","221281","2025-11-19","36.00","NZD","1762807369","23477/2025-11-19/1762807369.json"
"581514","221282","2025-11-19","36.00","NZD","1762807369","23477/2025-11-19/1762807369.json"
"512557","146154","2025-11-19","45.00","NZD","1762807369","23477/2025-11-19/1762807369.json"
"365170","146153","2025-11-19","48.00","NZD","1762807369","23477/2025-11-19/1762807369.json"
"510807","146155","2025-11-19","52.00","NZD","1762807369","23477/2025-11-19/1762807369.json"
"581513","221281","2025-11-22","36.00","NZD","1762807369","23477/2025-11-22/1762807369.json"
"581514","221282","2025-11-22","36.00","NZD","1762807369","23477/2025-11-22/1762807369.json"
"512557","146154","2025-11-22","45.00","NZD","1762807369","23477/2025-11-22/1762807369.json"
"365170","146153","2025-11-22","48.00","NZD","1762807369","23477/2025-11-22/1762807369.json"
"510807","146155","2025-11-22","52.00","NZD","1762807369","23477/2025-11-22/1762807369.json"
"581513","221281","2025-11-21","36.00","NZD","1762807369","23477/2025-11-21/1762807369.json"
"581514","221282","2025-11-21","36.00","NZD","1762807369","23477/2025-11-21/1762807369.json"
"512557","146154","2025-11-21","45.00","NZD","1762807369","23477/2025-11-21/1762807369.json"
"365170","146153","2025-11-21","48.00","NZD","1762807369","23477/2025-11-21/1762807369.json"
"510807","146155","2025-11-21","52.00","NZD","1762807369","23477/2025-11-21/1762807369.json"
"581513","221281","2025-11-23","36.00","NZD","1762807369","23477/2025-11-23/1762807369.json"
"581514","221282","2025-11-23","36.00","NZD","1762807369","23477/2025-11-23/1762807369.json"
"512557","146154","2025-11-23","45.00","NZD","1762807369","23477/2025-11-23/1762807369.json"
"365170","146153","2025-11-23","48.00","NZD","1762807369","23477/2025-11-23/1762807369.json"
"510807","146155","2025-11-23","52.00","NZD","1762807369","23477/2025-11-23/1762807369.json"
"581513","221281","2025-11-24","36.00","NZD","1762807369","23477/2025-11-24/1762807369.json"
"581514","221282","2025-11-24","36.00","NZD","1762807369","23477/2025-11-24/1762807369.json"
"512557","146154","2025-11-24","45.00","NZD","1762807369","23477/2025-11-24/1762807369.json"
"365170","146153","2025-11-24","48.00","NZD","1762807369","23477/2025-11-24/1762807369.json"
"510807","146155","2025-11-24","52.00","NZD","1762807369","23477/2025-11-24/1762807369.json"
"581513","221281","2025-11-25","36.00","NZD","1762807369","23477/2025-11-25/1762807369.json"
"581514","221282","2025-11-25","36.00","NZD","1762807369","23477/2025-11-25/1762807369.json"
"512557","146154","2025-11-25","45.00","NZD","1762807369","23477/2025-11-25/1762807369.json"
"365170","146153","2025-11-25","48.00","NZD","1762807369","23477/2025-11-25/1762807369.json"
"510807","146155","2025-11-25","52.00","NZD","1762807369","23477/2025-11-25/1762807369.json"
"581513","221281","2025-11-26","36.00","NZD","1762807369","23477/2025-11-26/1762807369.json"
"581514","221282","2025-11-26","36.00","NZD","1762807369","23477/2025-11-26/1762807369.json"
"512557","146154","2025-11-26","45.00","NZD","1762807369","23477/2025-11-26/1762807369.json"
"365170","146153","2025-11-26","48.00","NZD","1762807369","23477/2025-11-26/1762807369.json"
"510807","146155","2025-11-26","52.00","NZD","1762807369","23477/2025-11-26/1762807369.json"
"581513","221281","2025-11-27","36.00","NZD","1762807369","23477/2025-11-27/1762807369.json"
"581514","221282","2025-11-27","36.00","NZD","1762807369","23477/2025-11-27/1762807369.json"
"512557","146154","2025-11-27","45.00","NZD","1762807369","23477/2025-11-27/1762807369.json"
"365170","146153","2025-11-27","48.00","NZD","1762807369","23477/2025-11-27/1762807369.json"
"510807","146155","2025-11-27","52.00","NZD","1762807369","23477/2025-11-27/1762807369.json"
"581513","221281","2025-11-28","36.00","NZD","1762807369","23477/2025-11-28/1762807369.json"
"581514","221282","2025-11-28","36.00","NZD","1762807369","23477/2025-11-28/1762807369.json"
"512557","146154","2025-11-28","45.00","NZD","1762807369","23477/2025-11-28/1762807369.json"
"365170","146153","2025-11-28","48.00","NZD","1762807369","23477/2025-11-28/1762807369.json"
"510807","146155","2025-11-28","52.00","NZD","1762807369","23477/2025-11-28/1762807369.json"
"581513","221281","2025-11-29","36.00","NZD","1762807369","23477/2025-11-29/1762807369.json"
"581514","221282","2025-11-29","36.00","NZD","1762807369","23477/2025-11-29/1762807369.json"
"512557","146154","2025-11-29","45.00","NZD","1762807369","23477/2025-11-29/1762807369.json"
"365170","146153","2025-11-29","48.00","NZD","1762807369","23477/2025-11-29/1762807369.json"
"510807","146155","2025-11-29","52.00","NZD","1762807369","23477/2025-11-29/1762807369.json"
"581513","221281","2025-11-30","36.00","NZD","1762807369","23477/2025-11-30/1762807369.json"
"581514","221282","2025-11-30","36.00","NZD","1762807369","23477/2025-11-30/1762807369.json"
"512557","146154","2025-11-30","45.00","NZD","1762807369","23477/2025-11-30/1762807369.json"
"365170","146153","2025-11-30","48.00","NZD","1762807369","23477/2025-11-30/1762807369.json"
"510807","146155","2025-11-30","52.00","NZD","1762807369","23477/2025-11-30/1762807369.json"
"581513","221281","2025-12-01","36.00","NZD","1762807369","23477/2025-12-01/1762807369.json"
"581514","221282","2025-12-01","36.00","NZD","1762807369","23477/2025-12-01/1762807369.json"
"512557","146154","2025-12-01","45.00","NZD","1762807369","23477/2025-12-01/1762807369.json"
"365170","146153","2025-12-01","48.00","NZD","1762807369","23477/2025-12-01/1762807369.json"
"510807","146155","2025-12-01","52.00","NZD","1762807369","23477/2025-12-01/1762807369.json"
"581513","221281","2025-12-02","36.00","NZD","1762807369","23477/2025-12-02/1762807369.json"
"581514","221282","2025-12-02","36.00","NZD","1762807369","23477/2025-12-02/1762807369.json"
"512557","146154","2025-12-02","45.00","NZD","1762807369","23477/2025-12-02/1762807369.json"
"365170","146153","2025-12-02","48.00","NZD","1762807369","23477/2025-12-02/1762807369.json"
"510807","146155","2025-12-02","52.00","NZD","1762807369","23477/2025-12-02/1762807369.json"
"581513","221281","2025-12-03","36.00","NZD","1762807369","23477/2025-12-03/1762807369.json"
"581514","221282","2025-12-03","36.00","NZD","1762807369","23477/2025-12-03/1762807369.json"
"512557","146154","2025-12-03","45.00","NZD","1762807369","23477/2025-12-03/1762807369.json"
"365170","146153","2025-12-03","48.00","NZD","1762807369","23477/2025-12-03/1762807369.json"
"510807","146155","2025-12-03","52.00","NZD","1762807369","23477/2025-12-03/1762807369.json"
"581513","221281","2025-12-04","36.00","NZD","1762807369","23477/2025-12-04/1762807369.json"
"581514","221282","2025-12-04","36.00","NZD","1762807369","23477/2025-12-04/1762807369.json"
"512557","146154","2025-12-04","45.00","NZD","1762807369","23477/2025-12-04/1762807369.json"
"365170","146153","2025-12-04","48.00","NZD","1762807369","23477/2025-12-04/1762807369.json"
"510807","146155","2025-12-04","52.00","NZD","1762807369","23477/2025-12-04/1762807369.json"
"581513","221281","2025-12-05","36.00","NZD","1762807369","23477/2025-12-05/1762807369.json"
"581514","221282","2025-12-05","36.00","NZD","1762807369","23477/2025-12-05/1762807369.json"
"512557","146154","2025-12-05","45.00","NZD","1762807369","23477/2025-12-05/1762807369.json"
"365170","146153","2025-12-05","48.00","NZD","1762807369","23477/2025-12-05/1762807369.json"
"510807","146155","2025-12-05","52.00","NZD","1762807369","23477/2025-12-05/1762807369.json"
"581513","221281","2025-12-06","36.00","NZD","1762807369","23477/2025-12-06/1762807369.json"
"581514","221282","2025-12-06","36.00","NZD","1762807369","23477/2025-12-06/1762807369.json"
"512557","146154","2025-12-06","45.00","NZD","1762807369","23477/2025-12-06/1762807369.json"
"365170","146153","2025-12-06","48.00","NZD","1762807369","23477/2025-12-06/1762807369.json"
"510807","146155","2025-12-06","52.00","NZD","1762807369","23477/2025-12-06/1762807369.json"
"581513","221281","2025-12-07","36.00","NZD","1762807369","23477/2025-12-07/1762807369.json"
"581514","221282","2025-12-07","36.00","NZD","1762807369","23477/2025-12-07/1762807369.json"
"512557","146154","2025-12-07","45.00","NZD","1762807369","23477/2025-12-07/1762807369.json"
"365170","146153","2025-12-07","48.00","NZD","1762807369","23477/2025-12-07/1762807369.json"
"510807","146155","2025-12-07","52.00","NZD","1762807369","23477/2025-12-07/1762807369.json"
"581513","221281","2025-12-09","36.00","NZD","1762807369","23477/2025-12-09/1762807369.json"
"581514","221282","2025-12-09","36.00","NZD","1762807369","23477/2025-12-09/1762807369.json"
"512557","146154","2025-12-09","45.00","NZD","1762807369","23477/2025-12-09/1762807369.json"
"365170","146153","2025-12-09","48.00","NZD","1762807369","23477/2025-12-09/1762807369.json"
"510807","146155","2025-12-09","52.00","NZD","1762807369","23477/2025-12-09/1762807369.json"
"581513","221281","2025-12-08","36.00","NZD","1762807369","23477/2025-12-08/1762807369.json"
"581514","221282","2025-12-08","36.00","NZD","1762807369","23477/2025-12-08/1762807369.json"
"512557","146154","2025-12-08","45.00","NZD","1762807369","23477/2025-12-08/1762807369.json"
"365170","146153","2025-12-08","48.00","NZD","1762807369","23477/2025-12-08/1762807369.json"
"510807","146155","2025-12-08","52.00","NZD","1762807369","23477/2025-12-08/1762807369.json"
"581513","221281","2025-12-10","36.00","NZD","1762807369","23477/2025-12-10/1762807369.json"
"581514","221282","2025-12-10","36.00","NZD","1762807369","23477/2025-12-10/1762807369.json"
"512557","146154","2025-12-10","45.00","NZD","1762807369","23477/2025-12-10/1762807369.json"
"365170","146153","2025-12-10","48.00","NZD","1762807369","23477/2025-12-10/1762807369.json"
"510807","146155","2025-12-10","52.00","NZD","1762807369","23477/2025-12-10/1762807369.json"
"581513","221281","2025-12-11","36.00","NZD","1762807369","23477/2025-12-11/1762807369.json"
"581514","221282","2025-12-11","36.00","NZD","1762807369","23477/2025-12-11/1762807369.json"
"512557","146154","2025-12-11","45.00","NZD","1762807369","23477/2025-12-11/1762807369.json"
"365170","146153","2025-12-11","48.00","NZD","1762807369","23477/2025-12-11/1762807369.json"
"510807","146155","2025-12-11","52.00","NZD","1762807369","23477/2025-12-11/1762807369.json"
"581513","221281","2025-12-13","36.00","NZD","1762807369","23477/2025-12-13/1762807369.json"
"581514","221282","2025-12-13","36.00","NZD","1762807369","23477/2025-12-13/1762807369.json"
"512557","146154","2025-12-13","45.00","NZD","1762807369","23477/2025-12-13/1762807369.json"
"365170","146153","2025-12-13","48.00","NZD","1762807369","23477/2025-12-13/1762807369.json"
"510807","146155","2025-12-13","52.00","NZD","1762807369","23477/2025-12-13/1762807369.json"
"581513","221281","2025-12-12","36.00","NZD","1762807369","23477/2025-12-12/1762807369.json"
"581514","221282","2025-12-12","36.00","NZD","1762807369","23477/2025-12-12/1762807369.json"
"512557","146154","2025-12-12","45.00","NZD","1762807369","23477/2025-12-12/1762807369.json"
"365170","146153","2025-12-12","48.00","NZD","1762807369","23477/2025-12-12/1762807369.json"
"510807","146155","2025-12-12","52.00","NZD","1762807369","23477/2025-12-12/1762807369.json"
"581513","221281","2025-12-14","36.00","NZD","1762807369","23477/2025-12-14/1762807369.json"
"581514","221282","2025-12-14","36.00","NZD","1762807369","23477/2025-12-14/1762807369.json"
"512557","146154","2025-12-14","45.00","NZD","1762807369","23477/2025-12-14/1762807369.json"
"365170","146153","2025-12-14","48.00","NZD","1762807369","23477/2025-12-14/1762807369.json"
"510807","146155","2025-12-14","52.00","NZD","1762807369","23477/2025-12-14/1762807369.json"
"581513","221281","2025-12-15","36.00","NZD","1762807369","23477/2025-12-15/1762807369.json"
"581514","221282","2025-12-15","36.00","NZD","1762807369","23477/2025-12-15/1762807369.json"
"512557","146154","2025-12-15","45.00","NZD","1762807369","23477/2025-12-15/1762807369.json"
"365170","146153","2025-12-15","48.00","NZD","1762807369","23477/2025-12-15/1762807369.json"
"510807","146155","2025-12-15","52.00","NZD","1762807369","23477/2025-12-15/1762807369.json"
"581513","221281","2025-12-16","36.00","NZD","1762807369","23477/2025-12-16/1762807369.json"
"581514","221282","2025-12-16","36.00","NZD","1762807369","23477/2025-12-16/1762807369.json"
"512557","146154","2025-12-16","45.00","NZD","1762807369","23477/2025-12-16/1762807369.json"
"365170","146153","2025-12-16","48.00","NZD","1762807369","23477/2025-12-16/1762807369.json"
"510807","146155","2025-12-16","52.00","NZD","1762807369","23477/2025-12-16/1762807369.json"
"581513","221281","2025-12-17","36.00","NZD","1762807369","23477/2025-12-17/1762807369.json"
"581514","221282","2025-12-17","36.00","NZD","1762807369","23477/2025-12-17/1762807369.json"
"512557","146154","2025-12-17","45.00","NZD","1762807369","23477/2025-12-17/1762807369.json"
"365170","146153","2025-12-17","48.00","NZD","1762807369","23477/2025-12-17/1762807369.json"
"510807","146155","2025-12-17","52.00","NZD","1762807369","23477/2025-12-17/1762807369.json"
"581513","221281","2025-12-19","36.00","NZD","1762807369","23477/2025-12-19/1762807369.json"
"581514","221282","2025-12-19","36.00","NZD","1762807369","23477/2025-12-19/1762807369.json"
"512557","146154","2025-12-19","45.00","NZD","1762807369","23477/2025-12-19/1762807369.json"
"365170","146153","2025-12-19","48.00","NZD","1762807369","23477/2025-12-19/1762807369.json"
"510807","146155","2025-12-19","52.00","NZD","1762807369","23477/2025-12-19/1762807369.json"
"581513","221281","2025-12-18","36.00","NZD","1762807369","23477/2025-12-18/1762807369.json"
"581514","221282","2025-12-18","36.00","NZD","1762807369","23477/2025-12-18/1762807369.json"
"512557","146154","2025-12-18","45.00","NZD","1762807369","23477/2025-12-18/1762807369.json"
"365170","146153","2025-12-18","48.00","NZD","1762807369","23477/2025-12-18/1762807369.json"
"510807","146155","2025-12-18","52.00","NZD","1762807369","23477/2025-12-18/1762807369.json"
"581513","221281","2025-12-21","36.00","NZD","1762807369","23477/2025-12-21/1762807369.json"
"581514","221282","2025-12-21","36.00","NZD","1762807369","23477/2025-12-21/1762807369.json"
"512557","146154","2025-12-21","45.00","NZD","1762807369","23477/2025-12-21/1762807369.json"
"365170","146153","2025-12-21","48.00","NZD","1762807369","23477/2025-12-21/1762807369.json"
"510807","146155","2025-12-21","52.00","NZD","1762807369","23477/2025-12-21/1762807369.json"
"581513","221281","2025-12-20","36.00","NZD","1762807369","23477/2025-12-20/1762807369.json"
"581514","221282","2025-12-20","36.00","NZD","1762807369","23477/2025-12-20/1762807369.json"
"512557","146154","2025-12-20","45.00","NZD","1762807369","23477/2025-12-20/1762807369.json"
"365170","146153","2025-12-20","48.00","NZD","1762807369","23477/2025-12-20/1762807369.json"
"510807","146155","2025-12-20","52.00","NZD","1762807369","23477/2025-12-20/1762807369.json"
"581513","221281","2025-12-22","36.00","NZD","1762807369","23477/2025-12-22/1762807369.json"
"581514","221282","2025-12-22","36.00","NZD","1762807369","23477/2025-12-22/1762807369.json"
"512557","146154","2025-12-22","45.00","NZD","1762807369","23477/2025-12-22/1762807369.json"
"365170","146153","2025-12-22","48.00","NZD","1762807369","23477/2025-12-22/1762807369.json"
"510807","146155","2025-12-22","52.00","NZD","1762807369","23477/2025-12-22/1762807369.json"
"581513","221281","2025-12-23","38.00","NZD","1762807369","23477/2025-12-23/1762807369.json"
"581513","221281","2025-12-24","38.00","NZD","1762807369","23477/2025-12-24/1762807369.json"
"581514","221282","2025-12-23","38.00","NZD","1762807369","23477/2025-12-23/1762807369.json"
"581514","221282","2025-12-24","38.00","NZD","1762807369","23477/2025-12-24/1762807369.json"
"512557","146154","2025-12-23","45.00","NZD","1762807369","23477/2025-12-23/1762807369.json"
"512557","146154","2025-12-24","45.00","NZD","1762807369","23477/2025-12-24/1762807369.json"
"365170","146153","2025-12-23","48.00","NZD","1762807369","23477/2025-12-23/1762807369.json"
"365170","146153","2025-12-24","48.00","NZD","1762807369","23477/2025-12-24/1762807369.json"
"510807","146155","2025-12-23","52.00","NZD","1762807369","23477/2025-12-23/1762807369.json"
"510807","146155","2025-12-24","52.00","NZD","1762807369","23477/2025-12-24/1762807369.json"
"581513","221281","2025-12-25","38.00","NZD","1762807369","23477/2025-12-25/1762807369.json"
"581514","221282","2025-12-25","38.00","NZD","1762807369","23477/2025-12-25/1762807369.json"
"512557","146154","2025-12-25","45.00","NZD","1762807369","23477/2025-12-25/1762807369.json"
"365170","146153","2025-12-25","48.00","NZD","1762807369","23477/2025-12-25/1762807369.json"
"510807","146155","2025-12-25","52.00","NZD","1762807369","23477/2025-12-25/1762807369.json"
"581513","221281","2025-12-26","42.00","NZD","1762807369","23477/2025-12-26/1762807369.json"
"581514","221282","2025-12-26","42.00","NZD","1762807369","23477/2025-12-26/1762807369.json"
"512557","146154","2025-12-26","45.00","NZD","1762807369","23477/2025-12-26/1762807369.json"
"365170","146153","2025-12-26","48.00","NZD","1762807369","23477/2025-12-26/1762807369.json"
"510807","146155","2025-12-26","52.00","NZD","1762807369","23477/2025-12-26/1762807369.json"
"581513","221281","2025-12-27","42.00","NZD","1762807369","23477/2025-12-27/1762807369.json"
"581514","221282","2025-12-27","42.00","NZD","1762807369","23477/2025-12-27/1762807369.json"
"512557","146154","2025-12-27","45.00","NZD","1762807369","23477/2025-12-27/1762807369.json"
"365170","146153","2025-12-27","48.00","NZD","1762807369","23477/2025-12-27/1762807369.json"
"510807","146155","2025-12-27","52.00","NZD","1762807369","23477/2025-12-27/1762807369.json"
"581513","221281","2025-12-28","42.00","NZD","1762807369","23477/2025-12-28/1762807369.json"
"581514","221282","2025-12-28","42.00","NZD","1762807369","23477/2025-12-28/1762807369.json"
"512557","146154","2025-12-28","45.00","NZD","1762807369","23477/2025-12-28/1762807369.json"
"365170","146153","2025-12-28","48.00","NZD","1762807369","23477/2025-12-28/1762807369.json"
"510807","146155","2025-12-28","52.00","NZD","1762807369","23477/2025-12-28/1762807369.json"
"581513","221281","2025-12-29","42.00","NZD","1762807369","23477/2025-12-29/1762807369.json"
"581514","221282","2025-12-29","42.00","NZD","1762807369","23477/2025-12-29/1762807369.json"
"512557","146154","2025-12-29","45.00","NZD","1762807369","23477/2025-12-29/1762807369.json"
"365170","146153","2025-12-29","48.00","NZD","1762807369","23477/2025-12-29/1762807369.json"
"510807","146155","2025-12-29","52.00","NZD","1762807369","23477/2025-12-29/1762807369.json"
"581513","221281","2025-12-30","42.00","NZD","1762807369","23477/2025-12-30/1762807369.json"
"581514","221282","2025-12-30","42.00","NZD","1762807369","23477/2025-12-30/1762807369.json"
"512557","146154","2025-12-30","45.00","NZD","1762807369","23477/2025-12-30/1762807369.json"
"365170","146153","2025-12-30","48.00","NZD","1762807369","23477/2025-12-30/1762807369.json"
"510807","146155","2025-12-30","52.00","NZD","1762807369","23477/2025-12-30/1762807369.json"
"581513","221281","2025-12-31","42.00","NZD","1762807369","23477/2025-12-31/1762807369.json"
"581514","221282","2025-12-31","42.00","NZD","1762807369","23477/2025-12-31/1762807369.json"
"512557","146154","2025-12-31","45.00","NZD","1762807369","23477/2025-12-31/1762807369.json"
"365170","146153","2025-12-31","48.00","NZD","1762807369","23477/2025-12-31/1762807369.json"
"510807","146155","2025-12-31","52.00","NZD","1762807369","23477/2025-12-31/1762807369.json"
"581513","221281","2026-01-01","42.00","NZD","1762807369","23477/2026-01-01/1762807369.json"
"581514","221282","2026-01-01","42.00","NZD","1762807369","23477/2026-01-01/1762807369.json"
"512557","146154","2026-01-01","45.00","NZD","1762807369","23477/2026-01-01/1762807369.json"
"365170","146153","2026-01-01","48.00","NZD","1762807369","23477/2026-01-01/1762807369.json"
"510807","146155","2026-01-01","52.00","NZD","1762807369","23477/2026-01-01/1762807369.json"
"581513","221281","2026-01-02","42.00","NZD","1762807369","23477/2026-01-02/1762807369.json"
"581514","221282","2026-01-02","42.00","NZD","1762807369","23477/2026-01-02/1762807369.json"
"512557","146154","2026-01-02","45.00","NZD","1762807369","23477/2026-01-02/1762807369.json"
"365170","146153","2026-01-02","48.00","NZD","1762807369","23477/2026-01-02/1762807369.json"
"510807","146155","2026-01-02","52.00","NZD","1762807369","23477/2026-01-02/1762807369.json"
"581513","221281","2026-01-03","42.00","NZD","1762807369","23477/2026-01-03/1762807369.json"
"581514","221282","2026-01-03","42.00","NZD","1762807369","23477/2026-01-03/1762807369.json"
"512557","146154","2026-01-03","45.00","NZD","1762807369","23477/2026-01-03/1762807369.json"
"365170","146153","2026-01-03","48.00","NZD","1762807369","23477/2026-01-03/1762807369.json"
"510807","146155","2026-01-03","52.00","NZD","1762807369","23477/2026-01-03/1762807369.json"
"581513","221281","2026-01-04","42.00","NZD","1762807369","23477/2026-01-04/1762807369.json"
"581514","221282","2026-01-04","42.00","NZD","1762807369","23477/2026-01-04/1762807369.json"
"512557","146154","2026-01-04","45.00","NZD","1762807369","23477/2026-01-04/1762807369.json"
"365170","146153","2026-01-04","48.00","NZD","1762807369","23477/2026-01-04/1762807369.json"
"510807","146155","2026-01-04","52.00","NZD","1762807369","23477/2026-01-04/1762807369.json"
"581513","221281","2026-01-05","36.00","NZD","1762807369","23477/2026-01-05/1762807369.json"
"581514","221282","2026-01-05","36.00","NZD","1762807369","23477/2026-01-05/1762807369.json"
"512557","146154","2026-01-05","45.00","NZD","1762807369","23477/2026-01-05/1762807369.json"
"365170","146153","2026-01-05","48.00","NZD","1762807369","23477/2026-01-05/1762807369.json"
"510807","146155","2026-01-05","52.00","NZD","1762807369","23477/2026-01-05/1762807369.json"
"581513","221281","2026-01-06","36.00","NZD","1762807369","23477/2026-01-06/1762807369.json"
"581514","221282","2026-01-06","36.00","NZD","1762807369","23477/2026-01-06/1762807369.json"
"512557","146154","2026-01-06","45.00","NZD","1762807369","23477/2026-01-06/1762807369.json"
"365170","146153","2026-01-06","48.00","NZD","1762807369","23477/2026-01-06/1762807369.json"
"510807","146155","2026-01-06","52.00","NZD","1762807369","23477/2026-01-06/1762807369.json"
"581513","221281","2026-01-07","36.00","NZD","1762807369","23477/2026-01-07/1762807369.json"
"581514","221282","2026-01-07","36.00","NZD","1762807369","23477/2026-01-07/1762807369.json"
"512557","146154","2026-01-07","45.00","NZD","1762807369","23477/2026-01-07/1762807369.json"
"365170","146153","2026-01-07","48.00","NZD","1762807369","23477/2026-01-07/1762807369.json"
"510807","146155","2026-01-07","52.00","NZD","1762807369","23477/2026-01-07/1762807369.json"
"581513","221281","2026-01-08","36.00","NZD","1762807369","23477/2026-01-08/1762807369.json"
"581513","221281","2026-01-09","36.00","NZD","1762807369","23477/2026-01-09/1762807369.json"
"581514","221282","2026-01-08","36.00","NZD","1762807369","23477/2026-01-08/1762807369.json"
"581514","221282","2026-01-09","36.00","NZD","1762807369","23477/2026-01-09/1762807369.json"
"512557","146154","2026-01-09","45.00","NZD","1762807369","23477/2026-01-09/1762807369.json"
"512557","146154","2026-01-08","45.00","NZD","1762807369","23477/2026-01-08/1762807369.json"
"365170","146153","2026-01-09","48.00","NZD","1762807369","23477/2026-01-09/1762807369.json"
"510807","146155","2026-01-09","52.00","NZD","1762807369","23477/2026-01-09/1762807369.json"
"365170","146153","2026-01-08","48.00","NZD","1762807369","23477/2026-01-08/1762807369.json"
"510807","146155","2026-01-08","52.00","NZD","1762807369","23477/2026-01-08/1762807369.json"
"581513","221281","2025-11-13","36.00","NZD","1762826498","23477/2025-11-13/1762826498.json"
"581514","221282","2025-11-13","36.00","NZD","1762826498","23477/2025-11-13/1762826498.json"
"512557","146154","2025-11-13","45.00","NZD","1762826498","23477/2025-11-13/1762826498.json"
"365170","146153","2025-11-13","48.00","NZD","1762826498","23477/2025-11-13/1762826498.json"
"510807","146155","2025-11-13","52.00","NZD","1762826498","23477/2025-11-13/1762826498.json"
"581513","221281","2025-11-11","36.00","NZD","1762826498","23477/2025-11-11/1762826498.json"
"581514","221282","2025-11-11","36.00","NZD","1762826498","23477/2025-11-11/1762826498.json"
"512557","146154","2025-11-11","45.00","NZD","1762826498","23477/2025-11-11/1762826498.json"
"365170","146153","2025-11-11","48.00","NZD","1762826498","23477/2025-11-11/1762826498.json"
"510807","146155","2025-11-11","52.00","NZD","1762826498","23477/2025-11-11/1762826498.json"
"581513","221281","2025-11-12","36.00","NZD","1762826498","23477/2025-11-12/1762826498.json"
"581514","221282","2025-11-12","36.00","NZD","1762826498","23477/2025-11-12/1762826498.json"
"512557","146154","2025-11-12","45.00","NZD","1762826498","23477/2025-11-12/1762826498.json"
"365170","146153","2025-11-12","48.00","NZD","1762826498","23477/2025-11-12/1762826498.json"
"510807","146155","2025-11-12","52.00","NZD","1762826498","23477/2025-11-12/1762826498.json"
"581513","221281","2025-11-14","36.00","NZD","1762826498","23477/2025-11-14/1762826498.json"
"581514","221282","2025-11-14","36.00","NZD","1762826498","23477/2025-11-14/1762826498.json"
"512557","146154","2025-11-14","45.00","NZD","1762826498","23477/2025-11-14/1762826498.json"
"365170","146153","2025-11-14","48.00","NZD","1762826498","23477/2025-11-14/1762826498.json"
"510807","146155","2025-11-14","52.00","NZD","1762826498","23477/2025-11-14/1762826498.json"
"581513","221281","2025-11-16","36.00","NZD","1762826498","23477/2025-11-16/1762826498.json"
"581514","221282","2025-11-16","36.00","NZD","1762826498","23477/2025-11-16/1762826498.json"
"512557","146154","2025-11-16","45.00","NZD","1762826498","23477/2025-11-16/1762826498.json"
"365170","146153","2025-11-16","48.00","NZD","1762826498","23477/2025-11-16/1762826498.json"
"510807","146155","2025-11-16","52.00","NZD","1762826498","23477/2025-11-16/1762826498.json"
"581513","221281","2025-11-17","36.00","NZD","1762826498","23477/2025-11-17/1762826498.json"
"581514","221282","2025-11-17","36.00","NZD","1762826498","23477/2025-11-17/1762826498.json"
"512557","146154","2025-11-17","45.00","NZD","1762826498","23477/2025-11-17/1762826498.json"
"365170","146153","2025-11-17","48.00","NZD","1762826498","23477/2025-11-17/1762826498.json"
"510807","146155","2025-11-17","52.00","NZD","1762826498","23477/2025-11-17/1762826498.json"
"581513","221281","2025-11-15","36.00","NZD","1762826498","23477/2025-11-15/1762826498.json"
"581514","221282","2025-11-15","36.00","NZD","1762826498","23477/2025-11-15/1762826498.json"
"512557","146154","2025-11-15","45.00","NZD","1762826498","23477/2025-11-15/1762826498.json"
"365170","146153","2025-11-15","48.00","NZD","1762826498","23477/2025-11-15/1762826498.json"
"510807","146155","2025-11-15","52.00","NZD","1762826498","23477/2025-11-15/1762826498.json"
"581513","221281","2025-11-18","36.00","NZD","1762826498","23477/2025-11-18/1762826498.json"
"581514","221282","2025-11-18","36.00","NZD","1762826498","23477/2025-11-18/1762826498.json"
"512557","146154","2025-11-18","45.00","NZD","1762826498","23477/2025-11-18/1762826498.json"
"365170","146153","2025-11-18","48.00","NZD","1762826498","23477/2025-11-18/1762826498.json"
"510807","146155","2025-11-18","52.00","NZD","1762826498","23477/2025-11-18/1762826498.json"
"581513","221281","2025-11-20","36.00","NZD","1762826498","23477/2025-11-20/1762826498.json"
"581514","221282","2025-11-20","36.00","NZD","1762826498","23477/2025-11-20/1762826498.json"
"512557","146154","2025-11-20","45.00","NZD","1762826498","23477/2025-11-20/1762826498.json"
"581513","221281","2025-11-19","36.00","NZD","1762826498","23477/2025-11-19/1762826498.json"
"581514","221282","2025-11-19","36.00","NZD","1762826498","23477/2025-11-19/1762826498.json"
"512557","146154","2025-11-19","45.00","NZD","1762826498","23477/2025-11-19/1762826498.json"
"365170","146153","2025-11-19","48.00","NZD","1762826498","23477/2025-11-19/1762826498.json"
"510807","146155","2025-11-19","52.00","NZD","1762826498","23477/2025-11-19/1762826498.json"
"581513","221281","2025-11-21","36.00","NZD","1762826498","23477/2025-11-21/1762826498.json"
"581514","221282","2025-11-21","36.00","NZD","1762826498","23477/2025-11-21/1762826498.json"
"512557","146154","2025-11-21","45.00","NZD","1762826498","23477/2025-11-21/1762826498.json"
"365170","146153","2025-11-21","48.00","NZD","1762826498","23477/2025-11-21/1762826498.json"
"510807","146155","2025-11-21","52.00","NZD","1762826498","23477/2025-11-21/1762826498.json"
"581513","221281","2025-11-22","36.00","NZD","1762826498","23477/2025-11-22/1762826498.json"
"581514","221282","2025-11-22","36.00","NZD","1762826498","23477/2025-11-22/1762826498.json"
"512557","146154","2025-11-22","45.00","NZD","1762826498","23477/2025-11-22/1762826498.json"
"365170","146153","2025-11-22","48.00","NZD","1762826498","23477/2025-11-22/1762826498.json"
"510807","146155","2025-11-22","52.00","NZD","1762826498","23477/2025-11-22/1762826498.json"
"581513","221281","2025-11-23","36.00","NZD","1762826498","23477/2025-11-23/1762826498.json"
"581514","221282","2025-11-23","36.00","NZD","1762826498","23477/2025-11-23/1762826498.json"
"512557","146154","2025-11-23","45.00","NZD","1762826498","23477/2025-11-23/1762826498.json"
"365170","146153","2025-11-23","48.00","NZD","1762826498","23477/2025-11-23/1762826498.json"
"510807","146155","2025-11-23","52.00","NZD","1762826498","23477/2025-11-23/1762826498.json"
"581513","221281","2025-11-24","36.00","NZD","1762826498","23477/2025-11-24/1762826498.json"
"581514","221282","2025-11-24","36.00","NZD","1762826498","23477/2025-11-24/1762826498.json"
"512557","146154","2025-11-24","45.00","NZD","1762826498","23477/2025-11-24/1762826498.json"
"365170","146153","2025-11-24","48.00","NZD","1762826498","23477/2025-11-24/1762826498.json"
"510807","146155","2025-11-24","52.00","NZD","1762826498","23477/2025-11-24/1762826498.json"
"581513","221281","2025-11-25","36.00","NZD","1762826498","23477/2025-11-25/1762826498.json"
"581514","221282","2025-11-25","36.00","NZD","1762826498","23477/2025-11-25/1762826498.json"
"512557","146154","2025-11-25","45.00","NZD","1762826498","23477/2025-11-25/1762826498.json"
"365170","146153","2025-11-25","48.00","NZD","1762826498","23477/2025-11-25/1762826498.json"
"510807","146155","2025-11-25","52.00","NZD","1762826498","23477/2025-11-25/1762826498.json"
"581513","221281","2025-11-27","36.00","NZD","1762826498","23477/2025-11-27/1762826498.json"
"581514","221282","2025-11-27","36.00","NZD","1762826498","23477/2025-11-27/1762826498.json"
"512557","146154","2025-11-27","45.00","NZD","1762826498","23477/2025-11-27/1762826498.json"
"365170","146153","2025-11-27","48.00","NZD","1762826498","23477/2025-11-27/1762826498.json"
"510807","146155","2025-11-27","52.00","NZD","1762826498","23477/2025-11-27/1762826498.json"
"581513","221281","2025-11-28","36.00","NZD","1762826498","23477/2025-11-28/1762826498.json"
"581514","221282","2025-11-28","36.00","NZD","1762826498","23477/2025-11-28/1762826498.json"
"512557","146154","2025-11-28","45.00","NZD","1762826498","23477/2025-11-28/1762826498.json"
"365170","146153","2025-11-28","48.00","NZD","1762826498","23477/2025-11-28/1762826498.json"
"510807","146155","2025-11-28","52.00","NZD","1762826498","23477/2025-11-28/1762826498.json"
"581513","221281","2025-11-26","36.00","NZD","1762826498","23477/2025-11-26/1762826498.json"
"581514","221282","2025-11-26","36.00","NZD","1762826498","23477/2025-11-26/1762826498.json"
"512557","146154","2025-11-26","45.00","NZD","1762826498","23477/2025-11-26/1762826498.json"
"365170","146153","2025-11-26","48.00","NZD","1762826498","23477/2025-11-26/1762826498.json"
"510807","146155","2025-11-26","52.00","NZD","1762826498","23477/2025-11-26/1762826498.json"
"581513","221281","2025-11-29","36.00","NZD","1762826498","23477/2025-11-29/1762826498.json"
"581514","221282","2025-11-29","36.00","NZD","1762826498","23477/2025-11-29/1762826498.json"
"512557","146154","2025-11-29","45.00","NZD","1762826498","23477/2025-11-29/1762826498.json"
"365170","146153","2025-11-29","48.00","NZD","1762826498","23477/2025-11-29/1762826498.json"
"510807","146155","2025-11-29","52.00","NZD","1762826498","23477/2025-11-29/1762826498.json"
"581513","221281","2025-11-30","36.00","NZD","1762826498","23477/2025-11-30/1762826498.json"
"581514","221282","2025-11-30","36.00","NZD","1762826498","23477/2025-11-30/1762826498.json"
"512557","146154","2025-11-30","45.00","NZD","1762826498","23477/2025-11-30/1762826498.json"
"365170","146153","2025-11-30","48.00","NZD","1762826498","23477/2025-11-30/1762826498.json"
"510807","146155","2025-11-30","52.00","NZD","1762826498","23477/2025-11-30/1762826498.json"
"581513","221281","2025-12-01","36.00","NZD","1762826498","23477/2025-12-01/1762826498.json"
"581514","221282","2025-12-01","36.00","NZD","1762826498","23477/2025-12-01/1762826498.json"
"512557","146154","2025-12-01","45.00","NZD","1762826498","23477/2025-12-01/1762826498.json"
"365170","146153","2025-12-01","48.00","NZD","1762826498","23477/2025-12-01/1762826498.json"
"510807","146155","2025-12-01","52.00","NZD","1762826498","23477/2025-12-01/1762826498.json"
"581513","221281","2025-12-03","36.00","NZD","1762826498","23477/2025-12-03/1762826498.json"
"581514","221282","2025-12-03","36.00","NZD","1762826498","23477/2025-12-03/1762826498.json"
"512557","146154","2025-12-03","45.00","NZD","1762826498","23477/2025-12-03/1762826498.json"
"365170","146153","2025-12-03","48.00","NZD","1762826498","23477/2025-12-03/1762826498.json"
"510807","146155","2025-12-03","52.00","NZD","1762826498","23477/2025-12-03/1762826498.json"
"581513","221281","2025-12-02","36.00","NZD","1762826498","23477/2025-12-02/1762826498.json"
"581514","221282","2025-12-02","36.00","NZD","1762826498","23477/2025-12-02/1762826498.json"
"512557","146154","2025-12-02","45.00","NZD","1762826498","23477/2025-12-02/1762826498.json"
"365170","146153","2025-12-02","48.00","NZD","1762826498","23477/2025-12-02/1762826498.json"
"510807","146155","2025-12-02","52.00","NZD","1762826498","23477/2025-12-02/1762826498.json"
"581513","221281","2025-12-04","36.00","NZD","1762826498","23477/2025-12-04/1762826498.json"
"581514","221282","2025-12-04","36.00","NZD","1762826498","23477/2025-12-04/1762826498.json"
"512557","146154","2025-12-04","45.00","NZD","1762826498","23477/2025-12-04/1762826498.json"
"365170","146153","2025-12-04","48.00","NZD","1762826498","23477/2025-12-04/1762826498.json"
"510807","146155","2025-12-04","52.00","NZD","1762826498","23477/2025-12-04/1762826498.json"
"581513","221281","2025-12-05","36.00","NZD","1762826498","23477/2025-12-05/1762826498.json"
"581514","221282","2025-12-05","36.00","NZD","1762826498","23477/2025-12-05/1762826498.json"
"512557","146154","2025-12-05","45.00","NZD","1762826498","23477/2025-12-05/1762826498.json"
"365170","146153","2025-12-05","48.00","NZD","1762826498","23477/2025-12-05/1762826498.json"
"510807","146155","2025-12-05","52.00","NZD","1762826498","23477/2025-12-05/1762826498.json"
"581513","221281","2025-12-06","36.00","NZD","1762826498","23477/2025-12-06/1762826498.json"
"581514","221282","2025-12-06","36.00","NZD","1762826498","23477/2025-12-06/1762826498.json"
"512557","146154","2025-12-06","45.00","NZD","1762826498","23477/2025-12-06/1762826498.json"
"365170","146153","2025-12-06","48.00","NZD","1762826498","23477/2025-12-06/1762826498.json"
"510807","146155","2025-12-06","52.00","NZD","1762826498","23477/2025-12-06/1762826498.json"
"581513","221281","2025-12-07","36.00","NZD","1762826498","23477/2025-12-07/1762826498.json"
"581514","221282","2025-12-07","36.00","NZD","1762826498","23477/2025-12-07/1762826498.json"
"512557","146154","2025-12-07","45.00","NZD","1762826498","23477/2025-12-07/1762826498.json"
"365170","146153","2025-12-07","48.00","NZD","1762826498","23477/2025-12-07/1762826498.json"
"510807","146155","2025-12-07","52.00","NZD","1762826498","23477/2025-12-07/1762826498.json"
"581513","221281","2025-12-08","36.00","NZD","1762826498","23477/2025-12-08/1762826498.json"
"581514","221282","2025-12-08","36.00","NZD","1762826498","23477/2025-12-08/1762826498.json"
"512557","146154","2025-12-08","45.00","NZD","1762826498","23477/2025-12-08/1762826498.json"
"365170","146153","2025-12-08","48.00","NZD","1762826498","23477/2025-12-08/1762826498.json"
"510807","146155","2025-12-08","52.00","NZD","1762826498","23477/2025-12-08/1762826498.json"
"581513","221281","2025-12-09","36.00","NZD","1762826498","23477/2025-12-09/1762826498.json"
"581514","221282","2025-12-09","36.00","NZD","1762826498","23477/2025-12-09/1762826498.json"
"512557","146154","2025-12-09","45.00","NZD","1762826498","23477/2025-12-09/1762826498.json"
"365170","146153","2025-12-09","48.00","NZD","1762826498","23477/2025-12-09/1762826498.json"
"510807","146155","2025-12-09","52.00","NZD","1762826498","23477/2025-12-09/1762826498.json"
"581513","221281","2025-12-10","36.00","NZD","1762826498","23477/2025-12-10/1762826498.json"
"581514","221282","2025-12-10","36.00","NZD","1762826498","23477/2025-12-10/1762826498.json"
"512557","146154","2025-12-10","45.00","NZD","1762826498","23477/2025-12-10/1762826498.json"
"365170","146153","2025-12-10","48.00","NZD","1762826498","23477/2025-12-10/1762826498.json"
"510807","146155","2025-12-10","52.00","NZD","1762826498","23477/2025-12-10/1762826498.json"
"581513","221281","2025-12-13","36.00","NZD","1762826498","23477/2025-12-13/1762826498.json"
"581514","221282","2025-12-13","36.00","NZD","1762826498","23477/2025-12-13/1762826498.json"
"512557","146154","2025-12-13","45.00","NZD","1762826498","23477/2025-12-13/1762826498.json"
"365170","146153","2025-12-13","48.00","NZD","1762826498","23477/2025-12-13/1762826498.json"
"510807","146155","2025-12-13","52.00","NZD","1762826498","23477/2025-12-13/1762826498.json"
"581513","221281","2025-12-11","36.00","NZD","1762826498","23477/2025-12-11/1762826498.json"
"581514","221282","2025-12-11","36.00","NZD","1762826498","23477/2025-12-11/1762826498.json"
"512557","146154","2025-12-11","45.00","NZD","1762826498","23477/2025-12-11/1762826498.json"
"365170","146153","2025-12-11","48.00","NZD","1762826498","23477/2025-12-11/1762826498.json"
"510807","146155","2025-12-11","52.00","NZD","1762826498","23477/2025-12-11/1762826498.json"
"581513","221281","2025-12-14","36.00","NZD","1762826498","23477/2025-12-14/1762826498.json"
"581514","221282","2025-12-14","36.00","NZD","1762826498","23477/2025-12-14/1762826498.json"
"512557","146154","2025-12-14","45.00","NZD","1762826498","23477/2025-12-14/1762826498.json"
"365170","146153","2025-12-14","48.00","NZD","1762826498","23477/2025-12-14/1762826498.json"
"510807","146155","2025-12-14","52.00","NZD","1762826498","23477/2025-12-14/1762826498.json"
"581513","221281","2025-12-15","36.00","NZD","1762826498","23477/2025-12-15/1762826498.json"
"581514","221282","2025-12-15","36.00","NZD","1762826498","23477/2025-12-15/1762826498.json"
"512557","146154","2025-12-15","45.00","NZD","1762826498","23477/2025-12-15/1762826498.json"
"365170","146153","2025-12-15","48.00","NZD","1762826498","23477/2025-12-15/1762826498.json"
"510807","146155","2025-12-15","52.00","NZD","1762826498","23477/2025-12-15/1762826498.json"
"581513","221281","2025-12-16","36.00","NZD","1762826498","23477/2025-12-16/1762826498.json"
"581514","221282","2025-12-16","36.00","NZD","1762826498","23477/2025-12-16/1762826498.json"
"512557","146154","2025-12-16","45.00","NZD","1762826498","23477/2025-12-16/1762826498.json"
"365170","146153","2025-12-16","48.00","NZD","1762826498","23477/2025-12-16/1762826498.json"
"510807","146155","2025-12-16","52.00","NZD","1762826498","23477/2025-12-16/1762826498.json"
"581513","221281","2025-12-12","36.00","NZD","1762826498","23477/2025-12-12/1762826498.json"
"581514","221282","2025-12-12","36.00","NZD","1762826498","23477/2025-12-12/1762826498.json"
"512557","146154","2025-12-12","45.00","NZD","1762826498","23477/2025-12-12/1762826498.json"
"365170","146153","2025-12-12","48.00","NZD","1762826498","23477/2025-12-12/1762826498.json"
"510807","146155","2025-12-12","52.00","NZD","1762826498","23477/2025-12-12/1762826498.json"
"581513","221281","2025-12-17","36.00","NZD","1762826498","23477/2025-12-17/1762826498.json"
"581514","221282","2025-12-17","36.00","NZD","1762826498","23477/2025-12-17/1762826498.json"
"512557","146154","2025-12-17","45.00","NZD","1762826498","23477/2025-12-17/1762826498.json"
"365170","146153","2025-12-17","48.00","NZD","1762826498","23477/2025-12-17/1762826498.json"
"510807","146155","2025-12-17","52.00","NZD","1762826498","23477/2025-12-17/1762826498.json"
"581513","221281","2025-12-18","36.00","NZD","1762826498","23477/2025-12-18/1762826498.json"
"581514","221282","2025-12-18","36.00","NZD","1762826498","23477/2025-12-18/1762826498.json"
"512557","146154","2025-12-18","45.00","NZD","1762826498","23477/2025-12-18/1762826498.json"
"365170","146153","2025-12-18","48.00","NZD","1762826498","23477/2025-12-18/1762826498.json"
"510807","146155","2025-12-18","52.00","NZD","1762826498","23477/2025-12-18/1762826498.json"
"581513","221281","2025-12-20","36.00","NZD","1762826498","23477/2025-12-20/1762826498.json"
"581514","221282","2025-12-20","36.00","NZD","1762826498","23477/2025-12-20/1762826498.json"
"512557","146154","2025-12-20","45.00","NZD","1762826498","23477/2025-12-20/1762826498.json"
"365170","146153","2025-12-20","48.00","NZD","1762826498","23477/2025-12-20/1762826498.json"
"510807","146155","2025-12-20","52.00","NZD","1762826498","23477/2025-12-20/1762826498.json"
"581513","221281","2025-12-19","36.00","NZD","1762826498","23477/2025-12-19/1762826498.json"
"581514","221282","2025-12-19","36.00","NZD","1762826498","23477/2025-12-19/1762826498.json"
"512557","146154","2025-12-19","45.00","NZD","1762826498","23477/2025-12-19/1762826498.json"
"365170","146153","2025-12-19","48.00","NZD","1762826498","23477/2025-12-19/1762826498.json"
"510807","146155","2025-12-19","52.00","NZD","1762826498","23477/2025-12-19/1762826498.json"
"581513","221281","2025-12-21","36.00","NZD","1762826498","23477/2025-12-21/1762826498.json"
"581514","221282","2025-12-21","36.00","NZD","1762826498","23477/2025-12-21/1762826498.json"
"512557","146154","2025-12-21","45.00","NZD","1762826498","23477/2025-12-21/1762826498.json"
"365170","146153","2025-12-21","48.00","NZD","1762826498","23477/2025-12-21/1762826498.json"
"510807","146155","2025-12-21","52.00","NZD","1762826498","23477/2025-12-21/1762826498.json"
"581513","221281","2025-12-22","36.00","NZD","1762826498","23477/2025-12-22/1762826498.json"
"581514","221282","2025-12-22","36.00","NZD","1762826498","23477/2025-12-22/1762826498.json"
"512557","146154","2025-12-22","45.00","NZD","1762826498","23477/2025-12-22/1762826498.json"
"365170","146153","2025-12-22","48.00","NZD","1762826498","23477/2025-12-22/1762826498.json"
"510807","146155","2025-12-22","52.00","NZD","1762826498","23477/2025-12-22/1762826498.json"
"581513","221281","2025-12-23","38.00","NZD","1762826498","23477/2025-12-23/1762826498.json"
"581514","221282","2025-12-23","38.00","NZD","1762826498","23477/2025-12-23/1762826498.json"
"512557","146154","2025-12-23","45.00","NZD","1762826498","23477/2025-12-23/1762826498.json"
"365170","146153","2025-12-23","48.00","NZD","1762826498","23477/2025-12-23/1762826498.json"
"510807","146155","2025-12-23","52.00","NZD","1762826498","23477/2025-12-23/1762826498.json"
"581513","221281","2025-12-25","38.00","NZD","1762826498","23477/2025-12-25/1762826498.json"
"581514","221282","2025-12-25","38.00","NZD","1762826498","23477/2025-12-25/1762826498.json"
"512557","146154","2025-12-25","45.00","NZD","1762826498","23477/2025-12-25/1762826498.json"
"365170","146153","2025-12-25","48.00","NZD","1762826498","23477/2025-12-25/1762826498.json"
"510807","146155","2025-12-25","52.00","NZD","1762826498","23477/2025-12-25/1762826498.json"
"581513","221281","2025-12-24","38.00","NZD","1762826498","23477/2025-12-24/1762826498.json"
"581514","221282","2025-12-24","38.00","NZD","1762826498","23477/2025-12-24/1762826498.json"
"512557","146154","2025-12-24","45.00","NZD","1762826498","23477/2025-12-24/1762826498.json"
"365170","146153","2025-12-24","48.00","NZD","1762826498","23477/2025-12-24/1762826498.json"
"510807","146155","2025-12-24","52.00","NZD","1762826498","23477/2025-12-24/1762826498.json"
"581513","221281","2025-12-26","42.00","NZD","1762826498","23477/2025-12-26/1762826498.json"
"581514","221282","2025-12-26","42.00","NZD","1762826498","23477/2025-12-26/1762826498.json"
"512557","146154","2025-12-26","45.00","NZD","1762826498","23477/2025-12-26/1762826498.json"
"365170","146153","2025-12-26","48.00","NZD","1762826498","23477/2025-12-26/1762826498.json"
"510807","146155","2025-12-26","52.00","NZD","1762826498","23477/2025-12-26/1762826498.json"
"581513","221281","2025-12-29","42.00","NZD","1762826498","23477/2025-12-29/1762826498.json"
"581514","221282","2025-12-29","42.00","NZD","1762826498","23477/2025-12-29/1762826498.json"
"512557","146154","2025-12-29","45.00","NZD","1762826498","23477/2025-12-29/1762826498.json"
"365170","146153","2025-12-29","48.00","NZD","1762826498","23477/2025-12-29/1762826498.json"
"510807","146155","2025-12-29","52.00","NZD","1762826498","23477/2025-12-29/1762826498.json"
"581513","221281","2025-12-27","42.00","NZD","1762826498","23477/2025-12-27/1762826498.json"
"581514","221282","2025-12-27","42.00","NZD","1762826498","23477/2025-12-27/1762826498.json"
"512557","146154","2025-12-27","45.00","NZD","1762826498","23477/2025-12-27/1762826498.json"
"365170","146153","2025-12-27","48.00","NZD","1762826498","23477/2025-12-27/1762826498.json"
"510807","146155","2025-12-27","52.00","NZD","1762826498","23477/2025-12-27/1762826498.json"
"581513","221281","2025-12-28","42.00","NZD","1762826498","23477/2025-12-28/1762826498.json"
"581514","221282","2025-12-28","42.00","NZD","1762826498","23477/2025-12-28/1762826498.json"
"512557","146154","2025-12-28","45.00","NZD","1762826498","23477/2025-12-28/1762826498.json"
"365170","146153","2025-12-28","48.00","NZD","1762826498","23477/2025-12-28/1762826498.json"
"510807","146155","2025-12-28","52.00","NZD","1762826498","23477/2025-12-28/1762826498.json"
"581513","221281","2025-12-30","42.00","NZD","1762826498","23477/2025-12-30/1762826498.json"
"581514","221282","2025-12-30","42.00","NZD","1762826498","23477/2025-12-30/1762826498.json"
"512557","146154","2025-12-30","45.00","NZD","1762826498","23477/2025-12-30/1762826498.json"
"365170","146153","2025-12-30","48.00","NZD","1762826498","23477/2025-12-30/1762826498.json"
"510807","146155","2025-12-30","52.00","NZD","1762826498","23477/2025-12-30/1762826498.json"
"581513","221281","2025-12-31","42.00","NZD","1762826498","23477/2025-12-31/1762826498.json"
"581514","221282","2025-12-31","42.00","NZD","1762826498","23477/2025-12-31/1762826498.json"
"512557","146154","2025-12-31","45.00","NZD","1762826498","23477/2025-12-31/1762826498.json"
"365170","146153","2025-12-31","48.00","NZD","1762826498","23477/2025-12-31/1762826498.json"
"510807","146155","2025-12-31","52.00","NZD","1762826498","23477/2025-12-31/1762826498.json"
"581513","221281","2026-01-01","42.00","NZD","1762826498","23477/2026-01-01/1762826498.json"
"581514","221282","2026-01-01","42.00","NZD","1762826498","23477/2026-01-01/1762826498.json"
"512557","146154","2026-01-01","45.00","NZD","1762826498","23477/2026-01-01/1762826498.json"
"365170","146153","2026-01-01","48.00","NZD","1762826498","23477/2026-01-01/1762826498.json"
"510807","146155","2026-01-01","52.00","NZD","1762826498","23477/2026-01-01/1762826498.json"
"581513","221281","2026-01-02","42.00","NZD","1762826498","23477/2026-01-02/1762826498.json"
"581514","221282","2026-01-02","42.00","NZD","1762826498","23477/2026-01-02/1762826498.json"
"512557","146154","2026-01-02","45.00","NZD","1762826498","23477/2026-01-02/1762826498.json"
"365170","146153","2026-01-02","48.00","NZD","1762826498","23477/2026-01-02/1762826498.json"
"510807","146155","2026-01-02","52.00","NZD","1762826498","23477/2026-01-02/1762826498.json"
"581513","221281","2026-01-03","42.00","NZD","1762826498","23477/2026-01-03/1762826498.json"
"581514","221282","2026-01-03","42.00","NZD","1762826498","23477/2026-01-03/1762826498.json"
"512557","146154","2026-01-03","45.00","NZD","1762826498","23477/2026-01-03/1762826498.json"
"365170","146153","2026-01-03","48.00","NZD","1762826498","23477/2026-01-03/1762826498.json"
"510807","146155","2026-01-03","52.00","NZD","1762826498","23477/2026-01-03/1762826498.json"
"581513","221281","2026-01-04","42.00","NZD","1762826498","23477/2026-01-04/1762826498.json"
"581514","221282","2026-01-04","42.00","NZD","1762826498","23477/2026-01-04/1762826498.json"
"512557","146154","2026-01-04","45.00","NZD","1762826498","23477/2026-01-04/1762826498.json"
"365170","146153","2026-01-04","48.00","NZD","1762826498","23477/2026-01-04/1762826498.json"
"510807","146155","2026-01-04","52.00","NZD","1762826498","23477/2026-01-04/1762826498.json"
"581513","221281","2026-01-05","36.00","NZD","1762826498","23477/2026-01-05/1762826498.json"
"581514","221282","2026-01-05","36.00","NZD","1762826498","23477/2026-01-05/1762826498.json"
"512557","146154","2026-01-05","45.00","NZD","1762826498","23477/2026-01-05/1762826498.json"
"365170","146153","2026-01-05","48.00","NZD","1762826498","23477/2026-01-05/1762826498.json"
"510807","146155","2026-01-05","52.00","NZD","1762826498","23477/2026-01-05/1762826498.json"
"581513","221281","2026-01-06","36.00","NZD","1762826498","23477/2026-01-06/1762826498.json"
"581514","221282","2026-01-06","36.00","NZD","1762826498","23477/2026-01-06/1762826498.json"
"512557","146154","2026-01-06","45.00","NZD","1762826498","23477/2026-01-06/1762826498.json"
"365170","146153","2026-01-06","48.00","NZD","1762826498","23477/2026-01-06/1762826498.json"
"510807","146155","2026-01-06","52.00","NZD","1762826498","23477/2026-01-06/1762826498.json"
"581513","221281","2026-01-07","36.00","NZD","1762826498","23477/2026-01-07/1762826498.json"
"581514","221282","2026-01-07","36.00","NZD","1762826498","23477/2026-01-07/1762826498.json"
"512557","146154","2026-01-07","45.00","NZD","1762826498","23477/2026-01-07/1762826498.json"
"365170","146153","2026-01-07","48.00","NZD","1762826498","23477/2026-01-07/1762826498.json"
"510807","146155","2026-01-07","52.00","NZD","1762826498","23477/2026-01-07/1762826498.json"
"581513","221281","2026-01-09","36.00","NZD","1762826498","23477/2026-01-09/1762826498.json"
"581514","221282","2026-01-09","36.00","NZD","1762826498","23477/2026-01-09/1762826498.json"
"512557","146154","2026-01-09","45.00","NZD","1762826498","23477/2026-01-09/1762826498.json"
"365170","146153","2026-01-09","48.00","NZD","1762826498","23477/2026-01-09/1762826498.json"
"510807","146155","2026-01-09","52.00","NZD","1762826498","23477/2026-01-09/1762826498.json"
"581513","221281","2026-01-08","36.00","NZD","1762826498","23477/2026-01-08/1762826498.json"
"581514","221282","2026-01-08","36.00","NZD","1762826498","23477/2026-01-08/1762826498.json"
"512557","146154","2026-01-08","45.00","NZD","1762826498","23477/2026-01-08/1762826498.json"
"365170","146153","2026-01-08","48.00","NZD","1762826498","23477/2026-01-08/1762826498.json"
"510807","146155","2026-01-08","52.00","NZD","1762826498","23477/2026-01-08/1762826498.json"
"581513","221281","2026-01-10","36.00","NZD","1762826498","23477/2026-01-10/1762826498.json"
"581514","221282","2026-01-10","36.00","NZD","1762826498","23477/2026-01-10/1762826498.json"
"512557","146154","2026-01-10","45.00","NZD","1762826498","23477/2026-01-10/1762826498.json"
"365170","146153","2026-01-10","48.00","NZD","1762826498","23477/2026-01-10/1762826498.json"
"510807","146155","2026-01-10","52.00","NZD","1762826498","23477/2026-01-10/1762826498.json"
"581513","221281","2025-11-12","36.00","NZD","1762836061","23477/2025-11-12/1762836061.json"
"581514","221282","2025-11-12","36.00","NZD","1762836061","23477/2025-11-12/1762836061.json"
"512557","146154","2025-11-12","45.00","NZD","1762836061","23477/2025-11-12/1762836061.json"
"365170","146153","2025-11-12","48.00","NZD","1762836061","23477/2025-11-12/1762836061.json"
"510807","146155","2025-11-12","52.00","NZD","1762836061","23477/2025-11-12/1762836061.json"
"581513","221281","2025-11-11","36.00","NZD","1762836061","23477/2025-11-11/1762836061.json"
"581514","221282","2025-11-11","36.00","NZD","1762836061","23477/2025-11-11/1762836061.json"
"512557","146154","2025-11-11","45.00","NZD","1762836061","23477/2025-11-11/1762836061.json"
"365170","146153","2025-11-11","48.00","NZD","1762836061","23477/2025-11-11/1762836061.json"
"510807","146155","2025-11-11","52.00","NZD","1762836061","23477/2025-11-11/1762836061.json"
"581513","221281","2025-11-13","36.00","NZD","1762836061","23477/2025-11-13/1762836061.json"
"581514","221282","2025-11-13","36.00","NZD","1762836061","23477/2025-11-13/1762836061.json"
"512557","146154","2025-11-13","45.00","NZD","1762836061","23477/2025-11-13/1762836061.json"
"365170","146153","2025-11-13","48.00","NZD","1762836061","23477/2025-11-13/1762836061.json"
"510807","146155","2025-11-13","52.00","NZD","1762836061","23477/2025-11-13/1762836061.json"
"581513","221281","2025-11-14","36.00","NZD","1762836061","23477/2025-11-14/1762836061.json"
"581514","221282","2025-11-14","36.00","NZD","1762836061","23477/2025-11-14/1762836061.json"
"512557","146154","2025-11-14","45.00","NZD","1762836061","23477/2025-11-14/1762836061.json"
"365170","146153","2025-11-14","48.00","NZD","1762836061","23477/2025-11-14/1762836061.json"
"510807","146155","2025-11-14","52.00","NZD","1762836061","23477/2025-11-14/1762836061.json"
"581513","221281","2025-11-15","36.00","NZD","1762836061","23477/2025-11-15/1762836061.json"
"581514","221282","2025-11-15","36.00","NZD","1762836061","23477/2025-11-15/1762836061.json"
"512557","146154","2025-11-15","45.00","NZD","1762836061","23477/2025-11-15/1762836061.json"
"365170","146153","2025-11-15","48.00","NZD","1762836061","23477/2025-11-15/1762836061.json"
"510807","146155","2025-11-15","52.00","NZD","1762836061","23477/2025-11-15/1762836061.json"
"581513","221281","2025-11-16","36.00","NZD","1762836061","23477/2025-11-16/1762836061.json"
"581514","221282","2025-11-16","36.00","NZD","1762836061","23477/2025-11-16/1762836061.json"
"512557","146154","2025-11-16","45.00","NZD","1762836061","23477/2025-11-16/1762836061.json"
"365170","146153","2025-11-16","48.00","NZD","1762836061","23477/2025-11-16/1762836061.json"
"510807","146155","2025-11-16","52.00","NZD","1762836061","23477/2025-11-16/1762836061.json"
"581513","221281","2025-11-17","36.00","NZD","1762836061","23477/2025-11-17/1762836061.json"
"581514","221282","2025-11-17","36.00","NZD","1762836061","23477/2025-11-17/1762836061.json"
"512557","146154","2025-11-17","45.00","NZD","1762836061","23477/2025-11-17/1762836061.json"
"365170","146153","2025-11-17","48.00","NZD","1762836061","23477/2025-11-17/1762836061.json"
"510807","146155","2025-11-17","52.00","NZD","1762836061","23477/2025-11-17/1762836061.json"
"581513","221281","2025-11-18","36.00","NZD","1762836061","23477/2025-11-18/1762836061.json"
"581514","221282","2025-11-18","36.00","NZD","1762836061","23477/2025-11-18/1762836061.json"
"512557","146154","2025-11-18","45.00","NZD","1762836061","23477/2025-11-18/1762836061.json"
"365170","146153","2025-11-18","48.00","NZD","1762836061","23477/2025-11-18/1762836061.json"
"510807","146155","2025-11-18","52.00","NZD","1762836061","23477/2025-11-18/1762836061.json"
"581513","221281","2025-11-20","36.00","NZD","1762836061","23477/2025-11-20/1762836061.json"
"581514","221282","2025-11-20","36.00","NZD","1762836061","23477/2025-11-20/1762836061.json"
"512557","146154","2025-11-20","45.00","NZD","1762836061","23477/2025-11-20/1762836061.json"
"581513","221281","2025-11-19","36.00","NZD","1762836061","23477/2025-11-19/1762836061.json"
"581514","221282","2025-11-19","36.00","NZD","1762836061","23477/2025-11-19/1762836061.json"
"512557","146154","2025-11-19","45.00","NZD","1762836061","23477/2025-11-19/1762836061.json"
"365170","146153","2025-11-19","48.00","NZD","1762836061","23477/2025-11-19/1762836061.json"
"510807","146155","2025-11-19","52.00","NZD","1762836061","23477/2025-11-19/1762836061.json"
"581513","221281","2025-11-21","36.00","NZD","1762836061","23477/2025-11-21/1762836061.json"
"581514","221282","2025-11-21","36.00","NZD","1762836061","23477/2025-11-21/1762836061.json"
"512557","146154","2025-11-21","45.00","NZD","1762836061","23477/2025-11-21/1762836061.json"
"365170","146153","2025-11-21","48.00","NZD","1762836061","23477/2025-11-21/1762836061.json"
"510807","146155","2025-11-21","52.00","NZD","1762836061","23477/2025-11-21/1762836061.json"
"581513","221281","2025-11-22","36.00","NZD","1762836061","23477/2025-11-22/1762836061.json"
"581514","221282","2025-11-22","36.00","NZD","1762836061","23477/2025-11-22/1762836061.json"
"512557","146154","2025-11-22","45.00","NZD","1762836061","23477/2025-11-22/1762836061.json"
"365170","146153","2025-11-22","48.00","NZD","1762836061","23477/2025-11-22/1762836061.json"
"510807","146155","2025-11-22","52.00","NZD","1762836061","23477/2025-11-22/1762836061.json"
"581513","221281","2025-11-24","36.00","NZD","1762836061","23477/2025-11-24/1762836061.json"
"581514","221282","2025-11-24","36.00","NZD","1762836061","23477/2025-11-24/1762836061.json"
"512557","146154","2025-11-24","45.00","NZD","1762836061","23477/2025-11-24/1762836061.json"
"365170","146153","2025-11-24","48.00","NZD","1762836061","23477/2025-11-24/1762836061.json"
"510807","146155","2025-11-24","52.00","NZD","1762836061","23477/2025-11-24/1762836061.json"
"581513","221281","2025-11-23","36.00","NZD","1762836061","23477/2025-11-23/1762836061.json"
"581514","221282","2025-11-23","36.00","NZD","1762836061","23477/2025-11-23/1762836061.json"
"512557","146154","2025-11-23","45.00","NZD","1762836061","23477/2025-11-23/1762836061.json"
"365170","146153","2025-11-23","48.00","NZD","1762836061","23477/2025-11-23/1762836061.json"
"510807","146155","2025-11-23","52.00","NZD","1762836061","23477/2025-11-23/1762836061.json"
"581513","221281","2025-11-25","36.00","NZD","1762836061","23477/2025-11-25/1762836061.json"
"581514","221282","2025-11-25","36.00","NZD","1762836061","23477/2025-11-25/1762836061.json"
"512557","146154","2025-11-25","45.00","NZD","1762836061","23477/2025-11-25/1762836061.json"
"365170","146153","2025-11-25","48.00","NZD","1762836061","23477/2025-11-25/1762836061.json"
"510807","146155","2025-11-25","52.00","NZD","1762836061","23477/2025-11-25/1762836061.json"
"581513","221281","2025-11-26","36.00","NZD","1762836061","23477/2025-11-26/1762836061.json"
"581514","221282","2025-11-26","36.00","NZD","1762836061","23477/2025-11-26/1762836061.json"
"512557","146154","2025-11-26","45.00","NZD","1762836061","23477/2025-11-26/1762836061.json"
"365170","146153","2025-11-26","48.00","NZD","1762836061","23477/2025-11-26/1762836061.json"
"510807","146155","2025-11-26","52.00","NZD","1762836061","23477/2025-11-26/1762836061.json"
"581513","221281","2025-11-27","36.00","NZD","1762836061","23477/2025-11-27/1762836061.json"
"581514","221282","2025-11-27","36.00","NZD","1762836061","23477/2025-11-27/1762836061.json"
"512557","146154","2025-11-27","45.00","NZD","1762836061","23477/2025-11-27/1762836061.json"
"365170","146153","2025-11-27","48.00","NZD","1762836061","23477/2025-11-27/1762836061.json"
"510807","146155","2025-11-27","52.00","NZD","1762836061","23477/2025-11-27/1762836061.json"
"581513","221281","2025-11-28","36.00","NZD","1762836061","23477/2025-11-28/1762836061.json"
"581514","221282","2025-11-28","36.00","NZD","1762836061","23477/2025-11-28/1762836061.json"
"512557","146154","2025-11-28","45.00","NZD","1762836061","23477/2025-11-28/1762836061.json"
"365170","146153","2025-11-28","48.00","NZD","1762836061","23477/2025-11-28/1762836061.json"
"510807","146155","2025-11-28","52.00","NZD","1762836061","23477/2025-11-28/1762836061.json"
"581513","221281","2025-11-29","36.00","NZD","1762836061","23477/2025-11-29/1762836061.json"
"581514","221282","2025-11-29","36.00","NZD","1762836061","23477/2025-11-29/1762836061.json"
"512557","146154","2025-11-29","45.00","NZD","1762836061","23477/2025-11-29/1762836061.json"
"365170","146153","2025-11-29","48.00","NZD","1762836061","23477/2025-11-29/1762836061.json"
"510807","146155","2025-11-29","52.00","NZD","1762836061","23477/2025-11-29/1762836061.json"
"581513","221281","2025-11-30","36.00","NZD","1762836061","23477/2025-11-30/1762836061.json"
"581514","221282","2025-11-30","36.00","NZD","1762836061","23477/2025-11-30/1762836061.json"
"512557","146154","2025-11-30","45.00","NZD","1762836061","23477/2025-11-30/1762836061.json"
"365170","146153","2025-11-30","48.00","NZD","1762836061","23477/2025-11-30/1762836061.json"
"510807","146155","2025-11-30","52.00","NZD","1762836061","23477/2025-11-30/1762836061.json"
"581513","221281","2025-12-01","36.00","NZD","1762836061","23477/2025-12-01/1762836061.json"
"581514","221282","2025-12-01","36.00","NZD","1762836061","23477/2025-12-01/1762836061.json"
"512557","146154","2025-12-01","45.00","NZD","1762836061","23477/2025-12-01/1762836061.json"
"365170","146153","2025-12-01","48.00","NZD","1762836061","23477/2025-12-01/1762836061.json"
"510807","146155","2025-12-01","52.00","NZD","1762836061","23477/2025-12-01/1762836061.json"
"581513","221281","2025-12-05","36.00","NZD","1762836061","23477/2025-12-05/1762836061.json"
"581514","221282","2025-12-05","36.00","NZD","1762836061","23477/2025-12-05/1762836061.json"
"512557","146154","2025-12-05","45.00","NZD","1762836061","23477/2025-12-05/1762836061.json"
"365170","146153","2025-12-05","48.00","NZD","1762836061","23477/2025-12-05/1762836061.json"
"510807","146155","2025-12-05","52.00","NZD","1762836061","23477/2025-12-05/1762836061.json"
"581513","221281","2025-12-04","36.00","NZD","1762836061","23477/2025-12-04/1762836061.json"
"581514","221282","2025-12-04","36.00","NZD","1762836061","23477/2025-12-04/1762836061.json"
"512557","146154","2025-12-04","45.00","NZD","1762836061","23477/2025-12-04/1762836061.json"
"365170","146153","2025-12-04","48.00","NZD","1762836061","23477/2025-12-04/1762836061.json"
"510807","146155","2025-12-04","52.00","NZD","1762836061","23477/2025-12-04/1762836061.json"
"581513","221281","2025-12-03","36.00","NZD","1762836061","23477/2025-12-03/1762836061.json"
"581514","221282","2025-12-03","36.00","NZD","1762836061","23477/2025-12-03/1762836061.json"
"512557","146154","2025-12-03","45.00","NZD","1762836061","23477/2025-12-03/1762836061.json"
"365170","146153","2025-12-03","48.00","NZD","1762836061","23477/2025-12-03/1762836061.json"
"510807","146155","2025-12-03","52.00","NZD","1762836061","23477/2025-12-03/1762836061.json"
"581513","221281","2025-12-02","36.00","NZD","1762836061","23477/2025-12-02/1762836061.json"
"581514","221282","2025-12-02","36.00","NZD","1762836061","23477/2025-12-02/1762836061.json"
"512557","146154","2025-12-02","45.00","NZD","1762836061","23477/2025-12-02/1762836061.json"
"365170","146153","2025-12-02","48.00","NZD","1762836061","23477/2025-12-02/1762836061.json"
"510807","146155","2025-12-02","52.00","NZD","1762836061","23477/2025-12-02/1762836061.json"
"581513","221281","2025-12-07","36.00","NZD","1762836061","23477/2025-12-07/1762836061.json"
"581514","221282","2025-12-07","36.00","NZD","1762836061","23477/2025-12-07/1762836061.json"
"512557","146154","2025-12-07","45.00","NZD","1762836061","23477/2025-12-07/1762836061.json"
"365170","146153","2025-12-07","48.00","NZD","1762836061","23477/2025-12-07/1762836061.json"
"510807","146155","2025-12-07","52.00","NZD","1762836061","23477/2025-12-07/1762836061.json"
"581513","221281","2025-12-08","36.00","NZD","1762836061","23477/2025-12-08/1762836061.json"
"581514","221282","2025-12-08","36.00","NZD","1762836061","23477/2025-12-08/1762836061.json"
"512557","146154","2025-12-08","45.00","NZD","1762836061","23477/2025-12-08/1762836061.json"
"365170","146153","2025-12-08","48.00","NZD","1762836061","23477/2025-12-08/1762836061.json"
"510807","146155","2025-12-08","52.00","NZD","1762836061","23477/2025-12-08/1762836061.json"
"581513","221281","2025-12-06","36.00","NZD","1762836061","23477/2025-12-06/1762836061.json"
"581514","221282","2025-12-06","36.00","NZD","1762836061","23477/2025-12-06/1762836061.json"
"512557","146154","2025-12-06","45.00","NZD","1762836061","23477/2025-12-06/1762836061.json"
"365170","146153","2025-12-06","48.00","NZD","1762836061","23477/2025-12-06/1762836061.json"
"510807","146155","2025-12-06","52.00","NZD","1762836061","23477/2025-12-06/1762836061.json"
"581513","221281","2025-12-10","36.00","NZD","1762836061","23477/2025-12-10/1762836061.json"
"581514","221282","2025-12-10","36.00","NZD","1762836061","23477/2025-12-10/1762836061.json"
"512557","146154","2025-12-10","45.00","NZD","1762836061","23477/2025-12-10/1762836061.json"
"365170","146153","2025-12-10","48.00","NZD","1762836061","23477/2025-12-10/1762836061.json"
"510807","146155","2025-12-10","52.00","NZD","1762836061","23477/2025-12-10/1762836061.json"
"581513","221281","2025-12-11","36.00","NZD","1762836061","23477/2025-12-11/1762836061.json"
"581514","221282","2025-12-11","36.00","NZD","1762836061","23477/2025-12-11/1762836061.json"
"512557","146154","2025-12-11","45.00","NZD","1762836061","23477/2025-12-11/1762836061.json"
"365170","146153","2025-12-11","48.00","NZD","1762836061","23477/2025-12-11/1762836061.json"
"510807","146155","2025-12-11","52.00","NZD","1762836061","23477/2025-12-11/1762836061.json"
"581513","221281","2025-12-12","36.00","NZD","1762836061","23477/2025-12-12/1762836061.json"
"581514","221282","2025-12-12","36.00","NZD","1762836061","23477/2025-12-12/1762836061.json"
"512557","146154","2025-12-12","45.00","NZD","1762836061","23477/2025-12-12/1762836061.json"
"365170","146153","2025-12-12","48.00","NZD","1762836061","23477/2025-12-12/1762836061.json"
"510807","146155","2025-12-12","52.00","NZD","1762836061","23477/2025-12-12/1762836061.json"
"581513","221281","2025-12-13","36.00","NZD","1762836061","23477/2025-12-13/1762836061.json"
"581514","221282","2025-12-13","36.00","NZD","1762836061","23477/2025-12-13/1762836061.json"
"512557","146154","2025-12-13","45.00","NZD","1762836061","23477/2025-12-13/1762836061.json"
"365170","146153","2025-12-13","48.00","NZD","1762836061","23477/2025-12-13/1762836061.json"
"510807","146155","2025-12-13","52.00","NZD","1762836061","23477/2025-12-13/1762836061.json"
"581513","221281","2025-12-14","36.00","NZD","1762836061","23477/2025-12-14/1762836061.json"
"581514","221282","2025-12-14","36.00","NZD","1762836061","23477/2025-12-14/1762836061.json"
"512557","146154","2025-12-14","45.00","NZD","1762836061","23477/2025-12-14/1762836061.json"
"365170","146153","2025-12-14","48.00","NZD","1762836061","23477/2025-12-14/1762836061.json"
"510807","146155","2025-12-14","52.00","NZD","1762836061","23477/2025-12-14/1762836061.json"
"581513","221281","2025-12-15","36.00","NZD","1762836061","23477/2025-12-15/1762836061.json"
"581514","221282","2025-12-15","36.00","NZD","1762836061","23477/2025-12-15/1762836061.json"
"512557","146154","2025-12-15","45.00","NZD","1762836061","23477/2025-12-15/1762836061.json"
"365170","146153","2025-12-15","48.00","NZD","1762836061","23477/2025-12-15/1762836061.json"
"510807","146155","2025-12-15","52.00","NZD","1762836061","23477/2025-12-15/1762836061.json"
"581513","221281","2025-12-09","36.00","NZD","1762836061","23477/2025-12-09/1762836061.json"
"581514","221282","2025-12-09","36.00","NZD","1762836061","23477/2025-12-09/1762836061.json"
"512557","146154","2025-12-09","45.00","NZD","1762836061","23477/2025-12-09/1762836061.json"
"365170","146153","2025-12-09","48.00","NZD","1762836061","23477/2025-12-09/1762836061.json"
"510807","146155","2025-12-09","52.00","NZD","1762836061","23477/2025-12-09/1762836061.json"
"581513","221281","2025-12-16","36.00","NZD","1762836061","23477/2025-12-16/1762836061.json"
"581514","221282","2025-12-16","36.00","NZD","1762836061","23477/2025-12-16/1762836061.json"
"512557","146154","2025-12-16","45.00","NZD","1762836061","23477/2025-12-16/1762836061.json"
"365170","146153","2025-12-16","48.00","NZD","1762836061","23477/2025-12-16/1762836061.json"
"510807","146155","2025-12-16","52.00","NZD","1762836061","23477/2025-12-16/1762836061.json"
"581513","221281","2025-12-20","36.00","NZD","1762836061","23477/2025-12-20/1762836061.json"
"581514","221282","2025-12-20","36.00","NZD","1762836061","23477/2025-12-20/1762836061.json"
"512557","146154","2025-12-20","45.00","NZD","1762836061","23477/2025-12-20/1762836061.json"
"365170","146153","2025-12-20","48.00","NZD","1762836061","23477/2025-12-20/1762836061.json"
"510807","146155","2025-12-20","52.00","NZD","1762836061","23477/2025-12-20/1762836061.json"
"581513","221281","2025-12-17","36.00","NZD","1762836061","23477/2025-12-17/1762836061.json"
"581514","221282","2025-12-17","36.00","NZD","1762836061","23477/2025-12-17/1762836061.json"
"512557","146154","2025-12-17","45.00","NZD","1762836061","23477/2025-12-17/1762836061.json"
"365170","146153","2025-12-17","48.00","NZD","1762836061","23477/2025-12-17/1762836061.json"
"510807","146155","2025-12-17","52.00","NZD","1762836061","23477/2025-12-17/1762836061.json"
"581513","221281","2025-12-18","36.00","NZD","1762836061","23477/2025-12-18/1762836061.json"
"581514","221282","2025-12-18","36.00","NZD","1762836061","23477/2025-12-18/1762836061.json"
"512557","146154","2025-12-18","45.00","NZD","1762836061","23477/2025-12-18/1762836061.json"
"365170","146153","2025-12-18","48.00","NZD","1762836061","23477/2025-12-18/1762836061.json"
"510807","146155","2025-12-18","52.00","NZD","1762836061","23477/2025-12-18/1762836061.json"
"581513","221281","2025-12-19","36.00","NZD","1762836061","23477/2025-12-19/1762836061.json"
"581514","221282","2025-12-19","36.00","NZD","1762836061","23477/2025-12-19/1762836061.json"
"512557","146154","2025-12-19","45.00","NZD","1762836061","23477/2025-12-19/1762836061.json"
"365170","146153","2025-12-19","48.00","NZD","1762836061","23477/2025-12-19/1762836061.json"
"510807","146155","2025-12-19","52.00","NZD","1762836061","23477/2025-12-19/1762836061.json"
"581513","221281","2025-12-24","38.00","NZD","1762836061","23477/2025-12-24/1762836061.json"
"581514","221282","2025-12-24","38.00","NZD","1762836061","23477/2025-12-24/1762836061.json"
"512557","146154","2025-12-24","45.00","NZD","1762836061","23477/2025-12-24/1762836061.json"
"365170","146153","2025-12-24","48.00","NZD","1762836061","23477/2025-12-24/1762836061.json"
"510807","146155","2025-12-24","52.00","NZD","1762836061","23477/2025-12-24/1762836061.json"
"581513","221281","2025-12-21","36.00","NZD","1762836061","23477/2025-12-21/1762836061.json"
"581514","221282","2025-12-21","36.00","NZD","1762836061","23477/2025-12-21/1762836061.json"
"512557","146154","2025-12-21","45.00","NZD","1762836061","23477/2025-12-21/1762836061.json"
"365170","146153","2025-12-21","48.00","NZD","1762836061","23477/2025-12-21/1762836061.json"
"510807","146155","2025-12-21","52.00","NZD","1762836061","23477/2025-12-21/1762836061.json"
"581513","221281","2025-12-22","36.00","NZD","1762836061","23477/2025-12-22/1762836061.json"
"581514","221282","2025-12-22","36.00","NZD","1762836061","23477/2025-12-22/1762836061.json"
"512557","146154","2025-12-22","45.00","NZD","1762836061","23477/2025-12-22/1762836061.json"
"365170","146153","2025-12-22","48.00","NZD","1762836061","23477/2025-12-22/1762836061.json"
"510807","146155","2025-12-22","52.00","NZD","1762836061","23477/2025-12-22/1762836061.json"
"581513","221281","2025-12-23","38.00","NZD","1762836061","23477/2025-12-23/1762836061.json"
"581514","221282","2025-12-23","38.00","NZD","1762836061","23477/2025-12-23/1762836061.json"
"512557","146154","2025-12-23","45.00","NZD","1762836061","23477/2025-12-23/1762836061.json"
"365170","146153","2025-12-23","48.00","NZD","1762836061","23477/2025-12-23/1762836061.json"
"510807","146155","2025-12-23","52.00","NZD","1762836061","23477/2025-12-23/1762836061.json"
"581513","221281","2025-12-25","38.00","NZD","1762836061","23477/2025-12-25/1762836061.json"
"581514","221282","2025-12-25","38.00","NZD","1762836061","23477/2025-12-25/1762836061.json"
"512557","146154","2025-12-25","45.00","NZD","1762836061","23477/2025-12-25/1762836061.json"
"365170","146153","2025-12-25","48.00","NZD","1762836061","23477/2025-12-25/1762836061.json"
"510807","146155","2025-12-25","52.00","NZD","1762836061","23477/2025-12-25/1762836061.json"
"581513","221281","2025-12-26","42.00","NZD","1762836061","23477/2025-12-26/1762836061.json"
"581514","221282","2025-12-26","42.00","NZD","1762836061","23477/2025-12-26/1762836061.json"
"581513","221281","2025-12-27","42.00","NZD","1762836061","23477/2025-12-27/1762836061.json"
"512557","146154","2025-12-26","45.00","NZD","1762836061","23477/2025-12-26/1762836061.json"
"581514","221282","2025-12-27","42.00","NZD","1762836061","23477/2025-12-27/1762836061.json"
"365170","146153","2025-12-26","48.00","NZD","1762836061","23477/2025-12-26/1762836061.json"
"512557","146154","2025-12-27","45.00","NZD","1762836061","23477/2025-12-27/1762836061.json"
"365170","146153","2025-12-27","48.00","NZD","1762836061","23477/2025-12-27/1762836061.json"
"510807","146155","2025-12-26","52.00","NZD","1762836061","23477/2025-12-26/1762836061.json"
"510807","146155","2025-12-27","52.00","NZD","1762836061","23477/2025-12-27/1762836061.json"
"581513","221281","2025-12-28","42.00","NZD","1762836061","23477/2025-12-28/1762836061.json"
"581514","221282","2025-12-28","42.00","NZD","1762836061","23477/2025-12-28/1762836061.json"
"512557","146154","2025-12-28","45.00","NZD","1762836061","23477/2025-12-28/1762836061.json"
"365170","146153","2025-12-28","48.00","NZD","1762836061","23477/2025-12-28/1762836061.json"
"510807","146155","2025-12-28","52.00","NZD","1762836061","23477/2025-12-28/1762836061.json"
"581513","221281","2025-12-29","42.00","NZD","1762836061","23477/2025-12-29/1762836061.json"
"581514","221282","2025-12-29","42.00","NZD","1762836061","23477/2025-12-29/1762836061.json"
"512557","146154","2025-12-29","45.00","NZD","1762836061","23477/2025-12-29/1762836061.json"
"365170","146153","2025-12-29","48.00","NZD","1762836061","23477/2025-12-29/1762836061.json"
"510807","146155","2025-12-29","52.00","NZD","1762836061","23477/2025-12-29/1762836061.json"
"581513","221281","2025-12-30","42.00","NZD","1762836061","23477/2025-12-30/1762836061.json"
"581514","221282","2025-12-30","42.00","NZD","1762836061","23477/2025-12-30/1762836061.json"
"512557","146154","2025-12-30","45.00","NZD","1762836061","23477/2025-12-30/1762836061.json"
"365170","146153","2025-12-30","48.00","NZD","1762836061","23477/2025-12-30/1762836061.json"
"510807","146155","2025-12-30","52.00","NZD","1762836061","23477/2025-12-30/1762836061.json"
"581513","221281","2026-01-01","42.00","NZD","1762836061","23477/2026-01-01/1762836061.json"
"581514","221282","2026-01-01","42.00","NZD","1762836061","23477/2026-01-01/1762836061.json"
"512557","146154","2026-01-01","45.00","NZD","1762836061","23477/2026-01-01/1762836061.json"
"365170","146153","2026-01-01","48.00","NZD","1762836061","23477/2026-01-01/1762836061.json"
"510807","146155","2026-01-01","52.00","NZD","1762836061","23477/2026-01-01/1762836061.json"
"581513","221281","2026-01-02","42.00","NZD","1762836061","23477/2026-01-02/1762836061.json"
"581514","221282","2026-01-02","42.00","NZD","1762836061","23477/2026-01-02/1762836061.json"
"512557","146154","2026-01-02","45.00","NZD","1762836061","23477/2026-01-02/1762836061.json"
"365170","146153","2026-01-02","48.00","NZD","1762836061","23477/2026-01-02/1762836061.json"
"510807","146155","2026-01-02","52.00","NZD","1762836061","23477/2026-01-02/1762836061.json"
"581513","221281","2026-01-03","42.00","NZD","1762836061","23477/2026-01-03/1762836061.json"
"581514","221282","2026-01-03","42.00","NZD","1762836061","23477/2026-01-03/1762836061.json"
"512557","146154","2026-01-03","45.00","NZD","1762836061","23477/2026-01-03/1762836061.json"
"365170","146153","2026-01-03","48.00","NZD","1762836061","23477/2026-01-03/1762836061.json"
"510807","146155","2026-01-03","52.00","NZD","1762836061","23477/2026-01-03/1762836061.json"
"581513","221281","2025-12-31","42.00","NZD","1762836061","23477/2025-12-31/1762836061.json"
"581514","221282","2025-12-31","42.00","NZD","1762836061","23477/2025-12-31/1762836061.json"
"512557","146154","2025-12-31","45.00","NZD","1762836061","23477/2025-12-31/1762836061.json"
"365170","146153","2025-12-31","48.00","NZD","1762836061","23477/2025-12-31/1762836061.json"
"510807","146155","2025-12-31","52.00","NZD","1762836061","23477/2025-12-31/1762836061.json"
"581513","221281","2026-01-04","42.00","NZD","1762836061","23477/2026-01-04/1762836061.json"
"581514","221282","2026-01-04","42.00","NZD","1762836061","23477/2026-01-04/1762836061.json"
"512557","146154","2026-01-04","45.00","NZD","1762836061","23477/2026-01-04/1762836061.json"
"365170","146153","2026-01-04","48.00","NZD","1762836061","23477/2026-01-04/1762836061.json"
"510807","146155","2026-01-04","52.00","NZD","1762836061","23477/2026-01-04/1762836061.json"
"581513","221281","2026-01-05","36.00","NZD","1762836061","23477/2026-01-05/1762836061.json"
"581514","221282","2026-01-05","36.00","NZD","1762836061","23477/2026-01-05/1762836061.json"
"512557","146154","2026-01-05","45.00","NZD","1762836061","23477/2026-01-05/1762836061.json"
"365170","146153","2026-01-05","48.00","NZD","1762836061","23477/2026-01-05/1762836061.json"
"510807","146155","2026-01-05","52.00","NZD","1762836061","23477/2026-01-05/1762836061.json"
"581513","221281","2026-01-06","36.00","NZD","1762836061","23477/2026-01-06/1762836061.json"
"581514","221282","2026-01-06","36.00","NZD","1762836061","23477/2026-01-06/1762836061.json"
"512557","146154","2026-01-06","45.00","NZD","1762836061","23477/2026-01-06/1762836061.json"
"365170","146153","2026-01-06","48.00","NZD","1762836061","23477/2026-01-06/1762836061.json"
"510807","146155","2026-01-06","52.00","NZD","1762836061","23477/2026-01-06/1762836061.json"
"581513","221281","2026-01-07","36.00","NZD","1762836061","23477/2026-01-07/1762836061.json"
"581514","221282","2026-01-07","36.00","NZD","1762836061","23477/2026-01-07/1762836061.json"
"512557","146154","2026-01-07","45.00","NZD","1762836061","23477/2026-01-07/1762836061.json"
"365170","146153","2026-01-07","48.00","NZD","1762836061","23477/2026-01-07/1762836061.json"
"510807","146155","2026-01-07","52.00","NZD","1762836061","23477/2026-01-07/1762836061.json"
"581513","221281","2026-01-08","36.00","NZD","1762836061","23477/2026-01-08/1762836061.json"
"581514","221282","2026-01-08","36.00","NZD","1762836061","23477/2026-01-08/1762836061.json"
"512557","146154","2026-01-08","45.00","NZD","1762836061","23477/2026-01-08/1762836061.json"
"365170","146153","2026-01-08","48.00","NZD","1762836061","23477/2026-01-08/1762836061.json"
"510807","146155","2026-01-08","52.00","NZD","1762836061","23477/2026-01-08/1762836061.json"
"581513","221281","2026-01-09","36.00","NZD","1762836061","23477/2026-01-09/1762836061.json"
"581514","221282","2026-01-09","36.00","NZD","1762836061","23477/2026-01-09/1762836061.json"
"512557","146154","2026-01-09","45.00","NZD","1762836061","23477/2026-01-09/1762836061.json"
"365170","146153","2026-01-09","48.00","NZD","1762836061","23477/2026-01-09/1762836061.json"
"510807","146155","2026-01-09","52.00","NZD","1762836061","23477/2026-01-09/1762836061.json"
"581513","221281","2026-01-10","36.00","NZD","1762836061","23477/2026-01-10/1762836061.json"
"581514","221282","2026-01-10","36.00","NZD","1762836061","23477/2026-01-10/1762836061.json"
"512557","146154","2026-01-10","45.00","NZD","1762836061","23477/2026-01-10/1762836061.json"
"365170","146153","2026-01-10","48.00","NZD","1762836061","23477/2026-01-10/1762836061.json"
"510807","146155","2026-01-10","52.00","NZD","1762836061","23477/2026-01-10/1762836061.json"
"581513","221281","2025-11-14","36.00","NZD","1762850782","23477/2025-11-14/1762850782.json"
"581513","221281","2025-11-11","36.00","NZD","1762850782","23477/2025-11-11/1762850782.json"
"581514","221282","2025-11-11","36.00","NZD","1762850782","23477/2025-11-11/1762850782.json"
"581514","221282","2025-11-14","36.00","NZD","1762850782","23477/2025-11-14/1762850782.json"
"512557","146154","2025-11-11","45.00","NZD","1762850782","23477/2025-11-11/1762850782.json"
"512557","146154","2025-11-14","45.00","NZD","1762850782","23477/2025-11-14/1762850782.json"
"365170","146153","2025-11-11","48.00","NZD","1762850782","23477/2025-11-11/1762850782.json"
"365170","146153","2025-11-14","48.00","NZD","1762850782","23477/2025-11-14/1762850782.json"
"510807","146155","2025-11-11","52.00","NZD","1762850782","23477/2025-11-11/1762850782.json"
"510807","146155","2025-11-14","52.00","NZD","1762850782","23477/2025-11-14/1762850782.json"
"581513","221281","2025-11-13","36.00","NZD","1762850782","23477/2025-11-13/1762850782.json"
"581514","221282","2025-11-13","36.00","NZD","1762850782","23477/2025-11-13/1762850782.json"
"512557","146154","2025-11-13","45.00","NZD","1762850782","23477/2025-11-13/1762850782.json"
"365170","146153","2025-11-13","48.00","NZD","1762850782","23477/2025-11-13/1762850782.json"
"510807","146155","2025-11-13","52.00","NZD","1762850782","23477/2025-11-13/1762850782.json"
"581513","221281","2025-11-12","36.00","NZD","1762850782","23477/2025-11-12/1762850782.json"
"581514","221282","2025-11-12","36.00","NZD","1762850782","23477/2025-11-12/1762850782.json"
"512557","146154","2025-11-12","45.00","NZD","1762850782","23477/2025-11-12/1762850782.json"
"365170","146153","2025-11-12","48.00","NZD","1762850782","23477/2025-11-12/1762850782.json"
"510807","146155","2025-11-12","52.00","NZD","1762850782","23477/2025-11-12/1762850782.json"
"581513","221281","2025-11-15","36.00","NZD","1762850782","23477/2025-11-15/1762850782.json"
"581514","221282","2025-11-15","36.00","NZD","1762850782","23477/2025-11-15/1762850782.json"
"512557","146154","2025-11-15","45.00","NZD","1762850782","23477/2025-11-15/1762850782.json"
"365170","146153","2025-11-15","48.00","NZD","1762850782","23477/2025-11-15/1762850782.json"
"510807","146155","2025-11-15","52.00","NZD","1762850782","23477/2025-11-15/1762850782.json"
"581513","221281","2025-11-16","36.00","NZD","1762850782","23477/2025-11-16/1762850782.json"
"581514","221282","2025-11-16","36.00","NZD","1762850782","23477/2025-11-16/1762850782.json"
"512557","146154","2025-11-16","45.00","NZD","1762850782","23477/2025-11-16/1762850782.json"
"365170","146153","2025-11-16","48.00","NZD","1762850782","23477/2025-11-16/1762850782.json"
"510807","146155","2025-11-16","52.00","NZD","1762850782","23477/2025-11-16/1762850782.json"
"581513","221281","2025-11-17","36.00","NZD","1762850782","23477/2025-11-17/1762850782.json"
"581514","221282","2025-11-17","36.00","NZD","1762850782","23477/2025-11-17/1762850782.json"
"512557","146154","2025-11-17","45.00","NZD","1762850782","23477/2025-11-17/1762850782.json"
"365170","146153","2025-11-17","48.00","NZD","1762850782","23477/2025-11-17/1762850782.json"
"510807","146155","2025-11-17","52.00","NZD","1762850782","23477/2025-11-17/1762850782.json"
"581513","221281","2025-11-18","36.00","NZD","1762850782","23477/2025-11-18/1762850782.json"
"581514","221282","2025-11-18","36.00","NZD","1762850782","23477/2025-11-18/1762850782.json"
"512557","146154","2025-11-18","45.00","NZD","1762850782","23477/2025-11-18/1762850782.json"
"365170","146153","2025-11-18","48.00","NZD","1762850782","23477/2025-11-18/1762850782.json"
"510807","146155","2025-11-18","52.00","NZD","1762850782","23477/2025-11-18/1762850782.json"
"581513","221281","2025-11-19","36.00","NZD","1762850782","23477/2025-11-19/1762850782.json"
"581514","221282","2025-11-19","36.00","NZD","1762850782","23477/2025-11-19/1762850782.json"
"512557","146154","2025-11-19","45.00","NZD","1762850782","23477/2025-11-19/1762850782.json"
"365170","146153","2025-11-19","48.00","NZD","1762850782","23477/2025-11-19/1762850782.json"
"510807","146155","2025-11-19","52.00","NZD","1762850782","23477/2025-11-19/1762850782.json"
"581513","221281","2025-11-20","36.00","NZD","1762850782","23477/2025-11-20/1762850782.json"
"581514","221282","2025-11-20","36.00","NZD","1762850782","23477/2025-11-20/1762850782.json"
"512557","146154","2025-11-20","45.00","NZD","1762850782","23477/2025-11-20/1762850782.json"
"581513","221281","2025-11-22","36.00","NZD","1762850782","23477/2025-11-22/1762850782.json"
"581514","221282","2025-11-22","36.00","NZD","1762850782","23477/2025-11-22/1762850782.json"
"512557","146154","2025-11-22","45.00","NZD","1762850782","23477/2025-11-22/1762850782.json"
"365170","146153","2025-11-22","48.00","NZD","1762850782","23477/2025-11-22/1762850782.json"
"510807","146155","2025-11-22","52.00","NZD","1762850782","23477/2025-11-22/1762850782.json"
"581513","221281","2025-11-21","36.00","NZD","1762850782","23477/2025-11-21/1762850782.json"
"581514","221282","2025-11-21","36.00","NZD","1762850782","23477/2025-11-21/1762850782.json"
"512557","146154","2025-11-21","45.00","NZD","1762850782","23477/2025-11-21/1762850782.json"
"365170","146153","2025-11-21","48.00","NZD","1762850782","23477/2025-11-21/1762850782.json"
"510807","146155","2025-11-21","52.00","NZD","1762850782","23477/2025-11-21/1762850782.json"
"581513","221281","2025-11-23","36.00","NZD","1762850782","23477/2025-11-23/1762850782.json"
"581513","221281","2025-11-24","36.00","NZD","1762850782","23477/2025-11-24/1762850782.json"
"581514","221282","2025-11-24","36.00","NZD","1762850782","23477/2025-11-24/1762850782.json"
"581514","221282","2025-11-23","36.00","NZD","1762850782","23477/2025-11-23/1762850782.json"
"512557","146154","2025-11-24","45.00","NZD","1762850782","23477/2025-11-24/1762850782.json"
"365170","146153","2025-11-24","48.00","NZD","1762850782","23477/2025-11-24/1762850782.json"
"512557","146154","2025-11-23","45.00","NZD","1762850782","23477/2025-11-23/1762850782.json"
"510807","146155","2025-11-24","52.00","NZD","1762850782","23477/2025-11-24/1762850782.json"
"365170","146153","2025-11-23","48.00","NZD","1762850782","23477/2025-11-23/1762850782.json"
"510807","146155","2025-11-23","52.00","NZD","1762850782","23477/2025-11-23/1762850782.json"
"581513","221281","2025-11-26","36.00","NZD","1762850782","23477/2025-11-26/1762850782.json"
"581514","221282","2025-11-26","36.00","NZD","1762850782","23477/2025-11-26/1762850782.json"
"512557","146154","2025-11-26","45.00","NZD","1762850782","23477/2025-11-26/1762850782.json"
"365170","146153","2025-11-26","48.00","NZD","1762850782","23477/2025-11-26/1762850782.json"
"510807","146155","2025-11-26","52.00","NZD","1762850782","23477/2025-11-26/1762850782.json"
"581513","221281","2025-11-25","36.00","NZD","1762850782","23477/2025-11-25/1762850782.json"
"581514","221282","2025-11-25","36.00","NZD","1762850782","23477/2025-11-25/1762850782.json"
"512557","146154","2025-11-25","45.00","NZD","1762850782","23477/2025-11-25/1762850782.json"
"365170","146153","2025-11-25","48.00","NZD","1762850782","23477/2025-11-25/1762850782.json"
"510807","146155","2025-11-25","52.00","NZD","1762850782","23477/2025-11-25/1762850782.json"
"581513","221281","2025-11-27","36.00","NZD","1762850782","23477/2025-11-27/1762850782.json"
"581514","221282","2025-11-27","36.00","NZD","1762850782","23477/2025-11-27/1762850782.json"
"512557","146154","2025-11-27","45.00","NZD","1762850782","23477/2025-11-27/1762850782.json"
"365170","146153","2025-11-27","48.00","NZD","1762850782","23477/2025-11-27/1762850782.json"
"510807","146155","2025-11-27","52.00","NZD","1762850782","23477/2025-11-27/1762850782.json"
"581513","221281","2025-11-28","36.00","NZD","1762850782","23477/2025-11-28/1762850782.json"
"581514","221282","2025-11-28","36.00","NZD","1762850782","23477/2025-11-28/1762850782.json"
"512557","146154","2025-11-28","45.00","NZD","1762850782","23477/2025-11-28/1762850782.json"
"365170","146153","2025-11-28","48.00","NZD","1762850782","23477/2025-11-28/1762850782.json"
"510807","146155","2025-11-28","52.00","NZD","1762850782","23477/2025-11-28/1762850782.json"
"581513","221281","2025-11-29","36.00","NZD","1762850782","23477/2025-11-29/1762850782.json"
"581514","221282","2025-11-29","36.00","NZD","1762850782","23477/2025-11-29/1762850782.json"
"512557","146154","2025-11-29","45.00","NZD","1762850782","23477/2025-11-29/1762850782.json"
"365170","146153","2025-11-29","48.00","NZD","1762850782","23477/2025-11-29/1762850782.json"
"510807","146155","2025-11-29","52.00","NZD","1762850782","23477/2025-11-29/1762850782.json"
"581513","221281","2025-12-02","36.00","NZD","1762850782","23477/2025-12-02/1762850782.json"
"581514","221282","2025-12-02","36.00","NZD","1762850782","23477/2025-12-02/1762850782.json"
"512557","146154","2025-12-02","45.00","NZD","1762850782","23477/2025-12-02/1762850782.json"
"365170","146153","2025-12-02","48.00","NZD","1762850782","23477/2025-12-02/1762850782.json"
"510807","146155","2025-12-02","52.00","NZD","1762850782","23477/2025-12-02/1762850782.json"
"581513","221281","2025-12-01","36.00","NZD","1762850782","23477/2025-12-01/1762850782.json"
"581514","221282","2025-12-01","36.00","NZD","1762850782","23477/2025-12-01/1762850782.json"
"512557","146154","2025-12-01","45.00","NZD","1762850782","23477/2025-12-01/1762850782.json"
"365170","146153","2025-12-01","48.00","NZD","1762850782","23477/2025-12-01/1762850782.json"
"510807","146155","2025-12-01","52.00","NZD","1762850782","23477/2025-12-01/1762850782.json"
"581513","221281","2025-11-30","36.00","NZD","1762850782","23477/2025-11-30/1762850782.json"
"581514","221282","2025-11-30","36.00","NZD","1762850782","23477/2025-11-30/1762850782.json"
"512557","146154","2025-11-30","45.00","NZD","1762850782","23477/2025-11-30/1762850782.json"
"365170","146153","2025-11-30","48.00","NZD","1762850782","23477/2025-11-30/1762850782.json"
"510807","146155","2025-11-30","52.00","NZD","1762850782","23477/2025-11-30/1762850782.json"
"581513","221281","2025-12-03","36.00","NZD","1762850782","23477/2025-12-03/1762850782.json"
"581514","221282","2025-12-03","36.00","NZD","1762850782","23477/2025-12-03/1762850782.json"
"512557","146154","2025-12-03","45.00","NZD","1762850782","23477/2025-12-03/1762850782.json"
"365170","146153","2025-12-03","48.00","NZD","1762850782","23477/2025-12-03/1762850782.json"
"510807","146155","2025-12-03","52.00","NZD","1762850782","23477/2025-12-03/1762850782.json"
"581513","221281","2025-12-04","36.00","NZD","1762850782","23477/2025-12-04/1762850782.json"
"581514","221282","2025-12-04","36.00","NZD","1762850782","23477/2025-12-04/1762850782.json"
"512557","146154","2025-12-04","45.00","NZD","1762850782","23477/2025-12-04/1762850782.json"
"365170","146153","2025-12-04","48.00","NZD","1762850782","23477/2025-12-04/1762850782.json"
"510807","146155","2025-12-04","52.00","NZD","1762850782","23477/2025-12-04/1762850782.json"
"581513","221281","2025-12-05","36.00","NZD","1762850782","23477/2025-12-05/1762850782.json"
"581514","221282","2025-12-05","36.00","NZD","1762850782","23477/2025-12-05/1762850782.json"
"512557","146154","2025-12-05","45.00","NZD","1762850782","23477/2025-12-05/1762850782.json"
"365170","146153","2025-12-05","48.00","NZD","1762850782","23477/2025-12-05/1762850782.json"
"510807","146155","2025-12-05","52.00","NZD","1762850782","23477/2025-12-05/1762850782.json"
"581513","221281","2025-12-06","36.00","NZD","1762850782","23477/2025-12-06/1762850782.json"
"581514","221282","2025-12-06","36.00","NZD","1762850782","23477/2025-12-06/1762850782.json"
"512557","146154","2025-12-06","45.00","NZD","1762850782","23477/2025-12-06/1762850782.json"
"365170","146153","2025-12-06","48.00","NZD","1762850782","23477/2025-12-06/1762850782.json"
"510807","146155","2025-12-06","52.00","NZD","1762850782","23477/2025-12-06/1762850782.json"
"581513","221281","2025-12-07","36.00","NZD","1762850782","23477/2025-12-07/1762850782.json"
"581514","221282","2025-12-07","36.00","NZD","1762850782","23477/2025-12-07/1762850782.json"
"512557","146154","2025-12-07","45.00","NZD","1762850782","23477/2025-12-07/1762850782.json"
"365170","146153","2025-12-07","48.00","NZD","1762850782","23477/2025-12-07/1762850782.json"
"510807","146155","2025-12-07","52.00","NZD","1762850782","23477/2025-12-07/1762850782.json"
"581513","221281","2025-12-08","36.00","NZD","1762850782","23477/2025-12-08/1762850782.json"
"581514","221282","2025-12-08","36.00","NZD","1762850782","23477/2025-12-08/1762850782.json"
"512557","146154","2025-12-08","45.00","NZD","1762850782","23477/2025-12-08/1762850782.json"
"365170","146153","2025-12-08","48.00","NZD","1762850782","23477/2025-12-08/1762850782.json"
"510807","146155","2025-12-08","52.00","NZD","1762850782","23477/2025-12-08/1762850782.json"
"581513","221281","2025-12-09","36.00","NZD","1762850782","23477/2025-12-09/1762850782.json"
"581514","221282","2025-12-09","36.00","NZD","1762850782","23477/2025-12-09/1762850782.json"
"512557","146154","2025-12-09","45.00","NZD","1762850782","23477/2025-12-09/1762850782.json"
"365170","146153","2025-12-09","48.00","NZD","1762850782","23477/2025-12-09/1762850782.json"
"510807","146155","2025-12-09","52.00","NZD","1762850782","23477/2025-12-09/1762850782.json"
"581513","221281","2025-12-10","36.00","NZD","1762850782","23477/2025-12-10/1762850782.json"
"581514","221282","2025-12-10","36.00","NZD","1762850782","23477/2025-12-10/1762850782.json"
"512557","146154","2025-12-10","45.00","NZD","1762850782","23477/2025-12-10/1762850782.json"
"365170","146153","2025-12-10","48.00","NZD","1762850782","23477/2025-12-10/1762850782.json"
"510807","146155","2025-12-10","52.00","NZD","1762850782","23477/2025-12-10/1762850782.json"
"581513","221281","2025-12-13","36.00","NZD","1762850782","23477/2025-12-13/1762850782.json"
"581514","221282","2025-12-13","36.00","NZD","1762850782","23477/2025-12-13/1762850782.json"
"512557","146154","2025-12-13","45.00","NZD","1762850782","23477/2025-12-13/1762850782.json"
"365170","146153","2025-12-13","48.00","NZD","1762850782","23477/2025-12-13/1762850782.json"
"510807","146155","2025-12-13","52.00","NZD","1762850782","23477/2025-12-13/1762850782.json"
"581513","221281","2025-12-14","36.00","NZD","1762850782","23477/2025-12-14/1762850782.json"
"581514","221282","2025-12-14","36.00","NZD","1762850782","23477/2025-12-14/1762850782.json"
"512557","146154","2025-12-14","45.00","NZD","1762850782","23477/2025-12-14/1762850782.json"
"365170","146153","2025-12-14","48.00","NZD","1762850782","23477/2025-12-14/1762850782.json"
"510807","146155","2025-12-14","52.00","NZD","1762850782","23477/2025-12-14/1762850782.json"
"581513","221281","2025-12-11","36.00","NZD","1762850782","23477/2025-12-11/1762850782.json"
"581514","221282","2025-12-11","36.00","NZD","1762850782","23477/2025-12-11/1762850782.json"
"512557","146154","2025-12-11","45.00","NZD","1762850782","23477/2025-12-11/1762850782.json"
"365170","146153","2025-12-11","48.00","NZD","1762850782","23477/2025-12-11/1762850782.json"
"510807","146155","2025-12-11","52.00","NZD","1762850782","23477/2025-12-11/1762850782.json"
"581513","221281","2025-12-12","36.00","NZD","1762850782","23477/2025-12-12/1762850782.json"
"581514","221282","2025-12-12","36.00","NZD","1762850782","23477/2025-12-12/1762850782.json"
"512557","146154","2025-12-12","45.00","NZD","1762850782","23477/2025-12-12/1762850782.json"
"365170","146153","2025-12-12","48.00","NZD","1762850782","23477/2025-12-12/1762850782.json"
"510807","146155","2025-12-12","52.00","NZD","1762850782","23477/2025-12-12/1762850782.json"
"581513","221281","2025-12-15","36.00","NZD","1762850782","23477/2025-12-15/1762850782.json"
"581514","221282","2025-12-15","36.00","NZD","1762850782","23477/2025-12-15/1762850782.json"
"512557","146154","2025-12-15","45.00","NZD","1762850782","23477/2025-12-15/1762850782.json"
"365170","146153","2025-12-15","48.00","NZD","1762850782","23477/2025-12-15/1762850782.json"
"510807","146155","2025-12-15","52.00","NZD","1762850782","23477/2025-12-15/1762850782.json"
"581513","221281","2025-12-16","36.00","NZD","1762850782","23477/2025-12-16/1762850782.json"
"581514","221282","2025-12-16","36.00","NZD","1762850782","23477/2025-12-16/1762850782.json"
"512557","146154","2025-12-16","45.00","NZD","1762850782","23477/2025-12-16/1762850782.json"
"365170","146153","2025-12-16","48.00","NZD","1762850782","23477/2025-12-16/1762850782.json"
"510807","146155","2025-12-16","52.00","NZD","1762850782","23477/2025-12-16/1762850782.json"
"581513","221281","2025-12-18","36.00","NZD","1762850782","23477/2025-12-18/1762850782.json"
"581514","221282","2025-12-18","36.00","NZD","1762850782","23477/2025-12-18/1762850782.json"
"512557","146154","2025-12-18","45.00","NZD","1762850782","23477/2025-12-18/1762850782.json"
"365170","146153","2025-12-18","48.00","NZD","1762850782","23477/2025-12-18/1762850782.json"
"510807","146155","2025-12-18","52.00","NZD","1762850782","23477/2025-12-18/1762850782.json"
"581513","221281","2025-12-17","36.00","NZD","1762850782","23477/2025-12-17/1762850782.json"
"581514","221282","2025-12-17","36.00","NZD","1762850782","23477/2025-12-17/1762850782.json"
"512557","146154","2025-12-17","45.00","NZD","1762850782","23477/2025-12-17/1762850782.json"
"365170","146153","2025-12-17","48.00","NZD","1762850782","23477/2025-12-17/1762850782.json"
"510807","146155","2025-12-17","52.00","NZD","1762850782","23477/2025-12-17/1762850782.json"
"581513","221281","2025-12-19","36.00","NZD","1762850782","23477/2025-12-19/1762850782.json"
"581514","221282","2025-12-19","36.00","NZD","1762850782","23477/2025-12-19/1762850782.json"
"512557","146154","2025-12-19","45.00","NZD","1762850782","23477/2025-12-19/1762850782.json"
"365170","146153","2025-12-19","48.00","NZD","1762850782","23477/2025-12-19/1762850782.json"
"510807","146155","2025-12-19","52.00","NZD","1762850782","23477/2025-12-19/1762850782.json"
"581513","221281","2025-12-20","36.00","NZD","1762850782","23477/2025-12-20/1762850782.json"
"581514","221282","2025-12-20","36.00","NZD","1762850782","23477/2025-12-20/1762850782.json"
"512557","146154","2025-12-20","45.00","NZD","1762850782","23477/2025-12-20/1762850782.json"
"365170","146153","2025-12-20","48.00","NZD","1762850782","23477/2025-12-20/1762850782.json"
"510807","146155","2025-12-20","52.00","NZD","1762850782","23477/2025-12-20/1762850782.json"
"581513","221281","2025-12-22","36.00","NZD","1762850782","23477/2025-12-22/1762850782.json"
"581514","221282","2025-12-22","36.00","NZD","1762850782","23477/2025-12-22/1762850782.json"
"512557","146154","2025-12-22","45.00","NZD","1762850782","23477/2025-12-22/1762850782.json"
"365170","146153","2025-12-22","48.00","NZD","1762850782","23477/2025-12-22/1762850782.json"
"510807","146155","2025-12-22","52.00","NZD","1762850782","23477/2025-12-22/1762850782.json"
"581513","221281","2025-12-21","36.00","NZD","1762850782","23477/2025-12-21/1762850782.json"
"581514","221282","2025-12-21","36.00","NZD","1762850782","23477/2025-12-21/1762850782.json"
"512557","146154","2025-12-21","45.00","NZD","1762850782","23477/2025-12-21/1762850782.json"
"365170","146153","2025-12-21","48.00","NZD","1762850782","23477/2025-12-21/1762850782.json"
"510807","146155","2025-12-21","52.00","NZD","1762850782","23477/2025-12-21/1762850782.json"
"581513","221281","2025-12-23","38.00","NZD","1762850782","23477/2025-12-23/1762850782.json"
"581514","221282","2025-12-23","38.00","NZD","1762850782","23477/2025-12-23/1762850782.json"
"512557","146154","2025-12-23","45.00","NZD","1762850782","23477/2025-12-23/1762850782.json"
"365170","146153","2025-12-23","48.00","NZD","1762850782","23477/2025-12-23/1762850782.json"
"510807","146155","2025-12-23","52.00","NZD","1762850782","23477/2025-12-23/1762850782.json"
"581513","221281","2025-12-24","38.00","NZD","1762850782","23477/2025-12-24/1762850782.json"
"581514","221282","2025-12-24","38.00","NZD","1762850782","23477/2025-12-24/1762850782.json"
"512557","146154","2025-12-24","45.00","NZD","1762850782","23477/2025-12-24/1762850782.json"
"365170","146153","2025-12-24","48.00","NZD","1762850782","23477/2025-12-24/1762850782.json"
"510807","146155","2025-12-24","52.00","NZD","1762850782","23477/2025-12-24/1762850782.json"
"581513","221281","2025-12-25","38.00","NZD","1762850782","23477/2025-12-25/1762850782.json"
"581514","221282","2025-12-25","38.00","NZD","1762850782","23477/2025-12-25/1762850782.json"
"512557","146154","2025-12-25","45.00","NZD","1762850782","23477/2025-12-25/1762850782.json"
"365170","146153","2025-12-25","48.00","NZD","1762850782","23477/2025-12-25/1762850782.json"
"510807","146155","2025-12-25","52.00","NZD","1762850782","23477/2025-12-25/1762850782.json"
"581513","221281","2025-12-26","42.00","NZD","1762850782","23477/2025-12-26/1762850782.json"
"581514","221282","2025-12-26","42.00","NZD","1762850782","23477/2025-12-26/1762850782.json"
"512557","146154","2025-12-26","45.00","NZD","1762850782","23477/2025-12-26/1762850782.json"
"365170","146153","2025-12-26","48.00","NZD","1762850782","23477/2025-12-26/1762850782.json"
"510807","146155","2025-12-26","52.00","NZD","1762850782","23477/2025-12-26/1762850782.json"
"581513","221281","2025-12-30","42.00","NZD","1762850782","23477/2025-12-30/1762850782.json"
"581514","221282","2025-12-30","42.00","NZD","1762850782","23477/2025-12-30/1762850782.json"
"512557","146154","2025-12-30","45.00","NZD","1762850782","23477/2025-12-30/1762850782.json"
"365170","146153","2025-12-30","48.00","NZD","1762850782","23477/2025-12-30/1762850782.json"
"510807","146155","2025-12-30","52.00","NZD","1762850782","23477/2025-12-30/1762850782.json"
"581513","221281","2025-12-27","42.00","NZD","1762850782","23477/2025-12-27/1762850782.json"
"581514","221282","2025-12-27","42.00","NZD","1762850782","23477/2025-12-27/1762850782.json"
"512557","146154","2025-12-27","45.00","NZD","1762850782","23477/2025-12-27/1762850782.json"
"365170","146153","2025-12-27","48.00","NZD","1762850782","23477/2025-12-27/1762850782.json"
"510807","146155","2025-12-27","52.00","NZD","1762850782","23477/2025-12-27/1762850782.json"
"581513","221281","2025-12-29","42.00","NZD","1762850782","23477/2025-12-29/1762850782.json"
"581514","221282","2025-12-29","42.00","NZD","1762850782","23477/2025-12-29/1762850782.json"
"512557","146154","2025-12-29","45.00","NZD","1762850782","23477/2025-12-29/1762850782.json"
"365170","146153","2025-12-29","48.00","NZD","1762850782","23477/2025-12-29/1762850782.json"
"510807","146155","2025-12-29","52.00","NZD","1762850782","23477/2025-12-29/1762850782.json"
"581513","221281","2025-12-28","42.00","NZD","1762850782","23477/2025-12-28/1762850782.json"
"581514","221282","2025-12-28","42.00","NZD","1762850782","23477/2025-12-28/1762850782.json"
"512557","146154","2025-12-28","45.00","NZD","1762850782","23477/2025-12-28/1762850782.json"
"365170","146153","2025-12-28","48.00","NZD","1762850782","23477/2025-12-28/1762850782.json"
"510807","146155","2025-12-28","52.00","NZD","1762850782","23477/2025-12-28/1762850782.json"
"581513","221281","2025-12-31","42.00","NZD","1762850782","23477/2025-12-31/1762850782.json"
"581514","221282","2025-12-31","42.00","NZD","1762850782","23477/2025-12-31/1762850782.json"
"512557","146154","2025-12-31","45.00","NZD","1762850782","23477/2025-12-31/1762850782.json"
"365170","146153","2025-12-31","48.00","NZD","1762850782","23477/2025-12-31/1762850782.json"
"510807","146155","2025-12-31","52.00","NZD","1762850782","23477/2025-12-31/1762850782.json"
"581513","221281","2026-01-01","42.00","NZD","1762850782","23477/2026-01-01/1762850782.json"
"581514","221282","2026-01-01","42.00","NZD","1762850782","23477/2026-01-01/1762850782.json"
"512557","146154","2026-01-01","45.00","NZD","1762850782","23477/2026-01-01/1762850782.json"
"365170","146153","2026-01-01","48.00","NZD","1762850782","23477/2026-01-01/1762850782.json"
"510807","146155","2026-01-01","52.00","NZD","1762850782","23477/2026-01-01/1762850782.json"
"581513","221281","2026-01-02","42.00","NZD","1762850782","23477/2026-01-02/1762850782.json"
"581514","221282","2026-01-02","42.00","NZD","1762850782","23477/2026-01-02/1762850782.json"
"512557","146154","2026-01-02","45.00","NZD","1762850782","23477/2026-01-02/1762850782.json"
"365170","146153","2026-01-02","48.00","NZD","1762850782","23477/2026-01-02/1762850782.json"
"510807","146155","2026-01-02","52.00","NZD","1762850782","23477/2026-01-02/1762850782.json"
"581513","221281","2026-01-03","42.00","NZD","1762850782","23477/2026-01-03/1762850782.json"
"581514","221282","2026-01-03","42.00","NZD","1762850782","23477/2026-01-03/1762850782.json"
"512557","146154","2026-01-03","45.00","NZD","1762850782","23477/2026-01-03/1762850782.json"
"365170","146153","2026-01-03","48.00","NZD","1762850782","23477/2026-01-03/1762850782.json"
"510807","146155","2026-01-03","52.00","NZD","1762850782","23477/2026-01-03/1762850782.json"
"581513","221281","2026-01-04","42.00","NZD","1762850782","23477/2026-01-04/1762850782.json"
"581514","221282","2026-01-04","42.00","NZD","1762850782","23477/2026-01-04/1762850782.json"
"512557","146154","2026-01-04","45.00","NZD","1762850782","23477/2026-01-04/1762850782.json"
"365170","146153","2026-01-04","48.00","NZD","1762850782","23477/2026-01-04/1762850782.json"
"510807","146155","2026-01-04","52.00","NZD","1762850782","23477/2026-01-04/1762850782.json"
"581513","221281","2026-01-05","36.00","NZD","1762850782","23477/2026-01-05/1762850782.json"
"581514","221282","2026-01-05","36.00","NZD","1762850782","23477/2026-01-05/1762850782.json"
"512557","146154","2026-01-05","45.00","NZD","1762850782","23477/2026-01-05/1762850782.json"
"365170","146153","2026-01-05","48.00","NZD","1762850782","23477/2026-01-05/1762850782.json"
"510807","146155","2026-01-05","52.00","NZD","1762850782","23477/2026-01-05/1762850782.json"
"581513","221281","2026-01-06","36.00","NZD","1762850782","23477/2026-01-06/1762850782.json"
"581514","221282","2026-01-06","36.00","NZD","1762850782","23477/2026-01-06/1762850782.json"
"512557","146154","2026-01-06","45.00","NZD","1762850782","23477/2026-01-06/1762850782.json"
"365170","146153","2026-01-06","48.00","NZD","1762850782","23477/2026-01-06/1762850782.json"
"510807","146155","2026-01-06","52.00","NZD","1762850782","23477/2026-01-06/1762850782.json"
"581513","221281","2026-01-07","36.00","NZD","1762850782","23477/2026-01-07/1762850782.json"
"581514","221282","2026-01-07","36.00","NZD","1762850782","23477/2026-01-07/1762850782.json"
"512557","146154","2026-01-07","45.00","NZD","1762850782","23477/2026-01-07/1762850782.json"
"365170","146153","2026-01-07","48.00","NZD","1762850782","23477/2026-01-07/1762850782.json"
"510807","146155","2026-01-07","52.00","NZD","1762850782","23477/2026-01-07/1762850782.json"
"581513","221281","2026-01-09","36.00","NZD","1762850782","23477/2026-01-09/1762850782.json"
"581514","221282","2026-01-09","36.00","NZD","1762850782","23477/2026-01-09/1762850782.json"
"512557","146154","2026-01-09","45.00","NZD","1762850782","23477/2026-01-09/1762850782.json"
"365170","146153","2026-01-09","48.00","NZD","1762850782","23477/2026-01-09/1762850782.json"
"510807","146155","2026-01-09","52.00","NZD","1762850782","23477/2026-01-09/1762850782.json"
"581513","221281","2026-01-10","36.00","NZD","1762850782","23477/2026-01-10/1762850782.json"
"581514","221282","2026-01-10","36.00","NZD","1762850782","23477/2026-01-10/1762850782.json"
"512557","146154","2026-01-10","45.00","NZD","1762850782","23477/2026-01-10/1762850782.json"
"365170","146153","2026-01-10","48.00","NZD","1762850782","23477/2026-01-10/1762850782.json"
"510807","146155","2026-01-10","52.00","NZD","1762850782","23477/2026-01-10/1762850782.json"
"581513","221281","2026-01-08","36.00","NZD","1762850782","23477/2026-01-08/1762850782.json"
"581514","221282","2026-01-08","36.00","NZD","1762850782","23477/2026-01-08/1762850782.json"
"512557","146154","2026-01-08","45.00","NZD","1762850782","23477/2026-01-08/1762850782.json"
"365170","146153","2026-01-08","48.00","NZD","1762850782","23477/2026-01-08/1762850782.json"
"510807","146155","2026-01-08","52.00","NZD","1762850782","23477/2026-01-08/1762850782.json"
"581513","221281","2025-11-14","36.00","NZD","1762866088","23477/2025-11-14/1762866088.json"
"581514","221282","2025-11-14","36.00","NZD","1762866088","23477/2025-11-14/1762866088.json"
"512557","146154","2025-11-14","45.00","NZD","1762866088","23477/2025-11-14/1762866088.json"
"365170","146153","2025-11-14","48.00","NZD","1762866088","23477/2025-11-14/1762866088.json"
"510807","146155","2025-11-14","52.00","NZD","1762866088","23477/2025-11-14/1762866088.json"
"581513","221281","2025-11-13","36.00","NZD","1762866088","23477/2025-11-13/1762866088.json"
"581514","221282","2025-11-13","36.00","NZD","1762866088","23477/2025-11-13/1762866088.json"
"512557","146154","2025-11-13","45.00","NZD","1762866088","23477/2025-11-13/1762866088.json"
"365170","146153","2025-11-13","48.00","NZD","1762866088","23477/2025-11-13/1762866088.json"
"510807","146155","2025-11-13","52.00","NZD","1762866088","23477/2025-11-13/1762866088.json"
"581513","221281","2025-11-15","36.00","NZD","1762866088","23477/2025-11-15/1762866088.json"
"581514","221282","2025-11-15","36.00","NZD","1762866088","23477/2025-11-15/1762866088.json"
"512557","146154","2025-11-15","45.00","NZD","1762866088","23477/2025-11-15/1762866088.json"
"365170","146153","2025-11-15","48.00","NZD","1762866088","23477/2025-11-15/1762866088.json"
"510807","146155","2025-11-15","52.00","NZD","1762866088","23477/2025-11-15/1762866088.json"
"581513","221281","2025-11-16","36.00","NZD","1762866088","23477/2025-11-16/1762866088.json"
"581514","221282","2025-11-16","36.00","NZD","1762866088","23477/2025-11-16/1762866088.json"
"512557","146154","2025-11-16","45.00","NZD","1762866088","23477/2025-11-16/1762866088.json"
"365170","146153","2025-11-16","48.00","NZD","1762866088","23477/2025-11-16/1762866088.json"
"510807","146155","2025-11-16","52.00","NZD","1762866088","23477/2025-11-16/1762866088.json"
"581513","221281","2025-11-12","36.00","NZD","1762866088","23477/2025-11-12/1762866088.json"
"581514","221282","2025-11-12","36.00","NZD","1762866088","23477/2025-11-12/1762866088.json"
"512557","146154","2025-11-12","45.00","NZD","1762866088","23477/2025-11-12/1762866088.json"
"365170","146153","2025-11-12","48.00","NZD","1762866088","23477/2025-11-12/1762866088.json"
"510807","146155","2025-11-12","52.00","NZD","1762866088","23477/2025-11-12/1762866088.json"
"581513","221281","2025-11-18","36.00","NZD","1762866088","23477/2025-11-18/1762866088.json"
"581514","221282","2025-11-18","36.00","NZD","1762866088","23477/2025-11-18/1762866088.json"
"512557","146154","2025-11-18","45.00","NZD","1762866088","23477/2025-11-18/1762866088.json"
"365170","146153","2025-11-18","48.00","NZD","1762866088","23477/2025-11-18/1762866088.json"
"510807","146155","2025-11-18","52.00","NZD","1762866088","23477/2025-11-18/1762866088.json"
"581513","221281","2025-11-20","36.00","NZD","1762866088","23477/2025-11-20/1762866088.json"
"581514","221282","2025-11-20","36.00","NZD","1762866088","23477/2025-11-20/1762866088.json"
"512557","146154","2025-11-20","45.00","NZD","1762866088","23477/2025-11-20/1762866088.json"
"581513","221281","2025-11-19","36.00","NZD","1762866088","23477/2025-11-19/1762866088.json"
"581514","221282","2025-11-19","36.00","NZD","1762866088","23477/2025-11-19/1762866088.json"
"512557","146154","2025-11-19","45.00","NZD","1762866088","23477/2025-11-19/1762866088.json"
"365170","146153","2025-11-19","48.00","NZD","1762866088","23477/2025-11-19/1762866088.json"
"510807","146155","2025-11-19","52.00","NZD","1762866088","23477/2025-11-19/1762866088.json"
"581513","221281","2025-11-21","36.00","NZD","1762866088","23477/2025-11-21/1762866088.json"
"581514","221282","2025-11-21","36.00","NZD","1762866088","23477/2025-11-21/1762866088.json"
"512557","146154","2025-11-21","45.00","NZD","1762866088","23477/2025-11-21/1762866088.json"
"365170","146153","2025-11-21","48.00","NZD","1762866088","23477/2025-11-21/1762866088.json"
"510807","146155","2025-11-21","52.00","NZD","1762866088","23477/2025-11-21/1762866088.json"
"581513","221281","2025-11-22","36.00","NZD","1762866088","23477/2025-11-22/1762866088.json"
"581514","221282","2025-11-22","36.00","NZD","1762866088","23477/2025-11-22/1762866088.json"
"512557","146154","2025-11-22","45.00","NZD","1762866088","23477/2025-11-22/1762866088.json"
"365170","146153","2025-11-22","48.00","NZD","1762866088","23477/2025-11-22/1762866088.json"
"510807","146155","2025-11-22","52.00","NZD","1762866088","23477/2025-11-22/1762866088.json"
"581513","221281","2025-11-24","36.00","NZD","1762866088","23477/2025-11-24/1762866088.json"
"581514","221282","2025-11-24","36.00","NZD","1762866088","23477/2025-11-24/1762866088.json"
"512557","146154","2025-11-24","45.00","NZD","1762866088","23477/2025-11-24/1762866088.json"
"365170","146153","2025-11-24","48.00","NZD","1762866088","23477/2025-11-24/1762866088.json"
"510807","146155","2025-11-24","52.00","NZD","1762866088","23477/2025-11-24/1762866088.json"
"581513","221281","2025-11-23","36.00","NZD","1762866088","23477/2025-11-23/1762866088.json"
"581514","221282","2025-11-23","36.00","NZD","1762866088","23477/2025-11-23/1762866088.json"
"512557","146154","2025-11-23","45.00","NZD","1762866088","23477/2025-11-23/1762866088.json"
"365170","146153","2025-11-23","48.00","NZD","1762866088","23477/2025-11-23/1762866088.json"
"510807","146155","2025-11-23","52.00","NZD","1762866088","23477/2025-11-23/1762866088.json"
"581513","221281","2025-11-25","36.00","NZD","1762866088","23477/2025-11-25/1762866088.json"
"581514","221282","2025-11-25","36.00","NZD","1762866088","23477/2025-11-25/1762866088.json"
"512557","146154","2025-11-25","45.00","NZD","1762866088","23477/2025-11-25/1762866088.json"
"365170","146153","2025-11-25","48.00","NZD","1762866088","23477/2025-11-25/1762866088.json"
"510807","146155","2025-11-25","52.00","NZD","1762866088","23477/2025-11-25/1762866088.json"
"581513","221281","2025-11-27","36.00","NZD","1762866088","23477/2025-11-27/1762866088.json"
"581514","221282","2025-11-27","36.00","NZD","1762866088","23477/2025-11-27/1762866088.json"
"512557","146154","2025-11-27","45.00","NZD","1762866088","23477/2025-11-27/1762866088.json"
"365170","146153","2025-11-27","48.00","NZD","1762866088","23477/2025-11-27/1762866088.json"
"510807","146155","2025-11-27","52.00","NZD","1762866088","23477/2025-11-27/1762866088.json"
"581513","221281","2025-11-26","36.00","NZD","1762866088","23477/2025-11-26/1762866088.json"
"581514","221282","2025-11-26","36.00","NZD","1762866088","23477/2025-11-26/1762866088.json"
"512557","146154","2025-11-26","45.00","NZD","1762866088","23477/2025-11-26/1762866088.json"
"365170","146153","2025-11-26","48.00","NZD","1762866088","23477/2025-11-26/1762866088.json"
"510807","146155","2025-11-26","52.00","NZD","1762866088","23477/2025-11-26/1762866088.json"
"581513","221281","2025-11-28","36.00","NZD","1762866088","23477/2025-11-28/1762866088.json"
"581514","221282","2025-11-28","36.00","NZD","1762866088","23477/2025-11-28/1762866088.json"
"512557","146154","2025-11-28","45.00","NZD","1762866088","23477/2025-11-28/1762866088.json"
"365170","146153","2025-11-28","48.00","NZD","1762866088","23477/2025-11-28/1762866088.json"
"510807","146155","2025-11-28","52.00","NZD","1762866088","23477/2025-11-28/1762866088.json"
"581513","221281","2025-11-17","36.00","NZD","1762866088","23477/2025-11-17/1762866088.json"
"581514","221282","2025-11-17","36.00","NZD","1762866088","23477/2025-11-17/1762866088.json"
"512557","146154","2025-11-17","45.00","NZD","1762866088","23477/2025-11-17/1762866088.json"
"365170","146153","2025-11-17","48.00","NZD","1762866088","23477/2025-11-17/1762866088.json"
"510807","146155","2025-11-17","52.00","NZD","1762866088","23477/2025-11-17/1762866088.json"
"581513","221281","2025-11-30","36.00","NZD","1762866088","23477/2025-11-30/1762866088.json"
"581514","221282","2025-11-30","36.00","NZD","1762866088","23477/2025-11-30/1762866088.json"
"512557","146154","2025-11-30","45.00","NZD","1762866088","23477/2025-11-30/1762866088.json"
"365170","146153","2025-11-30","48.00","NZD","1762866088","23477/2025-11-30/1762866088.json"
"510807","146155","2025-11-30","52.00","NZD","1762866088","23477/2025-11-30/1762866088.json"
"581513","221281","2025-12-01","36.00","NZD","1762866088","23477/2025-12-01/1762866088.json"
"581514","221282","2025-12-01","36.00","NZD","1762866088","23477/2025-12-01/1762866088.json"
"512557","146154","2025-12-01","45.00","NZD","1762866088","23477/2025-12-01/1762866088.json"
"365170","146153","2025-12-01","48.00","NZD","1762866088","23477/2025-12-01/1762866088.json"
"510807","146155","2025-12-01","52.00","NZD","1762866088","23477/2025-12-01/1762866088.json"
"581513","221281","2025-11-29","36.00","NZD","1762866088","23477/2025-11-29/1762866088.json"
"581514","221282","2025-11-29","36.00","NZD","1762866088","23477/2025-11-29/1762866088.json"
"512557","146154","2025-11-29","45.00","NZD","1762866088","23477/2025-11-29/1762866088.json"
"365170","146153","2025-11-29","48.00","NZD","1762866088","23477/2025-11-29/1762866088.json"
"510807","146155","2025-11-29","52.00","NZD","1762866088","23477/2025-11-29/1762866088.json"
"581513","221281","2025-12-02","36.00","NZD","1762866088","23477/2025-12-02/1762866088.json"
"581514","221282","2025-12-02","36.00","NZD","1762866088","23477/2025-12-02/1762866088.json"
"512557","146154","2025-12-02","45.00","NZD","1762866088","23477/2025-12-02/1762866088.json"
"365170","146153","2025-12-02","48.00","NZD","1762866088","23477/2025-12-02/1762866088.json"
"510807","146155","2025-12-02","52.00","NZD","1762866088","23477/2025-12-02/1762866088.json"
"581513","221281","2025-12-03","36.00","NZD","1762866088","23477/2025-12-03/1762866088.json"
"581514","221282","2025-12-03","36.00","NZD","1762866088","23477/2025-12-03/1762866088.json"
"512557","146154","2025-12-03","45.00","NZD","1762866088","23477/2025-12-03/1762866088.json"
"365170","146153","2025-12-03","48.00","NZD","1762866088","23477/2025-12-03/1762866088.json"
"510807","146155","2025-12-03","52.00","NZD","1762866088","23477/2025-12-03/1762866088.json"
"581513","221281","2025-12-06","36.00","NZD","1762866088","23477/2025-12-06/1762866088.json"
"581514","221282","2025-12-06","36.00","NZD","1762866088","23477/2025-12-06/1762866088.json"
"512557","146154","2025-12-06","45.00","NZD","1762866088","23477/2025-12-06/1762866088.json"
"365170","146153","2025-12-06","48.00","NZD","1762866088","23477/2025-12-06/1762866088.json"
"510807","146155","2025-12-06","52.00","NZD","1762866088","23477/2025-12-06/1762866088.json"
"581513","221281","2025-12-05","36.00","NZD","1762866088","23477/2025-12-05/1762866088.json"
"581514","221282","2025-12-05","36.00","NZD","1762866088","23477/2025-12-05/1762866088.json"
"512557","146154","2025-12-05","45.00","NZD","1762866088","23477/2025-12-05/1762866088.json"
"365170","146153","2025-12-05","48.00","NZD","1762866088","23477/2025-12-05/1762866088.json"
"510807","146155","2025-12-05","52.00","NZD","1762866088","23477/2025-12-05/1762866088.json"
"581513","221281","2025-12-04","36.00","NZD","1762866088","23477/2025-12-04/1762866088.json"
"581514","221282","2025-12-04","36.00","NZD","1762866088","23477/2025-12-04/1762866088.json"
"512557","146154","2025-12-04","45.00","NZD","1762866088","23477/2025-12-04/1762866088.json"
"365170","146153","2025-12-04","48.00","NZD","1762866088","23477/2025-12-04/1762866088.json"
"510807","146155","2025-12-04","52.00","NZD","1762866088","23477/2025-12-04/1762866088.json"
"581513","221281","2025-12-07","36.00","NZD","1762866088","23477/2025-12-07/1762866088.json"
"581514","221282","2025-12-07","36.00","NZD","1762866088","23477/2025-12-07/1762866088.json"
"512557","146154","2025-12-07","45.00","NZD","1762866088","23477/2025-12-07/1762866088.json"
"365170","146153","2025-12-07","48.00","NZD","1762866088","23477/2025-12-07/1762866088.json"
"510807","146155","2025-12-07","52.00","NZD","1762866088","23477/2025-12-07/1762866088.json"
"581513","221281","2025-12-08","36.00","NZD","1762866088","23477/2025-12-08/1762866088.json"
"581514","221282","2025-12-08","36.00","NZD","1762866088","23477/2025-12-08/1762866088.json"
"512557","146154","2025-12-08","45.00","NZD","1762866088","23477/2025-12-08/1762866088.json"
"365170","146153","2025-12-08","48.00","NZD","1762866088","23477/2025-12-08/1762866088.json"
"510807","146155","2025-12-08","52.00","NZD","1762866088","23477/2025-12-08/1762866088.json"
"581513","221281","2025-12-10","36.00","NZD","1762866088","23477/2025-12-10/1762866088.json"
"581514","221282","2025-12-10","36.00","NZD","1762866088","23477/2025-12-10/1762866088.json"
"512557","146154","2025-12-10","45.00","NZD","1762866088","23477/2025-12-10/1762866088.json"
"365170","146153","2025-12-10","48.00","NZD","1762866088","23477/2025-12-10/1762866088.json"
"510807","146155","2025-12-10","52.00","NZD","1762866088","23477/2025-12-10/1762866088.json"
"581513","221281","2025-12-11","36.00","NZD","1762866088","23477/2025-12-11/1762866088.json"
"581514","221282","2025-12-11","36.00","NZD","1762866088","23477/2025-12-11/1762866088.json"
"512557","146154","2025-12-11","45.00","NZD","1762866088","23477/2025-12-11/1762866088.json"
"365170","146153","2025-12-11","48.00","NZD","1762866088","23477/2025-12-11/1762866088.json"
"510807","146155","2025-12-11","52.00","NZD","1762866088","23477/2025-12-11/1762866088.json"
"581513","221281","2025-12-12","36.00","NZD","1762866088","23477/2025-12-12/1762866088.json"
"581514","221282","2025-12-12","36.00","NZD","1762866088","23477/2025-12-12/1762866088.json"
"512557","146154","2025-12-12","45.00","NZD","1762866088","23477/2025-12-12/1762866088.json"
"365170","146153","2025-12-12","48.00","NZD","1762866088","23477/2025-12-12/1762866088.json"
"510807","146155","2025-12-12","52.00","NZD","1762866088","23477/2025-12-12/1762866088.json"
"581513","221281","2025-12-09","36.00","NZD","1762866088","23477/2025-12-09/1762866088.json"
"581514","221282","2025-12-09","36.00","NZD","1762866088","23477/2025-12-09/1762866088.json"
"512557","146154","2025-12-09","45.00","NZD","1762866088","23477/2025-12-09/1762866088.json"
"365170","146153","2025-12-09","48.00","NZD","1762866088","23477/2025-12-09/1762866088.json"
"510807","146155","2025-12-09","52.00","NZD","1762866088","23477/2025-12-09/1762866088.json"
"581513","221281","2025-12-13","36.00","NZD","1762866088","23477/2025-12-13/1762866088.json"
"581514","221282","2025-12-13","36.00","NZD","1762866088","23477/2025-12-13/1762866088.json"
"512557","146154","2025-12-13","45.00","NZD","1762866088","23477/2025-12-13/1762866088.json"
"365170","146153","2025-12-13","48.00","NZD","1762866088","23477/2025-12-13/1762866088.json"
"510807","146155","2025-12-13","52.00","NZD","1762866088","23477/2025-12-13/1762866088.json"
"581513","221281","2025-12-14","36.00","NZD","1762866088","23477/2025-12-14/1762866088.json"
"581514","221282","2025-12-14","36.00","NZD","1762866088","23477/2025-12-14/1762866088.json"
"512557","146154","2025-12-14","45.00","NZD","1762866088","23477/2025-12-14/1762866088.json"
"365170","146153","2025-12-14","48.00","NZD","1762866088","23477/2025-12-14/1762866088.json"
"510807","146155","2025-12-14","52.00","NZD","1762866088","23477/2025-12-14/1762866088.json"
"581513","221281","2025-12-16","36.00","NZD","1762866088","23477/2025-12-16/1762866088.json"
"581514","221282","2025-12-16","36.00","NZD","1762866088","23477/2025-12-16/1762866088.json"
"512557","146154","2025-12-16","45.00","NZD","1762866088","23477/2025-12-16/1762866088.json"
"365170","146153","2025-12-16","48.00","NZD","1762866088","23477/2025-12-16/1762866088.json"
"510807","146155","2025-12-16","52.00","NZD","1762866088","23477/2025-12-16/1762866088.json"
"581513","221281","2025-12-15","36.00","NZD","1762866088","23477/2025-12-15/1762866088.json"
"581514","221282","2025-12-15","36.00","NZD","1762866088","23477/2025-12-15/1762866088.json"
"512557","146154","2025-12-15","45.00","NZD","1762866088","23477/2025-12-15/1762866088.json"
"365170","146153","2025-12-15","48.00","NZD","1762866088","23477/2025-12-15/1762866088.json"
"510807","146155","2025-12-15","52.00","NZD","1762866088","23477/2025-12-15/1762866088.json"
"581513","221281","2025-12-17","36.00","NZD","1762866088","23477/2025-12-17/1762866088.json"
"581514","221282","2025-12-17","36.00","NZD","1762866088","23477/2025-12-17/1762866088.json"
"512557","146154","2025-12-17","45.00","NZD","1762866088","23477/2025-12-17/1762866088.json"
"365170","146153","2025-12-17","48.00","NZD","1762866088","23477/2025-12-17/1762866088.json"
"510807","146155","2025-12-17","52.00","NZD","1762866088","23477/2025-12-17/1762866088.json"
"581513","221281","2025-12-18","36.00","NZD","1762866088","23477/2025-12-18/1762866088.json"
"581514","221282","2025-12-18","36.00","NZD","1762866088","23477/2025-12-18/1762866088.json"
"512557","146154","2025-12-18","45.00","NZD","1762866088","23477/2025-12-18/1762866088.json"
"365170","146153","2025-12-18","48.00","NZD","1762866088","23477/2025-12-18/1762866088.json"
"510807","146155","2025-12-18","52.00","NZD","1762866088","23477/2025-12-18/1762866088.json"
"581513","221281","2025-12-20","36.00","NZD","1762866088","23477/2025-12-20/1762866088.json"
"581514","221282","2025-12-20","36.00","NZD","1762866088","23477/2025-12-20/1762866088.json"
"512557","146154","2025-12-20","45.00","NZD","1762866088","23477/2025-12-20/1762866088.json"
"365170","146153","2025-12-20","48.00","NZD","1762866088","23477/2025-12-20/1762866088.json"
"510807","146155","2025-12-20","52.00","NZD","1762866088","23477/2025-12-20/1762866088.json"
"581513","221281","2025-12-19","36.00","NZD","1762866088","23477/2025-12-19/1762866088.json"
"581514","221282","2025-12-19","36.00","NZD","1762866088","23477/2025-12-19/1762866088.json"
"512557","146154","2025-12-19","45.00","NZD","1762866088","23477/2025-12-19/1762866088.json"
"365170","146153","2025-12-19","48.00","NZD","1762866088","23477/2025-12-19/1762866088.json"
"510807","146155","2025-12-19","52.00","NZD","1762866088","23477/2025-12-19/1762866088.json"
"581513","221281","2025-12-21","36.00","NZD","1762866088","23477/2025-12-21/1762866088.json"
"581514","221282","2025-12-21","36.00","NZD","1762866088","23477/2025-12-21/1762866088.json"
"512557","146154","2025-12-21","45.00","NZD","1762866088","23477/2025-12-21/1762866088.json"
"365170","146153","2025-12-21","48.00","NZD","1762866088","23477/2025-12-21/1762866088.json"
"510807","146155","2025-12-21","52.00","NZD","1762866088","23477/2025-12-21/1762866088.json"
"581513","221281","2025-12-22","36.00","NZD","1762866088","23477/2025-12-22/1762866088.json"
"581514","221282","2025-12-22","36.00","NZD","1762866088","23477/2025-12-22/1762866088.json"
"512557","146154","2025-12-22","45.00","NZD","1762866088","23477/2025-12-22/1762866088.json"
"365170","146153","2025-12-22","48.00","NZD","1762866088","23477/2025-12-22/1762866088.json"
"510807","146155","2025-12-22","52.00","NZD","1762866088","23477/2025-12-22/1762866088.json"
"581513","221281","2025-12-23","38.00","NZD","1762866088","23477/2025-12-23/1762866088.json"
"581514","221282","2025-12-23","38.00","NZD","1762866088","23477/2025-12-23/1762866088.json"
"512557","146154","2025-12-23","45.00","NZD","1762866088","23477/2025-12-23/1762866088.json"
"365170","146153","2025-12-23","48.00","NZD","1762866088","23477/2025-12-23/1762866088.json"
"510807","146155","2025-12-23","52.00","NZD","1762866088","23477/2025-12-23/1762866088.json"
"581513","221281","2025-12-24","38.00","NZD","1762866088","23477/2025-12-24/1762866088.json"
"581514","221282","2025-12-24","38.00","NZD","1762866088","23477/2025-12-24/1762866088.json"
"512557","146154","2025-12-24","45.00","NZD","1762866088","23477/2025-12-24/1762866088.json"
"365170","146153","2025-12-24","48.00","NZD","1762866088","23477/2025-12-24/1762866088.json"
"510807","146155","2025-12-24","52.00","NZD","1762866088","23477/2025-12-24/1762866088.json"
"581513","221281","2025-12-25","38.00","NZD","1762866088","23477/2025-12-25/1762866088.json"
"581514","221282","2025-12-25","38.00","NZD","1762866088","23477/2025-12-25/1762866088.json"
"512557","146154","2025-12-25","45.00","NZD","1762866088","23477/2025-12-25/1762866088.json"
"365170","146153","2025-12-25","48.00","NZD","1762866088","23477/2025-12-25/1762866088.json"
"510807","146155","2025-12-25","52.00","NZD","1762866088","23477/2025-12-25/1762866088.json"
"581513","221281","2025-12-26","42.00","NZD","1762866088","23477/2025-12-26/1762866088.json"
"581514","221282","2025-12-26","42.00","NZD","1762866088","23477/2025-12-26/1762866088.json"
"512557","146154","2025-12-26","45.00","NZD","1762866088","23477/2025-12-26/1762866088.json"
"365170","146153","2025-12-26","48.00","NZD","1762866088","23477/2025-12-26/1762866088.json"
"510807","146155","2025-12-26","52.00","NZD","1762866088","23477/2025-12-26/1762866088.json"
"581513","221281","2025-12-27","42.00","NZD","1762866088","23477/2025-12-27/1762866088.json"
"581514","221282","2025-12-27","42.00","NZD","1762866088","23477/2025-12-27/1762866088.json"
"512557","146154","2025-12-27","45.00","NZD","1762866088","23477/2025-12-27/1762866088.json"
"365170","146153","2025-12-27","48.00","NZD","1762866088","23477/2025-12-27/1762866088.json"
"510807","146155","2025-12-27","52.00","NZD","1762866088","23477/2025-12-27/1762866088.json"
"581513","221281","2025-12-28","42.00","NZD","1762866088","23477/2025-12-28/1762866088.json"
"581514","221282","2025-12-28","42.00","NZD","1762866088","23477/2025-12-28/1762866088.json"
"512557","146154","2025-12-28","45.00","NZD","1762866088","23477/2025-12-28/1762866088.json"
"365170","146153","2025-12-28","48.00","NZD","1762866088","23477/2025-12-28/1762866088.json"
"510807","146155","2025-12-28","52.00","NZD","1762866088","23477/2025-12-28/1762866088.json"
"581513","221281","2025-12-29","42.00","NZD","1762866088","23477/2025-12-29/1762866088.json"
"581514","221282","2025-12-29","42.00","NZD","1762866088","23477/2025-12-29/1762866088.json"
"512557","146154","2025-12-29","45.00","NZD","1762866088","23477/2025-12-29/1762866088.json"
"365170","146153","2025-12-29","48.00","NZD","1762866088","23477/2025-12-29/1762866088.json"
"510807","146155","2025-12-29","52.00","NZD","1762866088","23477/2025-12-29/1762866088.json"
"581513","221281","2025-12-30","42.00","NZD","1762866088","23477/2025-12-30/1762866088.json"
"581514","221282","2025-12-30","42.00","NZD","1762866088","23477/2025-12-30/1762866088.json"
"512557","146154","2025-12-30","45.00","NZD","1762866088","23477/2025-12-30/1762866088.json"
"365170","146153","2025-12-30","48.00","NZD","1762866088","23477/2025-12-30/1762866088.json"
"510807","146155","2025-12-30","52.00","NZD","1762866088","23477/2025-12-30/1762866088.json"
"581513","221281","2025-12-31","42.00","NZD","1762866088","23477/2025-12-31/1762866088.json"
"581514","221282","2025-12-31","42.00","NZD","1762866088","23477/2025-12-31/1762866088.json"
"512557","146154","2025-12-31","45.00","NZD","1762866088","23477/2025-12-31/1762866088.json"
"365170","146153","2025-12-31","48.00","NZD","1762866088","23477/2025-12-31/1762866088.json"
"510807","146155","2025-12-31","52.00","NZD","1762866088","23477/2025-12-31/1762866088.json"
"581513","221281","2026-01-01","42.00","NZD","1762866088","23477/2026-01-01/1762866088.json"
"581514","221282","2026-01-01","42.00","NZD","1762866088","23477/2026-01-01/1762866088.json"
"512557","146154","2026-01-01","45.00","NZD","1762866088","23477/2026-01-01/1762866088.json"
"365170","146153","2026-01-01","48.00","NZD","1762866088","23477/2026-01-01/1762866088.json"
"510807","146155","2026-01-01","52.00","NZD","1762866088","23477/2026-01-01/1762866088.json"
"581513","221281","2026-01-02","42.00","NZD","1762866088","23477/2026-01-02/1762866088.json"
"581514","221282","2026-01-02","42.00","NZD","1762866088","23477/2026-01-02/1762866088.json"
"512557","146154","2026-01-02","45.00","NZD","1762866088","23477/2026-01-02/1762866088.json"
"365170","146153","2026-01-02","48.00","NZD","1762866088","23477/2026-01-02/1762866088.json"
"510807","146155","2026-01-02","52.00","NZD","1762866088","23477/2026-01-02/1762866088.json"
"581513","221281","2026-01-03","42.00","NZD","1762866088","23477/2026-01-03/1762866088.json"
"581514","221282","2026-01-03","42.00","NZD","1762866088","23477/2026-01-03/1762866088.json"
"512557","146154","2026-01-03","45.00","NZD","1762866088","23477/2026-01-03/1762866088.json"
"365170","146153","2026-01-03","48.00","NZD","1762866088","23477/2026-01-03/1762866088.json"
"510807","146155","2026-01-03","52.00","NZD","1762866088","23477/2026-01-03/1762866088.json"
"581513","221281","2026-01-04","42.00","NZD","1762866088","23477/2026-01-04/1762866088.json"
"581514","221282","2026-01-04","42.00","NZD","1762866088","23477/2026-01-04/1762866088.json"
"512557","146154","2026-01-04","45.00","NZD","1762866088","23477/2026-01-04/1762866088.json"
"365170","146153","2026-01-04","48.00","NZD","1762866088","23477/2026-01-04/1762866088.json"
"510807","146155","2026-01-04","52.00","NZD","1762866088","23477/2026-01-04/1762866088.json"
"581513","221281","2026-01-05","36.00","NZD","1762866088","23477/2026-01-05/1762866088.json"
"581514","221282","2026-01-05","36.00","NZD","1762866088","23477/2026-01-05/1762866088.json"
"512557","146154","2026-01-05","45.00","NZD","1762866088","23477/2026-01-05/1762866088.json"
"365170","146153","2026-01-05","48.00","NZD","1762866088","23477/2026-01-05/1762866088.json"
"510807","146155","2026-01-05","52.00","NZD","1762866088","23477/2026-01-05/1762866088.json"
"581513","221281","2026-01-06","36.00","NZD","1762866088","23477/2026-01-06/1762866088.json"
"581514","221282","2026-01-06","36.00","NZD","1762866088","23477/2026-01-06/1762866088.json"
"512557","146154","2026-01-06","45.00","NZD","1762866088","23477/2026-01-06/1762866088.json"
"365170","146153","2026-01-06","48.00","NZD","1762866088","23477/2026-01-06/1762866088.json"
"510807","146155","2026-01-06","52.00","NZD","1762866088","23477/2026-01-06/1762866088.json"
"581513","221281","2026-01-07","36.00","NZD","1762866088","23477/2026-01-07/1762866088.json"
"581514","221282","2026-01-07","36.00","NZD","1762866088","23477/2026-01-07/1762866088.json"
"512557","146154","2026-01-07","45.00","NZD","1762866088","23477/2026-01-07/1762866088.json"
"365170","146153","2026-01-07","48.00","NZD","1762866088","23477/2026-01-07/1762866088.json"
"510807","146155","2026-01-07","52.00","NZD","1762866088","23477/2026-01-07/1762866088.json"
"581513","221281","2026-01-08","36.00","NZD","1762866088","23477/2026-01-08/1762866088.json"
"581514","221282","2026-01-08","36.00","NZD","1762866088","23477/2026-01-08/1762866088.json"
"512557","146154","2026-01-08","45.00","NZD","1762866088","23477/2026-01-08/1762866088.json"
"365170","146153","2026-01-08","48.00","NZD","1762866088","23477/2026-01-08/1762866088.json"
"510807","146155","2026-01-08","52.00","NZD","1762866088","23477/2026-01-08/1762866088.json"
"581513","221281","2026-01-09","36.00","NZD","1762866088","23477/2026-01-09/1762866088.json"
"581514","221282","2026-01-09","36.00","NZD","1762866088","23477/2026-01-09/1762866088.json"
"512557","146154","2026-01-09","45.00","NZD","1762866088","23477/2026-01-09/1762866088.json"
"365170","146153","2026-01-09","48.00","NZD","1762866088","23477/2026-01-09/1762866088.json"
"510807","146155","2026-01-09","52.00","NZD","1762866088","23477/2026-01-09/1762866088.json"
"581513","221281","2026-01-10","36.00","NZD","1762866088","23477/2026-01-10/1762866088.json"
"581514","221282","2026-01-10","36.00","NZD","1762866088","23477/2026-01-10/1762866088.json"
"512557","146154","2026-01-10","45.00","NZD","1762866088","23477/2026-01-10/1762866088.json"
"365170","146153","2026-01-10","48.00","NZD","1762866088","23477/2026-01-10/1762866088.json"
"510807","146155","2026-01-10","52.00","NZD","1762866088","23477/2026-01-10/1762866088.json"
"581513","221281","2025-11-12","36.00","NZD","1762879581","23477/2025-11-12/1762879581.json"
"581514","221282","2025-11-12","36.00","NZD","1762879581","23477/2025-11-12/1762879581.json"
"512557","146154","2025-11-12","45.00","NZD","1762879581","23477/2025-11-12/1762879581.json"
"365170","146153","2025-11-12","48.00","NZD","1762879581","23477/2025-11-12/1762879581.json"
"510807","146155","2025-11-12","52.00","NZD","1762879581","23477/2025-11-12/1762879581.json"
"581513","221281","2025-11-13","36.00","NZD","1762879581","23477/2025-11-13/1762879581.json"
"581514","221282","2025-11-13","36.00","NZD","1762879581","23477/2025-11-13/1762879581.json"
"512557","146154","2025-11-13","45.00","NZD","1762879581","23477/2025-11-13/1762879581.json"
"365170","146153","2025-11-13","48.00","NZD","1762879581","23477/2025-11-13/1762879581.json"
"510807","146155","2025-11-13","52.00","NZD","1762879581","23477/2025-11-13/1762879581.json"
"581513","221281","2025-11-14","36.00","NZD","1762879581","23477/2025-11-14/1762879581.json"
"581514","221282","2025-11-14","36.00","NZD","1762879581","23477/2025-11-14/1762879581.json"
"512557","146154","2025-11-14","45.00","NZD","1762879581","23477/2025-11-14/1762879581.json"
"365170","146153","2025-11-14","48.00","NZD","1762879581","23477/2025-11-14/1762879581.json"
"510807","146155","2025-11-14","52.00","NZD","1762879581","23477/2025-11-14/1762879581.json"
"581513","221281","2025-11-15","36.00","NZD","1762879581","23477/2025-11-15/1762879581.json"
"581514","221282","2025-11-15","36.00","NZD","1762879581","23477/2025-11-15/1762879581.json"
"512557","146154","2025-11-15","45.00","NZD","1762879581","23477/2025-11-15/1762879581.json"
"365170","146153","2025-11-15","48.00","NZD","1762879581","23477/2025-11-15/1762879581.json"
"510807","146155","2025-11-15","52.00","NZD","1762879581","23477/2025-11-15/1762879581.json"
"581513","221281","2025-11-17","36.00","NZD","1762879581","23477/2025-11-17/1762879581.json"
"581514","221282","2025-11-17","36.00","NZD","1762879581","23477/2025-11-17/1762879581.json"
"512557","146154","2025-11-17","45.00","NZD","1762879581","23477/2025-11-17/1762879581.json"
"365170","146153","2025-11-17","48.00","NZD","1762879581","23477/2025-11-17/1762879581.json"
"510807","146155","2025-11-17","52.00","NZD","1762879581","23477/2025-11-17/1762879581.json"
"581513","221281","2025-11-16","36.00","NZD","1762879581","23477/2025-11-16/1762879581.json"
"581514","221282","2025-11-16","36.00","NZD","1762879581","23477/2025-11-16/1762879581.json"
"512557","146154","2025-11-16","45.00","NZD","1762879581","23477/2025-11-16/1762879581.json"
"365170","146153","2025-11-16","48.00","NZD","1762879581","23477/2025-11-16/1762879581.json"
"510807","146155","2025-11-16","52.00","NZD","1762879581","23477/2025-11-16/1762879581.json"
"581513","221281","2025-11-18","36.00","NZD","1762879581","23477/2025-11-18/1762879581.json"
"581514","221282","2025-11-18","36.00","NZD","1762879581","23477/2025-11-18/1762879581.json"
"512557","146154","2025-11-18","45.00","NZD","1762879581","23477/2025-11-18/1762879581.json"
"365170","146153","2025-11-18","48.00","NZD","1762879581","23477/2025-11-18/1762879581.json"
"510807","146155","2025-11-18","52.00","NZD","1762879581","23477/2025-11-18/1762879581.json"
"581513","221281","2025-11-22","36.00","NZD","1762879581","23477/2025-11-22/1762879581.json"
"581514","221282","2025-11-22","36.00","NZD","1762879581","23477/2025-11-22/1762879581.json"
"512557","146154","2025-11-22","45.00","NZD","1762879581","23477/2025-11-22/1762879581.json"
"365170","146153","2025-11-22","48.00","NZD","1762879581","23477/2025-11-22/1762879581.json"
"510807","146155","2025-11-22","52.00","NZD","1762879581","23477/2025-11-22/1762879581.json"
"581513","221281","2025-11-21","36.00","NZD","1762879581","23477/2025-11-21/1762879581.json"
"581514","221282","2025-11-21","36.00","NZD","1762879581","23477/2025-11-21/1762879581.json"
"512557","146154","2025-11-21","45.00","NZD","1762879581","23477/2025-11-21/1762879581.json"
"365170","146153","2025-11-21","48.00","NZD","1762879581","23477/2025-11-21/1762879581.json"
"510807","146155","2025-11-21","52.00","NZD","1762879581","23477/2025-11-21/1762879581.json"
"581513","221281","2025-11-20","36.00","NZD","1762879581","23477/2025-11-20/1762879581.json"
"581514","221282","2025-11-20","36.00","NZD","1762879581","23477/2025-11-20/1762879581.json"
"512557","146154","2025-11-20","45.00","NZD","1762879581","23477/2025-11-20/1762879581.json"
"581513","221281","2025-11-19","36.00","NZD","1762879581","23477/2025-11-19/1762879581.json"
"581514","221282","2025-11-19","36.00","NZD","1762879581","23477/2025-11-19/1762879581.json"
"512557","146154","2025-11-19","45.00","NZD","1762879581","23477/2025-11-19/1762879581.json"
"365170","146153","2025-11-19","48.00","NZD","1762879581","23477/2025-11-19/1762879581.json"
"510807","146155","2025-11-19","52.00","NZD","1762879581","23477/2025-11-19/1762879581.json"
"581513","221281","2025-11-26","36.00","NZD","1762879581","23477/2025-11-26/1762879581.json"
"581514","221282","2025-11-26","36.00","NZD","1762879581","23477/2025-11-26/1762879581.json"
"512557","146154","2025-11-26","45.00","NZD","1762879581","23477/2025-11-26/1762879581.json"
"365170","146153","2025-11-26","48.00","NZD","1762879581","23477/2025-11-26/1762879581.json"
"510807","146155","2025-11-26","52.00","NZD","1762879581","23477/2025-11-26/1762879581.json"
"581513","221281","2025-11-23","36.00","NZD","1762879581","23477/2025-11-23/1762879581.json"
"581514","221282","2025-11-23","36.00","NZD","1762879581","23477/2025-11-23/1762879581.json"
"512557","146154","2025-11-23","45.00","NZD","1762879581","23477/2025-11-23/1762879581.json"
"365170","146153","2025-11-23","48.00","NZD","1762879581","23477/2025-11-23/1762879581.json"
"510807","146155","2025-11-23","52.00","NZD","1762879581","23477/2025-11-23/1762879581.json"
"581513","221281","2025-11-25","36.00","NZD","1762879581","23477/2025-11-25/1762879581.json"
"581514","221282","2025-11-25","36.00","NZD","1762879581","23477/2025-11-25/1762879581.json"
"512557","146154","2025-11-25","45.00","NZD","1762879581","23477/2025-11-25/1762879581.json"
"365170","146153","2025-11-25","48.00","NZD","1762879581","23477/2025-11-25/1762879581.json"
"510807","146155","2025-11-25","52.00","NZD","1762879581","23477/2025-11-25/1762879581.json"
"581513","221281","2025-11-24","36.00","NZD","1762879581","23477/2025-11-24/1762879581.json"
"581514","221282","2025-11-24","36.00","NZD","1762879581","23477/2025-11-24/1762879581.json"
"512557","146154","2025-11-24","45.00","NZD","1762879581","23477/2025-11-24/1762879581.json"
"365170","146153","2025-11-24","48.00","NZD","1762879581","23477/2025-11-24/1762879581.json"
"510807","146155","2025-11-24","52.00","NZD","1762879581","23477/2025-11-24/1762879581.json"
"581513","221281","2025-11-27","36.00","NZD","1762879581","23477/2025-11-27/1762879581.json"
"581514","221282","2025-11-27","36.00","NZD","1762879581","23477/2025-11-27/1762879581.json"
"512557","146154","2025-11-27","45.00","NZD","1762879581","23477/2025-11-27/1762879581.json"
"365170","146153","2025-11-27","48.00","NZD","1762879581","23477/2025-11-27/1762879581.json"
"510807","146155","2025-11-27","52.00","NZD","1762879581","23477/2025-11-27/1762879581.json"
"581513","221281","2025-11-28","36.00","NZD","1762879581","23477/2025-11-28/1762879581.json"
"581514","221282","2025-11-28","36.00","NZD","1762879581","23477/2025-11-28/1762879581.json"
"512557","146154","2025-11-28","45.00","NZD","1762879581","23477/2025-11-28/1762879581.json"
"365170","146153","2025-11-28","48.00","NZD","1762879581","23477/2025-11-28/1762879581.json"
"510807","146155","2025-11-28","52.00","NZD","1762879581","23477/2025-11-28/1762879581.json"
"581513","221281","2025-11-29","36.00","NZD","1762879581","23477/2025-11-29/1762879581.json"
"581514","221282","2025-11-29","36.00","NZD","1762879581","23477/2025-11-29/1762879581.json"
"512557","146154","2025-11-29","45.00","NZD","1762879581","23477/2025-11-29/1762879581.json"
"365170","146153","2025-11-29","48.00","NZD","1762879581","23477/2025-11-29/1762879581.json"
"510807","146155","2025-11-29","52.00","NZD","1762879581","23477/2025-11-29/1762879581.json"
"581513","221281","2025-11-30","36.00","NZD","1762879581","23477/2025-11-30/1762879581.json"
"581514","221282","2025-11-30","36.00","NZD","1762879581","23477/2025-11-30/1762879581.json"
"512557","146154","2025-11-30","45.00","NZD","1762879581","23477/2025-11-30/1762879581.json"
"365170","146153","2025-11-30","48.00","NZD","1762879581","23477/2025-11-30/1762879581.json"
"510807","146155","2025-11-30","52.00","NZD","1762879581","23477/2025-11-30/1762879581.json"
"581513","221281","2025-12-01","36.00","NZD","1762879581","23477/2025-12-01/1762879581.json"
"581514","221282","2025-12-01","36.00","NZD","1762879581","23477/2025-12-01/1762879581.json"
"512557","146154","2025-12-01","45.00","NZD","1762879581","23477/2025-12-01/1762879581.json"
"365170","146153","2025-12-01","48.00","NZD","1762879581","23477/2025-12-01/1762879581.json"
"510807","146155","2025-12-01","52.00","NZD","1762879581","23477/2025-12-01/1762879581.json"
"581513","221281","2025-12-02","36.00","NZD","1762879581","23477/2025-12-02/1762879581.json"
"581514","221282","2025-12-02","36.00","NZD","1762879581","23477/2025-12-02/1762879581.json"
"512557","146154","2025-12-02","45.00","NZD","1762879581","23477/2025-12-02/1762879581.json"
"365170","146153","2025-12-02","48.00","NZD","1762879581","23477/2025-12-02/1762879581.json"
"510807","146155","2025-12-02","52.00","NZD","1762879581","23477/2025-12-02/1762879581.json"
"581513","221281","2025-12-03","36.00","NZD","1762879581","23477/2025-12-03/1762879581.json"
"581514","221282","2025-12-03","36.00","NZD","1762879581","23477/2025-12-03/1762879581.json"
"512557","146154","2025-12-03","45.00","NZD","1762879581","23477/2025-12-03/1762879581.json"
"365170","146153","2025-12-03","48.00","NZD","1762879581","23477/2025-12-03/1762879581.json"
"510807","146155","2025-12-03","52.00","NZD","1762879581","23477/2025-12-03/1762879581.json"
"581513","221281","2025-12-04","36.00","NZD","1762879581","23477/2025-12-04/1762879581.json"
"581514","221282","2025-12-04","36.00","NZD","1762879581","23477/2025-12-04/1762879581.json"
"512557","146154","2025-12-04","45.00","NZD","1762879581","23477/2025-12-04/1762879581.json"
"365170","146153","2025-12-04","48.00","NZD","1762879581","23477/2025-12-04/1762879581.json"
"510807","146155","2025-12-04","52.00","NZD","1762879581","23477/2025-12-04/1762879581.json"
"581513","221281","2025-12-08","36.00","NZD","1762879581","23477/2025-12-08/1762879581.json"
"581514","221282","2025-12-08","36.00","NZD","1762879581","23477/2025-12-08/1762879581.json"
"512557","146154","2025-12-08","45.00","NZD","1762879581","23477/2025-12-08/1762879581.json"
"365170","146153","2025-12-08","48.00","NZD","1762879581","23477/2025-12-08/1762879581.json"
"510807","146155","2025-12-08","52.00","NZD","1762879581","23477/2025-12-08/1762879581.json"
"581513","221281","2025-12-05","36.00","NZD","1762879581","23477/2025-12-05/1762879581.json"
"581514","221282","2025-12-05","36.00","NZD","1762879581","23477/2025-12-05/1762879581.json"
"512557","146154","2025-12-05","45.00","NZD","1762879581","23477/2025-12-05/1762879581.json"
"365170","146153","2025-12-05","48.00","NZD","1762879581","23477/2025-12-05/1762879581.json"
"510807","146155","2025-12-05","52.00","NZD","1762879581","23477/2025-12-05/1762879581.json"
"581513","221281","2025-12-06","36.00","NZD","1762879581","23477/2025-12-06/1762879581.json"
"581514","221282","2025-12-06","36.00","NZD","1762879581","23477/2025-12-06/1762879581.json"
"512557","146154","2025-12-06","45.00","NZD","1762879581","23477/2025-12-06/1762879581.json"
"365170","146153","2025-12-06","48.00","NZD","1762879581","23477/2025-12-06/1762879581.json"
"510807","146155","2025-12-06","52.00","NZD","1762879581","23477/2025-12-06/1762879581.json"
"581513","221281","2025-12-07","36.00","NZD","1762879581","23477/2025-12-07/1762879581.json"
"581514","221282","2025-12-07","36.00","NZD","1762879581","23477/2025-12-07/1762879581.json"
"512557","146154","2025-12-07","45.00","NZD","1762879581","23477/2025-12-07/1762879581.json"
"365170","146153","2025-12-07","48.00","NZD","1762879581","23477/2025-12-07/1762879581.json"
"510807","146155","2025-12-07","52.00","NZD","1762879581","23477/2025-12-07/1762879581.json"
"581513","221281","2025-12-10","36.00","NZD","1762879581","23477/2025-12-10/1762879581.json"
"581514","221282","2025-12-10","36.00","NZD","1762879581","23477/2025-12-10/1762879581.json"
"512557","146154","2025-12-10","45.00","NZD","1762879581","23477/2025-12-10/1762879581.json"
"365170","146153","2025-12-10","48.00","NZD","1762879581","23477/2025-12-10/1762879581.json"
"510807","146155","2025-12-10","52.00","NZD","1762879581","23477/2025-12-10/1762879581.json"
"581513","221281","2025-12-11","36.00","NZD","1762879581","23477/2025-12-11/1762879581.json"
"581514","221282","2025-12-11","36.00","NZD","1762879581","23477/2025-12-11/1762879581.json"
"512557","146154","2025-12-11","45.00","NZD","1762879581","23477/2025-12-11/1762879581.json"
"365170","146153","2025-12-11","48.00","NZD","1762879581","23477/2025-12-11/1762879581.json"
"510807","146155","2025-12-11","52.00","NZD","1762879581","23477/2025-12-11/1762879581.json"
"581513","221281","2025-12-09","36.00","NZD","1762879581","23477/2025-12-09/1762879581.json"
"581514","221282","2025-12-09","36.00","NZD","1762879581","23477/2025-12-09/1762879581.json"
"512557","146154","2025-12-09","45.00","NZD","1762879581","23477/2025-12-09/1762879581.json"
"365170","146153","2025-12-09","48.00","NZD","1762879581","23477/2025-12-09/1762879581.json"
"510807","146155","2025-12-09","52.00","NZD","1762879581","23477/2025-12-09/1762879581.json"
"581513","221281","2025-12-12","36.00","NZD","1762879581","23477/2025-12-12/1762879581.json"
"581514","221282","2025-12-12","36.00","NZD","1762879581","23477/2025-12-12/1762879581.json"
"512557","146154","2025-12-12","45.00","NZD","1762879581","23477/2025-12-12/1762879581.json"
"365170","146153","2025-12-12","48.00","NZD","1762879581","23477/2025-12-12/1762879581.json"
"510807","146155","2025-12-12","52.00","NZD","1762879581","23477/2025-12-12/1762879581.json"
"581513","221281","2025-12-14","36.00","NZD","1762879581","23477/2025-12-14/1762879581.json"
"581514","221282","2025-12-14","36.00","NZD","1762879581","23477/2025-12-14/1762879581.json"
"512557","146154","2025-12-14","45.00","NZD","1762879581","23477/2025-12-14/1762879581.json"
"365170","146153","2025-12-14","48.00","NZD","1762879581","23477/2025-12-14/1762879581.json"
"510807","146155","2025-12-14","52.00","NZD","1762879581","23477/2025-12-14/1762879581.json"
"581513","221281","2025-12-13","36.00","NZD","1762879581","23477/2025-12-13/1762879581.json"
"581514","221282","2025-12-13","36.00","NZD","1762879581","23477/2025-12-13/1762879581.json"
"512557","146154","2025-12-13","45.00","NZD","1762879581","23477/2025-12-13/1762879581.json"
"365170","146153","2025-12-13","48.00","NZD","1762879581","23477/2025-12-13/1762879581.json"
"510807","146155","2025-12-13","52.00","NZD","1762879581","23477/2025-12-13/1762879581.json"
"581513","221281","2025-12-15","36.00","NZD","1762879581","23477/2025-12-15/1762879581.json"
"581514","221282","2025-12-15","36.00","NZD","1762879581","23477/2025-12-15/1762879581.json"
"512557","146154","2025-12-15","45.00","NZD","1762879581","23477/2025-12-15/1762879581.json"
"365170","146153","2025-12-15","48.00","NZD","1762879581","23477/2025-12-15/1762879581.json"
"510807","146155","2025-12-15","52.00","NZD","1762879581","23477/2025-12-15/1762879581.json"
"581513","221281","2025-12-16","36.00","NZD","1762879581","23477/2025-12-16/1762879581.json"
"581514","221282","2025-12-16","36.00","NZD","1762879581","23477/2025-12-16/1762879581.json"
"512557","146154","2025-12-16","45.00","NZD","1762879581","23477/2025-12-16/1762879581.json"
"365170","146153","2025-12-16","48.00","NZD","1762879581","23477/2025-12-16/1762879581.json"
"510807","146155","2025-12-16","52.00","NZD","1762879581","23477/2025-12-16/1762879581.json"
"581513","221281","2025-12-19","36.00","NZD","1762879581","23477/2025-12-19/1762879581.json"
"581514","221282","2025-12-19","36.00","NZD","1762879581","23477/2025-12-19/1762879581.json"
"512557","146154","2025-12-19","45.00","NZD","1762879581","23477/2025-12-19/1762879581.json"
"365170","146153","2025-12-19","48.00","NZD","1762879581","23477/2025-12-19/1762879581.json"
"510807","146155","2025-12-19","52.00","NZD","1762879581","23477/2025-12-19/1762879581.json"
"581513","221281","2025-12-18","36.00","NZD","1762879581","23477/2025-12-18/1762879581.json"
"581514","221282","2025-12-18","36.00","NZD","1762879581","23477/2025-12-18/1762879581.json"
"512557","146154","2025-12-18","45.00","NZD","1762879581","23477/2025-12-18/1762879581.json"
"365170","146153","2025-12-18","48.00","NZD","1762879581","23477/2025-12-18/1762879581.json"
"510807","146155","2025-12-18","52.00","NZD","1762879581","23477/2025-12-18/1762879581.json"
"581513","221281","2025-12-20","36.00","NZD","1762879581","23477/2025-12-20/1762879581.json"
"581514","221282","2025-12-20","36.00","NZD","1762879581","23477/2025-12-20/1762879581.json"
"512557","146154","2025-12-20","45.00","NZD","1762879581","23477/2025-12-20/1762879581.json"
"365170","146153","2025-12-20","48.00","NZD","1762879581","23477/2025-12-20/1762879581.json"
"510807","146155","2025-12-20","52.00","NZD","1762879581","23477/2025-12-20/1762879581.json"
"581513","221281","2025-12-17","36.00","NZD","1762879581","23477/2025-12-17/1762879581.json"
"581514","221282","2025-12-17","36.00","NZD","1762879581","23477/2025-12-17/1762879581.json"
"512557","146154","2025-12-17","45.00","NZD","1762879581","23477/2025-12-17/1762879581.json"
"365170","146153","2025-12-17","48.00","NZD","1762879581","23477/2025-12-17/1762879581.json"
"510807","146155","2025-12-17","52.00","NZD","1762879581","23477/2025-12-17/1762879581.json"
"581513","221281","2025-12-21","36.00","NZD","1762879581","23477/2025-12-21/1762879581.json"
"581514","221282","2025-12-21","36.00","NZD","1762879581","23477/2025-12-21/1762879581.json"
"512557","146154","2025-12-21","45.00","NZD","1762879581","23477/2025-12-21/1762879581.json"
"365170","146153","2025-12-21","48.00","NZD","1762879581","23477/2025-12-21/1762879581.json"
"510807","146155","2025-12-21","52.00","NZD","1762879581","23477/2025-12-21/1762879581.json"
"581513","221281","2025-12-22","36.00","NZD","1762879581","23477/2025-12-22/1762879581.json"
"581514","221282","2025-12-22","36.00","NZD","1762879581","23477/2025-12-22/1762879581.json"
"512557","146154","2025-12-22","45.00","NZD","1762879581","23477/2025-12-22/1762879581.json"
"365170","146153","2025-12-22","48.00","NZD","1762879581","23477/2025-12-22/1762879581.json"
"510807","146155","2025-12-22","52.00","NZD","1762879581","23477/2025-12-22/1762879581.json"
"581513","221281","2025-12-23","38.00","NZD","1762879581","23477/2025-12-23/1762879581.json"
"581514","221282","2025-12-23","38.00","NZD","1762879581","23477/2025-12-23/1762879581.json"
"512557","146154","2025-12-23","45.00","NZD","1762879581","23477/2025-12-23/1762879581.json"
"365170","146153","2025-12-23","48.00","NZD","1762879581","23477/2025-12-23/1762879581.json"
"510807","146155","2025-12-23","52.00","NZD","1762879581","23477/2025-12-23/1762879581.json"
"581513","221281","2025-12-24","38.00","NZD","1762879581","23477/2025-12-24/1762879581.json"
"581514","221282","2025-12-24","38.00","NZD","1762879581","23477/2025-12-24/1762879581.json"
"512557","146154","2025-12-24","45.00","NZD","1762879581","23477/2025-12-24/1762879581.json"
"365170","146153","2025-12-24","48.00","NZD","1762879581","23477/2025-12-24/1762879581.json"
"510807","146155","2025-12-24","52.00","NZD","1762879581","23477/2025-12-24/1762879581.json"
"581513","221281","2025-12-25","38.00","NZD","1762879581","23477/2025-12-25/1762879581.json"
"581514","221282","2025-12-25","38.00","NZD","1762879581","23477/2025-12-25/1762879581.json"
"512557","146154","2025-12-25","45.00","NZD","1762879581","23477/2025-12-25/1762879581.json"
"365170","146153","2025-12-25","48.00","NZD","1762879581","23477/2025-12-25/1762879581.json"
"510807","146155","2025-12-25","52.00","NZD","1762879581","23477/2025-12-25/1762879581.json"
"581513","221281","2025-12-26","42.00","NZD","1762879581","23477/2025-12-26/1762879581.json"
"581514","221282","2025-12-26","42.00","NZD","1762879581","23477/2025-12-26/1762879581.json"
"512557","146154","2025-12-26","45.00","NZD","1762879581","23477/2025-12-26/1762879581.json"
"365170","146153","2025-12-26","48.00","NZD","1762879581","23477/2025-12-26/1762879581.json"
"510807","146155","2025-12-26","52.00","NZD","1762879581","23477/2025-12-26/1762879581.json"
"581513","221281","2025-12-27","42.00","NZD","1762879581","23477/2025-12-27/1762879581.json"
"581514","221282","2025-12-27","42.00","NZD","1762879581","23477/2025-12-27/1762879581.json"
"512557","146154","2025-12-27","45.00","NZD","1762879581","23477/2025-12-27/1762879581.json"
"365170","146153","2025-12-27","48.00","NZD","1762879581","23477/2025-12-27/1762879581.json"
"510807","146155","2025-12-27","52.00","NZD","1762879581","23477/2025-12-27/1762879581.json"
"581513","221281","2025-12-28","42.00","NZD","1762879581","23477/2025-12-28/1762879581.json"
"581514","221282","2025-12-28","42.00","NZD","1762879581","23477/2025-12-28/1762879581.json"
"512557","146154","2025-12-28","45.00","NZD","1762879581","23477/2025-12-28/1762879581.json"
"365170","146153","2025-12-28","48.00","NZD","1762879581","23477/2025-12-28/1762879581.json"
"510807","146155","2025-12-28","52.00","NZD","1762879581","23477/2025-12-28/1762879581.json"
"581513","221281","2025-12-29","42.00","NZD","1762879581","23477/2025-12-29/1762879581.json"
"581514","221282","2025-12-29","42.00","NZD","1762879581","23477/2025-12-29/1762879581.json"
"512557","146154","2025-12-29","45.00","NZD","1762879581","23477/2025-12-29/1762879581.json"
"365170","146153","2025-12-29","48.00","NZD","1762879581","23477/2025-12-29/1762879581.json"
"510807","146155","2025-12-29","52.00","NZD","1762879581","23477/2025-12-29/1762879581.json"
"581513","221281","2025-12-31","42.00","NZD","1762879581","23477/2025-12-31/1762879581.json"
"581514","221282","2025-12-31","42.00","NZD","1762879581","23477/2025-12-31/1762879581.json"
"512557","146154","2025-12-31","45.00","NZD","1762879581","23477/2025-12-31/1762879581.json"
"365170","146153","2025-12-31","48.00","NZD","1762879581","23477/2025-12-31/1762879581.json"
"510807","146155","2025-12-31","52.00","NZD","1762879581","23477/2025-12-31/1762879581.json"
"581513","221281","2025-12-30","42.00","NZD","1762879581","23477/2025-12-30/1762879581.json"
"581514","221282","2025-12-30","42.00","NZD","1762879581","23477/2025-12-30/1762879581.json"
"512557","146154","2025-12-30","45.00","NZD","1762879581","23477/2025-12-30/1762879581.json"
"365170","146153","2025-12-30","48.00","NZD","1762879581","23477/2025-12-30/1762879581.json"
"510807","146155","2025-12-30","52.00","NZD","1762879581","23477/2025-12-30/1762879581.json"
"581513","221281","2026-01-02","42.00","NZD","1762879581","23477/2026-01-02/1762879581.json"
"581514","221282","2026-01-02","42.00","NZD","1762879581","23477/2026-01-02/1762879581.json"
"512557","146154","2026-01-02","45.00","NZD","1762879581","23477/2026-01-02/1762879581.json"
"365170","146153","2026-01-02","48.00","NZD","1762879581","23477/2026-01-02/1762879581.json"
"510807","146155","2026-01-02","52.00","NZD","1762879581","23477/2026-01-02/1762879581.json"
"581513","221281","2026-01-01","42.00","NZD","1762879581","23477/2026-01-01/1762879581.json"
"581514","221282","2026-01-01","42.00","NZD","1762879581","23477/2026-01-01/1762879581.json"
"512557","146154","2026-01-01","45.00","NZD","1762879581","23477/2026-01-01/1762879581.json"
"365170","146153","2026-01-01","48.00","NZD","1762879581","23477/2026-01-01/1762879581.json"
"510807","146155","2026-01-01","52.00","NZD","1762879581","23477/2026-01-01/1762879581.json"
"581513","221281","2026-01-04","42.00","NZD","1762879581","23477/2026-01-04/1762879581.json"
"581514","221282","2026-01-04","42.00","NZD","1762879581","23477/2026-01-04/1762879581.json"
"512557","146154","2026-01-04","45.00","NZD","1762879581","23477/2026-01-04/1762879581.json"
"365170","146153","2026-01-04","48.00","NZD","1762879581","23477/2026-01-04/1762879581.json"
"510807","146155","2026-01-04","52.00","NZD","1762879581","23477/2026-01-04/1762879581.json"
"581513","221281","2026-01-05","36.00","NZD","1762879581","23477/2026-01-05/1762879581.json"
"581514","221282","2026-01-05","36.00","NZD","1762879581","23477/2026-01-05/1762879581.json"
"512557","146154","2026-01-05","45.00","NZD","1762879581","23477/2026-01-05/1762879581.json"
"365170","146153","2026-01-05","48.00","NZD","1762879581","23477/2026-01-05/1762879581.json"
"510807","146155","2026-01-05","52.00","NZD","1762879581","23477/2026-01-05/1762879581.json"
"581513","221281","2026-01-03","42.00","NZD","1762879581","23477/2026-01-03/1762879581.json"
"581514","221282","2026-01-03","42.00","NZD","1762879581","23477/2026-01-03/1762879581.json"
"512557","146154","2026-01-03","45.00","NZD","1762879581","23477/2026-01-03/1762879581.json"
"365170","146153","2026-01-03","48.00","NZD","1762879581","23477/2026-01-03/1762879581.json"
"510807","146155","2026-01-03","52.00","NZD","1762879581","23477/2026-01-03/1762879581.json"
"581513","221281","2026-01-06","36.00","NZD","1762879581","23477/2026-01-06/1762879581.json"
"581514","221282","2026-01-06","36.00","NZD","1762879581","23477/2026-01-06/1762879581.json"
"512557","146154","2026-01-06","45.00","NZD","1762879581","23477/2026-01-06/1762879581.json"
"365170","146153","2026-01-06","48.00","NZD","1762879581","23477/2026-01-06/1762879581.json"
"510807","146155","2026-01-06","52.00","NZD","1762879581","23477/2026-01-06/1762879581.json"
"581513","221281","2026-01-07","36.00","NZD","1762879581","23477/2026-01-07/1762879581.json"
"581514","221282","2026-01-07","36.00","NZD","1762879581","23477/2026-01-07/1762879581.json"
"512557","146154","2026-01-07","45.00","NZD","1762879581","23477/2026-01-07/1762879581.json"
"365170","146153","2026-01-07","48.00","NZD","1762879581","23477/2026-01-07/1762879581.json"
"510807","146155","2026-01-07","52.00","NZD","1762879581","23477/2026-01-07/1762879581.json"
"581513","221281","2026-01-09","36.00","NZD","1762879581","23477/2026-01-09/1762879581.json"
"581514","221282","2026-01-09","36.00","NZD","1762879581","23477/2026-01-09/1762879581.json"
"512557","146154","2026-01-09","45.00","NZD","1762879581","23477/2026-01-09/1762879581.json"
"365170","146153","2026-01-09","48.00","NZD","1762879581","23477/2026-01-09/1762879581.json"
"510807","146155","2026-01-09","52.00","NZD","1762879581","23477/2026-01-09/1762879581.json"
"581513","221281","2026-01-08","36.00","NZD","1762879581","23477/2026-01-08/1762879581.json"
"581514","221282","2026-01-08","36.00","NZD","1762879581","23477/2026-01-08/1762879581.json"
"512557","146154","2026-01-08","45.00","NZD","1762879581","23477/2026-01-08/1762879581.json"
"365170","146153","2026-01-08","48.00","NZD","1762879581","23477/2026-01-08/1762879581.json"
"510807","146155","2026-01-08","52.00","NZD","1762879581","23477/2026-01-08/1762879581.json"
"581513","221281","2026-01-10","36.00","NZD","1762879581","23477/2026-01-10/1762879581.json"
"581514","221282","2026-01-10","36.00","NZD","1762879581","23477/2026-01-10/1762879581.json"
"512557","146154","2026-01-10","45.00","NZD","1762879581","23477/2026-01-10/1762879581.json"
"365170","146153","2026-01-10","48.00","NZD","1762879581","23477/2026-01-10/1762879581.json"
"510807","146155","2026-01-10","52.00","NZD","1762879581","23477/2026-01-10/1762879581.json"
"581513","221281","2025-11-12","36.00","NZD","1762893534","23477/2025-11-12/1762893534.json"
"581514","221282","2025-11-12","36.00","NZD","1762893534","23477/2025-11-12/1762893534.json"
"581513","221281","2025-11-13","36.00","NZD","1762893534","23477/2025-11-13/1762893534.json"
"581514","221282","2025-11-13","36.00","NZD","1762893534","23477/2025-11-13/1762893534.json"
"512557","146154","2025-11-12","45.00","NZD","1762893534","23477/2025-11-12/1762893534.json"
"512557","146154","2025-11-13","45.00","NZD","1762893534","23477/2025-11-13/1762893534.json"
"365170","146153","2025-11-12","48.00","NZD","1762893534","23477/2025-11-12/1762893534.json"
"365170","146153","2025-11-13","48.00","NZD","1762893534","23477/2025-11-13/1762893534.json"
"510807","146155","2025-11-13","52.00","NZD","1762893534","23477/2025-11-13/1762893534.json"
"510807","146155","2025-11-12","52.00","NZD","1762893534","23477/2025-11-12/1762893534.json"
"581513","221281","2025-11-15","36.00","NZD","1762893534","23477/2025-11-15/1762893534.json"
"581514","221282","2025-11-15","36.00","NZD","1762893534","23477/2025-11-15/1762893534.json"
"512557","146154","2025-11-15","45.00","NZD","1762893534","23477/2025-11-15/1762893534.json"
"365170","146153","2025-11-15","48.00","NZD","1762893534","23477/2025-11-15/1762893534.json"
"510807","146155","2025-11-15","52.00","NZD","1762893534","23477/2025-11-15/1762893534.json"
"581513","221281","2025-11-14","36.00","NZD","1762893534","23477/2025-11-14/1762893534.json"
"581514","221282","2025-11-14","36.00","NZD","1762893534","23477/2025-11-14/1762893534.json"
"512557","146154","2025-11-14","45.00","NZD","1762893534","23477/2025-11-14/1762893534.json"
"365170","146153","2025-11-14","48.00","NZD","1762893534","23477/2025-11-14/1762893534.json"
"510807","146155","2025-11-14","52.00","NZD","1762893534","23477/2025-11-14/1762893534.json"
"581513","221281","2025-11-16","36.00","NZD","1762893534","23477/2025-11-16/1762893534.json"
"581514","221282","2025-11-16","36.00","NZD","1762893534","23477/2025-11-16/1762893534.json"
"512557","146154","2025-11-16","45.00","NZD","1762893534","23477/2025-11-16/1762893534.json"
"365170","146153","2025-11-16","48.00","NZD","1762893534","23477/2025-11-16/1762893534.json"
"510807","146155","2025-11-16","52.00","NZD","1762893534","23477/2025-11-16/1762893534.json"
"581513","221281","2025-11-18","36.00","NZD","1762893534","23477/2025-11-18/1762893534.json"
"581514","221282","2025-11-18","36.00","NZD","1762893534","23477/2025-11-18/1762893534.json"
"512557","146154","2025-11-18","45.00","NZD","1762893534","23477/2025-11-18/1762893534.json"
"365170","146153","2025-11-18","48.00","NZD","1762893534","23477/2025-11-18/1762893534.json"
"510807","146155","2025-11-18","52.00","NZD","1762893534","23477/2025-11-18/1762893534.json"
"581513","221281","2025-11-17","36.00","NZD","1762893534","23477/2025-11-17/1762893534.json"
"581514","221282","2025-11-17","36.00","NZD","1762893534","23477/2025-11-17/1762893534.json"
"512557","146154","2025-11-17","45.00","NZD","1762893534","23477/2025-11-17/1762893534.json"
"365170","146153","2025-11-17","48.00","NZD","1762893534","23477/2025-11-17/1762893534.json"
"510807","146155","2025-11-17","52.00","NZD","1762893534","23477/2025-11-17/1762893534.json"
"581513","221281","2025-11-19","36.00","NZD","1762893534","23477/2025-11-19/1762893534.json"
"581514","221282","2025-11-19","36.00","NZD","1762893534","23477/2025-11-19/1762893534.json"
"512557","146154","2025-11-19","45.00","NZD","1762893534","23477/2025-11-19/1762893534.json"
"365170","146153","2025-11-19","48.00","NZD","1762893534","23477/2025-11-19/1762893534.json"
"510807","146155","2025-11-19","52.00","NZD","1762893534","23477/2025-11-19/1762893534.json"
"581513","221281","2025-11-21","36.00","NZD","1762893534","23477/2025-11-21/1762893534.json"
"581514","221282","2025-11-21","36.00","NZD","1762893534","23477/2025-11-21/1762893534.json"
"512557","146154","2025-11-21","45.00","NZD","1762893534","23477/2025-11-21/1762893534.json"
"365170","146153","2025-11-21","48.00","NZD","1762893534","23477/2025-11-21/1762893534.json"
"510807","146155","2025-11-21","52.00","NZD","1762893534","23477/2025-11-21/1762893534.json"
"581513","221281","2025-11-22","36.00","NZD","1762893534","23477/2025-11-22/1762893534.json"
"581514","221282","2025-11-22","36.00","NZD","1762893534","23477/2025-11-22/1762893534.json"
"512557","146154","2025-11-22","45.00","NZD","1762893534","23477/2025-11-22/1762893534.json"
"365170","146153","2025-11-22","48.00","NZD","1762893534","23477/2025-11-22/1762893534.json"
"510807","146155","2025-11-22","52.00","NZD","1762893534","23477/2025-11-22/1762893534.json"
"581513","221281","2025-11-20","36.00","NZD","1762893534","23477/2025-11-20/1762893534.json"
"581514","221282","2025-11-20","36.00","NZD","1762893534","23477/2025-11-20/1762893534.json"
"512557","146154","2025-11-20","45.00","NZD","1762893534","23477/2025-11-20/1762893534.json"
"581513","221281","2025-11-23","36.00","NZD","1762893534","23477/2025-11-23/1762893534.json"
"581514","221282","2025-11-23","36.00","NZD","1762893534","23477/2025-11-23/1762893534.json"
"512557","146154","2025-11-23","45.00","NZD","1762893534","23477/2025-11-23/1762893534.json"
"365170","146153","2025-11-23","48.00","NZD","1762893534","23477/2025-11-23/1762893534.json"
"510807","146155","2025-11-23","52.00","NZD","1762893534","23477/2025-11-23/1762893534.json"
"581513","221281","2025-11-25","36.00","NZD","1762893534","23477/2025-11-25/1762893534.json"
"581514","221282","2025-11-25","36.00","NZD","1762893534","23477/2025-11-25/1762893534.json"
"512557","146154","2025-11-25","45.00","NZD","1762893534","23477/2025-11-25/1762893534.json"
"365170","146153","2025-11-25","48.00","NZD","1762893534","23477/2025-11-25/1762893534.json"
"510807","146155","2025-11-25","52.00","NZD","1762893534","23477/2025-11-25/1762893534.json"
"581513","221281","2025-11-26","36.00","NZD","1762893534","23477/2025-11-26/1762893534.json"
"581514","221282","2025-11-26","36.00","NZD","1762893534","23477/2025-11-26/1762893534.json"
"512557","146154","2025-11-26","45.00","NZD","1762893534","23477/2025-11-26/1762893534.json"
"365170","146153","2025-11-26","48.00","NZD","1762893534","23477/2025-11-26/1762893534.json"
"510807","146155","2025-11-26","52.00","NZD","1762893534","23477/2025-11-26/1762893534.json"
"581513","221281","2025-11-24","36.00","NZD","1762893534","23477/2025-11-24/1762893534.json"
"581514","221282","2025-11-24","36.00","NZD","1762893534","23477/2025-11-24/1762893534.json"
"512557","146154","2025-11-24","45.00","NZD","1762893534","23477/2025-11-24/1762893534.json"
"365170","146153","2025-11-24","48.00","NZD","1762893534","23477/2025-11-24/1762893534.json"
"510807","146155","2025-11-24","52.00","NZD","1762893534","23477/2025-11-24/1762893534.json"
"581513","221281","2025-11-27","36.00","NZD","1762893534","23477/2025-11-27/1762893534.json"
"581514","221282","2025-11-27","36.00","NZD","1762893534","23477/2025-11-27/1762893534.json"
"512557","146154","2025-11-27","45.00","NZD","1762893534","23477/2025-11-27/1762893534.json"
"365170","146153","2025-11-27","48.00","NZD","1762893534","23477/2025-11-27/1762893534.json"
"510807","146155","2025-11-27","52.00","NZD","1762893534","23477/2025-11-27/1762893534.json"
"581513","221281","2025-11-28","36.00","NZD","1762893534","23477/2025-11-28/1762893534.json"
"581514","221282","2025-11-28","36.00","NZD","1762893534","23477/2025-11-28/1762893534.json"
"512557","146154","2025-11-28","45.00","NZD","1762893534","23477/2025-11-28/1762893534.json"
"365170","146153","2025-11-28","48.00","NZD","1762893534","23477/2025-11-28/1762893534.json"
"510807","146155","2025-11-28","52.00","NZD","1762893534","23477/2025-11-28/1762893534.json"
"581513","221281","2025-11-29","36.00","NZD","1762893534","23477/2025-11-29/1762893534.json"
"581514","221282","2025-11-29","36.00","NZD","1762893534","23477/2025-11-29/1762893534.json"
"512557","146154","2025-11-29","45.00","NZD","1762893534","23477/2025-11-29/1762893534.json"
"365170","146153","2025-11-29","48.00","NZD","1762893534","23477/2025-11-29/1762893534.json"
"510807","146155","2025-11-29","52.00","NZD","1762893534","23477/2025-11-29/1762893534.json"
"581513","221281","2025-11-30","36.00","NZD","1762893534","23477/2025-11-30/1762893534.json"
"581514","221282","2025-11-30","36.00","NZD","1762893534","23477/2025-11-30/1762893534.json"
"512557","146154","2025-11-30","45.00","NZD","1762893534","23477/2025-11-30/1762893534.json"
"365170","146153","2025-11-30","48.00","NZD","1762893534","23477/2025-11-30/1762893534.json"
"510807","146155","2025-11-30","52.00","NZD","1762893534","23477/2025-11-30/1762893534.json"
"581513","221281","2025-12-01","36.00","NZD","1762893534","23477/2025-12-01/1762893534.json"
"581514","221282","2025-12-01","36.00","NZD","1762893534","23477/2025-12-01/1762893534.json"
"512557","146154","2025-12-01","45.00","NZD","1762893534","23477/2025-12-01/1762893534.json"
"365170","146153","2025-12-01","48.00","NZD","1762893534","23477/2025-12-01/1762893534.json"
"510807","146155","2025-12-01","52.00","NZD","1762893534","23477/2025-12-01/1762893534.json"
"581513","221281","2025-12-04","36.00","NZD","1762893534","23477/2025-12-04/1762893534.json"
"581514","221282","2025-12-04","36.00","NZD","1762893534","23477/2025-12-04/1762893534.json"
"512557","146154","2025-12-04","45.00","NZD","1762893534","23477/2025-12-04/1762893534.json"
"365170","146153","2025-12-04","48.00","NZD","1762893534","23477/2025-12-04/1762893534.json"
"510807","146155","2025-12-04","52.00","NZD","1762893534","23477/2025-12-04/1762893534.json"
"581513","221281","2025-12-03","36.00","NZD","1762893534","23477/2025-12-03/1762893534.json"
"581514","221282","2025-12-03","36.00","NZD","1762893534","23477/2025-12-03/1762893534.json"
"512557","146154","2025-12-03","45.00","NZD","1762893534","23477/2025-12-03/1762893534.json"
"365170","146153","2025-12-03","48.00","NZD","1762893534","23477/2025-12-03/1762893534.json"
"510807","146155","2025-12-03","52.00","NZD","1762893534","23477/2025-12-03/1762893534.json"
"581513","221281","2025-12-02","36.00","NZD","1762893534","23477/2025-12-02/1762893534.json"
"581514","221282","2025-12-02","36.00","NZD","1762893534","23477/2025-12-02/1762893534.json"
"512557","146154","2025-12-02","45.00","NZD","1762893534","23477/2025-12-02/1762893534.json"
"365170","146153","2025-12-02","48.00","NZD","1762893534","23477/2025-12-02/1762893534.json"
"510807","146155","2025-12-02","52.00","NZD","1762893534","23477/2025-12-02/1762893534.json"
"581513","221281","2025-12-05","36.00","NZD","1762893534","23477/2025-12-05/1762893534.json"
"581514","221282","2025-12-05","36.00","NZD","1762893534","23477/2025-12-05/1762893534.json"
"512557","146154","2025-12-05","45.00","NZD","1762893534","23477/2025-12-05/1762893534.json"
"365170","146153","2025-12-05","48.00","NZD","1762893534","23477/2025-12-05/1762893534.json"
"510807","146155","2025-12-05","52.00","NZD","1762893534","23477/2025-12-05/1762893534.json"
"581513","221281","2025-12-06","36.00","NZD","1762893534","23477/2025-12-06/1762893534.json"
"581514","221282","2025-12-06","36.00","NZD","1762893534","23477/2025-12-06/1762893534.json"
"512557","146154","2025-12-06","45.00","NZD","1762893534","23477/2025-12-06/1762893534.json"
"365170","146153","2025-12-06","48.00","NZD","1762893534","23477/2025-12-06/1762893534.json"
"510807","146155","2025-12-06","52.00","NZD","1762893534","23477/2025-12-06/1762893534.json"
"581513","221281","2025-12-07","36.00","NZD","1762893534","23477/2025-12-07/1762893534.json"
"581514","221282","2025-12-07","36.00","NZD","1762893534","23477/2025-12-07/1762893534.json"
"512557","146154","2025-12-07","45.00","NZD","1762893534","23477/2025-12-07/1762893534.json"
"365170","146153","2025-12-07","48.00","NZD","1762893534","23477/2025-12-07/1762893534.json"
"510807","146155","2025-12-07","52.00","NZD","1762893534","23477/2025-12-07/1762893534.json"
"581513","221281","2025-12-08","36.00","NZD","1762893534","23477/2025-12-08/1762893534.json"
"581514","221282","2025-12-08","36.00","NZD","1762893534","23477/2025-12-08/1762893534.json"
"512557","146154","2025-12-08","45.00","NZD","1762893534","23477/2025-12-08/1762893534.json"
"365170","146153","2025-12-08","48.00","NZD","1762893534","23477/2025-12-08/1762893534.json"
"510807","146155","2025-12-08","52.00","NZD","1762893534","23477/2025-12-08/1762893534.json"
"581513","221281","2025-12-10","36.00","NZD","1762893534","23477/2025-12-10/1762893534.json"
"581514","221282","2025-12-10","36.00","NZD","1762893534","23477/2025-12-10/1762893534.json"
"512557","146154","2025-12-10","45.00","NZD","1762893534","23477/2025-12-10/1762893534.json"
"365170","146153","2025-12-10","48.00","NZD","1762893534","23477/2025-12-10/1762893534.json"
"510807","146155","2025-12-10","52.00","NZD","1762893534","23477/2025-12-10/1762893534.json"
"581513","221281","2025-12-11","36.00","NZD","1762893534","23477/2025-12-11/1762893534.json"
"581514","221282","2025-12-11","36.00","NZD","1762893534","23477/2025-12-11/1762893534.json"
"512557","146154","2025-12-11","45.00","NZD","1762893534","23477/2025-12-11/1762893534.json"
"365170","146153","2025-12-11","48.00","NZD","1762893534","23477/2025-12-11/1762893534.json"
"510807","146155","2025-12-11","52.00","NZD","1762893534","23477/2025-12-11/1762893534.json"
"581513","221281","2025-12-09","36.00","NZD","1762893534","23477/2025-12-09/1762893534.json"
"581514","221282","2025-12-09","36.00","NZD","1762893534","23477/2025-12-09/1762893534.json"
"512557","146154","2025-12-09","45.00","NZD","1762893534","23477/2025-12-09/1762893534.json"
"365170","146153","2025-12-09","48.00","NZD","1762893534","23477/2025-12-09/1762893534.json"
"510807","146155","2025-12-09","52.00","NZD","1762893534","23477/2025-12-09/1762893534.json"
"581513","221281","2025-12-12","36.00","NZD","1762893534","23477/2025-12-12/1762893534.json"
"581514","221282","2025-12-12","36.00","NZD","1762893534","23477/2025-12-12/1762893534.json"
"512557","146154","2025-12-12","45.00","NZD","1762893534","23477/2025-12-12/1762893534.json"
"365170","146153","2025-12-12","48.00","NZD","1762893534","23477/2025-12-12/1762893534.json"
"510807","146155","2025-12-12","52.00","NZD","1762893534","23477/2025-12-12/1762893534.json"
"581513","221281","2025-12-13","36.00","NZD","1762893534","23477/2025-12-13/1762893534.json"
"581514","221282","2025-12-13","36.00","NZD","1762893534","23477/2025-12-13/1762893534.json"
"512557","146154","2025-12-13","45.00","NZD","1762893534","23477/2025-12-13/1762893534.json"
"365170","146153","2025-12-13","48.00","NZD","1762893534","23477/2025-12-13/1762893534.json"
"510807","146155","2025-12-13","52.00","NZD","1762893534","23477/2025-12-13/1762893534.json"
"581513","221281","2025-12-14","36.00","NZD","1762893534","23477/2025-12-14/1762893534.json"
"581514","221282","2025-12-14","36.00","NZD","1762893534","23477/2025-12-14/1762893534.json"
"512557","146154","2025-12-14","45.00","NZD","1762893534","23477/2025-12-14/1762893534.json"
"365170","146153","2025-12-14","48.00","NZD","1762893534","23477/2025-12-14/1762893534.json"
"510807","146155","2025-12-14","52.00","NZD","1762893534","23477/2025-12-14/1762893534.json"
"581513","221281","2025-12-15","36.00","NZD","1762893534","23477/2025-12-15/1762893534.json"
"581514","221282","2025-12-15","36.00","NZD","1762893534","23477/2025-12-15/1762893534.json"
"512557","146154","2025-12-15","45.00","NZD","1762893534","23477/2025-12-15/1762893534.json"
"365170","146153","2025-12-15","48.00","NZD","1762893534","23477/2025-12-15/1762893534.json"
"510807","146155","2025-12-15","52.00","NZD","1762893534","23477/2025-12-15/1762893534.json"
"581513","221281","2025-12-16","36.00","NZD","1762893534","23477/2025-12-16/1762893534.json"
"581514","221282","2025-12-16","36.00","NZD","1762893534","23477/2025-12-16/1762893534.json"
"512557","146154","2025-12-16","45.00","NZD","1762893534","23477/2025-12-16/1762893534.json"
"365170","146153","2025-12-16","48.00","NZD","1762893534","23477/2025-12-16/1762893534.json"
"510807","146155","2025-12-16","52.00","NZD","1762893534","23477/2025-12-16/1762893534.json"
"581513","221281","2025-12-17","36.00","NZD","1762893534","23477/2025-12-17/1762893534.json"
"581514","221282","2025-12-17","36.00","NZD","1762893534","23477/2025-12-17/1762893534.json"
"512557","146154","2025-12-17","45.00","NZD","1762893534","23477/2025-12-17/1762893534.json"
"365170","146153","2025-12-17","48.00","NZD","1762893534","23477/2025-12-17/1762893534.json"
"510807","146155","2025-12-17","52.00","NZD","1762893534","23477/2025-12-17/1762893534.json"
"581513","221281","2025-12-19","36.00","NZD","1762893534","23477/2025-12-19/1762893534.json"
"581514","221282","2025-12-19","36.00","NZD","1762893534","23477/2025-12-19/1762893534.json"
"512557","146154","2025-12-19","45.00","NZD","1762893534","23477/2025-12-19/1762893534.json"
"365170","146153","2025-12-19","48.00","NZD","1762893534","23477/2025-12-19/1762893534.json"
"510807","146155","2025-12-19","52.00","NZD","1762893534","23477/2025-12-19/1762893534.json"
"581513","221281","2025-12-20","36.00","NZD","1762893534","23477/2025-12-20/1762893534.json"
"581514","221282","2025-12-20","36.00","NZD","1762893534","23477/2025-12-20/1762893534.json"
"512557","146154","2025-12-20","45.00","NZD","1762893534","23477/2025-12-20/1762893534.json"
"365170","146153","2025-12-20","48.00","NZD","1762893534","23477/2025-12-20/1762893534.json"
"510807","146155","2025-12-20","52.00","NZD","1762893534","23477/2025-12-20/1762893534.json"
"581513","221281","2025-12-18","36.00","NZD","1762893534","23477/2025-12-18/1762893534.json"
"581514","221282","2025-12-18","36.00","NZD","1762893534","23477/2025-12-18/1762893534.json"
"512557","146154","2025-12-18","45.00","NZD","1762893534","23477/2025-12-18/1762893534.json"
"365170","146153","2025-12-18","48.00","NZD","1762893534","23477/2025-12-18/1762893534.json"
"510807","146155","2025-12-18","52.00","NZD","1762893534","23477/2025-12-18/1762893534.json"
"581513","221281","2025-12-21","36.00","NZD","1762893534","23477/2025-12-21/1762893534.json"
"581514","221282","2025-12-21","36.00","NZD","1762893534","23477/2025-12-21/1762893534.json"
"512557","146154","2025-12-21","45.00","NZD","1762893534","23477/2025-12-21/1762893534.json"
"365170","146153","2025-12-21","48.00","NZD","1762893534","23477/2025-12-21/1762893534.json"
"510807","146155","2025-12-21","52.00","NZD","1762893534","23477/2025-12-21/1762893534.json"
"581513","221281","2025-12-22","36.00","NZD","1762893534","23477/2025-12-22/1762893534.json"
"581514","221282","2025-12-22","36.00","NZD","1762893534","23477/2025-12-22/1762893534.json"
"512557","146154","2025-12-22","45.00","NZD","1762893534","23477/2025-12-22/1762893534.json"
"365170","146153","2025-12-22","48.00","NZD","1762893534","23477/2025-12-22/1762893534.json"
"510807","146155","2025-12-22","52.00","NZD","1762893534","23477/2025-12-22/1762893534.json"
"581513","221281","2025-12-23","38.00","NZD","1762893534","23477/2025-12-23/1762893534.json"
"581514","221282","2025-12-23","38.00","NZD","1762893534","23477/2025-12-23/1762893534.json"
"512557","146154","2025-12-23","45.00","NZD","1762893534","23477/2025-12-23/1762893534.json"
"365170","146153","2025-12-23","48.00","NZD","1762893534","23477/2025-12-23/1762893534.json"
"510807","146155","2025-12-23","52.00","NZD","1762893534","23477/2025-12-23/1762893534.json"
"581513","221281","2025-12-24","38.00","NZD","1762893534","23477/2025-12-24/1762893534.json"
"581514","221282","2025-12-24","38.00","NZD","1762893534","23477/2025-12-24/1762893534.json"
"512557","146154","2025-12-24","45.00","NZD","1762893534","23477/2025-12-24/1762893534.json"
"365170","146153","2025-12-24","48.00","NZD","1762893534","23477/2025-12-24/1762893534.json"
"510807","146155","2025-12-24","52.00","NZD","1762893534","23477/2025-12-24/1762893534.json"
"581513","221281","2025-12-25","38.00","NZD","1762893534","23477/2025-12-25/1762893534.json"
"581514","221282","2025-12-25","38.00","NZD","1762893534","23477/2025-12-25/1762893534.json"
"512557","146154","2025-12-25","45.00","NZD","1762893534","23477/2025-12-25/1762893534.json"
"365170","146153","2025-12-25","48.00","NZD","1762893534","23477/2025-12-25/1762893534.json"
"510807","146155","2025-12-25","52.00","NZD","1762893534","23477/2025-12-25/1762893534.json"
"581513","221281","2025-12-26","42.00","NZD","1762893534","23477/2025-12-26/1762893534.json"
"581514","221282","2025-12-26","42.00","NZD","1762893534","23477/2025-12-26/1762893534.json"
"512557","146154","2025-12-26","45.00","NZD","1762893534","23477/2025-12-26/1762893534.json"
"365170","146153","2025-12-26","48.00","NZD","1762893534","23477/2025-12-26/1762893534.json"
"510807","146155","2025-12-26","52.00","NZD","1762893534","23477/2025-12-26/1762893534.json"
"581513","221281","2025-12-27","42.00","NZD","1762893534","23477/2025-12-27/1762893534.json"
"581514","221282","2025-12-27","42.00","NZD","1762893534","23477/2025-12-27/1762893534.json"
"512557","146154","2025-12-27","45.00","NZD","1762893534","23477/2025-12-27/1762893534.json"
"365170","146153","2025-12-27","48.00","NZD","1762893534","23477/2025-12-27/1762893534.json"
"510807","146155","2025-12-27","52.00","NZD","1762893534","23477/2025-12-27/1762893534.json"
"581513","221281","2025-12-28","42.00","NZD","1762893534","23477/2025-12-28/1762893534.json"
"581514","221282","2025-12-28","42.00","NZD","1762893534","23477/2025-12-28/1762893534.json"
"512557","146154","2025-12-28","45.00","NZD","1762893534","23477/2025-12-28/1762893534.json"
"365170","146153","2025-12-28","48.00","NZD","1762893534","23477/2025-12-28/1762893534.json"
"510807","146155","2025-12-28","52.00","NZD","1762893534","23477/2025-12-28/1762893534.json"
"581513","221281","2025-12-31","42.00","NZD","1762893534","23477/2025-12-31/1762893534.json"
"581514","221282","2025-12-31","42.00","NZD","1762893534","23477/2025-12-31/1762893534.json"
"512557","146154","2025-12-31","45.00","NZD","1762893534","23477/2025-12-31/1762893534.json"
"365170","146153","2025-12-31","48.00","NZD","1762893534","23477/2025-12-31/1762893534.json"
"510807","146155","2025-12-31","52.00","NZD","1762893534","23477/2025-12-31/1762893534.json"
"581513","221281","2025-12-30","42.00","NZD","1762893534","23477/2025-12-30/1762893534.json"
"581514","221282","2025-12-30","42.00","NZD","1762893534","23477/2025-12-30/1762893534.json"
"512557","146154","2025-12-30","45.00","NZD","1762893534","23477/2025-12-30/1762893534.json"
"365170","146153","2025-12-30","48.00","NZD","1762893534","23477/2025-12-30/1762893534.json"
"510807","146155","2025-12-30","52.00","NZD","1762893534","23477/2025-12-30/1762893534.json"
"581513","221281","2026-01-01","42.00","NZD","1762893534","23477/2026-01-01/1762893534.json"
"581514","221282","2026-01-01","42.00","NZD","1762893534","23477/2026-01-01/1762893534.json"
"512557","146154","2026-01-01","45.00","NZD","1762893534","23477/2026-01-01/1762893534.json"
"365170","146153","2026-01-01","48.00","NZD","1762893534","23477/2026-01-01/1762893534.json"
"510807","146155","2026-01-01","52.00","NZD","1762893534","23477/2026-01-01/1762893534.json"
"581513","221281","2026-01-03","42.00","NZD","1762893534","23477/2026-01-03/1762893534.json"
"581514","221282","2026-01-03","42.00","NZD","1762893534","23477/2026-01-03/1762893534.json"
"512557","146154","2026-01-03","45.00","NZD","1762893534","23477/2026-01-03/1762893534.json"
"365170","146153","2026-01-03","48.00","NZD","1762893534","23477/2026-01-03/1762893534.json"
"510807","146155","2026-01-03","52.00","NZD","1762893534","23477/2026-01-03/1762893534.json"
"581513","221281","2026-01-02","42.00","NZD","1762893534","23477/2026-01-02/1762893534.json"
"581514","221282","2026-01-02","42.00","NZD","1762893534","23477/2026-01-02/1762893534.json"
"512557","146154","2026-01-02","45.00","NZD","1762893534","23477/2026-01-02/1762893534.json"
"365170","146153","2026-01-02","48.00","NZD","1762893534","23477/2026-01-02/1762893534.json"
"510807","146155","2026-01-02","52.00","NZD","1762893534","23477/2026-01-02/1762893534.json"
"581513","221281","2026-01-04","42.00","NZD","1762893534","23477/2026-01-04/1762893534.json"
"581514","221282","2026-01-04","42.00","NZD","1762893534","23477/2026-01-04/1762893534.json"
"512557","146154","2026-01-04","45.00","NZD","1762893534","23477/2026-01-04/1762893534.json"
"365170","146153","2026-01-04","48.00","NZD","1762893534","23477/2026-01-04/1762893534.json"
"510807","146155","2026-01-04","52.00","NZD","1762893534","23477/2026-01-04/1762893534.json"
"581513","221281","2026-01-05","36.00","NZD","1762893534","23477/2026-01-05/1762893534.json"
"581514","221282","2026-01-05","36.00","NZD","1762893534","23477/2026-01-05/1762893534.json"
"512557","146154","2026-01-05","45.00","NZD","1762893534","23477/2026-01-05/1762893534.json"
"365170","146153","2026-01-05","48.00","NZD","1762893534","23477/2026-01-05/1762893534.json"
"510807","146155","2026-01-05","52.00","NZD","1762893534","23477/2026-01-05/1762893534.json"
"581513","221281","2026-01-07","36.00","NZD","1762893534","23477/2026-01-07/1762893534.json"
"581514","221282","2026-01-07","36.00","NZD","1762893534","23477/2026-01-07/1762893534.json"
"512557","146154","2026-01-07","45.00","NZD","1762893534","23477/2026-01-07/1762893534.json"
"365170","146153","2026-01-07","48.00","NZD","1762893534","23477/2026-01-07/1762893534.json"
"510807","146155","2026-01-07","52.00","NZD","1762893534","23477/2026-01-07/1762893534.json"
"581513","221281","2026-01-06","36.00","NZD","1762893534","23477/2026-01-06/1762893534.json"
"581514","221282","2026-01-06","36.00","NZD","1762893534","23477/2026-01-06/1762893534.json"
"512557","146154","2026-01-06","45.00","NZD","1762893534","23477/2026-01-06/1762893534.json"
"365170","146153","2026-01-06","48.00","NZD","1762893534","23477/2026-01-06/1762893534.json"
"510807","146155","2026-01-06","52.00","NZD","1762893534","23477/2026-01-06/1762893534.json"
"581513","221281","2025-12-29","42.00","NZD","1762893534","23477/2025-12-29/1762893534.json"
"581514","221282","2025-12-29","42.00","NZD","1762893534","23477/2025-12-29/1762893534.json"
"512557","146154","2025-12-29","45.00","NZD","1762893534","23477/2025-12-29/1762893534.json"
"365170","146153","2025-12-29","48.00","NZD","1762893534","23477/2025-12-29/1762893534.json"
"510807","146155","2025-12-29","52.00","NZD","1762893534","23477/2025-12-29/1762893534.json"
"581513","221281","2026-01-09","36.00","NZD","1762893534","23477/2026-01-09/1762893534.json"
"581514","221282","2026-01-09","36.00","NZD","1762893534","23477/2026-01-09/1762893534.json"
"512557","146154","2026-01-09","45.00","NZD","1762893534","23477/2026-01-09/1762893534.json"
"365170","146153","2026-01-09","48.00","NZD","1762893534","23477/2026-01-09/1762893534.json"
"510807","146155","2026-01-09","52.00","NZD","1762893534","23477/2026-01-09/1762893534.json"
"581513","221281","2026-01-08","36.00","NZD","1762893534","23477/2026-01-08/1762893534.json"
"581514","221282","2026-01-08","36.00","NZD","1762893534","23477/2026-01-08/1762893534.json"
"512557","146154","2026-01-08","45.00","NZD","1762893534","23477/2026-01-08/1762893534.json"
"365170","146153","2026-01-08","48.00","NZD","1762893534","23477/2026-01-08/1762893534.json"
"510807","146155","2026-01-08","52.00","NZD","1762893534","23477/2026-01-08/1762893534.json"
"581513","221281","2026-01-10","36.00","NZD","1762893534","23477/2026-01-10/1762893534.json"
"581514","221282","2026-01-10","36.00","NZD","1762893534","23477/2026-01-10/1762893534.json"
"512557","146154","2026-01-10","45.00","NZD","1762893534","23477/2026-01-10/1762893534.json"
"365170","146153","2026-01-10","48.00","NZD","1762893534","23477/2026-01-10/1762893534.json"
"510807","146155","2026-01-10","52.00","NZD","1762893534","23477/2026-01-10/1762893534.json"
"581513","221281","2025-11-12","36.00","NZD","1762912728","23477/2025-11-12/1762912728.json"
"581514","221282","2025-11-12","36.00","NZD","1762912728","23477/2025-11-12/1762912728.json"
"512557","146154","2025-11-12","45.00","NZD","1762912728","23477/2025-11-12/1762912728.json"
"365170","146153","2025-11-12","48.00","NZD","1762912728","23477/2025-11-12/1762912728.json"
"510807","146155","2025-11-12","52.00","NZD","1762912728","23477/2025-11-12/1762912728.json"
"581513","221281","2025-11-14","36.00","NZD","1762912728","23477/2025-11-14/1762912728.json"
"581514","221282","2025-11-14","36.00","NZD","1762912728","23477/2025-11-14/1762912728.json"
"512557","146154","2025-11-14","45.00","NZD","1762912728","23477/2025-11-14/1762912728.json"
"365170","146153","2025-11-14","48.00","NZD","1762912728","23477/2025-11-14/1762912728.json"
"510807","146155","2025-11-14","52.00","NZD","1762912728","23477/2025-11-14/1762912728.json"
"581513","221281","2025-11-15","36.00","NZD","1762912728","23477/2025-11-15/1762912728.json"
"581514","221282","2025-11-15","36.00","NZD","1762912728","23477/2025-11-15/1762912728.json"
"512557","146154","2025-11-15","45.00","NZD","1762912728","23477/2025-11-15/1762912728.json"
"365170","146153","2025-11-15","48.00","NZD","1762912728","23477/2025-11-15/1762912728.json"
"510807","146155","2025-11-15","52.00","NZD","1762912728","23477/2025-11-15/1762912728.json"
"581513","221281","2025-11-13","36.00","NZD","1762912728","23477/2025-11-13/1762912728.json"
"581514","221282","2025-11-13","36.00","NZD","1762912728","23477/2025-11-13/1762912728.json"
"512557","146154","2025-11-13","45.00","NZD","1762912728","23477/2025-11-13/1762912728.json"
"365170","146153","2025-11-13","48.00","NZD","1762912728","23477/2025-11-13/1762912728.json"
"510807","146155","2025-11-13","52.00","NZD","1762912728","23477/2025-11-13/1762912728.json"
"581513","221281","2025-11-17","36.00","NZD","1762912728","23477/2025-11-17/1762912728.json"
"581514","221282","2025-11-17","36.00","NZD","1762912728","23477/2025-11-17/1762912728.json"
"512557","146154","2025-11-17","45.00","NZD","1762912728","23477/2025-11-17/1762912728.json"
"365170","146153","2025-11-17","48.00","NZD","1762912728","23477/2025-11-17/1762912728.json"
"510807","146155","2025-11-17","52.00","NZD","1762912728","23477/2025-11-17/1762912728.json"
"581513","221281","2025-11-16","36.00","NZD","1762912728","23477/2025-11-16/1762912728.json"
"581514","221282","2025-11-16","36.00","NZD","1762912728","23477/2025-11-16/1762912728.json"
"512557","146154","2025-11-16","45.00","NZD","1762912728","23477/2025-11-16/1762912728.json"
"365170","146153","2025-11-16","48.00","NZD","1762912728","23477/2025-11-16/1762912728.json"
"510807","146155","2025-11-16","52.00","NZD","1762912728","23477/2025-11-16/1762912728.json"
"581513","221281","2025-11-18","36.00","NZD","1762912728","23477/2025-11-18/1762912728.json"
"581514","221282","2025-11-18","36.00","NZD","1762912728","23477/2025-11-18/1762912728.json"
"512557","146154","2025-11-18","45.00","NZD","1762912728","23477/2025-11-18/1762912728.json"
"365170","146153","2025-11-18","48.00","NZD","1762912728","23477/2025-11-18/1762912728.json"
"510807","146155","2025-11-18","52.00","NZD","1762912728","23477/2025-11-18/1762912728.json"
"581513","221281","2025-11-19","36.00","NZD","1762912728","23477/2025-11-19/1762912728.json"
"581514","221282","2025-11-19","36.00","NZD","1762912728","23477/2025-11-19/1762912728.json"
"512557","146154","2025-11-19","45.00","NZD","1762912728","23477/2025-11-19/1762912728.json"
"365170","146153","2025-11-19","48.00","NZD","1762912728","23477/2025-11-19/1762912728.json"
"510807","146155","2025-11-19","52.00","NZD","1762912728","23477/2025-11-19/1762912728.json"
"581513","221281","2025-11-20","36.00","NZD","1762912728","23477/2025-11-20/1762912728.json"
"581514","221282","2025-11-20","36.00","NZD","1762912728","23477/2025-11-20/1762912728.json"
"512557","146154","2025-11-20","45.00","NZD","1762912728","23477/2025-11-20/1762912728.json"
"581513","221281","2025-11-21","36.00","NZD","1762912728","23477/2025-11-21/1762912728.json"
"581514","221282","2025-11-21","36.00","NZD","1762912728","23477/2025-11-21/1762912728.json"
"512557","146154","2025-11-21","45.00","NZD","1762912728","23477/2025-11-21/1762912728.json"
"365170","146153","2025-11-21","48.00","NZD","1762912728","23477/2025-11-21/1762912728.json"
"510807","146155","2025-11-21","52.00","NZD","1762912728","23477/2025-11-21/1762912728.json"
"581513","221281","2025-11-22","36.00","NZD","1762912728","23477/2025-11-22/1762912728.json"
"581514","221282","2025-11-22","36.00","NZD","1762912728","23477/2025-11-22/1762912728.json"
"512557","146154","2025-11-22","45.00","NZD","1762912728","23477/2025-11-22/1762912728.json"
"365170","146153","2025-11-22","48.00","NZD","1762912728","23477/2025-11-22/1762912728.json"
"510807","146155","2025-11-22","52.00","NZD","1762912728","23477/2025-11-22/1762912728.json"
"581513","221281","2025-11-23","36.00","NZD","1762912728","23477/2025-11-23/1762912728.json"
"581514","221282","2025-11-23","36.00","NZD","1762912728","23477/2025-11-23/1762912728.json"
"512557","146154","2025-11-23","45.00","NZD","1762912728","23477/2025-11-23/1762912728.json"
"365170","146153","2025-11-23","48.00","NZD","1762912728","23477/2025-11-23/1762912728.json"
"510807","146155","2025-11-23","52.00","NZD","1762912728","23477/2025-11-23/1762912728.json"
"581513","221281","2025-11-25","36.00","NZD","1762912728","23477/2025-11-25/1762912728.json"
"581514","221282","2025-11-25","36.00","NZD","1762912728","23477/2025-11-25/1762912728.json"
"512557","146154","2025-11-25","45.00","NZD","1762912728","23477/2025-11-25/1762912728.json"
"365170","146153","2025-11-25","48.00","NZD","1762912728","23477/2025-11-25/1762912728.json"
"510807","146155","2025-11-25","52.00","NZD","1762912728","23477/2025-11-25/1762912728.json"
"581513","221281","2025-11-26","36.00","NZD","1762912728","23477/2025-11-26/1762912728.json"
"581514","221282","2025-11-26","36.00","NZD","1762912728","23477/2025-11-26/1762912728.json"
"512557","146154","2025-11-26","45.00","NZD","1762912728","23477/2025-11-26/1762912728.json"
"365170","146153","2025-11-26","48.00","NZD","1762912728","23477/2025-11-26/1762912728.json"
"510807","146155","2025-11-26","52.00","NZD","1762912728","23477/2025-11-26/1762912728.json"
"581513","221281","2025-11-27","36.00","NZD","1762912728","23477/2025-11-27/1762912728.json"
"581514","221282","2025-11-27","36.00","NZD","1762912728","23477/2025-11-27/1762912728.json"
"512557","146154","2025-11-27","45.00","NZD","1762912728","23477/2025-11-27/1762912728.json"
"365170","146153","2025-11-27","48.00","NZD","1762912728","23477/2025-11-27/1762912728.json"
"510807","146155","2025-11-27","52.00","NZD","1762912728","23477/2025-11-27/1762912728.json"
"581513","221281","2025-11-24","36.00","NZD","1762912728","23477/2025-11-24/1762912728.json"
"581514","221282","2025-11-24","36.00","NZD","1762912728","23477/2025-11-24/1762912728.json"
"512557","146154","2025-11-24","45.00","NZD","1762912728","23477/2025-11-24/1762912728.json"
"365170","146153","2025-11-24","48.00","NZD","1762912728","23477/2025-11-24/1762912728.json"
"510807","146155","2025-11-24","52.00","NZD","1762912728","23477/2025-11-24/1762912728.json"
"581513","221281","2025-11-28","36.00","NZD","1762912728","23477/2025-11-28/1762912728.json"
"581514","221282","2025-11-28","36.00","NZD","1762912728","23477/2025-11-28/1762912728.json"
"512557","146154","2025-11-28","45.00","NZD","1762912728","23477/2025-11-28/1762912728.json"
"365170","146153","2025-11-28","48.00","NZD","1762912728","23477/2025-11-28/1762912728.json"
"510807","146155","2025-11-28","52.00","NZD","1762912728","23477/2025-11-28/1762912728.json"
"581513","221281","2025-11-29","36.00","NZD","1762912728","23477/2025-11-29/1762912728.json"
"581514","221282","2025-11-29","36.00","NZD","1762912728","23477/2025-11-29/1762912728.json"
"512557","146154","2025-11-29","45.00","NZD","1762912728","23477/2025-11-29/1762912728.json"
"365170","146153","2025-11-29","48.00","NZD","1762912728","23477/2025-11-29/1762912728.json"
"510807","146155","2025-11-29","52.00","NZD","1762912728","23477/2025-11-29/1762912728.json"
"581513","221281","2025-11-30","36.00","NZD","1762912728","23477/2025-11-30/1762912728.json"
"581514","221282","2025-11-30","36.00","NZD","1762912728","23477/2025-11-30/1762912728.json"
"512557","146154","2025-11-30","45.00","NZD","1762912728","23477/2025-11-30/1762912728.json"
"365170","146153","2025-11-30","48.00","NZD","1762912728","23477/2025-11-30/1762912728.json"
"510807","146155","2025-11-30","52.00","NZD","1762912728","23477/2025-11-30/1762912728.json"
"581513","221281","2025-12-01","36.00","NZD","1762912728","23477/2025-12-01/1762912728.json"
"581514","221282","2025-12-01","36.00","NZD","1762912728","23477/2025-12-01/1762912728.json"
"512557","146154","2025-12-01","45.00","NZD","1762912728","23477/2025-12-01/1762912728.json"
"365170","146153","2025-12-01","48.00","NZD","1762912728","23477/2025-12-01/1762912728.json"
"510807","146155","2025-12-01","52.00","NZD","1762912728","23477/2025-12-01/1762912728.json"
"581513","221281","2025-12-02","36.00","NZD","1762912728","23477/2025-12-02/1762912728.json"
"581514","221282","2025-12-02","36.00","NZD","1762912728","23477/2025-12-02/1762912728.json"
"512557","146154","2025-12-02","45.00","NZD","1762912728","23477/2025-12-02/1762912728.json"
"365170","146153","2025-12-02","48.00","NZD","1762912728","23477/2025-12-02/1762912728.json"
"510807","146155","2025-12-02","52.00","NZD","1762912728","23477/2025-12-02/1762912728.json"
"581513","221281","2025-12-03","36.00","NZD","1762912728","23477/2025-12-03/1762912728.json"
"581514","221282","2025-12-03","36.00","NZD","1762912728","23477/2025-12-03/1762912728.json"
"512557","146154","2025-12-03","45.00","NZD","1762912728","23477/2025-12-03/1762912728.json"
"365170","146153","2025-12-03","48.00","NZD","1762912728","23477/2025-12-03/1762912728.json"
"510807","146155","2025-12-03","52.00","NZD","1762912728","23477/2025-12-03/1762912728.json"
"581513","221281","2025-12-04","36.00","NZD","1762912728","23477/2025-12-04/1762912728.json"
"581514","221282","2025-12-04","36.00","NZD","1762912728","23477/2025-12-04/1762912728.json"
"512557","146154","2025-12-04","45.00","NZD","1762912728","23477/2025-12-04/1762912728.json"
"365170","146153","2025-12-04","48.00","NZD","1762912728","23477/2025-12-04/1762912728.json"
"510807","146155","2025-12-04","52.00","NZD","1762912728","23477/2025-12-04/1762912728.json"
"581513","221281","2025-12-05","36.00","NZD","1762912728","23477/2025-12-05/1762912728.json"
"581514","221282","2025-12-05","36.00","NZD","1762912728","23477/2025-12-05/1762912728.json"
"512557","146154","2025-12-05","45.00","NZD","1762912728","23477/2025-12-05/1762912728.json"
"365170","146153","2025-12-05","48.00","NZD","1762912728","23477/2025-12-05/1762912728.json"
"510807","146155","2025-12-05","52.00","NZD","1762912728","23477/2025-12-05/1762912728.json"
"581513","221281","2025-12-06","36.00","NZD","1762912728","23477/2025-12-06/1762912728.json"
"581514","221282","2025-12-06","36.00","NZD","1762912728","23477/2025-12-06/1762912728.json"
"512557","146154","2025-12-06","45.00","NZD","1762912728","23477/2025-12-06/1762912728.json"
"365170","146153","2025-12-06","48.00","NZD","1762912728","23477/2025-12-06/1762912728.json"
"510807","146155","2025-12-06","52.00","NZD","1762912728","23477/2025-12-06/1762912728.json"
"581513","221281","2025-12-07","36.00","NZD","1762912728","23477/2025-12-07/1762912728.json"
"581514","221282","2025-12-07","36.00","NZD","1762912728","23477/2025-12-07/1762912728.json"
"512557","146154","2025-12-07","45.00","NZD","1762912728","23477/2025-12-07/1762912728.json"
"365170","146153","2025-12-07","48.00","NZD","1762912728","23477/2025-12-07/1762912728.json"
"510807","146155","2025-12-07","52.00","NZD","1762912728","23477/2025-12-07/1762912728.json"
"581513","221281","2025-12-08","36.00","NZD","1762912728","23477/2025-12-08/1762912728.json"
"581514","221282","2025-12-08","36.00","NZD","1762912728","23477/2025-12-08/1762912728.json"
"512557","146154","2025-12-08","45.00","NZD","1762912728","23477/2025-12-08/1762912728.json"
"365170","146153","2025-12-08","48.00","NZD","1762912728","23477/2025-12-08/1762912728.json"
"510807","146155","2025-12-08","52.00","NZD","1762912728","23477/2025-12-08/1762912728.json"
"581513","221281","2025-12-09","36.00","NZD","1762912728","23477/2025-12-09/1762912728.json"
"581514","221282","2025-12-09","36.00","NZD","1762912728","23477/2025-12-09/1762912728.json"
"512557","146154","2025-12-09","45.00","NZD","1762912728","23477/2025-12-09/1762912728.json"
"365170","146153","2025-12-09","48.00","NZD","1762912728","23477/2025-12-09/1762912728.json"
"510807","146155","2025-12-09","52.00","NZD","1762912728","23477/2025-12-09/1762912728.json"
"581513","221281","2025-12-10","36.00","NZD","1762912728","23477/2025-12-10/1762912728.json"
"581514","221282","2025-12-10","36.00","NZD","1762912728","23477/2025-12-10/1762912728.json"
"512557","146154","2025-12-10","45.00","NZD","1762912728","23477/2025-12-10/1762912728.json"
"365170","146153","2025-12-10","48.00","NZD","1762912728","23477/2025-12-10/1762912728.json"
"510807","146155","2025-12-10","52.00","NZD","1762912728","23477/2025-12-10/1762912728.json"
"581513","221281","2025-12-11","36.00","NZD","1762912728","23477/2025-12-11/1762912728.json"
"581514","221282","2025-12-11","36.00","NZD","1762912728","23477/2025-12-11/1762912728.json"
"512557","146154","2025-12-11","45.00","NZD","1762912728","23477/2025-12-11/1762912728.json"
"365170","146153","2025-12-11","48.00","NZD","1762912728","23477/2025-12-11/1762912728.json"
"510807","146155","2025-12-11","52.00","NZD","1762912728","23477/2025-12-11/1762912728.json"
"581513","221281","2025-12-12","36.00","NZD","1762912728","23477/2025-12-12/1762912728.json"
"581514","221282","2025-12-12","36.00","NZD","1762912728","23477/2025-12-12/1762912728.json"
"512557","146154","2025-12-12","45.00","NZD","1762912728","23477/2025-12-12/1762912728.json"
"365170","146153","2025-12-12","48.00","NZD","1762912728","23477/2025-12-12/1762912728.json"
"510807","146155","2025-12-12","52.00","NZD","1762912728","23477/2025-12-12/1762912728.json"
"581513","221281","2025-12-14","36.00","NZD","1762912728","23477/2025-12-14/1762912728.json"
"581513","221281","2025-12-13","36.00","NZD","1762912728","23477/2025-12-13/1762912728.json"
"581514","221282","2025-12-14","36.00","NZD","1762912728","23477/2025-12-14/1762912728.json"
"581514","221282","2025-12-13","36.00","NZD","1762912728","23477/2025-12-13/1762912728.json"
"512557","146154","2025-12-13","45.00","NZD","1762912728","23477/2025-12-13/1762912728.json"
"512557","146154","2025-12-14","45.00","NZD","1762912728","23477/2025-12-14/1762912728.json"
"365170","146153","2025-12-13","48.00","NZD","1762912728","23477/2025-12-13/1762912728.json"
"510807","146155","2025-12-13","52.00","NZD","1762912728","23477/2025-12-13/1762912728.json"
"365170","146153","2025-12-14","48.00","NZD","1762912728","23477/2025-12-14/1762912728.json"
"510807","146155","2025-12-14","52.00","NZD","1762912728","23477/2025-12-14/1762912728.json"
"581513","221281","2025-12-15","36.00","NZD","1762912728","23477/2025-12-15/1762912728.json"
"581514","221282","2025-12-15","36.00","NZD","1762912728","23477/2025-12-15/1762912728.json"
"512557","146154","2025-12-15","45.00","NZD","1762912728","23477/2025-12-15/1762912728.json"
"365170","146153","2025-12-15","48.00","NZD","1762912728","23477/2025-12-15/1762912728.json"
"510807","146155","2025-12-15","52.00","NZD","1762912728","23477/2025-12-15/1762912728.json"
"581513","221281","2025-12-16","36.00","NZD","1762912728","23477/2025-12-16/1762912728.json"
"581514","221282","2025-12-16","36.00","NZD","1762912728","23477/2025-12-16/1762912728.json"
"512557","146154","2025-12-16","45.00","NZD","1762912728","23477/2025-12-16/1762912728.json"
"365170","146153","2025-12-16","48.00","NZD","1762912728","23477/2025-12-16/1762912728.json"
"510807","146155","2025-12-16","52.00","NZD","1762912728","23477/2025-12-16/1762912728.json"
"581513","221281","2025-12-17","36.00","NZD","1762912728","23477/2025-12-17/1762912728.json"
"581514","221282","2025-12-17","36.00","NZD","1762912728","23477/2025-12-17/1762912728.json"
"512557","146154","2025-12-17","45.00","NZD","1762912728","23477/2025-12-17/1762912728.json"
"365170","146153","2025-12-17","48.00","NZD","1762912728","23477/2025-12-17/1762912728.json"
"510807","146155","2025-12-17","52.00","NZD","1762912728","23477/2025-12-17/1762912728.json"
"581513","221281","2025-12-18","36.00","NZD","1762912728","23477/2025-12-18/1762912728.json"
"581514","221282","2025-12-18","36.00","NZD","1762912728","23477/2025-12-18/1762912728.json"
"512557","146154","2025-12-18","45.00","NZD","1762912728","23477/2025-12-18/1762912728.json"
"365170","146153","2025-12-18","48.00","NZD","1762912728","23477/2025-12-18/1762912728.json"
"510807","146155","2025-12-18","52.00","NZD","1762912728","23477/2025-12-18/1762912728.json"
"581513","221281","2025-12-19","36.00","NZD","1762912728","23477/2025-12-19/1762912728.json"
"581514","221282","2025-12-19","36.00","NZD","1762912728","23477/2025-12-19/1762912728.json"
"512557","146154","2025-12-19","45.00","NZD","1762912728","23477/2025-12-19/1762912728.json"
"365170","146153","2025-12-19","48.00","NZD","1762912728","23477/2025-12-19/1762912728.json"
"510807","146155","2025-12-19","52.00","NZD","1762912728","23477/2025-12-19/1762912728.json"
"581513","221281","2025-12-21","36.00","NZD","1762912728","23477/2025-12-21/1762912728.json"
"581514","221282","2025-12-21","36.00","NZD","1762912728","23477/2025-12-21/1762912728.json"
"512557","146154","2025-12-21","45.00","NZD","1762912728","23477/2025-12-21/1762912728.json"
"365170","146153","2025-12-21","48.00","NZD","1762912728","23477/2025-12-21/1762912728.json"
"510807","146155","2025-12-21","52.00","NZD","1762912728","23477/2025-12-21/1762912728.json"
"581513","221281","2025-12-20","36.00","NZD","1762912728","23477/2025-12-20/1762912728.json"
"581514","221282","2025-12-20","36.00","NZD","1762912728","23477/2025-12-20/1762912728.json"
"512557","146154","2025-12-20","45.00","NZD","1762912728","23477/2025-12-20/1762912728.json"
"365170","146153","2025-12-20","48.00","NZD","1762912728","23477/2025-12-20/1762912728.json"
"510807","146155","2025-12-20","52.00","NZD","1762912728","23477/2025-12-20/1762912728.json"
"581513","221281","2025-12-22","36.00","NZD","1762912728","23477/2025-12-22/1762912728.json"
"581514","221282","2025-12-22","36.00","NZD","1762912728","23477/2025-12-22/1762912728.json"
"512557","146154","2025-12-22","45.00","NZD","1762912728","23477/2025-12-22/1762912728.json"
"365170","146153","2025-12-22","48.00","NZD","1762912728","23477/2025-12-22/1762912728.json"
"510807","146155","2025-12-22","52.00","NZD","1762912728","23477/2025-12-22/1762912728.json"
"581513","221281","2025-12-23","38.00","NZD","1762912728","23477/2025-12-23/1762912728.json"
"581514","221282","2025-12-23","38.00","NZD","1762912728","23477/2025-12-23/1762912728.json"
"512557","146154","2025-12-23","45.00","NZD","1762912728","23477/2025-12-23/1762912728.json"
"365170","146153","2025-12-23","48.00","NZD","1762912728","23477/2025-12-23/1762912728.json"
"510807","146155","2025-12-23","52.00","NZD","1762912728","23477/2025-12-23/1762912728.json"
"581513","221281","2025-12-24","38.00","NZD","1762912728","23477/2025-12-24/1762912728.json"
"581514","221282","2025-12-24","38.00","NZD","1762912728","23477/2025-12-24/1762912728.json"
"512557","146154","2025-12-24","45.00","NZD","1762912728","23477/2025-12-24/1762912728.json"
"365170","146153","2025-12-24","48.00","NZD","1762912728","23477/2025-12-24/1762912728.json"
"510807","146155","2025-12-24","52.00","NZD","1762912728","23477/2025-12-24/1762912728.json"
"581513","221281","2025-12-25","38.00","NZD","1762912728","23477/2025-12-25/1762912728.json"
"581514","221282","2025-12-25","38.00","NZD","1762912728","23477/2025-12-25/1762912728.json"
"512557","146154","2025-12-25","45.00","NZD","1762912728","23477/2025-12-25/1762912728.json"
"365170","146153","2025-12-25","48.00","NZD","1762912728","23477/2025-12-25/1762912728.json"
"510807","146155","2025-12-25","52.00","NZD","1762912728","23477/2025-12-25/1762912728.json"
"581513","221281","2025-12-27","42.00","NZD","1762912728","23477/2025-12-27/1762912728.json"
"581514","221282","2025-12-27","42.00","NZD","1762912728","23477/2025-12-27/1762912728.json"
"512557","146154","2025-12-27","45.00","NZD","1762912728","23477/2025-12-27/1762912728.json"
"365170","146153","2025-12-27","48.00","NZD","1762912728","23477/2025-12-27/1762912728.json"
"510807","146155","2025-12-27","52.00","NZD","1762912728","23477/2025-12-27/1762912728.json"
"581513","221281","2025-12-26","42.00","NZD","1762912728","23477/2025-12-26/1762912728.json"
"581514","221282","2025-12-26","42.00","NZD","1762912728","23477/2025-12-26/1762912728.json"
"512557","146154","2025-12-26","45.00","NZD","1762912728","23477/2025-12-26/1762912728.json"
"365170","146153","2025-12-26","48.00","NZD","1762912728","23477/2025-12-26/1762912728.json"
"510807","146155","2025-12-26","52.00","NZD","1762912728","23477/2025-12-26/1762912728.json"
"581513","221281","2025-12-28","42.00","NZD","1762912728","23477/2025-12-28/1762912728.json"
"581514","221282","2025-12-28","42.00","NZD","1762912728","23477/2025-12-28/1762912728.json"
"512557","146154","2025-12-28","45.00","NZD","1762912728","23477/2025-12-28/1762912728.json"
"365170","146153","2025-12-28","48.00","NZD","1762912728","23477/2025-12-28/1762912728.json"
"510807","146155","2025-12-28","52.00","NZD","1762912728","23477/2025-12-28/1762912728.json"
"581513","221281","2025-12-29","42.00","NZD","1762912728","23477/2025-12-29/1762912728.json"
"581514","221282","2025-12-29","42.00","NZD","1762912728","23477/2025-12-29/1762912728.json"
"512557","146154","2025-12-29","45.00","NZD","1762912728","23477/2025-12-29/1762912728.json"
"365170","146153","2025-12-29","48.00","NZD","1762912728","23477/2025-12-29/1762912728.json"
"510807","146155","2025-12-29","52.00","NZD","1762912728","23477/2025-12-29/1762912728.json"
"581513","221281","2025-12-31","42.00","NZD","1762912728","23477/2025-12-31/1762912728.json"
"581514","221282","2025-12-31","42.00","NZD","1762912728","23477/2025-12-31/1762912728.json"
"512557","146154","2025-12-31","45.00","NZD","1762912728","23477/2025-12-31/1762912728.json"
"365170","146153","2025-12-31","48.00","NZD","1762912728","23477/2025-12-31/1762912728.json"
"510807","146155","2025-12-31","52.00","NZD","1762912728","23477/2025-12-31/1762912728.json"
"581513","221281","2026-01-02","42.00","NZD","1762912728","23477/2026-01-02/1762912728.json"
"581514","221282","2026-01-02","42.00","NZD","1762912728","23477/2026-01-02/1762912728.json"
"512557","146154","2026-01-02","45.00","NZD","1762912728","23477/2026-01-02/1762912728.json"
"365170","146153","2026-01-02","48.00","NZD","1762912728","23477/2026-01-02/1762912728.json"
"510807","146155","2026-01-02","52.00","NZD","1762912728","23477/2026-01-02/1762912728.json"
"581513","221281","2026-01-01","42.00","NZD","1762912728","23477/2026-01-01/1762912728.json"
"581514","221282","2026-01-01","42.00","NZD","1762912728","23477/2026-01-01/1762912728.json"
"512557","146154","2026-01-01","45.00","NZD","1762912728","23477/2026-01-01/1762912728.json"
"365170","146153","2026-01-01","48.00","NZD","1762912728","23477/2026-01-01/1762912728.json"
"510807","146155","2026-01-01","52.00","NZD","1762912728","23477/2026-01-01/1762912728.json"
"581513","221281","2025-12-30","42.00","NZD","1762912728","23477/2025-12-30/1762912728.json"
"581514","221282","2025-12-30","42.00","NZD","1762912728","23477/2025-12-30/1762912728.json"
"512557","146154","2025-12-30","45.00","NZD","1762912728","23477/2025-12-30/1762912728.json"
"365170","146153","2025-12-30","48.00","NZD","1762912728","23477/2025-12-30/1762912728.json"
"510807","146155","2025-12-30","52.00","NZD","1762912728","23477/2025-12-30/1762912728.json"
"581513","221281","2026-01-03","42.00","NZD","1762912728","23477/2026-01-03/1762912728.json"
"581514","221282","2026-01-03","42.00","NZD","1762912728","23477/2026-01-03/1762912728.json"
"512557","146154","2026-01-03","45.00","NZD","1762912728","23477/2026-01-03/1762912728.json"
"365170","146153","2026-01-03","48.00","NZD","1762912728","23477/2026-01-03/1762912728.json"
"510807","146155","2026-01-03","52.00","NZD","1762912728","23477/2026-01-03/1762912728.json"
"581513","221281","2026-01-06","36.00","NZD","1762912728","23477/2026-01-06/1762912728.json"
"581514","221282","2026-01-06","36.00","NZD","1762912728","23477/2026-01-06/1762912728.json"
"512557","146154","2026-01-06","45.00","NZD","1762912728","23477/2026-01-06/1762912728.json"
"365170","146153","2026-01-06","48.00","NZD","1762912728","23477/2026-01-06/1762912728.json"
"510807","146155","2026-01-06","52.00","NZD","1762912728","23477/2026-01-06/1762912728.json"
"581513","221281","2026-01-04","42.00","NZD","1762912728","23477/2026-01-04/1762912728.json"
"581514","221282","2026-01-04","42.00","NZD","1762912728","23477/2026-01-04/1762912728.json"
"512557","146154","2026-01-04","45.00","NZD","1762912728","23477/2026-01-04/1762912728.json"
"365170","146153","2026-01-04","48.00","NZD","1762912728","23477/2026-01-04/1762912728.json"
"581513","221281","2026-01-05","36.00","NZD","1762912728","23477/2026-01-05/1762912728.json"
"510807","146155","2026-01-04","52.00","NZD","1762912728","23477/2026-01-04/1762912728.json"
"581514","221282","2026-01-05","36.00","NZD","1762912728","23477/2026-01-05/1762912728.json"
"512557","146154","2026-01-05","45.00","NZD","1762912728","23477/2026-01-05/1762912728.json"
"365170","146153","2026-01-05","48.00","NZD","1762912728","23477/2026-01-05/1762912728.json"
"510807","146155","2026-01-05","52.00","NZD","1762912728","23477/2026-01-05/1762912728.json"
"581513","221281","2026-01-08","36.00","NZD","1762912728","23477/2026-01-08/1762912728.json"
"581514","221282","2026-01-08","36.00","NZD","1762912728","23477/2026-01-08/1762912728.json"
"512557","146154","2026-01-08","45.00","NZD","1762912728","23477/2026-01-08/1762912728.json"
"365170","146153","2026-01-08","48.00","NZD","1762912728","23477/2026-01-08/1762912728.json"
"510807","146155","2026-01-08","52.00","NZD","1762912728","23477/2026-01-08/1762912728.json"
"581513","221281","2026-01-10","36.00","NZD","1762912728","23477/2026-01-10/1762912728.json"
"581514","221282","2026-01-10","36.00","NZD","1762912728","23477/2026-01-10/1762912728.json"
"512557","146154","2026-01-10","45.00","NZD","1762912728","23477/2026-01-10/1762912728.json"
"365170","146153","2026-01-10","48.00","NZD","1762912728","23477/2026-01-10/1762912728.json"
"510807","146155","2026-01-10","52.00","NZD","1762912728","23477/2026-01-10/1762912728.json"
"581513","221281","2026-01-07","36.00","NZD","1762912728","23477/2026-01-07/1762912728.json"
"581514","221282","2026-01-07","36.00","NZD","1762912728","23477/2026-01-07/1762912728.json"
"512557","146154","2026-01-07","45.00","NZD","1762912728","23477/2026-01-07/1762912728.json"
"365170","146153","2026-01-07","48.00","NZD","1762912728","23477/2026-01-07/1762912728.json"
"510807","146155","2026-01-07","52.00","NZD","1762912728","23477/2026-01-07/1762912728.json"
"581513","221281","2026-01-11","36.00","NZD","1762912728","23477/2026-01-11/1762912728.json"
"581514","221282","2026-01-11","36.00","NZD","1762912728","23477/2026-01-11/1762912728.json"
"512557","146154","2026-01-11","45.00","NZD","1762912728","23477/2026-01-11/1762912728.json"
"365170","146153","2026-01-11","48.00","NZD","1762912728","23477/2026-01-11/1762912728.json"
"510807","146155","2026-01-11","52.00","NZD","1762912728","23477/2026-01-11/1762912728.json"
"581513","221281","2026-01-09","36.00","NZD","1762912728","23477/2026-01-09/1762912728.json"
"581514","221282","2026-01-09","36.00","NZD","1762912728","23477/2026-01-09/1762912728.json"
"512557","146154","2026-01-09","45.00","NZD","1762912728","23477/2026-01-09/1762912728.json"
"365170","146153","2026-01-09","48.00","NZD","1762912728","23477/2026-01-09/1762912728.json"
"510807","146155","2026-01-09","52.00","NZD","1762912728","23477/2026-01-09/1762912728.json"
"581513","221281","2025-11-13","36.00","NZD","1762922521","23477/2025-11-13/1762922521.json"
"581514","221282","2025-11-13","36.00","NZD","1762922521","23477/2025-11-13/1762922521.json"
"512557","146154","2025-11-13","45.00","NZD","1762922521","23477/2025-11-13/1762922521.json"
"365170","146153","2025-11-13","48.00","NZD","1762922521","23477/2025-11-13/1762922521.json"
"510807","146155","2025-11-13","52.00","NZD","1762922521","23477/2025-11-13/1762922521.json"
"581513","221281","2025-11-14","36.00","NZD","1762922521","23477/2025-11-14/1762922521.json"
"581513","221281","2025-11-12","36.00","NZD","1762922521","23477/2025-11-12/1762922521.json"
"581514","221282","2025-11-14","36.00","NZD","1762922521","23477/2025-11-14/1762922521.json"
"581514","221282","2025-11-12","36.00","NZD","1762922521","23477/2025-11-12/1762922521.json"
"512557","146154","2025-11-12","45.00","NZD","1762922521","23477/2025-11-12/1762922521.json"
"512557","146154","2025-11-14","45.00","NZD","1762922521","23477/2025-11-14/1762922521.json"
"365170","146153","2025-11-12","48.00","NZD","1762922521","23477/2025-11-12/1762922521.json"
"510807","146155","2025-11-12","52.00","NZD","1762922521","23477/2025-11-12/1762922521.json"
"365170","146153","2025-11-14","48.00","NZD","1762922521","23477/2025-11-14/1762922521.json"
"510807","146155","2025-11-14","52.00","NZD","1762922521","23477/2025-11-14/1762922521.json"
"581513","221281","2025-11-15","36.00","NZD","1762922521","23477/2025-11-15/1762922521.json"
"581514","221282","2025-11-15","36.00","NZD","1762922521","23477/2025-11-15/1762922521.json"
"512557","146154","2025-11-15","45.00","NZD","1762922521","23477/2025-11-15/1762922521.json"
"365170","146153","2025-11-15","48.00","NZD","1762922521","23477/2025-11-15/1762922521.json"
"510807","146155","2025-11-15","52.00","NZD","1762922521","23477/2025-11-15/1762922521.json"
"581513","221281","2025-11-16","36.00","NZD","1762922521","23477/2025-11-16/1762922521.json"
"581514","221282","2025-11-16","36.00","NZD","1762922521","23477/2025-11-16/1762922521.json"
"512557","146154","2025-11-16","45.00","NZD","1762922521","23477/2025-11-16/1762922521.json"
"365170","146153","2025-11-16","48.00","NZD","1762922521","23477/2025-11-16/1762922521.json"
"510807","146155","2025-11-16","52.00","NZD","1762922521","23477/2025-11-16/1762922521.json"
"581513","221281","2025-11-18","36.00","NZD","1762922521","23477/2025-11-18/1762922521.json"
"581514","221282","2025-11-18","36.00","NZD","1762922521","23477/2025-11-18/1762922521.json"
"512557","146154","2025-11-18","45.00","NZD","1762922521","23477/2025-11-18/1762922521.json"
"365170","146153","2025-11-18","48.00","NZD","1762922521","23477/2025-11-18/1762922521.json"
"510807","146155","2025-11-18","52.00","NZD","1762922521","23477/2025-11-18/1762922521.json"
"581513","221281","2025-11-17","36.00","NZD","1762922521","23477/2025-11-17/1762922521.json"
"581514","221282","2025-11-17","36.00","NZD","1762922521","23477/2025-11-17/1762922521.json"
"512557","146154","2025-11-17","45.00","NZD","1762922521","23477/2025-11-17/1762922521.json"
"365170","146153","2025-11-17","48.00","NZD","1762922521","23477/2025-11-17/1762922521.json"
"510807","146155","2025-11-17","52.00","NZD","1762922521","23477/2025-11-17/1762922521.json"
"581513","221281","2025-11-19","36.00","NZD","1762922521","23477/2025-11-19/1762922521.json"
"581514","221282","2025-11-19","36.00","NZD","1762922521","23477/2025-11-19/1762922521.json"
"512557","146154","2025-11-19","45.00","NZD","1762922521","23477/2025-11-19/1762922521.json"
"365170","146153","2025-11-19","48.00","NZD","1762922521","23477/2025-11-19/1762922521.json"
"510807","146155","2025-11-19","52.00","NZD","1762922521","23477/2025-11-19/1762922521.json"
"581513","221281","2025-11-21","36.00","NZD","1762922521","23477/2025-11-21/1762922521.json"
"581514","221282","2025-11-21","36.00","NZD","1762922521","23477/2025-11-21/1762922521.json"
"512557","146154","2025-11-21","45.00","NZD","1762922521","23477/2025-11-21/1762922521.json"
"365170","146153","2025-11-21","48.00","NZD","1762922521","23477/2025-11-21/1762922521.json"
"510807","146155","2025-11-21","52.00","NZD","1762922521","23477/2025-11-21/1762922521.json"
"581513","221281","2025-11-20","36.00","NZD","1762922521","23477/2025-11-20/1762922521.json"
"581514","221282","2025-11-20","36.00","NZD","1762922521","23477/2025-11-20/1762922521.json"
"512557","146154","2025-11-20","45.00","NZD","1762922521","23477/2025-11-20/1762922521.json"
"581513","221281","2025-11-22","36.00","NZD","1762922521","23477/2025-11-22/1762922521.json"
"581514","221282","2025-11-22","36.00","NZD","1762922521","23477/2025-11-22/1762922521.json"
"512557","146154","2025-11-22","45.00","NZD","1762922521","23477/2025-11-22/1762922521.json"
"365170","146153","2025-11-22","48.00","NZD","1762922521","23477/2025-11-22/1762922521.json"
"510807","146155","2025-11-22","52.00","NZD","1762922521","23477/2025-11-22/1762922521.json"
"581513","221281","2025-11-23","36.00","NZD","1762922521","23477/2025-11-23/1762922521.json"
"581514","221282","2025-11-23","36.00","NZD","1762922521","23477/2025-11-23/1762922521.json"
"512557","146154","2025-11-23","45.00","NZD","1762922521","23477/2025-11-23/1762922521.json"
"365170","146153","2025-11-23","48.00","NZD","1762922521","23477/2025-11-23/1762922521.json"
"510807","146155","2025-11-23","52.00","NZD","1762922521","23477/2025-11-23/1762922521.json"
"581513","221281","2025-11-24","36.00","NZD","1762922521","23477/2025-11-24/1762922521.json"
"581514","221282","2025-11-24","36.00","NZD","1762922521","23477/2025-11-24/1762922521.json"
"512557","146154","2025-11-24","45.00","NZD","1762922521","23477/2025-11-24/1762922521.json"
"365170","146153","2025-11-24","48.00","NZD","1762922521","23477/2025-11-24/1762922521.json"
"510807","146155","2025-11-24","52.00","NZD","1762922521","23477/2025-11-24/1762922521.json"
"581513","221281","2025-11-25","36.00","NZD","1762922521","23477/2025-11-25/1762922521.json"
"581514","221282","2025-11-25","36.00","NZD","1762922521","23477/2025-11-25/1762922521.json"
"512557","146154","2025-11-25","45.00","NZD","1762922521","23477/2025-11-25/1762922521.json"
"365170","146153","2025-11-25","48.00","NZD","1762922521","23477/2025-11-25/1762922521.json"
"510807","146155","2025-11-25","52.00","NZD","1762922521","23477/2025-11-25/1762922521.json"
"581513","221281","2025-11-26","36.00","NZD","1762922521","23477/2025-11-26/1762922521.json"
"581514","221282","2025-11-26","36.00","NZD","1762922521","23477/2025-11-26/1762922521.json"
"512557","146154","2025-11-26","45.00","NZD","1762922521","23477/2025-11-26/1762922521.json"
"365170","146153","2025-11-26","48.00","NZD","1762922521","23477/2025-11-26/1762922521.json"
"510807","146155","2025-11-26","52.00","NZD","1762922521","23477/2025-11-26/1762922521.json"
"581513","221281","2025-11-27","36.00","NZD","1762922521","23477/2025-11-27/1762922521.json"
"581514","221282","2025-11-27","36.00","NZD","1762922521","23477/2025-11-27/1762922521.json"
"512557","146154","2025-11-27","45.00","NZD","1762922521","23477/2025-11-27/1762922521.json"
"365170","146153","2025-11-27","48.00","NZD","1762922521","23477/2025-11-27/1762922521.json"
"510807","146155","2025-11-27","52.00","NZD","1762922521","23477/2025-11-27/1762922521.json"
"581513","221281","2025-11-29","36.00","NZD","1762922521","23477/2025-11-29/1762922521.json"
"581514","221282","2025-11-29","36.00","NZD","1762922521","23477/2025-11-29/1762922521.json"
"512557","146154","2025-11-29","45.00","NZD","1762922521","23477/2025-11-29/1762922521.json"
"365170","146153","2025-11-29","48.00","NZD","1762922521","23477/2025-11-29/1762922521.json"
"510807","146155","2025-11-29","52.00","NZD","1762922521","23477/2025-11-29/1762922521.json"
"581513","221281","2025-11-28","36.00","NZD","1762922521","23477/2025-11-28/1762922521.json"
"581514","221282","2025-11-28","36.00","NZD","1762922521","23477/2025-11-28/1762922521.json"
"512557","146154","2025-11-28","45.00","NZD","1762922521","23477/2025-11-28/1762922521.json"
"365170","146153","2025-11-28","48.00","NZD","1762922521","23477/2025-11-28/1762922521.json"
"510807","146155","2025-11-28","52.00","NZD","1762922521","23477/2025-11-28/1762922521.json"
"581513","221281","2025-11-30","36.00","NZD","1762922521","23477/2025-11-30/1762922521.json"
"581514","221282","2025-11-30","36.00","NZD","1762922521","23477/2025-11-30/1762922521.json"
"512557","146154","2025-11-30","45.00","NZD","1762922521","23477/2025-11-30/1762922521.json"
"365170","146153","2025-11-30","48.00","NZD","1762922521","23477/2025-11-30/1762922521.json"
"510807","146155","2025-11-30","52.00","NZD","1762922521","23477/2025-11-30/1762922521.json"
"581513","221281","2025-12-01","36.00","NZD","1762922521","23477/2025-12-01/1762922521.json"
"581514","221282","2025-12-01","36.00","NZD","1762922521","23477/2025-12-01/1762922521.json"
"512557","146154","2025-12-01","45.00","NZD","1762922521","23477/2025-12-01/1762922521.json"
"365170","146153","2025-12-01","48.00","NZD","1762922521","23477/2025-12-01/1762922521.json"
"510807","146155","2025-12-01","52.00","NZD","1762922521","23477/2025-12-01/1762922521.json"
"581513","221281","2025-12-03","36.00","NZD","1762922521","23477/2025-12-03/1762922521.json"
"581514","221282","2025-12-03","36.00","NZD","1762922521","23477/2025-12-03/1762922521.json"
"512557","146154","2025-12-03","45.00","NZD","1762922521","23477/2025-12-03/1762922521.json"
"365170","146153","2025-12-03","48.00","NZD","1762922521","23477/2025-12-03/1762922521.json"
"510807","146155","2025-12-03","52.00","NZD","1762922521","23477/2025-12-03/1762922521.json"
"581513","221281","2025-12-02","36.00","NZD","1762922521","23477/2025-12-02/1762922521.json"
"581514","221282","2025-12-02","36.00","NZD","1762922521","23477/2025-12-02/1762922521.json"
"512557","146154","2025-12-02","45.00","NZD","1762922521","23477/2025-12-02/1762922521.json"
"365170","146153","2025-12-02","48.00","NZD","1762922521","23477/2025-12-02/1762922521.json"
"510807","146155","2025-12-02","52.00","NZD","1762922521","23477/2025-12-02/1762922521.json"
"581513","221281","2025-12-04","36.00","NZD","1762922521","23477/2025-12-04/1762922521.json"
"581514","221282","2025-12-04","36.00","NZD","1762922521","23477/2025-12-04/1762922521.json"
"512557","146154","2025-12-04","45.00","NZD","1762922521","23477/2025-12-04/1762922521.json"
"365170","146153","2025-12-04","48.00","NZD","1762922521","23477/2025-12-04/1762922521.json"
"510807","146155","2025-12-04","52.00","NZD","1762922521","23477/2025-12-04/1762922521.json"
"581513","221281","2025-12-05","36.00","NZD","1762922521","23477/2025-12-05/1762922521.json"
"581514","221282","2025-12-05","36.00","NZD","1762922521","23477/2025-12-05/1762922521.json"
"512557","146154","2025-12-05","45.00","NZD","1762922521","23477/2025-12-05/1762922521.json"
"365170","146153","2025-12-05","48.00","NZD","1762922521","23477/2025-12-05/1762922521.json"
"510807","146155","2025-12-05","52.00","NZD","1762922521","23477/2025-12-05/1762922521.json"
"581513","221281","2025-12-06","36.00","NZD","1762922521","23477/2025-12-06/1762922521.json"
"581514","221282","2025-12-06","36.00","NZD","1762922521","23477/2025-12-06/1762922521.json"
"512557","146154","2025-12-06","45.00","NZD","1762922521","23477/2025-12-06/1762922521.json"
"365170","146153","2025-12-06","48.00","NZD","1762922521","23477/2025-12-06/1762922521.json"
"510807","146155","2025-12-06","52.00","NZD","1762922521","23477/2025-12-06/1762922521.json"
"581513","221281","2025-12-07","36.00","NZD","1762922521","23477/2025-12-07/1762922521.json"
"581514","221282","2025-12-07","36.00","NZD","1762922521","23477/2025-12-07/1762922521.json"
"512557","146154","2025-12-07","45.00","NZD","1762922521","23477/2025-12-07/1762922521.json"
"365170","146153","2025-12-07","48.00","NZD","1762922521","23477/2025-12-07/1762922521.json"
"510807","146155","2025-12-07","52.00","NZD","1762922521","23477/2025-12-07/1762922521.json"
"581513","221281","2025-12-08","36.00","NZD","1762922521","23477/2025-12-08/1762922521.json"
"581514","221282","2025-12-08","36.00","NZD","1762922521","23477/2025-12-08/1762922521.json"
"512557","146154","2025-12-08","45.00","NZD","1762922521","23477/2025-12-08/1762922521.json"
"365170","146153","2025-12-08","48.00","NZD","1762922521","23477/2025-12-08/1762922521.json"
"510807","146155","2025-12-08","52.00","NZD","1762922521","23477/2025-12-08/1762922521.json"
"581513","221281","2025-12-09","36.00","NZD","1762922521","23477/2025-12-09/1762922521.json"
"581514","221282","2025-12-09","36.00","NZD","1762922521","23477/2025-12-09/1762922521.json"
"512557","146154","2025-12-09","45.00","NZD","1762922521","23477/2025-12-09/1762922521.json"
"365170","146153","2025-12-09","48.00","NZD","1762922521","23477/2025-12-09/1762922521.json"
"510807","146155","2025-12-09","52.00","NZD","1762922521","23477/2025-12-09/1762922521.json"
"581513","221281","2025-12-11","36.00","NZD","1762922521","23477/2025-12-11/1762922521.json"
"581514","221282","2025-12-11","36.00","NZD","1762922521","23477/2025-12-11/1762922521.json"
"512557","146154","2025-12-11","45.00","NZD","1762922521","23477/2025-12-11/1762922521.json"
"365170","146153","2025-12-11","48.00","NZD","1762922521","23477/2025-12-11/1762922521.json"
"510807","146155","2025-12-11","52.00","NZD","1762922521","23477/2025-12-11/1762922521.json"
"581513","221281","2025-12-12","36.00","NZD","1762922521","23477/2025-12-12/1762922521.json"
"581514","221282","2025-12-12","36.00","NZD","1762922521","23477/2025-12-12/1762922521.json"
"512557","146154","2025-12-12","45.00","NZD","1762922521","23477/2025-12-12/1762922521.json"
"365170","146153","2025-12-12","48.00","NZD","1762922521","23477/2025-12-12/1762922521.json"
"510807","146155","2025-12-12","52.00","NZD","1762922521","23477/2025-12-12/1762922521.json"
"581513","221281","2025-12-13","36.00","NZD","1762922521","23477/2025-12-13/1762922521.json"
"581514","221282","2025-12-13","36.00","NZD","1762922521","23477/2025-12-13/1762922521.json"
"512557","146154","2025-12-13","45.00","NZD","1762922521","23477/2025-12-13/1762922521.json"
"365170","146153","2025-12-13","48.00","NZD","1762922521","23477/2025-12-13/1762922521.json"
"510807","146155","2025-12-13","52.00","NZD","1762922521","23477/2025-12-13/1762922521.json"
"581513","221281","2025-12-10","36.00","NZD","1762922521","23477/2025-12-10/1762922521.json"
"581514","221282","2025-12-10","36.00","NZD","1762922521","23477/2025-12-10/1762922521.json"
"512557","146154","2025-12-10","45.00","NZD","1762922521","23477/2025-12-10/1762922521.json"
"365170","146153","2025-12-10","48.00","NZD","1762922521","23477/2025-12-10/1762922521.json"
"510807","146155","2025-12-10","52.00","NZD","1762922521","23477/2025-12-10/1762922521.json"
"581513","221281","2025-12-14","36.00","NZD","1762922521","23477/2025-12-14/1762922521.json"
"581514","221282","2025-12-14","36.00","NZD","1762922521","23477/2025-12-14/1762922521.json"
"512557","146154","2025-12-14","45.00","NZD","1762922521","23477/2025-12-14/1762922521.json"
"365170","146153","2025-12-14","48.00","NZD","1762922521","23477/2025-12-14/1762922521.json"
"510807","146155","2025-12-14","52.00","NZD","1762922521","23477/2025-12-14/1762922521.json"
"581513","221281","2025-12-15","36.00","NZD","1762922521","23477/2025-12-15/1762922521.json"
"581514","221282","2025-12-15","36.00","NZD","1762922521","23477/2025-12-15/1762922521.json"
"512557","146154","2025-12-15","45.00","NZD","1762922521","23477/2025-12-15/1762922521.json"
"365170","146153","2025-12-15","48.00","NZD","1762922521","23477/2025-12-15/1762922521.json"
"510807","146155","2025-12-15","52.00","NZD","1762922521","23477/2025-12-15/1762922521.json"
"581513","221281","2025-12-16","36.00","NZD","1762922521","23477/2025-12-16/1762922521.json"
"581514","221282","2025-12-16","36.00","NZD","1762922521","23477/2025-12-16/1762922521.json"
"512557","146154","2025-12-16","45.00","NZD","1762922521","23477/2025-12-16/1762922521.json"
"365170","146153","2025-12-16","48.00","NZD","1762922521","23477/2025-12-16/1762922521.json"
"510807","146155","2025-12-16","52.00","NZD","1762922521","23477/2025-12-16/1762922521.json"
"581513","221281","2025-12-17","36.00","NZD","1762922521","23477/2025-12-17/1762922521.json"
"581514","221282","2025-12-17","36.00","NZD","1762922521","23477/2025-12-17/1762922521.json"
"512557","146154","2025-12-17","45.00","NZD","1762922521","23477/2025-12-17/1762922521.json"
"365170","146153","2025-12-17","48.00","NZD","1762922521","23477/2025-12-17/1762922521.json"
"510807","146155","2025-12-17","52.00","NZD","1762922521","23477/2025-12-17/1762922521.json"
"581513","221281","2025-12-19","36.00","NZD","1762922521","23477/2025-12-19/1762922521.json"
"581514","221282","2025-12-19","36.00","NZD","1762922521","23477/2025-12-19/1762922521.json"
"512557","146154","2025-12-19","45.00","NZD","1762922521","23477/2025-12-19/1762922521.json"
"365170","146153","2025-12-19","48.00","NZD","1762922521","23477/2025-12-19/1762922521.json"
"510807","146155","2025-12-19","52.00","NZD","1762922521","23477/2025-12-19/1762922521.json"
"581513","221281","2025-12-18","36.00","NZD","1762922521","23477/2025-12-18/1762922521.json"
"581514","221282","2025-12-18","36.00","NZD","1762922521","23477/2025-12-18/1762922521.json"
"512557","146154","2025-12-18","45.00","NZD","1762922521","23477/2025-12-18/1762922521.json"
"365170","146153","2025-12-18","48.00","NZD","1762922521","23477/2025-12-18/1762922521.json"
"510807","146155","2025-12-18","52.00","NZD","1762922521","23477/2025-12-18/1762922521.json"
"581513","221281","2025-12-20","36.00","NZD","1762922521","23477/2025-12-20/1762922521.json"
"581514","221282","2025-12-20","36.00","NZD","1762922521","23477/2025-12-20/1762922521.json"
"512557","146154","2025-12-20","45.00","NZD","1762922521","23477/2025-12-20/1762922521.json"
"365170","146153","2025-12-20","48.00","NZD","1762922521","23477/2025-12-20/1762922521.json"
"510807","146155","2025-12-20","52.00","NZD","1762922521","23477/2025-12-20/1762922521.json"
"581513","221281","2025-12-21","36.00","NZD","1762922521","23477/2025-12-21/1762922521.json"
"581514","221282","2025-12-21","36.00","NZD","1762922521","23477/2025-12-21/1762922521.json"
"512557","146154","2025-12-21","45.00","NZD","1762922521","23477/2025-12-21/1762922521.json"
"365170","146153","2025-12-21","48.00","NZD","1762922521","23477/2025-12-21/1762922521.json"
"510807","146155","2025-12-21","52.00","NZD","1762922521","23477/2025-12-21/1762922521.json"
"581513","221281","2025-12-22","36.00","NZD","1762922521","23477/2025-12-22/1762922521.json"
"581514","221282","2025-12-22","36.00","NZD","1762922521","23477/2025-12-22/1762922521.json"
"512557","146154","2025-12-22","45.00","NZD","1762922521","23477/2025-12-22/1762922521.json"
"365170","146153","2025-12-22","48.00","NZD","1762922521","23477/2025-12-22/1762922521.json"
"510807","146155","2025-12-22","52.00","NZD","1762922521","23477/2025-12-22/1762922521.json"
"581513","221281","2025-12-23","38.00","NZD","1762922521","23477/2025-12-23/1762922521.json"
"581514","221282","2025-12-23","38.00","NZD","1762922521","23477/2025-12-23/1762922521.json"
"512557","146154","2025-12-23","45.00","NZD","1762922521","23477/2025-12-23/1762922521.json"
"365170","146153","2025-12-23","48.00","NZD","1762922521","23477/2025-12-23/1762922521.json"
"510807","146155","2025-12-23","52.00","NZD","1762922521","23477/2025-12-23/1762922521.json"
"581513","221281","2025-12-25","38.00","NZD","1762922521","23477/2025-12-25/1762922521.json"
"581514","221282","2025-12-25","38.00","NZD","1762922521","23477/2025-12-25/1762922521.json"
"512557","146154","2025-12-25","45.00","NZD","1762922521","23477/2025-12-25/1762922521.json"
"365170","146153","2025-12-25","48.00","NZD","1762922521","23477/2025-12-25/1762922521.json"
"510807","146155","2025-12-25","52.00","NZD","1762922521","23477/2025-12-25/1762922521.json"
"581513","221281","2025-12-26","42.00","NZD","1762922521","23477/2025-12-26/1762922521.json"
"581514","221282","2025-12-26","42.00","NZD","1762922521","23477/2025-12-26/1762922521.json"
"512557","146154","2025-12-26","45.00","NZD","1762922521","23477/2025-12-26/1762922521.json"
"365170","146153","2025-12-26","48.00","NZD","1762922521","23477/2025-12-26/1762922521.json"
"510807","146155","2025-12-26","52.00","NZD","1762922521","23477/2025-12-26/1762922521.json"
"581513","221281","2025-12-24","38.00","NZD","1762922521","23477/2025-12-24/1762922521.json"
"581514","221282","2025-12-24","38.00","NZD","1762922521","23477/2025-12-24/1762922521.json"
"512557","146154","2025-12-24","45.00","NZD","1762922521","23477/2025-12-24/1762922521.json"
"365170","146153","2025-12-24","48.00","NZD","1762922521","23477/2025-12-24/1762922521.json"
"510807","146155","2025-12-24","52.00","NZD","1762922521","23477/2025-12-24/1762922521.json"
"581513","221281","2025-12-27","42.00","NZD","1762922521","23477/2025-12-27/1762922521.json"
"581514","221282","2025-12-27","42.00","NZD","1762922521","23477/2025-12-27/1762922521.json"
"512557","146154","2025-12-27","45.00","NZD","1762922521","23477/2025-12-27/1762922521.json"
"365170","146153","2025-12-27","48.00","NZD","1762922521","23477/2025-12-27/1762922521.json"
"510807","146155","2025-12-27","52.00","NZD","1762922521","23477/2025-12-27/1762922521.json"
"581513","221281","2025-12-28","42.00","NZD","1762922521","23477/2025-12-28/1762922521.json"
"581514","221282","2025-12-28","42.00","NZD","1762922521","23477/2025-12-28/1762922521.json"
"512557","146154","2025-12-28","45.00","NZD","1762922521","23477/2025-12-28/1762922521.json"
"365170","146153","2025-12-28","48.00","NZD","1762922521","23477/2025-12-28/1762922521.json"
"510807","146155","2025-12-28","52.00","NZD","1762922521","23477/2025-12-28/1762922521.json"
"581513","221281","2025-12-29","42.00","NZD","1762922521","23477/2025-12-29/1762922521.json"
"581514","221282","2025-12-29","42.00","NZD","1762922521","23477/2025-12-29/1762922521.json"
"512557","146154","2025-12-29","45.00","NZD","1762922521","23477/2025-12-29/1762922521.json"
"365170","146153","2025-12-29","48.00","NZD","1762922521","23477/2025-12-29/1762922521.json"
"510807","146155","2025-12-29","52.00","NZD","1762922521","23477/2025-12-29/1762922521.json"
"581513","221281","2025-12-30","42.00","NZD","1762922521","23477/2025-12-30/1762922521.json"
"581514","221282","2025-12-30","42.00","NZD","1762922521","23477/2025-12-30/1762922521.json"
"512557","146154","2025-12-30","45.00","NZD","1762922521","23477/2025-12-30/1762922521.json"
"365170","146153","2025-12-30","48.00","NZD","1762922521","23477/2025-12-30/1762922521.json"
"510807","146155","2025-12-30","52.00","NZD","1762922521","23477/2025-12-30/1762922521.json"
"581513","221281","2025-12-31","42.00","NZD","1762922521","23477/2025-12-31/1762922521.json"
"581514","221282","2025-12-31","42.00","NZD","1762922521","23477/2025-12-31/1762922521.json"
"512557","146154","2025-12-31","45.00","NZD","1762922521","23477/2025-12-31/1762922521.json"
"365170","146153","2025-12-31","48.00","NZD","1762922521","23477/2025-12-31/1762922521.json"
"510807","146155","2025-12-31","52.00","NZD","1762922521","23477/2025-12-31/1762922521.json"
"581513","221281","2026-01-03","42.00","NZD","1762922521","23477/2026-01-03/1762922521.json"
"581514","221282","2026-01-03","42.00","NZD","1762922521","23477/2026-01-03/1762922521.json"
"512557","146154","2026-01-03","45.00","NZD","1762922521","23477/2026-01-03/1762922521.json"
"365170","146153","2026-01-03","48.00","NZD","1762922521","23477/2026-01-03/1762922521.json"
"510807","146155","2026-01-03","52.00","NZD","1762922521","23477/2026-01-03/1762922521.json"
"581513","221281","2026-01-02","42.00","NZD","1762922521","23477/2026-01-02/1762922521.json"
"581514","221282","2026-01-02","42.00","NZD","1762922521","23477/2026-01-02/1762922521.json"
"512557","146154","2026-01-02","45.00","NZD","1762922521","23477/2026-01-02/1762922521.json"
"365170","146153","2026-01-02","48.00","NZD","1762922521","23477/2026-01-02/1762922521.json"
"510807","146155","2026-01-02","52.00","NZD","1762922521","23477/2026-01-02/1762922521.json"
"581513","221281","2026-01-01","42.00","NZD","1762922521","23477/2026-01-01/1762922521.json"
"581514","221282","2026-01-01","42.00","NZD","1762922521","23477/2026-01-01/1762922521.json"
"512557","146154","2026-01-01","45.00","NZD","1762922521","23477/2026-01-01/1762922521.json"
"365170","146153","2026-01-01","48.00","NZD","1762922521","23477/2026-01-01/1762922521.json"
"510807","146155","2026-01-01","52.00","NZD","1762922521","23477/2026-01-01/1762922521.json"
"581513","221281","2026-01-04","42.00","NZD","1762922521","23477/2026-01-04/1762922521.json"
"581514","221282","2026-01-04","42.00","NZD","1762922521","23477/2026-01-04/1762922521.json"
"512557","146154","2026-01-04","45.00","NZD","1762922521","23477/2026-01-04/1762922521.json"
"365170","146153","2026-01-04","48.00","NZD","1762922521","23477/2026-01-04/1762922521.json"
"510807","146155","2026-01-04","52.00","NZD","1762922521","23477/2026-01-04/1762922521.json"
"581513","221281","2026-01-06","36.00","NZD","1762922521","23477/2026-01-06/1762922521.json"
"581514","221282","2026-01-06","36.00","NZD","1762922521","23477/2026-01-06/1762922521.json"
"512557","146154","2026-01-06","45.00","NZD","1762922521","23477/2026-01-06/1762922521.json"
"365170","146153","2026-01-06","48.00","NZD","1762922521","23477/2026-01-06/1762922521.json"
"510807","146155","2026-01-06","52.00","NZD","1762922521","23477/2026-01-06/1762922521.json"
"581513","221281","2026-01-08","36.00","NZD","1762922521","23477/2026-01-08/1762922521.json"
"581513","221281","2026-01-05","36.00","NZD","1762922521","23477/2026-01-05/1762922521.json"
"581514","221282","2026-01-05","36.00","NZD","1762922521","23477/2026-01-05/1762922521.json"
"581514","221282","2026-01-08","36.00","NZD","1762922521","23477/2026-01-08/1762922521.json"
"512557","146154","2026-01-05","45.00","NZD","1762922521","23477/2026-01-05/1762922521.json"
"365170","146153","2026-01-05","48.00","NZD","1762922521","23477/2026-01-05/1762922521.json"
"512557","146154","2026-01-08","45.00","NZD","1762922521","23477/2026-01-08/1762922521.json"
"510807","146155","2026-01-05","52.00","NZD","1762922521","23477/2026-01-05/1762922521.json"
"365170","146153","2026-01-08","48.00","NZD","1762922521","23477/2026-01-08/1762922521.json"
"510807","146155","2026-01-08","52.00","NZD","1762922521","23477/2026-01-08/1762922521.json"
"581513","221281","2026-01-07","36.00","NZD","1762922521","23477/2026-01-07/1762922521.json"
"581514","221282","2026-01-07","36.00","NZD","1762922521","23477/2026-01-07/1762922521.json"
"512557","146154","2026-01-07","45.00","NZD","1762922521","23477/2026-01-07/1762922521.json"
"365170","146153","2026-01-07","48.00","NZD","1762922521","23477/2026-01-07/1762922521.json"
"510807","146155","2026-01-07","52.00","NZD","1762922521","23477/2026-01-07/1762922521.json"
"581513","221281","2026-01-09","36.00","NZD","1762922521","23477/2026-01-09/1762922521.json"
"581514","221282","2026-01-09","36.00","NZD","1762922521","23477/2026-01-09/1762922521.json"
"512557","146154","2026-01-09","45.00","NZD","1762922521","23477/2026-01-09/1762922521.json"
"365170","146153","2026-01-09","48.00","NZD","1762922521","23477/2026-01-09/1762922521.json"
"510807","146155","2026-01-09","52.00","NZD","1762922521","23477/2026-01-09/1762922521.json"
"581513","221281","2026-01-10","36.00","NZD","1762922521","23477/2026-01-10/1762922521.json"
"581514","221282","2026-01-10","36.00","NZD","1762922521","23477/2026-01-10/1762922521.json"
"512557","146154","2026-01-10","45.00","NZD","1762922521","23477/2026-01-10/1762922521.json"
"365170","146153","2026-01-10","48.00","NZD","1762922521","23477/2026-01-10/1762922521.json"
"510807","146155","2026-01-10","52.00","NZD","1762922521","23477/2026-01-10/1762922521.json"
"581513","221281","2026-01-11","36.00","NZD","1762922521","23477/2026-01-11/1762922521.json"
"581514","221282","2026-01-11","36.00","NZD","1762922521","23477/2026-01-11/1762922521.json"
"512557","146154","2026-01-11","45.00","NZD","1762922521","23477/2026-01-11/1762922521.json"
"365170","146153","2026-01-11","48.00","NZD","1762922521","23477/2026-01-11/1762922521.json"
"510807","146155","2026-01-11","52.00","NZD","1762922521","23477/2026-01-11/1762922521.json"
"581513","221281","2025-11-15","36.00","NZD","1762937129","23477/2025-11-15/1762937129.json"
"581514","221282","2025-11-15","36.00","NZD","1762937129","23477/2025-11-15/1762937129.json"
"512557","146154","2025-11-15","45.00","NZD","1762937129","23477/2025-11-15/1762937129.json"
"365170","146153","2025-11-15","48.00","NZD","1762937129","23477/2025-11-15/1762937129.json"
"510807","146155","2025-11-15","52.00","NZD","1762937129","23477/2025-11-15/1762937129.json"
"581513","221281","2025-11-14","36.00","NZD","1762937129","23477/2025-11-14/1762937129.json"
"581514","221282","2025-11-14","36.00","NZD","1762937129","23477/2025-11-14/1762937129.json"
"512557","146154","2025-11-14","45.00","NZD","1762937129","23477/2025-11-14/1762937129.json"
"365170","146153","2025-11-14","48.00","NZD","1762937129","23477/2025-11-14/1762937129.json"
"510807","146155","2025-11-14","52.00","NZD","1762937129","23477/2025-11-14/1762937129.json"
"581513","221281","2025-11-12","36.00","NZD","1762937129","23477/2025-11-12/1762937129.json"
"581514","221282","2025-11-12","36.00","NZD","1762937129","23477/2025-11-12/1762937129.json"
"512557","146154","2025-11-12","45.00","NZD","1762937129","23477/2025-11-12/1762937129.json"
"365170","146153","2025-11-12","48.00","NZD","1762937129","23477/2025-11-12/1762937129.json"
"510807","146155","2025-11-12","52.00","NZD","1762937129","23477/2025-11-12/1762937129.json"
"581513","221281","2025-11-13","36.00","NZD","1762937129","23477/2025-11-13/1762937129.json"
"581514","221282","2025-11-13","36.00","NZD","1762937129","23477/2025-11-13/1762937129.json"
"512557","146154","2025-11-13","45.00","NZD","1762937129","23477/2025-11-13/1762937129.json"
"365170","146153","2025-11-13","48.00","NZD","1762937129","23477/2025-11-13/1762937129.json"
"510807","146155","2025-11-13","52.00","NZD","1762937129","23477/2025-11-13/1762937129.json"
"581513","221281","2025-11-18","36.00","NZD","1762937129","23477/2025-11-18/1762937129.json"
"581514","221282","2025-11-18","36.00","NZD","1762937129","23477/2025-11-18/1762937129.json"
"512557","146154","2025-11-18","45.00","NZD","1762937129","23477/2025-11-18/1762937129.json"
"365170","146153","2025-11-18","48.00","NZD","1762937129","23477/2025-11-18/1762937129.json"
"510807","146155","2025-11-18","52.00","NZD","1762937129","23477/2025-11-18/1762937129.json"
"581513","221281","2025-11-17","36.00","NZD","1762937129","23477/2025-11-17/1762937129.json"
"581514","221282","2025-11-17","36.00","NZD","1762937129","23477/2025-11-17/1762937129.json"
"512557","146154","2025-11-17","45.00","NZD","1762937129","23477/2025-11-17/1762937129.json"
"365170","146153","2025-11-17","48.00","NZD","1762937129","23477/2025-11-17/1762937129.json"
"510807","146155","2025-11-17","52.00","NZD","1762937129","23477/2025-11-17/1762937129.json"
"581513","221281","2025-11-16","36.00","NZD","1762937129","23477/2025-11-16/1762937129.json"
"581514","221282","2025-11-16","36.00","NZD","1762937129","23477/2025-11-16/1762937129.json"
"512557","146154","2025-11-16","45.00","NZD","1762937129","23477/2025-11-16/1762937129.json"
"365170","146153","2025-11-16","48.00","NZD","1762937129","23477/2025-11-16/1762937129.json"
"510807","146155","2025-11-16","52.00","NZD","1762937129","23477/2025-11-16/1762937129.json"
"581513","221281","2025-11-19","36.00","NZD","1762937129","23477/2025-11-19/1762937129.json"
"581514","221282","2025-11-19","36.00","NZD","1762937129","23477/2025-11-19/1762937129.json"
"512557","146154","2025-11-19","45.00","NZD","1762937129","23477/2025-11-19/1762937129.json"
"365170","146153","2025-11-19","48.00","NZD","1762937129","23477/2025-11-19/1762937129.json"
"510807","146155","2025-11-19","52.00","NZD","1762937129","23477/2025-11-19/1762937129.json"
"581513","221281","2025-11-22","36.00","NZD","1762937129","23477/2025-11-22/1762937129.json"
"581514","221282","2025-11-22","36.00","NZD","1762937129","23477/2025-11-22/1762937129.json"
"512557","146154","2025-11-22","45.00","NZD","1762937129","23477/2025-11-22/1762937129.json"
"365170","146153","2025-11-22","48.00","NZD","1762937129","23477/2025-11-22/1762937129.json"
"510807","146155","2025-11-22","52.00","NZD","1762937129","23477/2025-11-22/1762937129.json"
"581513","221281","2025-11-21","36.00","NZD","1762937129","23477/2025-11-21/1762937129.json"
"581514","221282","2025-11-21","36.00","NZD","1762937129","23477/2025-11-21/1762937129.json"
"512557","146154","2025-11-21","45.00","NZD","1762937129","23477/2025-11-21/1762937129.json"
"365170","146153","2025-11-21","48.00","NZD","1762937129","23477/2025-11-21/1762937129.json"
"510807","146155","2025-11-21","52.00","NZD","1762937129","23477/2025-11-21/1762937129.json"
"581513","221281","2025-11-20","36.00","NZD","1762937129","23477/2025-11-20/1762937129.json"
"581514","221282","2025-11-20","36.00","NZD","1762937129","23477/2025-11-20/1762937129.json"
"512557","146154","2025-11-20","45.00","NZD","1762937129","23477/2025-11-20/1762937129.json"
"581513","221281","2025-11-24","36.00","NZD","1762937129","23477/2025-11-24/1762937129.json"
"581514","221282","2025-11-24","36.00","NZD","1762937129","23477/2025-11-24/1762937129.json"
"512557","146154","2025-11-24","45.00","NZD","1762937129","23477/2025-11-24/1762937129.json"
"365170","146153","2025-11-24","48.00","NZD","1762937129","23477/2025-11-24/1762937129.json"
"510807","146155","2025-11-24","52.00","NZD","1762937129","23477/2025-11-24/1762937129.json"
"581513","221281","2025-11-23","36.00","NZD","1762937129","23477/2025-11-23/1762937129.json"
"581514","221282","2025-11-23","36.00","NZD","1762937129","23477/2025-11-23/1762937129.json"
"512557","146154","2025-11-23","45.00","NZD","1762937129","23477/2025-11-23/1762937129.json"
"365170","146153","2025-11-23","48.00","NZD","1762937129","23477/2025-11-23/1762937129.json"
"510807","146155","2025-11-23","52.00","NZD","1762937129","23477/2025-11-23/1762937129.json"
"581513","221281","2025-11-25","36.00","NZD","1762937129","23477/2025-11-25/1762937129.json"
"581514","221282","2025-11-25","36.00","NZD","1762937129","23477/2025-11-25/1762937129.json"
"512557","146154","2025-11-25","45.00","NZD","1762937129","23477/2025-11-25/1762937129.json"
"365170","146153","2025-11-25","48.00","NZD","1762937129","23477/2025-11-25/1762937129.json"
"510807","146155","2025-11-25","52.00","NZD","1762937129","23477/2025-11-25/1762937129.json"
"581513","221281","2025-11-26","36.00","NZD","1762937129","23477/2025-11-26/1762937129.json"
"581514","221282","2025-11-26","36.00","NZD","1762937129","23477/2025-11-26/1762937129.json"
"512557","146154","2025-11-26","45.00","NZD","1762937129","23477/2025-11-26/1762937129.json"
"365170","146153","2025-11-26","48.00","NZD","1762937129","23477/2025-11-26/1762937129.json"
"510807","146155","2025-11-26","52.00","NZD","1762937129","23477/2025-11-26/1762937129.json"
"581513","221281","2025-11-27","36.00","NZD","1762937129","23477/2025-11-27/1762937129.json"
"581514","221282","2025-11-27","36.00","NZD","1762937129","23477/2025-11-27/1762937129.json"
"512557","146154","2025-11-27","45.00","NZD","1762937129","23477/2025-11-27/1762937129.json"
"365170","146153","2025-11-27","48.00","NZD","1762937129","23477/2025-11-27/1762937129.json"
"510807","146155","2025-11-27","52.00","NZD","1762937129","23477/2025-11-27/1762937129.json"
"581513","221281","2025-11-28","36.00","NZD","1762937129","23477/2025-11-28/1762937129.json"
"581514","221282","2025-11-28","36.00","NZD","1762937129","23477/2025-11-28/1762937129.json"
"512557","146154","2025-11-28","45.00","NZD","1762937129","23477/2025-11-28/1762937129.json"
"365170","146153","2025-11-28","48.00","NZD","1762937129","23477/2025-11-28/1762937129.json"
"510807","146155","2025-11-28","52.00","NZD","1762937129","23477/2025-11-28/1762937129.json"
"581513","221281","2025-11-29","36.00","NZD","1762937129","23477/2025-11-29/1762937129.json"
"581514","221282","2025-11-29","36.00","NZD","1762937129","23477/2025-11-29/1762937129.json"
"512557","146154","2025-11-29","45.00","NZD","1762937129","23477/2025-11-29/1762937129.json"
"365170","146153","2025-11-29","48.00","NZD","1762937129","23477/2025-11-29/1762937129.json"
"510807","146155","2025-11-29","52.00","NZD","1762937129","23477/2025-11-29/1762937129.json"
"581513","221281","2025-11-30","36.00","NZD","1762937129","23477/2025-11-30/1762937129.json"
"581514","221282","2025-11-30","36.00","NZD","1762937129","23477/2025-11-30/1762937129.json"
"512557","146154","2025-11-30","45.00","NZD","1762937129","23477/2025-11-30/1762937129.json"
"365170","146153","2025-11-30","48.00","NZD","1762937129","23477/2025-11-30/1762937129.json"
"510807","146155","2025-11-30","52.00","NZD","1762937129","23477/2025-11-30/1762937129.json"
"581513","221281","2025-12-01","36.00","NZD","1762937129","23477/2025-12-01/1762937129.json"
"581514","221282","2025-12-01","36.00","NZD","1762937129","23477/2025-12-01/1762937129.json"
"512557","146154","2025-12-01","45.00","NZD","1762937129","23477/2025-12-01/1762937129.json"
"365170","146153","2025-12-01","48.00","NZD","1762937129","23477/2025-12-01/1762937129.json"
"510807","146155","2025-12-01","52.00","NZD","1762937129","23477/2025-12-01/1762937129.json"
"581513","221281","2025-12-04","36.00","NZD","1762937129","23477/2025-12-04/1762937129.json"
"581514","221282","2025-12-04","36.00","NZD","1762937129","23477/2025-12-04/1762937129.json"
"512557","146154","2025-12-04","45.00","NZD","1762937129","23477/2025-12-04/1762937129.json"
"365170","146153","2025-12-04","48.00","NZD","1762937129","23477/2025-12-04/1762937129.json"
"510807","146155","2025-12-04","52.00","NZD","1762937129","23477/2025-12-04/1762937129.json"
"581513","221281","2025-12-02","36.00","NZD","1762937129","23477/2025-12-02/1762937129.json"
"581514","221282","2025-12-02","36.00","NZD","1762937129","23477/2025-12-02/1762937129.json"
"512557","146154","2025-12-02","45.00","NZD","1762937129","23477/2025-12-02/1762937129.json"
"365170","146153","2025-12-02","48.00","NZD","1762937129","23477/2025-12-02/1762937129.json"
"510807","146155","2025-12-02","52.00","NZD","1762937129","23477/2025-12-02/1762937129.json"
"581513","221281","2025-12-05","36.00","NZD","1762937129","23477/2025-12-05/1762937129.json"
"581514","221282","2025-12-05","36.00","NZD","1762937129","23477/2025-12-05/1762937129.json"
"512557","146154","2025-12-05","45.00","NZD","1762937129","23477/2025-12-05/1762937129.json"
"365170","146153","2025-12-05","48.00","NZD","1762937129","23477/2025-12-05/1762937129.json"
"510807","146155","2025-12-05","52.00","NZD","1762937129","23477/2025-12-05/1762937129.json"
"581513","221281","2025-12-03","36.00","NZD","1762937129","23477/2025-12-03/1762937129.json"
"581514","221282","2025-12-03","36.00","NZD","1762937129","23477/2025-12-03/1762937129.json"
"512557","146154","2025-12-03","45.00","NZD","1762937129","23477/2025-12-03/1762937129.json"
"365170","146153","2025-12-03","48.00","NZD","1762937129","23477/2025-12-03/1762937129.json"
"510807","146155","2025-12-03","52.00","NZD","1762937129","23477/2025-12-03/1762937129.json"
"581513","221281","2025-12-06","36.00","NZD","1762937129","23477/2025-12-06/1762937129.json"
"581514","221282","2025-12-06","36.00","NZD","1762937129","23477/2025-12-06/1762937129.json"
"512557","146154","2025-12-06","45.00","NZD","1762937129","23477/2025-12-06/1762937129.json"
"365170","146153","2025-12-06","48.00","NZD","1762937129","23477/2025-12-06/1762937129.json"
"510807","146155","2025-12-06","52.00","NZD","1762937129","23477/2025-12-06/1762937129.json"
"581513","221281","2025-12-09","36.00","NZD","1762937129","23477/2025-12-09/1762937129.json"
"581514","221282","2025-12-09","36.00","NZD","1762937129","23477/2025-12-09/1762937129.json"
"512557","146154","2025-12-09","45.00","NZD","1762937129","23477/2025-12-09/1762937129.json"
"365170","146153","2025-12-09","48.00","NZD","1762937129","23477/2025-12-09/1762937129.json"
"510807","146155","2025-12-09","52.00","NZD","1762937129","23477/2025-12-09/1762937129.json"
"581513","221281","2025-12-10","36.00","NZD","1762937129","23477/2025-12-10/1762937129.json"
"581514","221282","2025-12-10","36.00","NZD","1762937129","23477/2025-12-10/1762937129.json"
"512557","146154","2025-12-10","45.00","NZD","1762937129","23477/2025-12-10/1762937129.json"
"365170","146153","2025-12-10","48.00","NZD","1762937129","23477/2025-12-10/1762937129.json"
"510807","146155","2025-12-10","52.00","NZD","1762937129","23477/2025-12-10/1762937129.json"
"581513","221281","2025-12-07","36.00","NZD","1762937129","23477/2025-12-07/1762937129.json"
"581514","221282","2025-12-07","36.00","NZD","1762937129","23477/2025-12-07/1762937129.json"
"512557","146154","2025-12-07","45.00","NZD","1762937129","23477/2025-12-07/1762937129.json"
"365170","146153","2025-12-07","48.00","NZD","1762937129","23477/2025-12-07/1762937129.json"
"510807","146155","2025-12-07","52.00","NZD","1762937129","23477/2025-12-07/1762937129.json"
"581513","221281","2025-12-11","36.00","NZD","1762937129","23477/2025-12-11/1762937129.json"
"581514","221282","2025-12-11","36.00","NZD","1762937129","23477/2025-12-11/1762937129.json"
"512557","146154","2025-12-11","45.00","NZD","1762937129","23477/2025-12-11/1762937129.json"
"365170","146153","2025-12-11","48.00","NZD","1762937129","23477/2025-12-11/1762937129.json"
"510807","146155","2025-12-11","52.00","NZD","1762937129","23477/2025-12-11/1762937129.json"
"581513","221281","2025-12-08","36.00","NZD","1762937129","23477/2025-12-08/1762937129.json"
"581514","221282","2025-12-08","36.00","NZD","1762937129","23477/2025-12-08/1762937129.json"
"512557","146154","2025-12-08","45.00","NZD","1762937129","23477/2025-12-08/1762937129.json"
"365170","146153","2025-12-08","48.00","NZD","1762937129","23477/2025-12-08/1762937129.json"
"510807","146155","2025-12-08","52.00","NZD","1762937129","23477/2025-12-08/1762937129.json"
"581513","221281","2025-12-12","36.00","NZD","1762937129","23477/2025-12-12/1762937129.json"
"581514","221282","2025-12-12","36.00","NZD","1762937129","23477/2025-12-12/1762937129.json"
"512557","146154","2025-12-12","45.00","NZD","1762937129","23477/2025-12-12/1762937129.json"
"365170","146153","2025-12-12","48.00","NZD","1762937129","23477/2025-12-12/1762937129.json"
"510807","146155","2025-12-12","52.00","NZD","1762937129","23477/2025-12-12/1762937129.json"
"581513","221281","2025-12-14","36.00","NZD","1762937129","23477/2025-12-14/1762937129.json"
"581514","221282","2025-12-14","36.00","NZD","1762937129","23477/2025-12-14/1762937129.json"
"512557","146154","2025-12-14","45.00","NZD","1762937129","23477/2025-12-14/1762937129.json"
"365170","146153","2025-12-14","48.00","NZD","1762937129","23477/2025-12-14/1762937129.json"
"510807","146155","2025-12-14","52.00","NZD","1762937129","23477/2025-12-14/1762937129.json"
"581513","221281","2025-12-13","36.00","NZD","1762937129","23477/2025-12-13/1762937129.json"
"581514","221282","2025-12-13","36.00","NZD","1762937129","23477/2025-12-13/1762937129.json"
"512557","146154","2025-12-13","45.00","NZD","1762937129","23477/2025-12-13/1762937129.json"
"365170","146153","2025-12-13","48.00","NZD","1762937129","23477/2025-12-13/1762937129.json"
"510807","146155","2025-12-13","52.00","NZD","1762937129","23477/2025-12-13/1762937129.json"
"581513","221281","2025-12-15","36.00","NZD","1762937129","23477/2025-12-15/1762937129.json"
"581514","221282","2025-12-15","36.00","NZD","1762937129","23477/2025-12-15/1762937129.json"
"512557","146154","2025-12-15","45.00","NZD","1762937129","23477/2025-12-15/1762937129.json"
"365170","146153","2025-12-15","48.00","NZD","1762937129","23477/2025-12-15/1762937129.json"
"510807","146155","2025-12-15","52.00","NZD","1762937129","23477/2025-12-15/1762937129.json"
"581513","221281","2025-12-16","36.00","NZD","1762937129","23477/2025-12-16/1762937129.json"
"581514","221282","2025-12-16","36.00","NZD","1762937129","23477/2025-12-16/1762937129.json"
"512557","146154","2025-12-16","45.00","NZD","1762937129","23477/2025-12-16/1762937129.json"
"365170","146153","2025-12-16","48.00","NZD","1762937129","23477/2025-12-16/1762937129.json"
"510807","146155","2025-12-16","52.00","NZD","1762937129","23477/2025-12-16/1762937129.json"
"581513","221281","2025-12-17","36.00","NZD","1762937129","23477/2025-12-17/1762937129.json"
"581514","221282","2025-12-17","36.00","NZD","1762937129","23477/2025-12-17/1762937129.json"
"512557","146154","2025-12-17","45.00","NZD","1762937129","23477/2025-12-17/1762937129.json"
"365170","146153","2025-12-17","48.00","NZD","1762937129","23477/2025-12-17/1762937129.json"
"510807","146155","2025-12-17","52.00","NZD","1762937129","23477/2025-12-17/1762937129.json"
"581513","221281","2025-12-19","36.00","NZD","1762937129","23477/2025-12-19/1762937129.json"
"581514","221282","2025-12-19","36.00","NZD","1762937129","23477/2025-12-19/1762937129.json"
"512557","146154","2025-12-19","45.00","NZD","1762937129","23477/2025-12-19/1762937129.json"
"365170","146153","2025-12-19","48.00","NZD","1762937129","23477/2025-12-19/1762937129.json"
"510807","146155","2025-12-19","52.00","NZD","1762937129","23477/2025-12-19/1762937129.json"
"581513","221281","2025-12-20","36.00","NZD","1762937129","23477/2025-12-20/1762937129.json"
"581514","221282","2025-12-20","36.00","NZD","1762937129","23477/2025-12-20/1762937129.json"
"512557","146154","2025-12-20","45.00","NZD","1762937129","23477/2025-12-20/1762937129.json"
"365170","146153","2025-12-20","48.00","NZD","1762937129","23477/2025-12-20/1762937129.json"
"510807","146155","2025-12-20","52.00","NZD","1762937129","23477/2025-12-20/1762937129.json"
"581513","221281","2025-12-21","36.00","NZD","1762937129","23477/2025-12-21/1762937129.json"
"581514","221282","2025-12-21","36.00","NZD","1762937129","23477/2025-12-21/1762937129.json"
"512557","146154","2025-12-21","45.00","NZD","1762937129","23477/2025-12-21/1762937129.json"
"365170","146153","2025-12-21","48.00","NZD","1762937129","23477/2025-12-21/1762937129.json"
"510807","146155","2025-12-21","52.00","NZD","1762937129","23477/2025-12-21/1762937129.json"
"581513","221281","2025-12-18","36.00","NZD","1762937129","23477/2025-12-18/1762937129.json"
"581514","221282","2025-12-18","36.00","NZD","1762937129","23477/2025-12-18/1762937129.json"
"512557","146154","2025-12-18","45.00","NZD","1762937129","23477/2025-12-18/1762937129.json"
"365170","146153","2025-12-18","48.00","NZD","1762937129","23477/2025-12-18/1762937129.json"
"510807","146155","2025-12-18","52.00","NZD","1762937129","23477/2025-12-18/1762937129.json"
"581513","221281","2025-12-22","36.00","NZD","1762937129","23477/2025-12-22/1762937129.json"
"581513","221281","2025-12-23","38.00","NZD","1762937129","23477/2025-12-23/1762937129.json"
"581514","221282","2025-12-23","38.00","NZD","1762937129","23477/2025-12-23/1762937129.json"
"581514","221282","2025-12-22","36.00","NZD","1762937129","23477/2025-12-22/1762937129.json"
"512557","146154","2025-12-23","45.00","NZD","1762937129","23477/2025-12-23/1762937129.json"
"365170","146153","2025-12-23","48.00","NZD","1762937129","23477/2025-12-23/1762937129.json"
"510807","146155","2025-12-23","52.00","NZD","1762937129","23477/2025-12-23/1762937129.json"
"512557","146154","2025-12-22","45.00","NZD","1762937129","23477/2025-12-22/1762937129.json"
"365170","146153","2025-12-22","48.00","NZD","1762937129","23477/2025-12-22/1762937129.json"
"510807","146155","2025-12-22","52.00","NZD","1762937129","23477/2025-12-22/1762937129.json"
"581513","221281","2025-12-24","38.00","NZD","1762937129","23477/2025-12-24/1762937129.json"
"581514","221282","2025-12-24","38.00","NZD","1762937129","23477/2025-12-24/1762937129.json"
"512557","146154","2025-12-24","45.00","NZD","1762937129","23477/2025-12-24/1762937129.json"
"365170","146153","2025-12-24","48.00","NZD","1762937129","23477/2025-12-24/1762937129.json"
"510807","146155","2025-12-24","52.00","NZD","1762937129","23477/2025-12-24/1762937129.json"
"581513","221281","2025-12-25","38.00","NZD","1762937129","23477/2025-12-25/1762937129.json"
"581514","221282","2025-12-25","38.00","NZD","1762937129","23477/2025-12-25/1762937129.json"
"512557","146154","2025-12-25","45.00","NZD","1762937129","23477/2025-12-25/1762937129.json"
"365170","146153","2025-12-25","48.00","NZD","1762937129","23477/2025-12-25/1762937129.json"
"510807","146155","2025-12-25","52.00","NZD","1762937129","23477/2025-12-25/1762937129.json"
"581513","221281","2025-12-27","42.00","NZD","1762937129","23477/2025-12-27/1762937129.json"
"581514","221282","2025-12-27","42.00","NZD","1762937129","23477/2025-12-27/1762937129.json"
"512557","146154","2025-12-27","45.00","NZD","1762937129","23477/2025-12-27/1762937129.json"
"365170","146153","2025-12-27","48.00","NZD","1762937129","23477/2025-12-27/1762937129.json"
"510807","146155","2025-12-27","52.00","NZD","1762937129","23477/2025-12-27/1762937129.json"
"581513","221281","2025-12-26","42.00","NZD","1762937129","23477/2025-12-26/1762937129.json"
"581514","221282","2025-12-26","42.00","NZD","1762937129","23477/2025-12-26/1762937129.json"
"512557","146154","2025-12-26","45.00","NZD","1762937129","23477/2025-12-26/1762937129.json"
"365170","146153","2025-12-26","48.00","NZD","1762937129","23477/2025-12-26/1762937129.json"
"510807","146155","2025-12-26","52.00","NZD","1762937129","23477/2025-12-26/1762937129.json"
"581513","221281","2025-12-28","42.00","NZD","1762937129","23477/2025-12-28/1762937129.json"
"581514","221282","2025-12-28","42.00","NZD","1762937129","23477/2025-12-28/1762937129.json"
"512557","146154","2025-12-28","45.00","NZD","1762937129","23477/2025-12-28/1762937129.json"
"365170","146153","2025-12-28","48.00","NZD","1762937129","23477/2025-12-28/1762937129.json"
"510807","146155","2025-12-28","52.00","NZD","1762937129","23477/2025-12-28/1762937129.json"
"581513","221281","2025-12-29","42.00","NZD","1762937129","23477/2025-12-29/1762937129.json"
"581514","221282","2025-12-29","42.00","NZD","1762937129","23477/2025-12-29/1762937129.json"
"512557","146154","2025-12-29","45.00","NZD","1762937129","23477/2025-12-29/1762937129.json"
"365170","146153","2025-12-29","48.00","NZD","1762937129","23477/2025-12-29/1762937129.json"
"510807","146155","2025-12-29","52.00","NZD","1762937129","23477/2025-12-29/1762937129.json"
"581513","221281","2025-12-30","42.00","NZD","1762937129","23477/2025-12-30/1762937129.json"
"581514","221282","2025-12-30","42.00","NZD","1762937129","23477/2025-12-30/1762937129.json"
"512557","146154","2025-12-30","45.00","NZD","1762937129","23477/2025-12-30/1762937129.json"
"365170","146153","2025-12-30","48.00","NZD","1762937129","23477/2025-12-30/1762937129.json"
"510807","146155","2025-12-30","52.00","NZD","1762937129","23477/2025-12-30/1762937129.json"
"581513","221281","2025-12-31","42.00","NZD","1762937129","23477/2025-12-31/1762937129.json"
"581514","221282","2025-12-31","42.00","NZD","1762937129","23477/2025-12-31/1762937129.json"
"512557","146154","2025-12-31","45.00","NZD","1762937129","23477/2025-12-31/1762937129.json"
"365170","146153","2025-12-31","48.00","NZD","1762937129","23477/2025-12-31/1762937129.json"
"510807","146155","2025-12-31","52.00","NZD","1762937129","23477/2025-12-31/1762937129.json"
"581513","221281","2026-01-01","42.00","NZD","1762937129","23477/2026-01-01/1762937129.json"
"581514","221282","2026-01-01","42.00","NZD","1762937129","23477/2026-01-01/1762937129.json"
"512557","146154","2026-01-01","45.00","NZD","1762937129","23477/2026-01-01/1762937129.json"
"365170","146153","2026-01-01","48.00","NZD","1762937129","23477/2026-01-01/1762937129.json"
"510807","146155","2026-01-01","52.00","NZD","1762937129","23477/2026-01-01/1762937129.json"
"581513","221281","2026-01-03","42.00","NZD","1762937129","23477/2026-01-03/1762937129.json"
"581514","221282","2026-01-03","42.00","NZD","1762937129","23477/2026-01-03/1762937129.json"
"512557","146154","2026-01-03","45.00","NZD","1762937129","23477/2026-01-03/1762937129.json"
"365170","146153","2026-01-03","48.00","NZD","1762937129","23477/2026-01-03/1762937129.json"
"510807","146155","2026-01-03","52.00","NZD","1762937129","23477/2026-01-03/1762937129.json"
"581513","221281","2026-01-02","42.00","NZD","1762937129","23477/2026-01-02/1762937129.json"
"581514","221282","2026-01-02","42.00","NZD","1762937129","23477/2026-01-02/1762937129.json"
"512557","146154","2026-01-02","45.00","NZD","1762937129","23477/2026-01-02/1762937129.json"
"365170","146153","2026-01-02","48.00","NZD","1762937129","23477/2026-01-02/1762937129.json"
"510807","146155","2026-01-02","52.00","NZD","1762937129","23477/2026-01-02/1762937129.json"
"581513","221281","2026-01-05","36.00","NZD","1762937129","23477/2026-01-05/1762937129.json"
"581514","221282","2026-01-05","36.00","NZD","1762937129","23477/2026-01-05/1762937129.json"
"512557","146154","2026-01-05","45.00","NZD","1762937129","23477/2026-01-05/1762937129.json"
"365170","146153","2026-01-05","48.00","NZD","1762937129","23477/2026-01-05/1762937129.json"
"510807","146155","2026-01-05","52.00","NZD","1762937129","23477/2026-01-05/1762937129.json"
"581513","221281","2026-01-04","42.00","NZD","1762937129","23477/2026-01-04/1762937129.json"
"581514","221282","2026-01-04","42.00","NZD","1762937129","23477/2026-01-04/1762937129.json"
"512557","146154","2026-01-04","45.00","NZD","1762937129","23477/2026-01-04/1762937129.json"
"365170","146153","2026-01-04","48.00","NZD","1762937129","23477/2026-01-04/1762937129.json"
"510807","146155","2026-01-04","52.00","NZD","1762937129","23477/2026-01-04/1762937129.json"
"581513","221281","2026-01-06","36.00","NZD","1762937129","23477/2026-01-06/1762937129.json"
"581514","221282","2026-01-06","36.00","NZD","1762937129","23477/2026-01-06/1762937129.json"
"512557","146154","2026-01-06","45.00","NZD","1762937129","23477/2026-01-06/1762937129.json"
"365170","146153","2026-01-06","48.00","NZD","1762937129","23477/2026-01-06/1762937129.json"
"510807","146155","2026-01-06","52.00","NZD","1762937129","23477/2026-01-06/1762937129.json"
"581513","221281","2026-01-07","36.00","NZD","1762937129","23477/2026-01-07/1762937129.json"
"581514","221282","2026-01-07","36.00","NZD","1762937129","23477/2026-01-07/1762937129.json"
"512557","146154","2026-01-07","45.00","NZD","1762937129","23477/2026-01-07/1762937129.json"
"365170","146153","2026-01-07","48.00","NZD","1762937129","23477/2026-01-07/1762937129.json"
"510807","146155","2026-01-07","52.00","NZD","1762937129","23477/2026-01-07/1762937129.json"
"581513","221281","2026-01-08","36.00","NZD","1762937129","23477/2026-01-08/1762937129.json"
"581514","221282","2026-01-08","36.00","NZD","1762937129","23477/2026-01-08/1762937129.json"
"512557","146154","2026-01-08","45.00","NZD","1762937129","23477/2026-01-08/1762937129.json"
"365170","146153","2026-01-08","48.00","NZD","1762937129","23477/2026-01-08/1762937129.json"
"510807","146155","2026-01-08","52.00","NZD","1762937129","23477/2026-01-08/1762937129.json"
"581513","221281","2026-01-10","36.00","NZD","1762937129","23477/2026-01-10/1762937129.json"
"581514","221282","2026-01-10","36.00","NZD","1762937129","23477/2026-01-10/1762937129.json"
"512557","146154","2026-01-10","45.00","NZD","1762937129","23477/2026-01-10/1762937129.json"
"365170","146153","2026-01-10","48.00","NZD","1762937129","23477/2026-01-10/1762937129.json"
"510807","146155","2026-01-10","52.00","NZD","1762937129","23477/2026-01-10/1762937129.json"
"581513","221281","2026-01-09","36.00","NZD","1762937129","23477/2026-01-09/1762937129.json"
"581514","221282","2026-01-09","36.00","NZD","1762937129","23477/2026-01-09/1762937129.json"
"512557","146154","2026-01-09","45.00","NZD","1762937129","23477/2026-01-09/1762937129.json"
"365170","146153","2026-01-09","48.00","NZD","1762937129","23477/2026-01-09/1762937129.json"
"510807","146155","2026-01-09","52.00","NZD","1762937129","23477/2026-01-09/1762937129.json"
"581513","221281","2026-01-11","36.00","NZD","1762937129","23477/2026-01-11/1762937129.json"
"581514","221282","2026-01-11","36.00","NZD","1762937129","23477/2026-01-11/1762937129.json"
"512557","146154","2026-01-11","45.00","NZD","1762937129","23477/2026-01-11/1762937129.json"
"365170","146153","2026-01-11","48.00","NZD","1762937129","23477/2026-01-11/1762937129.json"
"510807","146155","2026-01-11","52.00","NZD","1762937129","23477/2026-01-11/1762937129.json"
"581513","221281","2025-11-15","36.00","NZD","1762952507","23477/2025-11-15/1762952507.json"
"581514","221282","2025-11-15","36.00","NZD","1762952507","23477/2025-11-15/1762952507.json"
"512557","146154","2025-11-15","45.00","NZD","1762952507","23477/2025-11-15/1762952507.json"
"365170","146153","2025-11-15","48.00","NZD","1762952507","23477/2025-11-15/1762952507.json"
"510807","146155","2025-11-15","52.00","NZD","1762952507","23477/2025-11-15/1762952507.json"
"581513","221281","2025-11-14","36.00","NZD","1762952507","23477/2025-11-14/1762952507.json"
"581514","221282","2025-11-14","36.00","NZD","1762952507","23477/2025-11-14/1762952507.json"
"512557","146154","2025-11-14","45.00","NZD","1762952507","23477/2025-11-14/1762952507.json"
"365170","146153","2025-11-14","48.00","NZD","1762952507","23477/2025-11-14/1762952507.json"
"510807","146155","2025-11-14","52.00","NZD","1762952507","23477/2025-11-14/1762952507.json"
"581513","221281","2025-11-13","36.00","NZD","1762952507","23477/2025-11-13/1762952507.json"
"581514","221282","2025-11-13","36.00","NZD","1762952507","23477/2025-11-13/1762952507.json"
"512557","146154","2025-11-13","45.00","NZD","1762952507","23477/2025-11-13/1762952507.json"
"365170","146153","2025-11-13","48.00","NZD","1762952507","23477/2025-11-13/1762952507.json"
"510807","146155","2025-11-13","52.00","NZD","1762952507","23477/2025-11-13/1762952507.json"
"581513","221281","2025-11-18","36.00","NZD","1762952507","23477/2025-11-18/1762952507.json"
"581514","221282","2025-11-18","36.00","NZD","1762952507","23477/2025-11-18/1762952507.json"
"512557","146154","2025-11-18","45.00","NZD","1762952507","23477/2025-11-18/1762952507.json"
"365170","146153","2025-11-18","48.00","NZD","1762952507","23477/2025-11-18/1762952507.json"
"510807","146155","2025-11-18","52.00","NZD","1762952507","23477/2025-11-18/1762952507.json"
"581513","221281","2025-11-16","36.00","NZD","1762952507","23477/2025-11-16/1762952507.json"
"581514","221282","2025-11-16","36.00","NZD","1762952507","23477/2025-11-16/1762952507.json"
"512557","146154","2025-11-16","45.00","NZD","1762952507","23477/2025-11-16/1762952507.json"
"365170","146153","2025-11-16","48.00","NZD","1762952507","23477/2025-11-16/1762952507.json"
"510807","146155","2025-11-16","52.00","NZD","1762952507","23477/2025-11-16/1762952507.json"
"581513","221281","2025-11-19","36.00","NZD","1762952507","23477/2025-11-19/1762952507.json"
"581514","221282","2025-11-19","36.00","NZD","1762952507","23477/2025-11-19/1762952507.json"
"512557","146154","2025-11-19","45.00","NZD","1762952507","23477/2025-11-19/1762952507.json"
"365170","146153","2025-11-19","48.00","NZD","1762952507","23477/2025-11-19/1762952507.json"
"510807","146155","2025-11-19","52.00","NZD","1762952507","23477/2025-11-19/1762952507.json"
"581513","221281","2025-11-17","36.00","NZD","1762952507","23477/2025-11-17/1762952507.json"
"581514","221282","2025-11-17","36.00","NZD","1762952507","23477/2025-11-17/1762952507.json"
"512557","146154","2025-11-17","45.00","NZD","1762952507","23477/2025-11-17/1762952507.json"
"365170","146153","2025-11-17","48.00","NZD","1762952507","23477/2025-11-17/1762952507.json"
"510807","146155","2025-11-17","52.00","NZD","1762952507","23477/2025-11-17/1762952507.json"
"581513","221281","2025-11-21","36.00","NZD","1762952507","23477/2025-11-21/1762952507.json"
"581514","221282","2025-11-21","36.00","NZD","1762952507","23477/2025-11-21/1762952507.json"
"512557","146154","2025-11-21","45.00","NZD","1762952507","23477/2025-11-21/1762952507.json"
"365170","146153","2025-11-21","48.00","NZD","1762952507","23477/2025-11-21/1762952507.json"
"510807","146155","2025-11-21","52.00","NZD","1762952507","23477/2025-11-21/1762952507.json"
"581513","221281","2025-11-20","36.00","NZD","1762952507","23477/2025-11-20/1762952507.json"
"581514","221282","2025-11-20","36.00","NZD","1762952507","23477/2025-11-20/1762952507.json"
"512557","146154","2025-11-20","45.00","NZD","1762952507","23477/2025-11-20/1762952507.json"
"581513","221281","2025-11-22","36.00","NZD","1762952507","23477/2025-11-22/1762952507.json"
"581514","221282","2025-11-22","36.00","NZD","1762952507","23477/2025-11-22/1762952507.json"
"512557","146154","2025-11-22","45.00","NZD","1762952507","23477/2025-11-22/1762952507.json"
"365170","146153","2025-11-22","48.00","NZD","1762952507","23477/2025-11-22/1762952507.json"
"510807","146155","2025-11-22","52.00","NZD","1762952507","23477/2025-11-22/1762952507.json"
"581513","221281","2025-11-23","36.00","NZD","1762952507","23477/2025-11-23/1762952507.json"
"581514","221282","2025-11-23","36.00","NZD","1762952507","23477/2025-11-23/1762952507.json"
"512557","146154","2025-11-23","45.00","NZD","1762952507","23477/2025-11-23/1762952507.json"
"365170","146153","2025-11-23","48.00","NZD","1762952507","23477/2025-11-23/1762952507.json"
"510807","146155","2025-11-23","52.00","NZD","1762952507","23477/2025-11-23/1762952507.json"
"581513","221281","2025-11-24","36.00","NZD","1762952507","23477/2025-11-24/1762952507.json"
"581514","221282","2025-11-24","36.00","NZD","1762952507","23477/2025-11-24/1762952507.json"
"512557","146154","2025-11-24","45.00","NZD","1762952507","23477/2025-11-24/1762952507.json"
"365170","146153","2025-11-24","48.00","NZD","1762952507","23477/2025-11-24/1762952507.json"
"510807","146155","2025-11-24","52.00","NZD","1762952507","23477/2025-11-24/1762952507.json"
"581513","221281","2025-11-26","36.00","NZD","1762952507","23477/2025-11-26/1762952507.json"
"581514","221282","2025-11-26","36.00","NZD","1762952507","23477/2025-11-26/1762952507.json"
"512557","146154","2025-11-26","45.00","NZD","1762952507","23477/2025-11-26/1762952507.json"
"365170","146153","2025-11-26","48.00","NZD","1762952507","23477/2025-11-26/1762952507.json"
"510807","146155","2025-11-26","52.00","NZD","1762952507","23477/2025-11-26/1762952507.json"
"581513","221281","2025-11-25","36.00","NZD","1762952507","23477/2025-11-25/1762952507.json"
"581514","221282","2025-11-25","36.00","NZD","1762952507","23477/2025-11-25/1762952507.json"
"512557","146154","2025-11-25","45.00","NZD","1762952507","23477/2025-11-25/1762952507.json"
"365170","146153","2025-11-25","48.00","NZD","1762952507","23477/2025-11-25/1762952507.json"
"510807","146155","2025-11-25","52.00","NZD","1762952507","23477/2025-11-25/1762952507.json"
"581513","221281","2025-11-27","36.00","NZD","1762952507","23477/2025-11-27/1762952507.json"
"581514","221282","2025-11-27","36.00","NZD","1762952507","23477/2025-11-27/1762952507.json"
"512557","146154","2025-11-27","45.00","NZD","1762952507","23477/2025-11-27/1762952507.json"
"365170","146153","2025-11-27","48.00","NZD","1762952507","23477/2025-11-27/1762952507.json"
"510807","146155","2025-11-27","52.00","NZD","1762952507","23477/2025-11-27/1762952507.json"
"581513","221281","2025-11-29","36.00","NZD","1762952507","23477/2025-11-29/1762952507.json"
"581514","221282","2025-11-29","36.00","NZD","1762952507","23477/2025-11-29/1762952507.json"
"512557","146154","2025-11-29","45.00","NZD","1762952507","23477/2025-11-29/1762952507.json"
"365170","146153","2025-11-29","48.00","NZD","1762952507","23477/2025-11-29/1762952507.json"
"510807","146155","2025-11-29","52.00","NZD","1762952507","23477/2025-11-29/1762952507.json"
"581513","221281","2025-11-28","36.00","NZD","1762952507","23477/2025-11-28/1762952507.json"
"581514","221282","2025-11-28","36.00","NZD","1762952507","23477/2025-11-28/1762952507.json"
"512557","146154","2025-11-28","45.00","NZD","1762952507","23477/2025-11-28/1762952507.json"
"365170","146153","2025-11-28","48.00","NZD","1762952507","23477/2025-11-28/1762952507.json"
"510807","146155","2025-11-28","52.00","NZD","1762952507","23477/2025-11-28/1762952507.json"
"581513","221281","2025-11-30","36.00","NZD","1762952507","23477/2025-11-30/1762952507.json"
"581514","221282","2025-11-30","36.00","NZD","1762952507","23477/2025-11-30/1762952507.json"
"512557","146154","2025-11-30","45.00","NZD","1762952507","23477/2025-11-30/1762952507.json"
"365170","146153","2025-11-30","48.00","NZD","1762952507","23477/2025-11-30/1762952507.json"
"510807","146155","2025-11-30","52.00","NZD","1762952507","23477/2025-11-30/1762952507.json"
"581513","221281","2025-12-01","36.00","NZD","1762952507","23477/2025-12-01/1762952507.json"
"581514","221282","2025-12-01","36.00","NZD","1762952507","23477/2025-12-01/1762952507.json"
"512557","146154","2025-12-01","45.00","NZD","1762952507","23477/2025-12-01/1762952507.json"
"365170","146153","2025-12-01","48.00","NZD","1762952507","23477/2025-12-01/1762952507.json"
"510807","146155","2025-12-01","52.00","NZD","1762952507","23477/2025-12-01/1762952507.json"
"581513","221281","2025-12-02","36.00","NZD","1762952507","23477/2025-12-02/1762952507.json"
"581514","221282","2025-12-02","36.00","NZD","1762952507","23477/2025-12-02/1762952507.json"
"512557","146154","2025-12-02","45.00","NZD","1762952507","23477/2025-12-02/1762952507.json"
"365170","146153","2025-12-02","48.00","NZD","1762952507","23477/2025-12-02/1762952507.json"
"510807","146155","2025-12-02","52.00","NZD","1762952507","23477/2025-12-02/1762952507.json"
"581513","221281","2025-12-05","36.00","NZD","1762952507","23477/2025-12-05/1762952507.json"
"581514","221282","2025-12-05","36.00","NZD","1762952507","23477/2025-12-05/1762952507.json"
"512557","146154","2025-12-05","45.00","NZD","1762952507","23477/2025-12-05/1762952507.json"
"365170","146153","2025-12-05","48.00","NZD","1762952507","23477/2025-12-05/1762952507.json"
"510807","146155","2025-12-05","52.00","NZD","1762952507","23477/2025-12-05/1762952507.json"
"581513","221281","2025-12-04","36.00","NZD","1762952507","23477/2025-12-04/1762952507.json"
"581514","221282","2025-12-04","36.00","NZD","1762952507","23477/2025-12-04/1762952507.json"
"512557","146154","2025-12-04","45.00","NZD","1762952507","23477/2025-12-04/1762952507.json"
"365170","146153","2025-12-04","48.00","NZD","1762952507","23477/2025-12-04/1762952507.json"
"510807","146155","2025-12-04","52.00","NZD","1762952507","23477/2025-12-04/1762952507.json"
"581513","221281","2025-12-03","36.00","NZD","1762952507","23477/2025-12-03/1762952507.json"
"581514","221282","2025-12-03","36.00","NZD","1762952507","23477/2025-12-03/1762952507.json"
"512557","146154","2025-12-03","45.00","NZD","1762952507","23477/2025-12-03/1762952507.json"
"365170","146153","2025-12-03","48.00","NZD","1762952507","23477/2025-12-03/1762952507.json"
"510807","146155","2025-12-03","52.00","NZD","1762952507","23477/2025-12-03/1762952507.json"
"581513","221281","2025-12-06","36.00","NZD","1762952507","23477/2025-12-06/1762952507.json"
"581514","221282","2025-12-06","36.00","NZD","1762952507","23477/2025-12-06/1762952507.json"
"512557","146154","2025-12-06","45.00","NZD","1762952507","23477/2025-12-06/1762952507.json"
"365170","146153","2025-12-06","48.00","NZD","1762952507","23477/2025-12-06/1762952507.json"
"510807","146155","2025-12-06","52.00","NZD","1762952507","23477/2025-12-06/1762952507.json"
"581513","221281","2025-12-07","36.00","NZD","1762952507","23477/2025-12-07/1762952507.json"
"581514","221282","2025-12-07","36.00","NZD","1762952507","23477/2025-12-07/1762952507.json"
"512557","146154","2025-12-07","45.00","NZD","1762952507","23477/2025-12-07/1762952507.json"
"365170","146153","2025-12-07","48.00","NZD","1762952507","23477/2025-12-07/1762952507.json"
"510807","146155","2025-12-07","52.00","NZD","1762952507","23477/2025-12-07/1762952507.json"
"581513","221281","2025-12-09","36.00","NZD","1762952507","23477/2025-12-09/1762952507.json"
"581514","221282","2025-12-09","36.00","NZD","1762952507","23477/2025-12-09/1762952507.json"
"512557","146154","2025-12-09","45.00","NZD","1762952507","23477/2025-12-09/1762952507.json"
"365170","146153","2025-12-09","48.00","NZD","1762952507","23477/2025-12-09/1762952507.json"
"510807","146155","2025-12-09","52.00","NZD","1762952507","23477/2025-12-09/1762952507.json"
"581513","221281","2025-12-08","36.00","NZD","1762952507","23477/2025-12-08/1762952507.json"
"581514","221282","2025-12-08","36.00","NZD","1762952507","23477/2025-12-08/1762952507.json"
"512557","146154","2025-12-08","45.00","NZD","1762952507","23477/2025-12-08/1762952507.json"
"365170","146153","2025-12-08","48.00","NZD","1762952507","23477/2025-12-08/1762952507.json"
"510807","146155","2025-12-08","52.00","NZD","1762952507","23477/2025-12-08/1762952507.json"
"581513","221281","2025-12-10","36.00","NZD","1762952507","23477/2025-12-10/1762952507.json"
"581514","221282","2025-12-10","36.00","NZD","1762952507","23477/2025-12-10/1762952507.json"
"512557","146154","2025-12-10","45.00","NZD","1762952507","23477/2025-12-10/1762952507.json"
"365170","146153","2025-12-10","48.00","NZD","1762952507","23477/2025-12-10/1762952507.json"
"510807","146155","2025-12-10","52.00","NZD","1762952507","23477/2025-12-10/1762952507.json"
"581513","221281","2025-12-12","36.00","NZD","1762952507","23477/2025-12-12/1762952507.json"
"581514","221282","2025-12-12","36.00","NZD","1762952507","23477/2025-12-12/1762952507.json"
"512557","146154","2025-12-12","45.00","NZD","1762952507","23477/2025-12-12/1762952507.json"
"365170","146153","2025-12-12","48.00","NZD","1762952507","23477/2025-12-12/1762952507.json"
"510807","146155","2025-12-12","52.00","NZD","1762952507","23477/2025-12-12/1762952507.json"
"581513","221281","2025-12-11","36.00","NZD","1762952507","23477/2025-12-11/1762952507.json"
"581514","221282","2025-12-11","36.00","NZD","1762952507","23477/2025-12-11/1762952507.json"
"512557","146154","2025-12-11","45.00","NZD","1762952507","23477/2025-12-11/1762952507.json"
"365170","146153","2025-12-11","48.00","NZD","1762952507","23477/2025-12-11/1762952507.json"
"510807","146155","2025-12-11","52.00","NZD","1762952507","23477/2025-12-11/1762952507.json"
"581513","221281","2025-12-13","36.00","NZD","1762952507","23477/2025-12-13/1762952507.json"
"581514","221282","2025-12-13","36.00","NZD","1762952507","23477/2025-12-13/1762952507.json"
"512557","146154","2025-12-13","45.00","NZD","1762952507","23477/2025-12-13/1762952507.json"
"365170","146153","2025-12-13","48.00","NZD","1762952507","23477/2025-12-13/1762952507.json"
"510807","146155","2025-12-13","52.00","NZD","1762952507","23477/2025-12-13/1762952507.json"
"581513","221281","2025-12-14","36.00","NZD","1762952507","23477/2025-12-14/1762952507.json"
"581514","221282","2025-12-14","36.00","NZD","1762952507","23477/2025-12-14/1762952507.json"
"512557","146154","2025-12-14","45.00","NZD","1762952507","23477/2025-12-14/1762952507.json"
"365170","146153","2025-12-14","48.00","NZD","1762952507","23477/2025-12-14/1762952507.json"
"510807","146155","2025-12-14","52.00","NZD","1762952507","23477/2025-12-14/1762952507.json"
"581513","221281","2025-12-16","36.00","NZD","1762952507","23477/2025-12-16/1762952507.json"
"581514","221282","2025-12-16","36.00","NZD","1762952507","23477/2025-12-16/1762952507.json"
"512557","146154","2025-12-16","45.00","NZD","1762952507","23477/2025-12-16/1762952507.json"
"365170","146153","2025-12-16","48.00","NZD","1762952507","23477/2025-12-16/1762952507.json"
"510807","146155","2025-12-16","52.00","NZD","1762952507","23477/2025-12-16/1762952507.json"
"581513","221281","2025-12-15","36.00","NZD","1762952507","23477/2025-12-15/1762952507.json"
"581514","221282","2025-12-15","36.00","NZD","1762952507","23477/2025-12-15/1762952507.json"
"512557","146154","2025-12-15","45.00","NZD","1762952507","23477/2025-12-15/1762952507.json"
"365170","146153","2025-12-15","48.00","NZD","1762952507","23477/2025-12-15/1762952507.json"
"510807","146155","2025-12-15","52.00","NZD","1762952507","23477/2025-12-15/1762952507.json"
"581513","221281","2025-12-17","36.00","NZD","1762952507","23477/2025-12-17/1762952507.json"
"581514","221282","2025-12-17","36.00","NZD","1762952507","23477/2025-12-17/1762952507.json"
"512557","146154","2025-12-17","45.00","NZD","1762952507","23477/2025-12-17/1762952507.json"
"365170","146153","2025-12-17","48.00","NZD","1762952507","23477/2025-12-17/1762952507.json"
"510807","146155","2025-12-17","52.00","NZD","1762952507","23477/2025-12-17/1762952507.json"
"581513","221281","2025-12-18","36.00","NZD","1762952507","23477/2025-12-18/1762952507.json"
"581514","221282","2025-12-18","36.00","NZD","1762952507","23477/2025-12-18/1762952507.json"
"512557","146154","2025-12-18","45.00","NZD","1762952507","23477/2025-12-18/1762952507.json"
"365170","146153","2025-12-18","48.00","NZD","1762952507","23477/2025-12-18/1762952507.json"
"510807","146155","2025-12-18","52.00","NZD","1762952507","23477/2025-12-18/1762952507.json"
"581513","221281","2025-12-19","36.00","NZD","1762952507","23477/2025-12-19/1762952507.json"
"581514","221282","2025-12-19","36.00","NZD","1762952507","23477/2025-12-19/1762952507.json"
"512557","146154","2025-12-19","45.00","NZD","1762952507","23477/2025-12-19/1762952507.json"
"365170","146153","2025-12-19","48.00","NZD","1762952507","23477/2025-12-19/1762952507.json"
"510807","146155","2025-12-19","52.00","NZD","1762952507","23477/2025-12-19/1762952507.json"
"581513","221281","2025-12-20","36.00","NZD","1762952507","23477/2025-12-20/1762952507.json"
"581514","221282","2025-12-20","36.00","NZD","1762952507","23477/2025-12-20/1762952507.json"
"512557","146154","2025-12-20","45.00","NZD","1762952507","23477/2025-12-20/1762952507.json"
"365170","146153","2025-12-20","48.00","NZD","1762952507","23477/2025-12-20/1762952507.json"
"510807","146155","2025-12-20","52.00","NZD","1762952507","23477/2025-12-20/1762952507.json"
"581513","221281","2025-12-21","36.00","NZD","1762952507","23477/2025-12-21/1762952507.json"
"581514","221282","2025-12-21","36.00","NZD","1762952507","23477/2025-12-21/1762952507.json"
"512557","146154","2025-12-21","45.00","NZD","1762952507","23477/2025-12-21/1762952507.json"
"365170","146153","2025-12-21","48.00","NZD","1762952507","23477/2025-12-21/1762952507.json"
"510807","146155","2025-12-21","52.00","NZD","1762952507","23477/2025-12-21/1762952507.json"
"581513","221281","2025-12-22","36.00","NZD","1762952507","23477/2025-12-22/1762952507.json"
"581514","221282","2025-12-22","36.00","NZD","1762952507","23477/2025-12-22/1762952507.json"
"512557","146154","2025-12-22","45.00","NZD","1762952507","23477/2025-12-22/1762952507.json"
"365170","146153","2025-12-22","48.00","NZD","1762952507","23477/2025-12-22/1762952507.json"
"510807","146155","2025-12-22","52.00","NZD","1762952507","23477/2025-12-22/1762952507.json"
"581513","221281","2025-12-23","38.00","NZD","1762952507","23477/2025-12-23/1762952507.json"
"581514","221282","2025-12-23","38.00","NZD","1762952507","23477/2025-12-23/1762952507.json"
"512557","146154","2025-12-23","45.00","NZD","1762952507","23477/2025-12-23/1762952507.json"
"365170","146153","2025-12-23","48.00","NZD","1762952507","23477/2025-12-23/1762952507.json"
"510807","146155","2025-12-23","52.00","NZD","1762952507","23477/2025-12-23/1762952507.json"
"581513","221281","2025-12-24","38.00","NZD","1762952507","23477/2025-12-24/1762952507.json"
"581514","221282","2025-12-24","38.00","NZD","1762952507","23477/2025-12-24/1762952507.json"
"512557","146154","2025-12-24","45.00","NZD","1762952507","23477/2025-12-24/1762952507.json"
"365170","146153","2025-12-24","48.00","NZD","1762952507","23477/2025-12-24/1762952507.json"
"510807","146155","2025-12-24","52.00","NZD","1762952507","23477/2025-12-24/1762952507.json"
"581513","221281","2025-12-25","38.00","NZD","1762952507","23477/2025-12-25/1762952507.json"
"581514","221282","2025-12-25","38.00","NZD","1762952507","23477/2025-12-25/1762952507.json"
"512557","146154","2025-12-25","45.00","NZD","1762952507","23477/2025-12-25/1762952507.json"
"365170","146153","2025-12-25","48.00","NZD","1762952507","23477/2025-12-25/1762952507.json"
"510807","146155","2025-12-25","52.00","NZD","1762952507","23477/2025-12-25/1762952507.json"
"581513","221281","2025-12-26","42.00","NZD","1762952507","23477/2025-12-26/1762952507.json"
"581514","221282","2025-12-26","42.00","NZD","1762952507","23477/2025-12-26/1762952507.json"
"512557","146154","2025-12-26","45.00","NZD","1762952507","23477/2025-12-26/1762952507.json"
"365170","146153","2025-12-26","48.00","NZD","1762952507","23477/2025-12-26/1762952507.json"
"510807","146155","2025-12-26","52.00","NZD","1762952507","23477/2025-12-26/1762952507.json"
"581513","221281","2025-12-27","42.00","NZD","1762952507","23477/2025-12-27/1762952507.json"
"581514","221282","2025-12-27","42.00","NZD","1762952507","23477/2025-12-27/1762952507.json"
"512557","146154","2025-12-27","45.00","NZD","1762952507","23477/2025-12-27/1762952507.json"
"365170","146153","2025-12-27","48.00","NZD","1762952507","23477/2025-12-27/1762952507.json"
"510807","146155","2025-12-27","52.00","NZD","1762952507","23477/2025-12-27/1762952507.json"
"581513","221281","2025-12-28","42.00","NZD","1762952507","23477/2025-12-28/1762952507.json"
"581514","221282","2025-12-28","42.00","NZD","1762952507","23477/2025-12-28/1762952507.json"
"512557","146154","2025-12-28","45.00","NZD","1762952507","23477/2025-12-28/1762952507.json"
"365170","146153","2025-12-28","48.00","NZD","1762952507","23477/2025-12-28/1762952507.json"
"510807","146155","2025-12-28","52.00","NZD","1762952507","23477/2025-12-28/1762952507.json"
"581513","221281","2025-12-29","42.00","NZD","1762952507","23477/2025-12-29/1762952507.json"
"581514","221282","2025-12-29","42.00","NZD","1762952507","23477/2025-12-29/1762952507.json"
"512557","146154","2025-12-29","45.00","NZD","1762952507","23477/2025-12-29/1762952507.json"
"365170","146153","2025-12-29","48.00","NZD","1762952507","23477/2025-12-29/1762952507.json"
"510807","146155","2025-12-29","52.00","NZD","1762952507","23477/2025-12-29/1762952507.json"
"581513","221281","2025-12-30","42.00","NZD","1762952507","23477/2025-12-30/1762952507.json"
"581514","221282","2025-12-30","42.00","NZD","1762952507","23477/2025-12-30/1762952507.json"
"512557","146154","2025-12-30","45.00","NZD","1762952507","23477/2025-12-30/1762952507.json"
"365170","146153","2025-12-30","48.00","NZD","1762952507","23477/2025-12-30/1762952507.json"
"510807","146155","2025-12-30","52.00","NZD","1762952507","23477/2025-12-30/1762952507.json"
"581513","221281","2026-01-01","42.00","NZD","1762952507","23477/2026-01-01/1762952507.json"
"581513","221281","2025-12-31","42.00","NZD","1762952507","23477/2025-12-31/1762952507.json"
"581514","221282","2025-12-31","42.00","NZD","1762952507","23477/2025-12-31/1762952507.json"
"581514","221282","2026-01-01","42.00","NZD","1762952507","23477/2026-01-01/1762952507.json"
"512557","146154","2025-12-31","45.00","NZD","1762952507","23477/2025-12-31/1762952507.json"
"512557","146154","2026-01-01","45.00","NZD","1762952507","23477/2026-01-01/1762952507.json"
"365170","146153","2025-12-31","48.00","NZD","1762952507","23477/2025-12-31/1762952507.json"
"365170","146153","2026-01-01","48.00","NZD","1762952507","23477/2026-01-01/1762952507.json"
"510807","146155","2025-12-31","52.00","NZD","1762952507","23477/2025-12-31/1762952507.json"
"510807","146155","2026-01-01","52.00","NZD","1762952507","23477/2026-01-01/1762952507.json"
"581513","221281","2026-01-02","42.00","NZD","1762952507","23477/2026-01-02/1762952507.json"
"581514","221282","2026-01-02","42.00","NZD","1762952507","23477/2026-01-02/1762952507.json"
"512557","146154","2026-01-02","45.00","NZD","1762952507","23477/2026-01-02/1762952507.json"
"365170","146153","2026-01-02","48.00","NZD","1762952507","23477/2026-01-02/1762952507.json"
"510807","146155","2026-01-02","52.00","NZD","1762952507","23477/2026-01-02/1762952507.json"
"581513","221281","2026-01-03","42.00","NZD","1762952507","23477/2026-01-03/1762952507.json"
"581514","221282","2026-01-03","42.00","NZD","1762952507","23477/2026-01-03/1762952507.json"
"512557","146154","2026-01-03","45.00","NZD","1762952507","23477/2026-01-03/1762952507.json"
"365170","146153","2026-01-03","48.00","NZD","1762952507","23477/2026-01-03/1762952507.json"
"510807","146155","2026-01-03","52.00","NZD","1762952507","23477/2026-01-03/1762952507.json"
"581513","221281","2026-01-05","36.00","NZD","1762952507","23477/2026-01-05/1762952507.json"
"581514","221282","2026-01-05","36.00","NZD","1762952507","23477/2026-01-05/1762952507.json"
"512557","146154","2026-01-05","45.00","NZD","1762952507","23477/2026-01-05/1762952507.json"
"365170","146153","2026-01-05","48.00","NZD","1762952507","23477/2026-01-05/1762952507.json"
"510807","146155","2026-01-05","52.00","NZD","1762952507","23477/2026-01-05/1762952507.json"
"581513","221281","2026-01-06","36.00","NZD","1762952507","23477/2026-01-06/1762952507.json"
"581514","221282","2026-01-06","36.00","NZD","1762952507","23477/2026-01-06/1762952507.json"
"512557","146154","2026-01-06","45.00","NZD","1762952507","23477/2026-01-06/1762952507.json"
"365170","146153","2026-01-06","48.00","NZD","1762952507","23477/2026-01-06/1762952507.json"
"510807","146155","2026-01-06","52.00","NZD","1762952507","23477/2026-01-06/1762952507.json"
"581513","221281","2026-01-04","42.00","NZD","1762952507","23477/2026-01-04/1762952507.json"
"581514","221282","2026-01-04","42.00","NZD","1762952507","23477/2026-01-04/1762952507.json"
"512557","146154","2026-01-04","45.00","NZD","1762952507","23477/2026-01-04/1762952507.json"
"365170","146153","2026-01-04","48.00","NZD","1762952507","23477/2026-01-04/1762952507.json"
"510807","146155","2026-01-04","52.00","NZD","1762952507","23477/2026-01-04/1762952507.json"
"581513","221281","2026-01-07","36.00","NZD","1762952507","23477/2026-01-07/1762952507.json"
"581514","221282","2026-01-07","36.00","NZD","1762952507","23477/2026-01-07/1762952507.json"
"512557","146154","2026-01-07","45.00","NZD","1762952507","23477/2026-01-07/1762952507.json"
"365170","146153","2026-01-07","48.00","NZD","1762952507","23477/2026-01-07/1762952507.json"
"510807","146155","2026-01-07","52.00","NZD","1762952507","23477/2026-01-07/1762952507.json"
"581513","221281","2026-01-09","36.00","NZD","1762952507","23477/2026-01-09/1762952507.json"
"581514","221282","2026-01-09","36.00","NZD","1762952507","23477/2026-01-09/1762952507.json"
"512557","146154","2026-01-09","45.00","NZD","1762952507","23477/2026-01-09/1762952507.json"
"365170","146153","2026-01-09","48.00","NZD","1762952507","23477/2026-01-09/1762952507.json"
"510807","146155","2026-01-09","52.00","NZD","1762952507","23477/2026-01-09/1762952507.json"
"581513","221281","2026-01-08","36.00","NZD","1762952507","23477/2026-01-08/1762952507.json"
"581514","221282","2026-01-08","36.00","NZD","1762952507","23477/2026-01-08/1762952507.json"
"512557","146154","2026-01-08","45.00","NZD","1762952507","23477/2026-01-08/1762952507.json"
"365170","146153","2026-01-08","48.00","NZD","1762952507","23477/2026-01-08/1762952507.json"
"510807","146155","2026-01-08","52.00","NZD","1762952507","23477/2026-01-08/1762952507.json"
"581513","221281","2026-01-10","36.00","NZD","1762952507","23477/2026-01-10/1762952507.json"
"581514","221282","2026-01-10","36.00","NZD","1762952507","23477/2026-01-10/1762952507.json"
"512557","146154","2026-01-10","45.00","NZD","1762952507","23477/2026-01-10/1762952507.json"
"365170","146153","2026-01-10","48.00","NZD","1762952507","23477/2026-01-10/1762952507.json"
"510807","146155","2026-01-10","52.00","NZD","1762952507","23477/2026-01-10/1762952507.json"
"581513","221281","2026-01-11","36.00","NZD","1762952507","23477/2026-01-11/1762952507.json"
"581514","221282","2026-01-11","36.00","NZD","1762952507","23477/2026-01-11/1762952507.json"
"512557","146154","2026-01-11","45.00","NZD","1762952507","23477/2026-01-11/1762952507.json"
"365170","146153","2026-01-11","48.00","NZD","1762952507","23477/2026-01-11/1762952507.json"
"510807","146155","2026-01-11","52.00","NZD","1762952507","23477/2026-01-11/1762952507.json"
"581513","221281","2025-11-15","36.00","NZD","1762965971","23477/2025-11-15/1762965971.json"
"581514","221282","2025-11-15","36.00","NZD","1762965971","23477/2025-11-15/1762965971.json"
"512557","146154","2025-11-15","45.00","NZD","1762965971","23477/2025-11-15/1762965971.json"
"365170","146153","2025-11-15","48.00","NZD","1762965971","23477/2025-11-15/1762965971.json"
"510807","146155","2025-11-15","52.00","NZD","1762965971","23477/2025-11-15/1762965971.json"
"581513","221281","2025-11-13","36.00","NZD","1762965971","23477/2025-11-13/1762965971.json"
"581514","221282","2025-11-13","36.00","NZD","1762965971","23477/2025-11-13/1762965971.json"
"512557","146154","2025-11-13","45.00","NZD","1762965971","23477/2025-11-13/1762965971.json"
"365170","146153","2025-11-13","48.00","NZD","1762965971","23477/2025-11-13/1762965971.json"
"510807","146155","2025-11-13","52.00","NZD","1762965971","23477/2025-11-13/1762965971.json"
"581513","221281","2025-11-14","36.00","NZD","1762965971","23477/2025-11-14/1762965971.json"
"581514","221282","2025-11-14","36.00","NZD","1762965971","23477/2025-11-14/1762965971.json"
"512557","146154","2025-11-14","45.00","NZD","1762965971","23477/2025-11-14/1762965971.json"
"365170","146153","2025-11-14","48.00","NZD","1762965971","23477/2025-11-14/1762965971.json"
"510807","146155","2025-11-14","52.00","NZD","1762965971","23477/2025-11-14/1762965971.json"
"581513","221281","2025-11-16","36.00","NZD","1762965971","23477/2025-11-16/1762965971.json"
"581514","221282","2025-11-16","36.00","NZD","1762965971","23477/2025-11-16/1762965971.json"
"512557","146154","2025-11-16","45.00","NZD","1762965971","23477/2025-11-16/1762965971.json"
"365170","146153","2025-11-16","48.00","NZD","1762965971","23477/2025-11-16/1762965971.json"
"510807","146155","2025-11-16","52.00","NZD","1762965971","23477/2025-11-16/1762965971.json"
"581513","221281","2025-11-18","36.00","NZD","1762965971","23477/2025-11-18/1762965971.json"
"581514","221282","2025-11-18","36.00","NZD","1762965971","23477/2025-11-18/1762965971.json"
"512557","146154","2025-11-18","45.00","NZD","1762965971","23477/2025-11-18/1762965971.json"
"365170","146153","2025-11-18","48.00","NZD","1762965971","23477/2025-11-18/1762965971.json"
"510807","146155","2025-11-18","52.00","NZD","1762965971","23477/2025-11-18/1762965971.json"
"581513","221281","2025-11-17","36.00","NZD","1762965971","23477/2025-11-17/1762965971.json"
"581514","221282","2025-11-17","36.00","NZD","1762965971","23477/2025-11-17/1762965971.json"
"512557","146154","2025-11-17","45.00","NZD","1762965971","23477/2025-11-17/1762965971.json"
"365170","146153","2025-11-17","48.00","NZD","1762965971","23477/2025-11-17/1762965971.json"
"510807","146155","2025-11-17","52.00","NZD","1762965971","23477/2025-11-17/1762965971.json"
"581513","221281","2025-11-19","36.00","NZD","1762965971","23477/2025-11-19/1762965971.json"
"581514","221282","2025-11-19","36.00","NZD","1762965971","23477/2025-11-19/1762965971.json"
"512557","146154","2025-11-19","45.00","NZD","1762965971","23477/2025-11-19/1762965971.json"
"365170","146153","2025-11-19","48.00","NZD","1762965971","23477/2025-11-19/1762965971.json"
"510807","146155","2025-11-19","52.00","NZD","1762965971","23477/2025-11-19/1762965971.json"
"581513","221281","2025-11-20","36.00","NZD","1762965971","23477/2025-11-20/1762965971.json"
"581514","221282","2025-11-20","36.00","NZD","1762965971","23477/2025-11-20/1762965971.json"
"512557","146154","2025-11-20","45.00","NZD","1762965971","23477/2025-11-20/1762965971.json"
"581513","221281","2025-11-21","36.00","NZD","1762965971","23477/2025-11-21/1762965971.json"
"581514","221282","2025-11-21","36.00","NZD","1762965971","23477/2025-11-21/1762965971.json"
"512557","146154","2025-11-21","45.00","NZD","1762965971","23477/2025-11-21/1762965971.json"
"365170","146153","2025-11-21","48.00","NZD","1762965971","23477/2025-11-21/1762965971.json"
"510807","146155","2025-11-21","52.00","NZD","1762965971","23477/2025-11-21/1762965971.json"
"581513","221281","2025-11-22","36.00","NZD","1762965971","23477/2025-11-22/1762965971.json"
"581514","221282","2025-11-22","36.00","NZD","1762965971","23477/2025-11-22/1762965971.json"
"512557","146154","2025-11-22","45.00","NZD","1762965971","23477/2025-11-22/1762965971.json"
"581513","221281","2025-11-23","36.00","NZD","1762965971","23477/2025-11-23/1762965971.json"
"365170","146153","2025-11-22","48.00","NZD","1762965971","23477/2025-11-22/1762965971.json"
"581514","221282","2025-11-23","36.00","NZD","1762965971","23477/2025-11-23/1762965971.json"
"512557","146154","2025-11-23","45.00","NZD","1762965971","23477/2025-11-23/1762965971.json"
"510807","146155","2025-11-22","52.00","NZD","1762965971","23477/2025-11-22/1762965971.json"
"365170","146153","2025-11-23","48.00","NZD","1762965971","23477/2025-11-23/1762965971.json"
"510807","146155","2025-11-23","52.00","NZD","1762965971","23477/2025-11-23/1762965971.json"
"581513","221281","2025-11-24","36.00","NZD","1762965971","23477/2025-11-24/1762965971.json"
"581514","221282","2025-11-24","36.00","NZD","1762965971","23477/2025-11-24/1762965971.json"
"512557","146154","2025-11-24","45.00","NZD","1762965971","23477/2025-11-24/1762965971.json"
"365170","146153","2025-11-24","48.00","NZD","1762965971","23477/2025-11-24/1762965971.json"
"510807","146155","2025-11-24","52.00","NZD","1762965971","23477/2025-11-24/1762965971.json"
"581513","221281","2025-11-27","36.00","NZD","1762965971","23477/2025-11-27/1762965971.json"
"581514","221282","2025-11-27","36.00","NZD","1762965971","23477/2025-11-27/1762965971.json"
"512557","146154","2025-11-27","45.00","NZD","1762965971","23477/2025-11-27/1762965971.json"
"365170","146153","2025-11-27","48.00","NZD","1762965971","23477/2025-11-27/1762965971.json"
"510807","146155","2025-11-27","52.00","NZD","1762965971","23477/2025-11-27/1762965971.json"
"581513","221281","2025-11-25","36.00","NZD","1762965971","23477/2025-11-25/1762965971.json"
"581514","221282","2025-11-25","36.00","NZD","1762965971","23477/2025-11-25/1762965971.json"
"512557","146154","2025-11-25","45.00","NZD","1762965971","23477/2025-11-25/1762965971.json"
"365170","146153","2025-11-25","48.00","NZD","1762965971","23477/2025-11-25/1762965971.json"
"510807","146155","2025-11-25","52.00","NZD","1762965971","23477/2025-11-25/1762965971.json"
"581513","221281","2025-11-28","36.00","NZD","1762965971","23477/2025-11-28/1762965971.json"
"581514","221282","2025-11-28","36.00","NZD","1762965971","23477/2025-11-28/1762965971.json"
"512557","146154","2025-11-28","45.00","NZD","1762965971","23477/2025-11-28/1762965971.json"
"365170","146153","2025-11-28","48.00","NZD","1762965971","23477/2025-11-28/1762965971.json"
"510807","146155","2025-11-28","52.00","NZD","1762965971","23477/2025-11-28/1762965971.json"
"581513","221281","2025-11-26","36.00","NZD","1762965971","23477/2025-11-26/1762965971.json"
"581514","221282","2025-11-26","36.00","NZD","1762965971","23477/2025-11-26/1762965971.json"
"512557","146154","2025-11-26","45.00","NZD","1762965971","23477/2025-11-26/1762965971.json"
"365170","146153","2025-11-26","48.00","NZD","1762965971","23477/2025-11-26/1762965971.json"
"510807","146155","2025-11-26","52.00","NZD","1762965971","23477/2025-11-26/1762965971.json"
"581513","221281","2025-11-29","36.00","NZD","1762965971","23477/2025-11-29/1762965971.json"
"581514","221282","2025-11-29","36.00","NZD","1762965971","23477/2025-11-29/1762965971.json"
"512557","146154","2025-11-29","45.00","NZD","1762965971","23477/2025-11-29/1762965971.json"
"365170","146153","2025-11-29","48.00","NZD","1762965971","23477/2025-11-29/1762965971.json"
"510807","146155","2025-11-29","52.00","NZD","1762965971","23477/2025-11-29/1762965971.json"
"581513","221281","2025-11-30","36.00","NZD","1762965971","23477/2025-11-30/1762965971.json"
"581514","221282","2025-11-30","36.00","NZD","1762965971","23477/2025-11-30/1762965971.json"
"512557","146154","2025-11-30","45.00","NZD","1762965971","23477/2025-11-30/1762965971.json"
"365170","146153","2025-11-30","48.00","NZD","1762965971","23477/2025-11-30/1762965971.json"
"510807","146155","2025-11-30","52.00","NZD","1762965971","23477/2025-11-30/1762965971.json"
"581513","221281","2025-12-01","36.00","NZD","1762965971","23477/2025-12-01/1762965971.json"
"581514","221282","2025-12-01","36.00","NZD","1762965971","23477/2025-12-01/1762965971.json"
"512557","146154","2025-12-01","45.00","NZD","1762965971","23477/2025-12-01/1762965971.json"
"365170","146153","2025-12-01","48.00","NZD","1762965971","23477/2025-12-01/1762965971.json"
"510807","146155","2025-12-01","52.00","NZD","1762965971","23477/2025-12-01/1762965971.json"
"581513","221281","2025-12-04","36.00","NZD","1762965971","23477/2025-12-04/1762965971.json"
"581514","221282","2025-12-04","36.00","NZD","1762965971","23477/2025-12-04/1762965971.json"
"512557","146154","2025-12-04","45.00","NZD","1762965971","23477/2025-12-04/1762965971.json"
"365170","146153","2025-12-04","48.00","NZD","1762965971","23477/2025-12-04/1762965971.json"
"510807","146155","2025-12-04","52.00","NZD","1762965971","23477/2025-12-04/1762965971.json"
"581513","221281","2025-12-03","36.00","NZD","1762965971","23477/2025-12-03/1762965971.json"
"581514","221282","2025-12-03","36.00","NZD","1762965971","23477/2025-12-03/1762965971.json"
"512557","146154","2025-12-03","45.00","NZD","1762965971","23477/2025-12-03/1762965971.json"
"365170","146153","2025-12-03","48.00","NZD","1762965971","23477/2025-12-03/1762965971.json"
"510807","146155","2025-12-03","52.00","NZD","1762965971","23477/2025-12-03/1762965971.json"
"581513","221281","2025-12-02","36.00","NZD","1762965971","23477/2025-12-02/1762965971.json"
"581514","221282","2025-12-02","36.00","NZD","1762965971","23477/2025-12-02/1762965971.json"
"512557","146154","2025-12-02","45.00","NZD","1762965971","23477/2025-12-02/1762965971.json"
"365170","146153","2025-12-02","48.00","NZD","1762965971","23477/2025-12-02/1762965971.json"
"510807","146155","2025-12-02","52.00","NZD","1762965971","23477/2025-12-02/1762965971.json"
"581513","221281","2025-12-05","36.00","NZD","1762965971","23477/2025-12-05/1762965971.json"
"581514","221282","2025-12-05","36.00","NZD","1762965971","23477/2025-12-05/1762965971.json"
"512557","146154","2025-12-05","45.00","NZD","1762965971","23477/2025-12-05/1762965971.json"
"365170","146153","2025-12-05","48.00","NZD","1762965971","23477/2025-12-05/1762965971.json"
"510807","146155","2025-12-05","52.00","NZD","1762965971","23477/2025-12-05/1762965971.json"
"581513","221281","2025-12-06","36.00","NZD","1762965971","23477/2025-12-06/1762965971.json"
"581514","221282","2025-12-06","36.00","NZD","1762965971","23477/2025-12-06/1762965971.json"
"512557","146154","2025-12-06","45.00","NZD","1762965971","23477/2025-12-06/1762965971.json"
"365170","146153","2025-12-06","48.00","NZD","1762965971","23477/2025-12-06/1762965971.json"
"510807","146155","2025-12-06","52.00","NZD","1762965971","23477/2025-12-06/1762965971.json"
"581513","221281","2025-12-08","36.00","NZD","1762965971","23477/2025-12-08/1762965971.json"
"581514","221282","2025-12-08","36.00","NZD","1762965971","23477/2025-12-08/1762965971.json"
"512557","146154","2025-12-08","45.00","NZD","1762965971","23477/2025-12-08/1762965971.json"
"365170","146153","2025-12-08","48.00","NZD","1762965971","23477/2025-12-08/1762965971.json"
"510807","146155","2025-12-08","52.00","NZD","1762965971","23477/2025-12-08/1762965971.json"
"581513","221281","2025-12-07","36.00","NZD","1762965971","23477/2025-12-07/1762965971.json"
"581514","221282","2025-12-07","36.00","NZD","1762965971","23477/2025-12-07/1762965971.json"
"512557","146154","2025-12-07","45.00","NZD","1762965971","23477/2025-12-07/1762965971.json"
"365170","146153","2025-12-07","48.00","NZD","1762965971","23477/2025-12-07/1762965971.json"
"510807","146155","2025-12-07","52.00","NZD","1762965971","23477/2025-12-07/1762965971.json"
"581513","221281","2025-12-09","36.00","NZD","1762965971","23477/2025-12-09/1762965971.json"
"581514","221282","2025-12-09","36.00","NZD","1762965971","23477/2025-12-09/1762965971.json"
"512557","146154","2025-12-09","45.00","NZD","1762965971","23477/2025-12-09/1762965971.json"
"365170","146153","2025-12-09","48.00","NZD","1762965971","23477/2025-12-09/1762965971.json"
"510807","146155","2025-12-09","52.00","NZD","1762965971","23477/2025-12-09/1762965971.json"
"581513","221281","2025-12-10","36.00","NZD","1762965971","23477/2025-12-10/1762965971.json"
"581514","221282","2025-12-10","36.00","NZD","1762965971","23477/2025-12-10/1762965971.json"
"512557","146154","2025-12-10","45.00","NZD","1762965971","23477/2025-12-10/1762965971.json"
"365170","146153","2025-12-10","48.00","NZD","1762965971","23477/2025-12-10/1762965971.json"
"510807","146155","2025-12-10","52.00","NZD","1762965971","23477/2025-12-10/1762965971.json"
"581513","221281","2025-12-11","36.00","NZD","1762965971","23477/2025-12-11/1762965971.json"
"581514","221282","2025-12-11","36.00","NZD","1762965971","23477/2025-12-11/1762965971.json"
"512557","146154","2025-12-11","45.00","NZD","1762965971","23477/2025-12-11/1762965971.json"
"365170","146153","2025-12-11","48.00","NZD","1762965971","23477/2025-12-11/1762965971.json"
"510807","146155","2025-12-11","52.00","NZD","1762965971","23477/2025-12-11/1762965971.json"
"581513","221281","2025-12-12","36.00","NZD","1762965971","23477/2025-12-12/1762965971.json"
"581514","221282","2025-12-12","36.00","NZD","1762965971","23477/2025-12-12/1762965971.json"
"512557","146154","2025-12-12","45.00","NZD","1762965971","23477/2025-12-12/1762965971.json"
"365170","146153","2025-12-12","48.00","NZD","1762965971","23477/2025-12-12/1762965971.json"
"510807","146155","2025-12-12","52.00","NZD","1762965971","23477/2025-12-12/1762965971.json"
"581513","221281","2025-12-13","36.00","NZD","1762965971","23477/2025-12-13/1762965971.json"
"581514","221282","2025-12-13","36.00","NZD","1762965971","23477/2025-12-13/1762965971.json"
"512557","146154","2025-12-13","45.00","NZD","1762965971","23477/2025-12-13/1762965971.json"
"365170","146153","2025-12-13","48.00","NZD","1762965971","23477/2025-12-13/1762965971.json"
"510807","146155","2025-12-13","52.00","NZD","1762965971","23477/2025-12-13/1762965971.json"
"581513","221281","2025-12-14","36.00","NZD","1762965971","23477/2025-12-14/1762965971.json"
"581514","221282","2025-12-14","36.00","NZD","1762965971","23477/2025-12-14/1762965971.json"
"512557","146154","2025-12-14","45.00","NZD","1762965971","23477/2025-12-14/1762965971.json"
"365170","146153","2025-12-14","48.00","NZD","1762965971","23477/2025-12-14/1762965971.json"
"510807","146155","2025-12-14","52.00","NZD","1762965971","23477/2025-12-14/1762965971.json"
"581513","221281","2025-12-15","36.00","NZD","1762965971","23477/2025-12-15/1762965971.json"
"581514","221282","2025-12-15","36.00","NZD","1762965971","23477/2025-12-15/1762965971.json"
"512557","146154","2025-12-15","45.00","NZD","1762965971","23477/2025-12-15/1762965971.json"
"365170","146153","2025-12-15","48.00","NZD","1762965971","23477/2025-12-15/1762965971.json"
"510807","146155","2025-12-15","52.00","NZD","1762965971","23477/2025-12-15/1762965971.json"
"581513","221281","2025-12-17","36.00","NZD","1762965971","23477/2025-12-17/1762965971.json"
"581514","221282","2025-12-17","36.00","NZD","1762965971","23477/2025-12-17/1762965971.json"
"512557","146154","2025-12-17","45.00","NZD","1762965971","23477/2025-12-17/1762965971.json"
"365170","146153","2025-12-17","48.00","NZD","1762965971","23477/2025-12-17/1762965971.json"
"510807","146155","2025-12-17","52.00","NZD","1762965971","23477/2025-12-17/1762965971.json"
"581513","221281","2025-12-16","36.00","NZD","1762965971","23477/2025-12-16/1762965971.json"
"581514","221282","2025-12-16","36.00","NZD","1762965971","23477/2025-12-16/1762965971.json"
"512557","146154","2025-12-16","45.00","NZD","1762965971","23477/2025-12-16/1762965971.json"
"365170","146153","2025-12-16","48.00","NZD","1762965971","23477/2025-12-16/1762965971.json"
"510807","146155","2025-12-16","52.00","NZD","1762965971","23477/2025-12-16/1762965971.json"
"581513","221281","2025-12-19","36.00","NZD","1762965971","23477/2025-12-19/1762965971.json"
"581514","221282","2025-12-19","36.00","NZD","1762965971","23477/2025-12-19/1762965971.json"
"512557","146154","2025-12-19","45.00","NZD","1762965971","23477/2025-12-19/1762965971.json"
"365170","146153","2025-12-19","48.00","NZD","1762965971","23477/2025-12-19/1762965971.json"
"510807","146155","2025-12-19","52.00","NZD","1762965971","23477/2025-12-19/1762965971.json"
"581513","221281","2025-12-18","36.00","NZD","1762965971","23477/2025-12-18/1762965971.json"
"581514","221282","2025-12-18","36.00","NZD","1762965971","23477/2025-12-18/1762965971.json"
"512557","146154","2025-12-18","45.00","NZD","1762965971","23477/2025-12-18/1762965971.json"
"365170","146153","2025-12-18","48.00","NZD","1762965971","23477/2025-12-18/1762965971.json"
"510807","146155","2025-12-18","52.00","NZD","1762965971","23477/2025-12-18/1762965971.json"
"581513","221281","2025-12-20","36.00","NZD","1762965971","23477/2025-12-20/1762965971.json"
"581514","221282","2025-12-20","36.00","NZD","1762965971","23477/2025-12-20/1762965971.json"
"512557","146154","2025-12-20","45.00","NZD","1762965971","23477/2025-12-20/1762965971.json"
"365170","146153","2025-12-20","48.00","NZD","1762965971","23477/2025-12-20/1762965971.json"
"510807","146155","2025-12-20","52.00","NZD","1762965971","23477/2025-12-20/1762965971.json"
"581513","221281","2025-12-21","36.00","NZD","1762965971","23477/2025-12-21/1762965971.json"
"581514","221282","2025-12-21","36.00","NZD","1762965971","23477/2025-12-21/1762965971.json"
"512557","146154","2025-12-21","45.00","NZD","1762965971","23477/2025-12-21/1762965971.json"
"365170","146153","2025-12-21","48.00","NZD","1762965971","23477/2025-12-21/1762965971.json"
"510807","146155","2025-12-21","52.00","NZD","1762965971","23477/2025-12-21/1762965971.json"
"581513","221281","2025-12-23","38.00","NZD","1762965971","23477/2025-12-23/1762965971.json"
"581514","221282","2025-12-23","38.00","NZD","1762965971","23477/2025-12-23/1762965971.json"
"512557","146154","2025-12-23","45.00","NZD","1762965971","23477/2025-12-23/1762965971.json"
"365170","146153","2025-12-23","48.00","NZD","1762965971","23477/2025-12-23/1762965971.json"
"510807","146155","2025-12-23","52.00","NZD","1762965971","23477/2025-12-23/1762965971.json"
"581513","221281","2025-12-24","38.00","NZD","1762965971","23477/2025-12-24/1762965971.json"
"581514","221282","2025-12-24","38.00","NZD","1762965971","23477/2025-12-24/1762965971.json"
"512557","146154","2025-12-24","45.00","NZD","1762965971","23477/2025-12-24/1762965971.json"
"365170","146153","2025-12-24","48.00","NZD","1762965971","23477/2025-12-24/1762965971.json"
"510807","146155","2025-12-24","52.00","NZD","1762965971","23477/2025-12-24/1762965971.json"
"581513","221281","2025-12-25","38.00","NZD","1762965971","23477/2025-12-25/1762965971.json"
"581514","221282","2025-12-25","38.00","NZD","1762965971","23477/2025-12-25/1762965971.json"
"512557","146154","2025-12-25","45.00","NZD","1762965971","23477/2025-12-25/1762965971.json"
"365170","146153","2025-12-25","48.00","NZD","1762965971","23477/2025-12-25/1762965971.json"
"510807","146155","2025-12-25","52.00","NZD","1762965971","23477/2025-12-25/1762965971.json"
"581513","221281","2025-12-22","36.00","NZD","1762965971","23477/2025-12-22/1762965971.json"
"581514","221282","2025-12-22","36.00","NZD","1762965971","23477/2025-12-22/1762965971.json"
"512557","146154","2025-12-22","45.00","NZD","1762965971","23477/2025-12-22/1762965971.json"
"365170","146153","2025-12-22","48.00","NZD","1762965971","23477/2025-12-22/1762965971.json"
"510807","146155","2025-12-22","52.00","NZD","1762965971","23477/2025-12-22/1762965971.json"
"581513","221281","2025-12-26","42.00","NZD","1762965971","23477/2025-12-26/1762965971.json"
"581514","221282","2025-12-26","42.00","NZD","1762965971","23477/2025-12-26/1762965971.json"
"512557","146154","2025-12-26","45.00","NZD","1762965971","23477/2025-12-26/1762965971.json"
"365170","146153","2025-12-26","48.00","NZD","1762965971","23477/2025-12-26/1762965971.json"
"510807","146155","2025-12-26","52.00","NZD","1762965971","23477/2025-12-26/1762965971.json"
"581513","221281","2025-12-27","42.00","NZD","1762965971","23477/2025-12-27/1762965971.json"
"581514","221282","2025-12-27","42.00","NZD","1762965971","23477/2025-12-27/1762965971.json"
"512557","146154","2025-12-27","45.00","NZD","1762965971","23477/2025-12-27/1762965971.json"
"365170","146153","2025-12-27","48.00","NZD","1762965971","23477/2025-12-27/1762965971.json"
"510807","146155","2025-12-27","52.00","NZD","1762965971","23477/2025-12-27/1762965971.json"
"581513","221281","2025-12-28","42.00","NZD","1762965971","23477/2025-12-28/1762965971.json"
"581514","221282","2025-12-28","42.00","NZD","1762965971","23477/2025-12-28/1762965971.json"
"512557","146154","2025-12-28","45.00","NZD","1762965971","23477/2025-12-28/1762965971.json"
"365170","146153","2025-12-28","48.00","NZD","1762965971","23477/2025-12-28/1762965971.json"
"510807","146155","2025-12-28","52.00","NZD","1762965971","23477/2025-12-28/1762965971.json"
"581513","221281","2025-12-29","42.00","NZD","1762965971","23477/2025-12-29/1762965971.json"
"581514","221282","2025-12-29","42.00","NZD","1762965971","23477/2025-12-29/1762965971.json"
"512557","146154","2025-12-29","45.00","NZD","1762965971","23477/2025-12-29/1762965971.json"
"365170","146153","2025-12-29","48.00","NZD","1762965971","23477/2025-12-29/1762965971.json"
"510807","146155","2025-12-29","52.00","NZD","1762965971","23477/2025-12-29/1762965971.json"
"581513","221281","2025-12-30","42.00","NZD","1762965971","23477/2025-12-30/1762965971.json"
"581514","221282","2025-12-30","42.00","NZD","1762965971","23477/2025-12-30/1762965971.json"
"512557","146154","2025-12-30","45.00","NZD","1762965971","23477/2025-12-30/1762965971.json"
"365170","146153","2025-12-30","48.00","NZD","1762965971","23477/2025-12-30/1762965971.json"
"510807","146155","2025-12-30","52.00","NZD","1762965971","23477/2025-12-30/1762965971.json"
"581513","221281","2026-01-02","42.00","NZD","1762965971","23477/2026-01-02/1762965971.json"
"581514","221282","2026-01-02","42.00","NZD","1762965971","23477/2026-01-02/1762965971.json"
"512557","146154","2026-01-02","45.00","NZD","1762965971","23477/2026-01-02/1762965971.json"
"365170","146153","2026-01-02","48.00","NZD","1762965971","23477/2026-01-02/1762965971.json"
"510807","146155","2026-01-02","52.00","NZD","1762965971","23477/2026-01-02/1762965971.json"
"581513","221281","2025-12-31","42.00","NZD","1762965971","23477/2025-12-31/1762965971.json"
"581514","221282","2025-12-31","42.00","NZD","1762965971","23477/2025-12-31/1762965971.json"
"512557","146154","2025-12-31","45.00","NZD","1762965971","23477/2025-12-31/1762965971.json"
"365170","146153","2025-12-31","48.00","NZD","1762965971","23477/2025-12-31/1762965971.json"
"510807","146155","2025-12-31","52.00","NZD","1762965971","23477/2025-12-31/1762965971.json"
"581513","221281","2026-01-03","42.00","NZD","1762965971","23477/2026-01-03/1762965971.json"
"581514","221282","2026-01-03","42.00","NZD","1762965971","23477/2026-01-03/1762965971.json"
"512557","146154","2026-01-03","45.00","NZD","1762965971","23477/2026-01-03/1762965971.json"
"365170","146153","2026-01-03","48.00","NZD","1762965971","23477/2026-01-03/1762965971.json"
"510807","146155","2026-01-03","52.00","NZD","1762965971","23477/2026-01-03/1762965971.json"
"581513","221281","2026-01-04","42.00","NZD","1762965971","23477/2026-01-04/1762965971.json"
"581514","221282","2026-01-04","42.00","NZD","1762965971","23477/2026-01-04/1762965971.json"
"512557","146154","2026-01-04","45.00","NZD","1762965971","23477/2026-01-04/1762965971.json"
"365170","146153","2026-01-04","48.00","NZD","1762965971","23477/2026-01-04/1762965971.json"
"510807","146155","2026-01-04","52.00","NZD","1762965971","23477/2026-01-04/1762965971.json"
"581513","221281","2026-01-05","36.00","NZD","1762965971","23477/2026-01-05/1762965971.json"
"581514","221282","2026-01-05","36.00","NZD","1762965971","23477/2026-01-05/1762965971.json"
"512557","146154","2026-01-05","45.00","NZD","1762965971","23477/2026-01-05/1762965971.json"
"365170","146153","2026-01-05","48.00","NZD","1762965971","23477/2026-01-05/1762965971.json"
"510807","146155","2026-01-05","52.00","NZD","1762965971","23477/2026-01-05/1762965971.json"
"581513","221281","2026-01-01","42.00","NZD","1762965971","23477/2026-01-01/1762965971.json"
"581514","221282","2026-01-01","42.00","NZD","1762965971","23477/2026-01-01/1762965971.json"
"512557","146154","2026-01-01","45.00","NZD","1762965971","23477/2026-01-01/1762965971.json"
"365170","146153","2026-01-01","48.00","NZD","1762965971","23477/2026-01-01/1762965971.json"
"510807","146155","2026-01-01","52.00","NZD","1762965971","23477/2026-01-01/1762965971.json"
"581513","221281","2026-01-06","36.00","NZD","1762965971","23477/2026-01-06/1762965971.json"
"581514","221282","2026-01-06","36.00","NZD","1762965971","23477/2026-01-06/1762965971.json"
"512557","146154","2026-01-06","45.00","NZD","1762965971","23477/2026-01-06/1762965971.json"
"365170","146153","2026-01-06","48.00","NZD","1762965971","23477/2026-01-06/1762965971.json"
"510807","146155","2026-01-06","52.00","NZD","1762965971","23477/2026-01-06/1762965971.json"
"581513","221281","2026-01-07","36.00","NZD","1762965971","23477/2026-01-07/1762965971.json"
"581514","221282","2026-01-07","36.00","NZD","1762965971","23477/2026-01-07/1762965971.json"
"512557","146154","2026-01-07","45.00","NZD","1762965971","23477/2026-01-07/1762965971.json"
"365170","146153","2026-01-07","48.00","NZD","1762965971","23477/2026-01-07/1762965971.json"
"510807","146155","2026-01-07","52.00","NZD","1762965971","23477/2026-01-07/1762965971.json"
"581513","221281","2026-01-08","36.00","NZD","1762965971","23477/2026-01-08/1762965971.json"
"581514","221282","2026-01-08","36.00","NZD","1762965971","23477/2026-01-08/1762965971.json"
"512557","146154","2026-01-08","45.00","NZD","1762965971","23477/2026-01-08/1762965971.json"
"365170","146153","2026-01-08","48.00","NZD","1762965971","23477/2026-01-08/1762965971.json"
"510807","146155","2026-01-08","52.00","NZD","1762965971","23477/2026-01-08/1762965971.json"
"581513","221281","2026-01-09","36.00","NZD","1762965971","23477/2026-01-09/1762965971.json"
"581514","221282","2026-01-09","36.00","NZD","1762965971","23477/2026-01-09/1762965971.json"
"512557","146154","2026-01-09","45.00","NZD","1762965971","23477/2026-01-09/1762965971.json"
"365170","146153","2026-01-09","48.00","NZD","1762965971","23477/2026-01-09/1762965971.json"
"510807","146155","2026-01-09","52.00","NZD","1762965971","23477/2026-01-09/1762965971.json"
"581513","221281","2026-01-10","36.00","NZD","1762965971","23477/2026-01-10/1762965971.json"
"581514","221282","2026-01-10","36.00","NZD","1762965971","23477/2026-01-10/1762965971.json"
"512557","146154","2026-01-10","45.00","NZD","1762965971","23477/2026-01-10/1762965971.json"
"365170","146153","2026-01-10","48.00","NZD","1762965971","23477/2026-01-10/1762965971.json"
"510807","146155","2026-01-10","52.00","NZD","1762965971","23477/2026-01-10/1762965971.json"
"581513","221281","2026-01-11","36.00","NZD","1762965971","23477/2026-01-11/1762965971.json"
"581514","221282","2026-01-11","36.00","NZD","1762965971","23477/2026-01-11/1762965971.json"
"512557","146154","2026-01-11","45.00","NZD","1762965971","23477/2026-01-11/1762965971.json"
"365170","146153","2026-01-11","48.00","NZD","1762965971","23477/2026-01-11/1762965971.json"
"510807","146155","2026-01-11","52.00","NZD","1762965971","23477/2026-01-11/1762965971.json"
"581513","221281","2025-11-14","36.00","NZD","1762980050","23477/2025-11-14/1762980050.json"
"581514","221282","2025-11-14","36.00","NZD","1762980050","23477/2025-11-14/1762980050.json"
"512557","146154","2025-11-14","45.00","NZD","1762980050","23477/2025-11-14/1762980050.json"
"365170","146153","2025-11-14","48.00","NZD","1762980050","23477/2025-11-14/1762980050.json"
"510807","146155","2025-11-14","52.00","NZD","1762980050","23477/2025-11-14/1762980050.json"
"581513","221281","2025-11-15","36.00","NZD","1762980050","23477/2025-11-15/1762980050.json"
"581514","221282","2025-11-15","36.00","NZD","1762980050","23477/2025-11-15/1762980050.json"
"512557","146154","2025-11-15","45.00","NZD","1762980050","23477/2025-11-15/1762980050.json"
"365170","146153","2025-11-15","48.00","NZD","1762980050","23477/2025-11-15/1762980050.json"
"510807","146155","2025-11-15","52.00","NZD","1762980050","23477/2025-11-15/1762980050.json"
"581513","221281","2025-11-13","36.00","NZD","1762980050","23477/2025-11-13/1762980050.json"
"581514","221282","2025-11-13","36.00","NZD","1762980050","23477/2025-11-13/1762980050.json"
"512557","146154","2025-11-13","45.00","NZD","1762980050","23477/2025-11-13/1762980050.json"
"365170","146153","2025-11-13","48.00","NZD","1762980050","23477/2025-11-13/1762980050.json"
"510807","146155","2025-11-13","52.00","NZD","1762980050","23477/2025-11-13/1762980050.json"
"581513","221281","2025-11-16","36.00","NZD","1762980050","23477/2025-11-16/1762980050.json"
"581514","221282","2025-11-16","36.00","NZD","1762980050","23477/2025-11-16/1762980050.json"
"512557","146154","2025-11-16","45.00","NZD","1762980050","23477/2025-11-16/1762980050.json"
"365170","146153","2025-11-16","48.00","NZD","1762980050","23477/2025-11-16/1762980050.json"
"510807","146155","2025-11-16","52.00","NZD","1762980050","23477/2025-11-16/1762980050.json"
"581513","221281","2025-11-17","36.00","NZD","1762980050","23477/2025-11-17/1762980050.json"
"581514","221282","2025-11-17","36.00","NZD","1762980050","23477/2025-11-17/1762980050.json"
"512557","146154","2025-11-17","45.00","NZD","1762980050","23477/2025-11-17/1762980050.json"
"365170","146153","2025-11-17","48.00","NZD","1762980050","23477/2025-11-17/1762980050.json"
"510807","146155","2025-11-17","52.00","NZD","1762980050","23477/2025-11-17/1762980050.json"
"581513","221281","2025-11-18","36.00","NZD","1762980050","23477/2025-11-18/1762980050.json"
"581514","221282","2025-11-18","36.00","NZD","1762980050","23477/2025-11-18/1762980050.json"
"512557","146154","2025-11-18","45.00","NZD","1762980050","23477/2025-11-18/1762980050.json"
"365170","146153","2025-11-18","48.00","NZD","1762980050","23477/2025-11-18/1762980050.json"
"510807","146155","2025-11-18","52.00","NZD","1762980050","23477/2025-11-18/1762980050.json"
"581513","221281","2025-11-19","36.00","NZD","1762980050","23477/2025-11-19/1762980050.json"
"581514","221282","2025-11-19","36.00","NZD","1762980050","23477/2025-11-19/1762980050.json"
"512557","146154","2025-11-19","45.00","NZD","1762980050","23477/2025-11-19/1762980050.json"
"365170","146153","2025-11-19","48.00","NZD","1762980050","23477/2025-11-19/1762980050.json"
"510807","146155","2025-11-19","52.00","NZD","1762980050","23477/2025-11-19/1762980050.json"
"581513","221281","2025-11-20","36.00","NZD","1762980050","23477/2025-11-20/1762980050.json"
"581514","221282","2025-11-20","36.00","NZD","1762980050","23477/2025-11-20/1762980050.json"
"512557","146154","2025-11-20","45.00","NZD","1762980050","23477/2025-11-20/1762980050.json"
"581513","221281","2025-11-21","36.00","NZD","1762980050","23477/2025-11-21/1762980050.json"
"581514","221282","2025-11-21","36.00","NZD","1762980050","23477/2025-11-21/1762980050.json"
"512557","146154","2025-11-21","45.00","NZD","1762980050","23477/2025-11-21/1762980050.json"
"365170","146153","2025-11-21","48.00","NZD","1762980050","23477/2025-11-21/1762980050.json"
"510807","146155","2025-11-21","52.00","NZD","1762980050","23477/2025-11-21/1762980050.json"
"581513","221281","2025-11-22","36.00","NZD","1762980050","23477/2025-11-22/1762980050.json"
"581514","221282","2025-11-22","36.00","NZD","1762980050","23477/2025-11-22/1762980050.json"
"512557","146154","2025-11-22","45.00","NZD","1762980050","23477/2025-11-22/1762980050.json"
"365170","146153","2025-11-22","48.00","NZD","1762980050","23477/2025-11-22/1762980050.json"
"510807","146155","2025-11-22","52.00","NZD","1762980050","23477/2025-11-22/1762980050.json"
"581513","221281","2025-11-23","36.00","NZD","1762980050","23477/2025-11-23/1762980050.json"
"581514","221282","2025-11-23","36.00","NZD","1762980050","23477/2025-11-23/1762980050.json"
"512557","146154","2025-11-23","45.00","NZD","1762980050","23477/2025-11-23/1762980050.json"
"365170","146153","2025-11-23","48.00","NZD","1762980050","23477/2025-11-23/1762980050.json"
"510807","146155","2025-11-23","52.00","NZD","1762980050","23477/2025-11-23/1762980050.json"
"581513","221281","2025-11-24","36.00","NZD","1762980050","23477/2025-11-24/1762980050.json"
"581514","221282","2025-11-24","36.00","NZD","1762980050","23477/2025-11-24/1762980050.json"
"512557","146154","2025-11-24","45.00","NZD","1762980050","23477/2025-11-24/1762980050.json"
"365170","146153","2025-11-24","48.00","NZD","1762980050","23477/2025-11-24/1762980050.json"
"510807","146155","2025-11-24","52.00","NZD","1762980050","23477/2025-11-24/1762980050.json"
"581513","221281","2025-11-25","36.00","NZD","1762980050","23477/2025-11-25/1762980050.json"
"581514","221282","2025-11-25","36.00","NZD","1762980050","23477/2025-11-25/1762980050.json"
"512557","146154","2025-11-25","45.00","NZD","1762980050","23477/2025-11-25/1762980050.json"
"365170","146153","2025-11-25","48.00","NZD","1762980050","23477/2025-11-25/1762980050.json"
"510807","146155","2025-11-25","52.00","NZD","1762980050","23477/2025-11-25/1762980050.json"
"581513","221281","2025-11-26","36.00","NZD","1762980050","23477/2025-11-26/1762980050.json"
"581514","221282","2025-11-26","36.00","NZD","1762980050","23477/2025-11-26/1762980050.json"
"512557","146154","2025-11-26","45.00","NZD","1762980050","23477/2025-11-26/1762980050.json"
"365170","146153","2025-11-26","48.00","NZD","1762980050","23477/2025-11-26/1762980050.json"
"510807","146155","2025-11-26","52.00","NZD","1762980050","23477/2025-11-26/1762980050.json"
"581513","221281","2025-11-27","36.00","NZD","1762980050","23477/2025-11-27/1762980050.json"
"581514","221282","2025-11-27","36.00","NZD","1762980050","23477/2025-11-27/1762980050.json"
"512557","146154","2025-11-27","45.00","NZD","1762980050","23477/2025-11-27/1762980050.json"
"365170","146153","2025-11-27","48.00","NZD","1762980050","23477/2025-11-27/1762980050.json"
"510807","146155","2025-11-27","52.00","NZD","1762980050","23477/2025-11-27/1762980050.json"
"581513","221281","2025-11-28","36.00","NZD","1762980050","23477/2025-11-28/1762980050.json"
"581514","221282","2025-11-28","36.00","NZD","1762980050","23477/2025-11-28/1762980050.json"
"512557","146154","2025-11-28","45.00","NZD","1762980050","23477/2025-11-28/1762980050.json"
"365170","146153","2025-11-28","48.00","NZD","1762980050","23477/2025-11-28/1762980050.json"
"510807","146155","2025-11-28","52.00","NZD","1762980050","23477/2025-11-28/1762980050.json"
"581513","221281","2025-11-29","36.00","NZD","1762980050","23477/2025-11-29/1762980050.json"
"581514","221282","2025-11-29","36.00","NZD","1762980050","23477/2025-11-29/1762980050.json"
"512557","146154","2025-11-29","45.00","NZD","1762980050","23477/2025-11-29/1762980050.json"
"365170","146153","2025-11-29","48.00","NZD","1762980050","23477/2025-11-29/1762980050.json"
"510807","146155","2025-11-29","52.00","NZD","1762980050","23477/2025-11-29/1762980050.json"
"581513","221281","2025-11-30","36.00","NZD","1762980050","23477/2025-11-30/1762980050.json"
"581514","221282","2025-11-30","36.00","NZD","1762980050","23477/2025-11-30/1762980050.json"
"512557","146154","2025-11-30","45.00","NZD","1762980050","23477/2025-11-30/1762980050.json"
"365170","146153","2025-11-30","48.00","NZD","1762980050","23477/2025-11-30/1762980050.json"
"510807","146155","2025-11-30","52.00","NZD","1762980050","23477/2025-11-30/1762980050.json"
"581513","221281","2025-12-01","36.00","NZD","1762980050","23477/2025-12-01/1762980050.json"
"581514","221282","2025-12-01","36.00","NZD","1762980050","23477/2025-12-01/1762980050.json"
"512557","146154","2025-12-01","45.00","NZD","1762980050","23477/2025-12-01/1762980050.json"
"365170","146153","2025-12-01","48.00","NZD","1762980050","23477/2025-12-01/1762980050.json"
"510807","146155","2025-12-01","52.00","NZD","1762980050","23477/2025-12-01/1762980050.json"
"581513","221281","2025-12-03","36.00","NZD","1762980050","23477/2025-12-03/1762980050.json"
"581514","221282","2025-12-03","36.00","NZD","1762980050","23477/2025-12-03/1762980050.json"
"512557","146154","2025-12-03","45.00","NZD","1762980050","23477/2025-12-03/1762980050.json"
"365170","146153","2025-12-03","48.00","NZD","1762980050","23477/2025-12-03/1762980050.json"
"510807","146155","2025-12-03","52.00","NZD","1762980050","23477/2025-12-03/1762980050.json"
"581513","221281","2025-12-04","36.00","NZD","1762980050","23477/2025-12-04/1762980050.json"
"581514","221282","2025-12-04","36.00","NZD","1762980050","23477/2025-12-04/1762980050.json"
"512557","146154","2025-12-04","45.00","NZD","1762980050","23477/2025-12-04/1762980050.json"
"365170","146153","2025-12-04","48.00","NZD","1762980050","23477/2025-12-04/1762980050.json"
"510807","146155","2025-12-04","52.00","NZD","1762980050","23477/2025-12-04/1762980050.json"
"581513","221281","2025-12-05","36.00","NZD","1762980050","23477/2025-12-05/1762980050.json"
"581514","221282","2025-12-05","36.00","NZD","1762980050","23477/2025-12-05/1762980050.json"
"512557","146154","2025-12-05","45.00","NZD","1762980050","23477/2025-12-05/1762980050.json"
"365170","146153","2025-12-05","48.00","NZD","1762980050","23477/2025-12-05/1762980050.json"
"510807","146155","2025-12-05","52.00","NZD","1762980050","23477/2025-12-05/1762980050.json"
"581513","221281","2025-12-02","36.00","NZD","1762980050","23477/2025-12-02/1762980050.json"
"581514","221282","2025-12-02","36.00","NZD","1762980050","23477/2025-12-02/1762980050.json"
"512557","146154","2025-12-02","45.00","NZD","1762980050","23477/2025-12-02/1762980050.json"
"365170","146153","2025-12-02","48.00","NZD","1762980050","23477/2025-12-02/1762980050.json"
"510807","146155","2025-12-02","52.00","NZD","1762980050","23477/2025-12-02/1762980050.json"
"581513","221281","2025-12-06","36.00","NZD","1762980050","23477/2025-12-06/1762980050.json"
"581514","221282","2025-12-06","36.00","NZD","1762980050","23477/2025-12-06/1762980050.json"
"512557","146154","2025-12-06","45.00","NZD","1762980050","23477/2025-12-06/1762980050.json"
"365170","146153","2025-12-06","48.00","NZD","1762980050","23477/2025-12-06/1762980050.json"
"510807","146155","2025-12-06","52.00","NZD","1762980050","23477/2025-12-06/1762980050.json"
"581513","221281","2025-12-07","36.00","NZD","1762980050","23477/2025-12-07/1762980050.json"
"581514","221282","2025-12-07","36.00","NZD","1762980050","23477/2025-12-07/1762980050.json"
"512557","146154","2025-12-07","45.00","NZD","1762980050","23477/2025-12-07/1762980050.json"
"365170","146153","2025-12-07","48.00","NZD","1762980050","23477/2025-12-07/1762980050.json"
"510807","146155","2025-12-07","52.00","NZD","1762980050","23477/2025-12-07/1762980050.json"
"581513","221281","2025-12-09","36.00","NZD","1762980050","23477/2025-12-09/1762980050.json"
"581514","221282","2025-12-09","36.00","NZD","1762980050","23477/2025-12-09/1762980050.json"
"512557","146154","2025-12-09","45.00","NZD","1762980050","23477/2025-12-09/1762980050.json"
"365170","146153","2025-12-09","48.00","NZD","1762980050","23477/2025-12-09/1762980050.json"
"510807","146155","2025-12-09","52.00","NZD","1762980050","23477/2025-12-09/1762980050.json"
"581513","221281","2025-12-08","36.00","NZD","1762980050","23477/2025-12-08/1762980050.json"
"581514","221282","2025-12-08","36.00","NZD","1762980050","23477/2025-12-08/1762980050.json"
"512557","146154","2025-12-08","45.00","NZD","1762980050","23477/2025-12-08/1762980050.json"
"365170","146153","2025-12-08","48.00","NZD","1762980050","23477/2025-12-08/1762980050.json"
"510807","146155","2025-12-08","52.00","NZD","1762980050","23477/2025-12-08/1762980050.json"
"581513","221281","2025-12-11","36.00","NZD","1762980050","23477/2025-12-11/1762980050.json"
"581514","221282","2025-12-11","36.00","NZD","1762980050","23477/2025-12-11/1762980050.json"
"512557","146154","2025-12-11","45.00","NZD","1762980050","23477/2025-12-11/1762980050.json"
"365170","146153","2025-12-11","48.00","NZD","1762980050","23477/2025-12-11/1762980050.json"
"510807","146155","2025-12-11","52.00","NZD","1762980050","23477/2025-12-11/1762980050.json"
"581513","221281","2025-12-10","36.00","NZD","1762980050","23477/2025-12-10/1762980050.json"
"581514","221282","2025-12-10","36.00","NZD","1762980050","23477/2025-12-10/1762980050.json"
"512557","146154","2025-12-10","45.00","NZD","1762980050","23477/2025-12-10/1762980050.json"
"365170","146153","2025-12-10","48.00","NZD","1762980050","23477/2025-12-10/1762980050.json"
"510807","146155","2025-12-10","52.00","NZD","1762980050","23477/2025-12-10/1762980050.json"
"581513","221281","2025-12-12","36.00","NZD","1762980050","23477/2025-12-12/1762980050.json"
"581514","221282","2025-12-12","36.00","NZD","1762980050","23477/2025-12-12/1762980050.json"
"512557","146154","2025-12-12","45.00","NZD","1762980050","23477/2025-12-12/1762980050.json"
"365170","146153","2025-12-12","48.00","NZD","1762980050","23477/2025-12-12/1762980050.json"
"510807","146155","2025-12-12","52.00","NZD","1762980050","23477/2025-12-12/1762980050.json"
"581513","221281","2025-12-13","36.00","NZD","1762980050","23477/2025-12-13/1762980050.json"
"581514","221282","2025-12-13","36.00","NZD","1762980050","23477/2025-12-13/1762980050.json"
"512557","146154","2025-12-13","45.00","NZD","1762980050","23477/2025-12-13/1762980050.json"
"365170","146153","2025-12-13","48.00","NZD","1762980050","23477/2025-12-13/1762980050.json"
"510807","146155","2025-12-13","52.00","NZD","1762980050","23477/2025-12-13/1762980050.json"
"581513","221281","2025-12-14","36.00","NZD","1762980050","23477/2025-12-14/1762980050.json"
"581514","221282","2025-12-14","36.00","NZD","1762980050","23477/2025-12-14/1762980050.json"
"512557","146154","2025-12-14","45.00","NZD","1762980050","23477/2025-12-14/1762980050.json"
"365170","146153","2025-12-14","48.00","NZD","1762980050","23477/2025-12-14/1762980050.json"
"510807","146155","2025-12-14","52.00","NZD","1762980050","23477/2025-12-14/1762980050.json"
"581513","221281","2025-12-15","36.00","NZD","1762980050","23477/2025-12-15/1762980050.json"
"581514","221282","2025-12-15","36.00","NZD","1762980050","23477/2025-12-15/1762980050.json"
"512557","146154","2025-12-15","45.00","NZD","1762980050","23477/2025-12-15/1762980050.json"
"365170","146153","2025-12-15","48.00","NZD","1762980050","23477/2025-12-15/1762980050.json"
"510807","146155","2025-12-15","52.00","NZD","1762980050","23477/2025-12-15/1762980050.json"
"581513","221281","2025-12-16","36.00","NZD","1762980050","23477/2025-12-16/1762980050.json"
"581514","221282","2025-12-16","36.00","NZD","1762980050","23477/2025-12-16/1762980050.json"
"512557","146154","2025-12-16","45.00","NZD","1762980050","23477/2025-12-16/1762980050.json"
"365170","146153","2025-12-16","48.00","NZD","1762980050","23477/2025-12-16/1762980050.json"
"510807","146155","2025-12-16","52.00","NZD","1762980050","23477/2025-12-16/1762980050.json"
"581513","221281","2025-12-17","36.00","NZD","1762980050","23477/2025-12-17/1762980050.json"
"581514","221282","2025-12-17","36.00","NZD","1762980050","23477/2025-12-17/1762980050.json"
"512557","146154","2025-12-17","45.00","NZD","1762980050","23477/2025-12-17/1762980050.json"
"365170","146153","2025-12-17","48.00","NZD","1762980050","23477/2025-12-17/1762980050.json"
"510807","146155","2025-12-17","52.00","NZD","1762980050","23477/2025-12-17/1762980050.json"
"581513","221281","2025-12-18","36.00","NZD","1762980050","23477/2025-12-18/1762980050.json"
"581514","221282","2025-12-18","36.00","NZD","1762980050","23477/2025-12-18/1762980050.json"
"512557","146154","2025-12-18","45.00","NZD","1762980050","23477/2025-12-18/1762980050.json"
"365170","146153","2025-12-18","48.00","NZD","1762980050","23477/2025-12-18/1762980050.json"
"510807","146155","2025-12-18","52.00","NZD","1762980050","23477/2025-12-18/1762980050.json"
"581513","221281","2025-12-19","36.00","NZD","1762980050","23477/2025-12-19/1762980050.json"
"581514","221282","2025-12-19","36.00","NZD","1762980050","23477/2025-12-19/1762980050.json"
"512557","146154","2025-12-19","45.00","NZD","1762980050","23477/2025-12-19/1762980050.json"
"365170","146153","2025-12-19","48.00","NZD","1762980050","23477/2025-12-19/1762980050.json"
"510807","146155","2025-12-19","52.00","NZD","1762980050","23477/2025-12-19/1762980050.json"
"581513","221281","2025-12-20","36.00","NZD","1762980050","23477/2025-12-20/1762980050.json"
"581514","221282","2025-12-20","36.00","NZD","1762980050","23477/2025-12-20/1762980050.json"
"512557","146154","2025-12-20","45.00","NZD","1762980050","23477/2025-12-20/1762980050.json"
"365170","146153","2025-12-20","48.00","NZD","1762980050","23477/2025-12-20/1762980050.json"
"510807","146155","2025-12-20","52.00","NZD","1762980050","23477/2025-12-20/1762980050.json"
"581513","221281","2025-12-21","36.00","NZD","1762980050","23477/2025-12-21/1762980050.json"
"581514","221282","2025-12-21","36.00","NZD","1762980050","23477/2025-12-21/1762980050.json"
"512557","146154","2025-12-21","45.00","NZD","1762980050","23477/2025-12-21/1762980050.json"
"365170","146153","2025-12-21","48.00","NZD","1762980050","23477/2025-12-21/1762980050.json"
"510807","146155","2025-12-21","52.00","NZD","1762980050","23477/2025-12-21/1762980050.json"
"581513","221281","2025-12-23","38.00","NZD","1762980050","23477/2025-12-23/1762980050.json"
"581514","221282","2025-12-23","38.00","NZD","1762980050","23477/2025-12-23/1762980050.json"
"512557","146154","2025-12-23","45.00","NZD","1762980050","23477/2025-12-23/1762980050.json"
"365170","146153","2025-12-23","48.00","NZD","1762980050","23477/2025-12-23/1762980050.json"
"510807","146155","2025-12-23","52.00","NZD","1762980050","23477/2025-12-23/1762980050.json"
"581513","221281","2025-12-22","36.00","NZD","1762980050","23477/2025-12-22/1762980050.json"
"581514","221282","2025-12-22","36.00","NZD","1762980050","23477/2025-12-22/1762980050.json"
"512557","146154","2025-12-22","45.00","NZD","1762980050","23477/2025-12-22/1762980050.json"
"365170","146153","2025-12-22","48.00","NZD","1762980050","23477/2025-12-22/1762980050.json"
"510807","146155","2025-12-22","52.00","NZD","1762980050","23477/2025-12-22/1762980050.json"
"581513","221281","2025-12-24","38.00","NZD","1762980050","23477/2025-12-24/1762980050.json"
"581514","221282","2025-12-24","38.00","NZD","1762980050","23477/2025-12-24/1762980050.json"
"512557","146154","2025-12-24","45.00","NZD","1762980050","23477/2025-12-24/1762980050.json"
"365170","146153","2025-12-24","48.00","NZD","1762980050","23477/2025-12-24/1762980050.json"
"510807","146155","2025-12-24","52.00","NZD","1762980050","23477/2025-12-24/1762980050.json"
"581513","221281","2025-12-25","38.00","NZD","1762980050","23477/2025-12-25/1762980050.json"
"581514","221282","2025-12-25","38.00","NZD","1762980050","23477/2025-12-25/1762980050.json"
"512557","146154","2025-12-25","45.00","NZD","1762980050","23477/2025-12-25/1762980050.json"
"365170","146153","2025-12-25","48.00","NZD","1762980050","23477/2025-12-25/1762980050.json"
"510807","146155","2025-12-25","52.00","NZD","1762980050","23477/2025-12-25/1762980050.json"
"581513","221281","2025-12-26","42.00","NZD","1762980050","23477/2025-12-26/1762980050.json"
"581514","221282","2025-12-26","42.00","NZD","1762980050","23477/2025-12-26/1762980050.json"
"512557","146154","2025-12-26","45.00","NZD","1762980050","23477/2025-12-26/1762980050.json"
"365170","146153","2025-12-26","48.00","NZD","1762980050","23477/2025-12-26/1762980050.json"
"510807","146155","2025-12-26","52.00","NZD","1762980050","23477/2025-12-26/1762980050.json"
"581513","221281","2025-12-27","42.00","NZD","1762980050","23477/2025-12-27/1762980050.json"
"581514","221282","2025-12-27","42.00","NZD","1762980050","23477/2025-12-27/1762980050.json"
"512557","146154","2025-12-27","45.00","NZD","1762980050","23477/2025-12-27/1762980050.json"
"365170","146153","2025-12-27","48.00","NZD","1762980050","23477/2025-12-27/1762980050.json"
"510807","146155","2025-12-27","52.00","NZD","1762980050","23477/2025-12-27/1762980050.json"
"581513","221281","2025-12-28","42.00","NZD","1762980050","23477/2025-12-28/1762980050.json"
"581514","221282","2025-12-28","42.00","NZD","1762980050","23477/2025-12-28/1762980050.json"
"512557","146154","2025-12-28","45.00","NZD","1762980050","23477/2025-12-28/1762980050.json"
"365170","146153","2025-12-28","48.00","NZD","1762980050","23477/2025-12-28/1762980050.json"
"510807","146155","2025-12-28","52.00","NZD","1762980050","23477/2025-12-28/1762980050.json"
"581513","221281","2025-12-30","42.00","NZD","1762980050","23477/2025-12-30/1762980050.json"
"581514","221282","2025-12-30","42.00","NZD","1762980050","23477/2025-12-30/1762980050.json"
"512557","146154","2025-12-30","45.00","NZD","1762980050","23477/2025-12-30/1762980050.json"
"365170","146153","2025-12-30","48.00","NZD","1762980050","23477/2025-12-30/1762980050.json"
"510807","146155","2025-12-30","52.00","NZD","1762980050","23477/2025-12-30/1762980050.json"
"581513","221281","2025-12-31","42.00","NZD","1762980050","23477/2025-12-31/1762980050.json"
"581514","221282","2025-12-31","42.00","NZD","1762980050","23477/2025-12-31/1762980050.json"
"512557","146154","2025-12-31","45.00","NZD","1762980050","23477/2025-12-31/1762980050.json"
"365170","146153","2025-12-31","48.00","NZD","1762980050","23477/2025-12-31/1762980050.json"
"510807","146155","2025-12-31","52.00","NZD","1762980050","23477/2025-12-31/1762980050.json"
"581513","221281","2025-12-29","42.00","NZD","1762980050","23477/2025-12-29/1762980050.json"
"581514","221282","2025-12-29","42.00","NZD","1762980050","23477/2025-12-29/1762980050.json"
"512557","146154","2025-12-29","45.00","NZD","1762980050","23477/2025-12-29/1762980050.json"
"365170","146153","2025-12-29","48.00","NZD","1762980050","23477/2025-12-29/1762980050.json"
"510807","146155","2025-12-29","52.00","NZD","1762980050","23477/2025-12-29/1762980050.json"
"581513","221281","2026-01-01","42.00","NZD","1762980050","23477/2026-01-01/1762980050.json"
"581514","221282","2026-01-01","42.00","NZD","1762980050","23477/2026-01-01/1762980050.json"
"512557","146154","2026-01-01","45.00","NZD","1762980050","23477/2026-01-01/1762980050.json"
"365170","146153","2026-01-01","48.00","NZD","1762980050","23477/2026-01-01/1762980050.json"
"510807","146155","2026-01-01","52.00","NZD","1762980050","23477/2026-01-01/1762980050.json"
"581513","221281","2026-01-02","42.00","NZD","1762980050","23477/2026-01-02/1762980050.json"
"581514","221282","2026-01-02","42.00","NZD","1762980050","23477/2026-01-02/1762980050.json"
"512557","146154","2026-01-02","45.00","NZD","1762980050","23477/2026-01-02/1762980050.json"
"365170","146153","2026-01-02","48.00","NZD","1762980050","23477/2026-01-02/1762980050.json"
"510807","146155","2026-01-02","52.00","NZD","1762980050","23477/2026-01-02/1762980050.json"
"581513","221281","2026-01-03","42.00","NZD","1762980050","23477/2026-01-03/1762980050.json"
"581514","221282","2026-01-03","42.00","NZD","1762980050","23477/2026-01-03/1762980050.json"
"512557","146154","2026-01-03","45.00","NZD","1762980050","23477/2026-01-03/1762980050.json"
"365170","146153","2026-01-03","48.00","NZD","1762980050","23477/2026-01-03/1762980050.json"
"510807","146155","2026-01-03","52.00","NZD","1762980050","23477/2026-01-03/1762980050.json"
"581513","221281","2026-01-04","42.00","NZD","1762980050","23477/2026-01-04/1762980050.json"
"581514","221282","2026-01-04","42.00","NZD","1762980050","23477/2026-01-04/1762980050.json"
"512557","146154","2026-01-04","45.00","NZD","1762980050","23477/2026-01-04/1762980050.json"
"365170","146153","2026-01-04","48.00","NZD","1762980050","23477/2026-01-04/1762980050.json"
"510807","146155","2026-01-04","52.00","NZD","1762980050","23477/2026-01-04/1762980050.json"
"581513","221281","2026-01-05","36.00","NZD","1762980050","23477/2026-01-05/1762980050.json"
"581514","221282","2026-01-05","36.00","NZD","1762980050","23477/2026-01-05/1762980050.json"
"512557","146154","2026-01-05","45.00","NZD","1762980050","23477/2026-01-05/1762980050.json"
"365170","146153","2026-01-05","48.00","NZD","1762980050","23477/2026-01-05/1762980050.json"
"510807","146155","2026-01-05","52.00","NZD","1762980050","23477/2026-01-05/1762980050.json"
"581513","221281","2026-01-06","36.00","NZD","1762980050","23477/2026-01-06/1762980050.json"
"581514","221282","2026-01-06","36.00","NZD","1762980050","23477/2026-01-06/1762980050.json"
"512557","146154","2026-01-06","45.00","NZD","1762980050","23477/2026-01-06/1762980050.json"
"365170","146153","2026-01-06","48.00","NZD","1762980050","23477/2026-01-06/1762980050.json"
"510807","146155","2026-01-06","52.00","NZD","1762980050","23477/2026-01-06/1762980050.json"
"581513","221281","2026-01-07","36.00","NZD","1762980050","23477/2026-01-07/1762980050.json"
"581513","221281","2026-01-08","36.00","NZD","1762980050","23477/2026-01-08/1762980050.json"
"581514","221282","2026-01-07","36.00","NZD","1762980050","23477/2026-01-07/1762980050.json"
"581514","221282","2026-01-08","36.00","NZD","1762980050","23477/2026-01-08/1762980050.json"
"512557","146154","2026-01-08","45.00","NZD","1762980050","23477/2026-01-08/1762980050.json"
"512557","146154","2026-01-07","45.00","NZD","1762980050","23477/2026-01-07/1762980050.json"
"365170","146153","2026-01-08","48.00","NZD","1762980050","23477/2026-01-08/1762980050.json"
"510807","146155","2026-01-08","52.00","NZD","1762980050","23477/2026-01-08/1762980050.json"
"365170","146153","2026-01-07","48.00","NZD","1762980050","23477/2026-01-07/1762980050.json"
"510807","146155","2026-01-07","52.00","NZD","1762980050","23477/2026-01-07/1762980050.json"
"581513","221281","2026-01-09","36.00","NZD","1762980050","23477/2026-01-09/1762980050.json"
"581514","221282","2026-01-09","36.00","NZD","1762980050","23477/2026-01-09/1762980050.json"
"512557","146154","2026-01-09","45.00","NZD","1762980050","23477/2026-01-09/1762980050.json"
"365170","146153","2026-01-09","48.00","NZD","1762980050","23477/2026-01-09/1762980050.json"
"510807","146155","2026-01-09","52.00","NZD","1762980050","23477/2026-01-09/1762980050.json"
"581513","221281","2026-01-10","36.00","NZD","1762980050","23477/2026-01-10/1762980050.json"
"581514","221282","2026-01-10","36.00","NZD","1762980050","23477/2026-01-10/1762980050.json"
"512557","146154","2026-01-10","45.00","NZD","1762980050","23477/2026-01-10/1762980050.json"
"365170","146153","2026-01-10","48.00","NZD","1762980050","23477/2026-01-10/1762980050.json"
"510807","146155","2026-01-10","52.00","NZD","1762980050","23477/2026-01-10/1762980050.json"
"581513","221281","2026-01-11","36.00","NZD","1762980050","23477/2026-01-11/1762980050.json"
"581514","221282","2026-01-11","36.00","NZD","1762980050","23477/2026-01-11/1762980050.json"
"512557","146154","2026-01-11","45.00","NZD","1762980050","23477/2026-01-11/1762980050.json"
"365170","146153","2026-01-11","48.00","NZD","1762980050","23477/2026-01-11/1762980050.json"
"510807","146155","2026-01-11","52.00","NZD","1762980050","23477/2026-01-11/1762980050.json"
"581513","221281","2025-11-14","36.00","NZD","1762999107","23477/2025-11-14/1762999107.json"
"581514","221282","2025-11-14","36.00","NZD","1762999107","23477/2025-11-14/1762999107.json"
"512557","146154","2025-11-14","45.00","NZD","1762999107","23477/2025-11-14/1762999107.json"
"365170","146153","2025-11-14","48.00","NZD","1762999107","23477/2025-11-14/1762999107.json"
"510807","146155","2025-11-14","52.00","NZD","1762999107","23477/2025-11-14/1762999107.json"
"581513","221281","2025-11-15","36.00","NZD","1762999107","23477/2025-11-15/1762999107.json"
"581514","221282","2025-11-15","36.00","NZD","1762999107","23477/2025-11-15/1762999107.json"
"512557","146154","2025-11-15","45.00","NZD","1762999107","23477/2025-11-15/1762999107.json"
"365170","146153","2025-11-15","48.00","NZD","1762999107","23477/2025-11-15/1762999107.json"
"510807","146155","2025-11-15","52.00","NZD","1762999107","23477/2025-11-15/1762999107.json"
"581513","221281","2025-11-13","36.00","NZD","1762999107","23477/2025-11-13/1762999107.json"
"581513","221281","2025-11-16","36.00","NZD","1762999107","23477/2025-11-16/1762999107.json"
"581514","221282","2025-11-13","36.00","NZD","1762999107","23477/2025-11-13/1762999107.json"
"581514","221282","2025-11-16","36.00","NZD","1762999107","23477/2025-11-16/1762999107.json"
"512557","146154","2025-11-16","45.00","NZD","1762999107","23477/2025-11-16/1762999107.json"
"512557","146154","2025-11-13","45.00","NZD","1762999107","23477/2025-11-13/1762999107.json"
"365170","146153","2025-11-16","48.00","NZD","1762999107","23477/2025-11-16/1762999107.json"
"510807","146155","2025-11-16","52.00","NZD","1762999107","23477/2025-11-16/1762999107.json"
"365170","146153","2025-11-13","48.00","NZD","1762999107","23477/2025-11-13/1762999107.json"
"510807","146155","2025-11-13","52.00","NZD","1762999107","23477/2025-11-13/1762999107.json"
"581513","221281","2025-11-19","36.00","NZD","1762999107","23477/2025-11-19/1762999107.json"
"581514","221282","2025-11-19","36.00","NZD","1762999107","23477/2025-11-19/1762999107.json"
"512557","146154","2025-11-19","45.00","NZD","1762999107","23477/2025-11-19/1762999107.json"
"365170","146153","2025-11-19","48.00","NZD","1762999107","23477/2025-11-19/1762999107.json"
"510807","146155","2025-11-19","52.00","NZD","1762999107","23477/2025-11-19/1762999107.json"
"581513","221281","2025-11-20","36.00","NZD","1762999107","23477/2025-11-20/1762999107.json"
"581514","221282","2025-11-20","36.00","NZD","1762999107","23477/2025-11-20/1762999107.json"
"512557","146154","2025-11-20","45.00","NZD","1762999107","23477/2025-11-20/1762999107.json"
"581513","221281","2025-11-17","36.00","NZD","1762999107","23477/2025-11-17/1762999107.json"
"581514","221282","2025-11-17","36.00","NZD","1762999107","23477/2025-11-17/1762999107.json"
"512557","146154","2025-11-17","45.00","NZD","1762999107","23477/2025-11-17/1762999107.json"
"365170","146153","2025-11-17","48.00","NZD","1762999107","23477/2025-11-17/1762999107.json"
"510807","146155","2025-11-17","52.00","NZD","1762999107","23477/2025-11-17/1762999107.json"
"581513","221281","2025-11-18","36.00","NZD","1762999107","23477/2025-11-18/1762999107.json"
"581514","221282","2025-11-18","36.00","NZD","1762999107","23477/2025-11-18/1762999107.json"
"512557","146154","2025-11-18","45.00","NZD","1762999107","23477/2025-11-18/1762999107.json"
"365170","146153","2025-11-18","48.00","NZD","1762999107","23477/2025-11-18/1762999107.json"
"510807","146155","2025-11-18","52.00","NZD","1762999107","23477/2025-11-18/1762999107.json"
"581513","221281","2025-11-23","36.00","NZD","1762999107","23477/2025-11-23/1762999107.json"
"581514","221282","2025-11-23","36.00","NZD","1762999107","23477/2025-11-23/1762999107.json"
"512557","146154","2025-11-23","45.00","NZD","1762999107","23477/2025-11-23/1762999107.json"
"365170","146153","2025-11-23","48.00","NZD","1762999107","23477/2025-11-23/1762999107.json"
"510807","146155","2025-11-23","52.00","NZD","1762999107","23477/2025-11-23/1762999107.json"
"581513","221281","2025-11-21","36.00","NZD","1762999107","23477/2025-11-21/1762999107.json"
"581514","221282","2025-11-21","36.00","NZD","1762999107","23477/2025-11-21/1762999107.json"
"512557","146154","2025-11-21","45.00","NZD","1762999107","23477/2025-11-21/1762999107.json"
"365170","146153","2025-11-21","48.00","NZD","1762999107","23477/2025-11-21/1762999107.json"
"510807","146155","2025-11-21","52.00","NZD","1762999107","23477/2025-11-21/1762999107.json"
"581513","221281","2025-11-24","36.00","NZD","1762999107","23477/2025-11-24/1762999107.json"
"581514","221282","2025-11-24","36.00","NZD","1762999107","23477/2025-11-24/1762999107.json"
"512557","146154","2025-11-24","45.00","NZD","1762999107","23477/2025-11-24/1762999107.json"
"365170","146153","2025-11-24","48.00","NZD","1762999107","23477/2025-11-24/1762999107.json"
"510807","146155","2025-11-24","52.00","NZD","1762999107","23477/2025-11-24/1762999107.json"
"581513","221281","2025-11-22","36.00","NZD","1762999107","23477/2025-11-22/1762999107.json"
"581514","221282","2025-11-22","36.00","NZD","1762999107","23477/2025-11-22/1762999107.json"
"512557","146154","2025-11-22","45.00","NZD","1762999107","23477/2025-11-22/1762999107.json"
"365170","146153","2025-11-22","48.00","NZD","1762999107","23477/2025-11-22/1762999107.json"
"510807","146155","2025-11-22","52.00","NZD","1762999107","23477/2025-11-22/1762999107.json"
"581513","221281","2025-11-27","36.00","NZD","1762999107","23477/2025-11-27/1762999107.json"
"581514","221282","2025-11-27","36.00","NZD","1762999107","23477/2025-11-27/1762999107.json"
"512557","146154","2025-11-27","45.00","NZD","1762999107","23477/2025-11-27/1762999107.json"
"365170","146153","2025-11-27","48.00","NZD","1762999107","23477/2025-11-27/1762999107.json"
"510807","146155","2025-11-27","52.00","NZD","1762999107","23477/2025-11-27/1762999107.json"
"581513","221281","2025-11-25","36.00","NZD","1762999107","23477/2025-11-25/1762999107.json"
"581514","221282","2025-11-25","36.00","NZD","1762999107","23477/2025-11-25/1762999107.json"
"512557","146154","2025-11-25","45.00","NZD","1762999107","23477/2025-11-25/1762999107.json"
"365170","146153","2025-11-25","48.00","NZD","1762999107","23477/2025-11-25/1762999107.json"
"510807","146155","2025-11-25","52.00","NZD","1762999107","23477/2025-11-25/1762999107.json"
"581513","221281","2025-11-26","36.00","NZD","1762999107","23477/2025-11-26/1762999107.json"
"581514","221282","2025-11-26","36.00","NZD","1762999107","23477/2025-11-26/1762999107.json"
"512557","146154","2025-11-26","45.00","NZD","1762999107","23477/2025-11-26/1762999107.json"
"365170","146153","2025-11-26","48.00","NZD","1762999107","23477/2025-11-26/1762999107.json"
"510807","146155","2025-11-26","52.00","NZD","1762999107","23477/2025-11-26/1762999107.json"
"581513","221281","2025-11-28","36.00","NZD","1762999107","23477/2025-11-28/1762999107.json"
"581514","221282","2025-11-28","36.00","NZD","1762999107","23477/2025-11-28/1762999107.json"
"512557","146154","2025-11-28","45.00","NZD","1762999107","23477/2025-11-28/1762999107.json"
"365170","146153","2025-11-28","48.00","NZD","1762999107","23477/2025-11-28/1762999107.json"
"510807","146155","2025-11-28","52.00","NZD","1762999107","23477/2025-11-28/1762999107.json"
"581513","221281","2025-11-30","36.00","NZD","1762999107","23477/2025-11-30/1762999107.json"
"581514","221282","2025-11-30","36.00","NZD","1762999107","23477/2025-11-30/1762999107.json"
"512557","146154","2025-11-30","45.00","NZD","1762999107","23477/2025-11-30/1762999107.json"
"365170","146153","2025-11-30","48.00","NZD","1762999107","23477/2025-11-30/1762999107.json"
"510807","146155","2025-11-30","52.00","NZD","1762999107","23477/2025-11-30/1762999107.json"
"581513","221281","2025-12-01","36.00","NZD","1762999107","23477/2025-12-01/1762999107.json"
"581514","221282","2025-12-01","36.00","NZD","1762999107","23477/2025-12-01/1762999107.json"
"512557","146154","2025-12-01","45.00","NZD","1762999107","23477/2025-12-01/1762999107.json"
"365170","146153","2025-12-01","48.00","NZD","1762999107","23477/2025-12-01/1762999107.json"
"510807","146155","2025-12-01","52.00","NZD","1762999107","23477/2025-12-01/1762999107.json"
"581513","221281","2025-12-02","36.00","NZD","1762999107","23477/2025-12-02/1762999107.json"
"581514","221282","2025-12-02","36.00","NZD","1762999107","23477/2025-12-02/1762999107.json"
"512557","146154","2025-12-02","45.00","NZD","1762999107","23477/2025-12-02/1762999107.json"
"365170","146153","2025-12-02","48.00","NZD","1762999107","23477/2025-12-02/1762999107.json"
"510807","146155","2025-12-02","52.00","NZD","1762999107","23477/2025-12-02/1762999107.json"
"581513","221281","2025-11-29","36.00","NZD","1762999107","23477/2025-11-29/1762999107.json"
"581514","221282","2025-11-29","36.00","NZD","1762999107","23477/2025-11-29/1762999107.json"
"512557","146154","2025-11-29","45.00","NZD","1762999107","23477/2025-11-29/1762999107.json"
"365170","146153","2025-11-29","48.00","NZD","1762999107","23477/2025-11-29/1762999107.json"
"510807","146155","2025-11-29","52.00","NZD","1762999107","23477/2025-11-29/1762999107.json"
"581513","221281","2025-12-04","36.00","NZD","1762999107","23477/2025-12-04/1762999107.json"
"581514","221282","2025-12-04","36.00","NZD","1762999107","23477/2025-12-04/1762999107.json"
"512557","146154","2025-12-04","45.00","NZD","1762999107","23477/2025-12-04/1762999107.json"
"365170","146153","2025-12-04","48.00","NZD","1762999107","23477/2025-12-04/1762999107.json"
"510807","146155","2025-12-04","52.00","NZD","1762999107","23477/2025-12-04/1762999107.json"
"581513","221281","2025-12-03","36.00","NZD","1762999107","23477/2025-12-03/1762999107.json"
"581514","221282","2025-12-03","36.00","NZD","1762999107","23477/2025-12-03/1762999107.json"
"512557","146154","2025-12-03","45.00","NZD","1762999107","23477/2025-12-03/1762999107.json"
"365170","146153","2025-12-03","48.00","NZD","1762999107","23477/2025-12-03/1762999107.json"
"510807","146155","2025-12-03","52.00","NZD","1762999107","23477/2025-12-03/1762999107.json"
"581513","221281","2025-12-05","36.00","NZD","1762999107","23477/2025-12-05/1762999107.json"
"581514","221282","2025-12-05","36.00","NZD","1762999107","23477/2025-12-05/1762999107.json"
"512557","146154","2025-12-05","45.00","NZD","1762999107","23477/2025-12-05/1762999107.json"
"365170","146153","2025-12-05","48.00","NZD","1762999107","23477/2025-12-05/1762999107.json"
"510807","146155","2025-12-05","52.00","NZD","1762999107","23477/2025-12-05/1762999107.json"
"581513","221281","2025-12-06","36.00","NZD","1762999107","23477/2025-12-06/1762999107.json"
"581514","221282","2025-12-06","36.00","NZD","1762999107","23477/2025-12-06/1762999107.json"
"512557","146154","2025-12-06","45.00","NZD","1762999107","23477/2025-12-06/1762999107.json"
"365170","146153","2025-12-06","48.00","NZD","1762999107","23477/2025-12-06/1762999107.json"
"510807","146155","2025-12-06","52.00","NZD","1762999107","23477/2025-12-06/1762999107.json"
"581513","221281","2025-12-07","36.00","NZD","1762999107","23477/2025-12-07/1762999107.json"
"581514","221282","2025-12-07","36.00","NZD","1762999107","23477/2025-12-07/1762999107.json"
"512557","146154","2025-12-07","45.00","NZD","1762999107","23477/2025-12-07/1762999107.json"
"365170","146153","2025-12-07","48.00","NZD","1762999107","23477/2025-12-07/1762999107.json"
"510807","146155","2025-12-07","52.00","NZD","1762999107","23477/2025-12-07/1762999107.json"
"581513","221281","2025-12-08","36.00","NZD","1762999107","23477/2025-12-08/1762999107.json"
"581514","221282","2025-12-08","36.00","NZD","1762999107","23477/2025-12-08/1762999107.json"
"512557","146154","2025-12-08","45.00","NZD","1762999107","23477/2025-12-08/1762999107.json"
"365170","146153","2025-12-08","48.00","NZD","1762999107","23477/2025-12-08/1762999107.json"
"510807","146155","2025-12-08","52.00","NZD","1762999107","23477/2025-12-08/1762999107.json"
"581513","221281","2025-12-09","36.00","NZD","1762999107","23477/2025-12-09/1762999107.json"
"581514","221282","2025-12-09","36.00","NZD","1762999107","23477/2025-12-09/1762999107.json"
"512557","146154","2025-12-09","45.00","NZD","1762999107","23477/2025-12-09/1762999107.json"
"365170","146153","2025-12-09","48.00","NZD","1762999107","23477/2025-12-09/1762999107.json"
"510807","146155","2025-12-09","52.00","NZD","1762999107","23477/2025-12-09/1762999107.json"
"581513","221281","2025-12-10","36.00","NZD","1762999107","23477/2025-12-10/1762999107.json"
"581514","221282","2025-12-10","36.00","NZD","1762999107","23477/2025-12-10/1762999107.json"
"512557","146154","2025-12-10","45.00","NZD","1762999107","23477/2025-12-10/1762999107.json"
"365170","146153","2025-12-10","48.00","NZD","1762999107","23477/2025-12-10/1762999107.json"
"510807","146155","2025-12-10","52.00","NZD","1762999107","23477/2025-12-10/1762999107.json"
"581513","221281","2025-12-12","36.00","NZD","1762999107","23477/2025-12-12/1762999107.json"
"581514","221282","2025-12-12","36.00","NZD","1762999107","23477/2025-12-12/1762999107.json"
"512557","146154","2025-12-12","45.00","NZD","1762999107","23477/2025-12-12/1762999107.json"
"365170","146153","2025-12-12","48.00","NZD","1762999107","23477/2025-12-12/1762999107.json"
"510807","146155","2025-12-12","52.00","NZD","1762999107","23477/2025-12-12/1762999107.json"
"581513","221281","2025-12-13","36.00","NZD","1762999107","23477/2025-12-13/1762999107.json"
"581514","221282","2025-12-13","36.00","NZD","1762999107","23477/2025-12-13/1762999107.json"
"512557","146154","2025-12-13","45.00","NZD","1762999107","23477/2025-12-13/1762999107.json"
"365170","146153","2025-12-13","48.00","NZD","1762999107","23477/2025-12-13/1762999107.json"
"510807","146155","2025-12-13","52.00","NZD","1762999107","23477/2025-12-13/1762999107.json"
"581513","221281","2025-12-11","36.00","NZD","1762999107","23477/2025-12-11/1762999107.json"
"581514","221282","2025-12-11","36.00","NZD","1762999107","23477/2025-12-11/1762999107.json"
"512557","146154","2025-12-11","45.00","NZD","1762999107","23477/2025-12-11/1762999107.json"
"365170","146153","2025-12-11","48.00","NZD","1762999107","23477/2025-12-11/1762999107.json"
"510807","146155","2025-12-11","52.00","NZD","1762999107","23477/2025-12-11/1762999107.json"
"581513","221281","2025-12-14","36.00","NZD","1762999107","23477/2025-12-14/1762999107.json"
"581514","221282","2025-12-14","36.00","NZD","1762999107","23477/2025-12-14/1762999107.json"
"512557","146154","2025-12-14","45.00","NZD","1762999107","23477/2025-12-14/1762999107.json"
"365170","146153","2025-12-14","48.00","NZD","1762999107","23477/2025-12-14/1762999107.json"
"510807","146155","2025-12-14","52.00","NZD","1762999107","23477/2025-12-14/1762999107.json"
"581513","221281","2025-12-15","36.00","NZD","1762999107","23477/2025-12-15/1762999107.json"
"581514","221282","2025-12-15","36.00","NZD","1762999107","23477/2025-12-15/1762999107.json"
"512557","146154","2025-12-15","45.00","NZD","1762999107","23477/2025-12-15/1762999107.json"
"365170","146153","2025-12-15","48.00","NZD","1762999107","23477/2025-12-15/1762999107.json"
"510807","146155","2025-12-15","52.00","NZD","1762999107","23477/2025-12-15/1762999107.json"
"581513","221281","2025-12-16","36.00","NZD","1762999107","23477/2025-12-16/1762999107.json"
"581514","221282","2025-12-16","36.00","NZD","1762999107","23477/2025-12-16/1762999107.json"
"512557","146154","2025-12-16","45.00","NZD","1762999107","23477/2025-12-16/1762999107.json"
"365170","146153","2025-12-16","48.00","NZD","1762999107","23477/2025-12-16/1762999107.json"
"510807","146155","2025-12-16","52.00","NZD","1762999107","23477/2025-12-16/1762999107.json"
"581513","221281","2025-12-17","36.00","NZD","1762999107","23477/2025-12-17/1762999107.json"
"581514","221282","2025-12-17","36.00","NZD","1762999107","23477/2025-12-17/1762999107.json"
"512557","146154","2025-12-17","45.00","NZD","1762999107","23477/2025-12-17/1762999107.json"
"365170","146153","2025-12-17","48.00","NZD","1762999107","23477/2025-12-17/1762999107.json"
"510807","146155","2025-12-17","52.00","NZD","1762999107","23477/2025-12-17/1762999107.json"
"581513","221281","2025-12-18","36.00","NZD","1762999107","23477/2025-12-18/1762999107.json"
"581514","221282","2025-12-18","36.00","NZD","1762999107","23477/2025-12-18/1762999107.json"
"512557","146154","2025-12-18","45.00","NZD","1762999107","23477/2025-12-18/1762999107.json"
"365170","146153","2025-12-18","48.00","NZD","1762999107","23477/2025-12-18/1762999107.json"
"510807","146155","2025-12-18","52.00","NZD","1762999107","23477/2025-12-18/1762999107.json"
"581513","221281","2025-12-20","36.00","NZD","1762999107","23477/2025-12-20/1762999107.json"
"581514","221282","2025-12-20","36.00","NZD","1762999107","23477/2025-12-20/1762999107.json"
"512557","146154","2025-12-20","45.00","NZD","1762999107","23477/2025-12-20/1762999107.json"
"365170","146153","2025-12-20","48.00","NZD","1762999107","23477/2025-12-20/1762999107.json"
"510807","146155","2025-12-20","52.00","NZD","1762999107","23477/2025-12-20/1762999107.json"
"581513","221281","2025-12-19","36.00","NZD","1762999107","23477/2025-12-19/1762999107.json"
"581514","221282","2025-12-19","36.00","NZD","1762999107","23477/2025-12-19/1762999107.json"
"512557","146154","2025-12-19","45.00","NZD","1762999107","23477/2025-12-19/1762999107.json"
"365170","146153","2025-12-19","48.00","NZD","1762999107","23477/2025-12-19/1762999107.json"
"510807","146155","2025-12-19","52.00","NZD","1762999107","23477/2025-12-19/1762999107.json"
"581513","221281","2025-12-21","36.00","NZD","1762999107","23477/2025-12-21/1762999107.json"
"581514","221282","2025-12-21","36.00","NZD","1762999107","23477/2025-12-21/1762999107.json"
"512557","146154","2025-12-21","45.00","NZD","1762999107","23477/2025-12-21/1762999107.json"
"365170","146153","2025-12-21","48.00","NZD","1762999107","23477/2025-12-21/1762999107.json"
"510807","146155","2025-12-21","52.00","NZD","1762999107","23477/2025-12-21/1762999107.json"
"581513","221281","2025-12-22","36.00","NZD","1762999107","23477/2025-12-22/1762999107.json"
"581514","221282","2025-12-22","36.00","NZD","1762999107","23477/2025-12-22/1762999107.json"
"512557","146154","2025-12-22","45.00","NZD","1762999107","23477/2025-12-22/1762999107.json"
"365170","146153","2025-12-22","48.00","NZD","1762999107","23477/2025-12-22/1762999107.json"
"510807","146155","2025-12-22","52.00","NZD","1762999107","23477/2025-12-22/1762999107.json"
"581513","221281","2025-12-24","38.00","NZD","1762999107","23477/2025-12-24/1762999107.json"
"581514","221282","2025-12-24","38.00","NZD","1762999107","23477/2025-12-24/1762999107.json"
"512557","146154","2025-12-24","45.00","NZD","1762999107","23477/2025-12-24/1762999107.json"
"365170","146153","2025-12-24","48.00","NZD","1762999107","23477/2025-12-24/1762999107.json"
"510807","146155","2025-12-24","52.00","NZD","1762999107","23477/2025-12-24/1762999107.json"
"581513","221281","2025-12-23","38.00","NZD","1762999107","23477/2025-12-23/1762999107.json"
"581514","221282","2025-12-23","38.00","NZD","1762999107","23477/2025-12-23/1762999107.json"
"512557","146154","2025-12-23","45.00","NZD","1762999107","23477/2025-12-23/1762999107.json"
"365170","146153","2025-12-23","48.00","NZD","1762999107","23477/2025-12-23/1762999107.json"
"510807","146155","2025-12-23","52.00","NZD","1762999107","23477/2025-12-23/1762999107.json"
"581513","221281","2025-12-25","38.00","NZD","1762999107","23477/2025-12-25/1762999107.json"
"581514","221282","2025-12-25","38.00","NZD","1762999107","23477/2025-12-25/1762999107.json"
"512557","146154","2025-12-25","45.00","NZD","1762999107","23477/2025-12-25/1762999107.json"
"365170","146153","2025-12-25","48.00","NZD","1762999107","23477/2025-12-25/1762999107.json"
"510807","146155","2025-12-25","52.00","NZD","1762999107","23477/2025-12-25/1762999107.json"
"581513","221281","2025-12-26","42.00","NZD","1762999107","23477/2025-12-26/1762999107.json"
"581514","221282","2025-12-26","42.00","NZD","1762999107","23477/2025-12-26/1762999107.json"
"512557","146154","2025-12-26","45.00","NZD","1762999107","23477/2025-12-26/1762999107.json"
"365170","146153","2025-12-26","48.00","NZD","1762999107","23477/2025-12-26/1762999107.json"
"510807","146155","2025-12-26","52.00","NZD","1762999107","23477/2025-12-26/1762999107.json"
"581513","221281","2025-12-27","42.00","NZD","1762999107","23477/2025-12-27/1762999107.json"
"581514","221282","2025-12-27","42.00","NZD","1762999107","23477/2025-12-27/1762999107.json"
"512557","146154","2025-12-27","45.00","NZD","1762999107","23477/2025-12-27/1762999107.json"
"365170","146153","2025-12-27","48.00","NZD","1762999107","23477/2025-12-27/1762999107.json"
"510807","146155","2025-12-27","52.00","NZD","1762999107","23477/2025-12-27/1762999107.json"
"581513","221281","2025-12-29","42.00","NZD","1762999107","23477/2025-12-29/1762999107.json"
"581514","221282","2025-12-29","42.00","NZD","1762999107","23477/2025-12-29/1762999107.json"
"512557","146154","2025-12-29","45.00","NZD","1762999107","23477/2025-12-29/1762999107.json"
"365170","146153","2025-12-29","48.00","NZD","1762999107","23477/2025-12-29/1762999107.json"
"510807","146155","2025-12-29","52.00","NZD","1762999107","23477/2025-12-29/1762999107.json"
"581513","221281","2025-12-28","42.00","NZD","1762999107","23477/2025-12-28/1762999107.json"
"581514","221282","2025-12-28","42.00","NZD","1762999107","23477/2025-12-28/1762999107.json"
"512557","146154","2025-12-28","45.00","NZD","1762999107","23477/2025-12-28/1762999107.json"
"365170","146153","2025-12-28","48.00","NZD","1762999107","23477/2025-12-28/1762999107.json"
"510807","146155","2025-12-28","52.00","NZD","1762999107","23477/2025-12-28/1762999107.json"
"581513","221281","2025-12-31","42.00","NZD","1762999107","23477/2025-12-31/1762999107.json"
"581514","221282","2025-12-31","42.00","NZD","1762999107","23477/2025-12-31/1762999107.json"
"512557","146154","2025-12-31","45.00","NZD","1762999107","23477/2025-12-31/1762999107.json"
"365170","146153","2025-12-31","48.00","NZD","1762999107","23477/2025-12-31/1762999107.json"
"510807","146155","2025-12-31","52.00","NZD","1762999107","23477/2025-12-31/1762999107.json"
"581513","221281","2025-12-30","42.00","NZD","1762999107","23477/2025-12-30/1762999107.json"
"581514","221282","2025-12-30","42.00","NZD","1762999107","23477/2025-12-30/1762999107.json"
"512557","146154","2025-12-30","45.00","NZD","1762999107","23477/2025-12-30/1762999107.json"
"365170","146153","2025-12-30","48.00","NZD","1762999107","23477/2025-12-30/1762999107.json"
"510807","146155","2025-12-30","52.00","NZD","1762999107","23477/2025-12-30/1762999107.json"
"581513","221281","2026-01-01","42.00","NZD","1762999107","23477/2026-01-01/1762999107.json"
"581514","221282","2026-01-01","42.00","NZD","1762999107","23477/2026-01-01/1762999107.json"
"512557","146154","2026-01-01","45.00","NZD","1762999107","23477/2026-01-01/1762999107.json"
"365170","146153","2026-01-01","48.00","NZD","1762999107","23477/2026-01-01/1762999107.json"
"510807","146155","2026-01-01","52.00","NZD","1762999107","23477/2026-01-01/1762999107.json"
"581513","221281","2026-01-02","42.00","NZD","1762999107","23477/2026-01-02/1762999107.json"
"581514","221282","2026-01-02","42.00","NZD","1762999107","23477/2026-01-02/1762999107.json"
"512557","146154","2026-01-02","45.00","NZD","1762999107","23477/2026-01-02/1762999107.json"
"365170","146153","2026-01-02","48.00","NZD","1762999107","23477/2026-01-02/1762999107.json"
"510807","146155","2026-01-02","52.00","NZD","1762999107","23477/2026-01-02/1762999107.json"
"581513","221281","2026-01-04","42.00","NZD","1762999107","23477/2026-01-04/1762999107.json"
"581514","221282","2026-01-04","42.00","NZD","1762999107","23477/2026-01-04/1762999107.json"
"512557","146154","2026-01-04","45.00","NZD","1762999107","23477/2026-01-04/1762999107.json"
"365170","146153","2026-01-04","48.00","NZD","1762999107","23477/2026-01-04/1762999107.json"
"510807","146155","2026-01-04","52.00","NZD","1762999107","23477/2026-01-04/1762999107.json"
"581513","221281","2026-01-03","42.00","NZD","1762999107","23477/2026-01-03/1762999107.json"
"581514","221282","2026-01-03","42.00","NZD","1762999107","23477/2026-01-03/1762999107.json"
"512557","146154","2026-01-03","45.00","NZD","1762999107","23477/2026-01-03/1762999107.json"
"365170","146153","2026-01-03","48.00","NZD","1762999107","23477/2026-01-03/1762999107.json"
"510807","146155","2026-01-03","52.00","NZD","1762999107","23477/2026-01-03/1762999107.json"
"581513","221281","2026-01-06","36.00","NZD","1762999107","23477/2026-01-06/1762999107.json"
"581514","221282","2026-01-06","36.00","NZD","1762999107","23477/2026-01-06/1762999107.json"
"512557","146154","2026-01-06","45.00","NZD","1762999107","23477/2026-01-06/1762999107.json"
"365170","146153","2026-01-06","48.00","NZD","1762999107","23477/2026-01-06/1762999107.json"
"510807","146155","2026-01-06","52.00","NZD","1762999107","23477/2026-01-06/1762999107.json"
"581513","221281","2026-01-05","36.00","NZD","1762999107","23477/2026-01-05/1762999107.json"
"581514","221282","2026-01-05","36.00","NZD","1762999107","23477/2026-01-05/1762999107.json"
"512557","146154","2026-01-05","45.00","NZD","1762999107","23477/2026-01-05/1762999107.json"
"365170","146153","2026-01-05","48.00","NZD","1762999107","23477/2026-01-05/1762999107.json"
"510807","146155","2026-01-05","52.00","NZD","1762999107","23477/2026-01-05/1762999107.json"
"581513","221281","2026-01-08","36.00","NZD","1762999107","23477/2026-01-08/1762999107.json"
"581514","221282","2026-01-08","36.00","NZD","1762999107","23477/2026-01-08/1762999107.json"
"512557","146154","2026-01-08","45.00","NZD","1762999107","23477/2026-01-08/1762999107.json"
"365170","146153","2026-01-08","48.00","NZD","1762999107","23477/2026-01-08/1762999107.json"
"510807","146155","2026-01-08","52.00","NZD","1762999107","23477/2026-01-08/1762999107.json"
"581513","221281","2026-01-09","36.00","NZD","1762999107","23477/2026-01-09/1762999107.json"
"581514","221282","2026-01-09","36.00","NZD","1762999107","23477/2026-01-09/1762999107.json"
"512557","146154","2026-01-09","45.00","NZD","1762999107","23477/2026-01-09/1762999107.json"
"365170","146153","2026-01-09","48.00","NZD","1762999107","23477/2026-01-09/1762999107.json"
"510807","146155","2026-01-09","52.00","NZD","1762999107","23477/2026-01-09/1762999107.json"
"581513","221281","2026-01-07","36.00","NZD","1762999107","23477/2026-01-07/1762999107.json"
"581514","221282","2026-01-07","36.00","NZD","1762999107","23477/2026-01-07/1762999107.json"
"512557","146154","2026-01-07","45.00","NZD","1762999107","23477/2026-01-07/1762999107.json"
"365170","146153","2026-01-07","48.00","NZD","1762999107","23477/2026-01-07/1762999107.json"
"510807","146155","2026-01-07","52.00","NZD","1762999107","23477/2026-01-07/1762999107.json"
"581513","221281","2026-01-10","36.00","NZD","1762999107","23477/2026-01-10/1762999107.json"
"581514","221282","2026-01-10","36.00","NZD","1762999107","23477/2026-01-10/1762999107.json"
"512557","146154","2026-01-10","45.00","NZD","1762999107","23477/2026-01-10/1762999107.json"
"365170","146153","2026-01-10","48.00","NZD","1762999107","23477/2026-01-10/1762999107.json"
"510807","146155","2026-01-10","52.00","NZD","1762999107","23477/2026-01-10/1762999107.json"
"581513","221281","2026-01-11","36.00","NZD","1762999107","23477/2026-01-11/1762999107.json"
"581514","221282","2026-01-11","36.00","NZD","1762999107","23477/2026-01-11/1762999107.json"
"512557","146154","2026-01-11","45.00","NZD","1762999107","23477/2026-01-11/1762999107.json"
"365170","146153","2026-01-11","48.00","NZD","1762999107","23477/2026-01-11/1762999107.json"
"510807","146155","2026-01-11","52.00","NZD","1762999107","23477/2026-01-11/1762999107.json"
"581513","221281","2026-01-12","36.00","NZD","1762999107","23477/2026-01-12/1762999107.json"
"581514","221282","2026-01-12","36.00","NZD","1762999107","23477/2026-01-12/1762999107.json"
"512557","146154","2026-01-12","45.00","NZD","1762999107","23477/2026-01-12/1762999107.json"
"365170","146153","2026-01-12","48.00","NZD","1762999107","23477/2026-01-12/1762999107.json"
"510807","146155","2026-01-12","52.00","NZD","1762999107","23477/2026-01-12/1762999107.json"
"581513","221281","2025-11-14","36.00","NZD","1763009021","23477/2025-11-14/1763009021.json"
"581514","221282","2025-11-14","36.00","NZD","1763009021","23477/2025-11-14/1763009021.json"
"512557","146154","2025-11-14","45.00","NZD","1763009021","23477/2025-11-14/1763009021.json"
"365170","146153","2025-11-14","48.00","NZD","1763009021","23477/2025-11-14/1763009021.json"
"510807","146155","2025-11-14","52.00","NZD","1763009021","23477/2025-11-14/1763009021.json"
"581513","221281","2025-11-15","36.00","NZD","1763009021","23477/2025-11-15/1763009021.json"
"581514","221282","2025-11-15","36.00","NZD","1763009021","23477/2025-11-15/1763009021.json"
"512557","146154","2025-11-15","45.00","NZD","1763009021","23477/2025-11-15/1763009021.json"
"365170","146153","2025-11-15","48.00","NZD","1763009021","23477/2025-11-15/1763009021.json"
"510807","146155","2025-11-15","52.00","NZD","1763009021","23477/2025-11-15/1763009021.json"
"581513","221281","2025-11-13","36.00","NZD","1763009021","23477/2025-11-13/1763009021.json"
"581514","221282","2025-11-13","36.00","NZD","1763009021","23477/2025-11-13/1763009021.json"
"512557","146154","2025-11-13","45.00","NZD","1763009021","23477/2025-11-13/1763009021.json"
"365170","146153","2025-11-13","48.00","NZD","1763009021","23477/2025-11-13/1763009021.json"
"510807","146155","2025-11-13","52.00","NZD","1763009021","23477/2025-11-13/1763009021.json"
"581513","221281","2025-11-16","36.00","NZD","1763009021","23477/2025-11-16/1763009021.json"
"581514","221282","2025-11-16","36.00","NZD","1763009021","23477/2025-11-16/1763009021.json"
"512557","146154","2025-11-16","45.00","NZD","1763009021","23477/2025-11-16/1763009021.json"
"365170","146153","2025-11-16","48.00","NZD","1763009021","23477/2025-11-16/1763009021.json"
"510807","146155","2025-11-16","52.00","NZD","1763009021","23477/2025-11-16/1763009021.json"
"581513","221281","2025-11-18","36.00","NZD","1763009021","23477/2025-11-18/1763009021.json"
"581514","221282","2025-11-18","36.00","NZD","1763009021","23477/2025-11-18/1763009021.json"
"512557","146154","2025-11-18","45.00","NZD","1763009021","23477/2025-11-18/1763009021.json"
"365170","146153","2025-11-18","48.00","NZD","1763009021","23477/2025-11-18/1763009021.json"
"510807","146155","2025-11-18","52.00","NZD","1763009021","23477/2025-11-18/1763009021.json"
"581513","221281","2025-11-17","36.00","NZD","1763009021","23477/2025-11-17/1763009021.json"
"581514","221282","2025-11-17","36.00","NZD","1763009021","23477/2025-11-17/1763009021.json"
"512557","146154","2025-11-17","45.00","NZD","1763009021","23477/2025-11-17/1763009021.json"
"365170","146153","2025-11-17","48.00","NZD","1763009021","23477/2025-11-17/1763009021.json"
"510807","146155","2025-11-17","52.00","NZD","1763009021","23477/2025-11-17/1763009021.json"
"581513","221281","2025-11-19","36.00","NZD","1763009021","23477/2025-11-19/1763009021.json"
"581514","221282","2025-11-19","36.00","NZD","1763009021","23477/2025-11-19/1763009021.json"
"512557","146154","2025-11-19","45.00","NZD","1763009021","23477/2025-11-19/1763009021.json"
"365170","146153","2025-11-19","48.00","NZD","1763009021","23477/2025-11-19/1763009021.json"
"510807","146155","2025-11-19","52.00","NZD","1763009021","23477/2025-11-19/1763009021.json"
"581513","221281","2025-11-20","36.00","NZD","1763009021","23477/2025-11-20/1763009021.json"
"581514","221282","2025-11-20","36.00","NZD","1763009021","23477/2025-11-20/1763009021.json"
"512557","146154","2025-11-20","45.00","NZD","1763009021","23477/2025-11-20/1763009021.json"
"581513","221281","2025-11-21","36.00","NZD","1763009021","23477/2025-11-21/1763009021.json"
"581514","221282","2025-11-21","36.00","NZD","1763009021","23477/2025-11-21/1763009021.json"
"512557","146154","2025-11-21","45.00","NZD","1763009021","23477/2025-11-21/1763009021.json"
"365170","146153","2025-11-21","48.00","NZD","1763009021","23477/2025-11-21/1763009021.json"
"510807","146155","2025-11-21","52.00","NZD","1763009021","23477/2025-11-21/1763009021.json"
"581513","221281","2025-11-22","36.00","NZD","1763009021","23477/2025-11-22/1763009021.json"
"581514","221282","2025-11-22","36.00","NZD","1763009021","23477/2025-11-22/1763009021.json"
"512557","146154","2025-11-22","45.00","NZD","1763009021","23477/2025-11-22/1763009021.json"
"365170","146153","2025-11-22","48.00","NZD","1763009021","23477/2025-11-22/1763009021.json"
"510807","146155","2025-11-22","52.00","NZD","1763009021","23477/2025-11-22/1763009021.json"
"581513","221281","2025-11-23","36.00","NZD","1763009021","23477/2025-11-23/1763009021.json"
"581514","221282","2025-11-23","36.00","NZD","1763009021","23477/2025-11-23/1763009021.json"
"512557","146154","2025-11-23","45.00","NZD","1763009021","23477/2025-11-23/1763009021.json"
"365170","146153","2025-11-23","48.00","NZD","1763009021","23477/2025-11-23/1763009021.json"
"510807","146155","2025-11-23","52.00","NZD","1763009021","23477/2025-11-23/1763009021.json"
"581513","221281","2025-11-24","36.00","NZD","1763009021","23477/2025-11-24/1763009021.json"
"581514","221282","2025-11-24","36.00","NZD","1763009021","23477/2025-11-24/1763009021.json"
"512557","146154","2025-11-24","45.00","NZD","1763009021","23477/2025-11-24/1763009021.json"
"365170","146153","2025-11-24","48.00","NZD","1763009021","23477/2025-11-24/1763009021.json"
"510807","146155","2025-11-24","52.00","NZD","1763009021","23477/2025-11-24/1763009021.json"
"581513","221281","2025-11-25","36.00","NZD","1763009021","23477/2025-11-25/1763009021.json"
"581514","221282","2025-11-25","36.00","NZD","1763009021","23477/2025-11-25/1763009021.json"
"512557","146154","2025-11-25","45.00","NZD","1763009021","23477/2025-11-25/1763009021.json"
"365170","146153","2025-11-25","48.00","NZD","1763009021","23477/2025-11-25/1763009021.json"
"510807","146155","2025-11-25","52.00","NZD","1763009021","23477/2025-11-25/1763009021.json"
"581513","221281","2025-11-26","36.00","NZD","1763009021","23477/2025-11-26/1763009021.json"
"581514","221282","2025-11-26","36.00","NZD","1763009021","23477/2025-11-26/1763009021.json"
"512557","146154","2025-11-26","45.00","NZD","1763009021","23477/2025-11-26/1763009021.json"
"365170","146153","2025-11-26","48.00","NZD","1763009021","23477/2025-11-26/1763009021.json"
"510807","146155","2025-11-26","52.00","NZD","1763009021","23477/2025-11-26/1763009021.json"
"581513","221281","2025-11-27","36.00","NZD","1763009021","23477/2025-11-27/1763009021.json"
"581514","221282","2025-11-27","36.00","NZD","1763009021","23477/2025-11-27/1763009021.json"
"512557","146154","2025-11-27","45.00","NZD","1763009021","23477/2025-11-27/1763009021.json"
"365170","146153","2025-11-27","48.00","NZD","1763009021","23477/2025-11-27/1763009021.json"
"510807","146155","2025-11-27","52.00","NZD","1763009021","23477/2025-11-27/1763009021.json"
"581513","221281","2025-11-28","36.00","NZD","1763009021","23477/2025-11-28/1763009021.json"
"581514","221282","2025-11-28","36.00","NZD","1763009021","23477/2025-11-28/1763009021.json"
"512557","146154","2025-11-28","45.00","NZD","1763009021","23477/2025-11-28/1763009021.json"
"365170","146153","2025-11-28","48.00","NZD","1763009021","23477/2025-11-28/1763009021.json"
"510807","146155","2025-11-28","52.00","NZD","1763009021","23477/2025-11-28/1763009021.json"
"581513","221281","2025-11-29","36.00","NZD","1763009021","23477/2025-11-29/1763009021.json"
"581514","221282","2025-11-29","36.00","NZD","1763009021","23477/2025-11-29/1763009021.json"
"512557","146154","2025-11-29","45.00","NZD","1763009021","23477/2025-11-29/1763009021.json"
"365170","146153","2025-11-29","48.00","NZD","1763009021","23477/2025-11-29/1763009021.json"
"581513","221281","2025-11-30","36.00","NZD","1763009021","23477/2025-11-30/1763009021.json"
"510807","146155","2025-11-29","52.00","NZD","1763009021","23477/2025-11-29/1763009021.json"
"581514","221282","2025-11-30","36.00","NZD","1763009021","23477/2025-11-30/1763009021.json"
"512557","146154","2025-11-30","45.00","NZD","1763009021","23477/2025-11-30/1763009021.json"
"365170","146153","2025-11-30","48.00","NZD","1763009021","23477/2025-11-30/1763009021.json"
"510807","146155","2025-11-30","52.00","NZD","1763009021","23477/2025-11-30/1763009021.json"
"581513","221281","2025-12-01","36.00","NZD","1763009021","23477/2025-12-01/1763009021.json"
"581514","221282","2025-12-01","36.00","NZD","1763009021","23477/2025-12-01/1763009021.json"
"512557","146154","2025-12-01","45.00","NZD","1763009021","23477/2025-12-01/1763009021.json"
"365170","146153","2025-12-01","48.00","NZD","1763009021","23477/2025-12-01/1763009021.json"
"510807","146155","2025-12-01","52.00","NZD","1763009021","23477/2025-12-01/1763009021.json"
"581513","221281","2025-12-02","36.00","NZD","1763009021","23477/2025-12-02/1763009021.json"
"581514","221282","2025-12-02","36.00","NZD","1763009021","23477/2025-12-02/1763009021.json"
"512557","146154","2025-12-02","45.00","NZD","1763009021","23477/2025-12-02/1763009021.json"
"365170","146153","2025-12-02","48.00","NZD","1763009021","23477/2025-12-02/1763009021.json"
"510807","146155","2025-12-02","52.00","NZD","1763009021","23477/2025-12-02/1763009021.json"
"581513","221281","2025-12-03","36.00","NZD","1763009021","23477/2025-12-03/1763009021.json"
"581514","221282","2025-12-03","36.00","NZD","1763009021","23477/2025-12-03/1763009021.json"
"512557","146154","2025-12-03","45.00","NZD","1763009021","23477/2025-12-03/1763009021.json"
"365170","146153","2025-12-03","48.00","NZD","1763009021","23477/2025-12-03/1763009021.json"
"510807","146155","2025-12-03","52.00","NZD","1763009021","23477/2025-12-03/1763009021.json"
"581513","221281","2025-12-04","36.00","NZD","1763009021","23477/2025-12-04/1763009021.json"
"581514","221282","2025-12-04","36.00","NZD","1763009021","23477/2025-12-04/1763009021.json"
"512557","146154","2025-12-04","45.00","NZD","1763009021","23477/2025-12-04/1763009021.json"
"365170","146153","2025-12-04","48.00","NZD","1763009021","23477/2025-12-04/1763009021.json"
"510807","146155","2025-12-04","52.00","NZD","1763009021","23477/2025-12-04/1763009021.json"
"581513","221281","2025-12-05","36.00","NZD","1763009021","23477/2025-12-05/1763009021.json"
"581514","221282","2025-12-05","36.00","NZD","1763009021","23477/2025-12-05/1763009021.json"
"512557","146154","2025-12-05","45.00","NZD","1763009021","23477/2025-12-05/1763009021.json"
"365170","146153","2025-12-05","48.00","NZD","1763009021","23477/2025-12-05/1763009021.json"
"510807","146155","2025-12-05","52.00","NZD","1763009021","23477/2025-12-05/1763009021.json"
"581513","221281","2025-12-07","36.00","NZD","1763009021","23477/2025-12-07/1763009021.json"
"581514","221282","2025-12-07","36.00","NZD","1763009021","23477/2025-12-07/1763009021.json"
"512557","146154","2025-12-07","45.00","NZD","1763009021","23477/2025-12-07/1763009021.json"
"365170","146153","2025-12-07","48.00","NZD","1763009021","23477/2025-12-07/1763009021.json"
"510807","146155","2025-12-07","52.00","NZD","1763009021","23477/2025-12-07/1763009021.json"
"581513","221281","2025-12-08","36.00","NZD","1763009021","23477/2025-12-08/1763009021.json"
"581514","221282","2025-12-08","36.00","NZD","1763009021","23477/2025-12-08/1763009021.json"
"512557","146154","2025-12-08","45.00","NZD","1763009021","23477/2025-12-08/1763009021.json"
"365170","146153","2025-12-08","48.00","NZD","1763009021","23477/2025-12-08/1763009021.json"
"510807","146155","2025-12-08","52.00","NZD","1763009021","23477/2025-12-08/1763009021.json"
"581513","221281","2025-12-06","36.00","NZD","1763009021","23477/2025-12-06/1763009021.json"
"581514","221282","2025-12-06","36.00","NZD","1763009021","23477/2025-12-06/1763009021.json"
"512557","146154","2025-12-06","45.00","NZD","1763009021","23477/2025-12-06/1763009021.json"
"365170","146153","2025-12-06","48.00","NZD","1763009021","23477/2025-12-06/1763009021.json"
"510807","146155","2025-12-06","52.00","NZD","1763009021","23477/2025-12-06/1763009021.json"
"581513","221281","2025-12-09","36.00","NZD","1763009021","23477/2025-12-09/1763009021.json"
"581514","221282","2025-12-09","36.00","NZD","1763009021","23477/2025-12-09/1763009021.json"
"512557","146154","2025-12-09","45.00","NZD","1763009021","23477/2025-12-09/1763009021.json"
"365170","146153","2025-12-09","48.00","NZD","1763009021","23477/2025-12-09/1763009021.json"
"510807","146155","2025-12-09","52.00","NZD","1763009021","23477/2025-12-09/1763009021.json"
"581513","221281","2025-12-11","36.00","NZD","1763009021","23477/2025-12-11/1763009021.json"
"581514","221282","2025-12-11","36.00","NZD","1763009021","23477/2025-12-11/1763009021.json"
"512557","146154","2025-12-11","45.00","NZD","1763009021","23477/2025-12-11/1763009021.json"
"365170","146153","2025-12-11","48.00","NZD","1763009021","23477/2025-12-11/1763009021.json"
"510807","146155","2025-12-11","52.00","NZD","1763009021","23477/2025-12-11/1763009021.json"
"581513","221281","2025-12-12","36.00","NZD","1763009021","23477/2025-12-12/1763009021.json"
"581514","221282","2025-12-12","36.00","NZD","1763009021","23477/2025-12-12/1763009021.json"
"512557","146154","2025-12-12","45.00","NZD","1763009021","23477/2025-12-12/1763009021.json"
"365170","146153","2025-12-12","48.00","NZD","1763009021","23477/2025-12-12/1763009021.json"
"510807","146155","2025-12-12","52.00","NZD","1763009021","23477/2025-12-12/1763009021.json"
"581513","221281","2025-12-13","36.00","NZD","1763009021","23477/2025-12-13/1763009021.json"
"581514","221282","2025-12-13","36.00","NZD","1763009021","23477/2025-12-13/1763009021.json"
"512557","146154","2025-12-13","45.00","NZD","1763009021","23477/2025-12-13/1763009021.json"
"365170","146153","2025-12-13","48.00","NZD","1763009021","23477/2025-12-13/1763009021.json"
"510807","146155","2025-12-13","52.00","NZD","1763009021","23477/2025-12-13/1763009021.json"
"581513","221281","2025-12-10","36.00","NZD","1763009021","23477/2025-12-10/1763009021.json"
"581514","221282","2025-12-10","36.00","NZD","1763009021","23477/2025-12-10/1763009021.json"
"512557","146154","2025-12-10","45.00","NZD","1763009021","23477/2025-12-10/1763009021.json"
"365170","146153","2025-12-10","48.00","NZD","1763009021","23477/2025-12-10/1763009021.json"
"510807","146155","2025-12-10","52.00","NZD","1763009021","23477/2025-12-10/1763009021.json"
"581513","221281","2025-12-14","36.00","NZD","1763009021","23477/2025-12-14/1763009021.json"
"581514","221282","2025-12-14","36.00","NZD","1763009021","23477/2025-12-14/1763009021.json"
"512557","146154","2025-12-14","45.00","NZD","1763009021","23477/2025-12-14/1763009021.json"
"365170","146153","2025-12-14","48.00","NZD","1763009021","23477/2025-12-14/1763009021.json"
"510807","146155","2025-12-14","52.00","NZD","1763009021","23477/2025-12-14/1763009021.json"
"581513","221281","2025-12-15","36.00","NZD","1763009021","23477/2025-12-15/1763009021.json"
"581514","221282","2025-12-15","36.00","NZD","1763009021","23477/2025-12-15/1763009021.json"
"512557","146154","2025-12-15","45.00","NZD","1763009021","23477/2025-12-15/1763009021.json"
"365170","146153","2025-12-15","48.00","NZD","1763009021","23477/2025-12-15/1763009021.json"
"510807","146155","2025-12-15","52.00","NZD","1763009021","23477/2025-12-15/1763009021.json"
"581513","221281","2025-12-16","36.00","NZD","1763009021","23477/2025-12-16/1763009021.json"
"581514","221282","2025-12-16","36.00","NZD","1763009021","23477/2025-12-16/1763009021.json"
"512557","146154","2025-12-16","45.00","NZD","1763009021","23477/2025-12-16/1763009021.json"
"365170","146153","2025-12-16","48.00","NZD","1763009021","23477/2025-12-16/1763009021.json"
"510807","146155","2025-12-16","52.00","NZD","1763009021","23477/2025-12-16/1763009021.json"
"581513","221281","2025-12-17","36.00","NZD","1763009021","23477/2025-12-17/1763009021.json"
"581514","221282","2025-12-17","36.00","NZD","1763009021","23477/2025-12-17/1763009021.json"
"512557","146154","2025-12-17","45.00","NZD","1763009021","23477/2025-12-17/1763009021.json"
"365170","146153","2025-12-17","48.00","NZD","1763009021","23477/2025-12-17/1763009021.json"
"510807","146155","2025-12-17","52.00","NZD","1763009021","23477/2025-12-17/1763009021.json"
"581513","221281","2025-12-19","36.00","NZD","1763009021","23477/2025-12-19/1763009021.json"
"581514","221282","2025-12-19","36.00","NZD","1763009021","23477/2025-12-19/1763009021.json"
"512557","146154","2025-12-19","45.00","NZD","1763009021","23477/2025-12-19/1763009021.json"
"365170","146153","2025-12-19","48.00","NZD","1763009021","23477/2025-12-19/1763009021.json"
"510807","146155","2025-12-19","52.00","NZD","1763009021","23477/2025-12-19/1763009021.json"
"581513","221281","2025-12-18","36.00","NZD","1763009021","23477/2025-12-18/1763009021.json"
"581514","221282","2025-12-18","36.00","NZD","1763009021","23477/2025-12-18/1763009021.json"
"512557","146154","2025-12-18","45.00","NZD","1763009021","23477/2025-12-18/1763009021.json"
"365170","146153","2025-12-18","48.00","NZD","1763009021","23477/2025-12-18/1763009021.json"
"510807","146155","2025-12-18","52.00","NZD","1763009021","23477/2025-12-18/1763009021.json"
"581513","221281","2025-12-20","36.00","NZD","1763009021","23477/2025-12-20/1763009021.json"
"581514","221282","2025-12-20","36.00","NZD","1763009021","23477/2025-12-20/1763009021.json"
"512557","146154","2025-12-20","45.00","NZD","1763009021","23477/2025-12-20/1763009021.json"
"365170","146153","2025-12-20","48.00","NZD","1763009021","23477/2025-12-20/1763009021.json"
"510807","146155","2025-12-20","52.00","NZD","1763009021","23477/2025-12-20/1763009021.json"
"581513","221281","2025-12-21","36.00","NZD","1763009021","23477/2025-12-21/1763009021.json"
"581514","221282","2025-12-21","36.00","NZD","1763009021","23477/2025-12-21/1763009021.json"
"512557","146154","2025-12-21","45.00","NZD","1763009021","23477/2025-12-21/1763009021.json"
"365170","146153","2025-12-21","48.00","NZD","1763009021","23477/2025-12-21/1763009021.json"
"510807","146155","2025-12-21","52.00","NZD","1763009021","23477/2025-12-21/1763009021.json"
"581513","221281","2025-12-22","36.00","NZD","1763009021","23477/2025-12-22/1763009021.json"
"581514","221282","2025-12-22","36.00","NZD","1763009021","23477/2025-12-22/1763009021.json"
"512557","146154","2025-12-22","45.00","NZD","1763009021","23477/2025-12-22/1763009021.json"
"365170","146153","2025-12-22","48.00","NZD","1763009021","23477/2025-12-22/1763009021.json"
"510807","146155","2025-12-22","52.00","NZD","1763009021","23477/2025-12-22/1763009021.json"
"581513","221281","2025-12-23","38.00","NZD","1763009021","23477/2025-12-23/1763009021.json"
"581514","221282","2025-12-23","38.00","NZD","1763009021","23477/2025-12-23/1763009021.json"
"512557","146154","2025-12-23","45.00","NZD","1763009021","23477/2025-12-23/1763009021.json"
"365170","146153","2025-12-23","48.00","NZD","1763009021","23477/2025-12-23/1763009021.json"
"510807","146155","2025-12-23","52.00","NZD","1763009021","23477/2025-12-23/1763009021.json"
"581513","221281","2025-12-24","38.00","NZD","1763009021","23477/2025-12-24/1763009021.json"
"581514","221282","2025-12-24","38.00","NZD","1763009021","23477/2025-12-24/1763009021.json"
"512557","146154","2025-12-24","45.00","NZD","1763009021","23477/2025-12-24/1763009021.json"
"365170","146153","2025-12-24","48.00","NZD","1763009021","23477/2025-12-24/1763009021.json"
"510807","146155","2025-12-24","52.00","NZD","1763009021","23477/2025-12-24/1763009021.json"
"581513","221281","2025-12-25","38.00","NZD","1763009021","23477/2025-12-25/1763009021.json"
"581514","221282","2025-12-25","38.00","NZD","1763009021","23477/2025-12-25/1763009021.json"
"512557","146154","2025-12-25","45.00","NZD","1763009021","23477/2025-12-25/1763009021.json"
"365170","146153","2025-12-25","48.00","NZD","1763009021","23477/2025-12-25/1763009021.json"
"510807","146155","2025-12-25","52.00","NZD","1763009021","23477/2025-12-25/1763009021.json"
"581513","221281","2025-12-26","42.00","NZD","1763009021","23477/2025-12-26/1763009021.json"
"581514","221282","2025-12-26","42.00","NZD","1763009021","23477/2025-12-26/1763009021.json"
"512557","146154","2025-12-26","45.00","NZD","1763009021","23477/2025-12-26/1763009021.json"
"365170","146153","2025-12-26","48.00","NZD","1763009021","23477/2025-12-26/1763009021.json"
"510807","146155","2025-12-26","52.00","NZD","1763009021","23477/2025-12-26/1763009021.json"
"581513","221281","2025-12-28","42.00","NZD","1763009021","23477/2025-12-28/1763009021.json"
"581514","221282","2025-12-28","42.00","NZD","1763009021","23477/2025-12-28/1763009021.json"
"512557","146154","2025-12-28","45.00","NZD","1763009021","23477/2025-12-28/1763009021.json"
"365170","146153","2025-12-28","48.00","NZD","1763009021","23477/2025-12-28/1763009021.json"
"510807","146155","2025-12-28","52.00","NZD","1763009021","23477/2025-12-28/1763009021.json"
"581513","221281","2025-12-27","42.00","NZD","1763009021","23477/2025-12-27/1763009021.json"
"581514","221282","2025-12-27","42.00","NZD","1763009021","23477/2025-12-27/1763009021.json"
"512557","146154","2025-12-27","45.00","NZD","1763009021","23477/2025-12-27/1763009021.json"
"365170","146153","2025-12-27","48.00","NZD","1763009021","23477/2025-12-27/1763009021.json"
"510807","146155","2025-12-27","52.00","NZD","1763009021","23477/2025-12-27/1763009021.json"
"581513","221281","2025-12-29","42.00","NZD","1763009021","23477/2025-12-29/1763009021.json"
"581514","221282","2025-12-29","42.00","NZD","1763009021","23477/2025-12-29/1763009021.json"
"512557","146154","2025-12-29","45.00","NZD","1763009021","23477/2025-12-29/1763009021.json"
"365170","146153","2025-12-29","48.00","NZD","1763009021","23477/2025-12-29/1763009021.json"
"510807","146155","2025-12-29","52.00","NZD","1763009021","23477/2025-12-29/1763009021.json"
"581513","221281","2025-12-30","42.00","NZD","1763009021","23477/2025-12-30/1763009021.json"
"581514","221282","2025-12-30","42.00","NZD","1763009021","23477/2025-12-30/1763009021.json"
"512557","146154","2025-12-30","45.00","NZD","1763009021","23477/2025-12-30/1763009021.json"
"365170","146153","2025-12-30","48.00","NZD","1763009021","23477/2025-12-30/1763009021.json"
"510807","146155","2025-12-30","52.00","NZD","1763009021","23477/2025-12-30/1763009021.json"
"581513","221281","2025-12-31","42.00","NZD","1763009021","23477/2025-12-31/1763009021.json"
"581514","221282","2025-12-31","42.00","NZD","1763009021","23477/2025-12-31/1763009021.json"
"512557","146154","2025-12-31","45.00","NZD","1763009021","23477/2025-12-31/1763009021.json"
"365170","146153","2025-12-31","48.00","NZD","1763009021","23477/2025-12-31/1763009021.json"
"510807","146155","2025-12-31","52.00","NZD","1763009021","23477/2025-12-31/1763009021.json"
"581513","221281","2026-01-01","42.00","NZD","1763009021","23477/2026-01-01/1763009021.json"
"581514","221282","2026-01-01","42.00","NZD","1763009021","23477/2026-01-01/1763009021.json"
"512557","146154","2026-01-01","45.00","NZD","1763009021","23477/2026-01-01/1763009021.json"
"365170","146153","2026-01-01","48.00","NZD","1763009021","23477/2026-01-01/1763009021.json"
"510807","146155","2026-01-01","52.00","NZD","1763009021","23477/2026-01-01/1763009021.json"
"581513","221281","2026-01-03","42.00","NZD","1763009021","23477/2026-01-03/1763009021.json"
"581514","221282","2026-01-03","42.00","NZD","1763009021","23477/2026-01-03/1763009021.json"
"512557","146154","2026-01-03","45.00","NZD","1763009021","23477/2026-01-03/1763009021.json"
"365170","146153","2026-01-03","48.00","NZD","1763009021","23477/2026-01-03/1763009021.json"
"510807","146155","2026-01-03","52.00","NZD","1763009021","23477/2026-01-03/1763009021.json"
"581513","221281","2026-01-04","42.00","NZD","1763009021","23477/2026-01-04/1763009021.json"
"581514","221282","2026-01-04","42.00","NZD","1763009021","23477/2026-01-04/1763009021.json"
"512557","146154","2026-01-04","45.00","NZD","1763009021","23477/2026-01-04/1763009021.json"
"365170","146153","2026-01-04","48.00","NZD","1763009021","23477/2026-01-04/1763009021.json"
"510807","146155","2026-01-04","52.00","NZD","1763009021","23477/2026-01-04/1763009021.json"
"581513","221281","2026-01-05","36.00","NZD","1763009021","23477/2026-01-05/1763009021.json"
"581514","221282","2026-01-05","36.00","NZD","1763009021","23477/2026-01-05/1763009021.json"
"512557","146154","2026-01-05","45.00","NZD","1763009021","23477/2026-01-05/1763009021.json"
"365170","146153","2026-01-05","48.00","NZD","1763009021","23477/2026-01-05/1763009021.json"
"510807","146155","2026-01-05","52.00","NZD","1763009021","23477/2026-01-05/1763009021.json"
"581513","221281","2026-01-02","42.00","NZD","1763009021","23477/2026-01-02/1763009021.json"
"581514","221282","2026-01-02","42.00","NZD","1763009021","23477/2026-01-02/1763009021.json"
"512557","146154","2026-01-02","45.00","NZD","1763009021","23477/2026-01-02/1763009021.json"
"365170","146153","2026-01-02","48.00","NZD","1763009021","23477/2026-01-02/1763009021.json"
"510807","146155","2026-01-02","52.00","NZD","1763009021","23477/2026-01-02/1763009021.json"
"581513","221281","2026-01-06","36.00","NZD","1763009021","23477/2026-01-06/1763009021.json"
"581514","221282","2026-01-06","36.00","NZD","1763009021","23477/2026-01-06/1763009021.json"
"512557","146154","2026-01-06","45.00","NZD","1763009021","23477/2026-01-06/1763009021.json"
"365170","146153","2026-01-06","48.00","NZD","1763009021","23477/2026-01-06/1763009021.json"
"510807","146155","2026-01-06","52.00","NZD","1763009021","23477/2026-01-06/1763009021.json"
"581513","221281","2026-01-07","36.00","NZD","1763009021","23477/2026-01-07/1763009021.json"
"581514","221282","2026-01-07","36.00","NZD","1763009021","23477/2026-01-07/1763009021.json"
"512557","146154","2026-01-07","45.00","NZD","1763009021","23477/2026-01-07/1763009021.json"
"365170","146153","2026-01-07","48.00","NZD","1763009021","23477/2026-01-07/1763009021.json"
"510807","146155","2026-01-07","52.00","NZD","1763009021","23477/2026-01-07/1763009021.json"
"581513","221281","2026-01-08","36.00","NZD","1763009021","23477/2026-01-08/1763009021.json"
"581514","221282","2026-01-08","36.00","NZD","1763009021","23477/2026-01-08/1763009021.json"
"512557","146154","2026-01-08","45.00","NZD","1763009021","23477/2026-01-08/1763009021.json"
"365170","146153","2026-01-08","48.00","NZD","1763009021","23477/2026-01-08/1763009021.json"
"510807","146155","2026-01-08","52.00","NZD","1763009021","23477/2026-01-08/1763009021.json"
"581513","221281","2026-01-09","36.00","NZD","1763009021","23477/2026-01-09/1763009021.json"
"581514","221282","2026-01-09","36.00","NZD","1763009021","23477/2026-01-09/1763009021.json"
"512557","146154","2026-01-09","45.00","NZD","1763009021","23477/2026-01-09/1763009021.json"
"365170","146153","2026-01-09","48.00","NZD","1763009021","23477/2026-01-09/1763009021.json"
"510807","146155","2026-01-09","52.00","NZD","1763009021","23477/2026-01-09/1763009021.json"
"581513","221281","2026-01-11","36.00","NZD","1763009021","23477/2026-01-11/1763009021.json"
"581514","221282","2026-01-11","36.00","NZD","1763009021","23477/2026-01-11/1763009021.json"
"512557","146154","2026-01-11","45.00","NZD","1763009021","23477/2026-01-11/1763009021.json"
"365170","146153","2026-01-11","48.00","NZD","1763009021","23477/2026-01-11/1763009021.json"
"510807","146155","2026-01-11","52.00","NZD","1763009021","23477/2026-01-11/1763009021.json"
"581513","221281","2026-01-12","36.00","NZD","1763009021","23477/2026-01-12/1763009021.json"
"581514","221282","2026-01-12","36.00","NZD","1763009021","23477/2026-01-12/1763009021.json"
"512557","146154","2026-01-12","45.00","NZD","1763009021","23477/2026-01-12/1763009021.json"
"365170","146153","2026-01-12","48.00","NZD","1763009021","23477/2026-01-12/1763009021.json"
"510807","146155","2026-01-12","52.00","NZD","1763009021","23477/2026-01-12/1763009021.json"
"581513","221281","2026-01-10","36.00","NZD","1763009021","23477/2026-01-10/1763009021.json"
"581514","221282","2026-01-10","36.00","NZD","1763009021","23477/2026-01-10/1763009021.json"
"512557","146154","2026-01-10","45.00","NZD","1763009021","23477/2026-01-10/1763009021.json"
"365170","146153","2026-01-10","48.00","NZD","1763009021","23477/2026-01-10/1763009021.json"
"510807","146155","2026-01-10","52.00","NZD","1763009021","23477/2026-01-10/1763009021.json"
"581513","221281","2025-11-14","36.00","NZD","1763023466","23477/2025-11-14/1763023466.json"
"581514","221282","2025-11-14","36.00","NZD","1763023466","23477/2025-11-14/1763023466.json"
"512557","146154","2025-11-14","45.00","NZD","1763023466","23477/2025-11-14/1763023466.json"
"365170","146153","2025-11-14","48.00","NZD","1763023466","23477/2025-11-14/1763023466.json"
"510807","146155","2025-11-14","52.00","NZD","1763023466","23477/2025-11-14/1763023466.json"
"581513","221281","2025-11-13","36.00","NZD","1763023466","23477/2025-11-13/1763023466.json"
"581514","221282","2025-11-13","36.00","NZD","1763023466","23477/2025-11-13/1763023466.json"
"512557","146154","2025-11-13","45.00","NZD","1763023466","23477/2025-11-13/1763023466.json"
"581513","221281","2025-11-15","36.00","NZD","1763023466","23477/2025-11-15/1763023466.json"
"365170","146153","2025-11-13","48.00","NZD","1763023466","23477/2025-11-13/1763023466.json"
"581514","221282","2025-11-15","36.00","NZD","1763023466","23477/2025-11-15/1763023466.json"
"510807","146155","2025-11-13","52.00","NZD","1763023466","23477/2025-11-13/1763023466.json"
"512557","146154","2025-11-15","45.00","NZD","1763023466","23477/2025-11-15/1763023466.json"
"365170","146153","2025-11-15","48.00","NZD","1763023466","23477/2025-11-15/1763023466.json"
"510807","146155","2025-11-15","52.00","NZD","1763023466","23477/2025-11-15/1763023466.json"
"581513","221281","2025-11-16","36.00","NZD","1763023466","23477/2025-11-16/1763023466.json"
"581514","221282","2025-11-16","36.00","NZD","1763023466","23477/2025-11-16/1763023466.json"
"512557","146154","2025-11-16","45.00","NZD","1763023466","23477/2025-11-16/1763023466.json"
"365170","146153","2025-11-16","48.00","NZD","1763023466","23477/2025-11-16/1763023466.json"
"510807","146155","2025-11-16","52.00","NZD","1763023466","23477/2025-11-16/1763023466.json"
"581513","221281","2025-11-17","36.00","NZD","1763023466","23477/2025-11-17/1763023466.json"
"581514","221282","2025-11-17","36.00","NZD","1763023466","23477/2025-11-17/1763023466.json"
"512557","146154","2025-11-17","45.00","NZD","1763023466","23477/2025-11-17/1763023466.json"
"365170","146153","2025-11-17","48.00","NZD","1763023466","23477/2025-11-17/1763023466.json"
"510807","146155","2025-11-17","52.00","NZD","1763023466","23477/2025-11-17/1763023466.json"
"581513","221281","2025-11-19","36.00","NZD","1763023466","23477/2025-11-19/1763023466.json"
"581514","221282","2025-11-19","36.00","NZD","1763023466","23477/2025-11-19/1763023466.json"
"512557","146154","2025-11-19","45.00","NZD","1763023466","23477/2025-11-19/1763023466.json"
"365170","146153","2025-11-19","48.00","NZD","1763023466","23477/2025-11-19/1763023466.json"
"510807","146155","2025-11-19","52.00","NZD","1763023466","23477/2025-11-19/1763023466.json"
"581513","221281","2025-11-18","36.00","NZD","1763023466","23477/2025-11-18/1763023466.json"
"581514","221282","2025-11-18","36.00","NZD","1763023466","23477/2025-11-18/1763023466.json"
"512557","146154","2025-11-18","45.00","NZD","1763023466","23477/2025-11-18/1763023466.json"
"365170","146153","2025-11-18","48.00","NZD","1763023466","23477/2025-11-18/1763023466.json"
"510807","146155","2025-11-18","52.00","NZD","1763023466","23477/2025-11-18/1763023466.json"
"581513","221281","2025-11-20","36.00","NZD","1763023466","23477/2025-11-20/1763023466.json"
"581514","221282","2025-11-20","36.00","NZD","1763023466","23477/2025-11-20/1763023466.json"
"512557","146154","2025-11-20","45.00","NZD","1763023466","23477/2025-11-20/1763023466.json"
"581513","221281","2025-11-23","36.00","NZD","1763023466","23477/2025-11-23/1763023466.json"
"581514","221282","2025-11-23","36.00","NZD","1763023466","23477/2025-11-23/1763023466.json"
"512557","146154","2025-11-23","45.00","NZD","1763023466","23477/2025-11-23/1763023466.json"
"365170","146153","2025-11-23","48.00","NZD","1763023466","23477/2025-11-23/1763023466.json"
"510807","146155","2025-11-23","52.00","NZD","1763023466","23477/2025-11-23/1763023466.json"
"581513","221281","2025-11-21","36.00","NZD","1763023466","23477/2025-11-21/1763023466.json"
"581514","221282","2025-11-21","36.00","NZD","1763023466","23477/2025-11-21/1763023466.json"
"512557","146154","2025-11-21","45.00","NZD","1763023466","23477/2025-11-21/1763023466.json"
"365170","146153","2025-11-21","48.00","NZD","1763023466","23477/2025-11-21/1763023466.json"
"510807","146155","2025-11-21","52.00","NZD","1763023466","23477/2025-11-21/1763023466.json"
"581513","221281","2025-11-22","36.00","NZD","1763023466","23477/2025-11-22/1763023466.json"
"581514","221282","2025-11-22","36.00","NZD","1763023466","23477/2025-11-22/1763023466.json"
"512557","146154","2025-11-22","45.00","NZD","1763023466","23477/2025-11-22/1763023466.json"
"365170","146153","2025-11-22","48.00","NZD","1763023466","23477/2025-11-22/1763023466.json"
"510807","146155","2025-11-22","52.00","NZD","1763023466","23477/2025-11-22/1763023466.json"
"581513","221281","2025-11-25","36.00","NZD","1763023466","23477/2025-11-25/1763023466.json"
"581514","221282","2025-11-25","36.00","NZD","1763023466","23477/2025-11-25/1763023466.json"
"512557","146154","2025-11-25","45.00","NZD","1763023466","23477/2025-11-25/1763023466.json"
"365170","146153","2025-11-25","48.00","NZD","1763023466","23477/2025-11-25/1763023466.json"
"510807","146155","2025-11-25","52.00","NZD","1763023466","23477/2025-11-25/1763023466.json"
"581513","221281","2025-11-24","36.00","NZD","1763023466","23477/2025-11-24/1763023466.json"
"581514","221282","2025-11-24","36.00","NZD","1763023466","23477/2025-11-24/1763023466.json"
"512557","146154","2025-11-24","45.00","NZD","1763023466","23477/2025-11-24/1763023466.json"
"365170","146153","2025-11-24","48.00","NZD","1763023466","23477/2025-11-24/1763023466.json"
"510807","146155","2025-11-24","52.00","NZD","1763023466","23477/2025-11-24/1763023466.json"
"581513","221281","2025-11-27","36.00","NZD","1763023466","23477/2025-11-27/1763023466.json"
"581514","221282","2025-11-27","36.00","NZD","1763023466","23477/2025-11-27/1763023466.json"
"512557","146154","2025-11-27","45.00","NZD","1763023466","23477/2025-11-27/1763023466.json"
"365170","146153","2025-11-27","48.00","NZD","1763023466","23477/2025-11-27/1763023466.json"
"510807","146155","2025-11-27","52.00","NZD","1763023466","23477/2025-11-27/1763023466.json"
"581513","221281","2025-11-26","36.00","NZD","1763023466","23477/2025-11-26/1763023466.json"
"581514","221282","2025-11-26","36.00","NZD","1763023466","23477/2025-11-26/1763023466.json"
"512557","146154","2025-11-26","45.00","NZD","1763023466","23477/2025-11-26/1763023466.json"
"365170","146153","2025-11-26","48.00","NZD","1763023466","23477/2025-11-26/1763023466.json"
"510807","146155","2025-11-26","52.00","NZD","1763023466","23477/2025-11-26/1763023466.json"
"581513","221281","2025-11-28","36.00","NZD","1763023466","23477/2025-11-28/1763023466.json"
"581514","221282","2025-11-28","36.00","NZD","1763023466","23477/2025-11-28/1763023466.json"
"512557","146154","2025-11-28","45.00","NZD","1763023466","23477/2025-11-28/1763023466.json"
"365170","146153","2025-11-28","48.00","NZD","1763023466","23477/2025-11-28/1763023466.json"
"510807","146155","2025-11-28","52.00","NZD","1763023466","23477/2025-11-28/1763023466.json"
"581513","221281","2025-11-29","36.00","NZD","1763023466","23477/2025-11-29/1763023466.json"
"581514","221282","2025-11-29","36.00","NZD","1763023466","23477/2025-11-29/1763023466.json"
"512557","146154","2025-11-29","45.00","NZD","1763023466","23477/2025-11-29/1763023466.json"
"365170","146153","2025-11-29","48.00","NZD","1763023466","23477/2025-11-29/1763023466.json"
"510807","146155","2025-11-29","52.00","NZD","1763023466","23477/2025-11-29/1763023466.json"
"581513","221281","2025-11-30","36.00","NZD","1763023466","23477/2025-11-30/1763023466.json"
"581513","221281","2025-12-01","36.00","NZD","1763023466","23477/2025-12-01/1763023466.json"
"581514","221282","2025-11-30","36.00","NZD","1763023466","23477/2025-11-30/1763023466.json"
"581514","221282","2025-12-01","36.00","NZD","1763023466","23477/2025-12-01/1763023466.json"
"512557","146154","2025-12-01","45.00","NZD","1763023466","23477/2025-12-01/1763023466.json"
"512557","146154","2025-11-30","45.00","NZD","1763023466","23477/2025-11-30/1763023466.json"
"365170","146153","2025-12-01","48.00","NZD","1763023466","23477/2025-12-01/1763023466.json"
"510807","146155","2025-12-01","52.00","NZD","1763023466","23477/2025-12-01/1763023466.json"
"365170","146153","2025-11-30","48.00","NZD","1763023466","23477/2025-11-30/1763023466.json"
"510807","146155","2025-11-30","52.00","NZD","1763023466","23477/2025-11-30/1763023466.json"
"581513","221281","2025-12-02","36.00","NZD","1763023466","23477/2025-12-02/1763023466.json"
"581514","221282","2025-12-02","36.00","NZD","1763023466","23477/2025-12-02/1763023466.json"
"512557","146154","2025-12-02","45.00","NZD","1763023466","23477/2025-12-02/1763023466.json"
"365170","146153","2025-12-02","48.00","NZD","1763023466","23477/2025-12-02/1763023466.json"
"510807","146155","2025-12-02","52.00","NZD","1763023466","23477/2025-12-02/1763023466.json"
"581513","221281","2025-12-03","36.00","NZD","1763023466","23477/2025-12-03/1763023466.json"
"581514","221282","2025-12-03","36.00","NZD","1763023466","23477/2025-12-03/1763023466.json"
"512557","146154","2025-12-03","45.00","NZD","1763023466","23477/2025-12-03/1763023466.json"
"365170","146153","2025-12-03","48.00","NZD","1763023466","23477/2025-12-03/1763023466.json"
"510807","146155","2025-12-03","52.00","NZD","1763023466","23477/2025-12-03/1763023466.json"
"581513","221281","2025-12-05","36.00","NZD","1763023466","23477/2025-12-05/1763023466.json"
"581514","221282","2025-12-05","36.00","NZD","1763023466","23477/2025-12-05/1763023466.json"
"581513","221281","2025-12-04","36.00","NZD","1763023466","23477/2025-12-04/1763023466.json"
"512557","146154","2025-12-05","45.00","NZD","1763023466","23477/2025-12-05/1763023466.json"
"581514","221282","2025-12-04","36.00","NZD","1763023466","23477/2025-12-04/1763023466.json"
"365170","146153","2025-12-05","48.00","NZD","1763023466","23477/2025-12-05/1763023466.json"
"512557","146154","2025-12-04","45.00","NZD","1763023466","23477/2025-12-04/1763023466.json"
"365170","146153","2025-12-04","48.00","NZD","1763023466","23477/2025-12-04/1763023466.json"
"510807","146155","2025-12-05","52.00","NZD","1763023466","23477/2025-12-05/1763023466.json"
"510807","146155","2025-12-04","52.00","NZD","1763023466","23477/2025-12-04/1763023466.json"
"581513","221281","2025-12-06","36.00","NZD","1763023466","23477/2025-12-06/1763023466.json"
"581514","221282","2025-12-06","36.00","NZD","1763023466","23477/2025-12-06/1763023466.json"
"512557","146154","2025-12-06","45.00","NZD","1763023466","23477/2025-12-06/1763023466.json"
"365170","146153","2025-12-06","48.00","NZD","1763023466","23477/2025-12-06/1763023466.json"
"510807","146155","2025-12-06","52.00","NZD","1763023466","23477/2025-12-06/1763023466.json"
"581513","221281","2025-12-07","36.00","NZD","1763023466","23477/2025-12-07/1763023466.json"
"581514","221282","2025-12-07","36.00","NZD","1763023466","23477/2025-12-07/1763023466.json"
"512557","146154","2025-12-07","45.00","NZD","1763023466","23477/2025-12-07/1763023466.json"
"365170","146153","2025-12-07","48.00","NZD","1763023466","23477/2025-12-07/1763023466.json"
"510807","146155","2025-12-07","52.00","NZD","1763023466","23477/2025-12-07/1763023466.json"
"581513","221281","2025-12-08","36.00","NZD","1763023466","23477/2025-12-08/1763023466.json"
"581514","221282","2025-12-08","36.00","NZD","1763023466","23477/2025-12-08/1763023466.json"
"512557","146154","2025-12-08","45.00","NZD","1763023466","23477/2025-12-08/1763023466.json"
"365170","146153","2025-12-08","48.00","NZD","1763023466","23477/2025-12-08/1763023466.json"
"510807","146155","2025-12-08","52.00","NZD","1763023466","23477/2025-12-08/1763023466.json"
"581513","221281","2025-12-09","36.00","NZD","1763023466","23477/2025-12-09/1763023466.json"
"581514","221282","2025-12-09","36.00","NZD","1763023466","23477/2025-12-09/1763023466.json"
"512557","146154","2025-12-09","45.00","NZD","1763023466","23477/2025-12-09/1763023466.json"
"365170","146153","2025-12-09","48.00","NZD","1763023466","23477/2025-12-09/1763023466.json"
"510807","146155","2025-12-09","52.00","NZD","1763023466","23477/2025-12-09/1763023466.json"
"581513","221281","2025-12-10","36.00","NZD","1763023466","23477/2025-12-10/1763023466.json"
"581514","221282","2025-12-10","36.00","NZD","1763023466","23477/2025-12-10/1763023466.json"
"512557","146154","2025-12-10","45.00","NZD","1763023466","23477/2025-12-10/1763023466.json"
"365170","146153","2025-12-10","48.00","NZD","1763023466","23477/2025-12-10/1763023466.json"
"510807","146155","2025-12-10","52.00","NZD","1763023466","23477/2025-12-10/1763023466.json"
"581513","221281","2025-12-11","36.00","NZD","1763023466","23477/2025-12-11/1763023466.json"
"581514","221282","2025-12-11","36.00","NZD","1763023466","23477/2025-12-11/1763023466.json"
"512557","146154","2025-12-11","45.00","NZD","1763023466","23477/2025-12-11/1763023466.json"
"365170","146153","2025-12-11","48.00","NZD","1763023466","23477/2025-12-11/1763023466.json"
"510807","146155","2025-12-11","52.00","NZD","1763023466","23477/2025-12-11/1763023466.json"
"581513","221281","2025-12-12","36.00","NZD","1763023466","23477/2025-12-12/1763023466.json"
"581514","221282","2025-12-12","36.00","NZD","1763023466","23477/2025-12-12/1763023466.json"
"512557","146154","2025-12-12","45.00","NZD","1763023466","23477/2025-12-12/1763023466.json"
"365170","146153","2025-12-12","48.00","NZD","1763023466","23477/2025-12-12/1763023466.json"
"510807","146155","2025-12-12","52.00","NZD","1763023466","23477/2025-12-12/1763023466.json"
"581513","221281","2025-12-15","36.00","NZD","1763023466","23477/2025-12-15/1763023466.json"
"581514","221282","2025-12-15","36.00","NZD","1763023466","23477/2025-12-15/1763023466.json"
"512557","146154","2025-12-15","45.00","NZD","1763023466","23477/2025-12-15/1763023466.json"
"365170","146153","2025-12-15","48.00","NZD","1763023466","23477/2025-12-15/1763023466.json"
"510807","146155","2025-12-15","52.00","NZD","1763023466","23477/2025-12-15/1763023466.json"
"581513","221281","2025-12-13","36.00","NZD","1763023466","23477/2025-12-13/1763023466.json"
"581514","221282","2025-12-13","36.00","NZD","1763023466","23477/2025-12-13/1763023466.json"
"512557","146154","2025-12-13","45.00","NZD","1763023466","23477/2025-12-13/1763023466.json"
"365170","146153","2025-12-13","48.00","NZD","1763023466","23477/2025-12-13/1763023466.json"
"510807","146155","2025-12-13","52.00","NZD","1763023466","23477/2025-12-13/1763023466.json"
"581513","221281","2025-12-14","36.00","NZD","1763023466","23477/2025-12-14/1763023466.json"
"581514","221282","2025-12-14","36.00","NZD","1763023466","23477/2025-12-14/1763023466.json"
"512557","146154","2025-12-14","45.00","NZD","1763023466","23477/2025-12-14/1763023466.json"
"365170","146153","2025-12-14","48.00","NZD","1763023466","23477/2025-12-14/1763023466.json"
"510807","146155","2025-12-14","52.00","NZD","1763023466","23477/2025-12-14/1763023466.json"
"581513","221281","2025-12-16","36.00","NZD","1763023466","23477/2025-12-16/1763023466.json"
"581514","221282","2025-12-16","36.00","NZD","1763023466","23477/2025-12-16/1763023466.json"
"512557","146154","2025-12-16","45.00","NZD","1763023466","23477/2025-12-16/1763023466.json"
"365170","146153","2025-12-16","48.00","NZD","1763023466","23477/2025-12-16/1763023466.json"
"510807","146155","2025-12-16","52.00","NZD","1763023466","23477/2025-12-16/1763023466.json"
"581513","221281","2025-12-18","36.00","NZD","1763023466","23477/2025-12-18/1763023466.json"
"581513","221281","2025-12-17","36.00","NZD","1763023466","23477/2025-12-17/1763023466.json"
"581514","221282","2025-12-18","36.00","NZD","1763023466","23477/2025-12-18/1763023466.json"
"581514","221282","2025-12-17","36.00","NZD","1763023466","23477/2025-12-17/1763023466.json"
"512557","146154","2025-12-17","45.00","NZD","1763023466","23477/2025-12-17/1763023466.json"
"512557","146154","2025-12-18","45.00","NZD","1763023466","23477/2025-12-18/1763023466.json"
"365170","146153","2025-12-17","48.00","NZD","1763023466","23477/2025-12-17/1763023466.json"
"510807","146155","2025-12-17","52.00","NZD","1763023466","23477/2025-12-17/1763023466.json"
"365170","146153","2025-12-18","48.00","NZD","1763023466","23477/2025-12-18/1763023466.json"
"510807","146155","2025-12-18","52.00","NZD","1763023466","23477/2025-12-18/1763023466.json"
"581513","221281","2025-12-19","36.00","NZD","1763023466","23477/2025-12-19/1763023466.json"
"581514","221282","2025-12-19","36.00","NZD","1763023466","23477/2025-12-19/1763023466.json"
"512557","146154","2025-12-19","45.00","NZD","1763023466","23477/2025-12-19/1763023466.json"
"365170","146153","2025-12-19","48.00","NZD","1763023466","23477/2025-12-19/1763023466.json"
"510807","146155","2025-12-19","52.00","NZD","1763023466","23477/2025-12-19/1763023466.json"
"581513","221281","2025-12-20","36.00","NZD","1763023466","23477/2025-12-20/1763023466.json"
"581514","221282","2025-12-20","36.00","NZD","1763023466","23477/2025-12-20/1763023466.json"
"512557","146154","2025-12-20","45.00","NZD","1763023466","23477/2025-12-20/1763023466.json"
"365170","146153","2025-12-20","48.00","NZD","1763023466","23477/2025-12-20/1763023466.json"
"510807","146155","2025-12-20","52.00","NZD","1763023466","23477/2025-12-20/1763023466.json"
"581513","221281","2025-12-23","38.00","NZD","1763023466","23477/2025-12-23/1763023466.json"
"581514","221282","2025-12-23","38.00","NZD","1763023466","23477/2025-12-23/1763023466.json"
"512557","146154","2025-12-23","45.00","NZD","1763023466","23477/2025-12-23/1763023466.json"
"365170","146153","2025-12-23","48.00","NZD","1763023466","23477/2025-12-23/1763023466.json"
"510807","146155","2025-12-23","52.00","NZD","1763023466","23477/2025-12-23/1763023466.json"
"581513","221281","2025-12-22","36.00","NZD","1763023466","23477/2025-12-22/1763023466.json"
"581514","221282","2025-12-22","36.00","NZD","1763023466","23477/2025-12-22/1763023466.json"
"512557","146154","2025-12-22","45.00","NZD","1763023466","23477/2025-12-22/1763023466.json"
"365170","146153","2025-12-22","48.00","NZD","1763023466","23477/2025-12-22/1763023466.json"
"510807","146155","2025-12-22","52.00","NZD","1763023466","23477/2025-12-22/1763023466.json"
"581513","221281","2025-12-21","36.00","NZD","1763023466","23477/2025-12-21/1763023466.json"
"581514","221282","2025-12-21","36.00","NZD","1763023466","23477/2025-12-21/1763023466.json"
"512557","146154","2025-12-21","45.00","NZD","1763023466","23477/2025-12-21/1763023466.json"
"365170","146153","2025-12-21","48.00","NZD","1763023466","23477/2025-12-21/1763023466.json"
"510807","146155","2025-12-21","52.00","NZD","1763023466","23477/2025-12-21/1763023466.json"
"581513","221281","2025-12-24","38.00","NZD","1763023466","23477/2025-12-24/1763023466.json"
"581514","221282","2025-12-24","38.00","NZD","1763023466","23477/2025-12-24/1763023466.json"
"512557","146154","2025-12-24","45.00","NZD","1763023466","23477/2025-12-24/1763023466.json"
"365170","146153","2025-12-24","48.00","NZD","1763023466","23477/2025-12-24/1763023466.json"
"510807","146155","2025-12-24","52.00","NZD","1763023466","23477/2025-12-24/1763023466.json"
"581513","221281","2025-12-25","38.00","NZD","1763023466","23477/2025-12-25/1763023466.json"
"581513","221281","2025-12-26","42.00","NZD","1763023466","23477/2025-12-26/1763023466.json"
"581514","221282","2025-12-25","38.00","NZD","1763023466","23477/2025-12-25/1763023466.json"
"581514","221282","2025-12-26","42.00","NZD","1763023466","23477/2025-12-26/1763023466.json"
"512557","146154","2025-12-26","45.00","NZD","1763023466","23477/2025-12-26/1763023466.json"
"512557","146154","2025-12-25","45.00","NZD","1763023466","23477/2025-12-25/1763023466.json"
"365170","146153","2025-12-26","48.00","NZD","1763023466","23477/2025-12-26/1763023466.json"
"510807","146155","2025-12-26","52.00","NZD","1763023466","23477/2025-12-26/1763023466.json"
"365170","146153","2025-12-25","48.00","NZD","1763023466","23477/2025-12-25/1763023466.json"
"510807","146155","2025-12-25","52.00","NZD","1763023466","23477/2025-12-25/1763023466.json"
"581513","221281","2025-12-28","42.00","NZD","1763023466","23477/2025-12-28/1763023466.json"
"581514","221282","2025-12-28","42.00","NZD","1763023466","23477/2025-12-28/1763023466.json"
"512557","146154","2025-12-28","45.00","NZD","1763023466","23477/2025-12-28/1763023466.json"
"365170","146153","2025-12-28","48.00","NZD","1763023466","23477/2025-12-28/1763023466.json"
"510807","146155","2025-12-28","52.00","NZD","1763023466","23477/2025-12-28/1763023466.json"
"581513","221281","2025-12-27","42.00","NZD","1763023466","23477/2025-12-27/1763023466.json"
"581514","221282","2025-12-27","42.00","NZD","1763023466","23477/2025-12-27/1763023466.json"
"512557","146154","2025-12-27","45.00","NZD","1763023466","23477/2025-12-27/1763023466.json"
"365170","146153","2025-12-27","48.00","NZD","1763023466","23477/2025-12-27/1763023466.json"
"510807","146155","2025-12-27","52.00","NZD","1763023466","23477/2025-12-27/1763023466.json"
"581513","221281","2025-12-30","42.00","NZD","1763023466","23477/2025-12-30/1763023466.json"
"581514","221282","2025-12-30","42.00","NZD","1763023466","23477/2025-12-30/1763023466.json"
"512557","146154","2025-12-30","45.00","NZD","1763023466","23477/2025-12-30/1763023466.json"
"365170","146153","2025-12-30","48.00","NZD","1763023466","23477/2025-12-30/1763023466.json"
"510807","146155","2025-12-30","52.00","NZD","1763023466","23477/2025-12-30/1763023466.json"
"581513","221281","2025-12-29","42.00","NZD","1763023466","23477/2025-12-29/1763023466.json"
"581514","221282","2025-12-29","42.00","NZD","1763023466","23477/2025-12-29/1763023466.json"
"512557","146154","2025-12-29","45.00","NZD","1763023466","23477/2025-12-29/1763023466.json"
"365170","146153","2025-12-29","48.00","NZD","1763023466","23477/2025-12-29/1763023466.json"
"510807","146155","2025-12-29","52.00","NZD","1763023466","23477/2025-12-29/1763023466.json"
"581513","221281","2025-12-31","42.00","NZD","1763023466","23477/2025-12-31/1763023466.json"
"581514","221282","2025-12-31","42.00","NZD","1763023466","23477/2025-12-31/1763023466.json"
"512557","146154","2025-12-31","45.00","NZD","1763023466","23477/2025-12-31/1763023466.json"
"365170","146153","2025-12-31","48.00","NZD","1763023466","23477/2025-12-31/1763023466.json"
"510807","146155","2025-12-31","52.00","NZD","1763023466","23477/2025-12-31/1763023466.json"
"581513","221281","2026-01-01","42.00","NZD","1763023466","23477/2026-01-01/1763023466.json"
"581514","221282","2026-01-01","42.00","NZD","1763023466","23477/2026-01-01/1763023466.json"
"512557","146154","2026-01-01","45.00","NZD","1763023466","23477/2026-01-01/1763023466.json"
"365170","146153","2026-01-01","48.00","NZD","1763023466","23477/2026-01-01/1763023466.json"
"510807","146155","2026-01-01","52.00","NZD","1763023466","23477/2026-01-01/1763023466.json"
"581513","221281","2026-01-05","36.00","NZD","1763023466","23477/2026-01-05/1763023466.json"
"581514","221282","2026-01-05","36.00","NZD","1763023466","23477/2026-01-05/1763023466.json"
"512557","146154","2026-01-05","45.00","NZD","1763023466","23477/2026-01-05/1763023466.json"
"365170","146153","2026-01-05","48.00","NZD","1763023466","23477/2026-01-05/1763023466.json"
"510807","146155","2026-01-05","52.00","NZD","1763023466","23477/2026-01-05/1763023466.json"
"581513","221281","2026-01-02","42.00","NZD","1763023466","23477/2026-01-02/1763023466.json"
"581514","221282","2026-01-02","42.00","NZD","1763023466","23477/2026-01-02/1763023466.json"
"512557","146154","2026-01-02","45.00","NZD","1763023466","23477/2026-01-02/1763023466.json"
"365170","146153","2026-01-02","48.00","NZD","1763023466","23477/2026-01-02/1763023466.json"
"510807","146155","2026-01-02","52.00","NZD","1763023466","23477/2026-01-02/1763023466.json"
"581513","221281","2026-01-03","42.00","NZD","1763023466","23477/2026-01-03/1763023466.json"
"581514","221282","2026-01-03","42.00","NZD","1763023466","23477/2026-01-03/1763023466.json"
"512557","146154","2026-01-03","45.00","NZD","1763023466","23477/2026-01-03/1763023466.json"
"365170","146153","2026-01-03","48.00","NZD","1763023466","23477/2026-01-03/1763023466.json"
"510807","146155","2026-01-03","52.00","NZD","1763023466","23477/2026-01-03/1763023466.json"
"581513","221281","2026-01-04","42.00","NZD","1763023466","23477/2026-01-04/1763023466.json"
"581514","221282","2026-01-04","42.00","NZD","1763023466","23477/2026-01-04/1763023466.json"
"512557","146154","2026-01-04","45.00","NZD","1763023466","23477/2026-01-04/1763023466.json"
"365170","146153","2026-01-04","48.00","NZD","1763023466","23477/2026-01-04/1763023466.json"
"510807","146155","2026-01-04","52.00","NZD","1763023466","23477/2026-01-04/1763023466.json"
"581513","221281","2026-01-06","36.00","NZD","1763023466","23477/2026-01-06/1763023466.json"
"581514","221282","2026-01-06","36.00","NZD","1763023466","23477/2026-01-06/1763023466.json"
"512557","146154","2026-01-06","45.00","NZD","1763023466","23477/2026-01-06/1763023466.json"
"365170","146153","2026-01-06","48.00","NZD","1763023466","23477/2026-01-06/1763023466.json"
"510807","146155","2026-01-06","52.00","NZD","1763023466","23477/2026-01-06/1763023466.json"
"581513","221281","2026-01-08","36.00","NZD","1763023466","23477/2026-01-08/1763023466.json"
"581514","221282","2026-01-08","36.00","NZD","1763023466","23477/2026-01-08/1763023466.json"
"512557","146154","2026-01-08","45.00","NZD","1763023466","23477/2026-01-08/1763023466.json"
"365170","146153","2026-01-08","48.00","NZD","1763023466","23477/2026-01-08/1763023466.json"
"510807","146155","2026-01-08","52.00","NZD","1763023466","23477/2026-01-08/1763023466.json"
"581513","221281","2026-01-09","36.00","NZD","1763023466","23477/2026-01-09/1763023466.json"
"581514","221282","2026-01-09","36.00","NZD","1763023466","23477/2026-01-09/1763023466.json"
"512557","146154","2026-01-09","45.00","NZD","1763023466","23477/2026-01-09/1763023466.json"
"365170","146153","2026-01-09","48.00","NZD","1763023466","23477/2026-01-09/1763023466.json"
"510807","146155","2026-01-09","52.00","NZD","1763023466","23477/2026-01-09/1763023466.json"
"581513","221281","2026-01-07","36.00","NZD","1763023466","23477/2026-01-07/1763023466.json"
"581514","221282","2026-01-07","36.00","NZD","1763023466","23477/2026-01-07/1763023466.json"
"512557","146154","2026-01-07","45.00","NZD","1763023466","23477/2026-01-07/1763023466.json"
"365170","146153","2026-01-07","48.00","NZD","1763023466","23477/2026-01-07/1763023466.json"
"510807","146155","2026-01-07","52.00","NZD","1763023466","23477/2026-01-07/1763023466.json"
"581513","221281","2026-01-10","36.00","NZD","1763023466","23477/2026-01-10/1763023466.json"
"581514","221282","2026-01-10","36.00","NZD","1763023466","23477/2026-01-10/1763023466.json"
"512557","146154","2026-01-10","45.00","NZD","1763023466","23477/2026-01-10/1763023466.json"
"365170","146153","2026-01-10","48.00","NZD","1763023466","23477/2026-01-10/1763023466.json"
"510807","146155","2026-01-10","52.00","NZD","1763023466","23477/2026-01-10/1763023466.json"
"581513","221281","2026-01-11","36.00","NZD","1763023466","23477/2026-01-11/1763023466.json"
"581514","221282","2026-01-11","36.00","NZD","1763023466","23477/2026-01-11/1763023466.json"
"512557","146154","2026-01-11","45.00","NZD","1763023466","23477/2026-01-11/1763023466.json"
"365170","146153","2026-01-11","48.00","NZD","1763023466","23477/2026-01-11/1763023466.json"
"510807","146155","2026-01-11","52.00","NZD","1763023466","23477/2026-01-11/1763023466.json"
"581513","221281","2026-01-12","36.00","NZD","1763023466","23477/2026-01-12/1763023466.json"
"581514","221282","2026-01-12","36.00","NZD","1763023466","23477/2026-01-12/1763023466.json"
"512557","146154","2026-01-12","45.00","NZD","1763023466","23477/2026-01-12/1763023466.json"
"365170","146153","2026-01-12","48.00","NZD","1763023466","23477/2026-01-12/1763023466.json"
"510807","146155","2026-01-12","52.00","NZD","1763023466","23477/2026-01-12/1763023466.json"
"581513","221281","2025-11-14","36.00","NZD","1763038962","23477/2025-11-14/1763038962.json"
"581514","221282","2025-11-14","36.00","NZD","1763038962","23477/2025-11-14/1763038962.json"
"512557","146154","2025-11-14","45.00","NZD","1763038962","23477/2025-11-14/1763038962.json"
"365170","146153","2025-11-14","48.00","NZD","1763038962","23477/2025-11-14/1763038962.json"
"510807","146155","2025-11-14","52.00","NZD","1763038962","23477/2025-11-14/1763038962.json"
"581513","221281","2025-11-15","36.00","NZD","1763038962","23477/2025-11-15/1763038962.json"
"581514","221282","2025-11-15","36.00","NZD","1763038962","23477/2025-11-15/1763038962.json"
"512557","146154","2025-11-15","45.00","NZD","1763038962","23477/2025-11-15/1763038962.json"
"365170","146153","2025-11-15","48.00","NZD","1763038962","23477/2025-11-15/1763038962.json"
"510807","146155","2025-11-15","52.00","NZD","1763038962","23477/2025-11-15/1763038962.json"
"581513","221281","2025-11-16","36.00","NZD","1763038962","23477/2025-11-16/1763038962.json"
"581514","221282","2025-11-16","36.00","NZD","1763038962","23477/2025-11-16/1763038962.json"
"512557","146154","2025-11-16","45.00","NZD","1763038962","23477/2025-11-16/1763038962.json"
"365170","146153","2025-11-16","48.00","NZD","1763038962","23477/2025-11-16/1763038962.json"
"510807","146155","2025-11-16","52.00","NZD","1763038962","23477/2025-11-16/1763038962.json"
"581513","221281","2025-11-17","36.00","NZD","1763038962","23477/2025-11-17/1763038962.json"
"581514","221282","2025-11-17","36.00","NZD","1763038962","23477/2025-11-17/1763038962.json"
"512557","146154","2025-11-17","45.00","NZD","1763038962","23477/2025-11-17/1763038962.json"
"365170","146153","2025-11-17","48.00","NZD","1763038962","23477/2025-11-17/1763038962.json"
"510807","146155","2025-11-17","52.00","NZD","1763038962","23477/2025-11-17/1763038962.json"
"581513","221281","2025-11-19","36.00","NZD","1763038962","23477/2025-11-19/1763038962.json"
"581514","221282","2025-11-19","36.00","NZD","1763038962","23477/2025-11-19/1763038962.json"
"512557","146154","2025-11-19","45.00","NZD","1763038962","23477/2025-11-19/1763038962.json"
"365170","146153","2025-11-19","48.00","NZD","1763038962","23477/2025-11-19/1763038962.json"
"510807","146155","2025-11-19","52.00","NZD","1763038962","23477/2025-11-19/1763038962.json"
"581513","221281","2025-11-18","36.00","NZD","1763038962","23477/2025-11-18/1763038962.json"
"581514","221282","2025-11-18","36.00","NZD","1763038962","23477/2025-11-18/1763038962.json"
"512557","146154","2025-11-18","45.00","NZD","1763038962","23477/2025-11-18/1763038962.json"
"365170","146153","2025-11-18","48.00","NZD","1763038962","23477/2025-11-18/1763038962.json"
"510807","146155","2025-11-18","52.00","NZD","1763038962","23477/2025-11-18/1763038962.json"
"581513","221281","2025-11-20","36.00","NZD","1763038962","23477/2025-11-20/1763038962.json"
"581514","221282","2025-11-20","36.00","NZD","1763038962","23477/2025-11-20/1763038962.json"
"512557","146154","2025-11-20","45.00","NZD","1763038962","23477/2025-11-20/1763038962.json"
"581513","221281","2025-11-21","36.00","NZD","1763038962","23477/2025-11-21/1763038962.json"
"581514","221282","2025-11-21","36.00","NZD","1763038962","23477/2025-11-21/1763038962.json"
"512557","146154","2025-11-21","45.00","NZD","1763038962","23477/2025-11-21/1763038962.json"
"365170","146153","2025-11-21","48.00","NZD","1763038962","23477/2025-11-21/1763038962.json"
"510807","146155","2025-11-21","52.00","NZD","1763038962","23477/2025-11-21/1763038962.json"
"581513","221281","2025-11-22","36.00","NZD","1763038962","23477/2025-11-22/1763038962.json"
"581514","221282","2025-11-22","36.00","NZD","1763038962","23477/2025-11-22/1763038962.json"
"512557","146154","2025-11-22","45.00","NZD","1763038962","23477/2025-11-22/1763038962.json"
"365170","146153","2025-11-22","48.00","NZD","1763038962","23477/2025-11-22/1763038962.json"
"510807","146155","2025-11-22","52.00","NZD","1763038962","23477/2025-11-22/1763038962.json"
"581513","221281","2025-11-23","36.00","NZD","1763038962","23477/2025-11-23/1763038962.json"
"581514","221282","2025-11-23","36.00","NZD","1763038962","23477/2025-11-23/1763038962.json"
"512557","146154","2025-11-23","45.00","NZD","1763038962","23477/2025-11-23/1763038962.json"
"365170","146153","2025-11-23","48.00","NZD","1763038962","23477/2025-11-23/1763038962.json"
"510807","146155","2025-11-23","52.00","NZD","1763038962","23477/2025-11-23/1763038962.json"
"581513","221281","2025-11-24","36.00","NZD","1763038962","23477/2025-11-24/1763038962.json"
"581514","221282","2025-11-24","36.00","NZD","1763038962","23477/2025-11-24/1763038962.json"
"512557","146154","2025-11-24","45.00","NZD","1763038962","23477/2025-11-24/1763038962.json"
"365170","146153","2025-11-24","48.00","NZD","1763038962","23477/2025-11-24/1763038962.json"
"510807","146155","2025-11-24","52.00","NZD","1763038962","23477/2025-11-24/1763038962.json"
"581513","221281","2025-11-25","36.00","NZD","1763038962","23477/2025-11-25/1763038962.json"
"581514","221282","2025-11-25","36.00","NZD","1763038962","23477/2025-11-25/1763038962.json"
"512557","146154","2025-11-25","45.00","NZD","1763038962","23477/2025-11-25/1763038962.json"
"365170","146153","2025-11-25","48.00","NZD","1763038962","23477/2025-11-25/1763038962.json"
"510807","146155","2025-11-25","52.00","NZD","1763038962","23477/2025-11-25/1763038962.json"
"581513","221281","2025-11-26","36.00","NZD","1763038962","23477/2025-11-26/1763038962.json"
"581514","221282","2025-11-26","36.00","NZD","1763038962","23477/2025-11-26/1763038962.json"
"512557","146154","2025-11-26","45.00","NZD","1763038962","23477/2025-11-26/1763038962.json"
"365170","146153","2025-11-26","48.00","NZD","1763038962","23477/2025-11-26/1763038962.json"
"510807","146155","2025-11-26","52.00","NZD","1763038962","23477/2025-11-26/1763038962.json"
"581513","221281","2025-11-27","36.00","NZD","1763038962","23477/2025-11-27/1763038962.json"
"581514","221282","2025-11-27","36.00","NZD","1763038962","23477/2025-11-27/1763038962.json"
"512557","146154","2025-11-27","45.00","NZD","1763038962","23477/2025-11-27/1763038962.json"
"365170","146153","2025-11-27","48.00","NZD","1763038962","23477/2025-11-27/1763038962.json"
"510807","146155","2025-11-27","52.00","NZD","1763038962","23477/2025-11-27/1763038962.json"
"581513","221281","2025-11-28","36.00","NZD","1763038962","23477/2025-11-28/1763038962.json"
"581514","221282","2025-11-28","36.00","NZD","1763038962","23477/2025-11-28/1763038962.json"
"512557","146154","2025-11-28","45.00","NZD","1763038962","23477/2025-11-28/1763038962.json"
"365170","146153","2025-11-28","48.00","NZD","1763038962","23477/2025-11-28/1763038962.json"
"510807","146155","2025-11-28","52.00","NZD","1763038962","23477/2025-11-28/1763038962.json"
"581513","221281","2025-11-29","36.00","NZD","1763038962","23477/2025-11-29/1763038962.json"
"581514","221282","2025-11-29","36.00","NZD","1763038962","23477/2025-11-29/1763038962.json"
"512557","146154","2025-11-29","45.00","NZD","1763038962","23477/2025-11-29/1763038962.json"
"365170","146153","2025-11-29","48.00","NZD","1763038962","23477/2025-11-29/1763038962.json"
"510807","146155","2025-11-29","52.00","NZD","1763038962","23477/2025-11-29/1763038962.json"
"581513","221281","2025-11-30","36.00","NZD","1763038962","23477/2025-11-30/1763038962.json"
"581514","221282","2025-11-30","36.00","NZD","1763038962","23477/2025-11-30/1763038962.json"
"512557","146154","2025-11-30","45.00","NZD","1763038962","23477/2025-11-30/1763038962.json"
"365170","146153","2025-11-30","48.00","NZD","1763038962","23477/2025-11-30/1763038962.json"
"510807","146155","2025-11-30","52.00","NZD","1763038962","23477/2025-11-30/1763038962.json"
"581513","221281","2025-12-01","36.00","NZD","1763038962","23477/2025-12-01/1763038962.json"
"581514","221282","2025-12-01","36.00","NZD","1763038962","23477/2025-12-01/1763038962.json"
"512557","146154","2025-12-01","45.00","NZD","1763038962","23477/2025-12-01/1763038962.json"
"365170","146153","2025-12-01","48.00","NZD","1763038962","23477/2025-12-01/1763038962.json"
"510807","146155","2025-12-01","52.00","NZD","1763038962","23477/2025-12-01/1763038962.json"
"581513","221281","2025-12-02","36.00","NZD","1763038962","23477/2025-12-02/1763038962.json"
"581514","221282","2025-12-02","36.00","NZD","1763038962","23477/2025-12-02/1763038962.json"
"512557","146154","2025-12-02","45.00","NZD","1763038962","23477/2025-12-02/1763038962.json"
"365170","146153","2025-12-02","48.00","NZD","1763038962","23477/2025-12-02/1763038962.json"
"510807","146155","2025-12-02","52.00","NZD","1763038962","23477/2025-12-02/1763038962.json"
"581513","221281","2025-12-03","36.00","NZD","1763038962","23477/2025-12-03/1763038962.json"
"581514","221282","2025-12-03","36.00","NZD","1763038962","23477/2025-12-03/1763038962.json"
"512557","146154","2025-12-03","45.00","NZD","1763038962","23477/2025-12-03/1763038962.json"
"365170","146153","2025-12-03","48.00","NZD","1763038962","23477/2025-12-03/1763038962.json"
"510807","146155","2025-12-03","52.00","NZD","1763038962","23477/2025-12-03/1763038962.json"
"581513","221281","2025-12-04","36.00","NZD","1763038962","23477/2025-12-04/1763038962.json"
"581513","221281","2025-12-05","36.00","NZD","1763038962","23477/2025-12-05/1763038962.json"
"581514","221282","2025-12-04","36.00","NZD","1763038962","23477/2025-12-04/1763038962.json"
"581514","221282","2025-12-05","36.00","NZD","1763038962","23477/2025-12-05/1763038962.json"
"512557","146154","2025-12-04","45.00","NZD","1763038962","23477/2025-12-04/1763038962.json"
"512557","146154","2025-12-05","45.00","NZD","1763038962","23477/2025-12-05/1763038962.json"
"365170","146153","2025-12-04","48.00","NZD","1763038962","23477/2025-12-04/1763038962.json"
"365170","146153","2025-12-05","48.00","NZD","1763038962","23477/2025-12-05/1763038962.json"
"510807","146155","2025-12-05","52.00","NZD","1763038962","23477/2025-12-05/1763038962.json"
"510807","146155","2025-12-04","52.00","NZD","1763038962","23477/2025-12-04/1763038962.json"
"581513","221281","2025-12-06","36.00","NZD","1763038962","23477/2025-12-06/1763038962.json"
"581514","221282","2025-12-06","36.00","NZD","1763038962","23477/2025-12-06/1763038962.json"
"512557","146154","2025-12-06","45.00","NZD","1763038962","23477/2025-12-06/1763038962.json"
"365170","146153","2025-12-06","48.00","NZD","1763038962","23477/2025-12-06/1763038962.json"
"510807","146155","2025-12-06","52.00","NZD","1763038962","23477/2025-12-06/1763038962.json"
"581513","221281","2025-12-07","36.00","NZD","1763038962","23477/2025-12-07/1763038962.json"
"581514","221282","2025-12-07","36.00","NZD","1763038962","23477/2025-12-07/1763038962.json"
"512557","146154","2025-12-07","45.00","NZD","1763038962","23477/2025-12-07/1763038962.json"
"365170","146153","2025-12-07","48.00","NZD","1763038962","23477/2025-12-07/1763038962.json"
"510807","146155","2025-12-07","52.00","NZD","1763038962","23477/2025-12-07/1763038962.json"
"581513","221281","2025-12-08","36.00","NZD","1763038962","23477/2025-12-08/1763038962.json"
"581514","221282","2025-12-08","36.00","NZD","1763038962","23477/2025-12-08/1763038962.json"
"512557","146154","2025-12-08","45.00","NZD","1763038962","23477/2025-12-08/1763038962.json"
"365170","146153","2025-12-08","48.00","NZD","1763038962","23477/2025-12-08/1763038962.json"
"510807","146155","2025-12-08","52.00","NZD","1763038962","23477/2025-12-08/1763038962.json"
"581513","221281","2025-12-09","36.00","NZD","1763038962","23477/2025-12-09/1763038962.json"
"581514","221282","2025-12-09","36.00","NZD","1763038962","23477/2025-12-09/1763038962.json"
"512557","146154","2025-12-09","45.00","NZD","1763038962","23477/2025-12-09/1763038962.json"
"365170","146153","2025-12-09","48.00","NZD","1763038962","23477/2025-12-09/1763038962.json"
"510807","146155","2025-12-09","52.00","NZD","1763038962","23477/2025-12-09/1763038962.json"
"581513","221281","2025-12-10","36.00","NZD","1763038962","23477/2025-12-10/1763038962.json"
"581514","221282","2025-12-10","36.00","NZD","1763038962","23477/2025-12-10/1763038962.json"
"512557","146154","2025-12-10","45.00","NZD","1763038962","23477/2025-12-10/1763038962.json"
"365170","146153","2025-12-10","48.00","NZD","1763038962","23477/2025-12-10/1763038962.json"
"510807","146155","2025-12-10","52.00","NZD","1763038962","23477/2025-12-10/1763038962.json"
"581513","221281","2025-12-13","36.00","NZD","1763038962","23477/2025-12-13/1763038962.json"
"581514","221282","2025-12-13","36.00","NZD","1763038962","23477/2025-12-13/1763038962.json"
"512557","146154","2025-12-13","45.00","NZD","1763038962","23477/2025-12-13/1763038962.json"
"365170","146153","2025-12-13","48.00","NZD","1763038962","23477/2025-12-13/1763038962.json"
"510807","146155","2025-12-13","52.00","NZD","1763038962","23477/2025-12-13/1763038962.json"
"581513","221281","2025-12-11","36.00","NZD","1763038962","23477/2025-12-11/1763038962.json"
"581514","221282","2025-12-11","36.00","NZD","1763038962","23477/2025-12-11/1763038962.json"
"512557","146154","2025-12-11","45.00","NZD","1763038962","23477/2025-12-11/1763038962.json"
"365170","146153","2025-12-11","48.00","NZD","1763038962","23477/2025-12-11/1763038962.json"
"510807","146155","2025-12-11","52.00","NZD","1763038962","23477/2025-12-11/1763038962.json"
"581513","221281","2025-12-12","36.00","NZD","1763038962","23477/2025-12-12/1763038962.json"
"581514","221282","2025-12-12","36.00","NZD","1763038962","23477/2025-12-12/1763038962.json"
"512557","146154","2025-12-12","45.00","NZD","1763038962","23477/2025-12-12/1763038962.json"
"365170","146153","2025-12-12","48.00","NZD","1763038962","23477/2025-12-12/1763038962.json"
"510807","146155","2025-12-12","52.00","NZD","1763038962","23477/2025-12-12/1763038962.json"
"581513","221281","2025-12-14","36.00","NZD","1763038962","23477/2025-12-14/1763038962.json"
"581514","221282","2025-12-14","36.00","NZD","1763038962","23477/2025-12-14/1763038962.json"
"512557","146154","2025-12-14","45.00","NZD","1763038962","23477/2025-12-14/1763038962.json"
"365170","146153","2025-12-14","48.00","NZD","1763038962","23477/2025-12-14/1763038962.json"
"510807","146155","2025-12-14","52.00","NZD","1763038962","23477/2025-12-14/1763038962.json"
"581513","221281","2025-12-15","36.00","NZD","1763038962","23477/2025-12-15/1763038962.json"
"581514","221282","2025-12-15","36.00","NZD","1763038962","23477/2025-12-15/1763038962.json"
"512557","146154","2025-12-15","45.00","NZD","1763038962","23477/2025-12-15/1763038962.json"
"365170","146153","2025-12-15","48.00","NZD","1763038962","23477/2025-12-15/1763038962.json"
"510807","146155","2025-12-15","52.00","NZD","1763038962","23477/2025-12-15/1763038962.json"
"581513","221281","2025-12-16","36.00","NZD","1763038962","23477/2025-12-16/1763038962.json"
"581514","221282","2025-12-16","36.00","NZD","1763038962","23477/2025-12-16/1763038962.json"
"512557","146154","2025-12-16","45.00","NZD","1763038962","23477/2025-12-16/1763038962.json"
"365170","146153","2025-12-16","48.00","NZD","1763038962","23477/2025-12-16/1763038962.json"
"510807","146155","2025-12-16","52.00","NZD","1763038962","23477/2025-12-16/1763038962.json"
"581513","221281","2025-12-17","36.00","NZD","1763038962","23477/2025-12-17/1763038962.json"
"581514","221282","2025-12-17","36.00","NZD","1763038962","23477/2025-12-17/1763038962.json"
"512557","146154","2025-12-17","45.00","NZD","1763038962","23477/2025-12-17/1763038962.json"
"365170","146153","2025-12-17","48.00","NZD","1763038962","23477/2025-12-17/1763038962.json"
"510807","146155","2025-12-17","52.00","NZD","1763038962","23477/2025-12-17/1763038962.json"
"581513","221281","2025-12-18","36.00","NZD","1763038962","23477/2025-12-18/1763038962.json"
"581514","221282","2025-12-18","36.00","NZD","1763038962","23477/2025-12-18/1763038962.json"
"512557","146154","2025-12-18","45.00","NZD","1763038962","23477/2025-12-18/1763038962.json"
"365170","146153","2025-12-18","48.00","NZD","1763038962","23477/2025-12-18/1763038962.json"
"510807","146155","2025-12-18","52.00","NZD","1763038962","23477/2025-12-18/1763038962.json"
"581513","221281","2025-12-19","36.00","NZD","1763038962","23477/2025-12-19/1763038962.json"
"581514","221282","2025-12-19","36.00","NZD","1763038962","23477/2025-12-19/1763038962.json"
"512557","146154","2025-12-19","45.00","NZD","1763038962","23477/2025-12-19/1763038962.json"
"365170","146153","2025-12-19","48.00","NZD","1763038962","23477/2025-12-19/1763038962.json"
"510807","146155","2025-12-19","52.00","NZD","1763038962","23477/2025-12-19/1763038962.json"
"581513","221281","2025-12-20","36.00","NZD","1763038962","23477/2025-12-20/1763038962.json"
"581514","221282","2025-12-20","36.00","NZD","1763038962","23477/2025-12-20/1763038962.json"
"512557","146154","2025-12-20","45.00","NZD","1763038962","23477/2025-12-20/1763038962.json"
"365170","146153","2025-12-20","48.00","NZD","1763038962","23477/2025-12-20/1763038962.json"
"510807","146155","2025-12-20","52.00","NZD","1763038962","23477/2025-12-20/1763038962.json"
"581513","221281","2025-12-21","36.00","NZD","1763038962","23477/2025-12-21/1763038962.json"
"581514","221282","2025-12-21","36.00","NZD","1763038962","23477/2025-12-21/1763038962.json"
"512557","146154","2025-12-21","45.00","NZD","1763038962","23477/2025-12-21/1763038962.json"
"365170","146153","2025-12-21","48.00","NZD","1763038962","23477/2025-12-21/1763038962.json"
"510807","146155","2025-12-21","52.00","NZD","1763038962","23477/2025-12-21/1763038962.json"
"581513","221281","2025-12-22","36.00","NZD","1763038962","23477/2025-12-22/1763038962.json"
"581514","221282","2025-12-22","36.00","NZD","1763038962","23477/2025-12-22/1763038962.json"
"512557","146154","2025-12-22","45.00","NZD","1763038962","23477/2025-12-22/1763038962.json"
"365170","146153","2025-12-22","48.00","NZD","1763038962","23477/2025-12-22/1763038962.json"
"510807","146155","2025-12-22","52.00","NZD","1763038962","23477/2025-12-22/1763038962.json"
"581513","221281","2025-12-23","38.00","NZD","1763038962","23477/2025-12-23/1763038962.json"
"581514","221282","2025-12-23","38.00","NZD","1763038962","23477/2025-12-23/1763038962.json"
"512557","146154","2025-12-23","45.00","NZD","1763038962","23477/2025-12-23/1763038962.json"
"365170","146153","2025-12-23","48.00","NZD","1763038962","23477/2025-12-23/1763038962.json"
"510807","146155","2025-12-23","52.00","NZD","1763038962","23477/2025-12-23/1763038962.json"
"581513","221281","2025-12-24","38.00","NZD","1763038962","23477/2025-12-24/1763038962.json"
"581514","221282","2025-12-24","38.00","NZD","1763038962","23477/2025-12-24/1763038962.json"
"512557","146154","2025-12-24","45.00","NZD","1763038962","23477/2025-12-24/1763038962.json"
"365170","146153","2025-12-24","48.00","NZD","1763038962","23477/2025-12-24/1763038962.json"
"510807","146155","2025-12-24","52.00","NZD","1763038962","23477/2025-12-24/1763038962.json"
"581513","221281","2025-12-25","38.00","NZD","1763038962","23477/2025-12-25/1763038962.json"
"581514","221282","2025-12-25","38.00","NZD","1763038962","23477/2025-12-25/1763038962.json"
"512557","146154","2025-12-25","45.00","NZD","1763038962","23477/2025-12-25/1763038962.json"
"365170","146153","2025-12-25","48.00","NZD","1763038962","23477/2025-12-25/1763038962.json"
"510807","146155","2025-12-25","52.00","NZD","1763038962","23477/2025-12-25/1763038962.json"
"581513","221281","2025-12-27","42.00","NZD","1763038962","23477/2025-12-27/1763038962.json"
"581513","221281","2025-12-26","42.00","NZD","1763038962","23477/2025-12-26/1763038962.json"
"581514","221282","2025-12-27","42.00","NZD","1763038962","23477/2025-12-27/1763038962.json"
"512557","146154","2025-12-27","45.00","NZD","1763038962","23477/2025-12-27/1763038962.json"
"581514","221282","2025-12-26","42.00","NZD","1763038962","23477/2025-12-26/1763038962.json"
"365170","146153","2025-12-27","48.00","NZD","1763038962","23477/2025-12-27/1763038962.json"
"510807","146155","2025-12-27","52.00","NZD","1763038962","23477/2025-12-27/1763038962.json"
"512557","146154","2025-12-26","45.00","NZD","1763038962","23477/2025-12-26/1763038962.json"
"365170","146153","2025-12-26","48.00","NZD","1763038962","23477/2025-12-26/1763038962.json"
"510807","146155","2025-12-26","52.00","NZD","1763038962","23477/2025-12-26/1763038962.json"
"581513","221281","2025-12-28","42.00","NZD","1763038962","23477/2025-12-28/1763038962.json"
"581514","221282","2025-12-28","42.00","NZD","1763038962","23477/2025-12-28/1763038962.json"
"512557","146154","2025-12-28","45.00","NZD","1763038962","23477/2025-12-28/1763038962.json"
"365170","146153","2025-12-28","48.00","NZD","1763038962","23477/2025-12-28/1763038962.json"
"510807","146155","2025-12-28","52.00","NZD","1763038962","23477/2025-12-28/1763038962.json"
"581513","221281","2025-12-29","42.00","NZD","1763038962","23477/2025-12-29/1763038962.json"
"581514","221282","2025-12-29","42.00","NZD","1763038962","23477/2025-12-29/1763038962.json"
"512557","146154","2025-12-29","45.00","NZD","1763038962","23477/2025-12-29/1763038962.json"
"365170","146153","2025-12-29","48.00","NZD","1763038962","23477/2025-12-29/1763038962.json"
"510807","146155","2025-12-29","52.00","NZD","1763038962","23477/2025-12-29/1763038962.json"
"581513","221281","2025-12-30","42.00","NZD","1763038962","23477/2025-12-30/1763038962.json"
"581514","221282","2025-12-30","42.00","NZD","1763038962","23477/2025-12-30/1763038962.json"
"512557","146154","2025-12-30","45.00","NZD","1763038962","23477/2025-12-30/1763038962.json"
"365170","146153","2025-12-30","48.00","NZD","1763038962","23477/2025-12-30/1763038962.json"
"510807","146155","2025-12-30","52.00","NZD","1763038962","23477/2025-12-30/1763038962.json"
"581513","221281","2025-12-31","42.00","NZD","1763038962","23477/2025-12-31/1763038962.json"
"581514","221282","2025-12-31","42.00","NZD","1763038962","23477/2025-12-31/1763038962.json"
"512557","146154","2025-12-31","45.00","NZD","1763038962","23477/2025-12-31/1763038962.json"
"365170","146153","2025-12-31","48.00","NZD","1763038962","23477/2025-12-31/1763038962.json"
"510807","146155","2025-12-31","52.00","NZD","1763038962","23477/2025-12-31/1763038962.json"
"581513","221281","2026-01-01","42.00","NZD","1763038962","23477/2026-01-01/1763038962.json"
"581514","221282","2026-01-01","42.00","NZD","1763038962","23477/2026-01-01/1763038962.json"
"512557","146154","2026-01-01","45.00","NZD","1763038962","23477/2026-01-01/1763038962.json"
"365170","146153","2026-01-01","48.00","NZD","1763038962","23477/2026-01-01/1763038962.json"
"510807","146155","2026-01-01","52.00","NZD","1763038962","23477/2026-01-01/1763038962.json"
"581513","221281","2026-01-02","42.00","NZD","1763038962","23477/2026-01-02/1763038962.json"
"581514","221282","2026-01-02","42.00","NZD","1763038962","23477/2026-01-02/1763038962.json"
"512557","146154","2026-01-02","45.00","NZD","1763038962","23477/2026-01-02/1763038962.json"
"365170","146153","2026-01-02","48.00","NZD","1763038962","23477/2026-01-02/1763038962.json"
"510807","146155","2026-01-02","52.00","NZD","1763038962","23477/2026-01-02/1763038962.json"
"581513","221281","2026-01-03","42.00","NZD","1763038962","23477/2026-01-03/1763038962.json"
"581514","221282","2026-01-03","42.00","NZD","1763038962","23477/2026-01-03/1763038962.json"
"512557","146154","2026-01-03","45.00","NZD","1763038962","23477/2026-01-03/1763038962.json"
"365170","146153","2026-01-03","48.00","NZD","1763038962","23477/2026-01-03/1763038962.json"
"510807","146155","2026-01-03","52.00","NZD","1763038962","23477/2026-01-03/1763038962.json"
"581513","221281","2026-01-05","36.00","NZD","1763038962","23477/2026-01-05/1763038962.json"
"581514","221282","2026-01-05","36.00","NZD","1763038962","23477/2026-01-05/1763038962.json"
"512557","146154","2026-01-05","45.00","NZD","1763038962","23477/2026-01-05/1763038962.json"
"365170","146153","2026-01-05","48.00","NZD","1763038962","23477/2026-01-05/1763038962.json"
"510807","146155","2026-01-05","52.00","NZD","1763038962","23477/2026-01-05/1763038962.json"
"581513","221281","2026-01-04","42.00","NZD","1763038962","23477/2026-01-04/1763038962.json"
"581514","221282","2026-01-04","42.00","NZD","1763038962","23477/2026-01-04/1763038962.json"
"512557","146154","2026-01-04","45.00","NZD","1763038962","23477/2026-01-04/1763038962.json"
"365170","146153","2026-01-04","48.00","NZD","1763038962","23477/2026-01-04/1763038962.json"
"510807","146155","2026-01-04","52.00","NZD","1763038962","23477/2026-01-04/1763038962.json"
"581513","221281","2026-01-06","36.00","NZD","1763038962","23477/2026-01-06/1763038962.json"
"581514","221282","2026-01-06","36.00","NZD","1763038962","23477/2026-01-06/1763038962.json"
"512557","146154","2026-01-06","45.00","NZD","1763038962","23477/2026-01-06/1763038962.json"
"365170","146153","2026-01-06","48.00","NZD","1763038962","23477/2026-01-06/1763038962.json"
"510807","146155","2026-01-06","52.00","NZD","1763038962","23477/2026-01-06/1763038962.json"
"581513","221281","2026-01-08","36.00","NZD","1763038962","23477/2026-01-08/1763038962.json"
"581514","221282","2026-01-08","36.00","NZD","1763038962","23477/2026-01-08/1763038962.json"
"512557","146154","2026-01-08","45.00","NZD","1763038962","23477/2026-01-08/1763038962.json"
"365170","146153","2026-01-08","48.00","NZD","1763038962","23477/2026-01-08/1763038962.json"
"510807","146155","2026-01-08","52.00","NZD","1763038962","23477/2026-01-08/1763038962.json"
"581513","221281","2026-01-07","36.00","NZD","1763038962","23477/2026-01-07/1763038962.json"
"581514","221282","2026-01-07","36.00","NZD","1763038962","23477/2026-01-07/1763038962.json"
"512557","146154","2026-01-07","45.00","NZD","1763038962","23477/2026-01-07/1763038962.json"
"365170","146153","2026-01-07","48.00","NZD","1763038962","23477/2026-01-07/1763038962.json"
"510807","146155","2026-01-07","52.00","NZD","1763038962","23477/2026-01-07/1763038962.json"
"581513","221281","2026-01-09","36.00","NZD","1763038962","23477/2026-01-09/1763038962.json"
"581514","221282","2026-01-09","36.00","NZD","1763038962","23477/2026-01-09/1763038962.json"
"512557","146154","2026-01-09","45.00","NZD","1763038962","23477/2026-01-09/1763038962.json"
"365170","146153","2026-01-09","48.00","NZD","1763038962","23477/2026-01-09/1763038962.json"
"510807","146155","2026-01-09","52.00","NZD","1763038962","23477/2026-01-09/1763038962.json"
"581513","221281","2026-01-10","36.00","NZD","1763038962","23477/2026-01-10/1763038962.json"
"581514","221282","2026-01-10","36.00","NZD","1763038962","23477/2026-01-10/1763038962.json"
"512557","146154","2026-01-10","45.00","NZD","1763038962","23477/2026-01-10/1763038962.json"
"365170","146153","2026-01-10","48.00","NZD","1763038962","23477/2026-01-10/1763038962.json"
"510807","146155","2026-01-10","52.00","NZD","1763038962","23477/2026-01-10/1763038962.json"
"581513","221281","2026-01-12","36.00","NZD","1763038962","23477/2026-01-12/1763038962.json"
"581514","221282","2026-01-12","36.00","NZD","1763038962","23477/2026-01-12/1763038962.json"
"512557","146154","2026-01-12","45.00","NZD","1763038962","23477/2026-01-12/1763038962.json"
"365170","146153","2026-01-12","48.00","NZD","1763038962","23477/2026-01-12/1763038962.json"
"510807","146155","2026-01-12","52.00","NZD","1763038962","23477/2026-01-12/1763038962.json"
"581513","221281","2026-01-11","36.00","NZD","1763038962","23477/2026-01-11/1763038962.json"
"581514","221282","2026-01-11","36.00","NZD","1763038962","23477/2026-01-11/1763038962.json"
"512557","146154","2026-01-11","45.00","NZD","1763038962","23477/2026-01-11/1763038962.json"
"365170","146153","2026-01-11","48.00","NZD","1763038962","23477/2026-01-11/1763038962.json"
"510807","146155","2026-01-11","52.00","NZD","1763038962","23477/2026-01-11/1763038962.json"
"581513","221281","2025-11-14","36.00","NZD","1763052214","23477/2025-11-14/1763052214.json"
"581514","221282","2025-11-14","36.00","NZD","1763052214","23477/2025-11-14/1763052214.json"
"512557","146154","2025-11-14","45.00","NZD","1763052214","23477/2025-11-14/1763052214.json"
"365170","146153","2025-11-14","48.00","NZD","1763052214","23477/2025-11-14/1763052214.json"
"510807","146155","2025-11-14","52.00","NZD","1763052214","23477/2025-11-14/1763052214.json"
"581513","221281","2025-11-15","36.00","NZD","1763052214","23477/2025-11-15/1763052214.json"
"581514","221282","2025-11-15","36.00","NZD","1763052214","23477/2025-11-15/1763052214.json"
"512557","146154","2025-11-15","45.00","NZD","1763052214","23477/2025-11-15/1763052214.json"
"365170","146153","2025-11-15","48.00","NZD","1763052214","23477/2025-11-15/1763052214.json"
"510807","146155","2025-11-15","52.00","NZD","1763052214","23477/2025-11-15/1763052214.json"
"581513","221281","2025-11-16","36.00","NZD","1763052214","23477/2025-11-16/1763052214.json"
"581514","221282","2025-11-16","36.00","NZD","1763052214","23477/2025-11-16/1763052214.json"
"512557","146154","2025-11-16","45.00","NZD","1763052214","23477/2025-11-16/1763052214.json"
"365170","146153","2025-11-16","48.00","NZD","1763052214","23477/2025-11-16/1763052214.json"
"510807","146155","2025-11-16","52.00","NZD","1763052214","23477/2025-11-16/1763052214.json"
"581513","221281","2025-11-17","36.00","NZD","1763052214","23477/2025-11-17/1763052214.json"
"581514","221282","2025-11-17","36.00","NZD","1763052214","23477/2025-11-17/1763052214.json"
"512557","146154","2025-11-17","45.00","NZD","1763052214","23477/2025-11-17/1763052214.json"
"365170","146153","2025-11-17","48.00","NZD","1763052214","23477/2025-11-17/1763052214.json"
"510807","146155","2025-11-17","52.00","NZD","1763052214","23477/2025-11-17/1763052214.json"
"581513","221281","2025-11-19","36.00","NZD","1763052214","23477/2025-11-19/1763052214.json"
"581514","221282","2025-11-19","36.00","NZD","1763052214","23477/2025-11-19/1763052214.json"
"512557","146154","2025-11-19","45.00","NZD","1763052214","23477/2025-11-19/1763052214.json"
"365170","146153","2025-11-19","48.00","NZD","1763052214","23477/2025-11-19/1763052214.json"
"510807","146155","2025-11-19","52.00","NZD","1763052214","23477/2025-11-19/1763052214.json"
"581513","221281","2025-11-20","36.00","NZD","1763052214","23477/2025-11-20/1763052214.json"
"581514","221282","2025-11-20","36.00","NZD","1763052214","23477/2025-11-20/1763052214.json"
"512557","146154","2025-11-20","45.00","NZD","1763052214","23477/2025-11-20/1763052214.json"
"581513","221281","2025-11-21","36.00","NZD","1763052214","23477/2025-11-21/1763052214.json"
"581514","221282","2025-11-21","36.00","NZD","1763052214","23477/2025-11-21/1763052214.json"
"512557","146154","2025-11-21","45.00","NZD","1763052214","23477/2025-11-21/1763052214.json"
"365170","146153","2025-11-21","48.00","NZD","1763052214","23477/2025-11-21/1763052214.json"
"510807","146155","2025-11-21","52.00","NZD","1763052214","23477/2025-11-21/1763052214.json"
"581513","221281","2025-11-18","36.00","NZD","1763052214","23477/2025-11-18/1763052214.json"
"581514","221282","2025-11-18","36.00","NZD","1763052214","23477/2025-11-18/1763052214.json"
"512557","146154","2025-11-18","45.00","NZD","1763052214","23477/2025-11-18/1763052214.json"
"365170","146153","2025-11-18","48.00","NZD","1763052214","23477/2025-11-18/1763052214.json"
"510807","146155","2025-11-18","52.00","NZD","1763052214","23477/2025-11-18/1763052214.json"
"581513","221281","2025-11-23","36.00","NZD","1763052214","23477/2025-11-23/1763052214.json"
"581514","221282","2025-11-23","36.00","NZD","1763052214","23477/2025-11-23/1763052214.json"
"512557","146154","2025-11-23","45.00","NZD","1763052214","23477/2025-11-23/1763052214.json"
"365170","146153","2025-11-23","48.00","NZD","1763052214","23477/2025-11-23/1763052214.json"
"510807","146155","2025-11-23","52.00","NZD","1763052214","23477/2025-11-23/1763052214.json"
"581513","221281","2025-11-24","36.00","NZD","1763052214","23477/2025-11-24/1763052214.json"
"581514","221282","2025-11-24","36.00","NZD","1763052214","23477/2025-11-24/1763052214.json"
"512557","146154","2025-11-24","45.00","NZD","1763052214","23477/2025-11-24/1763052214.json"
"365170","146153","2025-11-24","48.00","NZD","1763052214","23477/2025-11-24/1763052214.json"
"510807","146155","2025-11-24","52.00","NZD","1763052214","23477/2025-11-24/1763052214.json"
"581513","221281","2025-11-22","36.00","NZD","1763052214","23477/2025-11-22/1763052214.json"
"581514","221282","2025-11-22","36.00","NZD","1763052214","23477/2025-11-22/1763052214.json"
"512557","146154","2025-11-22","45.00","NZD","1763052214","23477/2025-11-22/1763052214.json"
"365170","146153","2025-11-22","48.00","NZD","1763052214","23477/2025-11-22/1763052214.json"
"510807","146155","2025-11-22","52.00","NZD","1763052214","23477/2025-11-22/1763052214.json"
"581513","221281","2025-11-25","36.00","NZD","1763052214","23477/2025-11-25/1763052214.json"
"581514","221282","2025-11-25","36.00","NZD","1763052214","23477/2025-11-25/1763052214.json"
"512557","146154","2025-11-25","45.00","NZD","1763052214","23477/2025-11-25/1763052214.json"
"365170","146153","2025-11-25","48.00","NZD","1763052214","23477/2025-11-25/1763052214.json"
"510807","146155","2025-11-25","52.00","NZD","1763052214","23477/2025-11-25/1763052214.json"
"581513","221281","2025-11-27","36.00","NZD","1763052214","23477/2025-11-27/1763052214.json"
"581514","221282","2025-11-27","36.00","NZD","1763052214","23477/2025-11-27/1763052214.json"
"512557","146154","2025-11-27","45.00","NZD","1763052214","23477/2025-11-27/1763052214.json"
"365170","146153","2025-11-27","48.00","NZD","1763052214","23477/2025-11-27/1763052214.json"
"510807","146155","2025-11-27","52.00","NZD","1763052214","23477/2025-11-27/1763052214.json"
"581513","221281","2025-11-26","36.00","NZD","1763052214","23477/2025-11-26/1763052214.json"
"581514","221282","2025-11-26","36.00","NZD","1763052214","23477/2025-11-26/1763052214.json"
"512557","146154","2025-11-26","45.00","NZD","1763052214","23477/2025-11-26/1763052214.json"
"365170","146153","2025-11-26","48.00","NZD","1763052214","23477/2025-11-26/1763052214.json"
"510807","146155","2025-11-26","52.00","NZD","1763052214","23477/2025-11-26/1763052214.json"
"581513","221281","2025-11-28","36.00","NZD","1763052214","23477/2025-11-28/1763052214.json"
"581514","221282","2025-11-28","36.00","NZD","1763052214","23477/2025-11-28/1763052214.json"
"512557","146154","2025-11-28","45.00","NZD","1763052214","23477/2025-11-28/1763052214.json"
"365170","146153","2025-11-28","48.00","NZD","1763052214","23477/2025-11-28/1763052214.json"
"510807","146155","2025-11-28","52.00","NZD","1763052214","23477/2025-11-28/1763052214.json"
"581513","221281","2025-11-29","36.00","NZD","1763052214","23477/2025-11-29/1763052214.json"
"581514","221282","2025-11-29","36.00","NZD","1763052214","23477/2025-11-29/1763052214.json"
"512557","146154","2025-11-29","45.00","NZD","1763052214","23477/2025-11-29/1763052214.json"
"365170","146153","2025-11-29","48.00","NZD","1763052214","23477/2025-11-29/1763052214.json"
"510807","146155","2025-11-29","52.00","NZD","1763052214","23477/2025-11-29/1763052214.json"
"581513","221281","2025-11-30","36.00","NZD","1763052214","23477/2025-11-30/1763052214.json"
"581514","221282","2025-11-30","36.00","NZD","1763052214","23477/2025-11-30/1763052214.json"
"512557","146154","2025-11-30","45.00","NZD","1763052214","23477/2025-11-30/1763052214.json"
"365170","146153","2025-11-30","48.00","NZD","1763052214","23477/2025-11-30/1763052214.json"
"510807","146155","2025-11-30","52.00","NZD","1763052214","23477/2025-11-30/1763052214.json"
"581513","221281","2025-12-02","36.00","NZD","1763052214","23477/2025-12-02/1763052214.json"
"581514","221282","2025-12-02","36.00","NZD","1763052214","23477/2025-12-02/1763052214.json"
"512557","146154","2025-12-02","45.00","NZD","1763052214","23477/2025-12-02/1763052214.json"
"365170","146153","2025-12-02","48.00","NZD","1763052214","23477/2025-12-02/1763052214.json"
"510807","146155","2025-12-02","52.00","NZD","1763052214","23477/2025-12-02/1763052214.json"
"581513","221281","2025-12-01","36.00","NZD","1763052214","23477/2025-12-01/1763052214.json"
"581514","221282","2025-12-01","36.00","NZD","1763052214","23477/2025-12-01/1763052214.json"
"512557","146154","2025-12-01","45.00","NZD","1763052214","23477/2025-12-01/1763052214.json"
"365170","146153","2025-12-01","48.00","NZD","1763052214","23477/2025-12-01/1763052214.json"
"510807","146155","2025-12-01","52.00","NZD","1763052214","23477/2025-12-01/1763052214.json"
"581513","221281","2025-12-03","36.00","NZD","1763052214","23477/2025-12-03/1763052214.json"
"581514","221282","2025-12-03","36.00","NZD","1763052214","23477/2025-12-03/1763052214.json"
"512557","146154","2025-12-03","45.00","NZD","1763052214","23477/2025-12-03/1763052214.json"
"365170","146153","2025-12-03","48.00","NZD","1763052214","23477/2025-12-03/1763052214.json"
"510807","146155","2025-12-03","52.00","NZD","1763052214","23477/2025-12-03/1763052214.json"
"581513","221281","2025-12-04","36.00","NZD","1763052214","23477/2025-12-04/1763052214.json"
"581514","221282","2025-12-04","36.00","NZD","1763052214","23477/2025-12-04/1763052214.json"
"512557","146154","2025-12-04","45.00","NZD","1763052214","23477/2025-12-04/1763052214.json"
"365170","146153","2025-12-04","48.00","NZD","1763052214","23477/2025-12-04/1763052214.json"
"510807","146155","2025-12-04","52.00","NZD","1763052214","23477/2025-12-04/1763052214.json"
"581513","221281","2025-12-05","36.00","NZD","1763052214","23477/2025-12-05/1763052214.json"
"581514","221282","2025-12-05","36.00","NZD","1763052214","23477/2025-12-05/1763052214.json"
"512557","146154","2025-12-05","45.00","NZD","1763052214","23477/2025-12-05/1763052214.json"
"365170","146153","2025-12-05","48.00","NZD","1763052214","23477/2025-12-05/1763052214.json"
"510807","146155","2025-12-05","52.00","NZD","1763052214","23477/2025-12-05/1763052214.json"
"581513","221281","2025-12-07","36.00","NZD","1763052214","23477/2025-12-07/1763052214.json"
"581514","221282","2025-12-07","36.00","NZD","1763052214","23477/2025-12-07/1763052214.json"
"512557","146154","2025-12-07","45.00","NZD","1763052214","23477/2025-12-07/1763052214.json"
"365170","146153","2025-12-07","48.00","NZD","1763052214","23477/2025-12-07/1763052214.json"
"510807","146155","2025-12-07","52.00","NZD","1763052214","23477/2025-12-07/1763052214.json"
"581513","221281","2025-12-06","36.00","NZD","1763052214","23477/2025-12-06/1763052214.json"
"581514","221282","2025-12-06","36.00","NZD","1763052214","23477/2025-12-06/1763052214.json"
"512557","146154","2025-12-06","45.00","NZD","1763052214","23477/2025-12-06/1763052214.json"
"365170","146153","2025-12-06","48.00","NZD","1763052214","23477/2025-12-06/1763052214.json"
"510807","146155","2025-12-06","52.00","NZD","1763052214","23477/2025-12-06/1763052214.json"
"581513","221281","2025-12-08","36.00","NZD","1763052214","23477/2025-12-08/1763052214.json"
"581514","221282","2025-12-08","36.00","NZD","1763052214","23477/2025-12-08/1763052214.json"
"512557","146154","2025-12-08","45.00","NZD","1763052214","23477/2025-12-08/1763052214.json"
"365170","146153","2025-12-08","48.00","NZD","1763052214","23477/2025-12-08/1763052214.json"
"510807","146155","2025-12-08","52.00","NZD","1763052214","23477/2025-12-08/1763052214.json"
"581513","221281","2025-12-09","36.00","NZD","1763052214","23477/2025-12-09/1763052214.json"
"581514","221282","2025-12-09","36.00","NZD","1763052214","23477/2025-12-09/1763052214.json"
"512557","146154","2025-12-09","45.00","NZD","1763052214","23477/2025-12-09/1763052214.json"
"365170","146153","2025-12-09","48.00","NZD","1763052214","23477/2025-12-09/1763052214.json"
"510807","146155","2025-12-09","52.00","NZD","1763052214","23477/2025-12-09/1763052214.json"
"581513","221281","2025-12-10","36.00","NZD","1763052214","23477/2025-12-10/1763052214.json"
"581514","221282","2025-12-10","36.00","NZD","1763052214","23477/2025-12-10/1763052214.json"
"512557","146154","2025-12-10","45.00","NZD","1763052214","23477/2025-12-10/1763052214.json"
"365170","146153","2025-12-10","48.00","NZD","1763052214","23477/2025-12-10/1763052214.json"
"510807","146155","2025-12-10","52.00","NZD","1763052214","23477/2025-12-10/1763052214.json"
"581513","221281","2025-12-12","36.00","NZD","1763052214","23477/2025-12-12/1763052214.json"
"581514","221282","2025-12-12","36.00","NZD","1763052214","23477/2025-12-12/1763052214.json"
"512557","146154","2025-12-12","45.00","NZD","1763052214","23477/2025-12-12/1763052214.json"
"365170","146153","2025-12-12","48.00","NZD","1763052214","23477/2025-12-12/1763052214.json"
"510807","146155","2025-12-12","52.00","NZD","1763052214","23477/2025-12-12/1763052214.json"
"581513","221281","2025-12-11","36.00","NZD","1763052214","23477/2025-12-11/1763052214.json"
"581514","221282","2025-12-11","36.00","NZD","1763052214","23477/2025-12-11/1763052214.json"
"512557","146154","2025-12-11","45.00","NZD","1763052214","23477/2025-12-11/1763052214.json"
"365170","146153","2025-12-11","48.00","NZD","1763052214","23477/2025-12-11/1763052214.json"
"510807","146155","2025-12-11","52.00","NZD","1763052214","23477/2025-12-11/1763052214.json"
"581513","221281","2025-12-13","36.00","NZD","1763052214","23477/2025-12-13/1763052214.json"
"581514","221282","2025-12-13","36.00","NZD","1763052214","23477/2025-12-13/1763052214.json"
"512557","146154","2025-12-13","45.00","NZD","1763052214","23477/2025-12-13/1763052214.json"
"365170","146153","2025-12-13","48.00","NZD","1763052214","23477/2025-12-13/1763052214.json"
"510807","146155","2025-12-13","52.00","NZD","1763052214","23477/2025-12-13/1763052214.json"
"581513","221281","2025-12-14","36.00","NZD","1763052214","23477/2025-12-14/1763052214.json"
"581514","221282","2025-12-14","36.00","NZD","1763052214","23477/2025-12-14/1763052214.json"
"512557","146154","2025-12-14","45.00","NZD","1763052214","23477/2025-12-14/1763052214.json"
"365170","146153","2025-12-14","48.00","NZD","1763052214","23477/2025-12-14/1763052214.json"
"510807","146155","2025-12-14","52.00","NZD","1763052214","23477/2025-12-14/1763052214.json"
"581513","221281","2025-12-15","36.00","NZD","1763052214","23477/2025-12-15/1763052214.json"
"581514","221282","2025-12-15","36.00","NZD","1763052214","23477/2025-12-15/1763052214.json"
"512557","146154","2025-12-15","45.00","NZD","1763052214","23477/2025-12-15/1763052214.json"
"365170","146153","2025-12-15","48.00","NZD","1763052214","23477/2025-12-15/1763052214.json"
"510807","146155","2025-12-15","52.00","NZD","1763052214","23477/2025-12-15/1763052214.json"
"581513","221281","2025-12-18","36.00","NZD","1763052214","23477/2025-12-18/1763052214.json"
"581514","221282","2025-12-18","36.00","NZD","1763052214","23477/2025-12-18/1763052214.json"
"512557","146154","2025-12-18","45.00","NZD","1763052214","23477/2025-12-18/1763052214.json"
"365170","146153","2025-12-18","48.00","NZD","1763052214","23477/2025-12-18/1763052214.json"
"510807","146155","2025-12-18","52.00","NZD","1763052214","23477/2025-12-18/1763052214.json"
"581513","221281","2025-12-16","36.00","NZD","1763052214","23477/2025-12-16/1763052214.json"
"581514","221282","2025-12-16","36.00","NZD","1763052214","23477/2025-12-16/1763052214.json"
"512557","146154","2025-12-16","45.00","NZD","1763052214","23477/2025-12-16/1763052214.json"
"365170","146153","2025-12-16","48.00","NZD","1763052214","23477/2025-12-16/1763052214.json"
"510807","146155","2025-12-16","52.00","NZD","1763052214","23477/2025-12-16/1763052214.json"
"581513","221281","2025-12-17","36.00","NZD","1763052214","23477/2025-12-17/1763052214.json"
"581514","221282","2025-12-17","36.00","NZD","1763052214","23477/2025-12-17/1763052214.json"
"512557","146154","2025-12-17","45.00","NZD","1763052214","23477/2025-12-17/1763052214.json"
"365170","146153","2025-12-17","48.00","NZD","1763052214","23477/2025-12-17/1763052214.json"
"510807","146155","2025-12-17","52.00","NZD","1763052214","23477/2025-12-17/1763052214.json"
"581513","221281","2025-12-19","36.00","NZD","1763052214","23477/2025-12-19/1763052214.json"
"581514","221282","2025-12-19","36.00","NZD","1763052214","23477/2025-12-19/1763052214.json"
"512557","146154","2025-12-19","45.00","NZD","1763052214","23477/2025-12-19/1763052214.json"
"365170","146153","2025-12-19","48.00","NZD","1763052214","23477/2025-12-19/1763052214.json"
"510807","146155","2025-12-19","52.00","NZD","1763052214","23477/2025-12-19/1763052214.json"
"581513","221281","2025-12-23","38.00","NZD","1763052214","23477/2025-12-23/1763052214.json"
"581514","221282","2025-12-23","38.00","NZD","1763052214","23477/2025-12-23/1763052214.json"
"512557","146154","2025-12-23","45.00","NZD","1763052214","23477/2025-12-23/1763052214.json"
"365170","146153","2025-12-23","48.00","NZD","1763052214","23477/2025-12-23/1763052214.json"
"510807","146155","2025-12-23","52.00","NZD","1763052214","23477/2025-12-23/1763052214.json"
"581513","221281","2025-12-22","36.00","NZD","1763052214","23477/2025-12-22/1763052214.json"
"581514","221282","2025-12-22","36.00","NZD","1763052214","23477/2025-12-22/1763052214.json"
"512557","146154","2025-12-22","45.00","NZD","1763052214","23477/2025-12-22/1763052214.json"
"365170","146153","2025-12-22","48.00","NZD","1763052214","23477/2025-12-22/1763052214.json"
"510807","146155","2025-12-22","52.00","NZD","1763052214","23477/2025-12-22/1763052214.json"
"581513","221281","2025-12-20","36.00","NZD","1763052214","23477/2025-12-20/1763052214.json"
"581514","221282","2025-12-20","36.00","NZD","1763052214","23477/2025-12-20/1763052214.json"
"512557","146154","2025-12-20","45.00","NZD","1763052214","23477/2025-12-20/1763052214.json"
"365170","146153","2025-12-20","48.00","NZD","1763052214","23477/2025-12-20/1763052214.json"
"510807","146155","2025-12-20","52.00","NZD","1763052214","23477/2025-12-20/1763052214.json"
"581513","221281","2025-12-21","36.00","NZD","1763052214","23477/2025-12-21/1763052214.json"
"581514","221282","2025-12-21","36.00","NZD","1763052214","23477/2025-12-21/1763052214.json"
"512557","146154","2025-12-21","45.00","NZD","1763052214","23477/2025-12-21/1763052214.json"
"365170","146153","2025-12-21","48.00","NZD","1763052214","23477/2025-12-21/1763052214.json"
"510807","146155","2025-12-21","52.00","NZD","1763052214","23477/2025-12-21/1763052214.json"
"581513","221281","2025-12-27","42.00","NZD","1763052214","23477/2025-12-27/1763052214.json"
"581514","221282","2025-12-27","42.00","NZD","1763052214","23477/2025-12-27/1763052214.json"
"512557","146154","2025-12-27","45.00","NZD","1763052214","23477/2025-12-27/1763052214.json"
"365170","146153","2025-12-27","48.00","NZD","1763052214","23477/2025-12-27/1763052214.json"
"510807","146155","2025-12-27","52.00","NZD","1763052214","23477/2025-12-27/1763052214.json"
"581513","221281","2025-12-25","38.00","NZD","1763052214","23477/2025-12-25/1763052214.json"
"581514","221282","2025-12-25","38.00","NZD","1763052214","23477/2025-12-25/1763052214.json"
"512557","146154","2025-12-25","45.00","NZD","1763052214","23477/2025-12-25/1763052214.json"
"365170","146153","2025-12-25","48.00","NZD","1763052214","23477/2025-12-25/1763052214.json"
"510807","146155","2025-12-25","52.00","NZD","1763052214","23477/2025-12-25/1763052214.json"
"581513","221281","2025-12-24","38.00","NZD","1763052214","23477/2025-12-24/1763052214.json"
"581514","221282","2025-12-24","38.00","NZD","1763052214","23477/2025-12-24/1763052214.json"
"512557","146154","2025-12-24","45.00","NZD","1763052214","23477/2025-12-24/1763052214.json"
"365170","146153","2025-12-24","48.00","NZD","1763052214","23477/2025-12-24/1763052214.json"
"510807","146155","2025-12-24","52.00","NZD","1763052214","23477/2025-12-24/1763052214.json"
"581513","221281","2025-12-26","42.00","NZD","1763052214","23477/2025-12-26/1763052214.json"
"581514","221282","2025-12-26","42.00","NZD","1763052214","23477/2025-12-26/1763052214.json"
"512557","146154","2025-12-26","45.00","NZD","1763052214","23477/2025-12-26/1763052214.json"
"365170","146153","2025-12-26","48.00","NZD","1763052214","23477/2025-12-26/1763052214.json"
"510807","146155","2025-12-26","52.00","NZD","1763052214","23477/2025-12-26/1763052214.json"
"581513","221281","2025-12-29","42.00","NZD","1763052214","23477/2025-12-29/1763052214.json"
"581514","221282","2025-12-29","42.00","NZD","1763052214","23477/2025-12-29/1763052214.json"
"512557","146154","2025-12-29","45.00","NZD","1763052214","23477/2025-12-29/1763052214.json"
"365170","146153","2025-12-29","48.00","NZD","1763052214","23477/2025-12-29/1763052214.json"
"510807","146155","2025-12-29","52.00","NZD","1763052214","23477/2025-12-29/1763052214.json"
"581513","221281","2025-12-28","42.00","NZD","1763052214","23477/2025-12-28/1763052214.json"
"581514","221282","2025-12-28","42.00","NZD","1763052214","23477/2025-12-28/1763052214.json"
"512557","146154","2025-12-28","45.00","NZD","1763052214","23477/2025-12-28/1763052214.json"
"365170","146153","2025-12-28","48.00","NZD","1763052214","23477/2025-12-28/1763052214.json"
"510807","146155","2025-12-28","52.00","NZD","1763052214","23477/2025-12-28/1763052214.json"
"581513","221281","2025-12-30","42.00","NZD","1763052214","23477/2025-12-30/1763052214.json"
"581514","221282","2025-12-30","42.00","NZD","1763052214","23477/2025-12-30/1763052214.json"
"512557","146154","2025-12-30","45.00","NZD","1763052214","23477/2025-12-30/1763052214.json"
"365170","146153","2025-12-30","48.00","NZD","1763052214","23477/2025-12-30/1763052214.json"
"510807","146155","2025-12-30","52.00","NZD","1763052214","23477/2025-12-30/1763052214.json"
"581513","221281","2025-12-31","42.00","NZD","1763052214","23477/2025-12-31/1763052214.json"
"581514","221282","2025-12-31","42.00","NZD","1763052214","23477/2025-12-31/1763052214.json"
"512557","146154","2025-12-31","45.00","NZD","1763052214","23477/2025-12-31/1763052214.json"
"365170","146153","2025-12-31","48.00","NZD","1763052214","23477/2025-12-31/1763052214.json"
"510807","146155","2025-12-31","52.00","NZD","1763052214","23477/2025-12-31/1763052214.json"
"581513","221281","2026-01-01","42.00","NZD","1763052214","23477/2026-01-01/1763052214.json"
"581514","221282","2026-01-01","42.00","NZD","1763052214","23477/2026-01-01/1763052214.json"
"512557","146154","2026-01-01","45.00","NZD","1763052214","23477/2026-01-01/1763052214.json"
"365170","146153","2026-01-01","48.00","NZD","1763052214","23477/2026-01-01/1763052214.json"
"510807","146155","2026-01-01","52.00","NZD","1763052214","23477/2026-01-01/1763052214.json"
"581513","221281","2026-01-03","42.00","NZD","1763052214","23477/2026-01-03/1763052214.json"
"581514","221282","2026-01-03","42.00","NZD","1763052214","23477/2026-01-03/1763052214.json"
"512557","146154","2026-01-03","45.00","NZD","1763052214","23477/2026-01-03/1763052214.json"
"365170","146153","2026-01-03","48.00","NZD","1763052214","23477/2026-01-03/1763052214.json"
"510807","146155","2026-01-03","52.00","NZD","1763052214","23477/2026-01-03/1763052214.json"
"581513","221281","2026-01-02","42.00","NZD","1763052214","23477/2026-01-02/1763052214.json"
"581514","221282","2026-01-02","42.00","NZD","1763052214","23477/2026-01-02/1763052214.json"
"512557","146154","2026-01-02","45.00","NZD","1763052214","23477/2026-01-02/1763052214.json"
"365170","146153","2026-01-02","48.00","NZD","1763052214","23477/2026-01-02/1763052214.json"
"510807","146155","2026-01-02","52.00","NZD","1763052214","23477/2026-01-02/1763052214.json"
"581513","221281","2026-01-04","42.00","NZD","1763052214","23477/2026-01-04/1763052214.json"
"581514","221282","2026-01-04","42.00","NZD","1763052214","23477/2026-01-04/1763052214.json"
"512557","146154","2026-01-04","45.00","NZD","1763052214","23477/2026-01-04/1763052214.json"
"365170","146153","2026-01-04","48.00","NZD","1763052214","23477/2026-01-04/1763052214.json"
"510807","146155","2026-01-04","52.00","NZD","1763052214","23477/2026-01-04/1763052214.json"
"581513","221281","2026-01-05","36.00","NZD","1763052214","23477/2026-01-05/1763052214.json"
"581514","221282","2026-01-05","36.00","NZD","1763052214","23477/2026-01-05/1763052214.json"
"512557","146154","2026-01-05","45.00","NZD","1763052214","23477/2026-01-05/1763052214.json"
"365170","146153","2026-01-05","48.00","NZD","1763052214","23477/2026-01-05/1763052214.json"
"510807","146155","2026-01-05","52.00","NZD","1763052214","23477/2026-01-05/1763052214.json"
"581513","221281","2026-01-06","36.00","NZD","1763052214","23477/2026-01-06/1763052214.json"
"581514","221282","2026-01-06","36.00","NZD","1763052214","23477/2026-01-06/1763052214.json"
"512557","146154","2026-01-06","45.00","NZD","1763052214","23477/2026-01-06/1763052214.json"
"365170","146153","2026-01-06","48.00","NZD","1763052214","23477/2026-01-06/1763052214.json"
"510807","146155","2026-01-06","52.00","NZD","1763052214","23477/2026-01-06/1763052214.json"
"581513","221281","2026-01-07","36.00","NZD","1763052214","23477/2026-01-07/1763052214.json"
"581514","221282","2026-01-07","36.00","NZD","1763052214","23477/2026-01-07/1763052214.json"
"512557","146154","2026-01-07","45.00","NZD","1763052214","23477/2026-01-07/1763052214.json"
"365170","146153","2026-01-07","48.00","NZD","1763052214","23477/2026-01-07/1763052214.json"
"510807","146155","2026-01-07","52.00","NZD","1763052214","23477/2026-01-07/1763052214.json"
"581513","221281","2026-01-08","36.00","NZD","1763052214","23477/2026-01-08/1763052214.json"
"581514","221282","2026-01-08","36.00","NZD","1763052214","23477/2026-01-08/1763052214.json"
"512557","146154","2026-01-08","45.00","NZD","1763052214","23477/2026-01-08/1763052214.json"
"365170","146153","2026-01-08","48.00","NZD","1763052214","23477/2026-01-08/1763052214.json"
"510807","146155","2026-01-08","52.00","NZD","1763052214","23477/2026-01-08/1763052214.json"
"581513","221281","2026-01-09","36.00","NZD","1763052214","23477/2026-01-09/1763052214.json"
"581514","221282","2026-01-09","36.00","NZD","1763052214","23477/2026-01-09/1763052214.json"
"512557","146154","2026-01-09","45.00","NZD","1763052214","23477/2026-01-09/1763052214.json"
"365170","146153","2026-01-09","48.00","NZD","1763052214","23477/2026-01-09/1763052214.json"
"510807","146155","2026-01-09","52.00","NZD","1763052214","23477/2026-01-09/1763052214.json"
"581513","221281","2026-01-10","36.00","NZD","1763052214","23477/2026-01-10/1763052214.json"
"581514","221282","2026-01-10","36.00","NZD","1763052214","23477/2026-01-10/1763052214.json"
"512557","146154","2026-01-10","45.00","NZD","1763052214","23477/2026-01-10/1763052214.json"
"365170","146153","2026-01-10","48.00","NZD","1763052214","23477/2026-01-10/1763052214.json"
"510807","146155","2026-01-10","52.00","NZD","1763052214","23477/2026-01-10/1763052214.json"
"581513","221281","2026-01-11","36.00","NZD","1763052214","23477/2026-01-11/1763052214.json"
"581514","221282","2026-01-11","36.00","NZD","1763052214","23477/2026-01-11/1763052214.json"
"512557","146154","2026-01-11","45.00","NZD","1763052214","23477/2026-01-11/1763052214.json"
"365170","146153","2026-01-11","48.00","NZD","1763052214","23477/2026-01-11/1763052214.json"
"510807","146155","2026-01-11","52.00","NZD","1763052214","23477/2026-01-11/1763052214.json"
"581513","221281","2026-01-12","36.00","NZD","1763052214","23477/2026-01-12/1763052214.json"
"581514","221282","2026-01-12","36.00","NZD","1763052214","23477/2026-01-12/1763052214.json"
"512557","146154","2026-01-12","45.00","NZD","1763052214","23477/2026-01-12/1763052214.json"
"365170","146153","2026-01-12","48.00","NZD","1763052214","23477/2026-01-12/1763052214.json"
"510807","146155","2026-01-12","52.00","NZD","1763052214","23477/2026-01-12/1763052214.json"
"581513","221281","2025-11-14","36.00","NZD","1763066377","23477/2025-11-14/1763066377.json"
"581514","221282","2025-11-14","36.00","NZD","1763066377","23477/2025-11-14/1763066377.json"
"512557","146154","2025-11-14","45.00","NZD","1763066377","23477/2025-11-14/1763066377.json"
"365170","146153","2025-11-14","48.00","NZD","1763066377","23477/2025-11-14/1763066377.json"
"510807","146155","2025-11-14","52.00","NZD","1763066377","23477/2025-11-14/1763066377.json"
"581513","221281","2025-11-15","36.00","NZD","1763066377","23477/2025-11-15/1763066377.json"
"581514","221282","2025-11-15","36.00","NZD","1763066377","23477/2025-11-15/1763066377.json"
"512557","146154","2025-11-15","45.00","NZD","1763066377","23477/2025-11-15/1763066377.json"
"365170","146153","2025-11-15","48.00","NZD","1763066377","23477/2025-11-15/1763066377.json"
"510807","146155","2025-11-15","52.00","NZD","1763066377","23477/2025-11-15/1763066377.json"
"581513","221281","2025-11-16","36.00","NZD","1763066377","23477/2025-11-16/1763066377.json"
"581514","221282","2025-11-16","36.00","NZD","1763066377","23477/2025-11-16/1763066377.json"
"512557","146154","2025-11-16","45.00","NZD","1763066377","23477/2025-11-16/1763066377.json"
"365170","146153","2025-11-16","48.00","NZD","1763066377","23477/2025-11-16/1763066377.json"
"510807","146155","2025-11-16","52.00","NZD","1763066377","23477/2025-11-16/1763066377.json"
"581513","221281","2025-11-17","36.00","NZD","1763066377","23477/2025-11-17/1763066377.json"
"581514","221282","2025-11-17","36.00","NZD","1763066377","23477/2025-11-17/1763066377.json"
"512557","146154","2025-11-17","45.00","NZD","1763066377","23477/2025-11-17/1763066377.json"
"365170","146153","2025-11-17","48.00","NZD","1763066377","23477/2025-11-17/1763066377.json"
"510807","146155","2025-11-17","52.00","NZD","1763066377","23477/2025-11-17/1763066377.json"
"581513","221281","2025-11-19","36.00","NZD","1763066377","23477/2025-11-19/1763066377.json"
"581514","221282","2025-11-19","36.00","NZD","1763066377","23477/2025-11-19/1763066377.json"
"512557","146154","2025-11-19","45.00","NZD","1763066377","23477/2025-11-19/1763066377.json"
"365170","146153","2025-11-19","48.00","NZD","1763066377","23477/2025-11-19/1763066377.json"
"510807","146155","2025-11-19","52.00","NZD","1763066377","23477/2025-11-19/1763066377.json"
"581513","221281","2025-11-18","36.00","NZD","1763066377","23477/2025-11-18/1763066377.json"
"581514","221282","2025-11-18","36.00","NZD","1763066377","23477/2025-11-18/1763066377.json"
"512557","146154","2025-11-18","45.00","NZD","1763066377","23477/2025-11-18/1763066377.json"
"365170","146153","2025-11-18","48.00","NZD","1763066377","23477/2025-11-18/1763066377.json"
"510807","146155","2025-11-18","52.00","NZD","1763066377","23477/2025-11-18/1763066377.json"
"581513","221281","2025-11-20","36.00","NZD","1763066377","23477/2025-11-20/1763066377.json"
"581514","221282","2025-11-20","36.00","NZD","1763066377","23477/2025-11-20/1763066377.json"
"512557","146154","2025-11-20","45.00","NZD","1763066377","23477/2025-11-20/1763066377.json"
"581513","221281","2025-11-21","36.00","NZD","1763066377","23477/2025-11-21/1763066377.json"
"581514","221282","2025-11-21","36.00","NZD","1763066377","23477/2025-11-21/1763066377.json"
"512557","146154","2025-11-21","45.00","NZD","1763066377","23477/2025-11-21/1763066377.json"
"365170","146153","2025-11-21","48.00","NZD","1763066377","23477/2025-11-21/1763066377.json"
"510807","146155","2025-11-21","52.00","NZD","1763066377","23477/2025-11-21/1763066377.json"
"581513","221281","2025-11-23","36.00","NZD","1763066377","23477/2025-11-23/1763066377.json"
"581514","221282","2025-11-23","36.00","NZD","1763066377","23477/2025-11-23/1763066377.json"
"512557","146154","2025-11-23","45.00","NZD","1763066377","23477/2025-11-23/1763066377.json"
"365170","146153","2025-11-23","48.00","NZD","1763066377","23477/2025-11-23/1763066377.json"
"510807","146155","2025-11-23","52.00","NZD","1763066377","23477/2025-11-23/1763066377.json"
"581513","221281","2025-11-22","36.00","NZD","1763066377","23477/2025-11-22/1763066377.json"
"581514","221282","2025-11-22","36.00","NZD","1763066377","23477/2025-11-22/1763066377.json"
"512557","146154","2025-11-22","45.00","NZD","1763066377","23477/2025-11-22/1763066377.json"
"365170","146153","2025-11-22","48.00","NZD","1763066377","23477/2025-11-22/1763066377.json"
"510807","146155","2025-11-22","52.00","NZD","1763066377","23477/2025-11-22/1763066377.json"
"581513","221281","2025-11-24","36.00","NZD","1763066377","23477/2025-11-24/1763066377.json"
"581514","221282","2025-11-24","36.00","NZD","1763066377","23477/2025-11-24/1763066377.json"
"512557","146154","2025-11-24","45.00","NZD","1763066377","23477/2025-11-24/1763066377.json"
"365170","146153","2025-11-24","48.00","NZD","1763066377","23477/2025-11-24/1763066377.json"
"510807","146155","2025-11-24","52.00","NZD","1763066377","23477/2025-11-24/1763066377.json"
"581513","221281","2025-11-25","36.00","NZD","1763066377","23477/2025-11-25/1763066377.json"
"581514","221282","2025-11-25","36.00","NZD","1763066377","23477/2025-11-25/1763066377.json"
"512557","146154","2025-11-25","45.00","NZD","1763066377","23477/2025-11-25/1763066377.json"
"365170","146153","2025-11-25","48.00","NZD","1763066377","23477/2025-11-25/1763066377.json"
"510807","146155","2025-11-25","52.00","NZD","1763066377","23477/2025-11-25/1763066377.json"
"581513","221281","2025-11-26","36.00","NZD","1763066377","23477/2025-11-26/1763066377.json"
"581514","221282","2025-11-26","36.00","NZD","1763066377","23477/2025-11-26/1763066377.json"
"512557","146154","2025-11-26","45.00","NZD","1763066377","23477/2025-11-26/1763066377.json"
"365170","146153","2025-11-26","48.00","NZD","1763066377","23477/2025-11-26/1763066377.json"
"510807","146155","2025-11-26","52.00","NZD","1763066377","23477/2025-11-26/1763066377.json"
"581513","221281","2025-11-27","36.00","NZD","1763066377","23477/2025-11-27/1763066377.json"
"581514","221282","2025-11-27","36.00","NZD","1763066377","23477/2025-11-27/1763066377.json"
"512557","146154","2025-11-27","45.00","NZD","1763066377","23477/2025-11-27/1763066377.json"
"365170","146153","2025-11-27","48.00","NZD","1763066377","23477/2025-11-27/1763066377.json"
"510807","146155","2025-11-27","52.00","NZD","1763066377","23477/2025-11-27/1763066377.json"
"581513","221281","2025-11-28","36.00","NZD","1763066377","23477/2025-11-28/1763066377.json"
"581514","221282","2025-11-28","36.00","NZD","1763066377","23477/2025-11-28/1763066377.json"
"512557","146154","2025-11-28","45.00","NZD","1763066377","23477/2025-11-28/1763066377.json"
"365170","146153","2025-11-28","48.00","NZD","1763066377","23477/2025-11-28/1763066377.json"
"510807","146155","2025-11-28","52.00","NZD","1763066377","23477/2025-11-28/1763066377.json"
"581513","221281","2025-11-29","36.00","NZD","1763066377","23477/2025-11-29/1763066377.json"
"581514","221282","2025-11-29","36.00","NZD","1763066377","23477/2025-11-29/1763066377.json"
"512557","146154","2025-11-29","45.00","NZD","1763066377","23477/2025-11-29/1763066377.json"
"365170","146153","2025-11-29","48.00","NZD","1763066377","23477/2025-11-29/1763066377.json"
"510807","146155","2025-11-29","52.00","NZD","1763066377","23477/2025-11-29/1763066377.json"
"581513","221281","2025-11-30","36.00","NZD","1763066377","23477/2025-11-30/1763066377.json"
"581514","221282","2025-11-30","36.00","NZD","1763066377","23477/2025-11-30/1763066377.json"
"512557","146154","2025-11-30","45.00","NZD","1763066377","23477/2025-11-30/1763066377.json"
"365170","146153","2025-11-30","48.00","NZD","1763066377","23477/2025-11-30/1763066377.json"
"510807","146155","2025-11-30","52.00","NZD","1763066377","23477/2025-11-30/1763066377.json"
"581513","221281","2025-12-01","36.00","NZD","1763066377","23477/2025-12-01/1763066377.json"
"581514","221282","2025-12-01","36.00","NZD","1763066377","23477/2025-12-01/1763066377.json"
"512557","146154","2025-12-01","45.00","NZD","1763066377","23477/2025-12-01/1763066377.json"
"365170","146153","2025-12-01","48.00","NZD","1763066377","23477/2025-12-01/1763066377.json"
"510807","146155","2025-12-01","52.00","NZD","1763066377","23477/2025-12-01/1763066377.json"
"581513","221281","2025-12-02","36.00","NZD","1763066377","23477/2025-12-02/1763066377.json"
"581514","221282","2025-12-02","36.00","NZD","1763066377","23477/2025-12-02/1763066377.json"
"512557","146154","2025-12-02","45.00","NZD","1763066377","23477/2025-12-02/1763066377.json"
"365170","146153","2025-12-02","48.00","NZD","1763066377","23477/2025-12-02/1763066377.json"
"510807","146155","2025-12-02","52.00","NZD","1763066377","23477/2025-12-02/1763066377.json"
"581513","221281","2025-12-03","36.00","NZD","1763066377","23477/2025-12-03/1763066377.json"
"581514","221282","2025-12-03","36.00","NZD","1763066377","23477/2025-12-03/1763066377.json"
"512557","146154","2025-12-03","45.00","NZD","1763066377","23477/2025-12-03/1763066377.json"
"365170","146153","2025-12-03","48.00","NZD","1763066377","23477/2025-12-03/1763066377.json"
"510807","146155","2025-12-03","52.00","NZD","1763066377","23477/2025-12-03/1763066377.json"
"581513","221281","2025-12-04","36.00","NZD","1763066377","23477/2025-12-04/1763066377.json"
"581514","221282","2025-12-04","36.00","NZD","1763066377","23477/2025-12-04/1763066377.json"
"512557","146154","2025-12-04","45.00","NZD","1763066377","23477/2025-12-04/1763066377.json"
"365170","146153","2025-12-04","48.00","NZD","1763066377","23477/2025-12-04/1763066377.json"
"510807","146155","2025-12-04","52.00","NZD","1763066377","23477/2025-12-04/1763066377.json"
"581513","221281","2025-12-05","36.00","NZD","1763066377","23477/2025-12-05/1763066377.json"
"581514","221282","2025-12-05","36.00","NZD","1763066377","23477/2025-12-05/1763066377.json"
"512557","146154","2025-12-05","45.00","NZD","1763066377","23477/2025-12-05/1763066377.json"
"365170","146153","2025-12-05","48.00","NZD","1763066377","23477/2025-12-05/1763066377.json"
"510807","146155","2025-12-05","52.00","NZD","1763066377","23477/2025-12-05/1763066377.json"
"581513","221281","2025-12-06","36.00","NZD","1763066377","23477/2025-12-06/1763066377.json"
"581514","221282","2025-12-06","36.00","NZD","1763066377","23477/2025-12-06/1763066377.json"
"512557","146154","2025-12-06","45.00","NZD","1763066377","23477/2025-12-06/1763066377.json"
"365170","146153","2025-12-06","48.00","NZD","1763066377","23477/2025-12-06/1763066377.json"
"510807","146155","2025-12-06","52.00","NZD","1763066377","23477/2025-12-06/1763066377.json"
"581513","221281","2025-12-07","36.00","NZD","1763066377","23477/2025-12-07/1763066377.json"
"581514","221282","2025-12-07","36.00","NZD","1763066377","23477/2025-12-07/1763066377.json"
"512557","146154","2025-12-07","45.00","NZD","1763066377","23477/2025-12-07/1763066377.json"
"365170","146153","2025-12-07","48.00","NZD","1763066377","23477/2025-12-07/1763066377.json"
"510807","146155","2025-12-07","52.00","NZD","1763066377","23477/2025-12-07/1763066377.json"
"581513","221281","2025-12-08","36.00","NZD","1763066377","23477/2025-12-08/1763066377.json"
"581514","221282","2025-12-08","36.00","NZD","1763066377","23477/2025-12-08/1763066377.json"
"512557","146154","2025-12-08","45.00","NZD","1763066377","23477/2025-12-08/1763066377.json"
"365170","146153","2025-12-08","48.00","NZD","1763066377","23477/2025-12-08/1763066377.json"
"510807","146155","2025-12-08","52.00","NZD","1763066377","23477/2025-12-08/1763066377.json"
"581513","221281","2025-12-09","36.00","NZD","1763066377","23477/2025-12-09/1763066377.json"
"581514","221282","2025-12-09","36.00","NZD","1763066377","23477/2025-12-09/1763066377.json"
"512557","146154","2025-12-09","45.00","NZD","1763066377","23477/2025-12-09/1763066377.json"
"365170","146153","2025-12-09","48.00","NZD","1763066377","23477/2025-12-09/1763066377.json"
"510807","146155","2025-12-09","52.00","NZD","1763066377","23477/2025-12-09/1763066377.json"
"581513","221281","2025-12-10","36.00","NZD","1763066377","23477/2025-12-10/1763066377.json"
"581514","221282","2025-12-10","36.00","NZD","1763066377","23477/2025-12-10/1763066377.json"
"512557","146154","2025-12-10","45.00","NZD","1763066377","23477/2025-12-10/1763066377.json"
"365170","146153","2025-12-10","48.00","NZD","1763066377","23477/2025-12-10/1763066377.json"
"510807","146155","2025-12-10","52.00","NZD","1763066377","23477/2025-12-10/1763066377.json"
"581513","221281","2025-12-11","36.00","NZD","1763066377","23477/2025-12-11/1763066377.json"
"581514","221282","2025-12-11","36.00","NZD","1763066377","23477/2025-12-11/1763066377.json"
"512557","146154","2025-12-11","45.00","NZD","1763066377","23477/2025-12-11/1763066377.json"
"365170","146153","2025-12-11","48.00","NZD","1763066377","23477/2025-12-11/1763066377.json"
"510807","146155","2025-12-11","52.00","NZD","1763066377","23477/2025-12-11/1763066377.json"
"581513","221281","2025-12-12","36.00","NZD","1763066377","23477/2025-12-12/1763066377.json"
"581514","221282","2025-12-12","36.00","NZD","1763066377","23477/2025-12-12/1763066377.json"
"512557","146154","2025-12-12","45.00","NZD","1763066377","23477/2025-12-12/1763066377.json"
"365170","146153","2025-12-12","48.00","NZD","1763066377","23477/2025-12-12/1763066377.json"
"510807","146155","2025-12-12","52.00","NZD","1763066377","23477/2025-12-12/1763066377.json"
"581513","221281","2025-12-14","36.00","NZD","1763066377","23477/2025-12-14/1763066377.json"
"581514","221282","2025-12-14","36.00","NZD","1763066377","23477/2025-12-14/1763066377.json"
"512557","146154","2025-12-14","45.00","NZD","1763066377","23477/2025-12-14/1763066377.json"
"365170","146153","2025-12-14","48.00","NZD","1763066377","23477/2025-12-14/1763066377.json"
"510807","146155","2025-12-14","52.00","NZD","1763066377","23477/2025-12-14/1763066377.json"
"581513","221281","2025-12-13","36.00","NZD","1763066377","23477/2025-12-13/1763066377.json"
"581514","221282","2025-12-13","36.00","NZD","1763066377","23477/2025-12-13/1763066377.json"
"512557","146154","2025-12-13","45.00","NZD","1763066377","23477/2025-12-13/1763066377.json"
"365170","146153","2025-12-13","48.00","NZD","1763066377","23477/2025-12-13/1763066377.json"
"510807","146155","2025-12-13","52.00","NZD","1763066377","23477/2025-12-13/1763066377.json"
"581513","221281","2025-12-15","36.00","NZD","1763066377","23477/2025-12-15/1763066377.json"
"581514","221282","2025-12-15","36.00","NZD","1763066377","23477/2025-12-15/1763066377.json"
"512557","146154","2025-12-15","45.00","NZD","1763066377","23477/2025-12-15/1763066377.json"
"365170","146153","2025-12-15","48.00","NZD","1763066377","23477/2025-12-15/1763066377.json"
"510807","146155","2025-12-15","52.00","NZD","1763066377","23477/2025-12-15/1763066377.json"
"581513","221281","2025-12-16","36.00","NZD","1763066377","23477/2025-12-16/1763066377.json"
"581514","221282","2025-12-16","36.00","NZD","1763066377","23477/2025-12-16/1763066377.json"
"512557","146154","2025-12-16","45.00","NZD","1763066377","23477/2025-12-16/1763066377.json"
"365170","146153","2025-12-16","48.00","NZD","1763066377","23477/2025-12-16/1763066377.json"
"510807","146155","2025-12-16","52.00","NZD","1763066377","23477/2025-12-16/1763066377.json"
"581513","221281","2025-12-17","36.00","NZD","1763066377","23477/2025-12-17/1763066377.json"
"581514","221282","2025-12-17","36.00","NZD","1763066377","23477/2025-12-17/1763066377.json"
"512557","146154","2025-12-17","45.00","NZD","1763066377","23477/2025-12-17/1763066377.json"
"365170","146153","2025-12-17","48.00","NZD","1763066377","23477/2025-12-17/1763066377.json"
"510807","146155","2025-12-17","52.00","NZD","1763066377","23477/2025-12-17/1763066377.json"
"581513","221281","2025-12-18","36.00","NZD","1763066377","23477/2025-12-18/1763066377.json"
"581514","221282","2025-12-18","36.00","NZD","1763066377","23477/2025-12-18/1763066377.json"
"512557","146154","2025-12-18","45.00","NZD","1763066377","23477/2025-12-18/1763066377.json"
"365170","146153","2025-12-18","48.00","NZD","1763066377","23477/2025-12-18/1763066377.json"
"510807","146155","2025-12-18","52.00","NZD","1763066377","23477/2025-12-18/1763066377.json"
"581513","221281","2025-12-19","36.00","NZD","1763066377","23477/2025-12-19/1763066377.json"
"581513","221281","2025-12-20","36.00","NZD","1763066377","23477/2025-12-20/1763066377.json"
"581514","221282","2025-12-19","36.00","NZD","1763066377","23477/2025-12-19/1763066377.json"
"581514","221282","2025-12-20","36.00","NZD","1763066377","23477/2025-12-20/1763066377.json"
"512557","146154","2025-12-19","45.00","NZD","1763066377","23477/2025-12-19/1763066377.json"
"512557","146154","2025-12-20","45.00","NZD","1763066377","23477/2025-12-20/1763066377.json"
"365170","146153","2025-12-19","48.00","NZD","1763066377","23477/2025-12-19/1763066377.json"
"365170","146153","2025-12-20","48.00","NZD","1763066377","23477/2025-12-20/1763066377.json"
"510807","146155","2025-12-19","52.00","NZD","1763066377","23477/2025-12-19/1763066377.json"
"510807","146155","2025-12-20","52.00","NZD","1763066377","23477/2025-12-20/1763066377.json"
"581513","221281","2025-12-21","36.00","NZD","1763066377","23477/2025-12-21/1763066377.json"
"581514","221282","2025-12-21","36.00","NZD","1763066377","23477/2025-12-21/1763066377.json"
"512557","146154","2025-12-21","45.00","NZD","1763066377","23477/2025-12-21/1763066377.json"
"365170","146153","2025-12-21","48.00","NZD","1763066377","23477/2025-12-21/1763066377.json"
"510807","146155","2025-12-21","52.00","NZD","1763066377","23477/2025-12-21/1763066377.json"
"581513","221281","2025-12-22","36.00","NZD","1763066377","23477/2025-12-22/1763066377.json"
"581514","221282","2025-12-22","36.00","NZD","1763066377","23477/2025-12-22/1763066377.json"
"512557","146154","2025-12-22","45.00","NZD","1763066377","23477/2025-12-22/1763066377.json"
"365170","146153","2025-12-22","48.00","NZD","1763066377","23477/2025-12-22/1763066377.json"
"510807","146155","2025-12-22","52.00","NZD","1763066377","23477/2025-12-22/1763066377.json"
"581513","221281","2025-12-24","38.00","NZD","1763066377","23477/2025-12-24/1763066377.json"
"581514","221282","2025-12-24","38.00","NZD","1763066377","23477/2025-12-24/1763066377.json"
"512557","146154","2025-12-24","45.00","NZD","1763066377","23477/2025-12-24/1763066377.json"
"365170","146153","2025-12-24","48.00","NZD","1763066377","23477/2025-12-24/1763066377.json"
"510807","146155","2025-12-24","52.00","NZD","1763066377","23477/2025-12-24/1763066377.json"
"581513","221281","2025-12-25","38.00","NZD","1763066377","23477/2025-12-25/1763066377.json"
"581514","221282","2025-12-25","38.00","NZD","1763066377","23477/2025-12-25/1763066377.json"
"512557","146154","2025-12-25","45.00","NZD","1763066377","23477/2025-12-25/1763066377.json"
"365170","146153","2025-12-25","48.00","NZD","1763066377","23477/2025-12-25/1763066377.json"
"510807","146155","2025-12-25","52.00","NZD","1763066377","23477/2025-12-25/1763066377.json"
"581513","221281","2025-12-23","38.00","NZD","1763066377","23477/2025-12-23/1763066377.json"
"581514","221282","2025-12-23","38.00","NZD","1763066377","23477/2025-12-23/1763066377.json"
"512557","146154","2025-12-23","45.00","NZD","1763066377","23477/2025-12-23/1763066377.json"
"365170","146153","2025-12-23","48.00","NZD","1763066377","23477/2025-12-23/1763066377.json"
"510807","146155","2025-12-23","52.00","NZD","1763066377","23477/2025-12-23/1763066377.json"
"581513","221281","2025-12-26","42.00","NZD","1763066377","23477/2025-12-26/1763066377.json"
"581514","221282","2025-12-26","42.00","NZD","1763066377","23477/2025-12-26/1763066377.json"
"512557","146154","2025-12-26","45.00","NZD","1763066377","23477/2025-12-26/1763066377.json"
"365170","146153","2025-12-26","48.00","NZD","1763066377","23477/2025-12-26/1763066377.json"
"510807","146155","2025-12-26","52.00","NZD","1763066377","23477/2025-12-26/1763066377.json"
"581513","221281","2025-12-27","42.00","NZD","1763066377","23477/2025-12-27/1763066377.json"
"581514","221282","2025-12-27","42.00","NZD","1763066377","23477/2025-12-27/1763066377.json"
"512557","146154","2025-12-27","45.00","NZD","1763066377","23477/2025-12-27/1763066377.json"
"365170","146153","2025-12-27","48.00","NZD","1763066377","23477/2025-12-27/1763066377.json"
"510807","146155","2025-12-27","52.00","NZD","1763066377","23477/2025-12-27/1763066377.json"
"581513","221281","2025-12-29","42.00","NZD","1763066377","23477/2025-12-29/1763066377.json"
"581514","221282","2025-12-29","42.00","NZD","1763066377","23477/2025-12-29/1763066377.json"
"512557","146154","2025-12-29","45.00","NZD","1763066377","23477/2025-12-29/1763066377.json"
"365170","146153","2025-12-29","48.00","NZD","1763066377","23477/2025-12-29/1763066377.json"
"510807","146155","2025-12-29","52.00","NZD","1763066377","23477/2025-12-29/1763066377.json"
"581513","221281","2025-12-28","42.00","NZD","1763066377","23477/2025-12-28/1763066377.json"
"581514","221282","2025-12-28","42.00","NZD","1763066377","23477/2025-12-28/1763066377.json"
"512557","146154","2025-12-28","45.00","NZD","1763066377","23477/2025-12-28/1763066377.json"
"365170","146153","2025-12-28","48.00","NZD","1763066377","23477/2025-12-28/1763066377.json"
"510807","146155","2025-12-28","52.00","NZD","1763066377","23477/2025-12-28/1763066377.json"
"581513","221281","2025-12-30","42.00","NZD","1763066377","23477/2025-12-30/1763066377.json"
"581514","221282","2025-12-30","42.00","NZD","1763066377","23477/2025-12-30/1763066377.json"
"512557","146154","2025-12-30","45.00","NZD","1763066377","23477/2025-12-30/1763066377.json"
"365170","146153","2025-12-30","48.00","NZD","1763066377","23477/2025-12-30/1763066377.json"
"510807","146155","2025-12-30","52.00","NZD","1763066377","23477/2025-12-30/1763066377.json"
"581513","221281","2025-12-31","42.00","NZD","1763066377","23477/2025-12-31/1763066377.json"
"581514","221282","2025-12-31","42.00","NZD","1763066377","23477/2025-12-31/1763066377.json"
"512557","146154","2025-12-31","45.00","NZD","1763066377","23477/2025-12-31/1763066377.json"
"365170","146153","2025-12-31","48.00","NZD","1763066377","23477/2025-12-31/1763066377.json"
"510807","146155","2025-12-31","52.00","NZD","1763066377","23477/2025-12-31/1763066377.json"
"581513","221281","2026-01-01","42.00","NZD","1763066377","23477/2026-01-01/1763066377.json"
"581514","221282","2026-01-01","42.00","NZD","1763066377","23477/2026-01-01/1763066377.json"
"512557","146154","2026-01-01","45.00","NZD","1763066377","23477/2026-01-01/1763066377.json"
"365170","146153","2026-01-01","48.00","NZD","1763066377","23477/2026-01-01/1763066377.json"
"510807","146155","2026-01-01","52.00","NZD","1763066377","23477/2026-01-01/1763066377.json"
"581513","221281","2026-01-02","42.00","NZD","1763066377","23477/2026-01-02/1763066377.json"
"581514","221282","2026-01-02","42.00","NZD","1763066377","23477/2026-01-02/1763066377.json"
"512557","146154","2026-01-02","45.00","NZD","1763066377","23477/2026-01-02/1763066377.json"
"365170","146153","2026-01-02","48.00","NZD","1763066377","23477/2026-01-02/1763066377.json"
"510807","146155","2026-01-02","52.00","NZD","1763066377","23477/2026-01-02/1763066377.json"
"581513","221281","2026-01-03","42.00","NZD","1763066377","23477/2026-01-03/1763066377.json"
"581514","221282","2026-01-03","42.00","NZD","1763066377","23477/2026-01-03/1763066377.json"
"512557","146154","2026-01-03","45.00","NZD","1763066377","23477/2026-01-03/1763066377.json"
"365170","146153","2026-01-03","48.00","NZD","1763066377","23477/2026-01-03/1763066377.json"
"510807","146155","2026-01-03","52.00","NZD","1763066377","23477/2026-01-03/1763066377.json"
"581513","221281","2026-01-06","36.00","NZD","1763066377","23477/2026-01-06/1763066377.json"
"581514","221282","2026-01-06","36.00","NZD","1763066377","23477/2026-01-06/1763066377.json"
"512557","146154","2026-01-06","45.00","NZD","1763066377","23477/2026-01-06/1763066377.json"
"365170","146153","2026-01-06","48.00","NZD","1763066377","23477/2026-01-06/1763066377.json"
"510807","146155","2026-01-06","52.00","NZD","1763066377","23477/2026-01-06/1763066377.json"
"581513","221281","2026-01-05","36.00","NZD","1763066377","23477/2026-01-05/1763066377.json"
"581514","221282","2026-01-05","36.00","NZD","1763066377","23477/2026-01-05/1763066377.json"
"512557","146154","2026-01-05","45.00","NZD","1763066377","23477/2026-01-05/1763066377.json"
"365170","146153","2026-01-05","48.00","NZD","1763066377","23477/2026-01-05/1763066377.json"
"510807","146155","2026-01-05","52.00","NZD","1763066377","23477/2026-01-05/1763066377.json"
"581513","221281","2026-01-07","36.00","NZD","1763066377","23477/2026-01-07/1763066377.json"
"581514","221282","2026-01-07","36.00","NZD","1763066377","23477/2026-01-07/1763066377.json"
"512557","146154","2026-01-07","45.00","NZD","1763066377","23477/2026-01-07/1763066377.json"
"365170","146153","2026-01-07","48.00","NZD","1763066377","23477/2026-01-07/1763066377.json"
"510807","146155","2026-01-07","52.00","NZD","1763066377","23477/2026-01-07/1763066377.json"
"581513","221281","2026-01-04","42.00","NZD","1763066377","23477/2026-01-04/1763066377.json"
"581514","221282","2026-01-04","42.00","NZD","1763066377","23477/2026-01-04/1763066377.json"
"512557","146154","2026-01-04","45.00","NZD","1763066377","23477/2026-01-04/1763066377.json"
"365170","146153","2026-01-04","48.00","NZD","1763066377","23477/2026-01-04/1763066377.json"
"510807","146155","2026-01-04","52.00","NZD","1763066377","23477/2026-01-04/1763066377.json"
"581513","221281","2026-01-09","36.00","NZD","1763066377","23477/2026-01-09/1763066377.json"
"581514","221282","2026-01-09","36.00","NZD","1763066377","23477/2026-01-09/1763066377.json"
"512557","146154","2026-01-09","45.00","NZD","1763066377","23477/2026-01-09/1763066377.json"
"365170","146153","2026-01-09","48.00","NZD","1763066377","23477/2026-01-09/1763066377.json"
"510807","146155","2026-01-09","52.00","NZD","1763066377","23477/2026-01-09/1763066377.json"
"581513","221281","2026-01-08","36.00","NZD","1763066377","23477/2026-01-08/1763066377.json"
"581514","221282","2026-01-08","36.00","NZD","1763066377","23477/2026-01-08/1763066377.json"
"512557","146154","2026-01-08","45.00","NZD","1763066377","23477/2026-01-08/1763066377.json"
"365170","146153","2026-01-08","48.00","NZD","1763066377","23477/2026-01-08/1763066377.json"
"510807","146155","2026-01-08","52.00","NZD","1763066377","23477/2026-01-08/1763066377.json"
"581513","221281","2026-01-10","36.00","NZD","1763066377","23477/2026-01-10/1763066377.json"
"581514","221282","2026-01-10","36.00","NZD","1763066377","23477/2026-01-10/1763066377.json"
"512557","146154","2026-01-10","45.00","NZD","1763066377","23477/2026-01-10/1763066377.json"
"365170","146153","2026-01-10","48.00","NZD","1763066377","23477/2026-01-10/1763066377.json"
"510807","146155","2026-01-10","52.00","NZD","1763066377","23477/2026-01-10/1763066377.json"
"581513","221281","2026-01-11","36.00","NZD","1763066377","23477/2026-01-11/1763066377.json"
"581514","221282","2026-01-11","36.00","NZD","1763066377","23477/2026-01-11/1763066377.json"
"512557","146154","2026-01-11","45.00","NZD","1763066377","23477/2026-01-11/1763066377.json"
"365170","146153","2026-01-11","48.00","NZD","1763066377","23477/2026-01-11/1763066377.json"
"510807","146155","2026-01-11","52.00","NZD","1763066377","23477/2026-01-11/1763066377.json"
"581513","221281","2026-01-12","36.00","NZD","1763066377","23477/2026-01-12/1763066377.json"
"581514","221282","2026-01-12","36.00","NZD","1763066377","23477/2026-01-12/1763066377.json"
"512557","146154","2026-01-12","45.00","NZD","1763066377","23477/2026-01-12/1763066377.json"
"365170","146153","2026-01-12","48.00","NZD","1763066377","23477/2026-01-12/1763066377.json"
"510807","146155","2026-01-12","52.00","NZD","1763066377","23477/2026-01-12/1763066377.json"
"581513","221281","2025-11-16","36.00","NZD","1763085533","23477/2025-11-16/1763085533.json"
"581513","221281","2025-11-14","36.00","NZD","1763085533","23477/2025-11-14/1763085533.json"
"581514","221282","2025-11-14","36.00","NZD","1763085533","23477/2025-11-14/1763085533.json"
"581514","221282","2025-11-16","36.00","NZD","1763085533","23477/2025-11-16/1763085533.json"
"512557","146154","2025-11-14","45.00","NZD","1763085533","23477/2025-11-14/1763085533.json"
"365170","146153","2025-11-14","48.00","NZD","1763085533","23477/2025-11-14/1763085533.json"
"512557","146154","2025-11-16","45.00","NZD","1763085533","23477/2025-11-16/1763085533.json"
"510807","146155","2025-11-14","52.00","NZD","1763085533","23477/2025-11-14/1763085533.json"
"365170","146153","2025-11-16","48.00","NZD","1763085533","23477/2025-11-16/1763085533.json"
"510807","146155","2025-11-16","52.00","NZD","1763085533","23477/2025-11-16/1763085533.json"
"581513","221281","2025-11-15","36.00","NZD","1763085533","23477/2025-11-15/1763085533.json"
"581513","221281","2025-11-17","36.00","NZD","1763085533","23477/2025-11-17/1763085533.json"
"581514","221282","2025-11-15","36.00","NZD","1763085533","23477/2025-11-15/1763085533.json"
"581514","221282","2025-11-17","36.00","NZD","1763085533","23477/2025-11-17/1763085533.json"
"512557","146154","2025-11-17","45.00","NZD","1763085533","23477/2025-11-17/1763085533.json"
"512557","146154","2025-11-15","45.00","NZD","1763085533","23477/2025-11-15/1763085533.json"
"365170","146153","2025-11-17","48.00","NZD","1763085533","23477/2025-11-17/1763085533.json"
"510807","146155","2025-11-17","52.00","NZD","1763085533","23477/2025-11-17/1763085533.json"
"365170","146153","2025-11-15","48.00","NZD","1763085533","23477/2025-11-15/1763085533.json"
"510807","146155","2025-11-15","52.00","NZD","1763085533","23477/2025-11-15/1763085533.json"
"581513","221281","2025-11-19","36.00","NZD","1763085533","23477/2025-11-19/1763085533.json"
"581514","221282","2025-11-19","36.00","NZD","1763085533","23477/2025-11-19/1763085533.json"
"512557","146154","2025-11-19","45.00","NZD","1763085533","23477/2025-11-19/1763085533.json"
"365170","146153","2025-11-19","48.00","NZD","1763085533","23477/2025-11-19/1763085533.json"
"510807","146155","2025-11-19","52.00","NZD","1763085533","23477/2025-11-19/1763085533.json"
"581513","221281","2025-11-18","36.00","NZD","1763085533","23477/2025-11-18/1763085533.json"
"581514","221282","2025-11-18","36.00","NZD","1763085533","23477/2025-11-18/1763085533.json"
"512557","146154","2025-11-18","45.00","NZD","1763085533","23477/2025-11-18/1763085533.json"
"365170","146153","2025-11-18","48.00","NZD","1763085533","23477/2025-11-18/1763085533.json"
"510807","146155","2025-11-18","52.00","NZD","1763085533","23477/2025-11-18/1763085533.json"
"581513","221281","2025-11-21","36.00","NZD","1763085533","23477/2025-11-21/1763085533.json"
"581514","221282","2025-11-21","36.00","NZD","1763085533","23477/2025-11-21/1763085533.json"
"512557","146154","2025-11-21","45.00","NZD","1763085533","23477/2025-11-21/1763085533.json"
"365170","146153","2025-11-21","48.00","NZD","1763085533","23477/2025-11-21/1763085533.json"
"510807","146155","2025-11-21","52.00","NZD","1763085533","23477/2025-11-21/1763085533.json"
"581513","221281","2025-11-20","36.00","NZD","1763085533","23477/2025-11-20/1763085533.json"
"581514","221282","2025-11-20","36.00","NZD","1763085533","23477/2025-11-20/1763085533.json"
"512557","146154","2025-11-20","45.00","NZD","1763085533","23477/2025-11-20/1763085533.json"
"581513","221281","2025-11-22","36.00","NZD","1763085533","23477/2025-11-22/1763085533.json"
"581514","221282","2025-11-22","36.00","NZD","1763085533","23477/2025-11-22/1763085533.json"
"512557","146154","2025-11-22","45.00","NZD","1763085533","23477/2025-11-22/1763085533.json"
"365170","146153","2025-11-22","48.00","NZD","1763085533","23477/2025-11-22/1763085533.json"
"510807","146155","2025-11-22","52.00","NZD","1763085533","23477/2025-11-22/1763085533.json"
"581513","221281","2025-11-23","36.00","NZD","1763085533","23477/2025-11-23/1763085533.json"
"581514","221282","2025-11-23","36.00","NZD","1763085533","23477/2025-11-23/1763085533.json"
"512557","146154","2025-11-23","45.00","NZD","1763085533","23477/2025-11-23/1763085533.json"
"365170","146153","2025-11-23","48.00","NZD","1763085533","23477/2025-11-23/1763085533.json"
"510807","146155","2025-11-23","52.00","NZD","1763085533","23477/2025-11-23/1763085533.json"
"581513","221281","2025-11-25","36.00","NZD","1763085533","23477/2025-11-25/1763085533.json"
"581514","221282","2025-11-25","36.00","NZD","1763085533","23477/2025-11-25/1763085533.json"
"512557","146154","2025-11-25","45.00","NZD","1763085533","23477/2025-11-25/1763085533.json"
"365170","146153","2025-11-25","48.00","NZD","1763085533","23477/2025-11-25/1763085533.json"
"510807","146155","2025-11-25","52.00","NZD","1763085533","23477/2025-11-25/1763085533.json"
"581513","221281","2025-11-24","36.00","NZD","1763085533","23477/2025-11-24/1763085533.json"
"581514","221282","2025-11-24","36.00","NZD","1763085533","23477/2025-11-24/1763085533.json"
"512557","146154","2025-11-24","45.00","NZD","1763085533","23477/2025-11-24/1763085533.json"
"365170","146153","2025-11-24","48.00","NZD","1763085533","23477/2025-11-24/1763085533.json"
"510807","146155","2025-11-24","52.00","NZD","1763085533","23477/2025-11-24/1763085533.json"
"581513","221281","2025-11-27","36.00","NZD","1763085533","23477/2025-11-27/1763085533.json"
"581513","221281","2025-11-26","36.00","NZD","1763085533","23477/2025-11-26/1763085533.json"
"581514","221282","2025-11-27","36.00","NZD","1763085533","23477/2025-11-27/1763085533.json"
"581514","221282","2025-11-26","36.00","NZD","1763085533","23477/2025-11-26/1763085533.json"
"512557","146154","2025-11-27","45.00","NZD","1763085533","23477/2025-11-27/1763085533.json"
"512557","146154","2025-11-26","45.00","NZD","1763085533","23477/2025-11-26/1763085533.json"
"365170","146153","2025-11-26","48.00","NZD","1763085533","23477/2025-11-26/1763085533.json"
"365170","146153","2025-11-27","48.00","NZD","1763085533","23477/2025-11-27/1763085533.json"
"510807","146155","2025-11-26","52.00","NZD","1763085533","23477/2025-11-26/1763085533.json"
"510807","146155","2025-11-27","52.00","NZD","1763085533","23477/2025-11-27/1763085533.json"
"581513","221281","2025-11-28","36.00","NZD","1763085533","23477/2025-11-28/1763085533.json"
"581514","221282","2025-11-28","36.00","NZD","1763085533","23477/2025-11-28/1763085533.json"
"512557","146154","2025-11-28","45.00","NZD","1763085533","23477/2025-11-28/1763085533.json"
"365170","146153","2025-11-28","48.00","NZD","1763085533","23477/2025-11-28/1763085533.json"
"510807","146155","2025-11-28","52.00","NZD","1763085533","23477/2025-11-28/1763085533.json"
"581513","221281","2025-11-29","36.00","NZD","1763085533","23477/2025-11-29/1763085533.json"
"581514","221282","2025-11-29","36.00","NZD","1763085533","23477/2025-11-29/1763085533.json"
"512557","146154","2025-11-29","45.00","NZD","1763085533","23477/2025-11-29/1763085533.json"
"365170","146153","2025-11-29","48.00","NZD","1763085533","23477/2025-11-29/1763085533.json"
"510807","146155","2025-11-29","52.00","NZD","1763085533","23477/2025-11-29/1763085533.json"
"581513","221281","2025-11-30","36.00","NZD","1763085533","23477/2025-11-30/1763085533.json"
"581514","221282","2025-11-30","36.00","NZD","1763085533","23477/2025-11-30/1763085533.json"
"512557","146154","2025-11-30","45.00","NZD","1763085533","23477/2025-11-30/1763085533.json"
"365170","146153","2025-11-30","48.00","NZD","1763085533","23477/2025-11-30/1763085533.json"
"510807","146155","2025-11-30","52.00","NZD","1763085533","23477/2025-11-30/1763085533.json"
"581513","221281","2025-12-01","36.00","NZD","1763085533","23477/2025-12-01/1763085533.json"
"581514","221282","2025-12-01","36.00","NZD","1763085533","23477/2025-12-01/1763085533.json"
"512557","146154","2025-12-01","45.00","NZD","1763085533","23477/2025-12-01/1763085533.json"
"365170","146153","2025-12-01","48.00","NZD","1763085533","23477/2025-12-01/1763085533.json"
"510807","146155","2025-12-01","52.00","NZD","1763085533","23477/2025-12-01/1763085533.json"
"581513","221281","2025-12-02","36.00","NZD","1763085533","23477/2025-12-02/1763085533.json"
"581514","221282","2025-12-02","36.00","NZD","1763085533","23477/2025-12-02/1763085533.json"
"512557","146154","2025-12-02","45.00","NZD","1763085533","23477/2025-12-02/1763085533.json"
"365170","146153","2025-12-02","48.00","NZD","1763085533","23477/2025-12-02/1763085533.json"
"510807","146155","2025-12-02","52.00","NZD","1763085533","23477/2025-12-02/1763085533.json"
"581513","221281","2025-12-03","36.00","NZD","1763085533","23477/2025-12-03/1763085533.json"
"581514","221282","2025-12-03","36.00","NZD","1763085533","23477/2025-12-03/1763085533.json"
"512557","146154","2025-12-03","45.00","NZD","1763085533","23477/2025-12-03/1763085533.json"
"365170","146153","2025-12-03","48.00","NZD","1763085533","23477/2025-12-03/1763085533.json"
"510807","146155","2025-12-03","52.00","NZD","1763085533","23477/2025-12-03/1763085533.json"
"581513","221281","2025-12-05","36.00","NZD","1763085533","23477/2025-12-05/1763085533.json"
"581514","221282","2025-12-05","36.00","NZD","1763085533","23477/2025-12-05/1763085533.json"
"512557","146154","2025-12-05","45.00","NZD","1763085533","23477/2025-12-05/1763085533.json"
"365170","146153","2025-12-05","48.00","NZD","1763085533","23477/2025-12-05/1763085533.json"
"510807","146155","2025-12-05","52.00","NZD","1763085533","23477/2025-12-05/1763085533.json"
"581513","221281","2025-12-04","36.00","NZD","1763085533","23477/2025-12-04/1763085533.json"
"581514","221282","2025-12-04","36.00","NZD","1763085533","23477/2025-12-04/1763085533.json"
"512557","146154","2025-12-04","45.00","NZD","1763085533","23477/2025-12-04/1763085533.json"
"365170","146153","2025-12-04","48.00","NZD","1763085533","23477/2025-12-04/1763085533.json"
"510807","146155","2025-12-04","52.00","NZD","1763085533","23477/2025-12-04/1763085533.json"
"581513","221281","2025-12-06","36.00","NZD","1763085533","23477/2025-12-06/1763085533.json"
"581514","221282","2025-12-06","36.00","NZD","1763085533","23477/2025-12-06/1763085533.json"
"512557","146154","2025-12-06","45.00","NZD","1763085533","23477/2025-12-06/1763085533.json"
"365170","146153","2025-12-06","48.00","NZD","1763085533","23477/2025-12-06/1763085533.json"
"510807","146155","2025-12-06","52.00","NZD","1763085533","23477/2025-12-06/1763085533.json"
"581513","221281","2025-12-08","36.00","NZD","1763085533","23477/2025-12-08/1763085533.json"
"581514","221282","2025-12-08","36.00","NZD","1763085533","23477/2025-12-08/1763085533.json"
"512557","146154","2025-12-08","45.00","NZD","1763085533","23477/2025-12-08/1763085533.json"
"365170","146153","2025-12-08","48.00","NZD","1763085533","23477/2025-12-08/1763085533.json"
"510807","146155","2025-12-08","52.00","NZD","1763085533","23477/2025-12-08/1763085533.json"
"581513","221281","2025-12-07","36.00","NZD","1763085533","23477/2025-12-07/1763085533.json"
"581514","221282","2025-12-07","36.00","NZD","1763085533","23477/2025-12-07/1763085533.json"
"512557","146154","2025-12-07","45.00","NZD","1763085533","23477/2025-12-07/1763085533.json"
"365170","146153","2025-12-07","48.00","NZD","1763085533","23477/2025-12-07/1763085533.json"
"510807","146155","2025-12-07","52.00","NZD","1763085533","23477/2025-12-07/1763085533.json"
"581513","221281","2025-12-09","36.00","NZD","1763085533","23477/2025-12-09/1763085533.json"
"581514","221282","2025-12-09","36.00","NZD","1763085533","23477/2025-12-09/1763085533.json"
"512557","146154","2025-12-09","45.00","NZD","1763085533","23477/2025-12-09/1763085533.json"
"365170","146153","2025-12-09","48.00","NZD","1763085533","23477/2025-12-09/1763085533.json"
"510807","146155","2025-12-09","52.00","NZD","1763085533","23477/2025-12-09/1763085533.json"
"581513","221281","2025-12-10","36.00","NZD","1763085533","23477/2025-12-10/1763085533.json"
"581514","221282","2025-12-10","36.00","NZD","1763085533","23477/2025-12-10/1763085533.json"
"512557","146154","2025-12-10","45.00","NZD","1763085533","23477/2025-12-10/1763085533.json"
"365170","146153","2025-12-10","48.00","NZD","1763085533","23477/2025-12-10/1763085533.json"
"510807","146155","2025-12-10","52.00","NZD","1763085533","23477/2025-12-10/1763085533.json"
"581513","221281","2025-12-11","36.00","NZD","1763085533","23477/2025-12-11/1763085533.json"
"581514","221282","2025-12-11","36.00","NZD","1763085533","23477/2025-12-11/1763085533.json"
"512557","146154","2025-12-11","45.00","NZD","1763085533","23477/2025-12-11/1763085533.json"
"365170","146153","2025-12-11","48.00","NZD","1763085533","23477/2025-12-11/1763085533.json"
"510807","146155","2025-12-11","52.00","NZD","1763085533","23477/2025-12-11/1763085533.json"
"581513","221281","2025-12-13","36.00","NZD","1763085533","23477/2025-12-13/1763085533.json"
"581514","221282","2025-12-13","36.00","NZD","1763085533","23477/2025-12-13/1763085533.json"
"512557","146154","2025-12-13","45.00","NZD","1763085533","23477/2025-12-13/1763085533.json"
"365170","146153","2025-12-13","48.00","NZD","1763085533","23477/2025-12-13/1763085533.json"
"510807","146155","2025-12-13","52.00","NZD","1763085533","23477/2025-12-13/1763085533.json"
"581513","221281","2025-12-12","36.00","NZD","1763085533","23477/2025-12-12/1763085533.json"
"581514","221282","2025-12-12","36.00","NZD","1763085533","23477/2025-12-12/1763085533.json"
"512557","146154","2025-12-12","45.00","NZD","1763085533","23477/2025-12-12/1763085533.json"
"365170","146153","2025-12-12","48.00","NZD","1763085533","23477/2025-12-12/1763085533.json"
"510807","146155","2025-12-12","52.00","NZD","1763085533","23477/2025-12-12/1763085533.json"
"581513","221281","2025-12-14","36.00","NZD","1763085533","23477/2025-12-14/1763085533.json"
"581514","221282","2025-12-14","36.00","NZD","1763085533","23477/2025-12-14/1763085533.json"
"512557","146154","2025-12-14","45.00","NZD","1763085533","23477/2025-12-14/1763085533.json"
"365170","146153","2025-12-14","48.00","NZD","1763085533","23477/2025-12-14/1763085533.json"
"510807","146155","2025-12-14","52.00","NZD","1763085533","23477/2025-12-14/1763085533.json"
"581513","221281","2025-12-15","36.00","NZD","1763085533","23477/2025-12-15/1763085533.json"
"581514","221282","2025-12-15","36.00","NZD","1763085533","23477/2025-12-15/1763085533.json"
"512557","146154","2025-12-15","45.00","NZD","1763085533","23477/2025-12-15/1763085533.json"
"365170","146153","2025-12-15","48.00","NZD","1763085533","23477/2025-12-15/1763085533.json"
"510807","146155","2025-12-15","52.00","NZD","1763085533","23477/2025-12-15/1763085533.json"
"581513","221281","2025-12-16","36.00","NZD","1763085533","23477/2025-12-16/1763085533.json"
"581514","221282","2025-12-16","36.00","NZD","1763085533","23477/2025-12-16/1763085533.json"
"512557","146154","2025-12-16","45.00","NZD","1763085533","23477/2025-12-16/1763085533.json"
"365170","146153","2025-12-16","48.00","NZD","1763085533","23477/2025-12-16/1763085533.json"
"510807","146155","2025-12-16","52.00","NZD","1763085533","23477/2025-12-16/1763085533.json"
"581513","221281","2025-12-17","36.00","NZD","1763085533","23477/2025-12-17/1763085533.json"
"581514","221282","2025-12-17","36.00","NZD","1763085533","23477/2025-12-17/1763085533.json"
"512557","146154","2025-12-17","45.00","NZD","1763085533","23477/2025-12-17/1763085533.json"
"365170","146153","2025-12-17","48.00","NZD","1763085533","23477/2025-12-17/1763085533.json"
"510807","146155","2025-12-17","52.00","NZD","1763085533","23477/2025-12-17/1763085533.json"
"581513","221281","2025-12-18","36.00","NZD","1763085533","23477/2025-12-18/1763085533.json"
"581514","221282","2025-12-18","36.00","NZD","1763085533","23477/2025-12-18/1763085533.json"
"512557","146154","2025-12-18","45.00","NZD","1763085533","23477/2025-12-18/1763085533.json"
"365170","146153","2025-12-18","48.00","NZD","1763085533","23477/2025-12-18/1763085533.json"
"510807","146155","2025-12-18","52.00","NZD","1763085533","23477/2025-12-18/1763085533.json"
"581513","221281","2025-12-19","36.00","NZD","1763085533","23477/2025-12-19/1763085533.json"
"581514","221282","2025-12-19","36.00","NZD","1763085533","23477/2025-12-19/1763085533.json"
"512557","146154","2025-12-19","45.00","NZD","1763085533","23477/2025-12-19/1763085533.json"
"365170","146153","2025-12-19","48.00","NZD","1763085533","23477/2025-12-19/1763085533.json"
"510807","146155","2025-12-19","52.00","NZD","1763085533","23477/2025-12-19/1763085533.json"
"581513","221281","2025-12-20","36.00","NZD","1763085533","23477/2025-12-20/1763085533.json"
"581514","221282","2025-12-20","36.00","NZD","1763085533","23477/2025-12-20/1763085533.json"
"512557","146154","2025-12-20","45.00","NZD","1763085533","23477/2025-12-20/1763085533.json"
"365170","146153","2025-12-20","48.00","NZD","1763085533","23477/2025-12-20/1763085533.json"
"510807","146155","2025-12-20","52.00","NZD","1763085533","23477/2025-12-20/1763085533.json"
"581513","221281","2025-12-21","36.00","NZD","1763085533","23477/2025-12-21/1763085533.json"
"581514","221282","2025-12-21","36.00","NZD","1763085533","23477/2025-12-21/1763085533.json"
"512557","146154","2025-12-21","45.00","NZD","1763085533","23477/2025-12-21/1763085533.json"
"365170","146153","2025-12-21","48.00","NZD","1763085533","23477/2025-12-21/1763085533.json"
"510807","146155","2025-12-21","52.00","NZD","1763085533","23477/2025-12-21/1763085533.json"
"581513","221281","2025-12-23","38.00","NZD","1763085533","23477/2025-12-23/1763085533.json"
"581514","221282","2025-12-23","38.00","NZD","1763085533","23477/2025-12-23/1763085533.json"
"512557","146154","2025-12-23","45.00","NZD","1763085533","23477/2025-12-23/1763085533.json"
"365170","146153","2025-12-23","48.00","NZD","1763085533","23477/2025-12-23/1763085533.json"
"510807","146155","2025-12-23","52.00","NZD","1763085533","23477/2025-12-23/1763085533.json"
"581513","221281","2025-12-22","36.00","NZD","1763085533","23477/2025-12-22/1763085533.json"
"581514","221282","2025-12-22","36.00","NZD","1763085533","23477/2025-12-22/1763085533.json"
"512557","146154","2025-12-22","45.00","NZD","1763085533","23477/2025-12-22/1763085533.json"
"365170","146153","2025-12-22","48.00","NZD","1763085533","23477/2025-12-22/1763085533.json"
"510807","146155","2025-12-22","52.00","NZD","1763085533","23477/2025-12-22/1763085533.json"
"581513","221281","2025-12-24","38.00","NZD","1763085533","23477/2025-12-24/1763085533.json"
"581514","221282","2025-12-24","38.00","NZD","1763085533","23477/2025-12-24/1763085533.json"
"512557","146154","2025-12-24","45.00","NZD","1763085533","23477/2025-12-24/1763085533.json"
"365170","146153","2025-12-24","48.00","NZD","1763085533","23477/2025-12-24/1763085533.json"
"510807","146155","2025-12-24","52.00","NZD","1763085533","23477/2025-12-24/1763085533.json"
"581513","221281","2025-12-26","42.00","NZD","1763085533","23477/2025-12-26/1763085533.json"
"581514","221282","2025-12-26","42.00","NZD","1763085533","23477/2025-12-26/1763085533.json"
"512557","146154","2025-12-26","45.00","NZD","1763085533","23477/2025-12-26/1763085533.json"
"365170","146153","2025-12-26","48.00","NZD","1763085533","23477/2025-12-26/1763085533.json"
"510807","146155","2025-12-26","52.00","NZD","1763085533","23477/2025-12-26/1763085533.json"
"581513","221281","2025-12-25","38.00","NZD","1763085533","23477/2025-12-25/1763085533.json"
"581514","221282","2025-12-25","38.00","NZD","1763085533","23477/2025-12-25/1763085533.json"
"512557","146154","2025-12-25","45.00","NZD","1763085533","23477/2025-12-25/1763085533.json"
"365170","146153","2025-12-25","48.00","NZD","1763085533","23477/2025-12-25/1763085533.json"
"510807","146155","2025-12-25","52.00","NZD","1763085533","23477/2025-12-25/1763085533.json"
"581513","221281","2025-12-27","42.00","NZD","1763085533","23477/2025-12-27/1763085533.json"
"581514","221282","2025-12-27","42.00","NZD","1763085533","23477/2025-12-27/1763085533.json"
"512557","146154","2025-12-27","45.00","NZD","1763085533","23477/2025-12-27/1763085533.json"
"365170","146153","2025-12-27","48.00","NZD","1763085533","23477/2025-12-27/1763085533.json"
"510807","146155","2025-12-27","52.00","NZD","1763085533","23477/2025-12-27/1763085533.json"
"581513","221281","2025-12-28","42.00","NZD","1763085533","23477/2025-12-28/1763085533.json"
"581514","221282","2025-12-28","42.00","NZD","1763085533","23477/2025-12-28/1763085533.json"
"512557","146154","2025-12-28","45.00","NZD","1763085533","23477/2025-12-28/1763085533.json"
"365170","146153","2025-12-28","48.00","NZD","1763085533","23477/2025-12-28/1763085533.json"
"510807","146155","2025-12-28","52.00","NZD","1763085533","23477/2025-12-28/1763085533.json"
"581513","221281","2025-12-30","42.00","NZD","1763085533","23477/2025-12-30/1763085533.json"
"581514","221282","2025-12-30","42.00","NZD","1763085533","23477/2025-12-30/1763085533.json"
"512557","146154","2025-12-30","45.00","NZD","1763085533","23477/2025-12-30/1763085533.json"
"365170","146153","2025-12-30","48.00","NZD","1763085533","23477/2025-12-30/1763085533.json"
"510807","146155","2025-12-30","52.00","NZD","1763085533","23477/2025-12-30/1763085533.json"
"581513","221281","2025-12-31","42.00","NZD","1763085533","23477/2025-12-31/1763085533.json"
"581514","221282","2025-12-31","42.00","NZD","1763085533","23477/2025-12-31/1763085533.json"
"512557","146154","2025-12-31","45.00","NZD","1763085533","23477/2025-12-31/1763085533.json"
"365170","146153","2025-12-31","48.00","NZD","1763085533","23477/2025-12-31/1763085533.json"
"510807","146155","2025-12-31","52.00","NZD","1763085533","23477/2025-12-31/1763085533.json"
"581513","221281","2025-12-29","42.00","NZD","1763085533","23477/2025-12-29/1763085533.json"
"581514","221282","2025-12-29","42.00","NZD","1763085533","23477/2025-12-29/1763085533.json"
"512557","146154","2025-12-29","45.00","NZD","1763085533","23477/2025-12-29/1763085533.json"
"365170","146153","2025-12-29","48.00","NZD","1763085533","23477/2025-12-29/1763085533.json"
"510807","146155","2025-12-29","52.00","NZD","1763085533","23477/2025-12-29/1763085533.json"
"581513","221281","2026-01-01","42.00","NZD","1763085533","23477/2026-01-01/1763085533.json"
"581514","221282","2026-01-01","42.00","NZD","1763085533","23477/2026-01-01/1763085533.json"
"512557","146154","2026-01-01","45.00","NZD","1763085533","23477/2026-01-01/1763085533.json"
"365170","146153","2026-01-01","48.00","NZD","1763085533","23477/2026-01-01/1763085533.json"
"510807","146155","2026-01-01","52.00","NZD","1763085533","23477/2026-01-01/1763085533.json"
"581513","221281","2026-01-04","42.00","NZD","1763085533","23477/2026-01-04/1763085533.json"
"581514","221282","2026-01-04","42.00","NZD","1763085533","23477/2026-01-04/1763085533.json"
"512557","146154","2026-01-04","45.00","NZD","1763085533","23477/2026-01-04/1763085533.json"
"365170","146153","2026-01-04","48.00","NZD","1763085533","23477/2026-01-04/1763085533.json"
"510807","146155","2026-01-04","52.00","NZD","1763085533","23477/2026-01-04/1763085533.json"
"581513","221281","2026-01-02","42.00","NZD","1763085533","23477/2026-01-02/1763085533.json"
"581514","221282","2026-01-02","42.00","NZD","1763085533","23477/2026-01-02/1763085533.json"
"512557","146154","2026-01-02","45.00","NZD","1763085533","23477/2026-01-02/1763085533.json"
"365170","146153","2026-01-02","48.00","NZD","1763085533","23477/2026-01-02/1763085533.json"
"510807","146155","2026-01-02","52.00","NZD","1763085533","23477/2026-01-02/1763085533.json"
"581513","221281","2026-01-03","42.00","NZD","1763085533","23477/2026-01-03/1763085533.json"
"581514","221282","2026-01-03","42.00","NZD","1763085533","23477/2026-01-03/1763085533.json"
"512557","146154","2026-01-03","45.00","NZD","1763085533","23477/2026-01-03/1763085533.json"
"365170","146153","2026-01-03","48.00","NZD","1763085533","23477/2026-01-03/1763085533.json"
"510807","146155","2026-01-03","52.00","NZD","1763085533","23477/2026-01-03/1763085533.json"
"581513","221281","2026-01-05","36.00","NZD","1763085533","23477/2026-01-05/1763085533.json"
"581514","221282","2026-01-05","36.00","NZD","1763085533","23477/2026-01-05/1763085533.json"
"512557","146154","2026-01-05","45.00","NZD","1763085533","23477/2026-01-05/1763085533.json"
"365170","146153","2026-01-05","48.00","NZD","1763085533","23477/2026-01-05/1763085533.json"
"510807","146155","2026-01-05","52.00","NZD","1763085533","23477/2026-01-05/1763085533.json"
"581513","221281","2026-01-06","36.00","NZD","1763085533","23477/2026-01-06/1763085533.json"
"581514","221282","2026-01-06","36.00","NZD","1763085533","23477/2026-01-06/1763085533.json"
"512557","146154","2026-01-06","45.00","NZD","1763085533","23477/2026-01-06/1763085533.json"
"365170","146153","2026-01-06","48.00","NZD","1763085533","23477/2026-01-06/1763085533.json"
"510807","146155","2026-01-06","52.00","NZD","1763085533","23477/2026-01-06/1763085533.json"
"581513","221281","2026-01-07","36.00","NZD","1763085533","23477/2026-01-07/1763085533.json"
"581514","221282","2026-01-07","36.00","NZD","1763085533","23477/2026-01-07/1763085533.json"
"512557","146154","2026-01-07","45.00","NZD","1763085533","23477/2026-01-07/1763085533.json"
"365170","146153","2026-01-07","48.00","NZD","1763085533","23477/2026-01-07/1763085533.json"
"510807","146155","2026-01-07","52.00","NZD","1763085533","23477/2026-01-07/1763085533.json"
"581513","221281","2026-01-08","36.00","NZD","1763085533","23477/2026-01-08/1763085533.json"
"581514","221282","2026-01-08","36.00","NZD","1763085533","23477/2026-01-08/1763085533.json"
"512557","146154","2026-01-08","45.00","NZD","1763085533","23477/2026-01-08/1763085533.json"
"365170","146153","2026-01-08","48.00","NZD","1763085533","23477/2026-01-08/1763085533.json"
"510807","146155","2026-01-08","52.00","NZD","1763085533","23477/2026-01-08/1763085533.json"
"581513","221281","2026-01-09","36.00","NZD","1763085533","23477/2026-01-09/1763085533.json"
"581514","221282","2026-01-09","36.00","NZD","1763085533","23477/2026-01-09/1763085533.json"
"512557","146154","2026-01-09","45.00","NZD","1763085533","23477/2026-01-09/1763085533.json"
"365170","146153","2026-01-09","48.00","NZD","1763085533","23477/2026-01-09/1763085533.json"
"510807","146155","2026-01-09","52.00","NZD","1763085533","23477/2026-01-09/1763085533.json"
"581513","221281","2026-01-11","36.00","NZD","1763085533","23477/2026-01-11/1763085533.json"
"581514","221282","2026-01-11","36.00","NZD","1763085533","23477/2026-01-11/1763085533.json"
"512557","146154","2026-01-11","45.00","NZD","1763085533","23477/2026-01-11/1763085533.json"
"365170","146153","2026-01-11","48.00","NZD","1763085533","23477/2026-01-11/1763085533.json"
"510807","146155","2026-01-11","52.00","NZD","1763085533","23477/2026-01-11/1763085533.json"
"581513","221281","2026-01-12","36.00","NZD","1763085533","23477/2026-01-12/1763085533.json"
"581514","221282","2026-01-12","36.00","NZD","1763085533","23477/2026-01-12/1763085533.json"
"512557","146154","2026-01-12","45.00","NZD","1763085533","23477/2026-01-12/1763085533.json"
"365170","146153","2026-01-12","48.00","NZD","1763085533","23477/2026-01-12/1763085533.json"
"510807","146155","2026-01-12","52.00","NZD","1763085533","23477/2026-01-12/1763085533.json"
"581513","221281","2026-01-10","36.00","NZD","1763085533","23477/2026-01-10/1763085533.json"
"581514","221282","2026-01-10","36.00","NZD","1763085533","23477/2026-01-10/1763085533.json"
"512557","146154","2026-01-10","45.00","NZD","1763085533","23477/2026-01-10/1763085533.json"
"365170","146153","2026-01-10","48.00","NZD","1763085533","23477/2026-01-10/1763085533.json"
"510807","146155","2026-01-10","52.00","NZD","1763085533","23477/2026-01-10/1763085533.json"
"581513","221281","2026-01-13","36.00","NZD","1763085533","23477/2026-01-13/1763085533.json"
"581514","221282","2026-01-13","36.00","NZD","1763085533","23477/2026-01-13/1763085533.json"
"512557","146154","2026-01-13","45.00","NZD","1763085533","23477/2026-01-13/1763085533.json"
"365170","146153","2026-01-13","48.00","NZD","1763085533","23477/2026-01-13/1763085533.json"
"510807","146155","2026-01-13","52.00","NZD","1763085533","23477/2026-01-13/1763085533.json"
"581513","221281","2025-11-16","36.00","NZD","1763095263","23477/2025-11-16/1763095263.json"
"581514","221282","2025-11-16","36.00","NZD","1763095263","23477/2025-11-16/1763095263.json"
"581513","221281","2025-11-15","36.00","NZD","1763095263","23477/2025-11-15/1763095263.json"
"512557","146154","2025-11-16","45.00","NZD","1763095263","23477/2025-11-16/1763095263.json"
"365170","146153","2025-11-16","48.00","NZD","1763095263","23477/2025-11-16/1763095263.json"
"581514","221282","2025-11-15","36.00","NZD","1763095263","23477/2025-11-15/1763095263.json"
"510807","146155","2025-11-16","52.00","NZD","1763095263","23477/2025-11-16/1763095263.json"
"512557","146154","2025-11-15","45.00","NZD","1763095263","23477/2025-11-15/1763095263.json"
"365170","146153","2025-11-15","48.00","NZD","1763095263","23477/2025-11-15/1763095263.json"
"510807","146155","2025-11-15","52.00","NZD","1763095263","23477/2025-11-15/1763095263.json"
"581513","221281","2025-11-14","36.00","NZD","1763095263","23477/2025-11-14/1763095263.json"
"581514","221282","2025-11-14","36.00","NZD","1763095263","23477/2025-11-14/1763095263.json"
"512557","146154","2025-11-14","45.00","NZD","1763095263","23477/2025-11-14/1763095263.json"
"365170","146153","2025-11-14","48.00","NZD","1763095263","23477/2025-11-14/1763095263.json"
"510807","146155","2025-11-14","52.00","NZD","1763095263","23477/2025-11-14/1763095263.json"
"581513","221281","2025-11-17","36.00","NZD","1763095263","23477/2025-11-17/1763095263.json"
"581514","221282","2025-11-17","36.00","NZD","1763095263","23477/2025-11-17/1763095263.json"
"512557","146154","2025-11-17","45.00","NZD","1763095263","23477/2025-11-17/1763095263.json"
"365170","146153","2025-11-17","48.00","NZD","1763095263","23477/2025-11-17/1763095263.json"
"510807","146155","2025-11-17","52.00","NZD","1763095263","23477/2025-11-17/1763095263.json"
"581513","221281","2025-11-18","36.00","NZD","1763095263","23477/2025-11-18/1763095263.json"
"581514","221282","2025-11-18","36.00","NZD","1763095263","23477/2025-11-18/1763095263.json"
"512557","146154","2025-11-18","45.00","NZD","1763095263","23477/2025-11-18/1763095263.json"
"365170","146153","2025-11-18","48.00","NZD","1763095263","23477/2025-11-18/1763095263.json"
"510807","146155","2025-11-18","52.00","NZD","1763095263","23477/2025-11-18/1763095263.json"
"581513","221281","2025-11-21","36.00","NZD","1763095263","23477/2025-11-21/1763095263.json"
"581514","221282","2025-11-21","36.00","NZD","1763095263","23477/2025-11-21/1763095263.json"
"512557","146154","2025-11-21","45.00","NZD","1763095263","23477/2025-11-21/1763095263.json"
"365170","146153","2025-11-21","48.00","NZD","1763095263","23477/2025-11-21/1763095263.json"
"510807","146155","2025-11-21","52.00","NZD","1763095263","23477/2025-11-21/1763095263.json"
"581513","221281","2025-11-19","36.00","NZD","1763095263","23477/2025-11-19/1763095263.json"
"581514","221282","2025-11-19","36.00","NZD","1763095263","23477/2025-11-19/1763095263.json"
"512557","146154","2025-11-19","45.00","NZD","1763095263","23477/2025-11-19/1763095263.json"
"365170","146153","2025-11-19","48.00","NZD","1763095263","23477/2025-11-19/1763095263.json"
"510807","146155","2025-11-19","52.00","NZD","1763095263","23477/2025-11-19/1763095263.json"
"581513","221281","2025-11-20","36.00","NZD","1763095263","23477/2025-11-20/1763095263.json"
"581514","221282","2025-11-20","36.00","NZD","1763095263","23477/2025-11-20/1763095263.json"
"512557","146154","2025-11-20","45.00","NZD","1763095263","23477/2025-11-20/1763095263.json"
"581513","221281","2025-11-22","36.00","NZD","1763095263","23477/2025-11-22/1763095263.json"
"581514","221282","2025-11-22","36.00","NZD","1763095263","23477/2025-11-22/1763095263.json"
"512557","146154","2025-11-22","45.00","NZD","1763095263","23477/2025-11-22/1763095263.json"
"365170","146153","2025-11-22","48.00","NZD","1763095263","23477/2025-11-22/1763095263.json"
"510807","146155","2025-11-22","52.00","NZD","1763095263","23477/2025-11-22/1763095263.json"
"581513","221281","2025-11-23","36.00","NZD","1763095263","23477/2025-11-23/1763095263.json"
"581514","221282","2025-11-23","36.00","NZD","1763095263","23477/2025-11-23/1763095263.json"
"512557","146154","2025-11-23","45.00","NZD","1763095263","23477/2025-11-23/1763095263.json"
"365170","146153","2025-11-23","48.00","NZD","1763095263","23477/2025-11-23/1763095263.json"
"510807","146155","2025-11-23","52.00","NZD","1763095263","23477/2025-11-23/1763095263.json"
"581513","221281","2025-11-24","36.00","NZD","1763095263","23477/2025-11-24/1763095263.json"
"581514","221282","2025-11-24","36.00","NZD","1763095263","23477/2025-11-24/1763095263.json"
"512557","146154","2025-11-24","45.00","NZD","1763095263","23477/2025-11-24/1763095263.json"
"365170","146153","2025-11-24","48.00","NZD","1763095263","23477/2025-11-24/1763095263.json"
"510807","146155","2025-11-24","52.00","NZD","1763095263","23477/2025-11-24/1763095263.json"
"581513","221281","2025-11-25","36.00","NZD","1763095263","23477/2025-11-25/1763095263.json"
"581514","221282","2025-11-25","36.00","NZD","1763095263","23477/2025-11-25/1763095263.json"
"512557","146154","2025-11-25","45.00","NZD","1763095263","23477/2025-11-25/1763095263.json"
"365170","146153","2025-11-25","48.00","NZD","1763095263","23477/2025-11-25/1763095263.json"
"510807","146155","2025-11-25","52.00","NZD","1763095263","23477/2025-11-25/1763095263.json"
"581513","221281","2025-11-28","36.00","NZD","1763095263","23477/2025-11-28/1763095263.json"
"581514","221282","2025-11-28","36.00","NZD","1763095263","23477/2025-11-28/1763095263.json"
"512557","146154","2025-11-28","45.00","NZD","1763095263","23477/2025-11-28/1763095263.json"
"365170","146153","2025-11-28","48.00","NZD","1763095263","23477/2025-11-28/1763095263.json"
"510807","146155","2025-11-28","52.00","NZD","1763095263","23477/2025-11-28/1763095263.json"
"581513","221281","2025-11-27","36.00","NZD","1763095263","23477/2025-11-27/1763095263.json"
"581513","221281","2025-11-29","36.00","NZD","1763095263","23477/2025-11-29/1763095263.json"
"581514","221282","2025-11-27","36.00","NZD","1763095263","23477/2025-11-27/1763095263.json"
"581514","221282","2025-11-29","36.00","NZD","1763095263","23477/2025-11-29/1763095263.json"
"512557","146154","2025-11-29","45.00","NZD","1763095263","23477/2025-11-29/1763095263.json"
"512557","146154","2025-11-27","45.00","NZD","1763095263","23477/2025-11-27/1763095263.json"
"365170","146153","2025-11-27","48.00","NZD","1763095263","23477/2025-11-27/1763095263.json"
"365170","146153","2025-11-29","48.00","NZD","1763095263","23477/2025-11-29/1763095263.json"
"510807","146155","2025-11-29","52.00","NZD","1763095263","23477/2025-11-29/1763095263.json"
"510807","146155","2025-11-27","52.00","NZD","1763095263","23477/2025-11-27/1763095263.json"
"581513","221281","2025-11-26","36.00","NZD","1763095263","23477/2025-11-26/1763095263.json"
"581514","221282","2025-11-26","36.00","NZD","1763095263","23477/2025-11-26/1763095263.json"
"512557","146154","2025-11-26","45.00","NZD","1763095263","23477/2025-11-26/1763095263.json"
"365170","146153","2025-11-26","48.00","NZD","1763095263","23477/2025-11-26/1763095263.json"
"510807","146155","2025-11-26","52.00","NZD","1763095263","23477/2025-11-26/1763095263.json"
"581513","221281","2025-11-30","36.00","NZD","1763095263","23477/2025-11-30/1763095263.json"
"581514","221282","2025-11-30","36.00","NZD","1763095263","23477/2025-11-30/1763095263.json"
"512557","146154","2025-11-30","45.00","NZD","1763095263","23477/2025-11-30/1763095263.json"
"365170","146153","2025-11-30","48.00","NZD","1763095263","23477/2025-11-30/1763095263.json"
"510807","146155","2025-11-30","52.00","NZD","1763095263","23477/2025-11-30/1763095263.json"
"581513","221281","2025-12-01","36.00","NZD","1763095263","23477/2025-12-01/1763095263.json"
"581514","221282","2025-12-01","36.00","NZD","1763095263","23477/2025-12-01/1763095263.json"
"512557","146154","2025-12-01","45.00","NZD","1763095263","23477/2025-12-01/1763095263.json"
"365170","146153","2025-12-01","48.00","NZD","1763095263","23477/2025-12-01/1763095263.json"
"510807","146155","2025-12-01","52.00","NZD","1763095263","23477/2025-12-01/1763095263.json"
"581513","221281","2025-12-02","36.00","NZD","1763095263","23477/2025-12-02/1763095263.json"
"581514","221282","2025-12-02","36.00","NZD","1763095263","23477/2025-12-02/1763095263.json"
"512557","146154","2025-12-02","45.00","NZD","1763095263","23477/2025-12-02/1763095263.json"
"365170","146153","2025-12-02","48.00","NZD","1763095263","23477/2025-12-02/1763095263.json"
"510807","146155","2025-12-02","52.00","NZD","1763095263","23477/2025-12-02/1763095263.json"
"581513","221281","2025-12-03","36.00","NZD","1763095263","23477/2025-12-03/1763095263.json"
"581514","221282","2025-12-03","36.00","NZD","1763095263","23477/2025-12-03/1763095263.json"
"512557","146154","2025-12-03","45.00","NZD","1763095263","23477/2025-12-03/1763095263.json"
"365170","146153","2025-12-03","48.00","NZD","1763095263","23477/2025-12-03/1763095263.json"
"510807","146155","2025-12-03","52.00","NZD","1763095263","23477/2025-12-03/1763095263.json"
"581513","221281","2025-12-04","36.00","NZD","1763095263","23477/2025-12-04/1763095263.json"
"581514","221282","2025-12-04","36.00","NZD","1763095263","23477/2025-12-04/1763095263.json"
"512557","146154","2025-12-04","45.00","NZD","1763095263","23477/2025-12-04/1763095263.json"
"365170","146153","2025-12-04","48.00","NZD","1763095263","23477/2025-12-04/1763095263.json"
"510807","146155","2025-12-04","52.00","NZD","1763095263","23477/2025-12-04/1763095263.json"
"581513","221281","2025-12-05","36.00","NZD","1763095263","23477/2025-12-05/1763095263.json"
"581514","221282","2025-12-05","36.00","NZD","1763095263","23477/2025-12-05/1763095263.json"
"512557","146154","2025-12-05","45.00","NZD","1763095263","23477/2025-12-05/1763095263.json"
"365170","146153","2025-12-05","48.00","NZD","1763095263","23477/2025-12-05/1763095263.json"
"510807","146155","2025-12-05","52.00","NZD","1763095263","23477/2025-12-05/1763095263.json"
"581513","221281","2025-12-06","36.00","NZD","1763095263","23477/2025-12-06/1763095263.json"
"581514","221282","2025-12-06","36.00","NZD","1763095263","23477/2025-12-06/1763095263.json"
"512557","146154","2025-12-06","45.00","NZD","1763095263","23477/2025-12-06/1763095263.json"
"365170","146153","2025-12-06","48.00","NZD","1763095263","23477/2025-12-06/1763095263.json"
"510807","146155","2025-12-06","52.00","NZD","1763095263","23477/2025-12-06/1763095263.json"
"581513","221281","2025-12-07","36.00","NZD","1763095263","23477/2025-12-07/1763095263.json"
"581514","221282","2025-12-07","36.00","NZD","1763095263","23477/2025-12-07/1763095263.json"
"512557","146154","2025-12-07","45.00","NZD","1763095263","23477/2025-12-07/1763095263.json"
"365170","146153","2025-12-07","48.00","NZD","1763095263","23477/2025-12-07/1763095263.json"
"510807","146155","2025-12-07","52.00","NZD","1763095263","23477/2025-12-07/1763095263.json"
"581513","221281","2025-12-08","36.00","NZD","1763095263","23477/2025-12-08/1763095263.json"
"581514","221282","2025-12-08","36.00","NZD","1763095263","23477/2025-12-08/1763095263.json"
"512557","146154","2025-12-08","45.00","NZD","1763095263","23477/2025-12-08/1763095263.json"
"365170","146153","2025-12-08","48.00","NZD","1763095263","23477/2025-12-08/1763095263.json"
"510807","146155","2025-12-08","52.00","NZD","1763095263","23477/2025-12-08/1763095263.json"
"581513","221281","2025-12-09","36.00","NZD","1763095263","23477/2025-12-09/1763095263.json"
"581514","221282","2025-12-09","36.00","NZD","1763095263","23477/2025-12-09/1763095263.json"
"512557","146154","2025-12-09","45.00","NZD","1763095263","23477/2025-12-09/1763095263.json"
"365170","146153","2025-12-09","48.00","NZD","1763095263","23477/2025-12-09/1763095263.json"
"510807","146155","2025-12-09","52.00","NZD","1763095263","23477/2025-12-09/1763095263.json"
"581513","221281","2025-12-10","36.00","NZD","1763095263","23477/2025-12-10/1763095263.json"
"581514","221282","2025-12-10","36.00","NZD","1763095263","23477/2025-12-10/1763095263.json"
"512557","146154","2025-12-10","45.00","NZD","1763095263","23477/2025-12-10/1763095263.json"
"365170","146153","2025-12-10","48.00","NZD","1763095263","23477/2025-12-10/1763095263.json"
"510807","146155","2025-12-10","52.00","NZD","1763095263","23477/2025-12-10/1763095263.json"
"581513","221281","2025-12-13","36.00","NZD","1763095263","23477/2025-12-13/1763095263.json"
"581514","221282","2025-12-13","36.00","NZD","1763095263","23477/2025-12-13/1763095263.json"
"512557","146154","2025-12-13","45.00","NZD","1763095263","23477/2025-12-13/1763095263.json"
"365170","146153","2025-12-13","48.00","NZD","1763095263","23477/2025-12-13/1763095263.json"
"510807","146155","2025-12-13","52.00","NZD","1763095263","23477/2025-12-13/1763095263.json"
"581513","221281","2025-12-12","36.00","NZD","1763095263","23477/2025-12-12/1763095263.json"
"581514","221282","2025-12-12","36.00","NZD","1763095263","23477/2025-12-12/1763095263.json"
"512557","146154","2025-12-12","45.00","NZD","1763095263","23477/2025-12-12/1763095263.json"
"365170","146153","2025-12-12","48.00","NZD","1763095263","23477/2025-12-12/1763095263.json"
"510807","146155","2025-12-12","52.00","NZD","1763095263","23477/2025-12-12/1763095263.json"
"581513","221281","2025-12-14","36.00","NZD","1763095263","23477/2025-12-14/1763095263.json"
"581514","221282","2025-12-14","36.00","NZD","1763095263","23477/2025-12-14/1763095263.json"
"512557","146154","2025-12-14","45.00","NZD","1763095263","23477/2025-12-14/1763095263.json"
"365170","146153","2025-12-14","48.00","NZD","1763095263","23477/2025-12-14/1763095263.json"
"510807","146155","2025-12-14","52.00","NZD","1763095263","23477/2025-12-14/1763095263.json"
"581513","221281","2025-12-11","36.00","NZD","1763095263","23477/2025-12-11/1763095263.json"
"581514","221282","2025-12-11","36.00","NZD","1763095263","23477/2025-12-11/1763095263.json"
"512557","146154","2025-12-11","45.00","NZD","1763095263","23477/2025-12-11/1763095263.json"
"365170","146153","2025-12-11","48.00","NZD","1763095263","23477/2025-12-11/1763095263.json"
"510807","146155","2025-12-11","52.00","NZD","1763095263","23477/2025-12-11/1763095263.json"
"581513","221281","2025-12-16","36.00","NZD","1763095263","23477/2025-12-16/1763095263.json"
"581514","221282","2025-12-16","36.00","NZD","1763095263","23477/2025-12-16/1763095263.json"
"512557","146154","2025-12-16","45.00","NZD","1763095263","23477/2025-12-16/1763095263.json"
"365170","146153","2025-12-16","48.00","NZD","1763095263","23477/2025-12-16/1763095263.json"
"510807","146155","2025-12-16","52.00","NZD","1763095263","23477/2025-12-16/1763095263.json"
"581513","221281","2025-12-17","36.00","NZD","1763095263","23477/2025-12-17/1763095263.json"
"581514","221282","2025-12-17","36.00","NZD","1763095263","23477/2025-12-17/1763095263.json"
"512557","146154","2025-12-17","45.00","NZD","1763095263","23477/2025-12-17/1763095263.json"
"365170","146153","2025-12-17","48.00","NZD","1763095263","23477/2025-12-17/1763095263.json"
"510807","146155","2025-12-17","52.00","NZD","1763095263","23477/2025-12-17/1763095263.json"
"581513","221281","2025-12-18","36.00","NZD","1763095263","23477/2025-12-18/1763095263.json"
"581514","221282","2025-12-18","36.00","NZD","1763095263","23477/2025-12-18/1763095263.json"
"512557","146154","2025-12-18","45.00","NZD","1763095263","23477/2025-12-18/1763095263.json"
"365170","146153","2025-12-18","48.00","NZD","1763095263","23477/2025-12-18/1763095263.json"
"510807","146155","2025-12-18","52.00","NZD","1763095263","23477/2025-12-18/1763095263.json"
"581513","221281","2025-12-15","36.00","NZD","1763095263","23477/2025-12-15/1763095263.json"
"581514","221282","2025-12-15","36.00","NZD","1763095263","23477/2025-12-15/1763095263.json"
"512557","146154","2025-12-15","45.00","NZD","1763095263","23477/2025-12-15/1763095263.json"
"365170","146153","2025-12-15","48.00","NZD","1763095263","23477/2025-12-15/1763095263.json"
"510807","146155","2025-12-15","52.00","NZD","1763095263","23477/2025-12-15/1763095263.json"
"581513","221281","2025-12-19","36.00","NZD","1763095263","23477/2025-12-19/1763095263.json"
"581514","221282","2025-12-19","36.00","NZD","1763095263","23477/2025-12-19/1763095263.json"
"512557","146154","2025-12-19","45.00","NZD","1763095263","23477/2025-12-19/1763095263.json"
"365170","146153","2025-12-19","48.00","NZD","1763095263","23477/2025-12-19/1763095263.json"
"510807","146155","2025-12-19","52.00","NZD","1763095263","23477/2025-12-19/1763095263.json"
"581513","221281","2025-12-21","36.00","NZD","1763095263","23477/2025-12-21/1763095263.json"
"581514","221282","2025-12-21","36.00","NZD","1763095263","23477/2025-12-21/1763095263.json"
"512557","146154","2025-12-21","45.00","NZD","1763095263","23477/2025-12-21/1763095263.json"
"365170","146153","2025-12-21","48.00","NZD","1763095263","23477/2025-12-21/1763095263.json"
"510807","146155","2025-12-21","52.00","NZD","1763095263","23477/2025-12-21/1763095263.json"
"581513","221281","2025-12-22","36.00","NZD","1763095263","23477/2025-12-22/1763095263.json"
"581514","221282","2025-12-22","36.00","NZD","1763095263","23477/2025-12-22/1763095263.json"
"512557","146154","2025-12-22","45.00","NZD","1763095263","23477/2025-12-22/1763095263.json"
"365170","146153","2025-12-22","48.00","NZD","1763095263","23477/2025-12-22/1763095263.json"
"510807","146155","2025-12-22","52.00","NZD","1763095263","23477/2025-12-22/1763095263.json"
"581513","221281","2025-12-20","36.00","NZD","1763095263","23477/2025-12-20/1763095263.json"
"581514","221282","2025-12-20","36.00","NZD","1763095263","23477/2025-12-20/1763095263.json"
"512557","146154","2025-12-20","45.00","NZD","1763095263","23477/2025-12-20/1763095263.json"
"365170","146153","2025-12-20","48.00","NZD","1763095263","23477/2025-12-20/1763095263.json"
"510807","146155","2025-12-20","52.00","NZD","1763095263","23477/2025-12-20/1763095263.json"
"581513","221281","2025-12-23","38.00","NZD","1763095263","23477/2025-12-23/1763095263.json"
"581514","221282","2025-12-23","38.00","NZD","1763095263","23477/2025-12-23/1763095263.json"
"512557","146154","2025-12-23","45.00","NZD","1763095263","23477/2025-12-23/1763095263.json"
"365170","146153","2025-12-23","48.00","NZD","1763095263","23477/2025-12-23/1763095263.json"
"510807","146155","2025-12-23","52.00","NZD","1763095263","23477/2025-12-23/1763095263.json"
"581513","221281","2025-12-24","38.00","NZD","1763095263","23477/2025-12-24/1763095263.json"
"581514","221282","2025-12-24","38.00","NZD","1763095263","23477/2025-12-24/1763095263.json"
"512557","146154","2025-12-24","45.00","NZD","1763095263","23477/2025-12-24/1763095263.json"
"365170","146153","2025-12-24","48.00","NZD","1763095263","23477/2025-12-24/1763095263.json"
"510807","146155","2025-12-24","52.00","NZD","1763095263","23477/2025-12-24/1763095263.json"
"581513","221281","2025-12-26","42.00","NZD","1763095263","23477/2025-12-26/1763095263.json"
"581514","221282","2025-12-26","42.00","NZD","1763095263","23477/2025-12-26/1763095263.json"
"512557","146154","2025-12-26","45.00","NZD","1763095263","23477/2025-12-26/1763095263.json"
"365170","146153","2025-12-26","48.00","NZD","1763095263","23477/2025-12-26/1763095263.json"
"510807","146155","2025-12-26","52.00","NZD","1763095263","23477/2025-12-26/1763095263.json"
"581513","221281","2025-12-25","38.00","NZD","1763095263","23477/2025-12-25/1763095263.json"
"581514","221282","2025-12-25","38.00","NZD","1763095263","23477/2025-12-25/1763095263.json"
"512557","146154","2025-12-25","45.00","NZD","1763095263","23477/2025-12-25/1763095263.json"
"365170","146153","2025-12-25","48.00","NZD","1763095263","23477/2025-12-25/1763095263.json"
"510807","146155","2025-12-25","52.00","NZD","1763095263","23477/2025-12-25/1763095263.json"
"581513","221281","2025-12-27","42.00","NZD","1763095263","23477/2025-12-27/1763095263.json"
"581514","221282","2025-12-27","42.00","NZD","1763095263","23477/2025-12-27/1763095263.json"
"512557","146154","2025-12-27","45.00","NZD","1763095263","23477/2025-12-27/1763095263.json"
"365170","146153","2025-12-27","48.00","NZD","1763095263","23477/2025-12-27/1763095263.json"
"510807","146155","2025-12-27","52.00","NZD","1763095263","23477/2025-12-27/1763095263.json"
"581513","221281","2025-12-28","42.00","NZD","1763095263","23477/2025-12-28/1763095263.json"
"581514","221282","2025-12-28","42.00","NZD","1763095263","23477/2025-12-28/1763095263.json"
"512557","146154","2025-12-28","45.00","NZD","1763095263","23477/2025-12-28/1763095263.json"
"365170","146153","2025-12-28","48.00","NZD","1763095263","23477/2025-12-28/1763095263.json"
"510807","146155","2025-12-28","52.00","NZD","1763095263","23477/2025-12-28/1763095263.json"
"581513","221281","2025-12-29","42.00","NZD","1763095263","23477/2025-12-29/1763095263.json"
"581514","221282","2025-12-29","42.00","NZD","1763095263","23477/2025-12-29/1763095263.json"
"512557","146154","2025-12-29","45.00","NZD","1763095263","23477/2025-12-29/1763095263.json"
"365170","146153","2025-12-29","48.00","NZD","1763095263","23477/2025-12-29/1763095263.json"
"510807","146155","2025-12-29","52.00","NZD","1763095263","23477/2025-12-29/1763095263.json"
"581513","221281","2025-12-30","42.00","NZD","1763095263","23477/2025-12-30/1763095263.json"
"581514","221282","2025-12-30","42.00","NZD","1763095263","23477/2025-12-30/1763095263.json"
"512557","146154","2025-12-30","45.00","NZD","1763095263","23477/2025-12-30/1763095263.json"
"365170","146153","2025-12-30","48.00","NZD","1763095263","23477/2025-12-30/1763095263.json"
"510807","146155","2025-12-30","52.00","NZD","1763095263","23477/2025-12-30/1763095263.json"
"581513","221281","2025-12-31","42.00","NZD","1763095263","23477/2025-12-31/1763095263.json"
"581514","221282","2025-12-31","42.00","NZD","1763095263","23477/2025-12-31/1763095263.json"
"512557","146154","2025-12-31","45.00","NZD","1763095263","23477/2025-12-31/1763095263.json"
"365170","146153","2025-12-31","48.00","NZD","1763095263","23477/2025-12-31/1763095263.json"
"510807","146155","2025-12-31","52.00","NZD","1763095263","23477/2025-12-31/1763095263.json"
"581513","221281","2026-01-01","42.00","NZD","1763095263","23477/2026-01-01/1763095263.json"
"581514","221282","2026-01-01","42.00","NZD","1763095263","23477/2026-01-01/1763095263.json"
"512557","146154","2026-01-01","45.00","NZD","1763095263","23477/2026-01-01/1763095263.json"
"365170","146153","2026-01-01","48.00","NZD","1763095263","23477/2026-01-01/1763095263.json"
"510807","146155","2026-01-01","52.00","NZD","1763095263","23477/2026-01-01/1763095263.json"
"581513","221281","2026-01-02","42.00","NZD","1763095263","23477/2026-01-02/1763095263.json"
"581514","221282","2026-01-02","42.00","NZD","1763095263","23477/2026-01-02/1763095263.json"
"581513","221281","2026-01-03","42.00","NZD","1763095263","23477/2026-01-03/1763095263.json"
"512557","146154","2026-01-02","45.00","NZD","1763095263","23477/2026-01-02/1763095263.json"
"581514","221282","2026-01-03","42.00","NZD","1763095263","23477/2026-01-03/1763095263.json"
"365170","146153","2026-01-02","48.00","NZD","1763095263","23477/2026-01-02/1763095263.json"
"512557","146154","2026-01-03","45.00","NZD","1763095263","23477/2026-01-03/1763095263.json"
"510807","146155","2026-01-02","52.00","NZD","1763095263","23477/2026-01-02/1763095263.json"
"365170","146153","2026-01-03","48.00","NZD","1763095263","23477/2026-01-03/1763095263.json"
"510807","146155","2026-01-03","52.00","NZD","1763095263","23477/2026-01-03/1763095263.json"
"581513","221281","2026-01-04","42.00","NZD","1763095263","23477/2026-01-04/1763095263.json"
"581514","221282","2026-01-04","42.00","NZD","1763095263","23477/2026-01-04/1763095263.json"
"512557","146154","2026-01-04","45.00","NZD","1763095263","23477/2026-01-04/1763095263.json"
"365170","146153","2026-01-04","48.00","NZD","1763095263","23477/2026-01-04/1763095263.json"
"510807","146155","2026-01-04","52.00","NZD","1763095263","23477/2026-01-04/1763095263.json"
"581513","221281","2026-01-06","36.00","NZD","1763095263","23477/2026-01-06/1763095263.json"
"581514","221282","2026-01-06","36.00","NZD","1763095263","23477/2026-01-06/1763095263.json"
"512557","146154","2026-01-06","45.00","NZD","1763095263","23477/2026-01-06/1763095263.json"
"365170","146153","2026-01-06","48.00","NZD","1763095263","23477/2026-01-06/1763095263.json"
"510807","146155","2026-01-06","52.00","NZD","1763095263","23477/2026-01-06/1763095263.json"
"581513","221281","2026-01-05","36.00","NZD","1763095263","23477/2026-01-05/1763095263.json"
"581514","221282","2026-01-05","36.00","NZD","1763095263","23477/2026-01-05/1763095263.json"
"512557","146154","2026-01-05","45.00","NZD","1763095263","23477/2026-01-05/1763095263.json"
"365170","146153","2026-01-05","48.00","NZD","1763095263","23477/2026-01-05/1763095263.json"
"510807","146155","2026-01-05","52.00","NZD","1763095263","23477/2026-01-05/1763095263.json"
"581513","221281","2026-01-07","36.00","NZD","1763095263","23477/2026-01-07/1763095263.json"
"581514","221282","2026-01-07","36.00","NZD","1763095263","23477/2026-01-07/1763095263.json"
"512557","146154","2026-01-07","45.00","NZD","1763095263","23477/2026-01-07/1763095263.json"
"365170","146153","2026-01-07","48.00","NZD","1763095263","23477/2026-01-07/1763095263.json"
"510807","146155","2026-01-07","52.00","NZD","1763095263","23477/2026-01-07/1763095263.json"
"581513","221281","2026-01-08","36.00","NZD","1763095263","23477/2026-01-08/1763095263.json"
"581514","221282","2026-01-08","36.00","NZD","1763095263","23477/2026-01-08/1763095263.json"
"512557","146154","2026-01-08","45.00","NZD","1763095263","23477/2026-01-08/1763095263.json"
"365170","146153","2026-01-08","48.00","NZD","1763095263","23477/2026-01-08/1763095263.json"
"510807","146155","2026-01-08","52.00","NZD","1763095263","23477/2026-01-08/1763095263.json"
"581513","221281","2026-01-09","36.00","NZD","1763095263","23477/2026-01-09/1763095263.json"
"581514","221282","2026-01-09","36.00","NZD","1763095263","23477/2026-01-09/1763095263.json"
"512557","146154","2026-01-09","45.00","NZD","1763095263","23477/2026-01-09/1763095263.json"
"365170","146153","2026-01-09","48.00","NZD","1763095263","23477/2026-01-09/1763095263.json"
"510807","146155","2026-01-09","52.00","NZD","1763095263","23477/2026-01-09/1763095263.json"
"581513","221281","2026-01-10","36.00","NZD","1763095263","23477/2026-01-10/1763095263.json"
"581514","221282","2026-01-10","36.00","NZD","1763095263","23477/2026-01-10/1763095263.json"
"512557","146154","2026-01-10","45.00","NZD","1763095263","23477/2026-01-10/1763095263.json"
"365170","146153","2026-01-10","48.00","NZD","1763095263","23477/2026-01-10/1763095263.json"
"510807","146155","2026-01-10","52.00","NZD","1763095263","23477/2026-01-10/1763095263.json"
"581513","221281","2026-01-11","36.00","NZD","1763095263","23477/2026-01-11/1763095263.json"
"581514","221282","2026-01-11","36.00","NZD","1763095263","23477/2026-01-11/1763095263.json"
"512557","146154","2026-01-11","45.00","NZD","1763095263","23477/2026-01-11/1763095263.json"
"365170","146153","2026-01-11","48.00","NZD","1763095263","23477/2026-01-11/1763095263.json"
"510807","146155","2026-01-11","52.00","NZD","1763095263","23477/2026-01-11/1763095263.json"
"581513","221281","2026-01-12","36.00","NZD","1763095263","23477/2026-01-12/1763095263.json"
"581514","221282","2026-01-12","36.00","NZD","1763095263","23477/2026-01-12/1763095263.json"
"512557","146154","2026-01-12","45.00","NZD","1763095263","23477/2026-01-12/1763095263.json"
"365170","146153","2026-01-12","48.00","NZD","1763095263","23477/2026-01-12/1763095263.json"
"510807","146155","2026-01-12","52.00","NZD","1763095263","23477/2026-01-12/1763095263.json"
"581513","221281","2026-01-13","36.00","NZD","1763095263","23477/2026-01-13/1763095263.json"
"581514","221282","2026-01-13","36.00","NZD","1763095263","23477/2026-01-13/1763095263.json"
"512557","146154","2026-01-13","45.00","NZD","1763095263","23477/2026-01-13/1763095263.json"
"365170","146153","2026-01-13","48.00","NZD","1763095263","23477/2026-01-13/1763095263.json"
"510807","146155","2026-01-13","52.00","NZD","1763095263","23477/2026-01-13/1763095263.json"
"581513","221281","2025-11-14","36.00","NZD","1763109943","23477/2025-11-14/1763109943.json"
"581514","221282","2025-11-14","36.00","NZD","1763109943","23477/2025-11-14/1763109943.json"
"512557","146154","2025-11-14","45.00","NZD","1763109943","23477/2025-11-14/1763109943.json"
"365170","146153","2025-11-14","48.00","NZD","1763109943","23477/2025-11-14/1763109943.json"
"510807","146155","2025-11-14","52.00","NZD","1763109943","23477/2025-11-14/1763109943.json"
"581513","221281","2025-11-15","36.00","NZD","1763109943","23477/2025-11-15/1763109943.json"
"581514","221282","2025-11-15","36.00","NZD","1763109943","23477/2025-11-15/1763109943.json"
"512557","146154","2025-11-15","45.00","NZD","1763109943","23477/2025-11-15/1763109943.json"
"365170","146153","2025-11-15","48.00","NZD","1763109943","23477/2025-11-15/1763109943.json"
"510807","146155","2025-11-15","52.00","NZD","1763109943","23477/2025-11-15/1763109943.json"
"581513","221281","2025-11-17","36.00","NZD","1763109943","23477/2025-11-17/1763109943.json"
"581514","221282","2025-11-17","36.00","NZD","1763109943","23477/2025-11-17/1763109943.json"
"512557","146154","2025-11-17","45.00","NZD","1763109943","23477/2025-11-17/1763109943.json"
"365170","146153","2025-11-17","48.00","NZD","1763109943","23477/2025-11-17/1763109943.json"
"510807","146155","2025-11-17","52.00","NZD","1763109943","23477/2025-11-17/1763109943.json"
"581513","221281","2025-11-16","36.00","NZD","1763109943","23477/2025-11-16/1763109943.json"
"581514","221282","2025-11-16","36.00","NZD","1763109943","23477/2025-11-16/1763109943.json"
"512557","146154","2025-11-16","45.00","NZD","1763109943","23477/2025-11-16/1763109943.json"
"365170","146153","2025-11-16","48.00","NZD","1763109943","23477/2025-11-16/1763109943.json"
"510807","146155","2025-11-16","52.00","NZD","1763109943","23477/2025-11-16/1763109943.json"
"581513","221281","2025-11-18","36.00","NZD","1763109943","23477/2025-11-18/1763109943.json"
"581514","221282","2025-11-18","36.00","NZD","1763109943","23477/2025-11-18/1763109943.json"
"512557","146154","2025-11-18","45.00","NZD","1763109943","23477/2025-11-18/1763109943.json"
"365170","146153","2025-11-18","48.00","NZD","1763109943","23477/2025-11-18/1763109943.json"
"510807","146155","2025-11-18","52.00","NZD","1763109943","23477/2025-11-18/1763109943.json"
"581513","221281","2025-11-19","36.00","NZD","1763109943","23477/2025-11-19/1763109943.json"
"581514","221282","2025-11-19","36.00","NZD","1763109943","23477/2025-11-19/1763109943.json"
"512557","146154","2025-11-19","45.00","NZD","1763109943","23477/2025-11-19/1763109943.json"
"365170","146153","2025-11-19","48.00","NZD","1763109943","23477/2025-11-19/1763109943.json"
"510807","146155","2025-11-19","52.00","NZD","1763109943","23477/2025-11-19/1763109943.json"
"581513","221281","2025-11-20","36.00","NZD","1763109943","23477/2025-11-20/1763109943.json"
"581514","221282","2025-11-20","36.00","NZD","1763109943","23477/2025-11-20/1763109943.json"
"512557","146154","2025-11-20","45.00","NZD","1763109943","23477/2025-11-20/1763109943.json"
"581513","221281","2025-11-21","36.00","NZD","1763109943","23477/2025-11-21/1763109943.json"
"581514","221282","2025-11-21","36.00","NZD","1763109943","23477/2025-11-21/1763109943.json"
"512557","146154","2025-11-21","45.00","NZD","1763109943","23477/2025-11-21/1763109943.json"
"365170","146153","2025-11-21","48.00","NZD","1763109943","23477/2025-11-21/1763109943.json"
"510807","146155","2025-11-21","52.00","NZD","1763109943","23477/2025-11-21/1763109943.json"
"581513","221281","2025-11-22","36.00","NZD","1763109943","23477/2025-11-22/1763109943.json"
"581514","221282","2025-11-22","36.00","NZD","1763109943","23477/2025-11-22/1763109943.json"
"512557","146154","2025-11-22","45.00","NZD","1763109943","23477/2025-11-22/1763109943.json"
"365170","146153","2025-11-22","48.00","NZD","1763109943","23477/2025-11-22/1763109943.json"
"510807","146155","2025-11-22","52.00","NZD","1763109943","23477/2025-11-22/1763109943.json"
"581513","221281","2025-11-23","36.00","NZD","1763109943","23477/2025-11-23/1763109943.json"
"581514","221282","2025-11-23","36.00","NZD","1763109943","23477/2025-11-23/1763109943.json"
"512557","146154","2025-11-23","45.00","NZD","1763109943","23477/2025-11-23/1763109943.json"
"365170","146153","2025-11-23","48.00","NZD","1763109943","23477/2025-11-23/1763109943.json"
"510807","146155","2025-11-23","52.00","NZD","1763109943","23477/2025-11-23/1763109943.json"
"581513","221281","2025-11-24","36.00","NZD","1763109943","23477/2025-11-24/1763109943.json"
"581514","221282","2025-11-24","36.00","NZD","1763109943","23477/2025-11-24/1763109943.json"
"512557","146154","2025-11-24","45.00","NZD","1763109943","23477/2025-11-24/1763109943.json"
"365170","146153","2025-11-24","48.00","NZD","1763109943","23477/2025-11-24/1763109943.json"
"510807","146155","2025-11-24","52.00","NZD","1763109943","23477/2025-11-24/1763109943.json"
"581513","221281","2025-11-25","36.00","NZD","1763109943","23477/2025-11-25/1763109943.json"
"581514","221282","2025-11-25","36.00","NZD","1763109943","23477/2025-11-25/1763109943.json"
"512557","146154","2025-11-25","45.00","NZD","1763109943","23477/2025-11-25/1763109943.json"
"365170","146153","2025-11-25","48.00","NZD","1763109943","23477/2025-11-25/1763109943.json"
"510807","146155","2025-11-25","52.00","NZD","1763109943","23477/2025-11-25/1763109943.json"
"581513","221281","2025-11-26","36.00","NZD","1763109943","23477/2025-11-26/1763109943.json"
"581514","221282","2025-11-26","36.00","NZD","1763109943","23477/2025-11-26/1763109943.json"
"512557","146154","2025-11-26","45.00","NZD","1763109943","23477/2025-11-26/1763109943.json"
"365170","146153","2025-11-26","48.00","NZD","1763109943","23477/2025-11-26/1763109943.json"
"510807","146155","2025-11-26","52.00","NZD","1763109943","23477/2025-11-26/1763109943.json"
"581513","221281","2025-11-28","36.00","NZD","1763109943","23477/2025-11-28/1763109943.json"
"581514","221282","2025-11-28","36.00","NZD","1763109943","23477/2025-11-28/1763109943.json"
"512557","146154","2025-11-28","45.00","NZD","1763109943","23477/2025-11-28/1763109943.json"
"365170","146153","2025-11-28","48.00","NZD","1763109943","23477/2025-11-28/1763109943.json"
"510807","146155","2025-11-28","52.00","NZD","1763109943","23477/2025-11-28/1763109943.json"
"581513","221281","2025-11-29","36.00","NZD","1763109943","23477/2025-11-29/1763109943.json"
"581514","221282","2025-11-29","36.00","NZD","1763109943","23477/2025-11-29/1763109943.json"
"512557","146154","2025-11-29","45.00","NZD","1763109943","23477/2025-11-29/1763109943.json"
"365170","146153","2025-11-29","48.00","NZD","1763109943","23477/2025-11-29/1763109943.json"
"510807","146155","2025-11-29","52.00","NZD","1763109943","23477/2025-11-29/1763109943.json"
"581513","221281","2025-11-27","36.00","NZD","1763109943","23477/2025-11-27/1763109943.json"
"581514","221282","2025-11-27","36.00","NZD","1763109943","23477/2025-11-27/1763109943.json"
"512557","146154","2025-11-27","45.00","NZD","1763109943","23477/2025-11-27/1763109943.json"
"365170","146153","2025-11-27","48.00","NZD","1763109943","23477/2025-11-27/1763109943.json"
"510807","146155","2025-11-27","52.00","NZD","1763109943","23477/2025-11-27/1763109943.json"
"581513","221281","2025-11-30","36.00","NZD","1763109943","23477/2025-11-30/1763109943.json"
"581514","221282","2025-11-30","36.00","NZD","1763109943","23477/2025-11-30/1763109943.json"
"512557","146154","2025-11-30","45.00","NZD","1763109943","23477/2025-11-30/1763109943.json"
"365170","146153","2025-11-30","48.00","NZD","1763109943","23477/2025-11-30/1763109943.json"
"510807","146155","2025-11-30","52.00","NZD","1763109943","23477/2025-11-30/1763109943.json"
"581513","221281","2025-12-02","36.00","NZD","1763109943","23477/2025-12-02/1763109943.json"
"581514","221282","2025-12-02","36.00","NZD","1763109943","23477/2025-12-02/1763109943.json"
"512557","146154","2025-12-02","45.00","NZD","1763109943","23477/2025-12-02/1763109943.json"
"365170","146153","2025-12-02","48.00","NZD","1763109943","23477/2025-12-02/1763109943.json"
"510807","146155","2025-12-02","52.00","NZD","1763109943","23477/2025-12-02/1763109943.json"
"581513","221281","2025-12-03","36.00","NZD","1763109943","23477/2025-12-03/1763109943.json"
"581514","221282","2025-12-03","36.00","NZD","1763109943","23477/2025-12-03/1763109943.json"
"512557","146154","2025-12-03","45.00","NZD","1763109943","23477/2025-12-03/1763109943.json"
"365170","146153","2025-12-03","48.00","NZD","1763109943","23477/2025-12-03/1763109943.json"
"510807","146155","2025-12-03","52.00","NZD","1763109943","23477/2025-12-03/1763109943.json"
"581513","221281","2025-12-01","36.00","NZD","1763109943","23477/2025-12-01/1763109943.json"
"581514","221282","2025-12-01","36.00","NZD","1763109943","23477/2025-12-01/1763109943.json"
"512557","146154","2025-12-01","45.00","NZD","1763109943","23477/2025-12-01/1763109943.json"
"365170","146153","2025-12-01","48.00","NZD","1763109943","23477/2025-12-01/1763109943.json"
"510807","146155","2025-12-01","52.00","NZD","1763109943","23477/2025-12-01/1763109943.json"
"581513","221281","2025-12-05","36.00","NZD","1763109943","23477/2025-12-05/1763109943.json"
"581514","221282","2025-12-05","36.00","NZD","1763109943","23477/2025-12-05/1763109943.json"
"512557","146154","2025-12-05","45.00","NZD","1763109943","23477/2025-12-05/1763109943.json"
"365170","146153","2025-12-05","48.00","NZD","1763109943","23477/2025-12-05/1763109943.json"
"510807","146155","2025-12-05","52.00","NZD","1763109943","23477/2025-12-05/1763109943.json"
"581513","221281","2025-12-04","36.00","NZD","1763109943","23477/2025-12-04/1763109943.json"
"581514","221282","2025-12-04","36.00","NZD","1763109943","23477/2025-12-04/1763109943.json"
"512557","146154","2025-12-04","45.00","NZD","1763109943","23477/2025-12-04/1763109943.json"
"365170","146153","2025-12-04","48.00","NZD","1763109943","23477/2025-12-04/1763109943.json"
"510807","146155","2025-12-04","52.00","NZD","1763109943","23477/2025-12-04/1763109943.json"
"581513","221281","2025-12-07","36.00","NZD","1763109943","23477/2025-12-07/1763109943.json"
"581514","221282","2025-12-07","36.00","NZD","1763109943","23477/2025-12-07/1763109943.json"
"512557","146154","2025-12-07","45.00","NZD","1763109943","23477/2025-12-07/1763109943.json"
"365170","146153","2025-12-07","48.00","NZD","1763109943","23477/2025-12-07/1763109943.json"
"510807","146155","2025-12-07","52.00","NZD","1763109943","23477/2025-12-07/1763109943.json"
"581513","221281","2025-12-08","36.00","NZD","1763109943","23477/2025-12-08/1763109943.json"
"581514","221282","2025-12-08","36.00","NZD","1763109943","23477/2025-12-08/1763109943.json"
"512557","146154","2025-12-08","45.00","NZD","1763109943","23477/2025-12-08/1763109943.json"
"365170","146153","2025-12-08","48.00","NZD","1763109943","23477/2025-12-08/1763109943.json"
"510807","146155","2025-12-08","52.00","NZD","1763109943","23477/2025-12-08/1763109943.json"
"581513","221281","2025-12-06","36.00","NZD","1763109943","23477/2025-12-06/1763109943.json"
"581514","221282","2025-12-06","36.00","NZD","1763109943","23477/2025-12-06/1763109943.json"
"512557","146154","2025-12-06","45.00","NZD","1763109943","23477/2025-12-06/1763109943.json"
"365170","146153","2025-12-06","48.00","NZD","1763109943","23477/2025-12-06/1763109943.json"
"510807","146155","2025-12-06","52.00","NZD","1763109943","23477/2025-12-06/1763109943.json"
"581513","221281","2025-12-09","36.00","NZD","1763109943","23477/2025-12-09/1763109943.json"
"581514","221282","2025-12-09","36.00","NZD","1763109943","23477/2025-12-09/1763109943.json"
"512557","146154","2025-12-09","45.00","NZD","1763109943","23477/2025-12-09/1763109943.json"
"365170","146153","2025-12-09","48.00","NZD","1763109943","23477/2025-12-09/1763109943.json"
"510807","146155","2025-12-09","52.00","NZD","1763109943","23477/2025-12-09/1763109943.json"
"581513","221281","2025-12-10","36.00","NZD","1763109943","23477/2025-12-10/1763109943.json"
"581514","221282","2025-12-10","36.00","NZD","1763109943","23477/2025-12-10/1763109943.json"
"512557","146154","2025-12-10","45.00","NZD","1763109943","23477/2025-12-10/1763109943.json"
"365170","146153","2025-12-10","48.00","NZD","1763109943","23477/2025-12-10/1763109943.json"
"510807","146155","2025-12-10","52.00","NZD","1763109943","23477/2025-12-10/1763109943.json"
"581513","221281","2025-12-11","36.00","NZD","1763109943","23477/2025-12-11/1763109943.json"
"581514","221282","2025-12-11","36.00","NZD","1763109943","23477/2025-12-11/1763109943.json"
"512557","146154","2025-12-11","45.00","NZD","1763109943","23477/2025-12-11/1763109943.json"
"365170","146153","2025-12-11","48.00","NZD","1763109943","23477/2025-12-11/1763109943.json"
"510807","146155","2025-12-11","52.00","NZD","1763109943","23477/2025-12-11/1763109943.json"
"581513","221281","2025-12-12","36.00","NZD","1763109943","23477/2025-12-12/1763109943.json"
"581514","221282","2025-12-12","36.00","NZD","1763109943","23477/2025-12-12/1763109943.json"
"512557","146154","2025-12-12","45.00","NZD","1763109943","23477/2025-12-12/1763109943.json"
"365170","146153","2025-12-12","48.00","NZD","1763109943","23477/2025-12-12/1763109943.json"
"510807","146155","2025-12-12","52.00","NZD","1763109943","23477/2025-12-12/1763109943.json"
"581513","221281","2025-12-13","36.00","NZD","1763109943","23477/2025-12-13/1763109943.json"
"581514","221282","2025-12-13","36.00","NZD","1763109943","23477/2025-12-13/1763109943.json"
"512557","146154","2025-12-13","45.00","NZD","1763109943","23477/2025-12-13/1763109943.json"
"365170","146153","2025-12-13","48.00","NZD","1763109943","23477/2025-12-13/1763109943.json"
"510807","146155","2025-12-13","52.00","NZD","1763109943","23477/2025-12-13/1763109943.json"
"581513","221281","2025-12-14","36.00","NZD","1763109943","23477/2025-12-14/1763109943.json"
"581514","221282","2025-12-14","36.00","NZD","1763109943","23477/2025-12-14/1763109943.json"
"512557","146154","2025-12-14","45.00","NZD","1763109943","23477/2025-12-14/1763109943.json"
"365170","146153","2025-12-14","48.00","NZD","1763109943","23477/2025-12-14/1763109943.json"
"510807","146155","2025-12-14","52.00","NZD","1763109943","23477/2025-12-14/1763109943.json"
"581513","221281","2025-12-15","36.00","NZD","1763109943","23477/2025-12-15/1763109943.json"
"581514","221282","2025-12-15","36.00","NZD","1763109943","23477/2025-12-15/1763109943.json"
"512557","146154","2025-12-15","45.00","NZD","1763109943","23477/2025-12-15/1763109943.json"
"365170","146153","2025-12-15","48.00","NZD","1763109943","23477/2025-12-15/1763109943.json"
"510807","146155","2025-12-15","52.00","NZD","1763109943","23477/2025-12-15/1763109943.json"
"581513","221281","2025-12-17","36.00","NZD","1763109943","23477/2025-12-17/1763109943.json"
"581514","221282","2025-12-17","36.00","NZD","1763109943","23477/2025-12-17/1763109943.json"
"512557","146154","2025-12-17","45.00","NZD","1763109943","23477/2025-12-17/1763109943.json"
"365170","146153","2025-12-17","48.00","NZD","1763109943","23477/2025-12-17/1763109943.json"
"510807","146155","2025-12-17","52.00","NZD","1763109943","23477/2025-12-17/1763109943.json"
"581513","221281","2025-12-18","36.00","NZD","1763109943","23477/2025-12-18/1763109943.json"
"581514","221282","2025-12-18","36.00","NZD","1763109943","23477/2025-12-18/1763109943.json"
"512557","146154","2025-12-18","45.00","NZD","1763109943","23477/2025-12-18/1763109943.json"
"365170","146153","2025-12-18","48.00","NZD","1763109943","23477/2025-12-18/1763109943.json"
"510807","146155","2025-12-18","52.00","NZD","1763109943","23477/2025-12-18/1763109943.json"
"581513","221281","2025-12-19","36.00","NZD","1763109943","23477/2025-12-19/1763109943.json"
"581514","221282","2025-12-19","36.00","NZD","1763109943","23477/2025-12-19/1763109943.json"
"512557","146154","2025-12-19","45.00","NZD","1763109943","23477/2025-12-19/1763109943.json"
"365170","146153","2025-12-19","48.00","NZD","1763109943","23477/2025-12-19/1763109943.json"
"510807","146155","2025-12-19","52.00","NZD","1763109943","23477/2025-12-19/1763109943.json"
"581513","221281","2025-12-20","36.00","NZD","1763109943","23477/2025-12-20/1763109943.json"
"581514","221282","2025-12-20","36.00","NZD","1763109943","23477/2025-12-20/1763109943.json"
"512557","146154","2025-12-20","45.00","NZD","1763109943","23477/2025-12-20/1763109943.json"
"365170","146153","2025-12-20","48.00","NZD","1763109943","23477/2025-12-20/1763109943.json"
"510807","146155","2025-12-20","52.00","NZD","1763109943","23477/2025-12-20/1763109943.json"
"581513","221281","2025-12-21","36.00","NZD","1763109943","23477/2025-12-21/1763109943.json"
"581514","221282","2025-12-21","36.00","NZD","1763109943","23477/2025-12-21/1763109943.json"
"512557","146154","2025-12-21","45.00","NZD","1763109943","23477/2025-12-21/1763109943.json"
"365170","146153","2025-12-21","48.00","NZD","1763109943","23477/2025-12-21/1763109943.json"
"510807","146155","2025-12-21","52.00","NZD","1763109943","23477/2025-12-21/1763109943.json"
"581513","221281","2025-12-16","36.00","NZD","1763109943","23477/2025-12-16/1763109943.json"
"581514","221282","2025-12-16","36.00","NZD","1763109943","23477/2025-12-16/1763109943.json"
"512557","146154","2025-12-16","45.00","NZD","1763109943","23477/2025-12-16/1763109943.json"
"365170","146153","2025-12-16","48.00","NZD","1763109943","23477/2025-12-16/1763109943.json"
"510807","146155","2025-12-16","52.00","NZD","1763109943","23477/2025-12-16/1763109943.json"
"581513","221281","2025-12-22","36.00","NZD","1763109943","23477/2025-12-22/1763109943.json"
"581514","221282","2025-12-22","36.00","NZD","1763109943","23477/2025-12-22/1763109943.json"
"512557","146154","2025-12-22","45.00","NZD","1763109943","23477/2025-12-22/1763109943.json"
"365170","146153","2025-12-22","48.00","NZD","1763109943","23477/2025-12-22/1763109943.json"
"510807","146155","2025-12-22","52.00","NZD","1763109943","23477/2025-12-22/1763109943.json"
"581513","221281","2025-12-24","38.00","NZD","1763109943","23477/2025-12-24/1763109943.json"
"581514","221282","2025-12-24","38.00","NZD","1763109943","23477/2025-12-24/1763109943.json"
"512557","146154","2025-12-24","45.00","NZD","1763109943","23477/2025-12-24/1763109943.json"
"365170","146153","2025-12-24","48.00","NZD","1763109943","23477/2025-12-24/1763109943.json"
"510807","146155","2025-12-24","52.00","NZD","1763109943","23477/2025-12-24/1763109943.json"
"581513","221281","2025-12-25","38.00","NZD","1763109943","23477/2025-12-25/1763109943.json"
"581514","221282","2025-12-25","38.00","NZD","1763109943","23477/2025-12-25/1763109943.json"
"512557","146154","2025-12-25","45.00","NZD","1763109943","23477/2025-12-25/1763109943.json"
"365170","146153","2025-12-25","48.00","NZD","1763109943","23477/2025-12-25/1763109943.json"
"510807","146155","2025-12-25","52.00","NZD","1763109943","23477/2025-12-25/1763109943.json"
"581513","221281","2025-12-23","38.00","NZD","1763109943","23477/2025-12-23/1763109943.json"
"581514","221282","2025-12-23","38.00","NZD","1763109943","23477/2025-12-23/1763109943.json"
"512557","146154","2025-12-23","45.00","NZD","1763109943","23477/2025-12-23/1763109943.json"
"365170","146153","2025-12-23","48.00","NZD","1763109943","23477/2025-12-23/1763109943.json"
"510807","146155","2025-12-23","52.00","NZD","1763109943","23477/2025-12-23/1763109943.json"
"581513","221281","2025-12-26","42.00","NZD","1763109943","23477/2025-12-26/1763109943.json"
"581514","221282","2025-12-26","42.00","NZD","1763109943","23477/2025-12-26/1763109943.json"
"512557","146154","2025-12-26","45.00","NZD","1763109943","23477/2025-12-26/1763109943.json"
"365170","146153","2025-12-26","48.00","NZD","1763109943","23477/2025-12-26/1763109943.json"
"510807","146155","2025-12-26","52.00","NZD","1763109943","23477/2025-12-26/1763109943.json"
"581513","221281","2025-12-28","42.00","NZD","1763109943","23477/2025-12-28/1763109943.json"
"581514","221282","2025-12-28","42.00","NZD","1763109943","23477/2025-12-28/1763109943.json"
"512557","146154","2025-12-28","45.00","NZD","1763109943","23477/2025-12-28/1763109943.json"
"365170","146153","2025-12-28","48.00","NZD","1763109943","23477/2025-12-28/1763109943.json"
"510807","146155","2025-12-28","52.00","NZD","1763109943","23477/2025-12-28/1763109943.json"
"581513","221281","2025-12-27","42.00","NZD","1763109943","23477/2025-12-27/1763109943.json"
"581514","221282","2025-12-27","42.00","NZD","1763109943","23477/2025-12-27/1763109943.json"
"512557","146154","2025-12-27","45.00","NZD","1763109943","23477/2025-12-27/1763109943.json"
"365170","146153","2025-12-27","48.00","NZD","1763109943","23477/2025-12-27/1763109943.json"
"510807","146155","2025-12-27","52.00","NZD","1763109943","23477/2025-12-27/1763109943.json"
"581513","221281","2025-12-29","42.00","NZD","1763109943","23477/2025-12-29/1763109943.json"
"581514","221282","2025-12-29","42.00","NZD","1763109943","23477/2025-12-29/1763109943.json"
"512557","146154","2025-12-29","45.00","NZD","1763109943","23477/2025-12-29/1763109943.json"
"365170","146153","2025-12-29","48.00","NZD","1763109943","23477/2025-12-29/1763109943.json"
"510807","146155","2025-12-29","52.00","NZD","1763109943","23477/2025-12-29/1763109943.json"
"581513","221281","2025-12-30","42.00","NZD","1763109943","23477/2025-12-30/1763109943.json"
"581514","221282","2025-12-30","42.00","NZD","1763109943","23477/2025-12-30/1763109943.json"
"512557","146154","2025-12-30","45.00","NZD","1763109943","23477/2025-12-30/1763109943.json"
"365170","146153","2025-12-30","48.00","NZD","1763109943","23477/2025-12-30/1763109943.json"
"510807","146155","2025-12-30","52.00","NZD","1763109943","23477/2025-12-30/1763109943.json"
"581513","221281","2026-01-01","42.00","NZD","1763109943","23477/2026-01-01/1763109943.json"
"581514","221282","2026-01-01","42.00","NZD","1763109943","23477/2026-01-01/1763109943.json"
"512557","146154","2026-01-01","45.00","NZD","1763109943","23477/2026-01-01/1763109943.json"
"365170","146153","2026-01-01","48.00","NZD","1763109943","23477/2026-01-01/1763109943.json"
"510807","146155","2026-01-01","52.00","NZD","1763109943","23477/2026-01-01/1763109943.json"
"581513","221281","2025-12-31","42.00","NZD","1763109943","23477/2025-12-31/1763109943.json"
"581514","221282","2025-12-31","42.00","NZD","1763109943","23477/2025-12-31/1763109943.json"
"512557","146154","2025-12-31","45.00","NZD","1763109943","23477/2025-12-31/1763109943.json"
"365170","146153","2025-12-31","48.00","NZD","1763109943","23477/2025-12-31/1763109943.json"
"510807","146155","2025-12-31","52.00","NZD","1763109943","23477/2025-12-31/1763109943.json"
"581513","221281","2026-01-02","42.00","NZD","1763109943","23477/2026-01-02/1763109943.json"
"581514","221282","2026-01-02","42.00","NZD","1763109943","23477/2026-01-02/1763109943.json"
"512557","146154","2026-01-02","45.00","NZD","1763109943","23477/2026-01-02/1763109943.json"
"365170","146153","2026-01-02","48.00","NZD","1763109943","23477/2026-01-02/1763109943.json"
"510807","146155","2026-01-02","52.00","NZD","1763109943","23477/2026-01-02/1763109943.json"
"581513","221281","2026-01-03","42.00","NZD","1763109943","23477/2026-01-03/1763109943.json"
"581514","221282","2026-01-03","42.00","NZD","1763109943","23477/2026-01-03/1763109943.json"
"512557","146154","2026-01-03","45.00","NZD","1763109943","23477/2026-01-03/1763109943.json"
"365170","146153","2026-01-03","48.00","NZD","1763109943","23477/2026-01-03/1763109943.json"
"510807","146155","2026-01-03","52.00","NZD","1763109943","23477/2026-01-03/1763109943.json"
"581513","221281","2026-01-04","42.00","NZD","1763109943","23477/2026-01-04/1763109943.json"
"581514","221282","2026-01-04","42.00","NZD","1763109943","23477/2026-01-04/1763109943.json"
"512557","146154","2026-01-04","45.00","NZD","1763109943","23477/2026-01-04/1763109943.json"
"365170","146153","2026-01-04","48.00","NZD","1763109943","23477/2026-01-04/1763109943.json"
"510807","146155","2026-01-04","52.00","NZD","1763109943","23477/2026-01-04/1763109943.json"
"581513","221281","2026-01-05","36.00","NZD","1763109943","23477/2026-01-05/1763109943.json"
"581514","221282","2026-01-05","36.00","NZD","1763109943","23477/2026-01-05/1763109943.json"
"512557","146154","2026-01-05","45.00","NZD","1763109943","23477/2026-01-05/1763109943.json"
"365170","146153","2026-01-05","48.00","NZD","1763109943","23477/2026-01-05/1763109943.json"
"510807","146155","2026-01-05","52.00","NZD","1763109943","23477/2026-01-05/1763109943.json"
"581513","221281","2026-01-06","36.00","NZD","1763109943","23477/2026-01-06/1763109943.json"
"581514","221282","2026-01-06","36.00","NZD","1763109943","23477/2026-01-06/1763109943.json"
"512557","146154","2026-01-06","45.00","NZD","1763109943","23477/2026-01-06/1763109943.json"
"365170","146153","2026-01-06","48.00","NZD","1763109943","23477/2026-01-06/1763109943.json"
"510807","146155","2026-01-06","52.00","NZD","1763109943","23477/2026-01-06/1763109943.json"
"581513","221281","2026-01-07","36.00","NZD","1763109943","23477/2026-01-07/1763109943.json"
"581514","221282","2026-01-07","36.00","NZD","1763109943","23477/2026-01-07/1763109943.json"
"512557","146154","2026-01-07","45.00","NZD","1763109943","23477/2026-01-07/1763109943.json"
"365170","146153","2026-01-07","48.00","NZD","1763109943","23477/2026-01-07/1763109943.json"
"510807","146155","2026-01-07","52.00","NZD","1763109943","23477/2026-01-07/1763109943.json"
"581513","221281","2026-01-09","36.00","NZD","1763109943","23477/2026-01-09/1763109943.json"
"581514","221282","2026-01-09","36.00","NZD","1763109943","23477/2026-01-09/1763109943.json"
"512557","146154","2026-01-09","45.00","NZD","1763109943","23477/2026-01-09/1763109943.json"
"365170","146153","2026-01-09","48.00","NZD","1763109943","23477/2026-01-09/1763109943.json"
"510807","146155","2026-01-09","52.00","NZD","1763109943","23477/2026-01-09/1763109943.json"
"581513","221281","2026-01-08","36.00","NZD","1763109943","23477/2026-01-08/1763109943.json"
"581514","221282","2026-01-08","36.00","NZD","1763109943","23477/2026-01-08/1763109943.json"
"512557","146154","2026-01-08","45.00","NZD","1763109943","23477/2026-01-08/1763109943.json"
"365170","146153","2026-01-08","48.00","NZD","1763109943","23477/2026-01-08/1763109943.json"
"510807","146155","2026-01-08","52.00","NZD","1763109943","23477/2026-01-08/1763109943.json"
"581513","221281","2026-01-10","36.00","NZD","1763109943","23477/2026-01-10/1763109943.json"
"581514","221282","2026-01-10","36.00","NZD","1763109943","23477/2026-01-10/1763109943.json"
"512557","146154","2026-01-10","45.00","NZD","1763109943","23477/2026-01-10/1763109943.json"
"365170","146153","2026-01-10","48.00","NZD","1763109943","23477/2026-01-10/1763109943.json"
"510807","146155","2026-01-10","52.00","NZD","1763109943","23477/2026-01-10/1763109943.json"
"581513","221281","2026-01-11","36.00","NZD","1763109943","23477/2026-01-11/1763109943.json"
"581514","221282","2026-01-11","36.00","NZD","1763109943","23477/2026-01-11/1763109943.json"
"512557","146154","2026-01-11","45.00","NZD","1763109943","23477/2026-01-11/1763109943.json"
"365170","146153","2026-01-11","48.00","NZD","1763109943","23477/2026-01-11/1763109943.json"
"510807","146155","2026-01-11","52.00","NZD","1763109943","23477/2026-01-11/1763109943.json"
"581513","221281","2026-01-12","36.00","NZD","1763109943","23477/2026-01-12/1763109943.json"
"581514","221282","2026-01-12","36.00","NZD","1763109943","23477/2026-01-12/1763109943.json"
"512557","146154","2026-01-12","45.00","NZD","1763109943","23477/2026-01-12/1763109943.json"
"365170","146153","2026-01-12","48.00","NZD","1763109943","23477/2026-01-12/1763109943.json"
"510807","146155","2026-01-12","52.00","NZD","1763109943","23477/2026-01-12/1763109943.json"
"581513","221281","2026-01-13","36.00","NZD","1763109943","23477/2026-01-13/1763109943.json"
"581514","221282","2026-01-13","36.00","NZD","1763109943","23477/2026-01-13/1763109943.json"
"512557","146154","2026-01-13","45.00","NZD","1763109943","23477/2026-01-13/1763109943.json"
"365170","146153","2026-01-13","48.00","NZD","1763109943","23477/2026-01-13/1763109943.json"
"510807","146155","2026-01-13","52.00","NZD","1763109943","23477/2026-01-13/1763109943.json"
"581513","221281","2025-11-15","36.00","NZD","1763125096","23477/2025-11-15/1763125096.json"
"581514","221282","2025-11-15","36.00","NZD","1763125096","23477/2025-11-15/1763125096.json"
"512557","146154","2025-11-15","45.00","NZD","1763125096","23477/2025-11-15/1763125096.json"
"365170","146153","2025-11-15","48.00","NZD","1763125096","23477/2025-11-15/1763125096.json"
"510807","146155","2025-11-15","52.00","NZD","1763125096","23477/2025-11-15/1763125096.json"
"581513","221281","2025-11-16","36.00","NZD","1763125096","23477/2025-11-16/1763125096.json"
"581514","221282","2025-11-16","36.00","NZD","1763125096","23477/2025-11-16/1763125096.json"
"512557","146154","2025-11-16","45.00","NZD","1763125096","23477/2025-11-16/1763125096.json"
"365170","146153","2025-11-16","48.00","NZD","1763125096","23477/2025-11-16/1763125096.json"
"510807","146155","2025-11-16","52.00","NZD","1763125096","23477/2025-11-16/1763125096.json"
"581513","221281","2025-11-17","36.00","NZD","1763125096","23477/2025-11-17/1763125096.json"
"581514","221282","2025-11-17","36.00","NZD","1763125096","23477/2025-11-17/1763125096.json"
"512557","146154","2025-11-17","45.00","NZD","1763125096","23477/2025-11-17/1763125096.json"
"365170","146153","2025-11-17","48.00","NZD","1763125096","23477/2025-11-17/1763125096.json"
"510807","146155","2025-11-17","52.00","NZD","1763125096","23477/2025-11-17/1763125096.json"
"581513","221281","2025-11-18","36.00","NZD","1763125096","23477/2025-11-18/1763125096.json"
"581514","221282","2025-11-18","36.00","NZD","1763125096","23477/2025-11-18/1763125096.json"
"512557","146154","2025-11-18","45.00","NZD","1763125096","23477/2025-11-18/1763125096.json"
"365170","146153","2025-11-18","48.00","NZD","1763125096","23477/2025-11-18/1763125096.json"
"510807","146155","2025-11-18","52.00","NZD","1763125096","23477/2025-11-18/1763125096.json"
"581513","221281","2025-11-19","36.00","NZD","1763125096","23477/2025-11-19/1763125096.json"
"581514","221282","2025-11-19","36.00","NZD","1763125096","23477/2025-11-19/1763125096.json"
"512557","146154","2025-11-19","45.00","NZD","1763125096","23477/2025-11-19/1763125096.json"
"365170","146153","2025-11-19","48.00","NZD","1763125096","23477/2025-11-19/1763125096.json"
"510807","146155","2025-11-19","52.00","NZD","1763125096","23477/2025-11-19/1763125096.json"
"581513","221281","2025-11-20","36.00","NZD","1763125096","23477/2025-11-20/1763125096.json"
"581514","221282","2025-11-20","36.00","NZD","1763125096","23477/2025-11-20/1763125096.json"
"512557","146154","2025-11-20","45.00","NZD","1763125096","23477/2025-11-20/1763125096.json"
"581513","221281","2025-11-22","36.00","NZD","1763125096","23477/2025-11-22/1763125096.json"
"581514","221282","2025-11-22","36.00","NZD","1763125096","23477/2025-11-22/1763125096.json"
"512557","146154","2025-11-22","45.00","NZD","1763125096","23477/2025-11-22/1763125096.json"
"365170","146153","2025-11-22","48.00","NZD","1763125096","23477/2025-11-22/1763125096.json"
"510807","146155","2025-11-22","52.00","NZD","1763125096","23477/2025-11-22/1763125096.json"
"581513","221281","2025-11-21","36.00","NZD","1763125096","23477/2025-11-21/1763125096.json"
"581514","221282","2025-11-21","36.00","NZD","1763125096","23477/2025-11-21/1763125096.json"
"512557","146154","2025-11-21","45.00","NZD","1763125096","23477/2025-11-21/1763125096.json"
"365170","146153","2025-11-21","48.00","NZD","1763125096","23477/2025-11-21/1763125096.json"
"510807","146155","2025-11-21","52.00","NZD","1763125096","23477/2025-11-21/1763125096.json"
"581513","221281","2025-11-23","36.00","NZD","1763125096","23477/2025-11-23/1763125096.json"
"581514","221282","2025-11-23","36.00","NZD","1763125096","23477/2025-11-23/1763125096.json"
"512557","146154","2025-11-23","45.00","NZD","1763125096","23477/2025-11-23/1763125096.json"
"365170","146153","2025-11-23","48.00","NZD","1763125096","23477/2025-11-23/1763125096.json"
"510807","146155","2025-11-23","52.00","NZD","1763125096","23477/2025-11-23/1763125096.json"
"581513","221281","2025-11-24","36.00","NZD","1763125096","23477/2025-11-24/1763125096.json"
"581514","221282","2025-11-24","36.00","NZD","1763125096","23477/2025-11-24/1763125096.json"
"512557","146154","2025-11-24","45.00","NZD","1763125096","23477/2025-11-24/1763125096.json"
"365170","146153","2025-11-24","48.00","NZD","1763125096","23477/2025-11-24/1763125096.json"
"510807","146155","2025-11-24","52.00","NZD","1763125096","23477/2025-11-24/1763125096.json"
"581513","221281","2025-11-26","36.00","NZD","1763125096","23477/2025-11-26/1763125096.json"
"581514","221282","2025-11-26","36.00","NZD","1763125096","23477/2025-11-26/1763125096.json"
"512557","146154","2025-11-26","45.00","NZD","1763125096","23477/2025-11-26/1763125096.json"
"365170","146153","2025-11-26","48.00","NZD","1763125096","23477/2025-11-26/1763125096.json"
"510807","146155","2025-11-26","52.00","NZD","1763125096","23477/2025-11-26/1763125096.json"
"581513","221281","2025-11-25","36.00","NZD","1763125096","23477/2025-11-25/1763125096.json"
"581514","221282","2025-11-25","36.00","NZD","1763125096","23477/2025-11-25/1763125096.json"
"512557","146154","2025-11-25","45.00","NZD","1763125096","23477/2025-11-25/1763125096.json"
"365170","146153","2025-11-25","48.00","NZD","1763125096","23477/2025-11-25/1763125096.json"
"510807","146155","2025-11-25","52.00","NZD","1763125096","23477/2025-11-25/1763125096.json"
"581513","221281","2025-11-27","36.00","NZD","1763125096","23477/2025-11-27/1763125096.json"
"581514","221282","2025-11-27","36.00","NZD","1763125096","23477/2025-11-27/1763125096.json"
"512557","146154","2025-11-27","45.00","NZD","1763125096","23477/2025-11-27/1763125096.json"
"365170","146153","2025-11-27","48.00","NZD","1763125096","23477/2025-11-27/1763125096.json"
"510807","146155","2025-11-27","52.00","NZD","1763125096","23477/2025-11-27/1763125096.json"
"581513","221281","2025-11-28","36.00","NZD","1763125096","23477/2025-11-28/1763125096.json"
"581514","221282","2025-11-28","36.00","NZD","1763125096","23477/2025-11-28/1763125096.json"
"512557","146154","2025-11-28","45.00","NZD","1763125096","23477/2025-11-28/1763125096.json"
"365170","146153","2025-11-28","48.00","NZD","1763125096","23477/2025-11-28/1763125096.json"
"510807","146155","2025-11-28","52.00","NZD","1763125096","23477/2025-11-28/1763125096.json"
"581513","221281","2025-11-29","36.00","NZD","1763125096","23477/2025-11-29/1763125096.json"
"581514","221282","2025-11-29","36.00","NZD","1763125096","23477/2025-11-29/1763125096.json"
"512557","146154","2025-11-29","45.00","NZD","1763125096","23477/2025-11-29/1763125096.json"
"365170","146153","2025-11-29","48.00","NZD","1763125096","23477/2025-11-29/1763125096.json"
"510807","146155","2025-11-29","52.00","NZD","1763125096","23477/2025-11-29/1763125096.json"
"581513","221281","2025-11-30","36.00","NZD","1763125096","23477/2025-11-30/1763125096.json"
"581514","221282","2025-11-30","36.00","NZD","1763125096","23477/2025-11-30/1763125096.json"
"512557","146154","2025-11-30","45.00","NZD","1763125096","23477/2025-11-30/1763125096.json"
"365170","146153","2025-11-30","48.00","NZD","1763125096","23477/2025-11-30/1763125096.json"
"510807","146155","2025-11-30","52.00","NZD","1763125096","23477/2025-11-30/1763125096.json"
"581513","221281","2025-12-01","36.00","NZD","1763125096","23477/2025-12-01/1763125096.json"
"581514","221282","2025-12-01","36.00","NZD","1763125096","23477/2025-12-01/1763125096.json"
"512557","146154","2025-12-01","45.00","NZD","1763125096","23477/2025-12-01/1763125096.json"
"365170","146153","2025-12-01","48.00","NZD","1763125096","23477/2025-12-01/1763125096.json"
"510807","146155","2025-12-01","52.00","NZD","1763125096","23477/2025-12-01/1763125096.json"
"581513","221281","2025-12-02","36.00","NZD","1763125096","23477/2025-12-02/1763125096.json"
"581514","221282","2025-12-02","36.00","NZD","1763125096","23477/2025-12-02/1763125096.json"
"512557","146154","2025-12-02","45.00","NZD","1763125096","23477/2025-12-02/1763125096.json"
"365170","146153","2025-12-02","48.00","NZD","1763125096","23477/2025-12-02/1763125096.json"
"510807","146155","2025-12-02","52.00","NZD","1763125096","23477/2025-12-02/1763125096.json"
"581513","221281","2025-12-03","36.00","NZD","1763125096","23477/2025-12-03/1763125096.json"
"581514","221282","2025-12-03","36.00","NZD","1763125096","23477/2025-12-03/1763125096.json"
"512557","146154","2025-12-03","45.00","NZD","1763125096","23477/2025-12-03/1763125096.json"
"365170","146153","2025-12-03","48.00","NZD","1763125096","23477/2025-12-03/1763125096.json"
"510807","146155","2025-12-03","52.00","NZD","1763125096","23477/2025-12-03/1763125096.json"
"581513","221281","2025-12-05","36.00","NZD","1763125096","23477/2025-12-05/1763125096.json"
"581514","221282","2025-12-05","36.00","NZD","1763125096","23477/2025-12-05/1763125096.json"
"512557","146154","2025-12-05","45.00","NZD","1763125096","23477/2025-12-05/1763125096.json"
"365170","146153","2025-12-05","48.00","NZD","1763125096","23477/2025-12-05/1763125096.json"
"510807","146155","2025-12-05","52.00","NZD","1763125096","23477/2025-12-05/1763125096.json"
"581513","221281","2025-12-04","36.00","NZD","1763125096","23477/2025-12-04/1763125096.json"
"581514","221282","2025-12-04","36.00","NZD","1763125096","23477/2025-12-04/1763125096.json"
"512557","146154","2025-12-04","45.00","NZD","1763125096","23477/2025-12-04/1763125096.json"
"365170","146153","2025-12-04","48.00","NZD","1763125096","23477/2025-12-04/1763125096.json"
"510807","146155","2025-12-04","52.00","NZD","1763125096","23477/2025-12-04/1763125096.json"
"581513","221281","2025-12-06","36.00","NZD","1763125096","23477/2025-12-06/1763125096.json"
"581514","221282","2025-12-06","36.00","NZD","1763125096","23477/2025-12-06/1763125096.json"
"512557","146154","2025-12-06","45.00","NZD","1763125096","23477/2025-12-06/1763125096.json"
"365170","146153","2025-12-06","48.00","NZD","1763125096","23477/2025-12-06/1763125096.json"
"510807","146155","2025-12-06","52.00","NZD","1763125096","23477/2025-12-06/1763125096.json"
"581513","221281","2025-12-07","36.00","NZD","1763125096","23477/2025-12-07/1763125096.json"
"581514","221282","2025-12-07","36.00","NZD","1763125096","23477/2025-12-07/1763125096.json"
"512557","146154","2025-12-07","45.00","NZD","1763125096","23477/2025-12-07/1763125096.json"
"365170","146153","2025-12-07","48.00","NZD","1763125096","23477/2025-12-07/1763125096.json"
"510807","146155","2025-12-07","52.00","NZD","1763125096","23477/2025-12-07/1763125096.json"
"581513","221281","2025-12-08","36.00","NZD","1763125096","23477/2025-12-08/1763125096.json"
"581514","221282","2025-12-08","36.00","NZD","1763125096","23477/2025-12-08/1763125096.json"
"512557","146154","2025-12-08","45.00","NZD","1763125096","23477/2025-12-08/1763125096.json"
"365170","146153","2025-12-08","48.00","NZD","1763125096","23477/2025-12-08/1763125096.json"
"510807","146155","2025-12-08","52.00","NZD","1763125096","23477/2025-12-08/1763125096.json"
"581513","221281","2025-12-10","36.00","NZD","1763125096","23477/2025-12-10/1763125096.json"
"581513","221281","2025-12-09","36.00","NZD","1763125096","23477/2025-12-09/1763125096.json"
"581514","221282","2025-12-10","36.00","NZD","1763125096","23477/2025-12-10/1763125096.json"
"512557","146154","2025-12-10","45.00","NZD","1763125096","23477/2025-12-10/1763125096.json"
"581514","221282","2025-12-09","36.00","NZD","1763125096","23477/2025-12-09/1763125096.json"
"365170","146153","2025-12-10","48.00","NZD","1763125096","23477/2025-12-10/1763125096.json"
"510807","146155","2025-12-10","52.00","NZD","1763125096","23477/2025-12-10/1763125096.json"
"512557","146154","2025-12-09","45.00","NZD","1763125096","23477/2025-12-09/1763125096.json"
"365170","146153","2025-12-09","48.00","NZD","1763125096","23477/2025-12-09/1763125096.json"
"510807","146155","2025-12-09","52.00","NZD","1763125096","23477/2025-12-09/1763125096.json"
"581513","221281","2025-12-11","36.00","NZD","1763125096","23477/2025-12-11/1763125096.json"
"581514","221282","2025-12-11","36.00","NZD","1763125096","23477/2025-12-11/1763125096.json"
"512557","146154","2025-12-11","45.00","NZD","1763125096","23477/2025-12-11/1763125096.json"
"365170","146153","2025-12-11","48.00","NZD","1763125096","23477/2025-12-11/1763125096.json"
"510807","146155","2025-12-11","52.00","NZD","1763125096","23477/2025-12-11/1763125096.json"
"581513","221281","2025-12-12","36.00","NZD","1763125096","23477/2025-12-12/1763125096.json"
"581514","221282","2025-12-12","36.00","NZD","1763125096","23477/2025-12-12/1763125096.json"
"512557","146154","2025-12-12","45.00","NZD","1763125096","23477/2025-12-12/1763125096.json"
"365170","146153","2025-12-12","48.00","NZD","1763125096","23477/2025-12-12/1763125096.json"
"510807","146155","2025-12-12","52.00","NZD","1763125096","23477/2025-12-12/1763125096.json"
"581513","221281","2025-12-14","36.00","NZD","1763125096","23477/2025-12-14/1763125096.json"
"581514","221282","2025-12-14","36.00","NZD","1763125096","23477/2025-12-14/1763125096.json"
"512557","146154","2025-12-14","45.00","NZD","1763125096","23477/2025-12-14/1763125096.json"
"365170","146153","2025-12-14","48.00","NZD","1763125096","23477/2025-12-14/1763125096.json"
"510807","146155","2025-12-14","52.00","NZD","1763125096","23477/2025-12-14/1763125096.json"
"581513","221281","2025-12-13","36.00","NZD","1763125096","23477/2025-12-13/1763125096.json"
"581514","221282","2025-12-13","36.00","NZD","1763125096","23477/2025-12-13/1763125096.json"
"512557","146154","2025-12-13","45.00","NZD","1763125096","23477/2025-12-13/1763125096.json"
"365170","146153","2025-12-13","48.00","NZD","1763125096","23477/2025-12-13/1763125096.json"
"510807","146155","2025-12-13","52.00","NZD","1763125096","23477/2025-12-13/1763125096.json"
"581513","221281","2025-12-15","36.00","NZD","1763125096","23477/2025-12-15/1763125096.json"
"581514","221282","2025-12-15","36.00","NZD","1763125096","23477/2025-12-15/1763125096.json"
"512557","146154","2025-12-15","45.00","NZD","1763125096","23477/2025-12-15/1763125096.json"
"365170","146153","2025-12-15","48.00","NZD","1763125096","23477/2025-12-15/1763125096.json"
"510807","146155","2025-12-15","52.00","NZD","1763125096","23477/2025-12-15/1763125096.json"
"581513","221281","2025-12-16","36.00","NZD","1763125096","23477/2025-12-16/1763125096.json"
"581514","221282","2025-12-16","36.00","NZD","1763125096","23477/2025-12-16/1763125096.json"
"512557","146154","2025-12-16","45.00","NZD","1763125096","23477/2025-12-16/1763125096.json"
"365170","146153","2025-12-16","48.00","NZD","1763125096","23477/2025-12-16/1763125096.json"
"510807","146155","2025-12-16","52.00","NZD","1763125096","23477/2025-12-16/1763125096.json"
"581513","221281","2025-12-18","36.00","NZD","1763125096","23477/2025-12-18/1763125096.json"
"581514","221282","2025-12-18","36.00","NZD","1763125096","23477/2025-12-18/1763125096.json"
"512557","146154","2025-12-18","45.00","NZD","1763125096","23477/2025-12-18/1763125096.json"
"365170","146153","2025-12-18","48.00","NZD","1763125096","23477/2025-12-18/1763125096.json"
"510807","146155","2025-12-18","52.00","NZD","1763125096","23477/2025-12-18/1763125096.json"
"581513","221281","2025-12-17","36.00","NZD","1763125096","23477/2025-12-17/1763125096.json"
"581514","221282","2025-12-17","36.00","NZD","1763125096","23477/2025-12-17/1763125096.json"
"512557","146154","2025-12-17","45.00","NZD","1763125096","23477/2025-12-17/1763125096.json"
"365170","146153","2025-12-17","48.00","NZD","1763125096","23477/2025-12-17/1763125096.json"
"510807","146155","2025-12-17","52.00","NZD","1763125096","23477/2025-12-17/1763125096.json"
"581513","221281","2025-12-19","36.00","NZD","1763125096","23477/2025-12-19/1763125096.json"
"581514","221282","2025-12-19","36.00","NZD","1763125096","23477/2025-12-19/1763125096.json"
"512557","146154","2025-12-19","45.00","NZD","1763125096","23477/2025-12-19/1763125096.json"
"365170","146153","2025-12-19","48.00","NZD","1763125096","23477/2025-12-19/1763125096.json"
"510807","146155","2025-12-19","52.00","NZD","1763125096","23477/2025-12-19/1763125096.json"
"581513","221281","2025-12-20","36.00","NZD","1763125096","23477/2025-12-20/1763125096.json"
"581514","221282","2025-12-20","36.00","NZD","1763125096","23477/2025-12-20/1763125096.json"
"512557","146154","2025-12-20","45.00","NZD","1763125096","23477/2025-12-20/1763125096.json"
"365170","146153","2025-12-20","48.00","NZD","1763125096","23477/2025-12-20/1763125096.json"
"510807","146155","2025-12-20","52.00","NZD","1763125096","23477/2025-12-20/1763125096.json"
"581513","221281","2025-12-21","36.00","NZD","1763125096","23477/2025-12-21/1763125096.json"
"581514","221282","2025-12-21","36.00","NZD","1763125096","23477/2025-12-21/1763125096.json"
"512557","146154","2025-12-21","45.00","NZD","1763125096","23477/2025-12-21/1763125096.json"
"365170","146153","2025-12-21","48.00","NZD","1763125096","23477/2025-12-21/1763125096.json"
"510807","146155","2025-12-21","52.00","NZD","1763125096","23477/2025-12-21/1763125096.json"
"581513","221281","2025-12-23","38.00","NZD","1763125096","23477/2025-12-23/1763125096.json"
"581514","221282","2025-12-23","38.00","NZD","1763125096","23477/2025-12-23/1763125096.json"
"512557","146154","2025-12-23","45.00","NZD","1763125096","23477/2025-12-23/1763125096.json"
"365170","146153","2025-12-23","48.00","NZD","1763125096","23477/2025-12-23/1763125096.json"
"510807","146155","2025-12-23","52.00","NZD","1763125096","23477/2025-12-23/1763125096.json"
"581513","221281","2025-12-22","36.00","NZD","1763125096","23477/2025-12-22/1763125096.json"
"581514","221282","2025-12-22","36.00","NZD","1763125096","23477/2025-12-22/1763125096.json"
"512557","146154","2025-12-22","45.00","NZD","1763125096","23477/2025-12-22/1763125096.json"
"365170","146153","2025-12-22","48.00","NZD","1763125096","23477/2025-12-22/1763125096.json"
"510807","146155","2025-12-22","52.00","NZD","1763125096","23477/2025-12-22/1763125096.json"
"581513","221281","2025-12-24","38.00","NZD","1763125096","23477/2025-12-24/1763125096.json"
"581514","221282","2025-12-24","38.00","NZD","1763125096","23477/2025-12-24/1763125096.json"
"512557","146154","2025-12-24","45.00","NZD","1763125096","23477/2025-12-24/1763125096.json"
"365170","146153","2025-12-24","48.00","NZD","1763125096","23477/2025-12-24/1763125096.json"
"510807","146155","2025-12-24","52.00","NZD","1763125096","23477/2025-12-24/1763125096.json"
"581513","221281","2025-12-25","38.00","NZD","1763125096","23477/2025-12-25/1763125096.json"
"581514","221282","2025-12-25","38.00","NZD","1763125096","23477/2025-12-25/1763125096.json"
"512557","146154","2025-12-25","45.00","NZD","1763125096","23477/2025-12-25/1763125096.json"
"365170","146153","2025-12-25","48.00","NZD","1763125096","23477/2025-12-25/1763125096.json"
"510807","146155","2025-12-25","52.00","NZD","1763125096","23477/2025-12-25/1763125096.json"
"581513","221281","2025-12-26","42.00","NZD","1763125096","23477/2025-12-26/1763125096.json"
"581514","221282","2025-12-26","42.00","NZD","1763125096","23477/2025-12-26/1763125096.json"
"512557","146154","2025-12-26","45.00","NZD","1763125096","23477/2025-12-26/1763125096.json"
"365170","146153","2025-12-26","48.00","NZD","1763125096","23477/2025-12-26/1763125096.json"
"510807","146155","2025-12-26","52.00","NZD","1763125096","23477/2025-12-26/1763125096.json"
"581513","221281","2025-12-27","42.00","NZD","1763125096","23477/2025-12-27/1763125096.json"
"581514","221282","2025-12-27","42.00","NZD","1763125096","23477/2025-12-27/1763125096.json"
"512557","146154","2025-12-27","45.00","NZD","1763125096","23477/2025-12-27/1763125096.json"
"365170","146153","2025-12-27","48.00","NZD","1763125096","23477/2025-12-27/1763125096.json"
"510807","146155","2025-12-27","52.00","NZD","1763125096","23477/2025-12-27/1763125096.json"
"581513","221281","2025-12-30","42.00","NZD","1763125096","23477/2025-12-30/1763125096.json"
"581514","221282","2025-12-30","42.00","NZD","1763125096","23477/2025-12-30/1763125096.json"
"512557","146154","2025-12-30","45.00","NZD","1763125096","23477/2025-12-30/1763125096.json"
"365170","146153","2025-12-30","48.00","NZD","1763125096","23477/2025-12-30/1763125096.json"
"510807","146155","2025-12-30","52.00","NZD","1763125096","23477/2025-12-30/1763125096.json"
"581513","221281","2025-12-28","42.00","NZD","1763125096","23477/2025-12-28/1763125096.json"
"581514","221282","2025-12-28","42.00","NZD","1763125096","23477/2025-12-28/1763125096.json"
"512557","146154","2025-12-28","45.00","NZD","1763125096","23477/2025-12-28/1763125096.json"
"365170","146153","2025-12-28","48.00","NZD","1763125096","23477/2025-12-28/1763125096.json"
"510807","146155","2025-12-28","52.00","NZD","1763125096","23477/2025-12-28/1763125096.json"
"581513","221281","2025-12-29","42.00","NZD","1763125096","23477/2025-12-29/1763125096.json"
"581514","221282","2025-12-29","42.00","NZD","1763125096","23477/2025-12-29/1763125096.json"
"512557","146154","2025-12-29","45.00","NZD","1763125096","23477/2025-12-29/1763125096.json"
"365170","146153","2025-12-29","48.00","NZD","1763125096","23477/2025-12-29/1763125096.json"
"510807","146155","2025-12-29","52.00","NZD","1763125096","23477/2025-12-29/1763125096.json"
"581513","221281","2025-12-31","42.00","NZD","1763125096","23477/2025-12-31/1763125096.json"
"581514","221282","2025-12-31","42.00","NZD","1763125096","23477/2025-12-31/1763125096.json"
"512557","146154","2025-12-31","45.00","NZD","1763125096","23477/2025-12-31/1763125096.json"
"365170","146153","2025-12-31","48.00","NZD","1763125096","23477/2025-12-31/1763125096.json"
"510807","146155","2025-12-31","52.00","NZD","1763125096","23477/2025-12-31/1763125096.json"
"581513","221281","2026-01-01","42.00","NZD","1763125096","23477/2026-01-01/1763125096.json"
"581514","221282","2026-01-01","42.00","NZD","1763125096","23477/2026-01-01/1763125096.json"
"512557","146154","2026-01-01","45.00","NZD","1763125096","23477/2026-01-01/1763125096.json"
"365170","146153","2026-01-01","48.00","NZD","1763125096","23477/2026-01-01/1763125096.json"
"510807","146155","2026-01-01","52.00","NZD","1763125096","23477/2026-01-01/1763125096.json"
"581513","221281","2026-01-02","42.00","NZD","1763125096","23477/2026-01-02/1763125096.json"
"581514","221282","2026-01-02","42.00","NZD","1763125096","23477/2026-01-02/1763125096.json"
"512557","146154","2026-01-02","45.00","NZD","1763125096","23477/2026-01-02/1763125096.json"
"365170","146153","2026-01-02","48.00","NZD","1763125096","23477/2026-01-02/1763125096.json"
"510807","146155","2026-01-02","52.00","NZD","1763125096","23477/2026-01-02/1763125096.json"
"581513","221281","2026-01-04","42.00","NZD","1763125096","23477/2026-01-04/1763125096.json"
"581514","221282","2026-01-04","42.00","NZD","1763125096","23477/2026-01-04/1763125096.json"
"512557","146154","2026-01-04","45.00","NZD","1763125096","23477/2026-01-04/1763125096.json"
"365170","146153","2026-01-04","48.00","NZD","1763125096","23477/2026-01-04/1763125096.json"
"510807","146155","2026-01-04","52.00","NZD","1763125096","23477/2026-01-04/1763125096.json"
"581513","221281","2026-01-03","42.00","NZD","1763125096","23477/2026-01-03/1763125096.json"
"581514","221282","2026-01-03","42.00","NZD","1763125096","23477/2026-01-03/1763125096.json"
"512557","146154","2026-01-03","45.00","NZD","1763125096","23477/2026-01-03/1763125096.json"
"365170","146153","2026-01-03","48.00","NZD","1763125096","23477/2026-01-03/1763125096.json"
"510807","146155","2026-01-03","52.00","NZD","1763125096","23477/2026-01-03/1763125096.json"
"581513","221281","2026-01-07","36.00","NZD","1763125096","23477/2026-01-07/1763125096.json"
"581514","221282","2026-01-07","36.00","NZD","1763125096","23477/2026-01-07/1763125096.json"
"512557","146154","2026-01-07","45.00","NZD","1763125096","23477/2026-01-07/1763125096.json"
"365170","146153","2026-01-07","48.00","NZD","1763125096","23477/2026-01-07/1763125096.json"
"510807","146155","2026-01-07","52.00","NZD","1763125096","23477/2026-01-07/1763125096.json"
"581513","221281","2026-01-06","36.00","NZD","1763125096","23477/2026-01-06/1763125096.json"
"581514","221282","2026-01-06","36.00","NZD","1763125096","23477/2026-01-06/1763125096.json"
"512557","146154","2026-01-06","45.00","NZD","1763125096","23477/2026-01-06/1763125096.json"
"365170","146153","2026-01-06","48.00","NZD","1763125096","23477/2026-01-06/1763125096.json"
"510807","146155","2026-01-06","52.00","NZD","1763125096","23477/2026-01-06/1763125096.json"
"581513","221281","2026-01-05","36.00","NZD","1763125096","23477/2026-01-05/1763125096.json"
"581514","221282","2026-01-05","36.00","NZD","1763125096","23477/2026-01-05/1763125096.json"
"512557","146154","2026-01-05","45.00","NZD","1763125096","23477/2026-01-05/1763125096.json"
"365170","146153","2026-01-05","48.00","NZD","1763125096","23477/2026-01-05/1763125096.json"
"510807","146155","2026-01-05","52.00","NZD","1763125096","23477/2026-01-05/1763125096.json"
"581513","221281","2026-01-08","36.00","NZD","1763125096","23477/2026-01-08/1763125096.json"
"581514","221282","2026-01-08","36.00","NZD","1763125096","23477/2026-01-08/1763125096.json"
"512557","146154","2026-01-08","45.00","NZD","1763125096","23477/2026-01-08/1763125096.json"
"365170","146153","2026-01-08","48.00","NZD","1763125096","23477/2026-01-08/1763125096.json"
"510807","146155","2026-01-08","52.00","NZD","1763125096","23477/2026-01-08/1763125096.json"
"581513","221281","2026-01-09","36.00","NZD","1763125096","23477/2026-01-09/1763125096.json"
"581514","221282","2026-01-09","36.00","NZD","1763125096","23477/2026-01-09/1763125096.json"
"512557","146154","2026-01-09","45.00","NZD","1763125096","23477/2026-01-09/1763125096.json"
"365170","146153","2026-01-09","48.00","NZD","1763125096","23477/2026-01-09/1763125096.json"
"510807","146155","2026-01-09","52.00","NZD","1763125096","23477/2026-01-09/1763125096.json"
"581513","221281","2026-01-10","36.00","NZD","1763125096","23477/2026-01-10/1763125096.json"
"581514","221282","2026-01-10","36.00","NZD","1763125096","23477/2026-01-10/1763125096.json"
"512557","146154","2026-01-10","45.00","NZD","1763125096","23477/2026-01-10/1763125096.json"
"365170","146153","2026-01-10","48.00","NZD","1763125096","23477/2026-01-10/1763125096.json"
"510807","146155","2026-01-10","52.00","NZD","1763125096","23477/2026-01-10/1763125096.json"
"581513","221281","2026-01-11","36.00","NZD","1763125096","23477/2026-01-11/1763125096.json"
"581514","221282","2026-01-11","36.00","NZD","1763125096","23477/2026-01-11/1763125096.json"
"512557","146154","2026-01-11","45.00","NZD","1763125096","23477/2026-01-11/1763125096.json"
"365170","146153","2026-01-11","48.00","NZD","1763125096","23477/2026-01-11/1763125096.json"
"510807","146155","2026-01-11","52.00","NZD","1763125096","23477/2026-01-11/1763125096.json"
"581513","221281","2026-01-13","36.00","NZD","1763125096","23477/2026-01-13/1763125096.json"
"581514","221282","2026-01-13","36.00","NZD","1763125096","23477/2026-01-13/1763125096.json"
"512557","146154","2026-01-13","45.00","NZD","1763125096","23477/2026-01-13/1763125096.json"
"365170","146153","2026-01-13","48.00","NZD","1763125096","23477/2026-01-13/1763125096.json"
"510807","146155","2026-01-13","52.00","NZD","1763125096","23477/2026-01-13/1763125096.json"
"581513","221281","2026-01-12","36.00","NZD","1763125096","23477/2026-01-12/1763125096.json"
"581514","221282","2026-01-12","36.00","NZD","1763125096","23477/2026-01-12/1763125096.json"
"512557","146154","2026-01-12","45.00","NZD","1763125096","23477/2026-01-12/1763125096.json"
"365170","146153","2026-01-12","48.00","NZD","1763125096","23477/2026-01-12/1763125096.json"
"510807","146155","2026-01-12","52.00","NZD","1763125096","23477/2026-01-12/1763125096.json"
"581513","221281","2025-11-16","36.00","NZD","1763138569","23477/2025-11-16/1763138569.json"
"581514","221282","2025-11-16","36.00","NZD","1763138569","23477/2025-11-16/1763138569.json"
"512557","146154","2025-11-16","45.00","NZD","1763138569","23477/2025-11-16/1763138569.json"
"365170","146153","2025-11-16","48.00","NZD","1763138569","23477/2025-11-16/1763138569.json"
"510807","146155","2025-11-16","52.00","NZD","1763138569","23477/2025-11-16/1763138569.json"
"581513","221281","2025-11-17","36.00","NZD","1763138569","23477/2025-11-17/1763138569.json"
"581514","221282","2025-11-17","36.00","NZD","1763138569","23477/2025-11-17/1763138569.json"
"512557","146154","2025-11-17","45.00","NZD","1763138569","23477/2025-11-17/1763138569.json"
"365170","146153","2025-11-17","48.00","NZD","1763138569","23477/2025-11-17/1763138569.json"
"510807","146155","2025-11-17","52.00","NZD","1763138569","23477/2025-11-17/1763138569.json"
"581513","221281","2025-11-15","36.00","NZD","1763138569","23477/2025-11-15/1763138569.json"
"581513","221281","2025-11-18","36.00","NZD","1763138569","23477/2025-11-18/1763138569.json"
"581514","221282","2025-11-15","36.00","NZD","1763138569","23477/2025-11-15/1763138569.json"
"581514","221282","2025-11-18","36.00","NZD","1763138569","23477/2025-11-18/1763138569.json"
"512557","146154","2025-11-18","45.00","NZD","1763138569","23477/2025-11-18/1763138569.json"
"512557","146154","2025-11-15","45.00","NZD","1763138569","23477/2025-11-15/1763138569.json"
"365170","146153","2025-11-18","48.00","NZD","1763138569","23477/2025-11-18/1763138569.json"
"510807","146155","2025-11-18","52.00","NZD","1763138569","23477/2025-11-18/1763138569.json"
"365170","146153","2025-11-15","48.00","NZD","1763138569","23477/2025-11-15/1763138569.json"
"510807","146155","2025-11-15","52.00","NZD","1763138569","23477/2025-11-15/1763138569.json"
"581513","221281","2025-11-19","36.00","NZD","1763138569","23477/2025-11-19/1763138569.json"
"581514","221282","2025-11-19","36.00","NZD","1763138569","23477/2025-11-19/1763138569.json"
"512557","146154","2025-11-19","45.00","NZD","1763138569","23477/2025-11-19/1763138569.json"
"365170","146153","2025-11-19","48.00","NZD","1763138569","23477/2025-11-19/1763138569.json"
"510807","146155","2025-11-19","52.00","NZD","1763138569","23477/2025-11-19/1763138569.json"
"581513","221281","2025-11-21","36.00","NZD","1763138569","23477/2025-11-21/1763138569.json"
"581514","221282","2025-11-21","36.00","NZD","1763138569","23477/2025-11-21/1763138569.json"
"512557","146154","2025-11-21","45.00","NZD","1763138569","23477/2025-11-21/1763138569.json"
"365170","146153","2025-11-21","48.00","NZD","1763138569","23477/2025-11-21/1763138569.json"
"510807","146155","2025-11-21","52.00","NZD","1763138569","23477/2025-11-21/1763138569.json"
"581513","221281","2025-11-20","36.00","NZD","1763138569","23477/2025-11-20/1763138569.json"
"581514","221282","2025-11-20","36.00","NZD","1763138569","23477/2025-11-20/1763138569.json"
"512557","146154","2025-11-20","45.00","NZD","1763138569","23477/2025-11-20/1763138569.json"
"581513","221281","2025-11-22","36.00","NZD","1763138569","23477/2025-11-22/1763138569.json"
"581514","221282","2025-11-22","36.00","NZD","1763138569","23477/2025-11-22/1763138569.json"
"512557","146154","2025-11-22","45.00","NZD","1763138569","23477/2025-11-22/1763138569.json"
"365170","146153","2025-11-22","48.00","NZD","1763138569","23477/2025-11-22/1763138569.json"
"510807","146155","2025-11-22","52.00","NZD","1763138569","23477/2025-11-22/1763138569.json"
"581513","221281","2025-11-24","36.00","NZD","1763138569","23477/2025-11-24/1763138569.json"
"581514","221282","2025-11-24","36.00","NZD","1763138569","23477/2025-11-24/1763138569.json"
"512557","146154","2025-11-24","45.00","NZD","1763138569","23477/2025-11-24/1763138569.json"
"365170","146153","2025-11-24","48.00","NZD","1763138569","23477/2025-11-24/1763138569.json"
"510807","146155","2025-11-24","52.00","NZD","1763138569","23477/2025-11-24/1763138569.json"
"581513","221281","2025-11-26","36.00","NZD","1763138569","23477/2025-11-26/1763138569.json"
"581514","221282","2025-11-26","36.00","NZD","1763138569","23477/2025-11-26/1763138569.json"
"512557","146154","2025-11-26","45.00","NZD","1763138569","23477/2025-11-26/1763138569.json"
"365170","146153","2025-11-26","48.00","NZD","1763138569","23477/2025-11-26/1763138569.json"
"510807","146155","2025-11-26","52.00","NZD","1763138569","23477/2025-11-26/1763138569.json"
"581513","221281","2025-11-23","36.00","NZD","1763138569","23477/2025-11-23/1763138569.json"
"581513","221281","2025-11-25","36.00","NZD","1763138569","23477/2025-11-25/1763138569.json"
"581514","221282","2025-11-23","36.00","NZD","1763138569","23477/2025-11-23/1763138569.json"
"581514","221282","2025-11-25","36.00","NZD","1763138569","23477/2025-11-25/1763138569.json"
"512557","146154","2025-11-25","45.00","NZD","1763138569","23477/2025-11-25/1763138569.json"
"512557","146154","2025-11-23","45.00","NZD","1763138569","23477/2025-11-23/1763138569.json"
"365170","146153","2025-11-25","48.00","NZD","1763138569","23477/2025-11-25/1763138569.json"
"510807","146155","2025-11-25","52.00","NZD","1763138569","23477/2025-11-25/1763138569.json"
"365170","146153","2025-11-23","48.00","NZD","1763138569","23477/2025-11-23/1763138569.json"
"510807","146155","2025-11-23","52.00","NZD","1763138569","23477/2025-11-23/1763138569.json"
"581513","221281","2025-11-28","36.00","NZD","1763138569","23477/2025-11-28/1763138569.json"
"581514","221282","2025-11-28","36.00","NZD","1763138569","23477/2025-11-28/1763138569.json"
"512557","146154","2025-11-28","45.00","NZD","1763138569","23477/2025-11-28/1763138569.json"
"365170","146153","2025-11-28","48.00","NZD","1763138569","23477/2025-11-28/1763138569.json"
"510807","146155","2025-11-28","52.00","NZD","1763138569","23477/2025-11-28/1763138569.json"
"581513","221281","2025-11-27","36.00","NZD","1763138569","23477/2025-11-27/1763138569.json"
"581514","221282","2025-11-27","36.00","NZD","1763138569","23477/2025-11-27/1763138569.json"
"512557","146154","2025-11-27","45.00","NZD","1763138569","23477/2025-11-27/1763138569.json"
"365170","146153","2025-11-27","48.00","NZD","1763138569","23477/2025-11-27/1763138569.json"
"510807","146155","2025-11-27","52.00","NZD","1763138569","23477/2025-11-27/1763138569.json"
"581513","221281","2025-11-29","36.00","NZD","1763138569","23477/2025-11-29/1763138569.json"
"581514","221282","2025-11-29","36.00","NZD","1763138569","23477/2025-11-29/1763138569.json"
"512557","146154","2025-11-29","45.00","NZD","1763138569","23477/2025-11-29/1763138569.json"
"365170","146153","2025-11-29","48.00","NZD","1763138569","23477/2025-11-29/1763138569.json"
"510807","146155","2025-11-29","52.00","NZD","1763138569","23477/2025-11-29/1763138569.json"
"581513","221281","2025-11-30","36.00","NZD","1763138569","23477/2025-11-30/1763138569.json"
"581514","221282","2025-11-30","36.00","NZD","1763138569","23477/2025-11-30/1763138569.json"
"512557","146154","2025-11-30","45.00","NZD","1763138569","23477/2025-11-30/1763138569.json"
"365170","146153","2025-11-30","48.00","NZD","1763138569","23477/2025-11-30/1763138569.json"
"510807","146155","2025-11-30","52.00","NZD","1763138569","23477/2025-11-30/1763138569.json"
"581513","221281","2025-12-01","36.00","NZD","1763138569","23477/2025-12-01/1763138569.json"
"581514","221282","2025-12-01","36.00","NZD","1763138569","23477/2025-12-01/1763138569.json"
"512557","146154","2025-12-01","45.00","NZD","1763138569","23477/2025-12-01/1763138569.json"
"365170","146153","2025-12-01","48.00","NZD","1763138569","23477/2025-12-01/1763138569.json"
"510807","146155","2025-12-01","52.00","NZD","1763138569","23477/2025-12-01/1763138569.json"
"581513","221281","2025-12-02","36.00","NZD","1763138569","23477/2025-12-02/1763138569.json"
"581514","221282","2025-12-02","36.00","NZD","1763138569","23477/2025-12-02/1763138569.json"
"512557","146154","2025-12-02","45.00","NZD","1763138569","23477/2025-12-02/1763138569.json"
"365170","146153","2025-12-02","48.00","NZD","1763138569","23477/2025-12-02/1763138569.json"
"510807","146155","2025-12-02","52.00","NZD","1763138569","23477/2025-12-02/1763138569.json"
"581513","221281","2025-12-03","36.00","NZD","1763138569","23477/2025-12-03/1763138569.json"
"581514","221282","2025-12-03","36.00","NZD","1763138569","23477/2025-12-03/1763138569.json"
"512557","146154","2025-12-03","45.00","NZD","1763138569","23477/2025-12-03/1763138569.json"
"365170","146153","2025-12-03","48.00","NZD","1763138569","23477/2025-12-03/1763138569.json"
"510807","146155","2025-12-03","52.00","NZD","1763138569","23477/2025-12-03/1763138569.json"
"581513","221281","2025-12-05","36.00","NZD","1763138569","23477/2025-12-05/1763138569.json"
"581514","221282","2025-12-05","36.00","NZD","1763138569","23477/2025-12-05/1763138569.json"
"512557","146154","2025-12-05","45.00","NZD","1763138569","23477/2025-12-05/1763138569.json"
"365170","146153","2025-12-05","48.00","NZD","1763138569","23477/2025-12-05/1763138569.json"
"510807","146155","2025-12-05","52.00","NZD","1763138569","23477/2025-12-05/1763138569.json"
"581513","221281","2025-12-06","36.00","NZD","1763138569","23477/2025-12-06/1763138569.json"
"581514","221282","2025-12-06","36.00","NZD","1763138569","23477/2025-12-06/1763138569.json"
"512557","146154","2025-12-06","45.00","NZD","1763138569","23477/2025-12-06/1763138569.json"
"365170","146153","2025-12-06","48.00","NZD","1763138569","23477/2025-12-06/1763138569.json"
"510807","146155","2025-12-06","52.00","NZD","1763138569","23477/2025-12-06/1763138569.json"
"581513","221281","2025-12-04","36.00","NZD","1763138569","23477/2025-12-04/1763138569.json"
"581514","221282","2025-12-04","36.00","NZD","1763138569","23477/2025-12-04/1763138569.json"
"512557","146154","2025-12-04","45.00","NZD","1763138569","23477/2025-12-04/1763138569.json"
"365170","146153","2025-12-04","48.00","NZD","1763138569","23477/2025-12-04/1763138569.json"
"510807","146155","2025-12-04","52.00","NZD","1763138569","23477/2025-12-04/1763138569.json"
"581513","221281","2025-12-07","36.00","NZD","1763138569","23477/2025-12-07/1763138569.json"
"581514","221282","2025-12-07","36.00","NZD","1763138569","23477/2025-12-07/1763138569.json"
"512557","146154","2025-12-07","45.00","NZD","1763138569","23477/2025-12-07/1763138569.json"
"365170","146153","2025-12-07","48.00","NZD","1763138569","23477/2025-12-07/1763138569.json"
"510807","146155","2025-12-07","52.00","NZD","1763138569","23477/2025-12-07/1763138569.json"
"581513","221281","2025-12-08","36.00","NZD","1763138569","23477/2025-12-08/1763138569.json"
"581514","221282","2025-12-08","36.00","NZD","1763138569","23477/2025-12-08/1763138569.json"
"512557","146154","2025-12-08","45.00","NZD","1763138569","23477/2025-12-08/1763138569.json"
"365170","146153","2025-12-08","48.00","NZD","1763138569","23477/2025-12-08/1763138569.json"
"510807","146155","2025-12-08","52.00","NZD","1763138569","23477/2025-12-08/1763138569.json"
"581513","221281","2025-12-10","36.00","NZD","1763138569","23477/2025-12-10/1763138569.json"
"581514","221282","2025-12-10","36.00","NZD","1763138569","23477/2025-12-10/1763138569.json"
"512557","146154","2025-12-10","45.00","NZD","1763138569","23477/2025-12-10/1763138569.json"
"365170","146153","2025-12-10","48.00","NZD","1763138569","23477/2025-12-10/1763138569.json"
"510807","146155","2025-12-10","52.00","NZD","1763138569","23477/2025-12-10/1763138569.json"
"581513","221281","2025-12-09","36.00","NZD","1763138569","23477/2025-12-09/1763138569.json"
"581514","221282","2025-12-09","36.00","NZD","1763138569","23477/2025-12-09/1763138569.json"
"512557","146154","2025-12-09","45.00","NZD","1763138569","23477/2025-12-09/1763138569.json"
"365170","146153","2025-12-09","48.00","NZD","1763138569","23477/2025-12-09/1763138569.json"
"510807","146155","2025-12-09","52.00","NZD","1763138569","23477/2025-12-09/1763138569.json"
"581513","221281","2025-12-11","36.00","NZD","1763138569","23477/2025-12-11/1763138569.json"
"581514","221282","2025-12-11","36.00","NZD","1763138569","23477/2025-12-11/1763138569.json"
"512557","146154","2025-12-11","45.00","NZD","1763138569","23477/2025-12-11/1763138569.json"
"365170","146153","2025-12-11","48.00","NZD","1763138569","23477/2025-12-11/1763138569.json"
"510807","146155","2025-12-11","52.00","NZD","1763138569","23477/2025-12-11/1763138569.json"
"581513","221281","2025-12-12","36.00","NZD","1763138569","23477/2025-12-12/1763138569.json"
"581514","221282","2025-12-12","36.00","NZD","1763138569","23477/2025-12-12/1763138569.json"
"512557","146154","2025-12-12","45.00","NZD","1763138569","23477/2025-12-12/1763138569.json"
"365170","146153","2025-12-12","48.00","NZD","1763138569","23477/2025-12-12/1763138569.json"
"510807","146155","2025-12-12","52.00","NZD","1763138569","23477/2025-12-12/1763138569.json"
"581513","221281","2025-12-13","36.00","NZD","1763138569","23477/2025-12-13/1763138569.json"
"581514","221282","2025-12-13","36.00","NZD","1763138569","23477/2025-12-13/1763138569.json"
"512557","146154","2025-12-13","45.00","NZD","1763138569","23477/2025-12-13/1763138569.json"
"365170","146153","2025-12-13","48.00","NZD","1763138569","23477/2025-12-13/1763138569.json"
"510807","146155","2025-12-13","52.00","NZD","1763138569","23477/2025-12-13/1763138569.json"
"581513","221281","2025-12-14","36.00","NZD","1763138569","23477/2025-12-14/1763138569.json"
"581514","221282","2025-12-14","36.00","NZD","1763138569","23477/2025-12-14/1763138569.json"
"512557","146154","2025-12-14","45.00","NZD","1763138569","23477/2025-12-14/1763138569.json"
"365170","146153","2025-12-14","48.00","NZD","1763138569","23477/2025-12-14/1763138569.json"
"510807","146155","2025-12-14","52.00","NZD","1763138569","23477/2025-12-14/1763138569.json"
"581513","221281","2025-12-15","36.00","NZD","1763138569","23477/2025-12-15/1763138569.json"
"581514","221282","2025-12-15","36.00","NZD","1763138569","23477/2025-12-15/1763138569.json"
"512557","146154","2025-12-15","45.00","NZD","1763138569","23477/2025-12-15/1763138569.json"
"365170","146153","2025-12-15","48.00","NZD","1763138569","23477/2025-12-15/1763138569.json"
"510807","146155","2025-12-15","52.00","NZD","1763138569","23477/2025-12-15/1763138569.json"
"581513","221281","2025-12-18","36.00","NZD","1763138569","23477/2025-12-18/1763138569.json"
"581514","221282","2025-12-18","36.00","NZD","1763138569","23477/2025-12-18/1763138569.json"
"512557","146154","2025-12-18","45.00","NZD","1763138569","23477/2025-12-18/1763138569.json"
"365170","146153","2025-12-18","48.00","NZD","1763138569","23477/2025-12-18/1763138569.json"
"510807","146155","2025-12-18","52.00","NZD","1763138569","23477/2025-12-18/1763138569.json"
"581513","221281","2025-12-17","36.00","NZD","1763138569","23477/2025-12-17/1763138569.json"
"581514","221282","2025-12-17","36.00","NZD","1763138569","23477/2025-12-17/1763138569.json"
"512557","146154","2025-12-17","45.00","NZD","1763138569","23477/2025-12-17/1763138569.json"
"365170","146153","2025-12-17","48.00","NZD","1763138569","23477/2025-12-17/1763138569.json"
"510807","146155","2025-12-17","52.00","NZD","1763138569","23477/2025-12-17/1763138569.json"
"581513","221281","2025-12-16","36.00","NZD","1763138569","23477/2025-12-16/1763138569.json"
"581514","221282","2025-12-16","36.00","NZD","1763138569","23477/2025-12-16/1763138569.json"
"512557","146154","2025-12-16","45.00","NZD","1763138569","23477/2025-12-16/1763138569.json"
"365170","146153","2025-12-16","48.00","NZD","1763138569","23477/2025-12-16/1763138569.json"
"510807","146155","2025-12-16","52.00","NZD","1763138569","23477/2025-12-16/1763138569.json"
"581513","221281","2025-12-19","36.00","NZD","1763138569","23477/2025-12-19/1763138569.json"
"581514","221282","2025-12-19","36.00","NZD","1763138569","23477/2025-12-19/1763138569.json"
"512557","146154","2025-12-19","45.00","NZD","1763138569","23477/2025-12-19/1763138569.json"
"365170","146153","2025-12-19","48.00","NZD","1763138569","23477/2025-12-19/1763138569.json"
"510807","146155","2025-12-19","52.00","NZD","1763138569","23477/2025-12-19/1763138569.json"
"581513","221281","2025-12-22","36.00","NZD","1763138569","23477/2025-12-22/1763138569.json"
"581514","221282","2025-12-22","36.00","NZD","1763138569","23477/2025-12-22/1763138569.json"
"512557","146154","2025-12-22","45.00","NZD","1763138569","23477/2025-12-22/1763138569.json"
"365170","146153","2025-12-22","48.00","NZD","1763138569","23477/2025-12-22/1763138569.json"
"510807","146155","2025-12-22","52.00","NZD","1763138569","23477/2025-12-22/1763138569.json"
"581513","221281","2025-12-21","36.00","NZD","1763138569","23477/2025-12-21/1763138569.json"
"581514","221282","2025-12-21","36.00","NZD","1763138569","23477/2025-12-21/1763138569.json"
"512557","146154","2025-12-21","45.00","NZD","1763138569","23477/2025-12-21/1763138569.json"
"365170","146153","2025-12-21","48.00","NZD","1763138569","23477/2025-12-21/1763138569.json"
"510807","146155","2025-12-21","52.00","NZD","1763138569","23477/2025-12-21/1763138569.json"
"581513","221281","2025-12-20","36.00","NZD","1763138569","23477/2025-12-20/1763138569.json"
"581514","221282","2025-12-20","36.00","NZD","1763138569","23477/2025-12-20/1763138569.json"
"512557","146154","2025-12-20","45.00","NZD","1763138569","23477/2025-12-20/1763138569.json"
"365170","146153","2025-12-20","48.00","NZD","1763138569","23477/2025-12-20/1763138569.json"
"510807","146155","2025-12-20","52.00","NZD","1763138569","23477/2025-12-20/1763138569.json"
"581513","221281","2025-12-23","38.00","NZD","1763138569","23477/2025-12-23/1763138569.json"
"581514","221282","2025-12-23","38.00","NZD","1763138569","23477/2025-12-23/1763138569.json"
"512557","146154","2025-12-23","45.00","NZD","1763138569","23477/2025-12-23/1763138569.json"
"365170","146153","2025-12-23","48.00","NZD","1763138569","23477/2025-12-23/1763138569.json"
"510807","146155","2025-12-23","52.00","NZD","1763138569","23477/2025-12-23/1763138569.json"
"581513","221281","2025-12-25","38.00","NZD","1763138569","23477/2025-12-25/1763138569.json"
"581514","221282","2025-12-25","38.00","NZD","1763138569","23477/2025-12-25/1763138569.json"
"512557","146154","2025-12-25","45.00","NZD","1763138569","23477/2025-12-25/1763138569.json"
"365170","146153","2025-12-25","48.00","NZD","1763138569","23477/2025-12-25/1763138569.json"
"510807","146155","2025-12-25","52.00","NZD","1763138569","23477/2025-12-25/1763138569.json"
"581513","221281","2025-12-26","42.00","NZD","1763138569","23477/2025-12-26/1763138569.json"
"581514","221282","2025-12-26","42.00","NZD","1763138569","23477/2025-12-26/1763138569.json"
"512557","146154","2025-12-26","45.00","NZD","1763138569","23477/2025-12-26/1763138569.json"
"365170","146153","2025-12-26","48.00","NZD","1763138569","23477/2025-12-26/1763138569.json"
"510807","146155","2025-12-26","52.00","NZD","1763138569","23477/2025-12-26/1763138569.json"
"581513","221281","2025-12-24","38.00","NZD","1763138569","23477/2025-12-24/1763138569.json"
"581514","221282","2025-12-24","38.00","NZD","1763138569","23477/2025-12-24/1763138569.json"
"512557","146154","2025-12-24","45.00","NZD","1763138569","23477/2025-12-24/1763138569.json"
"365170","146153","2025-12-24","48.00","NZD","1763138569","23477/2025-12-24/1763138569.json"
"510807","146155","2025-12-24","52.00","NZD","1763138569","23477/2025-12-24/1763138569.json"
"581513","221281","2025-12-27","42.00","NZD","1763138569","23477/2025-12-27/1763138569.json"
"581514","221282","2025-12-27","42.00","NZD","1763138569","23477/2025-12-27/1763138569.json"
"512557","146154","2025-12-27","45.00","NZD","1763138569","23477/2025-12-27/1763138569.json"
"365170","146153","2025-12-27","48.00","NZD","1763138569","23477/2025-12-27/1763138569.json"
"510807","146155","2025-12-27","52.00","NZD","1763138569","23477/2025-12-27/1763138569.json"
"581513","221281","2025-12-30","42.00","NZD","1763138569","23477/2025-12-30/1763138569.json"
"581514","221282","2025-12-30","42.00","NZD","1763138569","23477/2025-12-30/1763138569.json"
"512557","146154","2025-12-30","45.00","NZD","1763138569","23477/2025-12-30/1763138569.json"
"365170","146153","2025-12-30","48.00","NZD","1763138569","23477/2025-12-30/1763138569.json"
"510807","146155","2025-12-30","52.00","NZD","1763138569","23477/2025-12-30/1763138569.json"
"581513","221281","2025-12-29","42.00","NZD","1763138569","23477/2025-12-29/1763138569.json"
"581514","221282","2025-12-29","42.00","NZD","1763138569","23477/2025-12-29/1763138569.json"
"512557","146154","2025-12-29","45.00","NZD","1763138569","23477/2025-12-29/1763138569.json"
"365170","146153","2025-12-29","48.00","NZD","1763138569","23477/2025-12-29/1763138569.json"
"510807","146155","2025-12-29","52.00","NZD","1763138569","23477/2025-12-29/1763138569.json"
"581513","221281","2025-12-28","42.00","NZD","1763138569","23477/2025-12-28/1763138569.json"
"581514","221282","2025-12-28","42.00","NZD","1763138569","23477/2025-12-28/1763138569.json"
"512557","146154","2025-12-28","45.00","NZD","1763138569","23477/2025-12-28/1763138569.json"
"365170","146153","2025-12-28","48.00","NZD","1763138569","23477/2025-12-28/1763138569.json"
"510807","146155","2025-12-28","52.00","NZD","1763138569","23477/2025-12-28/1763138569.json"
"581513","221281","2025-12-31","42.00","NZD","1763138569","23477/2025-12-31/1763138569.json"
"581514","221282","2025-12-31","42.00","NZD","1763138569","23477/2025-12-31/1763138569.json"
"512557","146154","2025-12-31","45.00","NZD","1763138569","23477/2025-12-31/1763138569.json"
"365170","146153","2025-12-31","48.00","NZD","1763138569","23477/2025-12-31/1763138569.json"
"510807","146155","2025-12-31","52.00","NZD","1763138569","23477/2025-12-31/1763138569.json"
"581513","221281","2026-01-02","42.00","NZD","1763138569","23477/2026-01-02/1763138569.json"
"581514","221282","2026-01-02","42.00","NZD","1763138569","23477/2026-01-02/1763138569.json"
"512557","146154","2026-01-02","45.00","NZD","1763138569","23477/2026-01-02/1763138569.json"
"365170","146153","2026-01-02","48.00","NZD","1763138569","23477/2026-01-02/1763138569.json"
"510807","146155","2026-01-02","52.00","NZD","1763138569","23477/2026-01-02/1763138569.json"
"581513","221281","2026-01-03","42.00","NZD","1763138569","23477/2026-01-03/1763138569.json"
"581514","221282","2026-01-03","42.00","NZD","1763138569","23477/2026-01-03/1763138569.json"
"512557","146154","2026-01-03","45.00","NZD","1763138569","23477/2026-01-03/1763138569.json"
"365170","146153","2026-01-03","48.00","NZD","1763138569","23477/2026-01-03/1763138569.json"
"510807","146155","2026-01-03","52.00","NZD","1763138569","23477/2026-01-03/1763138569.json"
"581513","221281","2026-01-01","42.00","NZD","1763138569","23477/2026-01-01/1763138569.json"
"581514","221282","2026-01-01","42.00","NZD","1763138569","23477/2026-01-01/1763138569.json"
"512557","146154","2026-01-01","45.00","NZD","1763138569","23477/2026-01-01/1763138569.json"
"365170","146153","2026-01-01","48.00","NZD","1763138569","23477/2026-01-01/1763138569.json"
"510807","146155","2026-01-01","52.00","NZD","1763138569","23477/2026-01-01/1763138569.json"
"581513","221281","2026-01-04","42.00","NZD","1763138569","23477/2026-01-04/1763138569.json"
"581514","221282","2026-01-04","42.00","NZD","1763138569","23477/2026-01-04/1763138569.json"
"512557","146154","2026-01-04","45.00","NZD","1763138569","23477/2026-01-04/1763138569.json"
"365170","146153","2026-01-04","48.00","NZD","1763138569","23477/2026-01-04/1763138569.json"
"510807","146155","2026-01-04","52.00","NZD","1763138569","23477/2026-01-04/1763138569.json"
"581513","221281","2026-01-06","36.00","NZD","1763138569","23477/2026-01-06/1763138569.json"
"581514","221282","2026-01-06","36.00","NZD","1763138569","23477/2026-01-06/1763138569.json"
"512557","146154","2026-01-06","45.00","NZD","1763138569","23477/2026-01-06/1763138569.json"
"365170","146153","2026-01-06","48.00","NZD","1763138569","23477/2026-01-06/1763138569.json"
"510807","146155","2026-01-06","52.00","NZD","1763138569","23477/2026-01-06/1763138569.json"
"581513","221281","2026-01-05","36.00","NZD","1763138569","23477/2026-01-05/1763138569.json"
"581514","221282","2026-01-05","36.00","NZD","1763138569","23477/2026-01-05/1763138569.json"
"512557","146154","2026-01-05","45.00","NZD","1763138569","23477/2026-01-05/1763138569.json"
"365170","146153","2026-01-05","48.00","NZD","1763138569","23477/2026-01-05/1763138569.json"
"510807","146155","2026-01-05","52.00","NZD","1763138569","23477/2026-01-05/1763138569.json"
"581513","221281","2026-01-07","36.00","NZD","1763138569","23477/2026-01-07/1763138569.json"
"581514","221282","2026-01-07","36.00","NZD","1763138569","23477/2026-01-07/1763138569.json"
"512557","146154","2026-01-07","45.00","NZD","1763138569","23477/2026-01-07/1763138569.json"
"365170","146153","2026-01-07","48.00","NZD","1763138569","23477/2026-01-07/1763138569.json"
"510807","146155","2026-01-07","52.00","NZD","1763138569","23477/2026-01-07/1763138569.json"
"581513","221281","2026-01-08","36.00","NZD","1763138569","23477/2026-01-08/1763138569.json"
"581514","221282","2026-01-08","36.00","NZD","1763138569","23477/2026-01-08/1763138569.json"
"512557","146154","2026-01-08","45.00","NZD","1763138569","23477/2026-01-08/1763138569.json"
"365170","146153","2026-01-08","48.00","NZD","1763138569","23477/2026-01-08/1763138569.json"
"510807","146155","2026-01-08","52.00","NZD","1763138569","23477/2026-01-08/1763138569.json"
"581513","221281","2026-01-09","36.00","NZD","1763138569","23477/2026-01-09/1763138569.json"
"581514","221282","2026-01-09","36.00","NZD","1763138569","23477/2026-01-09/1763138569.json"
"512557","146154","2026-01-09","45.00","NZD","1763138569","23477/2026-01-09/1763138569.json"
"365170","146153","2026-01-09","48.00","NZD","1763138569","23477/2026-01-09/1763138569.json"
"510807","146155","2026-01-09","52.00","NZD","1763138569","23477/2026-01-09/1763138569.json"
"581513","221281","2026-01-10","36.00","NZD","1763138569","23477/2026-01-10/1763138569.json"
"581514","221282","2026-01-10","36.00","NZD","1763138569","23477/2026-01-10/1763138569.json"
"512557","146154","2026-01-10","45.00","NZD","1763138569","23477/2026-01-10/1763138569.json"
"365170","146153","2026-01-10","48.00","NZD","1763138569","23477/2026-01-10/1763138569.json"
"510807","146155","2026-01-10","52.00","NZD","1763138569","23477/2026-01-10/1763138569.json"
"581513","221281","2026-01-11","36.00","NZD","1763138569","23477/2026-01-11/1763138569.json"
"581514","221282","2026-01-11","36.00","NZD","1763138569","23477/2026-01-11/1763138569.json"
"512557","146154","2026-01-11","45.00","NZD","1763138569","23477/2026-01-11/1763138569.json"
"365170","146153","2026-01-11","48.00","NZD","1763138569","23477/2026-01-11/1763138569.json"
"510807","146155","2026-01-11","52.00","NZD","1763138569","23477/2026-01-11/1763138569.json"
"581513","221281","2026-01-12","36.00","NZD","1763138569","23477/2026-01-12/1763138569.json"
"581514","221282","2026-01-12","36.00","NZD","1763138569","23477/2026-01-12/1763138569.json"
"512557","146154","2026-01-12","45.00","NZD","1763138569","23477/2026-01-12/1763138569.json"
"365170","146153","2026-01-12","48.00","NZD","1763138569","23477/2026-01-12/1763138569.json"
"510807","146155","2026-01-12","52.00","NZD","1763138569","23477/2026-01-12/1763138569.json"
"581513","221281","2026-01-13","36.00","NZD","1763138569","23477/2026-01-13/1763138569.json"
"581514","221282","2026-01-13","36.00","NZD","1763138569","23477/2026-01-13/1763138569.json"
"512557","146154","2026-01-13","45.00","NZD","1763138569","23477/2026-01-13/1763138569.json"
"365170","146153","2026-01-13","48.00","NZD","1763138569","23477/2026-01-13/1763138569.json"
"510807","146155","2026-01-13","52.00","NZD","1763138569","23477/2026-01-13/1763138569.json"
"581513","221281","2025-11-15","36.00","NZD","1763152702","23477/2025-11-15/1763152702.json"
"581513","221281","2025-11-17","36.00","NZD","1763152702","23477/2025-11-17/1763152702.json"
"581514","221282","2025-11-15","36.00","NZD","1763152702","23477/2025-11-15/1763152702.json"
"581514","221282","2025-11-17","36.00","NZD","1763152702","23477/2025-11-17/1763152702.json"
"512557","146154","2025-11-15","45.00","NZD","1763152702","23477/2025-11-15/1763152702.json"
"512557","146154","2025-11-17","45.00","NZD","1763152702","23477/2025-11-17/1763152702.json"
"365170","146153","2025-11-15","48.00","NZD","1763152702","23477/2025-11-15/1763152702.json"
"365170","146153","2025-11-17","48.00","NZD","1763152702","23477/2025-11-17/1763152702.json"
"510807","146155","2025-11-17","52.00","NZD","1763152702","23477/2025-11-17/1763152702.json"
"510807","146155","2025-11-15","52.00","NZD","1763152702","23477/2025-11-15/1763152702.json"
"581513","221281","2025-11-16","36.00","NZD","1763152702","23477/2025-11-16/1763152702.json"
"581514","221282","2025-11-16","36.00","NZD","1763152702","23477/2025-11-16/1763152702.json"
"512557","146154","2025-11-16","45.00","NZD","1763152702","23477/2025-11-16/1763152702.json"
"365170","146153","2025-11-16","48.00","NZD","1763152702","23477/2025-11-16/1763152702.json"
"510807","146155","2025-11-16","52.00","NZD","1763152702","23477/2025-11-16/1763152702.json"
"581513","221281","2025-11-18","36.00","NZD","1763152702","23477/2025-11-18/1763152702.json"
"581514","221282","2025-11-18","36.00","NZD","1763152702","23477/2025-11-18/1763152702.json"
"512557","146154","2025-11-18","45.00","NZD","1763152702","23477/2025-11-18/1763152702.json"
"365170","146153","2025-11-18","48.00","NZD","1763152702","23477/2025-11-18/1763152702.json"
"510807","146155","2025-11-18","52.00","NZD","1763152702","23477/2025-11-18/1763152702.json"
"581513","221281","2025-11-19","36.00","NZD","1763152702","23477/2025-11-19/1763152702.json"
"581514","221282","2025-11-19","36.00","NZD","1763152702","23477/2025-11-19/1763152702.json"
"512557","146154","2025-11-19","45.00","NZD","1763152702","23477/2025-11-19/1763152702.json"
"365170","146153","2025-11-19","48.00","NZD","1763152702","23477/2025-11-19/1763152702.json"
"510807","146155","2025-11-19","52.00","NZD","1763152702","23477/2025-11-19/1763152702.json"
"581513","221281","2025-11-20","36.00","NZD","1763152702","23477/2025-11-20/1763152702.json"
"581514","221282","2025-11-20","36.00","NZD","1763152702","23477/2025-11-20/1763152702.json"
"512557","146154","2025-11-20","45.00","NZD","1763152702","23477/2025-11-20/1763152702.json"
"365170","146153","2025-11-20","48.00","NZD","1763152702","23477/2025-11-20/1763152702.json"
"510807","146155","2025-11-20","52.00","NZD","1763152702","23477/2025-11-20/1763152702.json"
"581513","221281","2025-11-21","36.00","NZD","1763152702","23477/2025-11-21/1763152702.json"
"581514","221282","2025-11-21","36.00","NZD","1763152702","23477/2025-11-21/1763152702.json"
"512557","146154","2025-11-21","45.00","NZD","1763152702","23477/2025-11-21/1763152702.json"
"365170","146153","2025-11-21","48.00","NZD","1763152702","23477/2025-11-21/1763152702.json"
"510807","146155","2025-11-21","52.00","NZD","1763152702","23477/2025-11-21/1763152702.json"
"581513","221281","2025-11-22","36.00","NZD","1763152702","23477/2025-11-22/1763152702.json"
"581514","221282","2025-11-22","36.00","NZD","1763152702","23477/2025-11-22/1763152702.json"
"512557","146154","2025-11-22","45.00","NZD","1763152702","23477/2025-11-22/1763152702.json"
"365170","146153","2025-11-22","48.00","NZD","1763152702","23477/2025-11-22/1763152702.json"
"510807","146155","2025-11-22","52.00","NZD","1763152702","23477/2025-11-22/1763152702.json"
"581513","221281","2025-11-23","36.00","NZD","1763152702","23477/2025-11-23/1763152702.json"
"581514","221282","2025-11-23","36.00","NZD","1763152702","23477/2025-11-23/1763152702.json"
"512557","146154","2025-11-23","45.00","NZD","1763152702","23477/2025-11-23/1763152702.json"
"365170","146153","2025-11-23","48.00","NZD","1763152702","23477/2025-11-23/1763152702.json"
"510807","146155","2025-11-23","52.00","NZD","1763152702","23477/2025-11-23/1763152702.json"
"581513","221281","2025-11-24","36.00","NZD","1763152702","23477/2025-11-24/1763152702.json"
"581514","221282","2025-11-24","36.00","NZD","1763152702","23477/2025-11-24/1763152702.json"
"512557","146154","2025-11-24","45.00","NZD","1763152702","23477/2025-11-24/1763152702.json"
"365170","146153","2025-11-24","48.00","NZD","1763152702","23477/2025-11-24/1763152702.json"
"510807","146155","2025-11-24","52.00","NZD","1763152702","23477/2025-11-24/1763152702.json"
"581513","221281","2025-11-25","36.00","NZD","1763152702","23477/2025-11-25/1763152702.json"
"581514","221282","2025-11-25","36.00","NZD","1763152702","23477/2025-11-25/1763152702.json"
"512557","146154","2025-11-25","45.00","NZD","1763152702","23477/2025-11-25/1763152702.json"
"365170","146153","2025-11-25","48.00","NZD","1763152702","23477/2025-11-25/1763152702.json"
"510807","146155","2025-11-25","52.00","NZD","1763152702","23477/2025-11-25/1763152702.json"
"581513","221281","2025-11-26","36.00","NZD","1763152702","23477/2025-11-26/1763152702.json"
"581514","221282","2025-11-26","36.00","NZD","1763152702","23477/2025-11-26/1763152702.json"
"512557","146154","2025-11-26","45.00","NZD","1763152702","23477/2025-11-26/1763152702.json"
"365170","146153","2025-11-26","48.00","NZD","1763152702","23477/2025-11-26/1763152702.json"
"510807","146155","2025-11-26","52.00","NZD","1763152702","23477/2025-11-26/1763152702.json"
"581513","221281","2025-11-27","36.00","NZD","1763152702","23477/2025-11-27/1763152702.json"
"581514","221282","2025-11-27","36.00","NZD","1763152702","23477/2025-11-27/1763152702.json"
"512557","146154","2025-11-27","45.00","NZD","1763152702","23477/2025-11-27/1763152702.json"
"365170","146153","2025-11-27","48.00","NZD","1763152702","23477/2025-11-27/1763152702.json"
"510807","146155","2025-11-27","52.00","NZD","1763152702","23477/2025-11-27/1763152702.json"
"581513","221281","2025-11-28","36.00","NZD","1763152702","23477/2025-11-28/1763152702.json"
"581514","221282","2025-11-28","36.00","NZD","1763152702","23477/2025-11-28/1763152702.json"
"512557","146154","2025-11-28","45.00","NZD","1763152702","23477/2025-11-28/1763152702.json"
"365170","146153","2025-11-28","48.00","NZD","1763152702","23477/2025-11-28/1763152702.json"
"510807","146155","2025-11-28","52.00","NZD","1763152702","23477/2025-11-28/1763152702.json"
"581513","221281","2025-11-29","36.00","NZD","1763152702","23477/2025-11-29/1763152702.json"
"581514","221282","2025-11-29","36.00","NZD","1763152702","23477/2025-11-29/1763152702.json"
"512557","146154","2025-11-29","45.00","NZD","1763152702","23477/2025-11-29/1763152702.json"
"365170","146153","2025-11-29","48.00","NZD","1763152702","23477/2025-11-29/1763152702.json"
"510807","146155","2025-11-29","52.00","NZD","1763152702","23477/2025-11-29/1763152702.json"
"581513","221281","2025-11-30","36.00","NZD","1763152702","23477/2025-11-30/1763152702.json"
"581514","221282","2025-11-30","36.00","NZD","1763152702","23477/2025-11-30/1763152702.json"
"512557","146154","2025-11-30","45.00","NZD","1763152702","23477/2025-11-30/1763152702.json"
"365170","146153","2025-11-30","48.00","NZD","1763152702","23477/2025-11-30/1763152702.json"
"510807","146155","2025-11-30","52.00","NZD","1763152702","23477/2025-11-30/1763152702.json"
"581513","221281","2025-12-01","36.00","NZD","1763152702","23477/2025-12-01/1763152702.json"
"581514","221282","2025-12-01","36.00","NZD","1763152702","23477/2025-12-01/1763152702.json"
"512557","146154","2025-12-01","45.00","NZD","1763152702","23477/2025-12-01/1763152702.json"
"365170","146153","2025-12-01","48.00","NZD","1763152702","23477/2025-12-01/1763152702.json"
"510807","146155","2025-12-01","52.00","NZD","1763152702","23477/2025-12-01/1763152702.json"
"581513","221281","2025-12-02","36.00","NZD","1763152702","23477/2025-12-02/1763152702.json"
"581514","221282","2025-12-02","36.00","NZD","1763152702","23477/2025-12-02/1763152702.json"
"512557","146154","2025-12-02","45.00","NZD","1763152702","23477/2025-12-02/1763152702.json"
"365170","146153","2025-12-02","48.00","NZD","1763152702","23477/2025-12-02/1763152702.json"
"510807","146155","2025-12-02","52.00","NZD","1763152702","23477/2025-12-02/1763152702.json"
"581513","221281","2025-12-04","36.00","NZD","1763152702","23477/2025-12-04/1763152702.json"
"581514","221282","2025-12-04","36.00","NZD","1763152702","23477/2025-12-04/1763152702.json"
"512557","146154","2025-12-04","45.00","NZD","1763152702","23477/2025-12-04/1763152702.json"
"365170","146153","2025-12-04","48.00","NZD","1763152702","23477/2025-12-04/1763152702.json"
"510807","146155","2025-12-04","52.00","NZD","1763152702","23477/2025-12-04/1763152702.json"
"581513","221281","2025-12-03","36.00","NZD","1763152702","23477/2025-12-03/1763152702.json"
"581514","221282","2025-12-03","36.00","NZD","1763152702","23477/2025-12-03/1763152702.json"
"512557","146154","2025-12-03","45.00","NZD","1763152702","23477/2025-12-03/1763152702.json"
"365170","146153","2025-12-03","48.00","NZD","1763152702","23477/2025-12-03/1763152702.json"
"510807","146155","2025-12-03","52.00","NZD","1763152702","23477/2025-12-03/1763152702.json"
"581513","221281","2025-12-05","36.00","NZD","1763152702","23477/2025-12-05/1763152702.json"
"581514","221282","2025-12-05","36.00","NZD","1763152702","23477/2025-12-05/1763152702.json"
"512557","146154","2025-12-05","45.00","NZD","1763152702","23477/2025-12-05/1763152702.json"
"365170","146153","2025-12-05","48.00","NZD","1763152702","23477/2025-12-05/1763152702.json"
"510807","146155","2025-12-05","52.00","NZD","1763152702","23477/2025-12-05/1763152702.json"
"581513","221281","2025-12-06","36.00","NZD","1763152702","23477/2025-12-06/1763152702.json"
"581514","221282","2025-12-06","36.00","NZD","1763152702","23477/2025-12-06/1763152702.json"
"512557","146154","2025-12-06","45.00","NZD","1763152702","23477/2025-12-06/1763152702.json"
"365170","146153","2025-12-06","48.00","NZD","1763152702","23477/2025-12-06/1763152702.json"
"510807","146155","2025-12-06","52.00","NZD","1763152702","23477/2025-12-06/1763152702.json"
"581513","221281","2025-12-07","36.00","NZD","1763152702","23477/2025-12-07/1763152702.json"
"581514","221282","2025-12-07","36.00","NZD","1763152702","23477/2025-12-07/1763152702.json"
"512557","146154","2025-12-07","45.00","NZD","1763152702","23477/2025-12-07/1763152702.json"
"365170","146153","2025-12-07","48.00","NZD","1763152702","23477/2025-12-07/1763152702.json"
"510807","146155","2025-12-07","52.00","NZD","1763152702","23477/2025-12-07/1763152702.json"
"581513","221281","2025-12-10","36.00","NZD","1763152702","23477/2025-12-10/1763152702.json"
"581514","221282","2025-12-10","36.00","NZD","1763152702","23477/2025-12-10/1763152702.json"
"512557","146154","2025-12-10","45.00","NZD","1763152702","23477/2025-12-10/1763152702.json"
"365170","146153","2025-12-10","48.00","NZD","1763152702","23477/2025-12-10/1763152702.json"
"510807","146155","2025-12-10","52.00","NZD","1763152702","23477/2025-12-10/1763152702.json"
"581513","221281","2025-12-08","36.00","NZD","1763152702","23477/2025-12-08/1763152702.json"
"581514","221282","2025-12-08","36.00","NZD","1763152702","23477/2025-12-08/1763152702.json"
"512557","146154","2025-12-08","45.00","NZD","1763152702","23477/2025-12-08/1763152702.json"
"365170","146153","2025-12-08","48.00","NZD","1763152702","23477/2025-12-08/1763152702.json"
"510807","146155","2025-12-08","52.00","NZD","1763152702","23477/2025-12-08/1763152702.json"
"581513","221281","2025-12-09","36.00","NZD","1763152702","23477/2025-12-09/1763152702.json"
"581514","221282","2025-12-09","36.00","NZD","1763152702","23477/2025-12-09/1763152702.json"
"512557","146154","2025-12-09","45.00","NZD","1763152702","23477/2025-12-09/1763152702.json"
"365170","146153","2025-12-09","48.00","NZD","1763152702","23477/2025-12-09/1763152702.json"
"510807","146155","2025-12-09","52.00","NZD","1763152702","23477/2025-12-09/1763152702.json"
"581513","221281","2025-12-11","36.00","NZD","1763152702","23477/2025-12-11/1763152702.json"
"581514","221282","2025-12-11","36.00","NZD","1763152702","23477/2025-12-11/1763152702.json"
"512557","146154","2025-12-11","45.00","NZD","1763152702","23477/2025-12-11/1763152702.json"
"365170","146153","2025-12-11","48.00","NZD","1763152702","23477/2025-12-11/1763152702.json"
"510807","146155","2025-12-11","52.00","NZD","1763152702","23477/2025-12-11/1763152702.json"
"581513","221281","2025-12-12","36.00","NZD","1763152702","23477/2025-12-12/1763152702.json"
"581514","221282","2025-12-12","36.00","NZD","1763152702","23477/2025-12-12/1763152702.json"
"512557","146154","2025-12-12","45.00","NZD","1763152702","23477/2025-12-12/1763152702.json"
"365170","146153","2025-12-12","48.00","NZD","1763152702","23477/2025-12-12/1763152702.json"
"510807","146155","2025-12-12","52.00","NZD","1763152702","23477/2025-12-12/1763152702.json"
"581513","221281","2025-12-15","36.00","NZD","1763152702","23477/2025-12-15/1763152702.json"
"581514","221282","2025-12-15","36.00","NZD","1763152702","23477/2025-12-15/1763152702.json"
"512557","146154","2025-12-15","45.00","NZD","1763152702","23477/2025-12-15/1763152702.json"
"365170","146153","2025-12-15","48.00","NZD","1763152702","23477/2025-12-15/1763152702.json"
"510807","146155","2025-12-15","52.00","NZD","1763152702","23477/2025-12-15/1763152702.json"
"581513","221281","2025-12-14","36.00","NZD","1763152702","23477/2025-12-14/1763152702.json"
"581514","221282","2025-12-14","36.00","NZD","1763152702","23477/2025-12-14/1763152702.json"
"512557","146154","2025-12-14","45.00","NZD","1763152702","23477/2025-12-14/1763152702.json"
"365170","146153","2025-12-14","48.00","NZD","1763152702","23477/2025-12-14/1763152702.json"
"510807","146155","2025-12-14","52.00","NZD","1763152702","23477/2025-12-14/1763152702.json"
"581513","221281","2025-12-13","36.00","NZD","1763152702","23477/2025-12-13/1763152702.json"
"581514","221282","2025-12-13","36.00","NZD","1763152702","23477/2025-12-13/1763152702.json"
"512557","146154","2025-12-13","45.00","NZD","1763152702","23477/2025-12-13/1763152702.json"
"365170","146153","2025-12-13","48.00","NZD","1763152702","23477/2025-12-13/1763152702.json"
"510807","146155","2025-12-13","52.00","NZD","1763152702","23477/2025-12-13/1763152702.json"
"581513","221281","2025-12-16","36.00","NZD","1763152702","23477/2025-12-16/1763152702.json"
"581514","221282","2025-12-16","36.00","NZD","1763152702","23477/2025-12-16/1763152702.json"
"512557","146154","2025-12-16","45.00","NZD","1763152702","23477/2025-12-16/1763152702.json"
"365170","146153","2025-12-16","48.00","NZD","1763152702","23477/2025-12-16/1763152702.json"
"510807","146155","2025-12-16","52.00","NZD","1763152702","23477/2025-12-16/1763152702.json"
"581513","221281","2025-12-18","36.00","NZD","1763152702","23477/2025-12-18/1763152702.json"
"581514","221282","2025-12-18","36.00","NZD","1763152702","23477/2025-12-18/1763152702.json"
"512557","146154","2025-12-18","45.00","NZD","1763152702","23477/2025-12-18/1763152702.json"
"365170","146153","2025-12-18","48.00","NZD","1763152702","23477/2025-12-18/1763152702.json"
"510807","146155","2025-12-18","52.00","NZD","1763152702","23477/2025-12-18/1763152702.json"
"581513","221281","2025-12-17","36.00","NZD","1763152702","23477/2025-12-17/1763152702.json"
"581514","221282","2025-12-17","36.00","NZD","1763152702","23477/2025-12-17/1763152702.json"
"512557","146154","2025-12-17","45.00","NZD","1763152702","23477/2025-12-17/1763152702.json"
"365170","146153","2025-12-17","48.00","NZD","1763152702","23477/2025-12-17/1763152702.json"
"510807","146155","2025-12-17","52.00","NZD","1763152702","23477/2025-12-17/1763152702.json"
"581513","221281","2025-12-19","36.00","NZD","1763152702","23477/2025-12-19/1763152702.json"
"581514","221282","2025-12-19","36.00","NZD","1763152702","23477/2025-12-19/1763152702.json"
"512557","146154","2025-12-19","45.00","NZD","1763152702","23477/2025-12-19/1763152702.json"
"365170","146153","2025-12-19","48.00","NZD","1763152702","23477/2025-12-19/1763152702.json"
"510807","146155","2025-12-19","52.00","NZD","1763152702","23477/2025-12-19/1763152702.json"
"581513","221281","2025-12-20","36.00","NZD","1763152702","23477/2025-12-20/1763152702.json"
"581514","221282","2025-12-20","36.00","NZD","1763152702","23477/2025-12-20/1763152702.json"
"512557","146154","2025-12-20","45.00","NZD","1763152702","23477/2025-12-20/1763152702.json"
"365170","146153","2025-12-20","48.00","NZD","1763152702","23477/2025-12-20/1763152702.json"
"510807","146155","2025-12-20","52.00","NZD","1763152702","23477/2025-12-20/1763152702.json"
"581513","221281","2025-12-21","36.00","NZD","1763152702","23477/2025-12-21/1763152702.json"
"581514","221282","2025-12-21","36.00","NZD","1763152702","23477/2025-12-21/1763152702.json"
"512557","146154","2025-12-21","45.00","NZD","1763152702","23477/2025-12-21/1763152702.json"
"365170","146153","2025-12-21","48.00","NZD","1763152702","23477/2025-12-21/1763152702.json"
"510807","146155","2025-12-21","52.00","NZD","1763152702","23477/2025-12-21/1763152702.json"
"581513","221281","2025-12-23","38.00","NZD","1763152702","23477/2025-12-23/1763152702.json"
"581514","221282","2025-12-23","38.00","NZD","1763152702","23477/2025-12-23/1763152702.json"
"512557","146154","2025-12-23","45.00","NZD","1763152702","23477/2025-12-23/1763152702.json"
"365170","146153","2025-12-23","48.00","NZD","1763152702","23477/2025-12-23/1763152702.json"
"510807","146155","2025-12-23","52.00","NZD","1763152702","23477/2025-12-23/1763152702.json"
"581513","221281","2025-12-22","36.00","NZD","1763152702","23477/2025-12-22/1763152702.json"
"581514","221282","2025-12-22","36.00","NZD","1763152702","23477/2025-12-22/1763152702.json"
"512557","146154","2025-12-22","45.00","NZD","1763152702","23477/2025-12-22/1763152702.json"
"365170","146153","2025-12-22","48.00","NZD","1763152702","23477/2025-12-22/1763152702.json"
"510807","146155","2025-12-22","52.00","NZD","1763152702","23477/2025-12-22/1763152702.json"
"581513","221281","2025-12-24","38.00","NZD","1763152702","23477/2025-12-24/1763152702.json"
"581514","221282","2025-12-24","38.00","NZD","1763152702","23477/2025-12-24/1763152702.json"
"512557","146154","2025-12-24","45.00","NZD","1763152702","23477/2025-12-24/1763152702.json"
"365170","146153","2025-12-24","48.00","NZD","1763152702","23477/2025-12-24/1763152702.json"
"510807","146155","2025-12-24","52.00","NZD","1763152702","23477/2025-12-24/1763152702.json"
"581513","221281","2025-12-25","38.00","NZD","1763152702","23477/2025-12-25/1763152702.json"
"581514","221282","2025-12-25","38.00","NZD","1763152702","23477/2025-12-25/1763152702.json"
"512557","146154","2025-12-25","45.00","NZD","1763152702","23477/2025-12-25/1763152702.json"
"365170","146153","2025-12-25","48.00","NZD","1763152702","23477/2025-12-25/1763152702.json"
"510807","146155","2025-12-25","52.00","NZD","1763152702","23477/2025-12-25/1763152702.json"
"581513","221281","2025-12-27","42.00","NZD","1763152702","23477/2025-12-27/1763152702.json"
"581514","221282","2025-12-27","42.00","NZD","1763152702","23477/2025-12-27/1763152702.json"
"512557","146154","2025-12-27","45.00","NZD","1763152702","23477/2025-12-27/1763152702.json"
"365170","146153","2025-12-27","48.00","NZD","1763152702","23477/2025-12-27/1763152702.json"
"510807","146155","2025-12-27","52.00","NZD","1763152702","23477/2025-12-27/1763152702.json"
"581513","221281","2025-12-26","42.00","NZD","1763152702","23477/2025-12-26/1763152702.json"
"581514","221282","2025-12-26","42.00","NZD","1763152702","23477/2025-12-26/1763152702.json"
"512557","146154","2025-12-26","45.00","NZD","1763152702","23477/2025-12-26/1763152702.json"
"365170","146153","2025-12-26","48.00","NZD","1763152702","23477/2025-12-26/1763152702.json"
"510807","146155","2025-12-26","52.00","NZD","1763152702","23477/2025-12-26/1763152702.json"
"581513","221281","2025-12-28","42.00","NZD","1763152702","23477/2025-12-28/1763152702.json"
"581514","221282","2025-12-28","42.00","NZD","1763152702","23477/2025-12-28/1763152702.json"
"512557","146154","2025-12-28","45.00","NZD","1763152702","23477/2025-12-28/1763152702.json"
"365170","146153","2025-12-28","48.00","NZD","1763152702","23477/2025-12-28/1763152702.json"
"510807","146155","2025-12-28","52.00","NZD","1763152702","23477/2025-12-28/1763152702.json"
"581513","221281","2025-12-31","42.00","NZD","1763152702","23477/2025-12-31/1763152702.json"
"581514","221282","2025-12-31","42.00","NZD","1763152702","23477/2025-12-31/1763152702.json"
"512557","146154","2025-12-31","45.00","NZD","1763152702","23477/2025-12-31/1763152702.json"
"365170","146153","2025-12-31","48.00","NZD","1763152702","23477/2025-12-31/1763152702.json"
"510807","146155","2025-12-31","52.00","NZD","1763152702","23477/2025-12-31/1763152702.json"
"581513","221281","2025-12-29","42.00","NZD","1763152702","23477/2025-12-29/1763152702.json"
"581514","221282","2025-12-29","42.00","NZD","1763152702","23477/2025-12-29/1763152702.json"
"512557","146154","2025-12-29","45.00","NZD","1763152702","23477/2025-12-29/1763152702.json"
"365170","146153","2025-12-29","48.00","NZD","1763152702","23477/2025-12-29/1763152702.json"
"510807","146155","2025-12-29","52.00","NZD","1763152702","23477/2025-12-29/1763152702.json"
"581513","221281","2025-12-30","42.00","NZD","1763152702","23477/2025-12-30/1763152702.json"
"581514","221282","2025-12-30","42.00","NZD","1763152702","23477/2025-12-30/1763152702.json"
"512557","146154","2025-12-30","45.00","NZD","1763152702","23477/2025-12-30/1763152702.json"
"365170","146153","2025-12-30","48.00","NZD","1763152702","23477/2025-12-30/1763152702.json"
"510807","146155","2025-12-30","52.00","NZD","1763152702","23477/2025-12-30/1763152702.json"
"581513","221281","2026-01-01","42.00","NZD","1763152702","23477/2026-01-01/1763152702.json"
"581514","221282","2026-01-01","42.00","NZD","1763152702","23477/2026-01-01/1763152702.json"
"512557","146154","2026-01-01","45.00","NZD","1763152702","23477/2026-01-01/1763152702.json"
"365170","146153","2026-01-01","48.00","NZD","1763152702","23477/2026-01-01/1763152702.json"
"510807","146155","2026-01-01","52.00","NZD","1763152702","23477/2026-01-01/1763152702.json"
"581513","221281","2026-01-02","42.00","NZD","1763152702","23477/2026-01-02/1763152702.json"
"581513","221281","2026-01-04","42.00","NZD","1763152702","23477/2026-01-04/1763152702.json"
"581514","221282","2026-01-02","42.00","NZD","1763152702","23477/2026-01-02/1763152702.json"
"581514","221282","2026-01-04","42.00","NZD","1763152702","23477/2026-01-04/1763152702.json"
"512557","146154","2026-01-02","45.00","NZD","1763152702","23477/2026-01-02/1763152702.json"
"365170","146153","2026-01-02","48.00","NZD","1763152702","23477/2026-01-02/1763152702.json"
"512557","146154","2026-01-04","45.00","NZD","1763152702","23477/2026-01-04/1763152702.json"
"510807","146155","2026-01-02","52.00","NZD","1763152702","23477/2026-01-02/1763152702.json"
"365170","146153","2026-01-04","48.00","NZD","1763152702","23477/2026-01-04/1763152702.json"
"510807","146155","2026-01-04","52.00","NZD","1763152702","23477/2026-01-04/1763152702.json"
"581513","221281","2026-01-05","36.00","NZD","1763152702","23477/2026-01-05/1763152702.json"
"581514","221282","2026-01-05","36.00","NZD","1763152702","23477/2026-01-05/1763152702.json"
"512557","146154","2026-01-05","45.00","NZD","1763152702","23477/2026-01-05/1763152702.json"
"365170","146153","2026-01-05","48.00","NZD","1763152702","23477/2026-01-05/1763152702.json"
"510807","146155","2026-01-05","52.00","NZD","1763152702","23477/2026-01-05/1763152702.json"
"581513","221281","2026-01-03","42.00","NZD","1763152702","23477/2026-01-03/1763152702.json"
"581514","221282","2026-01-03","42.00","NZD","1763152702","23477/2026-01-03/1763152702.json"
"512557","146154","2026-01-03","45.00","NZD","1763152702","23477/2026-01-03/1763152702.json"
"365170","146153","2026-01-03","48.00","NZD","1763152702","23477/2026-01-03/1763152702.json"
"510807","146155","2026-01-03","52.00","NZD","1763152702","23477/2026-01-03/1763152702.json"
"581513","221281","2026-01-06","36.00","NZD","1763152702","23477/2026-01-06/1763152702.json"
"581514","221282","2026-01-06","36.00","NZD","1763152702","23477/2026-01-06/1763152702.json"
"512557","146154","2026-01-06","45.00","NZD","1763152702","23477/2026-01-06/1763152702.json"
"365170","146153","2026-01-06","48.00","NZD","1763152702","23477/2026-01-06/1763152702.json"
"510807","146155","2026-01-06","52.00","NZD","1763152702","23477/2026-01-06/1763152702.json"
"581513","221281","2026-01-08","36.00","NZD","1763152702","23477/2026-01-08/1763152702.json"
"581514","221282","2026-01-08","36.00","NZD","1763152702","23477/2026-01-08/1763152702.json"
"512557","146154","2026-01-08","45.00","NZD","1763152702","23477/2026-01-08/1763152702.json"
"365170","146153","2026-01-08","48.00","NZD","1763152702","23477/2026-01-08/1763152702.json"
"510807","146155","2026-01-08","52.00","NZD","1763152702","23477/2026-01-08/1763152702.json"
"581513","221281","2026-01-07","36.00","NZD","1763152702","23477/2026-01-07/1763152702.json"
"581514","221282","2026-01-07","36.00","NZD","1763152702","23477/2026-01-07/1763152702.json"
"512557","146154","2026-01-07","45.00","NZD","1763152702","23477/2026-01-07/1763152702.json"
"365170","146153","2026-01-07","48.00","NZD","1763152702","23477/2026-01-07/1763152702.json"
"510807","146155","2026-01-07","52.00","NZD","1763152702","23477/2026-01-07/1763152702.json"
"581513","221281","2026-01-09","36.00","NZD","1763152702","23477/2026-01-09/1763152702.json"
"581514","221282","2026-01-09","36.00","NZD","1763152702","23477/2026-01-09/1763152702.json"
"512557","146154","2026-01-09","45.00","NZD","1763152702","23477/2026-01-09/1763152702.json"
"365170","146153","2026-01-09","48.00","NZD","1763152702","23477/2026-01-09/1763152702.json"
"510807","146155","2026-01-09","52.00","NZD","1763152702","23477/2026-01-09/1763152702.json"
"581513","221281","2026-01-10","36.00","NZD","1763152702","23477/2026-01-10/1763152702.json"
"581514","221282","2026-01-10","36.00","NZD","1763152702","23477/2026-01-10/1763152702.json"
"512557","146154","2026-01-10","45.00","NZD","1763152702","23477/2026-01-10/1763152702.json"
"365170","146153","2026-01-10","48.00","NZD","1763152702","23477/2026-01-10/1763152702.json"
"510807","146155","2026-01-10","52.00","NZD","1763152702","23477/2026-01-10/1763152702.json"
"581513","221281","2026-01-11","36.00","NZD","1763152702","23477/2026-01-11/1763152702.json"
"581514","221282","2026-01-11","36.00","NZD","1763152702","23477/2026-01-11/1763152702.json"
"512557","146154","2026-01-11","45.00","NZD","1763152702","23477/2026-01-11/1763152702.json"
"365170","146153","2026-01-11","48.00","NZD","1763152702","23477/2026-01-11/1763152702.json"
"510807","146155","2026-01-11","52.00","NZD","1763152702","23477/2026-01-11/1763152702.json"
"581513","221281","2026-01-12","36.00","NZD","1763152702","23477/2026-01-12/1763152702.json"
"581514","221282","2026-01-12","36.00","NZD","1763152702","23477/2026-01-12/1763152702.json"
"512557","146154","2026-01-12","45.00","NZD","1763152702","23477/2026-01-12/1763152702.json"
"365170","146153","2026-01-12","48.00","NZD","1763152702","23477/2026-01-12/1763152702.json"
"510807","146155","2026-01-12","52.00","NZD","1763152702","23477/2026-01-12/1763152702.json"
"581513","221281","2026-01-13","36.00","NZD","1763152702","23477/2026-01-13/1763152702.json"
"581514","221282","2026-01-13","36.00","NZD","1763152702","23477/2026-01-13/1763152702.json"
"512557","146154","2026-01-13","45.00","NZD","1763152702","23477/2026-01-13/1763152702.json"
"365170","146153","2026-01-13","48.00","NZD","1763152702","23477/2026-01-13/1763152702.json"
"510807","146155","2026-01-13","52.00","NZD","1763152702","23477/2026-01-13/1763152702.json"
"581513","221281","2025-11-18","36.00","NZD","1763171805","23477/2025-11-18/1763171805.json"
"581514","221282","2025-11-18","36.00","NZD","1763171805","23477/2025-11-18/1763171805.json"
"512557","146154","2025-11-18","45.00","NZD","1763171805","23477/2025-11-18/1763171805.json"
"365170","146153","2025-11-18","48.00","NZD","1763171805","23477/2025-11-18/1763171805.json"
"510807","146155","2025-11-18","52.00","NZD","1763171805","23477/2025-11-18/1763171805.json"
"581513","221281","2025-11-17","36.00","NZD","1763171805","23477/2025-11-17/1763171805.json"
"581514","221282","2025-11-17","36.00","NZD","1763171805","23477/2025-11-17/1763171805.json"
"512557","146154","2025-11-17","45.00","NZD","1763171805","23477/2025-11-17/1763171805.json"
"365170","146153","2025-11-17","48.00","NZD","1763171805","23477/2025-11-17/1763171805.json"
"510807","146155","2025-11-17","52.00","NZD","1763171805","23477/2025-11-17/1763171805.json"
"581513","221281","2025-11-15","36.00","NZD","1763171805","23477/2025-11-15/1763171805.json"
"581514","221282","2025-11-15","36.00","NZD","1763171805","23477/2025-11-15/1763171805.json"
"512557","146154","2025-11-15","45.00","NZD","1763171805","23477/2025-11-15/1763171805.json"
"365170","146153","2025-11-15","48.00","NZD","1763171805","23477/2025-11-15/1763171805.json"
"510807","146155","2025-11-15","52.00","NZD","1763171805","23477/2025-11-15/1763171805.json"
"581513","221281","2025-11-16","36.00","NZD","1763171805","23477/2025-11-16/1763171805.json"
"581514","221282","2025-11-16","36.00","NZD","1763171805","23477/2025-11-16/1763171805.json"
"512557","146154","2025-11-16","45.00","NZD","1763171805","23477/2025-11-16/1763171805.json"
"365170","146153","2025-11-16","48.00","NZD","1763171805","23477/2025-11-16/1763171805.json"
"510807","146155","2025-11-16","52.00","NZD","1763171805","23477/2025-11-16/1763171805.json"
"581513","221281","2025-11-20","36.00","NZD","1763171805","23477/2025-11-20/1763171805.json"
"581514","221282","2025-11-20","36.00","NZD","1763171805","23477/2025-11-20/1763171805.json"
"512557","146154","2025-11-20","45.00","NZD","1763171805","23477/2025-11-20/1763171805.json"
"365170","146153","2025-11-20","48.00","NZD","1763171805","23477/2025-11-20/1763171805.json"
"510807","146155","2025-11-20","52.00","NZD","1763171805","23477/2025-11-20/1763171805.json"
"581513","221281","2025-11-19","36.00","NZD","1763171805","23477/2025-11-19/1763171805.json"
"581514","221282","2025-11-19","36.00","NZD","1763171805","23477/2025-11-19/1763171805.json"
"512557","146154","2025-11-19","45.00","NZD","1763171805","23477/2025-11-19/1763171805.json"
"365170","146153","2025-11-19","48.00","NZD","1763171805","23477/2025-11-19/1763171805.json"
"510807","146155","2025-11-19","52.00","NZD","1763171805","23477/2025-11-19/1763171805.json"
"581513","221281","2025-11-21","36.00","NZD","1763171805","23477/2025-11-21/1763171805.json"
"581514","221282","2025-11-21","36.00","NZD","1763171805","23477/2025-11-21/1763171805.json"
"512557","146154","2025-11-21","45.00","NZD","1763171805","23477/2025-11-21/1763171805.json"
"365170","146153","2025-11-21","48.00","NZD","1763171805","23477/2025-11-21/1763171805.json"
"510807","146155","2025-11-21","52.00","NZD","1763171805","23477/2025-11-21/1763171805.json"
"581513","221281","2025-11-22","36.00","NZD","1763171805","23477/2025-11-22/1763171805.json"
"581514","221282","2025-11-22","36.00","NZD","1763171805","23477/2025-11-22/1763171805.json"
"512557","146154","2025-11-22","45.00","NZD","1763171805","23477/2025-11-22/1763171805.json"
"365170","146153","2025-11-22","48.00","NZD","1763171805","23477/2025-11-22/1763171805.json"
"510807","146155","2025-11-22","52.00","NZD","1763171805","23477/2025-11-22/1763171805.json"
"581513","221281","2025-11-24","36.00","NZD","1763171805","23477/2025-11-24/1763171805.json"
"581514","221282","2025-11-24","36.00","NZD","1763171805","23477/2025-11-24/1763171805.json"
"512557","146154","2025-11-24","45.00","NZD","1763171805","23477/2025-11-24/1763171805.json"
"365170","146153","2025-11-24","48.00","NZD","1763171805","23477/2025-11-24/1763171805.json"
"510807","146155","2025-11-24","52.00","NZD","1763171805","23477/2025-11-24/1763171805.json"
"581513","221281","2025-11-26","36.00","NZD","1763171805","23477/2025-11-26/1763171805.json"
"581514","221282","2025-11-26","36.00","NZD","1763171805","23477/2025-11-26/1763171805.json"
"512557","146154","2025-11-26","45.00","NZD","1763171805","23477/2025-11-26/1763171805.json"
"365170","146153","2025-11-26","48.00","NZD","1763171805","23477/2025-11-26/1763171805.json"
"510807","146155","2025-11-26","52.00","NZD","1763171805","23477/2025-11-26/1763171805.json"
"581513","221281","2025-11-23","36.00","NZD","1763171805","23477/2025-11-23/1763171805.json"
"581514","221282","2025-11-23","36.00","NZD","1763171805","23477/2025-11-23/1763171805.json"
"512557","146154","2025-11-23","45.00","NZD","1763171805","23477/2025-11-23/1763171805.json"
"365170","146153","2025-11-23","48.00","NZD","1763171805","23477/2025-11-23/1763171805.json"
"510807","146155","2025-11-23","52.00","NZD","1763171805","23477/2025-11-23/1763171805.json"
"581513","221281","2025-11-25","36.00","NZD","1763171805","23477/2025-11-25/1763171805.json"
"581514","221282","2025-11-25","36.00","NZD","1763171805","23477/2025-11-25/1763171805.json"
"512557","146154","2025-11-25","45.00","NZD","1763171805","23477/2025-11-25/1763171805.json"
"365170","146153","2025-11-25","48.00","NZD","1763171805","23477/2025-11-25/1763171805.json"
"510807","146155","2025-11-25","52.00","NZD","1763171805","23477/2025-11-25/1763171805.json"
"581513","221281","2025-11-27","36.00","NZD","1763171805","23477/2025-11-27/1763171805.json"
"581514","221282","2025-11-27","36.00","NZD","1763171805","23477/2025-11-27/1763171805.json"
"512557","146154","2025-11-27","45.00","NZD","1763171805","23477/2025-11-27/1763171805.json"
"365170","146153","2025-11-27","48.00","NZD","1763171805","23477/2025-11-27/1763171805.json"
"510807","146155","2025-11-27","52.00","NZD","1763171805","23477/2025-11-27/1763171805.json"
"581513","221281","2025-11-28","36.00","NZD","1763171805","23477/2025-11-28/1763171805.json"
"581514","221282","2025-11-28","36.00","NZD","1763171805","23477/2025-11-28/1763171805.json"
"512557","146154","2025-11-28","45.00","NZD","1763171805","23477/2025-11-28/1763171805.json"
"365170","146153","2025-11-28","48.00","NZD","1763171805","23477/2025-11-28/1763171805.json"
"510807","146155","2025-11-28","52.00","NZD","1763171805","23477/2025-11-28/1763171805.json"
"581513","221281","2025-11-29","36.00","NZD","1763171805","23477/2025-11-29/1763171805.json"
"581514","221282","2025-11-29","36.00","NZD","1763171805","23477/2025-11-29/1763171805.json"
"512557","146154","2025-11-29","45.00","NZD","1763171805","23477/2025-11-29/1763171805.json"
"365170","146153","2025-11-29","48.00","NZD","1763171805","23477/2025-11-29/1763171805.json"
"510807","146155","2025-11-29","52.00","NZD","1763171805","23477/2025-11-29/1763171805.json"
"581513","221281","2025-11-30","36.00","NZD","1763171805","23477/2025-11-30/1763171805.json"
"581514","221282","2025-11-30","36.00","NZD","1763171805","23477/2025-11-30/1763171805.json"
"512557","146154","2025-11-30","45.00","NZD","1763171805","23477/2025-11-30/1763171805.json"
"365170","146153","2025-11-30","48.00","NZD","1763171805","23477/2025-11-30/1763171805.json"
"510807","146155","2025-11-30","52.00","NZD","1763171805","23477/2025-11-30/1763171805.json"
"581513","221281","2025-12-02","36.00","NZD","1763171805","23477/2025-12-02/1763171805.json"
"581514","221282","2025-12-02","36.00","NZD","1763171805","23477/2025-12-02/1763171805.json"
"512557","146154","2025-12-02","45.00","NZD","1763171805","23477/2025-12-02/1763171805.json"
"365170","146153","2025-12-02","48.00","NZD","1763171805","23477/2025-12-02/1763171805.json"
"510807","146155","2025-12-02","52.00","NZD","1763171805","23477/2025-12-02/1763171805.json"
"581513","221281","2025-12-03","36.00","NZD","1763171805","23477/2025-12-03/1763171805.json"
"581514","221282","2025-12-03","36.00","NZD","1763171805","23477/2025-12-03/1763171805.json"
"512557","146154","2025-12-03","45.00","NZD","1763171805","23477/2025-12-03/1763171805.json"
"365170","146153","2025-12-03","48.00","NZD","1763171805","23477/2025-12-03/1763171805.json"
"510807","146155","2025-12-03","52.00","NZD","1763171805","23477/2025-12-03/1763171805.json"
"581513","221281","2025-12-01","36.00","NZD","1763171805","23477/2025-12-01/1763171805.json"
"581514","221282","2025-12-01","36.00","NZD","1763171805","23477/2025-12-01/1763171805.json"
"512557","146154","2025-12-01","45.00","NZD","1763171805","23477/2025-12-01/1763171805.json"
"365170","146153","2025-12-01","48.00","NZD","1763171805","23477/2025-12-01/1763171805.json"
"510807","146155","2025-12-01","52.00","NZD","1763171805","23477/2025-12-01/1763171805.json"
"581513","221281","2025-12-04","36.00","NZD","1763171805","23477/2025-12-04/1763171805.json"
"581514","221282","2025-12-04","36.00","NZD","1763171805","23477/2025-12-04/1763171805.json"
"512557","146154","2025-12-04","45.00","NZD","1763171805","23477/2025-12-04/1763171805.json"
"365170","146153","2025-12-04","48.00","NZD","1763171805","23477/2025-12-04/1763171805.json"
"510807","146155","2025-12-04","52.00","NZD","1763171805","23477/2025-12-04/1763171805.json"
"581513","221281","2025-12-05","36.00","NZD","1763171805","23477/2025-12-05/1763171805.json"
"581514","221282","2025-12-05","36.00","NZD","1763171805","23477/2025-12-05/1763171805.json"
"512557","146154","2025-12-05","45.00","NZD","1763171805","23477/2025-12-05/1763171805.json"
"365170","146153","2025-12-05","48.00","NZD","1763171805","23477/2025-12-05/1763171805.json"
"510807","146155","2025-12-05","52.00","NZD","1763171805","23477/2025-12-05/1763171805.json"
"581513","221281","2025-12-06","36.00","NZD","1763171805","23477/2025-12-06/1763171805.json"
"581514","221282","2025-12-06","36.00","NZD","1763171805","23477/2025-12-06/1763171805.json"
"512557","146154","2025-12-06","45.00","NZD","1763171805","23477/2025-12-06/1763171805.json"
"365170","146153","2025-12-06","48.00","NZD","1763171805","23477/2025-12-06/1763171805.json"
"510807","146155","2025-12-06","52.00","NZD","1763171805","23477/2025-12-06/1763171805.json"
"581513","221281","2025-12-07","36.00","NZD","1763171805","23477/2025-12-07/1763171805.json"
"581514","221282","2025-12-07","36.00","NZD","1763171805","23477/2025-12-07/1763171805.json"
"512557","146154","2025-12-07","45.00","NZD","1763171805","23477/2025-12-07/1763171805.json"
"365170","146153","2025-12-07","48.00","NZD","1763171805","23477/2025-12-07/1763171805.json"
"510807","146155","2025-12-07","52.00","NZD","1763171805","23477/2025-12-07/1763171805.json"
"581513","221281","2025-12-09","36.00","NZD","1763171805","23477/2025-12-09/1763171805.json"
"581514","221282","2025-12-09","36.00","NZD","1763171805","23477/2025-12-09/1763171805.json"
"512557","146154","2025-12-09","45.00","NZD","1763171805","23477/2025-12-09/1763171805.json"
"365170","146153","2025-12-09","48.00","NZD","1763171805","23477/2025-12-09/1763171805.json"
"510807","146155","2025-12-09","52.00","NZD","1763171805","23477/2025-12-09/1763171805.json"
"581513","221281","2025-12-08","36.00","NZD","1763171805","23477/2025-12-08/1763171805.json"
"581514","221282","2025-12-08","36.00","NZD","1763171805","23477/2025-12-08/1763171805.json"
"512557","146154","2025-12-08","45.00","NZD","1763171805","23477/2025-12-08/1763171805.json"
"365170","146153","2025-12-08","48.00","NZD","1763171805","23477/2025-12-08/1763171805.json"
"510807","146155","2025-12-08","52.00","NZD","1763171805","23477/2025-12-08/1763171805.json"
"581513","221281","2025-12-10","36.00","NZD","1763171805","23477/2025-12-10/1763171805.json"
"581514","221282","2025-12-10","36.00","NZD","1763171805","23477/2025-12-10/1763171805.json"
"512557","146154","2025-12-10","45.00","NZD","1763171805","23477/2025-12-10/1763171805.json"
"365170","146153","2025-12-10","48.00","NZD","1763171805","23477/2025-12-10/1763171805.json"
"510807","146155","2025-12-10","52.00","NZD","1763171805","23477/2025-12-10/1763171805.json"
"581513","221281","2025-12-11","36.00","NZD","1763171805","23477/2025-12-11/1763171805.json"
"581514","221282","2025-12-11","36.00","NZD","1763171805","23477/2025-12-11/1763171805.json"
"512557","146154","2025-12-11","45.00","NZD","1763171805","23477/2025-12-11/1763171805.json"
"365170","146153","2025-12-11","48.00","NZD","1763171805","23477/2025-12-11/1763171805.json"
"510807","146155","2025-12-11","52.00","NZD","1763171805","23477/2025-12-11/1763171805.json"
"581513","221281","2025-12-12","36.00","NZD","1763171805","23477/2025-12-12/1763171805.json"
"581514","221282","2025-12-12","36.00","NZD","1763171805","23477/2025-12-12/1763171805.json"
"512557","146154","2025-12-12","45.00","NZD","1763171805","23477/2025-12-12/1763171805.json"
"365170","146153","2025-12-12","48.00","NZD","1763171805","23477/2025-12-12/1763171805.json"
"510807","146155","2025-12-12","52.00","NZD","1763171805","23477/2025-12-12/1763171805.json"
"581513","221281","2025-12-13","36.00","NZD","1763171805","23477/2025-12-13/1763171805.json"
"581514","221282","2025-12-13","36.00","NZD","1763171805","23477/2025-12-13/1763171805.json"
"512557","146154","2025-12-13","45.00","NZD","1763171805","23477/2025-12-13/1763171805.json"
"365170","146153","2025-12-13","48.00","NZD","1763171805","23477/2025-12-13/1763171805.json"
"510807","146155","2025-12-13","52.00","NZD","1763171805","23477/2025-12-13/1763171805.json"
"581513","221281","2025-12-14","36.00","NZD","1763171805","23477/2025-12-14/1763171805.json"
"581514","221282","2025-12-14","36.00","NZD","1763171805","23477/2025-12-14/1763171805.json"
"512557","146154","2025-12-14","45.00","NZD","1763171805","23477/2025-12-14/1763171805.json"
"365170","146153","2025-12-14","48.00","NZD","1763171805","23477/2025-12-14/1763171805.json"
"510807","146155","2025-12-14","52.00","NZD","1763171805","23477/2025-12-14/1763171805.json"
"581513","221281","2025-12-15","36.00","NZD","1763171805","23477/2025-12-15/1763171805.json"
"581514","221282","2025-12-15","36.00","NZD","1763171805","23477/2025-12-15/1763171805.json"
"512557","146154","2025-12-15","45.00","NZD","1763171805","23477/2025-12-15/1763171805.json"
"365170","146153","2025-12-15","48.00","NZD","1763171805","23477/2025-12-15/1763171805.json"
"510807","146155","2025-12-15","52.00","NZD","1763171805","23477/2025-12-15/1763171805.json"
"581513","221281","2025-12-16","36.00","NZD","1763171805","23477/2025-12-16/1763171805.json"
"581514","221282","2025-12-16","36.00","NZD","1763171805","23477/2025-12-16/1763171805.json"
"512557","146154","2025-12-16","45.00","NZD","1763171805","23477/2025-12-16/1763171805.json"
"365170","146153","2025-12-16","48.00","NZD","1763171805","23477/2025-12-16/1763171805.json"
"510807","146155","2025-12-16","52.00","NZD","1763171805","23477/2025-12-16/1763171805.json"
"581513","221281","2025-12-17","36.00","NZD","1763171805","23477/2025-12-17/1763171805.json"
"581514","221282","2025-12-17","36.00","NZD","1763171805","23477/2025-12-17/1763171805.json"
"512557","146154","2025-12-17","45.00","NZD","1763171805","23477/2025-12-17/1763171805.json"
"365170","146153","2025-12-17","48.00","NZD","1763171805","23477/2025-12-17/1763171805.json"
"510807","146155","2025-12-17","52.00","NZD","1763171805","23477/2025-12-17/1763171805.json"
"581513","221281","2025-12-18","36.00","NZD","1763171805","23477/2025-12-18/1763171805.json"
"581514","221282","2025-12-18","36.00","NZD","1763171805","23477/2025-12-18/1763171805.json"
"512557","146154","2025-12-18","45.00","NZD","1763171805","23477/2025-12-18/1763171805.json"
"365170","146153","2025-12-18","48.00","NZD","1763171805","23477/2025-12-18/1763171805.json"
"510807","146155","2025-12-18","52.00","NZD","1763171805","23477/2025-12-18/1763171805.json"
"581513","221281","2025-12-20","36.00","NZD","1763171805","23477/2025-12-20/1763171805.json"
"581514","221282","2025-12-20","36.00","NZD","1763171805","23477/2025-12-20/1763171805.json"
"512557","146154","2025-12-20","45.00","NZD","1763171805","23477/2025-12-20/1763171805.json"
"365170","146153","2025-12-20","48.00","NZD","1763171805","23477/2025-12-20/1763171805.json"
"510807","146155","2025-12-20","52.00","NZD","1763171805","23477/2025-12-20/1763171805.json"
"581513","221281","2025-12-19","36.00","NZD","1763171805","23477/2025-12-19/1763171805.json"
"581514","221282","2025-12-19","36.00","NZD","1763171805","23477/2025-12-19/1763171805.json"
"512557","146154","2025-12-19","45.00","NZD","1763171805","23477/2025-12-19/1763171805.json"
"365170","146153","2025-12-19","48.00","NZD","1763171805","23477/2025-12-19/1763171805.json"
"510807","146155","2025-12-19","52.00","NZD","1763171805","23477/2025-12-19/1763171805.json"
"581513","221281","2025-12-21","36.00","NZD","1763171805","23477/2025-12-21/1763171805.json"
"581514","221282","2025-12-21","36.00","NZD","1763171805","23477/2025-12-21/1763171805.json"
"512557","146154","2025-12-21","45.00","NZD","1763171805","23477/2025-12-21/1763171805.json"
"365170","146153","2025-12-21","48.00","NZD","1763171805","23477/2025-12-21/1763171805.json"
"510807","146155","2025-12-21","52.00","NZD","1763171805","23477/2025-12-21/1763171805.json"
"581513","221281","2025-12-22","36.00","NZD","1763171805","23477/2025-12-22/1763171805.json"
"581514","221282","2025-12-22","36.00","NZD","1763171805","23477/2025-12-22/1763171805.json"
"512557","146154","2025-12-22","45.00","NZD","1763171805","23477/2025-12-22/1763171805.json"
"365170","146153","2025-12-22","48.00","NZD","1763171805","23477/2025-12-22/1763171805.json"
"510807","146155","2025-12-22","52.00","NZD","1763171805","23477/2025-12-22/1763171805.json"
"581513","221281","2025-12-23","38.00","NZD","1763171805","23477/2025-12-23/1763171805.json"
"581513","221281","2025-12-24","38.00","NZD","1763171805","23477/2025-12-24/1763171805.json"
"581514","221282","2025-12-23","38.00","NZD","1763171805","23477/2025-12-23/1763171805.json"
"581514","221282","2025-12-24","38.00","NZD","1763171805","23477/2025-12-24/1763171805.json"
"512557","146154","2025-12-24","45.00","NZD","1763171805","23477/2025-12-24/1763171805.json"
"512557","146154","2025-12-23","45.00","NZD","1763171805","23477/2025-12-23/1763171805.json"
"365170","146153","2025-12-24","48.00","NZD","1763171805","23477/2025-12-24/1763171805.json"
"510807","146155","2025-12-24","52.00","NZD","1763171805","23477/2025-12-24/1763171805.json"
"365170","146153","2025-12-23","48.00","NZD","1763171805","23477/2025-12-23/1763171805.json"
"510807","146155","2025-12-23","52.00","NZD","1763171805","23477/2025-12-23/1763171805.json"
"581513","221281","2025-12-25","38.00","NZD","1763171805","23477/2025-12-25/1763171805.json"
"581514","221282","2025-12-25","38.00","NZD","1763171805","23477/2025-12-25/1763171805.json"
"512557","146154","2025-12-25","45.00","NZD","1763171805","23477/2025-12-25/1763171805.json"
"365170","146153","2025-12-25","48.00","NZD","1763171805","23477/2025-12-25/1763171805.json"
"510807","146155","2025-12-25","52.00","NZD","1763171805","23477/2025-12-25/1763171805.json"
"581513","221281","2025-12-26","42.00","NZD","1763171805","23477/2025-12-26/1763171805.json"
"581514","221282","2025-12-26","42.00","NZD","1763171805","23477/2025-12-26/1763171805.json"
"512557","146154","2025-12-26","45.00","NZD","1763171805","23477/2025-12-26/1763171805.json"
"365170","146153","2025-12-26","48.00","NZD","1763171805","23477/2025-12-26/1763171805.json"
"510807","146155","2025-12-26","52.00","NZD","1763171805","23477/2025-12-26/1763171805.json"
"581513","221281","2025-12-27","42.00","NZD","1763171805","23477/2025-12-27/1763171805.json"
"581513","221281","2025-12-28","42.00","NZD","1763171805","23477/2025-12-28/1763171805.json"
"581514","221282","2025-12-28","42.00","NZD","1763171805","23477/2025-12-28/1763171805.json"
"581514","221282","2025-12-27","42.00","NZD","1763171805","23477/2025-12-27/1763171805.json"
"512557","146154","2025-12-28","45.00","NZD","1763171805","23477/2025-12-28/1763171805.json"
"365170","146153","2025-12-28","48.00","NZD","1763171805","23477/2025-12-28/1763171805.json"
"512557","146154","2025-12-27","45.00","NZD","1763171805","23477/2025-12-27/1763171805.json"
"510807","146155","2025-12-28","52.00","NZD","1763171805","23477/2025-12-28/1763171805.json"
"365170","146153","2025-12-27","48.00","NZD","1763171805","23477/2025-12-27/1763171805.json"
"510807","146155","2025-12-27","52.00","NZD","1763171805","23477/2025-12-27/1763171805.json"
"581513","221281","2025-12-29","42.00","NZD","1763171805","23477/2025-12-29/1763171805.json"
"581514","221282","2025-12-29","42.00","NZD","1763171805","23477/2025-12-29/1763171805.json"
"512557","146154","2025-12-29","45.00","NZD","1763171805","23477/2025-12-29/1763171805.json"
"365170","146153","2025-12-29","48.00","NZD","1763171805","23477/2025-12-29/1763171805.json"
"510807","146155","2025-12-29","52.00","NZD","1763171805","23477/2025-12-29/1763171805.json"
"581513","221281","2025-12-30","42.00","NZD","1763171805","23477/2025-12-30/1763171805.json"
"581514","221282","2025-12-30","42.00","NZD","1763171805","23477/2025-12-30/1763171805.json"
"512557","146154","2025-12-30","45.00","NZD","1763171805","23477/2025-12-30/1763171805.json"
"365170","146153","2025-12-30","48.00","NZD","1763171805","23477/2025-12-30/1763171805.json"
"510807","146155","2025-12-30","52.00","NZD","1763171805","23477/2025-12-30/1763171805.json"
"581513","221281","2026-01-01","42.00","NZD","1763171805","23477/2026-01-01/1763171805.json"
"581514","221282","2026-01-01","42.00","NZD","1763171805","23477/2026-01-01/1763171805.json"
"512557","146154","2026-01-01","45.00","NZD","1763171805","23477/2026-01-01/1763171805.json"
"365170","146153","2026-01-01","48.00","NZD","1763171805","23477/2026-01-01/1763171805.json"
"510807","146155","2026-01-01","52.00","NZD","1763171805","23477/2026-01-01/1763171805.json"
"581513","221281","2025-12-31","42.00","NZD","1763171805","23477/2025-12-31/1763171805.json"
"581514","221282","2025-12-31","42.00","NZD","1763171805","23477/2025-12-31/1763171805.json"
"512557","146154","2025-12-31","45.00","NZD","1763171805","23477/2025-12-31/1763171805.json"
"365170","146153","2025-12-31","48.00","NZD","1763171805","23477/2025-12-31/1763171805.json"
"510807","146155","2025-12-31","52.00","NZD","1763171805","23477/2025-12-31/1763171805.json"
"581513","221281","2026-01-02","42.00","NZD","1763171805","23477/2026-01-02/1763171805.json"
"581514","221282","2026-01-02","42.00","NZD","1763171805","23477/2026-01-02/1763171805.json"
"512557","146154","2026-01-02","45.00","NZD","1763171805","23477/2026-01-02/1763171805.json"
"365170","146153","2026-01-02","48.00","NZD","1763171805","23477/2026-01-02/1763171805.json"
"510807","146155","2026-01-02","52.00","NZD","1763171805","23477/2026-01-02/1763171805.json"
"581513","221281","2026-01-03","42.00","NZD","1763171805","23477/2026-01-03/1763171805.json"
"581514","221282","2026-01-03","42.00","NZD","1763171805","23477/2026-01-03/1763171805.json"
"512557","146154","2026-01-03","45.00","NZD","1763171805","23477/2026-01-03/1763171805.json"
"365170","146153","2026-01-03","48.00","NZD","1763171805","23477/2026-01-03/1763171805.json"
"510807","146155","2026-01-03","52.00","NZD","1763171805","23477/2026-01-03/1763171805.json"
"581513","221281","2026-01-04","42.00","NZD","1763171805","23477/2026-01-04/1763171805.json"
"581514","221282","2026-01-04","42.00","NZD","1763171805","23477/2026-01-04/1763171805.json"
"512557","146154","2026-01-04","45.00","NZD","1763171805","23477/2026-01-04/1763171805.json"
"365170","146153","2026-01-04","48.00","NZD","1763171805","23477/2026-01-04/1763171805.json"
"510807","146155","2026-01-04","52.00","NZD","1763171805","23477/2026-01-04/1763171805.json"
"581513","221281","2026-01-05","36.00","NZD","1763171805","23477/2026-01-05/1763171805.json"
"581514","221282","2026-01-05","36.00","NZD","1763171805","23477/2026-01-05/1763171805.json"
"512557","146154","2026-01-05","45.00","NZD","1763171805","23477/2026-01-05/1763171805.json"
"365170","146153","2026-01-05","48.00","NZD","1763171805","23477/2026-01-05/1763171805.json"
"510807","146155","2026-01-05","52.00","NZD","1763171805","23477/2026-01-05/1763171805.json"
"581513","221281","2026-01-06","36.00","NZD","1763171805","23477/2026-01-06/1763171805.json"
"581514","221282","2026-01-06","36.00","NZD","1763171805","23477/2026-01-06/1763171805.json"
"512557","146154","2026-01-06","45.00","NZD","1763171805","23477/2026-01-06/1763171805.json"
"365170","146153","2026-01-06","48.00","NZD","1763171805","23477/2026-01-06/1763171805.json"
"510807","146155","2026-01-06","52.00","NZD","1763171805","23477/2026-01-06/1763171805.json"
"581513","221281","2026-01-07","36.00","NZD","1763171805","23477/2026-01-07/1763171805.json"
"581514","221282","2026-01-07","36.00","NZD","1763171805","23477/2026-01-07/1763171805.json"
"512557","146154","2026-01-07","45.00","NZD","1763171805","23477/2026-01-07/1763171805.json"
"365170","146153","2026-01-07","48.00","NZD","1763171805","23477/2026-01-07/1763171805.json"
"510807","146155","2026-01-07","52.00","NZD","1763171805","23477/2026-01-07/1763171805.json"
"581513","221281","2026-01-09","36.00","NZD","1763171805","23477/2026-01-09/1763171805.json"
"581514","221282","2026-01-09","36.00","NZD","1763171805","23477/2026-01-09/1763171805.json"
"512557","146154","2026-01-09","45.00","NZD","1763171805","23477/2026-01-09/1763171805.json"
"365170","146153","2026-01-09","48.00","NZD","1763171805","23477/2026-01-09/1763171805.json"
"510807","146155","2026-01-09","52.00","NZD","1763171805","23477/2026-01-09/1763171805.json"
"581513","221281","2026-01-10","36.00","NZD","1763171805","23477/2026-01-10/1763171805.json"
"581513","221281","2026-01-08","36.00","NZD","1763171805","23477/2026-01-08/1763171805.json"
"581514","221282","2026-01-10","36.00","NZD","1763171805","23477/2026-01-10/1763171805.json"
"581514","221282","2026-01-08","36.00","NZD","1763171805","23477/2026-01-08/1763171805.json"
"512557","146154","2026-01-10","45.00","NZD","1763171805","23477/2026-01-10/1763171805.json"
"512557","146154","2026-01-08","45.00","NZD","1763171805","23477/2026-01-08/1763171805.json"
"365170","146153","2026-01-08","48.00","NZD","1763171805","23477/2026-01-08/1763171805.json"
"365170","146153","2026-01-10","48.00","NZD","1763171805","23477/2026-01-10/1763171805.json"
"510807","146155","2026-01-08","52.00","NZD","1763171805","23477/2026-01-08/1763171805.json"
"510807","146155","2026-01-10","52.00","NZD","1763171805","23477/2026-01-10/1763171805.json"
"581513","221281","2026-01-12","36.00","NZD","1763171805","23477/2026-01-12/1763171805.json"
"581514","221282","2026-01-12","36.00","NZD","1763171805","23477/2026-01-12/1763171805.json"
"512557","146154","2026-01-12","45.00","NZD","1763171805","23477/2026-01-12/1763171805.json"
"365170","146153","2026-01-12","48.00","NZD","1763171805","23477/2026-01-12/1763171805.json"
"510807","146155","2026-01-12","52.00","NZD","1763171805","23477/2026-01-12/1763171805.json"
"581513","221281","2026-01-11","36.00","NZD","1763171805","23477/2026-01-11/1763171805.json"
"581514","221282","2026-01-11","36.00","NZD","1763171805","23477/2026-01-11/1763171805.json"
"512557","146154","2026-01-11","45.00","NZD","1763171805","23477/2026-01-11/1763171805.json"
"365170","146153","2026-01-11","48.00","NZD","1763171805","23477/2026-01-11/1763171805.json"
"510807","146155","2026-01-11","52.00","NZD","1763171805","23477/2026-01-11/1763171805.json"
"581513","221281","2026-01-14","36.00","NZD","1763171805","23477/2026-01-14/1763171805.json"
"581514","221282","2026-01-14","36.00","NZD","1763171805","23477/2026-01-14/1763171805.json"
"512557","146154","2026-01-14","45.00","NZD","1763171805","23477/2026-01-14/1763171805.json"
"365170","146153","2026-01-14","48.00","NZD","1763171805","23477/2026-01-14/1763171805.json"
"510807","146155","2026-01-14","52.00","NZD","1763171805","23477/2026-01-14/1763171805.json"
"581513","221281","2026-01-13","36.00","NZD","1763171805","23477/2026-01-13/1763171805.json"
"581514","221282","2026-01-13","36.00","NZD","1763171805","23477/2026-01-13/1763171805.json"
"512557","146154","2026-01-13","45.00","NZD","1763171805","23477/2026-01-13/1763171805.json"
"365170","146153","2026-01-13","48.00","NZD","1763171805","23477/2026-01-13/1763171805.json"
"510807","146155","2026-01-13","52.00","NZD","1763171805","23477/2026-01-13/1763171805.json"
"581513","221281","2025-11-17","36.00","NZD","1763181735","23477/2025-11-17/1763181735.json"
"581514","221282","2025-11-17","36.00","NZD","1763181735","23477/2025-11-17/1763181735.json"
"512557","146154","2025-11-17","45.00","NZD","1763181735","23477/2025-11-17/1763181735.json"
"365170","146153","2025-11-17","48.00","NZD","1763181735","23477/2025-11-17/1763181735.json"
"510807","146155","2025-11-17","52.00","NZD","1763181735","23477/2025-11-17/1763181735.json"
"581513","221281","2025-11-15","36.00","NZD","1763181735","23477/2025-11-15/1763181735.json"
"581514","221282","2025-11-15","36.00","NZD","1763181735","23477/2025-11-15/1763181735.json"
"512557","146154","2025-11-15","45.00","NZD","1763181735","23477/2025-11-15/1763181735.json"
"365170","146153","2025-11-15","48.00","NZD","1763181735","23477/2025-11-15/1763181735.json"
"510807","146155","2025-11-15","52.00","NZD","1763181735","23477/2025-11-15/1763181735.json"
"581513","221281","2025-11-16","36.00","NZD","1763181735","23477/2025-11-16/1763181735.json"
"581514","221282","2025-11-16","36.00","NZD","1763181735","23477/2025-11-16/1763181735.json"
"512557","146154","2025-11-16","45.00","NZD","1763181735","23477/2025-11-16/1763181735.json"
"365170","146153","2025-11-16","48.00","NZD","1763181735","23477/2025-11-16/1763181735.json"
"510807","146155","2025-11-16","52.00","NZD","1763181735","23477/2025-11-16/1763181735.json"
"581513","221281","2025-11-18","36.00","NZD","1763181735","23477/2025-11-18/1763181735.json"
"581514","221282","2025-11-18","36.00","NZD","1763181735","23477/2025-11-18/1763181735.json"
"512557","146154","2025-11-18","45.00","NZD","1763181735","23477/2025-11-18/1763181735.json"
"365170","146153","2025-11-18","48.00","NZD","1763181735","23477/2025-11-18/1763181735.json"
"510807","146155","2025-11-18","52.00","NZD","1763181735","23477/2025-11-18/1763181735.json"
"581513","221281","2025-11-19","36.00","NZD","1763181735","23477/2025-11-19/1763181735.json"
"581514","221282","2025-11-19","36.00","NZD","1763181735","23477/2025-11-19/1763181735.json"
"512557","146154","2025-11-19","45.00","NZD","1763181735","23477/2025-11-19/1763181735.json"
"365170","146153","2025-11-19","48.00","NZD","1763181735","23477/2025-11-19/1763181735.json"
"510807","146155","2025-11-19","52.00","NZD","1763181735","23477/2025-11-19/1763181735.json"
"581513","221281","2025-11-20","36.00","NZD","1763181735","23477/2025-11-20/1763181735.json"
"581514","221282","2025-11-20","36.00","NZD","1763181735","23477/2025-11-20/1763181735.json"
"512557","146154","2025-11-20","45.00","NZD","1763181735","23477/2025-11-20/1763181735.json"
"365170","146153","2025-11-20","48.00","NZD","1763181735","23477/2025-11-20/1763181735.json"
"510807","146155","2025-11-20","52.00","NZD","1763181735","23477/2025-11-20/1763181735.json"
"581513","221281","2025-11-21","36.00","NZD","1763181735","23477/2025-11-21/1763181735.json"
"581514","221282","2025-11-21","36.00","NZD","1763181735","23477/2025-11-21/1763181735.json"
"512557","146154","2025-11-21","45.00","NZD","1763181735","23477/2025-11-21/1763181735.json"
"365170","146153","2025-11-21","48.00","NZD","1763181735","23477/2025-11-21/1763181735.json"
"510807","146155","2025-11-21","52.00","NZD","1763181735","23477/2025-11-21/1763181735.json"
"581513","221281","2025-11-22","36.00","NZD","1763181735","23477/2025-11-22/1763181735.json"
"581514","221282","2025-11-22","36.00","NZD","1763181735","23477/2025-11-22/1763181735.json"
"512557","146154","2025-11-22","45.00","NZD","1763181735","23477/2025-11-22/1763181735.json"
"365170","146153","2025-11-22","48.00","NZD","1763181735","23477/2025-11-22/1763181735.json"
"510807","146155","2025-11-22","52.00","NZD","1763181735","23477/2025-11-22/1763181735.json"
"581513","221281","2025-11-25","36.00","NZD","1763181735","23477/2025-11-25/1763181735.json"
"581514","221282","2025-11-25","36.00","NZD","1763181735","23477/2025-11-25/1763181735.json"
"512557","146154","2025-11-25","45.00","NZD","1763181735","23477/2025-11-25/1763181735.json"
"365170","146153","2025-11-25","48.00","NZD","1763181735","23477/2025-11-25/1763181735.json"
"510807","146155","2025-11-25","52.00","NZD","1763181735","23477/2025-11-25/1763181735.json"
"581513","221281","2025-11-23","36.00","NZD","1763181735","23477/2025-11-23/1763181735.json"
"581514","221282","2025-11-23","36.00","NZD","1763181735","23477/2025-11-23/1763181735.json"
"512557","146154","2025-11-23","45.00","NZD","1763181735","23477/2025-11-23/1763181735.json"
"365170","146153","2025-11-23","48.00","NZD","1763181735","23477/2025-11-23/1763181735.json"
"510807","146155","2025-11-23","52.00","NZD","1763181735","23477/2025-11-23/1763181735.json"
"581513","221281","2025-11-24","36.00","NZD","1763181735","23477/2025-11-24/1763181735.json"
"581514","221282","2025-11-24","36.00","NZD","1763181735","23477/2025-11-24/1763181735.json"
"512557","146154","2025-11-24","45.00","NZD","1763181735","23477/2025-11-24/1763181735.json"
"365170","146153","2025-11-24","48.00","NZD","1763181735","23477/2025-11-24/1763181735.json"
"510807","146155","2025-11-24","52.00","NZD","1763181735","23477/2025-11-24/1763181735.json"
"581513","221281","2025-11-26","36.00","NZD","1763181735","23477/2025-11-26/1763181735.json"
"581514","221282","2025-11-26","36.00","NZD","1763181735","23477/2025-11-26/1763181735.json"
"512557","146154","2025-11-26","45.00","NZD","1763181735","23477/2025-11-26/1763181735.json"
"365170","146153","2025-11-26","48.00","NZD","1763181735","23477/2025-11-26/1763181735.json"
"510807","146155","2025-11-26","52.00","NZD","1763181735","23477/2025-11-26/1763181735.json"
"581513","221281","2025-11-29","36.00","NZD","1763181735","23477/2025-11-29/1763181735.json"
"581514","221282","2025-11-29","36.00","NZD","1763181735","23477/2025-11-29/1763181735.json"
"512557","146154","2025-11-29","45.00","NZD","1763181735","23477/2025-11-29/1763181735.json"
"365170","146153","2025-11-29","48.00","NZD","1763181735","23477/2025-11-29/1763181735.json"
"510807","146155","2025-11-29","52.00","NZD","1763181735","23477/2025-11-29/1763181735.json"
"581513","221281","2025-11-28","36.00","NZD","1763181735","23477/2025-11-28/1763181735.json"
"581514","221282","2025-11-28","36.00","NZD","1763181735","23477/2025-11-28/1763181735.json"
"512557","146154","2025-11-28","45.00","NZD","1763181735","23477/2025-11-28/1763181735.json"
"365170","146153","2025-11-28","48.00","NZD","1763181735","23477/2025-11-28/1763181735.json"
"510807","146155","2025-11-28","52.00","NZD","1763181735","23477/2025-11-28/1763181735.json"
"581513","221281","2025-11-30","36.00","NZD","1763181735","23477/2025-11-30/1763181735.json"
"581514","221282","2025-11-30","36.00","NZD","1763181735","23477/2025-11-30/1763181735.json"
"512557","146154","2025-11-30","45.00","NZD","1763181735","23477/2025-11-30/1763181735.json"
"365170","146153","2025-11-30","48.00","NZD","1763181735","23477/2025-11-30/1763181735.json"
"510807","146155","2025-11-30","52.00","NZD","1763181735","23477/2025-11-30/1763181735.json"
"581513","221281","2025-11-27","36.00","NZD","1763181735","23477/2025-11-27/1763181735.json"
"581514","221282","2025-11-27","36.00","NZD","1763181735","23477/2025-11-27/1763181735.json"
"512557","146154","2025-11-27","45.00","NZD","1763181735","23477/2025-11-27/1763181735.json"
"365170","146153","2025-11-27","48.00","NZD","1763181735","23477/2025-11-27/1763181735.json"
"510807","146155","2025-11-27","52.00","NZD","1763181735","23477/2025-11-27/1763181735.json"
"581513","221281","2025-12-02","36.00","NZD","1763181735","23477/2025-12-02/1763181735.json"
"581514","221282","2025-12-02","36.00","NZD","1763181735","23477/2025-12-02/1763181735.json"
"512557","146154","2025-12-02","45.00","NZD","1763181735","23477/2025-12-02/1763181735.json"
"365170","146153","2025-12-02","48.00","NZD","1763181735","23477/2025-12-02/1763181735.json"
"510807","146155","2025-12-02","52.00","NZD","1763181735","23477/2025-12-02/1763181735.json"
"581513","221281","2025-12-03","36.00","NZD","1763181735","23477/2025-12-03/1763181735.json"
"581514","221282","2025-12-03","36.00","NZD","1763181735","23477/2025-12-03/1763181735.json"
"512557","146154","2025-12-03","45.00","NZD","1763181735","23477/2025-12-03/1763181735.json"
"365170","146153","2025-12-03","48.00","NZD","1763181735","23477/2025-12-03/1763181735.json"
"510807","146155","2025-12-03","52.00","NZD","1763181735","23477/2025-12-03/1763181735.json"
"581513","221281","2025-12-01","36.00","NZD","1763181735","23477/2025-12-01/1763181735.json"
"581514","221282","2025-12-01","36.00","NZD","1763181735","23477/2025-12-01/1763181735.json"
"512557","146154","2025-12-01","45.00","NZD","1763181735","23477/2025-12-01/1763181735.json"
"365170","146153","2025-12-01","48.00","NZD","1763181735","23477/2025-12-01/1763181735.json"
"510807","146155","2025-12-01","52.00","NZD","1763181735","23477/2025-12-01/1763181735.json"
"581513","221281","2025-12-04","36.00","NZD","1763181735","23477/2025-12-04/1763181735.json"
"581514","221282","2025-12-04","36.00","NZD","1763181735","23477/2025-12-04/1763181735.json"
"512557","146154","2025-12-04","45.00","NZD","1763181735","23477/2025-12-04/1763181735.json"
"365170","146153","2025-12-04","48.00","NZD","1763181735","23477/2025-12-04/1763181735.json"
"510807","146155","2025-12-04","52.00","NZD","1763181735","23477/2025-12-04/1763181735.json"
"581513","221281","2025-12-07","36.00","NZD","1763181735","23477/2025-12-07/1763181735.json"
"581514","221282","2025-12-07","36.00","NZD","1763181735","23477/2025-12-07/1763181735.json"
"512557","146154","2025-12-07","45.00","NZD","1763181735","23477/2025-12-07/1763181735.json"
"365170","146153","2025-12-07","48.00","NZD","1763181735","23477/2025-12-07/1763181735.json"
"510807","146155","2025-12-07","52.00","NZD","1763181735","23477/2025-12-07/1763181735.json"
"581513","221281","2025-12-05","36.00","NZD","1763181735","23477/2025-12-05/1763181735.json"
"581514","221282","2025-12-05","36.00","NZD","1763181735","23477/2025-12-05/1763181735.json"
"512557","146154","2025-12-05","45.00","NZD","1763181735","23477/2025-12-05/1763181735.json"
"365170","146153","2025-12-05","48.00","NZD","1763181735","23477/2025-12-05/1763181735.json"
"510807","146155","2025-12-05","52.00","NZD","1763181735","23477/2025-12-05/1763181735.json"
"581513","221281","2025-12-06","36.00","NZD","1763181735","23477/2025-12-06/1763181735.json"
"581514","221282","2025-12-06","36.00","NZD","1763181735","23477/2025-12-06/1763181735.json"
"512557","146154","2025-12-06","45.00","NZD","1763181735","23477/2025-12-06/1763181735.json"
"365170","146153","2025-12-06","48.00","NZD","1763181735","23477/2025-12-06/1763181735.json"
"510807","146155","2025-12-06","52.00","NZD","1763181735","23477/2025-12-06/1763181735.json"
"581513","221281","2025-12-11","36.00","NZD","1763181735","23477/2025-12-11/1763181735.json"
"581514","221282","2025-12-11","36.00","NZD","1763181735","23477/2025-12-11/1763181735.json"
"512557","146154","2025-12-11","45.00","NZD","1763181735","23477/2025-12-11/1763181735.json"
"365170","146153","2025-12-11","48.00","NZD","1763181735","23477/2025-12-11/1763181735.json"
"510807","146155","2025-12-11","52.00","NZD","1763181735","23477/2025-12-11/1763181735.json"
"581513","221281","2025-12-08","36.00","NZD","1763181735","23477/2025-12-08/1763181735.json"
"581514","221282","2025-12-08","36.00","NZD","1763181735","23477/2025-12-08/1763181735.json"
"512557","146154","2025-12-08","45.00","NZD","1763181735","23477/2025-12-08/1763181735.json"
"365170","146153","2025-12-08","48.00","NZD","1763181735","23477/2025-12-08/1763181735.json"
"510807","146155","2025-12-08","52.00","NZD","1763181735","23477/2025-12-08/1763181735.json"
"581513","221281","2025-12-09","36.00","NZD","1763181735","23477/2025-12-09/1763181735.json"
"581514","221282","2025-12-09","36.00","NZD","1763181735","23477/2025-12-09/1763181735.json"
"512557","146154","2025-12-09","45.00","NZD","1763181735","23477/2025-12-09/1763181735.json"
"365170","146153","2025-12-09","48.00","NZD","1763181735","23477/2025-12-09/1763181735.json"
"510807","146155","2025-12-09","52.00","NZD","1763181735","23477/2025-12-09/1763181735.json"
"581513","221281","2025-12-10","36.00","NZD","1763181735","23477/2025-12-10/1763181735.json"
"581514","221282","2025-12-10","36.00","NZD","1763181735","23477/2025-12-10/1763181735.json"
"512557","146154","2025-12-10","45.00","NZD","1763181735","23477/2025-12-10/1763181735.json"
"365170","146153","2025-12-10","48.00","NZD","1763181735","23477/2025-12-10/1763181735.json"
"510807","146155","2025-12-10","52.00","NZD","1763181735","23477/2025-12-10/1763181735.json"
"581513","221281","2025-12-15","36.00","NZD","1763181735","23477/2025-12-15/1763181735.json"
"581514","221282","2025-12-15","36.00","NZD","1763181735","23477/2025-12-15/1763181735.json"
"512557","146154","2025-12-15","45.00","NZD","1763181735","23477/2025-12-15/1763181735.json"
"365170","146153","2025-12-15","48.00","NZD","1763181735","23477/2025-12-15/1763181735.json"
"510807","146155","2025-12-15","52.00","NZD","1763181735","23477/2025-12-15/1763181735.json"
"581513","221281","2025-12-12","36.00","NZD","1763181735","23477/2025-12-12/1763181735.json"
"581514","221282","2025-12-12","36.00","NZD","1763181735","23477/2025-12-12/1763181735.json"
"512557","146154","2025-12-12","45.00","NZD","1763181735","23477/2025-12-12/1763181735.json"
"365170","146153","2025-12-12","48.00","NZD","1763181735","23477/2025-12-12/1763181735.json"
"510807","146155","2025-12-12","52.00","NZD","1763181735","23477/2025-12-12/1763181735.json"
"581513","221281","2025-12-13","36.00","NZD","1763181735","23477/2025-12-13/1763181735.json"
"581514","221282","2025-12-13","36.00","NZD","1763181735","23477/2025-12-13/1763181735.json"
"512557","146154","2025-12-13","45.00","NZD","1763181735","23477/2025-12-13/1763181735.json"
"365170","146153","2025-12-13","48.00","NZD","1763181735","23477/2025-12-13/1763181735.json"
"510807","146155","2025-12-13","52.00","NZD","1763181735","23477/2025-12-13/1763181735.json"
"581513","221281","2025-12-14","36.00","NZD","1763181735","23477/2025-12-14/1763181735.json"
"581514","221282","2025-12-14","36.00","NZD","1763181735","23477/2025-12-14/1763181735.json"
"512557","146154","2025-12-14","45.00","NZD","1763181735","23477/2025-12-14/1763181735.json"
"365170","146153","2025-12-14","48.00","NZD","1763181735","23477/2025-12-14/1763181735.json"
"510807","146155","2025-12-14","52.00","NZD","1763181735","23477/2025-12-14/1763181735.json"
"581513","221281","2025-12-17","36.00","NZD","1763181735","23477/2025-12-17/1763181735.json"
"581514","221282","2025-12-17","36.00","NZD","1763181735","23477/2025-12-17/1763181735.json"
"512557","146154","2025-12-17","45.00","NZD","1763181735","23477/2025-12-17/1763181735.json"
"581513","221281","2025-12-18","36.00","NZD","1763181735","23477/2025-12-18/1763181735.json"
"365170","146153","2025-12-17","48.00","NZD","1763181735","23477/2025-12-17/1763181735.json"
"510807","146155","2025-12-17","52.00","NZD","1763181735","23477/2025-12-17/1763181735.json"
"581514","221282","2025-12-18","36.00","NZD","1763181735","23477/2025-12-18/1763181735.json"
"512557","146154","2025-12-18","45.00","NZD","1763181735","23477/2025-12-18/1763181735.json"
"365170","146153","2025-12-18","48.00","NZD","1763181735","23477/2025-12-18/1763181735.json"
"510807","146155","2025-12-18","52.00","NZD","1763181735","23477/2025-12-18/1763181735.json"
"581513","221281","2025-12-16","36.00","NZD","1763181735","23477/2025-12-16/1763181735.json"
"581514","221282","2025-12-16","36.00","NZD","1763181735","23477/2025-12-16/1763181735.json"
"512557","146154","2025-12-16","45.00","NZD","1763181735","23477/2025-12-16/1763181735.json"
"365170","146153","2025-12-16","48.00","NZD","1763181735","23477/2025-12-16/1763181735.json"
"510807","146155","2025-12-16","52.00","NZD","1763181735","23477/2025-12-16/1763181735.json"
"581513","221281","2025-12-19","36.00","NZD","1763181735","23477/2025-12-19/1763181735.json"
"581514","221282","2025-12-19","36.00","NZD","1763181735","23477/2025-12-19/1763181735.json"
"512557","146154","2025-12-19","45.00","NZD","1763181735","23477/2025-12-19/1763181735.json"
"365170","146153","2025-12-19","48.00","NZD","1763181735","23477/2025-12-19/1763181735.json"
"510807","146155","2025-12-19","52.00","NZD","1763181735","23477/2025-12-19/1763181735.json"
"581513","221281","2025-12-21","36.00","NZD","1763181735","23477/2025-12-21/1763181735.json"
"581514","221282","2025-12-21","36.00","NZD","1763181735","23477/2025-12-21/1763181735.json"
"512557","146154","2025-12-21","45.00","NZD","1763181735","23477/2025-12-21/1763181735.json"
"365170","146153","2025-12-21","48.00","NZD","1763181735","23477/2025-12-21/1763181735.json"
"510807","146155","2025-12-21","52.00","NZD","1763181735","23477/2025-12-21/1763181735.json"
"581513","221281","2025-12-20","36.00","NZD","1763181735","23477/2025-12-20/1763181735.json"
"581514","221282","2025-12-20","36.00","NZD","1763181735","23477/2025-12-20/1763181735.json"
"512557","146154","2025-12-20","45.00","NZD","1763181735","23477/2025-12-20/1763181735.json"
"365170","146153","2025-12-20","48.00","NZD","1763181735","23477/2025-12-20/1763181735.json"
"510807","146155","2025-12-20","52.00","NZD","1763181735","23477/2025-12-20/1763181735.json"
"581513","221281","2025-12-22","36.00","NZD","1763181735","23477/2025-12-22/1763181735.json"
"581514","221282","2025-12-22","36.00","NZD","1763181735","23477/2025-12-22/1763181735.json"
"512557","146154","2025-12-22","45.00","NZD","1763181735","23477/2025-12-22/1763181735.json"
"365170","146153","2025-12-22","48.00","NZD","1763181735","23477/2025-12-22/1763181735.json"
"510807","146155","2025-12-22","52.00","NZD","1763181735","23477/2025-12-22/1763181735.json"
"581513","221281","2025-12-23","38.00","NZD","1763181735","23477/2025-12-23/1763181735.json"
"581514","221282","2025-12-23","38.00","NZD","1763181735","23477/2025-12-23/1763181735.json"
"512557","146154","2025-12-23","45.00","NZD","1763181735","23477/2025-12-23/1763181735.json"
"365170","146153","2025-12-23","48.00","NZD","1763181735","23477/2025-12-23/1763181735.json"
"510807","146155","2025-12-23","52.00","NZD","1763181735","23477/2025-12-23/1763181735.json"
"581513","221281","2025-12-25","38.00","NZD","1763181735","23477/2025-12-25/1763181735.json"
"581514","221282","2025-12-25","38.00","NZD","1763181735","23477/2025-12-25/1763181735.json"
"512557","146154","2025-12-25","45.00","NZD","1763181735","23477/2025-12-25/1763181735.json"
"365170","146153","2025-12-25","48.00","NZD","1763181735","23477/2025-12-25/1763181735.json"
"510807","146155","2025-12-25","52.00","NZD","1763181735","23477/2025-12-25/1763181735.json"
"581513","221281","2025-12-24","38.00","NZD","1763181735","23477/2025-12-24/1763181735.json"
"581514","221282","2025-12-24","38.00","NZD","1763181735","23477/2025-12-24/1763181735.json"
"512557","146154","2025-12-24","45.00","NZD","1763181735","23477/2025-12-24/1763181735.json"
"365170","146153","2025-12-24","48.00","NZD","1763181735","23477/2025-12-24/1763181735.json"
"510807","146155","2025-12-24","52.00","NZD","1763181735","23477/2025-12-24/1763181735.json"
"581513","221281","2025-12-26","42.00","NZD","1763181735","23477/2025-12-26/1763181735.json"
"581514","221282","2025-12-26","42.00","NZD","1763181735","23477/2025-12-26/1763181735.json"
"512557","146154","2025-12-26","45.00","NZD","1763181735","23477/2025-12-26/1763181735.json"
"365170","146153","2025-12-26","48.00","NZD","1763181735","23477/2025-12-26/1763181735.json"
"510807","146155","2025-12-26","52.00","NZD","1763181735","23477/2025-12-26/1763181735.json"
"581513","221281","2025-12-27","42.00","NZD","1763181735","23477/2025-12-27/1763181735.json"
"581514","221282","2025-12-27","42.00","NZD","1763181735","23477/2025-12-27/1763181735.json"
"512557","146154","2025-12-27","45.00","NZD","1763181735","23477/2025-12-27/1763181735.json"
"365170","146153","2025-12-27","48.00","NZD","1763181735","23477/2025-12-27/1763181735.json"
"510807","146155","2025-12-27","52.00","NZD","1763181735","23477/2025-12-27/1763181735.json"
"581513","221281","2025-12-28","42.00","NZD","1763181735","23477/2025-12-28/1763181735.json"
"581514","221282","2025-12-28","42.00","NZD","1763181735","23477/2025-12-28/1763181735.json"
"512557","146154","2025-12-28","45.00","NZD","1763181735","23477/2025-12-28/1763181735.json"
"365170","146153","2025-12-28","48.00","NZD","1763181735","23477/2025-12-28/1763181735.json"
"510807","146155","2025-12-28","52.00","NZD","1763181735","23477/2025-12-28/1763181735.json"
"581513","221281","2025-12-29","42.00","NZD","1763181735","23477/2025-12-29/1763181735.json"
"581514","221282","2025-12-29","42.00","NZD","1763181735","23477/2025-12-29/1763181735.json"
"512557","146154","2025-12-29","45.00","NZD","1763181735","23477/2025-12-29/1763181735.json"
"365170","146153","2025-12-29","48.00","NZD","1763181735","23477/2025-12-29/1763181735.json"
"510807","146155","2025-12-29","52.00","NZD","1763181735","23477/2025-12-29/1763181735.json"
"581513","221281","2025-12-30","42.00","NZD","1763181735","23477/2025-12-30/1763181735.json"
"581514","221282","2025-12-30","42.00","NZD","1763181735","23477/2025-12-30/1763181735.json"
"512557","146154","2025-12-30","45.00","NZD","1763181735","23477/2025-12-30/1763181735.json"
"365170","146153","2025-12-30","48.00","NZD","1763181735","23477/2025-12-30/1763181735.json"
"510807","146155","2025-12-30","52.00","NZD","1763181735","23477/2025-12-30/1763181735.json"
"581513","221281","2025-12-31","42.00","NZD","1763181735","23477/2025-12-31/1763181735.json"
"581514","221282","2025-12-31","42.00","NZD","1763181735","23477/2025-12-31/1763181735.json"
"512557","146154","2025-12-31","45.00","NZD","1763181735","23477/2025-12-31/1763181735.json"
"365170","146153","2025-12-31","48.00","NZD","1763181735","23477/2025-12-31/1763181735.json"
"510807","146155","2025-12-31","52.00","NZD","1763181735","23477/2025-12-31/1763181735.json"
"581513","221281","2026-01-03","42.00","NZD","1763181735","23477/2026-01-03/1763181735.json"
"581514","221282","2026-01-03","42.00","NZD","1763181735","23477/2026-01-03/1763181735.json"
"512557","146154","2026-01-03","45.00","NZD","1763181735","23477/2026-01-03/1763181735.json"
"365170","146153","2026-01-03","48.00","NZD","1763181735","23477/2026-01-03/1763181735.json"
"510807","146155","2026-01-03","52.00","NZD","1763181735","23477/2026-01-03/1763181735.json"
"581513","221281","2026-01-02","42.00","NZD","1763181735","23477/2026-01-02/1763181735.json"
"581514","221282","2026-01-02","42.00","NZD","1763181735","23477/2026-01-02/1763181735.json"
"512557","146154","2026-01-02","45.00","NZD","1763181735","23477/2026-01-02/1763181735.json"
"365170","146153","2026-01-02","48.00","NZD","1763181735","23477/2026-01-02/1763181735.json"
"510807","146155","2026-01-02","52.00","NZD","1763181735","23477/2026-01-02/1763181735.json"
"581513","221281","2026-01-01","42.00","NZD","1763181735","23477/2026-01-01/1763181735.json"
"581514","221282","2026-01-01","42.00","NZD","1763181735","23477/2026-01-01/1763181735.json"
"512557","146154","2026-01-01","45.00","NZD","1763181735","23477/2026-01-01/1763181735.json"
"365170","146153","2026-01-01","48.00","NZD","1763181735","23477/2026-01-01/1763181735.json"
"510807","146155","2026-01-01","52.00","NZD","1763181735","23477/2026-01-01/1763181735.json"
"581513","221281","2026-01-04","42.00","NZD","1763181735","23477/2026-01-04/1763181735.json"
"581514","221282","2026-01-04","42.00","NZD","1763181735","23477/2026-01-04/1763181735.json"
"512557","146154","2026-01-04","45.00","NZD","1763181735","23477/2026-01-04/1763181735.json"
"365170","146153","2026-01-04","48.00","NZD","1763181735","23477/2026-01-04/1763181735.json"
"510807","146155","2026-01-04","52.00","NZD","1763181735","23477/2026-01-04/1763181735.json"
"581513","221281","2026-01-06","36.00","NZD","1763181735","23477/2026-01-06/1763181735.json"
"581514","221282","2026-01-06","36.00","NZD","1763181735","23477/2026-01-06/1763181735.json"
"512557","146154","2026-01-06","45.00","NZD","1763181735","23477/2026-01-06/1763181735.json"
"365170","146153","2026-01-06","48.00","NZD","1763181735","23477/2026-01-06/1763181735.json"
"510807","146155","2026-01-06","52.00","NZD","1763181735","23477/2026-01-06/1763181735.json"
"581513","221281","2026-01-05","36.00","NZD","1763181735","23477/2026-01-05/1763181735.json"
"581514","221282","2026-01-05","36.00","NZD","1763181735","23477/2026-01-05/1763181735.json"
"512557","146154","2026-01-05","45.00","NZD","1763181735","23477/2026-01-05/1763181735.json"
"365170","146153","2026-01-05","48.00","NZD","1763181735","23477/2026-01-05/1763181735.json"
"510807","146155","2026-01-05","52.00","NZD","1763181735","23477/2026-01-05/1763181735.json"
"581513","221281","2026-01-07","36.00","NZD","1763181735","23477/2026-01-07/1763181735.json"
"581514","221282","2026-01-07","36.00","NZD","1763181735","23477/2026-01-07/1763181735.json"
"512557","146154","2026-01-07","45.00","NZD","1763181735","23477/2026-01-07/1763181735.json"
"365170","146153","2026-01-07","48.00","NZD","1763181735","23477/2026-01-07/1763181735.json"
"510807","146155","2026-01-07","52.00","NZD","1763181735","23477/2026-01-07/1763181735.json"
"581513","221281","2026-01-08","36.00","NZD","1763181735","23477/2026-01-08/1763181735.json"
"581514","221282","2026-01-08","36.00","NZD","1763181735","23477/2026-01-08/1763181735.json"
"512557","146154","2026-01-08","45.00","NZD","1763181735","23477/2026-01-08/1763181735.json"
"365170","146153","2026-01-08","48.00","NZD","1763181735","23477/2026-01-08/1763181735.json"
"510807","146155","2026-01-08","52.00","NZD","1763181735","23477/2026-01-08/1763181735.json"
"581513","221281","2026-01-09","36.00","NZD","1763181735","23477/2026-01-09/1763181735.json"
"581514","221282","2026-01-09","36.00","NZD","1763181735","23477/2026-01-09/1763181735.json"
"512557","146154","2026-01-09","45.00","NZD","1763181735","23477/2026-01-09/1763181735.json"
"365170","146153","2026-01-09","48.00","NZD","1763181735","23477/2026-01-09/1763181735.json"
"510807","146155","2026-01-09","52.00","NZD","1763181735","23477/2026-01-09/1763181735.json"
"581513","221281","2026-01-10","36.00","NZD","1763181735","23477/2026-01-10/1763181735.json"
"581514","221282","2026-01-10","36.00","NZD","1763181735","23477/2026-01-10/1763181735.json"
"512557","146154","2026-01-10","45.00","NZD","1763181735","23477/2026-01-10/1763181735.json"
"365170","146153","2026-01-10","48.00","NZD","1763181735","23477/2026-01-10/1763181735.json"
"510807","146155","2026-01-10","52.00","NZD","1763181735","23477/2026-01-10/1763181735.json"
"581513","221281","2026-01-11","36.00","NZD","1763181735","23477/2026-01-11/1763181735.json"
"581514","221282","2026-01-11","36.00","NZD","1763181735","23477/2026-01-11/1763181735.json"
"512557","146154","2026-01-11","45.00","NZD","1763181735","23477/2026-01-11/1763181735.json"
"365170","146153","2026-01-11","48.00","NZD","1763181735","23477/2026-01-11/1763181735.json"
"510807","146155","2026-01-11","52.00","NZD","1763181735","23477/2026-01-11/1763181735.json"
"581513","221281","2026-01-12","36.00","NZD","1763181735","23477/2026-01-12/1763181735.json"
"581514","221282","2026-01-12","36.00","NZD","1763181735","23477/2026-01-12/1763181735.json"
"512557","146154","2026-01-12","45.00","NZD","1763181735","23477/2026-01-12/1763181735.json"
"365170","146153","2026-01-12","48.00","NZD","1763181735","23477/2026-01-12/1763181735.json"
"510807","146155","2026-01-12","52.00","NZD","1763181735","23477/2026-01-12/1763181735.json"
"581513","221281","2026-01-13","36.00","NZD","1763181735","23477/2026-01-13/1763181735.json"
"581514","221282","2026-01-13","36.00","NZD","1763181735","23477/2026-01-13/1763181735.json"
"512557","146154","2026-01-13","45.00","NZD","1763181735","23477/2026-01-13/1763181735.json"
"365170","146153","2026-01-13","48.00","NZD","1763181735","23477/2026-01-13/1763181735.json"
"510807","146155","2026-01-13","52.00","NZD","1763181735","23477/2026-01-13/1763181735.json"
"581513","221281","2026-01-14","36.00","NZD","1763181735","23477/2026-01-14/1763181735.json"
"581514","221282","2026-01-14","36.00","NZD","1763181735","23477/2026-01-14/1763181735.json"
"512557","146154","2026-01-14","45.00","NZD","1763181735","23477/2026-01-14/1763181735.json"
"365170","146153","2026-01-14","48.00","NZD","1763181735","23477/2026-01-14/1763181735.json"
"510807","146155","2026-01-14","52.00","NZD","1763181735","23477/2026-01-14/1763181735.json"
"581513","221281","2025-11-15","36.00","NZD","1763196253","23477/2025-11-15/1763196253.json"
"581514","221282","2025-11-15","36.00","NZD","1763196253","23477/2025-11-15/1763196253.json"
"512557","146154","2025-11-15","45.00","NZD","1763196253","23477/2025-11-15/1763196253.json"
"365170","146153","2025-11-15","48.00","NZD","1763196253","23477/2025-11-15/1763196253.json"
"510807","146155","2025-11-15","52.00","NZD","1763196253","23477/2025-11-15/1763196253.json"
"581513","221281","2025-11-17","36.00","NZD","1763196253","23477/2025-11-17/1763196253.json"
"581514","221282","2025-11-17","36.00","NZD","1763196253","23477/2025-11-17/1763196253.json"
"512557","146154","2025-11-17","45.00","NZD","1763196253","23477/2025-11-17/1763196253.json"
"365170","146153","2025-11-17","48.00","NZD","1763196253","23477/2025-11-17/1763196253.json"
"510807","146155","2025-11-17","52.00","NZD","1763196253","23477/2025-11-17/1763196253.json"
"581513","221281","2025-11-16","36.00","NZD","1763196253","23477/2025-11-16/1763196253.json"
"581514","221282","2025-11-16","36.00","NZD","1763196253","23477/2025-11-16/1763196253.json"
"512557","146154","2025-11-16","45.00","NZD","1763196253","23477/2025-11-16/1763196253.json"
"365170","146153","2025-11-16","48.00","NZD","1763196253","23477/2025-11-16/1763196253.json"
"510807","146155","2025-11-16","52.00","NZD","1763196253","23477/2025-11-16/1763196253.json"
"581513","221281","2025-11-18","36.00","NZD","1763196253","23477/2025-11-18/1763196253.json"
"581514","221282","2025-11-18","36.00","NZD","1763196253","23477/2025-11-18/1763196253.json"
"512557","146154","2025-11-18","45.00","NZD","1763196253","23477/2025-11-18/1763196253.json"
"365170","146153","2025-11-18","48.00","NZD","1763196253","23477/2025-11-18/1763196253.json"
"510807","146155","2025-11-18","52.00","NZD","1763196253","23477/2025-11-18/1763196253.json"
"581513","221281","2025-11-20","36.00","NZD","1763196253","23477/2025-11-20/1763196253.json"
"581514","221282","2025-11-20","36.00","NZD","1763196253","23477/2025-11-20/1763196253.json"
"512557","146154","2025-11-20","45.00","NZD","1763196253","23477/2025-11-20/1763196253.json"
"365170","146153","2025-11-20","48.00","NZD","1763196253","23477/2025-11-20/1763196253.json"
"510807","146155","2025-11-20","52.00","NZD","1763196253","23477/2025-11-20/1763196253.json"
"581513","221281","2025-11-19","36.00","NZD","1763196253","23477/2025-11-19/1763196253.json"
"581514","221282","2025-11-19","36.00","NZD","1763196253","23477/2025-11-19/1763196253.json"
"512557","146154","2025-11-19","45.00","NZD","1763196253","23477/2025-11-19/1763196253.json"
"365170","146153","2025-11-19","48.00","NZD","1763196253","23477/2025-11-19/1763196253.json"
"510807","146155","2025-11-19","52.00","NZD","1763196253","23477/2025-11-19/1763196253.json"
"581513","221281","2025-11-22","36.00","NZD","1763196253","23477/2025-11-22/1763196253.json"
"581514","221282","2025-11-22","36.00","NZD","1763196253","23477/2025-11-22/1763196253.json"
"512557","146154","2025-11-22","45.00","NZD","1763196253","23477/2025-11-22/1763196253.json"
"365170","146153","2025-11-22","48.00","NZD","1763196253","23477/2025-11-22/1763196253.json"
"510807","146155","2025-11-22","52.00","NZD","1763196253","23477/2025-11-22/1763196253.json"
"581513","221281","2025-11-21","36.00","NZD","1763196253","23477/2025-11-21/1763196253.json"
"581514","221282","2025-11-21","36.00","NZD","1763196253","23477/2025-11-21/1763196253.json"
"512557","146154","2025-11-21","45.00","NZD","1763196253","23477/2025-11-21/1763196253.json"
"365170","146153","2025-11-21","48.00","NZD","1763196253","23477/2025-11-21/1763196253.json"
"510807","146155","2025-11-21","52.00","NZD","1763196253","23477/2025-11-21/1763196253.json"
"581513","221281","2025-11-24","36.00","NZD","1763196253","23477/2025-11-24/1763196253.json"
"581514","221282","2025-11-24","36.00","NZD","1763196253","23477/2025-11-24/1763196253.json"
"512557","146154","2025-11-24","45.00","NZD","1763196253","23477/2025-11-24/1763196253.json"
"365170","146153","2025-11-24","48.00","NZD","1763196253","23477/2025-11-24/1763196253.json"
"510807","146155","2025-11-24","52.00","NZD","1763196253","23477/2025-11-24/1763196253.json"
"581513","221281","2025-11-23","36.00","NZD","1763196253","23477/2025-11-23/1763196253.json"
"581514","221282","2025-11-23","36.00","NZD","1763196253","23477/2025-11-23/1763196253.json"
"512557","146154","2025-11-23","45.00","NZD","1763196253","23477/2025-11-23/1763196253.json"
"365170","146153","2025-11-23","48.00","NZD","1763196253","23477/2025-11-23/1763196253.json"
"510807","146155","2025-11-23","52.00","NZD","1763196253","23477/2025-11-23/1763196253.json"
"581513","221281","2025-11-25","36.00","NZD","1763196253","23477/2025-11-25/1763196253.json"
"581514","221282","2025-11-25","36.00","NZD","1763196253","23477/2025-11-25/1763196253.json"
"512557","146154","2025-11-25","45.00","NZD","1763196253","23477/2025-11-25/1763196253.json"
"365170","146153","2025-11-25","48.00","NZD","1763196253","23477/2025-11-25/1763196253.json"
"510807","146155","2025-11-25","52.00","NZD","1763196253","23477/2025-11-25/1763196253.json"
"581513","221281","2025-11-26","36.00","NZD","1763196253","23477/2025-11-26/1763196253.json"
"581514","221282","2025-11-26","36.00","NZD","1763196253","23477/2025-11-26/1763196253.json"
"512557","146154","2025-11-26","45.00","NZD","1763196253","23477/2025-11-26/1763196253.json"
"365170","146153","2025-11-26","48.00","NZD","1763196253","23477/2025-11-26/1763196253.json"
"510807","146155","2025-11-26","52.00","NZD","1763196253","23477/2025-11-26/1763196253.json"
"581513","221281","2025-11-27","36.00","NZD","1763196253","23477/2025-11-27/1763196253.json"
"581514","221282","2025-11-27","36.00","NZD","1763196253","23477/2025-11-27/1763196253.json"
"512557","146154","2025-11-27","45.00","NZD","1763196253","23477/2025-11-27/1763196253.json"
"365170","146153","2025-11-27","48.00","NZD","1763196253","23477/2025-11-27/1763196253.json"
"510807","146155","2025-11-27","52.00","NZD","1763196253","23477/2025-11-27/1763196253.json"
"581513","221281","2025-11-28","36.00","NZD","1763196253","23477/2025-11-28/1763196253.json"
"581514","221282","2025-11-28","36.00","NZD","1763196253","23477/2025-11-28/1763196253.json"
"512557","146154","2025-11-28","45.00","NZD","1763196253","23477/2025-11-28/1763196253.json"
"365170","146153","2025-11-28","48.00","NZD","1763196253","23477/2025-11-28/1763196253.json"
"510807","146155","2025-11-28","52.00","NZD","1763196253","23477/2025-11-28/1763196253.json"
"581513","221281","2025-11-29","36.00","NZD","1763196253","23477/2025-11-29/1763196253.json"
"581514","221282","2025-11-29","36.00","NZD","1763196253","23477/2025-11-29/1763196253.json"
"512557","146154","2025-11-29","45.00","NZD","1763196253","23477/2025-11-29/1763196253.json"
"365170","146153","2025-11-29","48.00","NZD","1763196253","23477/2025-11-29/1763196253.json"
"510807","146155","2025-11-29","52.00","NZD","1763196253","23477/2025-11-29/1763196253.json"
"581513","221281","2025-11-30","36.00","NZD","1763196253","23477/2025-11-30/1763196253.json"
"581514","221282","2025-11-30","36.00","NZD","1763196253","23477/2025-11-30/1763196253.json"
"512557","146154","2025-11-30","45.00","NZD","1763196253","23477/2025-11-30/1763196253.json"
"365170","146153","2025-11-30","48.00","NZD","1763196253","23477/2025-11-30/1763196253.json"
"510807","146155","2025-11-30","52.00","NZD","1763196253","23477/2025-11-30/1763196253.json"
"581513","221281","2025-12-02","36.00","NZD","1763196253","23477/2025-12-02/1763196253.json"
"581514","221282","2025-12-02","36.00","NZD","1763196253","23477/2025-12-02/1763196253.json"
"512557","146154","2025-12-02","45.00","NZD","1763196253","23477/2025-12-02/1763196253.json"
"365170","146153","2025-12-02","48.00","NZD","1763196253","23477/2025-12-02/1763196253.json"
"510807","146155","2025-12-02","52.00","NZD","1763196253","23477/2025-12-02/1763196253.json"
"581513","221281","2025-12-01","36.00","NZD","1763196253","23477/2025-12-01/1763196253.json"
"581514","221282","2025-12-01","36.00","NZD","1763196253","23477/2025-12-01/1763196253.json"
"512557","146154","2025-12-01","45.00","NZD","1763196253","23477/2025-12-01/1763196253.json"
"365170","146153","2025-12-01","48.00","NZD","1763196253","23477/2025-12-01/1763196253.json"
"510807","146155","2025-12-01","52.00","NZD","1763196253","23477/2025-12-01/1763196253.json"
"581513","221281","2025-12-03","36.00","NZD","1763196253","23477/2025-12-03/1763196253.json"
"581514","221282","2025-12-03","36.00","NZD","1763196253","23477/2025-12-03/1763196253.json"
"512557","146154","2025-12-03","45.00","NZD","1763196253","23477/2025-12-03/1763196253.json"
"365170","146153","2025-12-03","48.00","NZD","1763196253","23477/2025-12-03/1763196253.json"
"510807","146155","2025-12-03","52.00","NZD","1763196253","23477/2025-12-03/1763196253.json"
"581513","221281","2025-12-04","36.00","NZD","1763196253","23477/2025-12-04/1763196253.json"
"581514","221282","2025-12-04","36.00","NZD","1763196253","23477/2025-12-04/1763196253.json"
"512557","146154","2025-12-04","45.00","NZD","1763196253","23477/2025-12-04/1763196253.json"
"365170","146153","2025-12-04","48.00","NZD","1763196253","23477/2025-12-04/1763196253.json"
"510807","146155","2025-12-04","52.00","NZD","1763196253","23477/2025-12-04/1763196253.json"
"581513","221281","2025-12-06","36.00","NZD","1763196253","23477/2025-12-06/1763196253.json"
"581514","221282","2025-12-06","36.00","NZD","1763196253","23477/2025-12-06/1763196253.json"
"512557","146154","2025-12-06","45.00","NZD","1763196253","23477/2025-12-06/1763196253.json"
"365170","146153","2025-12-06","48.00","NZD","1763196253","23477/2025-12-06/1763196253.json"
"510807","146155","2025-12-06","52.00","NZD","1763196253","23477/2025-12-06/1763196253.json"
"581513","221281","2025-12-05","36.00","NZD","1763196253","23477/2025-12-05/1763196253.json"
"581514","221282","2025-12-05","36.00","NZD","1763196253","23477/2025-12-05/1763196253.json"
"512557","146154","2025-12-05","45.00","NZD","1763196253","23477/2025-12-05/1763196253.json"
"365170","146153","2025-12-05","48.00","NZD","1763196253","23477/2025-12-05/1763196253.json"
"510807","146155","2025-12-05","52.00","NZD","1763196253","23477/2025-12-05/1763196253.json"
"581513","221281","2025-12-07","36.00","NZD","1763196253","23477/2025-12-07/1763196253.json"
"581514","221282","2025-12-07","36.00","NZD","1763196253","23477/2025-12-07/1763196253.json"
"512557","146154","2025-12-07","45.00","NZD","1763196253","23477/2025-12-07/1763196253.json"
"365170","146153","2025-12-07","48.00","NZD","1763196253","23477/2025-12-07/1763196253.json"
"510807","146155","2025-12-07","52.00","NZD","1763196253","23477/2025-12-07/1763196253.json"
"581513","221281","2025-12-09","36.00","NZD","1763196253","23477/2025-12-09/1763196253.json"
"581514","221282","2025-12-09","36.00","NZD","1763196253","23477/2025-12-09/1763196253.json"
"512557","146154","2025-12-09","45.00","NZD","1763196253","23477/2025-12-09/1763196253.json"
"365170","146153","2025-12-09","48.00","NZD","1763196253","23477/2025-12-09/1763196253.json"
"510807","146155","2025-12-09","52.00","NZD","1763196253","23477/2025-12-09/1763196253.json"
"581513","221281","2025-12-10","36.00","NZD","1763196253","23477/2025-12-10/1763196253.json"
"581514","221282","2025-12-10","36.00","NZD","1763196253","23477/2025-12-10/1763196253.json"
"512557","146154","2025-12-10","45.00","NZD","1763196253","23477/2025-12-10/1763196253.json"
"365170","146153","2025-12-10","48.00","NZD","1763196253","23477/2025-12-10/1763196253.json"
"510807","146155","2025-12-10","52.00","NZD","1763196253","23477/2025-12-10/1763196253.json"
"581513","221281","2025-12-11","36.00","NZD","1763196253","23477/2025-12-11/1763196253.json"
"581514","221282","2025-12-11","36.00","NZD","1763196253","23477/2025-12-11/1763196253.json"
"512557","146154","2025-12-11","45.00","NZD","1763196253","23477/2025-12-11/1763196253.json"
"365170","146153","2025-12-11","48.00","NZD","1763196253","23477/2025-12-11/1763196253.json"
"510807","146155","2025-12-11","52.00","NZD","1763196253","23477/2025-12-11/1763196253.json"
"581513","221281","2025-12-08","36.00","NZD","1763196253","23477/2025-12-08/1763196253.json"
"581514","221282","2025-12-08","36.00","NZD","1763196253","23477/2025-12-08/1763196253.json"
"512557","146154","2025-12-08","45.00","NZD","1763196253","23477/2025-12-08/1763196253.json"
"365170","146153","2025-12-08","48.00","NZD","1763196253","23477/2025-12-08/1763196253.json"
"510807","146155","2025-12-08","52.00","NZD","1763196253","23477/2025-12-08/1763196253.json"
"581513","221281","2025-12-12","36.00","NZD","1763196253","23477/2025-12-12/1763196253.json"
"581514","221282","2025-12-12","36.00","NZD","1763196253","23477/2025-12-12/1763196253.json"
"512557","146154","2025-12-12","45.00","NZD","1763196253","23477/2025-12-12/1763196253.json"
"365170","146153","2025-12-12","48.00","NZD","1763196253","23477/2025-12-12/1763196253.json"
"510807","146155","2025-12-12","52.00","NZD","1763196253","23477/2025-12-12/1763196253.json"
"581513","221281","2025-12-13","36.00","NZD","1763196253","23477/2025-12-13/1763196253.json"
"581514","221282","2025-12-13","36.00","NZD","1763196253","23477/2025-12-13/1763196253.json"
"512557","146154","2025-12-13","45.00","NZD","1763196253","23477/2025-12-13/1763196253.json"
"365170","146153","2025-12-13","48.00","NZD","1763196253","23477/2025-12-13/1763196253.json"
"510807","146155","2025-12-13","52.00","NZD","1763196253","23477/2025-12-13/1763196253.json"
"581513","221281","2025-12-14","36.00","NZD","1763196253","23477/2025-12-14/1763196253.json"
"581514","221282","2025-12-14","36.00","NZD","1763196253","23477/2025-12-14/1763196253.json"
"512557","146154","2025-12-14","45.00","NZD","1763196253","23477/2025-12-14/1763196253.json"
"365170","146153","2025-12-14","48.00","NZD","1763196253","23477/2025-12-14/1763196253.json"
"510807","146155","2025-12-14","52.00","NZD","1763196253","23477/2025-12-14/1763196253.json"
"581513","221281","2025-12-15","36.00","NZD","1763196253","23477/2025-12-15/1763196253.json"
"581514","221282","2025-12-15","36.00","NZD","1763196253","23477/2025-12-15/1763196253.json"
"512557","146154","2025-12-15","45.00","NZD","1763196253","23477/2025-12-15/1763196253.json"
"365170","146153","2025-12-15","48.00","NZD","1763196253","23477/2025-12-15/1763196253.json"
"510807","146155","2025-12-15","52.00","NZD","1763196253","23477/2025-12-15/1763196253.json"
"581513","221281","2025-12-16","36.00","NZD","1763196253","23477/2025-12-16/1763196253.json"
"581514","221282","2025-12-16","36.00","NZD","1763196253","23477/2025-12-16/1763196253.json"
"512557","146154","2025-12-16","45.00","NZD","1763196253","23477/2025-12-16/1763196253.json"
"365170","146153","2025-12-16","48.00","NZD","1763196253","23477/2025-12-16/1763196253.json"
"510807","146155","2025-12-16","52.00","NZD","1763196253","23477/2025-12-16/1763196253.json"
"581513","221281","2025-12-17","36.00","NZD","1763196253","23477/2025-12-17/1763196253.json"
"581514","221282","2025-12-17","36.00","NZD","1763196253","23477/2025-12-17/1763196253.json"
"512557","146154","2025-12-17","45.00","NZD","1763196253","23477/2025-12-17/1763196253.json"
"365170","146153","2025-12-17","48.00","NZD","1763196253","23477/2025-12-17/1763196253.json"
"510807","146155","2025-12-17","52.00","NZD","1763196253","23477/2025-12-17/1763196253.json"
"581513","221281","2025-12-18","36.00","NZD","1763196253","23477/2025-12-18/1763196253.json"
"581514","221282","2025-12-18","36.00","NZD","1763196253","23477/2025-12-18/1763196253.json"
"512557","146154","2025-12-18","45.00","NZD","1763196253","23477/2025-12-18/1763196253.json"
"365170","146153","2025-12-18","48.00","NZD","1763196253","23477/2025-12-18/1763196253.json"
"510807","146155","2025-12-18","52.00","NZD","1763196253","23477/2025-12-18/1763196253.json"
"581513","221281","2025-12-19","36.00","NZD","1763196253","23477/2025-12-19/1763196253.json"
"581514","221282","2025-12-19","36.00","NZD","1763196253","23477/2025-12-19/1763196253.json"
"512557","146154","2025-12-19","45.00","NZD","1763196253","23477/2025-12-19/1763196253.json"
"365170","146153","2025-12-19","48.00","NZD","1763196253","23477/2025-12-19/1763196253.json"
"510807","146155","2025-12-19","52.00","NZD","1763196253","23477/2025-12-19/1763196253.json"
"581513","221281","2025-12-20","36.00","NZD","1763196253","23477/2025-12-20/1763196253.json"
"581514","221282","2025-12-20","36.00","NZD","1763196253","23477/2025-12-20/1763196253.json"
"512557","146154","2025-12-20","45.00","NZD","1763196253","23477/2025-12-20/1763196253.json"
"365170","146153","2025-12-20","48.00","NZD","1763196253","23477/2025-12-20/1763196253.json"
"510807","146155","2025-12-20","52.00","NZD","1763196253","23477/2025-12-20/1763196253.json"
"581513","221281","2025-12-21","36.00","NZD","1763196253","23477/2025-12-21/1763196253.json"
"581514","221282","2025-12-21","36.00","NZD","1763196253","23477/2025-12-21/1763196253.json"
"512557","146154","2025-12-21","45.00","NZD","1763196253","23477/2025-12-21/1763196253.json"
"365170","146153","2025-12-21","48.00","NZD","1763196253","23477/2025-12-21/1763196253.json"
"510807","146155","2025-12-21","52.00","NZD","1763196253","23477/2025-12-21/1763196253.json"
"581513","221281","2025-12-22","36.00","NZD","1763196253","23477/2025-12-22/1763196253.json"
"581514","221282","2025-12-22","36.00","NZD","1763196253","23477/2025-12-22/1763196253.json"
"512557","146154","2025-12-22","45.00","NZD","1763196253","23477/2025-12-22/1763196253.json"
"365170","146153","2025-12-22","48.00","NZD","1763196253","23477/2025-12-22/1763196253.json"
"510807","146155","2025-12-22","52.00","NZD","1763196253","23477/2025-12-22/1763196253.json"
"581513","221281","2025-12-23","38.00","NZD","1763196253","23477/2025-12-23/1763196253.json"
"581514","221282","2025-12-23","38.00","NZD","1763196253","23477/2025-12-23/1763196253.json"
"512557","146154","2025-12-23","45.00","NZD","1763196253","23477/2025-12-23/1763196253.json"
"365170","146153","2025-12-23","48.00","NZD","1763196253","23477/2025-12-23/1763196253.json"
"510807","146155","2025-12-23","52.00","NZD","1763196253","23477/2025-12-23/1763196253.json"
"581513","221281","2025-12-24","38.00","NZD","1763196253","23477/2025-12-24/1763196253.json"
"581514","221282","2025-12-24","38.00","NZD","1763196253","23477/2025-12-24/1763196253.json"
"512557","146154","2025-12-24","45.00","NZD","1763196253","23477/2025-12-24/1763196253.json"
"365170","146153","2025-12-24","48.00","NZD","1763196253","23477/2025-12-24/1763196253.json"
"510807","146155","2025-12-24","52.00","NZD","1763196253","23477/2025-12-24/1763196253.json"
"581513","221281","2025-12-25","38.00","NZD","1763196253","23477/2025-12-25/1763196253.json"
"581514","221282","2025-12-25","38.00","NZD","1763196253","23477/2025-12-25/1763196253.json"
"512557","146154","2025-12-25","45.00","NZD","1763196253","23477/2025-12-25/1763196253.json"
"365170","146153","2025-12-25","48.00","NZD","1763196253","23477/2025-12-25/1763196253.json"
"510807","146155","2025-12-25","52.00","NZD","1763196253","23477/2025-12-25/1763196253.json"
"581513","221281","2025-12-26","42.00","NZD","1763196253","23477/2025-12-26/1763196253.json"
"581514","221282","2025-12-26","42.00","NZD","1763196253","23477/2025-12-26/1763196253.json"
"512557","146154","2025-12-26","45.00","NZD","1763196253","23477/2025-12-26/1763196253.json"
"365170","146153","2025-12-26","48.00","NZD","1763196253","23477/2025-12-26/1763196253.json"
"510807","146155","2025-12-26","52.00","NZD","1763196253","23477/2025-12-26/1763196253.json"
"581513","221281","2025-12-27","42.00","NZD","1763196253","23477/2025-12-27/1763196253.json"
"581514","221282","2025-12-27","42.00","NZD","1763196253","23477/2025-12-27/1763196253.json"
"512557","146154","2025-12-27","45.00","NZD","1763196253","23477/2025-12-27/1763196253.json"
"365170","146153","2025-12-27","48.00","NZD","1763196253","23477/2025-12-27/1763196253.json"
"510807","146155","2025-12-27","52.00","NZD","1763196253","23477/2025-12-27/1763196253.json"
"581513","221281","2025-12-29","42.00","NZD","1763196253","23477/2025-12-29/1763196253.json"
"581514","221282","2025-12-29","42.00","NZD","1763196253","23477/2025-12-29/1763196253.json"
"512557","146154","2025-12-29","45.00","NZD","1763196253","23477/2025-12-29/1763196253.json"
"365170","146153","2025-12-29","48.00","NZD","1763196253","23477/2025-12-29/1763196253.json"
"510807","146155","2025-12-29","52.00","NZD","1763196253","23477/2025-12-29/1763196253.json"
"581513","221281","2025-12-28","42.00","NZD","1763196253","23477/2025-12-28/1763196253.json"
"581514","221282","2025-12-28","42.00","NZD","1763196253","23477/2025-12-28/1763196253.json"
"512557","146154","2025-12-28","45.00","NZD","1763196253","23477/2025-12-28/1763196253.json"
"365170","146153","2025-12-28","48.00","NZD","1763196253","23477/2025-12-28/1763196253.json"
"510807","146155","2025-12-28","52.00","NZD","1763196253","23477/2025-12-28/1763196253.json"
"581513","221281","2025-12-30","42.00","NZD","1763196253","23477/2025-12-30/1763196253.json"
"581514","221282","2025-12-30","42.00","NZD","1763196253","23477/2025-12-30/1763196253.json"
"512557","146154","2025-12-30","45.00","NZD","1763196253","23477/2025-12-30/1763196253.json"
"365170","146153","2025-12-30","48.00","NZD","1763196253","23477/2025-12-30/1763196253.json"
"510807","146155","2025-12-30","52.00","NZD","1763196253","23477/2025-12-30/1763196253.json"
"581513","221281","2025-12-31","42.00","NZD","1763196253","23477/2025-12-31/1763196253.json"
"581514","221282","2025-12-31","42.00","NZD","1763196253","23477/2025-12-31/1763196253.json"
"512557","146154","2025-12-31","45.00","NZD","1763196253","23477/2025-12-31/1763196253.json"
"365170","146153","2025-12-31","48.00","NZD","1763196253","23477/2025-12-31/1763196253.json"
"510807","146155","2025-12-31","52.00","NZD","1763196253","23477/2025-12-31/1763196253.json"
"581513","221281","2026-01-01","42.00","NZD","1763196253","23477/2026-01-01/1763196253.json"
"581514","221282","2026-01-01","42.00","NZD","1763196253","23477/2026-01-01/1763196253.json"
"512557","146154","2026-01-01","45.00","NZD","1763196253","23477/2026-01-01/1763196253.json"
"365170","146153","2026-01-01","48.00","NZD","1763196253","23477/2026-01-01/1763196253.json"
"510807","146155","2026-01-01","52.00","NZD","1763196253","23477/2026-01-01/1763196253.json"
"581513","221281","2026-01-02","42.00","NZD","1763196253","23477/2026-01-02/1763196253.json"
"581514","221282","2026-01-02","42.00","NZD","1763196253","23477/2026-01-02/1763196253.json"
"512557","146154","2026-01-02","45.00","NZD","1763196253","23477/2026-01-02/1763196253.json"
"365170","146153","2026-01-02","48.00","NZD","1763196253","23477/2026-01-02/1763196253.json"
"510807","146155","2026-01-02","52.00","NZD","1763196253","23477/2026-01-02/1763196253.json"
"581513","221281","2026-01-03","42.00","NZD","1763196253","23477/2026-01-03/1763196253.json"
"581514","221282","2026-01-03","42.00","NZD","1763196253","23477/2026-01-03/1763196253.json"
"512557","146154","2026-01-03","45.00","NZD","1763196253","23477/2026-01-03/1763196253.json"
"365170","146153","2026-01-03","48.00","NZD","1763196253","23477/2026-01-03/1763196253.json"
"510807","146155","2026-01-03","52.00","NZD","1763196253","23477/2026-01-03/1763196253.json"
"581513","221281","2026-01-04","42.00","NZD","1763196253","23477/2026-01-04/1763196253.json"
"581514","221282","2026-01-04","42.00","NZD","1763196253","23477/2026-01-04/1763196253.json"
"512557","146154","2026-01-04","45.00","NZD","1763196253","23477/2026-01-04/1763196253.json"
"365170","146153","2026-01-04","48.00","NZD","1763196253","23477/2026-01-04/1763196253.json"
"510807","146155","2026-01-04","52.00","NZD","1763196253","23477/2026-01-04/1763196253.json"
"581513","221281","2026-01-06","36.00","NZD","1763196253","23477/2026-01-06/1763196253.json"
"581514","221282","2026-01-06","36.00","NZD","1763196253","23477/2026-01-06/1763196253.json"
"512557","146154","2026-01-06","45.00","NZD","1763196253","23477/2026-01-06/1763196253.json"
"365170","146153","2026-01-06","48.00","NZD","1763196253","23477/2026-01-06/1763196253.json"
"510807","146155","2026-01-06","52.00","NZD","1763196253","23477/2026-01-06/1763196253.json"
"581513","221281","2026-01-05","36.00","NZD","1763196253","23477/2026-01-05/1763196253.json"
"581514","221282","2026-01-05","36.00","NZD","1763196253","23477/2026-01-05/1763196253.json"
"512557","146154","2026-01-05","45.00","NZD","1763196253","23477/2026-01-05/1763196253.json"
"365170","146153","2026-01-05","48.00","NZD","1763196253","23477/2026-01-05/1763196253.json"
"510807","146155","2026-01-05","52.00","NZD","1763196253","23477/2026-01-05/1763196253.json"
"581513","221281","2026-01-07","36.00","NZD","1763196253","23477/2026-01-07/1763196253.json"
"581514","221282","2026-01-07","36.00","NZD","1763196253","23477/2026-01-07/1763196253.json"
"512557","146154","2026-01-07","45.00","NZD","1763196253","23477/2026-01-07/1763196253.json"
"365170","146153","2026-01-07","48.00","NZD","1763196253","23477/2026-01-07/1763196253.json"
"510807","146155","2026-01-07","52.00","NZD","1763196253","23477/2026-01-07/1763196253.json"
"581513","221281","2026-01-08","36.00","NZD","1763196253","23477/2026-01-08/1763196253.json"
"581514","221282","2026-01-08","36.00","NZD","1763196253","23477/2026-01-08/1763196253.json"
"512557","146154","2026-01-08","45.00","NZD","1763196253","23477/2026-01-08/1763196253.json"
"365170","146153","2026-01-08","48.00","NZD","1763196253","23477/2026-01-08/1763196253.json"
"510807","146155","2026-01-08","52.00","NZD","1763196253","23477/2026-01-08/1763196253.json"
"581513","221281","2026-01-09","36.00","NZD","1763196253","23477/2026-01-09/1763196253.json"
"581514","221282","2026-01-09","36.00","NZD","1763196253","23477/2026-01-09/1763196253.json"
"512557","146154","2026-01-09","45.00","NZD","1763196253","23477/2026-01-09/1763196253.json"
"365170","146153","2026-01-09","48.00","NZD","1763196253","23477/2026-01-09/1763196253.json"
"510807","146155","2026-01-09","52.00","NZD","1763196253","23477/2026-01-09/1763196253.json"
"581513","221281","2026-01-10","36.00","NZD","1763196253","23477/2026-01-10/1763196253.json"
"581514","221282","2026-01-10","36.00","NZD","1763196253","23477/2026-01-10/1763196253.json"
"512557","146154","2026-01-10","45.00","NZD","1763196253","23477/2026-01-10/1763196253.json"
"365170","146153","2026-01-10","48.00","NZD","1763196253","23477/2026-01-10/1763196253.json"
"510807","146155","2026-01-10","52.00","NZD","1763196253","23477/2026-01-10/1763196253.json"
"581513","221281","2026-01-11","36.00","NZD","1763196253","23477/2026-01-11/1763196253.json"
"581514","221282","2026-01-11","36.00","NZD","1763196253","23477/2026-01-11/1763196253.json"
"512557","146154","2026-01-11","45.00","NZD","1763196253","23477/2026-01-11/1763196253.json"
"365170","146153","2026-01-11","48.00","NZD","1763196253","23477/2026-01-11/1763196253.json"
"510807","146155","2026-01-11","52.00","NZD","1763196253","23477/2026-01-11/1763196253.json"
"581513","221281","2026-01-12","36.00","NZD","1763196253","23477/2026-01-12/1763196253.json"
"581514","221282","2026-01-12","36.00","NZD","1763196253","23477/2026-01-12/1763196253.json"
"512557","146154","2026-01-12","45.00","NZD","1763196253","23477/2026-01-12/1763196253.json"
"365170","146153","2026-01-12","48.00","NZD","1763196253","23477/2026-01-12/1763196253.json"
"510807","146155","2026-01-12","52.00","NZD","1763196253","23477/2026-01-12/1763196253.json"
"581513","221281","2026-01-14","36.00","NZD","1763196253","23477/2026-01-14/1763196253.json"
"581514","221282","2026-01-14","36.00","NZD","1763196253","23477/2026-01-14/1763196253.json"
"512557","146154","2026-01-14","45.00","NZD","1763196253","23477/2026-01-14/1763196253.json"
"365170","146153","2026-01-14","48.00","NZD","1763196253","23477/2026-01-14/1763196253.json"
"510807","146155","2026-01-14","52.00","NZD","1763196253","23477/2026-01-14/1763196253.json"
"581513","221281","2026-01-13","36.00","NZD","1763196253","23477/2026-01-13/1763196253.json"
"581514","221282","2026-01-13","36.00","NZD","1763196253","23477/2026-01-13/1763196253.json"
"512557","146154","2026-01-13","45.00","NZD","1763196253","23477/2026-01-13/1763196253.json"
"365170","146153","2026-01-13","48.00","NZD","1763196253","23477/2026-01-13/1763196253.json"
"510807","146155","2026-01-13","52.00","NZD","1763196253","23477/2026-01-13/1763196253.json"
"581513","221281","2025-11-17","36.00","NZD","1763211520","23477/2025-11-17/1763211520.json"
"581514","221282","2025-11-17","36.00","NZD","1763211520","23477/2025-11-17/1763211520.json"
"512557","146154","2025-11-17","45.00","NZD","1763211520","23477/2025-11-17/1763211520.json"
"365170","146153","2025-11-17","48.00","NZD","1763211520","23477/2025-11-17/1763211520.json"
"510807","146155","2025-11-17","52.00","NZD","1763211520","23477/2025-11-17/1763211520.json"
"581513","221281","2025-11-18","36.00","NZD","1763211520","23477/2025-11-18/1763211520.json"
"581514","221282","2025-11-18","36.00","NZD","1763211520","23477/2025-11-18/1763211520.json"
"512557","146154","2025-11-18","45.00","NZD","1763211520","23477/2025-11-18/1763211520.json"
"365170","146153","2025-11-18","48.00","NZD","1763211520","23477/2025-11-18/1763211520.json"
"510807","146155","2025-11-18","52.00","NZD","1763211520","23477/2025-11-18/1763211520.json"
"581513","221281","2025-11-16","36.00","NZD","1763211520","23477/2025-11-16/1763211520.json"
"581514","221282","2025-11-16","36.00","NZD","1763211520","23477/2025-11-16/1763211520.json"
"512557","146154","2025-11-16","45.00","NZD","1763211520","23477/2025-11-16/1763211520.json"
"365170","146153","2025-11-16","48.00","NZD","1763211520","23477/2025-11-16/1763211520.json"
"510807","146155","2025-11-16","52.00","NZD","1763211520","23477/2025-11-16/1763211520.json"
"581513","221281","2025-11-19","36.00","NZD","1763211520","23477/2025-11-19/1763211520.json"
"581514","221282","2025-11-19","36.00","NZD","1763211520","23477/2025-11-19/1763211520.json"
"512557","146154","2025-11-19","45.00","NZD","1763211520","23477/2025-11-19/1763211520.json"
"365170","146153","2025-11-19","48.00","NZD","1763211520","23477/2025-11-19/1763211520.json"
"510807","146155","2025-11-19","52.00","NZD","1763211520","23477/2025-11-19/1763211520.json"
"581513","221281","2025-11-20","36.00","NZD","1763211520","23477/2025-11-20/1763211520.json"
"581514","221282","2025-11-20","36.00","NZD","1763211520","23477/2025-11-20/1763211520.json"
"512557","146154","2025-11-20","45.00","NZD","1763211520","23477/2025-11-20/1763211520.json"
"365170","146153","2025-11-20","48.00","NZD","1763211520","23477/2025-11-20/1763211520.json"
"510807","146155","2025-11-20","52.00","NZD","1763211520","23477/2025-11-20/1763211520.json"
"581513","221281","2025-11-21","36.00","NZD","1763211520","23477/2025-11-21/1763211520.json"
"581514","221282","2025-11-21","36.00","NZD","1763211520","23477/2025-11-21/1763211520.json"
"512557","146154","2025-11-21","45.00","NZD","1763211520","23477/2025-11-21/1763211520.json"
"365170","146153","2025-11-21","48.00","NZD","1763211520","23477/2025-11-21/1763211520.json"
"510807","146155","2025-11-21","52.00","NZD","1763211520","23477/2025-11-21/1763211520.json"
"581513","221281","2025-11-23","36.00","NZD","1763211520","23477/2025-11-23/1763211520.json"
"581514","221282","2025-11-23","36.00","NZD","1763211520","23477/2025-11-23/1763211520.json"
"512557","146154","2025-11-23","45.00","NZD","1763211520","23477/2025-11-23/1763211520.json"
"365170","146153","2025-11-23","48.00","NZD","1763211520","23477/2025-11-23/1763211520.json"
"510807","146155","2025-11-23","52.00","NZD","1763211520","23477/2025-11-23/1763211520.json"
"581513","221281","2025-11-22","36.00","NZD","1763211520","23477/2025-11-22/1763211520.json"
"581514","221282","2025-11-22","36.00","NZD","1763211520","23477/2025-11-22/1763211520.json"
"512557","146154","2025-11-22","45.00","NZD","1763211520","23477/2025-11-22/1763211520.json"
"365170","146153","2025-11-22","48.00","NZD","1763211520","23477/2025-11-22/1763211520.json"
"510807","146155","2025-11-22","52.00","NZD","1763211520","23477/2025-11-22/1763211520.json"
"581513","221281","2025-11-24","36.00","NZD","1763211520","23477/2025-11-24/1763211520.json"
"581514","221282","2025-11-24","36.00","NZD","1763211520","23477/2025-11-24/1763211520.json"
"512557","146154","2025-11-24","45.00","NZD","1763211520","23477/2025-11-24/1763211520.json"
"365170","146153","2025-11-24","48.00","NZD","1763211520","23477/2025-11-24/1763211520.json"
"510807","146155","2025-11-24","52.00","NZD","1763211520","23477/2025-11-24/1763211520.json"
"581513","221281","2025-11-25","36.00","NZD","1763211520","23477/2025-11-25/1763211520.json"
"581514","221282","2025-11-25","36.00","NZD","1763211520","23477/2025-11-25/1763211520.json"
"512557","146154","2025-11-25","45.00","NZD","1763211520","23477/2025-11-25/1763211520.json"
"365170","146153","2025-11-25","48.00","NZD","1763211520","23477/2025-11-25/1763211520.json"
"510807","146155","2025-11-25","52.00","NZD","1763211520","23477/2025-11-25/1763211520.json"
"581513","221281","2025-11-26","36.00","NZD","1763211520","23477/2025-11-26/1763211520.json"
"581514","221282","2025-11-26","36.00","NZD","1763211520","23477/2025-11-26/1763211520.json"
"512557","146154","2025-11-26","45.00","NZD","1763211520","23477/2025-11-26/1763211520.json"
"365170","146153","2025-11-26","48.00","NZD","1763211520","23477/2025-11-26/1763211520.json"
"510807","146155","2025-11-26","52.00","NZD","1763211520","23477/2025-11-26/1763211520.json"
"581513","221281","2025-11-27","36.00","NZD","1763211520","23477/2025-11-27/1763211520.json"
"581514","221282","2025-11-27","36.00","NZD","1763211520","23477/2025-11-27/1763211520.json"
"512557","146154","2025-11-27","45.00","NZD","1763211520","23477/2025-11-27/1763211520.json"
"365170","146153","2025-11-27","48.00","NZD","1763211520","23477/2025-11-27/1763211520.json"
"510807","146155","2025-11-27","52.00","NZD","1763211520","23477/2025-11-27/1763211520.json"
"581513","221281","2025-11-28","36.00","NZD","1763211520","23477/2025-11-28/1763211520.json"
"581514","221282","2025-11-28","36.00","NZD","1763211520","23477/2025-11-28/1763211520.json"
"512557","146154","2025-11-28","45.00","NZD","1763211520","23477/2025-11-28/1763211520.json"
"365170","146153","2025-11-28","48.00","NZD","1763211520","23477/2025-11-28/1763211520.json"
"510807","146155","2025-11-28","52.00","NZD","1763211520","23477/2025-11-28/1763211520.json"
"581513","221281","2025-11-29","36.00","NZD","1763211520","23477/2025-11-29/1763211520.json"
"581514","221282","2025-11-29","36.00","NZD","1763211520","23477/2025-11-29/1763211520.json"
"512557","146154","2025-11-29","45.00","NZD","1763211520","23477/2025-11-29/1763211520.json"
"365170","146153","2025-11-29","48.00","NZD","1763211520","23477/2025-11-29/1763211520.json"
"510807","146155","2025-11-29","52.00","NZD","1763211520","23477/2025-11-29/1763211520.json"
"581513","221281","2025-11-30","36.00","NZD","1763211520","23477/2025-11-30/1763211520.json"
"581514","221282","2025-11-30","36.00","NZD","1763211520","23477/2025-11-30/1763211520.json"
"512557","146154","2025-11-30","45.00","NZD","1763211520","23477/2025-11-30/1763211520.json"
"365170","146153","2025-11-30","48.00","NZD","1763211520","23477/2025-11-30/1763211520.json"
"510807","146155","2025-11-30","52.00","NZD","1763211520","23477/2025-11-30/1763211520.json"
"581513","221281","2025-12-01","36.00","NZD","1763211520","23477/2025-12-01/1763211520.json"
"581514","221282","2025-12-01","36.00","NZD","1763211520","23477/2025-12-01/1763211520.json"
"512557","146154","2025-12-01","45.00","NZD","1763211520","23477/2025-12-01/1763211520.json"
"365170","146153","2025-12-01","48.00","NZD","1763211520","23477/2025-12-01/1763211520.json"
"510807","146155","2025-12-01","52.00","NZD","1763211520","23477/2025-12-01/1763211520.json"
"581513","221281","2025-12-02","36.00","NZD","1763211520","23477/2025-12-02/1763211520.json"
"581514","221282","2025-12-02","36.00","NZD","1763211520","23477/2025-12-02/1763211520.json"
"512557","146154","2025-12-02","45.00","NZD","1763211520","23477/2025-12-02/1763211520.json"
"365170","146153","2025-12-02","48.00","NZD","1763211520","23477/2025-12-02/1763211520.json"
"510807","146155","2025-12-02","52.00","NZD","1763211520","23477/2025-12-02/1763211520.json"
"581513","221281","2025-12-04","36.00","NZD","1763211520","23477/2025-12-04/1763211520.json"
"581514","221282","2025-12-04","36.00","NZD","1763211520","23477/2025-12-04/1763211520.json"
"512557","146154","2025-12-04","45.00","NZD","1763211520","23477/2025-12-04/1763211520.json"
"365170","146153","2025-12-04","48.00","NZD","1763211520","23477/2025-12-04/1763211520.json"
"510807","146155","2025-12-04","52.00","NZD","1763211520","23477/2025-12-04/1763211520.json"
"581513","221281","2025-12-05","36.00","NZD","1763211520","23477/2025-12-05/1763211520.json"
"581514","221282","2025-12-05","36.00","NZD","1763211520","23477/2025-12-05/1763211520.json"
"512557","146154","2025-12-05","45.00","NZD","1763211520","23477/2025-12-05/1763211520.json"
"365170","146153","2025-12-05","48.00","NZD","1763211520","23477/2025-12-05/1763211520.json"
"510807","146155","2025-12-05","52.00","NZD","1763211520","23477/2025-12-05/1763211520.json"
"581513","221281","2025-12-03","36.00","NZD","1763211520","23477/2025-12-03/1763211520.json"
"581514","221282","2025-12-03","36.00","NZD","1763211520","23477/2025-12-03/1763211520.json"
"512557","146154","2025-12-03","45.00","NZD","1763211520","23477/2025-12-03/1763211520.json"
"365170","146153","2025-12-03","48.00","NZD","1763211520","23477/2025-12-03/1763211520.json"
"510807","146155","2025-12-03","52.00","NZD","1763211520","23477/2025-12-03/1763211520.json"
"581513","221281","2025-12-07","36.00","NZD","1763211520","23477/2025-12-07/1763211520.json"
"581514","221282","2025-12-07","36.00","NZD","1763211520","23477/2025-12-07/1763211520.json"
"512557","146154","2025-12-07","45.00","NZD","1763211520","23477/2025-12-07/1763211520.json"
"365170","146153","2025-12-07","48.00","NZD","1763211520","23477/2025-12-07/1763211520.json"
"510807","146155","2025-12-07","52.00","NZD","1763211520","23477/2025-12-07/1763211520.json"
"581513","221281","2025-12-08","36.00","NZD","1763211520","23477/2025-12-08/1763211520.json"
"581514","221282","2025-12-08","36.00","NZD","1763211520","23477/2025-12-08/1763211520.json"
"512557","146154","2025-12-08","45.00","NZD","1763211520","23477/2025-12-08/1763211520.json"
"365170","146153","2025-12-08","48.00","NZD","1763211520","23477/2025-12-08/1763211520.json"
"510807","146155","2025-12-08","52.00","NZD","1763211520","23477/2025-12-08/1763211520.json"
"581513","221281","2025-12-09","36.00","NZD","1763211520","23477/2025-12-09/1763211520.json"
"581514","221282","2025-12-09","36.00","NZD","1763211520","23477/2025-12-09/1763211520.json"
"512557","146154","2025-12-09","45.00","NZD","1763211520","23477/2025-12-09/1763211520.json"
"365170","146153","2025-12-09","48.00","NZD","1763211520","23477/2025-12-09/1763211520.json"
"510807","146155","2025-12-09","52.00","NZD","1763211520","23477/2025-12-09/1763211520.json"
"581513","221281","2025-12-06","36.00","NZD","1763211520","23477/2025-12-06/1763211520.json"
"581514","221282","2025-12-06","36.00","NZD","1763211520","23477/2025-12-06/1763211520.json"
"512557","146154","2025-12-06","45.00","NZD","1763211520","23477/2025-12-06/1763211520.json"
"365170","146153","2025-12-06","48.00","NZD","1763211520","23477/2025-12-06/1763211520.json"
"510807","146155","2025-12-06","52.00","NZD","1763211520","23477/2025-12-06/1763211520.json"
"581513","221281","2025-12-10","36.00","NZD","1763211520","23477/2025-12-10/1763211520.json"
"581514","221282","2025-12-10","36.00","NZD","1763211520","23477/2025-12-10/1763211520.json"
"512557","146154","2025-12-10","45.00","NZD","1763211520","23477/2025-12-10/1763211520.json"
"365170","146153","2025-12-10","48.00","NZD","1763211520","23477/2025-12-10/1763211520.json"
"510807","146155","2025-12-10","52.00","NZD","1763211520","23477/2025-12-10/1763211520.json"
"581513","221281","2025-12-11","36.00","NZD","1763211520","23477/2025-12-11/1763211520.json"
"581514","221282","2025-12-11","36.00","NZD","1763211520","23477/2025-12-11/1763211520.json"
"512557","146154","2025-12-11","45.00","NZD","1763211520","23477/2025-12-11/1763211520.json"
"365170","146153","2025-12-11","48.00","NZD","1763211520","23477/2025-12-11/1763211520.json"
"510807","146155","2025-12-11","52.00","NZD","1763211520","23477/2025-12-11/1763211520.json"
"581513","221281","2025-12-13","36.00","NZD","1763211520","23477/2025-12-13/1763211520.json"
"581514","221282","2025-12-13","36.00","NZD","1763211520","23477/2025-12-13/1763211520.json"
"512557","146154","2025-12-13","45.00","NZD","1763211520","23477/2025-12-13/1763211520.json"
"365170","146153","2025-12-13","48.00","NZD","1763211520","23477/2025-12-13/1763211520.json"
"510807","146155","2025-12-13","52.00","NZD","1763211520","23477/2025-12-13/1763211520.json"
"581513","221281","2025-12-12","36.00","NZD","1763211520","23477/2025-12-12/1763211520.json"
"581514","221282","2025-12-12","36.00","NZD","1763211520","23477/2025-12-12/1763211520.json"
"512557","146154","2025-12-12","45.00","NZD","1763211520","23477/2025-12-12/1763211520.json"
"365170","146153","2025-12-12","48.00","NZD","1763211520","23477/2025-12-12/1763211520.json"
"510807","146155","2025-12-12","52.00","NZD","1763211520","23477/2025-12-12/1763211520.json"
"581513","221281","2025-12-15","36.00","NZD","1763211520","23477/2025-12-15/1763211520.json"
"581514","221282","2025-12-15","36.00","NZD","1763211520","23477/2025-12-15/1763211520.json"
"512557","146154","2025-12-15","45.00","NZD","1763211520","23477/2025-12-15/1763211520.json"
"365170","146153","2025-12-15","48.00","NZD","1763211520","23477/2025-12-15/1763211520.json"
"510807","146155","2025-12-15","52.00","NZD","1763211520","23477/2025-12-15/1763211520.json"
"581513","221281","2025-12-16","36.00","NZD","1763211520","23477/2025-12-16/1763211520.json"
"581514","221282","2025-12-16","36.00","NZD","1763211520","23477/2025-12-16/1763211520.json"
"512557","146154","2025-12-16","45.00","NZD","1763211520","23477/2025-12-16/1763211520.json"
"365170","146153","2025-12-16","48.00","NZD","1763211520","23477/2025-12-16/1763211520.json"
"510807","146155","2025-12-16","52.00","NZD","1763211520","23477/2025-12-16/1763211520.json"
"581513","221281","2025-12-17","36.00","NZD","1763211520","23477/2025-12-17/1763211520.json"
"581514","221282","2025-12-17","36.00","NZD","1763211520","23477/2025-12-17/1763211520.json"
"512557","146154","2025-12-17","45.00","NZD","1763211520","23477/2025-12-17/1763211520.json"
"365170","146153","2025-12-17","48.00","NZD","1763211520","23477/2025-12-17/1763211520.json"
"510807","146155","2025-12-17","52.00","NZD","1763211520","23477/2025-12-17/1763211520.json"
"581513","221281","2025-12-14","36.00","NZD","1763211520","23477/2025-12-14/1763211520.json"
"581514","221282","2025-12-14","36.00","NZD","1763211520","23477/2025-12-14/1763211520.json"
"512557","146154","2025-12-14","45.00","NZD","1763211520","23477/2025-12-14/1763211520.json"
"365170","146153","2025-12-14","48.00","NZD","1763211520","23477/2025-12-14/1763211520.json"
"510807","146155","2025-12-14","52.00","NZD","1763211520","23477/2025-12-14/1763211520.json"
"581513","221281","2025-12-18","36.00","NZD","1763211520","23477/2025-12-18/1763211520.json"
"581514","221282","2025-12-18","36.00","NZD","1763211520","23477/2025-12-18/1763211520.json"
"512557","146154","2025-12-18","45.00","NZD","1763211520","23477/2025-12-18/1763211520.json"
"365170","146153","2025-12-18","48.00","NZD","1763211520","23477/2025-12-18/1763211520.json"
"510807","146155","2025-12-18","52.00","NZD","1763211520","23477/2025-12-18/1763211520.json"
"581513","221281","2025-12-21","36.00","NZD","1763211520","23477/2025-12-21/1763211520.json"
"581514","221282","2025-12-21","36.00","NZD","1763211520","23477/2025-12-21/1763211520.json"
"512557","146154","2025-12-21","45.00","NZD","1763211520","23477/2025-12-21/1763211520.json"
"365170","146153","2025-12-21","48.00","NZD","1763211520","23477/2025-12-21/1763211520.json"
"510807","146155","2025-12-21","52.00","NZD","1763211520","23477/2025-12-21/1763211520.json"
"581513","221281","2025-12-22","36.00","NZD","1763211520","23477/2025-12-22/1763211520.json"
"581514","221282","2025-12-22","36.00","NZD","1763211520","23477/2025-12-22/1763211520.json"
"512557","146154","2025-12-22","45.00","NZD","1763211520","23477/2025-12-22/1763211520.json"
"365170","146153","2025-12-22","48.00","NZD","1763211520","23477/2025-12-22/1763211520.json"
"510807","146155","2025-12-22","52.00","NZD","1763211520","23477/2025-12-22/1763211520.json"
"581513","221281","2025-12-20","36.00","NZD","1763211520","23477/2025-12-20/1763211520.json"
"581514","221282","2025-12-20","36.00","NZD","1763211520","23477/2025-12-20/1763211520.json"
"512557","146154","2025-12-20","45.00","NZD","1763211520","23477/2025-12-20/1763211520.json"
"365170","146153","2025-12-20","48.00","NZD","1763211520","23477/2025-12-20/1763211520.json"
"510807","146155","2025-12-20","52.00","NZD","1763211520","23477/2025-12-20/1763211520.json"
"581513","221281","2025-12-19","36.00","NZD","1763211520","23477/2025-12-19/1763211520.json"
"581514","221282","2025-12-19","36.00","NZD","1763211520","23477/2025-12-19/1763211520.json"
"512557","146154","2025-12-19","45.00","NZD","1763211520","23477/2025-12-19/1763211520.json"
"365170","146153","2025-12-19","48.00","NZD","1763211520","23477/2025-12-19/1763211520.json"
"510807","146155","2025-12-19","52.00","NZD","1763211520","23477/2025-12-19/1763211520.json"
"581513","221281","2025-12-23","38.00","NZD","1763211520","23477/2025-12-23/1763211520.json"
"581514","221282","2025-12-23","38.00","NZD","1763211520","23477/2025-12-23/1763211520.json"
"512557","146154","2025-12-23","45.00","NZD","1763211520","23477/2025-12-23/1763211520.json"
"365170","146153","2025-12-23","48.00","NZD","1763211520","23477/2025-12-23/1763211520.json"
"510807","146155","2025-12-23","52.00","NZD","1763211520","23477/2025-12-23/1763211520.json"
"581513","221281","2025-12-24","38.00","NZD","1763211520","23477/2025-12-24/1763211520.json"
"581514","221282","2025-12-24","38.00","NZD","1763211520","23477/2025-12-24/1763211520.json"
"512557","146154","2025-12-24","45.00","NZD","1763211520","23477/2025-12-24/1763211520.json"
"365170","146153","2025-12-24","48.00","NZD","1763211520","23477/2025-12-24/1763211520.json"
"510807","146155","2025-12-24","52.00","NZD","1763211520","23477/2025-12-24/1763211520.json"
"581513","221281","2025-12-25","38.00","NZD","1763211520","23477/2025-12-25/1763211520.json"
"581514","221282","2025-12-25","38.00","NZD","1763211520","23477/2025-12-25/1763211520.json"
"512557","146154","2025-12-25","45.00","NZD","1763211520","23477/2025-12-25/1763211520.json"
"365170","146153","2025-12-25","48.00","NZD","1763211520","23477/2025-12-25/1763211520.json"
"510807","146155","2025-12-25","52.00","NZD","1763211520","23477/2025-12-25/1763211520.json"
"581513","221281","2025-12-26","42.00","NZD","1763211520","23477/2025-12-26/1763211520.json"
"581514","221282","2025-12-26","42.00","NZD","1763211520","23477/2025-12-26/1763211520.json"
"512557","146154","2025-12-26","45.00","NZD","1763211520","23477/2025-12-26/1763211520.json"
"365170","146153","2025-12-26","48.00","NZD","1763211520","23477/2025-12-26/1763211520.json"
"510807","146155","2025-12-26","52.00","NZD","1763211520","23477/2025-12-26/1763211520.json"
"581513","221281","2025-12-27","42.00","NZD","1763211520","23477/2025-12-27/1763211520.json"
"581514","221282","2025-12-27","42.00","NZD","1763211520","23477/2025-12-27/1763211520.json"
"512557","146154","2025-12-27","45.00","NZD","1763211520","23477/2025-12-27/1763211520.json"
"365170","146153","2025-12-27","48.00","NZD","1763211520","23477/2025-12-27/1763211520.json"
"510807","146155","2025-12-27","52.00","NZD","1763211520","23477/2025-12-27/1763211520.json"
"581513","221281","2025-12-29","42.00","NZD","1763211520","23477/2025-12-29/1763211520.json"
"581514","221282","2025-12-29","42.00","NZD","1763211520","23477/2025-12-29/1763211520.json"
"512557","146154","2025-12-29","45.00","NZD","1763211520","23477/2025-12-29/1763211520.json"
"365170","146153","2025-12-29","48.00","NZD","1763211520","23477/2025-12-29/1763211520.json"
"510807","146155","2025-12-29","52.00","NZD","1763211520","23477/2025-12-29/1763211520.json"
"581513","221281","2025-12-30","42.00","NZD","1763211520","23477/2025-12-30/1763211520.json"
"581514","221282","2025-12-30","42.00","NZD","1763211520","23477/2025-12-30/1763211520.json"
"512557","146154","2025-12-30","45.00","NZD","1763211520","23477/2025-12-30/1763211520.json"
"365170","146153","2025-12-30","48.00","NZD","1763211520","23477/2025-12-30/1763211520.json"
"510807","146155","2025-12-30","52.00","NZD","1763211520","23477/2025-12-30/1763211520.json"
"581513","221281","2025-12-28","42.00","NZD","1763211520","23477/2025-12-28/1763211520.json"
"581514","221282","2025-12-28","42.00","NZD","1763211520","23477/2025-12-28/1763211520.json"
"512557","146154","2025-12-28","45.00","NZD","1763211520","23477/2025-12-28/1763211520.json"
"365170","146153","2025-12-28","48.00","NZD","1763211520","23477/2025-12-28/1763211520.json"
"510807","146155","2025-12-28","52.00","NZD","1763211520","23477/2025-12-28/1763211520.json"
"581513","221281","2025-12-31","42.00","NZD","1763211520","23477/2025-12-31/1763211520.json"
"581514","221282","2025-12-31","42.00","NZD","1763211520","23477/2025-12-31/1763211520.json"
"512557","146154","2025-12-31","45.00","NZD","1763211520","23477/2025-12-31/1763211520.json"
"365170","146153","2025-12-31","48.00","NZD","1763211520","23477/2025-12-31/1763211520.json"
"510807","146155","2025-12-31","52.00","NZD","1763211520","23477/2025-12-31/1763211520.json"
"581513","221281","2026-01-01","42.00","NZD","1763211520","23477/2026-01-01/1763211520.json"
"581514","221282","2026-01-01","42.00","NZD","1763211520","23477/2026-01-01/1763211520.json"
"512557","146154","2026-01-01","45.00","NZD","1763211520","23477/2026-01-01/1763211520.json"
"365170","146153","2026-01-01","48.00","NZD","1763211520","23477/2026-01-01/1763211520.json"
"510807","146155","2026-01-01","52.00","NZD","1763211520","23477/2026-01-01/1763211520.json"
"581513","221281","2026-01-02","42.00","NZD","1763211520","23477/2026-01-02/1763211520.json"
"581514","221282","2026-01-02","42.00","NZD","1763211520","23477/2026-01-02/1763211520.json"
"512557","146154","2026-01-02","45.00","NZD","1763211520","23477/2026-01-02/1763211520.json"
"365170","146153","2026-01-02","48.00","NZD","1763211520","23477/2026-01-02/1763211520.json"
"510807","146155","2026-01-02","52.00","NZD","1763211520","23477/2026-01-02/1763211520.json"
"581513","221281","2026-01-03","42.00","NZD","1763211520","23477/2026-01-03/1763211520.json"
"581514","221282","2026-01-03","42.00","NZD","1763211520","23477/2026-01-03/1763211520.json"
"512557","146154","2026-01-03","45.00","NZD","1763211520","23477/2026-01-03/1763211520.json"
"365170","146153","2026-01-03","48.00","NZD","1763211520","23477/2026-01-03/1763211520.json"
"510807","146155","2026-01-03","52.00","NZD","1763211520","23477/2026-01-03/1763211520.json"
"581513","221281","2026-01-04","42.00","NZD","1763211520","23477/2026-01-04/1763211520.json"
"581514","221282","2026-01-04","42.00","NZD","1763211520","23477/2026-01-04/1763211520.json"
"512557","146154","2026-01-04","45.00","NZD","1763211520","23477/2026-01-04/1763211520.json"
"365170","146153","2026-01-04","48.00","NZD","1763211520","23477/2026-01-04/1763211520.json"
"510807","146155","2026-01-04","52.00","NZD","1763211520","23477/2026-01-04/1763211520.json"
"581513","221281","2026-01-05","36.00","NZD","1763211520","23477/2026-01-05/1763211520.json"
"581514","221282","2026-01-05","36.00","NZD","1763211520","23477/2026-01-05/1763211520.json"
"512557","146154","2026-01-05","45.00","NZD","1763211520","23477/2026-01-05/1763211520.json"
"365170","146153","2026-01-05","48.00","NZD","1763211520","23477/2026-01-05/1763211520.json"
"510807","146155","2026-01-05","52.00","NZD","1763211520","23477/2026-01-05/1763211520.json"
"581513","221281","2026-01-08","36.00","NZD","1763211520","23477/2026-01-08/1763211520.json"
"581514","221282","2026-01-08","36.00","NZD","1763211520","23477/2026-01-08/1763211520.json"
"512557","146154","2026-01-08","45.00","NZD","1763211520","23477/2026-01-08/1763211520.json"
"365170","146153","2026-01-08","48.00","NZD","1763211520","23477/2026-01-08/1763211520.json"
"510807","146155","2026-01-08","52.00","NZD","1763211520","23477/2026-01-08/1763211520.json"
"581513","221281","2026-01-06","36.00","NZD","1763211520","23477/2026-01-06/1763211520.json"
"581514","221282","2026-01-06","36.00","NZD","1763211520","23477/2026-01-06/1763211520.json"
"512557","146154","2026-01-06","45.00","NZD","1763211520","23477/2026-01-06/1763211520.json"
"365170","146153","2026-01-06","48.00","NZD","1763211520","23477/2026-01-06/1763211520.json"
"510807","146155","2026-01-06","52.00","NZD","1763211520","23477/2026-01-06/1763211520.json"
"581513","221281","2026-01-07","36.00","NZD","1763211520","23477/2026-01-07/1763211520.json"
"581514","221282","2026-01-07","36.00","NZD","1763211520","23477/2026-01-07/1763211520.json"
"512557","146154","2026-01-07","45.00","NZD","1763211520","23477/2026-01-07/1763211520.json"
"365170","146153","2026-01-07","48.00","NZD","1763211520","23477/2026-01-07/1763211520.json"
"510807","146155","2026-01-07","52.00","NZD","1763211520","23477/2026-01-07/1763211520.json"
"581513","221281","2026-01-09","36.00","NZD","1763211520","23477/2026-01-09/1763211520.json"
"581514","221282","2026-01-09","36.00","NZD","1763211520","23477/2026-01-09/1763211520.json"
"512557","146154","2026-01-09","45.00","NZD","1763211520","23477/2026-01-09/1763211520.json"
"365170","146153","2026-01-09","48.00","NZD","1763211520","23477/2026-01-09/1763211520.json"
"510807","146155","2026-01-09","52.00","NZD","1763211520","23477/2026-01-09/1763211520.json"
"581513","221281","2026-01-10","36.00","NZD","1763211520","23477/2026-01-10/1763211520.json"
"581514","221282","2026-01-10","36.00","NZD","1763211520","23477/2026-01-10/1763211520.json"
"512557","146154","2026-01-10","45.00","NZD","1763211520","23477/2026-01-10/1763211520.json"
"365170","146153","2026-01-10","48.00","NZD","1763211520","23477/2026-01-10/1763211520.json"
"510807","146155","2026-01-10","52.00","NZD","1763211520","23477/2026-01-10/1763211520.json"
"581513","221281","2026-01-12","36.00","NZD","1763211520","23477/2026-01-12/1763211520.json"
"581514","221282","2026-01-12","36.00","NZD","1763211520","23477/2026-01-12/1763211520.json"
"512557","146154","2026-01-12","45.00","NZD","1763211520","23477/2026-01-12/1763211520.json"
"365170","146153","2026-01-12","48.00","NZD","1763211520","23477/2026-01-12/1763211520.json"
"510807","146155","2026-01-12","52.00","NZD","1763211520","23477/2026-01-12/1763211520.json"
"581513","221281","2026-01-13","36.00","NZD","1763211520","23477/2026-01-13/1763211520.json"
"581514","221282","2026-01-13","36.00","NZD","1763211520","23477/2026-01-13/1763211520.json"
"512557","146154","2026-01-13","45.00","NZD","1763211520","23477/2026-01-13/1763211520.json"
"365170","146153","2026-01-13","48.00","NZD","1763211520","23477/2026-01-13/1763211520.json"
"510807","146155","2026-01-13","52.00","NZD","1763211520","23477/2026-01-13/1763211520.json"
"581513","221281","2026-01-14","36.00","NZD","1763211520","23477/2026-01-14/1763211520.json"
"581514","221282","2026-01-14","36.00","NZD","1763211520","23477/2026-01-14/1763211520.json"
"512557","146154","2026-01-14","45.00","NZD","1763211520","23477/2026-01-14/1763211520.json"
"365170","146153","2026-01-14","48.00","NZD","1763211520","23477/2026-01-14/1763211520.json"
"510807","146155","2026-01-14","52.00","NZD","1763211520","23477/2026-01-14/1763211520.json"
"581513","221281","2026-01-11","36.00","NZD","1763211520","23477/2026-01-11/1763211520.json"
"581514","221282","2026-01-11","36.00","NZD","1763211520","23477/2026-01-11/1763211520.json"
"512557","146154","2026-01-11","45.00","NZD","1763211520","23477/2026-01-11/1763211520.json"
"365170","146153","2026-01-11","48.00","NZD","1763211520","23477/2026-01-11/1763211520.json"
"510807","146155","2026-01-11","52.00","NZD","1763211520","23477/2026-01-11/1763211520.json"
"581513","221281","2025-11-16","36.00","NZD","1763224662","23477/2025-11-16/1763224662.json"
"581514","221282","2025-11-16","36.00","NZD","1763224662","23477/2025-11-16/1763224662.json"
"512557","146154","2025-11-16","45.00","NZD","1763224662","23477/2025-11-16/1763224662.json"
"365170","146153","2025-11-16","48.00","NZD","1763224662","23477/2025-11-16/1763224662.json"
"510807","146155","2025-11-16","52.00","NZD","1763224662","23477/2025-11-16/1763224662.json"
"581513","221281","2025-11-17","36.00","NZD","1763224662","23477/2025-11-17/1763224662.json"
"581514","221282","2025-11-17","36.00","NZD","1763224662","23477/2025-11-17/1763224662.json"
"512557","146154","2025-11-17","45.00","NZD","1763224662","23477/2025-11-17/1763224662.json"
"365170","146153","2025-11-17","48.00","NZD","1763224662","23477/2025-11-17/1763224662.json"
"510807","146155","2025-11-17","52.00","NZD","1763224662","23477/2025-11-17/1763224662.json"
"581513","221281","2025-11-18","36.00","NZD","1763224662","23477/2025-11-18/1763224662.json"
"581514","221282","2025-11-18","36.00","NZD","1763224662","23477/2025-11-18/1763224662.json"
"512557","146154","2025-11-18","45.00","NZD","1763224662","23477/2025-11-18/1763224662.json"
"365170","146153","2025-11-18","48.00","NZD","1763224662","23477/2025-11-18/1763224662.json"
"510807","146155","2025-11-18","52.00","NZD","1763224662","23477/2025-11-18/1763224662.json"
"581513","221281","2025-11-19","36.00","NZD","1763224662","23477/2025-11-19/1763224662.json"
"581514","221282","2025-11-19","36.00","NZD","1763224662","23477/2025-11-19/1763224662.json"
"512557","146154","2025-11-19","45.00","NZD","1763224662","23477/2025-11-19/1763224662.json"
"365170","146153","2025-11-19","48.00","NZD","1763224662","23477/2025-11-19/1763224662.json"
"510807","146155","2025-11-19","52.00","NZD","1763224662","23477/2025-11-19/1763224662.json"
"581513","221281","2025-11-21","36.00","NZD","1763224662","23477/2025-11-21/1763224662.json"
"581514","221282","2025-11-21","36.00","NZD","1763224662","23477/2025-11-21/1763224662.json"
"512557","146154","2025-11-21","45.00","NZD","1763224662","23477/2025-11-21/1763224662.json"
"365170","146153","2025-11-21","48.00","NZD","1763224662","23477/2025-11-21/1763224662.json"
"510807","146155","2025-11-21","52.00","NZD","1763224662","23477/2025-11-21/1763224662.json"
"581513","221281","2025-11-22","36.00","NZD","1763224662","23477/2025-11-22/1763224662.json"
"581514","221282","2025-11-22","36.00","NZD","1763224662","23477/2025-11-22/1763224662.json"
"512557","146154","2025-11-22","45.00","NZD","1763224662","23477/2025-11-22/1763224662.json"
"365170","146153","2025-11-22","48.00","NZD","1763224662","23477/2025-11-22/1763224662.json"
"510807","146155","2025-11-22","52.00","NZD","1763224662","23477/2025-11-22/1763224662.json"
"581513","221281","2025-11-20","36.00","NZD","1763224662","23477/2025-11-20/1763224662.json"
"581514","221282","2025-11-20","36.00","NZD","1763224662","23477/2025-11-20/1763224662.json"
"512557","146154","2025-11-20","45.00","NZD","1763224662","23477/2025-11-20/1763224662.json"
"365170","146153","2025-11-20","48.00","NZD","1763224662","23477/2025-11-20/1763224662.json"
"510807","146155","2025-11-20","52.00","NZD","1763224662","23477/2025-11-20/1763224662.json"
"581513","221281","2025-11-23","36.00","NZD","1763224662","23477/2025-11-23/1763224662.json"
"581514","221282","2025-11-23","36.00","NZD","1763224662","23477/2025-11-23/1763224662.json"
"512557","146154","2025-11-23","45.00","NZD","1763224662","23477/2025-11-23/1763224662.json"
"365170","146153","2025-11-23","48.00","NZD","1763224662","23477/2025-11-23/1763224662.json"
"510807","146155","2025-11-23","52.00","NZD","1763224662","23477/2025-11-23/1763224662.json"
"581513","221281","2025-11-24","36.00","NZD","1763224662","23477/2025-11-24/1763224662.json"
"581514","221282","2025-11-24","36.00","NZD","1763224662","23477/2025-11-24/1763224662.json"
"512557","146154","2025-11-24","45.00","NZD","1763224662","23477/2025-11-24/1763224662.json"
"365170","146153","2025-11-24","48.00","NZD","1763224662","23477/2025-11-24/1763224662.json"
"510807","146155","2025-11-24","52.00","NZD","1763224662","23477/2025-11-24/1763224662.json"
"581513","221281","2025-11-26","36.00","NZD","1763224662","23477/2025-11-26/1763224662.json"
"581514","221282","2025-11-26","36.00","NZD","1763224662","23477/2025-11-26/1763224662.json"
"512557","146154","2025-11-26","45.00","NZD","1763224662","23477/2025-11-26/1763224662.json"
"365170","146153","2025-11-26","48.00","NZD","1763224662","23477/2025-11-26/1763224662.json"
"510807","146155","2025-11-26","52.00","NZD","1763224662","23477/2025-11-26/1763224662.json"
"581513","221281","2025-11-25","36.00","NZD","1763224662","23477/2025-11-25/1763224662.json"
"581514","221282","2025-11-25","36.00","NZD","1763224662","23477/2025-11-25/1763224662.json"
"512557","146154","2025-11-25","45.00","NZD","1763224662","23477/2025-11-25/1763224662.json"
"365170","146153","2025-11-25","48.00","NZD","1763224662","23477/2025-11-25/1763224662.json"
"510807","146155","2025-11-25","52.00","NZD","1763224662","23477/2025-11-25/1763224662.json"
"581513","221281","2025-11-27","36.00","NZD","1763224662","23477/2025-11-27/1763224662.json"
"581514","221282","2025-11-27","36.00","NZD","1763224662","23477/2025-11-27/1763224662.json"
"512557","146154","2025-11-27","45.00","NZD","1763224662","23477/2025-11-27/1763224662.json"
"365170","146153","2025-11-27","48.00","NZD","1763224662","23477/2025-11-27/1763224662.json"
"510807","146155","2025-11-27","52.00","NZD","1763224662","23477/2025-11-27/1763224662.json"
"581513","221281","2025-11-28","36.00","NZD","1763224662","23477/2025-11-28/1763224662.json"
"581514","221282","2025-11-28","36.00","NZD","1763224662","23477/2025-11-28/1763224662.json"
"512557","146154","2025-11-28","45.00","NZD","1763224662","23477/2025-11-28/1763224662.json"
"365170","146153","2025-11-28","48.00","NZD","1763224662","23477/2025-11-28/1763224662.json"
"510807","146155","2025-11-28","52.00","NZD","1763224662","23477/2025-11-28/1763224662.json"
"581513","221281","2025-11-29","36.00","NZD","1763224662","23477/2025-11-29/1763224662.json"
"581514","221282","2025-11-29","36.00","NZD","1763224662","23477/2025-11-29/1763224662.json"
"512557","146154","2025-11-29","45.00","NZD","1763224662","23477/2025-11-29/1763224662.json"
"365170","146153","2025-11-29","48.00","NZD","1763224662","23477/2025-11-29/1763224662.json"
"581513","221281","2025-11-30","36.00","NZD","1763224662","23477/2025-11-30/1763224662.json"
"510807","146155","2025-11-29","52.00","NZD","1763224662","23477/2025-11-29/1763224662.json"
"581514","221282","2025-11-30","36.00","NZD","1763224662","23477/2025-11-30/1763224662.json"
"512557","146154","2025-11-30","45.00","NZD","1763224662","23477/2025-11-30/1763224662.json"
"365170","146153","2025-11-30","48.00","NZD","1763224662","23477/2025-11-30/1763224662.json"
"510807","146155","2025-11-30","52.00","NZD","1763224662","23477/2025-11-30/1763224662.json"
"581513","221281","2025-12-02","36.00","NZD","1763224662","23477/2025-12-02/1763224662.json"
"581514","221282","2025-12-02","36.00","NZD","1763224662","23477/2025-12-02/1763224662.json"
"512557","146154","2025-12-02","45.00","NZD","1763224662","23477/2025-12-02/1763224662.json"
"365170","146153","2025-12-02","48.00","NZD","1763224662","23477/2025-12-02/1763224662.json"
"510807","146155","2025-12-02","52.00","NZD","1763224662","23477/2025-12-02/1763224662.json"
"581513","221281","2025-12-01","36.00","NZD","1763224662","23477/2025-12-01/1763224662.json"
"581514","221282","2025-12-01","36.00","NZD","1763224662","23477/2025-12-01/1763224662.json"
"512557","146154","2025-12-01","45.00","NZD","1763224662","23477/2025-12-01/1763224662.json"
"365170","146153","2025-12-01","48.00","NZD","1763224662","23477/2025-12-01/1763224662.json"
"510807","146155","2025-12-01","52.00","NZD","1763224662","23477/2025-12-01/1763224662.json"
"581513","221281","2025-12-03","36.00","NZD","1763224662","23477/2025-12-03/1763224662.json"
"581514","221282","2025-12-03","36.00","NZD","1763224662","23477/2025-12-03/1763224662.json"
"512557","146154","2025-12-03","45.00","NZD","1763224662","23477/2025-12-03/1763224662.json"
"365170","146153","2025-12-03","48.00","NZD","1763224662","23477/2025-12-03/1763224662.json"
"510807","146155","2025-12-03","52.00","NZD","1763224662","23477/2025-12-03/1763224662.json"
"581513","221281","2025-12-04","36.00","NZD","1763224662","23477/2025-12-04/1763224662.json"
"581514","221282","2025-12-04","36.00","NZD","1763224662","23477/2025-12-04/1763224662.json"
"512557","146154","2025-12-04","45.00","NZD","1763224662","23477/2025-12-04/1763224662.json"
"365170","146153","2025-12-04","48.00","NZD","1763224662","23477/2025-12-04/1763224662.json"
"510807","146155","2025-12-04","52.00","NZD","1763224662","23477/2025-12-04/1763224662.json"
"581513","221281","2025-12-05","36.00","NZD","1763224662","23477/2025-12-05/1763224662.json"
"581514","221282","2025-12-05","36.00","NZD","1763224662","23477/2025-12-05/1763224662.json"
"512557","146154","2025-12-05","45.00","NZD","1763224662","23477/2025-12-05/1763224662.json"
"365170","146153","2025-12-05","48.00","NZD","1763224662","23477/2025-12-05/1763224662.json"
"510807","146155","2025-12-05","52.00","NZD","1763224662","23477/2025-12-05/1763224662.json"
"581513","221281","2025-12-06","36.00","NZD","1763224662","23477/2025-12-06/1763224662.json"
"581514","221282","2025-12-06","36.00","NZD","1763224662","23477/2025-12-06/1763224662.json"
"512557","146154","2025-12-06","45.00","NZD","1763224662","23477/2025-12-06/1763224662.json"
"365170","146153","2025-12-06","48.00","NZD","1763224662","23477/2025-12-06/1763224662.json"
"510807","146155","2025-12-06","52.00","NZD","1763224662","23477/2025-12-06/1763224662.json"
"581513","221281","2025-12-07","36.00","NZD","1763224662","23477/2025-12-07/1763224662.json"
"581514","221282","2025-12-07","36.00","NZD","1763224662","23477/2025-12-07/1763224662.json"
"512557","146154","2025-12-07","45.00","NZD","1763224662","23477/2025-12-07/1763224662.json"
"365170","146153","2025-12-07","48.00","NZD","1763224662","23477/2025-12-07/1763224662.json"
"510807","146155","2025-12-07","52.00","NZD","1763224662","23477/2025-12-07/1763224662.json"
"581513","221281","2025-12-08","36.00","NZD","1763224662","23477/2025-12-08/1763224662.json"
"581514","221282","2025-12-08","36.00","NZD","1763224662","23477/2025-12-08/1763224662.json"
"512557","146154","2025-12-08","45.00","NZD","1763224662","23477/2025-12-08/1763224662.json"
"365170","146153","2025-12-08","48.00","NZD","1763224662","23477/2025-12-08/1763224662.json"
"510807","146155","2025-12-08","52.00","NZD","1763224662","23477/2025-12-08/1763224662.json"
"581513","221281","2025-12-09","36.00","NZD","1763224662","23477/2025-12-09/1763224662.json"
"581514","221282","2025-12-09","36.00","NZD","1763224662","23477/2025-12-09/1763224662.json"
"512557","146154","2025-12-09","45.00","NZD","1763224662","23477/2025-12-09/1763224662.json"
"365170","146153","2025-12-09","48.00","NZD","1763224662","23477/2025-12-09/1763224662.json"
"510807","146155","2025-12-09","52.00","NZD","1763224662","23477/2025-12-09/1763224662.json"
"581513","221281","2025-12-10","36.00","NZD","1763224662","23477/2025-12-10/1763224662.json"
"581514","221282","2025-12-10","36.00","NZD","1763224662","23477/2025-12-10/1763224662.json"
"512557","146154","2025-12-10","45.00","NZD","1763224662","23477/2025-12-10/1763224662.json"
"365170","146153","2025-12-10","48.00","NZD","1763224662","23477/2025-12-10/1763224662.json"
"510807","146155","2025-12-10","52.00","NZD","1763224662","23477/2025-12-10/1763224662.json"
"581513","221281","2025-12-11","36.00","NZD","1763224662","23477/2025-12-11/1763224662.json"
"581514","221282","2025-12-11","36.00","NZD","1763224662","23477/2025-12-11/1763224662.json"
"512557","146154","2025-12-11","45.00","NZD","1763224662","23477/2025-12-11/1763224662.json"
"365170","146153","2025-12-11","48.00","NZD","1763224662","23477/2025-12-11/1763224662.json"
"510807","146155","2025-12-11","52.00","NZD","1763224662","23477/2025-12-11/1763224662.json"
"581513","221281","2025-12-12","36.00","NZD","1763224662","23477/2025-12-12/1763224662.json"
"581514","221282","2025-12-12","36.00","NZD","1763224662","23477/2025-12-12/1763224662.json"
"512557","146154","2025-12-12","45.00","NZD","1763224662","23477/2025-12-12/1763224662.json"
"365170","146153","2025-12-12","48.00","NZD","1763224662","23477/2025-12-12/1763224662.json"
"510807","146155","2025-12-12","52.00","NZD","1763224662","23477/2025-12-12/1763224662.json"
"581513","221281","2025-12-13","36.00","NZD","1763224662","23477/2025-12-13/1763224662.json"
"581514","221282","2025-12-13","36.00","NZD","1763224662","23477/2025-12-13/1763224662.json"
"512557","146154","2025-12-13","45.00","NZD","1763224662","23477/2025-12-13/1763224662.json"
"365170","146153","2025-12-13","48.00","NZD","1763224662","23477/2025-12-13/1763224662.json"
"510807","146155","2025-12-13","52.00","NZD","1763224662","23477/2025-12-13/1763224662.json"
"581513","221281","2025-12-14","36.00","NZD","1763224662","23477/2025-12-14/1763224662.json"
"581514","221282","2025-12-14","36.00","NZD","1763224662","23477/2025-12-14/1763224662.json"
"512557","146154","2025-12-14","45.00","NZD","1763224662","23477/2025-12-14/1763224662.json"
"365170","146153","2025-12-14","48.00","NZD","1763224662","23477/2025-12-14/1763224662.json"
"510807","146155","2025-12-14","52.00","NZD","1763224662","23477/2025-12-14/1763224662.json"
"581513","221281","2025-12-15","36.00","NZD","1763224662","23477/2025-12-15/1763224662.json"
"581514","221282","2025-12-15","36.00","NZD","1763224662","23477/2025-12-15/1763224662.json"
"512557","146154","2025-12-15","45.00","NZD","1763224662","23477/2025-12-15/1763224662.json"
"365170","146153","2025-12-15","48.00","NZD","1763224662","23477/2025-12-15/1763224662.json"
"510807","146155","2025-12-15","52.00","NZD","1763224662","23477/2025-12-15/1763224662.json"
"581513","221281","2025-12-16","36.00","NZD","1763224662","23477/2025-12-16/1763224662.json"
"581514","221282","2025-12-16","36.00","NZD","1763224662","23477/2025-12-16/1763224662.json"
"512557","146154","2025-12-16","45.00","NZD","1763224662","23477/2025-12-16/1763224662.json"
"365170","146153","2025-12-16","48.00","NZD","1763224662","23477/2025-12-16/1763224662.json"
"510807","146155","2025-12-16","52.00","NZD","1763224662","23477/2025-12-16/1763224662.json"
"581513","221281","2025-12-17","36.00","NZD","1763224662","23477/2025-12-17/1763224662.json"
"581514","221282","2025-12-17","36.00","NZD","1763224662","23477/2025-12-17/1763224662.json"
"512557","146154","2025-12-17","45.00","NZD","1763224662","23477/2025-12-17/1763224662.json"
"365170","146153","2025-12-17","48.00","NZD","1763224662","23477/2025-12-17/1763224662.json"
"510807","146155","2025-12-17","52.00","NZD","1763224662","23477/2025-12-17/1763224662.json"
"581513","221281","2025-12-18","36.00","NZD","1763224662","23477/2025-12-18/1763224662.json"
"581514","221282","2025-12-18","36.00","NZD","1763224662","23477/2025-12-18/1763224662.json"
"512557","146154","2025-12-18","45.00","NZD","1763224662","23477/2025-12-18/1763224662.json"
"365170","146153","2025-12-18","48.00","NZD","1763224662","23477/2025-12-18/1763224662.json"
"510807","146155","2025-12-18","52.00","NZD","1763224662","23477/2025-12-18/1763224662.json"
"581513","221281","2025-12-19","36.00","NZD","1763224662","23477/2025-12-19/1763224662.json"
"581514","221282","2025-12-19","36.00","NZD","1763224662","23477/2025-12-19/1763224662.json"
"512557","146154","2025-12-19","45.00","NZD","1763224662","23477/2025-12-19/1763224662.json"
"365170","146153","2025-12-19","48.00","NZD","1763224662","23477/2025-12-19/1763224662.json"
"510807","146155","2025-12-19","52.00","NZD","1763224662","23477/2025-12-19/1763224662.json"
"581513","221281","2025-12-21","36.00","NZD","1763224662","23477/2025-12-21/1763224662.json"
"581514","221282","2025-12-21","36.00","NZD","1763224662","23477/2025-12-21/1763224662.json"
"512557","146154","2025-12-21","45.00","NZD","1763224662","23477/2025-12-21/1763224662.json"
"365170","146153","2025-12-21","48.00","NZD","1763224662","23477/2025-12-21/1763224662.json"
"510807","146155","2025-12-21","52.00","NZD","1763224662","23477/2025-12-21/1763224662.json"
"581513","221281","2025-12-20","36.00","NZD","1763224662","23477/2025-12-20/1763224662.json"
"581514","221282","2025-12-20","36.00","NZD","1763224662","23477/2025-12-20/1763224662.json"
"512557","146154","2025-12-20","45.00","NZD","1763224662","23477/2025-12-20/1763224662.json"
"365170","146153","2025-12-20","48.00","NZD","1763224662","23477/2025-12-20/1763224662.json"
"510807","146155","2025-12-20","52.00","NZD","1763224662","23477/2025-12-20/1763224662.json"
"581513","221281","2025-12-22","36.00","NZD","1763224662","23477/2025-12-22/1763224662.json"
"581514","221282","2025-12-22","36.00","NZD","1763224662","23477/2025-12-22/1763224662.json"
"512557","146154","2025-12-22","45.00","NZD","1763224662","23477/2025-12-22/1763224662.json"
"365170","146153","2025-12-22","48.00","NZD","1763224662","23477/2025-12-22/1763224662.json"
"510807","146155","2025-12-22","52.00","NZD","1763224662","23477/2025-12-22/1763224662.json"
"581513","221281","2025-12-24","38.00","NZD","1763224662","23477/2025-12-24/1763224662.json"
"581514","221282","2025-12-24","38.00","NZD","1763224662","23477/2025-12-24/1763224662.json"
"512557","146154","2025-12-24","45.00","NZD","1763224662","23477/2025-12-24/1763224662.json"
"365170","146153","2025-12-24","48.00","NZD","1763224662","23477/2025-12-24/1763224662.json"
"510807","146155","2025-12-24","52.00","NZD","1763224662","23477/2025-12-24/1763224662.json"
"581513","221281","2025-12-26","42.00","NZD","1763224662","23477/2025-12-26/1763224662.json"
"581514","221282","2025-12-26","42.00","NZD","1763224662","23477/2025-12-26/1763224662.json"
"512557","146154","2025-12-26","45.00","NZD","1763224662","23477/2025-12-26/1763224662.json"
"365170","146153","2025-12-26","48.00","NZD","1763224662","23477/2025-12-26/1763224662.json"
"510807","146155","2025-12-26","52.00","NZD","1763224662","23477/2025-12-26/1763224662.json"
"581513","221281","2025-12-28","42.00","NZD","1763224662","23477/2025-12-28/1763224662.json"
"581514","221282","2025-12-28","42.00","NZD","1763224662","23477/2025-12-28/1763224662.json"
"512557","146154","2025-12-28","45.00","NZD","1763224662","23477/2025-12-28/1763224662.json"
"365170","146153","2025-12-28","48.00","NZD","1763224662","23477/2025-12-28/1763224662.json"
"510807","146155","2025-12-28","52.00","NZD","1763224662","23477/2025-12-28/1763224662.json"
"581513","221281","2025-12-29","42.00","NZD","1763224662","23477/2025-12-29/1763224662.json"
"581514","221282","2025-12-29","42.00","NZD","1763224662","23477/2025-12-29/1763224662.json"
"512557","146154","2025-12-29","45.00","NZD","1763224662","23477/2025-12-29/1763224662.json"
"365170","146153","2025-12-29","48.00","NZD","1763224662","23477/2025-12-29/1763224662.json"
"510807","146155","2025-12-29","52.00","NZD","1763224662","23477/2025-12-29/1763224662.json"
"581513","221281","2025-12-30","42.00","NZD","1763224662","23477/2025-12-30/1763224662.json"
"581514","221282","2025-12-30","42.00","NZD","1763224662","23477/2025-12-30/1763224662.json"
"512557","146154","2025-12-30","45.00","NZD","1763224662","23477/2025-12-30/1763224662.json"
"365170","146153","2025-12-30","48.00","NZD","1763224662","23477/2025-12-30/1763224662.json"
"510807","146155","2025-12-30","52.00","NZD","1763224662","23477/2025-12-30/1763224662.json"
"581513","221281","2025-12-23","38.00","NZD","1763224662","23477/2025-12-23/1763224662.json"
"581514","221282","2025-12-23","38.00","NZD","1763224662","23477/2025-12-23/1763224662.json"
"512557","146154","2025-12-23","45.00","NZD","1763224662","23477/2025-12-23/1763224662.json"
"365170","146153","2025-12-23","48.00","NZD","1763224662","23477/2025-12-23/1763224662.json"
"510807","146155","2025-12-23","52.00","NZD","1763224662","23477/2025-12-23/1763224662.json"
"581513","221281","2025-12-31","42.00","NZD","1763224662","23477/2025-12-31/1763224662.json"
"581514","221282","2025-12-31","42.00","NZD","1763224662","23477/2025-12-31/1763224662.json"
"512557","146154","2025-12-31","45.00","NZD","1763224662","23477/2025-12-31/1763224662.json"
"365170","146153","2025-12-31","48.00","NZD","1763224662","23477/2025-12-31/1763224662.json"
"510807","146155","2025-12-31","52.00","NZD","1763224662","23477/2025-12-31/1763224662.json"
"581513","221281","2025-12-25","38.00","NZD","1763224662","23477/2025-12-25/1763224662.json"
"581514","221282","2025-12-25","38.00","NZD","1763224662","23477/2025-12-25/1763224662.json"
"512557","146154","2025-12-25","45.00","NZD","1763224662","23477/2025-12-25/1763224662.json"
"365170","146153","2025-12-25","48.00","NZD","1763224662","23477/2025-12-25/1763224662.json"
"510807","146155","2025-12-25","52.00","NZD","1763224662","23477/2025-12-25/1763224662.json"
"581513","221281","2026-01-02","42.00","NZD","1763224662","23477/2026-01-02/1763224662.json"
"581514","221282","2026-01-02","42.00","NZD","1763224662","23477/2026-01-02/1763224662.json"
"512557","146154","2026-01-02","45.00","NZD","1763224662","23477/2026-01-02/1763224662.json"
"365170","146153","2026-01-02","48.00","NZD","1763224662","23477/2026-01-02/1763224662.json"
"510807","146155","2026-01-02","52.00","NZD","1763224662","23477/2026-01-02/1763224662.json"
"581513","221281","2026-01-01","42.00","NZD","1763224662","23477/2026-01-01/1763224662.json"
"581514","221282","2026-01-01","42.00","NZD","1763224662","23477/2026-01-01/1763224662.json"
"512557","146154","2026-01-01","45.00","NZD","1763224662","23477/2026-01-01/1763224662.json"
"365170","146153","2026-01-01","48.00","NZD","1763224662","23477/2026-01-01/1763224662.json"
"510807","146155","2026-01-01","52.00","NZD","1763224662","23477/2026-01-01/1763224662.json"
"581513","221281","2026-01-03","42.00","NZD","1763224662","23477/2026-01-03/1763224662.json"
"581514","221282","2026-01-03","42.00","NZD","1763224662","23477/2026-01-03/1763224662.json"
"512557","146154","2026-01-03","45.00","NZD","1763224662","23477/2026-01-03/1763224662.json"
"365170","146153","2026-01-03","48.00","NZD","1763224662","23477/2026-01-03/1763224662.json"
"510807","146155","2026-01-03","52.00","NZD","1763224662","23477/2026-01-03/1763224662.json"
"581513","221281","2026-01-04","42.00","NZD","1763224662","23477/2026-01-04/1763224662.json"
"581514","221282","2026-01-04","42.00","NZD","1763224662","23477/2026-01-04/1763224662.json"
"512557","146154","2026-01-04","45.00","NZD","1763224662","23477/2026-01-04/1763224662.json"
"365170","146153","2026-01-04","48.00","NZD","1763224662","23477/2026-01-04/1763224662.json"
"510807","146155","2026-01-04","52.00","NZD","1763224662","23477/2026-01-04/1763224662.json"
"581513","221281","2026-01-05","36.00","NZD","1763224662","23477/2026-01-05/1763224662.json"
"581514","221282","2026-01-05","36.00","NZD","1763224662","23477/2026-01-05/1763224662.json"
"512557","146154","2026-01-05","45.00","NZD","1763224662","23477/2026-01-05/1763224662.json"
"365170","146153","2026-01-05","48.00","NZD","1763224662","23477/2026-01-05/1763224662.json"
"510807","146155","2026-01-05","52.00","NZD","1763224662","23477/2026-01-05/1763224662.json"
"581513","221281","2026-01-06","36.00","NZD","1763224662","23477/2026-01-06/1763224662.json"
"581514","221282","2026-01-06","36.00","NZD","1763224662","23477/2026-01-06/1763224662.json"
"512557","146154","2026-01-06","45.00","NZD","1763224662","23477/2026-01-06/1763224662.json"
"365170","146153","2026-01-06","48.00","NZD","1763224662","23477/2026-01-06/1763224662.json"
"510807","146155","2026-01-06","52.00","NZD","1763224662","23477/2026-01-06/1763224662.json"
"581513","221281","2026-01-07","36.00","NZD","1763224662","23477/2026-01-07/1763224662.json"
"581514","221282","2026-01-07","36.00","NZD","1763224662","23477/2026-01-07/1763224662.json"
"512557","146154","2026-01-07","45.00","NZD","1763224662","23477/2026-01-07/1763224662.json"
"365170","146153","2026-01-07","48.00","NZD","1763224662","23477/2026-01-07/1763224662.json"
"510807","146155","2026-01-07","52.00","NZD","1763224662","23477/2026-01-07/1763224662.json"
"581513","221281","2026-01-08","36.00","NZD","1763224662","23477/2026-01-08/1763224662.json"
"581514","221282","2026-01-08","36.00","NZD","1763224662","23477/2026-01-08/1763224662.json"
"512557","146154","2026-01-08","45.00","NZD","1763224662","23477/2026-01-08/1763224662.json"
"365170","146153","2026-01-08","48.00","NZD","1763224662","23477/2026-01-08/1763224662.json"
"510807","146155","2026-01-08","52.00","NZD","1763224662","23477/2026-01-08/1763224662.json"
"581513","221281","2026-01-09","36.00","NZD","1763224662","23477/2026-01-09/1763224662.json"
"581514","221282","2026-01-09","36.00","NZD","1763224662","23477/2026-01-09/1763224662.json"
"512557","146154","2026-01-09","45.00","NZD","1763224662","23477/2026-01-09/1763224662.json"
"365170","146153","2026-01-09","48.00","NZD","1763224662","23477/2026-01-09/1763224662.json"
"510807","146155","2026-01-09","52.00","NZD","1763224662","23477/2026-01-09/1763224662.json"
"581513","221281","2026-01-10","36.00","NZD","1763224662","23477/2026-01-10/1763224662.json"
"581514","221282","2026-01-10","36.00","NZD","1763224662","23477/2026-01-10/1763224662.json"
"512557","146154","2026-01-10","45.00","NZD","1763224662","23477/2026-01-10/1763224662.json"
"365170","146153","2026-01-10","48.00","NZD","1763224662","23477/2026-01-10/1763224662.json"
"510807","146155","2026-01-10","52.00","NZD","1763224662","23477/2026-01-10/1763224662.json"
"581513","221281","2026-01-11","36.00","NZD","1763224662","23477/2026-01-11/1763224662.json"
"581514","221282","2026-01-11","36.00","NZD","1763224662","23477/2026-01-11/1763224662.json"
"512557","146154","2026-01-11","45.00","NZD","1763224662","23477/2026-01-11/1763224662.json"
"365170","146153","2026-01-11","48.00","NZD","1763224662","23477/2026-01-11/1763224662.json"
"510807","146155","2026-01-11","52.00","NZD","1763224662","23477/2026-01-11/1763224662.json"
"581513","221281","2026-01-12","36.00","NZD","1763224662","23477/2026-01-12/1763224662.json"
"581514","221282","2026-01-12","36.00","NZD","1763224662","23477/2026-01-12/1763224662.json"
"512557","146154","2026-01-12","45.00","NZD","1763224662","23477/2026-01-12/1763224662.json"
"365170","146153","2026-01-12","48.00","NZD","1763224662","23477/2026-01-12/1763224662.json"
"510807","146155","2026-01-12","52.00","NZD","1763224662","23477/2026-01-12/1763224662.json"
"581513","221281","2026-01-13","36.00","NZD","1763224662","23477/2026-01-13/1763224662.json"
"581514","221282","2026-01-13","36.00","NZD","1763224662","23477/2026-01-13/1763224662.json"
"512557","146154","2026-01-13","45.00","NZD","1763224662","23477/2026-01-13/1763224662.json"
"365170","146153","2026-01-13","48.00","NZD","1763224662","23477/2026-01-13/1763224662.json"
"510807","146155","2026-01-13","52.00","NZD","1763224662","23477/2026-01-13/1763224662.json"
"581513","221281","2026-01-14","36.00","NZD","1763224662","23477/2026-01-14/1763224662.json"
"581514","221282","2026-01-14","36.00","NZD","1763224662","23477/2026-01-14/1763224662.json"
"512557","146154","2026-01-14","45.00","NZD","1763224662","23477/2026-01-14/1763224662.json"
"365170","146153","2026-01-14","48.00","NZD","1763224662","23477/2026-01-14/1763224662.json"
"510807","146155","2026-01-14","52.00","NZD","1763224662","23477/2026-01-14/1763224662.json"
"581513","221281","2025-12-27","42.00","NZD","1763224662","23477/2025-12-27/1763224662.json"
"581514","221282","2025-12-27","42.00","NZD","1763224662","23477/2025-12-27/1763224662.json"
"512557","146154","2025-12-27","45.00","NZD","1763224662","23477/2025-12-27/1763224662.json"
"365170","146153","2025-12-27","48.00","NZD","1763224662","23477/2025-12-27/1763224662.json"
"510807","146155","2025-12-27","52.00","NZD","1763224662","23477/2025-12-27/1763224662.json"
"581513","221281","2025-11-17","36.00","NZD","1763239023","23477/2025-11-17/1763239023.json"
"581514","221282","2025-11-17","36.00","NZD","1763239023","23477/2025-11-17/1763239023.json"
"512557","146154","2025-11-17","45.00","NZD","1763239023","23477/2025-11-17/1763239023.json"
"365170","146153","2025-11-17","48.00","NZD","1763239023","23477/2025-11-17/1763239023.json"
"510807","146155","2025-11-17","52.00","NZD","1763239023","23477/2025-11-17/1763239023.json"
"581513","221281","2025-11-16","36.00","NZD","1763239023","23477/2025-11-16/1763239023.json"
"581513","221281","2025-11-18","36.00","NZD","1763239023","23477/2025-11-18/1763239023.json"
"581514","221282","2025-11-16","36.00","NZD","1763239023","23477/2025-11-16/1763239023.json"
"581514","221282","2025-11-18","36.00","NZD","1763239023","23477/2025-11-18/1763239023.json"
"512557","146154","2025-11-18","45.00","NZD","1763239023","23477/2025-11-18/1763239023.json"
"512557","146154","2025-11-16","45.00","NZD","1763239023","23477/2025-11-16/1763239023.json"
"365170","146153","2025-11-16","48.00","NZD","1763239023","23477/2025-11-16/1763239023.json"
"365170","146153","2025-11-18","48.00","NZD","1763239023","23477/2025-11-18/1763239023.json"
"510807","146155","2025-11-18","52.00","NZD","1763239023","23477/2025-11-18/1763239023.json"
"510807","146155","2025-11-16","52.00","NZD","1763239023","23477/2025-11-16/1763239023.json"
"581513","221281","2025-11-19","36.00","NZD","1763239023","23477/2025-11-19/1763239023.json"
"581514","221282","2025-11-19","36.00","NZD","1763239023","23477/2025-11-19/1763239023.json"
"512557","146154","2025-11-19","45.00","NZD","1763239023","23477/2025-11-19/1763239023.json"
"365170","146153","2025-11-19","48.00","NZD","1763239023","23477/2025-11-19/1763239023.json"
"510807","146155","2025-11-19","52.00","NZD","1763239023","23477/2025-11-19/1763239023.json"
"581513","221281","2025-11-21","36.00","NZD","1763239023","23477/2025-11-21/1763239023.json"
"581514","221282","2025-11-21","36.00","NZD","1763239023","23477/2025-11-21/1763239023.json"
"512557","146154","2025-11-21","45.00","NZD","1763239023","23477/2025-11-21/1763239023.json"
"365170","146153","2025-11-21","48.00","NZD","1763239023","23477/2025-11-21/1763239023.json"
"510807","146155","2025-11-21","52.00","NZD","1763239023","23477/2025-11-21/1763239023.json"
"581513","221281","2025-11-22","36.00","NZD","1763239023","23477/2025-11-22/1763239023.json"
"581514","221282","2025-11-22","36.00","NZD","1763239023","23477/2025-11-22/1763239023.json"
"512557","146154","2025-11-22","45.00","NZD","1763239023","23477/2025-11-22/1763239023.json"
"365170","146153","2025-11-22","48.00","NZD","1763239023","23477/2025-11-22/1763239023.json"
"510807","146155","2025-11-22","52.00","NZD","1763239023","23477/2025-11-22/1763239023.json"
"581513","221281","2025-11-20","36.00","NZD","1763239023","23477/2025-11-20/1763239023.json"
"581514","221282","2025-11-20","36.00","NZD","1763239023","23477/2025-11-20/1763239023.json"
"512557","146154","2025-11-20","45.00","NZD","1763239023","23477/2025-11-20/1763239023.json"
"365170","146153","2025-11-20","48.00","NZD","1763239023","23477/2025-11-20/1763239023.json"
"510807","146155","2025-11-20","52.00","NZD","1763239023","23477/2025-11-20/1763239023.json"
"581513","221281","2025-11-23","36.00","NZD","1763239023","23477/2025-11-23/1763239023.json"
"581514","221282","2025-11-23","36.00","NZD","1763239023","23477/2025-11-23/1763239023.json"
"512557","146154","2025-11-23","45.00","NZD","1763239023","23477/2025-11-23/1763239023.json"
"365170","146153","2025-11-23","48.00","NZD","1763239023","23477/2025-11-23/1763239023.json"
"510807","146155","2025-11-23","52.00","NZD","1763239023","23477/2025-11-23/1763239023.json"
"581513","221281","2025-11-24","36.00","NZD","1763239023","23477/2025-11-24/1763239023.json"
"581514","221282","2025-11-24","36.00","NZD","1763239023","23477/2025-11-24/1763239023.json"
"512557","146154","2025-11-24","45.00","NZD","1763239023","23477/2025-11-24/1763239023.json"
"365170","146153","2025-11-24","48.00","NZD","1763239023","23477/2025-11-24/1763239023.json"
"510807","146155","2025-11-24","52.00","NZD","1763239023","23477/2025-11-24/1763239023.json"
"581513","221281","2025-11-26","36.00","NZD","1763239023","23477/2025-11-26/1763239023.json"
"581514","221282","2025-11-26","36.00","NZD","1763239023","23477/2025-11-26/1763239023.json"
"512557","146154","2025-11-26","45.00","NZD","1763239023","23477/2025-11-26/1763239023.json"
"365170","146153","2025-11-26","48.00","NZD","1763239023","23477/2025-11-26/1763239023.json"
"510807","146155","2025-11-26","52.00","NZD","1763239023","23477/2025-11-26/1763239023.json"
"581513","221281","2025-11-25","36.00","NZD","1763239023","23477/2025-11-25/1763239023.json"
"581514","221282","2025-11-25","36.00","NZD","1763239023","23477/2025-11-25/1763239023.json"
"512557","146154","2025-11-25","45.00","NZD","1763239023","23477/2025-11-25/1763239023.json"
"365170","146153","2025-11-25","48.00","NZD","1763239023","23477/2025-11-25/1763239023.json"
"510807","146155","2025-11-25","52.00","NZD","1763239023","23477/2025-11-25/1763239023.json"
"581513","221281","2025-11-27","36.00","NZD","1763239023","23477/2025-11-27/1763239023.json"
"581514","221282","2025-11-27","36.00","NZD","1763239023","23477/2025-11-27/1763239023.json"
"512557","146154","2025-11-27","45.00","NZD","1763239023","23477/2025-11-27/1763239023.json"
"365170","146153","2025-11-27","48.00","NZD","1763239023","23477/2025-11-27/1763239023.json"
"510807","146155","2025-11-27","52.00","NZD","1763239023","23477/2025-11-27/1763239023.json"
"581513","221281","2025-11-28","36.00","NZD","1763239023","23477/2025-11-28/1763239023.json"
"581514","221282","2025-11-28","36.00","NZD","1763239023","23477/2025-11-28/1763239023.json"
"512557","146154","2025-11-28","45.00","NZD","1763239023","23477/2025-11-28/1763239023.json"
"365170","146153","2025-11-28","48.00","NZD","1763239023","23477/2025-11-28/1763239023.json"
"510807","146155","2025-11-28","52.00","NZD","1763239023","23477/2025-11-28/1763239023.json"
"581513","221281","2025-11-29","36.00","NZD","1763239023","23477/2025-11-29/1763239023.json"
"581514","221282","2025-11-29","36.00","NZD","1763239023","23477/2025-11-29/1763239023.json"
"512557","146154","2025-11-29","45.00","NZD","1763239023","23477/2025-11-29/1763239023.json"
"365170","146153","2025-11-29","48.00","NZD","1763239023","23477/2025-11-29/1763239023.json"
"510807","146155","2025-11-29","52.00","NZD","1763239023","23477/2025-11-29/1763239023.json"
"581513","221281","2025-12-01","36.00","NZD","1763239023","23477/2025-12-01/1763239023.json"
"581514","221282","2025-12-01","36.00","NZD","1763239023","23477/2025-12-01/1763239023.json"
"512557","146154","2025-12-01","45.00","NZD","1763239023","23477/2025-12-01/1763239023.json"
"365170","146153","2025-12-01","48.00","NZD","1763239023","23477/2025-12-01/1763239023.json"
"510807","146155","2025-12-01","52.00","NZD","1763239023","23477/2025-12-01/1763239023.json"
"581513","221281","2025-11-30","36.00","NZD","1763239023","23477/2025-11-30/1763239023.json"
"581514","221282","2025-11-30","36.00","NZD","1763239023","23477/2025-11-30/1763239023.json"
"512557","146154","2025-11-30","45.00","NZD","1763239023","23477/2025-11-30/1763239023.json"
"365170","146153","2025-11-30","48.00","NZD","1763239023","23477/2025-11-30/1763239023.json"
"510807","146155","2025-11-30","52.00","NZD","1763239023","23477/2025-11-30/1763239023.json"
"581513","221281","2025-12-03","36.00","NZD","1763239023","23477/2025-12-03/1763239023.json"
"581514","221282","2025-12-03","36.00","NZD","1763239023","23477/2025-12-03/1763239023.json"
"512557","146154","2025-12-03","45.00","NZD","1763239023","23477/2025-12-03/1763239023.json"
"365170","146153","2025-12-03","48.00","NZD","1763239023","23477/2025-12-03/1763239023.json"
"510807","146155","2025-12-03","52.00","NZD","1763239023","23477/2025-12-03/1763239023.json"
"581513","221281","2025-12-04","36.00","NZD","1763239023","23477/2025-12-04/1763239023.json"
"581514","221282","2025-12-04","36.00","NZD","1763239023","23477/2025-12-04/1763239023.json"
"512557","146154","2025-12-04","45.00","NZD","1763239023","23477/2025-12-04/1763239023.json"
"365170","146153","2025-12-04","48.00","NZD","1763239023","23477/2025-12-04/1763239023.json"
"510807","146155","2025-12-04","52.00","NZD","1763239023","23477/2025-12-04/1763239023.json"
"581513","221281","2025-12-05","36.00","NZD","1763239023","23477/2025-12-05/1763239023.json"
"581514","221282","2025-12-05","36.00","NZD","1763239023","23477/2025-12-05/1763239023.json"
"512557","146154","2025-12-05","45.00","NZD","1763239023","23477/2025-12-05/1763239023.json"
"365170","146153","2025-12-05","48.00","NZD","1763239023","23477/2025-12-05/1763239023.json"
"510807","146155","2025-12-05","52.00","NZD","1763239023","23477/2025-12-05/1763239023.json"
"581513","221281","2025-12-02","36.00","NZD","1763239023","23477/2025-12-02/1763239023.json"
"581514","221282","2025-12-02","36.00","NZD","1763239023","23477/2025-12-02/1763239023.json"
"512557","146154","2025-12-02","45.00","NZD","1763239023","23477/2025-12-02/1763239023.json"
"365170","146153","2025-12-02","48.00","NZD","1763239023","23477/2025-12-02/1763239023.json"
"510807","146155","2025-12-02","52.00","NZD","1763239023","23477/2025-12-02/1763239023.json"
"581513","221281","2025-12-06","36.00","NZD","1763239023","23477/2025-12-06/1763239023.json"
"581514","221282","2025-12-06","36.00","NZD","1763239023","23477/2025-12-06/1763239023.json"
"512557","146154","2025-12-06","45.00","NZD","1763239023","23477/2025-12-06/1763239023.json"
"365170","146153","2025-12-06","48.00","NZD","1763239023","23477/2025-12-06/1763239023.json"
"510807","146155","2025-12-06","52.00","NZD","1763239023","23477/2025-12-06/1763239023.json"
"581513","221281","2025-12-07","36.00","NZD","1763239023","23477/2025-12-07/1763239023.json"
"581514","221282","2025-12-07","36.00","NZD","1763239023","23477/2025-12-07/1763239023.json"
"512557","146154","2025-12-07","45.00","NZD","1763239023","23477/2025-12-07/1763239023.json"
"365170","146153","2025-12-07","48.00","NZD","1763239023","23477/2025-12-07/1763239023.json"
"510807","146155","2025-12-07","52.00","NZD","1763239023","23477/2025-12-07/1763239023.json"
"581513","221281","2025-12-08","36.00","NZD","1763239023","23477/2025-12-08/1763239023.json"
"581514","221282","2025-12-08","36.00","NZD","1763239023","23477/2025-12-08/1763239023.json"
"512557","146154","2025-12-08","45.00","NZD","1763239023","23477/2025-12-08/1763239023.json"
"365170","146153","2025-12-08","48.00","NZD","1763239023","23477/2025-12-08/1763239023.json"
"510807","146155","2025-12-08","52.00","NZD","1763239023","23477/2025-12-08/1763239023.json"
"581513","221281","2025-12-09","36.00","NZD","1763239023","23477/2025-12-09/1763239023.json"
"581514","221282","2025-12-09","36.00","NZD","1763239023","23477/2025-12-09/1763239023.json"
"512557","146154","2025-12-09","45.00","NZD","1763239023","23477/2025-12-09/1763239023.json"
"365170","146153","2025-12-09","48.00","NZD","1763239023","23477/2025-12-09/1763239023.json"
"510807","146155","2025-12-09","52.00","NZD","1763239023","23477/2025-12-09/1763239023.json"
"581513","221281","2025-12-10","36.00","NZD","1763239023","23477/2025-12-10/1763239023.json"
"581514","221282","2025-12-10","36.00","NZD","1763239023","23477/2025-12-10/1763239023.json"
"512557","146154","2025-12-10","45.00","NZD","1763239023","23477/2025-12-10/1763239023.json"
"365170","146153","2025-12-10","48.00","NZD","1763239023","23477/2025-12-10/1763239023.json"
"510807","146155","2025-12-10","52.00","NZD","1763239023","23477/2025-12-10/1763239023.json"
"581513","221281","2025-12-11","36.00","NZD","1763239023","23477/2025-12-11/1763239023.json"
"581514","221282","2025-12-11","36.00","NZD","1763239023","23477/2025-12-11/1763239023.json"
"512557","146154","2025-12-11","45.00","NZD","1763239023","23477/2025-12-11/1763239023.json"
"365170","146153","2025-12-11","48.00","NZD","1763239023","23477/2025-12-11/1763239023.json"
"510807","146155","2025-12-11","52.00","NZD","1763239023","23477/2025-12-11/1763239023.json"
"581513","221281","2025-12-12","36.00","NZD","1763239023","23477/2025-12-12/1763239023.json"
"581514","221282","2025-12-12","36.00","NZD","1763239023","23477/2025-12-12/1763239023.json"
"512557","146154","2025-12-12","45.00","NZD","1763239023","23477/2025-12-12/1763239023.json"
"365170","146153","2025-12-12","48.00","NZD","1763239023","23477/2025-12-12/1763239023.json"
"510807","146155","2025-12-12","52.00","NZD","1763239023","23477/2025-12-12/1763239023.json"
"581513","221281","2025-12-13","36.00","NZD","1763239023","23477/2025-12-13/1763239023.json"
"581514","221282","2025-12-13","36.00","NZD","1763239023","23477/2025-12-13/1763239023.json"
"512557","146154","2025-12-13","45.00","NZD","1763239023","23477/2025-12-13/1763239023.json"
"365170","146153","2025-12-13","48.00","NZD","1763239023","23477/2025-12-13/1763239023.json"
"510807","146155","2025-12-13","52.00","NZD","1763239023","23477/2025-12-13/1763239023.json"
"581513","221281","2025-12-15","36.00","NZD","1763239023","23477/2025-12-15/1763239023.json"
"581514","221282","2025-12-15","36.00","NZD","1763239023","23477/2025-12-15/1763239023.json"
"512557","146154","2025-12-15","45.00","NZD","1763239023","23477/2025-12-15/1763239023.json"
"365170","146153","2025-12-15","48.00","NZD","1763239023","23477/2025-12-15/1763239023.json"
"510807","146155","2025-12-15","52.00","NZD","1763239023","23477/2025-12-15/1763239023.json"
"581513","221281","2025-12-14","36.00","NZD","1763239023","23477/2025-12-14/1763239023.json"
"581514","221282","2025-12-14","36.00","NZD","1763239023","23477/2025-12-14/1763239023.json"
"512557","146154","2025-12-14","45.00","NZD","1763239023","23477/2025-12-14/1763239023.json"
"365170","146153","2025-12-14","48.00","NZD","1763239023","23477/2025-12-14/1763239023.json"
"510807","146155","2025-12-14","52.00","NZD","1763239023","23477/2025-12-14/1763239023.json"
"581513","221281","2025-12-16","36.00","NZD","1763239023","23477/2025-12-16/1763239023.json"
"581514","221282","2025-12-16","36.00","NZD","1763239023","23477/2025-12-16/1763239023.json"
"512557","146154","2025-12-16","45.00","NZD","1763239023","23477/2025-12-16/1763239023.json"
"365170","146153","2025-12-16","48.00","NZD","1763239023","23477/2025-12-16/1763239023.json"
"510807","146155","2025-12-16","52.00","NZD","1763239023","23477/2025-12-16/1763239023.json"
"581513","221281","2025-12-17","36.00","NZD","1763239023","23477/2025-12-17/1763239023.json"
"581514","221282","2025-12-17","36.00","NZD","1763239023","23477/2025-12-17/1763239023.json"
"512557","146154","2025-12-17","45.00","NZD","1763239023","23477/2025-12-17/1763239023.json"
"365170","146153","2025-12-17","48.00","NZD","1763239023","23477/2025-12-17/1763239023.json"
"510807","146155","2025-12-17","52.00","NZD","1763239023","23477/2025-12-17/1763239023.json"
"581513","221281","2025-12-18","36.00","NZD","1763239023","23477/2025-12-18/1763239023.json"
"581514","221282","2025-12-18","36.00","NZD","1763239023","23477/2025-12-18/1763239023.json"
"512557","146154","2025-12-18","45.00","NZD","1763239023","23477/2025-12-18/1763239023.json"
"365170","146153","2025-12-18","48.00","NZD","1763239023","23477/2025-12-18/1763239023.json"
"510807","146155","2025-12-18","52.00","NZD","1763239023","23477/2025-12-18/1763239023.json"
"581513","221281","2025-12-19","36.00","NZD","1763239023","23477/2025-12-19/1763239023.json"
"581514","221282","2025-12-19","36.00","NZD","1763239023","23477/2025-12-19/1763239023.json"
"512557","146154","2025-12-19","45.00","NZD","1763239023","23477/2025-12-19/1763239023.json"
"365170","146153","2025-12-19","48.00","NZD","1763239023","23477/2025-12-19/1763239023.json"
"510807","146155","2025-12-19","52.00","NZD","1763239023","23477/2025-12-19/1763239023.json"
"581513","221281","2025-12-20","36.00","NZD","1763239023","23477/2025-12-20/1763239023.json"
"581514","221282","2025-12-20","36.00","NZD","1763239023","23477/2025-12-20/1763239023.json"
"512557","146154","2025-12-20","45.00","NZD","1763239023","23477/2025-12-20/1763239023.json"
"365170","146153","2025-12-20","48.00","NZD","1763239023","23477/2025-12-20/1763239023.json"
"510807","146155","2025-12-20","52.00","NZD","1763239023","23477/2025-12-20/1763239023.json"
"581513","221281","2025-12-21","36.00","NZD","1763239023","23477/2025-12-21/1763239023.json"
"581514","221282","2025-12-21","36.00","NZD","1763239023","23477/2025-12-21/1763239023.json"
"512557","146154","2025-12-21","45.00","NZD","1763239023","23477/2025-12-21/1763239023.json"
"365170","146153","2025-12-21","48.00","NZD","1763239023","23477/2025-12-21/1763239023.json"
"510807","146155","2025-12-21","52.00","NZD","1763239023","23477/2025-12-21/1763239023.json"
"581513","221281","2025-12-22","36.00","NZD","1763239023","23477/2025-12-22/1763239023.json"
"581514","221282","2025-12-22","36.00","NZD","1763239023","23477/2025-12-22/1763239023.json"
"512557","146154","2025-12-22","45.00","NZD","1763239023","23477/2025-12-22/1763239023.json"
"365170","146153","2025-12-22","48.00","NZD","1763239023","23477/2025-12-22/1763239023.json"
"510807","146155","2025-12-22","52.00","NZD","1763239023","23477/2025-12-22/1763239023.json"
"581513","221281","2025-12-23","38.00","NZD","1763239023","23477/2025-12-23/1763239023.json"
"581514","221282","2025-12-23","38.00","NZD","1763239023","23477/2025-12-23/1763239023.json"
"512557","146154","2025-12-23","45.00","NZD","1763239023","23477/2025-12-23/1763239023.json"
"365170","146153","2025-12-23","48.00","NZD","1763239023","23477/2025-12-23/1763239023.json"
"510807","146155","2025-12-23","52.00","NZD","1763239023","23477/2025-12-23/1763239023.json"
"581513","221281","2025-12-25","38.00","NZD","1763239023","23477/2025-12-25/1763239023.json"
"581514","221282","2025-12-25","38.00","NZD","1763239023","23477/2025-12-25/1763239023.json"
"512557","146154","2025-12-25","45.00","NZD","1763239023","23477/2025-12-25/1763239023.json"
"365170","146153","2025-12-25","48.00","NZD","1763239023","23477/2025-12-25/1763239023.json"
"510807","146155","2025-12-25","52.00","NZD","1763239023","23477/2025-12-25/1763239023.json"
"581513","221281","2025-12-24","38.00","NZD","1763239023","23477/2025-12-24/1763239023.json"
"581514","221282","2025-12-24","38.00","NZD","1763239023","23477/2025-12-24/1763239023.json"
"512557","146154","2025-12-24","45.00","NZD","1763239023","23477/2025-12-24/1763239023.json"
"365170","146153","2025-12-24","48.00","NZD","1763239023","23477/2025-12-24/1763239023.json"
"510807","146155","2025-12-24","52.00","NZD","1763239023","23477/2025-12-24/1763239023.json"
"581513","221281","2025-12-26","42.00","NZD","1763239023","23477/2025-12-26/1763239023.json"
"581514","221282","2025-12-26","42.00","NZD","1763239023","23477/2025-12-26/1763239023.json"
"512557","146154","2025-12-26","45.00","NZD","1763239023","23477/2025-12-26/1763239023.json"
"365170","146153","2025-12-26","48.00","NZD","1763239023","23477/2025-12-26/1763239023.json"
"510807","146155","2025-12-26","52.00","NZD","1763239023","23477/2025-12-26/1763239023.json"
"581513","221281","2025-12-28","42.00","NZD","1763239023","23477/2025-12-28/1763239023.json"
"581514","221282","2025-12-28","42.00","NZD","1763239023","23477/2025-12-28/1763239023.json"
"512557","146154","2025-12-28","45.00","NZD","1763239023","23477/2025-12-28/1763239023.json"
"365170","146153","2025-12-28","48.00","NZD","1763239023","23477/2025-12-28/1763239023.json"
"510807","146155","2025-12-28","52.00","NZD","1763239023","23477/2025-12-28/1763239023.json"
"581513","221281","2025-12-27","42.00","NZD","1763239023","23477/2025-12-27/1763239023.json"
"581514","221282","2025-12-27","42.00","NZD","1763239023","23477/2025-12-27/1763239023.json"
"512557","146154","2025-12-27","45.00","NZD","1763239023","23477/2025-12-27/1763239023.json"
"365170","146153","2025-12-27","48.00","NZD","1763239023","23477/2025-12-27/1763239023.json"
"510807","146155","2025-12-27","52.00","NZD","1763239023","23477/2025-12-27/1763239023.json"
"581513","221281","2025-12-30","42.00","NZD","1763239023","23477/2025-12-30/1763239023.json"
"581514","221282","2025-12-30","42.00","NZD","1763239023","23477/2025-12-30/1763239023.json"
"512557","146154","2025-12-30","45.00","NZD","1763239023","23477/2025-12-30/1763239023.json"
"365170","146153","2025-12-30","48.00","NZD","1763239023","23477/2025-12-30/1763239023.json"
"510807","146155","2025-12-30","52.00","NZD","1763239023","23477/2025-12-30/1763239023.json"
"581513","221281","2025-12-29","42.00","NZD","1763239023","23477/2025-12-29/1763239023.json"
"581514","221282","2025-12-29","42.00","NZD","1763239023","23477/2025-12-29/1763239023.json"
"512557","146154","2025-12-29","45.00","NZD","1763239023","23477/2025-12-29/1763239023.json"
"365170","146153","2025-12-29","48.00","NZD","1763239023","23477/2025-12-29/1763239023.json"
"510807","146155","2025-12-29","52.00","NZD","1763239023","23477/2025-12-29/1763239023.json"
"581513","221281","2026-01-01","42.00","NZD","1763239023","23477/2026-01-01/1763239023.json"
"581514","221282","2026-01-01","42.00","NZD","1763239023","23477/2026-01-01/1763239023.json"
"512557","146154","2026-01-01","45.00","NZD","1763239023","23477/2026-01-01/1763239023.json"
"365170","146153","2026-01-01","48.00","NZD","1763239023","23477/2026-01-01/1763239023.json"
"510807","146155","2026-01-01","52.00","NZD","1763239023","23477/2026-01-01/1763239023.json"
"581513","221281","2025-12-31","42.00","NZD","1763239023","23477/2025-12-31/1763239023.json"
"581514","221282","2025-12-31","42.00","NZD","1763239023","23477/2025-12-31/1763239023.json"
"512557","146154","2025-12-31","45.00","NZD","1763239023","23477/2025-12-31/1763239023.json"
"365170","146153","2025-12-31","48.00","NZD","1763239023","23477/2025-12-31/1763239023.json"
"510807","146155","2025-12-31","52.00","NZD","1763239023","23477/2025-12-31/1763239023.json"
"581513","221281","2026-01-03","42.00","NZD","1763239023","23477/2026-01-03/1763239023.json"
"581514","221282","2026-01-03","42.00","NZD","1763239023","23477/2026-01-03/1763239023.json"
"512557","146154","2026-01-03","45.00","NZD","1763239023","23477/2026-01-03/1763239023.json"
"365170","146153","2026-01-03","48.00","NZD","1763239023","23477/2026-01-03/1763239023.json"
"510807","146155","2026-01-03","52.00","NZD","1763239023","23477/2026-01-03/1763239023.json"
"581513","221281","2026-01-02","42.00","NZD","1763239023","23477/2026-01-02/1763239023.json"
"581514","221282","2026-01-02","42.00","NZD","1763239023","23477/2026-01-02/1763239023.json"
"512557","146154","2026-01-02","45.00","NZD","1763239023","23477/2026-01-02/1763239023.json"
"365170","146153","2026-01-02","48.00","NZD","1763239023","23477/2026-01-02/1763239023.json"
"510807","146155","2026-01-02","52.00","NZD","1763239023","23477/2026-01-02/1763239023.json"
"581513","221281","2026-01-04","42.00","NZD","1763239023","23477/2026-01-04/1763239023.json"
"581514","221282","2026-01-04","42.00","NZD","1763239023","23477/2026-01-04/1763239023.json"
"512557","146154","2026-01-04","45.00","NZD","1763239023","23477/2026-01-04/1763239023.json"
"365170","146153","2026-01-04","48.00","NZD","1763239023","23477/2026-01-04/1763239023.json"
"510807","146155","2026-01-04","52.00","NZD","1763239023","23477/2026-01-04/1763239023.json"
"581513","221281","2026-01-05","36.00","NZD","1763239023","23477/2026-01-05/1763239023.json"
"581514","221282","2026-01-05","36.00","NZD","1763239023","23477/2026-01-05/1763239023.json"
"512557","146154","2026-01-05","45.00","NZD","1763239023","23477/2026-01-05/1763239023.json"
"365170","146153","2026-01-05","48.00","NZD","1763239023","23477/2026-01-05/1763239023.json"
"510807","146155","2026-01-05","52.00","NZD","1763239023","23477/2026-01-05/1763239023.json"
"581513","221281","2026-01-06","36.00","NZD","1763239023","23477/2026-01-06/1763239023.json"
"581514","221282","2026-01-06","36.00","NZD","1763239023","23477/2026-01-06/1763239023.json"
"512557","146154","2026-01-06","45.00","NZD","1763239023","23477/2026-01-06/1763239023.json"
"365170","146153","2026-01-06","48.00","NZD","1763239023","23477/2026-01-06/1763239023.json"
"510807","146155","2026-01-06","52.00","NZD","1763239023","23477/2026-01-06/1763239023.json"
"581513","221281","2026-01-07","36.00","NZD","1763239023","23477/2026-01-07/1763239023.json"
"581514","221282","2026-01-07","36.00","NZD","1763239023","23477/2026-01-07/1763239023.json"
"512557","146154","2026-01-07","45.00","NZD","1763239023","23477/2026-01-07/1763239023.json"
"365170","146153","2026-01-07","48.00","NZD","1763239023","23477/2026-01-07/1763239023.json"
"510807","146155","2026-01-07","52.00","NZD","1763239023","23477/2026-01-07/1763239023.json"
"581513","221281","2026-01-09","36.00","NZD","1763239023","23477/2026-01-09/1763239023.json"
"581514","221282","2026-01-09","36.00","NZD","1763239023","23477/2026-01-09/1763239023.json"
"512557","146154","2026-01-09","45.00","NZD","1763239023","23477/2026-01-09/1763239023.json"
"365170","146153","2026-01-09","48.00","NZD","1763239023","23477/2026-01-09/1763239023.json"
"510807","146155","2026-01-09","52.00","NZD","1763239023","23477/2026-01-09/1763239023.json"
"581513","221281","2026-01-08","36.00","NZD","1763239023","23477/2026-01-08/1763239023.json"
"581514","221282","2026-01-08","36.00","NZD","1763239023","23477/2026-01-08/1763239023.json"
"512557","146154","2026-01-08","45.00","NZD","1763239023","23477/2026-01-08/1763239023.json"
"365170","146153","2026-01-08","48.00","NZD","1763239023","23477/2026-01-08/1763239023.json"
"510807","146155","2026-01-08","52.00","NZD","1763239023","23477/2026-01-08/1763239023.json"
"581513","221281","2026-01-10","36.00","NZD","1763239023","23477/2026-01-10/1763239023.json"
"581514","221282","2026-01-10","36.00","NZD","1763239023","23477/2026-01-10/1763239023.json"
"512557","146154","2026-01-10","45.00","NZD","1763239023","23477/2026-01-10/1763239023.json"
"365170","146153","2026-01-10","48.00","NZD","1763239023","23477/2026-01-10/1763239023.json"
"510807","146155","2026-01-10","52.00","NZD","1763239023","23477/2026-01-10/1763239023.json"
"581513","221281","2026-01-11","36.00","NZD","1763239023","23477/2026-01-11/1763239023.json"
"581514","221282","2026-01-11","36.00","NZD","1763239023","23477/2026-01-11/1763239023.json"
"512557","146154","2026-01-11","45.00","NZD","1763239023","23477/2026-01-11/1763239023.json"
"365170","146153","2026-01-11","48.00","NZD","1763239023","23477/2026-01-11/1763239023.json"
"510807","146155","2026-01-11","52.00","NZD","1763239023","23477/2026-01-11/1763239023.json"
"581513","221281","2026-01-14","36.00","NZD","1763239023","23477/2026-01-14/1763239023.json"
"581514","221282","2026-01-14","36.00","NZD","1763239023","23477/2026-01-14/1763239023.json"
"512557","146154","2026-01-14","45.00","NZD","1763239023","23477/2026-01-14/1763239023.json"
"365170","146153","2026-01-14","48.00","NZD","1763239023","23477/2026-01-14/1763239023.json"
"510807","146155","2026-01-14","52.00","NZD","1763239023","23477/2026-01-14/1763239023.json"
"581513","221281","2026-01-13","36.00","NZD","1763239023","23477/2026-01-13/1763239023.json"
"581514","221282","2026-01-13","36.00","NZD","1763239023","23477/2026-01-13/1763239023.json"
"512557","146154","2026-01-13","45.00","NZD","1763239023","23477/2026-01-13/1763239023.json"
"365170","146153","2026-01-13","48.00","NZD","1763239023","23477/2026-01-13/1763239023.json"
"510807","146155","2026-01-13","52.00","NZD","1763239023","23477/2026-01-13/1763239023.json"
"581513","221281","2026-01-12","36.00","NZD","1763239023","23477/2026-01-12/1763239023.json"
"581514","221282","2026-01-12","36.00","NZD","1763239023","23477/2026-01-12/1763239023.json"
"512557","146154","2026-01-12","45.00","NZD","1763239023","23477/2026-01-12/1763239023.json"
"365170","146153","2026-01-12","48.00","NZD","1763239023","23477/2026-01-12/1763239023.json"
"510807","146155","2026-01-12","52.00","NZD","1763239023","23477/2026-01-12/1763239023.json"
"581513","221281","2025-11-19","36.00","NZD","1763258577","23477/2025-11-19/1763258577.json"
"581513","221281","2025-11-16","36.00","NZD","1763258577","23477/2025-11-16/1763258577.json"
"581514","221282","2025-11-19","36.00","NZD","1763258577","23477/2025-11-19/1763258577.json"
"581514","221282","2025-11-16","36.00","NZD","1763258577","23477/2025-11-16/1763258577.json"
"512557","146154","2025-11-16","45.00","NZD","1763258577","23477/2025-11-16/1763258577.json"
"512557","146154","2025-11-19","45.00","NZD","1763258577","23477/2025-11-19/1763258577.json"
"365170","146153","2025-11-19","48.00","NZD","1763258577","23477/2025-11-19/1763258577.json"
"365170","146153","2025-11-16","48.00","NZD","1763258577","23477/2025-11-16/1763258577.json"
"510807","146155","2025-11-16","52.00","NZD","1763258577","23477/2025-11-16/1763258577.json"
"510807","146155","2025-11-19","52.00","NZD","1763258577","23477/2025-11-19/1763258577.json"
"581513","221281","2025-11-17","36.00","NZD","1763258577","23477/2025-11-17/1763258577.json"
"581514","221282","2025-11-17","36.00","NZD","1763258577","23477/2025-11-17/1763258577.json"
"512557","146154","2025-11-17","45.00","NZD","1763258577","23477/2025-11-17/1763258577.json"
"365170","146153","2025-11-17","48.00","NZD","1763258577","23477/2025-11-17/1763258577.json"
"510807","146155","2025-11-17","52.00","NZD","1763258577","23477/2025-11-17/1763258577.json"
"581513","221281","2025-11-18","36.00","NZD","1763258577","23477/2025-11-18/1763258577.json"
"581514","221282","2025-11-18","36.00","NZD","1763258577","23477/2025-11-18/1763258577.json"
"512557","146154","2025-11-18","45.00","NZD","1763258577","23477/2025-11-18/1763258577.json"
"365170","146153","2025-11-18","48.00","NZD","1763258577","23477/2025-11-18/1763258577.json"
"510807","146155","2025-11-18","52.00","NZD","1763258577","23477/2025-11-18/1763258577.json"
"581513","221281","2025-11-20","36.00","NZD","1763258577","23477/2025-11-20/1763258577.json"
"581514","221282","2025-11-20","36.00","NZD","1763258577","23477/2025-11-20/1763258577.json"
"512557","146154","2025-11-20","45.00","NZD","1763258577","23477/2025-11-20/1763258577.json"
"365170","146153","2025-11-20","48.00","NZD","1763258577","23477/2025-11-20/1763258577.json"
"510807","146155","2025-11-20","52.00","NZD","1763258577","23477/2025-11-20/1763258577.json"
"581513","221281","2025-11-21","36.00","NZD","1763258577","23477/2025-11-21/1763258577.json"
"581514","221282","2025-11-21","36.00","NZD","1763258577","23477/2025-11-21/1763258577.json"
"512557","146154","2025-11-21","45.00","NZD","1763258577","23477/2025-11-21/1763258577.json"
"365170","146153","2025-11-21","48.00","NZD","1763258577","23477/2025-11-21/1763258577.json"
"510807","146155","2025-11-21","52.00","NZD","1763258577","23477/2025-11-21/1763258577.json"
"581513","221281","2025-11-23","36.00","NZD","1763258577","23477/2025-11-23/1763258577.json"
"581514","221282","2025-11-23","36.00","NZD","1763258577","23477/2025-11-23/1763258577.json"
"512557","146154","2025-11-23","45.00","NZD","1763258577","23477/2025-11-23/1763258577.json"
"365170","146153","2025-11-23","48.00","NZD","1763258577","23477/2025-11-23/1763258577.json"
"510807","146155","2025-11-23","52.00","NZD","1763258577","23477/2025-11-23/1763258577.json"
"581513","221281","2025-11-22","36.00","NZD","1763258577","23477/2025-11-22/1763258577.json"
"581514","221282","2025-11-22","36.00","NZD","1763258577","23477/2025-11-22/1763258577.json"
"512557","146154","2025-11-22","45.00","NZD","1763258577","23477/2025-11-22/1763258577.json"
"365170","146153","2025-11-22","48.00","NZD","1763258577","23477/2025-11-22/1763258577.json"
"510807","146155","2025-11-22","52.00","NZD","1763258577","23477/2025-11-22/1763258577.json"
"581513","221281","2025-11-24","36.00","NZD","1763258577","23477/2025-11-24/1763258577.json"
"581514","221282","2025-11-24","36.00","NZD","1763258577","23477/2025-11-24/1763258577.json"
"512557","146154","2025-11-24","45.00","NZD","1763258577","23477/2025-11-24/1763258577.json"
"365170","146153","2025-11-24","48.00","NZD","1763258577","23477/2025-11-24/1763258577.json"
"510807","146155","2025-11-24","52.00","NZD","1763258577","23477/2025-11-24/1763258577.json"
"581513","221281","2025-11-25","36.00","NZD","1763258577","23477/2025-11-25/1763258577.json"
"581514","221282","2025-11-25","36.00","NZD","1763258577","23477/2025-11-25/1763258577.json"
"512557","146154","2025-11-25","45.00","NZD","1763258577","23477/2025-11-25/1763258577.json"
"365170","146153","2025-11-25","48.00","NZD","1763258577","23477/2025-11-25/1763258577.json"
"510807","146155","2025-11-25","52.00","NZD","1763258577","23477/2025-11-25/1763258577.json"
"581513","221281","2025-11-26","36.00","NZD","1763258577","23477/2025-11-26/1763258577.json"
"581514","221282","2025-11-26","36.00","NZD","1763258577","23477/2025-11-26/1763258577.json"
"512557","146154","2025-11-26","45.00","NZD","1763258577","23477/2025-11-26/1763258577.json"
"365170","146153","2025-11-26","48.00","NZD","1763258577","23477/2025-11-26/1763258577.json"
"510807","146155","2025-11-26","52.00","NZD","1763258577","23477/2025-11-26/1763258577.json"
"581513","221281","2025-11-27","36.00","NZD","1763258577","23477/2025-11-27/1763258577.json"
"581514","221282","2025-11-27","36.00","NZD","1763258577","23477/2025-11-27/1763258577.json"
"512557","146154","2025-11-27","45.00","NZD","1763258577","23477/2025-11-27/1763258577.json"
"365170","146153","2025-11-27","48.00","NZD","1763258577","23477/2025-11-27/1763258577.json"
"510807","146155","2025-11-27","52.00","NZD","1763258577","23477/2025-11-27/1763258577.json"
"581513","221281","2025-11-28","36.00","NZD","1763258577","23477/2025-11-28/1763258577.json"
"581514","221282","2025-11-28","36.00","NZD","1763258577","23477/2025-11-28/1763258577.json"
"512557","146154","2025-11-28","45.00","NZD","1763258577","23477/2025-11-28/1763258577.json"
"365170","146153","2025-11-28","48.00","NZD","1763258577","23477/2025-11-28/1763258577.json"
"510807","146155","2025-11-28","52.00","NZD","1763258577","23477/2025-11-28/1763258577.json"
"581513","221281","2025-11-29","36.00","NZD","1763258577","23477/2025-11-29/1763258577.json"
"581514","221282","2025-11-29","36.00","NZD","1763258577","23477/2025-11-29/1763258577.json"
"512557","146154","2025-11-29","45.00","NZD","1763258577","23477/2025-11-29/1763258577.json"
"365170","146153","2025-11-29","48.00","NZD","1763258577","23477/2025-11-29/1763258577.json"
"510807","146155","2025-11-29","52.00","NZD","1763258577","23477/2025-11-29/1763258577.json"
"581513","221281","2025-11-30","36.00","NZD","1763258577","23477/2025-11-30/1763258577.json"
"581514","221282","2025-11-30","36.00","NZD","1763258577","23477/2025-11-30/1763258577.json"
"512557","146154","2025-11-30","45.00","NZD","1763258577","23477/2025-11-30/1763258577.json"
"365170","146153","2025-11-30","48.00","NZD","1763258577","23477/2025-11-30/1763258577.json"
"510807","146155","2025-11-30","52.00","NZD","1763258577","23477/2025-11-30/1763258577.json"
"581513","221281","2025-12-01","36.00","NZD","1763258577","23477/2025-12-01/1763258577.json"
"581514","221282","2025-12-01","36.00","NZD","1763258577","23477/2025-12-01/1763258577.json"
"512557","146154","2025-12-01","45.00","NZD","1763258577","23477/2025-12-01/1763258577.json"
"365170","146153","2025-12-01","48.00","NZD","1763258577","23477/2025-12-01/1763258577.json"
"510807","146155","2025-12-01","52.00","NZD","1763258577","23477/2025-12-01/1763258577.json"
"581513","221281","2025-12-03","36.00","NZD","1763258577","23477/2025-12-03/1763258577.json"
"581514","221282","2025-12-03","36.00","NZD","1763258577","23477/2025-12-03/1763258577.json"
"512557","146154","2025-12-03","45.00","NZD","1763258577","23477/2025-12-03/1763258577.json"
"365170","146153","2025-12-03","48.00","NZD","1763258577","23477/2025-12-03/1763258577.json"
"510807","146155","2025-12-03","52.00","NZD","1763258577","23477/2025-12-03/1763258577.json"
"581513","221281","2025-12-02","36.00","NZD","1763258577","23477/2025-12-02/1763258577.json"
"581514","221282","2025-12-02","36.00","NZD","1763258577","23477/2025-12-02/1763258577.json"
"512557","146154","2025-12-02","45.00","NZD","1763258577","23477/2025-12-02/1763258577.json"
"365170","146153","2025-12-02","48.00","NZD","1763258577","23477/2025-12-02/1763258577.json"
"510807","146155","2025-12-02","52.00","NZD","1763258577","23477/2025-12-02/1763258577.json"
"581513","221281","2025-12-04","36.00","NZD","1763258577","23477/2025-12-04/1763258577.json"
"581514","221282","2025-12-04","36.00","NZD","1763258577","23477/2025-12-04/1763258577.json"
"512557","146154","2025-12-04","45.00","NZD","1763258577","23477/2025-12-04/1763258577.json"
"365170","146153","2025-12-04","48.00","NZD","1763258577","23477/2025-12-04/1763258577.json"
"510807","146155","2025-12-04","52.00","NZD","1763258577","23477/2025-12-04/1763258577.json"
"581513","221281","2025-12-05","36.00","NZD","1763258577","23477/2025-12-05/1763258577.json"
"581514","221282","2025-12-05","36.00","NZD","1763258577","23477/2025-12-05/1763258577.json"
"512557","146154","2025-12-05","45.00","NZD","1763258577","23477/2025-12-05/1763258577.json"
"365170","146153","2025-12-05","48.00","NZD","1763258577","23477/2025-12-05/1763258577.json"
"510807","146155","2025-12-05","52.00","NZD","1763258577","23477/2025-12-05/1763258577.json"
"581513","221281","2025-12-06","36.00","NZD","1763258577","23477/2025-12-06/1763258577.json"
"581514","221282","2025-12-06","36.00","NZD","1763258577","23477/2025-12-06/1763258577.json"
"512557","146154","2025-12-06","45.00","NZD","1763258577","23477/2025-12-06/1763258577.json"
"365170","146153","2025-12-06","48.00","NZD","1763258577","23477/2025-12-06/1763258577.json"
"510807","146155","2025-12-06","52.00","NZD","1763258577","23477/2025-12-06/1763258577.json"
"581513","221281","2025-12-07","36.00","NZD","1763258577","23477/2025-12-07/1763258577.json"
"581514","221282","2025-12-07","36.00","NZD","1763258577","23477/2025-12-07/1763258577.json"
"512557","146154","2025-12-07","45.00","NZD","1763258577","23477/2025-12-07/1763258577.json"
"365170","146153","2025-12-07","48.00","NZD","1763258577","23477/2025-12-07/1763258577.json"
"510807","146155","2025-12-07","52.00","NZD","1763258577","23477/2025-12-07/1763258577.json"
"581513","221281","2025-12-08","36.00","NZD","1763258577","23477/2025-12-08/1763258577.json"
"581514","221282","2025-12-08","36.00","NZD","1763258577","23477/2025-12-08/1763258577.json"
"512557","146154","2025-12-08","45.00","NZD","1763258577","23477/2025-12-08/1763258577.json"
"365170","146153","2025-12-08","48.00","NZD","1763258577","23477/2025-12-08/1763258577.json"
"581513","221281","2025-12-09","36.00","NZD","1763258577","23477/2025-12-09/1763258577.json"
"510807","146155","2025-12-08","52.00","NZD","1763258577","23477/2025-12-08/1763258577.json"
"581514","221282","2025-12-09","36.00","NZD","1763258577","23477/2025-12-09/1763258577.json"
"512557","146154","2025-12-09","45.00","NZD","1763258577","23477/2025-12-09/1763258577.json"
"365170","146153","2025-12-09","48.00","NZD","1763258577","23477/2025-12-09/1763258577.json"
"510807","146155","2025-12-09","52.00","NZD","1763258577","23477/2025-12-09/1763258577.json"
"581513","221281","2025-12-10","36.00","NZD","1763258577","23477/2025-12-10/1763258577.json"
"581514","221282","2025-12-10","36.00","NZD","1763258577","23477/2025-12-10/1763258577.json"
"512557","146154","2025-12-10","45.00","NZD","1763258577","23477/2025-12-10/1763258577.json"
"365170","146153","2025-12-10","48.00","NZD","1763258577","23477/2025-12-10/1763258577.json"
"510807","146155","2025-12-10","52.00","NZD","1763258577","23477/2025-12-10/1763258577.json"
"581513","221281","2025-12-11","36.00","NZD","1763258577","23477/2025-12-11/1763258577.json"
"581514","221282","2025-12-11","36.00","NZD","1763258577","23477/2025-12-11/1763258577.json"
"512557","146154","2025-12-11","45.00","NZD","1763258577","23477/2025-12-11/1763258577.json"
"365170","146153","2025-12-11","48.00","NZD","1763258577","23477/2025-12-11/1763258577.json"
"510807","146155","2025-12-11","52.00","NZD","1763258577","23477/2025-12-11/1763258577.json"
"581513","221281","2025-12-12","36.00","NZD","1763258577","23477/2025-12-12/1763258577.json"
"581514","221282","2025-12-12","36.00","NZD","1763258577","23477/2025-12-12/1763258577.json"
"512557","146154","2025-12-12","45.00","NZD","1763258577","23477/2025-12-12/1763258577.json"
"365170","146153","2025-12-12","48.00","NZD","1763258577","23477/2025-12-12/1763258577.json"
"510807","146155","2025-12-12","52.00","NZD","1763258577","23477/2025-12-12/1763258577.json"
"581513","221281","2025-12-14","36.00","NZD","1763258577","23477/2025-12-14/1763258577.json"
"581514","221282","2025-12-14","36.00","NZD","1763258577","23477/2025-12-14/1763258577.json"
"512557","146154","2025-12-14","45.00","NZD","1763258577","23477/2025-12-14/1763258577.json"
"365170","146153","2025-12-14","48.00","NZD","1763258577","23477/2025-12-14/1763258577.json"
"510807","146155","2025-12-14","52.00","NZD","1763258577","23477/2025-12-14/1763258577.json"
"581513","221281","2025-12-13","36.00","NZD","1763258577","23477/2025-12-13/1763258577.json"
"581514","221282","2025-12-13","36.00","NZD","1763258577","23477/2025-12-13/1763258577.json"
"512557","146154","2025-12-13","45.00","NZD","1763258577","23477/2025-12-13/1763258577.json"
"365170","146153","2025-12-13","48.00","NZD","1763258577","23477/2025-12-13/1763258577.json"
"510807","146155","2025-12-13","52.00","NZD","1763258577","23477/2025-12-13/1763258577.json"
"581513","221281","2025-12-15","36.00","NZD","1763258577","23477/2025-12-15/1763258577.json"
"581514","221282","2025-12-15","36.00","NZD","1763258577","23477/2025-12-15/1763258577.json"
"512557","146154","2025-12-15","45.00","NZD","1763258577","23477/2025-12-15/1763258577.json"
"365170","146153","2025-12-15","48.00","NZD","1763258577","23477/2025-12-15/1763258577.json"
"510807","146155","2025-12-15","52.00","NZD","1763258577","23477/2025-12-15/1763258577.json"
"581513","221281","2025-12-16","36.00","NZD","1763258577","23477/2025-12-16/1763258577.json"
"581514","221282","2025-12-16","36.00","NZD","1763258577","23477/2025-12-16/1763258577.json"
"512557","146154","2025-12-16","45.00","NZD","1763258577","23477/2025-12-16/1763258577.json"
"365170","146153","2025-12-16","48.00","NZD","1763258577","23477/2025-12-16/1763258577.json"
"510807","146155","2025-12-16","52.00","NZD","1763258577","23477/2025-12-16/1763258577.json"
"581513","221281","2025-12-17","36.00","NZD","1763258577","23477/2025-12-17/1763258577.json"
"581514","221282","2025-12-17","36.00","NZD","1763258577","23477/2025-12-17/1763258577.json"
"512557","146154","2025-12-17","45.00","NZD","1763258577","23477/2025-12-17/1763258577.json"
"365170","146153","2025-12-17","48.00","NZD","1763258577","23477/2025-12-17/1763258577.json"
"510807","146155","2025-12-17","52.00","NZD","1763258577","23477/2025-12-17/1763258577.json"
"581513","221281","2025-12-19","36.00","NZD","1763258577","23477/2025-12-19/1763258577.json"
"581514","221282","2025-12-19","36.00","NZD","1763258577","23477/2025-12-19/1763258577.json"
"512557","146154","2025-12-19","45.00","NZD","1763258577","23477/2025-12-19/1763258577.json"
"365170","146153","2025-12-19","48.00","NZD","1763258577","23477/2025-12-19/1763258577.json"
"510807","146155","2025-12-19","52.00","NZD","1763258577","23477/2025-12-19/1763258577.json"
"581513","221281","2025-12-18","36.00","NZD","1763258577","23477/2025-12-18/1763258577.json"
"581514","221282","2025-12-18","36.00","NZD","1763258577","23477/2025-12-18/1763258577.json"
"512557","146154","2025-12-18","45.00","NZD","1763258577","23477/2025-12-18/1763258577.json"
"365170","146153","2025-12-18","48.00","NZD","1763258577","23477/2025-12-18/1763258577.json"
"510807","146155","2025-12-18","52.00","NZD","1763258577","23477/2025-12-18/1763258577.json"
"581513","221281","2025-12-20","36.00","NZD","1763258577","23477/2025-12-20/1763258577.json"
"581514","221282","2025-12-20","36.00","NZD","1763258577","23477/2025-12-20/1763258577.json"
"512557","146154","2025-12-20","45.00","NZD","1763258577","23477/2025-12-20/1763258577.json"
"365170","146153","2025-12-20","48.00","NZD","1763258577","23477/2025-12-20/1763258577.json"
"510807","146155","2025-12-20","52.00","NZD","1763258577","23477/2025-12-20/1763258577.json"
"581513","221281","2025-12-23","38.00","NZD","1763258577","23477/2025-12-23/1763258577.json"
"581513","221281","2025-12-24","38.00","NZD","1763258577","23477/2025-12-24/1763258577.json"
"581514","221282","2025-12-23","38.00","NZD","1763258577","23477/2025-12-23/1763258577.json"
"512557","146154","2025-12-23","45.00","NZD","1763258577","23477/2025-12-23/1763258577.json"
"581514","221282","2025-12-24","38.00","NZD","1763258577","23477/2025-12-24/1763258577.json"
"365170","146153","2025-12-23","48.00","NZD","1763258577","23477/2025-12-23/1763258577.json"
"510807","146155","2025-12-23","52.00","NZD","1763258577","23477/2025-12-23/1763258577.json"
"512557","146154","2025-12-24","45.00","NZD","1763258577","23477/2025-12-24/1763258577.json"
"365170","146153","2025-12-24","48.00","NZD","1763258577","23477/2025-12-24/1763258577.json"
"510807","146155","2025-12-24","52.00","NZD","1763258577","23477/2025-12-24/1763258577.json"
"581513","221281","2025-12-22","36.00","NZD","1763258577","23477/2025-12-22/1763258577.json"
"581514","221282","2025-12-22","36.00","NZD","1763258577","23477/2025-12-22/1763258577.json"
"512557","146154","2025-12-22","45.00","NZD","1763258577","23477/2025-12-22/1763258577.json"
"365170","146153","2025-12-22","48.00","NZD","1763258577","23477/2025-12-22/1763258577.json"
"510807","146155","2025-12-22","52.00","NZD","1763258577","23477/2025-12-22/1763258577.json"
"581513","221281","2025-12-21","36.00","NZD","1763258577","23477/2025-12-21/1763258577.json"
"581514","221282","2025-12-21","36.00","NZD","1763258577","23477/2025-12-21/1763258577.json"
"512557","146154","2025-12-21","45.00","NZD","1763258577","23477/2025-12-21/1763258577.json"
"365170","146153","2025-12-21","48.00","NZD","1763258577","23477/2025-12-21/1763258577.json"
"510807","146155","2025-12-21","52.00","NZD","1763258577","23477/2025-12-21/1763258577.json"
"581513","221281","2025-12-26","42.00","NZD","1763258577","23477/2025-12-26/1763258577.json"
"581514","221282","2025-12-26","42.00","NZD","1763258577","23477/2025-12-26/1763258577.json"
"512557","146154","2025-12-26","45.00","NZD","1763258577","23477/2025-12-26/1763258577.json"
"365170","146153","2025-12-26","48.00","NZD","1763258577","23477/2025-12-26/1763258577.json"
"510807","146155","2025-12-26","52.00","NZD","1763258577","23477/2025-12-26/1763258577.json"
"581513","221281","2025-12-25","38.00","NZD","1763258577","23477/2025-12-25/1763258577.json"
"581514","221282","2025-12-25","38.00","NZD","1763258577","23477/2025-12-25/1763258577.json"
"512557","146154","2025-12-25","45.00","NZD","1763258577","23477/2025-12-25/1763258577.json"
"365170","146153","2025-12-25","48.00","NZD","1763258577","23477/2025-12-25/1763258577.json"
"510807","146155","2025-12-25","52.00","NZD","1763258577","23477/2025-12-25/1763258577.json"
"581513","221281","2025-12-27","42.00","NZD","1763258577","23477/2025-12-27/1763258577.json"
"581514","221282","2025-12-27","42.00","NZD","1763258577","23477/2025-12-27/1763258577.json"
"512557","146154","2025-12-27","45.00","NZD","1763258577","23477/2025-12-27/1763258577.json"
"365170","146153","2025-12-27","48.00","NZD","1763258577","23477/2025-12-27/1763258577.json"
"510807","146155","2025-12-27","52.00","NZD","1763258577","23477/2025-12-27/1763258577.json"
"581513","221281","2025-12-28","42.00","NZD","1763258577","23477/2025-12-28/1763258577.json"
"581514","221282","2025-12-28","42.00","NZD","1763258577","23477/2025-12-28/1763258577.json"
"512557","146154","2025-12-28","45.00","NZD","1763258577","23477/2025-12-28/1763258577.json"
"365170","146153","2025-12-28","48.00","NZD","1763258577","23477/2025-12-28/1763258577.json"
"510807","146155","2025-12-28","52.00","NZD","1763258577","23477/2025-12-28/1763258577.json"
"581513","221281","2025-12-29","42.00","NZD","1763258577","23477/2025-12-29/1763258577.json"
"581514","221282","2025-12-29","42.00","NZD","1763258577","23477/2025-12-29/1763258577.json"
"512557","146154","2025-12-29","45.00","NZD","1763258577","23477/2025-12-29/1763258577.json"
"365170","146153","2025-12-29","48.00","NZD","1763258577","23477/2025-12-29/1763258577.json"
"510807","146155","2025-12-29","52.00","NZD","1763258577","23477/2025-12-29/1763258577.json"
"581513","221281","2025-12-31","42.00","NZD","1763258577","23477/2025-12-31/1763258577.json"
"581514","221282","2025-12-31","42.00","NZD","1763258577","23477/2025-12-31/1763258577.json"
"512557","146154","2025-12-31","45.00","NZD","1763258577","23477/2025-12-31/1763258577.json"
"365170","146153","2025-12-31","48.00","NZD","1763258577","23477/2025-12-31/1763258577.json"
"510807","146155","2025-12-31","52.00","NZD","1763258577","23477/2025-12-31/1763258577.json"
"581513","221281","2026-01-01","42.00","NZD","1763258577","23477/2026-01-01/1763258577.json"
"581514","221282","2026-01-01","42.00","NZD","1763258577","23477/2026-01-01/1763258577.json"
"512557","146154","2026-01-01","45.00","NZD","1763258577","23477/2026-01-01/1763258577.json"
"365170","146153","2026-01-01","48.00","NZD","1763258577","23477/2026-01-01/1763258577.json"
"510807","146155","2026-01-01","52.00","NZD","1763258577","23477/2026-01-01/1763258577.json"
"581513","221281","2025-12-30","42.00","NZD","1763258577","23477/2025-12-30/1763258577.json"
"581514","221282","2025-12-30","42.00","NZD","1763258577","23477/2025-12-30/1763258577.json"
"512557","146154","2025-12-30","45.00","NZD","1763258577","23477/2025-12-30/1763258577.json"
"365170","146153","2025-12-30","48.00","NZD","1763258577","23477/2025-12-30/1763258577.json"
"510807","146155","2025-12-30","52.00","NZD","1763258577","23477/2025-12-30/1763258577.json"
"581513","221281","2026-01-02","42.00","NZD","1763258577","23477/2026-01-02/1763258577.json"
"581514","221282","2026-01-02","42.00","NZD","1763258577","23477/2026-01-02/1763258577.json"
"512557","146154","2026-01-02","45.00","NZD","1763258577","23477/2026-01-02/1763258577.json"
"365170","146153","2026-01-02","48.00","NZD","1763258577","23477/2026-01-02/1763258577.json"
"510807","146155","2026-01-02","52.00","NZD","1763258577","23477/2026-01-02/1763258577.json"
"581513","221281","2026-01-03","42.00","NZD","1763258577","23477/2026-01-03/1763258577.json"
"581514","221282","2026-01-03","42.00","NZD","1763258577","23477/2026-01-03/1763258577.json"
"512557","146154","2026-01-03","45.00","NZD","1763258577","23477/2026-01-03/1763258577.json"
"365170","146153","2026-01-03","48.00","NZD","1763258577","23477/2026-01-03/1763258577.json"
"510807","146155","2026-01-03","52.00","NZD","1763258577","23477/2026-01-03/1763258577.json"
"581513","221281","2026-01-04","42.00","NZD","1763258577","23477/2026-01-04/1763258577.json"
"581514","221282","2026-01-04","42.00","NZD","1763258577","23477/2026-01-04/1763258577.json"
"512557","146154","2026-01-04","45.00","NZD","1763258577","23477/2026-01-04/1763258577.json"
"365170","146153","2026-01-04","48.00","NZD","1763258577","23477/2026-01-04/1763258577.json"
"510807","146155","2026-01-04","52.00","NZD","1763258577","23477/2026-01-04/1763258577.json"
"581513","221281","2026-01-05","36.00","NZD","1763258577","23477/2026-01-05/1763258577.json"
"581514","221282","2026-01-05","36.00","NZD","1763258577","23477/2026-01-05/1763258577.json"
"512557","146154","2026-01-05","45.00","NZD","1763258577","23477/2026-01-05/1763258577.json"
"365170","146153","2026-01-05","48.00","NZD","1763258577","23477/2026-01-05/1763258577.json"
"510807","146155","2026-01-05","52.00","NZD","1763258577","23477/2026-01-05/1763258577.json"
"581513","221281","2026-01-06","36.00","NZD","1763258577","23477/2026-01-06/1763258577.json"
"581514","221282","2026-01-06","36.00","NZD","1763258577","23477/2026-01-06/1763258577.json"
"512557","146154","2026-01-06","45.00","NZD","1763258577","23477/2026-01-06/1763258577.json"
"365170","146153","2026-01-06","48.00","NZD","1763258577","23477/2026-01-06/1763258577.json"
"510807","146155","2026-01-06","52.00","NZD","1763258577","23477/2026-01-06/1763258577.json"
"581513","221281","2026-01-07","36.00","NZD","1763258577","23477/2026-01-07/1763258577.json"
"581514","221282","2026-01-07","36.00","NZD","1763258577","23477/2026-01-07/1763258577.json"
"512557","146154","2026-01-07","45.00","NZD","1763258577","23477/2026-01-07/1763258577.json"
"365170","146153","2026-01-07","48.00","NZD","1763258577","23477/2026-01-07/1763258577.json"
"510807","146155","2026-01-07","52.00","NZD","1763258577","23477/2026-01-07/1763258577.json"
"581513","221281","2026-01-08","36.00","NZD","1763258577","23477/2026-01-08/1763258577.json"
"581514","221282","2026-01-08","36.00","NZD","1763258577","23477/2026-01-08/1763258577.json"
"512557","146154","2026-01-08","45.00","NZD","1763258577","23477/2026-01-08/1763258577.json"
"365170","146153","2026-01-08","48.00","NZD","1763258577","23477/2026-01-08/1763258577.json"
"510807","146155","2026-01-08","52.00","NZD","1763258577","23477/2026-01-08/1763258577.json"
"581513","221281","2026-01-09","36.00","NZD","1763258577","23477/2026-01-09/1763258577.json"
"581514","221282","2026-01-09","36.00","NZD","1763258577","23477/2026-01-09/1763258577.json"
"512557","146154","2026-01-09","45.00","NZD","1763258577","23477/2026-01-09/1763258577.json"
"365170","146153","2026-01-09","48.00","NZD","1763258577","23477/2026-01-09/1763258577.json"
"510807","146155","2026-01-09","52.00","NZD","1763258577","23477/2026-01-09/1763258577.json"
"581513","221281","2026-01-10","36.00","NZD","1763258577","23477/2026-01-10/1763258577.json"
"581514","221282","2026-01-10","36.00","NZD","1763258577","23477/2026-01-10/1763258577.json"
"512557","146154","2026-01-10","45.00","NZD","1763258577","23477/2026-01-10/1763258577.json"
"365170","146153","2026-01-10","48.00","NZD","1763258577","23477/2026-01-10/1763258577.json"
"510807","146155","2026-01-10","52.00","NZD","1763258577","23477/2026-01-10/1763258577.json"
"581513","221281","2026-01-11","36.00","NZD","1763258577","23477/2026-01-11/1763258577.json"
"581514","221282","2026-01-11","36.00","NZD","1763258577","23477/2026-01-11/1763258577.json"
"512557","146154","2026-01-11","45.00","NZD","1763258577","23477/2026-01-11/1763258577.json"
"365170","146153","2026-01-11","48.00","NZD","1763258577","23477/2026-01-11/1763258577.json"
"510807","146155","2026-01-11","52.00","NZD","1763258577","23477/2026-01-11/1763258577.json"
"581513","221281","2026-01-12","36.00","NZD","1763258577","23477/2026-01-12/1763258577.json"
"581514","221282","2026-01-12","36.00","NZD","1763258577","23477/2026-01-12/1763258577.json"
"512557","146154","2026-01-12","45.00","NZD","1763258577","23477/2026-01-12/1763258577.json"
"365170","146153","2026-01-12","48.00","NZD","1763258577","23477/2026-01-12/1763258577.json"
"510807","146155","2026-01-12","52.00","NZD","1763258577","23477/2026-01-12/1763258577.json"
"581513","221281","2026-01-13","36.00","NZD","1763258577","23477/2026-01-13/1763258577.json"
"581514","221282","2026-01-13","36.00","NZD","1763258577","23477/2026-01-13/1763258577.json"
"512557","146154","2026-01-13","45.00","NZD","1763258577","23477/2026-01-13/1763258577.json"
"365170","146153","2026-01-13","48.00","NZD","1763258577","23477/2026-01-13/1763258577.json"
"510807","146155","2026-01-13","52.00","NZD","1763258577","23477/2026-01-13/1763258577.json"
"581513","221281","2026-01-14","36.00","NZD","1763258577","23477/2026-01-14/1763258577.json"
"581514","221282","2026-01-14","36.00","NZD","1763258577","23477/2026-01-14/1763258577.json"
"512557","146154","2026-01-14","45.00","NZD","1763258577","23477/2026-01-14/1763258577.json"
"365170","146153","2026-01-14","48.00","NZD","1763258577","23477/2026-01-14/1763258577.json"
"510807","146155","2026-01-14","52.00","NZD","1763258577","23477/2026-01-14/1763258577.json"
"581513","221281","2026-01-15","36.00","NZD","1763258577","23477/2026-01-15/1763258577.json"
"581514","221282","2026-01-15","36.00","NZD","1763258577","23477/2026-01-15/1763258577.json"
"512557","146154","2026-01-15","45.00","NZD","1763258577","23477/2026-01-15/1763258577.json"
"365170","146153","2026-01-15","48.00","NZD","1763258577","23477/2026-01-15/1763258577.json"
"510807","146155","2026-01-15","52.00","NZD","1763258577","23477/2026-01-15/1763258577.json"
"581513","221281","2025-11-19","36.00","NZD","1763268030","23477/2025-11-19/1763268030.json"
"581513","221281","2025-11-17","36.00","NZD","1763268030","23477/2025-11-17/1763268030.json"
"581514","221282","2025-11-19","36.00","NZD","1763268030","23477/2025-11-19/1763268030.json"
"581514","221282","2025-11-17","36.00","NZD","1763268030","23477/2025-11-17/1763268030.json"
"512557","146154","2025-11-17","45.00","NZD","1763268030","23477/2025-11-17/1763268030.json"
"512557","146154","2025-11-19","45.00","NZD","1763268030","23477/2025-11-19/1763268030.json"
"365170","146153","2025-11-19","48.00","NZD","1763268030","23477/2025-11-19/1763268030.json"
"365170","146153","2025-11-17","48.00","NZD","1763268030","23477/2025-11-17/1763268030.json"
"510807","146155","2025-11-17","52.00","NZD","1763268030","23477/2025-11-17/1763268030.json"
"510807","146155","2025-11-19","52.00","NZD","1763268030","23477/2025-11-19/1763268030.json"
"581513","221281","2025-11-16","36.00","NZD","1763268030","23477/2025-11-16/1763268030.json"
"581514","221282","2025-11-16","36.00","NZD","1763268030","23477/2025-11-16/1763268030.json"
"512557","146154","2025-11-16","45.00","NZD","1763268030","23477/2025-11-16/1763268030.json"
"365170","146153","2025-11-16","48.00","NZD","1763268030","23477/2025-11-16/1763268030.json"
"510807","146155","2025-11-16","52.00","NZD","1763268030","23477/2025-11-16/1763268030.json"
"581513","221281","2025-11-18","36.00","NZD","1763268030","23477/2025-11-18/1763268030.json"
"581514","221282","2025-11-18","36.00","NZD","1763268030","23477/2025-11-18/1763268030.json"
"512557","146154","2025-11-18","45.00","NZD","1763268030","23477/2025-11-18/1763268030.json"
"365170","146153","2025-11-18","48.00","NZD","1763268030","23477/2025-11-18/1763268030.json"
"510807","146155","2025-11-18","52.00","NZD","1763268030","23477/2025-11-18/1763268030.json"
"581513","221281","2025-11-22","36.00","NZD","1763268030","23477/2025-11-22/1763268030.json"
"581514","221282","2025-11-22","36.00","NZD","1763268030","23477/2025-11-22/1763268030.json"
"512557","146154","2025-11-22","45.00","NZD","1763268030","23477/2025-11-22/1763268030.json"
"365170","146153","2025-11-22","48.00","NZD","1763268030","23477/2025-11-22/1763268030.json"
"510807","146155","2025-11-22","52.00","NZD","1763268030","23477/2025-11-22/1763268030.json"
"581513","221281","2025-11-20","36.00","NZD","1763268030","23477/2025-11-20/1763268030.json"
"581514","221282","2025-11-20","36.00","NZD","1763268030","23477/2025-11-20/1763268030.json"
"512557","146154","2025-11-20","45.00","NZD","1763268030","23477/2025-11-20/1763268030.json"
"365170","146153","2025-11-20","48.00","NZD","1763268030","23477/2025-11-20/1763268030.json"
"510807","146155","2025-11-20","52.00","NZD","1763268030","23477/2025-11-20/1763268030.json"
"581513","221281","2025-11-23","36.00","NZD","1763268030","23477/2025-11-23/1763268030.json"
"581514","221282","2025-11-23","36.00","NZD","1763268030","23477/2025-11-23/1763268030.json"
"512557","146154","2025-11-23","45.00","NZD","1763268030","23477/2025-11-23/1763268030.json"
"365170","146153","2025-11-23","48.00","NZD","1763268030","23477/2025-11-23/1763268030.json"
"510807","146155","2025-11-23","52.00","NZD","1763268030","23477/2025-11-23/1763268030.json"
"581513","221281","2025-11-21","36.00","NZD","1763268030","23477/2025-11-21/1763268030.json"
"581514","221282","2025-11-21","36.00","NZD","1763268030","23477/2025-11-21/1763268030.json"
"512557","146154","2025-11-21","45.00","NZD","1763268030","23477/2025-11-21/1763268030.json"
"365170","146153","2025-11-21","48.00","NZD","1763268030","23477/2025-11-21/1763268030.json"
"510807","146155","2025-11-21","52.00","NZD","1763268030","23477/2025-11-21/1763268030.json"
"581513","221281","2025-11-24","36.00","NZD","1763268030","23477/2025-11-24/1763268030.json"
"581514","221282","2025-11-24","36.00","NZD","1763268030","23477/2025-11-24/1763268030.json"
"512557","146154","2025-11-24","45.00","NZD","1763268030","23477/2025-11-24/1763268030.json"
"365170","146153","2025-11-24","48.00","NZD","1763268030","23477/2025-11-24/1763268030.json"
"510807","146155","2025-11-24","52.00","NZD","1763268030","23477/2025-11-24/1763268030.json"
"581513","221281","2025-11-26","36.00","NZD","1763268030","23477/2025-11-26/1763268030.json"
"581514","221282","2025-11-26","36.00","NZD","1763268030","23477/2025-11-26/1763268030.json"
"512557","146154","2025-11-26","45.00","NZD","1763268030","23477/2025-11-26/1763268030.json"
"365170","146153","2025-11-26","48.00","NZD","1763268030","23477/2025-11-26/1763268030.json"
"510807","146155","2025-11-26","52.00","NZD","1763268030","23477/2025-11-26/1763268030.json"
"581513","221281","2025-11-27","36.00","NZD","1763268030","23477/2025-11-27/1763268030.json"
"581514","221282","2025-11-27","36.00","NZD","1763268030","23477/2025-11-27/1763268030.json"
"512557","146154","2025-11-27","45.00","NZD","1763268030","23477/2025-11-27/1763268030.json"
"365170","146153","2025-11-27","48.00","NZD","1763268030","23477/2025-11-27/1763268030.json"
"510807","146155","2025-11-27","52.00","NZD","1763268030","23477/2025-11-27/1763268030.json"
"581513","221281","2025-11-25","36.00","NZD","1763268030","23477/2025-11-25/1763268030.json"
"581514","221282","2025-11-25","36.00","NZD","1763268030","23477/2025-11-25/1763268030.json"
"512557","146154","2025-11-25","45.00","NZD","1763268030","23477/2025-11-25/1763268030.json"
"365170","146153","2025-11-25","48.00","NZD","1763268030","23477/2025-11-25/1763268030.json"
"510807","146155","2025-11-25","52.00","NZD","1763268030","23477/2025-11-25/1763268030.json"
"581513","221281","2025-11-29","36.00","NZD","1763268030","23477/2025-11-29/1763268030.json"
"581514","221282","2025-11-29","36.00","NZD","1763268030","23477/2025-11-29/1763268030.json"
"512557","146154","2025-11-29","45.00","NZD","1763268030","23477/2025-11-29/1763268030.json"
"365170","146153","2025-11-29","48.00","NZD","1763268030","23477/2025-11-29/1763268030.json"
"510807","146155","2025-11-29","52.00","NZD","1763268030","23477/2025-11-29/1763268030.json"
"581513","221281","2025-11-30","36.00","NZD","1763268030","23477/2025-11-30/1763268030.json"
"581514","221282","2025-11-30","36.00","NZD","1763268030","23477/2025-11-30/1763268030.json"
"512557","146154","2025-11-30","45.00","NZD","1763268030","23477/2025-11-30/1763268030.json"
"365170","146153","2025-11-30","48.00","NZD","1763268030","23477/2025-11-30/1763268030.json"
"510807","146155","2025-11-30","52.00","NZD","1763268030","23477/2025-11-30/1763268030.json"
"581513","221281","2025-11-28","36.00","NZD","1763268030","23477/2025-11-28/1763268030.json"
"581514","221282","2025-11-28","36.00","NZD","1763268030","23477/2025-11-28/1763268030.json"
"512557","146154","2025-11-28","45.00","NZD","1763268030","23477/2025-11-28/1763268030.json"
"365170","146153","2025-11-28","48.00","NZD","1763268030","23477/2025-11-28/1763268030.json"
"510807","146155","2025-11-28","52.00","NZD","1763268030","23477/2025-11-28/1763268030.json"
"581513","221281","2025-12-01","36.00","NZD","1763268030","23477/2025-12-01/1763268030.json"
"581514","221282","2025-12-01","36.00","NZD","1763268030","23477/2025-12-01/1763268030.json"
"512557","146154","2025-12-01","45.00","NZD","1763268030","23477/2025-12-01/1763268030.json"
"365170","146153","2025-12-01","48.00","NZD","1763268030","23477/2025-12-01/1763268030.json"
"510807","146155","2025-12-01","52.00","NZD","1763268030","23477/2025-12-01/1763268030.json"
"581513","221281","2025-12-02","36.00","NZD","1763268030","23477/2025-12-02/1763268030.json"
"581514","221282","2025-12-02","36.00","NZD","1763268030","23477/2025-12-02/1763268030.json"
"512557","146154","2025-12-02","45.00","NZD","1763268030","23477/2025-12-02/1763268030.json"
"365170","146153","2025-12-02","48.00","NZD","1763268030","23477/2025-12-02/1763268030.json"
"510807","146155","2025-12-02","52.00","NZD","1763268030","23477/2025-12-02/1763268030.json"
"581513","221281","2025-12-03","36.00","NZD","1763268030","23477/2025-12-03/1763268030.json"
"581514","221282","2025-12-03","36.00","NZD","1763268030","23477/2025-12-03/1763268030.json"
"512557","146154","2025-12-03","45.00","NZD","1763268030","23477/2025-12-03/1763268030.json"
"365170","146153","2025-12-03","48.00","NZD","1763268030","23477/2025-12-03/1763268030.json"
"510807","146155","2025-12-03","52.00","NZD","1763268030","23477/2025-12-03/1763268030.json"
"581513","221281","2025-12-05","36.00","NZD","1763268030","23477/2025-12-05/1763268030.json"
"581514","221282","2025-12-05","36.00","NZD","1763268030","23477/2025-12-05/1763268030.json"
"512557","146154","2025-12-05","45.00","NZD","1763268030","23477/2025-12-05/1763268030.json"
"365170","146153","2025-12-05","48.00","NZD","1763268030","23477/2025-12-05/1763268030.json"
"510807","146155","2025-12-05","52.00","NZD","1763268030","23477/2025-12-05/1763268030.json"
"581513","221281","2025-12-04","36.00","NZD","1763268030","23477/2025-12-04/1763268030.json"
"581514","221282","2025-12-04","36.00","NZD","1763268030","23477/2025-12-04/1763268030.json"
"512557","146154","2025-12-04","45.00","NZD","1763268030","23477/2025-12-04/1763268030.json"
"365170","146153","2025-12-04","48.00","NZD","1763268030","23477/2025-12-04/1763268030.json"
"510807","146155","2025-12-04","52.00","NZD","1763268030","23477/2025-12-04/1763268030.json"
"581513","221281","2025-12-06","36.00","NZD","1763268030","23477/2025-12-06/1763268030.json"
"581514","221282","2025-12-06","36.00","NZD","1763268030","23477/2025-12-06/1763268030.json"
"512557","146154","2025-12-06","45.00","NZD","1763268030","23477/2025-12-06/1763268030.json"
"365170","146153","2025-12-06","48.00","NZD","1763268030","23477/2025-12-06/1763268030.json"
"510807","146155","2025-12-06","52.00","NZD","1763268030","23477/2025-12-06/1763268030.json"
"581513","221281","2025-12-07","36.00","NZD","1763268030","23477/2025-12-07/1763268030.json"
"581514","221282","2025-12-07","36.00","NZD","1763268030","23477/2025-12-07/1763268030.json"
"512557","146154","2025-12-07","45.00","NZD","1763268030","23477/2025-12-07/1763268030.json"
"365170","146153","2025-12-07","48.00","NZD","1763268030","23477/2025-12-07/1763268030.json"
"510807","146155","2025-12-07","52.00","NZD","1763268030","23477/2025-12-07/1763268030.json"
"581513","221281","2025-12-08","36.00","NZD","1763268030","23477/2025-12-08/1763268030.json"
"581514","221282","2025-12-08","36.00","NZD","1763268030","23477/2025-12-08/1763268030.json"
"512557","146154","2025-12-08","45.00","NZD","1763268030","23477/2025-12-08/1763268030.json"
"365170","146153","2025-12-08","48.00","NZD","1763268030","23477/2025-12-08/1763268030.json"
"510807","146155","2025-12-08","52.00","NZD","1763268030","23477/2025-12-08/1763268030.json"
"581513","221281","2025-12-09","36.00","NZD","1763268030","23477/2025-12-09/1763268030.json"
"581514","221282","2025-12-09","36.00","NZD","1763268030","23477/2025-12-09/1763268030.json"
"512557","146154","2025-12-09","45.00","NZD","1763268030","23477/2025-12-09/1763268030.json"
"365170","146153","2025-12-09","48.00","NZD","1763268030","23477/2025-12-09/1763268030.json"
"510807","146155","2025-12-09","52.00","NZD","1763268030","23477/2025-12-09/1763268030.json"
"581513","221281","2025-12-11","36.00","NZD","1763268030","23477/2025-12-11/1763268030.json"
"581514","221282","2025-12-11","36.00","NZD","1763268030","23477/2025-12-11/1763268030.json"
"512557","146154","2025-12-11","45.00","NZD","1763268030","23477/2025-12-11/1763268030.json"
"365170","146153","2025-12-11","48.00","NZD","1763268030","23477/2025-12-11/1763268030.json"
"510807","146155","2025-12-11","52.00","NZD","1763268030","23477/2025-12-11/1763268030.json"
"581513","221281","2025-12-10","36.00","NZD","1763268030","23477/2025-12-10/1763268030.json"
"581514","221282","2025-12-10","36.00","NZD","1763268030","23477/2025-12-10/1763268030.json"
"512557","146154","2025-12-10","45.00","NZD","1763268030","23477/2025-12-10/1763268030.json"
"365170","146153","2025-12-10","48.00","NZD","1763268030","23477/2025-12-10/1763268030.json"
"510807","146155","2025-12-10","52.00","NZD","1763268030","23477/2025-12-10/1763268030.json"
"581513","221281","2025-12-13","36.00","NZD","1763268030","23477/2025-12-13/1763268030.json"
"581514","221282","2025-12-13","36.00","NZD","1763268030","23477/2025-12-13/1763268030.json"
"512557","146154","2025-12-13","45.00","NZD","1763268030","23477/2025-12-13/1763268030.json"
"365170","146153","2025-12-13","48.00","NZD","1763268030","23477/2025-12-13/1763268030.json"
"510807","146155","2025-12-13","52.00","NZD","1763268030","23477/2025-12-13/1763268030.json"
"581513","221281","2025-12-12","36.00","NZD","1763268030","23477/2025-12-12/1763268030.json"
"581514","221282","2025-12-12","36.00","NZD","1763268030","23477/2025-12-12/1763268030.json"
"512557","146154","2025-12-12","45.00","NZD","1763268030","23477/2025-12-12/1763268030.json"
"365170","146153","2025-12-12","48.00","NZD","1763268030","23477/2025-12-12/1763268030.json"
"510807","146155","2025-12-12","52.00","NZD","1763268030","23477/2025-12-12/1763268030.json"
"581513","221281","2025-12-14","36.00","NZD","1763268030","23477/2025-12-14/1763268030.json"
"581514","221282","2025-12-14","36.00","NZD","1763268030","23477/2025-12-14/1763268030.json"
"512557","146154","2025-12-14","45.00","NZD","1763268030","23477/2025-12-14/1763268030.json"
"365170","146153","2025-12-14","48.00","NZD","1763268030","23477/2025-12-14/1763268030.json"
"510807","146155","2025-12-14","52.00","NZD","1763268030","23477/2025-12-14/1763268030.json"
"581513","221281","2025-12-17","36.00","NZD","1763268030","23477/2025-12-17/1763268030.json"
"581514","221282","2025-12-17","36.00","NZD","1763268030","23477/2025-12-17/1763268030.json"
"512557","146154","2025-12-17","45.00","NZD","1763268030","23477/2025-12-17/1763268030.json"
"365170","146153","2025-12-17","48.00","NZD","1763268030","23477/2025-12-17/1763268030.json"
"510807","146155","2025-12-17","52.00","NZD","1763268030","23477/2025-12-17/1763268030.json"
"581513","221281","2025-12-18","36.00","NZD","1763268030","23477/2025-12-18/1763268030.json"
"581514","221282","2025-12-18","36.00","NZD","1763268030","23477/2025-12-18/1763268030.json"
"512557","146154","2025-12-18","45.00","NZD","1763268030","23477/2025-12-18/1763268030.json"
"365170","146153","2025-12-18","48.00","NZD","1763268030","23477/2025-12-18/1763268030.json"
"510807","146155","2025-12-18","52.00","NZD","1763268030","23477/2025-12-18/1763268030.json"
"581513","221281","2025-12-15","36.00","NZD","1763268030","23477/2025-12-15/1763268030.json"
"581514","221282","2025-12-15","36.00","NZD","1763268030","23477/2025-12-15/1763268030.json"
"512557","146154","2025-12-15","45.00","NZD","1763268030","23477/2025-12-15/1763268030.json"
"365170","146153","2025-12-15","48.00","NZD","1763268030","23477/2025-12-15/1763268030.json"
"510807","146155","2025-12-15","52.00","NZD","1763268030","23477/2025-12-15/1763268030.json"
"581513","221281","2025-12-16","36.00","NZD","1763268030","23477/2025-12-16/1763268030.json"
"581514","221282","2025-12-16","36.00","NZD","1763268030","23477/2025-12-16/1763268030.json"
"512557","146154","2025-12-16","45.00","NZD","1763268030","23477/2025-12-16/1763268030.json"
"365170","146153","2025-12-16","48.00","NZD","1763268030","23477/2025-12-16/1763268030.json"
"510807","146155","2025-12-16","52.00","NZD","1763268030","23477/2025-12-16/1763268030.json"
"581513","221281","2025-12-19","36.00","NZD","1763268030","23477/2025-12-19/1763268030.json"
"581514","221282","2025-12-19","36.00","NZD","1763268030","23477/2025-12-19/1763268030.json"
"512557","146154","2025-12-19","45.00","NZD","1763268030","23477/2025-12-19/1763268030.json"
"365170","146153","2025-12-19","48.00","NZD","1763268030","23477/2025-12-19/1763268030.json"
"510807","146155","2025-12-19","52.00","NZD","1763268030","23477/2025-12-19/1763268030.json"
"581513","221281","2025-12-20","36.00","NZD","1763268030","23477/2025-12-20/1763268030.json"
"581514","221282","2025-12-20","36.00","NZD","1763268030","23477/2025-12-20/1763268030.json"
"512557","146154","2025-12-20","45.00","NZD","1763268030","23477/2025-12-20/1763268030.json"
"365170","146153","2025-12-20","48.00","NZD","1763268030","23477/2025-12-20/1763268030.json"
"510807","146155","2025-12-20","52.00","NZD","1763268030","23477/2025-12-20/1763268030.json"
"581513","221281","2025-12-21","36.00","NZD","1763268030","23477/2025-12-21/1763268030.json"
"581514","221282","2025-12-21","36.00","NZD","1763268030","23477/2025-12-21/1763268030.json"
"512557","146154","2025-12-21","45.00","NZD","1763268030","23477/2025-12-21/1763268030.json"
"365170","146153","2025-12-21","48.00","NZD","1763268030","23477/2025-12-21/1763268030.json"
"581513","221281","2025-12-22","36.00","NZD","1763268030","23477/2025-12-22/1763268030.json"
"510807","146155","2025-12-21","52.00","NZD","1763268030","23477/2025-12-21/1763268030.json"
"581514","221282","2025-12-22","36.00","NZD","1763268030","23477/2025-12-22/1763268030.json"
"512557","146154","2025-12-22","45.00","NZD","1763268030","23477/2025-12-22/1763268030.json"
"365170","146153","2025-12-22","48.00","NZD","1763268030","23477/2025-12-22/1763268030.json"
"510807","146155","2025-12-22","52.00","NZD","1763268030","23477/2025-12-22/1763268030.json"
"581513","221281","2025-12-23","38.00","NZD","1763268030","23477/2025-12-23/1763268030.json"
"581514","221282","2025-12-23","38.00","NZD","1763268030","23477/2025-12-23/1763268030.json"
"512557","146154","2025-12-23","45.00","NZD","1763268030","23477/2025-12-23/1763268030.json"
"365170","146153","2025-12-23","48.00","NZD","1763268030","23477/2025-12-23/1763268030.json"
"510807","146155","2025-12-23","52.00","NZD","1763268030","23477/2025-12-23/1763268030.json"
"581513","221281","2025-12-24","38.00","NZD","1763268030","23477/2025-12-24/1763268030.json"
"581514","221282","2025-12-24","38.00","NZD","1763268030","23477/2025-12-24/1763268030.json"
"512557","146154","2025-12-24","45.00","NZD","1763268030","23477/2025-12-24/1763268030.json"
"365170","146153","2025-12-24","48.00","NZD","1763268030","23477/2025-12-24/1763268030.json"
"510807","146155","2025-12-24","52.00","NZD","1763268030","23477/2025-12-24/1763268030.json"
"581513","221281","2025-12-25","38.00","NZD","1763268030","23477/2025-12-25/1763268030.json"
"581514","221282","2025-12-25","38.00","NZD","1763268030","23477/2025-12-25/1763268030.json"
"512557","146154","2025-12-25","45.00","NZD","1763268030","23477/2025-12-25/1763268030.json"
"365170","146153","2025-12-25","48.00","NZD","1763268030","23477/2025-12-25/1763268030.json"
"510807","146155","2025-12-25","52.00","NZD","1763268030","23477/2025-12-25/1763268030.json"
"581513","221281","2025-12-26","42.00","NZD","1763268030","23477/2025-12-26/1763268030.json"
"581514","221282","2025-12-26","42.00","NZD","1763268030","23477/2025-12-26/1763268030.json"
"512557","146154","2025-12-26","45.00","NZD","1763268030","23477/2025-12-26/1763268030.json"
"365170","146153","2025-12-26","48.00","NZD","1763268030","23477/2025-12-26/1763268030.json"
"510807","146155","2025-12-26","52.00","NZD","1763268030","23477/2025-12-26/1763268030.json"
"581513","221281","2025-12-27","42.00","NZD","1763268030","23477/2025-12-27/1763268030.json"
"581514","221282","2025-12-27","42.00","NZD","1763268030","23477/2025-12-27/1763268030.json"
"512557","146154","2025-12-27","45.00","NZD","1763268030","23477/2025-12-27/1763268030.json"
"365170","146153","2025-12-27","48.00","NZD","1763268030","23477/2025-12-27/1763268030.json"
"510807","146155","2025-12-27","52.00","NZD","1763268030","23477/2025-12-27/1763268030.json"
"581513","221281","2025-12-29","42.00","NZD","1763268030","23477/2025-12-29/1763268030.json"
"581514","221282","2025-12-29","42.00","NZD","1763268030","23477/2025-12-29/1763268030.json"
"512557","146154","2025-12-29","45.00","NZD","1763268030","23477/2025-12-29/1763268030.json"
"365170","146153","2025-12-29","48.00","NZD","1763268030","23477/2025-12-29/1763268030.json"
"581513","221281","2025-12-30","42.00","NZD","1763268030","23477/2025-12-30/1763268030.json"
"581514","221282","2025-12-30","42.00","NZD","1763268030","23477/2025-12-30/1763268030.json"
"512557","146154","2025-12-30","45.00","NZD","1763268030","23477/2025-12-30/1763268030.json"
"365170","146153","2025-12-30","48.00","NZD","1763268030","23477/2025-12-30/1763268030.json"
"510807","146155","2025-12-30","52.00","NZD","1763268030","23477/2025-12-30/1763268030.json"
"510807","146155","2025-12-29","52.00","NZD","1763268030","23477/2025-12-29/1763268030.json"
"581513","221281","2025-12-28","42.00","NZD","1763268030","23477/2025-12-28/1763268030.json"
"581514","221282","2025-12-28","42.00","NZD","1763268030","23477/2025-12-28/1763268030.json"
"512557","146154","2025-12-28","45.00","NZD","1763268030","23477/2025-12-28/1763268030.json"
"365170","146153","2025-12-28","48.00","NZD","1763268030","23477/2025-12-28/1763268030.json"
"510807","146155","2025-12-28","52.00","NZD","1763268030","23477/2025-12-28/1763268030.json"
"581513","221281","2025-12-31","42.00","NZD","1763268030","23477/2025-12-31/1763268030.json"
"581514","221282","2025-12-31","42.00","NZD","1763268030","23477/2025-12-31/1763268030.json"
"512557","146154","2025-12-31","45.00","NZD","1763268030","23477/2025-12-31/1763268030.json"
"365170","146153","2025-12-31","48.00","NZD","1763268030","23477/2025-12-31/1763268030.json"
"510807","146155","2025-12-31","52.00","NZD","1763268030","23477/2025-12-31/1763268030.json"
"581513","221281","2026-01-01","42.00","NZD","1763268030","23477/2026-01-01/1763268030.json"
"581514","221282","2026-01-01","42.00","NZD","1763268030","23477/2026-01-01/1763268030.json"
"512557","146154","2026-01-01","45.00","NZD","1763268030","23477/2026-01-01/1763268030.json"
"365170","146153","2026-01-01","48.00","NZD","1763268030","23477/2026-01-01/1763268030.json"
"510807","146155","2026-01-01","52.00","NZD","1763268030","23477/2026-01-01/1763268030.json"
"581513","221281","2026-01-03","42.00","NZD","1763268030","23477/2026-01-03/1763268030.json"
"581514","221282","2026-01-03","42.00","NZD","1763268030","23477/2026-01-03/1763268030.json"
"512557","146154","2026-01-03","45.00","NZD","1763268030","23477/2026-01-03/1763268030.json"
"365170","146153","2026-01-03","48.00","NZD","1763268030","23477/2026-01-03/1763268030.json"
"510807","146155","2026-01-03","52.00","NZD","1763268030","23477/2026-01-03/1763268030.json"
"581513","221281","2026-01-04","42.00","NZD","1763268030","23477/2026-01-04/1763268030.json"
"581514","221282","2026-01-04","42.00","NZD","1763268030","23477/2026-01-04/1763268030.json"
"512557","146154","2026-01-04","45.00","NZD","1763268030","23477/2026-01-04/1763268030.json"
"365170","146153","2026-01-04","48.00","NZD","1763268030","23477/2026-01-04/1763268030.json"
"510807","146155","2026-01-04","52.00","NZD","1763268030","23477/2026-01-04/1763268030.json"
"581513","221281","2026-01-02","42.00","NZD","1763268030","23477/2026-01-02/1763268030.json"
"581514","221282","2026-01-02","42.00","NZD","1763268030","23477/2026-01-02/1763268030.json"
"512557","146154","2026-01-02","45.00","NZD","1763268030","23477/2026-01-02/1763268030.json"
"365170","146153","2026-01-02","48.00","NZD","1763268030","23477/2026-01-02/1763268030.json"
"510807","146155","2026-01-02","52.00","NZD","1763268030","23477/2026-01-02/1763268030.json"
"581513","221281","2026-01-05","36.00","NZD","1763268030","23477/2026-01-05/1763268030.json"
"581514","221282","2026-01-05","36.00","NZD","1763268030","23477/2026-01-05/1763268030.json"
"512557","146154","2026-01-05","45.00","NZD","1763268030","23477/2026-01-05/1763268030.json"
"365170","146153","2026-01-05","48.00","NZD","1763268030","23477/2026-01-05/1763268030.json"
"510807","146155","2026-01-05","52.00","NZD","1763268030","23477/2026-01-05/1763268030.json"
"581513","221281","2026-01-06","36.00","NZD","1763268030","23477/2026-01-06/1763268030.json"
"581514","221282","2026-01-06","36.00","NZD","1763268030","23477/2026-01-06/1763268030.json"
"512557","146154","2026-01-06","45.00","NZD","1763268030","23477/2026-01-06/1763268030.json"
"365170","146153","2026-01-06","48.00","NZD","1763268030","23477/2026-01-06/1763268030.json"
"510807","146155","2026-01-06","52.00","NZD","1763268030","23477/2026-01-06/1763268030.json"
"581513","221281","2026-01-07","36.00","NZD","1763268030","23477/2026-01-07/1763268030.json"
"581514","221282","2026-01-07","36.00","NZD","1763268030","23477/2026-01-07/1763268030.json"
"512557","146154","2026-01-07","45.00","NZD","1763268030","23477/2026-01-07/1763268030.json"
"365170","146153","2026-01-07","48.00","NZD","1763268030","23477/2026-01-07/1763268030.json"
"510807","146155","2026-01-07","52.00","NZD","1763268030","23477/2026-01-07/1763268030.json"
"581513","221281","2026-01-08","36.00","NZD","1763268030","23477/2026-01-08/1763268030.json"
"581514","221282","2026-01-08","36.00","NZD","1763268030","23477/2026-01-08/1763268030.json"
"512557","146154","2026-01-08","45.00","NZD","1763268030","23477/2026-01-08/1763268030.json"
"365170","146153","2026-01-08","48.00","NZD","1763268030","23477/2026-01-08/1763268030.json"
"510807","146155","2026-01-08","52.00","NZD","1763268030","23477/2026-01-08/1763268030.json"
"581513","221281","2026-01-09","36.00","NZD","1763268030","23477/2026-01-09/1763268030.json"
"581514","221282","2026-01-09","36.00","NZD","1763268030","23477/2026-01-09/1763268030.json"
"512557","146154","2026-01-09","45.00","NZD","1763268030","23477/2026-01-09/1763268030.json"
"365170","146153","2026-01-09","48.00","NZD","1763268030","23477/2026-01-09/1763268030.json"
"510807","146155","2026-01-09","52.00","NZD","1763268030","23477/2026-01-09/1763268030.json"
"581513","221281","2026-01-10","36.00","NZD","1763268030","23477/2026-01-10/1763268030.json"
"581514","221282","2026-01-10","36.00","NZD","1763268030","23477/2026-01-10/1763268030.json"
"512557","146154","2026-01-10","45.00","NZD","1763268030","23477/2026-01-10/1763268030.json"
"365170","146153","2026-01-10","48.00","NZD","1763268030","23477/2026-01-10/1763268030.json"
"510807","146155","2026-01-10","52.00","NZD","1763268030","23477/2026-01-10/1763268030.json"
"581513","221281","2026-01-11","36.00","NZD","1763268030","23477/2026-01-11/1763268030.json"
"581514","221282","2026-01-11","36.00","NZD","1763268030","23477/2026-01-11/1763268030.json"
"512557","146154","2026-01-11","45.00","NZD","1763268030","23477/2026-01-11/1763268030.json"
"365170","146153","2026-01-11","48.00","NZD","1763268030","23477/2026-01-11/1763268030.json"
"510807","146155","2026-01-11","52.00","NZD","1763268030","23477/2026-01-11/1763268030.json"
"581513","221281","2026-01-12","36.00","NZD","1763268030","23477/2026-01-12/1763268030.json"
"581514","221282","2026-01-12","36.00","NZD","1763268030","23477/2026-01-12/1763268030.json"
"512557","146154","2026-01-12","45.00","NZD","1763268030","23477/2026-01-12/1763268030.json"
"365170","146153","2026-01-12","48.00","NZD","1763268030","23477/2026-01-12/1763268030.json"
"510807","146155","2026-01-12","52.00","NZD","1763268030","23477/2026-01-12/1763268030.json"
"581513","221281","2026-01-13","36.00","NZD","1763268030","23477/2026-01-13/1763268030.json"
"581514","221282","2026-01-13","36.00","NZD","1763268030","23477/2026-01-13/1763268030.json"
"512557","146154","2026-01-13","45.00","NZD","1763268030","23477/2026-01-13/1763268030.json"
"365170","146153","2026-01-13","48.00","NZD","1763268030","23477/2026-01-13/1763268030.json"
"510807","146155","2026-01-13","52.00","NZD","1763268030","23477/2026-01-13/1763268030.json"
"581513","221281","2026-01-15","36.00","NZD","1763268030","23477/2026-01-15/1763268030.json"
"581514","221282","2026-01-15","36.00","NZD","1763268030","23477/2026-01-15/1763268030.json"
"512557","146154","2026-01-15","45.00","NZD","1763268030","23477/2026-01-15/1763268030.json"
"365170","146153","2026-01-15","48.00","NZD","1763268030","23477/2026-01-15/1763268030.json"
"510807","146155","2026-01-15","52.00","NZD","1763268030","23477/2026-01-15/1763268030.json"
"581513","221281","2026-01-14","36.00","NZD","1763268030","23477/2026-01-14/1763268030.json"
"581514","221282","2026-01-14","36.00","NZD","1763268030","23477/2026-01-14/1763268030.json"
"512557","146154","2026-01-14","45.00","NZD","1763268030","23477/2026-01-14/1763268030.json"
"365170","146153","2026-01-14","48.00","NZD","1763268030","23477/2026-01-14/1763268030.json"
"510807","146155","2026-01-14","52.00","NZD","1763268030","23477/2026-01-14/1763268030.json"
"581513","221281","2025-11-19","36.00","NZD","1763282569","23477/2025-11-19/1763282569.json"
"581514","221282","2025-11-19","36.00","NZD","1763282569","23477/2025-11-19/1763282569.json"
"512557","146154","2025-11-19","45.00","NZD","1763282569","23477/2025-11-19/1763282569.json"
"365170","146153","2025-11-19","48.00","NZD","1763282569","23477/2025-11-19/1763282569.json"
"510807","146155","2025-11-19","52.00","NZD","1763282569","23477/2025-11-19/1763282569.json"
"581513","221281","2025-11-16","36.00","NZD","1763282569","23477/2025-11-16/1763282569.json"
"581514","221282","2025-11-16","36.00","NZD","1763282569","23477/2025-11-16/1763282569.json"
"512557","146154","2025-11-16","45.00","NZD","1763282569","23477/2025-11-16/1763282569.json"
"365170","146153","2025-11-16","48.00","NZD","1763282569","23477/2025-11-16/1763282569.json"
"510807","146155","2025-11-16","52.00","NZD","1763282569","23477/2025-11-16/1763282569.json"
"581513","221281","2025-11-17","36.00","NZD","1763282569","23477/2025-11-17/1763282569.json"
"581514","221282","2025-11-17","36.00","NZD","1763282569","23477/2025-11-17/1763282569.json"
"512557","146154","2025-11-17","45.00","NZD","1763282569","23477/2025-11-17/1763282569.json"
"365170","146153","2025-11-17","48.00","NZD","1763282569","23477/2025-11-17/1763282569.json"
"510807","146155","2025-11-17","52.00","NZD","1763282569","23477/2025-11-17/1763282569.json"
"581513","221281","2025-11-18","36.00","NZD","1763282569","23477/2025-11-18/1763282569.json"
"581514","221282","2025-11-18","36.00","NZD","1763282569","23477/2025-11-18/1763282569.json"
"512557","146154","2025-11-18","45.00","NZD","1763282569","23477/2025-11-18/1763282569.json"
"365170","146153","2025-11-18","48.00","NZD","1763282569","23477/2025-11-18/1763282569.json"
"510807","146155","2025-11-18","52.00","NZD","1763282569","23477/2025-11-18/1763282569.json"
"581513","221281","2025-11-20","36.00","NZD","1763282569","23477/2025-11-20/1763282569.json"
"581514","221282","2025-11-20","36.00","NZD","1763282569","23477/2025-11-20/1763282569.json"
"512557","146154","2025-11-20","45.00","NZD","1763282569","23477/2025-11-20/1763282569.json"
"365170","146153","2025-11-20","48.00","NZD","1763282569","23477/2025-11-20/1763282569.json"
"510807","146155","2025-11-20","52.00","NZD","1763282569","23477/2025-11-20/1763282569.json"
"581513","221281","2025-11-23","36.00","NZD","1763282569","23477/2025-11-23/1763282569.json"
"581514","221282","2025-11-23","36.00","NZD","1763282569","23477/2025-11-23/1763282569.json"
"512557","146154","2025-11-23","45.00","NZD","1763282569","23477/2025-11-23/1763282569.json"
"365170","146153","2025-11-23","48.00","NZD","1763282569","23477/2025-11-23/1763282569.json"
"510807","146155","2025-11-23","52.00","NZD","1763282569","23477/2025-11-23/1763282569.json"
"581513","221281","2025-11-22","36.00","NZD","1763282569","23477/2025-11-22/1763282569.json"
"581514","221282","2025-11-22","36.00","NZD","1763282569","23477/2025-11-22/1763282569.json"
"512557","146154","2025-11-22","45.00","NZD","1763282569","23477/2025-11-22/1763282569.json"
"365170","146153","2025-11-22","48.00","NZD","1763282569","23477/2025-11-22/1763282569.json"
"510807","146155","2025-11-22","52.00","NZD","1763282569","23477/2025-11-22/1763282569.json"
"581513","221281","2025-11-21","36.00","NZD","1763282569","23477/2025-11-21/1763282569.json"
"581514","221282","2025-11-21","36.00","NZD","1763282569","23477/2025-11-21/1763282569.json"
"512557","146154","2025-11-21","45.00","NZD","1763282569","23477/2025-11-21/1763282569.json"
"365170","146153","2025-11-21","48.00","NZD","1763282569","23477/2025-11-21/1763282569.json"
"510807","146155","2025-11-21","52.00","NZD","1763282569","23477/2025-11-21/1763282569.json"
"581513","221281","2025-11-24","36.00","NZD","1763282569","23477/2025-11-24/1763282569.json"
"581514","221282","2025-11-24","36.00","NZD","1763282569","23477/2025-11-24/1763282569.json"
"512557","146154","2025-11-24","45.00","NZD","1763282569","23477/2025-11-24/1763282569.json"
"365170","146153","2025-11-24","48.00","NZD","1763282569","23477/2025-11-24/1763282569.json"
"510807","146155","2025-11-24","52.00","NZD","1763282569","23477/2025-11-24/1763282569.json"
"581513","221281","2025-11-25","36.00","NZD","1763282569","23477/2025-11-25/1763282569.json"
"581514","221282","2025-11-25","36.00","NZD","1763282569","23477/2025-11-25/1763282569.json"
"512557","146154","2025-11-25","45.00","NZD","1763282569","23477/2025-11-25/1763282569.json"
"365170","146153","2025-11-25","48.00","NZD","1763282569","23477/2025-11-25/1763282569.json"
"510807","146155","2025-11-25","52.00","NZD","1763282569","23477/2025-11-25/1763282569.json"
"581513","221281","2025-11-26","36.00","NZD","1763282569","23477/2025-11-26/1763282569.json"
"581514","221282","2025-11-26","36.00","NZD","1763282569","23477/2025-11-26/1763282569.json"
"512557","146154","2025-11-26","45.00","NZD","1763282569","23477/2025-11-26/1763282569.json"
"365170","146153","2025-11-26","48.00","NZD","1763282569","23477/2025-11-26/1763282569.json"
"510807","146155","2025-11-26","52.00","NZD","1763282569","23477/2025-11-26/1763282569.json"
"581513","221281","2025-11-27","36.00","NZD","1763282569","23477/2025-11-27/1763282569.json"
"581514","221282","2025-11-27","36.00","NZD","1763282569","23477/2025-11-27/1763282569.json"
"512557","146154","2025-11-27","45.00","NZD","1763282569","23477/2025-11-27/1763282569.json"
"365170","146153","2025-11-27","48.00","NZD","1763282569","23477/2025-11-27/1763282569.json"
"510807","146155","2025-11-27","52.00","NZD","1763282569","23477/2025-11-27/1763282569.json"
"581513","221281","2025-11-28","36.00","NZD","1763282569","23477/2025-11-28/1763282569.json"
"581514","221282","2025-11-28","36.00","NZD","1763282569","23477/2025-11-28/1763282569.json"
"512557","146154","2025-11-28","45.00","NZD","1763282569","23477/2025-11-28/1763282569.json"
"365170","146153","2025-11-28","48.00","NZD","1763282569","23477/2025-11-28/1763282569.json"
"510807","146155","2025-11-28","52.00","NZD","1763282569","23477/2025-11-28/1763282569.json"
"581513","221281","2025-11-30","36.00","NZD","1763282569","23477/2025-11-30/1763282569.json"
"581514","221282","2025-11-30","36.00","NZD","1763282569","23477/2025-11-30/1763282569.json"
"512557","146154","2025-11-30","45.00","NZD","1763282569","23477/2025-11-30/1763282569.json"
"365170","146153","2025-11-30","48.00","NZD","1763282569","23477/2025-11-30/1763282569.json"
"510807","146155","2025-11-30","52.00","NZD","1763282569","23477/2025-11-30/1763282569.json"
"581513","221281","2025-11-29","36.00","NZD","1763282569","23477/2025-11-29/1763282569.json"
"581514","221282","2025-11-29","36.00","NZD","1763282569","23477/2025-11-29/1763282569.json"
"512557","146154","2025-11-29","45.00","NZD","1763282569","23477/2025-11-29/1763282569.json"
"365170","146153","2025-11-29","48.00","NZD","1763282569","23477/2025-11-29/1763282569.json"
"510807","146155","2025-11-29","52.00","NZD","1763282569","23477/2025-11-29/1763282569.json"
"581513","221281","2025-12-01","36.00","NZD","1763282569","23477/2025-12-01/1763282569.json"
"581514","221282","2025-12-01","36.00","NZD","1763282569","23477/2025-12-01/1763282569.json"
"512557","146154","2025-12-01","45.00","NZD","1763282569","23477/2025-12-01/1763282569.json"
"365170","146153","2025-12-01","48.00","NZD","1763282569","23477/2025-12-01/1763282569.json"
"510807","146155","2025-12-01","52.00","NZD","1763282569","23477/2025-12-01/1763282569.json"
"581513","221281","2025-12-02","36.00","NZD","1763282569","23477/2025-12-02/1763282569.json"
"581514","221282","2025-12-02","36.00","NZD","1763282569","23477/2025-12-02/1763282569.json"
"512557","146154","2025-12-02","45.00","NZD","1763282569","23477/2025-12-02/1763282569.json"
"365170","146153","2025-12-02","48.00","NZD","1763282569","23477/2025-12-02/1763282569.json"
"510807","146155","2025-12-02","52.00","NZD","1763282569","23477/2025-12-02/1763282569.json"
"581513","221281","2025-12-04","36.00","NZD","1763282569","23477/2025-12-04/1763282569.json"
"581514","221282","2025-12-04","36.00","NZD","1763282569","23477/2025-12-04/1763282569.json"
"512557","146154","2025-12-04","45.00","NZD","1763282569","23477/2025-12-04/1763282569.json"
"365170","146153","2025-12-04","48.00","NZD","1763282569","23477/2025-12-04/1763282569.json"
"510807","146155","2025-12-04","52.00","NZD","1763282569","23477/2025-12-04/1763282569.json"
"581513","221281","2025-12-03","36.00","NZD","1763282569","23477/2025-12-03/1763282569.json"
"581513","221281","2025-12-05","36.00","NZD","1763282569","23477/2025-12-05/1763282569.json"
"581514","221282","2025-12-03","36.00","NZD","1763282569","23477/2025-12-03/1763282569.json"
"512557","146154","2025-12-03","45.00","NZD","1763282569","23477/2025-12-03/1763282569.json"
"581514","221282","2025-12-05","36.00","NZD","1763282569","23477/2025-12-05/1763282569.json"
"365170","146153","2025-12-03","48.00","NZD","1763282569","23477/2025-12-03/1763282569.json"
"512557","146154","2025-12-05","45.00","NZD","1763282569","23477/2025-12-05/1763282569.json"
"510807","146155","2025-12-03","52.00","NZD","1763282569","23477/2025-12-03/1763282569.json"
"365170","146153","2025-12-05","48.00","NZD","1763282569","23477/2025-12-05/1763282569.json"
"510807","146155","2025-12-05","52.00","NZD","1763282569","23477/2025-12-05/1763282569.json"
"581513","221281","2025-12-06","36.00","NZD","1763282569","23477/2025-12-06/1763282569.json"
"581514","221282","2025-12-06","36.00","NZD","1763282569","23477/2025-12-06/1763282569.json"
"512557","146154","2025-12-06","45.00","NZD","1763282569","23477/2025-12-06/1763282569.json"
"365170","146153","2025-12-06","48.00","NZD","1763282569","23477/2025-12-06/1763282569.json"
"510807","146155","2025-12-06","52.00","NZD","1763282569","23477/2025-12-06/1763282569.json"
"581513","221281","2025-12-07","36.00","NZD","1763282569","23477/2025-12-07/1763282569.json"
"581514","221282","2025-12-07","36.00","NZD","1763282569","23477/2025-12-07/1763282569.json"
"512557","146154","2025-12-07","45.00","NZD","1763282569","23477/2025-12-07/1763282569.json"
"365170","146153","2025-12-07","48.00","NZD","1763282569","23477/2025-12-07/1763282569.json"
"510807","146155","2025-12-07","52.00","NZD","1763282569","23477/2025-12-07/1763282569.json"
"581513","221281","2025-12-09","36.00","NZD","1763282569","23477/2025-12-09/1763282569.json"
"581514","221282","2025-12-09","36.00","NZD","1763282569","23477/2025-12-09/1763282569.json"
"512557","146154","2025-12-09","45.00","NZD","1763282569","23477/2025-12-09/1763282569.json"
"365170","146153","2025-12-09","48.00","NZD","1763282569","23477/2025-12-09/1763282569.json"
"510807","146155","2025-12-09","52.00","NZD","1763282569","23477/2025-12-09/1763282569.json"
"581513","221281","2025-12-08","36.00","NZD","1763282569","23477/2025-12-08/1763282569.json"
"581514","221282","2025-12-08","36.00","NZD","1763282569","23477/2025-12-08/1763282569.json"
"512557","146154","2025-12-08","45.00","NZD","1763282569","23477/2025-12-08/1763282569.json"
"365170","146153","2025-12-08","48.00","NZD","1763282569","23477/2025-12-08/1763282569.json"
"510807","146155","2025-12-08","52.00","NZD","1763282569","23477/2025-12-08/1763282569.json"
"581513","221281","2025-12-10","36.00","NZD","1763282569","23477/2025-12-10/1763282569.json"
"581514","221282","2025-12-10","36.00","NZD","1763282569","23477/2025-12-10/1763282569.json"
"512557","146154","2025-12-10","45.00","NZD","1763282569","23477/2025-12-10/1763282569.json"
"365170","146153","2025-12-10","48.00","NZD","1763282569","23477/2025-12-10/1763282569.json"
"510807","146155","2025-12-10","52.00","NZD","1763282569","23477/2025-12-10/1763282569.json"
"581513","221281","2025-12-11","36.00","NZD","1763282569","23477/2025-12-11/1763282569.json"
"581514","221282","2025-12-11","36.00","NZD","1763282569","23477/2025-12-11/1763282569.json"
"512557","146154","2025-12-11","45.00","NZD","1763282569","23477/2025-12-11/1763282569.json"
"365170","146153","2025-12-11","48.00","NZD","1763282569","23477/2025-12-11/1763282569.json"
"510807","146155","2025-12-11","52.00","NZD","1763282569","23477/2025-12-11/1763282569.json"
"581513","221281","2025-12-12","36.00","NZD","1763282569","23477/2025-12-12/1763282569.json"
"581514","221282","2025-12-12","36.00","NZD","1763282569","23477/2025-12-12/1763282569.json"
"512557","146154","2025-12-12","45.00","NZD","1763282569","23477/2025-12-12/1763282569.json"
"365170","146153","2025-12-12","48.00","NZD","1763282569","23477/2025-12-12/1763282569.json"
"510807","146155","2025-12-12","52.00","NZD","1763282569","23477/2025-12-12/1763282569.json"
"581513","221281","2025-12-14","36.00","NZD","1763282569","23477/2025-12-14/1763282569.json"
"581514","221282","2025-12-14","36.00","NZD","1763282569","23477/2025-12-14/1763282569.json"
"512557","146154","2025-12-14","45.00","NZD","1763282569","23477/2025-12-14/1763282569.json"
"365170","146153","2025-12-14","48.00","NZD","1763282569","23477/2025-12-14/1763282569.json"
"510807","146155","2025-12-14","52.00","NZD","1763282569","23477/2025-12-14/1763282569.json"
"581513","221281","2025-12-13","36.00","NZD","1763282569","23477/2025-12-13/1763282569.json"
"581514","221282","2025-12-13","36.00","NZD","1763282569","23477/2025-12-13/1763282569.json"
"512557","146154","2025-12-13","45.00","NZD","1763282569","23477/2025-12-13/1763282569.json"
"365170","146153","2025-12-13","48.00","NZD","1763282569","23477/2025-12-13/1763282569.json"
"510807","146155","2025-12-13","52.00","NZD","1763282569","23477/2025-12-13/1763282569.json"
"581513","221281","2025-12-15","36.00","NZD","1763282569","23477/2025-12-15/1763282569.json"
"581514","221282","2025-12-15","36.00","NZD","1763282569","23477/2025-12-15/1763282569.json"
"512557","146154","2025-12-15","45.00","NZD","1763282569","23477/2025-12-15/1763282569.json"
"365170","146153","2025-12-15","48.00","NZD","1763282569","23477/2025-12-15/1763282569.json"
"510807","146155","2025-12-15","52.00","NZD","1763282569","23477/2025-12-15/1763282569.json"
"581513","221281","2025-12-16","36.00","NZD","1763282569","23477/2025-12-16/1763282569.json"
"581514","221282","2025-12-16","36.00","NZD","1763282569","23477/2025-12-16/1763282569.json"
"512557","146154","2025-12-16","45.00","NZD","1763282569","23477/2025-12-16/1763282569.json"
"365170","146153","2025-12-16","48.00","NZD","1763282569","23477/2025-12-16/1763282569.json"
"510807","146155","2025-12-16","52.00","NZD","1763282569","23477/2025-12-16/1763282569.json"
"581513","221281","2025-12-18","36.00","NZD","1763282569","23477/2025-12-18/1763282569.json"
"581514","221282","2025-12-18","36.00","NZD","1763282569","23477/2025-12-18/1763282569.json"
"512557","146154","2025-12-18","45.00","NZD","1763282569","23477/2025-12-18/1763282569.json"
"365170","146153","2025-12-18","48.00","NZD","1763282569","23477/2025-12-18/1763282569.json"
"510807","146155","2025-12-18","52.00","NZD","1763282569","23477/2025-12-18/1763282569.json"
"581513","221281","2025-12-19","36.00","NZD","1763282569","23477/2025-12-19/1763282569.json"
"581514","221282","2025-12-19","36.00","NZD","1763282569","23477/2025-12-19/1763282569.json"
"512557","146154","2025-12-19","45.00","NZD","1763282569","23477/2025-12-19/1763282569.json"
"365170","146153","2025-12-19","48.00","NZD","1763282569","23477/2025-12-19/1763282569.json"
"510807","146155","2025-12-19","52.00","NZD","1763282569","23477/2025-12-19/1763282569.json"
"581513","221281","2025-12-17","36.00","NZD","1763282569","23477/2025-12-17/1763282569.json"
"581514","221282","2025-12-17","36.00","NZD","1763282569","23477/2025-12-17/1763282569.json"
"512557","146154","2025-12-17","45.00","NZD","1763282569","23477/2025-12-17/1763282569.json"
"365170","146153","2025-12-17","48.00","NZD","1763282569","23477/2025-12-17/1763282569.json"
"510807","146155","2025-12-17","52.00","NZD","1763282569","23477/2025-12-17/1763282569.json"
"581513","221281","2025-12-20","36.00","NZD","1763282569","23477/2025-12-20/1763282569.json"
"581514","221282","2025-12-20","36.00","NZD","1763282569","23477/2025-12-20/1763282569.json"
"512557","146154","2025-12-20","45.00","NZD","1763282569","23477/2025-12-20/1763282569.json"
"365170","146153","2025-12-20","48.00","NZD","1763282569","23477/2025-12-20/1763282569.json"
"510807","146155","2025-12-20","52.00","NZD","1763282569","23477/2025-12-20/1763282569.json"
"581513","221281","2025-12-21","36.00","NZD","1763282569","23477/2025-12-21/1763282569.json"
"581514","221282","2025-12-21","36.00","NZD","1763282569","23477/2025-12-21/1763282569.json"
"512557","146154","2025-12-21","45.00","NZD","1763282569","23477/2025-12-21/1763282569.json"
"365170","146153","2025-12-21","48.00","NZD","1763282569","23477/2025-12-21/1763282569.json"
"510807","146155","2025-12-21","52.00","NZD","1763282569","23477/2025-12-21/1763282569.json"
"581513","221281","2025-12-23","38.00","NZD","1763282569","23477/2025-12-23/1763282569.json"
"581514","221282","2025-12-23","38.00","NZD","1763282569","23477/2025-12-23/1763282569.json"
"512557","146154","2025-12-23","45.00","NZD","1763282569","23477/2025-12-23/1763282569.json"
"365170","146153","2025-12-23","48.00","NZD","1763282569","23477/2025-12-23/1763282569.json"
"510807","146155","2025-12-23","52.00","NZD","1763282569","23477/2025-12-23/1763282569.json"
"581513","221281","2025-12-22","36.00","NZD","1763282569","23477/2025-12-22/1763282569.json"
"581514","221282","2025-12-22","36.00","NZD","1763282569","23477/2025-12-22/1763282569.json"
"512557","146154","2025-12-22","45.00","NZD","1763282569","23477/2025-12-22/1763282569.json"
"365170","146153","2025-12-22","48.00","NZD","1763282569","23477/2025-12-22/1763282569.json"
"510807","146155","2025-12-22","52.00","NZD","1763282569","23477/2025-12-22/1763282569.json"
"581513","221281","2025-12-24","38.00","NZD","1763282569","23477/2025-12-24/1763282569.json"
"581514","221282","2025-12-24","38.00","NZD","1763282569","23477/2025-12-24/1763282569.json"
"512557","146154","2025-12-24","45.00","NZD","1763282569","23477/2025-12-24/1763282569.json"
"365170","146153","2025-12-24","48.00","NZD","1763282569","23477/2025-12-24/1763282569.json"
"510807","146155","2025-12-24","52.00","NZD","1763282569","23477/2025-12-24/1763282569.json"
"581513","221281","2025-12-25","38.00","NZD","1763282569","23477/2025-12-25/1763282569.json"
"581514","221282","2025-12-25","38.00","NZD","1763282569","23477/2025-12-25/1763282569.json"
"512557","146154","2025-12-25","45.00","NZD","1763282569","23477/2025-12-25/1763282569.json"
"365170","146153","2025-12-25","48.00","NZD","1763282569","23477/2025-12-25/1763282569.json"
"510807","146155","2025-12-25","52.00","NZD","1763282569","23477/2025-12-25/1763282569.json"
"581513","221281","2025-12-27","42.00","NZD","1763282569","23477/2025-12-27/1763282569.json"
"581514","221282","2025-12-27","42.00","NZD","1763282569","23477/2025-12-27/1763282569.json"
"512557","146154","2025-12-27","45.00","NZD","1763282569","23477/2025-12-27/1763282569.json"
"365170","146153","2025-12-27","48.00","NZD","1763282569","23477/2025-12-27/1763282569.json"
"510807","146155","2025-12-27","52.00","NZD","1763282569","23477/2025-12-27/1763282569.json"
"581513","221281","2025-12-26","42.00","NZD","1763282569","23477/2025-12-26/1763282569.json"
"581514","221282","2025-12-26","42.00","NZD","1763282569","23477/2025-12-26/1763282569.json"
"512557","146154","2025-12-26","45.00","NZD","1763282569","23477/2025-12-26/1763282569.json"
"365170","146153","2025-12-26","48.00","NZD","1763282569","23477/2025-12-26/1763282569.json"
"510807","146155","2025-12-26","52.00","NZD","1763282569","23477/2025-12-26/1763282569.json"
"581513","221281","2025-12-28","42.00","NZD","1763282569","23477/2025-12-28/1763282569.json"
"581514","221282","2025-12-28","42.00","NZD","1763282569","23477/2025-12-28/1763282569.json"
"512557","146154","2025-12-28","45.00","NZD","1763282569","23477/2025-12-28/1763282569.json"
"365170","146153","2025-12-28","48.00","NZD","1763282569","23477/2025-12-28/1763282569.json"
"510807","146155","2025-12-28","52.00","NZD","1763282569","23477/2025-12-28/1763282569.json"
"581513","221281","2025-12-29","42.00","NZD","1763282569","23477/2025-12-29/1763282569.json"
"581514","221282","2025-12-29","42.00","NZD","1763282569","23477/2025-12-29/1763282569.json"
"512557","146154","2025-12-29","45.00","NZD","1763282569","23477/2025-12-29/1763282569.json"
"365170","146153","2025-12-29","48.00","NZD","1763282569","23477/2025-12-29/1763282569.json"
"510807","146155","2025-12-29","52.00","NZD","1763282569","23477/2025-12-29/1763282569.json"
"581513","221281","2025-12-31","42.00","NZD","1763282569","23477/2025-12-31/1763282569.json"
"581514","221282","2025-12-31","42.00","NZD","1763282569","23477/2025-12-31/1763282569.json"
"512557","146154","2025-12-31","45.00","NZD","1763282569","23477/2025-12-31/1763282569.json"
"365170","146153","2025-12-31","48.00","NZD","1763282569","23477/2025-12-31/1763282569.json"
"510807","146155","2025-12-31","52.00","NZD","1763282569","23477/2025-12-31/1763282569.json"
"581513","221281","2025-12-30","42.00","NZD","1763282569","23477/2025-12-30/1763282569.json"
"581514","221282","2025-12-30","42.00","NZD","1763282569","23477/2025-12-30/1763282569.json"
"512557","146154","2025-12-30","45.00","NZD","1763282569","23477/2025-12-30/1763282569.json"
"365170","146153","2025-12-30","48.00","NZD","1763282569","23477/2025-12-30/1763282569.json"
"510807","146155","2025-12-30","52.00","NZD","1763282569","23477/2025-12-30/1763282569.json"
"581513","221281","2026-01-01","42.00","NZD","1763282569","23477/2026-01-01/1763282569.json"
"581514","221282","2026-01-01","42.00","NZD","1763282569","23477/2026-01-01/1763282569.json"
"512557","146154","2026-01-01","45.00","NZD","1763282569","23477/2026-01-01/1763282569.json"
"365170","146153","2026-01-01","48.00","NZD","1763282569","23477/2026-01-01/1763282569.json"
"510807","146155","2026-01-01","52.00","NZD","1763282569","23477/2026-01-01/1763282569.json"
"581513","221281","2026-01-03","42.00","NZD","1763282569","23477/2026-01-03/1763282569.json"
"581514","221282","2026-01-03","42.00","NZD","1763282569","23477/2026-01-03/1763282569.json"
"512557","146154","2026-01-03","45.00","NZD","1763282569","23477/2026-01-03/1763282569.json"
"365170","146153","2026-01-03","48.00","NZD","1763282569","23477/2026-01-03/1763282569.json"
"510807","146155","2026-01-03","52.00","NZD","1763282569","23477/2026-01-03/1763282569.json"
"581513","221281","2026-01-04","42.00","NZD","1763282569","23477/2026-01-04/1763282569.json"
"581514","221282","2026-01-04","42.00","NZD","1763282569","23477/2026-01-04/1763282569.json"
"512557","146154","2026-01-04","45.00","NZD","1763282569","23477/2026-01-04/1763282569.json"
"365170","146153","2026-01-04","48.00","NZD","1763282569","23477/2026-01-04/1763282569.json"
"510807","146155","2026-01-04","52.00","NZD","1763282569","23477/2026-01-04/1763282569.json"
"581513","221281","2026-01-05","36.00","NZD","1763282569","23477/2026-01-05/1763282569.json"
"581514","221282","2026-01-05","36.00","NZD","1763282569","23477/2026-01-05/1763282569.json"
"512557","146154","2026-01-05","45.00","NZD","1763282569","23477/2026-01-05/1763282569.json"
"365170","146153","2026-01-05","48.00","NZD","1763282569","23477/2026-01-05/1763282569.json"
"510807","146155","2026-01-05","52.00","NZD","1763282569","23477/2026-01-05/1763282569.json"
"581513","221281","2026-01-02","42.00","NZD","1763282569","23477/2026-01-02/1763282569.json"
"581514","221282","2026-01-02","42.00","NZD","1763282569","23477/2026-01-02/1763282569.json"
"512557","146154","2026-01-02","45.00","NZD","1763282569","23477/2026-01-02/1763282569.json"
"365170","146153","2026-01-02","48.00","NZD","1763282569","23477/2026-01-02/1763282569.json"
"510807","146155","2026-01-02","52.00","NZD","1763282569","23477/2026-01-02/1763282569.json"
"581513","221281","2026-01-06","36.00","NZD","1763282569","23477/2026-01-06/1763282569.json"
"581514","221282","2026-01-06","36.00","NZD","1763282569","23477/2026-01-06/1763282569.json"
"512557","146154","2026-01-06","45.00","NZD","1763282569","23477/2026-01-06/1763282569.json"
"365170","146153","2026-01-06","48.00","NZD","1763282569","23477/2026-01-06/1763282569.json"
"510807","146155","2026-01-06","52.00","NZD","1763282569","23477/2026-01-06/1763282569.json"
"581513","221281","2026-01-07","36.00","NZD","1763282569","23477/2026-01-07/1763282569.json"
"581514","221282","2026-01-07","36.00","NZD","1763282569","23477/2026-01-07/1763282569.json"
"512557","146154","2026-01-07","45.00","NZD","1763282569","23477/2026-01-07/1763282569.json"
"365170","146153","2026-01-07","48.00","NZD","1763282569","23477/2026-01-07/1763282569.json"
"510807","146155","2026-01-07","52.00","NZD","1763282569","23477/2026-01-07/1763282569.json"
"581513","221281","2026-01-09","36.00","NZD","1763282569","23477/2026-01-09/1763282569.json"
"581514","221282","2026-01-09","36.00","NZD","1763282569","23477/2026-01-09/1763282569.json"
"512557","146154","2026-01-09","45.00","NZD","1763282569","23477/2026-01-09/1763282569.json"
"365170","146153","2026-01-09","48.00","NZD","1763282569","23477/2026-01-09/1763282569.json"
"510807","146155","2026-01-09","52.00","NZD","1763282569","23477/2026-01-09/1763282569.json"
"581513","221281","2026-01-08","36.00","NZD","1763282569","23477/2026-01-08/1763282569.json"
"581514","221282","2026-01-08","36.00","NZD","1763282569","23477/2026-01-08/1763282569.json"
"512557","146154","2026-01-08","45.00","NZD","1763282569","23477/2026-01-08/1763282569.json"
"365170","146153","2026-01-08","48.00","NZD","1763282569","23477/2026-01-08/1763282569.json"
"510807","146155","2026-01-08","52.00","NZD","1763282569","23477/2026-01-08/1763282569.json"
"581513","221281","2026-01-11","36.00","NZD","1763282569","23477/2026-01-11/1763282569.json"
"581513","221281","2026-01-13","36.00","NZD","1763282569","23477/2026-01-13/1763282569.json"
"581514","221282","2026-01-11","36.00","NZD","1763282569","23477/2026-01-11/1763282569.json"
"581514","221282","2026-01-13","36.00","NZD","1763282569","23477/2026-01-13/1763282569.json"
"512557","146154","2026-01-11","45.00","NZD","1763282569","23477/2026-01-11/1763282569.json"
"512557","146154","2026-01-13","45.00","NZD","1763282569","23477/2026-01-13/1763282569.json"
"365170","146153","2026-01-11","48.00","NZD","1763282569","23477/2026-01-11/1763282569.json"
"365170","146153","2026-01-13","48.00","NZD","1763282569","23477/2026-01-13/1763282569.json"
"510807","146155","2026-01-11","52.00","NZD","1763282569","23477/2026-01-11/1763282569.json"
"510807","146155","2026-01-13","52.00","NZD","1763282569","23477/2026-01-13/1763282569.json"
"581513","221281","2026-01-12","36.00","NZD","1763282569","23477/2026-01-12/1763282569.json"
"581514","221282","2026-01-12","36.00","NZD","1763282569","23477/2026-01-12/1763282569.json"
"512557","146154","2026-01-12","45.00","NZD","1763282569","23477/2026-01-12/1763282569.json"
"365170","146153","2026-01-12","48.00","NZD","1763282569","23477/2026-01-12/1763282569.json"
"510807","146155","2026-01-12","52.00","NZD","1763282569","23477/2026-01-12/1763282569.json"
"581513","221281","2026-01-10","36.00","NZD","1763282569","23477/2026-01-10/1763282569.json"
"581514","221282","2026-01-10","36.00","NZD","1763282569","23477/2026-01-10/1763282569.json"
"512557","146154","2026-01-10","45.00","NZD","1763282569","23477/2026-01-10/1763282569.json"
"365170","146153","2026-01-10","48.00","NZD","1763282569","23477/2026-01-10/1763282569.json"
"510807","146155","2026-01-10","52.00","NZD","1763282569","23477/2026-01-10/1763282569.json"
"581513","221281","2026-01-15","36.00","NZD","1763282569","23477/2026-01-15/1763282569.json"
"581513","221281","2026-01-14","36.00","NZD","1763282569","23477/2026-01-14/1763282569.json"
"581514","221282","2026-01-15","36.00","NZD","1763282569","23477/2026-01-15/1763282569.json"
"581514","221282","2026-01-14","36.00","NZD","1763282569","23477/2026-01-14/1763282569.json"
"512557","146154","2026-01-15","45.00","NZD","1763282569","23477/2026-01-15/1763282569.json"
"512557","146154","2026-01-14","45.00","NZD","1763282569","23477/2026-01-14/1763282569.json"
"365170","146153","2026-01-15","48.00","NZD","1763282569","23477/2026-01-15/1763282569.json"
"365170","146153","2026-01-14","48.00","NZD","1763282569","23477/2026-01-14/1763282569.json"
"510807","146155","2026-01-15","52.00","NZD","1763282569","23477/2026-01-15/1763282569.json"
"510807","146155","2026-01-14","52.00","NZD","1763282569","23477/2026-01-14/1763282569.json"
"581513","221281","2025-11-19","36.00","NZD","1763297581","23477/2025-11-19/1763297581.json"
"581514","221282","2025-11-19","36.00","NZD","1763297581","23477/2025-11-19/1763297581.json"
"512557","146154","2025-11-19","45.00","NZD","1763297581","23477/2025-11-19/1763297581.json"
"365170","146153","2025-11-19","48.00","NZD","1763297581","23477/2025-11-19/1763297581.json"
"510807","146155","2025-11-19","52.00","NZD","1763297581","23477/2025-11-19/1763297581.json"
"581513","221281","2025-11-18","36.00","NZD","1763297581","23477/2025-11-18/1763297581.json"
"581514","221282","2025-11-18","36.00","NZD","1763297581","23477/2025-11-18/1763297581.json"
"512557","146154","2025-11-18","45.00","NZD","1763297581","23477/2025-11-18/1763297581.json"
"365170","146153","2025-11-18","48.00","NZD","1763297581","23477/2025-11-18/1763297581.json"
"510807","146155","2025-11-18","52.00","NZD","1763297581","23477/2025-11-18/1763297581.json"
"581513","221281","2025-11-20","36.00","NZD","1763297581","23477/2025-11-20/1763297581.json"
"581514","221282","2025-11-20","36.00","NZD","1763297581","23477/2025-11-20/1763297581.json"
"512557","146154","2025-11-20","45.00","NZD","1763297581","23477/2025-11-20/1763297581.json"
"365170","146153","2025-11-20","48.00","NZD","1763297581","23477/2025-11-20/1763297581.json"
"510807","146155","2025-11-20","52.00","NZD","1763297581","23477/2025-11-20/1763297581.json"
"581513","221281","2025-11-17","36.00","NZD","1763297581","23477/2025-11-17/1763297581.json"
"581514","221282","2025-11-17","36.00","NZD","1763297581","23477/2025-11-17/1763297581.json"
"512557","146154","2025-11-17","45.00","NZD","1763297581","23477/2025-11-17/1763297581.json"
"365170","146153","2025-11-17","48.00","NZD","1763297581","23477/2025-11-17/1763297581.json"
"510807","146155","2025-11-17","52.00","NZD","1763297581","23477/2025-11-17/1763297581.json"
"581513","221281","2025-11-21","36.00","NZD","1763297581","23477/2025-11-21/1763297581.json"
"581514","221282","2025-11-21","36.00","NZD","1763297581","23477/2025-11-21/1763297581.json"
"512557","146154","2025-11-21","45.00","NZD","1763297581","23477/2025-11-21/1763297581.json"
"365170","146153","2025-11-21","48.00","NZD","1763297581","23477/2025-11-21/1763297581.json"
"510807","146155","2025-11-21","52.00","NZD","1763297581","23477/2025-11-21/1763297581.json"
"581513","221281","2025-11-22","36.00","NZD","1763297581","23477/2025-11-22/1763297581.json"
"581514","221282","2025-11-22","36.00","NZD","1763297581","23477/2025-11-22/1763297581.json"
"512557","146154","2025-11-22","45.00","NZD","1763297581","23477/2025-11-22/1763297581.json"
"365170","146153","2025-11-22","48.00","NZD","1763297581","23477/2025-11-22/1763297581.json"
"510807","146155","2025-11-22","52.00","NZD","1763297581","23477/2025-11-22/1763297581.json"
"581513","221281","2025-11-24","36.00","NZD","1763297581","23477/2025-11-24/1763297581.json"
"581514","221282","2025-11-24","36.00","NZD","1763297581","23477/2025-11-24/1763297581.json"
"512557","146154","2025-11-24","45.00","NZD","1763297581","23477/2025-11-24/1763297581.json"
"365170","146153","2025-11-24","48.00","NZD","1763297581","23477/2025-11-24/1763297581.json"
"581513","221281","2025-11-23","36.00","NZD","1763297581","23477/2025-11-23/1763297581.json"
"581514","221282","2025-11-23","36.00","NZD","1763297581","23477/2025-11-23/1763297581.json"
"510807","146155","2025-11-24","52.00","NZD","1763297581","23477/2025-11-24/1763297581.json"
"512557","146154","2025-11-23","45.00","NZD","1763297581","23477/2025-11-23/1763297581.json"
"365170","146153","2025-11-23","48.00","NZD","1763297581","23477/2025-11-23/1763297581.json"
"510807","146155","2025-11-23","52.00","NZD","1763297581","23477/2025-11-23/1763297581.json"
"581513","221281","2025-11-25","36.00","NZD","1763297581","23477/2025-11-25/1763297581.json"
"581514","221282","2025-11-25","36.00","NZD","1763297581","23477/2025-11-25/1763297581.json"
"512557","146154","2025-11-25","45.00","NZD","1763297581","23477/2025-11-25/1763297581.json"
"365170","146153","2025-11-25","48.00","NZD","1763297581","23477/2025-11-25/1763297581.json"
"510807","146155","2025-11-25","52.00","NZD","1763297581","23477/2025-11-25/1763297581.json"
"581513","221281","2025-11-26","36.00","NZD","1763297581","23477/2025-11-26/1763297581.json"
"581514","221282","2025-11-26","36.00","NZD","1763297581","23477/2025-11-26/1763297581.json"
"512557","146154","2025-11-26","45.00","NZD","1763297581","23477/2025-11-26/1763297581.json"
"365170","146153","2025-11-26","48.00","NZD","1763297581","23477/2025-11-26/1763297581.json"
"510807","146155","2025-11-26","52.00","NZD","1763297581","23477/2025-11-26/1763297581.json"
"581513","221281","2025-11-28","36.00","NZD","1763297581","23477/2025-11-28/1763297581.json"
"581514","221282","2025-11-28","36.00","NZD","1763297581","23477/2025-11-28/1763297581.json"
"512557","146154","2025-11-28","45.00","NZD","1763297581","23477/2025-11-28/1763297581.json"
"365170","146153","2025-11-28","48.00","NZD","1763297581","23477/2025-11-28/1763297581.json"
"510807","146155","2025-11-28","52.00","NZD","1763297581","23477/2025-11-28/1763297581.json"
"581513","221281","2025-11-27","36.00","NZD","1763297581","23477/2025-11-27/1763297581.json"
"581514","221282","2025-11-27","36.00","NZD","1763297581","23477/2025-11-27/1763297581.json"
"512557","146154","2025-11-27","45.00","NZD","1763297581","23477/2025-11-27/1763297581.json"
"365170","146153","2025-11-27","48.00","NZD","1763297581","23477/2025-11-27/1763297581.json"
"510807","146155","2025-11-27","52.00","NZD","1763297581","23477/2025-11-27/1763297581.json"
"581513","221281","2025-11-30","36.00","NZD","1763297581","23477/2025-11-30/1763297581.json"
"581514","221282","2025-11-30","36.00","NZD","1763297581","23477/2025-11-30/1763297581.json"
"512557","146154","2025-11-30","45.00","NZD","1763297581","23477/2025-11-30/1763297581.json"
"365170","146153","2025-11-30","48.00","NZD","1763297581","23477/2025-11-30/1763297581.json"
"510807","146155","2025-11-30","52.00","NZD","1763297581","23477/2025-11-30/1763297581.json"
"581513","221281","2025-11-29","36.00","NZD","1763297581","23477/2025-11-29/1763297581.json"
"581514","221282","2025-11-29","36.00","NZD","1763297581","23477/2025-11-29/1763297581.json"
"512557","146154","2025-11-29","45.00","NZD","1763297581","23477/2025-11-29/1763297581.json"
"365170","146153","2025-11-29","48.00","NZD","1763297581","23477/2025-11-29/1763297581.json"
"510807","146155","2025-11-29","52.00","NZD","1763297581","23477/2025-11-29/1763297581.json"
"581513","221281","2025-12-01","36.00","NZD","1763297581","23477/2025-12-01/1763297581.json"
"581514","221282","2025-12-01","36.00","NZD","1763297581","23477/2025-12-01/1763297581.json"
"512557","146154","2025-12-01","45.00","NZD","1763297581","23477/2025-12-01/1763297581.json"
"365170","146153","2025-12-01","48.00","NZD","1763297581","23477/2025-12-01/1763297581.json"
"510807","146155","2025-12-01","52.00","NZD","1763297581","23477/2025-12-01/1763297581.json"
"581513","221281","2025-12-02","36.00","NZD","1763297581","23477/2025-12-02/1763297581.json"
"581514","221282","2025-12-02","36.00","NZD","1763297581","23477/2025-12-02/1763297581.json"
"512557","146154","2025-12-02","45.00","NZD","1763297581","23477/2025-12-02/1763297581.json"
"365170","146153","2025-12-02","48.00","NZD","1763297581","23477/2025-12-02/1763297581.json"
"510807","146155","2025-12-02","52.00","NZD","1763297581","23477/2025-12-02/1763297581.json"
"581513","221281","2025-12-03","36.00","NZD","1763297581","23477/2025-12-03/1763297581.json"
"581514","221282","2025-12-03","36.00","NZD","1763297581","23477/2025-12-03/1763297581.json"
"512557","146154","2025-12-03","45.00","NZD","1763297581","23477/2025-12-03/1763297581.json"
"365170","146153","2025-12-03","48.00","NZD","1763297581","23477/2025-12-03/1763297581.json"
"510807","146155","2025-12-03","52.00","NZD","1763297581","23477/2025-12-03/1763297581.json"
"581513","221281","2025-12-04","36.00","NZD","1763297581","23477/2025-12-04/1763297581.json"
"581514","221282","2025-12-04","36.00","NZD","1763297581","23477/2025-12-04/1763297581.json"
"512557","146154","2025-12-04","45.00","NZD","1763297581","23477/2025-12-04/1763297581.json"
"365170","146153","2025-12-04","48.00","NZD","1763297581","23477/2025-12-04/1763297581.json"
"510807","146155","2025-12-04","52.00","NZD","1763297581","23477/2025-12-04/1763297581.json"
"581513","221281","2025-12-05","36.00","NZD","1763297581","23477/2025-12-05/1763297581.json"
"581514","221282","2025-12-05","36.00","NZD","1763297581","23477/2025-12-05/1763297581.json"
"512557","146154","2025-12-05","45.00","NZD","1763297581","23477/2025-12-05/1763297581.json"
"365170","146153","2025-12-05","48.00","NZD","1763297581","23477/2025-12-05/1763297581.json"
"510807","146155","2025-12-05","52.00","NZD","1763297581","23477/2025-12-05/1763297581.json"
"581513","221281","2025-12-06","36.00","NZD","1763297581","23477/2025-12-06/1763297581.json"
"581514","221282","2025-12-06","36.00","NZD","1763297581","23477/2025-12-06/1763297581.json"
"512557","146154","2025-12-06","45.00","NZD","1763297581","23477/2025-12-06/1763297581.json"
"365170","146153","2025-12-06","48.00","NZD","1763297581","23477/2025-12-06/1763297581.json"
"510807","146155","2025-12-06","52.00","NZD","1763297581","23477/2025-12-06/1763297581.json"
"581513","221281","2025-12-08","36.00","NZD","1763297581","23477/2025-12-08/1763297581.json"
"581514","221282","2025-12-08","36.00","NZD","1763297581","23477/2025-12-08/1763297581.json"
"512557","146154","2025-12-08","45.00","NZD","1763297581","23477/2025-12-08/1763297581.json"
"365170","146153","2025-12-08","48.00","NZD","1763297581","23477/2025-12-08/1763297581.json"
"510807","146155","2025-12-08","52.00","NZD","1763297581","23477/2025-12-08/1763297581.json"
"581513","221281","2025-12-09","36.00","NZD","1763297581","23477/2025-12-09/1763297581.json"
"581514","221282","2025-12-09","36.00","NZD","1763297581","23477/2025-12-09/1763297581.json"
"512557","146154","2025-12-09","45.00","NZD","1763297581","23477/2025-12-09/1763297581.json"
"365170","146153","2025-12-09","48.00","NZD","1763297581","23477/2025-12-09/1763297581.json"
"510807","146155","2025-12-09","52.00","NZD","1763297581","23477/2025-12-09/1763297581.json"
"581513","221281","2025-12-10","36.00","NZD","1763297581","23477/2025-12-10/1763297581.json"
"581514","221282","2025-12-10","36.00","NZD","1763297581","23477/2025-12-10/1763297581.json"
"512557","146154","2025-12-10","45.00","NZD","1763297581","23477/2025-12-10/1763297581.json"
"365170","146153","2025-12-10","48.00","NZD","1763297581","23477/2025-12-10/1763297581.json"
"510807","146155","2025-12-10","52.00","NZD","1763297581","23477/2025-12-10/1763297581.json"
"581513","221281","2025-12-07","36.00","NZD","1763297581","23477/2025-12-07/1763297581.json"
"581514","221282","2025-12-07","36.00","NZD","1763297581","23477/2025-12-07/1763297581.json"
"512557","146154","2025-12-07","45.00","NZD","1763297581","23477/2025-12-07/1763297581.json"
"365170","146153","2025-12-07","48.00","NZD","1763297581","23477/2025-12-07/1763297581.json"
"510807","146155","2025-12-07","52.00","NZD","1763297581","23477/2025-12-07/1763297581.json"
"581513","221281","2025-12-11","36.00","NZD","1763297581","23477/2025-12-11/1763297581.json"
"581514","221282","2025-12-11","36.00","NZD","1763297581","23477/2025-12-11/1763297581.json"
"512557","146154","2025-12-11","45.00","NZD","1763297581","23477/2025-12-11/1763297581.json"
"365170","146153","2025-12-11","48.00","NZD","1763297581","23477/2025-12-11/1763297581.json"
"510807","146155","2025-12-11","52.00","NZD","1763297581","23477/2025-12-11/1763297581.json"
"581513","221281","2025-12-12","36.00","NZD","1763297581","23477/2025-12-12/1763297581.json"
"581514","221282","2025-12-12","36.00","NZD","1763297581","23477/2025-12-12/1763297581.json"
"512557","146154","2025-12-12","45.00","NZD","1763297581","23477/2025-12-12/1763297581.json"
"365170","146153","2025-12-12","48.00","NZD","1763297581","23477/2025-12-12/1763297581.json"
"510807","146155","2025-12-12","52.00","NZD","1763297581","23477/2025-12-12/1763297581.json"
"581513","221281","2025-12-13","36.00","NZD","1763297581","23477/2025-12-13/1763297581.json"
"581514","221282","2025-12-13","36.00","NZD","1763297581","23477/2025-12-13/1763297581.json"
"512557","146154","2025-12-13","45.00","NZD","1763297581","23477/2025-12-13/1763297581.json"
"365170","146153","2025-12-13","48.00","NZD","1763297581","23477/2025-12-13/1763297581.json"
"510807","146155","2025-12-13","52.00","NZD","1763297581","23477/2025-12-13/1763297581.json"
"581513","221281","2025-12-14","36.00","NZD","1763297581","23477/2025-12-14/1763297581.json"
"581514","221282","2025-12-14","36.00","NZD","1763297581","23477/2025-12-14/1763297581.json"
"512557","146154","2025-12-14","45.00","NZD","1763297581","23477/2025-12-14/1763297581.json"
"365170","146153","2025-12-14","48.00","NZD","1763297581","23477/2025-12-14/1763297581.json"
"510807","146155","2025-12-14","52.00","NZD","1763297581","23477/2025-12-14/1763297581.json"
"581513","221281","2025-12-15","36.00","NZD","1763297581","23477/2025-12-15/1763297581.json"
"581514","221282","2025-12-15","36.00","NZD","1763297581","23477/2025-12-15/1763297581.json"
"512557","146154","2025-12-15","45.00","NZD","1763297581","23477/2025-12-15/1763297581.json"
"365170","146153","2025-12-15","48.00","NZD","1763297581","23477/2025-12-15/1763297581.json"
"510807","146155","2025-12-15","52.00","NZD","1763297581","23477/2025-12-15/1763297581.json"
"581513","221281","2025-12-18","36.00","NZD","1763297581","23477/2025-12-18/1763297581.json"
"581514","221282","2025-12-18","36.00","NZD","1763297581","23477/2025-12-18/1763297581.json"
"512557","146154","2025-12-18","45.00","NZD","1763297581","23477/2025-12-18/1763297581.json"
"365170","146153","2025-12-18","48.00","NZD","1763297581","23477/2025-12-18/1763297581.json"
"510807","146155","2025-12-18","52.00","NZD","1763297581","23477/2025-12-18/1763297581.json"
"581513","221281","2025-12-16","36.00","NZD","1763297581","23477/2025-12-16/1763297581.json"
"581514","221282","2025-12-16","36.00","NZD","1763297581","23477/2025-12-16/1763297581.json"
"512557","146154","2025-12-16","45.00","NZD","1763297581","23477/2025-12-16/1763297581.json"
"365170","146153","2025-12-16","48.00","NZD","1763297581","23477/2025-12-16/1763297581.json"
"510807","146155","2025-12-16","52.00","NZD","1763297581","23477/2025-12-16/1763297581.json"
"581513","221281","2025-12-17","36.00","NZD","1763297581","23477/2025-12-17/1763297581.json"
"581514","221282","2025-12-17","36.00","NZD","1763297581","23477/2025-12-17/1763297581.json"
"512557","146154","2025-12-17","45.00","NZD","1763297581","23477/2025-12-17/1763297581.json"
"365170","146153","2025-12-17","48.00","NZD","1763297581","23477/2025-12-17/1763297581.json"
"510807","146155","2025-12-17","52.00","NZD","1763297581","23477/2025-12-17/1763297581.json"
"581513","221281","2025-12-19","36.00","NZD","1763297581","23477/2025-12-19/1763297581.json"
"581514","221282","2025-12-19","36.00","NZD","1763297581","23477/2025-12-19/1763297581.json"
"512557","146154","2025-12-19","45.00","NZD","1763297581","23477/2025-12-19/1763297581.json"
"365170","146153","2025-12-19","48.00","NZD","1763297581","23477/2025-12-19/1763297581.json"
"510807","146155","2025-12-19","52.00","NZD","1763297581","23477/2025-12-19/1763297581.json"
"581513","221281","2025-12-21","36.00","NZD","1763297581","23477/2025-12-21/1763297581.json"
"581514","221282","2025-12-21","36.00","NZD","1763297581","23477/2025-12-21/1763297581.json"
"512557","146154","2025-12-21","45.00","NZD","1763297581","23477/2025-12-21/1763297581.json"
"365170","146153","2025-12-21","48.00","NZD","1763297581","23477/2025-12-21/1763297581.json"
"510807","146155","2025-12-21","52.00","NZD","1763297581","23477/2025-12-21/1763297581.json"
"581513","221281","2025-12-22","36.00","NZD","1763297581","23477/2025-12-22/1763297581.json"
"581514","221282","2025-12-22","36.00","NZD","1763297581","23477/2025-12-22/1763297581.json"
"512557","146154","2025-12-22","45.00","NZD","1763297581","23477/2025-12-22/1763297581.json"
"365170","146153","2025-12-22","48.00","NZD","1763297581","23477/2025-12-22/1763297581.json"
"510807","146155","2025-12-22","52.00","NZD","1763297581","23477/2025-12-22/1763297581.json"
"581513","221281","2025-12-20","36.00","NZD","1763297581","23477/2025-12-20/1763297581.json"
"581514","221282","2025-12-20","36.00","NZD","1763297581","23477/2025-12-20/1763297581.json"
"512557","146154","2025-12-20","45.00","NZD","1763297581","23477/2025-12-20/1763297581.json"
"365170","146153","2025-12-20","48.00","NZD","1763297581","23477/2025-12-20/1763297581.json"
"510807","146155","2025-12-20","52.00","NZD","1763297581","23477/2025-12-20/1763297581.json"
"581513","221281","2025-12-23","38.00","NZD","1763297581","23477/2025-12-23/1763297581.json"
"581514","221282","2025-12-23","38.00","NZD","1763297581","23477/2025-12-23/1763297581.json"
"512557","146154","2025-12-23","45.00","NZD","1763297581","23477/2025-12-23/1763297581.json"
"365170","146153","2025-12-23","48.00","NZD","1763297581","23477/2025-12-23/1763297581.json"
"510807","146155","2025-12-23","52.00","NZD","1763297581","23477/2025-12-23/1763297581.json"
"581513","221281","2025-12-24","38.00","NZD","1763297581","23477/2025-12-24/1763297581.json"
"581514","221282","2025-12-24","38.00","NZD","1763297581","23477/2025-12-24/1763297581.json"
"512557","146154","2025-12-24","45.00","NZD","1763297581","23477/2025-12-24/1763297581.json"
"365170","146153","2025-12-24","48.00","NZD","1763297581","23477/2025-12-24/1763297581.json"
"510807","146155","2025-12-24","52.00","NZD","1763297581","23477/2025-12-24/1763297581.json"
"581513","221281","2025-12-25","38.00","NZD","1763297581","23477/2025-12-25/1763297581.json"
"581514","221282","2025-12-25","38.00","NZD","1763297581","23477/2025-12-25/1763297581.json"
"512557","146154","2025-12-25","45.00","NZD","1763297581","23477/2025-12-25/1763297581.json"
"365170","146153","2025-12-25","48.00","NZD","1763297581","23477/2025-12-25/1763297581.json"
"510807","146155","2025-12-25","52.00","NZD","1763297581","23477/2025-12-25/1763297581.json"
"581513","221281","2025-12-26","42.00","NZD","1763297581","23477/2025-12-26/1763297581.json"
"581514","221282","2025-12-26","42.00","NZD","1763297581","23477/2025-12-26/1763297581.json"
"512557","146154","2025-12-26","45.00","NZD","1763297581","23477/2025-12-26/1763297581.json"
"365170","146153","2025-12-26","48.00","NZD","1763297581","23477/2025-12-26/1763297581.json"
"510807","146155","2025-12-26","52.00","NZD","1763297581","23477/2025-12-26/1763297581.json"
"581513","221281","2025-12-27","42.00","NZD","1763297581","23477/2025-12-27/1763297581.json"
"581514","221282","2025-12-27","42.00","NZD","1763297581","23477/2025-12-27/1763297581.json"
"512557","146154","2025-12-27","45.00","NZD","1763297581","23477/2025-12-27/1763297581.json"
"365170","146153","2025-12-27","48.00","NZD","1763297581","23477/2025-12-27/1763297581.json"
"510807","146155","2025-12-27","52.00","NZD","1763297581","23477/2025-12-27/1763297581.json"
"581513","221281","2025-12-28","42.00","NZD","1763297581","23477/2025-12-28/1763297581.json"
"581514","221282","2025-12-28","42.00","NZD","1763297581","23477/2025-12-28/1763297581.json"
"512557","146154","2025-12-28","45.00","NZD","1763297581","23477/2025-12-28/1763297581.json"
"365170","146153","2025-12-28","48.00","NZD","1763297581","23477/2025-12-28/1763297581.json"
"510807","146155","2025-12-28","52.00","NZD","1763297581","23477/2025-12-28/1763297581.json"
"581513","221281","2025-12-29","42.00","NZD","1763297581","23477/2025-12-29/1763297581.json"
"581514","221282","2025-12-29","42.00","NZD","1763297581","23477/2025-12-29/1763297581.json"
"512557","146154","2025-12-29","45.00","NZD","1763297581","23477/2025-12-29/1763297581.json"
"365170","146153","2025-12-29","48.00","NZD","1763297581","23477/2025-12-29/1763297581.json"
"510807","146155","2025-12-29","52.00","NZD","1763297581","23477/2025-12-29/1763297581.json"
"581513","221281","2025-12-30","42.00","NZD","1763297581","23477/2025-12-30/1763297581.json"
"581514","221282","2025-12-30","42.00","NZD","1763297581","23477/2025-12-30/1763297581.json"
"512557","146154","2025-12-30","45.00","NZD","1763297581","23477/2025-12-30/1763297581.json"
"365170","146153","2025-12-30","48.00","NZD","1763297581","23477/2025-12-30/1763297581.json"
"510807","146155","2025-12-30","52.00","NZD","1763297581","23477/2025-12-30/1763297581.json"
"581513","221281","2026-01-01","42.00","NZD","1763297581","23477/2026-01-01/1763297581.json"
"581514","221282","2026-01-01","42.00","NZD","1763297581","23477/2026-01-01/1763297581.json"
"512557","146154","2026-01-01","45.00","NZD","1763297581","23477/2026-01-01/1763297581.json"
"365170","146153","2026-01-01","48.00","NZD","1763297581","23477/2026-01-01/1763297581.json"
"510807","146155","2026-01-01","52.00","NZD","1763297581","23477/2026-01-01/1763297581.json"
"581513","221281","2026-01-02","42.00","NZD","1763297581","23477/2026-01-02/1763297581.json"
"581514","221282","2026-01-02","42.00","NZD","1763297581","23477/2026-01-02/1763297581.json"
"512557","146154","2026-01-02","45.00","NZD","1763297581","23477/2026-01-02/1763297581.json"
"365170","146153","2026-01-02","48.00","NZD","1763297581","23477/2026-01-02/1763297581.json"
"510807","146155","2026-01-02","52.00","NZD","1763297581","23477/2026-01-02/1763297581.json"
"581513","221281","2025-12-31","42.00","NZD","1763297581","23477/2025-12-31/1763297581.json"
"581514","221282","2025-12-31","42.00","NZD","1763297581","23477/2025-12-31/1763297581.json"
"512557","146154","2025-12-31","45.00","NZD","1763297581","23477/2025-12-31/1763297581.json"
"365170","146153","2025-12-31","48.00","NZD","1763297581","23477/2025-12-31/1763297581.json"
"510807","146155","2025-12-31","52.00","NZD","1763297581","23477/2025-12-31/1763297581.json"
"581513","221281","2026-01-03","42.00","NZD","1763297581","23477/2026-01-03/1763297581.json"
"581514","221282","2026-01-03","42.00","NZD","1763297581","23477/2026-01-03/1763297581.json"
"512557","146154","2026-01-03","45.00","NZD","1763297581","23477/2026-01-03/1763297581.json"
"365170","146153","2026-01-03","48.00","NZD","1763297581","23477/2026-01-03/1763297581.json"
"510807","146155","2026-01-03","52.00","NZD","1763297581","23477/2026-01-03/1763297581.json"
"581513","221281","2026-01-04","42.00","NZD","1763297581","23477/2026-01-04/1763297581.json"
"581514","221282","2026-01-04","42.00","NZD","1763297581","23477/2026-01-04/1763297581.json"
"512557","146154","2026-01-04","45.00","NZD","1763297581","23477/2026-01-04/1763297581.json"
"365170","146153","2026-01-04","48.00","NZD","1763297581","23477/2026-01-04/1763297581.json"
"510807","146155","2026-01-04","52.00","NZD","1763297581","23477/2026-01-04/1763297581.json"
"581513","221281","2026-01-05","36.00","NZD","1763297581","23477/2026-01-05/1763297581.json"
"581514","221282","2026-01-05","36.00","NZD","1763297581","23477/2026-01-05/1763297581.json"
"512557","146154","2026-01-05","45.00","NZD","1763297581","23477/2026-01-05/1763297581.json"
"365170","146153","2026-01-05","48.00","NZD","1763297581","23477/2026-01-05/1763297581.json"
"510807","146155","2026-01-05","52.00","NZD","1763297581","23477/2026-01-05/1763297581.json"
"581513","221281","2026-01-06","36.00","NZD","1763297581","23477/2026-01-06/1763297581.json"
"581514","221282","2026-01-06","36.00","NZD","1763297581","23477/2026-01-06/1763297581.json"
"512557","146154","2026-01-06","45.00","NZD","1763297581","23477/2026-01-06/1763297581.json"
"365170","146153","2026-01-06","48.00","NZD","1763297581","23477/2026-01-06/1763297581.json"
"510807","146155","2026-01-06","52.00","NZD","1763297581","23477/2026-01-06/1763297581.json"
"581513","221281","2026-01-07","36.00","NZD","1763297581","23477/2026-01-07/1763297581.json"
"581514","221282","2026-01-07","36.00","NZD","1763297581","23477/2026-01-07/1763297581.json"
"512557","146154","2026-01-07","45.00","NZD","1763297581","23477/2026-01-07/1763297581.json"
"365170","146153","2026-01-07","48.00","NZD","1763297581","23477/2026-01-07/1763297581.json"
"510807","146155","2026-01-07","52.00","NZD","1763297581","23477/2026-01-07/1763297581.json"
"581513","221281","2026-01-08","36.00","NZD","1763297581","23477/2026-01-08/1763297581.json"
"581514","221282","2026-01-08","36.00","NZD","1763297581","23477/2026-01-08/1763297581.json"
"512557","146154","2026-01-08","45.00","NZD","1763297581","23477/2026-01-08/1763297581.json"
"365170","146153","2026-01-08","48.00","NZD","1763297581","23477/2026-01-08/1763297581.json"
"510807","146155","2026-01-08","52.00","NZD","1763297581","23477/2026-01-08/1763297581.json"
"581513","221281","2026-01-09","36.00","NZD","1763297581","23477/2026-01-09/1763297581.json"
"581514","221282","2026-01-09","36.00","NZD","1763297581","23477/2026-01-09/1763297581.json"
"512557","146154","2026-01-09","45.00","NZD","1763297581","23477/2026-01-09/1763297581.json"
"365170","146153","2026-01-09","48.00","NZD","1763297581","23477/2026-01-09/1763297581.json"
"510807","146155","2026-01-09","52.00","NZD","1763297581","23477/2026-01-09/1763297581.json"
"581513","221281","2026-01-10","36.00","NZD","1763297581","23477/2026-01-10/1763297581.json"
"581514","221282","2026-01-10","36.00","NZD","1763297581","23477/2026-01-10/1763297581.json"
"512557","146154","2026-01-10","45.00","NZD","1763297581","23477/2026-01-10/1763297581.json"
"365170","146153","2026-01-10","48.00","NZD","1763297581","23477/2026-01-10/1763297581.json"
"510807","146155","2026-01-10","52.00","NZD","1763297581","23477/2026-01-10/1763297581.json"
"581513","221281","2026-01-12","36.00","NZD","1763297581","23477/2026-01-12/1763297581.json"
"581514","221282","2026-01-12","36.00","NZD","1763297581","23477/2026-01-12/1763297581.json"
"512557","146154","2026-01-12","45.00","NZD","1763297581","23477/2026-01-12/1763297581.json"
"365170","146153","2026-01-12","48.00","NZD","1763297581","23477/2026-01-12/1763297581.json"
"510807","146155","2026-01-12","52.00","NZD","1763297581","23477/2026-01-12/1763297581.json"
"581513","221281","2026-01-11","36.00","NZD","1763297581","23477/2026-01-11/1763297581.json"
"581514","221282","2026-01-11","36.00","NZD","1763297581","23477/2026-01-11/1763297581.json"
"512557","146154","2026-01-11","45.00","NZD","1763297581","23477/2026-01-11/1763297581.json"
"365170","146153","2026-01-11","48.00","NZD","1763297581","23477/2026-01-11/1763297581.json"
"510807","146155","2026-01-11","52.00","NZD","1763297581","23477/2026-01-11/1763297581.json"
"581513","221281","2026-01-14","36.00","NZD","1763297581","23477/2026-01-14/1763297581.json"
"581514","221282","2026-01-14","36.00","NZD","1763297581","23477/2026-01-14/1763297581.json"
"512557","146154","2026-01-14","45.00","NZD","1763297581","23477/2026-01-14/1763297581.json"
"365170","146153","2026-01-14","48.00","NZD","1763297581","23477/2026-01-14/1763297581.json"
"510807","146155","2026-01-14","52.00","NZD","1763297581","23477/2026-01-14/1763297581.json"
"581513","221281","2026-01-13","36.00","NZD","1763297581","23477/2026-01-13/1763297581.json"
"581514","221282","2026-01-13","36.00","NZD","1763297581","23477/2026-01-13/1763297581.json"
"512557","146154","2026-01-13","45.00","NZD","1763297581","23477/2026-01-13/1763297581.json"
"365170","146153","2026-01-13","48.00","NZD","1763297581","23477/2026-01-13/1763297581.json"
"510807","146155","2026-01-13","52.00","NZD","1763297581","23477/2026-01-13/1763297581.json"
"581513","221281","2026-01-15","36.00","NZD","1763297581","23477/2026-01-15/1763297581.json"
"581514","221282","2026-01-15","36.00","NZD","1763297581","23477/2026-01-15/1763297581.json"
"512557","146154","2026-01-15","45.00","NZD","1763297581","23477/2026-01-15/1763297581.json"
"365170","146153","2026-01-15","48.00","NZD","1763297581","23477/2026-01-15/1763297581.json"
"510807","146155","2026-01-15","52.00","NZD","1763297581","23477/2026-01-15/1763297581.json"
"581513","221281","2025-11-19","36.00","NZD","1763311276","23477/2025-11-19/1763311276.json"
"581514","221282","2025-11-19","36.00","NZD","1763311276","23477/2025-11-19/1763311276.json"
"512557","146154","2025-11-19","45.00","NZD","1763311276","23477/2025-11-19/1763311276.json"
"365170","146153","2025-11-19","48.00","NZD","1763311276","23477/2025-11-19/1763311276.json"
"510807","146155","2025-11-19","52.00","NZD","1763311276","23477/2025-11-19/1763311276.json"
"581513","221281","2025-11-18","36.00","NZD","1763311276","23477/2025-11-18/1763311276.json"
"581514","221282","2025-11-18","36.00","NZD","1763311276","23477/2025-11-18/1763311276.json"
"512557","146154","2025-11-18","45.00","NZD","1763311276","23477/2025-11-18/1763311276.json"
"365170","146153","2025-11-18","48.00","NZD","1763311276","23477/2025-11-18/1763311276.json"
"510807","146155","2025-11-18","52.00","NZD","1763311276","23477/2025-11-18/1763311276.json"
"581513","221281","2025-11-17","36.00","NZD","1763311276","23477/2025-11-17/1763311276.json"
"581514","221282","2025-11-17","36.00","NZD","1763311276","23477/2025-11-17/1763311276.json"
"512557","146154","2025-11-17","45.00","NZD","1763311276","23477/2025-11-17/1763311276.json"
"365170","146153","2025-11-17","48.00","NZD","1763311276","23477/2025-11-17/1763311276.json"
"510807","146155","2025-11-17","52.00","NZD","1763311276","23477/2025-11-17/1763311276.json"
"581513","221281","2025-11-20","36.00","NZD","1763311276","23477/2025-11-20/1763311276.json"
"581514","221282","2025-11-20","36.00","NZD","1763311276","23477/2025-11-20/1763311276.json"
"512557","146154","2025-11-20","45.00","NZD","1763311276","23477/2025-11-20/1763311276.json"
"365170","146153","2025-11-20","48.00","NZD","1763311276","23477/2025-11-20/1763311276.json"
"510807","146155","2025-11-20","52.00","NZD","1763311276","23477/2025-11-20/1763311276.json"
"581513","221281","2025-11-22","36.00","NZD","1763311276","23477/2025-11-22/1763311276.json"
"581514","221282","2025-11-22","36.00","NZD","1763311276","23477/2025-11-22/1763311276.json"
"512557","146154","2025-11-22","45.00","NZD","1763311276","23477/2025-11-22/1763311276.json"
"365170","146153","2025-11-22","48.00","NZD","1763311276","23477/2025-11-22/1763311276.json"
"510807","146155","2025-11-22","52.00","NZD","1763311276","23477/2025-11-22/1763311276.json"
"581513","221281","2025-11-23","36.00","NZD","1763311276","23477/2025-11-23/1763311276.json"
"581514","221282","2025-11-23","36.00","NZD","1763311276","23477/2025-11-23/1763311276.json"
"512557","146154","2025-11-23","45.00","NZD","1763311276","23477/2025-11-23/1763311276.json"
"365170","146153","2025-11-23","48.00","NZD","1763311276","23477/2025-11-23/1763311276.json"
"510807","146155","2025-11-23","52.00","NZD","1763311276","23477/2025-11-23/1763311276.json"
"581513","221281","2025-11-21","36.00","NZD","1763311276","23477/2025-11-21/1763311276.json"
"581514","221282","2025-11-21","36.00","NZD","1763311276","23477/2025-11-21/1763311276.json"
"512557","146154","2025-11-21","45.00","NZD","1763311276","23477/2025-11-21/1763311276.json"
"365170","146153","2025-11-21","48.00","NZD","1763311276","23477/2025-11-21/1763311276.json"
"510807","146155","2025-11-21","52.00","NZD","1763311276","23477/2025-11-21/1763311276.json"
"581513","221281","2025-11-24","36.00","NZD","1763311276","23477/2025-11-24/1763311276.json"
"581514","221282","2025-11-24","36.00","NZD","1763311276","23477/2025-11-24/1763311276.json"
"512557","146154","2025-11-24","45.00","NZD","1763311276","23477/2025-11-24/1763311276.json"
"365170","146153","2025-11-24","48.00","NZD","1763311276","23477/2025-11-24/1763311276.json"
"510807","146155","2025-11-24","52.00","NZD","1763311276","23477/2025-11-24/1763311276.json"
"581513","221281","2025-11-26","36.00","NZD","1763311276","23477/2025-11-26/1763311276.json"
"581514","221282","2025-11-26","36.00","NZD","1763311276","23477/2025-11-26/1763311276.json"
"512557","146154","2025-11-26","45.00","NZD","1763311276","23477/2025-11-26/1763311276.json"
"365170","146153","2025-11-26","48.00","NZD","1763311276","23477/2025-11-26/1763311276.json"
"510807","146155","2025-11-26","52.00","NZD","1763311276","23477/2025-11-26/1763311276.json"
"581513","221281","2025-11-25","36.00","NZD","1763311276","23477/2025-11-25/1763311276.json"
"581514","221282","2025-11-25","36.00","NZD","1763311276","23477/2025-11-25/1763311276.json"
"512557","146154","2025-11-25","45.00","NZD","1763311276","23477/2025-11-25/1763311276.json"
"365170","146153","2025-11-25","48.00","NZD","1763311276","23477/2025-11-25/1763311276.json"
"510807","146155","2025-11-25","52.00","NZD","1763311276","23477/2025-11-25/1763311276.json"
"581513","221281","2025-11-27","36.00","NZD","1763311276","23477/2025-11-27/1763311276.json"
"581514","221282","2025-11-27","36.00","NZD","1763311276","23477/2025-11-27/1763311276.json"
"512557","146154","2025-11-27","45.00","NZD","1763311276","23477/2025-11-27/1763311276.json"
"365170","146153","2025-11-27","48.00","NZD","1763311276","23477/2025-11-27/1763311276.json"
"510807","146155","2025-11-27","52.00","NZD","1763311276","23477/2025-11-27/1763311276.json"
"581513","221281","2025-11-28","36.00","NZD","1763311276","23477/2025-11-28/1763311276.json"
"581514","221282","2025-11-28","36.00","NZD","1763311276","23477/2025-11-28/1763311276.json"
"512557","146154","2025-11-28","45.00","NZD","1763311276","23477/2025-11-28/1763311276.json"
"365170","146153","2025-11-28","48.00","NZD","1763311276","23477/2025-11-28/1763311276.json"
"510807","146155","2025-11-28","52.00","NZD","1763311276","23477/2025-11-28/1763311276.json"
"581513","221281","2025-11-30","36.00","NZD","1763311276","23477/2025-11-30/1763311276.json"
"581514","221282","2025-11-30","36.00","NZD","1763311276","23477/2025-11-30/1763311276.json"
"512557","146154","2025-11-30","45.00","NZD","1763311276","23477/2025-11-30/1763311276.json"
"365170","146153","2025-11-30","48.00","NZD","1763311276","23477/2025-11-30/1763311276.json"
"510807","146155","2025-11-30","52.00","NZD","1763311276","23477/2025-11-30/1763311276.json"
"581513","221281","2025-12-01","36.00","NZD","1763311276","23477/2025-12-01/1763311276.json"
"581514","221282","2025-12-01","36.00","NZD","1763311276","23477/2025-12-01/1763311276.json"
"512557","146154","2025-12-01","45.00","NZD","1763311276","23477/2025-12-01/1763311276.json"
"365170","146153","2025-12-01","48.00","NZD","1763311276","23477/2025-12-01/1763311276.json"
"510807","146155","2025-12-01","52.00","NZD","1763311276","23477/2025-12-01/1763311276.json"
"581513","221281","2025-11-29","36.00","NZD","1763311276","23477/2025-11-29/1763311276.json"
"581514","221282","2025-11-29","36.00","NZD","1763311276","23477/2025-11-29/1763311276.json"
"512557","146154","2025-11-29","45.00","NZD","1763311276","23477/2025-11-29/1763311276.json"
"365170","146153","2025-11-29","48.00","NZD","1763311276","23477/2025-11-29/1763311276.json"
"510807","146155","2025-11-29","52.00","NZD","1763311276","23477/2025-11-29/1763311276.json"
"581513","221281","2025-12-02","36.00","NZD","1763311276","23477/2025-12-02/1763311276.json"
"581514","221282","2025-12-02","36.00","NZD","1763311276","23477/2025-12-02/1763311276.json"
"512557","146154","2025-12-02","45.00","NZD","1763311276","23477/2025-12-02/1763311276.json"
"365170","146153","2025-12-02","48.00","NZD","1763311276","23477/2025-12-02/1763311276.json"
"510807","146155","2025-12-02","52.00","NZD","1763311276","23477/2025-12-02/1763311276.json"
"581513","221281","2025-12-05","36.00","NZD","1763311276","23477/2025-12-05/1763311276.json"
"581514","221282","2025-12-05","36.00","NZD","1763311276","23477/2025-12-05/1763311276.json"
"512557","146154","2025-12-05","45.00","NZD","1763311276","23477/2025-12-05/1763311276.json"
"365170","146153","2025-12-05","48.00","NZD","1763311276","23477/2025-12-05/1763311276.json"
"510807","146155","2025-12-05","52.00","NZD","1763311276","23477/2025-12-05/1763311276.json"
"581513","221281","2025-12-04","36.00","NZD","1763311276","23477/2025-12-04/1763311276.json"
"581514","221282","2025-12-04","36.00","NZD","1763311276","23477/2025-12-04/1763311276.json"
"512557","146154","2025-12-04","45.00","NZD","1763311276","23477/2025-12-04/1763311276.json"
"365170","146153","2025-12-04","48.00","NZD","1763311276","23477/2025-12-04/1763311276.json"
"510807","146155","2025-12-04","52.00","NZD","1763311276","23477/2025-12-04/1763311276.json"
"581513","221281","2025-12-03","36.00","NZD","1763311276","23477/2025-12-03/1763311276.json"
"581514","221282","2025-12-03","36.00","NZD","1763311276","23477/2025-12-03/1763311276.json"
"512557","146154","2025-12-03","45.00","NZD","1763311276","23477/2025-12-03/1763311276.json"
"365170","146153","2025-12-03","48.00","NZD","1763311276","23477/2025-12-03/1763311276.json"
"510807","146155","2025-12-03","52.00","NZD","1763311276","23477/2025-12-03/1763311276.json"
"581513","221281","2025-12-06","36.00","NZD","1763311276","23477/2025-12-06/1763311276.json"
"581514","221282","2025-12-06","36.00","NZD","1763311276","23477/2025-12-06/1763311276.json"
"512557","146154","2025-12-06","45.00","NZD","1763311276","23477/2025-12-06/1763311276.json"
"365170","146153","2025-12-06","48.00","NZD","1763311276","23477/2025-12-06/1763311276.json"
"510807","146155","2025-12-06","52.00","NZD","1763311276","23477/2025-12-06/1763311276.json"
"581513","221281","2025-12-09","36.00","NZD","1763311276","23477/2025-12-09/1763311276.json"
"581514","221282","2025-12-09","36.00","NZD","1763311276","23477/2025-12-09/1763311276.json"
"512557","146154","2025-12-09","45.00","NZD","1763311276","23477/2025-12-09/1763311276.json"
"365170","146153","2025-12-09","48.00","NZD","1763311276","23477/2025-12-09/1763311276.json"
"510807","146155","2025-12-09","52.00","NZD","1763311276","23477/2025-12-09/1763311276.json"
"581513","221281","2025-12-08","36.00","NZD","1763311276","23477/2025-12-08/1763311276.json"
"581514","221282","2025-12-08","36.00","NZD","1763311276","23477/2025-12-08/1763311276.json"
"512557","146154","2025-12-08","45.00","NZD","1763311276","23477/2025-12-08/1763311276.json"
"365170","146153","2025-12-08","48.00","NZD","1763311276","23477/2025-12-08/1763311276.json"
"510807","146155","2025-12-08","52.00","NZD","1763311276","23477/2025-12-08/1763311276.json"
"581513","221281","2025-12-10","36.00","NZD","1763311276","23477/2025-12-10/1763311276.json"
"581514","221282","2025-12-10","36.00","NZD","1763311276","23477/2025-12-10/1763311276.json"
"512557","146154","2025-12-10","45.00","NZD","1763311276","23477/2025-12-10/1763311276.json"
"365170","146153","2025-12-10","48.00","NZD","1763311276","23477/2025-12-10/1763311276.json"
"510807","146155","2025-12-10","52.00","NZD","1763311276","23477/2025-12-10/1763311276.json"
"581513","221281","2025-12-07","36.00","NZD","1763311276","23477/2025-12-07/1763311276.json"
"581514","221282","2025-12-07","36.00","NZD","1763311276","23477/2025-12-07/1763311276.json"
"512557","146154","2025-12-07","45.00","NZD","1763311276","23477/2025-12-07/1763311276.json"
"365170","146153","2025-12-07","48.00","NZD","1763311276","23477/2025-12-07/1763311276.json"
"510807","146155","2025-12-07","52.00","NZD","1763311276","23477/2025-12-07/1763311276.json"
"581513","221281","2025-12-12","36.00","NZD","1763311276","23477/2025-12-12/1763311276.json"
"581514","221282","2025-12-12","36.00","NZD","1763311276","23477/2025-12-12/1763311276.json"
"512557","146154","2025-12-12","45.00","NZD","1763311276","23477/2025-12-12/1763311276.json"
"365170","146153","2025-12-12","48.00","NZD","1763311276","23477/2025-12-12/1763311276.json"
"510807","146155","2025-12-12","52.00","NZD","1763311276","23477/2025-12-12/1763311276.json"
"581513","221281","2025-12-11","36.00","NZD","1763311276","23477/2025-12-11/1763311276.json"
"581514","221282","2025-12-11","36.00","NZD","1763311276","23477/2025-12-11/1763311276.json"
"512557","146154","2025-12-11","45.00","NZD","1763311276","23477/2025-12-11/1763311276.json"
"365170","146153","2025-12-11","48.00","NZD","1763311276","23477/2025-12-11/1763311276.json"
"510807","146155","2025-12-11","52.00","NZD","1763311276","23477/2025-12-11/1763311276.json"
"581513","221281","2025-12-14","36.00","NZD","1763311276","23477/2025-12-14/1763311276.json"
"581514","221282","2025-12-14","36.00","NZD","1763311276","23477/2025-12-14/1763311276.json"
"512557","146154","2025-12-14","45.00","NZD","1763311276","23477/2025-12-14/1763311276.json"
"365170","146153","2025-12-14","48.00","NZD","1763311276","23477/2025-12-14/1763311276.json"
"510807","146155","2025-12-14","52.00","NZD","1763311276","23477/2025-12-14/1763311276.json"
"581513","221281","2025-12-13","36.00","NZD","1763311276","23477/2025-12-13/1763311276.json"
"581514","221282","2025-12-13","36.00","NZD","1763311276","23477/2025-12-13/1763311276.json"
"512557","146154","2025-12-13","45.00","NZD","1763311276","23477/2025-12-13/1763311276.json"
"365170","146153","2025-12-13","48.00","NZD","1763311276","23477/2025-12-13/1763311276.json"
"510807","146155","2025-12-13","52.00","NZD","1763311276","23477/2025-12-13/1763311276.json"
"581513","221281","2025-12-16","36.00","NZD","1763311276","23477/2025-12-16/1763311276.json"
"581514","221282","2025-12-16","36.00","NZD","1763311276","23477/2025-12-16/1763311276.json"
"512557","146154","2025-12-16","45.00","NZD","1763311276","23477/2025-12-16/1763311276.json"
"365170","146153","2025-12-16","48.00","NZD","1763311276","23477/2025-12-16/1763311276.json"
"510807","146155","2025-12-16","52.00","NZD","1763311276","23477/2025-12-16/1763311276.json"
"581513","221281","2025-12-15","36.00","NZD","1763311276","23477/2025-12-15/1763311276.json"
"581514","221282","2025-12-15","36.00","NZD","1763311276","23477/2025-12-15/1763311276.json"
"512557","146154","2025-12-15","45.00","NZD","1763311276","23477/2025-12-15/1763311276.json"
"365170","146153","2025-12-15","48.00","NZD","1763311276","23477/2025-12-15/1763311276.json"
"510807","146155","2025-12-15","52.00","NZD","1763311276","23477/2025-12-15/1763311276.json"
"581513","221281","2025-12-18","36.00","NZD","1763311276","23477/2025-12-18/1763311276.json"
"581514","221282","2025-12-18","36.00","NZD","1763311276","23477/2025-12-18/1763311276.json"
"512557","146154","2025-12-18","45.00","NZD","1763311276","23477/2025-12-18/1763311276.json"
"365170","146153","2025-12-18","48.00","NZD","1763311276","23477/2025-12-18/1763311276.json"
"510807","146155","2025-12-18","52.00","NZD","1763311276","23477/2025-12-18/1763311276.json"
"581513","221281","2025-12-17","36.00","NZD","1763311276","23477/2025-12-17/1763311276.json"
"581514","221282","2025-12-17","36.00","NZD","1763311276","23477/2025-12-17/1763311276.json"
"512557","146154","2025-12-17","45.00","NZD","1763311276","23477/2025-12-17/1763311276.json"
"365170","146153","2025-12-17","48.00","NZD","1763311276","23477/2025-12-17/1763311276.json"
"510807","146155","2025-12-17","52.00","NZD","1763311276","23477/2025-12-17/1763311276.json"
"581513","221281","2025-12-20","36.00","NZD","1763311276","23477/2025-12-20/1763311276.json"
"581514","221282","2025-12-20","36.00","NZD","1763311276","23477/2025-12-20/1763311276.json"
"512557","146154","2025-12-20","45.00","NZD","1763311276","23477/2025-12-20/1763311276.json"
"365170","146153","2025-12-20","48.00","NZD","1763311276","23477/2025-12-20/1763311276.json"
"510807","146155","2025-12-20","52.00","NZD","1763311276","23477/2025-12-20/1763311276.json"
"581513","221281","2025-12-19","36.00","NZD","1763311276","23477/2025-12-19/1763311276.json"
"581514","221282","2025-12-19","36.00","NZD","1763311276","23477/2025-12-19/1763311276.json"
"512557","146154","2025-12-19","45.00","NZD","1763311276","23477/2025-12-19/1763311276.json"
"365170","146153","2025-12-19","48.00","NZD","1763311276","23477/2025-12-19/1763311276.json"
"510807","146155","2025-12-19","52.00","NZD","1763311276","23477/2025-12-19/1763311276.json"
"581513","221281","2025-12-22","36.00","NZD","1763311276","23477/2025-12-22/1763311276.json"
"581514","221282","2025-12-22","36.00","NZD","1763311276","23477/2025-12-22/1763311276.json"
"512557","146154","2025-12-22","45.00","NZD","1763311276","23477/2025-12-22/1763311276.json"
"365170","146153","2025-12-22","48.00","NZD","1763311276","23477/2025-12-22/1763311276.json"
"510807","146155","2025-12-22","52.00","NZD","1763311276","23477/2025-12-22/1763311276.json"
"581513","221281","2025-12-21","36.00","NZD","1763311276","23477/2025-12-21/1763311276.json"
"581514","221282","2025-12-21","36.00","NZD","1763311276","23477/2025-12-21/1763311276.json"
"512557","146154","2025-12-21","45.00","NZD","1763311276","23477/2025-12-21/1763311276.json"
"365170","146153","2025-12-21","48.00","NZD","1763311276","23477/2025-12-21/1763311276.json"
"510807","146155","2025-12-21","52.00","NZD","1763311276","23477/2025-12-21/1763311276.json"
"581513","221281","2025-12-23","38.00","NZD","1763311276","23477/2025-12-23/1763311276.json"
"581514","221282","2025-12-23","38.00","NZD","1763311276","23477/2025-12-23/1763311276.json"
"512557","146154","2025-12-23","45.00","NZD","1763311276","23477/2025-12-23/1763311276.json"
"365170","146153","2025-12-23","48.00","NZD","1763311276","23477/2025-12-23/1763311276.json"
"510807","146155","2025-12-23","52.00","NZD","1763311276","23477/2025-12-23/1763311276.json"
"581513","221281","2025-12-24","38.00","NZD","1763311276","23477/2025-12-24/1763311276.json"
"581514","221282","2025-12-24","38.00","NZD","1763311276","23477/2025-12-24/1763311276.json"
"512557","146154","2025-12-24","45.00","NZD","1763311276","23477/2025-12-24/1763311276.json"
"365170","146153","2025-12-24","48.00","NZD","1763311276","23477/2025-12-24/1763311276.json"
"510807","146155","2025-12-24","52.00","NZD","1763311276","23477/2025-12-24/1763311276.json"
"581513","221281","2025-12-25","38.00","NZD","1763311276","23477/2025-12-25/1763311276.json"
"581514","221282","2025-12-25","38.00","NZD","1763311276","23477/2025-12-25/1763311276.json"
"512557","146154","2025-12-25","45.00","NZD","1763311276","23477/2025-12-25/1763311276.json"
"365170","146153","2025-12-25","48.00","NZD","1763311276","23477/2025-12-25/1763311276.json"
"510807","146155","2025-12-25","52.00","NZD","1763311276","23477/2025-12-25/1763311276.json"
"581513","221281","2025-12-26","42.00","NZD","1763311276","23477/2025-12-26/1763311276.json"
"581514","221282","2025-12-26","42.00","NZD","1763311276","23477/2025-12-26/1763311276.json"
"512557","146154","2025-12-26","45.00","NZD","1763311276","23477/2025-12-26/1763311276.json"
"365170","146153","2025-12-26","48.00","NZD","1763311276","23477/2025-12-26/1763311276.json"
"510807","146155","2025-12-26","52.00","NZD","1763311276","23477/2025-12-26/1763311276.json"
"581513","221281","2025-12-27","42.00","NZD","1763311276","23477/2025-12-27/1763311276.json"
"581514","221282","2025-12-27","42.00","NZD","1763311276","23477/2025-12-27/1763311276.json"
"512557","146154","2025-12-27","45.00","NZD","1763311276","23477/2025-12-27/1763311276.json"
"365170","146153","2025-12-27","48.00","NZD","1763311276","23477/2025-12-27/1763311276.json"
"510807","146155","2025-12-27","52.00","NZD","1763311276","23477/2025-12-27/1763311276.json"
"581513","221281","2025-12-28","42.00","NZD","1763311276","23477/2025-12-28/1763311276.json"
"581514","221282","2025-12-28","42.00","NZD","1763311276","23477/2025-12-28/1763311276.json"
"512557","146154","2025-12-28","45.00","NZD","1763311276","23477/2025-12-28/1763311276.json"
"365170","146153","2025-12-28","48.00","NZD","1763311276","23477/2025-12-28/1763311276.json"
"510807","146155","2025-12-28","52.00","NZD","1763311276","23477/2025-12-28/1763311276.json"
"581513","221281","2025-12-29","42.00","NZD","1763311276","23477/2025-12-29/1763311276.json"
"581514","221282","2025-12-29","42.00","NZD","1763311276","23477/2025-12-29/1763311276.json"
"512557","146154","2025-12-29","45.00","NZD","1763311276","23477/2025-12-29/1763311276.json"
"365170","146153","2025-12-29","48.00","NZD","1763311276","23477/2025-12-29/1763311276.json"
"510807","146155","2025-12-29","52.00","NZD","1763311276","23477/2025-12-29/1763311276.json"
"581513","221281","2025-12-30","42.00","NZD","1763311276","23477/2025-12-30/1763311276.json"
"581514","221282","2025-12-30","42.00","NZD","1763311276","23477/2025-12-30/1763311276.json"
"512557","146154","2025-12-30","45.00","NZD","1763311276","23477/2025-12-30/1763311276.json"
"365170","146153","2025-12-30","48.00","NZD","1763311276","23477/2025-12-30/1763311276.json"
"510807","146155","2025-12-30","52.00","NZD","1763311276","23477/2025-12-30/1763311276.json"
"581513","221281","2025-12-31","42.00","NZD","1763311276","23477/2025-12-31/1763311276.json"
"581514","221282","2025-12-31","42.00","NZD","1763311276","23477/2025-12-31/1763311276.json"
"512557","146154","2025-12-31","45.00","NZD","1763311276","23477/2025-12-31/1763311276.json"
"365170","146153","2025-12-31","48.00","NZD","1763311276","23477/2025-12-31/1763311276.json"
"510807","146155","2025-12-31","52.00","NZD","1763311276","23477/2025-12-31/1763311276.json"
"581513","221281","2026-01-01","42.00","NZD","1763311276","23477/2026-01-01/1763311276.json"
"581514","221282","2026-01-01","42.00","NZD","1763311276","23477/2026-01-01/1763311276.json"
"512557","146154","2026-01-01","45.00","NZD","1763311276","23477/2026-01-01/1763311276.json"
"365170","146153","2026-01-01","48.00","NZD","1763311276","23477/2026-01-01/1763311276.json"
"510807","146155","2026-01-01","52.00","NZD","1763311276","23477/2026-01-01/1763311276.json"
"581513","221281","2026-01-03","42.00","NZD","1763311276","23477/2026-01-03/1763311276.json"
"581514","221282","2026-01-03","42.00","NZD","1763311276","23477/2026-01-03/1763311276.json"
"512557","146154","2026-01-03","45.00","NZD","1763311276","23477/2026-01-03/1763311276.json"
"365170","146153","2026-01-03","48.00","NZD","1763311276","23477/2026-01-03/1763311276.json"
"510807","146155","2026-01-03","52.00","NZD","1763311276","23477/2026-01-03/1763311276.json"
"581513","221281","2026-01-02","42.00","NZD","1763311276","23477/2026-01-02/1763311276.json"
"581514","221282","2026-01-02","42.00","NZD","1763311276","23477/2026-01-02/1763311276.json"
"512557","146154","2026-01-02","45.00","NZD","1763311276","23477/2026-01-02/1763311276.json"
"365170","146153","2026-01-02","48.00","NZD","1763311276","23477/2026-01-02/1763311276.json"
"510807","146155","2026-01-02","52.00","NZD","1763311276","23477/2026-01-02/1763311276.json"
"581513","221281","2026-01-04","42.00","NZD","1763311276","23477/2026-01-04/1763311276.json"
"581514","221282","2026-01-04","42.00","NZD","1763311276","23477/2026-01-04/1763311276.json"
"512557","146154","2026-01-04","45.00","NZD","1763311276","23477/2026-01-04/1763311276.json"
"365170","146153","2026-01-04","48.00","NZD","1763311276","23477/2026-01-04/1763311276.json"
"510807","146155","2026-01-04","52.00","NZD","1763311276","23477/2026-01-04/1763311276.json"
"581513","221281","2026-01-05","36.00","NZD","1763311276","23477/2026-01-05/1763311276.json"
"581514","221282","2026-01-05","36.00","NZD","1763311276","23477/2026-01-05/1763311276.json"
"512557","146154","2026-01-05","45.00","NZD","1763311276","23477/2026-01-05/1763311276.json"
"365170","146153","2026-01-05","48.00","NZD","1763311276","23477/2026-01-05/1763311276.json"
"510807","146155","2026-01-05","52.00","NZD","1763311276","23477/2026-01-05/1763311276.json"
"581513","221281","2026-01-06","36.00","NZD","1763311276","23477/2026-01-06/1763311276.json"
"581514","221282","2026-01-06","36.00","NZD","1763311276","23477/2026-01-06/1763311276.json"
"512557","146154","2026-01-06","45.00","NZD","1763311276","23477/2026-01-06/1763311276.json"
"365170","146153","2026-01-06","48.00","NZD","1763311276","23477/2026-01-06/1763311276.json"
"510807","146155","2026-01-06","52.00","NZD","1763311276","23477/2026-01-06/1763311276.json"
"581513","221281","2026-01-07","36.00","NZD","1763311276","23477/2026-01-07/1763311276.json"
"581514","221282","2026-01-07","36.00","NZD","1763311276","23477/2026-01-07/1763311276.json"
"512557","146154","2026-01-07","45.00","NZD","1763311276","23477/2026-01-07/1763311276.json"
"365170","146153","2026-01-07","48.00","NZD","1763311276","23477/2026-01-07/1763311276.json"
"510807","146155","2026-01-07","52.00","NZD","1763311276","23477/2026-01-07/1763311276.json"
"581513","221281","2026-01-08","36.00","NZD","1763311276","23477/2026-01-08/1763311276.json"
"581514","221282","2026-01-08","36.00","NZD","1763311276","23477/2026-01-08/1763311276.json"
"512557","146154","2026-01-08","45.00","NZD","1763311276","23477/2026-01-08/1763311276.json"
"365170","146153","2026-01-08","48.00","NZD","1763311276","23477/2026-01-08/1763311276.json"
"510807","146155","2026-01-08","52.00","NZD","1763311276","23477/2026-01-08/1763311276.json"
"581513","221281","2026-01-09","36.00","NZD","1763311276","23477/2026-01-09/1763311276.json"
"581514","221282","2026-01-09","36.00","NZD","1763311276","23477/2026-01-09/1763311276.json"
"512557","146154","2026-01-09","45.00","NZD","1763311276","23477/2026-01-09/1763311276.json"
"365170","146153","2026-01-09","48.00","NZD","1763311276","23477/2026-01-09/1763311276.json"
"510807","146155","2026-01-09","52.00","NZD","1763311276","23477/2026-01-09/1763311276.json"
"581513","221281","2026-01-10","36.00","NZD","1763311276","23477/2026-01-10/1763311276.json"
"581514","221282","2026-01-10","36.00","NZD","1763311276","23477/2026-01-10/1763311276.json"
"512557","146154","2026-01-10","45.00","NZD","1763311276","23477/2026-01-10/1763311276.json"
"365170","146153","2026-01-10","48.00","NZD","1763311276","23477/2026-01-10/1763311276.json"
"510807","146155","2026-01-10","52.00","NZD","1763311276","23477/2026-01-10/1763311276.json"
"581513","221281","2026-01-11","36.00","NZD","1763311276","23477/2026-01-11/1763311276.json"
"581514","221282","2026-01-11","36.00","NZD","1763311276","23477/2026-01-11/1763311276.json"
"512557","146154","2026-01-11","45.00","NZD","1763311276","23477/2026-01-11/1763311276.json"
"365170","146153","2026-01-11","48.00","NZD","1763311276","23477/2026-01-11/1763311276.json"
"510807","146155","2026-01-11","52.00","NZD","1763311276","23477/2026-01-11/1763311276.json"
"581513","221281","2026-01-12","36.00","NZD","1763311276","23477/2026-01-12/1763311276.json"
"581514","221282","2026-01-12","36.00","NZD","1763311276","23477/2026-01-12/1763311276.json"
"512557","146154","2026-01-12","45.00","NZD","1763311276","23477/2026-01-12/1763311276.json"
"365170","146153","2026-01-12","48.00","NZD","1763311276","23477/2026-01-12/1763311276.json"
"510807","146155","2026-01-12","52.00","NZD","1763311276","23477/2026-01-12/1763311276.json"
"581513","221281","2026-01-13","36.00","NZD","1763311276","23477/2026-01-13/1763311276.json"
"581514","221282","2026-01-13","36.00","NZD","1763311276","23477/2026-01-13/1763311276.json"
"512557","146154","2026-01-13","45.00","NZD","1763311276","23477/2026-01-13/1763311276.json"
"365170","146153","2026-01-13","48.00","NZD","1763311276","23477/2026-01-13/1763311276.json"
"510807","146155","2026-01-13","52.00","NZD","1763311276","23477/2026-01-13/1763311276.json"
"581513","221281","2026-01-14","36.00","NZD","1763311276","23477/2026-01-14/1763311276.json"
"581514","221282","2026-01-14","36.00","NZD","1763311276","23477/2026-01-14/1763311276.json"
"512557","146154","2026-01-14","45.00","NZD","1763311276","23477/2026-01-14/1763311276.json"
"365170","146153","2026-01-14","48.00","NZD","1763311276","23477/2026-01-14/1763311276.json"
"510807","146155","2026-01-14","52.00","NZD","1763311276","23477/2026-01-14/1763311276.json"
"581513","221281","2026-01-15","36.00","NZD","1763311276","23477/2026-01-15/1763311276.json"
"581514","221282","2026-01-15","36.00","NZD","1763311276","23477/2026-01-15/1763311276.json"
"512557","146154","2026-01-15","45.00","NZD","1763311276","23477/2026-01-15/1763311276.json"
"365170","146153","2026-01-15","48.00","NZD","1763311276","23477/2026-01-15/1763311276.json"
"510807","146155","2026-01-15","52.00","NZD","1763311276","23477/2026-01-15/1763311276.json"
"581513","221281","2025-11-18","36.00","NZD","1763325360","23477/2025-11-18/1763325360.json"
"581514","221282","2025-11-18","36.00","NZD","1763325360","23477/2025-11-18/1763325360.json"
"512557","146154","2025-11-18","45.00","NZD","1763325360","23477/2025-11-18/1763325360.json"
"365170","146153","2025-11-18","48.00","NZD","1763325360","23477/2025-11-18/1763325360.json"
"510807","146155","2025-11-18","52.00","NZD","1763325360","23477/2025-11-18/1763325360.json"
"581513","221281","2025-11-19","36.00","NZD","1763325360","23477/2025-11-19/1763325360.json"
"581514","221282","2025-11-19","36.00","NZD","1763325360","23477/2025-11-19/1763325360.json"
"512557","146154","2025-11-19","45.00","NZD","1763325360","23477/2025-11-19/1763325360.json"
"365170","146153","2025-11-19","48.00","NZD","1763325360","23477/2025-11-19/1763325360.json"
"510807","146155","2025-11-19","52.00","NZD","1763325360","23477/2025-11-19/1763325360.json"
"581513","221281","2025-11-20","36.00","NZD","1763325360","23477/2025-11-20/1763325360.json"
"581514","221282","2025-11-20","36.00","NZD","1763325360","23477/2025-11-20/1763325360.json"
"512557","146154","2025-11-20","45.00","NZD","1763325360","23477/2025-11-20/1763325360.json"
"365170","146153","2025-11-20","48.00","NZD","1763325360","23477/2025-11-20/1763325360.json"
"510807","146155","2025-11-20","52.00","NZD","1763325360","23477/2025-11-20/1763325360.json"
"581513","221281","2025-11-21","36.00","NZD","1763325360","23477/2025-11-21/1763325360.json"
"581514","221282","2025-11-21","36.00","NZD","1763325360","23477/2025-11-21/1763325360.json"
"512557","146154","2025-11-21","45.00","NZD","1763325360","23477/2025-11-21/1763325360.json"
"365170","146153","2025-11-21","48.00","NZD","1763325360","23477/2025-11-21/1763325360.json"
"510807","146155","2025-11-21","52.00","NZD","1763325360","23477/2025-11-21/1763325360.json"
"581513","221281","2025-11-22","36.00","NZD","1763325360","23477/2025-11-22/1763325360.json"
"581514","221282","2025-11-22","36.00","NZD","1763325360","23477/2025-11-22/1763325360.json"
"512557","146154","2025-11-22","45.00","NZD","1763325360","23477/2025-11-22/1763325360.json"
"365170","146153","2025-11-22","48.00","NZD","1763325360","23477/2025-11-22/1763325360.json"
"510807","146155","2025-11-22","52.00","NZD","1763325360","23477/2025-11-22/1763325360.json"
"581513","221281","2025-11-23","36.00","NZD","1763325360","23477/2025-11-23/1763325360.json"
"581514","221282","2025-11-23","36.00","NZD","1763325360","23477/2025-11-23/1763325360.json"
"512557","146154","2025-11-23","45.00","NZD","1763325360","23477/2025-11-23/1763325360.json"
"365170","146153","2025-11-23","48.00","NZD","1763325360","23477/2025-11-23/1763325360.json"
"510807","146155","2025-11-23","52.00","NZD","1763325360","23477/2025-11-23/1763325360.json"
"581513","221281","2025-11-17","36.00","NZD","1763325360","23477/2025-11-17/1763325360.json"
"581514","221282","2025-11-17","36.00","NZD","1763325360","23477/2025-11-17/1763325360.json"
"512557","146154","2025-11-17","45.00","NZD","1763325360","23477/2025-11-17/1763325360.json"
"365170","146153","2025-11-17","48.00","NZD","1763325360","23477/2025-11-17/1763325360.json"
"510807","146155","2025-11-17","52.00","NZD","1763325360","23477/2025-11-17/1763325360.json"
"581513","221281","2025-11-24","36.00","NZD","1763325360","23477/2025-11-24/1763325360.json"
"581514","221282","2025-11-24","36.00","NZD","1763325360","23477/2025-11-24/1763325360.json"
"512557","146154","2025-11-24","45.00","NZD","1763325360","23477/2025-11-24/1763325360.json"
"365170","146153","2025-11-24","48.00","NZD","1763325360","23477/2025-11-24/1763325360.json"
"510807","146155","2025-11-24","52.00","NZD","1763325360","23477/2025-11-24/1763325360.json"
"581513","221281","2025-11-25","36.00","NZD","1763325360","23477/2025-11-25/1763325360.json"
"581514","221282","2025-11-25","36.00","NZD","1763325360","23477/2025-11-25/1763325360.json"
"512557","146154","2025-11-25","45.00","NZD","1763325360","23477/2025-11-25/1763325360.json"
"365170","146153","2025-11-25","48.00","NZD","1763325360","23477/2025-11-25/1763325360.json"
"510807","146155","2025-11-25","52.00","NZD","1763325360","23477/2025-11-25/1763325360.json"
"581513","221281","2025-11-27","36.00","NZD","1763325360","23477/2025-11-27/1763325360.json"
"581514","221282","2025-11-27","36.00","NZD","1763325360","23477/2025-11-27/1763325360.json"
"512557","146154","2025-11-27","45.00","NZD","1763325360","23477/2025-11-27/1763325360.json"
"365170","146153","2025-11-27","48.00","NZD","1763325360","23477/2025-11-27/1763325360.json"
"510807","146155","2025-11-27","52.00","NZD","1763325360","23477/2025-11-27/1763325360.json"
"581513","221281","2025-11-26","36.00","NZD","1763325360","23477/2025-11-26/1763325360.json"
"581514","221282","2025-11-26","36.00","NZD","1763325360","23477/2025-11-26/1763325360.json"
"512557","146154","2025-11-26","45.00","NZD","1763325360","23477/2025-11-26/1763325360.json"
"365170","146153","2025-11-26","48.00","NZD","1763325360","23477/2025-11-26/1763325360.json"
"510807","146155","2025-11-26","52.00","NZD","1763325360","23477/2025-11-26/1763325360.json"
"581513","221281","2025-11-28","36.00","NZD","1763325360","23477/2025-11-28/1763325360.json"
"581514","221282","2025-11-28","36.00","NZD","1763325360","23477/2025-11-28/1763325360.json"
"512557","146154","2025-11-28","45.00","NZD","1763325360","23477/2025-11-28/1763325360.json"
"365170","146153","2025-11-28","48.00","NZD","1763325360","23477/2025-11-28/1763325360.json"
"510807","146155","2025-11-28","52.00","NZD","1763325360","23477/2025-11-28/1763325360.json"
"581513","221281","2025-11-29","36.00","NZD","1763325360","23477/2025-11-29/1763325360.json"
"581514","221282","2025-11-29","36.00","NZD","1763325360","23477/2025-11-29/1763325360.json"
"512557","146154","2025-11-29","45.00","NZD","1763325360","23477/2025-11-29/1763325360.json"
"365170","146153","2025-11-29","48.00","NZD","1763325360","23477/2025-11-29/1763325360.json"
"510807","146155","2025-11-29","52.00","NZD","1763325360","23477/2025-11-29/1763325360.json"
"581513","221281","2025-11-30","36.00","NZD","1763325360","23477/2025-11-30/1763325360.json"
"581514","221282","2025-11-30","36.00","NZD","1763325360","23477/2025-11-30/1763325360.json"
"512557","146154","2025-11-30","45.00","NZD","1763325360","23477/2025-11-30/1763325360.json"
"365170","146153","2025-11-30","48.00","NZD","1763325360","23477/2025-11-30/1763325360.json"
"510807","146155","2025-11-30","52.00","NZD","1763325360","23477/2025-11-30/1763325360.json"
"581513","221281","2025-12-02","36.00","NZD","1763325360","23477/2025-12-02/1763325360.json"
"581514","221282","2025-12-02","36.00","NZD","1763325360","23477/2025-12-02/1763325360.json"
"512557","146154","2025-12-02","45.00","NZD","1763325360","23477/2025-12-02/1763325360.json"
"365170","146153","2025-12-02","48.00","NZD","1763325360","23477/2025-12-02/1763325360.json"
"510807","146155","2025-12-02","52.00","NZD","1763325360","23477/2025-12-02/1763325360.json"
"581513","221281","2025-12-03","36.00","NZD","1763325360","23477/2025-12-03/1763325360.json"
"581514","221282","2025-12-03","36.00","NZD","1763325360","23477/2025-12-03/1763325360.json"
"512557","146154","2025-12-03","45.00","NZD","1763325360","23477/2025-12-03/1763325360.json"
"365170","146153","2025-12-03","48.00","NZD","1763325360","23477/2025-12-03/1763325360.json"
"510807","146155","2025-12-03","52.00","NZD","1763325360","23477/2025-12-03/1763325360.json"
"581513","221281","2025-12-01","36.00","NZD","1763325360","23477/2025-12-01/1763325360.json"
"581514","221282","2025-12-01","36.00","NZD","1763325360","23477/2025-12-01/1763325360.json"
"512557","146154","2025-12-01","45.00","NZD","1763325360","23477/2025-12-01/1763325360.json"
"365170","146153","2025-12-01","48.00","NZD","1763325360","23477/2025-12-01/1763325360.json"
"510807","146155","2025-12-01","52.00","NZD","1763325360","23477/2025-12-01/1763325360.json"
"581513","221281","2025-12-04","36.00","NZD","1763325360","23477/2025-12-04/1763325360.json"
"581514","221282","2025-12-04","36.00","NZD","1763325360","23477/2025-12-04/1763325360.json"
"512557","146154","2025-12-04","45.00","NZD","1763325360","23477/2025-12-04/1763325360.json"
"365170","146153","2025-12-04","48.00","NZD","1763325360","23477/2025-12-04/1763325360.json"
"510807","146155","2025-12-04","52.00","NZD","1763325360","23477/2025-12-04/1763325360.json"
"581513","221281","2025-12-07","36.00","NZD","1763325360","23477/2025-12-07/1763325360.json"
"581514","221282","2025-12-07","36.00","NZD","1763325360","23477/2025-12-07/1763325360.json"
"512557","146154","2025-12-07","45.00","NZD","1763325360","23477/2025-12-07/1763325360.json"
"365170","146153","2025-12-07","48.00","NZD","1763325360","23477/2025-12-07/1763325360.json"
"510807","146155","2025-12-07","52.00","NZD","1763325360","23477/2025-12-07/1763325360.json"
"581513","221281","2025-12-08","36.00","NZD","1763325360","23477/2025-12-08/1763325360.json"
"581514","221282","2025-12-08","36.00","NZD","1763325360","23477/2025-12-08/1763325360.json"
"512557","146154","2025-12-08","45.00","NZD","1763325360","23477/2025-12-08/1763325360.json"
"365170","146153","2025-12-08","48.00","NZD","1763325360","23477/2025-12-08/1763325360.json"
"510807","146155","2025-12-08","52.00","NZD","1763325360","23477/2025-12-08/1763325360.json"
"581513","221281","2025-12-05","36.00","NZD","1763325360","23477/2025-12-05/1763325360.json"
"581514","221282","2025-12-05","36.00","NZD","1763325360","23477/2025-12-05/1763325360.json"
"512557","146154","2025-12-05","45.00","NZD","1763325360","23477/2025-12-05/1763325360.json"
"365170","146153","2025-12-05","48.00","NZD","1763325360","23477/2025-12-05/1763325360.json"
"510807","146155","2025-12-05","52.00","NZD","1763325360","23477/2025-12-05/1763325360.json"
"581513","221281","2025-12-06","36.00","NZD","1763325360","23477/2025-12-06/1763325360.json"
"581514","221282","2025-12-06","36.00","NZD","1763325360","23477/2025-12-06/1763325360.json"
"512557","146154","2025-12-06","45.00","NZD","1763325360","23477/2025-12-06/1763325360.json"
"365170","146153","2025-12-06","48.00","NZD","1763325360","23477/2025-12-06/1763325360.json"
"510807","146155","2025-12-06","52.00","NZD","1763325360","23477/2025-12-06/1763325360.json"
"581513","221281","2025-12-09","36.00","NZD","1763325360","23477/2025-12-09/1763325360.json"
"581514","221282","2025-12-09","36.00","NZD","1763325360","23477/2025-12-09/1763325360.json"
"512557","146154","2025-12-09","45.00","NZD","1763325360","23477/2025-12-09/1763325360.json"
"365170","146153","2025-12-09","48.00","NZD","1763325360","23477/2025-12-09/1763325360.json"
"510807","146155","2025-12-09","52.00","NZD","1763325360","23477/2025-12-09/1763325360.json"
"581513","221281","2025-12-10","36.00","NZD","1763325360","23477/2025-12-10/1763325360.json"
"581514","221282","2025-12-10","36.00","NZD","1763325360","23477/2025-12-10/1763325360.json"
"512557","146154","2025-12-10","45.00","NZD","1763325360","23477/2025-12-10/1763325360.json"
"365170","146153","2025-12-10","48.00","NZD","1763325360","23477/2025-12-10/1763325360.json"
"510807","146155","2025-12-10","52.00","NZD","1763325360","23477/2025-12-10/1763325360.json"
"581513","221281","2025-12-11","36.00","NZD","1763325360","23477/2025-12-11/1763325360.json"
"581514","221282","2025-12-11","36.00","NZD","1763325360","23477/2025-12-11/1763325360.json"
"512557","146154","2025-12-11","45.00","NZD","1763325360","23477/2025-12-11/1763325360.json"
"365170","146153","2025-12-11","48.00","NZD","1763325360","23477/2025-12-11/1763325360.json"
"510807","146155","2025-12-11","52.00","NZD","1763325360","23477/2025-12-11/1763325360.json"
"581513","221281","2025-12-12","36.00","NZD","1763325360","23477/2025-12-12/1763325360.json"
"581514","221282","2025-12-12","36.00","NZD","1763325360","23477/2025-12-12/1763325360.json"
"512557","146154","2025-12-12","45.00","NZD","1763325360","23477/2025-12-12/1763325360.json"
"365170","146153","2025-12-12","48.00","NZD","1763325360","23477/2025-12-12/1763325360.json"
"510807","146155","2025-12-12","52.00","NZD","1763325360","23477/2025-12-12/1763325360.json"
"581513","221281","2025-12-13","36.00","NZD","1763325360","23477/2025-12-13/1763325360.json"
"581514","221282","2025-12-13","36.00","NZD","1763325360","23477/2025-12-13/1763325360.json"
"512557","146154","2025-12-13","45.00","NZD","1763325360","23477/2025-12-13/1763325360.json"
"365170","146153","2025-12-13","48.00","NZD","1763325360","23477/2025-12-13/1763325360.json"
"510807","146155","2025-12-13","52.00","NZD","1763325360","23477/2025-12-13/1763325360.json"
"581513","221281","2025-12-14","36.00","NZD","1763325360","23477/2025-12-14/1763325360.json"
"581514","221282","2025-12-14","36.00","NZD","1763325360","23477/2025-12-14/1763325360.json"
"512557","146154","2025-12-14","45.00","NZD","1763325360","23477/2025-12-14/1763325360.json"
"365170","146153","2025-12-14","48.00","NZD","1763325360","23477/2025-12-14/1763325360.json"
"510807","146155","2025-12-14","52.00","NZD","1763325360","23477/2025-12-14/1763325360.json"
"581513","221281","2025-12-15","36.00","NZD","1763325360","23477/2025-12-15/1763325360.json"
"581514","221282","2025-12-15","36.00","NZD","1763325360","23477/2025-12-15/1763325360.json"
"512557","146154","2025-12-15","45.00","NZD","1763325360","23477/2025-12-15/1763325360.json"
"365170","146153","2025-12-15","48.00","NZD","1763325360","23477/2025-12-15/1763325360.json"
"510807","146155","2025-12-15","52.00","NZD","1763325360","23477/2025-12-15/1763325360.json"
"581513","221281","2025-12-16","36.00","NZD","1763325360","23477/2025-12-16/1763325360.json"
"581514","221282","2025-12-16","36.00","NZD","1763325360","23477/2025-12-16/1763325360.json"
"512557","146154","2025-12-16","45.00","NZD","1763325360","23477/2025-12-16/1763325360.json"
"365170","146153","2025-12-16","48.00","NZD","1763325360","23477/2025-12-16/1763325360.json"
"510807","146155","2025-12-16","52.00","NZD","1763325360","23477/2025-12-16/1763325360.json"
"581513","221281","2025-12-17","36.00","NZD","1763325360","23477/2025-12-17/1763325360.json"
"581514","221282","2025-12-17","36.00","NZD","1763325360","23477/2025-12-17/1763325360.json"
"512557","146154","2025-12-17","45.00","NZD","1763325360","23477/2025-12-17/1763325360.json"
"365170","146153","2025-12-17","48.00","NZD","1763325360","23477/2025-12-17/1763325360.json"
"510807","146155","2025-12-17","52.00","NZD","1763325360","23477/2025-12-17/1763325360.json"
"581513","221281","2025-12-18","36.00","NZD","1763325360","23477/2025-12-18/1763325360.json"
"581514","221282","2025-12-18","36.00","NZD","1763325360","23477/2025-12-18/1763325360.json"
"512557","146154","2025-12-18","45.00","NZD","1763325360","23477/2025-12-18/1763325360.json"
"365170","146153","2025-12-18","48.00","NZD","1763325360","23477/2025-12-18/1763325360.json"
"510807","146155","2025-12-18","52.00","NZD","1763325360","23477/2025-12-18/1763325360.json"
"581513","221281","2025-12-21","36.00","NZD","1763325360","23477/2025-12-21/1763325360.json"
"581514","221282","2025-12-21","36.00","NZD","1763325360","23477/2025-12-21/1763325360.json"
"512557","146154","2025-12-21","45.00","NZD","1763325360","23477/2025-12-21/1763325360.json"
"365170","146153","2025-12-21","48.00","NZD","1763325360","23477/2025-12-21/1763325360.json"
"510807","146155","2025-12-21","52.00","NZD","1763325360","23477/2025-12-21/1763325360.json"
"581513","221281","2025-12-20","36.00","NZD","1763325360","23477/2025-12-20/1763325360.json"
"581514","221282","2025-12-20","36.00","NZD","1763325360","23477/2025-12-20/1763325360.json"
"512557","146154","2025-12-20","45.00","NZD","1763325360","23477/2025-12-20/1763325360.json"
"365170","146153","2025-12-20","48.00","NZD","1763325360","23477/2025-12-20/1763325360.json"
"510807","146155","2025-12-20","52.00","NZD","1763325360","23477/2025-12-20/1763325360.json"
"581513","221281","2025-12-22","36.00","NZD","1763325360","23477/2025-12-22/1763325360.json"
"581514","221282","2025-12-22","36.00","NZD","1763325360","23477/2025-12-22/1763325360.json"
"512557","146154","2025-12-22","45.00","NZD","1763325360","23477/2025-12-22/1763325360.json"
"365170","146153","2025-12-22","48.00","NZD","1763325360","23477/2025-12-22/1763325360.json"
"510807","146155","2025-12-22","52.00","NZD","1763325360","23477/2025-12-22/1763325360.json"
"581513","221281","2025-12-19","36.00","NZD","1763325360","23477/2025-12-19/1763325360.json"
"581514","221282","2025-12-19","36.00","NZD","1763325360","23477/2025-12-19/1763325360.json"
"512557","146154","2025-12-19","45.00","NZD","1763325360","23477/2025-12-19/1763325360.json"
"365170","146153","2025-12-19","48.00","NZD","1763325360","23477/2025-12-19/1763325360.json"
"510807","146155","2025-12-19","52.00","NZD","1763325360","23477/2025-12-19/1763325360.json"
"581513","221281","2025-12-25","38.00","NZD","1763325360","23477/2025-12-25/1763325360.json"
"581514","221282","2025-12-25","38.00","NZD","1763325360","23477/2025-12-25/1763325360.json"
"512557","146154","2025-12-25","45.00","NZD","1763325360","23477/2025-12-25/1763325360.json"
"365170","146153","2025-12-25","48.00","NZD","1763325360","23477/2025-12-25/1763325360.json"
"510807","146155","2025-12-25","52.00","NZD","1763325360","23477/2025-12-25/1763325360.json"
"581513","221281","2025-12-23","38.00","NZD","1763325360","23477/2025-12-23/1763325360.json"
"581514","221282","2025-12-23","38.00","NZD","1763325360","23477/2025-12-23/1763325360.json"
"512557","146154","2025-12-23","45.00","NZD","1763325360","23477/2025-12-23/1763325360.json"
"365170","146153","2025-12-23","48.00","NZD","1763325360","23477/2025-12-23/1763325360.json"
"510807","146155","2025-12-23","52.00","NZD","1763325360","23477/2025-12-23/1763325360.json"
"581513","221281","2025-12-26","42.00","NZD","1763325360","23477/2025-12-26/1763325360.json"
"581514","221282","2025-12-26","42.00","NZD","1763325360","23477/2025-12-26/1763325360.json"
"512557","146154","2025-12-26","45.00","NZD","1763325360","23477/2025-12-26/1763325360.json"
"365170","146153","2025-12-26","48.00","NZD","1763325360","23477/2025-12-26/1763325360.json"
"510807","146155","2025-12-26","52.00","NZD","1763325360","23477/2025-12-26/1763325360.json"
"581513","221281","2025-12-24","38.00","NZD","1763325360","23477/2025-12-24/1763325360.json"
"581514","221282","2025-12-24","38.00","NZD","1763325360","23477/2025-12-24/1763325360.json"
"512557","146154","2025-12-24","45.00","NZD","1763325360","23477/2025-12-24/1763325360.json"
"365170","146153","2025-12-24","48.00","NZD","1763325360","23477/2025-12-24/1763325360.json"
"510807","146155","2025-12-24","52.00","NZD","1763325360","23477/2025-12-24/1763325360.json"
"581513","221281","2025-12-27","42.00","NZD","1763325360","23477/2025-12-27/1763325360.json"
"581514","221282","2025-12-27","42.00","NZD","1763325360","23477/2025-12-27/1763325360.json"
"512557","146154","2025-12-27","45.00","NZD","1763325360","23477/2025-12-27/1763325360.json"
"365170","146153","2025-12-27","48.00","NZD","1763325360","23477/2025-12-27/1763325360.json"
"510807","146155","2025-12-27","52.00","NZD","1763325360","23477/2025-12-27/1763325360.json"
"581513","221281","2025-12-29","42.00","NZD","1763325360","23477/2025-12-29/1763325360.json"
"581513","221281","2025-12-30","42.00","NZD","1763325360","23477/2025-12-30/1763325360.json"
"581514","221282","2025-12-29","42.00","NZD","1763325360","23477/2025-12-29/1763325360.json"
"581514","221282","2025-12-30","42.00","NZD","1763325360","23477/2025-12-30/1763325360.json"
"512557","146154","2025-12-29","45.00","NZD","1763325360","23477/2025-12-29/1763325360.json"
"512557","146154","2025-12-30","45.00","NZD","1763325360","23477/2025-12-30/1763325360.json"
"365170","146153","2025-12-29","48.00","NZD","1763325360","23477/2025-12-29/1763325360.json"
"365170","146153","2025-12-30","48.00","NZD","1763325360","23477/2025-12-30/1763325360.json"
"510807","146155","2025-12-29","52.00","NZD","1763325360","23477/2025-12-29/1763325360.json"
"510807","146155","2025-12-30","52.00","NZD","1763325360","23477/2025-12-30/1763325360.json"
"581513","221281","2025-12-28","42.00","NZD","1763325360","23477/2025-12-28/1763325360.json"
"581514","221282","2025-12-28","42.00","NZD","1763325360","23477/2025-12-28/1763325360.json"
"512557","146154","2025-12-28","45.00","NZD","1763325360","23477/2025-12-28/1763325360.json"
"365170","146153","2025-12-28","48.00","NZD","1763325360","23477/2025-12-28/1763325360.json"
"510807","146155","2025-12-28","52.00","NZD","1763325360","23477/2025-12-28/1763325360.json"
"581513","221281","2025-12-31","42.00","NZD","1763325360","23477/2025-12-31/1763325360.json"
"581514","221282","2025-12-31","42.00","NZD","1763325360","23477/2025-12-31/1763325360.json"
"512557","146154","2025-12-31","45.00","NZD","1763325360","23477/2025-12-31/1763325360.json"
"365170","146153","2025-12-31","48.00","NZD","1763325360","23477/2025-12-31/1763325360.json"
"510807","146155","2025-12-31","52.00","NZD","1763325360","23477/2025-12-31/1763325360.json"
"581513","221281","2026-01-03","42.00","NZD","1763325360","23477/2026-01-03/1763325360.json"
"581514","221282","2026-01-03","42.00","NZD","1763325360","23477/2026-01-03/1763325360.json"
"512557","146154","2026-01-03","45.00","NZD","1763325360","23477/2026-01-03/1763325360.json"
"365170","146153","2026-01-03","48.00","NZD","1763325360","23477/2026-01-03/1763325360.json"
"510807","146155","2026-01-03","52.00","NZD","1763325360","23477/2026-01-03/1763325360.json"
"581513","221281","2026-01-02","42.00","NZD","1763325360","23477/2026-01-02/1763325360.json"
"581514","221282","2026-01-02","42.00","NZD","1763325360","23477/2026-01-02/1763325360.json"
"512557","146154","2026-01-02","45.00","NZD","1763325360","23477/2026-01-02/1763325360.json"
"365170","146153","2026-01-02","48.00","NZD","1763325360","23477/2026-01-02/1763325360.json"
"510807","146155","2026-01-02","52.00","NZD","1763325360","23477/2026-01-02/1763325360.json"
"581513","221281","2026-01-01","42.00","NZD","1763325360","23477/2026-01-01/1763325360.json"
"581514","221282","2026-01-01","42.00","NZD","1763325360","23477/2026-01-01/1763325360.json"
"512557","146154","2026-01-01","45.00","NZD","1763325360","23477/2026-01-01/1763325360.json"
"365170","146153","2026-01-01","48.00","NZD","1763325360","23477/2026-01-01/1763325360.json"
"510807","146155","2026-01-01","52.00","NZD","1763325360","23477/2026-01-01/1763325360.json"
"581513","221281","2026-01-04","42.00","NZD","1763325360","23477/2026-01-04/1763325360.json"
"581514","221282","2026-01-04","42.00","NZD","1763325360","23477/2026-01-04/1763325360.json"
"512557","146154","2026-01-04","45.00","NZD","1763325360","23477/2026-01-04/1763325360.json"
"365170","146153","2026-01-04","48.00","NZD","1763325360","23477/2026-01-04/1763325360.json"
"510807","146155","2026-01-04","52.00","NZD","1763325360","23477/2026-01-04/1763325360.json"
"581513","221281","2026-01-06","36.00","NZD","1763325360","23477/2026-01-06/1763325360.json"
"581514","221282","2026-01-06","36.00","NZD","1763325360","23477/2026-01-06/1763325360.json"
"512557","146154","2026-01-06","45.00","NZD","1763325360","23477/2026-01-06/1763325360.json"
"365170","146153","2026-01-06","48.00","NZD","1763325360","23477/2026-01-06/1763325360.json"
"510807","146155","2026-01-06","52.00","NZD","1763325360","23477/2026-01-06/1763325360.json"
"581513","221281","2026-01-05","36.00","NZD","1763325360","23477/2026-01-05/1763325360.json"
"581514","221282","2026-01-05","36.00","NZD","1763325360","23477/2026-01-05/1763325360.json"
"512557","146154","2026-01-05","45.00","NZD","1763325360","23477/2026-01-05/1763325360.json"
"365170","146153","2026-01-05","48.00","NZD","1763325360","23477/2026-01-05/1763325360.json"
"510807","146155","2026-01-05","52.00","NZD","1763325360","23477/2026-01-05/1763325360.json"
"581513","221281","2026-01-07","36.00","NZD","1763325360","23477/2026-01-07/1763325360.json"
"581514","221282","2026-01-07","36.00","NZD","1763325360","23477/2026-01-07/1763325360.json"
"512557","146154","2026-01-07","45.00","NZD","1763325360","23477/2026-01-07/1763325360.json"
"365170","146153","2026-01-07","48.00","NZD","1763325360","23477/2026-01-07/1763325360.json"
"510807","146155","2026-01-07","52.00","NZD","1763325360","23477/2026-01-07/1763325360.json"
"581513","221281","2026-01-09","36.00","NZD","1763325360","23477/2026-01-09/1763325360.json"
"581514","221282","2026-01-09","36.00","NZD","1763325360","23477/2026-01-09/1763325360.json"
"512557","146154","2026-01-09","45.00","NZD","1763325360","23477/2026-01-09/1763325360.json"
"365170","146153","2026-01-09","48.00","NZD","1763325360","23477/2026-01-09/1763325360.json"
"510807","146155","2026-01-09","52.00","NZD","1763325360","23477/2026-01-09/1763325360.json"
"581513","221281","2026-01-08","36.00","NZD","1763325360","23477/2026-01-08/1763325360.json"
"581514","221282","2026-01-08","36.00","NZD","1763325360","23477/2026-01-08/1763325360.json"
"512557","146154","2026-01-08","45.00","NZD","1763325360","23477/2026-01-08/1763325360.json"
"365170","146153","2026-01-08","48.00","NZD","1763325360","23477/2026-01-08/1763325360.json"
"510807","146155","2026-01-08","52.00","NZD","1763325360","23477/2026-01-08/1763325360.json"
"581513","221281","2026-01-11","36.00","NZD","1763325360","23477/2026-01-11/1763325360.json"
"581514","221282","2026-01-11","36.00","NZD","1763325360","23477/2026-01-11/1763325360.json"
"512557","146154","2026-01-11","45.00","NZD","1763325360","23477/2026-01-11/1763325360.json"
"365170","146153","2026-01-11","48.00","NZD","1763325360","23477/2026-01-11/1763325360.json"
"510807","146155","2026-01-11","52.00","NZD","1763325360","23477/2026-01-11/1763325360.json"
"581513","221281","2026-01-10","36.00","NZD","1763325360","23477/2026-01-10/1763325360.json"
"581514","221282","2026-01-10","36.00","NZD","1763325360","23477/2026-01-10/1763325360.json"
"512557","146154","2026-01-10","45.00","NZD","1763325360","23477/2026-01-10/1763325360.json"
"365170","146153","2026-01-10","48.00","NZD","1763325360","23477/2026-01-10/1763325360.json"
"510807","146155","2026-01-10","52.00","NZD","1763325360","23477/2026-01-10/1763325360.json"
"581513","221281","2026-01-13","36.00","NZD","1763325360","23477/2026-01-13/1763325360.json"
"581514","221282","2026-01-13","36.00","NZD","1763325360","23477/2026-01-13/1763325360.json"
"512557","146154","2026-01-13","45.00","NZD","1763325360","23477/2026-01-13/1763325360.json"
"365170","146153","2026-01-13","48.00","NZD","1763325360","23477/2026-01-13/1763325360.json"
"510807","146155","2026-01-13","52.00","NZD","1763325360","23477/2026-01-13/1763325360.json"
"581513","221281","2026-01-12","36.00","NZD","1763325360","23477/2026-01-12/1763325360.json"
"581514","221282","2026-01-12","36.00","NZD","1763325360","23477/2026-01-12/1763325360.json"
"512557","146154","2026-01-12","45.00","NZD","1763325360","23477/2026-01-12/1763325360.json"
"365170","146153","2026-01-12","48.00","NZD","1763325360","23477/2026-01-12/1763325360.json"
"510807","146155","2026-01-12","52.00","NZD","1763325360","23477/2026-01-12/1763325360.json"
"581513","221281","2026-01-15","36.00","NZD","1763325360","23477/2026-01-15/1763325360.json"
"581514","221282","2026-01-15","36.00","NZD","1763325360","23477/2026-01-15/1763325360.json"
"512557","146154","2026-01-15","45.00","NZD","1763325360","23477/2026-01-15/1763325360.json"
"365170","146153","2026-01-15","48.00","NZD","1763325360","23477/2026-01-15/1763325360.json"
"510807","146155","2026-01-15","52.00","NZD","1763325360","23477/2026-01-15/1763325360.json"
"581513","221281","2026-01-14","36.00","NZD","1763325360","23477/2026-01-14/1763325360.json"
"581514","221282","2026-01-14","36.00","NZD","1763325360","23477/2026-01-14/1763325360.json"
"512557","146154","2026-01-14","45.00","NZD","1763325360","23477/2026-01-14/1763325360.json"
"365170","146153","2026-01-14","48.00","NZD","1763325360","23477/2026-01-14/1763325360.json"
"510807","146155","2026-01-14","52.00","NZD","1763325360","23477/2026-01-14/1763325360.json"
"581513","221281","2025-11-17","36.00","NZD","1763344779","23477/2025-11-17/1763344779.json"
"581514","221282","2025-11-17","36.00","NZD","1763344779","23477/2025-11-17/1763344779.json"
"512557","146154","2025-11-17","45.00","NZD","1763344779","23477/2025-11-17/1763344779.json"
"365170","146153","2025-11-17","48.00","NZD","1763344779","23477/2025-11-17/1763344779.json"
"510807","146155","2025-11-17","52.00","NZD","1763344779","23477/2025-11-17/1763344779.json"
"581513","221281","2025-11-18","36.00","NZD","1763344779","23477/2025-11-18/1763344779.json"
"581514","221282","2025-11-18","36.00","NZD","1763344779","23477/2025-11-18/1763344779.json"
"512557","146154","2025-11-18","45.00","NZD","1763344779","23477/2025-11-18/1763344779.json"
"365170","146153","2025-11-18","48.00","NZD","1763344779","23477/2025-11-18/1763344779.json"
"510807","146155","2025-11-18","52.00","NZD","1763344779","23477/2025-11-18/1763344779.json"
"581513","221281","2025-11-19","36.00","NZD","1763344779","23477/2025-11-19/1763344779.json"
"581514","221282","2025-11-19","36.00","NZD","1763344779","23477/2025-11-19/1763344779.json"
"512557","146154","2025-11-19","45.00","NZD","1763344779","23477/2025-11-19/1763344779.json"
"365170","146153","2025-11-19","48.00","NZD","1763344779","23477/2025-11-19/1763344779.json"
"510807","146155","2025-11-19","52.00","NZD","1763344779","23477/2025-11-19/1763344779.json"
"581513","221281","2025-11-20","36.00","NZD","1763344779","23477/2025-11-20/1763344779.json"
"581514","221282","2025-11-20","36.00","NZD","1763344779","23477/2025-11-20/1763344779.json"
"512557","146154","2025-11-20","45.00","NZD","1763344779","23477/2025-11-20/1763344779.json"
"365170","146153","2025-11-20","48.00","NZD","1763344779","23477/2025-11-20/1763344779.json"
"510807","146155","2025-11-20","52.00","NZD","1763344779","23477/2025-11-20/1763344779.json"
"581513","221281","2025-11-24","36.00","NZD","1763344779","23477/2025-11-24/1763344779.json"
"581514","221282","2025-11-24","36.00","NZD","1763344779","23477/2025-11-24/1763344779.json"
"512557","146154","2025-11-24","45.00","NZD","1763344779","23477/2025-11-24/1763344779.json"
"365170","146153","2025-11-24","48.00","NZD","1763344779","23477/2025-11-24/1763344779.json"
"510807","146155","2025-11-24","52.00","NZD","1763344779","23477/2025-11-24/1763344779.json"
"581513","221281","2025-11-21","36.00","NZD","1763344779","23477/2025-11-21/1763344779.json"
"581514","221282","2025-11-21","36.00","NZD","1763344779","23477/2025-11-21/1763344779.json"
"512557","146154","2025-11-21","45.00","NZD","1763344779","23477/2025-11-21/1763344779.json"
"365170","146153","2025-11-21","48.00","NZD","1763344779","23477/2025-11-21/1763344779.json"
"510807","146155","2025-11-21","52.00","NZD","1763344779","23477/2025-11-21/1763344779.json"
"581513","221281","2025-11-22","36.00","NZD","1763344779","23477/2025-11-22/1763344779.json"
"581514","221282","2025-11-22","36.00","NZD","1763344779","23477/2025-11-22/1763344779.json"
"512557","146154","2025-11-22","45.00","NZD","1763344779","23477/2025-11-22/1763344779.json"
"365170","146153","2025-11-22","48.00","NZD","1763344779","23477/2025-11-22/1763344779.json"
"510807","146155","2025-11-22","52.00","NZD","1763344779","23477/2025-11-22/1763344779.json"
"581513","221281","2025-11-23","36.00","NZD","1763344779","23477/2025-11-23/1763344779.json"
"581514","221282","2025-11-23","36.00","NZD","1763344779","23477/2025-11-23/1763344779.json"
"512557","146154","2025-11-23","45.00","NZD","1763344779","23477/2025-11-23/1763344779.json"
"365170","146153","2025-11-23","48.00","NZD","1763344779","23477/2025-11-23/1763344779.json"
"510807","146155","2025-11-23","52.00","NZD","1763344779","23477/2025-11-23/1763344779.json"
"581513","221281","2025-11-26","36.00","NZD","1763344779","23477/2025-11-26/1763344779.json"
"581514","221282","2025-11-26","36.00","NZD","1763344779","23477/2025-11-26/1763344779.json"
"512557","146154","2025-11-26","45.00","NZD","1763344779","23477/2025-11-26/1763344779.json"
"365170","146153","2025-11-26","48.00","NZD","1763344779","23477/2025-11-26/1763344779.json"
"510807","146155","2025-11-26","52.00","NZD","1763344779","23477/2025-11-26/1763344779.json"
"581513","221281","2025-11-25","36.00","NZD","1763344779","23477/2025-11-25/1763344779.json"
"581514","221282","2025-11-25","36.00","NZD","1763344779","23477/2025-11-25/1763344779.json"
"512557","146154","2025-11-25","45.00","NZD","1763344779","23477/2025-11-25/1763344779.json"
"365170","146153","2025-11-25","48.00","NZD","1763344779","23477/2025-11-25/1763344779.json"
"510807","146155","2025-11-25","52.00","NZD","1763344779","23477/2025-11-25/1763344779.json"
"581513","221281","2025-11-28","36.00","NZD","1763344779","23477/2025-11-28/1763344779.json"
"581514","221282","2025-11-28","36.00","NZD","1763344779","23477/2025-11-28/1763344779.json"
"512557","146154","2025-11-28","45.00","NZD","1763344779","23477/2025-11-28/1763344779.json"
"365170","146153","2025-11-28","48.00","NZD","1763344779","23477/2025-11-28/1763344779.json"
"510807","146155","2025-11-28","52.00","NZD","1763344779","23477/2025-11-28/1763344779.json"
"581513","221281","2025-11-27","36.00","NZD","1763344779","23477/2025-11-27/1763344779.json"
"581514","221282","2025-11-27","36.00","NZD","1763344779","23477/2025-11-27/1763344779.json"
"512557","146154","2025-11-27","45.00","NZD","1763344779","23477/2025-11-27/1763344779.json"
"365170","146153","2025-11-27","48.00","NZD","1763344779","23477/2025-11-27/1763344779.json"
"510807","146155","2025-11-27","52.00","NZD","1763344779","23477/2025-11-27/1763344779.json"
"581513","221281","2025-11-29","36.00","NZD","1763344779","23477/2025-11-29/1763344779.json"
"581514","221282","2025-11-29","36.00","NZD","1763344779","23477/2025-11-29/1763344779.json"
"512557","146154","2025-11-29","45.00","NZD","1763344779","23477/2025-11-29/1763344779.json"
"365170","146153","2025-11-29","48.00","NZD","1763344779","23477/2025-11-29/1763344779.json"
"510807","146155","2025-11-29","52.00","NZD","1763344779","23477/2025-11-29/1763344779.json"
"581513","221281","2025-11-30","36.00","NZD","1763344779","23477/2025-11-30/1763344779.json"
"581514","221282","2025-11-30","36.00","NZD","1763344779","23477/2025-11-30/1763344779.json"
"512557","146154","2025-11-30","45.00","NZD","1763344779","23477/2025-11-30/1763344779.json"
"365170","146153","2025-11-30","48.00","NZD","1763344779","23477/2025-11-30/1763344779.json"
"510807","146155","2025-11-30","52.00","NZD","1763344779","23477/2025-11-30/1763344779.json"
"581513","221281","2025-12-01","36.00","NZD","1763344779","23477/2025-12-01/1763344779.json"
"581514","221282","2025-12-01","36.00","NZD","1763344779","23477/2025-12-01/1763344779.json"
"512557","146154","2025-12-01","45.00","NZD","1763344779","23477/2025-12-01/1763344779.json"
"365170","146153","2025-12-01","48.00","NZD","1763344779","23477/2025-12-01/1763344779.json"
"510807","146155","2025-12-01","52.00","NZD","1763344779","23477/2025-12-01/1763344779.json"
"581513","221281","2025-12-02","36.00","NZD","1763344779","23477/2025-12-02/1763344779.json"
"581514","221282","2025-12-02","36.00","NZD","1763344779","23477/2025-12-02/1763344779.json"
"512557","146154","2025-12-02","45.00","NZD","1763344779","23477/2025-12-02/1763344779.json"
"365170","146153","2025-12-02","48.00","NZD","1763344779","23477/2025-12-02/1763344779.json"
"510807","146155","2025-12-02","52.00","NZD","1763344779","23477/2025-12-02/1763344779.json"
"581513","221281","2025-12-03","36.00","NZD","1763344779","23477/2025-12-03/1763344779.json"
"581514","221282","2025-12-03","36.00","NZD","1763344779","23477/2025-12-03/1763344779.json"
"512557","146154","2025-12-03","45.00","NZD","1763344779","23477/2025-12-03/1763344779.json"
"365170","146153","2025-12-03","48.00","NZD","1763344779","23477/2025-12-03/1763344779.json"
"510807","146155","2025-12-03","52.00","NZD","1763344779","23477/2025-12-03/1763344779.json"
"581513","221281","2025-12-05","36.00","NZD","1763344779","23477/2025-12-05/1763344779.json"
"581514","221282","2025-12-05","36.00","NZD","1763344779","23477/2025-12-05/1763344779.json"
"512557","146154","2025-12-05","45.00","NZD","1763344779","23477/2025-12-05/1763344779.json"
"365170","146153","2025-12-05","48.00","NZD","1763344779","23477/2025-12-05/1763344779.json"
"510807","146155","2025-12-05","52.00","NZD","1763344779","23477/2025-12-05/1763344779.json"
"581513","221281","2025-12-04","36.00","NZD","1763344779","23477/2025-12-04/1763344779.json"
"581514","221282","2025-12-04","36.00","NZD","1763344779","23477/2025-12-04/1763344779.json"
"512557","146154","2025-12-04","45.00","NZD","1763344779","23477/2025-12-04/1763344779.json"
"365170","146153","2025-12-04","48.00","NZD","1763344779","23477/2025-12-04/1763344779.json"
"510807","146155","2025-12-04","52.00","NZD","1763344779","23477/2025-12-04/1763344779.json"
"581513","221281","2025-12-06","36.00","NZD","1763344779","23477/2025-12-06/1763344779.json"
"581514","221282","2025-12-06","36.00","NZD","1763344779","23477/2025-12-06/1763344779.json"
"512557","146154","2025-12-06","45.00","NZD","1763344779","23477/2025-12-06/1763344779.json"
"365170","146153","2025-12-06","48.00","NZD","1763344779","23477/2025-12-06/1763344779.json"
"510807","146155","2025-12-06","52.00","NZD","1763344779","23477/2025-12-06/1763344779.json"
"581513","221281","2025-12-08","36.00","NZD","1763344779","23477/2025-12-08/1763344779.json"
"581514","221282","2025-12-08","36.00","NZD","1763344779","23477/2025-12-08/1763344779.json"
"512557","146154","2025-12-08","45.00","NZD","1763344779","23477/2025-12-08/1763344779.json"
"365170","146153","2025-12-08","48.00","NZD","1763344779","23477/2025-12-08/1763344779.json"
"510807","146155","2025-12-08","52.00","NZD","1763344779","23477/2025-12-08/1763344779.json"
"581513","221281","2025-12-07","36.00","NZD","1763344779","23477/2025-12-07/1763344779.json"
"581514","221282","2025-12-07","36.00","NZD","1763344779","23477/2025-12-07/1763344779.json"
"512557","146154","2025-12-07","45.00","NZD","1763344779","23477/2025-12-07/1763344779.json"
"365170","146153","2025-12-07","48.00","NZD","1763344779","23477/2025-12-07/1763344779.json"
"510807","146155","2025-12-07","52.00","NZD","1763344779","23477/2025-12-07/1763344779.json"
"581513","221281","2025-12-10","36.00","NZD","1763344779","23477/2025-12-10/1763344779.json"
"581514","221282","2025-12-10","36.00","NZD","1763344779","23477/2025-12-10/1763344779.json"
"512557","146154","2025-12-10","45.00","NZD","1763344779","23477/2025-12-10/1763344779.json"
"365170","146153","2025-12-10","48.00","NZD","1763344779","23477/2025-12-10/1763344779.json"
"510807","146155","2025-12-10","52.00","NZD","1763344779","23477/2025-12-10/1763344779.json"
"581513","221281","2025-12-09","36.00","NZD","1763344779","23477/2025-12-09/1763344779.json"
"581514","221282","2025-12-09","36.00","NZD","1763344779","23477/2025-12-09/1763344779.json"
"512557","146154","2025-12-09","45.00","NZD","1763344779","23477/2025-12-09/1763344779.json"
"365170","146153","2025-12-09","48.00","NZD","1763344779","23477/2025-12-09/1763344779.json"
"510807","146155","2025-12-09","52.00","NZD","1763344779","23477/2025-12-09/1763344779.json"
"581513","221281","2025-12-11","36.00","NZD","1763344779","23477/2025-12-11/1763344779.json"
"581514","221282","2025-12-11","36.00","NZD","1763344779","23477/2025-12-11/1763344779.json"
"512557","146154","2025-12-11","45.00","NZD","1763344779","23477/2025-12-11/1763344779.json"
"365170","146153","2025-12-11","48.00","NZD","1763344779","23477/2025-12-11/1763344779.json"
"510807","146155","2025-12-11","52.00","NZD","1763344779","23477/2025-12-11/1763344779.json"
"581513","221281","2025-12-12","36.00","NZD","1763344779","23477/2025-12-12/1763344779.json"
"581514","221282","2025-12-12","36.00","NZD","1763344779","23477/2025-12-12/1763344779.json"
"512557","146154","2025-12-12","45.00","NZD","1763344779","23477/2025-12-12/1763344779.json"
"365170","146153","2025-12-12","48.00","NZD","1763344779","23477/2025-12-12/1763344779.json"
"510807","146155","2025-12-12","52.00","NZD","1763344779","23477/2025-12-12/1763344779.json"
"581513","221281","2025-12-14","36.00","NZD","1763344779","23477/2025-12-14/1763344779.json"
"581514","221282","2025-12-14","36.00","NZD","1763344779","23477/2025-12-14/1763344779.json"
"512557","146154","2025-12-14","45.00","NZD","1763344779","23477/2025-12-14/1763344779.json"
"365170","146153","2025-12-14","48.00","NZD","1763344779","23477/2025-12-14/1763344779.json"
"510807","146155","2025-12-14","52.00","NZD","1763344779","23477/2025-12-14/1763344779.json"
"581513","221281","2025-12-13","36.00","NZD","1763344779","23477/2025-12-13/1763344779.json"
"581514","221282","2025-12-13","36.00","NZD","1763344779","23477/2025-12-13/1763344779.json"
"512557","146154","2025-12-13","45.00","NZD","1763344779","23477/2025-12-13/1763344779.json"
"365170","146153","2025-12-13","48.00","NZD","1763344779","23477/2025-12-13/1763344779.json"
"510807","146155","2025-12-13","52.00","NZD","1763344779","23477/2025-12-13/1763344779.json"
"581513","221281","2025-12-15","36.00","NZD","1763344779","23477/2025-12-15/1763344779.json"
"581513","221281","2025-12-16","36.00","NZD","1763344779","23477/2025-12-16/1763344779.json"
"581514","221282","2025-12-16","36.00","NZD","1763344779","23477/2025-12-16/1763344779.json"
"581514","221282","2025-12-15","36.00","NZD","1763344779","23477/2025-12-15/1763344779.json"
"512557","146154","2025-12-16","45.00","NZD","1763344779","23477/2025-12-16/1763344779.json"
"512557","146154","2025-12-15","45.00","NZD","1763344779","23477/2025-12-15/1763344779.json"
"365170","146153","2025-12-16","48.00","NZD","1763344779","23477/2025-12-16/1763344779.json"
"510807","146155","2025-12-16","52.00","NZD","1763344779","23477/2025-12-16/1763344779.json"
"365170","146153","2025-12-15","48.00","NZD","1763344779","23477/2025-12-15/1763344779.json"
"510807","146155","2025-12-15","52.00","NZD","1763344779","23477/2025-12-15/1763344779.json"
"581513","221281","2025-12-18","36.00","NZD","1763344779","23477/2025-12-18/1763344779.json"
"581514","221282","2025-12-18","36.00","NZD","1763344779","23477/2025-12-18/1763344779.json"
"512557","146154","2025-12-18","45.00","NZD","1763344779","23477/2025-12-18/1763344779.json"
"365170","146153","2025-12-18","48.00","NZD","1763344779","23477/2025-12-18/1763344779.json"
"510807","146155","2025-12-18","52.00","NZD","1763344779","23477/2025-12-18/1763344779.json"
"581513","221281","2025-12-17","36.00","NZD","1763344779","23477/2025-12-17/1763344779.json"
"581514","221282","2025-12-17","36.00","NZD","1763344779","23477/2025-12-17/1763344779.json"
"512557","146154","2025-12-17","45.00","NZD","1763344779","23477/2025-12-17/1763344779.json"
"365170","146153","2025-12-17","48.00","NZD","1763344779","23477/2025-12-17/1763344779.json"
"510807","146155","2025-12-17","52.00","NZD","1763344779","23477/2025-12-17/1763344779.json"
"581513","221281","2025-12-19","36.00","NZD","1763344779","23477/2025-12-19/1763344779.json"
"581514","221282","2025-12-19","36.00","NZD","1763344779","23477/2025-12-19/1763344779.json"
"512557","146154","2025-12-19","45.00","NZD","1763344779","23477/2025-12-19/1763344779.json"
"365170","146153","2025-12-19","48.00","NZD","1763344779","23477/2025-12-19/1763344779.json"
"510807","146155","2025-12-19","52.00","NZD","1763344779","23477/2025-12-19/1763344779.json"
"581513","221281","2025-12-22","36.00","NZD","1763344779","23477/2025-12-22/1763344779.json"
"581514","221282","2025-12-22","36.00","NZD","1763344779","23477/2025-12-22/1763344779.json"
"512557","146154","2025-12-22","45.00","NZD","1763344779","23477/2025-12-22/1763344779.json"
"365170","146153","2025-12-22","48.00","NZD","1763344779","23477/2025-12-22/1763344779.json"
"510807","146155","2025-12-22","52.00","NZD","1763344779","23477/2025-12-22/1763344779.json"
"581513","221281","2025-12-20","36.00","NZD","1763344779","23477/2025-12-20/1763344779.json"
"581514","221282","2025-12-20","36.00","NZD","1763344779","23477/2025-12-20/1763344779.json"
"512557","146154","2025-12-20","45.00","NZD","1763344779","23477/2025-12-20/1763344779.json"
"365170","146153","2025-12-20","48.00","NZD","1763344779","23477/2025-12-20/1763344779.json"
"510807","146155","2025-12-20","52.00","NZD","1763344779","23477/2025-12-20/1763344779.json"
"581513","221281","2025-12-23","38.00","NZD","1763344779","23477/2025-12-23/1763344779.json"
"581514","221282","2025-12-23","38.00","NZD","1763344779","23477/2025-12-23/1763344779.json"
"512557","146154","2025-12-23","45.00","NZD","1763344779","23477/2025-12-23/1763344779.json"
"365170","146153","2025-12-23","48.00","NZD","1763344779","23477/2025-12-23/1763344779.json"
"510807","146155","2025-12-23","52.00","NZD","1763344779","23477/2025-12-23/1763344779.json"
"581513","221281","2025-12-21","36.00","NZD","1763344779","23477/2025-12-21/1763344779.json"
"581514","221282","2025-12-21","36.00","NZD","1763344779","23477/2025-12-21/1763344779.json"
"512557","146154","2025-12-21","45.00","NZD","1763344779","23477/2025-12-21/1763344779.json"
"365170","146153","2025-12-21","48.00","NZD","1763344779","23477/2025-12-21/1763344779.json"
"510807","146155","2025-12-21","52.00","NZD","1763344779","23477/2025-12-21/1763344779.json"
"581513","221281","2025-12-24","38.00","NZD","1763344779","23477/2025-12-24/1763344779.json"
"581514","221282","2025-12-24","38.00","NZD","1763344779","23477/2025-12-24/1763344779.json"
"512557","146154","2025-12-24","45.00","NZD","1763344779","23477/2025-12-24/1763344779.json"
"365170","146153","2025-12-24","48.00","NZD","1763344779","23477/2025-12-24/1763344779.json"
"510807","146155","2025-12-24","52.00","NZD","1763344779","23477/2025-12-24/1763344779.json"
"581513","221281","2025-12-25","38.00","NZD","1763344779","23477/2025-12-25/1763344779.json"
"581514","221282","2025-12-25","38.00","NZD","1763344779","23477/2025-12-25/1763344779.json"
"512557","146154","2025-12-25","45.00","NZD","1763344779","23477/2025-12-25/1763344779.json"
"365170","146153","2025-12-25","48.00","NZD","1763344779","23477/2025-12-25/1763344779.json"
"510807","146155","2025-12-25","52.00","NZD","1763344779","23477/2025-12-25/1763344779.json"
"581513","221281","2025-12-27","42.00","NZD","1763344779","23477/2025-12-27/1763344779.json"
"581514","221282","2025-12-27","42.00","NZD","1763344779","23477/2025-12-27/1763344779.json"
"512557","146154","2025-12-27","45.00","NZD","1763344779","23477/2025-12-27/1763344779.json"
"365170","146153","2025-12-27","48.00","NZD","1763344779","23477/2025-12-27/1763344779.json"
"510807","146155","2025-12-27","52.00","NZD","1763344779","23477/2025-12-27/1763344779.json"
"581513","221281","2025-12-26","42.00","NZD","1763344779","23477/2025-12-26/1763344779.json"
"581514","221282","2025-12-26","42.00","NZD","1763344779","23477/2025-12-26/1763344779.json"
"512557","146154","2025-12-26","45.00","NZD","1763344779","23477/2025-12-26/1763344779.json"
"365170","146153","2025-12-26","48.00","NZD","1763344779","23477/2025-12-26/1763344779.json"
"510807","146155","2025-12-26","52.00","NZD","1763344779","23477/2025-12-26/1763344779.json"
"581513","221281","2025-12-28","42.00","NZD","1763344779","23477/2025-12-28/1763344779.json"
"581514","221282","2025-12-28","42.00","NZD","1763344779","23477/2025-12-28/1763344779.json"
"512557","146154","2025-12-28","45.00","NZD","1763344779","23477/2025-12-28/1763344779.json"
"365170","146153","2025-12-28","48.00","NZD","1763344779","23477/2025-12-28/1763344779.json"
"510807","146155","2025-12-28","52.00","NZD","1763344779","23477/2025-12-28/1763344779.json"
"581513","221281","2025-12-29","42.00","NZD","1763344779","23477/2025-12-29/1763344779.json"
"581514","221282","2025-12-29","42.00","NZD","1763344779","23477/2025-12-29/1763344779.json"
"512557","146154","2025-12-29","45.00","NZD","1763344779","23477/2025-12-29/1763344779.json"
"365170","146153","2025-12-29","48.00","NZD","1763344779","23477/2025-12-29/1763344779.json"
"510807","146155","2025-12-29","52.00","NZD","1763344779","23477/2025-12-29/1763344779.json"
"581513","221281","2025-12-30","42.00","NZD","1763344779","23477/2025-12-30/1763344779.json"
"581514","221282","2025-12-30","42.00","NZD","1763344779","23477/2025-12-30/1763344779.json"
"512557","146154","2025-12-30","45.00","NZD","1763344779","23477/2025-12-30/1763344779.json"
"365170","146153","2025-12-30","48.00","NZD","1763344779","23477/2025-12-30/1763344779.json"
"510807","146155","2025-12-30","52.00","NZD","1763344779","23477/2025-12-30/1763344779.json"
"581513","221281","2025-12-31","42.00","NZD","1763344779","23477/2025-12-31/1763344779.json"
"581514","221282","2025-12-31","42.00","NZD","1763344779","23477/2025-12-31/1763344779.json"
"512557","146154","2025-12-31","45.00","NZD","1763344779","23477/2025-12-31/1763344779.json"
"365170","146153","2025-12-31","48.00","NZD","1763344779","23477/2025-12-31/1763344779.json"
"510807","146155","2025-12-31","52.00","NZD","1763344779","23477/2025-12-31/1763344779.json"
"581513","221281","2026-01-01","42.00","NZD","1763344779","23477/2026-01-01/1763344779.json"
"581514","221282","2026-01-01","42.00","NZD","1763344779","23477/2026-01-01/1763344779.json"
"512557","146154","2026-01-01","45.00","NZD","1763344779","23477/2026-01-01/1763344779.json"
"365170","146153","2026-01-01","48.00","NZD","1763344779","23477/2026-01-01/1763344779.json"
"510807","146155","2026-01-01","52.00","NZD","1763344779","23477/2026-01-01/1763344779.json"
"581513","221281","2026-01-02","42.00","NZD","1763344779","23477/2026-01-02/1763344779.json"
"581514","221282","2026-01-02","42.00","NZD","1763344779","23477/2026-01-02/1763344779.json"
"512557","146154","2026-01-02","45.00","NZD","1763344779","23477/2026-01-02/1763344779.json"
"365170","146153","2026-01-02","48.00","NZD","1763344779","23477/2026-01-02/1763344779.json"
"510807","146155","2026-01-02","52.00","NZD","1763344779","23477/2026-01-02/1763344779.json"
"581513","221281","2026-01-03","42.00","NZD","1763344779","23477/2026-01-03/1763344779.json"
"581514","221282","2026-01-03","42.00","NZD","1763344779","23477/2026-01-03/1763344779.json"
"512557","146154","2026-01-03","45.00","NZD","1763344779","23477/2026-01-03/1763344779.json"
"365170","146153","2026-01-03","48.00","NZD","1763344779","23477/2026-01-03/1763344779.json"
"510807","146155","2026-01-03","52.00","NZD","1763344779","23477/2026-01-03/1763344779.json"
"581513","221281","2026-01-04","42.00","NZD","1763344779","23477/2026-01-04/1763344779.json"
"581514","221282","2026-01-04","42.00","NZD","1763344779","23477/2026-01-04/1763344779.json"
"512557","146154","2026-01-04","45.00","NZD","1763344779","23477/2026-01-04/1763344779.json"
"365170","146153","2026-01-04","48.00","NZD","1763344779","23477/2026-01-04/1763344779.json"
"510807","146155","2026-01-04","52.00","NZD","1763344779","23477/2026-01-04/1763344779.json"
"581513","221281","2026-01-05","36.00","NZD","1763344779","23477/2026-01-05/1763344779.json"
"581514","221282","2026-01-05","36.00","NZD","1763344779","23477/2026-01-05/1763344779.json"
"512557","146154","2026-01-05","45.00","NZD","1763344779","23477/2026-01-05/1763344779.json"
"365170","146153","2026-01-05","48.00","NZD","1763344779","23477/2026-01-05/1763344779.json"
"510807","146155","2026-01-05","52.00","NZD","1763344779","23477/2026-01-05/1763344779.json"
"581513","221281","2026-01-06","36.00","NZD","1763344779","23477/2026-01-06/1763344779.json"
"581514","221282","2026-01-06","36.00","NZD","1763344779","23477/2026-01-06/1763344779.json"
"512557","146154","2026-01-06","45.00","NZD","1763344779","23477/2026-01-06/1763344779.json"
"365170","146153","2026-01-06","48.00","NZD","1763344779","23477/2026-01-06/1763344779.json"
"510807","146155","2026-01-06","52.00","NZD","1763344779","23477/2026-01-06/1763344779.json"
"581513","221281","2026-01-07","36.00","NZD","1763344779","23477/2026-01-07/1763344779.json"
"581514","221282","2026-01-07","36.00","NZD","1763344779","23477/2026-01-07/1763344779.json"
"512557","146154","2026-01-07","45.00","NZD","1763344779","23477/2026-01-07/1763344779.json"
"365170","146153","2026-01-07","48.00","NZD","1763344779","23477/2026-01-07/1763344779.json"
"510807","146155","2026-01-07","52.00","NZD","1763344779","23477/2026-01-07/1763344779.json"
"581513","221281","2026-01-08","36.00","NZD","1763344779","23477/2026-01-08/1763344779.json"
"581514","221282","2026-01-08","36.00","NZD","1763344779","23477/2026-01-08/1763344779.json"
"512557","146154","2026-01-08","45.00","NZD","1763344779","23477/2026-01-08/1763344779.json"
"365170","146153","2026-01-08","48.00","NZD","1763344779","23477/2026-01-08/1763344779.json"
"510807","146155","2026-01-08","52.00","NZD","1763344779","23477/2026-01-08/1763344779.json"
"581513","221281","2026-01-09","36.00","NZD","1763344779","23477/2026-01-09/1763344779.json"
"581514","221282","2026-01-09","36.00","NZD","1763344779","23477/2026-01-09/1763344779.json"
"512557","146154","2026-01-09","45.00","NZD","1763344779","23477/2026-01-09/1763344779.json"
"365170","146153","2026-01-09","48.00","NZD","1763344779","23477/2026-01-09/1763344779.json"
"510807","146155","2026-01-09","52.00","NZD","1763344779","23477/2026-01-09/1763344779.json"
"581513","221281","2026-01-11","36.00","NZD","1763344779","23477/2026-01-11/1763344779.json"
"581514","221282","2026-01-11","36.00","NZD","1763344779","23477/2026-01-11/1763344779.json"
"512557","146154","2026-01-11","45.00","NZD","1763344779","23477/2026-01-11/1763344779.json"
"365170","146153","2026-01-11","48.00","NZD","1763344779","23477/2026-01-11/1763344779.json"
"510807","146155","2026-01-11","52.00","NZD","1763344779","23477/2026-01-11/1763344779.json"
"581513","221281","2026-01-13","36.00","NZD","1763344779","23477/2026-01-13/1763344779.json"
"581514","221282","2026-01-13","36.00","NZD","1763344779","23477/2026-01-13/1763344779.json"
"512557","146154","2026-01-13","45.00","NZD","1763344779","23477/2026-01-13/1763344779.json"
"365170","146153","2026-01-13","48.00","NZD","1763344779","23477/2026-01-13/1763344779.json"
"510807","146155","2026-01-13","52.00","NZD","1763344779","23477/2026-01-13/1763344779.json"
"581513","221281","2026-01-12","36.00","NZD","1763344779","23477/2026-01-12/1763344779.json"
"581514","221282","2026-01-12","36.00","NZD","1763344779","23477/2026-01-12/1763344779.json"
"512557","146154","2026-01-12","45.00","NZD","1763344779","23477/2026-01-12/1763344779.json"
"365170","146153","2026-01-12","48.00","NZD","1763344779","23477/2026-01-12/1763344779.json"
"510807","146155","2026-01-12","52.00","NZD","1763344779","23477/2026-01-12/1763344779.json"
"581513","221281","2026-01-14","36.00","NZD","1763344779","23477/2026-01-14/1763344779.json"
"581514","221282","2026-01-14","36.00","NZD","1763344779","23477/2026-01-14/1763344779.json"
"512557","146154","2026-01-14","45.00","NZD","1763344779","23477/2026-01-14/1763344779.json"
"365170","146153","2026-01-14","48.00","NZD","1763344779","23477/2026-01-14/1763344779.json"
"510807","146155","2026-01-14","52.00","NZD","1763344779","23477/2026-01-14/1763344779.json"
"581513","221281","2026-01-15","36.00","NZD","1763344779","23477/2026-01-15/1763344779.json"
"581514","221282","2026-01-15","36.00","NZD","1763344779","23477/2026-01-15/1763344779.json"
"512557","146154","2026-01-15","45.00","NZD","1763344779","23477/2026-01-15/1763344779.json"
"365170","146153","2026-01-15","48.00","NZD","1763344779","23477/2026-01-15/1763344779.json"
"510807","146155","2026-01-15","52.00","NZD","1763344779","23477/2026-01-15/1763344779.json"
"581513","221281","2026-01-16","36.00","NZD","1763344779","23477/2026-01-16/1763344779.json"
"581514","221282","2026-01-16","36.00","NZD","1763344779","23477/2026-01-16/1763344779.json"
"512557","146154","2026-01-16","45.00","NZD","1763344779","23477/2026-01-16/1763344779.json"
"365170","146153","2026-01-16","48.00","NZD","1763344779","23477/2026-01-16/1763344779.json"
"510807","146155","2026-01-16","52.00","NZD","1763344779","23477/2026-01-16/1763344779.json"
"581513","221281","2026-01-10","36.00","NZD","1763344779","23477/2026-01-10/1763344779.json"
"581514","221282","2026-01-10","36.00","NZD","1763344779","23477/2026-01-10/1763344779.json"
"512557","146154","2026-01-10","45.00","NZD","1763344779","23477/2026-01-10/1763344779.json"
"365170","146153","2026-01-10","48.00","NZD","1763344779","23477/2026-01-10/1763344779.json"
"510807","146155","2026-01-10","52.00","NZD","1763344779","23477/2026-01-10/1763344779.json"
"581513","221281","2025-11-18","36.00","NZD","1763354515","23477/2025-11-18/1763354515.json"
"581514","221282","2025-11-18","36.00","NZD","1763354515","23477/2025-11-18/1763354515.json"
"512557","146154","2025-11-18","45.00","NZD","1763354515","23477/2025-11-18/1763354515.json"
"365170","146153","2025-11-18","48.00","NZD","1763354515","23477/2025-11-18/1763354515.json"
"510807","146155","2025-11-18","52.00","NZD","1763354515","23477/2025-11-18/1763354515.json"
"581513","221281","2025-11-17","36.00","NZD","1763354515","23477/2025-11-17/1763354515.json"
"581514","221282","2025-11-17","36.00","NZD","1763354515","23477/2025-11-17/1763354515.json"
"512557","146154","2025-11-17","45.00","NZD","1763354515","23477/2025-11-17/1763354515.json"
"365170","146153","2025-11-17","48.00","NZD","1763354515","23477/2025-11-17/1763354515.json"
"510807","146155","2025-11-17","52.00","NZD","1763354515","23477/2025-11-17/1763354515.json"
"581513","221281","2025-11-20","36.00","NZD","1763354515","23477/2025-11-20/1763354515.json"
"581513","221281","2025-11-19","36.00","NZD","1763354515","23477/2025-11-19/1763354515.json"
"581514","221282","2025-11-20","36.00","NZD","1763354515","23477/2025-11-20/1763354515.json"
"581514","221282","2025-11-19","36.00","NZD","1763354515","23477/2025-11-19/1763354515.json"
"512557","146154","2025-11-19","45.00","NZD","1763354515","23477/2025-11-19/1763354515.json"
"512557","146154","2025-11-20","45.00","NZD","1763354515","23477/2025-11-20/1763354515.json"
"365170","146153","2025-11-19","48.00","NZD","1763354515","23477/2025-11-19/1763354515.json"
"365170","146153","2025-11-20","48.00","NZD","1763354515","23477/2025-11-20/1763354515.json"
"510807","146155","2025-11-19","52.00","NZD","1763354515","23477/2025-11-19/1763354515.json"
"510807","146155","2025-11-20","52.00","NZD","1763354515","23477/2025-11-20/1763354515.json"
"581513","221281","2025-11-23","36.00","NZD","1763354515","23477/2025-11-23/1763354515.json"
"581514","221282","2025-11-23","36.00","NZD","1763354515","23477/2025-11-23/1763354515.json"
"512557","146154","2025-11-23","45.00","NZD","1763354515","23477/2025-11-23/1763354515.json"
"365170","146153","2025-11-23","48.00","NZD","1763354515","23477/2025-11-23/1763354515.json"
"510807","146155","2025-11-23","52.00","NZD","1763354515","23477/2025-11-23/1763354515.json"
"581513","221281","2025-11-22","36.00","NZD","1763354515","23477/2025-11-22/1763354515.json"
"581514","221282","2025-11-22","36.00","NZD","1763354515","23477/2025-11-22/1763354515.json"
"512557","146154","2025-11-22","45.00","NZD","1763354515","23477/2025-11-22/1763354515.json"
"365170","146153","2025-11-22","48.00","NZD","1763354515","23477/2025-11-22/1763354515.json"
"510807","146155","2025-11-22","52.00","NZD","1763354515","23477/2025-11-22/1763354515.json"
"581513","221281","2025-11-24","36.00","NZD","1763354515","23477/2025-11-24/1763354515.json"
"581514","221282","2025-11-24","36.00","NZD","1763354515","23477/2025-11-24/1763354515.json"
"512557","146154","2025-11-24","45.00","NZD","1763354515","23477/2025-11-24/1763354515.json"
"365170","146153","2025-11-24","48.00","NZD","1763354515","23477/2025-11-24/1763354515.json"
"510807","146155","2025-11-24","52.00","NZD","1763354515","23477/2025-11-24/1763354515.json"
"581513","221281","2025-11-21","36.00","NZD","1763354515","23477/2025-11-21/1763354515.json"
"581514","221282","2025-11-21","36.00","NZD","1763354515","23477/2025-11-21/1763354515.json"
"512557","146154","2025-11-21","45.00","NZD","1763354515","23477/2025-11-21/1763354515.json"
"365170","146153","2025-11-21","48.00","NZD","1763354515","23477/2025-11-21/1763354515.json"
"510807","146155","2025-11-21","52.00","NZD","1763354515","23477/2025-11-21/1763354515.json"
"581513","221281","2025-11-25","36.00","NZD","1763354515","23477/2025-11-25/1763354515.json"
"581514","221282","2025-11-25","36.00","NZD","1763354515","23477/2025-11-25/1763354515.json"
"512557","146154","2025-11-25","45.00","NZD","1763354515","23477/2025-11-25/1763354515.json"
"365170","146153","2025-11-25","48.00","NZD","1763354515","23477/2025-11-25/1763354515.json"
"510807","146155","2025-11-25","52.00","NZD","1763354515","23477/2025-11-25/1763354515.json"
"581513","221281","2025-11-27","36.00","NZD","1763354515","23477/2025-11-27/1763354515.json"
"581514","221282","2025-11-27","36.00","NZD","1763354515","23477/2025-11-27/1763354515.json"
"512557","146154","2025-11-27","45.00","NZD","1763354515","23477/2025-11-27/1763354515.json"
"365170","146153","2025-11-27","48.00","NZD","1763354515","23477/2025-11-27/1763354515.json"
"510807","146155","2025-11-27","52.00","NZD","1763354515","23477/2025-11-27/1763354515.json"
"581513","221281","2025-11-26","36.00","NZD","1763354515","23477/2025-11-26/1763354515.json"
"581514","221282","2025-11-26","36.00","NZD","1763354515","23477/2025-11-26/1763354515.json"
"512557","146154","2025-11-26","45.00","NZD","1763354515","23477/2025-11-26/1763354515.json"
"365170","146153","2025-11-26","48.00","NZD","1763354515","23477/2025-11-26/1763354515.json"
"510807","146155","2025-11-26","52.00","NZD","1763354515","23477/2025-11-26/1763354515.json"
"581513","221281","2025-11-28","36.00","NZD","1763354515","23477/2025-11-28/1763354515.json"
"581514","221282","2025-11-28","36.00","NZD","1763354515","23477/2025-11-28/1763354515.json"
"512557","146154","2025-11-28","45.00","NZD","1763354515","23477/2025-11-28/1763354515.json"
"365170","146153","2025-11-28","48.00","NZD","1763354515","23477/2025-11-28/1763354515.json"
"510807","146155","2025-11-28","52.00","NZD","1763354515","23477/2025-11-28/1763354515.json"
"581513","221281","2025-11-29","36.00","NZD","1763354515","23477/2025-11-29/1763354515.json"
"581514","221282","2025-11-29","36.00","NZD","1763354515","23477/2025-11-29/1763354515.json"
"512557","146154","2025-11-29","45.00","NZD","1763354515","23477/2025-11-29/1763354515.json"
"365170","146153","2025-11-29","48.00","NZD","1763354515","23477/2025-11-29/1763354515.json"
"510807","146155","2025-11-29","52.00","NZD","1763354515","23477/2025-11-29/1763354515.json"
"581513","221281","2025-12-01","36.00","NZD","1763354515","23477/2025-12-01/1763354515.json"
"581514","221282","2025-12-01","36.00","NZD","1763354515","23477/2025-12-01/1763354515.json"
"512557","146154","2025-12-01","45.00","NZD","1763354515","23477/2025-12-01/1763354515.json"
"365170","146153","2025-12-01","48.00","NZD","1763354515","23477/2025-12-01/1763354515.json"
"510807","146155","2025-12-01","52.00","NZD","1763354515","23477/2025-12-01/1763354515.json"
"581513","221281","2025-11-30","36.00","NZD","1763354515","23477/2025-11-30/1763354515.json"
"581514","221282","2025-11-30","36.00","NZD","1763354515","23477/2025-11-30/1763354515.json"
"512557","146154","2025-11-30","45.00","NZD","1763354515","23477/2025-11-30/1763354515.json"
"365170","146153","2025-11-30","48.00","NZD","1763354515","23477/2025-11-30/1763354515.json"
"510807","146155","2025-11-30","52.00","NZD","1763354515","23477/2025-11-30/1763354515.json"
"581513","221281","2025-12-02","36.00","NZD","1763354515","23477/2025-12-02/1763354515.json"
"581514","221282","2025-12-02","36.00","NZD","1763354515","23477/2025-12-02/1763354515.json"
"512557","146154","2025-12-02","45.00","NZD","1763354515","23477/2025-12-02/1763354515.json"
"365170","146153","2025-12-02","48.00","NZD","1763354515","23477/2025-12-02/1763354515.json"
"510807","146155","2025-12-02","52.00","NZD","1763354515","23477/2025-12-02/1763354515.json"
"581513","221281","2025-12-03","36.00","NZD","1763354515","23477/2025-12-03/1763354515.json"
"581514","221282","2025-12-03","36.00","NZD","1763354515","23477/2025-12-03/1763354515.json"
"512557","146154","2025-12-03","45.00","NZD","1763354515","23477/2025-12-03/1763354515.json"
"365170","146153","2025-12-03","48.00","NZD","1763354515","23477/2025-12-03/1763354515.json"
"510807","146155","2025-12-03","52.00","NZD","1763354515","23477/2025-12-03/1763354515.json"
"581513","221281","2025-12-04","36.00","NZD","1763354515","23477/2025-12-04/1763354515.json"
"581514","221282","2025-12-04","36.00","NZD","1763354515","23477/2025-12-04/1763354515.json"
"512557","146154","2025-12-04","45.00","NZD","1763354515","23477/2025-12-04/1763354515.json"
"365170","146153","2025-12-04","48.00","NZD","1763354515","23477/2025-12-04/1763354515.json"
"510807","146155","2025-12-04","52.00","NZD","1763354515","23477/2025-12-04/1763354515.json"
"581513","221281","2025-12-05","36.00","NZD","1763354515","23477/2025-12-05/1763354515.json"
"581514","221282","2025-12-05","36.00","NZD","1763354515","23477/2025-12-05/1763354515.json"
"512557","146154","2025-12-05","45.00","NZD","1763354515","23477/2025-12-05/1763354515.json"
"365170","146153","2025-12-05","48.00","NZD","1763354515","23477/2025-12-05/1763354515.json"
"510807","146155","2025-12-05","52.00","NZD","1763354515","23477/2025-12-05/1763354515.json"
"581513","221281","2025-12-06","36.00","NZD","1763354515","23477/2025-12-06/1763354515.json"
"581514","221282","2025-12-06","36.00","NZD","1763354515","23477/2025-12-06/1763354515.json"
"512557","146154","2025-12-06","45.00","NZD","1763354515","23477/2025-12-06/1763354515.json"
"365170","146153","2025-12-06","48.00","NZD","1763354515","23477/2025-12-06/1763354515.json"
"510807","146155","2025-12-06","52.00","NZD","1763354515","23477/2025-12-06/1763354515.json"
"581513","221281","2025-12-07","36.00","NZD","1763354515","23477/2025-12-07/1763354515.json"
"581514","221282","2025-12-07","36.00","NZD","1763354515","23477/2025-12-07/1763354515.json"
"512557","146154","2025-12-07","45.00","NZD","1763354515","23477/2025-12-07/1763354515.json"
"365170","146153","2025-12-07","48.00","NZD","1763354515","23477/2025-12-07/1763354515.json"
"510807","146155","2025-12-07","52.00","NZD","1763354515","23477/2025-12-07/1763354515.json"
"581513","221281","2025-12-08","36.00","NZD","1763354515","23477/2025-12-08/1763354515.json"
"581514","221282","2025-12-08","36.00","NZD","1763354515","23477/2025-12-08/1763354515.json"
"512557","146154","2025-12-08","45.00","NZD","1763354515","23477/2025-12-08/1763354515.json"
"365170","146153","2025-12-08","48.00","NZD","1763354515","23477/2025-12-08/1763354515.json"
"510807","146155","2025-12-08","52.00","NZD","1763354515","23477/2025-12-08/1763354515.json"
"581513","221281","2025-12-09","36.00","NZD","1763354515","23477/2025-12-09/1763354515.json"
"581514","221282","2025-12-09","36.00","NZD","1763354515","23477/2025-12-09/1763354515.json"
"512557","146154","2025-12-09","45.00","NZD","1763354515","23477/2025-12-09/1763354515.json"
"365170","146153","2025-12-09","48.00","NZD","1763354515","23477/2025-12-09/1763354515.json"
"510807","146155","2025-12-09","52.00","NZD","1763354515","23477/2025-12-09/1763354515.json"
"581513","221281","2025-12-10","36.00","NZD","1763354515","23477/2025-12-10/1763354515.json"
"581514","221282","2025-12-10","36.00","NZD","1763354515","23477/2025-12-10/1763354515.json"
"512557","146154","2025-12-10","45.00","NZD","1763354515","23477/2025-12-10/1763354515.json"
"365170","146153","2025-12-10","48.00","NZD","1763354515","23477/2025-12-10/1763354515.json"
"510807","146155","2025-12-10","52.00","NZD","1763354515","23477/2025-12-10/1763354515.json"
"581513","221281","2025-12-11","36.00","NZD","1763354515","23477/2025-12-11/1763354515.json"
"581514","221282","2025-12-11","36.00","NZD","1763354515","23477/2025-12-11/1763354515.json"
"512557","146154","2025-12-11","45.00","NZD","1763354515","23477/2025-12-11/1763354515.json"
"365170","146153","2025-12-11","48.00","NZD","1763354515","23477/2025-12-11/1763354515.json"
"510807","146155","2025-12-11","52.00","NZD","1763354515","23477/2025-12-11/1763354515.json"
"581513","221281","2025-12-12","36.00","NZD","1763354515","23477/2025-12-12/1763354515.json"
"581514","221282","2025-12-12","36.00","NZD","1763354515","23477/2025-12-12/1763354515.json"
"512557","146154","2025-12-12","45.00","NZD","1763354515","23477/2025-12-12/1763354515.json"
"365170","146153","2025-12-12","48.00","NZD","1763354515","23477/2025-12-12/1763354515.json"
"510807","146155","2025-12-12","52.00","NZD","1763354515","23477/2025-12-12/1763354515.json"
"581513","221281","2025-12-13","36.00","NZD","1763354515","23477/2025-12-13/1763354515.json"
"581514","221282","2025-12-13","36.00","NZD","1763354515","23477/2025-12-13/1763354515.json"
"512557","146154","2025-12-13","45.00","NZD","1763354515","23477/2025-12-13/1763354515.json"
"365170","146153","2025-12-13","48.00","NZD","1763354515","23477/2025-12-13/1763354515.json"
"510807","146155","2025-12-13","52.00","NZD","1763354515","23477/2025-12-13/1763354515.json"
"581513","221281","2025-12-14","36.00","NZD","1763354515","23477/2025-12-14/1763354515.json"
"581514","221282","2025-12-14","36.00","NZD","1763354515","23477/2025-12-14/1763354515.json"
"512557","146154","2025-12-14","45.00","NZD","1763354515","23477/2025-12-14/1763354515.json"
"365170","146153","2025-12-14","48.00","NZD","1763354515","23477/2025-12-14/1763354515.json"
"510807","146155","2025-12-14","52.00","NZD","1763354515","23477/2025-12-14/1763354515.json"
"581513","221281","2025-12-15","36.00","NZD","1763354515","23477/2025-12-15/1763354515.json"
"581514","221282","2025-12-15","36.00","NZD","1763354515","23477/2025-12-15/1763354515.json"
"512557","146154","2025-12-15","45.00","NZD","1763354515","23477/2025-12-15/1763354515.json"
"365170","146153","2025-12-15","48.00","NZD","1763354515","23477/2025-12-15/1763354515.json"
"510807","146155","2025-12-15","52.00","NZD","1763354515","23477/2025-12-15/1763354515.json"
"581513","221281","2025-12-16","36.00","NZD","1763354515","23477/2025-12-16/1763354515.json"
"581514","221282","2025-12-16","36.00","NZD","1763354515","23477/2025-12-16/1763354515.json"
"512557","146154","2025-12-16","45.00","NZD","1763354515","23477/2025-12-16/1763354515.json"
"365170","146153","2025-12-16","48.00","NZD","1763354515","23477/2025-12-16/1763354515.json"
"510807","146155","2025-12-16","52.00","NZD","1763354515","23477/2025-12-16/1763354515.json"
"581513","221281","2025-12-17","36.00","NZD","1763354515","23477/2025-12-17/1763354515.json"
"581514","221282","2025-12-17","36.00","NZD","1763354515","23477/2025-12-17/1763354515.json"
"512557","146154","2025-12-17","45.00","NZD","1763354515","23477/2025-12-17/1763354515.json"
"365170","146153","2025-12-17","48.00","NZD","1763354515","23477/2025-12-17/1763354515.json"
"510807","146155","2025-12-17","52.00","NZD","1763354515","23477/2025-12-17/1763354515.json"
"581513","221281","2025-12-18","36.00","NZD","1763354515","23477/2025-12-18/1763354515.json"
"581514","221282","2025-12-18","36.00","NZD","1763354515","23477/2025-12-18/1763354515.json"
"512557","146154","2025-12-18","45.00","NZD","1763354515","23477/2025-12-18/1763354515.json"
"365170","146153","2025-12-18","48.00","NZD","1763354515","23477/2025-12-18/1763354515.json"
"510807","146155","2025-12-18","52.00","NZD","1763354515","23477/2025-12-18/1763354515.json"
"581513","221281","2025-12-19","36.00","NZD","1763354515","23477/2025-12-19/1763354515.json"
"581513","221281","2025-12-20","36.00","NZD","1763354515","23477/2025-12-20/1763354515.json"
"581514","221282","2025-12-19","36.00","NZD","1763354515","23477/2025-12-19/1763354515.json"
"581514","221282","2025-12-20","36.00","NZD","1763354515","23477/2025-12-20/1763354515.json"
"512557","146154","2025-12-20","45.00","NZD","1763354515","23477/2025-12-20/1763354515.json"
"512557","146154","2025-12-19","45.00","NZD","1763354515","23477/2025-12-19/1763354515.json"
"365170","146153","2025-12-20","48.00","NZD","1763354515","23477/2025-12-20/1763354515.json"
"365170","146153","2025-12-19","48.00","NZD","1763354515","23477/2025-12-19/1763354515.json"
"510807","146155","2025-12-20","52.00","NZD","1763354515","23477/2025-12-20/1763354515.json"
"510807","146155","2025-12-19","52.00","NZD","1763354515","23477/2025-12-19/1763354515.json"
"581513","221281","2025-12-21","36.00","NZD","1763354515","23477/2025-12-21/1763354515.json"
"581514","221282","2025-12-21","36.00","NZD","1763354515","23477/2025-12-21/1763354515.json"
"512557","146154","2025-12-21","45.00","NZD","1763354515","23477/2025-12-21/1763354515.json"
"365170","146153","2025-12-21","48.00","NZD","1763354515","23477/2025-12-21/1763354515.json"
"510807","146155","2025-12-21","52.00","NZD","1763354515","23477/2025-12-21/1763354515.json"
"581513","221281","2025-12-22","36.00","NZD","1763354515","23477/2025-12-22/1763354515.json"
"581514","221282","2025-12-22","36.00","NZD","1763354515","23477/2025-12-22/1763354515.json"
"512557","146154","2025-12-22","45.00","NZD","1763354515","23477/2025-12-22/1763354515.json"
"365170","146153","2025-12-22","48.00","NZD","1763354515","23477/2025-12-22/1763354515.json"
"510807","146155","2025-12-22","52.00","NZD","1763354515","23477/2025-12-22/1763354515.json"
"581513","221281","2025-12-24","38.00","NZD","1763354515","23477/2025-12-24/1763354515.json"
"581514","221282","2025-12-24","38.00","NZD","1763354515","23477/2025-12-24/1763354515.json"
"512557","146154","2025-12-24","45.00","NZD","1763354515","23477/2025-12-24/1763354515.json"
"365170","146153","2025-12-24","48.00","NZD","1763354515","23477/2025-12-24/1763354515.json"
"510807","146155","2025-12-24","52.00","NZD","1763354515","23477/2025-12-24/1763354515.json"
"581513","221281","2025-12-23","38.00","NZD","1763354515","23477/2025-12-23/1763354515.json"
"581514","221282","2025-12-23","38.00","NZD","1763354515","23477/2025-12-23/1763354515.json"
"512557","146154","2025-12-23","45.00","NZD","1763354515","23477/2025-12-23/1763354515.json"
"365170","146153","2025-12-23","48.00","NZD","1763354515","23477/2025-12-23/1763354515.json"
"510807","146155","2025-12-23","52.00","NZD","1763354515","23477/2025-12-23/1763354515.json"
"581513","221281","2025-12-25","38.00","NZD","1763354515","23477/2025-12-25/1763354515.json"
"581514","221282","2025-12-25","38.00","NZD","1763354515","23477/2025-12-25/1763354515.json"
"512557","146154","2025-12-25","45.00","NZD","1763354515","23477/2025-12-25/1763354515.json"
"365170","146153","2025-12-25","48.00","NZD","1763354515","23477/2025-12-25/1763354515.json"
"510807","146155","2025-12-25","52.00","NZD","1763354515","23477/2025-12-25/1763354515.json"
"581513","221281","2025-12-27","42.00","NZD","1763354515","23477/2025-12-27/1763354515.json"
"581514","221282","2025-12-27","42.00","NZD","1763354515","23477/2025-12-27/1763354515.json"
"512557","146154","2025-12-27","45.00","NZD","1763354515","23477/2025-12-27/1763354515.json"
"365170","146153","2025-12-27","48.00","NZD","1763354515","23477/2025-12-27/1763354515.json"
"510807","146155","2025-12-27","52.00","NZD","1763354515","23477/2025-12-27/1763354515.json"
"581513","221281","2025-12-26","42.00","NZD","1763354515","23477/2025-12-26/1763354515.json"
"581514","221282","2025-12-26","42.00","NZD","1763354515","23477/2025-12-26/1763354515.json"
"512557","146154","2025-12-26","45.00","NZD","1763354515","23477/2025-12-26/1763354515.json"
"365170","146153","2025-12-26","48.00","NZD","1763354515","23477/2025-12-26/1763354515.json"
"510807","146155","2025-12-26","52.00","NZD","1763354515","23477/2025-12-26/1763354515.json"
"581513","221281","2025-12-28","42.00","NZD","1763354515","23477/2025-12-28/1763354515.json"
"581514","221282","2025-12-28","42.00","NZD","1763354515","23477/2025-12-28/1763354515.json"
"512557","146154","2025-12-28","45.00","NZD","1763354515","23477/2025-12-28/1763354515.json"
"365170","146153","2025-12-28","48.00","NZD","1763354515","23477/2025-12-28/1763354515.json"
"510807","146155","2025-12-28","52.00","NZD","1763354515","23477/2025-12-28/1763354515.json"
"581513","221281","2025-12-29","42.00","NZD","1763354515","23477/2025-12-29/1763354515.json"
"581514","221282","2025-12-29","42.00","NZD","1763354515","23477/2025-12-29/1763354515.json"
"512557","146154","2025-12-29","45.00","NZD","1763354515","23477/2025-12-29/1763354515.json"
"365170","146153","2025-12-29","48.00","NZD","1763354515","23477/2025-12-29/1763354515.json"
"510807","146155","2025-12-29","52.00","NZD","1763354515","23477/2025-12-29/1763354515.json"
"581513","221281","2025-12-30","42.00","NZD","1763354515","23477/2025-12-30/1763354515.json"
"581514","221282","2025-12-30","42.00","NZD","1763354515","23477/2025-12-30/1763354515.json"
"512557","146154","2025-12-30","45.00","NZD","1763354515","23477/2025-12-30/1763354515.json"
"365170","146153","2025-12-30","48.00","NZD","1763354515","23477/2025-12-30/1763354515.json"
"510807","146155","2025-12-30","52.00","NZD","1763354515","23477/2025-12-30/1763354515.json"
"581513","221281","2025-12-31","42.00","NZD","1763354515","23477/2025-12-31/1763354515.json"
"581514","221282","2025-12-31","42.00","NZD","1763354515","23477/2025-12-31/1763354515.json"
"512557","146154","2025-12-31","45.00","NZD","1763354515","23477/2025-12-31/1763354515.json"
"365170","146153","2025-12-31","48.00","NZD","1763354515","23477/2025-12-31/1763354515.json"
"510807","146155","2025-12-31","52.00","NZD","1763354515","23477/2025-12-31/1763354515.json"
"581513","221281","2026-01-01","42.00","NZD","1763354515","23477/2026-01-01/1763354515.json"
"581514","221282","2026-01-01","42.00","NZD","1763354515","23477/2026-01-01/1763354515.json"
"512557","146154","2026-01-01","45.00","NZD","1763354515","23477/2026-01-01/1763354515.json"
"365170","146153","2026-01-01","48.00","NZD","1763354515","23477/2026-01-01/1763354515.json"
"510807","146155","2026-01-01","52.00","NZD","1763354515","23477/2026-01-01/1763354515.json"
"581513","221281","2026-01-02","42.00","NZD","1763354515","23477/2026-01-02/1763354515.json"
"581514","221282","2026-01-02","42.00","NZD","1763354515","23477/2026-01-02/1763354515.json"
"512557","146154","2026-01-02","45.00","NZD","1763354515","23477/2026-01-02/1763354515.json"
"365170","146153","2026-01-02","48.00","NZD","1763354515","23477/2026-01-02/1763354515.json"
"510807","146155","2026-01-02","52.00","NZD","1763354515","23477/2026-01-02/1763354515.json"
"581513","221281","2026-01-03","42.00","NZD","1763354515","23477/2026-01-03/1763354515.json"
"581514","221282","2026-01-03","42.00","NZD","1763354515","23477/2026-01-03/1763354515.json"
"512557","146154","2026-01-03","45.00","NZD","1763354515","23477/2026-01-03/1763354515.json"
"365170","146153","2026-01-03","48.00","NZD","1763354515","23477/2026-01-03/1763354515.json"
"510807","146155","2026-01-03","52.00","NZD","1763354515","23477/2026-01-03/1763354515.json"
"581513","221281","2026-01-04","42.00","NZD","1763354515","23477/2026-01-04/1763354515.json"
"581514","221282","2026-01-04","42.00","NZD","1763354515","23477/2026-01-04/1763354515.json"
"512557","146154","2026-01-04","45.00","NZD","1763354515","23477/2026-01-04/1763354515.json"
"365170","146153","2026-01-04","48.00","NZD","1763354515","23477/2026-01-04/1763354515.json"
"510807","146155","2026-01-04","52.00","NZD","1763354515","23477/2026-01-04/1763354515.json"
"581513","221281","2026-01-05","36.00","NZD","1763354515","23477/2026-01-05/1763354515.json"
"581514","221282","2026-01-05","36.00","NZD","1763354515","23477/2026-01-05/1763354515.json"
"512557","146154","2026-01-05","45.00","NZD","1763354515","23477/2026-01-05/1763354515.json"
"365170","146153","2026-01-05","48.00","NZD","1763354515","23477/2026-01-05/1763354515.json"
"510807","146155","2026-01-05","52.00","NZD","1763354515","23477/2026-01-05/1763354515.json"
"581513","221281","2026-01-06","36.00","NZD","1763354515","23477/2026-01-06/1763354515.json"
"581514","221282","2026-01-06","36.00","NZD","1763354515","23477/2026-01-06/1763354515.json"
"512557","146154","2026-01-06","45.00","NZD","1763354515","23477/2026-01-06/1763354515.json"
"365170","146153","2026-01-06","48.00","NZD","1763354515","23477/2026-01-06/1763354515.json"
"510807","146155","2026-01-06","52.00","NZD","1763354515","23477/2026-01-06/1763354515.json"
"581513","221281","2026-01-07","36.00","NZD","1763354515","23477/2026-01-07/1763354515.json"
"581514","221282","2026-01-07","36.00","NZD","1763354515","23477/2026-01-07/1763354515.json"
"512557","146154","2026-01-07","45.00","NZD","1763354515","23477/2026-01-07/1763354515.json"
"365170","146153","2026-01-07","48.00","NZD","1763354515","23477/2026-01-07/1763354515.json"
"510807","146155","2026-01-07","52.00","NZD","1763354515","23477/2026-01-07/1763354515.json"
"581513","221281","2026-01-08","36.00","NZD","1763354515","23477/2026-01-08/1763354515.json"
"581514","221282","2026-01-08","36.00","NZD","1763354515","23477/2026-01-08/1763354515.json"
"512557","146154","2026-01-08","45.00","NZD","1763354515","23477/2026-01-08/1763354515.json"
"365170","146153","2026-01-08","48.00","NZD","1763354515","23477/2026-01-08/1763354515.json"
"510807","146155","2026-01-08","52.00","NZD","1763354515","23477/2026-01-08/1763354515.json"
"581513","221281","2026-01-09","36.00","NZD","1763354515","23477/2026-01-09/1763354515.json"
"581514","221282","2026-01-09","36.00","NZD","1763354515","23477/2026-01-09/1763354515.json"
"512557","146154","2026-01-09","45.00","NZD","1763354515","23477/2026-01-09/1763354515.json"
"365170","146153","2026-01-09","48.00","NZD","1763354515","23477/2026-01-09/1763354515.json"
"510807","146155","2026-01-09","52.00","NZD","1763354515","23477/2026-01-09/1763354515.json"
"581513","221281","2026-01-10","36.00","NZD","1763354515","23477/2026-01-10/1763354515.json"
"581513","221281","2026-01-11","36.00","NZD","1763354515","23477/2026-01-11/1763354515.json"
"581514","221282","2026-01-11","36.00","NZD","1763354515","23477/2026-01-11/1763354515.json"
"581514","221282","2026-01-10","36.00","NZD","1763354515","23477/2026-01-10/1763354515.json"
"512557","146154","2026-01-11","45.00","NZD","1763354515","23477/2026-01-11/1763354515.json"
"512557","146154","2026-01-10","45.00","NZD","1763354515","23477/2026-01-10/1763354515.json"
"365170","146153","2026-01-11","48.00","NZD","1763354515","23477/2026-01-11/1763354515.json"
"510807","146155","2026-01-11","52.00","NZD","1763354515","23477/2026-01-11/1763354515.json"
"365170","146153","2026-01-10","48.00","NZD","1763354515","23477/2026-01-10/1763354515.json"
"510807","146155","2026-01-10","52.00","NZD","1763354515","23477/2026-01-10/1763354515.json"
"581513","221281","2026-01-13","36.00","NZD","1763354515","23477/2026-01-13/1763354515.json"
"581514","221282","2026-01-13","36.00","NZD","1763354515","23477/2026-01-13/1763354515.json"
"512557","146154","2026-01-13","45.00","NZD","1763354515","23477/2026-01-13/1763354515.json"
"365170","146153","2026-01-13","48.00","NZD","1763354515","23477/2026-01-13/1763354515.json"
"510807","146155","2026-01-13","52.00","NZD","1763354515","23477/2026-01-13/1763354515.json"
"581513","221281","2026-01-15","36.00","NZD","1763354515","23477/2026-01-15/1763354515.json"
"581514","221282","2026-01-15","36.00","NZD","1763354515","23477/2026-01-15/1763354515.json"
"512557","146154","2026-01-15","45.00","NZD","1763354515","23477/2026-01-15/1763354515.json"
"365170","146153","2026-01-15","48.00","NZD","1763354515","23477/2026-01-15/1763354515.json"
"510807","146155","2026-01-15","52.00","NZD","1763354515","23477/2026-01-15/1763354515.json"
"581513","221281","2026-01-14","36.00","NZD","1763354515","23477/2026-01-14/1763354515.json"
"581514","221282","2026-01-14","36.00","NZD","1763354515","23477/2026-01-14/1763354515.json"
"512557","146154","2026-01-14","45.00","NZD","1763354515","23477/2026-01-14/1763354515.json"
"365170","146153","2026-01-14","48.00","NZD","1763354515","23477/2026-01-14/1763354515.json"
"510807","146155","2026-01-14","52.00","NZD","1763354515","23477/2026-01-14/1763354515.json"
"581513","221281","2026-01-16","36.00","NZD","1763354515","23477/2026-01-16/1763354515.json"
"581514","221282","2026-01-16","36.00","NZD","1763354515","23477/2026-01-16/1763354515.json"
"512557","146154","2026-01-16","45.00","NZD","1763354515","23477/2026-01-16/1763354515.json"
"365170","146153","2026-01-16","48.00","NZD","1763354515","23477/2026-01-16/1763354515.json"
"510807","146155","2026-01-16","52.00","NZD","1763354515","23477/2026-01-16/1763354515.json"
"581513","221281","2026-01-12","36.00","NZD","1763354515","23477/2026-01-12/1763354515.json"
"581514","221282","2026-01-12","36.00","NZD","1763354515","23477/2026-01-12/1763354515.json"
"512557","146154","2026-01-12","45.00","NZD","1763354515","23477/2026-01-12/1763354515.json"
"365170","146153","2026-01-12","48.00","NZD","1763354515","23477/2026-01-12/1763354515.json"
"510807","146155","2026-01-12","52.00","NZD","1763354515","23477/2026-01-12/1763354515.json"
"581513","221281","2025-11-18","36.00","NZD","1763369516","23477/2025-11-18/1763369516.json"
"581514","221282","2025-11-18","36.00","NZD","1763369516","23477/2025-11-18/1763369516.json"
"512557","146154","2025-11-18","45.00","NZD","1763369516","23477/2025-11-18/1763369516.json"
"365170","146153","2025-11-18","48.00","NZD","1763369516","23477/2025-11-18/1763369516.json"
"510807","146155","2025-11-18","52.00","NZD","1763369516","23477/2025-11-18/1763369516.json"
"581513","221281","2025-11-20","36.00","NZD","1763369516","23477/2025-11-20/1763369516.json"
"581514","221282","2025-11-20","36.00","NZD","1763369516","23477/2025-11-20/1763369516.json"
"512557","146154","2025-11-20","45.00","NZD","1763369516","23477/2025-11-20/1763369516.json"
"365170","146153","2025-11-20","48.00","NZD","1763369516","23477/2025-11-20/1763369516.json"
"510807","146155","2025-11-20","52.00","NZD","1763369516","23477/2025-11-20/1763369516.json"
"581513","221281","2025-11-21","36.00","NZD","1763369516","23477/2025-11-21/1763369516.json"
"581514","221282","2025-11-21","36.00","NZD","1763369516","23477/2025-11-21/1763369516.json"
"512557","146154","2025-11-21","45.00","NZD","1763369516","23477/2025-11-21/1763369516.json"
"365170","146153","2025-11-21","48.00","NZD","1763369516","23477/2025-11-21/1763369516.json"
"510807","146155","2025-11-21","52.00","NZD","1763369516","23477/2025-11-21/1763369516.json"
"581513","221281","2025-11-22","36.00","NZD","1763369516","23477/2025-11-22/1763369516.json"
"581514","221282","2025-11-22","36.00","NZD","1763369516","23477/2025-11-22/1763369516.json"
"512557","146154","2025-11-22","45.00","NZD","1763369516","23477/2025-11-22/1763369516.json"
"365170","146153","2025-11-22","48.00","NZD","1763369516","23477/2025-11-22/1763369516.json"
"510807","146155","2025-11-22","52.00","NZD","1763369516","23477/2025-11-22/1763369516.json"
"581513","221281","2025-11-23","36.00","NZD","1763369516","23477/2025-11-23/1763369516.json"
"581514","221282","2025-11-23","36.00","NZD","1763369516","23477/2025-11-23/1763369516.json"
"512557","146154","2025-11-23","45.00","NZD","1763369516","23477/2025-11-23/1763369516.json"
"365170","146153","2025-11-23","48.00","NZD","1763369516","23477/2025-11-23/1763369516.json"
"510807","146155","2025-11-23","52.00","NZD","1763369516","23477/2025-11-23/1763369516.json"
"581513","221281","2025-11-24","36.00","NZD","1763369516","23477/2025-11-24/1763369516.json"
"581514","221282","2025-11-24","36.00","NZD","1763369516","23477/2025-11-24/1763369516.json"
"512557","146154","2025-11-24","45.00","NZD","1763369516","23477/2025-11-24/1763369516.json"
"365170","146153","2025-11-24","48.00","NZD","1763369516","23477/2025-11-24/1763369516.json"
"510807","146155","2025-11-24","52.00","NZD","1763369516","23477/2025-11-24/1763369516.json"
"581513","221281","2025-11-25","36.00","NZD","1763369516","23477/2025-11-25/1763369516.json"
"581514","221282","2025-11-25","36.00","NZD","1763369516","23477/2025-11-25/1763369516.json"
"512557","146154","2025-11-25","45.00","NZD","1763369516","23477/2025-11-25/1763369516.json"
"365170","146153","2025-11-25","48.00","NZD","1763369516","23477/2025-11-25/1763369516.json"
"510807","146155","2025-11-25","52.00","NZD","1763369516","23477/2025-11-25/1763369516.json"
"581513","221281","2025-11-26","36.00","NZD","1763369516","23477/2025-11-26/1763369516.json"
"581514","221282","2025-11-26","36.00","NZD","1763369516","23477/2025-11-26/1763369516.json"
"512557","146154","2025-11-26","45.00","NZD","1763369516","23477/2025-11-26/1763369516.json"
"365170","146153","2025-11-26","48.00","NZD","1763369516","23477/2025-11-26/1763369516.json"
"510807","146155","2025-11-26","52.00","NZD","1763369516","23477/2025-11-26/1763369516.json"
"581513","221281","2025-11-27","36.00","NZD","1763369516","23477/2025-11-27/1763369516.json"
"581514","221282","2025-11-27","36.00","NZD","1763369516","23477/2025-11-27/1763369516.json"
"512557","146154","2025-11-27","45.00","NZD","1763369516","23477/2025-11-27/1763369516.json"
"365170","146153","2025-11-27","48.00","NZD","1763369516","23477/2025-11-27/1763369516.json"
"510807","146155","2025-11-27","52.00","NZD","1763369516","23477/2025-11-27/1763369516.json"
"581513","221281","2025-11-28","36.00","NZD","1763369516","23477/2025-11-28/1763369516.json"
"581514","221282","2025-11-28","36.00","NZD","1763369516","23477/2025-11-28/1763369516.json"
"512557","146154","2025-11-28","45.00","NZD","1763369516","23477/2025-11-28/1763369516.json"
"365170","146153","2025-11-28","48.00","NZD","1763369516","23477/2025-11-28/1763369516.json"
"510807","146155","2025-11-28","52.00","NZD","1763369516","23477/2025-11-28/1763369516.json"
"581513","221281","2025-11-30","36.00","NZD","1763369516","23477/2025-11-30/1763369516.json"
"581514","221282","2025-11-30","36.00","NZD","1763369516","23477/2025-11-30/1763369516.json"
"512557","146154","2025-11-30","45.00","NZD","1763369516","23477/2025-11-30/1763369516.json"
"365170","146153","2025-11-30","48.00","NZD","1763369516","23477/2025-11-30/1763369516.json"
"510807","146155","2025-11-30","52.00","NZD","1763369516","23477/2025-11-30/1763369516.json"
"581513","221281","2025-11-29","36.00","NZD","1763369516","23477/2025-11-29/1763369516.json"
"581514","221282","2025-11-29","36.00","NZD","1763369516","23477/2025-11-29/1763369516.json"
"512557","146154","2025-11-29","45.00","NZD","1763369516","23477/2025-11-29/1763369516.json"
"365170","146153","2025-11-29","48.00","NZD","1763369516","23477/2025-11-29/1763369516.json"
"510807","146155","2025-11-29","52.00","NZD","1763369516","23477/2025-11-29/1763369516.json"
"581513","221281","2025-11-19","36.00","NZD","1763369516","23477/2025-11-19/1763369516.json"
"581514","221282","2025-11-19","36.00","NZD","1763369516","23477/2025-11-19/1763369516.json"
"512557","146154","2025-11-19","45.00","NZD","1763369516","23477/2025-11-19/1763369516.json"
"365170","146153","2025-11-19","48.00","NZD","1763369516","23477/2025-11-19/1763369516.json"
"510807","146155","2025-11-19","52.00","NZD","1763369516","23477/2025-11-19/1763369516.json"
"581513","221281","2025-11-17","36.00","NZD","1763369516","23477/2025-11-17/1763369516.json"
"581514","221282","2025-11-17","36.00","NZD","1763369516","23477/2025-11-17/1763369516.json"
"512557","146154","2025-11-17","45.00","NZD","1763369516","23477/2025-11-17/1763369516.json"
"365170","146153","2025-11-17","48.00","NZD","1763369516","23477/2025-11-17/1763369516.json"
"510807","146155","2025-11-17","52.00","NZD","1763369516","23477/2025-11-17/1763369516.json"
"581513","221281","2025-12-02","36.00","NZD","1763369516","23477/2025-12-02/1763369516.json"
"581514","221282","2025-12-02","36.00","NZD","1763369516","23477/2025-12-02/1763369516.json"
"512557","146154","2025-12-02","45.00","NZD","1763369516","23477/2025-12-02/1763369516.json"
"365170","146153","2025-12-02","48.00","NZD","1763369516","23477/2025-12-02/1763369516.json"
"510807","146155","2025-12-02","52.00","NZD","1763369516","23477/2025-12-02/1763369516.json"
"581513","221281","2025-12-04","36.00","NZD","1763369516","23477/2025-12-04/1763369516.json"
"581514","221282","2025-12-04","36.00","NZD","1763369516","23477/2025-12-04/1763369516.json"
"512557","146154","2025-12-04","45.00","NZD","1763369516","23477/2025-12-04/1763369516.json"
"365170","146153","2025-12-04","48.00","NZD","1763369516","23477/2025-12-04/1763369516.json"
"510807","146155","2025-12-04","52.00","NZD","1763369516","23477/2025-12-04/1763369516.json"
"581513","221281","2025-12-03","36.00","NZD","1763369516","23477/2025-12-03/1763369516.json"
"581514","221282","2025-12-03","36.00","NZD","1763369516","23477/2025-12-03/1763369516.json"
"512557","146154","2025-12-03","45.00","NZD","1763369516","23477/2025-12-03/1763369516.json"
"365170","146153","2025-12-03","48.00","NZD","1763369516","23477/2025-12-03/1763369516.json"
"510807","146155","2025-12-03","52.00","NZD","1763369516","23477/2025-12-03/1763369516.json"
"581513","221281","2025-12-05","36.00","NZD","1763369516","23477/2025-12-05/1763369516.json"
"581514","221282","2025-12-05","36.00","NZD","1763369516","23477/2025-12-05/1763369516.json"
"512557","146154","2025-12-05","45.00","NZD","1763369516","23477/2025-12-05/1763369516.json"
"365170","146153","2025-12-05","48.00","NZD","1763369516","23477/2025-12-05/1763369516.json"
"510807","146155","2025-12-05","52.00","NZD","1763369516","23477/2025-12-05/1763369516.json"
"581513","221281","2025-12-07","36.00","NZD","1763369516","23477/2025-12-07/1763369516.json"
"581514","221282","2025-12-07","36.00","NZD","1763369516","23477/2025-12-07/1763369516.json"
"512557","146154","2025-12-07","45.00","NZD","1763369516","23477/2025-12-07/1763369516.json"
"365170","146153","2025-12-07","48.00","NZD","1763369516","23477/2025-12-07/1763369516.json"
"510807","146155","2025-12-07","52.00","NZD","1763369516","23477/2025-12-07/1763369516.json"
"581513","221281","2025-12-06","36.00","NZD","1763369516","23477/2025-12-06/1763369516.json"
"581514","221282","2025-12-06","36.00","NZD","1763369516","23477/2025-12-06/1763369516.json"
"512557","146154","2025-12-06","45.00","NZD","1763369516","23477/2025-12-06/1763369516.json"
"365170","146153","2025-12-06","48.00","NZD","1763369516","23477/2025-12-06/1763369516.json"
"510807","146155","2025-12-06","52.00","NZD","1763369516","23477/2025-12-06/1763369516.json"
"581513","221281","2025-12-08","36.00","NZD","1763369516","23477/2025-12-08/1763369516.json"
"581514","221282","2025-12-08","36.00","NZD","1763369516","23477/2025-12-08/1763369516.json"
"512557","146154","2025-12-08","45.00","NZD","1763369516","23477/2025-12-08/1763369516.json"
"365170","146153","2025-12-08","48.00","NZD","1763369516","23477/2025-12-08/1763369516.json"
"510807","146155","2025-12-08","52.00","NZD","1763369516","23477/2025-12-08/1763369516.json"
"581513","221281","2025-12-10","36.00","NZD","1763369516","23477/2025-12-10/1763369516.json"
"581514","221282","2025-12-10","36.00","NZD","1763369516","23477/2025-12-10/1763369516.json"
"512557","146154","2025-12-10","45.00","NZD","1763369516","23477/2025-12-10/1763369516.json"
"365170","146153","2025-12-10","48.00","NZD","1763369516","23477/2025-12-10/1763369516.json"
"510807","146155","2025-12-10","52.00","NZD","1763369516","23477/2025-12-10/1763369516.json"
"581513","221281","2025-12-11","36.00","NZD","1763369516","23477/2025-12-11/1763369516.json"
"581514","221282","2025-12-11","36.00","NZD","1763369516","23477/2025-12-11/1763369516.json"
"512557","146154","2025-12-11","45.00","NZD","1763369516","23477/2025-12-11/1763369516.json"
"365170","146153","2025-12-11","48.00","NZD","1763369516","23477/2025-12-11/1763369516.json"
"510807","146155","2025-12-11","52.00","NZD","1763369516","23477/2025-12-11/1763369516.json"
"581513","221281","2025-12-12","36.00","NZD","1763369516","23477/2025-12-12/1763369516.json"
"581514","221282","2025-12-12","36.00","NZD","1763369516","23477/2025-12-12/1763369516.json"
"512557","146154","2025-12-12","45.00","NZD","1763369516","23477/2025-12-12/1763369516.json"
"365170","146153","2025-12-12","48.00","NZD","1763369516","23477/2025-12-12/1763369516.json"
"510807","146155","2025-12-12","52.00","NZD","1763369516","23477/2025-12-12/1763369516.json"
"581513","221281","2025-12-13","36.00","NZD","1763369516","23477/2025-12-13/1763369516.json"
"581514","221282","2025-12-13","36.00","NZD","1763369516","23477/2025-12-13/1763369516.json"
"512557","146154","2025-12-13","45.00","NZD","1763369516","23477/2025-12-13/1763369516.json"
"365170","146153","2025-12-13","48.00","NZD","1763369516","23477/2025-12-13/1763369516.json"
"510807","146155","2025-12-13","52.00","NZD","1763369516","23477/2025-12-13/1763369516.json"
"581513","221281","2025-12-15","36.00","NZD","1763369516","23477/2025-12-15/1763369516.json"
"581514","221282","2025-12-15","36.00","NZD","1763369516","23477/2025-12-15/1763369516.json"
"512557","146154","2025-12-15","45.00","NZD","1763369516","23477/2025-12-15/1763369516.json"
"365170","146153","2025-12-15","48.00","NZD","1763369516","23477/2025-12-15/1763369516.json"
"510807","146155","2025-12-15","52.00","NZD","1763369516","23477/2025-12-15/1763369516.json"
"581513","221281","2025-12-16","36.00","NZD","1763369516","23477/2025-12-16/1763369516.json"
"581514","221282","2025-12-16","36.00","NZD","1763369516","23477/2025-12-16/1763369516.json"
"512557","146154","2025-12-16","45.00","NZD","1763369516","23477/2025-12-16/1763369516.json"
"365170","146153","2025-12-16","48.00","NZD","1763369516","23477/2025-12-16/1763369516.json"
"510807","146155","2025-12-16","52.00","NZD","1763369516","23477/2025-12-16/1763369516.json"
"581513","221281","2025-12-17","36.00","NZD","1763369516","23477/2025-12-17/1763369516.json"
"581514","221282","2025-12-17","36.00","NZD","1763369516","23477/2025-12-17/1763369516.json"
"512557","146154","2025-12-17","45.00","NZD","1763369516","23477/2025-12-17/1763369516.json"
"365170","146153","2025-12-17","48.00","NZD","1763369516","23477/2025-12-17/1763369516.json"
"510807","146155","2025-12-17","52.00","NZD","1763369516","23477/2025-12-17/1763369516.json"
"581513","221281","2025-12-18","36.00","NZD","1763369516","23477/2025-12-18/1763369516.json"
"581514","221282","2025-12-18","36.00","NZD","1763369516","23477/2025-12-18/1763369516.json"
"512557","146154","2025-12-18","45.00","NZD","1763369516","23477/2025-12-18/1763369516.json"
"365170","146153","2025-12-18","48.00","NZD","1763369516","23477/2025-12-18/1763369516.json"
"510807","146155","2025-12-18","52.00","NZD","1763369516","23477/2025-12-18/1763369516.json"
"581513","221281","2025-12-19","36.00","NZD","1763369516","23477/2025-12-19/1763369516.json"
"581514","221282","2025-12-19","36.00","NZD","1763369516","23477/2025-12-19/1763369516.json"
"512557","146154","2025-12-19","45.00","NZD","1763369516","23477/2025-12-19/1763369516.json"
"365170","146153","2025-12-19","48.00","NZD","1763369516","23477/2025-12-19/1763369516.json"
"510807","146155","2025-12-19","52.00","NZD","1763369516","23477/2025-12-19/1763369516.json"
"581513","221281","2025-12-20","36.00","NZD","1763369516","23477/2025-12-20/1763369516.json"
"581514","221282","2025-12-20","36.00","NZD","1763369516","23477/2025-12-20/1763369516.json"
"512557","146154","2025-12-20","45.00","NZD","1763369516","23477/2025-12-20/1763369516.json"
"365170","146153","2025-12-20","48.00","NZD","1763369516","23477/2025-12-20/1763369516.json"
"510807","146155","2025-12-20","52.00","NZD","1763369516","23477/2025-12-20/1763369516.json"
"581513","221281","2025-12-21","36.00","NZD","1763369516","23477/2025-12-21/1763369516.json"
"581514","221282","2025-12-21","36.00","NZD","1763369516","23477/2025-12-21/1763369516.json"
"512557","146154","2025-12-21","45.00","NZD","1763369516","23477/2025-12-21/1763369516.json"
"365170","146153","2025-12-21","48.00","NZD","1763369516","23477/2025-12-21/1763369516.json"
"510807","146155","2025-12-21","52.00","NZD","1763369516","23477/2025-12-21/1763369516.json"
"581513","221281","2025-12-22","36.00","NZD","1763369516","23477/2025-12-22/1763369516.json"
"581514","221282","2025-12-22","36.00","NZD","1763369516","23477/2025-12-22/1763369516.json"
"512557","146154","2025-12-22","45.00","NZD","1763369516","23477/2025-12-22/1763369516.json"
"365170","146153","2025-12-22","48.00","NZD","1763369516","23477/2025-12-22/1763369516.json"
"510807","146155","2025-12-22","52.00","NZD","1763369516","23477/2025-12-22/1763369516.json"
"581513","221281","2025-12-23","38.00","NZD","1763369516","23477/2025-12-23/1763369516.json"
"581514","221282","2025-12-23","38.00","NZD","1763369516","23477/2025-12-23/1763369516.json"
"512557","146154","2025-12-23","45.00","NZD","1763369516","23477/2025-12-23/1763369516.json"
"365170","146153","2025-12-23","48.00","NZD","1763369516","23477/2025-12-23/1763369516.json"
"510807","146155","2025-12-23","52.00","NZD","1763369516","23477/2025-12-23/1763369516.json"
"581513","221281","2025-12-24","38.00","NZD","1763369516","23477/2025-12-24/1763369516.json"
"581514","221282","2025-12-24","38.00","NZD","1763369516","23477/2025-12-24/1763369516.json"
"512557","146154","2025-12-24","45.00","NZD","1763369516","23477/2025-12-24/1763369516.json"
"365170","146153","2025-12-24","48.00","NZD","1763369516","23477/2025-12-24/1763369516.json"
"510807","146155","2025-12-24","52.00","NZD","1763369516","23477/2025-12-24/1763369516.json"
"581513","221281","2025-12-25","38.00","NZD","1763369516","23477/2025-12-25/1763369516.json"
"581514","221282","2025-12-25","38.00","NZD","1763369516","23477/2025-12-25/1763369516.json"
"512557","146154","2025-12-25","45.00","NZD","1763369516","23477/2025-12-25/1763369516.json"
"365170","146153","2025-12-25","48.00","NZD","1763369516","23477/2025-12-25/1763369516.json"
"510807","146155","2025-12-25","52.00","NZD","1763369516","23477/2025-12-25/1763369516.json"
"581513","221281","2025-12-09","36.00","NZD","1763369516","23477/2025-12-09/1763369516.json"
"581514","221282","2025-12-09","36.00","NZD","1763369516","23477/2025-12-09/1763369516.json"
"512557","146154","2025-12-09","45.00","NZD","1763369516","23477/2025-12-09/1763369516.json"
"365170","146153","2025-12-09","48.00","NZD","1763369516","23477/2025-12-09/1763369516.json"
"510807","146155","2025-12-09","52.00","NZD","1763369516","23477/2025-12-09/1763369516.json"
"581513","221281","2025-12-01","36.00","NZD","1763369516","23477/2025-12-01/1763369516.json"
"581514","221282","2025-12-01","36.00","NZD","1763369516","23477/2025-12-01/1763369516.json"
"512557","146154","2025-12-01","45.00","NZD","1763369516","23477/2025-12-01/1763369516.json"
"365170","146153","2025-12-01","48.00","NZD","1763369516","23477/2025-12-01/1763369516.json"
"510807","146155","2025-12-01","52.00","NZD","1763369516","23477/2025-12-01/1763369516.json"
"581513","221281","2025-12-14","36.00","NZD","1763369516","23477/2025-12-14/1763369516.json"
"581514","221282","2025-12-14","36.00","NZD","1763369516","23477/2025-12-14/1763369516.json"
"512557","146154","2025-12-14","45.00","NZD","1763369516","23477/2025-12-14/1763369516.json"
"365170","146153","2025-12-14","48.00","NZD","1763369516","23477/2025-12-14/1763369516.json"
"510807","146155","2025-12-14","52.00","NZD","1763369516","23477/2025-12-14/1763369516.json"
"581513","221281","2025-12-26","42.00","NZD","1763369516","23477/2025-12-26/1763369516.json"
"581514","221282","2025-12-26","42.00","NZD","1763369516","23477/2025-12-26/1763369516.json"
"512557","146154","2025-12-26","45.00","NZD","1763369516","23477/2025-12-26/1763369516.json"
"365170","146153","2025-12-26","48.00","NZD","1763369516","23477/2025-12-26/1763369516.json"
"510807","146155","2025-12-26","52.00","NZD","1763369516","23477/2025-12-26/1763369516.json"
"581513","221281","2025-12-28","42.00","NZD","1763369516","23477/2025-12-28/1763369516.json"
"581514","221282","2025-12-28","42.00","NZD","1763369516","23477/2025-12-28/1763369516.json"
"512557","146154","2025-12-28","45.00","NZD","1763369516","23477/2025-12-28/1763369516.json"
"365170","146153","2025-12-28","48.00","NZD","1763369516","23477/2025-12-28/1763369516.json"
"510807","146155","2025-12-28","52.00","NZD","1763369516","23477/2025-12-28/1763369516.json"
"581513","221281","2025-12-27","42.00","NZD","1763369516","23477/2025-12-27/1763369516.json"
"581514","221282","2025-12-27","42.00","NZD","1763369516","23477/2025-12-27/1763369516.json"
"512557","146154","2025-12-27","45.00","NZD","1763369516","23477/2025-12-27/1763369516.json"
"365170","146153","2025-12-27","48.00","NZD","1763369516","23477/2025-12-27/1763369516.json"
"510807","146155","2025-12-27","52.00","NZD","1763369516","23477/2025-12-27/1763369516.json"
"581513","221281","2025-12-29","42.00","NZD","1763369516","23477/2025-12-29/1763369516.json"
"581514","221282","2025-12-29","42.00","NZD","1763369516","23477/2025-12-29/1763369516.json"
"512557","146154","2025-12-29","45.00","NZD","1763369516","23477/2025-12-29/1763369516.json"
"365170","146153","2025-12-29","48.00","NZD","1763369516","23477/2025-12-29/1763369516.json"
"510807","146155","2025-12-29","52.00","NZD","1763369516","23477/2025-12-29/1763369516.json"
"581513","221281","2025-12-30","42.00","NZD","1763369516","23477/2025-12-30/1763369516.json"
"581514","221282","2025-12-30","42.00","NZD","1763369516","23477/2025-12-30/1763369516.json"
"512557","146154","2025-12-30","45.00","NZD","1763369516","23477/2025-12-30/1763369516.json"
"365170","146153","2025-12-30","48.00","NZD","1763369516","23477/2025-12-30/1763369516.json"
"510807","146155","2025-12-30","52.00","NZD","1763369516","23477/2025-12-30/1763369516.json"
"581513","221281","2025-12-31","42.00","NZD","1763369516","23477/2025-12-31/1763369516.json"
"581514","221282","2025-12-31","42.00","NZD","1763369516","23477/2025-12-31/1763369516.json"
"512557","146154","2025-12-31","45.00","NZD","1763369516","23477/2025-12-31/1763369516.json"
"365170","146153","2025-12-31","48.00","NZD","1763369516","23477/2025-12-31/1763369516.json"
"510807","146155","2025-12-31","52.00","NZD","1763369516","23477/2025-12-31/1763369516.json"
"581513","221281","2026-01-01","42.00","NZD","1763369516","23477/2026-01-01/1763369516.json"
"581514","221282","2026-01-01","42.00","NZD","1763369516","23477/2026-01-01/1763369516.json"
"512557","146154","2026-01-01","45.00","NZD","1763369516","23477/2026-01-01/1763369516.json"
"365170","146153","2026-01-01","48.00","NZD","1763369516","23477/2026-01-01/1763369516.json"
"510807","146155","2026-01-01","52.00","NZD","1763369516","23477/2026-01-01/1763369516.json"
"581513","221281","2026-01-02","42.00","NZD","1763369516","23477/2026-01-02/1763369516.json"
"581514","221282","2026-01-02","42.00","NZD","1763369516","23477/2026-01-02/1763369516.json"
"512557","146154","2026-01-02","45.00","NZD","1763369516","23477/2026-01-02/1763369516.json"
"365170","146153","2026-01-02","48.00","NZD","1763369516","23477/2026-01-02/1763369516.json"
"510807","146155","2026-01-02","52.00","NZD","1763369516","23477/2026-01-02/1763369516.json"
"581513","221281","2026-01-03","42.00","NZD","1763369516","23477/2026-01-03/1763369516.json"
"581514","221282","2026-01-03","42.00","NZD","1763369516","23477/2026-01-03/1763369516.json"
"512557","146154","2026-01-03","45.00","NZD","1763369516","23477/2026-01-03/1763369516.json"
"365170","146153","2026-01-03","48.00","NZD","1763369516","23477/2026-01-03/1763369516.json"
"510807","146155","2026-01-03","52.00","NZD","1763369516","23477/2026-01-03/1763369516.json"
"581513","221281","2026-01-05","36.00","NZD","1763369516","23477/2026-01-05/1763369516.json"
"581514","221282","2026-01-05","36.00","NZD","1763369516","23477/2026-01-05/1763369516.json"
"512557","146154","2026-01-05","45.00","NZD","1763369516","23477/2026-01-05/1763369516.json"
"365170","146153","2026-01-05","48.00","NZD","1763369516","23477/2026-01-05/1763369516.json"
"510807","146155","2026-01-05","52.00","NZD","1763369516","23477/2026-01-05/1763369516.json"
"581513","221281","2026-01-06","36.00","NZD","1763369516","23477/2026-01-06/1763369516.json"
"581514","221282","2026-01-06","36.00","NZD","1763369516","23477/2026-01-06/1763369516.json"
"512557","146154","2026-01-06","45.00","NZD","1763369516","23477/2026-01-06/1763369516.json"
"365170","146153","2026-01-06","48.00","NZD","1763369516","23477/2026-01-06/1763369516.json"
"510807","146155","2026-01-06","52.00","NZD","1763369516","23477/2026-01-06/1763369516.json"
"581513","221281","2026-01-07","36.00","NZD","1763369516","23477/2026-01-07/1763369516.json"
"581514","221282","2026-01-07","36.00","NZD","1763369516","23477/2026-01-07/1763369516.json"
"512557","146154","2026-01-07","45.00","NZD","1763369516","23477/2026-01-07/1763369516.json"
"365170","146153","2026-01-07","48.00","NZD","1763369516","23477/2026-01-07/1763369516.json"
"510807","146155","2026-01-07","52.00","NZD","1763369516","23477/2026-01-07/1763369516.json"
"581513","221281","2026-01-04","42.00","NZD","1763369516","23477/2026-01-04/1763369516.json"
"581514","221282","2026-01-04","42.00","NZD","1763369516","23477/2026-01-04/1763369516.json"
"512557","146154","2026-01-04","45.00","NZD","1763369516","23477/2026-01-04/1763369516.json"
"365170","146153","2026-01-04","48.00","NZD","1763369516","23477/2026-01-04/1763369516.json"
"510807","146155","2026-01-04","52.00","NZD","1763369516","23477/2026-01-04/1763369516.json"
"581513","221281","2026-01-08","36.00","NZD","1763369516","23477/2026-01-08/1763369516.json"
"581514","221282","2026-01-08","36.00","NZD","1763369516","23477/2026-01-08/1763369516.json"
"512557","146154","2026-01-08","45.00","NZD","1763369516","23477/2026-01-08/1763369516.json"
"365170","146153","2026-01-08","48.00","NZD","1763369516","23477/2026-01-08/1763369516.json"
"510807","146155","2026-01-08","52.00","NZD","1763369516","23477/2026-01-08/1763369516.json"
"581513","221281","2026-01-09","36.00","NZD","1763369516","23477/2026-01-09/1763369516.json"
"581514","221282","2026-01-09","36.00","NZD","1763369516","23477/2026-01-09/1763369516.json"
"512557","146154","2026-01-09","45.00","NZD","1763369516","23477/2026-01-09/1763369516.json"
"365170","146153","2026-01-09","48.00","NZD","1763369516","23477/2026-01-09/1763369516.json"
"510807","146155","2026-01-09","52.00","NZD","1763369516","23477/2026-01-09/1763369516.json"
"581513","221281","2026-01-10","36.00","NZD","1763369516","23477/2026-01-10/1763369516.json"
"581514","221282","2026-01-10","36.00","NZD","1763369516","23477/2026-01-10/1763369516.json"
"512557","146154","2026-01-10","45.00","NZD","1763369516","23477/2026-01-10/1763369516.json"
"365170","146153","2026-01-10","48.00","NZD","1763369516","23477/2026-01-10/1763369516.json"
"510807","146155","2026-01-10","52.00","NZD","1763369516","23477/2026-01-10/1763369516.json"
"581513","221281","2026-01-11","36.00","NZD","1763369516","23477/2026-01-11/1763369516.json"
"581514","221282","2026-01-11","36.00","NZD","1763369516","23477/2026-01-11/1763369516.json"
"512557","146154","2026-01-11","45.00","NZD","1763369516","23477/2026-01-11/1763369516.json"
"365170","146153","2026-01-11","48.00","NZD","1763369516","23477/2026-01-11/1763369516.json"
"510807","146155","2026-01-11","52.00","NZD","1763369516","23477/2026-01-11/1763369516.json"
"581513","221281","2026-01-12","36.00","NZD","1763369516","23477/2026-01-12/1763369516.json"
"581514","221282","2026-01-12","36.00","NZD","1763369516","23477/2026-01-12/1763369516.json"
"512557","146154","2026-01-12","45.00","NZD","1763369516","23477/2026-01-12/1763369516.json"
"365170","146153","2026-01-12","48.00","NZD","1763369516","23477/2026-01-12/1763369516.json"
"510807","146155","2026-01-12","52.00","NZD","1763369516","23477/2026-01-12/1763369516.json"
"581513","221281","2026-01-13","36.00","NZD","1763369516","23477/2026-01-13/1763369516.json"
"581514","221282","2026-01-13","36.00","NZD","1763369516","23477/2026-01-13/1763369516.json"
"512557","146154","2026-01-13","45.00","NZD","1763369516","23477/2026-01-13/1763369516.json"
"365170","146153","2026-01-13","48.00","NZD","1763369516","23477/2026-01-13/1763369516.json"
"510807","146155","2026-01-13","52.00","NZD","1763369516","23477/2026-01-13/1763369516.json"
"581513","221281","2026-01-14","36.00","NZD","1763369516","23477/2026-01-14/1763369516.json"
"581514","221282","2026-01-14","36.00","NZD","1763369516","23477/2026-01-14/1763369516.json"
"512557","146154","2026-01-14","45.00","NZD","1763369516","23477/2026-01-14/1763369516.json"
"365170","146153","2026-01-14","48.00","NZD","1763369516","23477/2026-01-14/1763369516.json"
"510807","146155","2026-01-14","52.00","NZD","1763369516","23477/2026-01-14/1763369516.json"
"581513","221281","2026-01-15","36.00","NZD","1763369516","23477/2026-01-15/1763369516.json"
"581514","221282","2026-01-15","36.00","NZD","1763369516","23477/2026-01-15/1763369516.json"
"512557","146154","2026-01-15","45.00","NZD","1763369516","23477/2026-01-15/1763369516.json"
"365170","146153","2026-01-15","48.00","NZD","1763369516","23477/2026-01-15/1763369516.json"
"510807","146155","2026-01-15","52.00","NZD","1763369516","23477/2026-01-15/1763369516.json"
"581513","221281","2026-01-16","36.00","NZD","1763369516","23477/2026-01-16/1763369516.json"
"581514","221282","2026-01-16","36.00","NZD","1763369516","23477/2026-01-16/1763369516.json"
"512557","146154","2026-01-16","45.00","NZD","1763369516","23477/2026-01-16/1763369516.json"
"365170","146153","2026-01-16","48.00","NZD","1763369516","23477/2026-01-16/1763369516.json"
"510807","146155","2026-01-16","52.00","NZD","1763369516","23477/2026-01-16/1763369516.json"
"581513","221281","2025-11-19","36.00","NZD","1763384483","23477/2025-11-19/1763384483.json"
"581514","221282","2025-11-19","36.00","NZD","1763384483","23477/2025-11-19/1763384483.json"
"512557","146154","2025-11-19","45.00","NZD","1763384483","23477/2025-11-19/1763384483.json"
"365170","146153","2025-11-19","48.00","NZD","1763384483","23477/2025-11-19/1763384483.json"
"510807","146155","2025-11-19","52.00","NZD","1763384483","23477/2025-11-19/1763384483.json"
"581513","221281","2025-11-20","36.00","NZD","1763384483","23477/2025-11-20/1763384483.json"
"581514","221282","2025-11-20","36.00","NZD","1763384483","23477/2025-11-20/1763384483.json"
"512557","146154","2025-11-20","45.00","NZD","1763384483","23477/2025-11-20/1763384483.json"
"365170","146153","2025-11-20","48.00","NZD","1763384483","23477/2025-11-20/1763384483.json"
"510807","146155","2025-11-20","52.00","NZD","1763384483","23477/2025-11-20/1763384483.json"
"581513","221281","2025-11-18","36.00","NZD","1763384483","23477/2025-11-18/1763384483.json"
"581514","221282","2025-11-18","36.00","NZD","1763384483","23477/2025-11-18/1763384483.json"
"512557","146154","2025-11-18","45.00","NZD","1763384483","23477/2025-11-18/1763384483.json"
"365170","146153","2025-11-18","48.00","NZD","1763384483","23477/2025-11-18/1763384483.json"
"510807","146155","2025-11-18","52.00","NZD","1763384483","23477/2025-11-18/1763384483.json"
"581513","221281","2025-11-23","36.00","NZD","1763384483","23477/2025-11-23/1763384483.json"
"581514","221282","2025-11-23","36.00","NZD","1763384483","23477/2025-11-23/1763384483.json"
"512557","146154","2025-11-23","45.00","NZD","1763384483","23477/2025-11-23/1763384483.json"
"365170","146153","2025-11-23","48.00","NZD","1763384483","23477/2025-11-23/1763384483.json"
"510807","146155","2025-11-23","52.00","NZD","1763384483","23477/2025-11-23/1763384483.json"
"581513","221281","2025-11-22","36.00","NZD","1763384483","23477/2025-11-22/1763384483.json"
"581514","221282","2025-11-22","36.00","NZD","1763384483","23477/2025-11-22/1763384483.json"
"512557","146154","2025-11-22","45.00","NZD","1763384483","23477/2025-11-22/1763384483.json"
"365170","146153","2025-11-22","48.00","NZD","1763384483","23477/2025-11-22/1763384483.json"
"510807","146155","2025-11-22","52.00","NZD","1763384483","23477/2025-11-22/1763384483.json"
"581513","221281","2025-11-24","36.00","NZD","1763384483","23477/2025-11-24/1763384483.json"
"581514","221282","2025-11-24","36.00","NZD","1763384483","23477/2025-11-24/1763384483.json"
"512557","146154","2025-11-24","45.00","NZD","1763384483","23477/2025-11-24/1763384483.json"
"365170","146153","2025-11-24","48.00","NZD","1763384483","23477/2025-11-24/1763384483.json"
"510807","146155","2025-11-24","52.00","NZD","1763384483","23477/2025-11-24/1763384483.json"
"581513","221281","2025-11-21","36.00","NZD","1763384483","23477/2025-11-21/1763384483.json"
"581514","221282","2025-11-21","36.00","NZD","1763384483","23477/2025-11-21/1763384483.json"
"512557","146154","2025-11-21","45.00","NZD","1763384483","23477/2025-11-21/1763384483.json"
"365170","146153","2025-11-21","48.00","NZD","1763384483","23477/2025-11-21/1763384483.json"
"510807","146155","2025-11-21","52.00","NZD","1763384483","23477/2025-11-21/1763384483.json"
"581513","221281","2025-11-26","36.00","NZD","1763384483","23477/2025-11-26/1763384483.json"
"581514","221282","2025-11-26","36.00","NZD","1763384483","23477/2025-11-26/1763384483.json"
"512557","146154","2025-11-26","45.00","NZD","1763384483","23477/2025-11-26/1763384483.json"
"365170","146153","2025-11-26","48.00","NZD","1763384483","23477/2025-11-26/1763384483.json"
"510807","146155","2025-11-26","52.00","NZD","1763384483","23477/2025-11-26/1763384483.json"
"581513","221281","2025-11-25","36.00","NZD","1763384483","23477/2025-11-25/1763384483.json"
"581514","221282","2025-11-25","36.00","NZD","1763384483","23477/2025-11-25/1763384483.json"
"512557","146154","2025-11-25","45.00","NZD","1763384483","23477/2025-11-25/1763384483.json"
"365170","146153","2025-11-25","48.00","NZD","1763384483","23477/2025-11-25/1763384483.json"
"510807","146155","2025-11-25","52.00","NZD","1763384483","23477/2025-11-25/1763384483.json"
"581513","221281","2025-11-27","36.00","NZD","1763384483","23477/2025-11-27/1763384483.json"
"581514","221282","2025-11-27","36.00","NZD","1763384483","23477/2025-11-27/1763384483.json"
"512557","146154","2025-11-27","45.00","NZD","1763384483","23477/2025-11-27/1763384483.json"
"365170","146153","2025-11-27","48.00","NZD","1763384483","23477/2025-11-27/1763384483.json"
"510807","146155","2025-11-27","52.00","NZD","1763384483","23477/2025-11-27/1763384483.json"
"581513","221281","2025-11-28","36.00","NZD","1763384483","23477/2025-11-28/1763384483.json"
"581514","221282","2025-11-28","36.00","NZD","1763384483","23477/2025-11-28/1763384483.json"
"512557","146154","2025-11-28","45.00","NZD","1763384483","23477/2025-11-28/1763384483.json"
"365170","146153","2025-11-28","48.00","NZD","1763384483","23477/2025-11-28/1763384483.json"
"510807","146155","2025-11-28","52.00","NZD","1763384483","23477/2025-11-28/1763384483.json"
"581513","221281","2025-11-29","36.00","NZD","1763384483","23477/2025-11-29/1763384483.json"
"581514","221282","2025-11-29","36.00","NZD","1763384483","23477/2025-11-29/1763384483.json"
"512557","146154","2025-11-29","45.00","NZD","1763384483","23477/2025-11-29/1763384483.json"
"365170","146153","2025-11-29","48.00","NZD","1763384483","23477/2025-11-29/1763384483.json"
"510807","146155","2025-11-29","52.00","NZD","1763384483","23477/2025-11-29/1763384483.json"
"581513","221281","2025-11-30","36.00","NZD","1763384483","23477/2025-11-30/1763384483.json"
"581514","221282","2025-11-30","36.00","NZD","1763384483","23477/2025-11-30/1763384483.json"
"512557","146154","2025-11-30","45.00","NZD","1763384483","23477/2025-11-30/1763384483.json"
"365170","146153","2025-11-30","48.00","NZD","1763384483","23477/2025-11-30/1763384483.json"
"510807","146155","2025-11-30","52.00","NZD","1763384483","23477/2025-11-30/1763384483.json"
"581513","221281","2025-12-01","36.00","NZD","1763384483","23477/2025-12-01/1763384483.json"
"581514","221282","2025-12-01","36.00","NZD","1763384483","23477/2025-12-01/1763384483.json"
"512557","146154","2025-12-01","45.00","NZD","1763384483","23477/2025-12-01/1763384483.json"
"365170","146153","2025-12-01","48.00","NZD","1763384483","23477/2025-12-01/1763384483.json"
"510807","146155","2025-12-01","52.00","NZD","1763384483","23477/2025-12-01/1763384483.json"
"581513","221281","2025-12-02","36.00","NZD","1763384483","23477/2025-12-02/1763384483.json"
"581514","221282","2025-12-02","36.00","NZD","1763384483","23477/2025-12-02/1763384483.json"
"512557","146154","2025-12-02","45.00","NZD","1763384483","23477/2025-12-02/1763384483.json"
"365170","146153","2025-12-02","48.00","NZD","1763384483","23477/2025-12-02/1763384483.json"
"510807","146155","2025-12-02","52.00","NZD","1763384483","23477/2025-12-02/1763384483.json"
"581513","221281","2025-12-03","36.00","NZD","1763384483","23477/2025-12-03/1763384483.json"
"581514","221282","2025-12-03","36.00","NZD","1763384483","23477/2025-12-03/1763384483.json"
"512557","146154","2025-12-03","45.00","NZD","1763384483","23477/2025-12-03/1763384483.json"
"365170","146153","2025-12-03","48.00","NZD","1763384483","23477/2025-12-03/1763384483.json"
"510807","146155","2025-12-03","52.00","NZD","1763384483","23477/2025-12-03/1763384483.json"
"581513","221281","2025-12-04","36.00","NZD","1763384483","23477/2025-12-04/1763384483.json"
"581514","221282","2025-12-04","36.00","NZD","1763384483","23477/2025-12-04/1763384483.json"
"512557","146154","2025-12-04","45.00","NZD","1763384483","23477/2025-12-04/1763384483.json"
"365170","146153","2025-12-04","48.00","NZD","1763384483","23477/2025-12-04/1763384483.json"
"510807","146155","2025-12-04","52.00","NZD","1763384483","23477/2025-12-04/1763384483.json"
"581513","221281","2025-12-05","36.00","NZD","1763384483","23477/2025-12-05/1763384483.json"
"581514","221282","2025-12-05","36.00","NZD","1763384483","23477/2025-12-05/1763384483.json"
"512557","146154","2025-12-05","45.00","NZD","1763384483","23477/2025-12-05/1763384483.json"
"365170","146153","2025-12-05","48.00","NZD","1763384483","23477/2025-12-05/1763384483.json"
"510807","146155","2025-12-05","52.00","NZD","1763384483","23477/2025-12-05/1763384483.json"
"581513","221281","2025-12-06","36.00","NZD","1763384483","23477/2025-12-06/1763384483.json"
"581514","221282","2025-12-06","36.00","NZD","1763384483","23477/2025-12-06/1763384483.json"
"512557","146154","2025-12-06","45.00","NZD","1763384483","23477/2025-12-06/1763384483.json"
"365170","146153","2025-12-06","48.00","NZD","1763384483","23477/2025-12-06/1763384483.json"
"510807","146155","2025-12-06","52.00","NZD","1763384483","23477/2025-12-06/1763384483.json"
"581513","221281","2025-12-08","36.00","NZD","1763384483","23477/2025-12-08/1763384483.json"
"581514","221282","2025-12-08","36.00","NZD","1763384483","23477/2025-12-08/1763384483.json"
"512557","146154","2025-12-08","45.00","NZD","1763384483","23477/2025-12-08/1763384483.json"
"365170","146153","2025-12-08","48.00","NZD","1763384483","23477/2025-12-08/1763384483.json"
"510807","146155","2025-12-08","52.00","NZD","1763384483","23477/2025-12-08/1763384483.json"
"581513","221281","2025-12-09","36.00","NZD","1763384483","23477/2025-12-09/1763384483.json"
"581514","221282","2025-12-09","36.00","NZD","1763384483","23477/2025-12-09/1763384483.json"
"512557","146154","2025-12-09","45.00","NZD","1763384483","23477/2025-12-09/1763384483.json"
"365170","146153","2025-12-09","48.00","NZD","1763384483","23477/2025-12-09/1763384483.json"
"510807","146155","2025-12-09","52.00","NZD","1763384483","23477/2025-12-09/1763384483.json"
"581513","221281","2025-12-07","36.00","NZD","1763384483","23477/2025-12-07/1763384483.json"
"581514","221282","2025-12-07","36.00","NZD","1763384483","23477/2025-12-07/1763384483.json"
"512557","146154","2025-12-07","45.00","NZD","1763384483","23477/2025-12-07/1763384483.json"
"365170","146153","2025-12-07","48.00","NZD","1763384483","23477/2025-12-07/1763384483.json"
"510807","146155","2025-12-07","52.00","NZD","1763384483","23477/2025-12-07/1763384483.json"
"581513","221281","2025-12-11","36.00","NZD","1763384483","23477/2025-12-11/1763384483.json"
"581514","221282","2025-12-11","36.00","NZD","1763384483","23477/2025-12-11/1763384483.json"
"512557","146154","2025-12-11","45.00","NZD","1763384483","23477/2025-12-11/1763384483.json"
"365170","146153","2025-12-11","48.00","NZD","1763384483","23477/2025-12-11/1763384483.json"
"510807","146155","2025-12-11","52.00","NZD","1763384483","23477/2025-12-11/1763384483.json"
"581513","221281","2025-12-12","36.00","NZD","1763384483","23477/2025-12-12/1763384483.json"
"581514","221282","2025-12-12","36.00","NZD","1763384483","23477/2025-12-12/1763384483.json"
"512557","146154","2025-12-12","45.00","NZD","1763384483","23477/2025-12-12/1763384483.json"
"365170","146153","2025-12-12","48.00","NZD","1763384483","23477/2025-12-12/1763384483.json"
"510807","146155","2025-12-12","52.00","NZD","1763384483","23477/2025-12-12/1763384483.json"
"581513","221281","2025-12-13","36.00","NZD","1763384483","23477/2025-12-13/1763384483.json"
"581514","221282","2025-12-13","36.00","NZD","1763384483","23477/2025-12-13/1763384483.json"
"512557","146154","2025-12-13","45.00","NZD","1763384483","23477/2025-12-13/1763384483.json"
"365170","146153","2025-12-13","48.00","NZD","1763384483","23477/2025-12-13/1763384483.json"
"510807","146155","2025-12-13","52.00","NZD","1763384483","23477/2025-12-13/1763384483.json"
"581513","221281","2025-12-10","36.00","NZD","1763384483","23477/2025-12-10/1763384483.json"
"581514","221282","2025-12-10","36.00","NZD","1763384483","23477/2025-12-10/1763384483.json"
"512557","146154","2025-12-10","45.00","NZD","1763384483","23477/2025-12-10/1763384483.json"
"365170","146153","2025-12-10","48.00","NZD","1763384483","23477/2025-12-10/1763384483.json"
"510807","146155","2025-12-10","52.00","NZD","1763384483","23477/2025-12-10/1763384483.json"
"581513","221281","2025-12-14","36.00","NZD","1763384483","23477/2025-12-14/1763384483.json"
"581514","221282","2025-12-14","36.00","NZD","1763384483","23477/2025-12-14/1763384483.json"
"512557","146154","2025-12-14","45.00","NZD","1763384483","23477/2025-12-14/1763384483.json"
"365170","146153","2025-12-14","48.00","NZD","1763384483","23477/2025-12-14/1763384483.json"
"510807","146155","2025-12-14","52.00","NZD","1763384483","23477/2025-12-14/1763384483.json"
"581513","221281","2025-12-15","36.00","NZD","1763384483","23477/2025-12-15/1763384483.json"
"581514","221282","2025-12-15","36.00","NZD","1763384483","23477/2025-12-15/1763384483.json"
"512557","146154","2025-12-15","45.00","NZD","1763384483","23477/2025-12-15/1763384483.json"
"365170","146153","2025-12-15","48.00","NZD","1763384483","23477/2025-12-15/1763384483.json"
"510807","146155","2025-12-15","52.00","NZD","1763384483","23477/2025-12-15/1763384483.json"
"581513","221281","2025-12-17","36.00","NZD","1763384483","23477/2025-12-17/1763384483.json"
"581514","221282","2025-12-17","36.00","NZD","1763384483","23477/2025-12-17/1763384483.json"
"512557","146154","2025-12-17","45.00","NZD","1763384483","23477/2025-12-17/1763384483.json"
"365170","146153","2025-12-17","48.00","NZD","1763384483","23477/2025-12-17/1763384483.json"
"510807","146155","2025-12-17","52.00","NZD","1763384483","23477/2025-12-17/1763384483.json"
"581513","221281","2025-12-16","36.00","NZD","1763384483","23477/2025-12-16/1763384483.json"
"581514","221282","2025-12-16","36.00","NZD","1763384483","23477/2025-12-16/1763384483.json"
"512557","146154","2025-12-16","45.00","NZD","1763384483","23477/2025-12-16/1763384483.json"
"365170","146153","2025-12-16","48.00","NZD","1763384483","23477/2025-12-16/1763384483.json"
"510807","146155","2025-12-16","52.00","NZD","1763384483","23477/2025-12-16/1763384483.json"
"581513","221281","2025-12-18","36.00","NZD","1763384483","23477/2025-12-18/1763384483.json"
"581514","221282","2025-12-18","36.00","NZD","1763384483","23477/2025-12-18/1763384483.json"
"512557","146154","2025-12-18","45.00","NZD","1763384483","23477/2025-12-18/1763384483.json"
"365170","146153","2025-12-18","48.00","NZD","1763384483","23477/2025-12-18/1763384483.json"
"510807","146155","2025-12-18","52.00","NZD","1763384483","23477/2025-12-18/1763384483.json"
"581513","221281","2025-12-19","36.00","NZD","1763384483","23477/2025-12-19/1763384483.json"
"581514","221282","2025-12-19","36.00","NZD","1763384483","23477/2025-12-19/1763384483.json"
"512557","146154","2025-12-19","45.00","NZD","1763384483","23477/2025-12-19/1763384483.json"
"365170","146153","2025-12-19","48.00","NZD","1763384483","23477/2025-12-19/1763384483.json"
"510807","146155","2025-12-19","52.00","NZD","1763384483","23477/2025-12-19/1763384483.json"
"581513","221281","2025-12-20","36.00","NZD","1763384483","23477/2025-12-20/1763384483.json"
"581514","221282","2025-12-20","36.00","NZD","1763384483","23477/2025-12-20/1763384483.json"
"512557","146154","2025-12-20","45.00","NZD","1763384483","23477/2025-12-20/1763384483.json"
"365170","146153","2025-12-20","48.00","NZD","1763384483","23477/2025-12-20/1763384483.json"
"510807","146155","2025-12-20","52.00","NZD","1763384483","23477/2025-12-20/1763384483.json"
"581513","221281","2025-12-22","36.00","NZD","1763384483","23477/2025-12-22/1763384483.json"
"581514","221282","2025-12-22","36.00","NZD","1763384483","23477/2025-12-22/1763384483.json"
"512557","146154","2025-12-22","45.00","NZD","1763384483","23477/2025-12-22/1763384483.json"
"365170","146153","2025-12-22","48.00","NZD","1763384483","23477/2025-12-22/1763384483.json"
"510807","146155","2025-12-22","52.00","NZD","1763384483","23477/2025-12-22/1763384483.json"
"581513","221281","2025-12-21","36.00","NZD","1763384483","23477/2025-12-21/1763384483.json"
"581514","221282","2025-12-21","36.00","NZD","1763384483","23477/2025-12-21/1763384483.json"
"512557","146154","2025-12-21","45.00","NZD","1763384483","23477/2025-12-21/1763384483.json"
"365170","146153","2025-12-21","48.00","NZD","1763384483","23477/2025-12-21/1763384483.json"
"510807","146155","2025-12-21","52.00","NZD","1763384483","23477/2025-12-21/1763384483.json"
"581513","221281","2025-12-24","38.00","NZD","1763384483","23477/2025-12-24/1763384483.json"
"581514","221282","2025-12-24","38.00","NZD","1763384483","23477/2025-12-24/1763384483.json"
"512557","146154","2025-12-24","45.00","NZD","1763384483","23477/2025-12-24/1763384483.json"
"365170","146153","2025-12-24","48.00","NZD","1763384483","23477/2025-12-24/1763384483.json"
"510807","146155","2025-12-24","52.00","NZD","1763384483","23477/2025-12-24/1763384483.json"
"581513","221281","2025-12-23","38.00","NZD","1763384483","23477/2025-12-23/1763384483.json"
"581514","221282","2025-12-23","38.00","NZD","1763384483","23477/2025-12-23/1763384483.json"
"512557","146154","2025-12-23","45.00","NZD","1763384483","23477/2025-12-23/1763384483.json"
"365170","146153","2025-12-23","48.00","NZD","1763384483","23477/2025-12-23/1763384483.json"
"510807","146155","2025-12-23","52.00","NZD","1763384483","23477/2025-12-23/1763384483.json"
"581513","221281","2025-12-25","38.00","NZD","1763384483","23477/2025-12-25/1763384483.json"
"581514","221282","2025-12-25","38.00","NZD","1763384483","23477/2025-12-25/1763384483.json"
"512557","146154","2025-12-25","45.00","NZD","1763384483","23477/2025-12-25/1763384483.json"
"365170","146153","2025-12-25","48.00","NZD","1763384483","23477/2025-12-25/1763384483.json"
"510807","146155","2025-12-25","52.00","NZD","1763384483","23477/2025-12-25/1763384483.json"
"581513","221281","2025-12-26","42.00","NZD","1763384483","23477/2025-12-26/1763384483.json"
"581514","221282","2025-12-26","42.00","NZD","1763384483","23477/2025-12-26/1763384483.json"
"512557","146154","2025-12-26","45.00","NZD","1763384483","23477/2025-12-26/1763384483.json"
"365170","146153","2025-12-26","48.00","NZD","1763384483","23477/2025-12-26/1763384483.json"
"510807","146155","2025-12-26","52.00","NZD","1763384483","23477/2025-12-26/1763384483.json"
"581513","221281","2025-12-27","42.00","NZD","1763384483","23477/2025-12-27/1763384483.json"
"581514","221282","2025-12-27","42.00","NZD","1763384483","23477/2025-12-27/1763384483.json"
"512557","146154","2025-12-27","45.00","NZD","1763384483","23477/2025-12-27/1763384483.json"
"365170","146153","2025-12-27","48.00","NZD","1763384483","23477/2025-12-27/1763384483.json"
"510807","146155","2025-12-27","52.00","NZD","1763384483","23477/2025-12-27/1763384483.json"
"581513","221281","2025-12-28","42.00","NZD","1763384483","23477/2025-12-28/1763384483.json"
"581514","221282","2025-12-28","42.00","NZD","1763384483","23477/2025-12-28/1763384483.json"
"512557","146154","2025-12-28","45.00","NZD","1763384483","23477/2025-12-28/1763384483.json"
"365170","146153","2025-12-28","48.00","NZD","1763384483","23477/2025-12-28/1763384483.json"
"510807","146155","2025-12-28","52.00","NZD","1763384483","23477/2025-12-28/1763384483.json"
"581513","221281","2025-12-30","42.00","NZD","1763384483","23477/2025-12-30/1763384483.json"
"581514","221282","2025-12-30","42.00","NZD","1763384483","23477/2025-12-30/1763384483.json"
"512557","146154","2025-12-30","45.00","NZD","1763384483","23477/2025-12-30/1763384483.json"
"365170","146153","2025-12-30","48.00","NZD","1763384483","23477/2025-12-30/1763384483.json"
"510807","146155","2025-12-30","52.00","NZD","1763384483","23477/2025-12-30/1763384483.json"
"581513","221281","2025-12-31","42.00","NZD","1763384483","23477/2025-12-31/1763384483.json"
"581513","221281","2026-01-01","42.00","NZD","1763384483","23477/2026-01-01/1763384483.json"
"581514","221282","2025-12-31","42.00","NZD","1763384483","23477/2025-12-31/1763384483.json"
"581514","221282","2026-01-01","42.00","NZD","1763384483","23477/2026-01-01/1763384483.json"
"512557","146154","2026-01-01","45.00","NZD","1763384483","23477/2026-01-01/1763384483.json"
"512557","146154","2025-12-31","45.00","NZD","1763384483","23477/2025-12-31/1763384483.json"
"365170","146153","2026-01-01","48.00","NZD","1763384483","23477/2026-01-01/1763384483.json"
"510807","146155","2026-01-01","52.00","NZD","1763384483","23477/2026-01-01/1763384483.json"
"365170","146153","2025-12-31","48.00","NZD","1763384483","23477/2025-12-31/1763384483.json"
"510807","146155","2025-12-31","52.00","NZD","1763384483","23477/2025-12-31/1763384483.json"
"581513","221281","2025-12-29","42.00","NZD","1763384483","23477/2025-12-29/1763384483.json"
"581514","221282","2025-12-29","42.00","NZD","1763384483","23477/2025-12-29/1763384483.json"
"512557","146154","2025-12-29","45.00","NZD","1763384483","23477/2025-12-29/1763384483.json"
"365170","146153","2025-12-29","48.00","NZD","1763384483","23477/2025-12-29/1763384483.json"
"510807","146155","2025-12-29","52.00","NZD","1763384483","23477/2025-12-29/1763384483.json"
"581513","221281","2026-01-02","42.00","NZD","1763384483","23477/2026-01-02/1763384483.json"
"581514","221282","2026-01-02","42.00","NZD","1763384483","23477/2026-01-02/1763384483.json"
"512557","146154","2026-01-02","45.00","NZD","1763384483","23477/2026-01-02/1763384483.json"
"365170","146153","2026-01-02","48.00","NZD","1763384483","23477/2026-01-02/1763384483.json"
"510807","146155","2026-01-02","52.00","NZD","1763384483","23477/2026-01-02/1763384483.json"
"581513","221281","2026-01-04","42.00","NZD","1763384483","23477/2026-01-04/1763384483.json"
"581514","221282","2026-01-04","42.00","NZD","1763384483","23477/2026-01-04/1763384483.json"
"512557","146154","2026-01-04","45.00","NZD","1763384483","23477/2026-01-04/1763384483.json"
"365170","146153","2026-01-04","48.00","NZD","1763384483","23477/2026-01-04/1763384483.json"
"510807","146155","2026-01-04","52.00","NZD","1763384483","23477/2026-01-04/1763384483.json"
"581513","221281","2026-01-05","36.00","NZD","1763384483","23477/2026-01-05/1763384483.json"
"581514","221282","2026-01-05","36.00","NZD","1763384483","23477/2026-01-05/1763384483.json"
"512557","146154","2026-01-05","45.00","NZD","1763384483","23477/2026-01-05/1763384483.json"
"365170","146153","2026-01-05","48.00","NZD","1763384483","23477/2026-01-05/1763384483.json"
"510807","146155","2026-01-05","52.00","NZD","1763384483","23477/2026-01-05/1763384483.json"
"581513","221281","2026-01-03","42.00","NZD","1763384483","23477/2026-01-03/1763384483.json"
"581514","221282","2026-01-03","42.00","NZD","1763384483","23477/2026-01-03/1763384483.json"
"512557","146154","2026-01-03","45.00","NZD","1763384483","23477/2026-01-03/1763384483.json"
"365170","146153","2026-01-03","48.00","NZD","1763384483","23477/2026-01-03/1763384483.json"
"510807","146155","2026-01-03","52.00","NZD","1763384483","23477/2026-01-03/1763384483.json"
"581513","221281","2026-01-06","36.00","NZD","1763384483","23477/2026-01-06/1763384483.json"
"581514","221282","2026-01-06","36.00","NZD","1763384483","23477/2026-01-06/1763384483.json"
"512557","146154","2026-01-06","45.00","NZD","1763384483","23477/2026-01-06/1763384483.json"
"365170","146153","2026-01-06","48.00","NZD","1763384483","23477/2026-01-06/1763384483.json"
"510807","146155","2026-01-06","52.00","NZD","1763384483","23477/2026-01-06/1763384483.json"
"581513","221281","2026-01-08","36.00","NZD","1763384483","23477/2026-01-08/1763384483.json"
"581514","221282","2026-01-08","36.00","NZD","1763384483","23477/2026-01-08/1763384483.json"
"512557","146154","2026-01-08","45.00","NZD","1763384483","23477/2026-01-08/1763384483.json"
"365170","146153","2026-01-08","48.00","NZD","1763384483","23477/2026-01-08/1763384483.json"
"510807","146155","2026-01-08","52.00","NZD","1763384483","23477/2026-01-08/1763384483.json"
"581513","221281","2026-01-07","36.00","NZD","1763384483","23477/2026-01-07/1763384483.json"
"581514","221282","2026-01-07","36.00","NZD","1763384483","23477/2026-01-07/1763384483.json"
"512557","146154","2026-01-07","45.00","NZD","1763384483","23477/2026-01-07/1763384483.json"
"365170","146153","2026-01-07","48.00","NZD","1763384483","23477/2026-01-07/1763384483.json"
"510807","146155","2026-01-07","52.00","NZD","1763384483","23477/2026-01-07/1763384483.json"
"581513","221281","2026-01-09","36.00","NZD","1763384483","23477/2026-01-09/1763384483.json"
"581514","221282","2026-01-09","36.00","NZD","1763384483","23477/2026-01-09/1763384483.json"
"512557","146154","2026-01-09","45.00","NZD","1763384483","23477/2026-01-09/1763384483.json"
"365170","146153","2026-01-09","48.00","NZD","1763384483","23477/2026-01-09/1763384483.json"
"510807","146155","2026-01-09","52.00","NZD","1763384483","23477/2026-01-09/1763384483.json"
"581513","221281","2026-01-10","36.00","NZD","1763384483","23477/2026-01-10/1763384483.json"
"581514","221282","2026-01-10","36.00","NZD","1763384483","23477/2026-01-10/1763384483.json"
"512557","146154","2026-01-10","45.00","NZD","1763384483","23477/2026-01-10/1763384483.json"
"365170","146153","2026-01-10","48.00","NZD","1763384483","23477/2026-01-10/1763384483.json"
"510807","146155","2026-01-10","52.00","NZD","1763384483","23477/2026-01-10/1763384483.json"
"581513","221281","2026-01-11","36.00","NZD","1763384483","23477/2026-01-11/1763384483.json"
"581514","221282","2026-01-11","36.00","NZD","1763384483","23477/2026-01-11/1763384483.json"
"512557","146154","2026-01-11","45.00","NZD","1763384483","23477/2026-01-11/1763384483.json"
"365170","146153","2026-01-11","48.00","NZD","1763384483","23477/2026-01-11/1763384483.json"
"510807","146155","2026-01-11","52.00","NZD","1763384483","23477/2026-01-11/1763384483.json"
"581513","221281","2026-01-12","36.00","NZD","1763384483","23477/2026-01-12/1763384483.json"
"581514","221282","2026-01-12","36.00","NZD","1763384483","23477/2026-01-12/1763384483.json"
"512557","146154","2026-01-12","45.00","NZD","1763384483","23477/2026-01-12/1763384483.json"
"365170","146153","2026-01-12","48.00","NZD","1763384483","23477/2026-01-12/1763384483.json"
"510807","146155","2026-01-12","52.00","NZD","1763384483","23477/2026-01-12/1763384483.json"
"581513","221281","2026-01-13","36.00","NZD","1763384483","23477/2026-01-13/1763384483.json"
"581514","221282","2026-01-13","36.00","NZD","1763384483","23477/2026-01-13/1763384483.json"
"512557","146154","2026-01-13","45.00","NZD","1763384483","23477/2026-01-13/1763384483.json"
"365170","146153","2026-01-13","48.00","NZD","1763384483","23477/2026-01-13/1763384483.json"
"510807","146155","2026-01-13","52.00","NZD","1763384483","23477/2026-01-13/1763384483.json"
"581513","221281","2026-01-14","36.00","NZD","1763384483","23477/2026-01-14/1763384483.json"
"581514","221282","2026-01-14","36.00","NZD","1763384483","23477/2026-01-14/1763384483.json"
"512557","146154","2026-01-14","45.00","NZD","1763384483","23477/2026-01-14/1763384483.json"
"365170","146153","2026-01-14","48.00","NZD","1763384483","23477/2026-01-14/1763384483.json"
"510807","146155","2026-01-14","52.00","NZD","1763384483","23477/2026-01-14/1763384483.json"
"581513","221281","2026-01-15","36.00","NZD","1763384483","23477/2026-01-15/1763384483.json"
"581514","221282","2026-01-15","36.00","NZD","1763384483","23477/2026-01-15/1763384483.json"
"512557","146154","2026-01-15","45.00","NZD","1763384483","23477/2026-01-15/1763384483.json"
"365170","146153","2026-01-15","48.00","NZD","1763384483","23477/2026-01-15/1763384483.json"
"510807","146155","2026-01-15","52.00","NZD","1763384483","23477/2026-01-15/1763384483.json"
"581513","221281","2026-01-16","36.00","NZD","1763384483","23477/2026-01-16/1763384483.json"
"581514","221282","2026-01-16","36.00","NZD","1763384483","23477/2026-01-16/1763384483.json"
"512557","146154","2026-01-16","45.00","NZD","1763384483","23477/2026-01-16/1763384483.json"
"365170","146153","2026-01-16","48.00","NZD","1763384483","23477/2026-01-16/1763384483.json"
"510807","146155","2026-01-16","52.00","NZD","1763384483","23477/2026-01-16/1763384483.json"
"581513","221281","2025-11-19","36.00","NZD","1763397956","23477/2025-11-19/1763397956.json"
"581514","221282","2025-11-19","36.00","NZD","1763397956","23477/2025-11-19/1763397956.json"
"512557","146154","2025-11-19","45.00","NZD","1763397956","23477/2025-11-19/1763397956.json"
"365170","146153","2025-11-19","48.00","NZD","1763397956","23477/2025-11-19/1763397956.json"
"510807","146155","2025-11-19","52.00","NZD","1763397956","23477/2025-11-19/1763397956.json"
"581513","221281","2025-11-18","36.00","NZD","1763397956","23477/2025-11-18/1763397956.json"
"581514","221282","2025-11-18","36.00","NZD","1763397956","23477/2025-11-18/1763397956.json"
"512557","146154","2025-11-18","45.00","NZD","1763397956","23477/2025-11-18/1763397956.json"
"365170","146153","2025-11-18","48.00","NZD","1763397956","23477/2025-11-18/1763397956.json"
"510807","146155","2025-11-18","52.00","NZD","1763397956","23477/2025-11-18/1763397956.json"
"581513","221281","2025-11-21","36.00","NZD","1763397956","23477/2025-11-21/1763397956.json"
"581514","221282","2025-11-21","36.00","NZD","1763397956","23477/2025-11-21/1763397956.json"
"512557","146154","2025-11-21","45.00","NZD","1763397956","23477/2025-11-21/1763397956.json"
"365170","146153","2025-11-21","48.00","NZD","1763397956","23477/2025-11-21/1763397956.json"
"510807","146155","2025-11-21","52.00","NZD","1763397956","23477/2025-11-21/1763397956.json"
"581513","221281","2025-11-22","36.00","NZD","1763397956","23477/2025-11-22/1763397956.json"
"581514","221282","2025-11-22","36.00","NZD","1763397956","23477/2025-11-22/1763397956.json"
"512557","146154","2025-11-22","45.00","NZD","1763397956","23477/2025-11-22/1763397956.json"
"365170","146153","2025-11-22","48.00","NZD","1763397956","23477/2025-11-22/1763397956.json"
"510807","146155","2025-11-22","52.00","NZD","1763397956","23477/2025-11-22/1763397956.json"
"581513","221281","2025-11-23","36.00","NZD","1763397956","23477/2025-11-23/1763397956.json"
"581514","221282","2025-11-23","36.00","NZD","1763397956","23477/2025-11-23/1763397956.json"
"512557","146154","2025-11-23","45.00","NZD","1763397956","23477/2025-11-23/1763397956.json"
"365170","146153","2025-11-23","48.00","NZD","1763397956","23477/2025-11-23/1763397956.json"
"510807","146155","2025-11-23","52.00","NZD","1763397956","23477/2025-11-23/1763397956.json"
"581513","221281","2025-11-20","36.00","NZD","1763397956","23477/2025-11-20/1763397956.json"
"581514","221282","2025-11-20","36.00","NZD","1763397956","23477/2025-11-20/1763397956.json"
"512557","146154","2025-11-20","45.00","NZD","1763397956","23477/2025-11-20/1763397956.json"
"365170","146153","2025-11-20","48.00","NZD","1763397956","23477/2025-11-20/1763397956.json"
"510807","146155","2025-11-20","52.00","NZD","1763397956","23477/2025-11-20/1763397956.json"
"581513","221281","2025-11-24","36.00","NZD","1763397956","23477/2025-11-24/1763397956.json"
"581514","221282","2025-11-24","36.00","NZD","1763397956","23477/2025-11-24/1763397956.json"
"512557","146154","2025-11-24","45.00","NZD","1763397956","23477/2025-11-24/1763397956.json"
"365170","146153","2025-11-24","48.00","NZD","1763397956","23477/2025-11-24/1763397956.json"
"510807","146155","2025-11-24","52.00","NZD","1763397956","23477/2025-11-24/1763397956.json"
"581513","221281","2025-11-25","36.00","NZD","1763397956","23477/2025-11-25/1763397956.json"
"581514","221282","2025-11-25","36.00","NZD","1763397956","23477/2025-11-25/1763397956.json"
"512557","146154","2025-11-25","45.00","NZD","1763397956","23477/2025-11-25/1763397956.json"
"365170","146153","2025-11-25","48.00","NZD","1763397956","23477/2025-11-25/1763397956.json"
"510807","146155","2025-11-25","52.00","NZD","1763397956","23477/2025-11-25/1763397956.json"
"581513","221281","2025-11-27","36.00","NZD","1763397956","23477/2025-11-27/1763397956.json"
"581514","221282","2025-11-27","36.00","NZD","1763397956","23477/2025-11-27/1763397956.json"
"512557","146154","2025-11-27","45.00","NZD","1763397956","23477/2025-11-27/1763397956.json"
"365170","146153","2025-11-27","48.00","NZD","1763397956","23477/2025-11-27/1763397956.json"
"510807","146155","2025-11-27","52.00","NZD","1763397956","23477/2025-11-27/1763397956.json"
"581513","221281","2025-11-26","36.00","NZD","1763397956","23477/2025-11-26/1763397956.json"
"581514","221282","2025-11-26","36.00","NZD","1763397956","23477/2025-11-26/1763397956.json"
"512557","146154","2025-11-26","45.00","NZD","1763397956","23477/2025-11-26/1763397956.json"
"365170","146153","2025-11-26","48.00","NZD","1763397956","23477/2025-11-26/1763397956.json"
"510807","146155","2025-11-26","52.00","NZD","1763397956","23477/2025-11-26/1763397956.json"
"581513","221281","2025-11-28","36.00","NZD","1763397956","23477/2025-11-28/1763397956.json"
"581514","221282","2025-11-28","36.00","NZD","1763397956","23477/2025-11-28/1763397956.json"
"512557","146154","2025-11-28","45.00","NZD","1763397956","23477/2025-11-28/1763397956.json"
"365170","146153","2025-11-28","48.00","NZD","1763397956","23477/2025-11-28/1763397956.json"
"510807","146155","2025-11-28","52.00","NZD","1763397956","23477/2025-11-28/1763397956.json"
"581513","221281","2025-11-29","36.00","NZD","1763397956","23477/2025-11-29/1763397956.json"
"581514","221282","2025-11-29","36.00","NZD","1763397956","23477/2025-11-29/1763397956.json"
"512557","146154","2025-11-29","45.00","NZD","1763397956","23477/2025-11-29/1763397956.json"
"365170","146153","2025-11-29","48.00","NZD","1763397956","23477/2025-11-29/1763397956.json"
"510807","146155","2025-11-29","52.00","NZD","1763397956","23477/2025-11-29/1763397956.json"
"581513","221281","2025-11-30","36.00","NZD","1763397956","23477/2025-11-30/1763397956.json"
"581514","221282","2025-11-30","36.00","NZD","1763397956","23477/2025-11-30/1763397956.json"
"512557","146154","2025-11-30","45.00","NZD","1763397956","23477/2025-11-30/1763397956.json"
"365170","146153","2025-11-30","48.00","NZD","1763397956","23477/2025-11-30/1763397956.json"
"510807","146155","2025-11-30","52.00","NZD","1763397956","23477/2025-11-30/1763397956.json"
"581513","221281","2025-12-01","36.00","NZD","1763397956","23477/2025-12-01/1763397956.json"
"581514","221282","2025-12-01","36.00","NZD","1763397956","23477/2025-12-01/1763397956.json"
"512557","146154","2025-12-01","45.00","NZD","1763397956","23477/2025-12-01/1763397956.json"
"365170","146153","2025-12-01","48.00","NZD","1763397956","23477/2025-12-01/1763397956.json"
"510807","146155","2025-12-01","52.00","NZD","1763397956","23477/2025-12-01/1763397956.json"
"581513","221281","2025-12-02","36.00","NZD","1763397956","23477/2025-12-02/1763397956.json"
"581514","221282","2025-12-02","36.00","NZD","1763397956","23477/2025-12-02/1763397956.json"
"512557","146154","2025-12-02","45.00","NZD","1763397956","23477/2025-12-02/1763397956.json"
"365170","146153","2025-12-02","48.00","NZD","1763397956","23477/2025-12-02/1763397956.json"
"510807","146155","2025-12-02","52.00","NZD","1763397956","23477/2025-12-02/1763397956.json"
"581513","221281","2025-12-03","36.00","NZD","1763397956","23477/2025-12-03/1763397956.json"
"581514","221282","2025-12-03","36.00","NZD","1763397956","23477/2025-12-03/1763397956.json"
"512557","146154","2025-12-03","45.00","NZD","1763397956","23477/2025-12-03/1763397956.json"
"365170","146153","2025-12-03","48.00","NZD","1763397956","23477/2025-12-03/1763397956.json"
"510807","146155","2025-12-03","52.00","NZD","1763397956","23477/2025-12-03/1763397956.json"
"581513","221281","2025-12-05","36.00","NZD","1763397956","23477/2025-12-05/1763397956.json"
"581514","221282","2025-12-05","36.00","NZD","1763397956","23477/2025-12-05/1763397956.json"
"512557","146154","2025-12-05","45.00","NZD","1763397956","23477/2025-12-05/1763397956.json"
"365170","146153","2025-12-05","48.00","NZD","1763397956","23477/2025-12-05/1763397956.json"
"510807","146155","2025-12-05","52.00","NZD","1763397956","23477/2025-12-05/1763397956.json"
"581513","221281","2025-12-04","36.00","NZD","1763397956","23477/2025-12-04/1763397956.json"
"581514","221282","2025-12-04","36.00","NZD","1763397956","23477/2025-12-04/1763397956.json"
"512557","146154","2025-12-04","45.00","NZD","1763397956","23477/2025-12-04/1763397956.json"
"365170","146153","2025-12-04","48.00","NZD","1763397956","23477/2025-12-04/1763397956.json"
"510807","146155","2025-12-04","52.00","NZD","1763397956","23477/2025-12-04/1763397956.json"
"581513","221281","2025-12-07","36.00","NZD","1763397956","23477/2025-12-07/1763397956.json"
"581514","221282","2025-12-07","36.00","NZD","1763397956","23477/2025-12-07/1763397956.json"
"512557","146154","2025-12-07","45.00","NZD","1763397956","23477/2025-12-07/1763397956.json"
"365170","146153","2025-12-07","48.00","NZD","1763397956","23477/2025-12-07/1763397956.json"
"510807","146155","2025-12-07","52.00","NZD","1763397956","23477/2025-12-07/1763397956.json"
"581513","221281","2025-12-06","36.00","NZD","1763397956","23477/2025-12-06/1763397956.json"
"581514","221282","2025-12-06","36.00","NZD","1763397956","23477/2025-12-06/1763397956.json"
"512557","146154","2025-12-06","45.00","NZD","1763397956","23477/2025-12-06/1763397956.json"
"365170","146153","2025-12-06","48.00","NZD","1763397956","23477/2025-12-06/1763397956.json"
"510807","146155","2025-12-06","52.00","NZD","1763397956","23477/2025-12-06/1763397956.json"
"581513","221281","2025-12-08","36.00","NZD","1763397956","23477/2025-12-08/1763397956.json"
"581514","221282","2025-12-08","36.00","NZD","1763397956","23477/2025-12-08/1763397956.json"
"512557","146154","2025-12-08","45.00","NZD","1763397956","23477/2025-12-08/1763397956.json"
"365170","146153","2025-12-08","48.00","NZD","1763397956","23477/2025-12-08/1763397956.json"
"510807","146155","2025-12-08","52.00","NZD","1763397956","23477/2025-12-08/1763397956.json"
"581513","221281","2025-12-09","36.00","NZD","1763397956","23477/2025-12-09/1763397956.json"
"581514","221282","2025-12-09","36.00","NZD","1763397956","23477/2025-12-09/1763397956.json"
"512557","146154","2025-12-09","45.00","NZD","1763397956","23477/2025-12-09/1763397956.json"
"365170","146153","2025-12-09","48.00","NZD","1763397956","23477/2025-12-09/1763397956.json"
"510807","146155","2025-12-09","52.00","NZD","1763397956","23477/2025-12-09/1763397956.json"
"581513","221281","2025-12-10","36.00","NZD","1763397956","23477/2025-12-10/1763397956.json"
"581514","221282","2025-12-10","36.00","NZD","1763397956","23477/2025-12-10/1763397956.json"
"512557","146154","2025-12-10","45.00","NZD","1763397956","23477/2025-12-10/1763397956.json"
"365170","146153","2025-12-10","48.00","NZD","1763397956","23477/2025-12-10/1763397956.json"
"510807","146155","2025-12-10","52.00","NZD","1763397956","23477/2025-12-10/1763397956.json"
"581513","221281","2025-12-13","36.00","NZD","1763397956","23477/2025-12-13/1763397956.json"
"581514","221282","2025-12-13","36.00","NZD","1763397956","23477/2025-12-13/1763397956.json"
"512557","146154","2025-12-13","45.00","NZD","1763397956","23477/2025-12-13/1763397956.json"
"365170","146153","2025-12-13","48.00","NZD","1763397956","23477/2025-12-13/1763397956.json"
"510807","146155","2025-12-13","52.00","NZD","1763397956","23477/2025-12-13/1763397956.json"
"581513","221281","2025-12-11","36.00","NZD","1763397956","23477/2025-12-11/1763397956.json"
"581514","221282","2025-12-11","36.00","NZD","1763397956","23477/2025-12-11/1763397956.json"
"512557","146154","2025-12-11","45.00","NZD","1763397956","23477/2025-12-11/1763397956.json"
"365170","146153","2025-12-11","48.00","NZD","1763397956","23477/2025-12-11/1763397956.json"
"510807","146155","2025-12-11","52.00","NZD","1763397956","23477/2025-12-11/1763397956.json"
"581513","221281","2025-12-14","36.00","NZD","1763397956","23477/2025-12-14/1763397956.json"
"581514","221282","2025-12-14","36.00","NZD","1763397956","23477/2025-12-14/1763397956.json"
"512557","146154","2025-12-14","45.00","NZD","1763397956","23477/2025-12-14/1763397956.json"
"365170","146153","2025-12-14","48.00","NZD","1763397956","23477/2025-12-14/1763397956.json"
"510807","146155","2025-12-14","52.00","NZD","1763397956","23477/2025-12-14/1763397956.json"
"581513","221281","2025-12-15","36.00","NZD","1763397956","23477/2025-12-15/1763397956.json"
"581514","221282","2025-12-15","36.00","NZD","1763397956","23477/2025-12-15/1763397956.json"
"512557","146154","2025-12-15","45.00","NZD","1763397956","23477/2025-12-15/1763397956.json"
"365170","146153","2025-12-15","48.00","NZD","1763397956","23477/2025-12-15/1763397956.json"
"510807","146155","2025-12-15","52.00","NZD","1763397956","23477/2025-12-15/1763397956.json"
"581513","221281","2025-12-16","36.00","NZD","1763397956","23477/2025-12-16/1763397956.json"
"581514","221282","2025-12-16","36.00","NZD","1763397956","23477/2025-12-16/1763397956.json"
"512557","146154","2025-12-16","45.00","NZD","1763397956","23477/2025-12-16/1763397956.json"
"365170","146153","2025-12-16","48.00","NZD","1763397956","23477/2025-12-16/1763397956.json"
"510807","146155","2025-12-16","52.00","NZD","1763397956","23477/2025-12-16/1763397956.json"
"581513","221281","2025-12-17","36.00","NZD","1763397956","23477/2025-12-17/1763397956.json"
"581514","221282","2025-12-17","36.00","NZD","1763397956","23477/2025-12-17/1763397956.json"
"512557","146154","2025-12-17","45.00","NZD","1763397956","23477/2025-12-17/1763397956.json"
"365170","146153","2025-12-17","48.00","NZD","1763397956","23477/2025-12-17/1763397956.json"
"510807","146155","2025-12-17","52.00","NZD","1763397956","23477/2025-12-17/1763397956.json"
"581513","221281","2025-12-18","36.00","NZD","1763397956","23477/2025-12-18/1763397956.json"
"581514","221282","2025-12-18","36.00","NZD","1763397956","23477/2025-12-18/1763397956.json"
"512557","146154","2025-12-18","45.00","NZD","1763397956","23477/2025-12-18/1763397956.json"
"365170","146153","2025-12-18","48.00","NZD","1763397956","23477/2025-12-18/1763397956.json"
"510807","146155","2025-12-18","52.00","NZD","1763397956","23477/2025-12-18/1763397956.json"
"581513","221281","2025-12-12","36.00","NZD","1763397956","23477/2025-12-12/1763397956.json"
"581514","221282","2025-12-12","36.00","NZD","1763397956","23477/2025-12-12/1763397956.json"
"512557","146154","2025-12-12","45.00","NZD","1763397956","23477/2025-12-12/1763397956.json"
"365170","146153","2025-12-12","48.00","NZD","1763397956","23477/2025-12-12/1763397956.json"
"510807","146155","2025-12-12","52.00","NZD","1763397956","23477/2025-12-12/1763397956.json"
"581513","221281","2025-12-19","36.00","NZD","1763397956","23477/2025-12-19/1763397956.json"
"581514","221282","2025-12-19","36.00","NZD","1763397956","23477/2025-12-19/1763397956.json"
"512557","146154","2025-12-19","45.00","NZD","1763397956","23477/2025-12-19/1763397956.json"
"365170","146153","2025-12-19","48.00","NZD","1763397956","23477/2025-12-19/1763397956.json"
"510807","146155","2025-12-19","52.00","NZD","1763397956","23477/2025-12-19/1763397956.json"
"581513","221281","2025-12-20","36.00","NZD","1763397956","23477/2025-12-20/1763397956.json"
"581514","221282","2025-12-20","36.00","NZD","1763397956","23477/2025-12-20/1763397956.json"
"512557","146154","2025-12-20","45.00","NZD","1763397956","23477/2025-12-20/1763397956.json"
"365170","146153","2025-12-20","48.00","NZD","1763397956","23477/2025-12-20/1763397956.json"
"510807","146155","2025-12-20","52.00","NZD","1763397956","23477/2025-12-20/1763397956.json"
"581513","221281","2025-12-22","36.00","NZD","1763397956","23477/2025-12-22/1763397956.json"
"581514","221282","2025-12-22","36.00","NZD","1763397956","23477/2025-12-22/1763397956.json"
"512557","146154","2025-12-22","45.00","NZD","1763397956","23477/2025-12-22/1763397956.json"
"365170","146153","2025-12-22","48.00","NZD","1763397956","23477/2025-12-22/1763397956.json"
"510807","146155","2025-12-22","52.00","NZD","1763397956","23477/2025-12-22/1763397956.json"
"581513","221281","2025-12-21","36.00","NZD","1763397956","23477/2025-12-21/1763397956.json"
"581514","221282","2025-12-21","36.00","NZD","1763397956","23477/2025-12-21/1763397956.json"
"512557","146154","2025-12-21","45.00","NZD","1763397956","23477/2025-12-21/1763397956.json"
"365170","146153","2025-12-21","48.00","NZD","1763397956","23477/2025-12-21/1763397956.json"
"510807","146155","2025-12-21","52.00","NZD","1763397956","23477/2025-12-21/1763397956.json"
"581513","221281","2025-12-23","38.00","NZD","1763397956","23477/2025-12-23/1763397956.json"
"581514","221282","2025-12-23","38.00","NZD","1763397956","23477/2025-12-23/1763397956.json"
"512557","146154","2025-12-23","45.00","NZD","1763397956","23477/2025-12-23/1763397956.json"
"365170","146153","2025-12-23","48.00","NZD","1763397956","23477/2025-12-23/1763397956.json"
"510807","146155","2025-12-23","52.00","NZD","1763397956","23477/2025-12-23/1763397956.json"
"581513","221281","2025-12-24","38.00","NZD","1763397956","23477/2025-12-24/1763397956.json"
"581514","221282","2025-12-24","38.00","NZD","1763397956","23477/2025-12-24/1763397956.json"
"512557","146154","2025-12-24","45.00","NZD","1763397956","23477/2025-12-24/1763397956.json"
"365170","146153","2025-12-24","48.00","NZD","1763397956","23477/2025-12-24/1763397956.json"
"510807","146155","2025-12-24","52.00","NZD","1763397956","23477/2025-12-24/1763397956.json"
"581513","221281","2025-12-25","38.00","NZD","1763397956","23477/2025-12-25/1763397956.json"
"581514","221282","2025-12-25","38.00","NZD","1763397956","23477/2025-12-25/1763397956.json"
"512557","146154","2025-12-25","45.00","NZD","1763397956","23477/2025-12-25/1763397956.json"
"365170","146153","2025-12-25","48.00","NZD","1763397956","23477/2025-12-25/1763397956.json"
"510807","146155","2025-12-25","52.00","NZD","1763397956","23477/2025-12-25/1763397956.json"
"581513","221281","2025-12-27","42.00","NZD","1763397956","23477/2025-12-27/1763397956.json"
"581514","221282","2025-12-27","42.00","NZD","1763397956","23477/2025-12-27/1763397956.json"
"512557","146154","2025-12-27","45.00","NZD","1763397956","23477/2025-12-27/1763397956.json"
"365170","146153","2025-12-27","48.00","NZD","1763397956","23477/2025-12-27/1763397956.json"
"510807","146155","2025-12-27","52.00","NZD","1763397956","23477/2025-12-27/1763397956.json"
"581513","221281","2025-12-26","42.00","NZD","1763397956","23477/2025-12-26/1763397956.json"
"581514","221282","2025-12-26","42.00","NZD","1763397956","23477/2025-12-26/1763397956.json"
"512557","146154","2025-12-26","45.00","NZD","1763397956","23477/2025-12-26/1763397956.json"
"365170","146153","2025-12-26","48.00","NZD","1763397956","23477/2025-12-26/1763397956.json"
"510807","146155","2025-12-26","52.00","NZD","1763397956","23477/2025-12-26/1763397956.json"
"581513","221281","2025-12-28","42.00","NZD","1763397956","23477/2025-12-28/1763397956.json"
"581514","221282","2025-12-28","42.00","NZD","1763397956","23477/2025-12-28/1763397956.json"
"512557","146154","2025-12-28","45.00","NZD","1763397956","23477/2025-12-28/1763397956.json"
"365170","146153","2025-12-28","48.00","NZD","1763397956","23477/2025-12-28/1763397956.json"
"510807","146155","2025-12-28","52.00","NZD","1763397956","23477/2025-12-28/1763397956.json"
"581513","221281","2025-12-29","42.00","NZD","1763397956","23477/2025-12-29/1763397956.json"
"581514","221282","2025-12-29","42.00","NZD","1763397956","23477/2025-12-29/1763397956.json"
"512557","146154","2025-12-29","45.00","NZD","1763397956","23477/2025-12-29/1763397956.json"
"365170","146153","2025-12-29","48.00","NZD","1763397956","23477/2025-12-29/1763397956.json"
"510807","146155","2025-12-29","52.00","NZD","1763397956","23477/2025-12-29/1763397956.json"
"581513","221281","2025-12-30","42.00","NZD","1763397956","23477/2025-12-30/1763397956.json"
"581514","221282","2025-12-30","42.00","NZD","1763397956","23477/2025-12-30/1763397956.json"
"512557","146154","2025-12-30","45.00","NZD","1763397956","23477/2025-12-30/1763397956.json"
"365170","146153","2025-12-30","48.00","NZD","1763397956","23477/2025-12-30/1763397956.json"
"510807","146155","2025-12-30","52.00","NZD","1763397956","23477/2025-12-30/1763397956.json"
"581513","221281","2025-12-31","42.00","NZD","1763397956","23477/2025-12-31/1763397956.json"
"581514","221282","2025-12-31","42.00","NZD","1763397956","23477/2025-12-31/1763397956.json"
"512557","146154","2025-12-31","45.00","NZD","1763397956","23477/2025-12-31/1763397956.json"
"365170","146153","2025-12-31","48.00","NZD","1763397956","23477/2025-12-31/1763397956.json"
"510807","146155","2025-12-31","52.00","NZD","1763397956","23477/2025-12-31/1763397956.json"
"581513","221281","2026-01-01","42.00","NZD","1763397956","23477/2026-01-01/1763397956.json"
"581514","221282","2026-01-01","42.00","NZD","1763397956","23477/2026-01-01/1763397956.json"
"512557","146154","2026-01-01","45.00","NZD","1763397956","23477/2026-01-01/1763397956.json"
"365170","146153","2026-01-01","48.00","NZD","1763397956","23477/2026-01-01/1763397956.json"
"510807","146155","2026-01-01","52.00","NZD","1763397956","23477/2026-01-01/1763397956.json"
"581513","221281","2026-01-03","42.00","NZD","1763397956","23477/2026-01-03/1763397956.json"
"581514","221282","2026-01-03","42.00","NZD","1763397956","23477/2026-01-03/1763397956.json"
"512557","146154","2026-01-03","45.00","NZD","1763397956","23477/2026-01-03/1763397956.json"
"365170","146153","2026-01-03","48.00","NZD","1763397956","23477/2026-01-03/1763397956.json"
"510807","146155","2026-01-03","52.00","NZD","1763397956","23477/2026-01-03/1763397956.json"
"581513","221281","2026-01-02","42.00","NZD","1763397956","23477/2026-01-02/1763397956.json"
"581514","221282","2026-01-02","42.00","NZD","1763397956","23477/2026-01-02/1763397956.json"
"512557","146154","2026-01-02","45.00","NZD","1763397956","23477/2026-01-02/1763397956.json"
"365170","146153","2026-01-02","48.00","NZD","1763397956","23477/2026-01-02/1763397956.json"
"510807","146155","2026-01-02","52.00","NZD","1763397956","23477/2026-01-02/1763397956.json"
"581513","221281","2026-01-04","42.00","NZD","1763397956","23477/2026-01-04/1763397956.json"
"581514","221282","2026-01-04","42.00","NZD","1763397956","23477/2026-01-04/1763397956.json"
"512557","146154","2026-01-04","45.00","NZD","1763397956","23477/2026-01-04/1763397956.json"
"365170","146153","2026-01-04","48.00","NZD","1763397956","23477/2026-01-04/1763397956.json"
"510807","146155","2026-01-04","52.00","NZD","1763397956","23477/2026-01-04/1763397956.json"
"581513","221281","2026-01-05","36.00","NZD","1763397956","23477/2026-01-05/1763397956.json"
"581514","221282","2026-01-05","36.00","NZD","1763397956","23477/2026-01-05/1763397956.json"
"512557","146154","2026-01-05","45.00","NZD","1763397956","23477/2026-01-05/1763397956.json"
"365170","146153","2026-01-05","48.00","NZD","1763397956","23477/2026-01-05/1763397956.json"
"510807","146155","2026-01-05","52.00","NZD","1763397956","23477/2026-01-05/1763397956.json"
"581513","221281","2026-01-06","36.00","NZD","1763397956","23477/2026-01-06/1763397956.json"
"581514","221282","2026-01-06","36.00","NZD","1763397956","23477/2026-01-06/1763397956.json"
"512557","146154","2026-01-06","45.00","NZD","1763397956","23477/2026-01-06/1763397956.json"
"365170","146153","2026-01-06","48.00","NZD","1763397956","23477/2026-01-06/1763397956.json"
"510807","146155","2026-01-06","52.00","NZD","1763397956","23477/2026-01-06/1763397956.json"
"581513","221281","2026-01-09","36.00","NZD","1763397956","23477/2026-01-09/1763397956.json"
"581514","221282","2026-01-09","36.00","NZD","1763397956","23477/2026-01-09/1763397956.json"
"512557","146154","2026-01-09","45.00","NZD","1763397956","23477/2026-01-09/1763397956.json"
"365170","146153","2026-01-09","48.00","NZD","1763397956","23477/2026-01-09/1763397956.json"
"510807","146155","2026-01-09","52.00","NZD","1763397956","23477/2026-01-09/1763397956.json"
"581513","221281","2026-01-08","36.00","NZD","1763397956","23477/2026-01-08/1763397956.json"
"581514","221282","2026-01-08","36.00","NZD","1763397956","23477/2026-01-08/1763397956.json"
"512557","146154","2026-01-08","45.00","NZD","1763397956","23477/2026-01-08/1763397956.json"
"365170","146153","2026-01-08","48.00","NZD","1763397956","23477/2026-01-08/1763397956.json"
"510807","146155","2026-01-08","52.00","NZD","1763397956","23477/2026-01-08/1763397956.json"
"581513","221281","2026-01-07","36.00","NZD","1763397956","23477/2026-01-07/1763397956.json"
"581514","221282","2026-01-07","36.00","NZD","1763397956","23477/2026-01-07/1763397956.json"
"512557","146154","2026-01-07","45.00","NZD","1763397956","23477/2026-01-07/1763397956.json"
"365170","146153","2026-01-07","48.00","NZD","1763397956","23477/2026-01-07/1763397956.json"
"510807","146155","2026-01-07","52.00","NZD","1763397956","23477/2026-01-07/1763397956.json"
"581513","221281","2026-01-10","36.00","NZD","1763397956","23477/2026-01-10/1763397956.json"
"581514","221282","2026-01-10","36.00","NZD","1763397956","23477/2026-01-10/1763397956.json"
"512557","146154","2026-01-10","45.00","NZD","1763397956","23477/2026-01-10/1763397956.json"
"365170","146153","2026-01-10","48.00","NZD","1763397956","23477/2026-01-10/1763397956.json"
"510807","146155","2026-01-10","52.00","NZD","1763397956","23477/2026-01-10/1763397956.json"
"581513","221281","2026-01-12","36.00","NZD","1763397956","23477/2026-01-12/1763397956.json"
"581514","221282","2026-01-12","36.00","NZD","1763397956","23477/2026-01-12/1763397956.json"
"512557","146154","2026-01-12","45.00","NZD","1763397956","23477/2026-01-12/1763397956.json"
"365170","146153","2026-01-12","48.00","NZD","1763397956","23477/2026-01-12/1763397956.json"
"510807","146155","2026-01-12","52.00","NZD","1763397956","23477/2026-01-12/1763397956.json"
"581513","221281","2026-01-11","36.00","NZD","1763397956","23477/2026-01-11/1763397956.json"
"581514","221282","2026-01-11","36.00","NZD","1763397956","23477/2026-01-11/1763397956.json"
"512557","146154","2026-01-11","45.00","NZD","1763397956","23477/2026-01-11/1763397956.json"
"365170","146153","2026-01-11","48.00","NZD","1763397956","23477/2026-01-11/1763397956.json"
"510807","146155","2026-01-11","52.00","NZD","1763397956","23477/2026-01-11/1763397956.json"
"581513","221281","2026-01-13","36.00","NZD","1763397956","23477/2026-01-13/1763397956.json"
"581514","221282","2026-01-13","36.00","NZD","1763397956","23477/2026-01-13/1763397956.json"
"512557","146154","2026-01-13","45.00","NZD","1763397956","23477/2026-01-13/1763397956.json"
"365170","146153","2026-01-13","48.00","NZD","1763397956","23477/2026-01-13/1763397956.json"
"510807","146155","2026-01-13","52.00","NZD","1763397956","23477/2026-01-13/1763397956.json"
"581513","221281","2026-01-14","36.00","NZD","1763397956","23477/2026-01-14/1763397956.json"
"581514","221282","2026-01-14","36.00","NZD","1763397956","23477/2026-01-14/1763397956.json"
"512557","146154","2026-01-14","45.00","NZD","1763397956","23477/2026-01-14/1763397956.json"
"365170","146153","2026-01-14","48.00","NZD","1763397956","23477/2026-01-14/1763397956.json"
"510807","146155","2026-01-14","52.00","NZD","1763397956","23477/2026-01-14/1763397956.json"
"581513","221281","2026-01-15","36.00","NZD","1763397956","23477/2026-01-15/1763397956.json"
"581514","221282","2026-01-15","36.00","NZD","1763397956","23477/2026-01-15/1763397956.json"
"512557","146154","2026-01-15","45.00","NZD","1763397956","23477/2026-01-15/1763397956.json"
"365170","146153","2026-01-15","48.00","NZD","1763397956","23477/2026-01-15/1763397956.json"
"510807","146155","2026-01-15","52.00","NZD","1763397956","23477/2026-01-15/1763397956.json"
"581513","221281","2026-01-16","36.00","NZD","1763397956","23477/2026-01-16/1763397956.json"
"581514","221282","2026-01-16","36.00","NZD","1763397956","23477/2026-01-16/1763397956.json"
"512557","146154","2026-01-16","45.00","NZD","1763397956","23477/2026-01-16/1763397956.json"
"365170","146153","2026-01-16","48.00","NZD","1763397956","23477/2026-01-16/1763397956.json"
"510807","146155","2026-01-16","52.00","NZD","1763397956","23477/2026-01-16/1763397956.json"
"581513","221281","2025-11-18","36.00","NZD","1763412175","23477/2025-11-18/1763412175.json"
"581514","221282","2025-11-18","36.00","NZD","1763412175","23477/2025-11-18/1763412175.json"
"512557","146154","2025-11-18","45.00","NZD","1763412175","23477/2025-11-18/1763412175.json"
"365170","146153","2025-11-18","48.00","NZD","1763412175","23477/2025-11-18/1763412175.json"
"510807","146155","2025-11-18","52.00","NZD","1763412175","23477/2025-11-18/1763412175.json"
"581513","221281","2025-11-19","36.00","NZD","1763412175","23477/2025-11-19/1763412175.json"
"581514","221282","2025-11-19","36.00","NZD","1763412175","23477/2025-11-19/1763412175.json"
"512557","146154","2025-11-19","45.00","NZD","1763412175","23477/2025-11-19/1763412175.json"
"365170","146153","2025-11-19","48.00","NZD","1763412175","23477/2025-11-19/1763412175.json"
"510807","146155","2025-11-19","52.00","NZD","1763412175","23477/2025-11-19/1763412175.json"
"581513","221281","2025-11-21","36.00","NZD","1763412175","23477/2025-11-21/1763412175.json"
"581514","221282","2025-11-21","36.00","NZD","1763412175","23477/2025-11-21/1763412175.json"
"512557","146154","2025-11-21","45.00","NZD","1763412175","23477/2025-11-21/1763412175.json"
"365170","146153","2025-11-21","48.00","NZD","1763412175","23477/2025-11-21/1763412175.json"
"510807","146155","2025-11-21","52.00","NZD","1763412175","23477/2025-11-21/1763412175.json"
"581513","221281","2025-11-20","36.00","NZD","1763412175","23477/2025-11-20/1763412175.json"
"581514","221282","2025-11-20","36.00","NZD","1763412175","23477/2025-11-20/1763412175.json"
"512557","146154","2025-11-20","45.00","NZD","1763412175","23477/2025-11-20/1763412175.json"
"365170","146153","2025-11-20","48.00","NZD","1763412175","23477/2025-11-20/1763412175.json"
"510807","146155","2025-11-20","52.00","NZD","1763412175","23477/2025-11-20/1763412175.json"
"581513","221281","2025-11-22","36.00","NZD","1763412175","23477/2025-11-22/1763412175.json"
"581514","221282","2025-11-22","36.00","NZD","1763412175","23477/2025-11-22/1763412175.json"
"512557","146154","2025-11-22","45.00","NZD","1763412175","23477/2025-11-22/1763412175.json"
"365170","146153","2025-11-22","48.00","NZD","1763412175","23477/2025-11-22/1763412175.json"
"510807","146155","2025-11-22","52.00","NZD","1763412175","23477/2025-11-22/1763412175.json"
"581513","221281","2025-11-24","36.00","NZD","1763412175","23477/2025-11-24/1763412175.json"
"581514","221282","2025-11-24","36.00","NZD","1763412175","23477/2025-11-24/1763412175.json"
"512557","146154","2025-11-24","45.00","NZD","1763412175","23477/2025-11-24/1763412175.json"
"365170","146153","2025-11-24","48.00","NZD","1763412175","23477/2025-11-24/1763412175.json"
"510807","146155","2025-11-24","52.00","NZD","1763412175","23477/2025-11-24/1763412175.json"
"581513","221281","2025-11-25","36.00","NZD","1763412175","23477/2025-11-25/1763412175.json"
"581514","221282","2025-11-25","36.00","NZD","1763412175","23477/2025-11-25/1763412175.json"
"512557","146154","2025-11-25","45.00","NZD","1763412175","23477/2025-11-25/1763412175.json"
"365170","146153","2025-11-25","48.00","NZD","1763412175","23477/2025-11-25/1763412175.json"
"510807","146155","2025-11-25","52.00","NZD","1763412175","23477/2025-11-25/1763412175.json"
"581513","221281","2025-11-23","36.00","NZD","1763412175","23477/2025-11-23/1763412175.json"
"581514","221282","2025-11-23","36.00","NZD","1763412175","23477/2025-11-23/1763412175.json"
"512557","146154","2025-11-23","45.00","NZD","1763412175","23477/2025-11-23/1763412175.json"
"365170","146153","2025-11-23","48.00","NZD","1763412175","23477/2025-11-23/1763412175.json"
"510807","146155","2025-11-23","52.00","NZD","1763412175","23477/2025-11-23/1763412175.json"
"581513","221281","2025-11-27","36.00","NZD","1763412175","23477/2025-11-27/1763412175.json"
"581514","221282","2025-11-27","36.00","NZD","1763412175","23477/2025-11-27/1763412175.json"
"512557","146154","2025-11-27","45.00","NZD","1763412175","23477/2025-11-27/1763412175.json"
"365170","146153","2025-11-27","48.00","NZD","1763412175","23477/2025-11-27/1763412175.json"
"510807","146155","2025-11-27","52.00","NZD","1763412175","23477/2025-11-27/1763412175.json"
"581513","221281","2025-11-26","36.00","NZD","1763412175","23477/2025-11-26/1763412175.json"
"581514","221282","2025-11-26","36.00","NZD","1763412175","23477/2025-11-26/1763412175.json"
"512557","146154","2025-11-26","45.00","NZD","1763412175","23477/2025-11-26/1763412175.json"
"365170","146153","2025-11-26","48.00","NZD","1763412175","23477/2025-11-26/1763412175.json"
"510807","146155","2025-11-26","52.00","NZD","1763412175","23477/2025-11-26/1763412175.json"
"581513","221281","2025-11-28","36.00","NZD","1763412175","23477/2025-11-28/1763412175.json"
"581514","221282","2025-11-28","36.00","NZD","1763412175","23477/2025-11-28/1763412175.json"
"512557","146154","2025-11-28","45.00","NZD","1763412175","23477/2025-11-28/1763412175.json"
"365170","146153","2025-11-28","48.00","NZD","1763412175","23477/2025-11-28/1763412175.json"
"510807","146155","2025-11-28","52.00","NZD","1763412175","23477/2025-11-28/1763412175.json"
"581513","221281","2025-11-29","36.00","NZD","1763412175","23477/2025-11-29/1763412175.json"
"581514","221282","2025-11-29","36.00","NZD","1763412175","23477/2025-11-29/1763412175.json"
"512557","146154","2025-11-29","45.00","NZD","1763412175","23477/2025-11-29/1763412175.json"
"365170","146153","2025-11-29","48.00","NZD","1763412175","23477/2025-11-29/1763412175.json"
"510807","146155","2025-11-29","52.00","NZD","1763412175","23477/2025-11-29/1763412175.json"
"581513","221281","2025-12-02","36.00","NZD","1763412175","23477/2025-12-02/1763412175.json"
"581514","221282","2025-12-02","36.00","NZD","1763412175","23477/2025-12-02/1763412175.json"
"512557","146154","2025-12-02","45.00","NZD","1763412175","23477/2025-12-02/1763412175.json"
"365170","146153","2025-12-02","48.00","NZD","1763412175","23477/2025-12-02/1763412175.json"
"510807","146155","2025-12-02","52.00","NZD","1763412175","23477/2025-12-02/1763412175.json"
"581513","221281","2025-12-01","36.00","NZD","1763412175","23477/2025-12-01/1763412175.json"
"581514","221282","2025-12-01","36.00","NZD","1763412175","23477/2025-12-01/1763412175.json"
"512557","146154","2025-12-01","45.00","NZD","1763412175","23477/2025-12-01/1763412175.json"
"365170","146153","2025-12-01","48.00","NZD","1763412175","23477/2025-12-01/1763412175.json"
"510807","146155","2025-12-01","52.00","NZD","1763412175","23477/2025-12-01/1763412175.json"
"581513","221281","2025-11-30","36.00","NZD","1763412175","23477/2025-11-30/1763412175.json"
"581514","221282","2025-11-30","36.00","NZD","1763412175","23477/2025-11-30/1763412175.json"
"512557","146154","2025-11-30","45.00","NZD","1763412175","23477/2025-11-30/1763412175.json"
"365170","146153","2025-11-30","48.00","NZD","1763412175","23477/2025-11-30/1763412175.json"
"510807","146155","2025-11-30","52.00","NZD","1763412175","23477/2025-11-30/1763412175.json"
"581513","221281","2025-12-03","36.00","NZD","1763412175","23477/2025-12-03/1763412175.json"
"581514","221282","2025-12-03","36.00","NZD","1763412175","23477/2025-12-03/1763412175.json"
"512557","146154","2025-12-03","45.00","NZD","1763412175","23477/2025-12-03/1763412175.json"
"365170","146153","2025-12-03","48.00","NZD","1763412175","23477/2025-12-03/1763412175.json"
"510807","146155","2025-12-03","52.00","NZD","1763412175","23477/2025-12-03/1763412175.json"
"581513","221281","2025-12-04","36.00","NZD","1763412175","23477/2025-12-04/1763412175.json"
"581514","221282","2025-12-04","36.00","NZD","1763412175","23477/2025-12-04/1763412175.json"
"512557","146154","2025-12-04","45.00","NZD","1763412175","23477/2025-12-04/1763412175.json"
"365170","146153","2025-12-04","48.00","NZD","1763412175","23477/2025-12-04/1763412175.json"
"510807","146155","2025-12-04","52.00","NZD","1763412175","23477/2025-12-04/1763412175.json"
"581513","221281","2025-12-05","36.00","NZD","1763412175","23477/2025-12-05/1763412175.json"
"581514","221282","2025-12-05","36.00","NZD","1763412175","23477/2025-12-05/1763412175.json"
"512557","146154","2025-12-05","45.00","NZD","1763412175","23477/2025-12-05/1763412175.json"
"365170","146153","2025-12-05","48.00","NZD","1763412175","23477/2025-12-05/1763412175.json"
"510807","146155","2025-12-05","52.00","NZD","1763412175","23477/2025-12-05/1763412175.json"
"581513","221281","2025-12-06","36.00","NZD","1763412175","23477/2025-12-06/1763412175.json"
"581514","221282","2025-12-06","36.00","NZD","1763412175","23477/2025-12-06/1763412175.json"
"512557","146154","2025-12-06","45.00","NZD","1763412175","23477/2025-12-06/1763412175.json"
"365170","146153","2025-12-06","48.00","NZD","1763412175","23477/2025-12-06/1763412175.json"
"510807","146155","2025-12-06","52.00","NZD","1763412175","23477/2025-12-06/1763412175.json"
"581513","221281","2025-12-07","36.00","NZD","1763412175","23477/2025-12-07/1763412175.json"
"581514","221282","2025-12-07","36.00","NZD","1763412175","23477/2025-12-07/1763412175.json"
"512557","146154","2025-12-07","45.00","NZD","1763412175","23477/2025-12-07/1763412175.json"
"365170","146153","2025-12-07","48.00","NZD","1763412175","23477/2025-12-07/1763412175.json"
"510807","146155","2025-12-07","52.00","NZD","1763412175","23477/2025-12-07/1763412175.json"
"581513","221281","2025-12-08","36.00","NZD","1763412175","23477/2025-12-08/1763412175.json"
"581514","221282","2025-12-08","36.00","NZD","1763412175","23477/2025-12-08/1763412175.json"
"512557","146154","2025-12-08","45.00","NZD","1763412175","23477/2025-12-08/1763412175.json"
"365170","146153","2025-12-08","48.00","NZD","1763412175","23477/2025-12-08/1763412175.json"
"510807","146155","2025-12-08","52.00","NZD","1763412175","23477/2025-12-08/1763412175.json"
"581513","221281","2025-12-09","36.00","NZD","1763412175","23477/2025-12-09/1763412175.json"
"581514","221282","2025-12-09","36.00","NZD","1763412175","23477/2025-12-09/1763412175.json"
"512557","146154","2025-12-09","45.00","NZD","1763412175","23477/2025-12-09/1763412175.json"
"365170","146153","2025-12-09","48.00","NZD","1763412175","23477/2025-12-09/1763412175.json"
"510807","146155","2025-12-09","52.00","NZD","1763412175","23477/2025-12-09/1763412175.json"
"581513","221281","2025-12-10","36.00","NZD","1763412175","23477/2025-12-10/1763412175.json"
"581514","221282","2025-12-10","36.00","NZD","1763412175","23477/2025-12-10/1763412175.json"
"512557","146154","2025-12-10","45.00","NZD","1763412175","23477/2025-12-10/1763412175.json"
"365170","146153","2025-12-10","48.00","NZD","1763412175","23477/2025-12-10/1763412175.json"
"510807","146155","2025-12-10","52.00","NZD","1763412175","23477/2025-12-10/1763412175.json"
"581513","221281","2025-12-11","36.00","NZD","1763412175","23477/2025-12-11/1763412175.json"
"581514","221282","2025-12-11","36.00","NZD","1763412175","23477/2025-12-11/1763412175.json"
"512557","146154","2025-12-11","45.00","NZD","1763412175","23477/2025-12-11/1763412175.json"
"365170","146153","2025-12-11","48.00","NZD","1763412175","23477/2025-12-11/1763412175.json"
"510807","146155","2025-12-11","52.00","NZD","1763412175","23477/2025-12-11/1763412175.json"
"581513","221281","2025-12-13","36.00","NZD","1763412175","23477/2025-12-13/1763412175.json"
"581514","221282","2025-12-13","36.00","NZD","1763412175","23477/2025-12-13/1763412175.json"
"512557","146154","2025-12-13","45.00","NZD","1763412175","23477/2025-12-13/1763412175.json"
"365170","146153","2025-12-13","48.00","NZD","1763412175","23477/2025-12-13/1763412175.json"
"510807","146155","2025-12-13","52.00","NZD","1763412175","23477/2025-12-13/1763412175.json"
"581513","221281","2025-12-12","36.00","NZD","1763412175","23477/2025-12-12/1763412175.json"
"581514","221282","2025-12-12","36.00","NZD","1763412175","23477/2025-12-12/1763412175.json"
"512557","146154","2025-12-12","45.00","NZD","1763412175","23477/2025-12-12/1763412175.json"
"365170","146153","2025-12-12","48.00","NZD","1763412175","23477/2025-12-12/1763412175.json"
"510807","146155","2025-12-12","52.00","NZD","1763412175","23477/2025-12-12/1763412175.json"
"581513","221281","2025-12-15","36.00","NZD","1763412175","23477/2025-12-15/1763412175.json"
"581514","221282","2025-12-15","36.00","NZD","1763412175","23477/2025-12-15/1763412175.json"
"512557","146154","2025-12-15","45.00","NZD","1763412175","23477/2025-12-15/1763412175.json"
"365170","146153","2025-12-15","48.00","NZD","1763412175","23477/2025-12-15/1763412175.json"
"510807","146155","2025-12-15","52.00","NZD","1763412175","23477/2025-12-15/1763412175.json"
"581513","221281","2025-12-16","36.00","NZD","1763412175","23477/2025-12-16/1763412175.json"
"581514","221282","2025-12-16","36.00","NZD","1763412175","23477/2025-12-16/1763412175.json"
"512557","146154","2025-12-16","45.00","NZD","1763412175","23477/2025-12-16/1763412175.json"
"365170","146153","2025-12-16","48.00","NZD","1763412175","23477/2025-12-16/1763412175.json"
"510807","146155","2025-12-16","52.00","NZD","1763412175","23477/2025-12-16/1763412175.json"
"581513","221281","2025-12-17","36.00","NZD","1763412175","23477/2025-12-17/1763412175.json"
"581514","221282","2025-12-17","36.00","NZD","1763412175","23477/2025-12-17/1763412175.json"
"512557","146154","2025-12-17","45.00","NZD","1763412175","23477/2025-12-17/1763412175.json"
"365170","146153","2025-12-17","48.00","NZD","1763412175","23477/2025-12-17/1763412175.json"
"510807","146155","2025-12-17","52.00","NZD","1763412175","23477/2025-12-17/1763412175.json"
"581513","221281","2025-12-14","36.00","NZD","1763412175","23477/2025-12-14/1763412175.json"
"581514","221282","2025-12-14","36.00","NZD","1763412175","23477/2025-12-14/1763412175.json"
"512557","146154","2025-12-14","45.00","NZD","1763412175","23477/2025-12-14/1763412175.json"
"365170","146153","2025-12-14","48.00","NZD","1763412175","23477/2025-12-14/1763412175.json"
"510807","146155","2025-12-14","52.00","NZD","1763412175","23477/2025-12-14/1763412175.json"
"581513","221281","2025-12-18","36.00","NZD","1763412175","23477/2025-12-18/1763412175.json"
"581514","221282","2025-12-18","36.00","NZD","1763412175","23477/2025-12-18/1763412175.json"
"512557","146154","2025-12-18","45.00","NZD","1763412175","23477/2025-12-18/1763412175.json"
"365170","146153","2025-12-18","48.00","NZD","1763412175","23477/2025-12-18/1763412175.json"
"510807","146155","2025-12-18","52.00","NZD","1763412175","23477/2025-12-18/1763412175.json"
"581513","221281","2025-12-20","36.00","NZD","1763412175","23477/2025-12-20/1763412175.json"
"581513","221281","2025-12-19","36.00","NZD","1763412175","23477/2025-12-19/1763412175.json"
"581514","221282","2025-12-20","36.00","NZD","1763412175","23477/2025-12-20/1763412175.json"
"581514","221282","2025-12-19","36.00","NZD","1763412175","23477/2025-12-19/1763412175.json"
"512557","146154","2025-12-20","45.00","NZD","1763412175","23477/2025-12-20/1763412175.json"
"512557","146154","2025-12-19","45.00","NZD","1763412175","23477/2025-12-19/1763412175.json"
"365170","146153","2025-12-20","48.00","NZD","1763412175","23477/2025-12-20/1763412175.json"
"365170","146153","2025-12-19","48.00","NZD","1763412175","23477/2025-12-19/1763412175.json"
"510807","146155","2025-12-20","52.00","NZD","1763412175","23477/2025-12-20/1763412175.json"
"510807","146155","2025-12-19","52.00","NZD","1763412175","23477/2025-12-19/1763412175.json"
"581513","221281","2025-12-21","36.00","NZD","1763412175","23477/2025-12-21/1763412175.json"
"581514","221282","2025-12-21","36.00","NZD","1763412175","23477/2025-12-21/1763412175.json"
"512557","146154","2025-12-21","45.00","NZD","1763412175","23477/2025-12-21/1763412175.json"
"365170","146153","2025-12-21","48.00","NZD","1763412175","23477/2025-12-21/1763412175.json"
"510807","146155","2025-12-21","52.00","NZD","1763412175","23477/2025-12-21/1763412175.json"
"581513","221281","2025-12-23","38.00","NZD","1763412175","23477/2025-12-23/1763412175.json"
"581514","221282","2025-12-23","38.00","NZD","1763412175","23477/2025-12-23/1763412175.json"
"512557","146154","2025-12-23","45.00","NZD","1763412175","23477/2025-12-23/1763412175.json"
"365170","146153","2025-12-23","48.00","NZD","1763412175","23477/2025-12-23/1763412175.json"
"510807","146155","2025-12-23","52.00","NZD","1763412175","23477/2025-12-23/1763412175.json"
"581513","221281","2025-12-24","38.00","NZD","1763412175","23477/2025-12-24/1763412175.json"
"581514","221282","2025-12-24","38.00","NZD","1763412175","23477/2025-12-24/1763412175.json"
"512557","146154","2025-12-24","45.00","NZD","1763412175","23477/2025-12-24/1763412175.json"
"365170","146153","2025-12-24","48.00","NZD","1763412175","23477/2025-12-24/1763412175.json"
"510807","146155","2025-12-24","52.00","NZD","1763412175","23477/2025-12-24/1763412175.json"
"581513","221281","2025-12-22","36.00","NZD","1763412175","23477/2025-12-22/1763412175.json"
"581514","221282","2025-12-22","36.00","NZD","1763412175","23477/2025-12-22/1763412175.json"
"512557","146154","2025-12-22","45.00","NZD","1763412175","23477/2025-12-22/1763412175.json"
"365170","146153","2025-12-22","48.00","NZD","1763412175","23477/2025-12-22/1763412175.json"
"510807","146155","2025-12-22","52.00","NZD","1763412175","23477/2025-12-22/1763412175.json"
"581513","221281","2025-12-25","38.00","NZD","1763412175","23477/2025-12-25/1763412175.json"
"581514","221282","2025-12-25","38.00","NZD","1763412175","23477/2025-12-25/1763412175.json"
"512557","146154","2025-12-25","45.00","NZD","1763412175","23477/2025-12-25/1763412175.json"
"365170","146153","2025-12-25","48.00","NZD","1763412175","23477/2025-12-25/1763412175.json"
"510807","146155","2025-12-25","52.00","NZD","1763412175","23477/2025-12-25/1763412175.json"
"581513","221281","2025-12-26","42.00","NZD","1763412175","23477/2025-12-26/1763412175.json"
"581514","221282","2025-12-26","42.00","NZD","1763412175","23477/2025-12-26/1763412175.json"
"512557","146154","2025-12-26","45.00","NZD","1763412175","23477/2025-12-26/1763412175.json"
"365170","146153","2025-12-26","48.00","NZD","1763412175","23477/2025-12-26/1763412175.json"
"510807","146155","2025-12-26","52.00","NZD","1763412175","23477/2025-12-26/1763412175.json"
"581513","221281","2025-12-28","42.00","NZD","1763412175","23477/2025-12-28/1763412175.json"
"581514","221282","2025-12-28","42.00","NZD","1763412175","23477/2025-12-28/1763412175.json"
"512557","146154","2025-12-28","45.00","NZD","1763412175","23477/2025-12-28/1763412175.json"
"365170","146153","2025-12-28","48.00","NZD","1763412175","23477/2025-12-28/1763412175.json"
"510807","146155","2025-12-28","52.00","NZD","1763412175","23477/2025-12-28/1763412175.json"
"581513","221281","2025-12-29","42.00","NZD","1763412175","23477/2025-12-29/1763412175.json"
"581514","221282","2025-12-29","42.00","NZD","1763412175","23477/2025-12-29/1763412175.json"
"512557","146154","2025-12-29","45.00","NZD","1763412175","23477/2025-12-29/1763412175.json"
"365170","146153","2025-12-29","48.00","NZD","1763412175","23477/2025-12-29/1763412175.json"
"510807","146155","2025-12-29","52.00","NZD","1763412175","23477/2025-12-29/1763412175.json"
"581513","221281","2025-12-31","42.00","NZD","1763412175","23477/2025-12-31/1763412175.json"
"581514","221282","2025-12-31","42.00","NZD","1763412175","23477/2025-12-31/1763412175.json"
"512557","146154","2025-12-31","45.00","NZD","1763412175","23477/2025-12-31/1763412175.json"
"365170","146153","2025-12-31","48.00","NZD","1763412175","23477/2025-12-31/1763412175.json"
"510807","146155","2025-12-31","52.00","NZD","1763412175","23477/2025-12-31/1763412175.json"
"581513","221281","2025-12-27","42.00","NZD","1763412175","23477/2025-12-27/1763412175.json"
"581514","221282","2025-12-27","42.00","NZD","1763412175","23477/2025-12-27/1763412175.json"
"512557","146154","2025-12-27","45.00","NZD","1763412175","23477/2025-12-27/1763412175.json"
"365170","146153","2025-12-27","48.00","NZD","1763412175","23477/2025-12-27/1763412175.json"
"510807","146155","2025-12-27","52.00","NZD","1763412175","23477/2025-12-27/1763412175.json"
"581513","221281","2025-12-30","42.00","NZD","1763412175","23477/2025-12-30/1763412175.json"
"581514","221282","2025-12-30","42.00","NZD","1763412175","23477/2025-12-30/1763412175.json"
"512557","146154","2025-12-30","45.00","NZD","1763412175","23477/2025-12-30/1763412175.json"
"365170","146153","2025-12-30","48.00","NZD","1763412175","23477/2025-12-30/1763412175.json"
"510807","146155","2025-12-30","52.00","NZD","1763412175","23477/2025-12-30/1763412175.json"
"581513","221281","2026-01-02","42.00","NZD","1763412175","23477/2026-01-02/1763412175.json"
"581514","221282","2026-01-02","42.00","NZD","1763412175","23477/2026-01-02/1763412175.json"
"512557","146154","2026-01-02","45.00","NZD","1763412175","23477/2026-01-02/1763412175.json"
"365170","146153","2026-01-02","48.00","NZD","1763412175","23477/2026-01-02/1763412175.json"
"510807","146155","2026-01-02","52.00","NZD","1763412175","23477/2026-01-02/1763412175.json"
"581513","221281","2026-01-01","42.00","NZD","1763412175","23477/2026-01-01/1763412175.json"
"581514","221282","2026-01-01","42.00","NZD","1763412175","23477/2026-01-01/1763412175.json"
"512557","146154","2026-01-01","45.00","NZD","1763412175","23477/2026-01-01/1763412175.json"
"365170","146153","2026-01-01","48.00","NZD","1763412175","23477/2026-01-01/1763412175.json"
"510807","146155","2026-01-01","52.00","NZD","1763412175","23477/2026-01-01/1763412175.json"
"581513","221281","2026-01-03","42.00","NZD","1763412175","23477/2026-01-03/1763412175.json"
"581514","221282","2026-01-03","42.00","NZD","1763412175","23477/2026-01-03/1763412175.json"
"512557","146154","2026-01-03","45.00","NZD","1763412175","23477/2026-01-03/1763412175.json"
"365170","146153","2026-01-03","48.00","NZD","1763412175","23477/2026-01-03/1763412175.json"
"510807","146155","2026-01-03","52.00","NZD","1763412175","23477/2026-01-03/1763412175.json"
"581513","221281","2026-01-04","42.00","NZD","1763412175","23477/2026-01-04/1763412175.json"
"581514","221282","2026-01-04","42.00","NZD","1763412175","23477/2026-01-04/1763412175.json"
"512557","146154","2026-01-04","45.00","NZD","1763412175","23477/2026-01-04/1763412175.json"
"365170","146153","2026-01-04","48.00","NZD","1763412175","23477/2026-01-04/1763412175.json"
"510807","146155","2026-01-04","52.00","NZD","1763412175","23477/2026-01-04/1763412175.json"
"581513","221281","2026-01-07","36.00","NZD","1763412175","23477/2026-01-07/1763412175.json"
"581514","221282","2026-01-07","36.00","NZD","1763412175","23477/2026-01-07/1763412175.json"
"512557","146154","2026-01-07","45.00","NZD","1763412175","23477/2026-01-07/1763412175.json"
"365170","146153","2026-01-07","48.00","NZD","1763412175","23477/2026-01-07/1763412175.json"
"510807","146155","2026-01-07","52.00","NZD","1763412175","23477/2026-01-07/1763412175.json"
"581513","221281","2026-01-05","36.00","NZD","1763412175","23477/2026-01-05/1763412175.json"
"581514","221282","2026-01-05","36.00","NZD","1763412175","23477/2026-01-05/1763412175.json"
"512557","146154","2026-01-05","45.00","NZD","1763412175","23477/2026-01-05/1763412175.json"
"365170","146153","2026-01-05","48.00","NZD","1763412175","23477/2026-01-05/1763412175.json"
"510807","146155","2026-01-05","52.00","NZD","1763412175","23477/2026-01-05/1763412175.json"
"581513","221281","2026-01-08","36.00","NZD","1763412175","23477/2026-01-08/1763412175.json"
"581514","221282","2026-01-08","36.00","NZD","1763412175","23477/2026-01-08/1763412175.json"
"512557","146154","2026-01-08","45.00","NZD","1763412175","23477/2026-01-08/1763412175.json"
"365170","146153","2026-01-08","48.00","NZD","1763412175","23477/2026-01-08/1763412175.json"
"510807","146155","2026-01-08","52.00","NZD","1763412175","23477/2026-01-08/1763412175.json"
"581513","221281","2026-01-06","36.00","NZD","1763412175","23477/2026-01-06/1763412175.json"
"581514","221282","2026-01-06","36.00","NZD","1763412175","23477/2026-01-06/1763412175.json"
"512557","146154","2026-01-06","45.00","NZD","1763412175","23477/2026-01-06/1763412175.json"
"365170","146153","2026-01-06","48.00","NZD","1763412175","23477/2026-01-06/1763412175.json"
"510807","146155","2026-01-06","52.00","NZD","1763412175","23477/2026-01-06/1763412175.json"
"581513","221281","2026-01-10","36.00","NZD","1763412175","23477/2026-01-10/1763412175.json"
"581514","221282","2026-01-10","36.00","NZD","1763412175","23477/2026-01-10/1763412175.json"
"512557","146154","2026-01-10","45.00","NZD","1763412175","23477/2026-01-10/1763412175.json"
"365170","146153","2026-01-10","48.00","NZD","1763412175","23477/2026-01-10/1763412175.json"
"510807","146155","2026-01-10","52.00","NZD","1763412175","23477/2026-01-10/1763412175.json"
"581513","221281","2026-01-09","36.00","NZD","1763412175","23477/2026-01-09/1763412175.json"
"581514","221282","2026-01-09","36.00","NZD","1763412175","23477/2026-01-09/1763412175.json"
"512557","146154","2026-01-09","45.00","NZD","1763412175","23477/2026-01-09/1763412175.json"
"365170","146153","2026-01-09","48.00","NZD","1763412175","23477/2026-01-09/1763412175.json"
"510807","146155","2026-01-09","52.00","NZD","1763412175","23477/2026-01-09/1763412175.json"
"581513","221281","2026-01-11","36.00","NZD","1763412175","23477/2026-01-11/1763412175.json"
"581514","221282","2026-01-11","36.00","NZD","1763412175","23477/2026-01-11/1763412175.json"
"512557","146154","2026-01-11","45.00","NZD","1763412175","23477/2026-01-11/1763412175.json"
"365170","146153","2026-01-11","48.00","NZD","1763412175","23477/2026-01-11/1763412175.json"
"510807","146155","2026-01-11","52.00","NZD","1763412175","23477/2026-01-11/1763412175.json"
"581513","221281","2026-01-12","36.00","NZD","1763412175","23477/2026-01-12/1763412175.json"
"581514","221282","2026-01-12","36.00","NZD","1763412175","23477/2026-01-12/1763412175.json"
"512557","146154","2026-01-12","45.00","NZD","1763412175","23477/2026-01-12/1763412175.json"
"365170","146153","2026-01-12","48.00","NZD","1763412175","23477/2026-01-12/1763412175.json"
"510807","146155","2026-01-12","52.00","NZD","1763412175","23477/2026-01-12/1763412175.json"
"581513","221281","2026-01-13","36.00","NZD","1763412175","23477/2026-01-13/1763412175.json"
"581514","221282","2026-01-13","36.00","NZD","1763412175","23477/2026-01-13/1763412175.json"
"512557","146154","2026-01-13","45.00","NZD","1763412175","23477/2026-01-13/1763412175.json"
"365170","146153","2026-01-13","48.00","NZD","1763412175","23477/2026-01-13/1763412175.json"
"510807","146155","2026-01-13","52.00","NZD","1763412175","23477/2026-01-13/1763412175.json"
"581513","221281","2026-01-15","36.00","NZD","1763412175","23477/2026-01-15/1763412175.json"
"581514","221282","2026-01-15","36.00","NZD","1763412175","23477/2026-01-15/1763412175.json"
"512557","146154","2026-01-15","45.00","NZD","1763412175","23477/2026-01-15/1763412175.json"
"365170","146153","2026-01-15","48.00","NZD","1763412175","23477/2026-01-15/1763412175.json"
"510807","146155","2026-01-15","52.00","NZD","1763412175","23477/2026-01-15/1763412175.json"
"581513","221281","2026-01-16","36.00","NZD","1763412175","23477/2026-01-16/1763412175.json"
"581514","221282","2026-01-16","36.00","NZD","1763412175","23477/2026-01-16/1763412175.json"
"512557","146154","2026-01-16","45.00","NZD","1763412175","23477/2026-01-16/1763412175.json"
"365170","146153","2026-01-16","48.00","NZD","1763412175","23477/2026-01-16/1763412175.json"
"510807","146155","2026-01-16","52.00","NZD","1763412175","23477/2026-01-16/1763412175.json"
"581513","221281","2026-01-14","36.00","NZD","1763412175","23477/2026-01-14/1763412175.json"
"581514","221282","2026-01-14","36.00","NZD","1763412175","23477/2026-01-14/1763412175.json"
"512557","146154","2026-01-14","45.00","NZD","1763412175","23477/2026-01-14/1763412175.json"
"365170","146153","2026-01-14","48.00","NZD","1763412175","23477/2026-01-14/1763412175.json"
"510807","146155","2026-01-14","52.00","NZD","1763412175","23477/2026-01-14/1763412175.json"
"581513","221281","2025-11-21","36.00","NZD","1763431050","23477/2025-11-21/1763431050.json"
"581514","221282","2025-11-21","36.00","NZD","1763431050","23477/2025-11-21/1763431050.json"
"512557","146154","2025-11-21","45.00","NZD","1763431050","23477/2025-11-21/1763431050.json"
"365170","146153","2025-11-21","48.00","NZD","1763431050","23477/2025-11-21/1763431050.json"
"510807","146155","2025-11-21","52.00","NZD","1763431050","23477/2025-11-21/1763431050.json"
"581513","221281","2025-11-20","36.00","NZD","1763431050","23477/2025-11-20/1763431050.json"
"581514","221282","2025-11-20","36.00","NZD","1763431050","23477/2025-11-20/1763431050.json"
"512557","146154","2025-11-20","45.00","NZD","1763431050","23477/2025-11-20/1763431050.json"
"365170","146153","2025-11-20","48.00","NZD","1763431050","23477/2025-11-20/1763431050.json"
"510807","146155","2025-11-20","52.00","NZD","1763431050","23477/2025-11-20/1763431050.json"
"581513","221281","2025-11-19","36.00","NZD","1763431050","23477/2025-11-19/1763431050.json"
"581514","221282","2025-11-19","36.00","NZD","1763431050","23477/2025-11-19/1763431050.json"
"512557","146154","2025-11-19","45.00","NZD","1763431050","23477/2025-11-19/1763431050.json"
"365170","146153","2025-11-19","48.00","NZD","1763431050","23477/2025-11-19/1763431050.json"
"510807","146155","2025-11-19","52.00","NZD","1763431050","23477/2025-11-19/1763431050.json"
"581513","221281","2025-11-18","36.00","NZD","1763431050","23477/2025-11-18/1763431050.json"
"581514","221282","2025-11-18","36.00","NZD","1763431050","23477/2025-11-18/1763431050.json"
"512557","146154","2025-11-18","45.00","NZD","1763431050","23477/2025-11-18/1763431050.json"
"365170","146153","2025-11-18","48.00","NZD","1763431050","23477/2025-11-18/1763431050.json"
"510807","146155","2025-11-18","52.00","NZD","1763431050","23477/2025-11-18/1763431050.json"
"581513","221281","2025-11-23","36.00","NZD","1763431050","23477/2025-11-23/1763431050.json"
"581514","221282","2025-11-23","36.00","NZD","1763431050","23477/2025-11-23/1763431050.json"
"512557","146154","2025-11-23","45.00","NZD","1763431050","23477/2025-11-23/1763431050.json"
"365170","146153","2025-11-23","48.00","NZD","1763431050","23477/2025-11-23/1763431050.json"
"510807","146155","2025-11-23","52.00","NZD","1763431050","23477/2025-11-23/1763431050.json"
"581513","221281","2025-11-22","36.00","NZD","1763431050","23477/2025-11-22/1763431050.json"
"581514","221282","2025-11-22","36.00","NZD","1763431050","23477/2025-11-22/1763431050.json"
"512557","146154","2025-11-22","45.00","NZD","1763431050","23477/2025-11-22/1763431050.json"
"365170","146153","2025-11-22","48.00","NZD","1763431050","23477/2025-11-22/1763431050.json"
"510807","146155","2025-11-22","52.00","NZD","1763431050","23477/2025-11-22/1763431050.json"
"581513","221281","2025-11-25","36.00","NZD","1763431050","23477/2025-11-25/1763431050.json"
"581514","221282","2025-11-25","36.00","NZD","1763431050","23477/2025-11-25/1763431050.json"
"512557","146154","2025-11-25","45.00","NZD","1763431050","23477/2025-11-25/1763431050.json"
"365170","146153","2025-11-25","48.00","NZD","1763431050","23477/2025-11-25/1763431050.json"
"510807","146155","2025-11-25","52.00","NZD","1763431050","23477/2025-11-25/1763431050.json"
"581513","221281","2025-11-24","36.00","NZD","1763431050","23477/2025-11-24/1763431050.json"
"581514","221282","2025-11-24","36.00","NZD","1763431050","23477/2025-11-24/1763431050.json"
"512557","146154","2025-11-24","45.00","NZD","1763431050","23477/2025-11-24/1763431050.json"
"365170","146153","2025-11-24","48.00","NZD","1763431050","23477/2025-11-24/1763431050.json"
"510807","146155","2025-11-24","52.00","NZD","1763431050","23477/2025-11-24/1763431050.json"
"581513","221281","2025-11-27","36.00","NZD","1763431050","23477/2025-11-27/1763431050.json"
"581514","221282","2025-11-27","36.00","NZD","1763431050","23477/2025-11-27/1763431050.json"
"512557","146154","2025-11-27","45.00","NZD","1763431050","23477/2025-11-27/1763431050.json"
"365170","146153","2025-11-27","48.00","NZD","1763431050","23477/2025-11-27/1763431050.json"
"510807","146155","2025-11-27","52.00","NZD","1763431050","23477/2025-11-27/1763431050.json"
"581513","221281","2025-11-26","36.00","NZD","1763431050","23477/2025-11-26/1763431050.json"
"581514","221282","2025-11-26","36.00","NZD","1763431050","23477/2025-11-26/1763431050.json"
"512557","146154","2025-11-26","45.00","NZD","1763431050","23477/2025-11-26/1763431050.json"
"365170","146153","2025-11-26","48.00","NZD","1763431050","23477/2025-11-26/1763431050.json"
"510807","146155","2025-11-26","52.00","NZD","1763431050","23477/2025-11-26/1763431050.json"
"581513","221281","2025-11-28","36.00","NZD","1763431050","23477/2025-11-28/1763431050.json"
"581514","221282","2025-11-28","36.00","NZD","1763431050","23477/2025-11-28/1763431050.json"
"512557","146154","2025-11-28","45.00","NZD","1763431050","23477/2025-11-28/1763431050.json"
"365170","146153","2025-11-28","48.00","NZD","1763431050","23477/2025-11-28/1763431050.json"
"510807","146155","2025-11-28","52.00","NZD","1763431050","23477/2025-11-28/1763431050.json"
"581513","221281","2025-11-29","36.00","NZD","1763431050","23477/2025-11-29/1763431050.json"
"581514","221282","2025-11-29","36.00","NZD","1763431050","23477/2025-11-29/1763431050.json"
"512557","146154","2025-11-29","45.00","NZD","1763431050","23477/2025-11-29/1763431050.json"
"365170","146153","2025-11-29","48.00","NZD","1763431050","23477/2025-11-29/1763431050.json"
"510807","146155","2025-11-29","52.00","NZD","1763431050","23477/2025-11-29/1763431050.json"
"581513","221281","2025-11-30","36.00","NZD","1763431050","23477/2025-11-30/1763431050.json"
"581514","221282","2025-11-30","36.00","NZD","1763431050","23477/2025-11-30/1763431050.json"
"512557","146154","2025-11-30","45.00","NZD","1763431050","23477/2025-11-30/1763431050.json"
"365170","146153","2025-11-30","48.00","NZD","1763431050","23477/2025-11-30/1763431050.json"
"510807","146155","2025-11-30","52.00","NZD","1763431050","23477/2025-11-30/1763431050.json"
"581513","221281","2025-12-01","36.00","NZD","1763431050","23477/2025-12-01/1763431050.json"
"581514","221282","2025-12-01","36.00","NZD","1763431050","23477/2025-12-01/1763431050.json"
"512557","146154","2025-12-01","45.00","NZD","1763431050","23477/2025-12-01/1763431050.json"
"365170","146153","2025-12-01","48.00","NZD","1763431050","23477/2025-12-01/1763431050.json"
"510807","146155","2025-12-01","52.00","NZD","1763431050","23477/2025-12-01/1763431050.json"
"581513","221281","2025-12-02","36.00","NZD","1763431050","23477/2025-12-02/1763431050.json"
"581514","221282","2025-12-02","36.00","NZD","1763431050","23477/2025-12-02/1763431050.json"
"512557","146154","2025-12-02","45.00","NZD","1763431050","23477/2025-12-02/1763431050.json"
"365170","146153","2025-12-02","48.00","NZD","1763431050","23477/2025-12-02/1763431050.json"
"510807","146155","2025-12-02","52.00","NZD","1763431050","23477/2025-12-02/1763431050.json"
"581513","221281","2025-12-03","36.00","NZD","1763431050","23477/2025-12-03/1763431050.json"
"581514","221282","2025-12-03","36.00","NZD","1763431050","23477/2025-12-03/1763431050.json"
"512557","146154","2025-12-03","45.00","NZD","1763431050","23477/2025-12-03/1763431050.json"
"365170","146153","2025-12-03","48.00","NZD","1763431050","23477/2025-12-03/1763431050.json"
"510807","146155","2025-12-03","52.00","NZD","1763431050","23477/2025-12-03/1763431050.json"
"581513","221281","2025-12-04","36.00","NZD","1763431050","23477/2025-12-04/1763431050.json"
"581514","221282","2025-12-04","36.00","NZD","1763431050","23477/2025-12-04/1763431050.json"
"512557","146154","2025-12-04","45.00","NZD","1763431050","23477/2025-12-04/1763431050.json"
"365170","146153","2025-12-04","48.00","NZD","1763431050","23477/2025-12-04/1763431050.json"
"510807","146155","2025-12-04","52.00","NZD","1763431050","23477/2025-12-04/1763431050.json"
"581513","221281","2025-12-05","36.00","NZD","1763431050","23477/2025-12-05/1763431050.json"
"581514","221282","2025-12-05","36.00","NZD","1763431050","23477/2025-12-05/1763431050.json"
"512557","146154","2025-12-05","45.00","NZD","1763431050","23477/2025-12-05/1763431050.json"
"365170","146153","2025-12-05","48.00","NZD","1763431050","23477/2025-12-05/1763431050.json"
"510807","146155","2025-12-05","52.00","NZD","1763431050","23477/2025-12-05/1763431050.json"
"581513","221281","2025-12-06","36.00","NZD","1763431050","23477/2025-12-06/1763431050.json"
"581514","221282","2025-12-06","36.00","NZD","1763431050","23477/2025-12-06/1763431050.json"
"512557","146154","2025-12-06","45.00","NZD","1763431050","23477/2025-12-06/1763431050.json"
"365170","146153","2025-12-06","48.00","NZD","1763431050","23477/2025-12-06/1763431050.json"
"510807","146155","2025-12-06","52.00","NZD","1763431050","23477/2025-12-06/1763431050.json"
"581513","221281","2025-12-07","36.00","NZD","1763431050","23477/2025-12-07/1763431050.json"
"581514","221282","2025-12-07","36.00","NZD","1763431050","23477/2025-12-07/1763431050.json"
"512557","146154","2025-12-07","45.00","NZD","1763431050","23477/2025-12-07/1763431050.json"
"365170","146153","2025-12-07","48.00","NZD","1763431050","23477/2025-12-07/1763431050.json"
"510807","146155","2025-12-07","52.00","NZD","1763431050","23477/2025-12-07/1763431050.json"
"581513","221281","2025-12-10","36.00","NZD","1763431050","23477/2025-12-10/1763431050.json"
"581514","221282","2025-12-10","36.00","NZD","1763431050","23477/2025-12-10/1763431050.json"
"512557","146154","2025-12-10","45.00","NZD","1763431050","23477/2025-12-10/1763431050.json"
"365170","146153","2025-12-10","48.00","NZD","1763431050","23477/2025-12-10/1763431050.json"
"510807","146155","2025-12-10","52.00","NZD","1763431050","23477/2025-12-10/1763431050.json"
"581513","221281","2025-12-08","36.00","NZD","1763431050","23477/2025-12-08/1763431050.json"
"581514","221282","2025-12-08","36.00","NZD","1763431050","23477/2025-12-08/1763431050.json"
"512557","146154","2025-12-08","45.00","NZD","1763431050","23477/2025-12-08/1763431050.json"
"365170","146153","2025-12-08","48.00","NZD","1763431050","23477/2025-12-08/1763431050.json"
"510807","146155","2025-12-08","52.00","NZD","1763431050","23477/2025-12-08/1763431050.json"
"581513","221281","2025-12-11","36.00","NZD","1763431050","23477/2025-12-11/1763431050.json"
"581514","221282","2025-12-11","36.00","NZD","1763431050","23477/2025-12-11/1763431050.json"
"512557","146154","2025-12-11","45.00","NZD","1763431050","23477/2025-12-11/1763431050.json"
"365170","146153","2025-12-11","48.00","NZD","1763431050","23477/2025-12-11/1763431050.json"
"510807","146155","2025-12-11","52.00","NZD","1763431050","23477/2025-12-11/1763431050.json"
"581513","221281","2025-12-09","36.00","NZD","1763431050","23477/2025-12-09/1763431050.json"
"581514","221282","2025-12-09","36.00","NZD","1763431050","23477/2025-12-09/1763431050.json"
"512557","146154","2025-12-09","45.00","NZD","1763431050","23477/2025-12-09/1763431050.json"
"365170","146153","2025-12-09","48.00","NZD","1763431050","23477/2025-12-09/1763431050.json"
"510807","146155","2025-12-09","52.00","NZD","1763431050","23477/2025-12-09/1763431050.json"
"581513","221281","2025-12-14","36.00","NZD","1763431050","23477/2025-12-14/1763431050.json"
"581514","221282","2025-12-14","36.00","NZD","1763431050","23477/2025-12-14/1763431050.json"
"512557","146154","2025-12-14","45.00","NZD","1763431050","23477/2025-12-14/1763431050.json"
"365170","146153","2025-12-14","48.00","NZD","1763431050","23477/2025-12-14/1763431050.json"
"510807","146155","2025-12-14","52.00","NZD","1763431050","23477/2025-12-14/1763431050.json"
"581513","221281","2025-12-12","36.00","NZD","1763431050","23477/2025-12-12/1763431050.json"
"581514","221282","2025-12-12","36.00","NZD","1763431050","23477/2025-12-12/1763431050.json"
"512557","146154","2025-12-12","45.00","NZD","1763431050","23477/2025-12-12/1763431050.json"
"365170","146153","2025-12-12","48.00","NZD","1763431050","23477/2025-12-12/1763431050.json"
"510807","146155","2025-12-12","52.00","NZD","1763431050","23477/2025-12-12/1763431050.json"
"581513","221281","2025-12-13","36.00","NZD","1763431050","23477/2025-12-13/1763431050.json"
"581514","221282","2025-12-13","36.00","NZD","1763431050","23477/2025-12-13/1763431050.json"
"512557","146154","2025-12-13","45.00","NZD","1763431050","23477/2025-12-13/1763431050.json"
"365170","146153","2025-12-13","48.00","NZD","1763431050","23477/2025-12-13/1763431050.json"
"510807","146155","2025-12-13","52.00","NZD","1763431050","23477/2025-12-13/1763431050.json"
"581513","221281","2025-12-15","36.00","NZD","1763431050","23477/2025-12-15/1763431050.json"
"581514","221282","2025-12-15","36.00","NZD","1763431050","23477/2025-12-15/1763431050.json"
"512557","146154","2025-12-15","45.00","NZD","1763431050","23477/2025-12-15/1763431050.json"
"365170","146153","2025-12-15","48.00","NZD","1763431050","23477/2025-12-15/1763431050.json"
"510807","146155","2025-12-15","52.00","NZD","1763431050","23477/2025-12-15/1763431050.json"
"581513","221281","2025-12-16","36.00","NZD","1763431050","23477/2025-12-16/1763431050.json"
"581514","221282","2025-12-16","36.00","NZD","1763431050","23477/2025-12-16/1763431050.json"
"512557","146154","2025-12-16","45.00","NZD","1763431050","23477/2025-12-16/1763431050.json"
"365170","146153","2025-12-16","48.00","NZD","1763431050","23477/2025-12-16/1763431050.json"
"510807","146155","2025-12-16","52.00","NZD","1763431050","23477/2025-12-16/1763431050.json"
"581513","221281","2025-12-17","36.00","NZD","1763431050","23477/2025-12-17/1763431050.json"
"581514","221282","2025-12-17","36.00","NZD","1763431050","23477/2025-12-17/1763431050.json"
"512557","146154","2025-12-17","45.00","NZD","1763431050","23477/2025-12-17/1763431050.json"
"365170","146153","2025-12-17","48.00","NZD","1763431050","23477/2025-12-17/1763431050.json"
"510807","146155","2025-12-17","52.00","NZD","1763431050","23477/2025-12-17/1763431050.json"
"581513","221281","2025-12-19","36.00","NZD","1763431050","23477/2025-12-19/1763431050.json"
"581514","221282","2025-12-19","36.00","NZD","1763431050","23477/2025-12-19/1763431050.json"
"512557","146154","2025-12-19","45.00","NZD","1763431050","23477/2025-12-19/1763431050.json"
"365170","146153","2025-12-19","48.00","NZD","1763431050","23477/2025-12-19/1763431050.json"
"510807","146155","2025-12-19","52.00","NZD","1763431050","23477/2025-12-19/1763431050.json"
"581513","221281","2025-12-18","36.00","NZD","1763431050","23477/2025-12-18/1763431050.json"
"581514","221282","2025-12-18","36.00","NZD","1763431050","23477/2025-12-18/1763431050.json"
"512557","146154","2025-12-18","45.00","NZD","1763431050","23477/2025-12-18/1763431050.json"
"365170","146153","2025-12-18","48.00","NZD","1763431050","23477/2025-12-18/1763431050.json"
"510807","146155","2025-12-18","52.00","NZD","1763431050","23477/2025-12-18/1763431050.json"
"581513","221281","2025-12-21","36.00","NZD","1763431050","23477/2025-12-21/1763431050.json"
"581514","221282","2025-12-21","36.00","NZD","1763431050","23477/2025-12-21/1763431050.json"
"512557","146154","2025-12-21","45.00","NZD","1763431050","23477/2025-12-21/1763431050.json"
"365170","146153","2025-12-21","48.00","NZD","1763431050","23477/2025-12-21/1763431050.json"
"510807","146155","2025-12-21","52.00","NZD","1763431050","23477/2025-12-21/1763431050.json"
"581513","221281","2025-12-20","36.00","NZD","1763431050","23477/2025-12-20/1763431050.json"
"581514","221282","2025-12-20","36.00","NZD","1763431050","23477/2025-12-20/1763431050.json"
"512557","146154","2025-12-20","45.00","NZD","1763431050","23477/2025-12-20/1763431050.json"
"365170","146153","2025-12-20","48.00","NZD","1763431050","23477/2025-12-20/1763431050.json"
"510807","146155","2025-12-20","52.00","NZD","1763431050","23477/2025-12-20/1763431050.json"
"581513","221281","2025-12-22","36.00","NZD","1763431050","23477/2025-12-22/1763431050.json"
"581514","221282","2025-12-22","36.00","NZD","1763431050","23477/2025-12-22/1763431050.json"
"512557","146154","2025-12-22","45.00","NZD","1763431050","23477/2025-12-22/1763431050.json"
"365170","146153","2025-12-22","48.00","NZD","1763431050","23477/2025-12-22/1763431050.json"
"510807","146155","2025-12-22","52.00","NZD","1763431050","23477/2025-12-22/1763431050.json"
"581513","221281","2025-12-23","38.00","NZD","1763431050","23477/2025-12-23/1763431050.json"
"581514","221282","2025-12-23","38.00","NZD","1763431050","23477/2025-12-23/1763431050.json"
"512557","146154","2025-12-23","45.00","NZD","1763431050","23477/2025-12-23/1763431050.json"
"365170","146153","2025-12-23","48.00","NZD","1763431050","23477/2025-12-23/1763431050.json"
"510807","146155","2025-12-23","52.00","NZD","1763431050","23477/2025-12-23/1763431050.json"
"581513","221281","2025-12-24","38.00","NZD","1763431050","23477/2025-12-24/1763431050.json"
"581514","221282","2025-12-24","38.00","NZD","1763431050","23477/2025-12-24/1763431050.json"
"512557","146154","2025-12-24","45.00","NZD","1763431050","23477/2025-12-24/1763431050.json"
"365170","146153","2025-12-24","48.00","NZD","1763431050","23477/2025-12-24/1763431050.json"
"510807","146155","2025-12-24","52.00","NZD","1763431050","23477/2025-12-24/1763431050.json"
"581513","221281","2025-12-26","42.00","NZD","1763431050","23477/2025-12-26/1763431050.json"
"581514","221282","2025-12-26","42.00","NZD","1763431050","23477/2025-12-26/1763431050.json"
"512557","146154","2025-12-26","45.00","NZD","1763431050","23477/2025-12-26/1763431050.json"
"365170","146153","2025-12-26","48.00","NZD","1763431050","23477/2025-12-26/1763431050.json"
"510807","146155","2025-12-26","52.00","NZD","1763431050","23477/2025-12-26/1763431050.json"
"581513","221281","2025-12-27","42.00","NZD","1763431050","23477/2025-12-27/1763431050.json"
"581514","221282","2025-12-27","42.00","NZD","1763431050","23477/2025-12-27/1763431050.json"
"512557","146154","2025-12-27","45.00","NZD","1763431050","23477/2025-12-27/1763431050.json"
"365170","146153","2025-12-27","48.00","NZD","1763431050","23477/2025-12-27/1763431050.json"
"510807","146155","2025-12-27","52.00","NZD","1763431050","23477/2025-12-27/1763431050.json"
"581513","221281","2025-12-28","42.00","NZD","1763431050","23477/2025-12-28/1763431050.json"
"581514","221282","2025-12-28","42.00","NZD","1763431050","23477/2025-12-28/1763431050.json"
"512557","146154","2025-12-28","45.00","NZD","1763431050","23477/2025-12-28/1763431050.json"
"365170","146153","2025-12-28","48.00","NZD","1763431050","23477/2025-12-28/1763431050.json"
"510807","146155","2025-12-28","52.00","NZD","1763431050","23477/2025-12-28/1763431050.json"
"581513","221281","2025-12-30","42.00","NZD","1763431050","23477/2025-12-30/1763431050.json"
"581514","221282","2025-12-30","42.00","NZD","1763431050","23477/2025-12-30/1763431050.json"
"512557","146154","2025-12-30","45.00","NZD","1763431050","23477/2025-12-30/1763431050.json"
"365170","146153","2025-12-30","48.00","NZD","1763431050","23477/2025-12-30/1763431050.json"
"510807","146155","2025-12-30","52.00","NZD","1763431050","23477/2025-12-30/1763431050.json"
"581513","221281","2025-12-25","38.00","NZD","1763431050","23477/2025-12-25/1763431050.json"
"581514","221282","2025-12-25","38.00","NZD","1763431050","23477/2025-12-25/1763431050.json"
"512557","146154","2025-12-25","45.00","NZD","1763431050","23477/2025-12-25/1763431050.json"
"365170","146153","2025-12-25","48.00","NZD","1763431050","23477/2025-12-25/1763431050.json"
"510807","146155","2025-12-25","52.00","NZD","1763431050","23477/2025-12-25/1763431050.json"
"581513","221281","2025-12-29","42.00","NZD","1763431050","23477/2025-12-29/1763431050.json"
"581514","221282","2025-12-29","42.00","NZD","1763431050","23477/2025-12-29/1763431050.json"
"512557","146154","2025-12-29","45.00","NZD","1763431050","23477/2025-12-29/1763431050.json"
"365170","146153","2025-12-29","48.00","NZD","1763431050","23477/2025-12-29/1763431050.json"
"510807","146155","2025-12-29","52.00","NZD","1763431050","23477/2025-12-29/1763431050.json"
"581513","221281","2025-12-31","42.00","NZD","1763431050","23477/2025-12-31/1763431050.json"
"581514","221282","2025-12-31","42.00","NZD","1763431050","23477/2025-12-31/1763431050.json"
"512557","146154","2025-12-31","45.00","NZD","1763431050","23477/2025-12-31/1763431050.json"
"365170","146153","2025-12-31","48.00","NZD","1763431050","23477/2025-12-31/1763431050.json"
"510807","146155","2025-12-31","52.00","NZD","1763431050","23477/2025-12-31/1763431050.json"
"581513","221281","2026-01-02","42.00","NZD","1763431050","23477/2026-01-02/1763431050.json"
"581514","221282","2026-01-02","42.00","NZD","1763431050","23477/2026-01-02/1763431050.json"
"512557","146154","2026-01-02","45.00","NZD","1763431050","23477/2026-01-02/1763431050.json"
"365170","146153","2026-01-02","48.00","NZD","1763431050","23477/2026-01-02/1763431050.json"
"510807","146155","2026-01-02","52.00","NZD","1763431050","23477/2026-01-02/1763431050.json"
"581513","221281","2026-01-03","42.00","NZD","1763431050","23477/2026-01-03/1763431050.json"
"581514","221282","2026-01-03","42.00","NZD","1763431050","23477/2026-01-03/1763431050.json"
"512557","146154","2026-01-03","45.00","NZD","1763431050","23477/2026-01-03/1763431050.json"
"365170","146153","2026-01-03","48.00","NZD","1763431050","23477/2026-01-03/1763431050.json"
"510807","146155","2026-01-03","52.00","NZD","1763431050","23477/2026-01-03/1763431050.json"
"581513","221281","2026-01-01","42.00","NZD","1763431050","23477/2026-01-01/1763431050.json"
"581514","221282","2026-01-01","42.00","NZD","1763431050","23477/2026-01-01/1763431050.json"
"512557","146154","2026-01-01","45.00","NZD","1763431050","23477/2026-01-01/1763431050.json"
"365170","146153","2026-01-01","48.00","NZD","1763431050","23477/2026-01-01/1763431050.json"
"510807","146155","2026-01-01","52.00","NZD","1763431050","23477/2026-01-01/1763431050.json"
"581513","221281","2026-01-04","42.00","NZD","1763431050","23477/2026-01-04/1763431050.json"
"581514","221282","2026-01-04","42.00","NZD","1763431050","23477/2026-01-04/1763431050.json"
"512557","146154","2026-01-04","45.00","NZD","1763431050","23477/2026-01-04/1763431050.json"
"365170","146153","2026-01-04","48.00","NZD","1763431050","23477/2026-01-04/1763431050.json"
"510807","146155","2026-01-04","52.00","NZD","1763431050","23477/2026-01-04/1763431050.json"
"581513","221281","2026-01-05","36.00","NZD","1763431050","23477/2026-01-05/1763431050.json"
"581514","221282","2026-01-05","36.00","NZD","1763431050","23477/2026-01-05/1763431050.json"
"512557","146154","2026-01-05","45.00","NZD","1763431050","23477/2026-01-05/1763431050.json"
"365170","146153","2026-01-05","48.00","NZD","1763431050","23477/2026-01-05/1763431050.json"
"510807","146155","2026-01-05","52.00","NZD","1763431050","23477/2026-01-05/1763431050.json"
"581513","221281","2026-01-06","36.00","NZD","1763431050","23477/2026-01-06/1763431050.json"
"581514","221282","2026-01-06","36.00","NZD","1763431050","23477/2026-01-06/1763431050.json"
"512557","146154","2026-01-06","45.00","NZD","1763431050","23477/2026-01-06/1763431050.json"
"365170","146153","2026-01-06","48.00","NZD","1763431050","23477/2026-01-06/1763431050.json"
"510807","146155","2026-01-06","52.00","NZD","1763431050","23477/2026-01-06/1763431050.json"
"581513","221281","2026-01-07","36.00","NZD","1763431050","23477/2026-01-07/1763431050.json"
"581514","221282","2026-01-07","36.00","NZD","1763431050","23477/2026-01-07/1763431050.json"
"512557","146154","2026-01-07","45.00","NZD","1763431050","23477/2026-01-07/1763431050.json"
"365170","146153","2026-01-07","48.00","NZD","1763431050","23477/2026-01-07/1763431050.json"
"510807","146155","2026-01-07","52.00","NZD","1763431050","23477/2026-01-07/1763431050.json"
"581513","221281","2026-01-08","36.00","NZD","1763431050","23477/2026-01-08/1763431050.json"
"581514","221282","2026-01-08","36.00","NZD","1763431050","23477/2026-01-08/1763431050.json"
"512557","146154","2026-01-08","45.00","NZD","1763431050","23477/2026-01-08/1763431050.json"
"365170","146153","2026-01-08","48.00","NZD","1763431050","23477/2026-01-08/1763431050.json"
"510807","146155","2026-01-08","52.00","NZD","1763431050","23477/2026-01-08/1763431050.json"
"581513","221281","2026-01-09","36.00","NZD","1763431050","23477/2026-01-09/1763431050.json"
"581514","221282","2026-01-09","36.00","NZD","1763431050","23477/2026-01-09/1763431050.json"
"512557","146154","2026-01-09","45.00","NZD","1763431050","23477/2026-01-09/1763431050.json"
"365170","146153","2026-01-09","48.00","NZD","1763431050","23477/2026-01-09/1763431050.json"
"510807","146155","2026-01-09","52.00","NZD","1763431050","23477/2026-01-09/1763431050.json"
"581513","221281","2026-01-10","36.00","NZD","1763431050","23477/2026-01-10/1763431050.json"
"581514","221282","2026-01-10","36.00","NZD","1763431050","23477/2026-01-10/1763431050.json"
"512557","146154","2026-01-10","45.00","NZD","1763431050","23477/2026-01-10/1763431050.json"
"365170","146153","2026-01-10","48.00","NZD","1763431050","23477/2026-01-10/1763431050.json"
"510807","146155","2026-01-10","52.00","NZD","1763431050","23477/2026-01-10/1763431050.json"
"581513","221281","2026-01-11","36.00","NZD","1763431050","23477/2026-01-11/1763431050.json"
"581514","221282","2026-01-11","36.00","NZD","1763431050","23477/2026-01-11/1763431050.json"
"512557","146154","2026-01-11","45.00","NZD","1763431050","23477/2026-01-11/1763431050.json"
"365170","146153","2026-01-11","48.00","NZD","1763431050","23477/2026-01-11/1763431050.json"
"510807","146155","2026-01-11","52.00","NZD","1763431050","23477/2026-01-11/1763431050.json"
"581513","221281","2026-01-12","36.00","NZD","1763431050","23477/2026-01-12/1763431050.json"
"581514","221282","2026-01-12","36.00","NZD","1763431050","23477/2026-01-12/1763431050.json"
"512557","146154","2026-01-12","45.00","NZD","1763431050","23477/2026-01-12/1763431050.json"
"365170","146153","2026-01-12","48.00","NZD","1763431050","23477/2026-01-12/1763431050.json"
"510807","146155","2026-01-12","52.00","NZD","1763431050","23477/2026-01-12/1763431050.json"
"581513","221281","2026-01-13","36.00","NZD","1763431050","23477/2026-01-13/1763431050.json"
"581514","221282","2026-01-13","36.00","NZD","1763431050","23477/2026-01-13/1763431050.json"
"512557","146154","2026-01-13","45.00","NZD","1763431050","23477/2026-01-13/1763431050.json"
"365170","146153","2026-01-13","48.00","NZD","1763431050","23477/2026-01-13/1763431050.json"
"510807","146155","2026-01-13","52.00","NZD","1763431050","23477/2026-01-13/1763431050.json"
"581513","221281","2026-01-14","36.00","NZD","1763431050","23477/2026-01-14/1763431050.json"
"581514","221282","2026-01-14","36.00","NZD","1763431050","23477/2026-01-14/1763431050.json"
"512557","146154","2026-01-14","45.00","NZD","1763431050","23477/2026-01-14/1763431050.json"
"365170","146153","2026-01-14","48.00","NZD","1763431050","23477/2026-01-14/1763431050.json"
"510807","146155","2026-01-14","52.00","NZD","1763431050","23477/2026-01-14/1763431050.json"
"581513","221281","2026-01-15","36.00","NZD","1763431050","23477/2026-01-15/1763431050.json"
"581514","221282","2026-01-15","36.00","NZD","1763431050","23477/2026-01-15/1763431050.json"
"512557","146154","2026-01-15","45.00","NZD","1763431050","23477/2026-01-15/1763431050.json"
"365170","146153","2026-01-15","48.00","NZD","1763431050","23477/2026-01-15/1763431050.json"
"510807","146155","2026-01-15","52.00","NZD","1763431050","23477/2026-01-15/1763431050.json"
"581513","221281","2026-01-16","36.00","NZD","1763431050","23477/2026-01-16/1763431050.json"
"581514","221282","2026-01-16","36.00","NZD","1763431050","23477/2026-01-16/1763431050.json"
"512557","146154","2026-01-16","45.00","NZD","1763431050","23477/2026-01-16/1763431050.json"
"365170","146153","2026-01-16","48.00","NZD","1763431050","23477/2026-01-16/1763431050.json"
"510807","146155","2026-01-16","52.00","NZD","1763431050","23477/2026-01-16/1763431050.json"
"581513","221281","2026-01-17","36.00","NZD","1763431050","23477/2026-01-17/1763431050.json"
"581514","221282","2026-01-17","36.00","NZD","1763431050","23477/2026-01-17/1763431050.json"
"512557","146154","2026-01-17","45.00","NZD","1763431050","23477/2026-01-17/1763431050.json"
"365170","146153","2026-01-17","48.00","NZD","1763431050","23477/2026-01-17/1763431050.json"
"510807","146155","2026-01-17","52.00","NZD","1763431050","23477/2026-01-17/1763431050.json"
"581513","221281","2025-11-20","36.00","NZD","1763440858","23477/2025-11-20/1763440858.json"
"581514","221282","2025-11-20","36.00","NZD","1763440858","23477/2025-11-20/1763440858.json"
"512557","146154","2025-11-20","45.00","NZD","1763440858","23477/2025-11-20/1763440858.json"
"365170","146153","2025-11-20","48.00","NZD","1763440858","23477/2025-11-20/1763440858.json"
"510807","146155","2025-11-20","52.00","NZD","1763440858","23477/2025-11-20/1763440858.json"
"581513","221281","2025-11-18","36.00","NZD","1763440858","23477/2025-11-18/1763440858.json"
"581514","221282","2025-11-18","36.00","NZD","1763440858","23477/2025-11-18/1763440858.json"
"512557","146154","2025-11-18","45.00","NZD","1763440858","23477/2025-11-18/1763440858.json"
"365170","146153","2025-11-18","48.00","NZD","1763440858","23477/2025-11-18/1763440858.json"
"510807","146155","2025-11-18","52.00","NZD","1763440858","23477/2025-11-18/1763440858.json"
"581513","221281","2025-11-19","36.00","NZD","1763440858","23477/2025-11-19/1763440858.json"
"581514","221282","2025-11-19","36.00","NZD","1763440858","23477/2025-11-19/1763440858.json"
"512557","146154","2025-11-19","45.00","NZD","1763440858","23477/2025-11-19/1763440858.json"
"365170","146153","2025-11-19","48.00","NZD","1763440858","23477/2025-11-19/1763440858.json"
"510807","146155","2025-11-19","52.00","NZD","1763440858","23477/2025-11-19/1763440858.json"
"581513","221281","2025-11-22","36.00","NZD","1763440858","23477/2025-11-22/1763440858.json"
"581514","221282","2025-11-22","36.00","NZD","1763440858","23477/2025-11-22/1763440858.json"
"512557","146154","2025-11-22","45.00","NZD","1763440858","23477/2025-11-22/1763440858.json"
"365170","146153","2025-11-22","48.00","NZD","1763440858","23477/2025-11-22/1763440858.json"
"510807","146155","2025-11-22","52.00","NZD","1763440858","23477/2025-11-22/1763440858.json"
"581513","221281","2025-11-21","36.00","NZD","1763440858","23477/2025-11-21/1763440858.json"
"581514","221282","2025-11-21","36.00","NZD","1763440858","23477/2025-11-21/1763440858.json"
"512557","146154","2025-11-21","45.00","NZD","1763440858","23477/2025-11-21/1763440858.json"
"365170","146153","2025-11-21","48.00","NZD","1763440858","23477/2025-11-21/1763440858.json"
"510807","146155","2025-11-21","52.00","NZD","1763440858","23477/2025-11-21/1763440858.json"
"581513","221281","2025-11-23","36.00","NZD","1763440858","23477/2025-11-23/1763440858.json"
"581514","221282","2025-11-23","36.00","NZD","1763440858","23477/2025-11-23/1763440858.json"
"512557","146154","2025-11-23","45.00","NZD","1763440858","23477/2025-11-23/1763440858.json"
"365170","146153","2025-11-23","48.00","NZD","1763440858","23477/2025-11-23/1763440858.json"
"510807","146155","2025-11-23","52.00","NZD","1763440858","23477/2025-11-23/1763440858.json"
"581513","221281","2025-11-24","36.00","NZD","1763440858","23477/2025-11-24/1763440858.json"
"581514","221282","2025-11-24","36.00","NZD","1763440858","23477/2025-11-24/1763440858.json"
"512557","146154","2025-11-24","45.00","NZD","1763440858","23477/2025-11-24/1763440858.json"
"365170","146153","2025-11-24","48.00","NZD","1763440858","23477/2025-11-24/1763440858.json"
"510807","146155","2025-11-24","52.00","NZD","1763440858","23477/2025-11-24/1763440858.json"
"581513","221281","2025-11-25","36.00","NZD","1763440858","23477/2025-11-25/1763440858.json"
"581514","221282","2025-11-25","36.00","NZD","1763440858","23477/2025-11-25/1763440858.json"
"512557","146154","2025-11-25","45.00","NZD","1763440858","23477/2025-11-25/1763440858.json"
"365170","146153","2025-11-25","48.00","NZD","1763440858","23477/2025-11-25/1763440858.json"
"510807","146155","2025-11-25","52.00","NZD","1763440858","23477/2025-11-25/1763440858.json"
"581513","221281","2025-11-26","36.00","NZD","1763440858","23477/2025-11-26/1763440858.json"
"581514","221282","2025-11-26","36.00","NZD","1763440858","23477/2025-11-26/1763440858.json"
"512557","146154","2025-11-26","45.00","NZD","1763440858","23477/2025-11-26/1763440858.json"
"365170","146153","2025-11-26","48.00","NZD","1763440858","23477/2025-11-26/1763440858.json"
"510807","146155","2025-11-26","52.00","NZD","1763440858","23477/2025-11-26/1763440858.json"
"581513","221281","2025-11-27","36.00","NZD","1763440858","23477/2025-11-27/1763440858.json"
"581514","221282","2025-11-27","36.00","NZD","1763440858","23477/2025-11-27/1763440858.json"
"512557","146154","2025-11-27","45.00","NZD","1763440858","23477/2025-11-27/1763440858.json"
"365170","146153","2025-11-27","48.00","NZD","1763440858","23477/2025-11-27/1763440858.json"
"510807","146155","2025-11-27","52.00","NZD","1763440858","23477/2025-11-27/1763440858.json"
"581513","221281","2025-11-28","36.00","NZD","1763440858","23477/2025-11-28/1763440858.json"
"581514","221282","2025-11-28","36.00","NZD","1763440858","23477/2025-11-28/1763440858.json"
"512557","146154","2025-11-28","45.00","NZD","1763440858","23477/2025-11-28/1763440858.json"
"365170","146153","2025-11-28","48.00","NZD","1763440858","23477/2025-11-28/1763440858.json"
"510807","146155","2025-11-28","52.00","NZD","1763440858","23477/2025-11-28/1763440858.json"
"581513","221281","2025-11-29","36.00","NZD","1763440858","23477/2025-11-29/1763440858.json"
"581514","221282","2025-11-29","36.00","NZD","1763440858","23477/2025-11-29/1763440858.json"
"512557","146154","2025-11-29","45.00","NZD","1763440858","23477/2025-11-29/1763440858.json"
"365170","146153","2025-11-29","48.00","NZD","1763440858","23477/2025-11-29/1763440858.json"
"510807","146155","2025-11-29","52.00","NZD","1763440858","23477/2025-11-29/1763440858.json"
"581513","221281","2025-11-30","36.00","NZD","1763440858","23477/2025-11-30/1763440858.json"
"581514","221282","2025-11-30","36.00","NZD","1763440858","23477/2025-11-30/1763440858.json"
"512557","146154","2025-11-30","45.00","NZD","1763440858","23477/2025-11-30/1763440858.json"
"365170","146153","2025-11-30","48.00","NZD","1763440858","23477/2025-11-30/1763440858.json"
"510807","146155","2025-11-30","52.00","NZD","1763440858","23477/2025-11-30/1763440858.json"
"581513","221281","2025-12-01","36.00","NZD","1763440858","23477/2025-12-01/1763440858.json"
"581514","221282","2025-12-01","36.00","NZD","1763440858","23477/2025-12-01/1763440858.json"
"512557","146154","2025-12-01","45.00","NZD","1763440858","23477/2025-12-01/1763440858.json"
"365170","146153","2025-12-01","48.00","NZD","1763440858","23477/2025-12-01/1763440858.json"
"510807","146155","2025-12-01","52.00","NZD","1763440858","23477/2025-12-01/1763440858.json"
"581513","221281","2025-12-02","36.00","NZD","1763440858","23477/2025-12-02/1763440858.json"
"581514","221282","2025-12-02","36.00","NZD","1763440858","23477/2025-12-02/1763440858.json"
"512557","146154","2025-12-02","45.00","NZD","1763440858","23477/2025-12-02/1763440858.json"
"365170","146153","2025-12-02","48.00","NZD","1763440858","23477/2025-12-02/1763440858.json"
"510807","146155","2025-12-02","52.00","NZD","1763440858","23477/2025-12-02/1763440858.json"
"581513","221281","2025-12-03","36.00","NZD","1763440858","23477/2025-12-03/1763440858.json"
"581514","221282","2025-12-03","36.00","NZD","1763440858","23477/2025-12-03/1763440858.json"
"512557","146154","2025-12-03","45.00","NZD","1763440858","23477/2025-12-03/1763440858.json"
"365170","146153","2025-12-03","48.00","NZD","1763440858","23477/2025-12-03/1763440858.json"
"510807","146155","2025-12-03","52.00","NZD","1763440858","23477/2025-12-03/1763440858.json"
"581513","221281","2025-12-04","36.00","NZD","1763440858","23477/2025-12-04/1763440858.json"
"581514","221282","2025-12-04","36.00","NZD","1763440858","23477/2025-12-04/1763440858.json"
"512557","146154","2025-12-04","45.00","NZD","1763440858","23477/2025-12-04/1763440858.json"
"365170","146153","2025-12-04","48.00","NZD","1763440858","23477/2025-12-04/1763440858.json"
"510807","146155","2025-12-04","52.00","NZD","1763440858","23477/2025-12-04/1763440858.json"
"581513","221281","2025-12-05","36.00","NZD","1763440858","23477/2025-12-05/1763440858.json"
"581514","221282","2025-12-05","36.00","NZD","1763440858","23477/2025-12-05/1763440858.json"
"512557","146154","2025-12-05","45.00","NZD","1763440858","23477/2025-12-05/1763440858.json"
"365170","146153","2025-12-05","48.00","NZD","1763440858","23477/2025-12-05/1763440858.json"
"510807","146155","2025-12-05","52.00","NZD","1763440858","23477/2025-12-05/1763440858.json"
"581513","221281","2025-12-06","36.00","NZD","1763440858","23477/2025-12-06/1763440858.json"
"581514","221282","2025-12-06","36.00","NZD","1763440858","23477/2025-12-06/1763440858.json"
"512557","146154","2025-12-06","45.00","NZD","1763440858","23477/2025-12-06/1763440858.json"
"365170","146153","2025-12-06","48.00","NZD","1763440858","23477/2025-12-06/1763440858.json"
"510807","146155","2025-12-06","52.00","NZD","1763440858","23477/2025-12-06/1763440858.json"
"581513","221281","2025-12-08","36.00","NZD","1763440858","23477/2025-12-08/1763440858.json"
"581514","221282","2025-12-08","36.00","NZD","1763440858","23477/2025-12-08/1763440858.json"
"512557","146154","2025-12-08","45.00","NZD","1763440858","23477/2025-12-08/1763440858.json"
"365170","146153","2025-12-08","48.00","NZD","1763440858","23477/2025-12-08/1763440858.json"
"510807","146155","2025-12-08","52.00","NZD","1763440858","23477/2025-12-08/1763440858.json"
"581513","221281","2025-12-07","36.00","NZD","1763440858","23477/2025-12-07/1763440858.json"
"581514","221282","2025-12-07","36.00","NZD","1763440858","23477/2025-12-07/1763440858.json"
"512557","146154","2025-12-07","45.00","NZD","1763440858","23477/2025-12-07/1763440858.json"
"365170","146153","2025-12-07","48.00","NZD","1763440858","23477/2025-12-07/1763440858.json"
"510807","146155","2025-12-07","52.00","NZD","1763440858","23477/2025-12-07/1763440858.json"
"581513","221281","2025-12-09","36.00","NZD","1763440858","23477/2025-12-09/1763440858.json"
"581514","221282","2025-12-09","36.00","NZD","1763440858","23477/2025-12-09/1763440858.json"
"512557","146154","2025-12-09","45.00","NZD","1763440858","23477/2025-12-09/1763440858.json"
"365170","146153","2025-12-09","48.00","NZD","1763440858","23477/2025-12-09/1763440858.json"
"510807","146155","2025-12-09","52.00","NZD","1763440858","23477/2025-12-09/1763440858.json"
"581513","221281","2025-12-11","36.00","NZD","1763440858","23477/2025-12-11/1763440858.json"
"581514","221282","2025-12-11","36.00","NZD","1763440858","23477/2025-12-11/1763440858.json"
"512557","146154","2025-12-11","45.00","NZD","1763440858","23477/2025-12-11/1763440858.json"
"365170","146153","2025-12-11","48.00","NZD","1763440858","23477/2025-12-11/1763440858.json"
"510807","146155","2025-12-11","52.00","NZD","1763440858","23477/2025-12-11/1763440858.json"
"581513","221281","2025-12-10","36.00","NZD","1763440858","23477/2025-12-10/1763440858.json"
"581514","221282","2025-12-10","36.00","NZD","1763440858","23477/2025-12-10/1763440858.json"
"512557","146154","2025-12-10","45.00","NZD","1763440858","23477/2025-12-10/1763440858.json"
"365170","146153","2025-12-10","48.00","NZD","1763440858","23477/2025-12-10/1763440858.json"
"510807","146155","2025-12-10","52.00","NZD","1763440858","23477/2025-12-10/1763440858.json"
"581513","221281","2025-12-13","36.00","NZD","1763440858","23477/2025-12-13/1763440858.json"
"581514","221282","2025-12-13","36.00","NZD","1763440858","23477/2025-12-13/1763440858.json"
"512557","146154","2025-12-13","45.00","NZD","1763440858","23477/2025-12-13/1763440858.json"
"365170","146153","2025-12-13","48.00","NZD","1763440858","23477/2025-12-13/1763440858.json"
"510807","146155","2025-12-13","52.00","NZD","1763440858","23477/2025-12-13/1763440858.json"
"581513","221281","2025-12-15","36.00","NZD","1763440858","23477/2025-12-15/1763440858.json"
"581514","221282","2025-12-15","36.00","NZD","1763440858","23477/2025-12-15/1763440858.json"
"512557","146154","2025-12-15","45.00","NZD","1763440858","23477/2025-12-15/1763440858.json"
"365170","146153","2025-12-15","48.00","NZD","1763440858","23477/2025-12-15/1763440858.json"
"510807","146155","2025-12-15","52.00","NZD","1763440858","23477/2025-12-15/1763440858.json"
"581513","221281","2025-12-12","36.00","NZD","1763440858","23477/2025-12-12/1763440858.json"
"581514","221282","2025-12-12","36.00","NZD","1763440858","23477/2025-12-12/1763440858.json"
"512557","146154","2025-12-12","45.00","NZD","1763440858","23477/2025-12-12/1763440858.json"
"365170","146153","2025-12-12","48.00","NZD","1763440858","23477/2025-12-12/1763440858.json"
"510807","146155","2025-12-12","52.00","NZD","1763440858","23477/2025-12-12/1763440858.json"
"581513","221281","2025-12-14","36.00","NZD","1763440858","23477/2025-12-14/1763440858.json"
"581514","221282","2025-12-14","36.00","NZD","1763440858","23477/2025-12-14/1763440858.json"
"512557","146154","2025-12-14","45.00","NZD","1763440858","23477/2025-12-14/1763440858.json"
"365170","146153","2025-12-14","48.00","NZD","1763440858","23477/2025-12-14/1763440858.json"
"510807","146155","2025-12-14","52.00","NZD","1763440858","23477/2025-12-14/1763440858.json"
"581513","221281","2025-12-16","36.00","NZD","1763440858","23477/2025-12-16/1763440858.json"
"581514","221282","2025-12-16","36.00","NZD","1763440858","23477/2025-12-16/1763440858.json"
"512557","146154","2025-12-16","45.00","NZD","1763440858","23477/2025-12-16/1763440858.json"
"365170","146153","2025-12-16","48.00","NZD","1763440858","23477/2025-12-16/1763440858.json"
"510807","146155","2025-12-16","52.00","NZD","1763440858","23477/2025-12-16/1763440858.json"
"581513","221281","2025-12-18","36.00","NZD","1763440858","23477/2025-12-18/1763440858.json"
"581514","221282","2025-12-18","36.00","NZD","1763440858","23477/2025-12-18/1763440858.json"
"512557","146154","2025-12-18","45.00","NZD","1763440858","23477/2025-12-18/1763440858.json"
"365170","146153","2025-12-18","48.00","NZD","1763440858","23477/2025-12-18/1763440858.json"
"510807","146155","2025-12-18","52.00","NZD","1763440858","23477/2025-12-18/1763440858.json"
"581513","221281","2025-12-17","36.00","NZD","1763440858","23477/2025-12-17/1763440858.json"
"581514","221282","2025-12-17","36.00","NZD","1763440858","23477/2025-12-17/1763440858.json"
"512557","146154","2025-12-17","45.00","NZD","1763440858","23477/2025-12-17/1763440858.json"
"365170","146153","2025-12-17","48.00","NZD","1763440858","23477/2025-12-17/1763440858.json"
"510807","146155","2025-12-17","52.00","NZD","1763440858","23477/2025-12-17/1763440858.json"
"581513","221281","2025-12-19","36.00","NZD","1763440858","23477/2025-12-19/1763440858.json"
"581514","221282","2025-12-19","36.00","NZD","1763440858","23477/2025-12-19/1763440858.json"
"512557","146154","2025-12-19","45.00","NZD","1763440858","23477/2025-12-19/1763440858.json"
"365170","146153","2025-12-19","48.00","NZD","1763440858","23477/2025-12-19/1763440858.json"
"510807","146155","2025-12-19","52.00","NZD","1763440858","23477/2025-12-19/1763440858.json"
"581513","221281","2025-12-20","36.00","NZD","1763440858","23477/2025-12-20/1763440858.json"
"581514","221282","2025-12-20","36.00","NZD","1763440858","23477/2025-12-20/1763440858.json"
"512557","146154","2025-12-20","45.00","NZD","1763440858","23477/2025-12-20/1763440858.json"
"365170","146153","2025-12-20","48.00","NZD","1763440858","23477/2025-12-20/1763440858.json"
"510807","146155","2025-12-20","52.00","NZD","1763440858","23477/2025-12-20/1763440858.json"
"581513","221281","2025-12-22","36.00","NZD","1763440858","23477/2025-12-22/1763440858.json"
"581514","221282","2025-12-22","36.00","NZD","1763440858","23477/2025-12-22/1763440858.json"
"512557","146154","2025-12-22","45.00","NZD","1763440858","23477/2025-12-22/1763440858.json"
"365170","146153","2025-12-22","48.00","NZD","1763440858","23477/2025-12-22/1763440858.json"
"510807","146155","2025-12-22","52.00","NZD","1763440858","23477/2025-12-22/1763440858.json"
"581513","221281","2025-12-21","36.00","NZD","1763440858","23477/2025-12-21/1763440858.json"
"581514","221282","2025-12-21","36.00","NZD","1763440858","23477/2025-12-21/1763440858.json"
"512557","146154","2025-12-21","45.00","NZD","1763440858","23477/2025-12-21/1763440858.json"
"365170","146153","2025-12-21","48.00","NZD","1763440858","23477/2025-12-21/1763440858.json"
"510807","146155","2025-12-21","52.00","NZD","1763440858","23477/2025-12-21/1763440858.json"
"581513","221281","2025-12-23","38.00","NZD","1763440858","23477/2025-12-23/1763440858.json"
"581514","221282","2025-12-23","38.00","NZD","1763440858","23477/2025-12-23/1763440858.json"
"512557","146154","2025-12-23","45.00","NZD","1763440858","23477/2025-12-23/1763440858.json"
"365170","146153","2025-12-23","48.00","NZD","1763440858","23477/2025-12-23/1763440858.json"
"510807","146155","2025-12-23","52.00","NZD","1763440858","23477/2025-12-23/1763440858.json"
"581513","221281","2025-12-24","38.00","NZD","1763440858","23477/2025-12-24/1763440858.json"
"581514","221282","2025-12-24","38.00","NZD","1763440858","23477/2025-12-24/1763440858.json"
"512557","146154","2025-12-24","45.00","NZD","1763440858","23477/2025-12-24/1763440858.json"
"365170","146153","2025-12-24","48.00","NZD","1763440858","23477/2025-12-24/1763440858.json"
"510807","146155","2025-12-24","52.00","NZD","1763440858","23477/2025-12-24/1763440858.json"
"581513","221281","2025-12-27","42.00","NZD","1763440858","23477/2025-12-27/1763440858.json"
"581514","221282","2025-12-27","42.00","NZD","1763440858","23477/2025-12-27/1763440858.json"
"512557","146154","2025-12-27","45.00","NZD","1763440858","23477/2025-12-27/1763440858.json"
"365170","146153","2025-12-27","48.00","NZD","1763440858","23477/2025-12-27/1763440858.json"
"510807","146155","2025-12-27","52.00","NZD","1763440858","23477/2025-12-27/1763440858.json"
"581513","221281","2025-12-26","42.00","NZD","1763440858","23477/2025-12-26/1763440858.json"
"581514","221282","2025-12-26","42.00","NZD","1763440858","23477/2025-12-26/1763440858.json"
"512557","146154","2025-12-26","45.00","NZD","1763440858","23477/2025-12-26/1763440858.json"
"365170","146153","2025-12-26","48.00","NZD","1763440858","23477/2025-12-26/1763440858.json"
"510807","146155","2025-12-26","52.00","NZD","1763440858","23477/2025-12-26/1763440858.json"
"581513","221281","2025-12-25","38.00","NZD","1763440858","23477/2025-12-25/1763440858.json"
"581514","221282","2025-12-25","38.00","NZD","1763440858","23477/2025-12-25/1763440858.json"
"512557","146154","2025-12-25","45.00","NZD","1763440858","23477/2025-12-25/1763440858.json"
"365170","146153","2025-12-25","48.00","NZD","1763440858","23477/2025-12-25/1763440858.json"
"510807","146155","2025-12-25","52.00","NZD","1763440858","23477/2025-12-25/1763440858.json"
"581513","221281","2025-12-28","42.00","NZD","1763440858","23477/2025-12-28/1763440858.json"
"581514","221282","2025-12-28","42.00","NZD","1763440858","23477/2025-12-28/1763440858.json"
"512557","146154","2025-12-28","45.00","NZD","1763440858","23477/2025-12-28/1763440858.json"
"365170","146153","2025-12-28","48.00","NZD","1763440858","23477/2025-12-28/1763440858.json"
"510807","146155","2025-12-28","52.00","NZD","1763440858","23477/2025-12-28/1763440858.json"
"581513","221281","2025-12-30","42.00","NZD","1763440858","23477/2025-12-30/1763440858.json"
"581514","221282","2025-12-30","42.00","NZD","1763440858","23477/2025-12-30/1763440858.json"
"512557","146154","2025-12-30","45.00","NZD","1763440858","23477/2025-12-30/1763440858.json"
"365170","146153","2025-12-30","48.00","NZD","1763440858","23477/2025-12-30/1763440858.json"
"510807","146155","2025-12-30","52.00","NZD","1763440858","23477/2025-12-30/1763440858.json"
"581513","221281","2025-12-29","42.00","NZD","1763440858","23477/2025-12-29/1763440858.json"
"581514","221282","2025-12-29","42.00","NZD","1763440858","23477/2025-12-29/1763440858.json"
"512557","146154","2025-12-29","45.00","NZD","1763440858","23477/2025-12-29/1763440858.json"
"365170","146153","2025-12-29","48.00","NZD","1763440858","23477/2025-12-29/1763440858.json"
"510807","146155","2025-12-29","52.00","NZD","1763440858","23477/2025-12-29/1763440858.json"
"581513","221281","2025-12-31","42.00","NZD","1763440858","23477/2025-12-31/1763440858.json"
"581514","221282","2025-12-31","42.00","NZD","1763440858","23477/2025-12-31/1763440858.json"
"512557","146154","2025-12-31","45.00","NZD","1763440858","23477/2025-12-31/1763440858.json"
"365170","146153","2025-12-31","48.00","NZD","1763440858","23477/2025-12-31/1763440858.json"
"510807","146155","2025-12-31","52.00","NZD","1763440858","23477/2025-12-31/1763440858.json"
"581513","221281","2026-01-01","42.00","NZD","1763440858","23477/2026-01-01/1763440858.json"
"581514","221282","2026-01-01","42.00","NZD","1763440858","23477/2026-01-01/1763440858.json"
"512557","146154","2026-01-01","45.00","NZD","1763440858","23477/2026-01-01/1763440858.json"
"365170","146153","2026-01-01","48.00","NZD","1763440858","23477/2026-01-01/1763440858.json"
"510807","146155","2026-01-01","52.00","NZD","1763440858","23477/2026-01-01/1763440858.json"
"581513","221281","2026-01-02","42.00","NZD","1763440858","23477/2026-01-02/1763440858.json"
"581514","221282","2026-01-02","42.00","NZD","1763440858","23477/2026-01-02/1763440858.json"
"512557","146154","2026-01-02","45.00","NZD","1763440858","23477/2026-01-02/1763440858.json"
"365170","146153","2026-01-02","48.00","NZD","1763440858","23477/2026-01-02/1763440858.json"
"510807","146155","2026-01-02","52.00","NZD","1763440858","23477/2026-01-02/1763440858.json"
"581513","221281","2026-01-04","42.00","NZD","1763440858","23477/2026-01-04/1763440858.json"
"581514","221282","2026-01-04","42.00","NZD","1763440858","23477/2026-01-04/1763440858.json"
"512557","146154","2026-01-04","45.00","NZD","1763440858","23477/2026-01-04/1763440858.json"
"365170","146153","2026-01-04","48.00","NZD","1763440858","23477/2026-01-04/1763440858.json"
"510807","146155","2026-01-04","52.00","NZD","1763440858","23477/2026-01-04/1763440858.json"
"581513","221281","2026-01-03","42.00","NZD","1763440858","23477/2026-01-03/1763440858.json"
"581514","221282","2026-01-03","42.00","NZD","1763440858","23477/2026-01-03/1763440858.json"
"512557","146154","2026-01-03","45.00","NZD","1763440858","23477/2026-01-03/1763440858.json"
"365170","146153","2026-01-03","48.00","NZD","1763440858","23477/2026-01-03/1763440858.json"
"510807","146155","2026-01-03","52.00","NZD","1763440858","23477/2026-01-03/1763440858.json"
"581513","221281","2026-01-05","36.00","NZD","1763440858","23477/2026-01-05/1763440858.json"
"581514","221282","2026-01-05","36.00","NZD","1763440858","23477/2026-01-05/1763440858.json"
"512557","146154","2026-01-05","45.00","NZD","1763440858","23477/2026-01-05/1763440858.json"
"365170","146153","2026-01-05","48.00","NZD","1763440858","23477/2026-01-05/1763440858.json"
"510807","146155","2026-01-05","52.00","NZD","1763440858","23477/2026-01-05/1763440858.json"
"581513","221281","2026-01-06","36.00","NZD","1763440858","23477/2026-01-06/1763440858.json"
"581514","221282","2026-01-06","36.00","NZD","1763440858","23477/2026-01-06/1763440858.json"
"512557","146154","2026-01-06","45.00","NZD","1763440858","23477/2026-01-06/1763440858.json"
"365170","146153","2026-01-06","48.00","NZD","1763440858","23477/2026-01-06/1763440858.json"
"510807","146155","2026-01-06","52.00","NZD","1763440858","23477/2026-01-06/1763440858.json"
"581513","221281","2026-01-07","36.00","NZD","1763440858","23477/2026-01-07/1763440858.json"
"581514","221282","2026-01-07","36.00","NZD","1763440858","23477/2026-01-07/1763440858.json"
"512557","146154","2026-01-07","45.00","NZD","1763440858","23477/2026-01-07/1763440858.json"
"365170","146153","2026-01-07","48.00","NZD","1763440858","23477/2026-01-07/1763440858.json"
"510807","146155","2026-01-07","52.00","NZD","1763440858","23477/2026-01-07/1763440858.json"
"581513","221281","2026-01-08","36.00","NZD","1763440858","23477/2026-01-08/1763440858.json"
"581514","221282","2026-01-08","36.00","NZD","1763440858","23477/2026-01-08/1763440858.json"
"512557","146154","2026-01-08","45.00","NZD","1763440858","23477/2026-01-08/1763440858.json"
"365170","146153","2026-01-08","48.00","NZD","1763440858","23477/2026-01-08/1763440858.json"
"510807","146155","2026-01-08","52.00","NZD","1763440858","23477/2026-01-08/1763440858.json"
"581513","221281","2026-01-09","36.00","NZD","1763440858","23477/2026-01-09/1763440858.json"
"581514","221282","2026-01-09","36.00","NZD","1763440858","23477/2026-01-09/1763440858.json"
"512557","146154","2026-01-09","45.00","NZD","1763440858","23477/2026-01-09/1763440858.json"
"365170","146153","2026-01-09","48.00","NZD","1763440858","23477/2026-01-09/1763440858.json"
"510807","146155","2026-01-09","52.00","NZD","1763440858","23477/2026-01-09/1763440858.json"
"581513","221281","2026-01-10","36.00","NZD","1763440858","23477/2026-01-10/1763440858.json"
"581514","221282","2026-01-10","36.00","NZD","1763440858","23477/2026-01-10/1763440858.json"
"512557","146154","2026-01-10","45.00","NZD","1763440858","23477/2026-01-10/1763440858.json"
"365170","146153","2026-01-10","48.00","NZD","1763440858","23477/2026-01-10/1763440858.json"
"510807","146155","2026-01-10","52.00","NZD","1763440858","23477/2026-01-10/1763440858.json"
"581513","221281","2026-01-11","36.00","NZD","1763440858","23477/2026-01-11/1763440858.json"
"581514","221282","2026-01-11","36.00","NZD","1763440858","23477/2026-01-11/1763440858.json"
"512557","146154","2026-01-11","45.00","NZD","1763440858","23477/2026-01-11/1763440858.json"
"365170","146153","2026-01-11","48.00","NZD","1763440858","23477/2026-01-11/1763440858.json"
"510807","146155","2026-01-11","52.00","NZD","1763440858","23477/2026-01-11/1763440858.json"
"581513","221281","2026-01-12","36.00","NZD","1763440858","23477/2026-01-12/1763440858.json"
"581514","221282","2026-01-12","36.00","NZD","1763440858","23477/2026-01-12/1763440858.json"
"512557","146154","2026-01-12","45.00","NZD","1763440858","23477/2026-01-12/1763440858.json"
"365170","146153","2026-01-12","48.00","NZD","1763440858","23477/2026-01-12/1763440858.json"
"510807","146155","2026-01-12","52.00","NZD","1763440858","23477/2026-01-12/1763440858.json"
"581513","221281","2026-01-13","36.00","NZD","1763440858","23477/2026-01-13/1763440858.json"
"581514","221282","2026-01-13","36.00","NZD","1763440858","23477/2026-01-13/1763440858.json"
"512557","146154","2026-01-13","45.00","NZD","1763440858","23477/2026-01-13/1763440858.json"
"365170","146153","2026-01-13","48.00","NZD","1763440858","23477/2026-01-13/1763440858.json"
"510807","146155","2026-01-13","52.00","NZD","1763440858","23477/2026-01-13/1763440858.json"
"581513","221281","2026-01-14","36.00","NZD","1763440858","23477/2026-01-14/1763440858.json"
"581514","221282","2026-01-14","36.00","NZD","1763440858","23477/2026-01-14/1763440858.json"
"512557","146154","2026-01-14","45.00","NZD","1763440858","23477/2026-01-14/1763440858.json"
"365170","146153","2026-01-14","48.00","NZD","1763440858","23477/2026-01-14/1763440858.json"
"510807","146155","2026-01-14","52.00","NZD","1763440858","23477/2026-01-14/1763440858.json"
"581513","221281","2026-01-15","36.00","NZD","1763440858","23477/2026-01-15/1763440858.json"
"581514","221282","2026-01-15","36.00","NZD","1763440858","23477/2026-01-15/1763440858.json"
"512557","146154","2026-01-15","45.00","NZD","1763440858","23477/2026-01-15/1763440858.json"
"365170","146153","2026-01-15","48.00","NZD","1763440858","23477/2026-01-15/1763440858.json"
"510807","146155","2026-01-15","52.00","NZD","1763440858","23477/2026-01-15/1763440858.json"
"581513","221281","2026-01-16","36.00","NZD","1763440858","23477/2026-01-16/1763440858.json"
"581514","221282","2026-01-16","36.00","NZD","1763440858","23477/2026-01-16/1763440858.json"
"512557","146154","2026-01-16","45.00","NZD","1763440858","23477/2026-01-16/1763440858.json"
"365170","146153","2026-01-16","48.00","NZD","1763440858","23477/2026-01-16/1763440858.json"
"510807","146155","2026-01-16","52.00","NZD","1763440858","23477/2026-01-16/1763440858.json"
"581513","221281","2026-01-17","36.00","NZD","1763440858","23477/2026-01-17/1763440858.json"
"581514","221282","2026-01-17","36.00","NZD","1763440858","23477/2026-01-17/1763440858.json"
"512557","146154","2026-01-17","45.00","NZD","1763440858","23477/2026-01-17/1763440858.json"
"365170","146153","2026-01-17","48.00","NZD","1763440858","23477/2026-01-17/1763440858.json"
"510807","146155","2026-01-17","52.00","NZD","1763440858","23477/2026-01-17/1763440858.json"
"581513","221281","2025-11-18","36.00","NZD","1763455612","23477/2025-11-18/1763455612.json"
"581514","221282","2025-11-18","36.00","NZD","1763455612","23477/2025-11-18/1763455612.json"
"512557","146154","2025-11-18","45.00","NZD","1763455612","23477/2025-11-18/1763455612.json"
"365170","146153","2025-11-18","48.00","NZD","1763455612","23477/2025-11-18/1763455612.json"
"510807","146155","2025-11-18","52.00","NZD","1763455612","23477/2025-11-18/1763455612.json"
"581513","221281","2025-11-21","36.00","NZD","1763455612","23477/2025-11-21/1763455612.json"
"581514","221282","2025-11-21","36.00","NZD","1763455612","23477/2025-11-21/1763455612.json"
"512557","146154","2025-11-21","45.00","NZD","1763455612","23477/2025-11-21/1763455612.json"
"365170","146153","2025-11-21","48.00","NZD","1763455612","23477/2025-11-21/1763455612.json"
"510807","146155","2025-11-21","52.00","NZD","1763455612","23477/2025-11-21/1763455612.json"
"581513","221281","2025-11-20","36.00","NZD","1763455612","23477/2025-11-20/1763455612.json"
"581514","221282","2025-11-20","36.00","NZD","1763455612","23477/2025-11-20/1763455612.json"
"512557","146154","2025-11-20","45.00","NZD","1763455612","23477/2025-11-20/1763455612.json"
"365170","146153","2025-11-20","48.00","NZD","1763455612","23477/2025-11-20/1763455612.json"
"510807","146155","2025-11-20","52.00","NZD","1763455612","23477/2025-11-20/1763455612.json"
"581513","221281","2025-11-19","36.00","NZD","1763455612","23477/2025-11-19/1763455612.json"
"581514","221282","2025-11-19","36.00","NZD","1763455612","23477/2025-11-19/1763455612.json"
"512557","146154","2025-11-19","45.00","NZD","1763455612","23477/2025-11-19/1763455612.json"
"365170","146153","2025-11-19","48.00","NZD","1763455612","23477/2025-11-19/1763455612.json"
"510807","146155","2025-11-19","52.00","NZD","1763455612","23477/2025-11-19/1763455612.json"
"581513","221281","2025-11-23","36.00","NZD","1763455612","23477/2025-11-23/1763455612.json"
"581514","221282","2025-11-23","36.00","NZD","1763455612","23477/2025-11-23/1763455612.json"
"512557","146154","2025-11-23","45.00","NZD","1763455612","23477/2025-11-23/1763455612.json"
"365170","146153","2025-11-23","48.00","NZD","1763455612","23477/2025-11-23/1763455612.json"
"510807","146155","2025-11-23","52.00","NZD","1763455612","23477/2025-11-23/1763455612.json"
"581513","221281","2025-11-25","36.00","NZD","1763455612","23477/2025-11-25/1763455612.json"
"581514","221282","2025-11-25","36.00","NZD","1763455612","23477/2025-11-25/1763455612.json"
"512557","146154","2025-11-25","45.00","NZD","1763455612","23477/2025-11-25/1763455612.json"
"365170","146153","2025-11-25","48.00","NZD","1763455612","23477/2025-11-25/1763455612.json"
"510807","146155","2025-11-25","52.00","NZD","1763455612","23477/2025-11-25/1763455612.json"
"581513","221281","2025-11-24","36.00","NZD","1763455612","23477/2025-11-24/1763455612.json"
"581514","221282","2025-11-24","36.00","NZD","1763455612","23477/2025-11-24/1763455612.json"
"512557","146154","2025-11-24","45.00","NZD","1763455612","23477/2025-11-24/1763455612.json"
"365170","146153","2025-11-24","48.00","NZD","1763455612","23477/2025-11-24/1763455612.json"
"510807","146155","2025-11-24","52.00","NZD","1763455612","23477/2025-11-24/1763455612.json"
"581513","221281","2025-11-22","36.00","NZD","1763455612","23477/2025-11-22/1763455612.json"
"581514","221282","2025-11-22","36.00","NZD","1763455612","23477/2025-11-22/1763455612.json"
"512557","146154","2025-11-22","45.00","NZD","1763455612","23477/2025-11-22/1763455612.json"
"365170","146153","2025-11-22","48.00","NZD","1763455612","23477/2025-11-22/1763455612.json"
"510807","146155","2025-11-22","52.00","NZD","1763455612","23477/2025-11-22/1763455612.json"
"581513","221281","2025-11-26","36.00","NZD","1763455612","23477/2025-11-26/1763455612.json"
"581514","221282","2025-11-26","36.00","NZD","1763455612","23477/2025-11-26/1763455612.json"
"512557","146154","2025-11-26","45.00","NZD","1763455612","23477/2025-11-26/1763455612.json"
"365170","146153","2025-11-26","48.00","NZD","1763455612","23477/2025-11-26/1763455612.json"
"510807","146155","2025-11-26","52.00","NZD","1763455612","23477/2025-11-26/1763455612.json"
"581513","221281","2025-11-27","36.00","NZD","1763455612","23477/2025-11-27/1763455612.json"
"581514","221282","2025-11-27","36.00","NZD","1763455612","23477/2025-11-27/1763455612.json"
"512557","146154","2025-11-27","45.00","NZD","1763455612","23477/2025-11-27/1763455612.json"
"365170","146153","2025-11-27","48.00","NZD","1763455612","23477/2025-11-27/1763455612.json"
"510807","146155","2025-11-27","52.00","NZD","1763455612","23477/2025-11-27/1763455612.json"
"581513","221281","2025-11-28","36.00","NZD","1763455612","23477/2025-11-28/1763455612.json"
"581514","221282","2025-11-28","36.00","NZD","1763455612","23477/2025-11-28/1763455612.json"
"512557","146154","2025-11-28","45.00","NZD","1763455612","23477/2025-11-28/1763455612.json"
"365170","146153","2025-11-28","48.00","NZD","1763455612","23477/2025-11-28/1763455612.json"
"510807","146155","2025-11-28","52.00","NZD","1763455612","23477/2025-11-28/1763455612.json"
"581513","221281","2025-11-29","36.00","NZD","1763455612","23477/2025-11-29/1763455612.json"
"581514","221282","2025-11-29","36.00","NZD","1763455612","23477/2025-11-29/1763455612.json"
"512557","146154","2025-11-29","45.00","NZD","1763455612","23477/2025-11-29/1763455612.json"
"365170","146153","2025-11-29","48.00","NZD","1763455612","23477/2025-11-29/1763455612.json"
"510807","146155","2025-11-29","52.00","NZD","1763455612","23477/2025-11-29/1763455612.json"
"581513","221281","2025-11-30","36.00","NZD","1763455612","23477/2025-11-30/1763455612.json"
"581514","221282","2025-11-30","36.00","NZD","1763455612","23477/2025-11-30/1763455612.json"
"512557","146154","2025-11-30","45.00","NZD","1763455612","23477/2025-11-30/1763455612.json"
"365170","146153","2025-11-30","48.00","NZD","1763455612","23477/2025-11-30/1763455612.json"
"510807","146155","2025-11-30","52.00","NZD","1763455612","23477/2025-11-30/1763455612.json"
"581513","221281","2025-12-01","36.00","NZD","1763455612","23477/2025-12-01/1763455612.json"
"581514","221282","2025-12-01","36.00","NZD","1763455612","23477/2025-12-01/1763455612.json"
"512557","146154","2025-12-01","45.00","NZD","1763455612","23477/2025-12-01/1763455612.json"
"365170","146153","2025-12-01","48.00","NZD","1763455612","23477/2025-12-01/1763455612.json"
"510807","146155","2025-12-01","52.00","NZD","1763455612","23477/2025-12-01/1763455612.json"
"581513","221281","2025-12-03","36.00","NZD","1763455612","23477/2025-12-03/1763455612.json"
"581514","221282","2025-12-03","36.00","NZD","1763455612","23477/2025-12-03/1763455612.json"
"512557","146154","2025-12-03","45.00","NZD","1763455612","23477/2025-12-03/1763455612.json"
"365170","146153","2025-12-03","48.00","NZD","1763455612","23477/2025-12-03/1763455612.json"
"510807","146155","2025-12-03","52.00","NZD","1763455612","23477/2025-12-03/1763455612.json"
"581513","221281","2025-12-02","36.00","NZD","1763455612","23477/2025-12-02/1763455612.json"
"581514","221282","2025-12-02","36.00","NZD","1763455612","23477/2025-12-02/1763455612.json"
"512557","146154","2025-12-02","45.00","NZD","1763455612","23477/2025-12-02/1763455612.json"
"365170","146153","2025-12-02","48.00","NZD","1763455612","23477/2025-12-02/1763455612.json"
"510807","146155","2025-12-02","52.00","NZD","1763455612","23477/2025-12-02/1763455612.json"
"581513","221281","2025-12-04","36.00","NZD","1763455612","23477/2025-12-04/1763455612.json"
"581514","221282","2025-12-04","36.00","NZD","1763455612","23477/2025-12-04/1763455612.json"
"512557","146154","2025-12-04","45.00","NZD","1763455612","23477/2025-12-04/1763455612.json"
"365170","146153","2025-12-04","48.00","NZD","1763455612","23477/2025-12-04/1763455612.json"
"510807","146155","2025-12-04","52.00","NZD","1763455612","23477/2025-12-04/1763455612.json"
"581513","221281","2025-12-05","36.00","NZD","1763455612","23477/2025-12-05/1763455612.json"
"581514","221282","2025-12-05","36.00","NZD","1763455612","23477/2025-12-05/1763455612.json"
"512557","146154","2025-12-05","45.00","NZD","1763455612","23477/2025-12-05/1763455612.json"
"365170","146153","2025-12-05","48.00","NZD","1763455612","23477/2025-12-05/1763455612.json"
"510807","146155","2025-12-05","52.00","NZD","1763455612","23477/2025-12-05/1763455612.json"
"581513","221281","2025-12-07","36.00","NZD","1763455612","23477/2025-12-07/1763455612.json"
"581514","221282","2025-12-07","36.00","NZD","1763455612","23477/2025-12-07/1763455612.json"
"512557","146154","2025-12-07","45.00","NZD","1763455612","23477/2025-12-07/1763455612.json"
"365170","146153","2025-12-07","48.00","NZD","1763455612","23477/2025-12-07/1763455612.json"
"510807","146155","2025-12-07","52.00","NZD","1763455612","23477/2025-12-07/1763455612.json"
"581513","221281","2025-12-06","36.00","NZD","1763455612","23477/2025-12-06/1763455612.json"
"581514","221282","2025-12-06","36.00","NZD","1763455612","23477/2025-12-06/1763455612.json"
"512557","146154","2025-12-06","45.00","NZD","1763455612","23477/2025-12-06/1763455612.json"
"365170","146153","2025-12-06","48.00","NZD","1763455612","23477/2025-12-06/1763455612.json"
"510807","146155","2025-12-06","52.00","NZD","1763455612","23477/2025-12-06/1763455612.json"
"581513","221281","2025-12-08","36.00","NZD","1763455612","23477/2025-12-08/1763455612.json"
"581514","221282","2025-12-08","36.00","NZD","1763455612","23477/2025-12-08/1763455612.json"
"512557","146154","2025-12-08","45.00","NZD","1763455612","23477/2025-12-08/1763455612.json"
"365170","146153","2025-12-08","48.00","NZD","1763455612","23477/2025-12-08/1763455612.json"
"510807","146155","2025-12-08","52.00","NZD","1763455612","23477/2025-12-08/1763455612.json"
"581513","221281","2025-12-09","36.00","NZD","1763455612","23477/2025-12-09/1763455612.json"
"581514","221282","2025-12-09","36.00","NZD","1763455612","23477/2025-12-09/1763455612.json"
"512557","146154","2025-12-09","45.00","NZD","1763455612","23477/2025-12-09/1763455612.json"
"365170","146153","2025-12-09","48.00","NZD","1763455612","23477/2025-12-09/1763455612.json"
"510807","146155","2025-12-09","52.00","NZD","1763455612","23477/2025-12-09/1763455612.json"
"581513","221281","2025-12-11","36.00","NZD","1763455612","23477/2025-12-11/1763455612.json"
"581514","221282","2025-12-11","36.00","NZD","1763455612","23477/2025-12-11/1763455612.json"
"512557","146154","2025-12-11","45.00","NZD","1763455612","23477/2025-12-11/1763455612.json"
"365170","146153","2025-12-11","48.00","NZD","1763455612","23477/2025-12-11/1763455612.json"
"510807","146155","2025-12-11","52.00","NZD","1763455612","23477/2025-12-11/1763455612.json"
"581513","221281","2025-12-10","36.00","NZD","1763455612","23477/2025-12-10/1763455612.json"
"581514","221282","2025-12-10","36.00","NZD","1763455612","23477/2025-12-10/1763455612.json"
"512557","146154","2025-12-10","45.00","NZD","1763455612","23477/2025-12-10/1763455612.json"
"365170","146153","2025-12-10","48.00","NZD","1763455612","23477/2025-12-10/1763455612.json"
"510807","146155","2025-12-10","52.00","NZD","1763455612","23477/2025-12-10/1763455612.json"
"581513","221281","2025-12-12","36.00","NZD","1763455612","23477/2025-12-12/1763455612.json"
"581514","221282","2025-12-12","36.00","NZD","1763455612","23477/2025-12-12/1763455612.json"
"512557","146154","2025-12-12","45.00","NZD","1763455612","23477/2025-12-12/1763455612.json"
"365170","146153","2025-12-12","48.00","NZD","1763455612","23477/2025-12-12/1763455612.json"
"510807","146155","2025-12-12","52.00","NZD","1763455612","23477/2025-12-12/1763455612.json"
"581513","221281","2025-12-13","36.00","NZD","1763455612","23477/2025-12-13/1763455612.json"
"581514","221282","2025-12-13","36.00","NZD","1763455612","23477/2025-12-13/1763455612.json"
"512557","146154","2025-12-13","45.00","NZD","1763455612","23477/2025-12-13/1763455612.json"
"365170","146153","2025-12-13","48.00","NZD","1763455612","23477/2025-12-13/1763455612.json"
"510807","146155","2025-12-13","52.00","NZD","1763455612","23477/2025-12-13/1763455612.json"
"581513","221281","2025-12-14","36.00","NZD","1763455612","23477/2025-12-14/1763455612.json"
"581514","221282","2025-12-14","36.00","NZD","1763455612","23477/2025-12-14/1763455612.json"
"512557","146154","2025-12-14","45.00","NZD","1763455612","23477/2025-12-14/1763455612.json"
"365170","146153","2025-12-14","48.00","NZD","1763455612","23477/2025-12-14/1763455612.json"
"510807","146155","2025-12-14","52.00","NZD","1763455612","23477/2025-12-14/1763455612.json"
"581513","221281","2025-12-15","36.00","NZD","1763455612","23477/2025-12-15/1763455612.json"
"581514","221282","2025-12-15","36.00","NZD","1763455612","23477/2025-12-15/1763455612.json"
"512557","146154","2025-12-15","45.00","NZD","1763455612","23477/2025-12-15/1763455612.json"
"365170","146153","2025-12-15","48.00","NZD","1763455612","23477/2025-12-15/1763455612.json"
"510807","146155","2025-12-15","52.00","NZD","1763455612","23477/2025-12-15/1763455612.json"
"581513","221281","2025-12-16","36.00","NZD","1763455612","23477/2025-12-16/1763455612.json"
"581514","221282","2025-12-16","36.00","NZD","1763455612","23477/2025-12-16/1763455612.json"
"512557","146154","2025-12-16","45.00","NZD","1763455612","23477/2025-12-16/1763455612.json"
"365170","146153","2025-12-16","48.00","NZD","1763455612","23477/2025-12-16/1763455612.json"
"510807","146155","2025-12-16","52.00","NZD","1763455612","23477/2025-12-16/1763455612.json"
"581513","221281","2025-12-17","36.00","NZD","1763455612","23477/2025-12-17/1763455612.json"
"581514","221282","2025-12-17","36.00","NZD","1763455612","23477/2025-12-17/1763455612.json"
"512557","146154","2025-12-17","45.00","NZD","1763455612","23477/2025-12-17/1763455612.json"
"365170","146153","2025-12-17","48.00","NZD","1763455612","23477/2025-12-17/1763455612.json"
"510807","146155","2025-12-17","52.00","NZD","1763455612","23477/2025-12-17/1763455612.json"
"581513","221281","2025-12-18","36.00","NZD","1763455612","23477/2025-12-18/1763455612.json"
"581514","221282","2025-12-18","36.00","NZD","1763455612","23477/2025-12-18/1763455612.json"
"512557","146154","2025-12-18","45.00","NZD","1763455612","23477/2025-12-18/1763455612.json"
"365170","146153","2025-12-18","48.00","NZD","1763455612","23477/2025-12-18/1763455612.json"
"510807","146155","2025-12-18","52.00","NZD","1763455612","23477/2025-12-18/1763455612.json"
"581513","221281","2025-12-19","36.00","NZD","1763455612","23477/2025-12-19/1763455612.json"
"581514","221282","2025-12-19","36.00","NZD","1763455612","23477/2025-12-19/1763455612.json"
"512557","146154","2025-12-19","45.00","NZD","1763455612","23477/2025-12-19/1763455612.json"
"365170","146153","2025-12-19","48.00","NZD","1763455612","23477/2025-12-19/1763455612.json"
"510807","146155","2025-12-19","52.00","NZD","1763455612","23477/2025-12-19/1763455612.json"
"581513","221281","2025-12-20","36.00","NZD","1763455612","23477/2025-12-20/1763455612.json"
"581514","221282","2025-12-20","36.00","NZD","1763455612","23477/2025-12-20/1763455612.json"
"512557","146154","2025-12-20","45.00","NZD","1763455612","23477/2025-12-20/1763455612.json"
"365170","146153","2025-12-20","48.00","NZD","1763455612","23477/2025-12-20/1763455612.json"
"510807","146155","2025-12-20","52.00","NZD","1763455612","23477/2025-12-20/1763455612.json"
"581513","221281","2025-12-21","36.00","NZD","1763455612","23477/2025-12-21/1763455612.json"
"581514","221282","2025-12-21","36.00","NZD","1763455612","23477/2025-12-21/1763455612.json"
"512557","146154","2025-12-21","45.00","NZD","1763455612","23477/2025-12-21/1763455612.json"
"365170","146153","2025-12-21","48.00","NZD","1763455612","23477/2025-12-21/1763455612.json"
"510807","146155","2025-12-21","52.00","NZD","1763455612","23477/2025-12-21/1763455612.json"
"581513","221281","2025-12-23","38.00","NZD","1763455612","23477/2025-12-23/1763455612.json"
"581514","221282","2025-12-23","38.00","NZD","1763455612","23477/2025-12-23/1763455612.json"
"512557","146154","2025-12-23","45.00","NZD","1763455612","23477/2025-12-23/1763455612.json"
"365170","146153","2025-12-23","48.00","NZD","1763455612","23477/2025-12-23/1763455612.json"
"510807","146155","2025-12-23","52.00","NZD","1763455612","23477/2025-12-23/1763455612.json"
"581513","221281","2025-12-22","36.00","NZD","1763455612","23477/2025-12-22/1763455612.json"
"581514","221282","2025-12-22","36.00","NZD","1763455612","23477/2025-12-22/1763455612.json"
"512557","146154","2025-12-22","45.00","NZD","1763455612","23477/2025-12-22/1763455612.json"
"365170","146153","2025-12-22","48.00","NZD","1763455612","23477/2025-12-22/1763455612.json"
"510807","146155","2025-12-22","52.00","NZD","1763455612","23477/2025-12-22/1763455612.json"
"581513","221281","2025-12-24","38.00","NZD","1763455612","23477/2025-12-24/1763455612.json"
"581514","221282","2025-12-24","38.00","NZD","1763455612","23477/2025-12-24/1763455612.json"
"512557","146154","2025-12-24","45.00","NZD","1763455612","23477/2025-12-24/1763455612.json"
"365170","146153","2025-12-24","48.00","NZD","1763455612","23477/2025-12-24/1763455612.json"
"510807","146155","2025-12-24","52.00","NZD","1763455612","23477/2025-12-24/1763455612.json"
"581513","221281","2025-12-25","38.00","NZD","1763455612","23477/2025-12-25/1763455612.json"
"581514","221282","2025-12-25","38.00","NZD","1763455612","23477/2025-12-25/1763455612.json"
"512557","146154","2025-12-25","45.00","NZD","1763455612","23477/2025-12-25/1763455612.json"
"365170","146153","2025-12-25","48.00","NZD","1763455612","23477/2025-12-25/1763455612.json"
"510807","146155","2025-12-25","52.00","NZD","1763455612","23477/2025-12-25/1763455612.json"
"581513","221281","2025-12-27","42.00","NZD","1763455612","23477/2025-12-27/1763455612.json"
"581514","221282","2025-12-27","42.00","NZD","1763455612","23477/2025-12-27/1763455612.json"
"512557","146154","2025-12-27","45.00","NZD","1763455612","23477/2025-12-27/1763455612.json"
"365170","146153","2025-12-27","48.00","NZD","1763455612","23477/2025-12-27/1763455612.json"
"510807","146155","2025-12-27","52.00","NZD","1763455612","23477/2025-12-27/1763455612.json"
"581513","221281","2025-12-29","42.00","NZD","1763455612","23477/2025-12-29/1763455612.json"
"581514","221282","2025-12-29","42.00","NZD","1763455612","23477/2025-12-29/1763455612.json"
"512557","146154","2025-12-29","45.00","NZD","1763455612","23477/2025-12-29/1763455612.json"
"365170","146153","2025-12-29","48.00","NZD","1763455612","23477/2025-12-29/1763455612.json"
"510807","146155","2025-12-29","52.00","NZD","1763455612","23477/2025-12-29/1763455612.json"
"581513","221281","2025-12-26","42.00","NZD","1763455612","23477/2025-12-26/1763455612.json"
"581514","221282","2025-12-26","42.00","NZD","1763455612","23477/2025-12-26/1763455612.json"
"512557","146154","2025-12-26","45.00","NZD","1763455612","23477/2025-12-26/1763455612.json"
"365170","146153","2025-12-26","48.00","NZD","1763455612","23477/2025-12-26/1763455612.json"
"510807","146155","2025-12-26","52.00","NZD","1763455612","23477/2025-12-26/1763455612.json"
"581513","221281","2025-12-28","42.00","NZD","1763455612","23477/2025-12-28/1763455612.json"
"581514","221282","2025-12-28","42.00","NZD","1763455612","23477/2025-12-28/1763455612.json"
"512557","146154","2025-12-28","45.00","NZD","1763455612","23477/2025-12-28/1763455612.json"
"365170","146153","2025-12-28","48.00","NZD","1763455612","23477/2025-12-28/1763455612.json"
"510807","146155","2025-12-28","52.00","NZD","1763455612","23477/2025-12-28/1763455612.json"
"581513","221281","2025-12-31","42.00","NZD","1763455612","23477/2025-12-31/1763455612.json"
"581514","221282","2025-12-31","42.00","NZD","1763455612","23477/2025-12-31/1763455612.json"
"512557","146154","2025-12-31","45.00","NZD","1763455612","23477/2025-12-31/1763455612.json"
"365170","146153","2025-12-31","48.00","NZD","1763455612","23477/2025-12-31/1763455612.json"
"510807","146155","2025-12-31","52.00","NZD","1763455612","23477/2025-12-31/1763455612.json"
"581513","221281","2026-01-02","42.00","NZD","1763455612","23477/2026-01-02/1763455612.json"
"581514","221282","2026-01-02","42.00","NZD","1763455612","23477/2026-01-02/1763455612.json"
"512557","146154","2026-01-02","45.00","NZD","1763455612","23477/2026-01-02/1763455612.json"
"365170","146153","2026-01-02","48.00","NZD","1763455612","23477/2026-01-02/1763455612.json"
"510807","146155","2026-01-02","52.00","NZD","1763455612","23477/2026-01-02/1763455612.json"
"581513","221281","2026-01-01","42.00","NZD","1763455612","23477/2026-01-01/1763455612.json"
"581514","221282","2026-01-01","42.00","NZD","1763455612","23477/2026-01-01/1763455612.json"
"512557","146154","2026-01-01","45.00","NZD","1763455612","23477/2026-01-01/1763455612.json"
"365170","146153","2026-01-01","48.00","NZD","1763455612","23477/2026-01-01/1763455612.json"
"510807","146155","2026-01-01","52.00","NZD","1763455612","23477/2026-01-01/1763455612.json"
"581513","221281","2025-12-30","42.00","NZD","1763455612","23477/2025-12-30/1763455612.json"
"581514","221282","2025-12-30","42.00","NZD","1763455612","23477/2025-12-30/1763455612.json"
"512557","146154","2025-12-30","45.00","NZD","1763455612","23477/2025-12-30/1763455612.json"
"365170","146153","2025-12-30","48.00","NZD","1763455612","23477/2025-12-30/1763455612.json"
"510807","146155","2025-12-30","52.00","NZD","1763455612","23477/2025-12-30/1763455612.json"
"581513","221281","2026-01-04","42.00","NZD","1763455612","23477/2026-01-04/1763455612.json"
"581514","221282","2026-01-04","42.00","NZD","1763455612","23477/2026-01-04/1763455612.json"
"512557","146154","2026-01-04","45.00","NZD","1763455612","23477/2026-01-04/1763455612.json"
"365170","146153","2026-01-04","48.00","NZD","1763455612","23477/2026-01-04/1763455612.json"
"510807","146155","2026-01-04","52.00","NZD","1763455612","23477/2026-01-04/1763455612.json"
"581513","221281","2026-01-03","42.00","NZD","1763455612","23477/2026-01-03/1763455612.json"
"581514","221282","2026-01-03","42.00","NZD","1763455612","23477/2026-01-03/1763455612.json"
"512557","146154","2026-01-03","45.00","NZD","1763455612","23477/2026-01-03/1763455612.json"
"365170","146153","2026-01-03","48.00","NZD","1763455612","23477/2026-01-03/1763455612.json"
"510807","146155","2026-01-03","52.00","NZD","1763455612","23477/2026-01-03/1763455612.json"
"581513","221281","2026-01-05","36.00","NZD","1763455612","23477/2026-01-05/1763455612.json"
"581514","221282","2026-01-05","36.00","NZD","1763455612","23477/2026-01-05/1763455612.json"
"512557","146154","2026-01-05","45.00","NZD","1763455612","23477/2026-01-05/1763455612.json"
"365170","146153","2026-01-05","48.00","NZD","1763455612","23477/2026-01-05/1763455612.json"
"510807","146155","2026-01-05","52.00","NZD","1763455612","23477/2026-01-05/1763455612.json"
"581513","221281","2026-01-06","36.00","NZD","1763455612","23477/2026-01-06/1763455612.json"
"581514","221282","2026-01-06","36.00","NZD","1763455612","23477/2026-01-06/1763455612.json"
"512557","146154","2026-01-06","45.00","NZD","1763455612","23477/2026-01-06/1763455612.json"
"365170","146153","2026-01-06","48.00","NZD","1763455612","23477/2026-01-06/1763455612.json"
"510807","146155","2026-01-06","52.00","NZD","1763455612","23477/2026-01-06/1763455612.json"
"581513","221281","2026-01-07","36.00","NZD","1763455612","23477/2026-01-07/1763455612.json"
"581514","221282","2026-01-07","36.00","NZD","1763455612","23477/2026-01-07/1763455612.json"
"512557","146154","2026-01-07","45.00","NZD","1763455612","23477/2026-01-07/1763455612.json"
"365170","146153","2026-01-07","48.00","NZD","1763455612","23477/2026-01-07/1763455612.json"
"510807","146155","2026-01-07","52.00","NZD","1763455612","23477/2026-01-07/1763455612.json"
"581513","221281","2026-01-08","36.00","NZD","1763455612","23477/2026-01-08/1763455612.json"
"581514","221282","2026-01-08","36.00","NZD","1763455612","23477/2026-01-08/1763455612.json"
"512557","146154","2026-01-08","45.00","NZD","1763455612","23477/2026-01-08/1763455612.json"
"365170","146153","2026-01-08","48.00","NZD","1763455612","23477/2026-01-08/1763455612.json"
"510807","146155","2026-01-08","52.00","NZD","1763455612","23477/2026-01-08/1763455612.json"
"581513","221281","2026-01-09","36.00","NZD","1763455612","23477/2026-01-09/1763455612.json"
"581514","221282","2026-01-09","36.00","NZD","1763455612","23477/2026-01-09/1763455612.json"
"512557","146154","2026-01-09","45.00","NZD","1763455612","23477/2026-01-09/1763455612.json"
"365170","146153","2026-01-09","48.00","NZD","1763455612","23477/2026-01-09/1763455612.json"
"510807","146155","2026-01-09","52.00","NZD","1763455612","23477/2026-01-09/1763455612.json"
"581513","221281","2026-01-10","36.00","NZD","1763455612","23477/2026-01-10/1763455612.json"
"581514","221282","2026-01-10","36.00","NZD","1763455612","23477/2026-01-10/1763455612.json"
"512557","146154","2026-01-10","45.00","NZD","1763455612","23477/2026-01-10/1763455612.json"
"365170","146153","2026-01-10","48.00","NZD","1763455612","23477/2026-01-10/1763455612.json"
"510807","146155","2026-01-10","52.00","NZD","1763455612","23477/2026-01-10/1763455612.json"
"581513","221281","2026-01-12","36.00","NZD","1763455612","23477/2026-01-12/1763455612.json"
"581514","221282","2026-01-12","36.00","NZD","1763455612","23477/2026-01-12/1763455612.json"
"512557","146154","2026-01-12","45.00","NZD","1763455612","23477/2026-01-12/1763455612.json"
"365170","146153","2026-01-12","48.00","NZD","1763455612","23477/2026-01-12/1763455612.json"
"510807","146155","2026-01-12","52.00","NZD","1763455612","23477/2026-01-12/1763455612.json"
"581513","221281","2026-01-13","36.00","NZD","1763455612","23477/2026-01-13/1763455612.json"
"581514","221282","2026-01-13","36.00","NZD","1763455612","23477/2026-01-13/1763455612.json"
"512557","146154","2026-01-13","45.00","NZD","1763455612","23477/2026-01-13/1763455612.json"
"365170","146153","2026-01-13","48.00","NZD","1763455612","23477/2026-01-13/1763455612.json"
"510807","146155","2026-01-13","52.00","NZD","1763455612","23477/2026-01-13/1763455612.json"
"581513","221281","2026-01-11","36.00","NZD","1763455612","23477/2026-01-11/1763455612.json"
"581514","221282","2026-01-11","36.00","NZD","1763455612","23477/2026-01-11/1763455612.json"
"512557","146154","2026-01-11","45.00","NZD","1763455612","23477/2026-01-11/1763455612.json"
"365170","146153","2026-01-11","48.00","NZD","1763455612","23477/2026-01-11/1763455612.json"
"510807","146155","2026-01-11","52.00","NZD","1763455612","23477/2026-01-11/1763455612.json"
"581513","221281","2026-01-14","36.00","NZD","1763455612","23477/2026-01-14/1763455612.json"
"581514","221282","2026-01-14","36.00","NZD","1763455612","23477/2026-01-14/1763455612.json"
"512557","146154","2026-01-14","45.00","NZD","1763455612","23477/2026-01-14/1763455612.json"
"365170","146153","2026-01-14","48.00","NZD","1763455612","23477/2026-01-14/1763455612.json"
"510807","146155","2026-01-14","52.00","NZD","1763455612","23477/2026-01-14/1763455612.json"
"581513","221281","2026-01-16","36.00","NZD","1763455612","23477/2026-01-16/1763455612.json"
"581514","221282","2026-01-16","36.00","NZD","1763455612","23477/2026-01-16/1763455612.json"
"512557","146154","2026-01-16","45.00","NZD","1763455612","23477/2026-01-16/1763455612.json"
"365170","146153","2026-01-16","48.00","NZD","1763455612","23477/2026-01-16/1763455612.json"
"510807","146155","2026-01-16","52.00","NZD","1763455612","23477/2026-01-16/1763455612.json"
"581513","221281","2026-01-17","36.00","NZD","1763455612","23477/2026-01-17/1763455612.json"
"581514","221282","2026-01-17","36.00","NZD","1763455612","23477/2026-01-17/1763455612.json"
"512557","146154","2026-01-17","45.00","NZD","1763455612","23477/2026-01-17/1763455612.json"
"365170","146153","2026-01-17","48.00","NZD","1763455612","23477/2026-01-17/1763455612.json"
"510807","146155","2026-01-17","52.00","NZD","1763455612","23477/2026-01-17/1763455612.json"
"581513","221281","2026-01-15","36.00","NZD","1763455612","23477/2026-01-15/1763455612.json"
"581514","221282","2026-01-15","36.00","NZD","1763455612","23477/2026-01-15/1763455612.json"
"512557","146154","2026-01-15","45.00","NZD","1763455612","23477/2026-01-15/1763455612.json"
"365170","146153","2026-01-15","48.00","NZD","1763455612","23477/2026-01-15/1763455612.json"
"510807","146155","2026-01-15","52.00","NZD","1763455612","23477/2026-01-15/1763455612.json"
"581513","221281","2025-11-19","36.00","NZD","1763484499","23477/2025-11-19/1763484499.json"
"581514","221282","2025-11-19","36.00","NZD","1763484499","23477/2025-11-19/1763484499.json"
"581513","221281","2025-11-21","36.00","NZD","1763484499","23477/2025-11-21/1763484499.json"
"512557","146154","2025-11-19","45.00","NZD","1763484499","23477/2025-11-19/1763484499.json"
"581514","221282","2025-11-21","36.00","NZD","1763484499","23477/2025-11-21/1763484499.json"
"365170","146153","2025-11-19","48.00","NZD","1763484499","23477/2025-11-19/1763484499.json"
"512557","146154","2025-11-21","45.00","NZD","1763484499","23477/2025-11-21/1763484499.json"
"365170","146153","2025-11-21","48.00","NZD","1763484499","23477/2025-11-21/1763484499.json"
"510807","146155","2025-11-19","52.00","NZD","1763484499","23477/2025-11-19/1763484499.json"
"510807","146155","2025-11-21","52.00","NZD","1763484499","23477/2025-11-21/1763484499.json"
"581513","221281","2025-11-20","36.00","NZD","1763484499","23477/2025-11-20/1763484499.json"
"581514","221282","2025-11-20","36.00","NZD","1763484499","23477/2025-11-20/1763484499.json"
"512557","146154","2025-11-20","45.00","NZD","1763484499","23477/2025-11-20/1763484499.json"
"365170","146153","2025-11-20","48.00","NZD","1763484499","23477/2025-11-20/1763484499.json"
"510807","146155","2025-11-20","52.00","NZD","1763484499","23477/2025-11-20/1763484499.json"
"581513","221281","2025-11-22","36.00","NZD","1763484499","23477/2025-11-22/1763484499.json"
"581514","221282","2025-11-22","36.00","NZD","1763484499","23477/2025-11-22/1763484499.json"
"512557","146154","2025-11-22","45.00","NZD","1763484499","23477/2025-11-22/1763484499.json"
"365170","146153","2025-11-22","48.00","NZD","1763484499","23477/2025-11-22/1763484499.json"
"510807","146155","2025-11-22","52.00","NZD","1763484499","23477/2025-11-22/1763484499.json"
"581513","221281","2025-11-23","36.00","NZD","1763484499","23477/2025-11-23/1763484499.json"
"581514","221282","2025-11-23","36.00","NZD","1763484499","23477/2025-11-23/1763484499.json"
"512557","146154","2025-11-23","45.00","NZD","1763484499","23477/2025-11-23/1763484499.json"
"365170","146153","2025-11-23","48.00","NZD","1763484499","23477/2025-11-23/1763484499.json"
"510807","146155","2025-11-23","52.00","NZD","1763484499","23477/2025-11-23/1763484499.json"
"581513","221281","2025-11-24","36.00","NZD","1763484499","23477/2025-11-24/1763484499.json"
"581514","221282","2025-11-24","36.00","NZD","1763484499","23477/2025-11-24/1763484499.json"
"512557","146154","2025-11-24","45.00","NZD","1763484499","23477/2025-11-24/1763484499.json"
"365170","146153","2025-11-24","48.00","NZD","1763484499","23477/2025-11-24/1763484499.json"
"510807","146155","2025-11-24","52.00","NZD","1763484499","23477/2025-11-24/1763484499.json"
"581513","221281","2025-11-25","36.00","NZD","1763484499","23477/2025-11-25/1763484499.json"
"581514","221282","2025-11-25","36.00","NZD","1763484499","23477/2025-11-25/1763484499.json"
"512557","146154","2025-11-25","45.00","NZD","1763484499","23477/2025-11-25/1763484499.json"
"365170","146153","2025-11-25","48.00","NZD","1763484499","23477/2025-11-25/1763484499.json"
"510807","146155","2025-11-25","52.00","NZD","1763484499","23477/2025-11-25/1763484499.json"
"581513","221281","2025-11-26","36.00","NZD","1763484499","23477/2025-11-26/1763484499.json"
"581514","221282","2025-11-26","36.00","NZD","1763484499","23477/2025-11-26/1763484499.json"
"512557","146154","2025-11-26","45.00","NZD","1763484499","23477/2025-11-26/1763484499.json"
"365170","146153","2025-11-26","48.00","NZD","1763484499","23477/2025-11-26/1763484499.json"
"510807","146155","2025-11-26","52.00","NZD","1763484499","23477/2025-11-26/1763484499.json"
"581513","221281","2025-11-27","36.00","NZD","1763484499","23477/2025-11-27/1763484499.json"
"581514","221282","2025-11-27","36.00","NZD","1763484499","23477/2025-11-27/1763484499.json"
"512557","146154","2025-11-27","45.00","NZD","1763484499","23477/2025-11-27/1763484499.json"
"365170","146153","2025-11-27","48.00","NZD","1763484499","23477/2025-11-27/1763484499.json"
"510807","146155","2025-11-27","52.00","NZD","1763484499","23477/2025-11-27/1763484499.json"
"581513","221281","2025-11-29","36.00","NZD","1763484499","23477/2025-11-29/1763484499.json"
"581514","221282","2025-11-29","36.00","NZD","1763484499","23477/2025-11-29/1763484499.json"
"512557","146154","2025-11-29","45.00","NZD","1763484499","23477/2025-11-29/1763484499.json"
"365170","146153","2025-11-29","48.00","NZD","1763484499","23477/2025-11-29/1763484499.json"
"510807","146155","2025-11-29","52.00","NZD","1763484499","23477/2025-11-29/1763484499.json"
"581513","221281","2025-11-28","36.00","NZD","1763484499","23477/2025-11-28/1763484499.json"
"581513","221281","2025-11-30","36.00","NZD","1763484499","23477/2025-11-30/1763484499.json"
"581514","221282","2025-11-30","36.00","NZD","1763484499","23477/2025-11-30/1763484499.json"
"581514","221282","2025-11-28","36.00","NZD","1763484499","23477/2025-11-28/1763484499.json"
"512557","146154","2025-11-30","45.00","NZD","1763484499","23477/2025-11-30/1763484499.json"
"365170","146153","2025-11-30","48.00","NZD","1763484499","23477/2025-11-30/1763484499.json"
"512557","146154","2025-11-28","45.00","NZD","1763484499","23477/2025-11-28/1763484499.json"
"510807","146155","2025-11-30","52.00","NZD","1763484499","23477/2025-11-30/1763484499.json"
"365170","146153","2025-11-28","48.00","NZD","1763484499","23477/2025-11-28/1763484499.json"
"510807","146155","2025-11-28","52.00","NZD","1763484499","23477/2025-11-28/1763484499.json"
"581513","221281","2025-12-01","36.00","NZD","1763484499","23477/2025-12-01/1763484499.json"
"581514","221282","2025-12-01","36.00","NZD","1763484499","23477/2025-12-01/1763484499.json"
"512557","146154","2025-12-01","45.00","NZD","1763484499","23477/2025-12-01/1763484499.json"
"365170","146153","2025-12-01","48.00","NZD","1763484499","23477/2025-12-01/1763484499.json"
"510807","146155","2025-12-01","52.00","NZD","1763484499","23477/2025-12-01/1763484499.json"
"581513","221281","2025-12-02","36.00","NZD","1763484499","23477/2025-12-02/1763484499.json"
"581514","221282","2025-12-02","36.00","NZD","1763484499","23477/2025-12-02/1763484499.json"
"512557","146154","2025-12-02","45.00","NZD","1763484499","23477/2025-12-02/1763484499.json"
"365170","146153","2025-12-02","48.00","NZD","1763484499","23477/2025-12-02/1763484499.json"
"510807","146155","2025-12-02","52.00","NZD","1763484499","23477/2025-12-02/1763484499.json"
"581513","221281","2025-12-03","36.00","NZD","1763484499","23477/2025-12-03/1763484499.json"
"581514","221282","2025-12-03","36.00","NZD","1763484499","23477/2025-12-03/1763484499.json"
"512557","146154","2025-12-03","45.00","NZD","1763484499","23477/2025-12-03/1763484499.json"
"365170","146153","2025-12-03","48.00","NZD","1763484499","23477/2025-12-03/1763484499.json"
"510807","146155","2025-12-03","52.00","NZD","1763484499","23477/2025-12-03/1763484499.json"
"581513","221281","2025-12-04","36.00","NZD","1763484499","23477/2025-12-04/1763484499.json"
"581514","221282","2025-12-04","36.00","NZD","1763484499","23477/2025-12-04/1763484499.json"
"512557","146154","2025-12-04","45.00","NZD","1763484499","23477/2025-12-04/1763484499.json"
"365170","146153","2025-12-04","48.00","NZD","1763484499","23477/2025-12-04/1763484499.json"
"510807","146155","2025-12-04","52.00","NZD","1763484499","23477/2025-12-04/1763484499.json"
"581513","221281","2025-12-05","36.00","NZD","1763484499","23477/2025-12-05/1763484499.json"
"581514","221282","2025-12-05","36.00","NZD","1763484499","23477/2025-12-05/1763484499.json"
"512557","146154","2025-12-05","45.00","NZD","1763484499","23477/2025-12-05/1763484499.json"
"365170","146153","2025-12-05","48.00","NZD","1763484499","23477/2025-12-05/1763484499.json"
"510807","146155","2025-12-05","52.00","NZD","1763484499","23477/2025-12-05/1763484499.json"
"581513","221281","2025-12-06","36.00","NZD","1763484499","23477/2025-12-06/1763484499.json"
"581514","221282","2025-12-06","36.00","NZD","1763484499","23477/2025-12-06/1763484499.json"
"512557","146154","2025-12-06","45.00","NZD","1763484499","23477/2025-12-06/1763484499.json"
"365170","146153","2025-12-06","48.00","NZD","1763484499","23477/2025-12-06/1763484499.json"
"510807","146155","2025-12-06","52.00","NZD","1763484499","23477/2025-12-06/1763484499.json"
"581513","221281","2025-12-08","36.00","NZD","1763484499","23477/2025-12-08/1763484499.json"
"581514","221282","2025-12-08","36.00","NZD","1763484499","23477/2025-12-08/1763484499.json"
"512557","146154","2025-12-08","45.00","NZD","1763484499","23477/2025-12-08/1763484499.json"
"365170","146153","2025-12-08","48.00","NZD","1763484499","23477/2025-12-08/1763484499.json"
"510807","146155","2025-12-08","52.00","NZD","1763484499","23477/2025-12-08/1763484499.json"
"581513","221281","2025-12-07","36.00","NZD","1763484499","23477/2025-12-07/1763484499.json"
"581514","221282","2025-12-07","36.00","NZD","1763484499","23477/2025-12-07/1763484499.json"
"512557","146154","2025-12-07","45.00","NZD","1763484499","23477/2025-12-07/1763484499.json"
"365170","146153","2025-12-07","48.00","NZD","1763484499","23477/2025-12-07/1763484499.json"
"510807","146155","2025-12-07","52.00","NZD","1763484499","23477/2025-12-07/1763484499.json"
"581513","221281","2025-12-09","36.00","NZD","1763484499","23477/2025-12-09/1763484499.json"
"581514","221282","2025-12-09","36.00","NZD","1763484499","23477/2025-12-09/1763484499.json"
"512557","146154","2025-12-09","45.00","NZD","1763484499","23477/2025-12-09/1763484499.json"
"365170","146153","2025-12-09","48.00","NZD","1763484499","23477/2025-12-09/1763484499.json"
"510807","146155","2025-12-09","52.00","NZD","1763484499","23477/2025-12-09/1763484499.json"
"581513","221281","2025-12-10","36.00","NZD","1763484499","23477/2025-12-10/1763484499.json"
"581514","221282","2025-12-10","36.00","NZD","1763484499","23477/2025-12-10/1763484499.json"
"512557","146154","2025-12-10","45.00","NZD","1763484499","23477/2025-12-10/1763484499.json"
"365170","146153","2025-12-10","48.00","NZD","1763484499","23477/2025-12-10/1763484499.json"
"510807","146155","2025-12-10","52.00","NZD","1763484499","23477/2025-12-10/1763484499.json"
"581513","221281","2025-12-11","36.00","NZD","1763484499","23477/2025-12-11/1763484499.json"
"581514","221282","2025-12-11","36.00","NZD","1763484499","23477/2025-12-11/1763484499.json"
"512557","146154","2025-12-11","45.00","NZD","1763484499","23477/2025-12-11/1763484499.json"
"365170","146153","2025-12-11","48.00","NZD","1763484499","23477/2025-12-11/1763484499.json"
"510807","146155","2025-12-11","52.00","NZD","1763484499","23477/2025-12-11/1763484499.json"
"581513","221281","2025-12-12","36.00","NZD","1763484499","23477/2025-12-12/1763484499.json"
"581514","221282","2025-12-12","36.00","NZD","1763484499","23477/2025-12-12/1763484499.json"
"512557","146154","2025-12-12","45.00","NZD","1763484499","23477/2025-12-12/1763484499.json"
"365170","146153","2025-12-12","48.00","NZD","1763484499","23477/2025-12-12/1763484499.json"
"510807","146155","2025-12-12","52.00","NZD","1763484499","23477/2025-12-12/1763484499.json"
"581513","221281","2025-12-13","36.00","NZD","1763484499","23477/2025-12-13/1763484499.json"
"581514","221282","2025-12-13","36.00","NZD","1763484499","23477/2025-12-13/1763484499.json"
"512557","146154","2025-12-13","45.00","NZD","1763484499","23477/2025-12-13/1763484499.json"
"365170","146153","2025-12-13","48.00","NZD","1763484499","23477/2025-12-13/1763484499.json"
"510807","146155","2025-12-13","52.00","NZD","1763484499","23477/2025-12-13/1763484499.json"
"581513","221281","2025-12-14","36.00","NZD","1763484499","23477/2025-12-14/1763484499.json"
"581514","221282","2025-12-14","36.00","NZD","1763484499","23477/2025-12-14/1763484499.json"
"512557","146154","2025-12-14","45.00","NZD","1763484499","23477/2025-12-14/1763484499.json"
"365170","146153","2025-12-14","48.00","NZD","1763484499","23477/2025-12-14/1763484499.json"
"510807","146155","2025-12-14","52.00","NZD","1763484499","23477/2025-12-14/1763484499.json"
"581513","221281","2025-12-15","36.00","NZD","1763484499","23477/2025-12-15/1763484499.json"
"581514","221282","2025-12-15","36.00","NZD","1763484499","23477/2025-12-15/1763484499.json"
"512557","146154","2025-12-15","45.00","NZD","1763484499","23477/2025-12-15/1763484499.json"
"365170","146153","2025-12-15","48.00","NZD","1763484499","23477/2025-12-15/1763484499.json"
"510807","146155","2025-12-15","52.00","NZD","1763484499","23477/2025-12-15/1763484499.json"
"581513","221281","2025-12-16","36.00","NZD","1763484499","23477/2025-12-16/1763484499.json"
"581514","221282","2025-12-16","36.00","NZD","1763484499","23477/2025-12-16/1763484499.json"
"512557","146154","2025-12-16","45.00","NZD","1763484499","23477/2025-12-16/1763484499.json"
"365170","146153","2025-12-16","48.00","NZD","1763484499","23477/2025-12-16/1763484499.json"
"510807","146155","2025-12-16","52.00","NZD","1763484499","23477/2025-12-16/1763484499.json"
"581513","221281","2025-12-18","36.00","NZD","1763484499","23477/2025-12-18/1763484499.json"
"581514","221282","2025-12-18","36.00","NZD","1763484499","23477/2025-12-18/1763484499.json"
"512557","146154","2025-12-18","45.00","NZD","1763484499","23477/2025-12-18/1763484499.json"
"365170","146153","2025-12-18","48.00","NZD","1763484499","23477/2025-12-18/1763484499.json"
"510807","146155","2025-12-18","52.00","NZD","1763484499","23477/2025-12-18/1763484499.json"
"581513","221281","2025-12-17","36.00","NZD","1763484499","23477/2025-12-17/1763484499.json"
"581514","221282","2025-12-17","36.00","NZD","1763484499","23477/2025-12-17/1763484499.json"
"512557","146154","2025-12-17","45.00","NZD","1763484499","23477/2025-12-17/1763484499.json"
"365170","146153","2025-12-17","48.00","NZD","1763484499","23477/2025-12-17/1763484499.json"
"510807","146155","2025-12-17","52.00","NZD","1763484499","23477/2025-12-17/1763484499.json"
"581513","221281","2025-12-20","36.00","NZD","1763484499","23477/2025-12-20/1763484499.json"
"581514","221282","2025-12-20","36.00","NZD","1763484499","23477/2025-12-20/1763484499.json"
"512557","146154","2025-12-20","45.00","NZD","1763484499","23477/2025-12-20/1763484499.json"
"365170","146153","2025-12-20","48.00","NZD","1763484499","23477/2025-12-20/1763484499.json"
"510807","146155","2025-12-20","52.00","NZD","1763484499","23477/2025-12-20/1763484499.json"
"581513","221281","2025-12-22","36.00","NZD","1763484499","23477/2025-12-22/1763484499.json"
"581514","221282","2025-12-22","36.00","NZD","1763484499","23477/2025-12-22/1763484499.json"
"512557","146154","2025-12-22","45.00","NZD","1763484499","23477/2025-12-22/1763484499.json"
"365170","146153","2025-12-22","48.00","NZD","1763484499","23477/2025-12-22/1763484499.json"
"510807","146155","2025-12-22","52.00","NZD","1763484499","23477/2025-12-22/1763484499.json"
"581513","221281","2025-12-21","36.00","NZD","1763484499","23477/2025-12-21/1763484499.json"
"581514","221282","2025-12-21","36.00","NZD","1763484499","23477/2025-12-21/1763484499.json"
"512557","146154","2025-12-21","45.00","NZD","1763484499","23477/2025-12-21/1763484499.json"
"365170","146153","2025-12-21","48.00","NZD","1763484499","23477/2025-12-21/1763484499.json"
"510807","146155","2025-12-21","52.00","NZD","1763484499","23477/2025-12-21/1763484499.json"
"581513","221281","2025-12-19","36.00","NZD","1763484499","23477/2025-12-19/1763484499.json"
"581514","221282","2025-12-19","36.00","NZD","1763484499","23477/2025-12-19/1763484499.json"
"512557","146154","2025-12-19","45.00","NZD","1763484499","23477/2025-12-19/1763484499.json"
"365170","146153","2025-12-19","48.00","NZD","1763484499","23477/2025-12-19/1763484499.json"
"510807","146155","2025-12-19","52.00","NZD","1763484499","23477/2025-12-19/1763484499.json"
"581513","221281","2025-12-23","38.00","NZD","1763484499","23477/2025-12-23/1763484499.json"
"581514","221282","2025-12-23","38.00","NZD","1763484499","23477/2025-12-23/1763484499.json"
"512557","146154","2025-12-23","45.00","NZD","1763484499","23477/2025-12-23/1763484499.json"
"365170","146153","2025-12-23","48.00","NZD","1763484499","23477/2025-12-23/1763484499.json"
"510807","146155","2025-12-23","52.00","NZD","1763484499","23477/2025-12-23/1763484499.json"
"581513","221281","2025-12-24","38.00","NZD","1763484499","23477/2025-12-24/1763484499.json"
"581514","221282","2025-12-24","38.00","NZD","1763484499","23477/2025-12-24/1763484499.json"
"512557","146154","2025-12-24","45.00","NZD","1763484499","23477/2025-12-24/1763484499.json"
"365170","146153","2025-12-24","48.00","NZD","1763484499","23477/2025-12-24/1763484499.json"
"510807","146155","2025-12-24","52.00","NZD","1763484499","23477/2025-12-24/1763484499.json"
"581513","221281","2025-12-25","38.00","NZD","1763484499","23477/2025-12-25/1763484499.json"
"581514","221282","2025-12-25","38.00","NZD","1763484499","23477/2025-12-25/1763484499.json"
"512557","146154","2025-12-25","45.00","NZD","1763484499","23477/2025-12-25/1763484499.json"
"365170","146153","2025-12-25","48.00","NZD","1763484499","23477/2025-12-25/1763484499.json"
"510807","146155","2025-12-25","52.00","NZD","1763484499","23477/2025-12-25/1763484499.json"
"581513","221281","2025-12-26","42.00","NZD","1763484499","23477/2025-12-26/1763484499.json"
"581514","221282","2025-12-26","42.00","NZD","1763484499","23477/2025-12-26/1763484499.json"
"512557","146154","2025-12-26","45.00","NZD","1763484499","23477/2025-12-26/1763484499.json"
"365170","146153","2025-12-26","48.00","NZD","1763484499","23477/2025-12-26/1763484499.json"
"510807","146155","2025-12-26","52.00","NZD","1763484499","23477/2025-12-26/1763484499.json"
"581513","221281","2025-12-27","42.00","NZD","1763484499","23477/2025-12-27/1763484499.json"
"581514","221282","2025-12-27","42.00","NZD","1763484499","23477/2025-12-27/1763484499.json"
"512557","146154","2025-12-27","45.00","NZD","1763484499","23477/2025-12-27/1763484499.json"
"365170","146153","2025-12-27","48.00","NZD","1763484499","23477/2025-12-27/1763484499.json"
"510807","146155","2025-12-27","52.00","NZD","1763484499","23477/2025-12-27/1763484499.json"
"581513","221281","2025-12-28","42.00","NZD","1763484499","23477/2025-12-28/1763484499.json"
"581514","221282","2025-12-28","42.00","NZD","1763484499","23477/2025-12-28/1763484499.json"
"512557","146154","2025-12-28","45.00","NZD","1763484499","23477/2025-12-28/1763484499.json"
"365170","146153","2025-12-28","48.00","NZD","1763484499","23477/2025-12-28/1763484499.json"
"510807","146155","2025-12-28","52.00","NZD","1763484499","23477/2025-12-28/1763484499.json"
"581513","221281","2025-12-30","42.00","NZD","1763484499","23477/2025-12-30/1763484499.json"
"581514","221282","2025-12-30","42.00","NZD","1763484499","23477/2025-12-30/1763484499.json"
"512557","146154","2025-12-30","45.00","NZD","1763484499","23477/2025-12-30/1763484499.json"
"365170","146153","2025-12-30","48.00","NZD","1763484499","23477/2025-12-30/1763484499.json"
"510807","146155","2025-12-30","52.00","NZD","1763484499","23477/2025-12-30/1763484499.json"
"581513","221281","2025-12-29","42.00","NZD","1763484499","23477/2025-12-29/1763484499.json"
"581514","221282","2025-12-29","42.00","NZD","1763484499","23477/2025-12-29/1763484499.json"
"512557","146154","2025-12-29","45.00","NZD","1763484499","23477/2025-12-29/1763484499.json"
"365170","146153","2025-12-29","48.00","NZD","1763484499","23477/2025-12-29/1763484499.json"
"510807","146155","2025-12-29","52.00","NZD","1763484499","23477/2025-12-29/1763484499.json"
"581513","221281","2025-12-31","42.00","NZD","1763484499","23477/2025-12-31/1763484499.json"
"581514","221282","2025-12-31","42.00","NZD","1763484499","23477/2025-12-31/1763484499.json"
"512557","146154","2025-12-31","45.00","NZD","1763484499","23477/2025-12-31/1763484499.json"
"365170","146153","2025-12-31","48.00","NZD","1763484499","23477/2025-12-31/1763484499.json"
"510807","146155","2025-12-31","52.00","NZD","1763484499","23477/2025-12-31/1763484499.json"
"581513","221281","2026-01-01","42.00","NZD","1763484499","23477/2026-01-01/1763484499.json"
"581514","221282","2026-01-01","42.00","NZD","1763484499","23477/2026-01-01/1763484499.json"
"512557","146154","2026-01-01","45.00","NZD","1763484499","23477/2026-01-01/1763484499.json"
"365170","146153","2026-01-01","48.00","NZD","1763484499","23477/2026-01-01/1763484499.json"
"510807","146155","2026-01-01","52.00","NZD","1763484499","23477/2026-01-01/1763484499.json"
"581513","221281","2026-01-03","42.00","NZD","1763484499","23477/2026-01-03/1763484499.json"
"581514","221282","2026-01-03","42.00","NZD","1763484499","23477/2026-01-03/1763484499.json"
"512557","146154","2026-01-03","45.00","NZD","1763484499","23477/2026-01-03/1763484499.json"
"365170","146153","2026-01-03","48.00","NZD","1763484499","23477/2026-01-03/1763484499.json"
"510807","146155","2026-01-03","52.00","NZD","1763484499","23477/2026-01-03/1763484499.json"
"581513","221281","2026-01-02","42.00","NZD","1763484499","23477/2026-01-02/1763484499.json"
"581514","221282","2026-01-02","42.00","NZD","1763484499","23477/2026-01-02/1763484499.json"
"512557","146154","2026-01-02","45.00","NZD","1763484499","23477/2026-01-02/1763484499.json"
"365170","146153","2026-01-02","48.00","NZD","1763484499","23477/2026-01-02/1763484499.json"
"510807","146155","2026-01-02","52.00","NZD","1763484499","23477/2026-01-02/1763484499.json"
"581513","221281","2026-01-05","36.00","NZD","1763484499","23477/2026-01-05/1763484499.json"
"581514","221282","2026-01-05","36.00","NZD","1763484499","23477/2026-01-05/1763484499.json"
"512557","146154","2026-01-05","45.00","NZD","1763484499","23477/2026-01-05/1763484499.json"
"365170","146153","2026-01-05","48.00","NZD","1763484499","23477/2026-01-05/1763484499.json"
"510807","146155","2026-01-05","52.00","NZD","1763484499","23477/2026-01-05/1763484499.json"
"581513","221281","2026-01-04","42.00","NZD","1763484499","23477/2026-01-04/1763484499.json"
"581514","221282","2026-01-04","42.00","NZD","1763484499","23477/2026-01-04/1763484499.json"
"512557","146154","2026-01-04","45.00","NZD","1763484499","23477/2026-01-04/1763484499.json"
"365170","146153","2026-01-04","48.00","NZD","1763484499","23477/2026-01-04/1763484499.json"
"510807","146155","2026-01-04","52.00","NZD","1763484499","23477/2026-01-04/1763484499.json"
"581513","221281","2026-01-06","36.00","NZD","1763484499","23477/2026-01-06/1763484499.json"
"581514","221282","2026-01-06","36.00","NZD","1763484499","23477/2026-01-06/1763484499.json"
"512557","146154","2026-01-06","45.00","NZD","1763484499","23477/2026-01-06/1763484499.json"
"365170","146153","2026-01-06","48.00","NZD","1763484499","23477/2026-01-06/1763484499.json"
"510807","146155","2026-01-06","52.00","NZD","1763484499","23477/2026-01-06/1763484499.json"
"581513","221281","2026-01-07","36.00","NZD","1763484499","23477/2026-01-07/1763484499.json"
"581514","221282","2026-01-07","36.00","NZD","1763484499","23477/2026-01-07/1763484499.json"
"512557","146154","2026-01-07","45.00","NZD","1763484499","23477/2026-01-07/1763484499.json"
"365170","146153","2026-01-07","48.00","NZD","1763484499","23477/2026-01-07/1763484499.json"
"510807","146155","2026-01-07","52.00","NZD","1763484499","23477/2026-01-07/1763484499.json"
"581513","221281","2026-01-08","36.00","NZD","1763484499","23477/2026-01-08/1763484499.json"
"581514","221282","2026-01-08","36.00","NZD","1763484499","23477/2026-01-08/1763484499.json"
"512557","146154","2026-01-08","45.00","NZD","1763484499","23477/2026-01-08/1763484499.json"
"365170","146153","2026-01-08","48.00","NZD","1763484499","23477/2026-01-08/1763484499.json"
"510807","146155","2026-01-08","52.00","NZD","1763484499","23477/2026-01-08/1763484499.json"
"581513","221281","2026-01-09","36.00","NZD","1763484499","23477/2026-01-09/1763484499.json"
"581514","221282","2026-01-09","36.00","NZD","1763484499","23477/2026-01-09/1763484499.json"
"512557","146154","2026-01-09","45.00","NZD","1763484499","23477/2026-01-09/1763484499.json"
"365170","146153","2026-01-09","48.00","NZD","1763484499","23477/2026-01-09/1763484499.json"
"510807","146155","2026-01-09","52.00","NZD","1763484499","23477/2026-01-09/1763484499.json"
"581513","221281","2026-01-10","36.00","NZD","1763484499","23477/2026-01-10/1763484499.json"
"581514","221282","2026-01-10","36.00","NZD","1763484499","23477/2026-01-10/1763484499.json"
"512557","146154","2026-01-10","45.00","NZD","1763484499","23477/2026-01-10/1763484499.json"
"365170","146153","2026-01-10","48.00","NZD","1763484499","23477/2026-01-10/1763484499.json"
"510807","146155","2026-01-10","52.00","NZD","1763484499","23477/2026-01-10/1763484499.json"
"581513","221281","2026-01-11","36.00","NZD","1763484499","23477/2026-01-11/1763484499.json"
"581514","221282","2026-01-11","36.00","NZD","1763484499","23477/2026-01-11/1763484499.json"
"512557","146154","2026-01-11","45.00","NZD","1763484499","23477/2026-01-11/1763484499.json"
"365170","146153","2026-01-11","48.00","NZD","1763484499","23477/2026-01-11/1763484499.json"
"510807","146155","2026-01-11","52.00","NZD","1763484499","23477/2026-01-11/1763484499.json"
"581513","221281","2026-01-13","36.00","NZD","1763484499","23477/2026-01-13/1763484499.json"
"581514","221282","2026-01-13","36.00","NZD","1763484499","23477/2026-01-13/1763484499.json"
"512557","146154","2026-01-13","45.00","NZD","1763484499","23477/2026-01-13/1763484499.json"
"365170","146153","2026-01-13","48.00","NZD","1763484499","23477/2026-01-13/1763484499.json"
"510807","146155","2026-01-13","52.00","NZD","1763484499","23477/2026-01-13/1763484499.json"
"581513","221281","2026-01-14","36.00","NZD","1763484499","23477/2026-01-14/1763484499.json"
"581514","221282","2026-01-14","36.00","NZD","1763484499","23477/2026-01-14/1763484499.json"
"512557","146154","2026-01-14","45.00","NZD","1763484499","23477/2026-01-14/1763484499.json"
"365170","146153","2026-01-14","48.00","NZD","1763484499","23477/2026-01-14/1763484499.json"
"510807","146155","2026-01-14","52.00","NZD","1763484499","23477/2026-01-14/1763484499.json"
"581513","221281","2026-01-15","36.00","NZD","1763484499","23477/2026-01-15/1763484499.json"
"581514","221282","2026-01-15","36.00","NZD","1763484499","23477/2026-01-15/1763484499.json"
"512557","146154","2026-01-15","45.00","NZD","1763484499","23477/2026-01-15/1763484499.json"
"365170","146153","2026-01-15","48.00","NZD","1763484499","23477/2026-01-15/1763484499.json"
"510807","146155","2026-01-15","52.00","NZD","1763484499","23477/2026-01-15/1763484499.json"
"581513","221281","2026-01-12","36.00","NZD","1763484499","23477/2026-01-12/1763484499.json"
"581514","221282","2026-01-12","36.00","NZD","1763484499","23477/2026-01-12/1763484499.json"
"512557","146154","2026-01-12","45.00","NZD","1763484499","23477/2026-01-12/1763484499.json"
"365170","146153","2026-01-12","48.00","NZD","1763484499","23477/2026-01-12/1763484499.json"
"510807","146155","2026-01-12","52.00","NZD","1763484499","23477/2026-01-12/1763484499.json"
"581513","221281","2026-01-17","36.00","NZD","1763484499","23477/2026-01-17/1763484499.json"
"581514","221282","2026-01-17","36.00","NZD","1763484499","23477/2026-01-17/1763484499.json"
"512557","146154","2026-01-17","45.00","NZD","1763484499","23477/2026-01-17/1763484499.json"
"365170","146153","2026-01-17","48.00","NZD","1763484499","23477/2026-01-17/1763484499.json"
"510807","146155","2026-01-17","52.00","NZD","1763484499","23477/2026-01-17/1763484499.json"
"581513","221281","2026-01-16","36.00","NZD","1763484499","23477/2026-01-16/1763484499.json"
"581514","221282","2026-01-16","36.00","NZD","1763484499","23477/2026-01-16/1763484499.json"
"512557","146154","2026-01-16","45.00","NZD","1763484499","23477/2026-01-16/1763484499.json"
"365170","146153","2026-01-16","48.00","NZD","1763484499","23477/2026-01-16/1763484499.json"
"510807","146155","2026-01-16","52.00","NZD","1763484499","23477/2026-01-16/1763484499.json"
"581513","221281","2025-11-19","36.00","NZD","1763517529","23477/2025-11-19/1763517529.json"
"581514","221282","2025-11-19","36.00","NZD","1763517529","23477/2025-11-19/1763517529.json"
"512557","146154","2025-11-19","45.00","NZD","1763517529","23477/2025-11-19/1763517529.json"
"365170","146153","2025-11-19","48.00","NZD","1763517529","23477/2025-11-19/1763517529.json"
"510807","146155","2025-11-19","52.00","NZD","1763517529","23477/2025-11-19/1763517529.json"
"581513","221281","2025-11-22","36.00","NZD","1763517529","23477/2025-11-22/1763517529.json"
"581514","221282","2025-11-22","36.00","NZD","1763517529","23477/2025-11-22/1763517529.json"
"512557","146154","2025-11-22","45.00","NZD","1763517529","23477/2025-11-22/1763517529.json"
"365170","146153","2025-11-22","48.00","NZD","1763517529","23477/2025-11-22/1763517529.json"
"510807","146155","2025-11-22","52.00","NZD","1763517529","23477/2025-11-22/1763517529.json"
"581513","221281","2025-11-20","36.00","NZD","1763517529","23477/2025-11-20/1763517529.json"
"581514","221282","2025-11-20","36.00","NZD","1763517529","23477/2025-11-20/1763517529.json"
"512557","146154","2025-11-20","45.00","NZD","1763517529","23477/2025-11-20/1763517529.json"
"365170","146153","2025-11-20","48.00","NZD","1763517529","23477/2025-11-20/1763517529.json"
"510807","146155","2025-11-20","52.00","NZD","1763517529","23477/2025-11-20/1763517529.json"
"581513","221281","2025-11-21","36.00","NZD","1763517529","23477/2025-11-21/1763517529.json"
"581514","221282","2025-11-21","36.00","NZD","1763517529","23477/2025-11-21/1763517529.json"
"512557","146154","2025-11-21","45.00","NZD","1763517529","23477/2025-11-21/1763517529.json"
"365170","146153","2025-11-21","48.00","NZD","1763517529","23477/2025-11-21/1763517529.json"
"510807","146155","2025-11-21","52.00","NZD","1763517529","23477/2025-11-21/1763517529.json"
"581513","221281","2025-11-23","36.00","NZD","1763517529","23477/2025-11-23/1763517529.json"
"581514","221282","2025-11-23","36.00","NZD","1763517529","23477/2025-11-23/1763517529.json"
"512557","146154","2025-11-23","45.00","NZD","1763517529","23477/2025-11-23/1763517529.json"
"365170","146153","2025-11-23","48.00","NZD","1763517529","23477/2025-11-23/1763517529.json"
"510807","146155","2025-11-23","52.00","NZD","1763517529","23477/2025-11-23/1763517529.json"
"581513","221281","2025-11-24","36.00","NZD","1763517529","23477/2025-11-24/1763517529.json"
"581514","221282","2025-11-24","36.00","NZD","1763517529","23477/2025-11-24/1763517529.json"
"512557","146154","2025-11-24","45.00","NZD","1763517529","23477/2025-11-24/1763517529.json"
"365170","146153","2025-11-24","48.00","NZD","1763517529","23477/2025-11-24/1763517529.json"
"510807","146155","2025-11-24","52.00","NZD","1763517529","23477/2025-11-24/1763517529.json"
"581513","221281","2025-11-25","36.00","NZD","1763517529","23477/2025-11-25/1763517529.json"
"581514","221282","2025-11-25","36.00","NZD","1763517529","23477/2025-11-25/1763517529.json"
"512557","146154","2025-11-25","45.00","NZD","1763517529","23477/2025-11-25/1763517529.json"
"365170","146153","2025-11-25","48.00","NZD","1763517529","23477/2025-11-25/1763517529.json"
"510807","146155","2025-11-25","52.00","NZD","1763517529","23477/2025-11-25/1763517529.json"
"581513","221281","2025-11-26","36.00","NZD","1763517529","23477/2025-11-26/1763517529.json"
"581514","221282","2025-11-26","36.00","NZD","1763517529","23477/2025-11-26/1763517529.json"
"512557","146154","2025-11-26","45.00","NZD","1763517529","23477/2025-11-26/1763517529.json"
"365170","146153","2025-11-26","48.00","NZD","1763517529","23477/2025-11-26/1763517529.json"
"510807","146155","2025-11-26","52.00","NZD","1763517529","23477/2025-11-26/1763517529.json"
"581513","221281","2025-11-27","36.00","NZD","1763517529","23477/2025-11-27/1763517529.json"
"581514","221282","2025-11-27","36.00","NZD","1763517529","23477/2025-11-27/1763517529.json"
"512557","146154","2025-11-27","45.00","NZD","1763517529","23477/2025-11-27/1763517529.json"
"365170","146153","2025-11-27","48.00","NZD","1763517529","23477/2025-11-27/1763517529.json"
"510807","146155","2025-11-27","52.00","NZD","1763517529","23477/2025-11-27/1763517529.json"
"581513","221281","2025-11-30","36.00","NZD","1763517529","23477/2025-11-30/1763517529.json"
"581514","221282","2025-11-30","36.00","NZD","1763517529","23477/2025-11-30/1763517529.json"
"512557","146154","2025-11-30","45.00","NZD","1763517529","23477/2025-11-30/1763517529.json"
"365170","146153","2025-11-30","48.00","NZD","1763517529","23477/2025-11-30/1763517529.json"
"510807","146155","2025-11-30","52.00","NZD","1763517529","23477/2025-11-30/1763517529.json"
"581513","221281","2025-11-29","36.00","NZD","1763517529","23477/2025-11-29/1763517529.json"
"581514","221282","2025-11-29","36.00","NZD","1763517529","23477/2025-11-29/1763517529.json"
"512557","146154","2025-11-29","45.00","NZD","1763517529","23477/2025-11-29/1763517529.json"
"365170","146153","2025-11-29","48.00","NZD","1763517529","23477/2025-11-29/1763517529.json"
"510807","146155","2025-11-29","52.00","NZD","1763517529","23477/2025-11-29/1763517529.json"
"581513","221281","2025-11-28","36.00","NZD","1763517529","23477/2025-11-28/1763517529.json"
"581514","221282","2025-11-28","36.00","NZD","1763517529","23477/2025-11-28/1763517529.json"
"512557","146154","2025-11-28","45.00","NZD","1763517529","23477/2025-11-28/1763517529.json"
"365170","146153","2025-11-28","48.00","NZD","1763517529","23477/2025-11-28/1763517529.json"
"510807","146155","2025-11-28","52.00","NZD","1763517529","23477/2025-11-28/1763517529.json"
"581513","221281","2025-12-01","36.00","NZD","1763517529","23477/2025-12-01/1763517529.json"
"581514","221282","2025-12-01","36.00","NZD","1763517529","23477/2025-12-01/1763517529.json"
"512557","146154","2025-12-01","45.00","NZD","1763517529","23477/2025-12-01/1763517529.json"
"365170","146153","2025-12-01","48.00","NZD","1763517529","23477/2025-12-01/1763517529.json"
"510807","146155","2025-12-01","52.00","NZD","1763517529","23477/2025-12-01/1763517529.json"
"581513","221281","2025-12-03","36.00","NZD","1763517529","23477/2025-12-03/1763517529.json"
"581514","221282","2025-12-03","36.00","NZD","1763517529","23477/2025-12-03/1763517529.json"
"512557","146154","2025-12-03","45.00","NZD","1763517529","23477/2025-12-03/1763517529.json"
"365170","146153","2025-12-03","48.00","NZD","1763517529","23477/2025-12-03/1763517529.json"
"510807","146155","2025-12-03","52.00","NZD","1763517529","23477/2025-12-03/1763517529.json"
"581513","221281","2025-12-04","36.00","NZD","1763517529","23477/2025-12-04/1763517529.json"
"581514","221282","2025-12-04","36.00","NZD","1763517529","23477/2025-12-04/1763517529.json"
"512557","146154","2025-12-04","45.00","NZD","1763517529","23477/2025-12-04/1763517529.json"
"365170","146153","2025-12-04","48.00","NZD","1763517529","23477/2025-12-04/1763517529.json"
"510807","146155","2025-12-04","52.00","NZD","1763517529","23477/2025-12-04/1763517529.json"
"581513","221281","2025-12-05","36.00","NZD","1763517529","23477/2025-12-05/1763517529.json"
"581514","221282","2025-12-05","36.00","NZD","1763517529","23477/2025-12-05/1763517529.json"
"512557","146154","2025-12-05","45.00","NZD","1763517529","23477/2025-12-05/1763517529.json"
"365170","146153","2025-12-05","48.00","NZD","1763517529","23477/2025-12-05/1763517529.json"
"510807","146155","2025-12-05","52.00","NZD","1763517529","23477/2025-12-05/1763517529.json"
"581513","221281","2025-12-07","36.00","NZD","1763517529","23477/2025-12-07/1763517529.json"
"581514","221282","2025-12-07","36.00","NZD","1763517529","23477/2025-12-07/1763517529.json"
"512557","146154","2025-12-07","45.00","NZD","1763517529","23477/2025-12-07/1763517529.json"
"365170","146153","2025-12-07","48.00","NZD","1763517529","23477/2025-12-07/1763517529.json"
"510807","146155","2025-12-07","52.00","NZD","1763517529","23477/2025-12-07/1763517529.json"
"581513","221281","2025-12-06","36.00","NZD","1763517529","23477/2025-12-06/1763517529.json"
"581514","221282","2025-12-06","36.00","NZD","1763517529","23477/2025-12-06/1763517529.json"
"512557","146154","2025-12-06","45.00","NZD","1763517529","23477/2025-12-06/1763517529.json"
"365170","146153","2025-12-06","48.00","NZD","1763517529","23477/2025-12-06/1763517529.json"
"510807","146155","2025-12-06","52.00","NZD","1763517529","23477/2025-12-06/1763517529.json"
"581513","221281","2025-12-08","36.00","NZD","1763517529","23477/2025-12-08/1763517529.json"
"581514","221282","2025-12-08","36.00","NZD","1763517529","23477/2025-12-08/1763517529.json"
"512557","146154","2025-12-08","45.00","NZD","1763517529","23477/2025-12-08/1763517529.json"
"365170","146153","2025-12-08","48.00","NZD","1763517529","23477/2025-12-08/1763517529.json"
"510807","146155","2025-12-08","52.00","NZD","1763517529","23477/2025-12-08/1763517529.json"
"581513","221281","2025-12-09","36.00","NZD","1763517529","23477/2025-12-09/1763517529.json"
"581514","221282","2025-12-09","36.00","NZD","1763517529","23477/2025-12-09/1763517529.json"
"512557","146154","2025-12-09","45.00","NZD","1763517529","23477/2025-12-09/1763517529.json"
"365170","146153","2025-12-09","48.00","NZD","1763517529","23477/2025-12-09/1763517529.json"
"510807","146155","2025-12-09","52.00","NZD","1763517529","23477/2025-12-09/1763517529.json"
"581513","221281","2025-12-10","36.00","NZD","1763517529","23477/2025-12-10/1763517529.json"
"581514","221282","2025-12-10","36.00","NZD","1763517529","23477/2025-12-10/1763517529.json"
"512557","146154","2025-12-10","45.00","NZD","1763517529","23477/2025-12-10/1763517529.json"
"365170","146153","2025-12-10","48.00","NZD","1763517529","23477/2025-12-10/1763517529.json"
"510807","146155","2025-12-10","52.00","NZD","1763517529","23477/2025-12-10/1763517529.json"
"581513","221281","2025-12-02","36.00","NZD","1763517529","23477/2025-12-02/1763517529.json"
"581514","221282","2025-12-02","36.00","NZD","1763517529","23477/2025-12-02/1763517529.json"
"512557","146154","2025-12-02","45.00","NZD","1763517529","23477/2025-12-02/1763517529.json"
"365170","146153","2025-12-02","48.00","NZD","1763517529","23477/2025-12-02/1763517529.json"
"510807","146155","2025-12-02","52.00","NZD","1763517529","23477/2025-12-02/1763517529.json"
"581513","221281","2025-12-11","36.00","NZD","1763517529","23477/2025-12-11/1763517529.json"
"581514","221282","2025-12-11","36.00","NZD","1763517529","23477/2025-12-11/1763517529.json"
"512557","146154","2025-12-11","45.00","NZD","1763517529","23477/2025-12-11/1763517529.json"
"365170","146153","2025-12-11","48.00","NZD","1763517529","23477/2025-12-11/1763517529.json"
"510807","146155","2025-12-11","52.00","NZD","1763517529","23477/2025-12-11/1763517529.json"
"581513","221281","2025-12-12","36.00","NZD","1763517529","23477/2025-12-12/1763517529.json"
"581514","221282","2025-12-12","36.00","NZD","1763517529","23477/2025-12-12/1763517529.json"
"512557","146154","2025-12-12","45.00","NZD","1763517529","23477/2025-12-12/1763517529.json"
"365170","146153","2025-12-12","48.00","NZD","1763517529","23477/2025-12-12/1763517529.json"
"510807","146155","2025-12-12","52.00","NZD","1763517529","23477/2025-12-12/1763517529.json"
"581513","221281","2025-12-13","36.00","NZD","1763517529","23477/2025-12-13/1763517529.json"
"581514","221282","2025-12-13","36.00","NZD","1763517529","23477/2025-12-13/1763517529.json"
"512557","146154","2025-12-13","45.00","NZD","1763517529","23477/2025-12-13/1763517529.json"
"365170","146153","2025-12-13","48.00","NZD","1763517529","23477/2025-12-13/1763517529.json"
"510807","146155","2025-12-13","52.00","NZD","1763517529","23477/2025-12-13/1763517529.json"
"581513","221281","2025-12-14","36.00","NZD","1763517529","23477/2025-12-14/1763517529.json"
"581514","221282","2025-12-14","36.00","NZD","1763517529","23477/2025-12-14/1763517529.json"
"512557","146154","2025-12-14","45.00","NZD","1763517529","23477/2025-12-14/1763517529.json"
"365170","146153","2025-12-14","48.00","NZD","1763517529","23477/2025-12-14/1763517529.json"
"510807","146155","2025-12-14","52.00","NZD","1763517529","23477/2025-12-14/1763517529.json"
"581513","221281","2025-12-16","36.00","NZD","1763517529","23477/2025-12-16/1763517529.json"
"581514","221282","2025-12-16","36.00","NZD","1763517529","23477/2025-12-16/1763517529.json"
"512557","146154","2025-12-16","45.00","NZD","1763517529","23477/2025-12-16/1763517529.json"
"365170","146153","2025-12-16","48.00","NZD","1763517529","23477/2025-12-16/1763517529.json"
"510807","146155","2025-12-16","52.00","NZD","1763517529","23477/2025-12-16/1763517529.json"
"581513","221281","2025-12-15","36.00","NZD","1763517529","23477/2025-12-15/1763517529.json"
"581514","221282","2025-12-15","36.00","NZD","1763517529","23477/2025-12-15/1763517529.json"
"512557","146154","2025-12-15","45.00","NZD","1763517529","23477/2025-12-15/1763517529.json"
"365170","146153","2025-12-15","48.00","NZD","1763517529","23477/2025-12-15/1763517529.json"
"510807","146155","2025-12-15","52.00","NZD","1763517529","23477/2025-12-15/1763517529.json"
"581513","221281","2025-12-17","36.00","NZD","1763517529","23477/2025-12-17/1763517529.json"
"581514","221282","2025-12-17","36.00","NZD","1763517529","23477/2025-12-17/1763517529.json"
"512557","146154","2025-12-17","45.00","NZD","1763517529","23477/2025-12-17/1763517529.json"
"365170","146153","2025-12-17","48.00","NZD","1763517529","23477/2025-12-17/1763517529.json"
"510807","146155","2025-12-17","52.00","NZD","1763517529","23477/2025-12-17/1763517529.json"
"581513","221281","2025-12-19","36.00","NZD","1763517529","23477/2025-12-19/1763517529.json"
"581514","221282","2025-12-19","36.00","NZD","1763517529","23477/2025-12-19/1763517529.json"
"512557","146154","2025-12-19","45.00","NZD","1763517529","23477/2025-12-19/1763517529.json"
"365170","146153","2025-12-19","48.00","NZD","1763517529","23477/2025-12-19/1763517529.json"
"510807","146155","2025-12-19","52.00","NZD","1763517529","23477/2025-12-19/1763517529.json"
"581513","221281","2025-12-18","36.00","NZD","1763517529","23477/2025-12-18/1763517529.json"
"581514","221282","2025-12-18","36.00","NZD","1763517529","23477/2025-12-18/1763517529.json"
"512557","146154","2025-12-18","45.00","NZD","1763517529","23477/2025-12-18/1763517529.json"
"365170","146153","2025-12-18","48.00","NZD","1763517529","23477/2025-12-18/1763517529.json"
"510807","146155","2025-12-18","52.00","NZD","1763517529","23477/2025-12-18/1763517529.json"
"581513","221281","2025-12-20","36.00","NZD","1763517529","23477/2025-12-20/1763517529.json"
"581514","221282","2025-12-20","36.00","NZD","1763517529","23477/2025-12-20/1763517529.json"
"512557","146154","2025-12-20","45.00","NZD","1763517529","23477/2025-12-20/1763517529.json"
"365170","146153","2025-12-20","48.00","NZD","1763517529","23477/2025-12-20/1763517529.json"
"510807","146155","2025-12-20","52.00","NZD","1763517529","23477/2025-12-20/1763517529.json"
"581513","221281","2025-12-21","36.00","NZD","1763517529","23477/2025-12-21/1763517529.json"
"581514","221282","2025-12-21","36.00","NZD","1763517529","23477/2025-12-21/1763517529.json"
"512557","146154","2025-12-21","45.00","NZD","1763517529","23477/2025-12-21/1763517529.json"
"365170","146153","2025-12-21","48.00","NZD","1763517529","23477/2025-12-21/1763517529.json"
"510807","146155","2025-12-21","52.00","NZD","1763517529","23477/2025-12-21/1763517529.json"
"581513","221281","2025-12-23","38.00","NZD","1763517529","23477/2025-12-23/1763517529.json"
"581514","221282","2025-12-23","38.00","NZD","1763517529","23477/2025-12-23/1763517529.json"
"512557","146154","2025-12-23","45.00","NZD","1763517529","23477/2025-12-23/1763517529.json"
"365170","146153","2025-12-23","48.00","NZD","1763517529","23477/2025-12-23/1763517529.json"
"510807","146155","2025-12-23","52.00","NZD","1763517529","23477/2025-12-23/1763517529.json"
"581513","221281","2025-12-24","38.00","NZD","1763517529","23477/2025-12-24/1763517529.json"
"581514","221282","2025-12-24","38.00","NZD","1763517529","23477/2025-12-24/1763517529.json"
"512557","146154","2025-12-24","45.00","NZD","1763517529","23477/2025-12-24/1763517529.json"
"365170","146153","2025-12-24","48.00","NZD","1763517529","23477/2025-12-24/1763517529.json"
"510807","146155","2025-12-24","52.00","NZD","1763517529","23477/2025-12-24/1763517529.json"
"581513","221281","2025-12-22","36.00","NZD","1763517529","23477/2025-12-22/1763517529.json"
"581514","221282","2025-12-22","36.00","NZD","1763517529","23477/2025-12-22/1763517529.json"
"512557","146154","2025-12-22","45.00","NZD","1763517529","23477/2025-12-22/1763517529.json"
"365170","146153","2025-12-22","48.00","NZD","1763517529","23477/2025-12-22/1763517529.json"
"510807","146155","2025-12-22","52.00","NZD","1763517529","23477/2025-12-22/1763517529.json"
"581513","221281","2025-12-25","38.00","NZD","1763517529","23477/2025-12-25/1763517529.json"
"581514","221282","2025-12-25","38.00","NZD","1763517529","23477/2025-12-25/1763517529.json"
"512557","146154","2025-12-25","45.00","NZD","1763517529","23477/2025-12-25/1763517529.json"
"365170","146153","2025-12-25","48.00","NZD","1763517529","23477/2025-12-25/1763517529.json"
"510807","146155","2025-12-25","52.00","NZD","1763517529","23477/2025-12-25/1763517529.json"
"581513","221281","2025-12-26","42.00","NZD","1763517529","23477/2025-12-26/1763517529.json"
"581514","221282","2025-12-26","42.00","NZD","1763517529","23477/2025-12-26/1763517529.json"
"512557","146154","2025-12-26","45.00","NZD","1763517529","23477/2025-12-26/1763517529.json"
"365170","146153","2025-12-26","48.00","NZD","1763517529","23477/2025-12-26/1763517529.json"
"510807","146155","2025-12-26","52.00","NZD","1763517529","23477/2025-12-26/1763517529.json"
"581513","221281","2025-12-29","42.00","NZD","1763517529","23477/2025-12-29/1763517529.json"
"581514","221282","2025-12-29","42.00","NZD","1763517529","23477/2025-12-29/1763517529.json"
"512557","146154","2025-12-29","45.00","NZD","1763517529","23477/2025-12-29/1763517529.json"
"365170","146153","2025-12-29","48.00","NZD","1763517529","23477/2025-12-29/1763517529.json"
"510807","146155","2025-12-29","52.00","NZD","1763517529","23477/2025-12-29/1763517529.json"
"581513","221281","2025-12-27","42.00","NZD","1763517529","23477/2025-12-27/1763517529.json"
"581514","221282","2025-12-27","42.00","NZD","1763517529","23477/2025-12-27/1763517529.json"
"512557","146154","2025-12-27","45.00","NZD","1763517529","23477/2025-12-27/1763517529.json"
"365170","146153","2025-12-27","48.00","NZD","1763517529","23477/2025-12-27/1763517529.json"
"510807","146155","2025-12-27","52.00","NZD","1763517529","23477/2025-12-27/1763517529.json"
"581513","221281","2025-12-30","42.00","NZD","1763517529","23477/2025-12-30/1763517529.json"
"581513","221281","2025-12-28","42.00","NZD","1763517529","23477/2025-12-28/1763517529.json"
"581514","221282","2025-12-30","42.00","NZD","1763517529","23477/2025-12-30/1763517529.json"
"581514","221282","2025-12-28","42.00","NZD","1763517529","23477/2025-12-28/1763517529.json"
"512557","146154","2025-12-28","45.00","NZD","1763517529","23477/2025-12-28/1763517529.json"
"512557","146154","2025-12-30","45.00","NZD","1763517529","23477/2025-12-30/1763517529.json"
"365170","146153","2025-12-28","48.00","NZD","1763517529","23477/2025-12-28/1763517529.json"
"510807","146155","2025-12-28","52.00","NZD","1763517529","23477/2025-12-28/1763517529.json"
"365170","146153","2025-12-30","48.00","NZD","1763517529","23477/2025-12-30/1763517529.json"
"510807","146155","2025-12-30","52.00","NZD","1763517529","23477/2025-12-30/1763517529.json"
"581513","221281","2025-12-31","42.00","NZD","1763517529","23477/2025-12-31/1763517529.json"
"581514","221282","2025-12-31","42.00","NZD","1763517529","23477/2025-12-31/1763517529.json"
"512557","146154","2025-12-31","45.00","NZD","1763517529","23477/2025-12-31/1763517529.json"
"365170","146153","2025-12-31","48.00","NZD","1763517529","23477/2025-12-31/1763517529.json"
"510807","146155","2025-12-31","52.00","NZD","1763517529","23477/2025-12-31/1763517529.json"
"581513","221281","2026-01-01","42.00","NZD","1763517529","23477/2026-01-01/1763517529.json"
"581514","221282","2026-01-01","42.00","NZD","1763517529","23477/2026-01-01/1763517529.json"
"512557","146154","2026-01-01","45.00","NZD","1763517529","23477/2026-01-01/1763517529.json"
"365170","146153","2026-01-01","48.00","NZD","1763517529","23477/2026-01-01/1763517529.json"
"510807","146155","2026-01-01","52.00","NZD","1763517529","23477/2026-01-01/1763517529.json"
"581513","221281","2026-01-02","42.00","NZD","1763517529","23477/2026-01-02/1763517529.json"
"581514","221282","2026-01-02","42.00","NZD","1763517529","23477/2026-01-02/1763517529.json"
"512557","146154","2026-01-02","45.00","NZD","1763517529","23477/2026-01-02/1763517529.json"
"365170","146153","2026-01-02","48.00","NZD","1763517529","23477/2026-01-02/1763517529.json"
"510807","146155","2026-01-02","52.00","NZD","1763517529","23477/2026-01-02/1763517529.json"
"581513","221281","2026-01-03","42.00","NZD","1763517529","23477/2026-01-03/1763517529.json"
"581514","221282","2026-01-03","42.00","NZD","1763517529","23477/2026-01-03/1763517529.json"
"512557","146154","2026-01-03","45.00","NZD","1763517529","23477/2026-01-03/1763517529.json"
"365170","146153","2026-01-03","48.00","NZD","1763517529","23477/2026-01-03/1763517529.json"
"510807","146155","2026-01-03","52.00","NZD","1763517529","23477/2026-01-03/1763517529.json"
"581513","221281","2026-01-04","42.00","NZD","1763517529","23477/2026-01-04/1763517529.json"
"581514","221282","2026-01-04","42.00","NZD","1763517529","23477/2026-01-04/1763517529.json"
"512557","146154","2026-01-04","45.00","NZD","1763517529","23477/2026-01-04/1763517529.json"
"365170","146153","2026-01-04","48.00","NZD","1763517529","23477/2026-01-04/1763517529.json"
"510807","146155","2026-01-04","52.00","NZD","1763517529","23477/2026-01-04/1763517529.json"
"581513","221281","2026-01-05","36.00","NZD","1763517529","23477/2026-01-05/1763517529.json"
"581514","221282","2026-01-05","36.00","NZD","1763517529","23477/2026-01-05/1763517529.json"
"512557","146154","2026-01-05","45.00","NZD","1763517529","23477/2026-01-05/1763517529.json"
"365170","146153","2026-01-05","48.00","NZD","1763517529","23477/2026-01-05/1763517529.json"
"510807","146155","2026-01-05","52.00","NZD","1763517529","23477/2026-01-05/1763517529.json"
"581513","221281","2026-01-06","36.00","NZD","1763517529","23477/2026-01-06/1763517529.json"
"581514","221282","2026-01-06","36.00","NZD","1763517529","23477/2026-01-06/1763517529.json"
"512557","146154","2026-01-06","45.00","NZD","1763517529","23477/2026-01-06/1763517529.json"
"365170","146153","2026-01-06","48.00","NZD","1763517529","23477/2026-01-06/1763517529.json"
"510807","146155","2026-01-06","52.00","NZD","1763517529","23477/2026-01-06/1763517529.json"
"581513","221281","2026-01-07","36.00","NZD","1763517529","23477/2026-01-07/1763517529.json"
"581514","221282","2026-01-07","36.00","NZD","1763517529","23477/2026-01-07/1763517529.json"
"512557","146154","2026-01-07","45.00","NZD","1763517529","23477/2026-01-07/1763517529.json"
"365170","146153","2026-01-07","48.00","NZD","1763517529","23477/2026-01-07/1763517529.json"
"510807","146155","2026-01-07","52.00","NZD","1763517529","23477/2026-01-07/1763517529.json"
"581513","221281","2026-01-08","36.00","NZD","1763517529","23477/2026-01-08/1763517529.json"
"581514","221282","2026-01-08","36.00","NZD","1763517529","23477/2026-01-08/1763517529.json"
"512557","146154","2026-01-08","45.00","NZD","1763517529","23477/2026-01-08/1763517529.json"
"365170","146153","2026-01-08","48.00","NZD","1763517529","23477/2026-01-08/1763517529.json"
"510807","146155","2026-01-08","52.00","NZD","1763517529","23477/2026-01-08/1763517529.json"
"581513","221281","2026-01-09","36.00","NZD","1763517529","23477/2026-01-09/1763517529.json"
"581514","221282","2026-01-09","36.00","NZD","1763517529","23477/2026-01-09/1763517529.json"
"512557","146154","2026-01-09","45.00","NZD","1763517529","23477/2026-01-09/1763517529.json"
"365170","146153","2026-01-09","48.00","NZD","1763517529","23477/2026-01-09/1763517529.json"
"510807","146155","2026-01-09","52.00","NZD","1763517529","23477/2026-01-09/1763517529.json"
"581513","221281","2026-01-10","36.00","NZD","1763517529","23477/2026-01-10/1763517529.json"
"581514","221282","2026-01-10","36.00","NZD","1763517529","23477/2026-01-10/1763517529.json"
"512557","146154","2026-01-10","45.00","NZD","1763517529","23477/2026-01-10/1763517529.json"
"365170","146153","2026-01-10","48.00","NZD","1763517529","23477/2026-01-10/1763517529.json"
"510807","146155","2026-01-10","52.00","NZD","1763517529","23477/2026-01-10/1763517529.json"
"581513","221281","2026-01-12","36.00","NZD","1763517529","23477/2026-01-12/1763517529.json"
"581514","221282","2026-01-12","36.00","NZD","1763517529","23477/2026-01-12/1763517529.json"
"512557","146154","2026-01-12","45.00","NZD","1763517529","23477/2026-01-12/1763517529.json"
"365170","146153","2026-01-12","48.00","NZD","1763517529","23477/2026-01-12/1763517529.json"
"510807","146155","2026-01-12","52.00","NZD","1763517529","23477/2026-01-12/1763517529.json"
"581513","221281","2026-01-11","36.00","NZD","1763517529","23477/2026-01-11/1763517529.json"
"581514","221282","2026-01-11","36.00","NZD","1763517529","23477/2026-01-11/1763517529.json"
"512557","146154","2026-01-11","45.00","NZD","1763517529","23477/2026-01-11/1763517529.json"
"365170","146153","2026-01-11","48.00","NZD","1763517529","23477/2026-01-11/1763517529.json"
"510807","146155","2026-01-11","52.00","NZD","1763517529","23477/2026-01-11/1763517529.json"
"581513","221281","2026-01-13","36.00","NZD","1763517529","23477/2026-01-13/1763517529.json"
"581514","221282","2026-01-13","36.00","NZD","1763517529","23477/2026-01-13/1763517529.json"
"512557","146154","2026-01-13","45.00","NZD","1763517529","23477/2026-01-13/1763517529.json"
"365170","146153","2026-01-13","48.00","NZD","1763517529","23477/2026-01-13/1763517529.json"
"510807","146155","2026-01-13","52.00","NZD","1763517529","23477/2026-01-13/1763517529.json"
"581513","221281","2026-01-14","36.00","NZD","1763517529","23477/2026-01-14/1763517529.json"
"581514","221282","2026-01-14","36.00","NZD","1763517529","23477/2026-01-14/1763517529.json"
"512557","146154","2026-01-14","45.00","NZD","1763517529","23477/2026-01-14/1763517529.json"
"365170","146153","2026-01-14","48.00","NZD","1763517529","23477/2026-01-14/1763517529.json"
"510807","146155","2026-01-14","52.00","NZD","1763517529","23477/2026-01-14/1763517529.json"
"581513","221281","2026-01-17","36.00","NZD","1763517529","23477/2026-01-17/1763517529.json"
"581514","221282","2026-01-17","36.00","NZD","1763517529","23477/2026-01-17/1763517529.json"
"512557","146154","2026-01-17","45.00","NZD","1763517529","23477/2026-01-17/1763517529.json"
"365170","146153","2026-01-17","48.00","NZD","1763517529","23477/2026-01-17/1763517529.json"
"510807","146155","2026-01-17","52.00","NZD","1763517529","23477/2026-01-17/1763517529.json"
"581513","221281","2026-01-15","36.00","NZD","1763517529","23477/2026-01-15/1763517529.json"
"581514","221282","2026-01-15","36.00","NZD","1763517529","23477/2026-01-15/1763517529.json"
"512557","146154","2026-01-15","45.00","NZD","1763517529","23477/2026-01-15/1763517529.json"
"365170","146153","2026-01-15","48.00","NZD","1763517529","23477/2026-01-15/1763517529.json"
"510807","146155","2026-01-15","52.00","NZD","1763517529","23477/2026-01-15/1763517529.json"
"581513","221281","2026-01-16","36.00","NZD","1763517529","23477/2026-01-16/1763517529.json"
"581514","221282","2026-01-16","36.00","NZD","1763517529","23477/2026-01-16/1763517529.json"
"512557","146154","2026-01-16","45.00","NZD","1763517529","23477/2026-01-16/1763517529.json"
"365170","146153","2026-01-16","48.00","NZD","1763517529","23477/2026-01-16/1763517529.json"
"510807","146155","2026-01-16","52.00","NZD","1763517529","23477/2026-01-16/1763517529.json"
"581513","221281","2026-01-18","36.00","NZD","1763517529","23477/2026-01-18/1763517529.json"
"581514","221282","2026-01-18","36.00","NZD","1763517529","23477/2026-01-18/1763517529.json"
"512557","146154","2026-01-18","45.00","NZD","1763517529","23477/2026-01-18/1763517529.json"
"365170","146153","2026-01-18","48.00","NZD","1763517529","23477/2026-01-18/1763517529.json"
"510807","146155","2026-01-18","52.00","NZD","1763517529","23477/2026-01-18/1763517529.json"
"581513","221281","2025-11-22","36.00","NZD","1763527315","23477/2025-11-22/1763527315.json"
"581514","221282","2025-11-22","36.00","NZD","1763527315","23477/2025-11-22/1763527315.json"
"512557","146154","2025-11-22","45.00","NZD","1763527315","23477/2025-11-22/1763527315.json"
"365170","146153","2025-11-22","48.00","NZD","1763527315","23477/2025-11-22/1763527315.json"
"510807","146155","2025-11-22","52.00","NZD","1763527315","23477/2025-11-22/1763527315.json"
"581513","221281","2025-11-21","36.00","NZD","1763527315","23477/2025-11-21/1763527315.json"
"581514","221282","2025-11-21","36.00","NZD","1763527315","23477/2025-11-21/1763527315.json"
"512557","146154","2025-11-21","45.00","NZD","1763527315","23477/2025-11-21/1763527315.json"
"365170","146153","2025-11-21","48.00","NZD","1763527315","23477/2025-11-21/1763527315.json"
"510807","146155","2025-11-21","52.00","NZD","1763527315","23477/2025-11-21/1763527315.json"
"581513","221281","2025-11-19","36.00","NZD","1763527315","23477/2025-11-19/1763527315.json"
"581514","221282","2025-11-19","36.00","NZD","1763527315","23477/2025-11-19/1763527315.json"
"512557","146154","2025-11-19","45.00","NZD","1763527315","23477/2025-11-19/1763527315.json"
"365170","146153","2025-11-19","48.00","NZD","1763527315","23477/2025-11-19/1763527315.json"
"510807","146155","2025-11-19","52.00","NZD","1763527315","23477/2025-11-19/1763527315.json"
"581513","221281","2025-11-20","36.00","NZD","1763527315","23477/2025-11-20/1763527315.json"
"581514","221282","2025-11-20","36.00","NZD","1763527315","23477/2025-11-20/1763527315.json"
"512557","146154","2025-11-20","45.00","NZD","1763527315","23477/2025-11-20/1763527315.json"
"365170","146153","2025-11-20","48.00","NZD","1763527315","23477/2025-11-20/1763527315.json"
"510807","146155","2025-11-20","52.00","NZD","1763527315","23477/2025-11-20/1763527315.json"
"581513","221281","2025-11-23","36.00","NZD","1763527315","23477/2025-11-23/1763527315.json"
"581514","221282","2025-11-23","36.00","NZD","1763527315","23477/2025-11-23/1763527315.json"
"512557","146154","2025-11-23","45.00","NZD","1763527315","23477/2025-11-23/1763527315.json"
"365170","146153","2025-11-23","48.00","NZD","1763527315","23477/2025-11-23/1763527315.json"
"510807","146155","2025-11-23","52.00","NZD","1763527315","23477/2025-11-23/1763527315.json"
"581513","221281","2025-11-26","36.00","NZD","1763527315","23477/2025-11-26/1763527315.json"
"581514","221282","2025-11-26","36.00","NZD","1763527315","23477/2025-11-26/1763527315.json"
"512557","146154","2025-11-26","45.00","NZD","1763527315","23477/2025-11-26/1763527315.json"
"365170","146153","2025-11-26","48.00","NZD","1763527315","23477/2025-11-26/1763527315.json"
"510807","146155","2025-11-26","52.00","NZD","1763527315","23477/2025-11-26/1763527315.json"
"581513","221281","2025-11-24","36.00","NZD","1763527315","23477/2025-11-24/1763527315.json"
"581514","221282","2025-11-24","36.00","NZD","1763527315","23477/2025-11-24/1763527315.json"
"512557","146154","2025-11-24","45.00","NZD","1763527315","23477/2025-11-24/1763527315.json"
"365170","146153","2025-11-24","48.00","NZD","1763527315","23477/2025-11-24/1763527315.json"
"510807","146155","2025-11-24","52.00","NZD","1763527315","23477/2025-11-24/1763527315.json"
"581513","221281","2025-11-25","36.00","NZD","1763527315","23477/2025-11-25/1763527315.json"
"581514","221282","2025-11-25","36.00","NZD","1763527315","23477/2025-11-25/1763527315.json"
"512557","146154","2025-11-25","45.00","NZD","1763527315","23477/2025-11-25/1763527315.json"
"365170","146153","2025-11-25","48.00","NZD","1763527315","23477/2025-11-25/1763527315.json"
"510807","146155","2025-11-25","52.00","NZD","1763527315","23477/2025-11-25/1763527315.json"
"581513","221281","2025-11-28","36.00","NZD","1763527315","23477/2025-11-28/1763527315.json"
"581514","221282","2025-11-28","36.00","NZD","1763527315","23477/2025-11-28/1763527315.json"
"512557","146154","2025-11-28","45.00","NZD","1763527315","23477/2025-11-28/1763527315.json"
"365170","146153","2025-11-28","48.00","NZD","1763527315","23477/2025-11-28/1763527315.json"
"510807","146155","2025-11-28","52.00","NZD","1763527315","23477/2025-11-28/1763527315.json"
"581513","221281","2025-11-29","36.00","NZD","1763527315","23477/2025-11-29/1763527315.json"
"581514","221282","2025-11-29","36.00","NZD","1763527315","23477/2025-11-29/1763527315.json"
"512557","146154","2025-11-29","45.00","NZD","1763527315","23477/2025-11-29/1763527315.json"
"365170","146153","2025-11-29","48.00","NZD","1763527315","23477/2025-11-29/1763527315.json"
"510807","146155","2025-11-29","52.00","NZD","1763527315","23477/2025-11-29/1763527315.json"
"581513","221281","2025-11-27","36.00","NZD","1763527315","23477/2025-11-27/1763527315.json"
"581514","221282","2025-11-27","36.00","NZD","1763527315","23477/2025-11-27/1763527315.json"
"512557","146154","2025-11-27","45.00","NZD","1763527315","23477/2025-11-27/1763527315.json"
"365170","146153","2025-11-27","48.00","NZD","1763527315","23477/2025-11-27/1763527315.json"
"510807","146155","2025-11-27","52.00","NZD","1763527315","23477/2025-11-27/1763527315.json"
"581513","221281","2025-11-30","36.00","NZD","1763527315","23477/2025-11-30/1763527315.json"
"581514","221282","2025-11-30","36.00","NZD","1763527315","23477/2025-11-30/1763527315.json"
"512557","146154","2025-11-30","45.00","NZD","1763527315","23477/2025-11-30/1763527315.json"
"365170","146153","2025-11-30","48.00","NZD","1763527315","23477/2025-11-30/1763527315.json"
"510807","146155","2025-11-30","52.00","NZD","1763527315","23477/2025-11-30/1763527315.json"
"581513","221281","2025-12-01","36.00","NZD","1763527315","23477/2025-12-01/1763527315.json"
"581514","221282","2025-12-01","36.00","NZD","1763527315","23477/2025-12-01/1763527315.json"
"512557","146154","2025-12-01","45.00","NZD","1763527315","23477/2025-12-01/1763527315.json"
"365170","146153","2025-12-01","48.00","NZD","1763527315","23477/2025-12-01/1763527315.json"
"510807","146155","2025-12-01","52.00","NZD","1763527315","23477/2025-12-01/1763527315.json"
"581513","221281","2025-12-02","36.00","NZD","1763527315","23477/2025-12-02/1763527315.json"
"581514","221282","2025-12-02","36.00","NZD","1763527315","23477/2025-12-02/1763527315.json"
"512557","146154","2025-12-02","45.00","NZD","1763527315","23477/2025-12-02/1763527315.json"
"365170","146153","2025-12-02","48.00","NZD","1763527315","23477/2025-12-02/1763527315.json"
"510807","146155","2025-12-02","52.00","NZD","1763527315","23477/2025-12-02/1763527315.json"
"581513","221281","2025-12-04","36.00","NZD","1763527315","23477/2025-12-04/1763527315.json"
"581514","221282","2025-12-04","36.00","NZD","1763527315","23477/2025-12-04/1763527315.json"
"512557","146154","2025-12-04","45.00","NZD","1763527315","23477/2025-12-04/1763527315.json"
"365170","146153","2025-12-04","48.00","NZD","1763527315","23477/2025-12-04/1763527315.json"
"510807","146155","2025-12-04","52.00","NZD","1763527315","23477/2025-12-04/1763527315.json"
"581513","221281","2025-12-03","36.00","NZD","1763527315","23477/2025-12-03/1763527315.json"
"581514","221282","2025-12-03","36.00","NZD","1763527315","23477/2025-12-03/1763527315.json"
"512557","146154","2025-12-03","45.00","NZD","1763527315","23477/2025-12-03/1763527315.json"
"365170","146153","2025-12-03","48.00","NZD","1763527315","23477/2025-12-03/1763527315.json"
"510807","146155","2025-12-03","52.00","NZD","1763527315","23477/2025-12-03/1763527315.json"
"581513","221281","2025-12-05","36.00","NZD","1763527315","23477/2025-12-05/1763527315.json"
"581514","221282","2025-12-05","36.00","NZD","1763527315","23477/2025-12-05/1763527315.json"
"512557","146154","2025-12-05","45.00","NZD","1763527315","23477/2025-12-05/1763527315.json"
"365170","146153","2025-12-05","48.00","NZD","1763527315","23477/2025-12-05/1763527315.json"
"510807","146155","2025-12-05","52.00","NZD","1763527315","23477/2025-12-05/1763527315.json"
"581513","221281","2025-12-07","36.00","NZD","1763527315","23477/2025-12-07/1763527315.json"
"581514","221282","2025-12-07","36.00","NZD","1763527315","23477/2025-12-07/1763527315.json"
"512557","146154","2025-12-07","45.00","NZD","1763527315","23477/2025-12-07/1763527315.json"
"365170","146153","2025-12-07","48.00","NZD","1763527315","23477/2025-12-07/1763527315.json"
"510807","146155","2025-12-07","52.00","NZD","1763527315","23477/2025-12-07/1763527315.json"
"581513","221281","2025-12-08","36.00","NZD","1763527315","23477/2025-12-08/1763527315.json"
"581514","221282","2025-12-08","36.00","NZD","1763527315","23477/2025-12-08/1763527315.json"
"512557","146154","2025-12-08","45.00","NZD","1763527315","23477/2025-12-08/1763527315.json"
"365170","146153","2025-12-08","48.00","NZD","1763527315","23477/2025-12-08/1763527315.json"
"510807","146155","2025-12-08","52.00","NZD","1763527315","23477/2025-12-08/1763527315.json"
"581513","221281","2025-12-09","36.00","NZD","1763527315","23477/2025-12-09/1763527315.json"
"581514","221282","2025-12-09","36.00","NZD","1763527315","23477/2025-12-09/1763527315.json"
"512557","146154","2025-12-09","45.00","NZD","1763527315","23477/2025-12-09/1763527315.json"
"365170","146153","2025-12-09","48.00","NZD","1763527315","23477/2025-12-09/1763527315.json"
"510807","146155","2025-12-09","52.00","NZD","1763527315","23477/2025-12-09/1763527315.json"
"581513","221281","2025-12-10","36.00","NZD","1763527315","23477/2025-12-10/1763527315.json"
"581514","221282","2025-12-10","36.00","NZD","1763527315","23477/2025-12-10/1763527315.json"
"512557","146154","2025-12-10","45.00","NZD","1763527315","23477/2025-12-10/1763527315.json"
"365170","146153","2025-12-10","48.00","NZD","1763527315","23477/2025-12-10/1763527315.json"
"510807","146155","2025-12-10","52.00","NZD","1763527315","23477/2025-12-10/1763527315.json"
"581513","221281","2025-12-12","36.00","NZD","1763527315","23477/2025-12-12/1763527315.json"
"581514","221282","2025-12-12","36.00","NZD","1763527315","23477/2025-12-12/1763527315.json"
"512557","146154","2025-12-12","45.00","NZD","1763527315","23477/2025-12-12/1763527315.json"
"365170","146153","2025-12-12","48.00","NZD","1763527315","23477/2025-12-12/1763527315.json"
"510807","146155","2025-12-12","52.00","NZD","1763527315","23477/2025-12-12/1763527315.json"
"581513","221281","2025-12-11","36.00","NZD","1763527315","23477/2025-12-11/1763527315.json"
"581514","221282","2025-12-11","36.00","NZD","1763527315","23477/2025-12-11/1763527315.json"
"512557","146154","2025-12-11","45.00","NZD","1763527315","23477/2025-12-11/1763527315.json"
"365170","146153","2025-12-11","48.00","NZD","1763527315","23477/2025-12-11/1763527315.json"
"510807","146155","2025-12-11","52.00","NZD","1763527315","23477/2025-12-11/1763527315.json"
"581513","221281","2025-12-13","36.00","NZD","1763527315","23477/2025-12-13/1763527315.json"
"581514","221282","2025-12-13","36.00","NZD","1763527315","23477/2025-12-13/1763527315.json"
"512557","146154","2025-12-13","45.00","NZD","1763527315","23477/2025-12-13/1763527315.json"
"365170","146153","2025-12-13","48.00","NZD","1763527315","23477/2025-12-13/1763527315.json"
"510807","146155","2025-12-13","52.00","NZD","1763527315","23477/2025-12-13/1763527315.json"
"581513","221281","2025-12-14","36.00","NZD","1763527315","23477/2025-12-14/1763527315.json"
"581514","221282","2025-12-14","36.00","NZD","1763527315","23477/2025-12-14/1763527315.json"
"512557","146154","2025-12-14","45.00","NZD","1763527315","23477/2025-12-14/1763527315.json"
"365170","146153","2025-12-14","48.00","NZD","1763527315","23477/2025-12-14/1763527315.json"
"510807","146155","2025-12-14","52.00","NZD","1763527315","23477/2025-12-14/1763527315.json"
"581513","221281","2025-12-15","36.00","NZD","1763527315","23477/2025-12-15/1763527315.json"
"581514","221282","2025-12-15","36.00","NZD","1763527315","23477/2025-12-15/1763527315.json"
"512557","146154","2025-12-15","45.00","NZD","1763527315","23477/2025-12-15/1763527315.json"
"365170","146153","2025-12-15","48.00","NZD","1763527315","23477/2025-12-15/1763527315.json"
"510807","146155","2025-12-15","52.00","NZD","1763527315","23477/2025-12-15/1763527315.json"
"581513","221281","2025-12-16","36.00","NZD","1763527315","23477/2025-12-16/1763527315.json"
"581514","221282","2025-12-16","36.00","NZD","1763527315","23477/2025-12-16/1763527315.json"
"512557","146154","2025-12-16","45.00","NZD","1763527315","23477/2025-12-16/1763527315.json"
"365170","146153","2025-12-16","48.00","NZD","1763527315","23477/2025-12-16/1763527315.json"
"510807","146155","2025-12-16","52.00","NZD","1763527315","23477/2025-12-16/1763527315.json"
"581513","221281","2025-12-17","36.00","NZD","1763527315","23477/2025-12-17/1763527315.json"
"581514","221282","2025-12-17","36.00","NZD","1763527315","23477/2025-12-17/1763527315.json"
"512557","146154","2025-12-17","45.00","NZD","1763527315","23477/2025-12-17/1763527315.json"
"365170","146153","2025-12-17","48.00","NZD","1763527315","23477/2025-12-17/1763527315.json"
"510807","146155","2025-12-17","52.00","NZD","1763527315","23477/2025-12-17/1763527315.json"
"581513","221281","2025-12-18","36.00","NZD","1763527315","23477/2025-12-18/1763527315.json"
"581514","221282","2025-12-18","36.00","NZD","1763527315","23477/2025-12-18/1763527315.json"
"512557","146154","2025-12-18","45.00","NZD","1763527315","23477/2025-12-18/1763527315.json"
"365170","146153","2025-12-18","48.00","NZD","1763527315","23477/2025-12-18/1763527315.json"
"510807","146155","2025-12-18","52.00","NZD","1763527315","23477/2025-12-18/1763527315.json"
"581513","221281","2025-12-19","36.00","NZD","1763527315","23477/2025-12-19/1763527315.json"
"581514","221282","2025-12-19","36.00","NZD","1763527315","23477/2025-12-19/1763527315.json"
"512557","146154","2025-12-19","45.00","NZD","1763527315","23477/2025-12-19/1763527315.json"
"365170","146153","2025-12-19","48.00","NZD","1763527315","23477/2025-12-19/1763527315.json"
"510807","146155","2025-12-19","52.00","NZD","1763527315","23477/2025-12-19/1763527315.json"
"581513","221281","2025-12-20","36.00","NZD","1763527315","23477/2025-12-20/1763527315.json"
"581514","221282","2025-12-20","36.00","NZD","1763527315","23477/2025-12-20/1763527315.json"
"512557","146154","2025-12-20","45.00","NZD","1763527315","23477/2025-12-20/1763527315.json"
"365170","146153","2025-12-20","48.00","NZD","1763527315","23477/2025-12-20/1763527315.json"
"510807","146155","2025-12-20","52.00","NZD","1763527315","23477/2025-12-20/1763527315.json"
"581513","221281","2025-12-22","36.00","NZD","1763527315","23477/2025-12-22/1763527315.json"
"581514","221282","2025-12-22","36.00","NZD","1763527315","23477/2025-12-22/1763527315.json"
"512557","146154","2025-12-22","45.00","NZD","1763527315","23477/2025-12-22/1763527315.json"
"365170","146153","2025-12-22","48.00","NZD","1763527315","23477/2025-12-22/1763527315.json"
"510807","146155","2025-12-22","52.00","NZD","1763527315","23477/2025-12-22/1763527315.json"
"581513","221281","2025-12-21","36.00","NZD","1763527315","23477/2025-12-21/1763527315.json"
"581514","221282","2025-12-21","36.00","NZD","1763527315","23477/2025-12-21/1763527315.json"
"512557","146154","2025-12-21","45.00","NZD","1763527315","23477/2025-12-21/1763527315.json"
"365170","146153","2025-12-21","48.00","NZD","1763527315","23477/2025-12-21/1763527315.json"
"510807","146155","2025-12-21","52.00","NZD","1763527315","23477/2025-12-21/1763527315.json"
"581513","221281","2025-12-23","38.00","NZD","1763527315","23477/2025-12-23/1763527315.json"
"581514","221282","2025-12-23","38.00","NZD","1763527315","23477/2025-12-23/1763527315.json"
"512557","146154","2025-12-23","45.00","NZD","1763527315","23477/2025-12-23/1763527315.json"
"365170","146153","2025-12-23","48.00","NZD","1763527315","23477/2025-12-23/1763527315.json"
"510807","146155","2025-12-23","52.00","NZD","1763527315","23477/2025-12-23/1763527315.json"
"581513","221281","2025-12-24","38.00","NZD","1763527315","23477/2025-12-24/1763527315.json"
"581514","221282","2025-12-24","38.00","NZD","1763527315","23477/2025-12-24/1763527315.json"
"512557","146154","2025-12-24","45.00","NZD","1763527315","23477/2025-12-24/1763527315.json"
"365170","146153","2025-12-24","48.00","NZD","1763527315","23477/2025-12-24/1763527315.json"
"510807","146155","2025-12-24","52.00","NZD","1763527315","23477/2025-12-24/1763527315.json"
"581513","221281","2025-12-25","38.00","NZD","1763527315","23477/2025-12-25/1763527315.json"
"581514","221282","2025-12-25","38.00","NZD","1763527315","23477/2025-12-25/1763527315.json"
"512557","146154","2025-12-25","45.00","NZD","1763527315","23477/2025-12-25/1763527315.json"
"365170","146153","2025-12-25","48.00","NZD","1763527315","23477/2025-12-25/1763527315.json"
"510807","146155","2025-12-25","52.00","NZD","1763527315","23477/2025-12-25/1763527315.json"
"581513","221281","2025-12-26","42.00","NZD","1763527315","23477/2025-12-26/1763527315.json"
"581514","221282","2025-12-26","42.00","NZD","1763527315","23477/2025-12-26/1763527315.json"
"512557","146154","2025-12-26","45.00","NZD","1763527315","23477/2025-12-26/1763527315.json"
"365170","146153","2025-12-26","48.00","NZD","1763527315","23477/2025-12-26/1763527315.json"
"510807","146155","2025-12-26","52.00","NZD","1763527315","23477/2025-12-26/1763527315.json"
"581513","221281","2025-12-27","42.00","NZD","1763527315","23477/2025-12-27/1763527315.json"
"581514","221282","2025-12-27","42.00","NZD","1763527315","23477/2025-12-27/1763527315.json"
"512557","146154","2025-12-27","45.00","NZD","1763527315","23477/2025-12-27/1763527315.json"
"365170","146153","2025-12-27","48.00","NZD","1763527315","23477/2025-12-27/1763527315.json"
"510807","146155","2025-12-27","52.00","NZD","1763527315","23477/2025-12-27/1763527315.json"
"581513","221281","2025-12-06","36.00","NZD","1763527315","23477/2025-12-06/1763527315.json"
"581514","221282","2025-12-06","36.00","NZD","1763527315","23477/2025-12-06/1763527315.json"
"512557","146154","2025-12-06","45.00","NZD","1763527315","23477/2025-12-06/1763527315.json"
"365170","146153","2025-12-06","48.00","NZD","1763527315","23477/2025-12-06/1763527315.json"
"510807","146155","2025-12-06","52.00","NZD","1763527315","23477/2025-12-06/1763527315.json"
"581513","221281","2025-12-29","42.00","NZD","1763527315","23477/2025-12-29/1763527315.json"
"581514","221282","2025-12-29","42.00","NZD","1763527315","23477/2025-12-29/1763527315.json"
"512557","146154","2025-12-29","45.00","NZD","1763527315","23477/2025-12-29/1763527315.json"
"365170","146153","2025-12-29","48.00","NZD","1763527315","23477/2025-12-29/1763527315.json"
"510807","146155","2025-12-29","52.00","NZD","1763527315","23477/2025-12-29/1763527315.json"
"581513","221281","2025-12-28","42.00","NZD","1763527315","23477/2025-12-28/1763527315.json"
"581514","221282","2025-12-28","42.00","NZD","1763527315","23477/2025-12-28/1763527315.json"
"512557","146154","2025-12-28","45.00","NZD","1763527315","23477/2025-12-28/1763527315.json"
"365170","146153","2025-12-28","48.00","NZD","1763527315","23477/2025-12-28/1763527315.json"
"510807","146155","2025-12-28","52.00","NZD","1763527315","23477/2025-12-28/1763527315.json"
"581513","221281","2025-12-30","42.00","NZD","1763527315","23477/2025-12-30/1763527315.json"
"581513","221281","2025-12-31","42.00","NZD","1763527315","23477/2025-12-31/1763527315.json"
"581514","221282","2025-12-30","42.00","NZD","1763527315","23477/2025-12-30/1763527315.json"
"581514","221282","2025-12-31","42.00","NZD","1763527315","23477/2025-12-31/1763527315.json"
"512557","146154","2025-12-30","45.00","NZD","1763527315","23477/2025-12-30/1763527315.json"
"512557","146154","2025-12-31","45.00","NZD","1763527315","23477/2025-12-31/1763527315.json"
"365170","146153","2025-12-31","48.00","NZD","1763527315","23477/2025-12-31/1763527315.json"
"365170","146153","2025-12-30","48.00","NZD","1763527315","23477/2025-12-30/1763527315.json"
"510807","146155","2025-12-30","52.00","NZD","1763527315","23477/2025-12-30/1763527315.json"
"510807","146155","2025-12-31","52.00","NZD","1763527315","23477/2025-12-31/1763527315.json"
"581513","221281","2026-01-01","42.00","NZD","1763527315","23477/2026-01-01/1763527315.json"
"581514","221282","2026-01-01","42.00","NZD","1763527315","23477/2026-01-01/1763527315.json"
"512557","146154","2026-01-01","45.00","NZD","1763527315","23477/2026-01-01/1763527315.json"
"365170","146153","2026-01-01","48.00","NZD","1763527315","23477/2026-01-01/1763527315.json"
"510807","146155","2026-01-01","52.00","NZD","1763527315","23477/2026-01-01/1763527315.json"
"581513","221281","2026-01-02","42.00","NZD","1763527315","23477/2026-01-02/1763527315.json"
"581514","221282","2026-01-02","42.00","NZD","1763527315","23477/2026-01-02/1763527315.json"
"512557","146154","2026-01-02","45.00","NZD","1763527315","23477/2026-01-02/1763527315.json"
"365170","146153","2026-01-02","48.00","NZD","1763527315","23477/2026-01-02/1763527315.json"
"510807","146155","2026-01-02","52.00","NZD","1763527315","23477/2026-01-02/1763527315.json"
"581513","221281","2026-01-04","42.00","NZD","1763527315","23477/2026-01-04/1763527315.json"
"581514","221282","2026-01-04","42.00","NZD","1763527315","23477/2026-01-04/1763527315.json"
"512557","146154","2026-01-04","45.00","NZD","1763527315","23477/2026-01-04/1763527315.json"
"365170","146153","2026-01-04","48.00","NZD","1763527315","23477/2026-01-04/1763527315.json"
"510807","146155","2026-01-04","52.00","NZD","1763527315","23477/2026-01-04/1763527315.json"
"581513","221281","2026-01-03","42.00","NZD","1763527315","23477/2026-01-03/1763527315.json"
"581514","221282","2026-01-03","42.00","NZD","1763527315","23477/2026-01-03/1763527315.json"
"512557","146154","2026-01-03","45.00","NZD","1763527315","23477/2026-01-03/1763527315.json"
"365170","146153","2026-01-03","48.00","NZD","1763527315","23477/2026-01-03/1763527315.json"
"510807","146155","2026-01-03","52.00","NZD","1763527315","23477/2026-01-03/1763527315.json"
"581513","221281","2026-01-05","36.00","NZD","1763527315","23477/2026-01-05/1763527315.json"
"581514","221282","2026-01-05","36.00","NZD","1763527315","23477/2026-01-05/1763527315.json"
"512557","146154","2026-01-05","45.00","NZD","1763527315","23477/2026-01-05/1763527315.json"
"365170","146153","2026-01-05","48.00","NZD","1763527315","23477/2026-01-05/1763527315.json"
"510807","146155","2026-01-05","52.00","NZD","1763527315","23477/2026-01-05/1763527315.json"
"581513","221281","2026-01-06","36.00","NZD","1763527315","23477/2026-01-06/1763527315.json"
"581514","221282","2026-01-06","36.00","NZD","1763527315","23477/2026-01-06/1763527315.json"
"512557","146154","2026-01-06","45.00","NZD","1763527315","23477/2026-01-06/1763527315.json"
"365170","146153","2026-01-06","48.00","NZD","1763527315","23477/2026-01-06/1763527315.json"
"510807","146155","2026-01-06","52.00","NZD","1763527315","23477/2026-01-06/1763527315.json"
"581513","221281","2026-01-07","36.00","NZD","1763527315","23477/2026-01-07/1763527315.json"
"581514","221282","2026-01-07","36.00","NZD","1763527315","23477/2026-01-07/1763527315.json"
"512557","146154","2026-01-07","45.00","NZD","1763527315","23477/2026-01-07/1763527315.json"
"365170","146153","2026-01-07","48.00","NZD","1763527315","23477/2026-01-07/1763527315.json"
"510807","146155","2026-01-07","52.00","NZD","1763527315","23477/2026-01-07/1763527315.json"
"581513","221281","2026-01-08","36.00","NZD","1763527315","23477/2026-01-08/1763527315.json"
"581514","221282","2026-01-08","36.00","NZD","1763527315","23477/2026-01-08/1763527315.json"
"512557","146154","2026-01-08","45.00","NZD","1763527315","23477/2026-01-08/1763527315.json"
"365170","146153","2026-01-08","48.00","NZD","1763527315","23477/2026-01-08/1763527315.json"
"510807","146155","2026-01-08","52.00","NZD","1763527315","23477/2026-01-08/1763527315.json"
"581513","221281","2026-01-09","36.00","NZD","1763527315","23477/2026-01-09/1763527315.json"
"581514","221282","2026-01-09","36.00","NZD","1763527315","23477/2026-01-09/1763527315.json"
"512557","146154","2026-01-09","45.00","NZD","1763527315","23477/2026-01-09/1763527315.json"
"365170","146153","2026-01-09","48.00","NZD","1763527315","23477/2026-01-09/1763527315.json"
"510807","146155","2026-01-09","52.00","NZD","1763527315","23477/2026-01-09/1763527315.json"
"581513","221281","2026-01-10","36.00","NZD","1763527315","23477/2026-01-10/1763527315.json"
"581514","221282","2026-01-10","36.00","NZD","1763527315","23477/2026-01-10/1763527315.json"
"512557","146154","2026-01-10","45.00","NZD","1763527315","23477/2026-01-10/1763527315.json"
"365170","146153","2026-01-10","48.00","NZD","1763527315","23477/2026-01-10/1763527315.json"
"510807","146155","2026-01-10","52.00","NZD","1763527315","23477/2026-01-10/1763527315.json"
"581513","221281","2026-01-13","36.00","NZD","1763527315","23477/2026-01-13/1763527315.json"
"581514","221282","2026-01-13","36.00","NZD","1763527315","23477/2026-01-13/1763527315.json"
"512557","146154","2026-01-13","45.00","NZD","1763527315","23477/2026-01-13/1763527315.json"
"365170","146153","2026-01-13","48.00","NZD","1763527315","23477/2026-01-13/1763527315.json"
"510807","146155","2026-01-13","52.00","NZD","1763527315","23477/2026-01-13/1763527315.json"
"581513","221281","2026-01-12","36.00","NZD","1763527315","23477/2026-01-12/1763527315.json"
"581514","221282","2026-01-12","36.00","NZD","1763527315","23477/2026-01-12/1763527315.json"
"512557","146154","2026-01-12","45.00","NZD","1763527315","23477/2026-01-12/1763527315.json"
"365170","146153","2026-01-12","48.00","NZD","1763527315","23477/2026-01-12/1763527315.json"
"510807","146155","2026-01-12","52.00","NZD","1763527315","23477/2026-01-12/1763527315.json"
"581513","221281","2026-01-14","36.00","NZD","1763527315","23477/2026-01-14/1763527315.json"
"581514","221282","2026-01-14","36.00","NZD","1763527315","23477/2026-01-14/1763527315.json"
"512557","146154","2026-01-14","45.00","NZD","1763527315","23477/2026-01-14/1763527315.json"
"365170","146153","2026-01-14","48.00","NZD","1763527315","23477/2026-01-14/1763527315.json"
"510807","146155","2026-01-14","52.00","NZD","1763527315","23477/2026-01-14/1763527315.json"
"581513","221281","2026-01-16","36.00","NZD","1763527315","23477/2026-01-16/1763527315.json"
"581514","221282","2026-01-16","36.00","NZD","1763527315","23477/2026-01-16/1763527315.json"
"512557","146154","2026-01-16","45.00","NZD","1763527315","23477/2026-01-16/1763527315.json"
"365170","146153","2026-01-16","48.00","NZD","1763527315","23477/2026-01-16/1763527315.json"
"510807","146155","2026-01-16","52.00","NZD","1763527315","23477/2026-01-16/1763527315.json"
"581513","221281","2026-01-11","36.00","NZD","1763527315","23477/2026-01-11/1763527315.json"
"581514","221282","2026-01-11","36.00","NZD","1763527315","23477/2026-01-11/1763527315.json"
"512557","146154","2026-01-11","45.00","NZD","1763527315","23477/2026-01-11/1763527315.json"
"365170","146153","2026-01-11","48.00","NZD","1763527315","23477/2026-01-11/1763527315.json"
"510807","146155","2026-01-11","52.00","NZD","1763527315","23477/2026-01-11/1763527315.json"
"581513","221281","2026-01-15","36.00","NZD","1763527315","23477/2026-01-15/1763527315.json"
"581514","221282","2026-01-15","36.00","NZD","1763527315","23477/2026-01-15/1763527315.json"
"512557","146154","2026-01-15","45.00","NZD","1763527315","23477/2026-01-15/1763527315.json"
"365170","146153","2026-01-15","48.00","NZD","1763527315","23477/2026-01-15/1763527315.json"
"510807","146155","2026-01-15","52.00","NZD","1763527315","23477/2026-01-15/1763527315.json"
"581513","221281","2026-01-17","36.00","NZD","1763527315","23477/2026-01-17/1763527315.json"
"581514","221282","2026-01-17","36.00","NZD","1763527315","23477/2026-01-17/1763527315.json"
"512557","146154","2026-01-17","45.00","NZD","1763527315","23477/2026-01-17/1763527315.json"
"365170","146153","2026-01-17","48.00","NZD","1763527315","23477/2026-01-17/1763527315.json"
"510807","146155","2026-01-17","52.00","NZD","1763527315","23477/2026-01-17/1763527315.json"
"581513","221281","2026-01-18","36.00","NZD","1763527315","23477/2026-01-18/1763527315.json"
"581514","221282","2026-01-18","36.00","NZD","1763527315","23477/2026-01-18/1763527315.json"
"512557","146154","2026-01-18","45.00","NZD","1763527315","23477/2026-01-18/1763527315.json"
"365170","146153","2026-01-18","48.00","NZD","1763527315","23477/2026-01-18/1763527315.json"
"510807","146155","2026-01-18","52.00","NZD","1763527315","23477/2026-01-18/1763527315.json"
"581513","221281","2025-11-19","36.00","NZD","1763541904","23477/2025-11-19/1763541904.json"
"581514","221282","2025-11-19","36.00","NZD","1763541904","23477/2025-11-19/1763541904.json"
"512557","146154","2025-11-19","45.00","NZD","1763541904","23477/2025-11-19/1763541904.json"
"365170","146153","2025-11-19","48.00","NZD","1763541904","23477/2025-11-19/1763541904.json"
"510807","146155","2025-11-19","52.00","NZD","1763541904","23477/2025-11-19/1763541904.json"
"581513","221281","2025-11-21","36.00","NZD","1763541904","23477/2025-11-21/1763541904.json"
"581514","221282","2025-11-21","36.00","NZD","1763541904","23477/2025-11-21/1763541904.json"
"512557","146154","2025-11-21","45.00","NZD","1763541904","23477/2025-11-21/1763541904.json"
"365170","146153","2025-11-21","48.00","NZD","1763541904","23477/2025-11-21/1763541904.json"
"510807","146155","2025-11-21","52.00","NZD","1763541904","23477/2025-11-21/1763541904.json"
"581513","221281","2025-11-20","36.00","NZD","1763541904","23477/2025-11-20/1763541904.json"
"581514","221282","2025-11-20","36.00","NZD","1763541904","23477/2025-11-20/1763541904.json"
"512557","146154","2025-11-20","45.00","NZD","1763541904","23477/2025-11-20/1763541904.json"
"365170","146153","2025-11-20","48.00","NZD","1763541904","23477/2025-11-20/1763541904.json"
"510807","146155","2025-11-20","52.00","NZD","1763541904","23477/2025-11-20/1763541904.json"
"581513","221281","2025-11-22","36.00","NZD","1763541904","23477/2025-11-22/1763541904.json"
"581514","221282","2025-11-22","36.00","NZD","1763541904","23477/2025-11-22/1763541904.json"
"512557","146154","2025-11-22","45.00","NZD","1763541904","23477/2025-11-22/1763541904.json"
"365170","146153","2025-11-22","48.00","NZD","1763541904","23477/2025-11-22/1763541904.json"
"510807","146155","2025-11-22","52.00","NZD","1763541904","23477/2025-11-22/1763541904.json"
"581513","221281","2025-11-23","36.00","NZD","1763541904","23477/2025-11-23/1763541904.json"
"581514","221282","2025-11-23","36.00","NZD","1763541904","23477/2025-11-23/1763541904.json"
"512557","146154","2025-11-23","45.00","NZD","1763541904","23477/2025-11-23/1763541904.json"
"365170","146153","2025-11-23","48.00","NZD","1763541904","23477/2025-11-23/1763541904.json"
"510807","146155","2025-11-23","52.00","NZD","1763541904","23477/2025-11-23/1763541904.json"
"581513","221281","2025-11-26","36.00","NZD","1763541904","23477/2025-11-26/1763541904.json"
"581514","221282","2025-11-26","36.00","NZD","1763541904","23477/2025-11-26/1763541904.json"
"512557","146154","2025-11-26","45.00","NZD","1763541904","23477/2025-11-26/1763541904.json"
"365170","146153","2025-11-26","48.00","NZD","1763541904","23477/2025-11-26/1763541904.json"
"510807","146155","2025-11-26","52.00","NZD","1763541904","23477/2025-11-26/1763541904.json"
"581513","221281","2025-11-25","36.00","NZD","1763541904","23477/2025-11-25/1763541904.json"
"581514","221282","2025-11-25","36.00","NZD","1763541904","23477/2025-11-25/1763541904.json"
"512557","146154","2025-11-25","45.00","NZD","1763541904","23477/2025-11-25/1763541904.json"
"365170","146153","2025-11-25","48.00","NZD","1763541904","23477/2025-11-25/1763541904.json"
"510807","146155","2025-11-25","52.00","NZD","1763541904","23477/2025-11-25/1763541904.json"
"581513","221281","2025-11-24","36.00","NZD","1763541904","23477/2025-11-24/1763541904.json"
"581514","221282","2025-11-24","36.00","NZD","1763541904","23477/2025-11-24/1763541904.json"
"512557","146154","2025-11-24","45.00","NZD","1763541904","23477/2025-11-24/1763541904.json"
"365170","146153","2025-11-24","48.00","NZD","1763541904","23477/2025-11-24/1763541904.json"
"510807","146155","2025-11-24","52.00","NZD","1763541904","23477/2025-11-24/1763541904.json"
"581513","221281","2025-11-27","36.00","NZD","1763541904","23477/2025-11-27/1763541904.json"
"581514","221282","2025-11-27","36.00","NZD","1763541904","23477/2025-11-27/1763541904.json"
"512557","146154","2025-11-27","45.00","NZD","1763541904","23477/2025-11-27/1763541904.json"
"365170","146153","2025-11-27","48.00","NZD","1763541904","23477/2025-11-27/1763541904.json"
"510807","146155","2025-11-27","52.00","NZD","1763541904","23477/2025-11-27/1763541904.json"
"581513","221281","2025-11-28","36.00","NZD","1763541904","23477/2025-11-28/1763541904.json"
"581514","221282","2025-11-28","36.00","NZD","1763541904","23477/2025-11-28/1763541904.json"
"512557","146154","2025-11-28","45.00","NZD","1763541904","23477/2025-11-28/1763541904.json"
"365170","146153","2025-11-28","48.00","NZD","1763541904","23477/2025-11-28/1763541904.json"
"510807","146155","2025-11-28","52.00","NZD","1763541904","23477/2025-11-28/1763541904.json"
"581513","221281","2025-11-30","36.00","NZD","1763541904","23477/2025-11-30/1763541904.json"
"581514","221282","2025-11-30","36.00","NZD","1763541904","23477/2025-11-30/1763541904.json"
"512557","146154","2025-11-30","45.00","NZD","1763541904","23477/2025-11-30/1763541904.json"
"365170","146153","2025-11-30","48.00","NZD","1763541904","23477/2025-11-30/1763541904.json"
"510807","146155","2025-11-30","52.00","NZD","1763541904","23477/2025-11-30/1763541904.json"
"581513","221281","2025-11-29","36.00","NZD","1763541904","23477/2025-11-29/1763541904.json"
"581514","221282","2025-11-29","36.00","NZD","1763541904","23477/2025-11-29/1763541904.json"
"512557","146154","2025-11-29","45.00","NZD","1763541904","23477/2025-11-29/1763541904.json"
"365170","146153","2025-11-29","48.00","NZD","1763541904","23477/2025-11-29/1763541904.json"
"510807","146155","2025-11-29","52.00","NZD","1763541904","23477/2025-11-29/1763541904.json"
"581513","221281","2025-12-02","36.00","NZD","1763541904","23477/2025-12-02/1763541904.json"
"581514","221282","2025-12-02","36.00","NZD","1763541904","23477/2025-12-02/1763541904.json"
"512557","146154","2025-12-02","45.00","NZD","1763541904","23477/2025-12-02/1763541904.json"
"365170","146153","2025-12-02","48.00","NZD","1763541904","23477/2025-12-02/1763541904.json"
"510807","146155","2025-12-02","52.00","NZD","1763541904","23477/2025-12-02/1763541904.json"
"581513","221281","2025-12-01","36.00","NZD","1763541904","23477/2025-12-01/1763541904.json"
"581514","221282","2025-12-01","36.00","NZD","1763541904","23477/2025-12-01/1763541904.json"
"512557","146154","2025-12-01","45.00","NZD","1763541904","23477/2025-12-01/1763541904.json"
"365170","146153","2025-12-01","48.00","NZD","1763541904","23477/2025-12-01/1763541904.json"
"510807","146155","2025-12-01","52.00","NZD","1763541904","23477/2025-12-01/1763541904.json"
"581513","221281","2025-12-03","36.00","NZD","1763541904","23477/2025-12-03/1763541904.json"
"581514","221282","2025-12-03","36.00","NZD","1763541904","23477/2025-12-03/1763541904.json"
"512557","146154","2025-12-03","45.00","NZD","1763541904","23477/2025-12-03/1763541904.json"
"365170","146153","2025-12-03","48.00","NZD","1763541904","23477/2025-12-03/1763541904.json"
"510807","146155","2025-12-03","52.00","NZD","1763541904","23477/2025-12-03/1763541904.json"
"581513","221281","2025-12-04","36.00","NZD","1763541904","23477/2025-12-04/1763541904.json"
"581514","221282","2025-12-04","36.00","NZD","1763541904","23477/2025-12-04/1763541904.json"
"512557","146154","2025-12-04","45.00","NZD","1763541904","23477/2025-12-04/1763541904.json"
"365170","146153","2025-12-04","48.00","NZD","1763541904","23477/2025-12-04/1763541904.json"
"510807","146155","2025-12-04","52.00","NZD","1763541904","23477/2025-12-04/1763541904.json"
"581513","221281","2025-12-05","36.00","NZD","1763541904","23477/2025-12-05/1763541904.json"
"581514","221282","2025-12-05","36.00","NZD","1763541904","23477/2025-12-05/1763541904.json"
"512557","146154","2025-12-05","45.00","NZD","1763541904","23477/2025-12-05/1763541904.json"
"365170","146153","2025-12-05","48.00","NZD","1763541904","23477/2025-12-05/1763541904.json"
"510807","146155","2025-12-05","52.00","NZD","1763541904","23477/2025-12-05/1763541904.json"
"581513","221281","2025-12-06","36.00","NZD","1763541904","23477/2025-12-06/1763541904.json"
"581514","221282","2025-12-06","36.00","NZD","1763541904","23477/2025-12-06/1763541904.json"
"512557","146154","2025-12-06","45.00","NZD","1763541904","23477/2025-12-06/1763541904.json"
"365170","146153","2025-12-06","48.00","NZD","1763541904","23477/2025-12-06/1763541904.json"
"510807","146155","2025-12-06","52.00","NZD","1763541904","23477/2025-12-06/1763541904.json"
"581513","221281","2025-12-07","36.00","NZD","1763541904","23477/2025-12-07/1763541904.json"
"581514","221282","2025-12-07","36.00","NZD","1763541904","23477/2025-12-07/1763541904.json"
"512557","146154","2025-12-07","45.00","NZD","1763541904","23477/2025-12-07/1763541904.json"
"365170","146153","2025-12-07","48.00","NZD","1763541904","23477/2025-12-07/1763541904.json"
"510807","146155","2025-12-07","52.00","NZD","1763541904","23477/2025-12-07/1763541904.json"
"581513","221281","2025-12-08","36.00","NZD","1763541904","23477/2025-12-08/1763541904.json"
"581514","221282","2025-12-08","36.00","NZD","1763541904","23477/2025-12-08/1763541904.json"
"512557","146154","2025-12-08","45.00","NZD","1763541904","23477/2025-12-08/1763541904.json"
"365170","146153","2025-12-08","48.00","NZD","1763541904","23477/2025-12-08/1763541904.json"
"510807","146155","2025-12-08","52.00","NZD","1763541904","23477/2025-12-08/1763541904.json"
"581513","221281","2025-12-10","36.00","NZD","1763541904","23477/2025-12-10/1763541904.json"
"581514","221282","2025-12-10","36.00","NZD","1763541904","23477/2025-12-10/1763541904.json"
"512557","146154","2025-12-10","45.00","NZD","1763541904","23477/2025-12-10/1763541904.json"
"365170","146153","2025-12-10","48.00","NZD","1763541904","23477/2025-12-10/1763541904.json"
"510807","146155","2025-12-10","52.00","NZD","1763541904","23477/2025-12-10/1763541904.json"
"581513","221281","2025-12-09","36.00","NZD","1763541904","23477/2025-12-09/1763541904.json"
"581514","221282","2025-12-09","36.00","NZD","1763541904","23477/2025-12-09/1763541904.json"
"512557","146154","2025-12-09","45.00","NZD","1763541904","23477/2025-12-09/1763541904.json"
"365170","146153","2025-12-09","48.00","NZD","1763541904","23477/2025-12-09/1763541904.json"
"510807","146155","2025-12-09","52.00","NZD","1763541904","23477/2025-12-09/1763541904.json"
"581513","221281","2025-12-11","36.00","NZD","1763541904","23477/2025-12-11/1763541904.json"
"581514","221282","2025-12-11","36.00","NZD","1763541904","23477/2025-12-11/1763541904.json"
"512557","146154","2025-12-11","45.00","NZD","1763541904","23477/2025-12-11/1763541904.json"
"365170","146153","2025-12-11","48.00","NZD","1763541904","23477/2025-12-11/1763541904.json"
"510807","146155","2025-12-11","52.00","NZD","1763541904","23477/2025-12-11/1763541904.json"
"581513","221281","2025-12-12","36.00","NZD","1763541904","23477/2025-12-12/1763541904.json"
"581514","221282","2025-12-12","36.00","NZD","1763541904","23477/2025-12-12/1763541904.json"
"512557","146154","2025-12-12","45.00","NZD","1763541904","23477/2025-12-12/1763541904.json"
"365170","146153","2025-12-12","48.00","NZD","1763541904","23477/2025-12-12/1763541904.json"
"510807","146155","2025-12-12","52.00","NZD","1763541904","23477/2025-12-12/1763541904.json"
"581513","221281","2025-12-13","36.00","NZD","1763541904","23477/2025-12-13/1763541904.json"
"581514","221282","2025-12-13","36.00","NZD","1763541904","23477/2025-12-13/1763541904.json"
"512557","146154","2025-12-13","45.00","NZD","1763541904","23477/2025-12-13/1763541904.json"
"365170","146153","2025-12-13","48.00","NZD","1763541904","23477/2025-12-13/1763541904.json"
"510807","146155","2025-12-13","52.00","NZD","1763541904","23477/2025-12-13/1763541904.json"
"581513","221281","2025-12-14","36.00","NZD","1763541904","23477/2025-12-14/1763541904.json"
"581514","221282","2025-12-14","36.00","NZD","1763541904","23477/2025-12-14/1763541904.json"
"512557","146154","2025-12-14","45.00","NZD","1763541904","23477/2025-12-14/1763541904.json"
"365170","146153","2025-12-14","48.00","NZD","1763541904","23477/2025-12-14/1763541904.json"
"510807","146155","2025-12-14","52.00","NZD","1763541904","23477/2025-12-14/1763541904.json"
"581513","221281","2025-12-17","36.00","NZD","1763541904","23477/2025-12-17/1763541904.json"
"581514","221282","2025-12-17","36.00","NZD","1763541904","23477/2025-12-17/1763541904.json"
"512557","146154","2025-12-17","45.00","NZD","1763541904","23477/2025-12-17/1763541904.json"
"365170","146153","2025-12-17","48.00","NZD","1763541904","23477/2025-12-17/1763541904.json"
"510807","146155","2025-12-17","52.00","NZD","1763541904","23477/2025-12-17/1763541904.json"
"581513","221281","2025-12-18","36.00","NZD","1763541904","23477/2025-12-18/1763541904.json"
"581514","221282","2025-12-18","36.00","NZD","1763541904","23477/2025-12-18/1763541904.json"
"512557","146154","2025-12-18","45.00","NZD","1763541904","23477/2025-12-18/1763541904.json"
"365170","146153","2025-12-18","48.00","NZD","1763541904","23477/2025-12-18/1763541904.json"
"510807","146155","2025-12-18","52.00","NZD","1763541904","23477/2025-12-18/1763541904.json"
"581513","221281","2025-12-16","36.00","NZD","1763541904","23477/2025-12-16/1763541904.json"
"581514","221282","2025-12-16","36.00","NZD","1763541904","23477/2025-12-16/1763541904.json"
"512557","146154","2025-12-16","45.00","NZD","1763541904","23477/2025-12-16/1763541904.json"
"365170","146153","2025-12-16","48.00","NZD","1763541904","23477/2025-12-16/1763541904.json"
"510807","146155","2025-12-16","52.00","NZD","1763541904","23477/2025-12-16/1763541904.json"
"581513","221281","2025-12-15","36.00","NZD","1763541904","23477/2025-12-15/1763541904.json"
"581514","221282","2025-12-15","36.00","NZD","1763541904","23477/2025-12-15/1763541904.json"
"512557","146154","2025-12-15","45.00","NZD","1763541904","23477/2025-12-15/1763541904.json"
"365170","146153","2025-12-15","48.00","NZD","1763541904","23477/2025-12-15/1763541904.json"
"510807","146155","2025-12-15","52.00","NZD","1763541904","23477/2025-12-15/1763541904.json"
"581513","221281","2025-12-19","36.00","NZD","1763541904","23477/2025-12-19/1763541904.json"
"581514","221282","2025-12-19","36.00","NZD","1763541904","23477/2025-12-19/1763541904.json"
"512557","146154","2025-12-19","45.00","NZD","1763541904","23477/2025-12-19/1763541904.json"
"365170","146153","2025-12-19","48.00","NZD","1763541904","23477/2025-12-19/1763541904.json"
"510807","146155","2025-12-19","52.00","NZD","1763541904","23477/2025-12-19/1763541904.json"
"581513","221281","2025-12-20","36.00","NZD","1763541904","23477/2025-12-20/1763541904.json"
"581514","221282","2025-12-20","36.00","NZD","1763541904","23477/2025-12-20/1763541904.json"
"512557","146154","2025-12-20","45.00","NZD","1763541904","23477/2025-12-20/1763541904.json"
"365170","146153","2025-12-20","48.00","NZD","1763541904","23477/2025-12-20/1763541904.json"
"510807","146155","2025-12-20","52.00","NZD","1763541904","23477/2025-12-20/1763541904.json"
"581513","221281","2025-12-21","36.00","NZD","1763541904","23477/2025-12-21/1763541904.json"
"581514","221282","2025-12-21","36.00","NZD","1763541904","23477/2025-12-21/1763541904.json"
"512557","146154","2025-12-21","45.00","NZD","1763541904","23477/2025-12-21/1763541904.json"
"365170","146153","2025-12-21","48.00","NZD","1763541904","23477/2025-12-21/1763541904.json"
"510807","146155","2025-12-21","52.00","NZD","1763541904","23477/2025-12-21/1763541904.json"
"581513","221281","2025-12-22","36.00","NZD","1763541904","23477/2025-12-22/1763541904.json"
"581514","221282","2025-12-22","36.00","NZD","1763541904","23477/2025-12-22/1763541904.json"
"512557","146154","2025-12-22","45.00","NZD","1763541904","23477/2025-12-22/1763541904.json"
"365170","146153","2025-12-22","48.00","NZD","1763541904","23477/2025-12-22/1763541904.json"
"510807","146155","2025-12-22","52.00","NZD","1763541904","23477/2025-12-22/1763541904.json"
"581513","221281","2025-12-24","38.00","NZD","1763541904","23477/2025-12-24/1763541904.json"
"581514","221282","2025-12-24","38.00","NZD","1763541904","23477/2025-12-24/1763541904.json"
"512557","146154","2025-12-24","45.00","NZD","1763541904","23477/2025-12-24/1763541904.json"
"365170","146153","2025-12-24","48.00","NZD","1763541904","23477/2025-12-24/1763541904.json"
"510807","146155","2025-12-24","52.00","NZD","1763541904","23477/2025-12-24/1763541904.json"
"581513","221281","2025-12-25","38.00","NZD","1763541904","23477/2025-12-25/1763541904.json"
"581514","221282","2025-12-25","38.00","NZD","1763541904","23477/2025-12-25/1763541904.json"
"512557","146154","2025-12-25","45.00","NZD","1763541904","23477/2025-12-25/1763541904.json"
"365170","146153","2025-12-25","48.00","NZD","1763541904","23477/2025-12-25/1763541904.json"
"510807","146155","2025-12-25","52.00","NZD","1763541904","23477/2025-12-25/1763541904.json"
"581513","221281","2025-12-26","42.00","NZD","1763541904","23477/2025-12-26/1763541904.json"
"581514","221282","2025-12-26","42.00","NZD","1763541904","23477/2025-12-26/1763541904.json"
"512557","146154","2025-12-26","45.00","NZD","1763541904","23477/2025-12-26/1763541904.json"
"365170","146153","2025-12-26","48.00","NZD","1763541904","23477/2025-12-26/1763541904.json"
"510807","146155","2025-12-26","52.00","NZD","1763541904","23477/2025-12-26/1763541904.json"
"581513","221281","2025-12-27","42.00","NZD","1763541904","23477/2025-12-27/1763541904.json"
"581514","221282","2025-12-27","42.00","NZD","1763541904","23477/2025-12-27/1763541904.json"
"512557","146154","2025-12-27","45.00","NZD","1763541904","23477/2025-12-27/1763541904.json"
"365170","146153","2025-12-27","48.00","NZD","1763541904","23477/2025-12-27/1763541904.json"
"510807","146155","2025-12-27","52.00","NZD","1763541904","23477/2025-12-27/1763541904.json"
"581513","221281","2025-12-23","38.00","NZD","1763541904","23477/2025-12-23/1763541904.json"
"581514","221282","2025-12-23","38.00","NZD","1763541904","23477/2025-12-23/1763541904.json"
"512557","146154","2025-12-23","45.00","NZD","1763541904","23477/2025-12-23/1763541904.json"
"365170","146153","2025-12-23","48.00","NZD","1763541904","23477/2025-12-23/1763541904.json"
"510807","146155","2025-12-23","52.00","NZD","1763541904","23477/2025-12-23/1763541904.json"
"581513","221281","2025-12-28","42.00","NZD","1763541904","23477/2025-12-28/1763541904.json"
"581514","221282","2025-12-28","42.00","NZD","1763541904","23477/2025-12-28/1763541904.json"
"512557","146154","2025-12-28","45.00","NZD","1763541904","23477/2025-12-28/1763541904.json"
"365170","146153","2025-12-28","48.00","NZD","1763541904","23477/2025-12-28/1763541904.json"
"510807","146155","2025-12-28","52.00","NZD","1763541904","23477/2025-12-28/1763541904.json"
"581513","221281","2025-12-29","42.00","NZD","1763541904","23477/2025-12-29/1763541904.json"
"581514","221282","2025-12-29","42.00","NZD","1763541904","23477/2025-12-29/1763541904.json"
"512557","146154","2025-12-29","45.00","NZD","1763541904","23477/2025-12-29/1763541904.json"
"365170","146153","2025-12-29","48.00","NZD","1763541904","23477/2025-12-29/1763541904.json"
"510807","146155","2025-12-29","52.00","NZD","1763541904","23477/2025-12-29/1763541904.json"
"581513","221281","2025-12-31","42.00","NZD","1763541904","23477/2025-12-31/1763541904.json"
"581514","221282","2025-12-31","42.00","NZD","1763541904","23477/2025-12-31/1763541904.json"
"512557","146154","2025-12-31","45.00","NZD","1763541904","23477/2025-12-31/1763541904.json"
"365170","146153","2025-12-31","48.00","NZD","1763541904","23477/2025-12-31/1763541904.json"
"510807","146155","2025-12-31","52.00","NZD","1763541904","23477/2025-12-31/1763541904.json"
"581513","221281","2025-12-30","42.00","NZD","1763541904","23477/2025-12-30/1763541904.json"
"581514","221282","2025-12-30","42.00","NZD","1763541904","23477/2025-12-30/1763541904.json"
"512557","146154","2025-12-30","45.00","NZD","1763541904","23477/2025-12-30/1763541904.json"
"365170","146153","2025-12-30","48.00","NZD","1763541904","23477/2025-12-30/1763541904.json"
"510807","146155","2025-12-30","52.00","NZD","1763541904","23477/2025-12-30/1763541904.json"
"581513","221281","2026-01-01","42.00","NZD","1763541904","23477/2026-01-01/1763541904.json"
"581514","221282","2026-01-01","42.00","NZD","1763541904","23477/2026-01-01/1763541904.json"
"512557","146154","2026-01-01","45.00","NZD","1763541904","23477/2026-01-01/1763541904.json"
"365170","146153","2026-01-01","48.00","NZD","1763541904","23477/2026-01-01/1763541904.json"
"510807","146155","2026-01-01","52.00","NZD","1763541904","23477/2026-01-01/1763541904.json"
"581513","221281","2026-01-03","42.00","NZD","1763541904","23477/2026-01-03/1763541904.json"
"581514","221282","2026-01-03","42.00","NZD","1763541904","23477/2026-01-03/1763541904.json"
"512557","146154","2026-01-03","45.00","NZD","1763541904","23477/2026-01-03/1763541904.json"
"365170","146153","2026-01-03","48.00","NZD","1763541904","23477/2026-01-03/1763541904.json"
"510807","146155","2026-01-03","52.00","NZD","1763541904","23477/2026-01-03/1763541904.json"
"581513","221281","2026-01-04","42.00","NZD","1763541904","23477/2026-01-04/1763541904.json"
"581514","221282","2026-01-04","42.00","NZD","1763541904","23477/2026-01-04/1763541904.json"
"512557","146154","2026-01-04","45.00","NZD","1763541904","23477/2026-01-04/1763541904.json"
"365170","146153","2026-01-04","48.00","NZD","1763541904","23477/2026-01-04/1763541904.json"
"510807","146155","2026-01-04","52.00","NZD","1763541904","23477/2026-01-04/1763541904.json"
"581513","221281","2026-01-02","42.00","NZD","1763541904","23477/2026-01-02/1763541904.json"
"581514","221282","2026-01-02","42.00","NZD","1763541904","23477/2026-01-02/1763541904.json"
"512557","146154","2026-01-02","45.00","NZD","1763541904","23477/2026-01-02/1763541904.json"
"365170","146153","2026-01-02","48.00","NZD","1763541904","23477/2026-01-02/1763541904.json"
"510807","146155","2026-01-02","52.00","NZD","1763541904","23477/2026-01-02/1763541904.json"
"581513","221281","2026-01-05","36.00","NZD","1763541904","23477/2026-01-05/1763541904.json"
"581514","221282","2026-01-05","36.00","NZD","1763541904","23477/2026-01-05/1763541904.json"
"512557","146154","2026-01-05","45.00","NZD","1763541904","23477/2026-01-05/1763541904.json"
"365170","146153","2026-01-05","48.00","NZD","1763541904","23477/2026-01-05/1763541904.json"
"510807","146155","2026-01-05","52.00","NZD","1763541904","23477/2026-01-05/1763541904.json"
"581513","221281","2026-01-06","36.00","NZD","1763541904","23477/2026-01-06/1763541904.json"
"581514","221282","2026-01-06","36.00","NZD","1763541904","23477/2026-01-06/1763541904.json"
"512557","146154","2026-01-06","45.00","NZD","1763541904","23477/2026-01-06/1763541904.json"
"365170","146153","2026-01-06","48.00","NZD","1763541904","23477/2026-01-06/1763541904.json"
"510807","146155","2026-01-06","52.00","NZD","1763541904","23477/2026-01-06/1763541904.json"
"581513","221281","2026-01-08","36.00","NZD","1763541904","23477/2026-01-08/1763541904.json"
"581514","221282","2026-01-08","36.00","NZD","1763541904","23477/2026-01-08/1763541904.json"
"512557","146154","2026-01-08","45.00","NZD","1763541904","23477/2026-01-08/1763541904.json"
"365170","146153","2026-01-08","48.00","NZD","1763541904","23477/2026-01-08/1763541904.json"
"510807","146155","2026-01-08","52.00","NZD","1763541904","23477/2026-01-08/1763541904.json"
"581513","221281","2026-01-07","36.00","NZD","1763541904","23477/2026-01-07/1763541904.json"
"581514","221282","2026-01-07","36.00","NZD","1763541904","23477/2026-01-07/1763541904.json"
"512557","146154","2026-01-07","45.00","NZD","1763541904","23477/2026-01-07/1763541904.json"
"365170","146153","2026-01-07","48.00","NZD","1763541904","23477/2026-01-07/1763541904.json"
"510807","146155","2026-01-07","52.00","NZD","1763541904","23477/2026-01-07/1763541904.json"
"581513","221281","2026-01-09","36.00","NZD","1763541904","23477/2026-01-09/1763541904.json"
"581514","221282","2026-01-09","36.00","NZD","1763541904","23477/2026-01-09/1763541904.json"
"512557","146154","2026-01-09","45.00","NZD","1763541904","23477/2026-01-09/1763541904.json"
"365170","146153","2026-01-09","48.00","NZD","1763541904","23477/2026-01-09/1763541904.json"
"510807","146155","2026-01-09","52.00","NZD","1763541904","23477/2026-01-09/1763541904.json"
"581513","221281","2026-01-10","36.00","NZD","1763541904","23477/2026-01-10/1763541904.json"
"581514","221282","2026-01-10","36.00","NZD","1763541904","23477/2026-01-10/1763541904.json"
"512557","146154","2026-01-10","45.00","NZD","1763541904","23477/2026-01-10/1763541904.json"
"365170","146153","2026-01-10","48.00","NZD","1763541904","23477/2026-01-10/1763541904.json"
"510807","146155","2026-01-10","52.00","NZD","1763541904","23477/2026-01-10/1763541904.json"
"581513","221281","2026-01-11","36.00","NZD","1763541904","23477/2026-01-11/1763541904.json"
"581514","221282","2026-01-11","36.00","NZD","1763541904","23477/2026-01-11/1763541904.json"
"512557","146154","2026-01-11","45.00","NZD","1763541904","23477/2026-01-11/1763541904.json"
"365170","146153","2026-01-11","48.00","NZD","1763541904","23477/2026-01-11/1763541904.json"
"510807","146155","2026-01-11","52.00","NZD","1763541904","23477/2026-01-11/1763541904.json"
"581513","221281","2026-01-12","36.00","NZD","1763541904","23477/2026-01-12/1763541904.json"
"581514","221282","2026-01-12","36.00","NZD","1763541904","23477/2026-01-12/1763541904.json"
"512557","146154","2026-01-12","45.00","NZD","1763541904","23477/2026-01-12/1763541904.json"
"365170","146153","2026-01-12","48.00","NZD","1763541904","23477/2026-01-12/1763541904.json"
"510807","146155","2026-01-12","52.00","NZD","1763541904","23477/2026-01-12/1763541904.json"
"581513","221281","2026-01-14","36.00","NZD","1763541904","23477/2026-01-14/1763541904.json"
"581514","221282","2026-01-14","36.00","NZD","1763541904","23477/2026-01-14/1763541904.json"
"512557","146154","2026-01-14","45.00","NZD","1763541904","23477/2026-01-14/1763541904.json"
"365170","146153","2026-01-14","48.00","NZD","1763541904","23477/2026-01-14/1763541904.json"
"510807","146155","2026-01-14","52.00","NZD","1763541904","23477/2026-01-14/1763541904.json"
"581513","221281","2026-01-15","36.00","NZD","1763541904","23477/2026-01-15/1763541904.json"
"581514","221282","2026-01-15","36.00","NZD","1763541904","23477/2026-01-15/1763541904.json"
"512557","146154","2026-01-15","45.00","NZD","1763541904","23477/2026-01-15/1763541904.json"
"365170","146153","2026-01-15","48.00","NZD","1763541904","23477/2026-01-15/1763541904.json"
"510807","146155","2026-01-15","52.00","NZD","1763541904","23477/2026-01-15/1763541904.json"
"581513","221281","2026-01-13","36.00","NZD","1763541904","23477/2026-01-13/1763541904.json"
"581514","221282","2026-01-13","36.00","NZD","1763541904","23477/2026-01-13/1763541904.json"
"512557","146154","2026-01-13","45.00","NZD","1763541904","23477/2026-01-13/1763541904.json"
"365170","146153","2026-01-13","48.00","NZD","1763541904","23477/2026-01-13/1763541904.json"
"510807","146155","2026-01-13","52.00","NZD","1763541904","23477/2026-01-13/1763541904.json"
"581513","221281","2026-01-16","36.00","NZD","1763541904","23477/2026-01-16/1763541904.json"
"581514","221282","2026-01-16","36.00","NZD","1763541904","23477/2026-01-16/1763541904.json"
"512557","146154","2026-01-16","45.00","NZD","1763541904","23477/2026-01-16/1763541904.json"
"365170","146153","2026-01-16","48.00","NZD","1763541904","23477/2026-01-16/1763541904.json"
"510807","146155","2026-01-16","52.00","NZD","1763541904","23477/2026-01-16/1763541904.json"
"581513","221281","2026-01-17","36.00","NZD","1763541904","23477/2026-01-17/1763541904.json"
"581514","221282","2026-01-17","36.00","NZD","1763541904","23477/2026-01-17/1763541904.json"
"512557","146154","2026-01-17","45.00","NZD","1763541904","23477/2026-01-17/1763541904.json"
"365170","146153","2026-01-17","48.00","NZD","1763541904","23477/2026-01-17/1763541904.json"
"510807","146155","2026-01-17","52.00","NZD","1763541904","23477/2026-01-17/1763541904.json"
"581513","221281","2026-01-18","36.00","NZD","1763541904","23477/2026-01-18/1763541904.json"
"581514","221282","2026-01-18","36.00","NZD","1763541904","23477/2026-01-18/1763541904.json"
"512557","146154","2026-01-18","45.00","NZD","1763541904","23477/2026-01-18/1763541904.json"
"365170","146153","2026-01-18","48.00","NZD","1763541904","23477/2026-01-18/1763541904.json"
"510807","146155","2026-01-18","52.00","NZD","1763541904","23477/2026-01-18/1763541904.json"
