"propertyId","crawledAt","urlPart"
"287010","1759639620","287010/1759639620.json"
"287010","1759654099","287010/1759654099.json"
"287010","1759670147","287010/1759670147.json"
"287010","1759683087","287010/1759683087.json"
"287010","1759697102","287010/1759697102.json"
"287010","1759720766","287010/1759720766.json"
"287010","1759726015","287010/1759726015.json"
"287010","1759740862","287010/1759740862.json"
"287010","1759758280","287010/1759758280.json"
"287010","1759769590","287010/1759769590.json"
"287010","1759783349","287010/1759783349.json"
"287010","1759807367","287010/1759807367.json"
"287010","1759812353","287010/1759812353.json"
"287010","1759827304","287010/1759827304.json"
"287010","1759844687","287010/1759844687.json"
"287010","1759856020","287010/1759856020.json"
"287010","1759869696","287010/1759869696.json"
"287010","1759893170","287010/1759893170.json"
"287010","1759898723","287010/1759898723.json"
"287010","1759913739","287010/1759913739.json"
"287010","1759931074","287010/1759931074.json"
"287010","1759942480","287010/1759942480.json"
"287010","1759956127","287010/1759956127.json"
"287010","1759979807","287010/1759979807.json"
"287010","1759985207","287010/1759985207.json"
"287010","1760000101","287010/1760000101.json"
"287010","1760017633","287010/1760017633.json"
"287010","1760029032","287010/1760029032.json"
"287010","1760042601","287010/1760042601.json"
"287010","1760066227","287010/1760066227.json"
"287010","1760071636","287010/1760071636.json"
"287010","1760086432","287010/1760086432.json"
"287010","1760103705","287010/1760103705.json"
"287010","1760115094","287010/1760115094.json"
"287010","1760128835","287010/1760128835.json"
"287010","1760152106","287010/1760152106.json"
"287010","1760157809","287010/1760157809.json"
"287010","1760172379","287010/1760172379.json"
"287010","1760188137","287010/1760188137.json"
"287010","1760201033","287010/1760201033.json"
"287010","1760215039","287010/1760215039.json"
"287010","1760239141","287010/1760239141.json"
"287010","1760244307","287010/1760244307.json"
"287010","1760258690","287010/1760258690.json"
"287010","1760274684","287010/1760274684.json"
"287010","1760287574","287010/1760287574.json"
"287010","1760301531","287010/1760301531.json"
"287010","1760326750","287010/1760326750.json"
"287010","1760330883","287010/1760330883.json"
"287010","1760346001","287010/1760346001.json"
"287010","1760363168","287010/1760363168.json"
"287010","1760374392","287010/1760374392.json"
"287010","1760388154","287010/1760388154.json"
"287010","1760411825","287010/1760411825.json"
"287010","1760417234","287010/1760417234.json"
"287010","1760432100","287010/1760432100.json"
"287010","1760449498","287010/1760449498.json"
"287010","1760460902","287010/1760460902.json"
"287010","1760474559","287010/1760474559.json"
"287010","1760498512","287010/1760498512.json"
"287010","1760503733","287010/1760503733.json"
"287010","1760518816","287010/1760518816.json"
"287010","1760536221","287010/1760536221.json"
"287010","1760547049","287010/1760547049.json"
"287010","1760561184","287010/1760561184.json"
"287010","1760584866","287010/1760584866.json"
"287010","1760590020","287010/1760590020.json"
"287010","1760605155","287010/1760605155.json"
"287010","1760622552","287010/1760622552.json"
"287010","1760633728","287010/1760633728.json"
"287010","1760647419","287010/1760647419.json"
"287010","1760671070","287010/1760671070.json"
"287010","1760676440","287010/1760676440.json"
"287010","1760691301","287010/1760691301.json"
"287010","1760708549","287010/1760708549.json"
"287010","1760720051","287010/1760720051.json"
"287010","1760733782","287010/1760733782.json"
"287010","1760757006","287010/1760757006.json"
"287010","1760762743","287010/1760762743.json"
"287010","1760777280","287010/1760777280.json"
"287010","1760793172","287010/1760793172.json"
"287010","1760805983","287010/1760805983.json"
"287010","1760820011","287010/1760820011.json"
"287010","1760845346","287010/1760845346.json"
"287010","1760849383","287010/1760849383.json"
"287010","1760863686","287010/1760863686.json"
"287010","1760879498","287010/1760879498.json"
"287010","1760892457","287010/1760892457.json"
"287010","1760906415","287010/1760906415.json"
"287010","1760931892","287010/1760931892.json"
"287010","1760935901","287010/1760935901.json"
"287010","1760950514","287010/1760950514.json"
"287010","1760967945","287010/1760967945.json"
"287010","1760979400","287010/1760979400.json"
"287010","1760993136","287010/1760993136.json"
"287010","1761016968","287010/1761016968.json"
"287010","1761022107","287010/1761022107.json"
"287010","1761037223","287010/1761037223.json"
"287010","1761054847","287010/1761054847.json"
"287010","1761065584","287010/1761065584.json"
"287010","1761079631","287010/1761079631.json"
"287010","1761104396","287010/1761104396.json"
"287010","1761108646","287010/1761108646.json"
"287010","1761123637","287010/1761123637.json"
"287010","1761141139","287010/1761141139.json"
"287010","1761152307","287010/1761152307.json"
"287010","1761165912","287010/1761165912.json"
"287010","1761189715","287010/1761189715.json"
"287010","1761194842","287010/1761194842.json"
"287010","1761209906","287010/1761209906.json"
"287010","1761227433","287010/1761227433.json"
"287010","1761238543","287010/1761238543.json"
"287010","1761252143","287010/1761252143.json"
"287010","1761275879","287010/1761275879.json"
"287010","1761281244","287010/1761281244.json"
"287010","1761296217","287010/1761296217.json"
"287010","1761313675","287010/1761313675.json"
"287010","1761325004","287010/1761325004.json"
"287010","1761338705","287010/1761338705.json"
"287010","1761362509","287010/1761362509.json"
"287010","1761367523","287010/1761367523.json"
"287010","1761382023","287010/1761382023.json"
"287010","1761397864","287010/1761397864.json"
"287010","1761410868","287010/1761410868.json"
"287010","1761424887","287010/1761424887.json"
"287010","1761449897","287010/1761449897.json"
"287010","1761454000","287010/1761454000.json"
"287010","1761468433","287010/1761468433.json"
"287010","1761484503","287010/1761484503.json"
"287010","1761497308","287010/1761497308.json"
"287010","1761511392","287010/1761511392.json"
"287010","1761536987","287010/1761536987.json"
"287010","1761541156","287010/1761541156.json"
"287010","1761555498","287010/1761555498.json"
"287010","1761573084","287010/1761573084.json"
"287010","1761584337","287010/1761584337.json"
"287010","1761597727","287010/1761597727.json"
"287010","1761622656","287010/1761622656.json"
"287010","1761626934","287010/1761626934.json"
"287010","1761641925","287010/1761641925.json"
"287010","1761659195","287010/1761659195.json"
"287010","1761670992","287010/1761670992.json"
"287010","1761684501","287010/1761684501.json"
"287010","1761709496","287010/1761709496.json"
"287010","1761713752","287010/1761713752.json"
"287010","1761728302","287010/1761728302.json"
"287010","1761745961","287010/1761745961.json"
"287010","1761757411","287010/1761757411.json"
"287010","1761770816","287010/1761770816.json"
"287010","1761795556","287010/1761795556.json"
"287010","1761799757","287010/1761799757.json"
"287010","1761814675","287010/1761814675.json"
"287010","1761832063","287010/1761832063.json"
"287010","1761843501","287010/1761843501.json"
"287010","1761857110","287010/1761857110.json"
"287010","1761881999","287010/1761881999.json"
"287010","1761886309","287010/1761886309.json"
"287010","1761900963","287010/1761900963.json"
"287010","1761918286","287010/1761918286.json"
"287010","1761929821","287010/1761929821.json"
"287010","1761943396","287010/1761943396.json"
"287010","1761968346","287010/1761968346.json"
"287010","1761972305","287010/1761972305.json"
"287010","1761986804","287010/1761986804.json"
"287010","1762002708","287010/1762002708.json"
"287010","1762015557","287010/1762015557.json"
"287010","1762029537","287010/1762029537.json"
"287010","1762054947","287010/1762054947.json"
"287010","1762057922","287010/1762057922.json"
"287010","1762072243","287010/1762072243.json"
"287010","1762087465","287010/1762087465.json"
"287010","1762101037","287010/1762101037.json"
"287010","1762115243","287010/1762115243.json"
"287010","1762134890","287010/1762134890.json"
"287010","1762144613","287010/1762144613.json"
"287010","1762159039","287010/1762159039.json"
"287010","1762174447","287010/1762174447.json"
"287010","1762187512","287010/1762187512.json"
"287010","1762201879","287010/1762201879.json"
"287010","1762220983","287010/1762220983.json"
"287010","1762230698","287010/1762230698.json"
"287010","1762245410","287010/1762245410.json"
"287010","1762261017","287010/1762261017.json"
"287010","1762274095","287010/1762274095.json"
"287010","1762288387","287010/1762288387.json"
"287010","1762307533","287010/1762307533.json"
"287010","1762317194","287010/1762317194.json"
"287010","1762331803","287010/1762331803.json"
"287010","1762347183","287010/1762347183.json"
"287010","1762360645","287010/1762360645.json"
"287010","1762374736","287010/1762374736.json"
"287010","1762393827","287010/1762393827.json"
"287010","1762403714","287010/1762403714.json"
"287010","1762418185","287010/1762418185.json"
"287010","1762433545","287010/1762433545.json"
"287010","1762446994","287010/1762446994.json"
"287010","1762461148","287010/1762461148.json"
"287010","1762480263","287010/1762480263.json"
"287010","1762489899","287010/1762489899.json"
"287010","1762504683","287010/1762504683.json"
"287010","1762519856","287010/1762519856.json"
"287010","1762533126","287010/1762533126.json"
"287010","1762547332","287010/1762547332.json"
"287010","1762566328","287010/1762566328.json"
"287010","1762576257","287010/1762576257.json"
"287010","1762590748","287010/1762590748.json"
"287010","1762605938","287010/1762605938.json"
"287010","1762619529","287010/1762619529.json"
"287010","1762633621","287010/1762633621.json"
"287010","1762653199","287010/1762653199.json"
"287010","1762662729","287010/1762662729.json"
"287010","1762677158","287010/1762677158.json"
"287010","1762692405","287010/1762692405.json"
"287010","1762705833","287010/1762705833.json"
"287010","1762720034","287010/1762720034.json"
"287010","1762739749","287010/1762739749.json"
"287010","1762749331","287010/1762749331.json"
"287010","1762763936","287010/1762763936.json"
"287010","1762779234","287010/1762779234.json"
"287010","1762792660","287010/1762792660.json"
"287010","1762806839","287010/1762806839.json"
"287010","1762825978","287010/1762825978.json"
"287010","1762835590","287010/1762835590.json"
"287010","1762850236","287010/1762850236.json"
"287010","1762865541","287010/1762865541.json"
"287010","1762879017","287010/1762879017.json"
"287010","1762893073","287010/1762893073.json"
"287010","1762912259","287010/1762912259.json"
"287010","1762922018","287010/1762922018.json"
"287010","1762936670","287010/1762936670.json"
"287010","1762951993","287010/1762951993.json"
"287010","1762965460","287010/1762965460.json"
"287010","1762979549","287010/1762979549.json"
"287010","1762998691","287010/1762998691.json"
"287010","1763008499","287010/1763008499.json"
"287010","1763023020","287010/1763023020.json"
"287010","1763038471","287010/1763038471.json"
"287010","1763051726","287010/1763051726.json"
"287010","1763065909","287010/1763065909.json"
"287010","1763085094","287010/1763085094.json"
"287010","1763094774","287010/1763094774.json"
"287010","1763109441","287010/1763109441.json"
"287010","1763124647","287010/1763124647.json"
"287010","1763138107","287010/1763138107.json"
"287010","1763152264","287010/1763152264.json"
"287010","1763171298","287010/1763171298.json"
"287010","1763181162","287010/1763181162.json"
"287010","1763195698","287010/1763195698.json"
"287010","1763210857","287010/1763210857.json"
"287010","1763224241","287010/1763224241.json"
"287010","1763238535","287010/1763238535.json"
"287010","1763258159","287010/1763258159.json"
"287010","1763267612","287010/1763267612.json"
"287010","1763282068","287010/1763282068.json"
"287010","1763297158","287010/1763297158.json"
"287010","1763310757","287010/1763310757.json"
"287010","1763324935","287010/1763324935.json"
"287010","1763344334","287010/1763344334.json"
"287010","1763354075","287010/1763354075.json"
"287010","1763368866","287010/1763368866.json"
"287010","1763384042","287010/1763384042.json"
"287010","1763397469","287010/1763397469.json"
"287010","1763411626","287010/1763411626.json"
"287010","1763430599","287010/1763430599.json"
"287010","1763440410","287010/1763440410.json"
"287010","1763455068","287010/1763455068.json"
"287010","1763483938","287010/1763483938.json"
"287010","1763517052","287010/1763517052.json"
"287010","1763526841","287010/1763526841.json"
"287010","1763541405","287010/1763541405.json"
